0.9996 9.997E-05 9.997E-05 9.997E-05 9.997E-05
0.546113 0.105536 0.0277267 0.21207 0.108554
0.561332 0.196329 9.9991E-05 0.113111 0.129127
0.561348 9.9982E-05 9.9982E-05 0.428311 0.0101409
0.32761 9.9982E-05 0.080438 0.591752 9.9982E-05
0.415231 0.0654345 9.9991E-05 0.513641 0.00559294
0.606474 0.033935 9.9982E-05 0.359391 9.9982E-05
0.527815 0.109452 9.9991E-05 0.358987 0.00364638
0.436609 0.0623577 0.0828207 0.393768 0.024445
0.9996 9.997E-05 9.997E-05 9.997E-05 9.997E-05
0.9996 9.997E-05 9.997E-05 9.997E-05 9.997E-05
0.9996 9.997E-05 9.997E-05 9.997E-05 9.997E-05
0.9996 9.997E-05 9.997E-05 9.997E-05 9.997E-05
0.989858 9.9973E-05 0.0098423 9.9973E-05 9.9973E-05
0.986325 9.9973E-05 0.0133747 9.9973E-05 9.9973E-05
0.337135 0.0891025 0.0376675 0.535995 9.9991E-05
0.353075 0.0861531 0.130362 0.373035 0.057375
0.504429 9.9982E-05 0.0249677 0.470404 9.9982E-05
0.248771 9.9982E-05 0.0560989 0.69493 9.9982E-05
0.212938 9.9973E-05 9.9973E-05 0.786762 9.9973E-05
0.332657 9.9982E-05 0.0436901 0.623453 9.9982E-05
0.24389 0.0657975 0.0157558 0.640717 0.0338392
0.25283 0.0262306 0.0446617 0.676178 9.9991E-05
0.298824 9.9973E-05 9.9973E-05 0.700876 9.9973E-05
0.29723 9.9973E-05 9.9973E-05 0.70247 9.9973E-05
0.177705 9.9982E-05 0.0321006 0.789995 9.9982E-05
0.20132 0.0504489 0.122509 0.625622 9.9991E-05
0.263934 0.0137539 9.9982E-05 0.722112 9.9982E-05
0.262034 0.00477018 0.0414348 0.691661 9.9991E-05
0.346983 9.9973E-05 9.9973E-05 0.652717 9.9973E-05
0.3072 9.9982E-05 0.00148718 0.691113 9.9982E-05
0.200103 9.9982E-05 0.0435954 0.756101 9.9982E-05
0.226608 0.0441639 0.0630132 0.666115 9.9991E-05
0.239992 0.0299166 0.00529193 0.7247 9.9991E-05
0.205546 0.0723209 0.0443496 0.677683 9.9991E-05
0.375671 9.9973E-05 9.9973E-05 0.624029 9.9973E-05
0.11694 0.00105695 0.0131403 0.868762 9.9991E-05
0.17054 0.0134505 0.104806 0.711103 9.9991E-05
0.162366 0.0593936 0.0980706 0.646552 0.0336176
0.190656 9.9982E-05 0.0296393 0.779505 9.9982E-05
9.9982E-05 0.0622612 9.9982E-05 0.880232 0.0573069
0.0459107 0.0396537 0.00598057 0.908355 9.9991E-05
0.165815 0.0706486 9.9991E-05 0.750423 0.013014
0.051211 0.042852 9.9991E-05 0.902603 0.00323362
0.0358986 0.0698691 0.0571819 0.83695 9.9991E-05
0.0605808 0.0560318 0.0539066 0.829381 9.9991E-05
0.0714349 0.0971506 0.0124446 0.81887 9.9991E-05
0.0741633 0.0604253 0.0437197 0.821592 9.9991E-05
0.125215 0.0438348 0.0971483 0.733702 9.9991E-05
0.238291 0.0240631 0.00918366 0.692826 0.0356364
0.132684 0.0624018 0.0443672 0.760447 9.9991E-05
0.0707305 0.0907945 0.0401483 0.798227 9.9991E-05
0.103893 0.00807972 0.0681315 0.819796 9.9991E-05
0.108874 9.9991E-05 0.0538113 0.808516 0.0286979
0.0929291 0.0384901 0.0299097 0.77757 0.0611013
0.0517372 0.115241 0.0114557 0.821466 9.9991E-05
0.164589 0.0398955 0.0777592 0.717656 9.9991E-05
0.0903253 9.9991E-05 0.0995764 0.783458 0.0265407
0.114534 0.107266 0.0156162 0.762483 9.9991E-05
0.100545 0.0157589 0.127156 0.75644 9.9991E-05
0.0751433 0.0120271 0.108005 0.804724 9.9991E-05
0.0469226 9.9982E-05 9.9982E-05 0.922035 0.0308428
0.104757 0.0648901 0.0438268 0.737837 0.0486887
0.0230864 0.0753796 0.0629847 0.830455 0.00809424
0.0786992 9.9982E-05 0.0227174 0.898383 9.9982E-05
0.035383 0.102054 0.0434973 0.818965 9.9991E-05
9.9982E-05 9.9982E-05 0.0375894 0.911809 0.0504017
0.0398137 0.0577119 9.9991E-05 0.858389 0.043985
0.10506 0.0243228 0.0295719 0.825369 0.0156767
9.9982E-05 0.088203 9.9982E-05 0.911495 0.000101821
0.0783921 0.0703829 9.9991E-05 0.807325 0.0438
0.00978344 0.0642562 0.0212781 0.892986 0.0116964
0.146755 0.0360554 0.0663573 0.750732 9.9991E-05
0.0908003 0.035404 0.0721022 0.801593 9.9991E-05
0.0750457 0.0359832 0.0261121 0.862759 9.9991E-05
0.0399257 9.9982E-05 0.0955909 0.864284 9.9982E-05
9.9982E-05 0.0595181 0.0117609 0.928521 9.9982E-05
0.053584 0.0471472 9.9991E-05 0.758177 0.140992
9.9991E-05 0.040944 0.0537837 0.768913 0.136259
9.9991E-05 0.00617181 0.0429331 0.827145 0.12365
9.9991E-05 0.0462842 0.0536512 0.838713 0.0612516
9.9991E-05 0.0318714 0.0503763 0.774436 0.143216
9.9991E-05 0.0377868 0.0294217 0.82834 0.104351
0.0197637 9.9991E-05 0.0256557 0.814259 0.140221
0.0300294 9.9991E-05 0.050688 0.724029 0.195153
0.0376796 0.0810245 0.0622938 0.665869 0.153133
0.0802744 0.0778716 0.0479213 0.702801 0.091132
0.00882207 0.00936733 0.102347 0.740132 0.139332
9.9991E-05 0.0185874 0.0499352 0.715655 0.215722
0.00094521 0.0745352 0.12527 0.687464 0.111785
0.0592951 0.0560684 0.0683388 0.631742 0.184556
0.0635455 0.0817652 9.9991E-05 0.728955 0.125635
0.0166171 0.122346 0.165407 0.512626 0.183005
9.997E-05 9.997E-05 9.997E-05 9.997E-05 0.9996
9.9973E-05 9.9973E-05 9.9973E-05 0.0954359 0.904264
0.0130937 0.00279042 0.000120684 0.0824463 0.901549
9.997E-05 9.997E-05 9.997E-05 9.997E-05 0.9996
9.997E-05 9.997E-05 9.997E-05 9.997E-05 0.9996
9.997E-05 9.997E-05 9.997E-05 9.997E-05 0.9996
9.997E-05 9.997E-05 9.997E-05 9.997E-05 0.9996
0.0330809 0.0060362 9.9982E-05 9.9982E-05 0.960683
9.9982E-05 0.00580676 0.0377939 9.9982E-05 0.956199
9.997E-05 9.997E-05 9.997E-05 9.997E-05 0.9996
9.9991E-05 0.0411432 0.169292 0.679231 0.110234
9.9973E-05 9.9973E-05 9.9973E-05 0.051408 0.948292
9.997E-05 9.997E-05 9.997E-05 9.997E-05 0.9996
9.997E-05 9.997E-05 9.997E-05 9.997E-05 0.9996
9.9982E-05 9.9982E-05 0.111129 0.765339 0.123332
9.9991E-05 0.0713239 0.0619394 0.761305 0.105332
0.00283194 0.0211158 0.084622 0.744487 0.146943
9.9991E-05 0.0492008 0.0501886 0.732588 0.167923
9.9991E-05 0.00379751 0.0576476 0.80251 0.135945
9.9982E-05 9.9982E-05 0.0575666 0.844124 0.0981098
9.9991E-05 0.00487844 0.0470169 0.748438 0.199566
9.9982E-05 9.9982E-05 0.0762 0.79154 0.13206
9.9991E-05 0.0611948 0.068685 0.571856 0.298164
9.9991E-05 0.0547386 0.0726948 0.649934 0.222533
9.9982E-05 9.9982E-05 0.11831 0.786003 0.0954873
9.9991E-05 0.0415843 0.116389 0.648612 0.193315
9.9991E-05 0.0385892 0.100283 0.777502 0.0835255
9.9991E-05 0.0453949 0.081099 0.710265 0.163141
9.997E-05 9.997E-05 9.997E-05 0.9996 9.997E-05
9.9982E-05 9.9982E-05 0.0264458 0.930165 0.0431892
9.997E-05 9.997E-05 9.997E-05 0.9996 9.997E-05
9.997E-05 9.997E-05 9.997E-05 0.9996 9.997E-05
9.9973E-05 9.9973E-05 9.9973E-05 0.98408 0.0156202
9.9973E-05 9.9973E-05 9.9973E-05 0.9664 0.0333004
9.997E-05 9.997E-05 9.997E-05 0.9996 9.997E-05
9.9982E-05 9.9982E-05 0.0393067 0.920126 0.0403672
9.997E-05 9.997E-05 9.997E-05 0.9996 9.997E-05
9.997E-05 9.997E-05 9.997E-05 0.9996 9.997E-05
9.9973E-05 9.9973E-05 9.9973E-05 0.91097 0.0887296
9.9982E-05 9.9982E-05 0.00621496 0.960725 0.0328599
9.9982E-05 0.0503608 9.9982E-05 0.933777 0.0156618
9.997E-05 0.9996 9.997E-05 9.997E-05 9.997E-05
9.9991E-05 0.0519232 0.0406169 0.729326 0.178034
9.997E-05 0.9996 9.997E-05 9.997E-05 9.997E-05
9.997E-05 0.9996 9.997E-05 9.997E-05 9.997E-05
9.9973E-05 0.975862 9.9973E-05 9.9973E-05 0.0238383
9.9973E-05 0.738661 9.9973E-05 0.261039 9.9973E-05
9.997E-05 0.9996 9.997E-05 9.997E-05 9.997E-05
9.9982E-05 0.880105 9.9982E-05 0.0987319 0.0209635
9.9973E-05 0.971127 9.9973E-05 9.9973E-05 0.0285729
9.9982E-05 0.967792 9.9982E-05 0.0124276 0.0195802
9.9973E-05 0.998116 0.00158382 9.9973E-05 9.9973E-05
9.997E-05 0.9996 9.997E-05 9.997E-05 9.997E-05
9.9973E-05 0.985933 9.9973E-05 0.0137669 9.9973E-05
0.00310392 0.814274 0.0563324 0.0809422 0.0453473
0.035485 0.932489 9.9982E-05 0.0318265 9.9982E-05
9.9991E-05 0.868947 0.0164408 0.088781 0.0257309
9.9982E-05 0.870415 0.0490182 0.0803666 9.9982E-05
0.0341673 0.8364 0.0339316 0.0538005 0.0417003
9.9982E-05 0.927434 0.0197014 0.0526643 9.9982E-05
0.00931438 0.0718101 0.378227 0.431403 0.109245
0.00052396 0.0255312 0.337569 0.57314 0.063236
0.0341555 0.0795726 0.339844 0.423741 0.122687
0.0193502 0.0933104 0.323722 0.4569 0.106717
9.9991E-05 0.054128 0.409636 0.341554 0.194582
9.9991E-05 0.087187 0.541439 0.117539 0.253735
9.9991E-05 0.080191 0.46048 0.221325 0.237903
9.9991E-05 0.05158 0.500536 0.217054 0.23073
9.9991E-05 0.0978338 0.462534 0.208177 0.231355
9.9991E-05 0.091342 0.448083 0.222816 0.237659
9.9991E-05 0.0749377 0.418081 0.283361 0.223521
0.0299838 0.10673 0.307324 0.429049 0.126914
0.0160059 0.0930786 0.410368 0.299693 0.180855
9.997E-05 9.997E-05 0.9996 9.997E-05 9.997E-05
9.997E-05 9.997E-05 0.9996 9.997E-05 9.997E-05
9.997E-05 9.997E-05 0.9996 9.997E-05 9.997E-05
9.997E-05 9.997E-05 0.9996 9.997E-05 9.997E-05
9.997E-05 9.997E-05 0.9996 9.997E-05 9.997E-05
0.0191556 9.9982E-05 0.956563 0.0240818 9.9982E-05
9.997E-05 9.997E-05 0.9996 9.997E-05 9.997E-05
9.997E-05 9.997E-05 0.9996 9.997E-05 9.997E-05
9.997E-05 9.997E-05 0.9996 9.997E-05 9.997E-05
9.997E-05 9.997E-05 0.9996 9.997E-05 9.997E-05
9.997E-05 9.997E-05 0.9996 9.997E-05 9.997E-05
9.997E-05 9.997E-05 0.9996 9.997E-05 9.997E-05
