9.997E-05 9.997E-05 9.997E-05 9.997E-05 0.9996
0.0347401 0.112782 0.235829 0.09281 0.523839
9.999E-05 0.116475 0.20193 0.145201 0.536294
9.9982E-05 9.9982E-05 0.502226 0.0244376 0.473136
0.0760528 9.9982E-05 0.577114 9.9982E-05 0.346633
9.999E-05 0.00131933 0.522928 0.0539169 0.421736
9.9982E-05 9.9982E-05 0.377385 0.0253846 0.597031
9.9982E-05 9.9982E-05 0.374179 0.0915334 0.534088
0.056664 9.9991E-05 0.417422 0.0913736 0.43444
9.997E-05 9.997E-05 9.997E-05 9.997E-05 0.9996
9.997E-05 9.997E-05 9.997E-05 9.997E-05 0.9996
9.997E-05 9.997E-05 9.997E-05 9.997E-05 0.9996
9.997E-05 9.997E-05 9.997E-05 9.997E-05 0.9996
0.0533574 9.9973E-05 9.9973E-05 9.9973E-05 0.946343
9.997E-05 9.997E-05 9.997E-05 9.997E-05 0.9996
0.0433914 9.9991E-05 0.518195 0.0627908 0.375523
0.113993 0.0492838 0.422037 0.0442891 0.370396
9.999E-05 0.005449 0.519694 0.0278597 0.446897
0.0641621 9.9982E-05 0.695073 9.9982E-05 0.240565
0.00939307 9.9982E-05 0.793966 9.9982E-05 0.196441
0.0328317 0.0077229 0.640473 9.9991E-05 0.318873
0.0021455 9.9991E-05 0.732605 0.0649672 0.200183
0.0530876 9.9991E-05 0.685204 0.00660036 0.255008
9.9973E-05 9.9973E-05 0.719174 9.9973E-05 0.280526
9.9973E-05 9.9973E-05 0.751542 9.9973E-05 0.248158
9.9973E-05 9.9973E-05 0.823114 9.9973E-05 0.176587
0.0989589 9.9991E-05 0.639669 0.073941 0.187331
9.9982E-05 9.9982E-05 0.718998 0.00584781 0.274954
0.0280988 9.9991E-05 0.717582 0.00332596 0.250893
9.9973E-05 9.9973E-05 0.64371 9.9973E-05 0.35599
0.027106 0.00795695 0.660869 9.9991E-05 0.303968
0.0111581 9.9991E-05 0.775022 0.00855959 0.20516
0.0532076 0.00504889 0.718212 9.9991E-05 0.223431
0.0246419 9.9991E-05 0.67516 0.065126 0.234972
0.086963 9.9991E-05 0.691459 0.00826902 0.213209
9.9973E-05 9.9973E-05 0.653555 9.9973E-05 0.346145
0.00470515 9.9991E-05 0.85353 0.0150057 0.126659
0.109831 9.9991E-05 0.724707 0.0276708 0.137691
0.0793265 0.0421071 0.658021 0.0568392 0.163706
0.0114399 0.000145678 0.817484 9.9991E-05 0.170831
9.9991E-05 0.0267972 0.900475 0.0420065 0.0306215
0.111411 9.9991E-05 0.765599 0.0870711 0.0358195
9.9991E-05 0.0292331 0.749921 0.0900562 0.13069
0.0164349 9.9991E-05 0.902962 0.0381644 0.0423383
0.0401201 9.9991E-05 0.868139 0.0688974 0.0227431
0.00928586 9.9991E-05 0.83358 0.0657103 0.0913237
9.9982E-05 9.9982E-05 0.910383 0.0514919 0.0379252
0.0157662 9.9991E-05 0.846423 0.0348153 0.102896
0.0458615 9.9991E-05 0.77531 0.0672591 0.111469
9.9991E-05 0.00135266 0.748009 0.0274397 0.223099
0.00865523 9.9991E-05 0.808296 0.071341 0.111608
0.0644251 9.9991E-05 0.860642 0.0327372 0.0420956
0.0484068 9.9991E-05 0.816703 0.0443995 0.0903909
0.0951094 0.00633744 0.807601 9.9991E-05 0.0908526
0.0512194 0.023668 0.792003 0.00216734 0.130943
9.9982E-05 9.9982E-05 0.857186 0.0857492 0.0568647
0.1115 9.9991E-05 0.662262 0.0649499 0.161188
0.102523 0.0119029 0.831233 0.00472561 0.0496148
0.0566862 9.9991E-05 0.825817 0.0576975 0.0596997
0.0943666 0.00860659 0.796859 0.00359064 0.0965776
0.0841141 9.9991E-05 0.828423 0.0385915 0.0487716
9.9982E-05 9.9982E-05 0.942057 0.0218823 0.0358604
0.0893509 0.0414347 0.713512 0.0900302 0.0656719
0.0717064 0.00721038 0.871818 0.0491654 9.9991E-05
0.0390984 9.9982E-05 0.884555 9.9982E-05 0.0761471
0.0402502 9.9991E-05 0.899122 0.0571095 0.00341829
0.00932889 0.0517366 0.938735 9.9982E-05 9.9982E-05
0.0186963 0.057692 0.84792 0.0598671 0.0158246
0.0293794 0.00828951 0.783645 0.0809844 0.0977021
9.9982E-05 9.9982E-05 0.973715 0.024899 0.00118616
9.9991E-05 0.0569053 0.784695 0.0605998 0.0976996
0.0570468 0.0255525 0.847738 0.0695626 9.9991E-05
0.0903408 9.9991E-05 0.776989 0.0277061 0.104864
0.0672726 9.9991E-05 0.829159 0.0144716 0.0889972
0.022322 0.00294993 0.864482 0.0582489 0.0519967
0.139759 9.9991E-05 0.82112 0.00791151 0.0311087
0.019413 0.0459953 0.878664 0.0558275 9.9991E-05
9.9991E-05 0.116003 0.832982 0.00762765 0.0432879
0.109044 0.102665 0.757179 0.0310124 9.9991E-05
0.0517308 0.107503 0.835766 0.00490039 9.9991E-05
0.0050501 0.0792814 0.848423 0.0592243 0.0080211
0.0447703 0.130253 0.804144 0.0207324 9.9991E-05
0.065349 0.116589 0.763914 0.0540478 9.9991E-05
0.035783 0.114707 0.785708 9.9991E-05 0.0637016
0.0270614 0.23352 0.666456 0.0132297 0.0597325
0.009158 0.203013 0.674431 0.0974155 0.0159822
0.0627823 0.0645628 0.758171 0.0369632 0.0775205
0.0536464 0.128516 0.792791 9.9991E-05 0.0249468
0.0910282 0.155678 0.618424 0.0998657 0.0350043
0.124791 0.154522 0.626239 0.0793812 0.015066
0.0730259 0.137827 0.677548 0.0570571 0.0545419
0.0294725 0.125589 0.731208 0.0713816 0.042349
0.192425 0.192191 0.500671 0.0708029 0.0439092
9.997E-05 0.9996 9.997E-05 9.997E-05 9.997E-05
9.9982E-05 0.931418 0.057109 9.9982E-05 0.0112731
0.0351109 0.913659 0.0364489 9.9991E-05 0.0146809
9.9973E-05 0.996961 9.9973E-05 0.00273888 9.9973E-05
9.997E-05 0.9996 9.997E-05 9.997E-05 9.997E-05
9.997E-05 0.9996 9.997E-05 9.997E-05 9.997E-05
9.997E-05 0.9996 9.997E-05 9.997E-05 9.997E-05
9.9991E-05 0.896482 0.0663581 0.0119565 0.0251038
9.997E-05 0.9996 9.997E-05 9.997E-05 9.997E-05
9.997E-05 0.9996 9.997E-05 9.997E-05 9.997E-05
0.130765 0.127319 0.686187 0.0556289 9.9991E-05
0.0244992 0.922165 0.0354505 0.0177852 9.9991E-05
9.997E-05 0.9996 9.997E-05 9.997E-05 9.997E-05
9.997E-05 0.9996 9.997E-05 9.997E-05 9.997E-05
0.127587 0.128769 0.72112 0.0224245 9.9991E-05
0.046815 0.139901 0.744774 0.0684097 9.9991E-05
0.0702939 0.160379 0.725825 0.0434016 9.9991E-05
0.0876988 0.172113 0.730171 0.00991767 9.9991E-05
0.0574827 0.181339 0.713351 0.0477274 9.9991E-05
0.0909233 0.110888 0.767738 0.0303512 9.9991E-05
0.0935919 0.149708 0.736041 0.0205585 9.9991E-05
0.100989 0.178378 0.720433 9.9982E-05 9.9982E-05
0.0693612 0.249541 0.554507 0.126491 9.9991E-05
0.0678952 0.216884 0.65347 0.0616504 9.9991E-05
0.115797 0.119822 0.712547 0.0517346 9.9991E-05
0.13214 0.228797 0.596894 0.0420684 9.9991E-05
0.103735 0.0865665 0.733201 0.076398 9.9991E-05
0.0937475 0.156539 0.705202 0.0444121 9.9991E-05
9.9973E-05 0.0206344 0.979066 9.9973E-05 9.9973E-05
0.0444447 0.0369029 0.918452 9.9982E-05 9.9982E-05
9.997E-05 9.997E-05 0.9996 9.997E-05 9.997E-05
9.997E-05 9.997E-05 0.9996 9.997E-05 9.997E-05
9.9973E-05 0.00689214 0.992808 9.9973E-05 9.9973E-05
9.9973E-05 0.00813264 0.991567 9.9973E-05 9.9973E-05
9.997E-05 9.997E-05 0.9996 9.997E-05 9.997E-05
0.0648215 9.9973E-05 0.934879 9.9973E-05 9.9973E-05
9.997E-05 9.997E-05 0.9996 9.997E-05 9.997E-05
9.997E-05 9.997E-05 0.9996 9.997E-05 9.997E-05
9.9982E-05 0.0538536 0.945307 0.000639619 9.9982E-05
0.00602494 0.00815139 0.985624 9.9982E-05 9.9982E-05
9.9982E-05 0.0525855 0.889644 0.0575707 9.9982E-05
9.997E-05 9.997E-05 9.997E-05 0.9996 9.997E-05
0.0782854 0.207646 0.620549 0.0934197 9.9991E-05
9.997E-05 9.997E-05 9.997E-05 0.9996 9.997E-05
9.997E-05 9.997E-05 9.997E-05 0.9996 9.997E-05
0.0251941 0.0698012 9.9982E-05 0.904805 9.9982E-05
0.0201358 0.0354883 0.163741 0.772455 0.00818011
9.997E-05 9.997E-05 9.997E-05 0.9996 9.997E-05
9.9973E-05 9.9973E-05 0.1252 0.8745 9.9973E-05
9.9982E-05 0.00103269 9.9982E-05 0.994584 0.00418289
0.0166133 9.9982E-05 0.0218641 0.961323 9.9982E-05
9.997E-05 9.997E-05 9.997E-05 0.9996 9.997E-05
0.00310209 9.9982E-05 0.00756646 0.989131 9.9982E-05
9.9982E-05 0.000610801 0.0222704 0.976919 9.9982E-05
0.0664085 0.0775079 0.00864045 0.842564 0.00487943
0.0252031 0.0155189 0.00119786 0.956758 0.00132226
9.9982E-05 0.0311161 0.158698 0.809986 9.9982E-05
0.0906495 0.00224274 0.0590147 0.83808 0.0100129
0.0545552 9.9982E-05 9.9982E-05 0.887175 0.0580694
9.9982E-05 9.9982E-05 0.0725757 0.926686 0.000538285
0.372121 0.096683 0.462096 0.0522031 0.0168966
0.384992 0.13541 0.401604 0.0496026 0.0283918
0.390103 0.119858 0.386355 0.0735252 0.0301588
0.366055 0.11193 0.406393 0.075275 0.040346
0.459197 0.203541 0.265296 0.0718657 9.9991E-05
0.668813 0.20587 0.065217 0.0600001 9.9991E-05
0.527575 0.200194 0.185534 0.0865974 9.9991E-05
0.575323 0.217316 0.117551 0.0897103 9.9991E-05
0.543016 0.221648 0.154554 0.0806823 9.9991E-05
0.512953 0.209479 0.183069 0.0943992 9.9991E-05
0.486055 0.222987 0.209105 0.0817524 9.9991E-05
0.3769 0.134727 0.349991 0.110802 0.0275809
0.494842 0.156611 0.269721 0.0787262 9.9991E-05
0.9996 9.997E-05 9.997E-05 9.997E-05 9.997E-05
0.9996 9.997E-05 9.997E-05 9.997E-05 9.997E-05
0.9996 9.997E-05 9.997E-05 9.997E-05 9.997E-05
0.9996 9.997E-05 9.997E-05 9.997E-05 9.997E-05
0.9996 9.997E-05 9.997E-05 9.997E-05 9.997E-05
0.892722 9.9982E-05 0.0880224 0.0190557 9.9982E-05
0.9996 9.997E-05 9.997E-05 9.997E-05 9.997E-05
0.9996 9.997E-05 9.997E-05 9.997E-05 9.997E-05
0.9996 9.997E-05 9.997E-05 9.997E-05 9.997E-05
0.9906 9.9973E-05 0.00910037 9.9973E-05 9.9973E-05
0.9996 9.997E-05 9.997E-05 9.997E-05 9.997E-05
0.9996 9.997E-05 9.997E-05 9.997E-05 9.997E-05
