9.997E-05 9.997E-05 9.997E-05 9.997E-05 0.9996
0.0615023 0.0819707 9.9991E-05 0.518605 0.337822
0.0462958 0.107323 9.9991E-05 0.466516 0.379766
9.9973E-05 9.9973E-05 9.9973E-05 0.715852 0.283848
9.9982E-05 9.9982E-05 0.0180747 0.832911 0.148814
9.9982E-05 0.0315701 9.9982E-05 0.71603 0.2522
9.9973E-05 9.9973E-05 9.9973E-05 0.620284 0.379416
0.00445755 0.0725332 9.9991E-05 0.547996 0.374913
9.9982E-05 0.0391646 9.9982E-05 0.705139 0.255497
9.997E-05 9.997E-05 9.997E-05 9.997E-05 0.9996
9.997E-05 9.997E-05 9.997E-05 9.997E-05 0.9996
9.997E-05 9.997E-05 9.997E-05 9.997E-05 0.9996
0.00369349 9.9973E-05 9.9973E-05 9.9973E-05 0.996007
9.9982E-05 9.9982E-05 0.0458241 0.0225878 0.931388
9.9973E-05 0.039387 9.9973E-05 9.9973E-05 0.960313
0.00482314 0.0281447 9.9991E-05 0.737579 0.229353
0.0609624 0.0772166 0.140144 0.460754 0.260923
9.9973E-05 9.9973E-05 9.9973E-05 0.734848 0.264852
9.9973E-05 9.9973E-05 9.9973E-05 0.983343 0.0163576
9.997E-05 9.997E-05 9.997E-05 0.9996 9.997E-05
0.0049824 9.9982E-05 9.9982E-05 0.861105 0.133713
0.0139549 0.0245122 0.00268148 0.924588 0.034263
9.9982E-05 0.0180925 9.9982E-05 0.939767 0.0419401
9.9973E-05 9.9973E-05 9.9973E-05 0.909203 0.0904973
9.9973E-05 9.9973E-05 9.9973E-05 0.955501 0.0441992
9.9982E-05 9.9982E-05 0.0597881 0.902182 0.0378297
9.9991E-05 0.0211751 0.0461414 0.871251 0.0613325
9.9973E-05 9.9973E-05 9.9973E-05 0.967727 0.0319727
9.9982E-05 9.9982E-05 0.0344125 0.863176 0.102211
9.9973E-05 9.9973E-05 9.9973E-05 0.914869 0.0848306
0.000641341 9.9982E-05 9.9982E-05 0.84537 0.153788
9.9982E-05 9.9982E-05 0.0424309 0.914681 0.0426884
0.00944475 0.0226707 0.012816 0.89321 0.061859
9.9991E-05 0.0410562 0.115967 0.723186 0.119691
9.9982E-05 0.0302005 9.9982E-05 0.938583 0.0310165
9.9973E-05 9.9973E-05 9.9973E-05 0.889039 0.110661
9.997E-05 9.997E-05 9.997E-05 0.9996 9.997E-05
0.074803 0.0139793 0.0676472 0.824688 0.0188824
0.0514844 0.0533689 0.0440884 0.825373 0.0256849
0.0201919 9.9991E-05 0.143119 0.833969 0.00261945
0.0700557 0.0760841 0.120285 0.733475 9.9991E-05
0.0353676 0.122861 0.175491 0.66618 9.9991E-05
0.0650707 0.145625 9.9991E-05 0.743981 0.0452232
0.0377795 0.0713182 0.0922595 0.798543 9.9991E-05
9.9982E-05 0.0965219 0.119305 0.783973 9.9982E-05
9.9982E-05 0.0605889 0.0453031 0.893908 9.9982E-05
9.9982E-05 0.0278617 0.042506 0.929432 9.9982E-05
9.9982E-05 0.0241562 0.149972 0.825672 9.9982E-05
9.9991E-05 0.0421521 0.19118 0.717729 0.048839
0.0408942 0.058272 0.04923 0.738386 0.113218
0.0394355 0.0755696 0.0616818 0.808544 0.0147694
9.9982E-05 0.0543117 0.0890627 0.856426 9.9982E-05
9.9982E-05 0.043153 0.133253 0.823394 9.9982E-05
0.0150372 9.9991E-05 0.298358 0.662078 0.0244269
0.0530439 9.9991E-05 0.182323 0.722207 0.0423255
0.0271708 0.137023 0.0959161 0.73979 9.9991E-05
0.00531182 0.0789774 0.176425 0.661509 0.0777764
0.0409203 0.0231591 0.171673 0.764148 9.9991E-05
9.9982E-05 0.0479113 0.0633582 0.888531 9.9982E-05
0.0104292 0.0282203 0.174368 0.755511 0.0314715
9.9973E-05 9.9973E-05 0.217998 0.781702 9.9973E-05
0.0274099 9.9982E-05 0.190807 0.781583 9.9982E-05
0.0286871 0.0926479 0.231596 0.646969 9.9991E-05
0.00723796 0.0526955 0.21514 0.724826 9.9991E-05
9.9973E-05 9.9973E-05 0.207138 0.792562 9.9973E-05
0.0217511 0.076572 0.168759 0.732818 9.9991E-05
0.103556 0.048657 0.168601 0.679086 9.9991E-05
0.0603825 0.098182 0.181801 0.659535 9.9991E-05
0.0173915 0.039108 0.0734466 0.869954 9.9991E-05
0.0570777 0.101052 0.0777232 0.764047 9.9991E-05
0.0471066 0.0746142 0.0137084 0.83586 0.0287105
0.0605928 0.0975171 0.221159 0.620631 9.9991E-05
0.00701811 0.0372157 0.141962 0.762781 0.0510228
9.9991E-05 0.0120444 0.171437 0.803723 0.012695
0.0362075 0.0813223 0.282028 0.580505 0.0199378
0.0316034 0.0213201 0.257108 0.689869 9.9991E-05
0.0439623 0.0827145 0.0724716 0.800752 9.9991E-05
0.132492 0.00486544 0.20892 0.653622 9.9991E-05
0.113547 0.054302 0.349355 0.482696 9.9991E-05
0.175666 0.0201613 0.348677 0.455395 9.9991E-05
0.09557 0.092106 0.374734 0.43749 9.9991E-05
0.168315 0.034303 0.355058 0.442224 9.9991E-05
0.12482 0.0736227 0.359186 0.442271 9.9991E-05
0.133194 0.0120399 0.26221 0.592456 9.9991E-05
0.216584 0.080156 0.224372 0.456051 0.022838
0.187788 0.121244 0.199858 0.490511 0.000598263
0.0653447 0.107318 0.271469 0.519303 0.0365664
0.135442 9.9982E-05 0.297169 0.567189 9.9982E-05
0.122463 0.128344 0.276126 0.472967 9.9991E-05
0.120736 0.100949 0.394878 0.383337 9.9991E-05
0.172286 0.0866579 0.238665 0.482332 0.020059
0.142689 0.0654696 0.223796 0.555982 0.0120638
0.172801 0.112729 0.371812 0.291827 0.0508309
0.9996 9.997E-05 9.997E-05 9.997E-05 9.997E-05
0.963172 9.9982E-05 9.9982E-05 0.0196123 0.0170159
0.841661 0.0202145 0.0693313 0.0530763 0.0157168
0.9996 9.997E-05 9.997E-05 9.997E-05 9.997E-05
0.9996 9.997E-05 9.997E-05 9.997E-05 9.997E-05
0.9996 9.997E-05 9.997E-05 9.997E-05 9.997E-05
0.9996 9.997E-05 9.997E-05 9.997E-05 9.997E-05
0.912256 9.9973E-05 9.9973E-05 0.0874436 9.9973E-05
0.9996 9.997E-05 9.997E-05 9.997E-05 9.997E-05
0.9996 9.997E-05 9.997E-05 9.997E-05 9.997E-05
0.124631 0.106023 0.52982 0.239427 9.9991E-05
0.884376 9.9982E-05 0.0868634 0.0285604 9.9982E-05
0.9996 9.997E-05 9.997E-05 9.997E-05 9.997E-05
0.982854 9.9973E-05 0.0168457 9.9973E-05 9.9973E-05
0.120662 0.0712607 0.576346 0.231631 9.9991E-05
0.13475 0.0925197 0.491072 0.281559 9.9991E-05
0.126685 0.0490783 0.520586 0.303551 9.9991E-05
0.180335 0.0824923 0.47905 0.258023 9.9991E-05
0.164129 0.0605264 0.513403 0.261841 9.9991E-05
0.112124 0.0513149 0.431211 0.40525 9.9991E-05
0.154536 0.0478802 0.459845 0.337639 9.9991E-05
0.13303 0.04042 0.526527 0.299923 9.9991E-05
0.260648 0.103697 0.378331 0.257225 9.9991E-05
0.199789 0.0854183 0.426538 0.288154 9.9991E-05
0.119547 0.0961772 0.387901 0.396275 9.9991E-05
0.192392 0.0587933 0.445793 0.302922 9.9991E-05
0.0836585 0.12251 0.476622 0.31711 9.9991E-05
0.140157 0.105644 0.425815 0.328284 9.9991E-05
9.997E-05 0.9996 9.997E-05 9.997E-05 9.997E-05
0.188703 0.131748 0.383176 0.296273 9.9991E-05
9.997E-05 0.9996 9.997E-05 9.997E-05 9.997E-05
9.997E-05 0.9996 9.997E-05 9.997E-05 9.997E-05
0.0207633 0.978937 9.9973E-05 9.9973E-05 9.9973E-05
9.9991E-05 0.785279 0.13039 0.0772056 0.00702546
9.997E-05 0.9996 9.997E-05 9.997E-05 9.997E-05
9.9991E-05 0.880874 0.0246974 0.0766375 0.0176915
9.9973E-05 0.955954 0.0437463 9.9973E-05 9.9973E-05
9.9982E-05 0.939319 0.0543715 0.00610982 9.9982E-05
9.9973E-05 0.997654 9.9973E-05 9.9973E-05 0.00204652
9.997E-05 0.9996 9.997E-05 9.997E-05 9.997E-05
0.0257747 0.973925 9.9973E-05 9.9973E-05 9.9973E-05
9.9982E-05 0.841711 0.144533 0.0135556 9.9982E-05
9.9973E-05 0.974393 9.9973E-05 9.9973E-05 0.0253067
0.0451302 0.886049 0.0597219 0.00274915 0.00634929
0.00971241 0.894727 0.0951207 9.9991E-05 0.000339509
9.9991E-05 0.866786 0.0338173 0.0580254 0.0412716
9.9982E-05 0.985649 0.00602985 0.00812132 9.9982E-05
0.00164558 0.00756174 0.990593 9.9982E-05 9.9982E-05
0.0582568 0.0106635 0.93088 9.9982E-05 9.9982E-05
9.997E-05 9.997E-05 0.9996 9.997E-05 9.997E-05
9.9973E-05 0.00205178 0.997648 9.9973E-05 9.9973E-05
0.0166282 0.0320921 0.95108 9.9982E-05 9.9982E-05
0.02214 0.0352767 0.942383 9.9982E-05 9.9982E-05
0.0168329 0.0119138 0.971053 9.9982E-05 9.9982E-05
0.00443654 0.0225422 0.897643 0.0525416 0.0228363
9.9973E-05 0.048636 0.951064 9.9973E-05 9.9973E-05
9.9973E-05 0.0191029 0.980597 9.9973E-05 9.9973E-05
0.0967521 0.0304962 0.872552 9.9982E-05 9.9982E-05
0.0247441 0.0116153 0.963441 9.9982E-05 9.9982E-05
0.0483622 0.0948796 0.755569 0.101089 9.9991E-05
0.0790324 0.0701916 0.55928 0.255971 0.0355248
0.0786765 0.0251907 0.533577 0.343076 0.0194796
0.132183 0.0612935 0.457173 0.319344 0.0300064
0.0916488 0.0910895 0.440564 0.340125 0.0365735
0.16097 0.0469844 0.702628 0.0893181 9.9991E-05
0.173321 0.018459 0.80802 9.99821E-05 9.99821E-05
0.165629 0.0616317 0.707084 0.0583402 0.0073154
0.168143 0.0481851 0.773636 9.9991E-05 0.00993508
0.188743 0.0618684 0.719138 9.9991E-05 0.0301515
0.173238 0.0642394 0.729972 0.0201815 0.0123693
0.202604 0.0640277 0.655077 0.0410317 0.0372589
0.133728 0.0210888 0.629895 0.154255 0.0610336
0.162437 0.0504813 0.619818 0.137107 0.0301563
9.9973E-05 9.9973E-05 0.966859 9.9973E-05 0.0328416
9.9973E-05 9.9973E-05 0.99189 9.9973E-05 0.00780991
9.9973E-05 9.9973E-05 0.976349 9.9973E-05 0.0233515
9.9973E-05 9.9973E-05 0.978846 9.9973E-05 0.0208545
9.997E-05 9.997E-05 0.9996 9.997E-05 9.997E-05
9.9973E-05 9.9973E-05 0.953756 9.9973E-05 0.045944
9.9973E-05 9.9973E-05 0.990195 9.9973E-05 0.00950556
9.9973E-05 9.9973E-05 0.986817 9.9973E-05 0.0128834
9.9973E-05 9.9973E-05 0.953145 9.9973E-05 0.046555
9.9973E-05 9.9973E-05 0.959705 9.9973E-05 0.0399946
9.9973E-05 9.9973E-05 0.980032 9.9973E-05 0.0196676
9.9973E-05 9.9973E-05 0.968942 9.9973E-05 0.0307577
