9.997E-05 0.9996 9.997E-05 9.997E-05 9.997E-05
0.0452569 0.360384 0.514186 9.9991E-05 0.0800738
0.104427 0.367543 0.457951 9.9991E-05 0.0699789
9.9973E-05 0.277455 0.722245 9.9973E-05 9.9973E-05
9.9973E-05 0.172966 0.826734 9.9973E-05 9.9973E-05
0.00806412 0.200976 0.772189 9.9991E-05 0.0186711
9.9973E-05 0.371299 0.628401 9.9973E-05 9.9973E-05
0.0555722 0.336213 0.606035 9.9991E-05 0.00207988
0.00793069 0.229105 0.762764 9.9982E-05 9.9982E-05
9.997E-05 0.9996 9.997E-05 9.997E-05 9.997E-05
9.997E-05 0.9996 9.997E-05 9.997E-05 9.997E-05
9.997E-05 0.9996 9.997E-05 9.997E-05 9.997E-05
9.997E-05 0.9996 9.997E-05 9.997E-05 9.997E-05
0.0142071 0.959187 0.00821121 0.0182949 9.9991E-05
0.0156096 0.978144 9.9982E-05 0.00604612 9.9982E-05
9.9982E-05 0.230805 0.6981 0.0708954 9.9982E-05
0.0637231 0.242908 0.421179 0.195544 0.0766456
9.9973E-05 0.229996 0.769704 9.9973E-05 9.9973E-05
9.9973E-05 0.0314203 0.96828 9.9973E-05 9.9973E-05
9.997E-05 9.997E-05 0.9996 9.997E-05 9.997E-05
9.9973E-05 0.117988 0.881712 9.9973E-05 9.9973E-05
0.0288471 0.0343944 0.934531 9.9991E-05 0.00212768
0.00473319 0.0648161 0.930251 9.9982E-05 9.9982E-05
9.9973E-05 0.0879904 0.91171 9.9973E-05 9.9973E-05
9.9973E-05 0.0429516 0.956748 9.9973E-05 9.9973E-05
9.9982E-05 0.0268254 0.889953 0.0830214 9.9982E-05
0.0476364 0.0355989 0.889626 0.0270382 9.9991E-05
9.9973E-05 0.0818352 0.917865 9.9973E-05 9.9973E-05
9.9982E-05 0.094795 0.866839 0.0381658 9.9982E-05
9.9973E-05 0.139474 0.860226 9.9973E-05 9.9973E-05
9.9973E-05 0.133277 0.866423 9.9973E-05 9.9973E-05
9.9991E-05 0.0444428 0.909571 0.0424689 0.00341699
0.00743505 0.0455944 0.913294 9.9991E-05 0.0335766
0.0419093 0.0881513 0.827773 0.0420661 9.9991E-05
0.0352482 0.0417067 0.913549 0.0093962 9.9991E-05
9.9973E-05 0.138895 0.860805 9.9973E-05 9.9973E-05
9.997E-05 9.997E-05 0.9996 9.997E-05 9.997E-05
9.9991E-05 0.0402976 0.829403 0.115518 0.0146815
0.0519733 0.01798 0.853159 0.0211708 0.0557164
9.9991E-05 0.0286786 0.838331 0.120745 0.0121454
0.0543514 9.9991E-05 0.730551 0.147433 0.0675642
0.0641207 9.9982E-05 0.71539 0.220289 9.9982E-05
0.1216 0.0304252 0.758913 0.0377314 0.0513297
0.0395394 9.9991E-05 0.826949 0.115224 0.0181877
0.0998271 9.9982E-05 0.739775 0.160198 9.9982E-05
0.053104 9.9982E-05 0.930072 0.0166239 9.9982E-05
0.0622744 9.9982E-05 0.91492 0.0226054 9.9982E-05
0.0392615 9.9982E-05 0.835555 0.124984 9.9982E-05
0.0575368 0.047462 0.714299 0.180602 9.9991E-05
0.0508575 0.0816006 0.713379 0.114391 0.0397719
0.0583983 0.00868909 0.844127 0.0493625 0.0394229
0.0764086 9.9982E-05 0.765496 0.157896 9.9982E-05
0.0842448 0.00262926 0.747824 0.165202 9.9991E-05
0.00408789 0.0317125 0.695322 0.2377 0.0311776
0.0386229 0.0478082 0.645938 0.19065 0.0769802
0.118889 9.9991E-05 0.720024 0.141442 0.0195446
0.0665789 0.0897979 0.618244 0.215572 0.00980665
0.0167563 9.9991E-05 0.737202 0.180536 0.065406
0.0149678 9.9982E-05 0.925904 0.0589286 9.9982E-05
0.0356163 0.0535448 0.776494 0.100711 0.0336332
9.9973E-05 9.9973E-05 0.767217 0.232483 9.9973E-05
0.0111503 9.9991E-05 0.799927 0.165871 0.022952
0.102341 9.9991E-05 0.649817 0.178627 0.0691145
0.134944 9.9991E-05 0.634974 0.188604 0.0413781
9.9982E-05 0.00365768 0.813949 0.182194 9.9982E-05
0.097091 9.9991E-05 0.729682 0.118933 0.0541943
0.0266146 9.9991E-05 0.710263 0.164009 0.0990134
0.108004 9.9991E-05 0.559524 0.27042 0.0619526
0.00683283 0.00101309 0.849951 0.119227 0.0229756
0.154594 9.9991E-05 0.658623 0.169641 0.017042
0.0789547 0.00573697 0.799378 0.0421142 0.0738163
0.0773511 9.9991E-05 0.652169 0.191648 0.0787314
0.0423838 0.0464158 0.784766 0.119766 0.00666893
0.0686492 0.0239778 0.764253 0.14302 9.9991E-05
0.0616104 0.0171124 0.605356 0.307857 0.00806455
9.9982E-05 9.9982E-05 0.721518 0.251478 0.026804
0.0661165 9.9991E-05 0.762545 0.109968 0.0612712
0.0373596 0.0100978 0.619396 0.143972 0.189175
0.0721085 9.9991E-05 0.418806 0.341789 0.167196
0.0687861 9.9991E-05 0.399995 0.368115 0.163003
0.0796096 9.9991E-05 0.444474 0.3392 0.136616
0.0560904 9.9991E-05 0.414064 0.350353 0.179392
0.0773488 9.9991E-05 0.426164 0.337765 0.158622
0.0203735 9.9991E-05 0.640625 0.22084 0.118062
0.0209394 9.9991E-05 0.507914 0.273923 0.197124
0.11192 9.9991E-05 0.452084 0.207193 0.228704
0.106131 0.0249658 0.526222 0.253388 0.0892928
0.0181521 0.00197928 0.610288 0.237516 0.132065
0.114285 9.9991E-05 0.50169 0.264314 0.119611
0.129885 0.00117857 0.361036 0.390108 0.117792
0.0745066 0.00190832 0.519908 0.27891 0.124766
0.0609179 0.00601786 0.547795 0.268809 0.11646
0.107697 0.0269306 0.333759 0.324246 0.207368
0.00358756 9.9973E-05 9.9973E-05 9.9973E-05 0.996113
0.0176374 0.0248127 0.0143545 9.9991E-05 0.943095
0.0383383 0.00750681 0.0285451 0.0503225 0.875287
9.997E-05 9.997E-05 9.997E-05 9.997E-05 0.9996
9.997E-05 9.997E-05 9.997E-05 9.997E-05 0.9996
9.997E-05 9.997E-05 9.997E-05 9.997E-05 0.9996
9.997E-05 9.997E-05 9.997E-05 9.997E-05 0.9996
0.0315632 0.00703225 0.0698846 0.0152251 0.876295
9.997E-05 9.997E-05 9.997E-05 9.997E-05 0.9996
9.997E-05 9.997E-05 9.997E-05 9.997E-05 0.9996
0.105565 9.9991E-05 0.235865 0.522954 0.135515
9.9982E-05 9.9982E-05 0.0358427 0.0340577 0.9299
9.9982E-05 0.00137766 0.0226395 9.9982E-05 0.975783
9.997E-05 9.997E-05 9.997E-05 9.997E-05 0.9996
0.0639246 9.9991E-05 0.242211 0.566597 0.127167
0.0777067 9.9991E-05 0.269011 0.512683 0.140499
0.0902463 9.9991E-05 0.28362 0.497681 0.128352
0.0815095 9.9991E-05 0.245468 0.488425 0.184498
0.07611 9.9991E-05 0.246816 0.531285 0.145689
0.0191974 9.9991E-05 0.373031 0.490565 0.117107
0.0656573 9.9991E-05 0.403352 0.339344 0.191547
0.027564 9.9991E-05 0.318736 0.488956 0.164644
0.113883 9.9991E-05 0.238358 0.377409 0.27025
0.0811922 9.9991E-05 0.267265 0.414746 0.236696
0.0963978 9.9991E-05 0.360548 0.399865 0.143089
0.0930933 9.9991E-05 0.309288 0.406455 0.191064
0.0853405 9.9991E-05 0.390274 0.447243 0.0770422
0.0578025 9.9991E-05 0.405183 0.38767 0.149245
0.0496207 9.9982E-05 0.00443435 0.945745 9.9982E-05
0.0285062 0.00647721 9.9991E-05 0.930126 0.034791
0.0148746 9.9982E-05 9.9982E-05 0.969117 0.0158086
0.0304362 9.9973E-05 9.9973E-05 0.969264 9.9973E-05
0.0134221 9.9973E-05 9.9973E-05 0.986278 9.9973E-05
0.028449 9.9982E-05 9.9982E-05 0.961274 0.0100768
0.00117671 9.9982E-05 9.9982E-05 0.995601 0.00302225
0.00912334 0.0040052 0.0585979 0.928174 9.9991E-05
0.0490202 9.9973E-05 9.9973E-05 0.95068 9.9973E-05
0.0298477 9.9973E-05 9.9973E-05 0.969852 9.9973E-05
0.0738417 0.00410859 0.025891 0.799728 0.0964302
9.997E-05 9.997E-05 9.997E-05 0.9996 9.997E-05
0.0816244 9.9991E-05 0.0889591 0.802699 0.0266175
0.9996 9.997E-05 9.997E-05 9.997E-05 9.997E-05
0.113192 9.9991E-05 0.27822 0.39851 0.209979
0.9996 9.997E-05 9.997E-05 9.997E-05 9.997E-05
0.9996 9.997E-05 9.997E-05 9.997E-05 9.997E-05
0.943076 0.0105301 0.0231473 9.9991E-05 0.0231467
0.835383 0.0104559 0.0712929 0.0827679 9.9991E-05
0.9996 9.997E-05 9.997E-05 9.997E-05 9.997E-05
0.831284 9.9982E-05 0.0687206 0.0997955 9.9982E-05
0.979457 9.9973E-05 9.9973E-05 9.9973E-05 0.0202429
0.916999 9.9982E-05 0.0714616 0.0113393 9.9982E-05
0.992052 0.00614304 9.9982E-05 9.9982E-05 0.0016054
0.969402 9.9973E-05 9.9973E-05 0.030298 9.9973E-05
0.980602 9.9982E-05 9.9982E-05 0.0184141 0.000784457
0.829734 9.9991E-05 0.0131904 0.139653 0.0173225
0.94618 0.0535204 9.9973E-05 9.9973E-05 9.9973E-05
0.915968 0.00968029 9.9991E-05 0.0542028 0.0200488
0.867654 0.0157938 9.9982E-05 0.116352 9.9982E-05
0.898788 0.0429388 0.019875 0.0377609 0.000637002
0.947667 9.9991E-05 0.00245385 0.0444781 0.0053015
0.0654635 0.034629 0.261365 0.557942 0.0806009
0.0657151 0.0195197 0.380424 0.481979 0.0523619
0.0943934 0.0216618 0.285247 0.456139 0.142559
0.0734183 0.0397981 0.353646 0.451658 0.0814798
0.0667683 0.0121834 0.122736 0.623243 0.17507
0.0498151 0.0301791 9.9991E-05 0.74795 0.171956
0.0936601 0.00757909 0.0196742 0.719186 0.159901
0.035349 0.0249821 9.9991E-05 0.761145 0.178424
0.0528545 0.0331234 0.0209401 0.712341 0.180741
0.054421 0.0140183 0.0484311 0.675209 0.20792
0.057493 0.0151197 0.0349568 0.680746 0.211684
0.058909 0.0261018 0.143754 0.626159 0.145077
0.0519366 0.0350874 0.198866 0.582682 0.131428
9.9973E-05 0.0204092 9.9973E-05 0.979291 9.9973E-05
9.9973E-05 0.028939 9.9973E-05 0.970761 9.9973E-05
9.9973E-05 0.0196798 9.9973E-05 0.98002 9.9973E-05
9.9973E-05 0.0202205 9.9973E-05 0.97948 9.9973E-05
9.997E-05 9.997E-05 9.997E-05 0.9996 9.997E-05
9.9982E-05 0.0500634 0.0346866 0.91505 9.9982E-05
9.9973E-05 0.0231337 9.9973E-05 0.976566 9.9973E-05
9.9973E-05 0.0180269 9.9973E-05 0.981673 9.9973E-05
9.9973E-05 0.0337722 9.9973E-05 0.965928 9.9973E-05
9.9973E-05 0.0237467 9.9973E-05 0.975953 9.9973E-05
9.9973E-05 0.0272662 9.9973E-05 0.972434 9.9973E-05
9.9973E-05 0.013502 9.9973E-05 0.986198 9.9973E-05
