9.997E-05 9.997E-05 9.997E-05 0.9996 9.997E-05
0.227509 0.0214126 0.120208 0.534162 0.0967088
0.234877 9.9991E-05 0.166302 0.521461 0.0772606
0.503285 9.9982E-05 0.0140309 0.482484 9.9982E-05
0.666532 0.0377213 0.00955063 0.286096 9.9991E-05
0.523229 9.9982E-05 0.0840227 0.392548 9.9982E-05
0.375445 9.9982E-05 0.0394208 0.584934 9.9982E-05
0.396978 9.9991E-05 0.0936576 0.486221 0.0230433
0.423231 0.0434046 0.0773253 0.444873 0.0111661
9.997E-05 9.997E-05 9.997E-05 0.9996 9.997E-05
9.997E-05 9.997E-05 9.997E-05 0.9996 9.997E-05
9.997E-05 9.997E-05 9.997E-05 0.9996 9.997E-05
9.997E-05 9.997E-05 9.997E-05 0.9996 9.997E-05
9.9973E-05 0.0450081 9.9973E-05 0.954692 9.9973E-05
9.997E-05 9.997E-05 9.997E-05 0.9996 9.997E-05
0.544408 0.0794407 0.0311846 0.344867 9.9991E-05
0.427061 0.0907136 0.0586435 0.344223 0.0793588
0.553098 9.9973E-05 9.9973E-05 0.446602 9.9973E-05
0.73843 0.0458134 9.9982E-05 0.215557 9.9982E-05
0.80197 0.00753781 9.9982E-05 0.190292 9.9982E-05
0.615228 0.0419236 0.00900329 0.333745 9.9991E-05
0.758328 9.9982E-05 0.0511577 0.190314 9.9982E-05
0.758561 0.0294575 0.0177674 0.194115 9.9991E-05
0.733597 9.9973E-05 9.9973E-05 0.266103 9.9973E-05
0.78896 9.9973E-05 9.9973E-05 0.21074 9.9973E-05
0.836787 0.00531931 9.9982E-05 0.157694 9.9982E-05
0.656664 0.0989259 0.0674422 0.176868 9.9991E-05
0.738508 9.9982E-05 0.0110599 0.250233 9.9982E-05
0.749082 9.9973E-05 9.9973E-05 0.250618 9.9973E-05
0.650613 0.0174902 9.9982E-05 0.331697 9.9982E-05
0.70609 0.00414163 9.9982E-05 0.289569 9.9982E-05
0.762188 0.0354285 0.00159521 0.200688 9.9991E-05
0.742634 0.04121 0.0147471 0.199897 0.00151181
0.728767 9.9982E-05 0.041569 0.229464 9.9982E-05
0.705492 0.0475547 0.0895692 0.157284 9.9991E-05
0.631338 9.9973E-05 9.9973E-05 0.368362 9.9973E-05
0.857325 0.00764728 9.9982E-05 0.134828 9.9982E-05
0.752146 0.055777 0.0500769 0.1419 9.9991E-05
0.67956 0.0722823 0.0572998 0.167064 0.0237943
0.809016 0.0268124 9.9982E-05 0.163972 9.9982E-05
0.863599 0.00348749 0.0614402 0.0485075 0.0229661
0.907205 0.0185975 0.0374166 0.0336202 0.00316032
0.745901 9.9991E-05 0.0937277 0.144813 0.0154581
0.883352 0.0276426 0.0537924 0.0350014 0.000211101
0.831547 0.0637336 0.0534897 0.0511302 9.9991E-05
0.873465 0.0253099 0.042576 0.0585489 9.9991E-05
0.897781 9.9982E-05 0.0519842 0.0500346 9.9982E-05
0.82036 0.0370471 0.0671268 0.0753661 9.9991E-05
0.789734 0.0685797 0.0306185 0.110968 9.9991E-05
0.786595 9.9982E-05 0.00838706 0.204818 9.9982E-05
0.819179 0.0268792 0.0461444 0.107697 9.9991E-05
0.843932 0.0147199 0.0693067 0.0719409 9.9991E-05
0.856887 0.00832644 0.048931 0.0857555 9.9991E-05
0.79844 0.0822815 9.9982E-05 0.119079 9.9982E-05
0.814693 0.0266713 0.0106169 0.105954 0.0420655
0.824329 9.9991E-05 0.0907671 0.0577339 0.0270703
0.723701 0.0626758 0.0805989 0.132925 9.9991E-05
0.853171 0.0775871 9.9991E-05 0.0688926 0.000249381
0.845084 0.00906427 0.0564576 0.0892938 9.9991E-05
0.731622 0.117242 0.0229131 0.120765 0.00745758
0.829026 0.0875316 0.0202976 0.0630452 9.9991E-05
0.92581 0.0136034 9.9982E-05 0.0603868 9.9982E-05
0.793502 0.0554145 0.0613623 0.0497997 0.0399212
0.842473 0.0807021 0.0458182 9.9991E-05 0.0309063
0.923995 0.0403429 9.9982E-05 0.0354623 9.9982E-05
0.852743 0.0318646 0.0915094 0.0237832 9.9991E-05
0.934913 0.0167021 9.9991E-05 0.0145178 0.0337667
0.81164 9.9991E-05 0.0905884 0.0494021 0.0482692
0.815347 0.0431283 0.047288 0.0941372 9.9991E-05
0.933067 9.9982E-05 0.0661889 0.0005439 9.9982E-05
0.794274 9.9991E-05 0.0868665 0.0898693 0.0288901
0.853439 0.0351918 0.10685 9.9991E-05 0.00441891
0.81693 0.057704 0.00757965 0.117686 9.9991E-05
0.807091 0.0857379 0.0130482 0.0940231 9.9991E-05
0.88989 9.9991E-05 0.0350334 0.052648 0.0223285
0.839837 0.117437 9.9991E-05 0.0389298 0.00369613
0.870785 0.000676348 0.0884497 0.0063754 0.0337135
0.854484 9.9991E-05 0.0182173 0.04184 0.0853585
0.855542 0.0362619 0.0103432 9.9991E-05 0.0977531
0.776008 0.0723905 0.0149555 9.9991E-05 0.136546
0.863611 0.0569361 0.0193842 9.9991E-05 0.0599688
0.839871 0.0346088 0.00972534 9.9991E-05 0.115695
0.75071 0.0586272 0.0682507 9.9991E-05 0.122312
0.810882 0.0315606 0.0200248 0.0386156 0.0989168
0.639638 0.0661324 0.0405432 0.0666564 0.18703
0.676538 0.0186797 0.0946659 0.0301079 0.180009
0.671478 0.0981386 0.0729029 0.0770788 0.0804019
0.798062 0.0717832 9.9991E-05 0.027564 0.102491
0.71185 0.0671332 0.0301991 0.00391788 0.1869
0.64239 0.13396 0.100488 0.0201119 0.10305
0.672097 0.033753 0.0712223 0.0634841 0.159443
0.751231 9.9991E-05 0.0576822 0.0306765 0.160311
0.532708 0.174004 0.088487 0.0311788 0.173622
9.997E-05 9.997E-05 9.997E-05 9.997E-05 0.9996
9.9982E-05 9.9982E-05 0.0246831 0.0188893 0.956228
0.0580851 0.0305695 0.0207775 0.0120277 0.87854
9.997E-05 9.997E-05 9.997E-05 9.997E-05 0.9996
9.997E-05 9.997E-05 9.997E-05 9.997E-05 0.9996
9.997E-05 9.997E-05 9.997E-05 9.997E-05 0.9996
9.997E-05 9.997E-05 9.997E-05 9.997E-05 0.9996
9.9982E-05 0.0540715 9.9982E-05 0.00296662 0.942762
9.997E-05 9.997E-05 9.997E-05 9.997E-05 0.9996
9.997E-05 9.997E-05 9.997E-05 9.997E-05 0.9996
0.705139 0.0976179 0.080918 9.9991E-05 0.116226
0.0579623 9.9973E-05 9.9973E-05 9.9973E-05 0.941738
9.997E-05 9.997E-05 9.997E-05 9.997E-05 0.9996
9.9982E-05 0.004651 0.000769758 9.9982E-05 0.994379
0.765131 0.110556 9.9982E-05 9.9982E-05 0.124112
0.794407 0.0488318 0.0401302 9.9991E-05 0.116531
0.779493 0.0534005 0.051339 9.9991E-05 0.115667
0.745561 0.0537917 0.035529 9.9991E-05 0.165018
0.807247 0.0547751 0.014853 9.9991E-05 0.123025
0.858492 0.0302457 9.9982E-05 9.9982E-05 0.111063
0.70201 0.0473347 0.0411209 9.9991E-05 0.209434
0.783623 0.0732969 9.9982E-05 9.9982E-05 0.14288
0.608308 0.0718694 0.0715399 9.9991E-05 0.248183
0.693042 0.0456082 0.0489738 9.9991E-05 0.212276
0.740057 0.0780472 0.0742815 9.9991E-05 0.107514
0.592648 0.0827872 0.0754967 9.9991E-05 0.248969
0.716885 0.0950192 0.0861699 9.9991E-05 0.101826
0.791799 0.05578 0.0229486 9.9991E-05 0.129373
0.995132 9.9973E-05 9.9973E-05 9.9973E-05 0.0045683
0.880818 0.0820057 9.9982E-05 9.9982E-05 0.0369761
0.9996 9.997E-05 9.997E-05 9.997E-05 9.997E-05
0.991767 9.9973E-05 9.9973E-05 9.9973E-05 0.00793301
0.9996 9.997E-05 9.997E-05 9.997E-05 9.997E-05
0.973485 9.9973E-05 9.9973E-05 9.9973E-05 0.0262146
0.981119 9.9973E-05 9.9973E-05 9.9973E-05 0.018581
0.966155 0.0335455 9.9973E-05 9.9973E-05 9.9973E-05
0.9996 9.997E-05 9.997E-05 9.997E-05 9.997E-05
0.9996 9.997E-05 9.997E-05 9.997E-05 9.997E-05
0.919321 9.9973E-05 9.9973E-05 9.9973E-05 0.0803786
0.99333 9.9973E-05 9.9973E-05 9.9973E-05 0.00637051
0.882645 9.9982E-05 0.0421712 9.9982E-05 0.074984
9.997E-05 9.997E-05 0.9996 9.997E-05 9.997E-05
0.641619 0.0561496 0.0963336 9.9991E-05 0.205798
9.997E-05 9.997E-05 0.9996 9.997E-05 9.997E-05
9.997E-05 9.997E-05 0.9996 9.997E-05 9.997E-05
9.9991E-05 0.00862371 0.948065 0.0189156 0.0242958
0.235507 9.9991E-05 0.736874 0.00262578 0.0248925
9.997E-05 9.997E-05 0.9996 9.997E-05 9.997E-05
0.0729443 0.0573589 0.869497 9.9982E-05 9.9982E-05
9.997E-05 9.997E-05 0.9996 9.997E-05 9.997E-05
0.0435303 0.0195442 0.936725 9.9982E-05 9.9982E-05
9.997E-05 9.997E-05 0.9996 9.997E-05 9.997E-05
9.9982E-05 0.0075148 0.985738 0.00654706 9.9982E-05
0.0151055 9.9982E-05 0.964433 9.9982E-05 0.0202619
0.0500877 0.0593587 0.801737 9.9991E-05 0.0887168
0.0413916 9.9973E-05 0.958308 9.9973E-05 9.9973E-05
0.0832713 9.9991E-05 0.897507 0.00678662 0.0123348
0.118473 0.0230939 0.840195 9.9991E-05 0.0181379
9.9991E-05 0.048456 0.91922 0.015495 0.0167286
0.0351185 9.9973E-05 0.964582 9.9973E-05 9.9973E-05
0.502117 0.32615 0.0629608 0.0105795 0.0981925
0.537341 0.327348 0.0898104 0.0102284 0.0352721
0.406694 0.320819 0.103233 0.0225085 0.146745
0.492756 0.297828 0.0631718 0.0424858 0.103759
0.384061 0.300245 0.0912983 9.9991E-05 0.224296
0.180282 0.463377 0.0900924 9.9991E-05 0.266148
0.313124 0.335916 0.0582641 9.9991E-05 0.292595
0.352033 0.347357 0.0920866 9.9991E-05 0.208423
0.250821 0.421159 0.0732488 9.9991E-05 0.254671
0.289338 0.347868 0.0868759 9.9991E-05 0.275818
0.28594 0.340801 0.0944096 9.9991E-05 0.27875
0.370049 0.332872 0.0668018 0.0368477 0.19343
0.427201 0.285563 0.0683872 0.0082457 0.210603
9.997E-05 0.9996 9.997E-05 9.997E-05 9.997E-05
9.997E-05 0.9996 9.997E-05 9.997E-05 9.997E-05
9.997E-05 0.9996 9.997E-05 9.997E-05 9.997E-05
9.9973E-05 0.990579 0.00912067 9.9973E-05 9.9973E-05
9.997E-05 0.9996 9.997E-05 9.997E-05 9.997E-05
0.0907462 0.903182 9.9982E-05 0.00587136 9.9982E-05
9.997E-05 0.9996 9.997E-05 9.997E-05 9.997E-05
9.997E-05 0.9996 9.997E-05 9.997E-05 9.997E-05
9.997E-05 0.9996 9.997E-05 9.997E-05 9.997E-05
0.0505282 0.944308 9.9982E-05 9.9982E-05 0.00496423
9.997E-05 0.9996 9.997E-05 9.997E-05 9.997E-05
9.997E-05 0.9996 9.997E-05 9.997E-05 9.997E-05
