9.997E-05 9.997E-05 9.997E-05 9.997E-05 0.9996
0.025078 9.9982E-05 0.0478609 9.9982E-05 0.926861
9.9973E-05 0.0624964 9.9973E-05 9.9973E-05 0.937204
0.027698 0.159839 0.00514996 0.230229 0.577084
0.0197031 0.0897212 0.0143736 9.9991E-05 0.876102
9.9973E-05 9.9973E-05 9.9973E-05 0.0386908 0.961009
0.00354719 9.9991E-05 0.135257 0.0118118 0.849284
0.0109546 0.0839371 0.0233549 0.0121653 0.869588
9.9982E-05 0.122528 0.0576038 9.9982E-05 0.819668
0.0461563 0.195149 0.0937453 9.9991E-05 0.66485
0.0371065 9.9973E-05 9.9973E-05 0.962594 9.9973E-05
9.9973E-05 9.9973E-05 0.00905228 0.990648 9.9973E-05
9.9973E-05 9.9973E-05 9.9973E-05 0.786064 0.213636
0.0304348 0.0686779 0.00602917 0.834837 0.0600211
0.0962129 0.00562504 9.9991E-05 0.83133 0.0667322
9.997E-05 9.997E-05 9.997E-05 0.9996 9.997E-05
9.997E-05 9.997E-05 9.997E-05 0.9996 9.997E-05
9.9982E-05 0.161875 0.2072 0.630726 9.9982E-05
0.00472632 0.177299 9.9982E-05 0.817775 9.9982E-05
9.9982E-05 0.0383775 9.9982E-05 0.89609 0.0653321
9.999E-05 0.0323511 0.0859064 0.793738 0.0879046
9.9982E-05 9.9982E-05 0.0983108 0.632112 0.269378
0.00149579 9.9982E-05 9.9982E-05 0.991995 0.00630955
9.9982E-05 0.0648076 0.0652526 0.86974 9.9982E-05
0.0429332 0.0175522 0.13783 0.785561 0.016124
9.9991E-05 0.0600338 0.198915 0.708122 0.0328284
9.9973E-05 0.381479 9.9973E-05 0.618221 9.9973E-05
0.0121556 0.0414694 0.351505 0.53398 0.0608899
9.9991E-05 0.083842 0.318695 0.567837 0.0295258
9.9973E-05 9.9973E-05 0.305555 0.694145 9.9973E-05
9.9982E-05 0.488672 0.391787 9.9982E-05 0.119341
9.9982E-05 0.485334 0.292063 9.9982E-05 0.222403
9.9982E-05 0.655544 0.183328 0.160929 9.9982E-05
9.9973E-05 0.930594 9.9973E-05 0.0691057 9.9973E-05
9.9982E-05 0.540181 0.0562303 0.403389 9.9982E-05
9.9991E-05 0.651662 0.167549 0.0494628 0.131227
9.9982E-05 0.531876 9.9982E-05 0.214557 0.253367
9.9991E-05 0.624621 0.128822 0.211886 0.0345706
0.00268425 0.871829 9.9982E-05 0.125287 9.9982E-05
0.0320919 0.395114 0.33267 0.217596 0.0225285
9.9991E-05 0.792892 0.0701614 0.0142059 0.12264
9.9991E-05 0.36617 0.403795 0.116516 0.113419
0.00156239 0.652494 0.149999 0.195001 0.000943557
0.00503646 0.804354 9.9982E-05 0.19041 9.9982E-05
9.9973E-05 0.919242 0.0804577 9.9973E-05 9.9973E-05
0.0216868 0.798937 0.124009 9.9991E-05 0.0552666
0.0497537 0.818939 0.131107 9.9982E-05 9.9982E-05
9.9973E-05 0.8228 0.1769 9.9973E-05 9.9973E-05
9.9991E-05 0.752438 0.0265207 0.129863 0.0910786
9.9982E-05 0.792649 0.117616 9.9982E-05 0.0895353
9.9973E-05 0.839133 0.160567 9.9973E-05 9.9973E-05
0.0162992 0.983401 9.9973E-05 9.9973E-05 9.9973E-05
0.00928561 0.702066 0.288448 9.9982E-05 9.9982E-05
9.9973E-05 0.843166 0.156534 9.9973E-05 9.9973E-05
9.997E-05 0.9996 9.997E-05 9.997E-05 9.997E-05
0.0615442 0.728376 0.20988 9.9982E-05 9.9982E-05
9.9991E-05 0.145461 0.826564 0.0116225 0.0162526
9.9991E-05 0.0458485 0.681603 0.205254 0.0671945
9.9991E-05 0.104921 0.77811 0.0257575 0.0911119
9.9991E-05 0.10099 0.636735 0.0931271 0.169047
9.9982E-05 0.128369 0.823498 0.0479334 9.9982E-05
0.0865578 0.323508 0.503023 9.9991E-05 0.0868107
9.9991E-05 0.117915 0.828319 0.0309827 0.022683
0.0303151 9.9973E-05 0.969385 9.9973E-05 9.9973E-05
0.0161608 9.9982E-05 0.905018 0.0786207 9.9982E-05
9.997E-05 9.997E-05 0.9996 9.997E-05 9.997E-05
9.997E-05 9.997E-05 0.9996 9.997E-05 9.997E-05
9.997E-05 9.997E-05 0.9996 9.997E-05 9.997E-05
9.997E-05 9.997E-05 0.9996 9.997E-05 9.997E-05
9.997E-05 9.997E-05 0.9996 9.997E-05 9.997E-05
9.997E-05 9.997E-05 0.9996 9.997E-05 9.997E-05
0.00321408 0.217212 0.692791 9.9991E-05 0.0866834
0.0160448 9.9973E-05 0.983655 9.9973E-05 9.9973E-05
0.0630488 0.144756 0.700128 0.065111 0.0269559
0.541973 0.0802149 0.317639 0.0600723 9.9991E-05
0.9996 9.997E-05 9.997E-05 9.997E-05 9.997E-05
0.0681824 0.213594 0.637718 0.0342936 0.0462116
