9.997E-05 9.997E-05 9.997E-05 9.997E-05 0.9996
0.485343 0.0805775 9.9991E-05 0.085607 0.348373
0.42315 0.141322 9.9991E-05 0.0789207 0.356507
0.753443 9.9973E-05 9.9973E-05 9.9973E-05 0.246257
0.781187 9.9982E-05 0.0720349 9.9982E-05 0.146578
0.731599 0.0205023 9.9991E-05 0.0188695 0.22893
0.608686 9.9973E-05 9.9973E-05 9.9973E-05 0.391014
0.567807 0.0911978 9.9982E-05 9.9982E-05 0.340795
0.712836 0.0489113 9.9982E-05 9.9982E-05 0.238052
9.997E-05 9.997E-05 9.997E-05 9.997E-05 0.9996
9.997E-05 9.997E-05 9.997E-05 9.997E-05 0.9996
9.997E-05 9.997E-05 9.997E-05 9.997E-05 0.9996
9.997E-05 9.997E-05 9.997E-05 9.997E-05 0.9996
9.9973E-05 9.9973E-05 0.0259539 9.9973E-05 0.973746
9.9982E-05 0.0210396 0.00850142 9.9982E-05 0.970259
0.742719 0.0707942 9.9982E-05 9.9982E-05 0.186287
0.562182 0.0765344 0.0688708 0.0456188 0.246794
0.729484 0.000569725 9.9991E-05 0.00725208 0.262594
0.96256 9.9973E-05 9.9973E-05 9.9973E-05 0.0371403
0.9996 9.997E-05 9.997E-05 9.997E-05 9.997E-05
0.859029 9.9973E-05 9.9973E-05 9.9973E-05 0.140671
0.934524 0.0420203 9.9982E-05 9.9982E-05 0.0232559
0.924505 0.0328361 9.9982E-05 9.9982E-05 0.0424592
0.913914 9.9973E-05 9.9973E-05 9.9973E-05 0.0857863
0.939366 9.9973E-05 9.9973E-05 9.9973E-05 0.0603341
0.907365 9.9982E-05 0.0693389 9.9982E-05 0.0230965
0.882266 0.0497658 0.0498558 9.9991E-05 0.0180122
0.971476 9.9973E-05 9.9973E-05 9.9973E-05 0.028224
0.889289 9.9973E-05 9.9973E-05 9.9973E-05 0.110412
0.86744 9.9973E-05 9.9973E-05 9.9973E-05 0.13226
0.87626 9.9973E-05 9.9973E-05 9.9973E-05 0.12344
0.932156 9.9991E-05 0.0159735 0.00892645 0.0428442
0.912887 0.0112772 0.0135692 9.9991E-05 0.0621666
0.737232 0.0931239 0.0830759 9.9991E-05 0.0864686
0.928349 0.0249985 0.0407582 9.9991E-05 0.00579418
0.883213 9.9973E-05 9.9973E-05 9.9973E-05 0.116487
0.983775 0.0103822 0.00564266 9.9982E-05 9.9982E-05
0.832793 0.0243788 0.122408 9.9991E-05 0.0203203
0.81852 0.03561 0.0522039 0.0493558 0.0443107
0.836846 9.9991E-05 0.111114 0.0204914 0.0314491
0.734061 0.0546873 0.158204 0.0529476 9.9991E-05
0.673221 0.0955749 0.193416 0.037688 9.9991E-05
0.7784 0.0911231 0.0288612 0.0601923 0.0414234
0.83234 0.0492834 0.0671732 0.0511031 9.9991E-05
0.746682 0.0739724 0.179145 9.9982E-05 9.9982E-05
0.942212 0.0458539 0.0117338 9.9982E-05 9.9982E-05
0.924454 0.0252369 0.0501093 9.9982E-05 9.9982E-05
0.900449 0.0471764 0.0521751 9.9982E-05 9.9982E-05
0.664651 0.0948384 0.185257 9.9991E-05 0.0551541
0.732293 0.0184267 0.109089 0.0383057 0.101886
0.822401 0.0462265 0.0269971 0.0716717 0.0327037
0.822124 0.0671917 0.108487 0.00209659 9.9991E-05
0.821133 0.0344731 0.144194 9.9982E-05 9.9982E-05
0.714 0.00869399 0.2257 0.0307712 0.020835
0.637645 0.0261846 0.218471 0.0832445 0.0344556
0.694667 0.117076 0.141183 0.0469744 9.9991E-05
0.633522 0.104711 0.182471 9.9991E-05 0.0791964
0.792259 9.9982E-05 0.157112 0.0504286 9.9982E-05
0.902424 0.0631093 0.0342668 9.9982E-05 9.9982E-05
0.794217 0.030572 0.101326 0.028197 0.0456878
0.75775 0.0104222 0.231628 9.9982E-05 9.9982E-05
0.730582 9.9982E-05 0.237925 0.0312928 9.9982E-05
0.759524 0.051756 0.127511 0.0611091 9.9991E-05
0.624593 0.0985959 0.251074 0.0256376 9.9991E-05
0.749375 9.9982E-05 0.250107 0.000318635 9.9982E-05
0.699936 0.112081 0.152618 0.0352655 9.9991E-05
0.680638 0.0614323 0.159592 0.0982376 9.9991E-05
0.615407 0.0549516 0.259091 0.0627482 0.00780135
0.846856 0.0449243 0.0649881 0.0431318 9.9991E-05
0.668729 0.115283 0.16978 0.0461073 9.9991E-05
0.769735 0.0791236 0.0331295 0.105909 0.0121033
0.691943 0.0773386 0.178242 0.0523771 9.9991E-05
0.827212 0.0242507 0.109543 0.00750148 0.0314933
0.800509 0.00418607 0.195105 9.9982E-05 9.9982E-05
0.541979 0.0686062 0.341735 0.0133397 0.0343405
0.733514 9.9982E-05 0.230605 0.0356815 9.9982E-05
0.72931 0.0767871 0.0870693 0.106733 9.9991E-05
0.629438 0.055577 0.160621 0.140076 0.0142877
0.37757 0.0207818 0.454147 0.147401 9.9991E-05
0.379836 0.0542513 0.411518 0.154295 9.9991E-05
0.448434 0.0779111 0.387027 0.0865285 9.9991E-05
0.351763 0.0724038 0.40068 0.175053 9.9991E-05
0.407363 0.0744538 0.412193 0.10589 9.9991E-05
0.480163 0.0494698 0.281108 0.18916 9.9991E-05
0.446026 0.0720824 0.281835 0.197312 0.00274395
0.445894 0.0899371 0.250939 0.213129 9.9991E-05
0.530561 0.130857 0.190028 0.112081 0.0364732
0.553578 9.9982E-05 0.272786 0.173436 9.9982E-05
0.337095 0.0961009 0.400853 0.15303 0.0129206
0.364682 0.113999 0.397673 0.106252 0.0173929
0.498096 0.096329 0.228801 0.163047 0.0137278
0.503173 0.0780206 0.245626 0.153662 0.0195178
0.337382 0.106871 0.314152 0.201114 0.0404814
9.997E-05 9.997E-05 9.997E-05 0.9996 9.997E-05
9.9973E-05 9.9973E-05 9.9973E-05 0.981877 0.0178235
0.0403231 0.0252515 0.0101855 0.900183 0.0240568
9.997E-05 9.997E-05 9.997E-05 0.9996 9.997E-05
9.997E-05 9.997E-05 9.997E-05 0.9996 9.997E-05
9.997E-05 9.997E-05 9.997E-05 0.9996 9.997E-05
9.9973E-05 9.9973E-05 9.9973E-05 0.995855 0.00384483
0.066129 9.9982E-05 0.0404737 0.893197 9.9982E-05
9.9973E-05 9.9973E-05 0.00617128 0.993529 9.9973E-05
9.997E-05 9.997E-05 9.997E-05 0.9996 9.997E-05
0.229037 0.0808253 0.56128 0.128758 9.9991E-05
0.0518889 0.000990618 9.9982E-05 0.94692 9.9982E-05
9.997E-05 9.997E-05 9.997E-05 0.9996 9.997E-05
9.997E-05 9.997E-05 9.997E-05 0.9996 9.997E-05
0.20229 0.0364309 0.60167 0.159509 9.9991E-05
0.290893 0.0802415 0.502287 0.126479 9.9991E-05
0.23856 0.0429689 0.57541 0.142961 9.9991E-05
0.240016 0.0892292 0.483674 0.186981 9.9991E-05
0.245302 0.0721558 0.536431 0.146012 9.9991E-05
0.343624 0.0702052 0.445074 0.140997 9.9991E-05
0.370152 0.0461347 0.415269 0.168344 9.9991E-05
0.257462 0.027944 0.575011 0.139483 9.9991E-05
0.199535 0.0916038 0.422804 0.285957 9.9991E-05
0.206515 0.098529 0.442894 0.251962 9.9991E-05
0.420954 0.0937066 0.356891 0.128348 9.9991E-05
0.323978 0.0540208 0.406193 0.215708 9.9991E-05
0.227175 0.123065 0.548177 0.0911649 0.0104178
0.289305 0.0649 0.506219 0.139476 9.9991E-05
9.9973E-05 0.073834 0.925866 9.9973E-05 9.9973E-05
9.9982E-05 0.0160854 0.96114 0.0225745 9.9982E-05
9.997E-05 9.997E-05 0.9996 9.997E-05 9.997E-05
9.997E-05 9.997E-05 0.9996 9.997E-05 9.997E-05
9.9973E-05 9.9973E-05 0.999521 0.000179324 9.9973E-05
9.997E-05 9.997E-05 0.9996 9.997E-05 9.997E-05
9.997E-05 9.997E-05 0.9996 9.997E-05 9.997E-05
0.0761819 9.9991E-05 0.871134 0.0283716 0.0242121
9.9973E-05 0.0115753 0.988125 9.9973E-05 9.9973E-05
9.9973E-05 0.00784631 0.991854 9.9973E-05 9.9973E-05
9.9991E-05 0.0207724 0.899346 0.0607638 0.0190177
9.9982E-05 0.00368552 0.994109 0.00200561 9.9982E-05
9.9982E-05 0.115356 0.869652 0.0147913 9.9982E-05
9.997E-05 0.9996 9.997E-05 9.997E-05 9.997E-05
0.231694 0.10463 0.425926 0.23765 9.9991E-05
9.997E-05 0.9996 9.997E-05 9.997E-05 9.997E-05
9.997E-05 0.9996 9.997E-05 9.997E-05 9.997E-05
9.9973E-05 0.957747 9.9973E-05 0.0419528 9.9973E-05
0.12046 0.81115 0.0681905 9.9982E-05 9.9982E-05
9.997E-05 0.9996 9.997E-05 9.997E-05 9.997E-05
0.0883453 0.85944 9.9991E-05 0.00733255 0.0447825
9.9973E-05 0.969166 9.9973E-05 0.0305338 9.9973E-05
0.0538379 0.945862 9.9973E-05 9.9973E-05 9.9973E-05
0.0170318 0.969201 9.9982E-05 9.9982E-05 0.0135673
0.0109864 0.988714 9.9973E-05 9.9973E-05 9.9973E-05
9.9991E-05 0.982189 0.00407926 0.0132753 0.00035671
9.9982E-05 0.865332 0.100776 0.033692 9.9982E-05
0.0572769 0.942423 9.9973E-05 9.9973E-05 9.9973E-05
0.0605478 0.901879 0.036278 0.00119531 9.9991E-05
0.0608696 0.860406 0.076905 9.9991E-05 0.00171967
9.9982E-05 0.914966 0.0586024 9.9982E-05 0.0262312
9.9982E-05 0.95445 0.0436036 9.9982E-05 0.00174626
0.24213 0.047041 0.584705 0.0925491 0.0335748
0.361061 0.101791 0.468692 0.0519581 0.0164983
0.29302 0.0823056 0.457938 0.135678 0.0310588
0.276811 0.0855824 0.532571 0.0540737 0.050962
0.020775 0.0448681 0.79908 0.135177 9.9991E-05
9.99821E-05 0.0119157 0.886099 0.101785 9.99821E-05
9.9991E-05 0.0536611 0.790772 0.133266 0.0222003
0.0193801 0.0552134 0.795586 0.127939 0.00188115
9.9991E-05 0.0451954 0.751567 0.169594 0.0335427
0.0076865 0.0590119 0.751287 0.171546 0.0104681
0.0661945 0.00773142 0.765329 0.154721 0.00602361
0.139684 0.0288549 0.667627 0.121401 0.042433
0.131749 0.0640464 0.678832 0.121079 0.00429402
9.9973E-05 9.9973E-05 0.9866 9.9973E-05 0.0131005
9.9973E-05 9.9973E-05 0.948708 9.9973E-05 0.0509917
9.9973E-05 9.9973E-05 0.969053 9.9973E-05 0.0306472
9.9973E-05 9.9973E-05 0.945276 9.9973E-05 0.0544237
9.9973E-05 9.9973E-05 0.979259 9.9973E-05 0.0204411
0.0387825 9.9982E-05 0.904175 9.9982E-05 0.0568425
9.9973E-05 9.9973E-05 0.946634 9.9973E-05 0.0530663
9.9973E-05 9.9973E-05 0.968607 9.9973E-05 0.0310935
0.0251351 9.9982E-05 0.901401 9.9982E-05 0.0732643
9.9973E-05 9.9973E-05 0.96285 9.9973E-05 0.0368503
9.9973E-05 9.9973E-05 0.95435 9.9973E-05 0.0453504
9.9973E-05 9.9973E-05 0.949185 9.9973E-05 0.0505149
