0.9997 9.998E-05 9.998E-05 9.998E-05
0.888596 9.9982E-05 9.9982E-05 0.111204
0.912874 9.9982E-05 9.9982E-05 0.0869258
0.653432 0.16445 0.0381902 0.143927
0.784932 9.9991E-05 0.200256 0.0147115
0.922997 0.0768029 9.9982E-05 9.9982E-05
0.841318 0.0273765 0.122279 0.00902622
0.815738 0.0553691 0.128792 9.9991E-05
0.61842 9.9982E-05 0.381381 9.9982E-05
0.664282 9.9991E-05 0.0487323 0.286886
9.9991E-05 0.924982 0.0470383 0.0278802
9.9982E-05 0.988984 0.0108162 9.9982E-05
0.272709 0.727091 9.9982E-05 9.9982E-05
9.9982E-05 0.906791 9.9982E-05 0.0930089
0.0320116 0.813141 9.9991E-05 0.154747
9.998E-05 0.9997 9.998E-05 9.998E-05
9.998E-05 0.9997 9.998E-05 9.998E-05
9.9991E-05 0.73171 0.227288 0.0409015
9.9991E-05 0.806535 0.155561 0.0378038
9.998E-05 0.9997 9.998E-05 9.998E-05
0.109863 0.782198 0.0651311 0.0428078
0.318064 0.618621 0.0632151 9.9991E-05
0.0273808 0.972419 9.9982E-05 9.9982E-05
9.9991E-05 0.925077 0.0265639 0.0482589
0.00329102 0.827133 9.9991E-05 0.169476
0.007655 0.676573 0.0704249 0.245347
9.9982E-05 0.458663 0.541137 9.9982E-05
0.0590066 0.498524 0.103382 0.339087
0.0302266 0.557279 0.119749 0.292746
9.9991E-05 0.55362 0.116192 0.330089
0.0437887 0.00252536 0.7379 0.215786
0.17636 0.117377 0.687433 0.0188306
9.9991E-05 0.133342 0.772737 0.0938209
9.9982E-05 0.138768 0.861032 9.9982E-05
9.9982E-05 0.314316 0.685484 9.9982E-05
0.0872269 0.0112032 0.771026 0.130544
0.285238 0.103774 0.610889 9.9991E-05
0.0201743 0.211481 0.693145 0.0752
9.9982E-05 0.0816967 0.918103 9.9982E-05
0.0454422 0.0926545 0.536898 0.325005
0.0741577 0.00935875 0.860076 0.0564071
0.118478 0.110196 0.517484 0.253842
0.034735 0.142364 0.793029 0.0298719
9.9991E-05 0.250226 0.717785 0.0318894
9.9991E-05 0.0920591 0.647469 0.260372
9.9982E-05 9.9982E-05 0.90173 0.0980702
9.998E-05 9.998E-05 0.9997 9.998E-05
9.9982E-05 9.9982E-05 0.942376 0.0574237
0.129264 0.055711 0.814925 9.9991E-05
0.0733232 0.0395859 0.702964 0.184127
9.9982E-05 9.9982E-05 0.969995 0.0298046
9.998E-05 9.998E-05 0.9997 9.998E-05
9.9982E-05 9.9982E-05 0.815572 0.184228
9.998E-05 9.998E-05 0.9997 9.998E-05
9.998E-05 9.998E-05 0.9997 9.998E-05
0.0228299 9.9991E-05 0.741233 0.235837
0.0133167 0.0447231 0.11509 0.82687
0.0242414 0.110931 0.318696 0.546132
0.0580703 9.9991E-05 0.265841 0.675989
0.197079 9.9991E-05 0.213464 0.589357
0.0174111 0.0385028 0.182852 0.761235
0.0693539 9.9991E-05 0.255682 0.674864
0.0548716 9.9991E-05 0.177357 0.767672
9.998E-05 9.998E-05 9.998E-05 0.9997
9.9991E-05 0.00570265 0.161917 0.83228
9.9982E-05 9.9982E-05 0.00622779 0.993572
9.9982E-05 9.9982E-05 0.0505951 0.949205
9.9982E-05 0.0255823 9.9982E-05 0.974218
9.998E-05 9.998E-05 9.998E-05 0.9997
9.9982E-05 9.9982E-05 0.0851716 0.914628
9.9982E-05 9.9982E-05 0.0591666 0.940633
0.0864136 0.0198848 0.262541 0.631161
0.00215416 9.9991E-05 0.0807452 0.917001
0.043575 0.0126144 0.238981 0.704829
9.9982E-05 0.0373822 9.9982E-05 0.962418
9.998E-05 9.998E-05 9.998E-05 0.9997
0.047413 0.057564 0.230019 0.665004
