9.98742E-05 9.98742E-05 9.98742E-05 9.98742E-05 9.98742E-05 9.98742E-05 9.98742E-05 9.98742E-05 9.98742E-05 9.98742E-05 0.998602 9.98742E-05 9.98742E-05 9.98742E-05 9.98742E-05
9.9928E-05 9.9928E-05 0.127949 0.0159566 9.9928E-05 0.0225867 0.0369042 9.9928E-05 9.9928E-05 9.9928E-05 0.688993 9.9928E-05 0.0797344 0.0270767 9.9928E-05
9.98741E-05 9.98741E-05 9.98741E-05 9.98741E-05 9.98741E-05 9.98741E-05 9.98741E-05 9.98741E-05 0.998602 9.98741E-05 9.98741E-05 9.98741E-05 9.98741E-05 9.98741E-05 9.98741E-05
0.00123323 9.9919E-05 9.9919E-05 9.9919E-05 9.9919E-05 9.9919E-05 9.9919E-05 0.0777979 0.728627 0.152423 9.9919E-05 9.9919E-05 9.9919E-05 0.00184174 0.0371779
0.0212948 9.9901E-05 9.9901E-05 9.9901E-05 9.9901E-05 0.8839 0.0521861 9.9901E-05 0.0415202 9.9901E-05 9.9901E-05 9.9901E-05 9.9901E-05 9.9901E-05 9.9901E-05
9.99011E-05 9.99011E-05 9.99011E-05 9.99011E-05 9.99011E-05 0.0517262 0.0790131 0.0899073 9.99011E-05 9.99011E-05 0.778255 9.99011E-05 9.99011E-05 9.99011E-05 9.99011E-05
9.991E-05 0.094282 9.991E-05 9.991E-05 9.991E-05 0.0160963 9.991E-05 9.991E-05 9.991E-05 9.991E-05 0.808961 0.0768646 9.991E-05 0.00279672 9.991E-05
9.98741E-05 9.98741E-05 9.98741E-05 9.98741E-05 9.98741E-05 0.998602 9.98741E-05 9.98741E-05 9.98741E-05 9.98741E-05 9.98741E-05 9.98741E-05 9.98741E-05 9.98741E-05 9.98741E-05
9.9928E-05 9.9928E-05 0.0222594 0.159323 0.0744376 0.320153 9.9928E-05 9.9928E-05 0.298515 9.9928E-05 0.114149 9.9928E-05 0.0103644 9.9928E-05 9.9928E-05
9.9946E-05 0.0255987 0.189282 9.9946E-05 0.131483 0.297233 0.00205403 9.9946E-05 0.0465023 9.9946E-05 0.150786 9.9946E-05 0.128955 0.0275069 9.9946E-05
9.98921E-05 9.98921E-05 9.98921E-05 9.98921E-05 9.98921E-05 9.98921E-05 0.935773 9.98921E-05 9.98921E-05 0.0524814 9.98921E-05 9.98921E-05 9.98921E-05 0.0105472 9.98921E-05
0.0597989 0.257613 9.98921E-05 9.98921E-05 9.98921E-05 9.98921E-05 0.68139 9.98921E-05 9.98921E-05 9.98921E-05 9.98921E-05 9.98921E-05 9.98921E-05 9.98921E-05 9.98921E-05
9.98831E-05 9.98831E-05 9.98831E-05 9.98831E-05 9.98831E-05 9.98831E-05 0.93321 9.98831E-05 9.98831E-05 9.98831E-05 0.0654918 9.98831E-05 9.98831E-05 9.98831E-05 9.98831E-05
9.98741E-05 0.998602 9.98741E-05 9.98741E-05 9.98741E-05 9.98741E-05 9.98741E-05 9.98741E-05 9.98741E-05 9.98741E-05 9.98741E-05 9.98741E-05 9.98741E-05 9.98741E-05 9.98741E-05
0.428958 0.0304023 9.9946E-05 9.9946E-05 0.15339 9.9946E-05 0.0830598 9.9946E-05 0.0639269 9.9946E-05 0.0054541 9.9946E-05 0.160073 0.0450689 0.0290674
0.0422693 9.9946E-05 9.9946E-05 9.9946E-05 0.00569353 9.9946E-05 0.39521 0.0506493 9.9946E-05 0.0102728 0.0370158 9.9946E-05 0.258238 0.0105604 0.189492
0.0880668 9.9901E-05 9.9901E-05 9.9901E-05 9.9901E-05 9.9901E-05 0.013293 0.848121 9.9901E-05 9.9901E-05 9.9901E-05 9.9901E-05 9.9901E-05 9.9901E-05 0.0494205
0.323069 0.0209472 0.0545628 0.109423 9.9928E-05 9.9928E-05 9.9928E-05 0.256495 9.9928E-05 0.084369 9.9928E-05 9.9928E-05 0.150334 9.9928E-05 9.9928E-05
0.376973 0.269076 9.9946E-05 0.0365122 9.9946E-05 9.9946E-05 0.125627 0.102346 9.9946E-05 0.0182253 9.9946E-05 0.0134976 0.0564609 0.000682572 9.9946E-05
9.9874E-05 9.9874E-05 9.9874E-05 9.9874E-05 9.9874E-05 9.9874E-05 9.9874E-05 9.9874E-05 9.9874E-05 9.9874E-05 9.9874E-05 9.9874E-05 0.998602 9.9874E-05 9.9874E-05
9.9937E-05 0.16436 0.190092 9.9937E-05 9.9937E-05 9.9937E-05 0.146611 0.238751 0.0110758 0.0387436 0.0652925 9.9937E-05 0.144373 9.9937E-05 9.9937E-05
0.256497 9.9928E-05 9.9928E-05 0.0753097 9.9928E-05 0.347142 9.9928E-05 9.9928E-05 9.9928E-05 0.00276058 0.0250556 9.9928E-05 0.0394075 9.9928E-05 0.253028
9.98741E-05 9.98741E-05 9.98741E-05 9.98741E-05 9.98741E-05 9.98741E-05 9.98741E-05 9.98741E-05 9.98741E-05 9.98741E-05 9.98741E-05 9.98741E-05 9.98741E-05 9.98741E-05 0.998602
9.98741E-05 9.98741E-05 9.98741E-05 9.98741E-05 9.98741E-05 9.98741E-05 9.98741E-05 0.998602 9.98741E-05 9.98741E-05 9.98741E-05 9.98741E-05 9.98741E-05 9.98741E-05 9.98741E-05
0.122196 0.118116 0.0888924 0.183632 9.9946E-05 9.9946E-05 0.354976 0.0909364 0.00561752 9.9946E-05 9.9946E-05 9.9946E-05 0.0305783 0.00445644 9.9946E-05
0.00655305 0.787383 0.0926389 9.9928E-05 0.0126711 9.9928E-05 9.9928E-05 9.9928E-05 9.9928E-05 9.9928E-05 0.0443843 0.000685082 9.9928E-05 9.9928E-05 0.0548854
0.871327 9.99011E-05 9.99011E-05 9.99011E-05 0.0598811 9.99011E-05 9.99011E-05 0.00844949 9.99011E-05 0.0592436 9.99011E-05 9.99011E-05 9.99011E-05 9.99011E-05 9.99011E-05
0.540399 9.9937E-05 0.189365 9.9937E-05 9.9937E-05 0.044925 0.0382664 9.9937E-05 0.064412 0.0415663 9.9937E-05 9.9937E-05 9.9937E-05 0.0389407 0.0414258
0.618017 0.0882926 0.0954079 0.144055 9.9919E-05 9.9919E-05 9.9919E-05 9.9919E-05 9.9919E-05 9.9919E-05 0.0478876 0.00544052 9.9919E-05 9.9919E-05 9.9919E-05
0.998602 9.98741E-05 9.98741E-05 9.98741E-05 9.98741E-05 9.98741E-05 9.98741E-05 9.98741E-05 9.98741E-05 9.98741E-05 9.98741E-05 9.98741E-05 9.98741E-05 9.98741E-05 9.98741E-05
9.99011E-05 9.99011E-05 0.20033 0.523811 9.99011E-05 9.99011E-05 9.99011E-05 9.99011E-05 0.140221 9.99011E-05 9.99011E-05 0.13454 9.99011E-05 9.99011E-05 9.99011E-05
0.0396381 9.9937E-05 0.0753733 0.476782 9.9937E-05 9.9937E-05 0.0462253 9.9937E-05 0.147779 9.9937E-05 0.027972 0.176674 9.9937E-05 0.00885731 9.9937E-05
0.0552787 9.9928E-05 0.102829 0.7782 0.00515219 9.9928E-05 9.9928E-05 9.9928E-05 0.000179885 0.0366903 9.9928E-05 9.9928E-05 0.0208706 9.9928E-05 9.9928E-05
9.98741E-05 9.98741E-05 9.98741E-05 9.98741E-05 0.998602 9.98741E-05 9.98741E-05 9.98741E-05 9.98741E-05 9.98741E-05 9.98741E-05 9.98741E-05 9.98741E-05 9.98741E-05 9.98741E-05
0.0847069 0.016032 9.9919E-05 0.738476 9.9919E-05 9.9919E-05 0.129605 9.9919E-05 9.9919E-05 9.9919E-05 9.9919E-05 9.9919E-05 0.000213376 9.9919E-05 0.0300673
9.99101E-05 0.0839577 9.99101E-05 0.846408 9.99101E-05 9.99101E-05 9.99101E-05 9.99101E-05 0.0184999 0.0461077 0.00402804 9.99101E-05 9.99101E-05 9.99101E-05 9.99101E-05
9.9937E-05 0.009108 9.9937E-05 0.519692 9.9937E-05 0.243634 9.9937E-05 9.9937E-05 9.9937E-05 0.0541256 0.0531785 0.0399887 0.0663839 9.9937E-05 0.0131895
0.0616898 9.9919E-05 9.9919E-05 0.719091 0.0892864 9.9919E-05 9.9919E-05 0.0283107 9.9919E-05 0.0542257 9.9919E-05 9.9919E-05 9.9919E-05 9.9919E-05 0.0464973
9.99011E-05 9.99011E-05 9.99011E-05 0.928562 9.99011E-05 9.99011E-05 9.99011E-05 0.00417514 9.99011E-05 0.0630805 9.99011E-05 9.99011E-05 9.99011E-05 0.00308367 9.99011E-05
0.116754 9.9946E-05 0.119525 0.573283 0.0252746 9.9946E-05 0.0103317 9.9946E-05 9.9946E-05 0.0767527 0.01848 9.9946E-05 0.0065481 0.0524513 9.9946E-05
9.98921E-05 9.98921E-05 9.98921E-05 0.957413 0.00494951 0.0364392 9.98921E-05 9.98921E-05 9.98921E-05 9.98921E-05 9.98921E-05 9.98921E-05 9.98921E-05 9.98921E-05 9.98921E-05
0.0470297 0.121971 0.2721 0.130157 0.188686 0.0401645 0.00229906 9.9955E-05 0.0555322 9.9955E-05 0.00121284 0.140347 9.9955E-05 9.9955E-05 9.9955E-05
9.991E-05 9.991E-05 0.176282 0.477828 0.22922 9.991E-05 0.0753117 9.991E-05 9.991E-05 9.991E-05 9.991E-05 0.0403592 9.991E-05 9.991E-05 9.991E-05
9.98831E-05 9.98831E-05 9.98831E-05 9.98831E-05 0.996568 9.98831E-05 9.98831E-05 9.98831E-05 9.98831E-05 9.98831E-05 9.98831E-05 9.98831E-05 9.98831E-05 0.00213315 9.98831E-05
9.99012E-05 9.99012E-05 0.0148939 9.99012E-05 0.017355 9.99012E-05 0.202835 9.99012E-05 9.99012E-05 9.99012E-05 9.99012E-05 0.763817 9.99012E-05 9.99012E-05 9.99012E-05
0.0378429 0.121588 0.0413872 0.0302859 9.9946E-05 9.9946E-05 0.0279134 9.9946E-05 9.9946E-05 0.0112156 0.00611925 0.709647 9.9946E-05 0.013401 9.9946E-05
9.99191E-05 9.99191E-05 0.00526167 0.0361932 0.032963 9.99191E-05 9.99191E-05 0.119085 9.99191E-05 9.99191E-05 9.99191E-05 0.778956 9.99191E-05 0.0266424 9.99191E-05
9.98921E-05 9.98921E-05 0.0454995 9.98921E-05 9.98921E-05 9.98921E-05 9.98921E-05 9.98921E-05 9.98921E-05 0.0108448 9.98921E-05 0.942457 9.98921E-05 9.98921E-05 9.98921E-05
0.137517 0.0536671 9.9919E-05 0.0165359 9.9919E-05 0.0519094 9.9919E-05 9.9919E-05 0.10596 9.9919E-05 9.9919E-05 0.633512 9.9919E-05 9.9919E-05 9.9919E-05
9.9937E-05 0.0807018 0.0168261 0.144689 0.0315988 0.0750087 0.0239653 9.9937E-05 0.0446879 9.9937E-05 9.9937E-05 0.581823 9.9937E-05 9.9937E-05 9.9937E-05
9.99101E-05 9.99101E-05 0.0776286 9.99101E-05 0.0238536 9.99101E-05 9.99101E-05 9.99101E-05 9.99101E-05 0.872515 9.99101E-05 9.99101E-05 0.0156187 9.99101E-05 0.0093849
9.99011E-05 9.99011E-05 9.99011E-05 9.99011E-05 9.99011E-05 0.00434715 9.99011E-05 9.99011E-05 9.99011E-05 0.93257 0.0209843 0.0409997 9.99011E-05 9.99011E-05 9.99011E-05
9.98832E-05 9.98832E-05 0.156586 9.98832E-05 9.98832E-05 9.98832E-05 9.98832E-05 9.98832E-05 9.98832E-05 0.842115 9.98832E-05 9.98832E-05 9.98832E-05 9.98832E-05 9.98832E-05
9.9892E-05 9.9892E-05 9.9892E-05 0.059591 9.9892E-05 9.9892E-05 9.9892E-05 9.9892E-05 9.9892E-05 0.933403 9.9892E-05 9.9892E-05 9.9892E-05 9.9892E-05 0.00580709
9.98921E-05 9.98921E-05 9.98921E-05 9.98921E-05 0.0433673 9.98921E-05 9.98921E-05 9.98921E-05 9.98921E-05 9.98921E-05 9.98921E-05 0.940569 0.0148653 9.98921E-05 9.98921E-05
0.0261702 9.99011E-05 9.99011E-05 9.99011E-05 9.99011E-05 9.99011E-05 9.99011E-05 9.99011E-05 9.99011E-05 9.99011E-05 9.99011E-05 0.888679 9.99011E-05 0.0525999 0.0314518
0.0890005 9.99191E-05 0.663639 0.0725056 9.99191E-05 9.99191E-05 9.99191E-05 0.0703554 9.99191E-05 9.99191E-05 9.99191E-05 0.087785 9.99191E-05 0.015815 9.99191E-05
0.0222018 0.0131382 0.736893 0.0738012 0.0255974 0.0615118 9.9955E-05 0.0223358 9.9955E-05 9.9955E-05 9.9955E-05 0.0108862 0.0290742 9.9955E-05 0.00406033
0.0219792 9.9946E-05 0.721778 0.019249 9.9946E-05 9.9946E-05 9.9946E-05 0.0297111 0.0350346 0.100994 0.0128209 0.0323622 9.9946E-05 9.9946E-05 0.0254721
0.0437855 9.9937E-05 0.593069 0.0563377 0.0780472 0.116787 9.9937E-05 9.9937E-05 9.9937E-05 9.9937E-05 0.0562184 0.0457925 9.9937E-05 9.9937E-05 0.00926336
9.99201E-05 9.99201E-05 0.780371 0.000679001 9.99201E-05 9.99201E-05 9.99201E-05 0.0102651 9.99201E-05 0.142377 0.0266367 0.0150841 0.023788 9.99201E-05 9.99201E-05
9.99281E-05 9.99281E-05 0.437556 0.231032 0.233396 9.99281E-05 9.99281E-05 9.99281E-05 0.00967952 0.0125603 0.00194182 9.99281E-05 9.99281E-05 0.073036 9.99281E-05
9.99191E-05 9.99191E-05 0.708378 9.99191E-05 0.144888 0.00436102 0.016455 9.99191E-05 9.99191E-05 0.116536 9.99191E-05 9.99191E-05 9.99191E-05 9.99191E-05 0.00848382
9.98922E-05 9.98922E-05 0.984588 9.98922E-05 9.98922E-05 9.98922E-05 9.98922E-05 9.98922E-05 9.98922E-05 9.98922E-05 9.98922E-05 9.98922E-05 9.98922E-05 0.0107487 0.00346419
0.0128056 0.014825 0.819788 0.0889234 0.0434301 9.9928E-05 9.9928E-05 9.9928E-05 9.9928E-05 9.9928E-05 9.9928E-05 9.9928E-05 0.00375803 0.0156708 9.9928E-05
9.99011E-05 9.99011E-05 0.992484 9.99011E-05 9.99011E-05 9.99011E-05 0.000371939 9.99011E-05 9.99011E-05 0.00308394 9.99011E-05 9.99011E-05 9.99011E-05 9.99011E-05 0.0029613
9.98921E-05 9.98921E-05 0.948223 9.98921E-05 9.98921E-05 9.98921E-05 0.0411438 9.98921E-05 9.98921E-05 9.98921E-05 9.98921E-05 9.98921E-05 0.00943483 9.98921E-05 9.98921E-05
0.0376256 9.99011E-05 0.936474 9.99011E-05 9.99011E-05 9.99011E-05 9.99011E-05 9.99011E-05 0.000481602 9.99011E-05 9.99011E-05 9.99011E-05 9.99011E-05 9.99011E-05 0.0243196
9.98921E-05 9.98921E-05 0.939261 9.98921E-05 9.98921E-05 0.0478853 9.98921E-05 0.0116553 9.98921E-05 9.98921E-05 9.98921E-05 9.98921E-05 9.98921E-05 9.98921E-05 9.98921E-05
9.99011E-05 0.0142008 0.961269 9.99011E-05 9.99011E-05 9.99011E-05 9.99011E-05 9.99011E-05 0.0171713 9.99011E-05 9.99011E-05 9.99011E-05 9.99011E-05 9.99011E-05 0.00626038
9.98922E-05 9.98922E-05 0.878599 0.0784282 0.0417737 9.98922E-05 9.98922E-05 9.98922E-05 9.98922E-05 9.98922E-05 9.98922E-05 9.98922E-05 9.98922E-05 9.98922E-05 9.98922E-05
9.99191E-05 0.115055 0.510781 0.308737 9.99191E-05 0.0141699 9.99191E-05 9.99191E-05 9.99191E-05 9.99191E-05 0.0335277 9.99191E-05 9.99191E-05 0.0168312 9.99191E-05
9.99011E-05 9.99011E-05 0.932147 9.99011E-05 9.99011E-05 0.00942212 9.99011E-05 9.99011E-05 0.0260717 9.99011E-05 9.99011E-05 0.03126 9.99011E-05 9.99011E-05 9.99011E-05
0.0640508 0.0388368 0.56683 0.107271 9.9937E-05 9.9937E-05 9.9937E-05 9.9937E-05 9.9937E-05 0.144886 0.0138953 9.9937E-05 9.9937E-05 0.0438113 0.0197191
0.00951679 0.0350847 0.291806 9.9964E-05 0.0342297 9.9964E-05 0.00619646 9.9964E-05 0.0155231 0.0264 9.9964E-05 0.0275302 0.0213088 0.514199 0.017805
9.98741E-05 9.98741E-05 9.98741E-05 9.98741E-05 9.98741E-05 9.98741E-05 9.98741E-05 9.98741E-05 9.98741E-05 9.98741E-05 9.98741E-05 9.98741E-05 9.98741E-05 0.998602 9.98741E-05
0.0561908 9.9937E-05 0.528989 9.9937E-05 0.153545 9.9937E-05 0.0221263 0.00746647 9.9937E-05 0.097201 0.0621872 9.9937E-05 9.9937E-05 0.0715945 9.9937E-05
