9.999E-05 0.9998 9.999E-05
0.119514 0.674956 0.20553
0.17825 0.668875 0.152875
0.0372378 0.756457 0.206305
9.9991E-05 0.559012 0.440888
0.127562 0.612074 0.260364
0.0207847 0.85502 0.124195
0.112842 0.708584 0.178574
0.104182 0.638181 0.257637
9.999E-05 0.9998 9.999E-05
9.999E-05 0.9998 9.999E-05
9.999E-05 0.9998 9.999E-05
9.999E-05 0.9998 9.999E-05
9.999E-05 0.9998 9.999E-05
9.999E-05 0.9998 9.999E-05
0.114177 0.625599 0.260224
0.111792 0.529758 0.35845
0.0495464 0.686605 0.263848
0.020874 0.456658 0.522467
0.0351245 0.443054 0.521822
0.00159761 0.56981 0.428592
0.106529 0.455469 0.438003
0.0646052 0.470455 0.46494
0.0797591 0.532382 0.387859
9.9991E-05 0.527358 0.472542
0.0338117 0.375773 0.590416
0.0832788 0.424999 0.491722
0.0613285 0.551293 0.387378
0.0540795 0.496105 0.449815
0.00481073 0.603399 0.39179
9.9991E-05 0.551511 0.448389
0.0608388 0.430327 0.508834
0.0600759 0.432644 0.50728
0.0900813 0.408723 0.501196
0.0888041 0.437147 0.474048
0.00708149 0.651879 0.34104
0.0738808 0.363793 0.562327
0.0275307 0.339007 0.633463
0.0615884 0.35835 0.580062
9.9991E-05 0.388473 0.611427
0.089327 0.163863 0.74681
0.115042 0.207111 0.677846
0.14826 0.337915 0.513825
0.0942064 0.216156 0.689637
0.107646 0.227742 0.664612
0.156488 0.323976 0.519536
0.122302 0.296256 0.581443
0.118074 0.253824 0.628102
0.117129 0.30499 0.577881
0.0580086 0.393587 0.548405
0.11056 0.268406 0.621034
0.121143 0.269748 0.609109
0.14076 0.28548 0.573761
0.0294153 0.238598 0.731987
0.0471044 0.266108 0.686788
0.16435 0.214209 0.62144
0.106055 0.291994 0.601951
0.0146027 0.220485 0.764912
0.136132 0.306866 0.557002
0.0845165 0.325518 0.589965
0.0611398 0.254762 0.684098
0.0311525 0.22724 0.741607
0.136576 0.233687 0.629737
0.129582 0.155047 0.71537
9.9991E-05 0.266953 0.732947
0.186644 0.144694 0.668663
0.046754 0.11161 0.841636
0.105249 0.156511 0.73824
0.0944539 0.302331 0.603215
0.164247 0.152338 0.683416
0.139416 0.262804 0.59778
0.111615 0.139204 0.749181
0.0698072 0.264899 0.665293
0.0749735 0.241256 0.683771
0.0455919 0.173625 0.780783
0.054013 0.180135 0.765852
0.107441 0.127665 0.764895
0.038873 0.135203 0.825924
0.062177 0.0609591 0.876864
0.0550449 9.9991E-05 0.944855
0.0838564 0.0660903 0.850053
0.0985133 0.0161546 0.885332
0.036848 0.0585395 0.904613
9.9991E-05 0.142328 0.857572
0.0552457 0.102116 0.842638
0.131373 0.0639769 0.80465
0.112842 0.196024 0.691133
9.9991E-05 0.14509 0.85481
0.0368462 0.110213 0.852941
0.102857 0.0725662 0.824576
0.0976357 0.13742 0.764945
0.137055 0.0881193 0.774826
0.0865485 0.0779643 0.835487
9.999E-05 9.999E-05 0.9998
9.999E-05 9.999E-05 0.9998
9.999E-05 9.999E-05 0.9998
9.999E-05 9.999E-05 0.9998
9.999E-05 9.999E-05 0.9998
9.999E-05 9.999E-05 0.9998
9.999E-05 9.999E-05 0.9998
9.999E-05 9.999E-05 0.9998
9.999E-05 9.999E-05 0.9998
9.999E-05 9.999E-05 0.9998
0.0615794 0.0208274 0.917593
9.999E-05 9.999E-05 0.9998
9.999E-05 9.999E-05 0.9998
9.999E-05 9.999E-05 0.9998
0.0090273 9.9991E-05 0.990873
0.0496142 0.00265449 0.947731
0.0772446 9.9991E-05 0.922655
0.0283123 9.9991E-05 0.971588
0.0557767 9.9991E-05 0.944123
9.9991E-05 0.0468683 0.953032
0.00714607 0.0315389 0.961315
9.999E-05 9.999E-05 0.9998
0.0562174 9.9991E-05 0.943683
0.0410022 9.9991E-05 0.958898
0.0339742 0.0602286 0.905797
0.0513465 0.0360351 0.912618
0.0704301 0.0286263 0.900944
0.117011 0.022249 0.86074
9.999E-05 9.999E-05 0.9998
9.999E-05 9.999E-05 0.9998
9.999E-05 9.999E-05 0.9998
9.999E-05 9.999E-05 0.9998
9.999E-05 9.999E-05 0.9998
9.999E-05 9.999E-05 0.9998
9.999E-05 9.999E-05 0.9998
9.9991E-05 0.012503 0.987397
0.0164615 9.9991E-05 0.983438
9.999E-05 9.999E-05 0.9998
0.00392781 9.9991E-05 0.995972
9.999E-05 9.999E-05 0.9998
0.0977893 9.9991E-05 0.902111
0.9998 9.999E-05 9.999E-05
0.0863612 0.027812 0.885827
0.9998 9.999E-05 9.999E-05
0.9998 9.999E-05 9.999E-05
0.9998 9.999E-05 9.999E-05
0.76564 0.0159659 0.218394
0.9998 9.999E-05 9.999E-05
0.886984 0.000239834 0.112776
0.9998 9.999E-05 9.999E-05
0.989818 9.9991E-05 0.0100825
0.9998 9.999E-05 9.999E-05
0.9998 9.999E-05 9.999E-05
0.9998 9.999E-05 9.999E-05
0.845426 0.0124424 0.142132
0.983605 0.00699316 0.00940227
0.846997 9.9991E-05 0.152903
0.887833 0.0144598 0.0977075
0.890256 0.014122 0.0956224
0.946001 0.00291555 0.0510834
0.0161086 0.0768373 0.907054
0.0577813 0.0978992 0.844319
0.0514517 0.0624934 0.886055
0.0602291 0.100141 0.839629
0.0189446 0.00202643 0.979029
9.999E-05 9.999E-05 0.9998
0.0150527 9.9991E-05 0.984847
0.00881222 9.9991E-05 0.991088
0.0241545 9.9991E-05 0.975746
0.0194628 9.9991E-05 0.980437
0.0166393 9.9991E-05 0.983261
0.060355 0.0330648 0.90658
0.0685992 0.0359297 0.895471
9.9991E-05 0.0534605 0.946439
9.9991E-05 0.0403836 0.959516
9.9991E-05 0.0485343 0.951366
9.9991E-05 0.0526845 0.947215
9.9991E-05 0.00943702 0.990463
9.9991E-05 0.0820855 0.917815
9.9991E-05 0.0547037 0.945196
9.9991E-05 0.0247854 0.975115
9.9991E-05 0.0403422 0.959558
9.9991E-05 0.0584649 0.941435
9.9991E-05 0.0310991 0.968801
9.9991E-05 0.0422068 0.957693
