0.9998 9.999E-05 9.999E-05
0.66199 0.238239 0.0997717
0.688682 0.154745 0.156573
0.673451 0.292308 0.0342414
0.493882 0.506018 9.9991E-05
0.540083 0.367003 0.0929137
0.789274 0.163876 0.0468493
0.647919 0.250215 0.101867
0.615836 0.275179 0.108986
0.9998 9.999E-05 9.999E-05
0.9998 9.999E-05 9.999E-05
0.9998 9.999E-05 9.999E-05
0.9998 9.999E-05 9.999E-05
0.9998 9.999E-05 9.999E-05
0.9998 9.999E-05 9.999E-05
0.5191 0.4108 0.0701001
0.459325 0.470471 0.0702036
0.634151 0.329952 0.0358972
0.439854 0.55767 0.00247614
0.364453 0.571071 0.0644756
0.516078 0.476546 0.0073761
0.354126 0.541301 0.104573
0.388416 0.539809 0.0717745
0.480229 0.490817 0.0289545
0.474221 0.525679 9.9991E-05
0.365021 0.58443 0.0505488
0.372041 0.52721 0.100749
0.474195 0.444638 0.0811663
0.417002 0.52658 0.0564181
0.557794 0.441476 0.00073004
0.487108 0.512792 9.9991E-05
0.40287 0.512767 0.0843623
0.395538 0.518204 0.0862581
0.381184 0.528849 0.0899669
0.37085 0.543809 0.0853416
0.524172 0.456741 0.0190864
0.322184 0.616629 0.0611867
0.271524 0.689474 0.0390025
0.305131 0.596604 0.0982652
0.313412 0.686488 9.9991E-05
0.142683 0.74019 0.117127
0.183672 0.715786 0.100542
0.246073 0.579963 0.173964
0.196598 0.720583 0.0828192
0.168612 0.68967 0.141719
0.251001 0.591825 0.157174
0.225626 0.658507 0.115867
0.254543 0.616284 0.129173
0.23863 0.650971 0.110399
0.348583 0.584445 0.0669715
0.284759 0.596684 0.118558
0.214654 0.674894 0.110452
0.249756 0.662563 0.087681
0.212252 0.761013 0.0267354
0.207953 0.771952 0.0200946
0.167098 0.660591 0.172311
0.263974 0.610409 0.125617
0.195551 0.721213 0.0832361
0.266098 0.583114 0.150788
0.272426 0.663333 0.0642404
0.207856 0.774039 0.0181052
0.209464 0.729632 0.0609039
0.198865 0.698284 0.10285
0.087529 0.790652 0.121819
0.219563 0.779726 0.000711487
0.135881 0.714454 0.149665
0.102353 0.814186 0.0834613
0.113866 0.765456 0.120677
0.228883 0.694005 0.0771126
0.0893572 0.743851 0.166791
0.227008 0.633895 0.139098
0.137498 0.803603 0.0588992
0.250672 0.674401 0.0749264
0.224453 0.700312 0.0752349
0.172348 0.759318 0.0683336
0.142464 0.842067 0.0154697
0.111256 0.831144 0.0576001
0.100458 0.820612 0.0789303
0.0187951 0.941102 0.0401028
9.9991E-05 0.960428 0.039472
0.0614982 0.870319 0.068183
0.00808858 0.945618 0.0462932
9.9991E-05 0.932544 0.067356
0.108565 0.888951 0.00248367
0.0938045 0.906095 9.9991E-05
0.0677453 0.821642 0.110613
0.178701 0.731698 0.0896008
0.106206 0.887377 0.00641676
0.0062035 0.913727 0.080069
0.0579371 0.841723 0.100339
0.141065 0.783239 0.0756958
0.10842 0.821551 0.0700291
0.0870201 0.81786 0.0951196
9.999E-05 0.9998 9.999E-05
9.999E-05 0.9998 9.999E-05
9.9991E-05 0.991619 0.00828116
9.999E-05 0.9998 9.999E-05
9.999E-05 0.9998 9.999E-05
9.999E-05 0.9998 9.999E-05
9.999E-05 0.9998 9.999E-05
9.999E-05 0.9998 9.999E-05
9.999E-05 0.9998 9.999E-05
9.999E-05 0.9998 9.999E-05
0.00149663 0.950998 0.0475058
9.999E-05 0.9998 9.999E-05
9.999E-05 0.9998 9.999E-05
9.999E-05 0.9998 9.999E-05
9.999E-05 0.9998 9.999E-05
9.9991E-05 0.948231 0.0516689
9.9991E-05 0.957139 0.0427613
9.9991E-05 0.940729 0.0591711
9.9991E-05 0.959888 0.0400117
0.00786715 0.976359 0.0157735
0.00318861 0.955377 0.0414347
9.999E-05 0.9998 9.999E-05
9.9991E-05 0.927238 0.072662
0.0139511 0.929485 0.0565644
0.048813 0.889053 0.0621338
0.0220291 0.92264 0.0553314
0.0264306 0.894319 0.0792508
0.0178687 0.943215 0.0389164
9.999E-05 9.999E-05 0.9998
9.9991E-05 0.889042 0.110858
9.999E-05 9.999E-05 0.9998
9.999E-05 9.999E-05 0.9998
9.999E-05 9.999E-05 0.9998
0.0270668 0.193923 0.77901
9.999E-05 9.999E-05 0.9998
9.9991E-05 0.0772262 0.922674
9.999E-05 9.999E-05 0.9998
9.9991E-05 0.00771667 0.992183
9.999E-05 9.999E-05 0.9998
9.999E-05 9.999E-05 0.9998
0.0184706 9.9991E-05 0.981429
9.9991E-05 0.203793 0.796107
9.9991E-05 0.0188338 0.981066
9.9991E-05 0.11731 0.88259
0.00850316 0.0965586 0.894938
0.0298692 0.094681 0.87545
0.00253393 0.0335049 0.963961
9.999E-05 0.9998 9.999E-05
9.999E-05 0.9998 9.999E-05
9.999E-05 0.9998 9.999E-05
9.999E-05 0.9998 9.999E-05
9.9991E-05 0.985824 0.0140758
9.999E-05 0.9998 9.999E-05
9.999E-05 0.9998 9.999E-05
9.999E-05 0.9998 9.999E-05
9.999E-05 0.9998 9.999E-05
9.999E-05 0.9998 9.999E-05
9.999E-05 0.9998 9.999E-05
9.999E-05 0.9998 9.999E-05
9.9991E-05 0.908219 0.0916806
0.0709081 0.889413 0.0396787
0.112728 0.885827 0.00144504
0.0878347 0.860046 0.0521194
0.113788 0.808502 0.0777093
0.0136448 0.959678 0.0266775
9.999E-05 0.9998 9.999E-05
9.9991E-05 0.964477 0.0354234
9.9991E-05 0.98912 0.0107797
9.9991E-05 0.986214 0.0136864
9.9991E-05 0.964473 0.0354267
9.9991E-05 0.999283 0.000617328
0.0290364 0.889079 0.081885
0.00228351 0.982771 0.0149451
0.053318 0.946582 9.9991E-05
0.0389452 0.960955 9.9991E-05
0.0206282 0.979272 9.9991E-05
0.0652588 0.934641 9.9991E-05
0.0141638 0.985736 9.9991E-05
0.0760077 0.923892 9.9991E-05
0.02454 0.97536 9.9991E-05
0.0270869 0.972813 9.9991E-05
0.0549094 0.944991 9.9991E-05
0.017481 0.982419 9.9991E-05
0.0284499 0.97145 9.9991E-05
0.0385251 0.961375 9.9991E-05
