9.999E-05 9.999E-05 0.9998
0.253374 0.0940509 0.652575
0.179272 0.160142 0.660586
0.286268 0.0278275 0.685904
0.472623 0.0523818 0.474995
0.383118 0.0685678 0.548315
0.195839 0.0455498 0.758611
0.278717 0.109457 0.611826
0.294571 0.087855 0.617574
9.999E-05 9.999E-05 0.9998
9.999E-05 9.999E-05 0.9998
9.999E-05 9.999E-05 0.9998
9.999E-05 9.999E-05 0.9998
9.999E-05 9.999E-05 0.9998
9.999E-05 9.999E-05 0.9998
0.44869 0.0628028 0.488507
0.386793 0.13029 0.482917
0.327556 0.0341962 0.638248
0.586349 9.9991E-05 0.413551
0.626344 0.0200196 0.353636
0.463829 9.9991E-05 0.536071
0.522195 0.110719 0.367086
0.517039 0.0745679 0.408393
0.500273 0.0484518 0.451275
0.566958 9.9991E-05 0.432942
0.60966 0.0369678 0.353373
0.579523 0.0729429 0.347534
0.46169 0.0855236 0.452786
0.509071 0.0329664 0.457963
0.464226 0.0159643 0.51981
0.509298 0.0109349 0.479767
0.591533 0.0331735 0.375294
0.550552 0.0631002 0.386347
0.53833 0.112738 0.348932
0.540501 0.106553 0.352947
0.440993 0.00207769 0.55693
0.663955 0.0500835 0.285962
0.662908 0.0573827 0.27971
0.654914 0.0635603 0.281525
0.704478 9.9991E-05 0.295422
0.749499 0.116363 0.134138
0.740819 0.0889135 0.170268
0.600313 0.105691 0.293996
0.722642 0.125115 0.152243
0.719522 0.130825 0.149653
0.660397 0.120282 0.21932
0.667775 0.114781 0.217443
0.691582 0.0744 0.234018
0.685803 0.0954683 0.218729
0.563268 0.0683559 0.368376
0.662681 0.108001 0.229318
0.656505 0.13234 0.211155
0.693011 0.0812183 0.225771
0.793188 0.02776 0.179052
0.80227 0.0235845 0.174145
0.711208 0.137798 0.150993
0.662815 0.114566 0.222619
0.767866 0.0239973 0.208137
0.636382 0.133839 0.229778
0.720253 0.0654098 0.214337
0.772898 0.0265863 0.200516
0.801812 0.00579799 0.19239
0.742882 0.103126 0.153992
0.801801 0.10926 0.088939
0.748257 0.0427864 0.208956
0.753325 0.140653 0.106022
0.8578 0.0508861 0.0913137
0.835014 0.0689768 0.0960097
0.694843 0.108318 0.19684
0.784994 0.13051 0.084496
0.669881 0.112132 0.217988
0.803451 0.0866428 0.109907
0.690717 0.0873361 0.221947
0.670033 0.109441 0.220526
0.806368 0.0779714 0.115661
0.811964 0.0483148 0.139722
0.804256 0.109307 0.0864369
0.797291 0.0828322 0.119876
0.911393 0.0482165 0.0403904
0.934625 0.0652751 9.9991E-05
0.869378 0.0900862 0.0405363
0.956596 0.0230249 0.0203796
0.929662 0.0702376 9.9991E-05
0.927936 0.0142481 0.057816
0.811018 0.0907881 0.0981938
0.804155 0.119227 0.0766186
0.742913 0.112555 0.144531
0.890208 0.0134509 0.0963407
0.886609 0.0580361 0.055355
0.840473 0.108914 0.0506124
0.804681 0.0980463 0.0972725
0.777677 0.124191 0.0981315
0.82731 0.103836 0.0688543
0.9998 9.999E-05 9.999E-05
0.9998 9.999E-05 9.999E-05
0.9998 9.999E-05 9.999E-05
0.9998 9.999E-05 9.999E-05
0.9998 9.999E-05 9.999E-05
0.9998 9.999E-05 9.999E-05
0.9998 9.999E-05 9.999E-05
0.9998 9.999E-05 9.999E-05
0.9998 9.999E-05 9.999E-05
0.9998 9.999E-05 9.999E-05
0.937093 0.0628069 9.9991E-05
0.9998 9.999E-05 9.999E-05
0.9998 9.999E-05 9.999E-05
0.9998 9.999E-05 9.999E-05
0.973074 0.0268264 9.9991E-05
0.945786 0.0541145 9.9991E-05
0.937595 0.0616728 0.000731939
0.951552 0.0483481 9.9991E-05
0.945188 0.0458135 0.0089983
0.961298 9.9991E-05 0.0386025
0.912179 0.0768384 0.010983
0.9998 9.999E-05 9.999E-05
0.931121 0.0687792 9.9991E-05
0.943246 0.0566538 9.9991E-05
0.868913 0.0822296 0.0488574
0.891243 0.0819918 0.0267648
0.879653 0.0989294 0.0214173
0.913395 0.0602692 0.026336
0.9998 9.999E-05 9.999E-05
0.9998 9.999E-05 9.999E-05
0.9998 9.999E-05 9.999E-05
0.9998 9.999E-05 9.999E-05
0.9998 9.999E-05 9.999E-05
0.9998 9.999E-05 9.999E-05
0.9998 9.999E-05 9.999E-05
0.957961 9.9991E-05 0.0419394
0.981991 0.0179087 9.9991E-05
0.9998 9.999E-05 9.999E-05
0.9998 9.999E-05 9.999E-05
0.9998 9.999E-05 9.999E-05
0.926097 0.0738028 9.9991E-05
9.999E-05 0.9998 9.999E-05
0.88236 0.11754 9.9991E-05
9.999E-05 0.9998 9.999E-05
9.999E-05 0.9998 9.999E-05
0.0213686 0.978531 9.9991E-05
0.256473 0.743427 9.9991E-05
9.999E-05 0.9998 9.999E-05
0.12689 0.839035 0.0340754
0.0177847 0.982115 9.9991E-05
0.0422616 0.953477 0.00426138
9.999E-05 0.9998 9.999E-05
9.9991E-05 0.994119 0.00578139
9.999E-05 0.9998 9.999E-05
0.156417 0.843483 9.9991E-05
0.0284502 0.965673 0.00587676
0.108853 0.891047 9.9991E-05
0.100925 0.879262 0.019813
0.0782405 0.885561 0.036199
0.00700938 0.992891 9.9991E-05
0.906021 0.032145 0.061834
0.894506 0.0403769 0.0651175
0.878725 0.0455213 0.075754
0.808301 0.0977939 0.0939056
0.9998 9.999E-05 9.999E-05
0.9998 9.999E-05 9.999E-05
0.975409 0.0244909 9.9991E-05
0.9998 9.999E-05 9.999E-05
0.9998 9.999E-05 9.999E-05
0.982927 0.0169735 9.9991E-05
0.9998 9.999E-05 9.999E-05
0.948457 0.0255507 0.0259924
0.98838 0.0115201 9.9991E-05
0.973678 9.9991E-05 0.0262219
0.987342 9.9991E-05 0.0125579
0.941377 9.9991E-05 0.0585235
0.941153 9.9991E-05 0.0587468
0.977264 9.9991E-05 0.0226357
0.936342 9.9991E-05 0.0635583
0.984056 9.9991E-05 0.0158439
0.971326 9.9991E-05 0.0285737
0.952164 9.9991E-05 0.0477365
0.972899 9.9991E-05 0.0270014
0.986188 9.9991E-05 0.0137119
0.970907 9.9991E-05 0.0289934
