0.9998 9.999E-05 9.999E-05
0.913188 9.9991E-05 0.0867116
0.956512 0.0390816 0.00440592
0.86434 0.13556 9.9991E-05
0.800936 0.0263814 0.172683
0.9998 9.999E-05 9.999E-05
0.887318 0.112582 9.9991E-05
0.976248 9.9991E-05 0.0236516
0.734625 0.265275 9.9991E-05
0.753089 0.0746617 0.172249
0.812201 0.065227 0.122572
0.829055 9.9991E-05 0.170845
0.944496 9.9991E-05 0.0554038
0.71814 0.0783269 0.203533
0.703678 0.0250663 0.271255
0.871924 0.0430966 0.0849791
0.878875 0.121025 9.9991E-05
0.592164 0.196329 0.211507
0.59376 0.251221 0.155018
0.842075 0.157825 9.9991E-05
0.740793 0.069295 0.189912
0.889169 9.9991E-05 0.110731
0.847138 9.9991E-05 0.152762
0.719192 0.101832 0.178976
0.691915 9.9991E-05 0.307985
0.671917 0.0944264 0.233656
0.446798 0.476223 0.0769796
0.468179 0.0563694 0.475452
0.513725 0.154341 0.331934
0.516589 0.0735042 0.409907
9.9991E-05 0.866882 0.133018
0.220979 0.703873 0.0751474
0.122905 0.750328 0.126767
0.0485027 0.951397 9.9991E-05
0.263881 0.688862 0.0472575
0.0989589 0.900941 9.9991E-05
0.366485 0.620389 0.0131259
0.165112 0.743649 0.0912393
0.0623417 0.937558 9.9991E-05
0.139666 0.510567 0.349767
0.0623357 0.887829 0.0498349
0.290103 0.372203 0.337694
0.118073 0.782575 0.0993519
0.157093 0.781148 0.0617596
0.0826009 0.80741 0.109989
0.00990465 0.949372 0.0407237
9.9991E-05 0.939029 0.0608711
9.9991E-05 0.898374 0.101526
0.234126 0.759078 0.00679581
0.0969731 0.771838 0.131189
9.9991E-05 0.84796 0.15194
9.999E-05 0.9998 9.999E-05
9.9991E-05 0.662307 0.337593
9.9991E-05 0.959455 0.0404455
9.999E-05 0.9998 9.999E-05
9.9991E-05 0.672178 0.327722
0.103686 0.101825 0.79449
0.131663 0.16025 0.708088
9.9991E-05 0.315091 0.684809
0.171554 0.204808 0.623638
0.000568634 0.258227 0.741204
0.0333224 0.367157 0.59952
0.0357772 0.169162 0.795061
9.999E-05 9.999E-05 0.9998
9.9991E-05 0.125225 0.874675
9.9991E-05 0.0104561 0.989444
9.999E-05 9.999E-05 0.9998
0.0149329 9.9991E-05 0.984967
9.999E-05 9.999E-05 0.9998
9.9991E-05 0.0448324 0.955068
9.9991E-05 0.100402 0.899498
0.0643065 0.288052 0.647641
9.999E-05 9.999E-05 0.9998
0.0171381 0.208942 0.77392
0.00213967 9.9991E-05 0.99776
9.999E-05 9.999E-05 0.9998
0.0776795 0.21601 0.706311
