9.999E-05 9.999E-05 0.9998
0.118265 0.235444 0.64629
0.135132 0.132246 0.732622
0.0303762 0.243005 0.726619
9.9991E-05 0.408977 0.590923
0.0593293 0.333083 0.607587
0.048959 0.0825582 0.868483
0.0976584 0.194062 0.708279
0.0909034 0.28167 0.627427
9.999E-05 9.999E-05 0.9998
9.999E-05 9.999E-05 0.9998
9.999E-05 9.999E-05 0.9998
9.999E-05 9.999E-05 0.9998
9.999E-05 9.999E-05 0.9998
9.999E-05 9.999E-05 0.9998
0.0737248 0.365477 0.560798
0.123286 0.395061 0.481653
0.0193214 0.29222 0.688458
9.9991E-05 0.508621 0.491279
0.0382937 0.51986 0.441847
0.00399925 0.402093 0.593908
0.0701658 0.513018 0.416816
0.0720032 0.458315 0.469682
0.0320578 0.412894 0.555049
9.9991E-05 0.493027 0.506873
0.0402901 0.556486 0.403224
0.107446 0.485108 0.407447
0.105646 0.313814 0.58054
0.0510263 0.493922 0.455052
0.0299758 0.396164 0.57386
9.9991E-05 0.445278 0.554622
0.0464617 0.502246 0.451292
0.0938975 0.451108 0.454995
0.0968316 0.504773 0.398395
0.0851177 0.453143 0.461739
9.9991E-05 0.392294 0.607606
0.0671977 0.565973 0.366829
0.0990041 0.55934 0.341656
0.0524355 0.592252 0.355313
9.9991E-05 0.625149 0.374751
0.120028 0.690744 0.189228
0.156054 0.608234 0.235712
0.148026 0.538343 0.313631
0.114696 0.659702 0.225603
0.128705 0.666173 0.205122
0.152624 0.576365 0.271011
0.0917003 0.63808 0.27022
0.118314 0.556407 0.325279
0.106109 0.595194 0.298697
0.0908187 0.486908 0.422273
0.0950554 0.595893 0.309051
0.116743 0.636855 0.246402
0.10454 0.625386 0.270074
0.0306452 0.728263 0.241092
0.0382733 0.704987 0.25674
0.209352 0.564494 0.226153
0.102719 0.60934 0.287941
0.0508568 0.693825 0.255318
0.156409 0.564201 0.27939
0.0836081 0.647232 0.26916
0.0359343 0.7302 0.233865
0.0306779 0.765797 0.203525
0.0955374 0.690948 0.213514
0.144148 0.739491 0.116362
9.9991E-05 0.748092 0.251808
0.11394 0.736751 0.149309
0.074062 0.822045 0.103893
0.0720747 0.756657 0.171268
0.0781061 0.629905 0.291988
0.165112 0.693583 0.141306
0.14355 0.56505 0.2914
0.1156 0.751273 0.133127
0.0733796 0.601764 0.324857
0.114618 0.639472 0.24591
0.084305 0.714229 0.201466
0.0561684 0.764021 0.17981
0.0658949 0.799236 0.134869
0.101603 0.775436 0.122961
0.0768623 0.89899 0.0241473
0.0569244 0.942976 9.9991E-05
0.0621187 0.882295 0.0555862
0.0575111 0.935825 0.00666373
0.0613124 0.934806 0.00388178
0.0511048 0.850028 0.0988672
0.0334481 0.891188 0.0753636
0.105954 0.790896 0.103151
0.111697 0.697008 0.191295
0.0148537 0.876738 0.108408
0.12257 0.776682 0.100748
0.123843 0.793706 0.0824511
0.0787429 0.785059 0.136198
0.0882444 0.791974 0.119782
0.0684655 0.83764 0.093894
9.999E-05 0.9998 9.999E-05
9.999E-05 0.9998 9.999E-05
9.999E-05 0.9998 9.999E-05
9.999E-05 0.9998 9.999E-05
9.999E-05 0.9998 9.999E-05
9.999E-05 0.9998 9.999E-05
9.999E-05 0.9998 9.999E-05
9.999E-05 0.9998 9.999E-05
9.999E-05 0.9998 9.999E-05
9.999E-05 0.9998 9.999E-05
0.0738462 0.917762 0.00839134
9.999E-05 0.9998 9.999E-05
9.999E-05 0.9998 9.999E-05
9.999E-05 0.9998 9.999E-05
0.0713155 0.915626 0.0130584
0.074711 0.925189 9.9991E-05
0.0534074 0.946493 9.9991E-05
0.0578875 0.942012 9.9991E-05
0.0665381 0.933362 9.9991E-05
0.0573442 0.902592 0.0400635
0.0111179 0.911094 0.0777876
0.0141 0.9858 9.9991E-05
0.0761612 0.923739 9.9991E-05
0.0734291 0.926471 9.9991E-05
0.0689595 0.862162 0.068878
0.0130379 0.980316 0.00664593
0.0632874 0.881975 0.0547381
0.0581237 0.901476 0.0404007
0.0366813 0.963219 9.9991E-05
0.0134625 0.986438 9.9991E-05
9.999E-05 0.9998 9.999E-05
9.999E-05 0.9998 9.999E-05
9.999E-05 0.9998 9.999E-05
0.00408353 0.995816 9.9991E-05
9.999E-05 0.9998 9.999E-05
9.9991E-05 0.992936 0.00696357
0.0265102 0.97339 9.9991E-05
9.999E-05 0.9998 9.999E-05
9.999E-05 0.9998 9.999E-05
9.999E-05 0.9998 9.999E-05
0.0911997 0.9087 9.9991E-05
0.9998 9.999E-05 9.999E-05
0.086832 0.913068 9.9991E-05
0.9998 9.999E-05 9.999E-05
0.9998 9.999E-05 9.999E-05
0.992895 0.007005 9.9991E-05
0.823679 0.145034 0.0312866
0.9998 9.999E-05 9.999E-05
0.917189 0.0736791 0.00913239
0.962343 0.0185313 0.0191259
0.9998 9.999E-05 9.999E-05
0.996217 9.9991E-05 0.00368304
0.9998 9.999E-05 9.999E-05
0.9998 9.999E-05 9.999E-05
0.765477 0.234423 9.9991E-05
0.9998 9.999E-05 9.999E-05
0.899236 0.100664 9.9991E-05
0.87991 0.11999 9.9991E-05
0.921257 0.0416891 0.0370539
0.974644 0.0252565 9.9991E-05
0.0571425 0.873803 0.0690548
0.0502472 0.844291 0.105461
0.0742061 0.850649 0.075145
0.0396152 0.876671 0.0837137
0.0183501 0.98155 9.9991E-05
9.999E-05 0.9998 9.999E-05
0.00720039 0.9927 9.9991E-05
9.999E-05 0.9998 9.999E-05
0.017113 0.982787 9.9991E-05
9.999E-05 0.9998 9.999E-05
9.999E-05 0.9998 9.999E-05
0.0514699 0.864043 0.0844875
0.0345778 0.939129 0.0262935
9.9991E-05 0.950926 0.0489743
9.9991E-05 0.921347 0.0785529
9.9991E-05 0.940833 0.0590671
9.9991E-05 0.916533 0.0833667
9.9991E-05 0.976945 0.0229552
9.9991E-05 0.926114 0.0737859
9.9991E-05 0.933432 0.0664678
9.9991E-05 0.920278 0.0796222
9.9991E-05 0.923545 0.0763546
9.9991E-05 0.953494 0.0464064
9.9991E-05 0.957909 0.0419911
9.9991E-05 0.949258 0.0506418
