0.9998 9.999E-05 9.999E-05
0.668348 0.221374 0.110278
0.712465 0.130937 0.156599
0.705755 0.282874 0.0113701
0.541935 0.457965 9.9991E-05
0.573861 0.375757 0.0503818
0.817055 0.160856 0.0220891
0.605332 0.271969 0.122699
0.610194 0.294504 0.0953023
0.9998 9.999E-05 9.999E-05
0.9998 9.999E-05 9.999E-05
0.9998 9.999E-05 9.999E-05
0.9998 9.999E-05 9.999E-05
0.9998 9.999E-05 9.999E-05
0.9998 9.999E-05 9.999E-05
0.564152 0.333606 0.102242
0.477306 0.424219 0.0984748
0.676359 0.303463 0.0201774
0.438924 0.560976 9.9991E-05
0.407539 0.555193 0.0372679
0.534447 0.465453 9.9991E-05
0.399352 0.478086 0.122562
0.409208 0.507579 0.083213
0.484034 0.480813 0.0351536
0.45528 0.54462 9.9991E-05
0.354625 0.603588 0.0417867
0.362492 0.486741 0.150767
0.513418 0.400612 0.0859694
0.447319 0.508077 0.0446043
0.583353 0.39862 0.0180273
0.518999 0.480901 9.9991E-05
0.385563 0.576282 0.0381542
0.375154 0.540691 0.0841543
0.359495 0.501618 0.138887
0.431229 0.498905 0.0698656
0.578501 0.421399 9.9991E-05
0.322496 0.582323 0.0951809
0.298796 0.653857 0.0473463
0.314861 0.607694 0.0774449
0.311915 0.687985 9.9991E-05
0.177314 0.727376 0.0953101
0.151778 0.672467 0.175755
0.284174 0.568563 0.147263
0.182297 0.700847 0.116856
0.188171 0.668517 0.143312
0.296875 0.544921 0.158205
0.250221 0.608274 0.141505
0.252302 0.653473 0.0942242
0.262979 0.594219 0.142802
0.410732 0.527273 0.0619953
0.293977 0.580407 0.125616
0.217826 0.636786 0.145388
0.25602 0.601233 0.142746
0.246233 0.71504 0.0387264
0.232174 0.705291 0.0625359
0.241627 0.586382 0.171991
0.237447 0.616179 0.146374
0.221343 0.726665 0.0519913
0.279893 0.575457 0.14465
0.30631 0.637838 0.0558518
0.215783 0.727681 0.0565366
0.258726 0.72278 0.0184939
0.165575 0.701978 0.132448
0.13436 0.700587 0.165053
0.256151 0.743749 9.9991E-05
0.115298 0.713358 0.171344
0.123405 0.820536 0.0560592
0.102469 0.782818 0.114713
0.259223 0.659206 0.0815709
0.12015 0.711367 0.168483
0.250354 0.638117 0.111529
0.120084 0.758097 0.121819
0.279115 0.607357 0.113527
0.23022 0.664072 0.105708
0.182115 0.754469 0.0634158
0.144367 0.814824 0.0408089
0.127654 0.748726 0.123619
0.140126 0.828992 0.030882
0.0711478 0.896165 0.0326873
9.9991E-05 0.965323 0.0345767
0.0508562 0.83604 0.113103
0.0233732 0.930525 0.0461013
0.0286234 0.896598 0.074779
0.110614 0.829159 0.0602274
0.0797394 0.847485 0.072776
0.0599268 0.796594 0.143479
0.165138 0.723523 0.111339
0.116027 0.842547 0.0414254
0.0489812 0.893716 0.0573025
0.0577588 0.815075 0.127166
0.112684 0.78241 0.104906
0.122022 0.764054 0.113924
0.0896879 0.805638 0.104674
9.999E-05 0.9998 9.999E-05
9.999E-05 0.9998 9.999E-05
9.999E-05 0.9998 9.999E-05
9.999E-05 0.9998 9.999E-05
9.999E-05 0.9998 9.999E-05
9.999E-05 0.9998 9.999E-05
9.999E-05 0.9998 9.999E-05
9.999E-05 0.9998 9.999E-05
9.999E-05 0.9998 9.999E-05
9.999E-05 0.9998 9.999E-05
0.00625407 0.941503 0.0522426
9.999E-05 0.9998 9.999E-05
9.999E-05 0.9998 9.999E-05
9.999E-05 0.9998 9.999E-05
9.9991E-05 0.97257 0.0273305
9.9991E-05 0.933098 0.0668024
0.00832186 0.937516 0.0541624
9.9991E-05 0.940135 0.059765
9.9991E-05 0.95396 0.0459401
0.029137 0.943235 0.0276277
0.0364832 0.923609 0.0399082
9.999E-05 0.9998 9.999E-05
0.0347045 0.857761 0.107535
0.00323839 0.933338 0.0634238
0.0202138 0.890552 0.0892338
9.9991E-05 0.929526 0.0703744
0.0160192 0.90577 0.0782112
0.0383243 0.910142 0.0515342
9.999E-05 0.9998 9.999E-05
9.999E-05 0.9998 9.999E-05
9.9991E-05 0.993794 0.00610615
9.999E-05 0.9998 9.999E-05
9.9991E-05 0.997286 0.00261419
9.999E-05 0.9998 9.999E-05
9.999E-05 0.9998 9.999E-05
0.0138049 0.986095 9.9991E-05
9.9991E-05 0.974489 0.0254113
9.999E-05 0.9998 9.999E-05
9.9991E-05 0.980292 0.0196078
9.999E-05 0.9998 9.999E-05
9.9991E-05 0.880141 0.119759
9.999E-05 9.999E-05 0.9998
0.00283082 0.913219 0.0839505
9.999E-05 9.999E-05 0.9998
9.999E-05 9.999E-05 0.9998
9.999E-05 9.999E-05 0.9998
0.0424192 0.145782 0.811799
9.999E-05 9.999E-05 0.9998
0.00142886 0.167552 0.831019
0.0126294 9.9991E-05 0.987271
9.9991E-05 0.0411776 0.958722
9.999E-05 9.999E-05 0.9998
9.9991E-05 0.005213 0.994687
9.999E-05 9.999E-05 0.9998
9.9991E-05 0.185471 0.814429
9.9991E-05 0.0122487 0.987651
9.9991E-05 0.0838927 0.916007
0.00291851 0.0978475 0.899234
0.0207655 0.0705048 0.90873
9.9991E-05 0.0748873 0.925013
0.0673023 0.865506 0.0671921
0.0474339 0.860963 0.0916031
0.0878907 0.852744 0.0593656
0.0917247 0.820189 0.0880862
9.9991E-05 0.982048 0.0178525
9.999E-05 0.9998 9.999E-05
9.9991E-05 0.994903 0.0049968
9.999E-05 0.9998 9.999E-05
9.9991E-05 0.991335 0.00856502
9.9991E-05 0.94114 0.0587602
9.9991E-05 0.97539 0.0245096
0.0564802 0.907022 0.036498
0.0447303 0.934914 0.0203556
0.0564249 0.943475 9.9991E-05
0.0296065 0.970294 9.9991E-05
0.0244998 0.9754 9.9991E-05
0.0422253 0.957675 9.9991E-05
0.0177767 0.982123 9.9991E-05
0.0926201 0.90728 9.9991E-05
0.0429034 0.956997 9.9991E-05
0.0459401 0.95396 9.9991E-05
0.0475551 0.952345 9.9991E-05
0.0248653 0.975035 9.9991E-05
0.0316417 0.968258 9.9991E-05
0.0456947 0.954205 9.9991E-05
