0.9998 9.999E-05 9.999E-05
0.686791 0.244323 0.0688858
0.700129 0.15419 0.145681
0.728797 0.262575 0.0086286
0.578126 0.421774 9.9991E-05
0.614028 0.277811 0.108161
0.786613 0.174745 0.0386421
0.684605 0.203921 0.111474
0.637628 0.26116 0.101212
0.9998 9.999E-05 9.999E-05
0.9998 9.999E-05 9.999E-05
0.9998 9.999E-05 9.999E-05
0.9998 9.999E-05 9.999E-05
0.9998 9.999E-05 9.999E-05
0.9998 9.999E-05 9.999E-05
0.563057 0.355463 0.0814799
0.52696 0.372425 0.100615
0.674539 0.279536 0.0459244
0.530822 0.469078 9.9991E-05
0.445683 0.536349 0.0179681
0.568489 0.431411 9.9991E-05
0.401739 0.519354 0.0789073
0.46641 0.47854 0.0550496
0.52301 0.454715 0.0222747
0.513875 0.486025 9.9991E-05
0.386995 0.575958 0.0370469
0.408636 0.475878 0.115485
0.530729 0.382892 0.0863795
0.485369 0.484023 0.0306075
0.551859 0.431087 0.0170535
0.515195 0.484705 9.9991E-05
0.391787 0.553269 0.0549443
0.38899 0.554913 0.0560977
0.393392 0.505503 0.101105
0.434428 0.472432 0.0931398
0.584556 0.404816 0.0106284
0.338802 0.633846 0.0273521
0.321048 0.635142 0.0438096
0.313452 0.579673 0.106875
0.36243 0.63747 9.9991E-05
0.140787 0.767615 0.0915974
0.150628 0.68345 0.165922
0.296362 0.555169 0.148469
0.160523 0.701637 0.137841
0.201849 0.656807 0.141344
0.260864 0.58058 0.158556
0.260835 0.602385 0.136779
0.259315 0.632458 0.108227
0.239022 0.636554 0.124424
0.390498 0.581072 0.0284298
0.277266 0.599733 0.123001
0.237686 0.631845 0.130469
0.251893 0.625687 0.12242
0.222647 0.743326 0.0340266
0.213772 0.762192 0.0240359
0.220499 0.625649 0.153852
0.290157 0.61216 0.0976836
0.200686 0.764323 0.0349904
0.307961 0.543557 0.148482
0.273793 0.630047 0.0961607
0.223957 0.694003 0.0820407
0.165408 0.769084 0.0655077
0.189633 0.695068 0.115299
0.123681 0.716088 0.160231
0.228278 0.750119 0.0216024
0.149527 0.728133 0.122341
0.117073 0.831466 0.0514611
0.155897 0.719173 0.124929
0.268079 0.644601 0.0873203
0.11547 0.731449 0.153082
0.261585 0.592439 0.145976
0.127317 0.720605 0.152078
0.280375 0.631754 0.0878701
0.250346 0.662095 0.0875596
0.181305 0.738392 0.0803031
0.165703 0.781346 0.0529517
0.148371 0.713983 0.137646
0.195006 0.735356 0.0696378
0.0180785 0.87552 0.106401
9.9991E-05 0.956982 0.0429176
0.0410828 0.894765 0.0641521
9.9991E-05 0.95273 0.0471702
0.0277463 0.95042 0.0218333
0.116374 0.883526 9.9991E-05
0.0913421 0.848467 0.060191
0.085452 0.783001 0.131547
0.183689 0.710815 0.105495
0.094576 0.895154 0.0102697
0.0939363 0.803274 0.10279
0.0418003 0.845727 0.112473
0.144868 0.773594 0.0815377
0.107889 0.777587 0.114524
0.084971 0.810887 0.104142
9.999E-05 0.9998 9.999E-05
9.999E-05 0.9998 9.999E-05
9.999E-05 0.9998 9.999E-05
9.999E-05 0.9998 9.999E-05
9.999E-05 0.9998 9.999E-05
9.999E-05 0.9998 9.999E-05
9.999E-05 0.9998 9.999E-05
9.999E-05 0.9998 9.999E-05
9.999E-05 0.9998 9.999E-05
9.999E-05 0.9998 9.999E-05
0.0080759 0.909642 0.0822825
9.999E-05 0.9998 9.999E-05
9.999E-05 0.9998 9.999E-05
9.999E-05 0.9998 9.999E-05
0.00993969 0.968486 0.0215745
9.9991E-05 0.943302 0.0565984
0.00806226 0.94516 0.0467778
9.9991E-05 0.938094 0.0618058
9.9991E-05 0.951629 0.0482707
0.0203576 0.939642 0.0400008
0.0264518 0.954826 0.0187224
9.9991E-05 0.985763 0.0141368
9.9991E-05 0.9444 0.0554999
0.0125824 0.951471 0.0359463
0.0273333 0.915407 0.0572599
0.00379992 0.955795 0.0404052
0.0503893 0.87234 0.0772708
0.0291491 0.899367 0.0714834
9.999E-05 0.9998 9.999E-05
9.999E-05 0.9998 9.999E-05
9.999E-05 0.9998 9.999E-05
9.999E-05 0.9998 9.999E-05
9.9991E-05 0.982288 0.0176121
9.999E-05 0.9998 9.999E-05
9.999E-05 0.9998 9.999E-05
0.0144778 0.97218 0.0133418
9.9991E-05 0.974582 0.0253182
9.999E-05 0.9998 9.999E-05
9.9991E-05 0.974347 0.0255527
9.999E-05 0.9998 9.999E-05
9.9991E-05 0.950844 0.0490565
9.999E-05 9.999E-05 0.9998
9.9991E-05 0.910823 0.089077
9.999E-05 9.999E-05 0.9998
9.999E-05 9.999E-05 0.9998
9.9991E-05 0.0334879 0.966412
0.0458892 0.143888 0.810223
9.999E-05 9.999E-05 0.9998
0.00618436 0.0721542 0.921661
9.999E-05 9.999E-05 0.9998
9.9991E-05 0.0334588 0.966441
9.999E-05 9.999E-05 0.9998
9.999E-05 9.999E-05 0.9998
9.9991E-05 0.00169272 0.998207
9.9991E-05 0.163273 0.836627
0.019517 0.00484722 0.975636
9.9991E-05 0.0613589 0.938541
0.00487613 0.0671173 0.928007
0.0500937 0.0193097 0.930597
9.9991E-05 0.054401 0.945499
0.0599098 0.879669 0.0604212
0.0578705 0.892714 0.0494154
0.0695906 0.855672 0.0747378
0.0620743 0.823504 0.114422
9.9991E-05 0.982861 0.0170392
9.9991E-05 0.985166 0.0147336
9.9991E-05 0.949772 0.050128
9.9991E-05 0.987253 0.0126474
9.9991E-05 0.978833 0.0210667
9.9991E-05 0.989488 0.0104123
9.9991E-05 0.987744 0.0121561
0.0710178 0.907642 0.0213402
0.0189977 0.917964 0.0630386
0.0144147 0.985485 9.9991E-05
0.0398511 0.960049 9.9991E-05
0.0293576 0.970542 9.9991E-05
0.0425653 0.957335 9.9991E-05
0.000769286 0.999131 9.9991E-05
0.0649854 0.934915 9.9991E-05
0.0299558 0.969944 9.9991E-05
0.0349548 0.964945 9.9991E-05
0.0462918 0.953608 9.9991E-05
0.0177173 0.982183 9.9991E-05
0.0171956 0.982704 9.9991E-05
0.0419587 0.957941 9.9991E-05
