0.999201 9.993E-05 9.993E-05 9.993E-05 9.993E-05 9.993E-05 9.993E-05 9.993E-05 9.993E-05
0.799618 9.9964E-05 0.0311468 0.0260389 9.9964E-05 0.0971354 9.9964E-05 9.9964E-05 0.0456613
9.993E-05 9.993E-05 9.993E-05 9.993E-05 9.993E-05 9.993E-05 9.993E-05 9.993E-05 0.999201
9.9955E-05 9.9955E-05 0.033031 9.9955E-05 0.112104 9.9955E-05 9.9955E-05 0.014993 0.839372
0.636485 9.9955E-05 0.119086 9.9955E-05 9.9955E-05 9.9955E-05 9.9955E-05 0.121875 0.122053
0.77472 9.9955E-05 9.9955E-05 9.9955E-05 0.125055 9.9955E-05 0.0232907 9.9955E-05 0.0764346
0.890492 9.9964E-05 9.9964E-05 0.0319905 0.0131299 0.0360781 0.0279093 9.9964E-05 9.9964E-05
0.751318 9.9946E-05 9.9946E-05 9.9946E-05 9.9946E-05 9.9946E-05 0.206676 0.0414057 9.9946E-05
0.472291 0.0804779 0.0900084 9.9973E-05 0.0177522 9.9973E-05 9.9973E-05 0.132836 0.206334
0.411008 0.137748 9.9982E-05 0.0630834 9.9982E-05 0.0739127 0.138747 0.0469642 0.128337
9.9973E-05 9.9973E-05 0.232199 0.0310435 0.619822 9.9973E-05 0.0381316 0.00566529 0.0728391
9.9937E-05 9.9937E-05 0.114524 9.9937E-05 9.9937E-05 9.9937E-05 0.884777 9.9937E-05 9.9937E-05
9.9946E-05 9.9946E-05 9.9946E-05 9.9946E-05 0.0498345 9.9946E-05 0.868829 9.9946E-05 0.0807367
9.9955E-05 9.9955E-05 9.9955E-05 0.0332514 9.9955E-05 0.0388399 0.918486 0.00892281 9.9955E-05
9.997E-05 0.035324 0.264344 0.0640165 0.174747 9.997E-05 0.32604 9.997E-05 0.135228
0.00936451 9.9955E-05 0.081297 9.9955E-05 0.705192 9.9955E-05 0.203647 9.9955E-05 9.9955E-05
9.9946E-05 9.9946E-05 0.149826 9.9946E-05 0.745199 9.9946E-05 0.104376 9.9946E-05 9.9946E-05
9.9973E-05 0.0847007 0.12025 0.0124607 0.595553 0.182316 9.9973E-05 9.9973E-05 0.00442074
9.9973E-05 0.139415 0.275188 0.0145817 0.0156394 0.00900819 0.545867 9.9973E-05 9.9973E-05
9.995E-05 0.0674108 9.995E-05 9.995E-05 0.811286 9.995E-05 0.0674911 9.995E-05 0.0533124
0.0100371 0.0807352 0.0139288 9.9991E-05 0.504528 0.0605591 0.254727 0.0174578 0.0579264
0.249608 9.9955E-05 0.163663 9.9955E-05 0.583312 0.00291657 9.9955E-05 9.9955E-05 9.9955E-05
9.9937E-05 9.9937E-05 9.9937E-05 0.00583254 0.993468 9.9937E-05 9.9937E-05 9.9937E-05 9.9937E-05
9.9946E-05 9.9946E-05 9.9946E-05 9.9946E-05 0.835589 0.108368 0.0554429 9.9946E-05 9.9946E-05
9.9964E-05 0.0230898 0.248085 9.9964E-05 0.00342931 0.116823 0.608172 9.9964E-05 9.9964E-05
9.9946E-05 9.9946E-05 9.9946E-05 9.9946E-05 9.9946E-05 0.118342 0.850869 0.0301885 9.9946E-05
9.9937E-05 9.9937E-05 0.973448 9.9937E-05 9.9937E-05 9.9937E-05 9.9937E-05 0.0258527 9.9937E-05
9.9964E-05 9.9964E-05 0.589527 0.0380166 0.107561 0.162335 9.9964E-05 9.9964E-05 0.10216
0.0366815 9.9955E-05 0.89565 9.9955E-05 9.9955E-05 0.0248724 0.0422964 9.9955E-05 9.9955E-05
9.993E-05 9.993E-05 0.999201 9.993E-05 9.993E-05 9.993E-05 9.993E-05 9.993E-05 9.993E-05
9.9964E-05 0.125868 0.128613 9.9964E-05 9.9964E-05 0.388565 9.9964E-05 0.181537 0.175017
0.0672166 0.0105617 0.273581 0.00977162 9.9982E-05 0.109108 9.9982E-05 0.361339 0.168223
9.9946E-05 0.87341 0.00645851 9.9946E-05 9.9946E-05 0.119532 9.9946E-05 9.9946E-05 9.9946E-05
9.9937E-05 0.994561 9.9937E-05 9.9937E-05 0.00473928 9.9937E-05 9.9937E-05 9.9937E-05 9.9937E-05
9.9955E-05 0.560182 0.3585 9.9955E-05 0.0553188 9.9955E-05 9.9955E-05 9.9955E-05 0.0254998
0.0198191 0.93251 9.9955E-05 9.9955E-05 9.9955E-05 0.0404749 0.00669615 9.9955E-05 9.9955E-05
0.181038 0.686276 9.9964E-05 9.9964E-05 0.0664964 9.9964E-05 0.0560277 9.9964E-05 0.00976267
9.9955E-05 0.730787 0.0336582 9.9955E-05 0.0976048 0.13745 9.9955E-05 9.9955E-05 9.9955E-05
9.9946E-05 0.97697 9.9946E-05 0.0162027 9.9946E-05 9.9946E-05 9.9946E-05 0.00622751 9.9946E-05
9.998E-05 0.470409 0.053827 0.0462435 0.0861868 0.279256 9.998E-05 0.0496171 0.0142606
0.0135312 0.860933 9.9964E-05 0.00519669 9.9964E-05 0.0842414 9.9964E-05 0.0356984 9.9964E-05
0.0492035 0.352443 0.0865457 9.9973E-05 9.9973E-05 0.331772 0.0435906 9.9973E-05 0.136146
9.996E-05 0.701363 0.14552 9.996E-05 9.996E-05 0.112137 0.0225463 9.996E-05 0.0180339
0.00319749 0.802087 9.9973E-05 0.0121517 9.9973E-05 0.039015 0.0862531 0.0569961 9.9973E-05
9.997E-05 0.118412 0.0155012 0.00486249 0.162312 0.277482 9.997E-05 0.42113 9.997E-05
0.0171853 9.9964E-05 0.119162 0.0217411 9.9964E-05 9.9964E-05 0.0649343 0.776577 9.9964E-05
9.996E-05 0.298004 9.996E-05 0.00709698 0.0947417 0.0456402 9.996E-05 0.554117 9.996E-05
9.9937E-05 9.9937E-05 9.9937E-05 9.9937E-05 9.9937E-05 0.134485 9.9937E-05 0.864815 9.9937E-05
9.9973E-05 0.17147 0.0628129 9.9973E-05 9.9973E-05 0.0283715 0.228931 0.426562 0.0815533
0.0198537 0.211672 9.9973E-05 9.9973E-05 9.9973E-05 0.120292 0.102588 0.492108 0.0531873
9.9946E-05 9.9946E-05 9.9946E-05 9.9946E-05 0.139195 0.0562541 9.9946E-05 0.803952 9.9946E-05
9.9937E-05 9.9937E-05 9.9937E-05 9.9937E-05 9.9937E-05 9.9937E-05 0.0661797 0.933121 9.9937E-05
9.9955E-05 9.9955E-05 9.9955E-05 0.00492149 0.0332901 0.120555 9.9955E-05 0.840733 9.9955E-05
9.995E-05 0.122979 9.995E-05 9.995E-05 0.134619 0.0239123 9.995E-05 0.71799 9.995E-05
9.9955E-05 0.209911 9.9955E-05 9.9955E-05 9.9955E-05 0.0146524 0.00737139 0.767565 9.9955E-05
9.9955E-05 9.9955E-05 9.9955E-05 0.053846 9.9955E-05 9.9955E-05 0.0091503 0.928438 0.00806546
9.9973E-05 9.9973E-05 0.157533 0.0209575 0.0209702 0.73685 9.9973E-05 0.059654 0.0037355
0.0159589 0.0840251 0.0102108 9.9973E-05 0.237891 0.481033 9.9973E-05 0.170581 9.9973E-05
9.9964E-05 9.9964E-05 0.127975 9.9964E-05 0.0132388 0.68712 9.9964E-05 0.109432 0.0618345
0.17951 0.111875 0.0598457 9.9964E-05 9.9964E-05 0.644626 9.9964E-05 0.00374293 9.9964E-05
0.000557637 0.00386618 0.0793353 9.997E-05 0.0394872 0.776778 9.997E-05 0.0996758 9.997E-05
0.0555265 0.40947 9.9964E-05 0.130299 9.9964E-05 0.388695 9.9964E-05 9.9964E-05 0.0156099
0.0493263 0.105815 9.9964E-05 9.9964E-05 0.00976823 0.818895 9.9964E-05 0.0157955 9.9964E-05
9.99371E-05 9.99371E-05 9.99371E-05 0.0365946 9.99371E-05 0.962706 9.99371E-05 9.99371E-05 9.99371E-05
9.9955E-05 0.0546631 0.00143882 9.9955E-05 0.0130753 0.930323 9.9955E-05 9.9955E-05 9.9955E-05
9.99371E-05 9.99371E-05 9.99371E-05 9.99371E-05 9.99371E-05 0.993928 0.0053723 9.99371E-05 9.99371E-05
9.9937E-05 9.9937E-05 9.9937E-05 0.00350828 9.9937E-05 0.995792 9.9937E-05 9.9937E-05 9.9937E-05
9.9946E-05 9.9946E-05 0.0544557 9.9946E-05 9.9946E-05 0.93389 9.9946E-05 9.9946E-05 0.0110547
9.9937E-05 9.9937E-05 9.9937E-05 9.9937E-05 9.9937E-05 0.980567 9.9937E-05 9.9937E-05 0.0187332
9.9937E-05 9.9937E-05 9.9937E-05 9.9937E-05 9.9937E-05 0.977041 9.9937E-05 9.9937E-05 0.0222592
9.99371E-05 9.99371E-05 9.99371E-05 9.99371E-05 0.0219662 0.977334 9.99371E-05 9.99371E-05 9.99371E-05
0.134252 0.177489 9.9964E-05 0.0432078 9.9964E-05 0.62728 0.0173709 9.9964E-05 9.9964E-05
0.00515821 9.9964E-05 9.9964E-05 0.0111712 9.9964E-05 0.955847 9.9964E-05 0.0196984 0.00772549
0.0002773 0.131304 0.0146619 0.0585561 9.9982E-05 0.632755 0.0712581 0.0909867 9.9982E-05
0.0195716 9.9982E-05 0.00320163 0.584817 0.0446626 0.29949 0.0465899 0.00146693 9.9982E-05
9.993E-05 9.993E-05 9.993E-05 0.999201 9.993E-05 9.993E-05 9.993E-05 9.993E-05 9.993E-05
9.9973E-05 0.167973 0.0106369 0.0497359 9.9973E-05 0.635712 0.107979 9.9973E-05 0.0276635
