9.997E-05 9.997E-05 9.997E-05 9.997E-05 0.9996
0.0877106 0.0664606 9.9991E-05 0.460913 0.384816
0.0763629 0.0648121 9.9991E-05 0.464904 0.393821
9.9973E-05 9.9973E-05 9.9973E-05 0.707617 0.292083
9.999E-05 0.0228568 0.0697352 0.715224 0.192084
9.9973E-05 9.9973E-05 9.9973E-05 0.779937 0.219763
9.9973E-05 9.9973E-05 9.9973E-05 0.661092 0.338609
0.0917943 9.9982E-05 9.9982E-05 0.56105 0.346956
0.0280926 9.9982E-05 9.9982E-05 0.689646 0.282061
9.997E-05 9.997E-05 9.997E-05 9.997E-05 0.9996
9.997E-05 9.997E-05 9.997E-05 9.997E-05 0.9996
9.997E-05 9.997E-05 9.997E-05 9.997E-05 0.9996
9.997E-05 9.997E-05 9.997E-05 9.997E-05 0.9996
9.9982E-05 9.9982E-05 0.0255609 0.05713 0.917109
0.00756372 9.9982E-05 0.0218104 9.9982E-05 0.970426
0.0024773 9.9991E-05 0.0327107 0.732467 0.232245
0.078589 0.0465233 0.0531731 0.547431 0.274284
9.9973E-05 9.9973E-05 9.9973E-05 0.718975 0.280725
9.9973E-05 9.9973E-05 9.9973E-05 0.990776 0.00892376
9.997E-05 9.997E-05 9.997E-05 0.9996 9.997E-05
9.9973E-05 9.9973E-05 9.9973E-05 0.890655 0.109046
0.0432123 9.9982E-05 9.9982E-05 0.915796 0.0407922
0.0101278 9.9982E-05 9.9982E-05 0.944566 0.0451059
9.9973E-05 9.9973E-05 9.9973E-05 0.921107 0.0785932
9.9973E-05 9.9973E-05 9.9973E-05 0.962194 0.0375058
9.9982E-05 9.9982E-05 0.0650831 0.87443 0.0602873
0.057459 9.9982E-05 9.9982E-05 0.899976 0.0423651
9.9973E-05 9.9973E-05 9.9973E-05 0.955192 0.0445085
9.9982E-05 9.9982E-05 0.00504211 0.919676 0.0750823
9.9973E-05 9.9973E-05 9.9973E-05 0.859037 0.140663
9.9973E-05 9.9973E-05 9.9973E-05 0.888388 0.111312
9.9982E-05 9.9982E-05 0.000740831 0.986489 0.0125697
0.0281994 9.9991E-05 0.0752817 0.873479 0.02294
0.0714412 9.9991E-05 0.0996104 0.74628 0.0825689
0.0339688 9.9982E-05 9.9982E-05 0.936429 0.0294022
9.9973E-05 9.9973E-05 9.9973E-05 0.844315 0.155386
0.00508866 9.9973E-05 9.9973E-05 0.994611 9.9973E-05
9.9991E-05 0.022208 0.136023 0.804899 0.03677
0.0465372 0.0381097 0.0457991 0.824806 0.044748
9.9991E-05 0.0267941 0.11865 0.817292 0.0371638
0.0707128 0.0537034 0.185208 0.690276 9.9991E-05
0.0850685 0.0188476 0.279865 0.608126 0.00809324
0.0896462 0.0683635 0.0307984 0.780712 0.0304801
0.0704688 0.0758975 0.136012 0.717522 9.9991E-05
0.0562399 9.9982E-05 0.142411 0.80115 9.9982E-05
0.044071 9.9982E-05 0.0689085 0.88682 9.9982E-05
0.060671 9.9982E-05 0.096426 0.842703 9.9982E-05
0.0453786 9.9982E-05 0.0636851 0.890736 9.9982E-05
0.0461238 9.9991E-05 0.257578 0.650949 0.0452485
0.0208689 0.0407468 0.0389073 0.787819 0.111658
0.0551614 0.0812166 0.0223048 0.823998 0.0173189
0.0724508 9.9982E-05 0.13912 0.788229 9.9982E-05
0.0648689 9.9982E-05 0.148023 0.786909 9.9982E-05
0.0214092 0.0531322 0.270788 0.615227 0.0394445
0.00549471 0.0713806 0.19246 0.702203 0.0284617
0.10544 0.00821423 0.172913 0.713332 9.9991E-05
0.0622695 0.0155134 0.224267 0.638889 0.059061
0.0296075 0.0567198 0.154702 0.758871 9.9991E-05
0.0803121 9.9982E-05 0.099466 0.820022 9.9982E-05
0.000480598 9.9991E-05 0.170543 0.791424 0.0374521
9.9973E-05 9.9973E-05 0.282225 0.717475 9.9973E-05
9.9982E-05 0.0829904 0.239852 0.676958 9.9982E-05
0.120625 0.088443 0.106367 0.684465 9.9991E-05
0.0873411 0.0508372 0.210175 0.651546 9.9991E-05
9.9982E-05 9.9982E-05 0.230527 0.75562 0.0136532
0.124389 0.0173262 0.180451 0.677733 9.9991E-05
0.0379313 0.0730264 0.175239 0.713704 9.9991E-05
0.0657304 0.105792 0.177076 0.651301 9.9991E-05
0.0552301 0.0230636 0.0802054 0.841401 9.9991E-05
0.133909 0.0107956 0.164825 0.69037 9.9991E-05
0.095384 0.0929518 0.0200652 0.780554 0.0110455
0.0639086 0.0855233 0.195707 0.654761 9.9991E-05
0.0794363 9.9991E-05 0.0922902 0.797649 0.0305241
0.00137452 0.0328638 0.150609 0.815053 9.9991E-05
0.0687916 9.9991E-05 0.323147 0.578868 0.029093
0.013484 0.00938943 0.259173 0.717854 9.9991E-05
0.112784 0.0524604 0.0938291 0.740826 9.9991E-05
0.0538613 0.180788 0.122193 0.643058 9.9991E-05
0.031522 0.17089 0.33762 0.459869 9.9991E-05
0.0439049 0.146044 0.430877 0.379074 9.9991E-05
0.073484 0.0864822 0.433345 0.398876 0.00781339
0.0541881 0.125281 0.410212 0.410219 9.9991E-05
0.0611869 0.156054 0.387553 0.395107 9.9991E-05
0.0259869 0.105234 0.380531 0.488148 9.9991E-05
0.0212189 0.192819 0.309256 0.473252 0.00345434
0.148478 0.166715 0.279478 0.405229 9.9991E-05
0.104419 0.0914069 0.313638 0.454015 0.0365214
9.9991E-05 0.129924 0.331752 0.529217 0.00900739
0.0283011 0.22896 0.34217 0.376881 0.0236871
0.116771 0.126281 0.384622 0.370028 0.0022968
0.0906934 0.183468 0.218354 0.490096 0.0173879
0.0947826 0.135381 0.241149 0.509871 0.0188166
0.0870579 0.174656 0.359565 0.361125 0.0175967
9.997E-05 0.9996 9.997E-05 9.997E-05 9.997E-05
0.0094577 0.963029 9.9991E-05 0.0101582 0.0172554
9.9991E-05 0.905725 0.0207008 0.0716615 0.00181304
9.997E-05 0.9996 9.997E-05 9.997E-05 9.997E-05
9.997E-05 0.9996 9.997E-05 9.997E-05 9.997E-05
9.997E-05 0.9996 9.997E-05 9.997E-05 9.997E-05
9.997E-05 0.9996 9.997E-05 9.997E-05 9.997E-05
0.0214517 0.950589 9.9991E-05 0.02182 0.00603934
9.997E-05 0.9996 9.997E-05 9.997E-05 9.997E-05
9.997E-05 0.9996 9.997E-05 9.997E-05 9.997E-05
0.0937236 0.101961 0.512814 0.291402 9.9991E-05
9.9991E-05 0.89788 0.0418765 0.0537328 0.0064106
9.997E-05 0.9996 9.997E-05 9.997E-05 9.997E-05
9.997E-05 0.9996 9.997E-05 9.997E-05 9.997E-05
0.0876071 0.118662 0.589413 0.204218 9.9991E-05
0.102482 0.125843 0.511457 0.260118 9.9991E-05
0.0734564 0.145289 0.481014 0.30014 9.9991E-05
0.0676544 0.174444 0.532669 0.225132 9.9991E-05
0.0738484 0.14008 0.582533 0.203439 9.9991E-05
0.038991 0.0820552 0.512339 0.366514 9.9991E-05
0.0759869 0.186786 0.38307 0.354058 9.9991E-05
0.0212293 0.147831 0.530223 0.300616 9.9991E-05
0.121204 0.232701 0.401236 0.244759 9.9991E-05
0.0916624 0.211667 0.474745 0.221826 9.9991E-05
0.0900228 0.157364 0.416685 0.335828 9.9991E-05
0.0590344 0.226441 0.409673 0.304752 9.9991E-05
0.0975928 0.0845368 0.507054 0.305045 0.00577227
0.0145567 0.169579 0.447985 0.367778 9.9991E-05
0.0173131 9.9973E-05 0.982387 9.9973E-05 9.9973E-05
0.00574528 0.0272108 0.965236 9.9991E-05 0.00170826
9.997E-05 9.997E-05 0.9996 9.997E-05 9.997E-05
0.0140123 9.9982E-05 0.980205 0.00558225 9.9982E-05
9.997E-05 9.997E-05 0.9996 9.997E-05 9.997E-05
9.9973E-05 0.0353463 0.964354 9.9973E-05 9.9973E-05
9.997E-05 9.997E-05 0.9996 9.997E-05 9.997E-05
0.0212379 0.00812409 0.905817 0.0502597 0.0145616
0.0198628 9.9973E-05 0.979837 9.9973E-05 9.9973E-05
0.00888673 9.9973E-05 0.990813 9.9973E-05 9.9973E-05
0.00836463 0.123251 0.868184 9.9982E-05 9.9982E-05
9.997E-05 9.997E-05 0.9996 9.997E-05 9.997E-05
0.0526366 0.0346736 0.893327 0.0192625 9.9991E-05
0.9996 9.997E-05 9.997E-05 9.997E-05 9.997E-05
0.105405 0.187314 0.40762 0.299561 9.9991E-05
0.9996 9.997E-05 9.997E-05 9.997E-05 9.997E-05
0.9996 9.997E-05 9.997E-05 9.997E-05 9.997E-05
0.954722 0.0449782 9.9973E-05 9.9973E-05 9.9973E-05
0.770842 0.0188421 0.0794487 0.113476 0.0173911
0.9996 9.997E-05 9.997E-05 9.997E-05 9.997E-05
0.841494 0.00140418 0.0619838 0.095018 9.9991E-05
0.998185 0.00151553 9.9973E-05 9.9973E-05 9.9973E-05
0.956345 9.9982E-05 0.0151985 0.0282565 9.9982E-05
0.9996 9.997E-05 9.997E-05 9.997E-05 9.997E-05
0.996978 9.9982E-05 0.00215368 9.9982E-05 0.000668204
0.993811 9.9982E-05 0.00349498 9.9982E-05 0.00249375
0.772175 0.0452661 0.177822 0.00463781 9.9991E-05
0.946397 0.0158215 0.0375812 9.9982E-05 9.9982E-05
0.872494 0.0130979 0.0993755 0.00748884 0.00754352
0.849244 0.0107258 0.122766 9.9991E-05 0.0171644
0.85985 9.9991E-05 0.0615469 0.0670249 0.011478
0.921369 9.9982E-05 0.0736599 9.9982E-05 0.00477133
0.0420971 0.0729218 0.645721 0.182253 0.0570067
0.0559636 0.102301 0.569324 0.18019 0.0922218
0.0884397 0.119301 0.504639 0.22266 0.0649606
0.0700214 0.0853535 0.563043 0.232556 0.0490265
0.0541312 0.185735 0.68103 0.0540388 0.0250648
0.0414025 0.152986 0.804365 9.9991E-05 0.00114652
0.101317 0.177585 0.715995 9.9991E-05 0.00500344
0.045532 0.172879 0.780377 9.9991E-05 0.00111158
0.0934649 0.163947 0.721633 9.9991E-05 0.020855
0.0717204 0.167924 0.707832 0.0446938 0.00782949
0.0741117 0.1819 0.702242 0.0359836 0.0057628
0.0767547 0.106205 0.621069 0.175745 0.0202265
0.0772263 0.15237 0.615892 0.132538 0.0219742
9.9973E-05 9.9973E-05 0.965279 9.9973E-05 0.0344211
9.9973E-05 9.9973E-05 0.982048 9.9973E-05 0.0176517
9.9973E-05 9.9973E-05 0.974811 9.9973E-05 0.0248888
9.9973E-05 9.9973E-05 0.9771 9.9973E-05 0.0225999
9.9973E-05 9.9973E-05 0.990497 9.9973E-05 0.00920317
0.0107137 9.9982E-05 0.945022 9.9982E-05 0.0440643
9.9973E-05 9.9973E-05 0.981892 9.9973E-05 0.0178076
9.9973E-05 9.9973E-05 0.97358 9.9973E-05 0.0261202
9.9973E-05 9.9973E-05 0.94554 9.9973E-05 0.0541602
9.9973E-05 9.9973E-05 0.965588 9.9973E-05 0.0341118
9.9973E-05 9.9973E-05 0.977191 9.9973E-05 0.0225093
9.9973E-05 9.9973E-05 0.97546 9.9973E-05 0.0242402
