9.997E-05 0.9996 9.997E-05 9.997E-05 9.997E-05
0.499279 0.372011 0.0815955 0.0470137 9.9991E-05
0.501558 0.331285 0.0391752 0.127882 9.9991E-05
0.728942 0.270758 9.9973E-05 9.9973E-05 9.9973E-05
0.853665 0.146035 9.9973E-05 9.9973E-05 9.9973E-05
0.779241 0.205643 9.9982E-05 0.0149158 9.9982E-05
0.646958 0.352742 9.9973E-05 9.9973E-05 9.9973E-05
0.59997 0.322783 0.0192537 0.0578936 9.9991E-05
0.741798 0.222883 0.00311675 0.0321025 9.9991E-05
9.997E-05 0.9996 9.997E-05 9.997E-05 9.997E-05
9.997E-05 0.9996 9.997E-05 9.997E-05 9.997E-05
9.997E-05 0.9996 9.997E-05 9.997E-05 9.997E-05
9.997E-05 0.9996 9.997E-05 9.997E-05 9.997E-05
0.025698 0.945586 0.00140535 0.00788164 0.0194289
9.9973E-05 0.963336 9.9973E-05 0.0363642 9.9973E-05
0.759538 0.232376 9.9982E-05 0.00788631 9.9982E-05
0.50658 0.273661 0.0784246 0.0717225 0.0696125
0.724634 0.275066 9.9973E-05 9.9973E-05 9.9973E-05
0.9996 9.997E-05 9.997E-05 9.997E-05 9.997E-05
0.9996 9.997E-05 9.997E-05 9.997E-05 9.997E-05
0.87565 0.107934 0.0162166 9.9982E-05 9.9982E-05
0.936294 0.0340765 0.0102018 0.0193273 9.9991E-05
0.949063 0.0506374 9.9973E-05 9.9973E-05 9.9973E-05
0.938951 0.0607489 9.9973E-05 9.9973E-05 9.9973E-05
0.92833 0.0713698 9.9973E-05 9.9973E-05 9.9973E-05
0.887246 0.023381 9.9982E-05 9.9982E-05 0.0891734
0.851176 0.0491829 9.9991E-05 0.0656617 0.0338793
0.993952 0.00574839 9.9973E-05 9.9973E-05 9.9973E-05
0.894365 0.0761274 9.9982E-05 9.9982E-05 0.0293074
0.895094 0.104606 9.9973E-05 9.9973E-05 9.9973E-05
0.915233 0.0844671 9.9973E-05 9.9973E-05 9.9973E-05
0.982458 0.0136392 0.00370312 9.9982E-05 9.9982E-05
0.943019 0.0123349 0.0201844 0.0243621 9.9991E-05
0.732884 0.0956445 0.00532414 0.0673809 0.0987669
0.95817 0.00216929 0.018799 0.019103 0.00175898
0.872279 0.127421 9.9973E-05 9.9973E-05 9.9973E-05
0.994048 9.9973E-05 9.9973E-05 9.9973E-05 0.00565209
0.806132 0.0135706 0.00277365 0.00717893 0.170345
0.80932 0.022641 0.0573999 0.0478638 0.0627755
0.812133 0.0335291 9.9982E-05 9.9982E-05 0.154138
0.679826 9.9991E-05 0.0486002 0.0624604 0.209013
0.608403 9.9991E-05 0.0451722 0.0673638 0.278961
0.713678 0.0586055 0.0741117 0.108865 0.0447401
0.735801 9.9991E-05 0.0499322 0.0493024 0.164864
0.712268 9.9982E-05 9.9982E-05 0.0800453 0.207487
0.885834 9.9982E-05 9.9982E-05 0.0631418 0.0508245
0.88832 9.9982E-05 9.9982E-05 0.0579818 0.0534981
0.871994 9.9991E-05 0.0099565 0.0540896 0.0638595
0.605213 0.0595918 9.9991E-05 0.0584613 0.276634
0.780897 0.0856837 0.0655458 0.062556 0.00531711
0.763143 0.0241453 0.0359817 0.0562481 0.120482
0.787957 9.9982E-05 9.9982E-05 0.103099 0.108744
0.780821 9.9982E-05 9.9982E-05 0.0334711 0.185508
0.618062 0.0134083 0.0690454 0.0370701 0.262414
0.58875 0.0324804 0.0689214 0.0280473 0.281801
0.694182 9.9991E-05 0.0458059 0.124969 0.134943
0.637461 0.0765009 9.9991E-05 0.11594 0.169998
0.746542 9.9991E-05 0.0255091 0.0131691 0.21468
0.914431 9.9982E-05 9.9982E-05 0.0467353 0.0386342
0.800196 0.0106519 0.0285722 0.0339556 0.126625
0.702628 9.9982E-05 9.9982E-05 0.0209571 0.276215
0.689187 9.9982E-05 0.0488742 9.9982E-05 0.261738
0.655963 9.9991E-05 0.10045 0.0619103 0.181577
0.589487 9.9991E-05 0.055076 0.0951314 0.260205
0.761198 9.9982E-05 0.0257084 9.9982E-05 0.212894
0.649383 9.9991E-05 0.0324048 0.0962159 0.221897
0.621029 9.9991E-05 0.0798551 0.0575158 0.2415
0.635031 9.9991E-05 0.0612318 0.0999473 0.20369
0.852942 9.9991E-05 0.000624334 0.0120287 0.134305
0.663806 9.9991E-05 0.0445396 0.103866 0.187689
0.78108 0.0172709 0.0871936 0.0834637 0.0309913
0.622101 9.9991E-05 0.0664846 0.0867231 0.224591
0.740066 0.0398607 0.00318686 0.00600911 0.210877
0.75533 9.9991E-05 0.00184013 0.0436119 0.199118
0.519683 0.0251295 0.0242826 0.0498843 0.381021
0.613793 9.9991E-05 0.0270389 0.0154684 0.3436
0.712421 9.9991E-05 0.0414436 0.083476 0.16256
0.622085 0.00834863 0.164591 0.0236193 0.181356
0.331521 9.9991E-05 0.0880722 0.093151 0.487156
0.338473 9.9991E-05 0.113612 0.10068 0.447135
0.365481 9.9991E-05 0.119315 0.110631 0.404474
0.386729 9.9991E-05 0.163067 0.0704699 0.379635
0.369607 9.9991E-05 0.093421 0.107375 0.429496
0.493926 9.9991E-05 0.157594 0.0275877 0.320792
0.487213 9.9991E-05 0.227856 0.0444209 0.24041
0.420528 9.9991E-05 0.192084 0.128439 0.258849
0.491141 0.0380701 0.0985132 0.118664 0.253612
0.517535 9.9991E-05 0.178954 0.00852289 0.294888
0.417537 9.9991E-05 0.152116 0.0758062 0.354442
0.376864 9.9991E-05 0.126446 0.131716 0.364874
0.434714 0.0206072 0.172619 0.0823305 0.289729
0.476209 0.0106206 0.136695 0.0923055 0.284169
0.294998 0.00814894 0.196415 0.132865 0.367573
9.997E-05 9.997E-05 0.9996 9.997E-05 9.997E-05
0.0307803 0.0195019 0.930323 0.0192948 9.9991E-05
0.0512705 9.9982E-05 0.876271 9.9982E-05 0.0722582
9.997E-05 9.997E-05 0.9996 9.997E-05 9.997E-05
9.997E-05 9.997E-05 0.9996 9.997E-05 9.997E-05
9.997E-05 9.997E-05 0.9996 9.997E-05 9.997E-05
9.997E-05 9.997E-05 0.9996 9.997E-05 9.997E-05
0.0720436 9.9982E-05 0.904126 0.0236302 9.9982E-05
9.997E-05 9.997E-05 0.9996 9.997E-05 9.997E-05
9.997E-05 9.997E-05 0.9996 9.997E-05 9.997E-05
0.214632 9.9991E-05 0.117172 0.112941 0.555155
0.0194235 9.9982E-05 0.954654 9.9982E-05 0.0257228
9.997E-05 9.997E-05 0.9996 9.997E-05 9.997E-05
0.0168412 9.9982E-05 0.952101 9.9982E-05 0.0308574
0.192504 9.9991E-05 0.1316 0.0503261 0.62547
0.255696 9.9991E-05 0.14197 0.116775 0.485459
0.241024 0.00231587 0.140602 0.0743215 0.541737
0.177891 9.9991E-05 0.180747 0.0939955 0.547266
0.252182 9.9991E-05 0.157241 0.061655 0.528822
0.451397 9.9991E-05 0.117445 0.00554545 0.425513
0.316173 9.9991E-05 0.170112 0.0528337 0.460782
0.249376 9.9991E-05 0.155269 0.045025 0.55023
0.235817 9.9991E-05 0.23371 0.120603 0.40977
0.233962 9.9991E-05 0.23004 0.099863 0.436035
0.372098 9.9991E-05 0.150224 0.0852546 0.392323
0.308022 0.0136263 0.216107 0.0688532 0.393392
0.206994 0.0139721 0.117577 0.0993432 0.562114
0.293277 9.9991E-05 0.152791 0.0744246 0.479407
9.9982E-05 9.9982E-05 0.0325998 0.00266908 0.964531
9.9982E-05 0.00202485 0.0259491 9.9982E-05 0.971826
9.997E-05 9.997E-05 9.997E-05 9.997E-05 0.9996
9.997E-05 9.997E-05 9.997E-05 9.997E-05 0.9996
9.997E-05 9.997E-05 9.997E-05 9.997E-05 0.9996
9.9982E-05 9.9982E-05 0.0025549 0.00394665 0.993298
9.9973E-05 9.9973E-05 0.0279436 9.9973E-05 0.971757
9.9982E-05 0.0126844 0.0403338 9.9982E-05 0.946782
9.9973E-05 9.9973E-05 9.9973E-05 0.0083992 0.991301
9.997E-05 9.997E-05 9.997E-05 9.997E-05 0.9996
9.9973E-05 9.9973E-05 0.0910476 9.9973E-05 0.908652
9.9973E-05 9.9973E-05 0.0198131 9.9973E-05 0.979887
0.0384364 9.9991E-05 0.0331767 0.0899324 0.838354
9.997E-05 9.997E-05 9.997E-05 0.9996 9.997E-05
0.228334 9.9991E-05 0.189851 0.126633 0.455083
9.997E-05 9.997E-05 9.997E-05 0.9996 9.997E-05
9.997E-05 9.997E-05 9.997E-05 0.9996 9.997E-05
9.9982E-05 9.9982E-05 0.0470051 0.952519 0.000275926
0.13782 9.9991E-05 0.00031033 0.797284 0.0644858
9.997E-05 9.997E-05 9.997E-05 0.9996 9.997E-05
9.9991E-05 0.00177114 0.0103041 0.946061 0.0417637
9.9982E-05 0.0126604 0.00225976 0.98488 9.9982E-05
0.034171 9.9982E-05 0.0202893 0.94534 9.9982E-05
9.9973E-05 0.00401274 9.9973E-05 0.995687 9.9973E-05
9.997E-05 9.997E-05 9.997E-05 0.9996 9.997E-05
9.9973E-05 9.9973E-05 0.0240928 0.975607 9.9973E-05
9.9982E-05 9.9982E-05 0.0398314 0.835225 0.124744
9.9982E-05 0.0262969 9.9982E-05 0.955702 0.0178007
0.00120473 0.00467903 0.0177872 0.906847 0.0694824
9.9982E-05 0.01085 9.9982E-05 0.891292 0.0976578
0.0521333 0.00882428 9.9991E-05 0.891124 0.0478182
9.9982E-05 0.00258648 9.9982E-05 0.982124 0.0150892
0.177038 0.0438321 0.122361 0.0755886 0.58118
0.266816 0.00322075 0.0453722 0.0762913 0.608299
0.186985 0.0544395 0.0823556 0.0809846 0.595235
0.241601 0.0614788 0.053003 0.0939705 0.549947
0.0821545 0.0106543 0.174544 0.0432052 0.689442
9.9991E-05 0.00925976 0.158685 0.0300001 0.801955
0.025229 0.00372035 0.186911 0.0733355 0.710804
0.00663587 0.0340107 0.169368 0.0766525 0.713333
0.0021929 0.0310631 0.162599 0.0821507 0.721994
0.0756136 0.0269089 0.176395 0.0608564 0.660226
0.049932 0.0421396 0.171859 0.0671111 0.668958
0.0758889 0.0319113 0.128198 0.109594 0.654408
0.129289 0.0255448 0.150146 0.0560651 0.638956
9.9973E-05 0.0395457 9.9973E-05 9.9973E-05 0.960154
9.9973E-05 0.0479874 9.9973E-05 9.9973E-05 0.951713
9.9973E-05 0.0332158 9.9973E-05 9.9973E-05 0.966484
9.9973E-05 0.0589647 9.9973E-05 9.9973E-05 0.940735
9.9973E-05 0.037371 9.9973E-05 9.9973E-05 0.962329
0.016481 0.0604054 9.9982E-05 9.9982E-05 0.922914
9.9973E-05 0.0412884 9.9973E-05 9.9973E-05 0.958412
9.9973E-05 0.0377936 9.9973E-05 9.9973E-05 0.961906
9.9973E-05 0.0370168 9.9973E-05 9.9973E-05 0.962683
9.9973E-05 0.0404751 9.9973E-05 9.9973E-05 0.959225
9.9973E-05 0.0364393 9.9973E-05 9.9973E-05 0.963261
9.9973E-05 0.0382608 9.9973E-05 9.9973E-05 0.961439
