0.9996 9.997E-05 9.997E-05 9.997E-05 9.997E-05
0.459334 9.9991E-05 0.288726 0.131321 0.120518
0.493126 9.9991E-05 0.250012 0.119665 0.137097
0.477562 9.9973E-05 0.522138 9.9973E-05 9.9973E-05
0.290713 0.118347 0.590739 9.9982E-05 9.9982E-05
0.382202 9.9982E-05 0.578426 9.9982E-05 0.039172
0.530125 9.9973E-05 0.469575 9.9973E-05 9.9973E-05
0.479251 9.9982E-05 0.425896 9.9982E-05 0.0946538
0.39638 0.0496053 0.499111 0.0167323 0.0381709
0.9996 9.997E-05 9.997E-05 9.997E-05 9.997E-05
0.9996 9.997E-05 9.997E-05 9.997E-05 9.997E-05
0.9996 9.997E-05 9.997E-05 9.997E-05 9.997E-05
0.9996 9.997E-05 9.997E-05 9.997E-05 9.997E-05
0.94596 0.0537402 9.9973E-05 9.9973E-05 9.9973E-05
0.99572 0.000998981 9.9982E-05 9.9982E-05 0.00308091
0.370229 0.0058945 0.56767 9.9991E-05 0.0561066
0.324695 0.118016 0.442308 0.0745577 0.0404223
0.408923 9.9982E-05 0.576032 9.9982E-05 0.0148447
0.170776 0.0435635 0.78546 9.9982E-05 9.9982E-05
0.166918 0.0235523 0.80933 9.9982E-05 9.9982E-05
0.301705 0.0101134 0.687981 9.9982E-05 9.9982E-05
0.186476 9.9982E-05 0.763716 9.9982E-05 0.0496087
0.207673 0.0368781 0.747063 9.9991E-05 0.00828532
0.260308 9.9973E-05 0.739392 9.9973E-05 9.9973E-05
0.202501 9.9973E-05 0.797199 9.9973E-05 9.9973E-05
0.156356 0.0415529 0.801891 9.9982E-05 9.9982E-05
0.185168 0.119438 0.635435 9.9991E-05 0.059859
0.215482 9.9973E-05 0.784218 9.9973E-05 9.9973E-05
0.249466 0.00814499 0.74183 9.9991E-05 0.000459501
0.297941 9.9973E-05 0.701759 9.9973E-05 9.9973E-05
0.279421 0.022681 0.697138 0.00065987 9.9991E-05
0.196286 0.0281067 0.753845 9.9991E-05 0.0216623
0.180927 0.0241324 0.734634 0.0288381 0.0314686
0.186233 9.9982E-05 0.770434 9.9982E-05 0.0431331
0.205375 0.00767239 0.751723 9.9991E-05 0.03513
0.278566 9.9973E-05 0.721134 9.9973E-05 9.9973E-05
0.105628 0.0542694 0.839903 9.9982E-05 9.9982E-05
0.128309 0.0673661 0.793701 9.9991E-05 0.0105236
0.145572 0.0711503 0.6824 0.0452555 0.0556228
0.1344 0.0569181 0.798025 0.0105569 9.9991E-05
0.031972 9.9991E-05 0.911432 0.037914 0.0185821
0.0226091 0.0381555 0.873149 9.9991E-05 0.0659865
0.13042 9.9991E-05 0.788812 0.0141255 0.0665424
0.0158163 0.0217381 0.950274 9.9991E-05 0.0120714
0.0187963 0.0277559 0.903068 9.9991E-05 0.0502799
0.0541699 9.9982E-05 0.916795 9.9982E-05 0.0288355
0.0323367 9.9982E-05 0.965294 9.9982E-05 0.00216963
0.0619994 0.0421916 0.862074 9.9991E-05 0.0336347
0.097006 0.0695854 0.803294 9.9991E-05 0.0300148
0.211381 9.9991E-05 0.776931 0.000960888 0.010628
0.112442 0.0905575 0.751759 9.9991E-05 0.045142
0.0568917 0.0176725 0.889201 9.9991E-05 0.036135
0.0547613 0.000475667 0.877265 9.9991E-05 0.0673979
0.115759 0.0865444 0.797497 9.9982E-05 9.9982E-05
0.0870036 0.0395651 0.77905 0.0771485 0.017233
0.0527932 9.9982E-05 0.840081 9.9982E-05 0.106926
0.129585 0.0489686 0.751263 9.9991E-05 0.0700843
0.0371342 0.0718191 0.890847 9.9982E-05 9.9982E-05
0.054871 9.9982E-05 0.907051 9.9982E-05 0.0378778
0.114445 0.115206 0.757664 9.9991E-05 0.0125851
0.0259797 0.0895388 0.884281 9.9982E-05 9.9982E-05
0.0813854 9.9982E-05 0.9038 0.0146149 9.9982E-05
0.0427667 0.035055 0.802693 0.0586635 0.0608219
0.0111581 0.0584532 0.832907 9.9991E-05 0.0973816
0.0611163 0.044248 0.894436 9.9982E-05 9.9982E-05
0.00207593 0.0239161 0.906765 0.0280649 0.0391781
9.9991E-05 0.00681251 0.927107 0.0475571 0.0184234
0.0397759 0.055723 0.81352 0.0443771 0.046604
0.0750119 0.018829 0.885441 9.9991E-05 0.0206182
9.9982E-05 9.9982E-05 0.937649 0.0103322 0.0518185
0.0802567 9.9991E-05 0.848202 0.0272872 0.0441537
9.9991E-05 0.0363863 0.833842 0.00665043 0.123022
0.119442 0.0435104 0.809873 9.9991E-05 0.0270739
0.075958 0.0539032 0.859773 9.9991E-05 0.0102658
0.0547957 0.0331127 0.852171 9.9991E-05 0.0598205
0.0133884 0.13449 0.851922 9.9982E-05 9.9982E-05
9.9982E-05 9.9982E-05 0.853786 0.0632217 0.082792
0.00527967 0.0445833 0.763551 0.143741 0.042845
0.0122912 0.0835912 0.816334 0.0876837 9.9991E-05
9.9991E-05 0.00540187 0.847448 0.13595 0.0111008
9.9991E-05 0.0352917 0.844051 0.0972563 0.0233015
9.9991E-05 0.0509902 0.762765 0.158034 0.0281114
9.9991E-05 0.0255082 0.833168 0.0974579 0.0437658
9.9982E-05 0.0542581 0.833142 0.1124 9.9982E-05
0.00519902 0.0343342 0.73498 0.195421 0.0300656
0.0329511 0.0497033 0.666939 0.173024 0.0773829
0.088028 0.0438895 0.695874 0.0800632 0.0921458
0.0147861 0.0482993 0.816799 0.120015 9.9991E-05
9.9991E-05 0.0526604 0.688572 0.191896 0.066772
0.00258445 0.187878 0.624323 0.111296 0.0739185
0.0787018 0.0578551 0.647011 0.137405 0.0790264
0.0557741 0.0207471 0.699008 0.154524 0.0699467
0.0200326 0.18503 0.504867 0.205474 0.0845958
9.997E-05 9.997E-05 9.997E-05 0.9996 9.997E-05
0.0324378 9.9982E-05 9.9982E-05 0.94754 0.0198224
0.0127027 9.9982E-05 0.0904741 0.896623 9.9982E-05
9.997E-05 9.997E-05 9.997E-05 0.9996 9.997E-05
9.997E-05 9.997E-05 9.997E-05 0.9996 9.997E-05
9.997E-05 9.997E-05 9.997E-05 0.9996 9.997E-05
9.997E-05 9.997E-05 9.997E-05 0.9996 9.997E-05
0.0053255 9.9982E-05 0.0770931 0.917381 9.9982E-05
9.997E-05 9.997E-05 9.997E-05 0.9996 9.997E-05
9.997E-05 9.997E-05 9.997E-05 0.9996 9.997E-05
9.9991E-05 0.174597 0.672967 0.0947342 0.0576024
9.9991E-05 0.0451806 0.0204606 0.912983 0.0212759
9.997E-05 9.997E-05 9.997E-05 0.9996 9.997E-05
9.9973E-05 0.00262501 9.9973E-05 0.997075 9.9973E-05
9.9991E-05 0.0947851 0.777482 0.113801 0.0138316
9.9991E-05 0.0923336 0.733565 0.133356 0.0406459
9.9991E-05 0.0749611 0.743975 0.144909 0.0360547
9.9991E-05 0.0448943 0.704612 0.182905 0.0674884
9.9991E-05 0.0773932 0.734482 0.151812 0.0362128
9.9982E-05 0.12492 0.736418 0.138462 9.9982E-05
9.9991E-05 0.0693812 0.710007 0.166366 0.0541453
9.9991E-05 0.0712002 0.783287 0.137084 0.00832846
9.9991E-05 0.136844 0.554936 0.221872 0.0862472
9.9991E-05 0.127277 0.583432 0.232383 0.0568081
9.9991E-05 0.092365 0.714194 0.141257 0.0520841
9.9991E-05 0.141706 0.570442 0.227245 0.0605067
9.9991E-05 0.116358 0.786012 0.0394609 0.058069
9.9991E-05 0.102517 0.676919 0.135795 0.0846688
9.9973E-05 0.0418257 0.957874 9.9973E-05 9.9973E-05
9.9982E-05 0.0349213 0.915324 0.0495551 9.9982E-05
9.9973E-05 9.9973E-05 0.977819 0.0218814 9.9973E-05
9.997E-05 9.997E-05 0.9996 9.997E-05 9.997E-05
9.9973E-05 9.9973E-05 0.993753 0.00594746 9.9973E-05
9.9973E-05 9.9973E-05 0.964402 0.035298 9.9973E-05
9.9973E-05 9.9973E-05 0.995759 0.00394154 9.9973E-05
9.9991E-05 0.054618 0.900056 0.0418367 0.00338892
9.9982E-05 0.00657863 0.986235 0.00698598 9.9982E-05
9.997E-05 9.997E-05 0.9996 9.997E-05 9.997E-05
9.9982E-05 9.9982E-05 0.889957 0.0886223 0.0212204
9.9973E-05 9.9973E-05 0.964303 0.0353972 9.9973E-05
9.9982E-05 9.9982E-05 0.944905 0.0012895 0.0536053
9.997E-05 9.997E-05 9.997E-05 9.997E-05 0.9996
9.9991E-05 0.083193 0.650625 0.170102 0.0959799
9.997E-05 9.997E-05 9.997E-05 9.997E-05 0.9996
9.997E-05 9.997E-05 9.997E-05 9.997E-05 0.9996
9.9973E-05 9.9973E-05 9.9973E-05 0.0464594 0.953241
0.0219518 9.9982E-05 0.208312 9.9982E-05 0.769536
9.997E-05 9.997E-05 9.997E-05 9.997E-05 0.9996
9.9973E-05 9.9973E-05 0.145189 9.9973E-05 0.854512
9.9973E-05 9.9973E-05 9.9973E-05 0.0119265 0.987774
0.00363198 9.9982E-05 0.0300423 9.9982E-05 0.966126
9.997E-05 9.997E-05 9.997E-05 9.997E-05 0.9996
9.9973E-05 0.00154805 9.9973E-05 9.9973E-05 0.998152
9.997E-05 9.997E-05 9.997E-05 9.997E-05 0.9996
9.9991E-05 0.0631885 0.0616161 0.0322452 0.84285
0.0152867 0.0221094 9.9982E-05 9.9982E-05 0.962404
9.9991E-05 0.0250084 0.0798469 0.0127603 0.882284
9.9991E-05 0.0666708 0.0538953 0.0129247 0.866409
0.0248883 0.0668221 9.9991E-05 0.0288519 0.879338
0.00975864 9.9991E-05 0.019605 0.0102292 0.960307
0.00408094 0.354329 0.481011 0.0943079 0.0662711
0.0312455 0.357051 0.49283 0.0587967 0.0600771
0.041235 0.362937 0.465813 0.109202 0.0208117
0.0381287 0.334395 0.455482 0.0964207 0.0755735
9.9991E-05 0.448492 0.300945 0.181094 0.0693693
9.9991E-05 0.623031 0.00762533 0.234995 0.134249
9.9991E-05 0.51604 0.163248 0.216807 0.103804
9.9991E-05 0.577347 0.0729332 0.242129 0.107491
0.0108513 0.52974 0.147602 0.215811 0.0959955
9.9991E-05 0.493143 0.173543 0.228194 0.10502
9.9991E-05 0.484874 0.186009 0.220667 0.108351
0.0513059 0.405646 0.324286 0.14597 0.0727926
9.9991E-05 0.446112 0.306139 0.176799 0.0708506
9.997E-05 0.9996 9.997E-05 9.997E-05 9.997E-05
9.997E-05 0.9996 9.997E-05 9.997E-05 9.997E-05
9.997E-05 0.9996 9.997E-05 9.997E-05 9.997E-05
9.997E-05 0.9996 9.997E-05 9.997E-05 9.997E-05
9.997E-05 0.9996 9.997E-05 9.997E-05 9.997E-05
0.00594147 0.954973 0.0388857 9.9982E-05 9.9982E-05
9.997E-05 0.9996 9.997E-05 9.997E-05 9.997E-05
9.997E-05 0.9996 9.997E-05 9.997E-05 9.997E-05
9.997E-05 0.9996 9.997E-05 9.997E-05 9.997E-05
9.9973E-05 0.960661 0.0390386 9.9973E-05 9.9973E-05
9.997E-05 0.9996 9.997E-05 9.997E-05 9.997E-05
9.997E-05 0.9996 9.997E-05 9.997E-05 9.997E-05
