9.997E-05 9.997E-05 0.9996 9.997E-05 9.997E-05
9.999E-05 0.299221 0.500182 0.0882131 0.112285
9.9991E-05 0.221249 0.53193 0.0889153 0.157805
9.9973E-05 0.527217 0.472483 9.9973E-05 9.9973E-05
0.0844397 0.604887 0.310473 9.9982E-05 9.9982E-05
9.9982E-05 0.562006 0.39297 9.9982E-05 0.0448239
9.9982E-05 0.420246 0.560797 9.9982E-05 0.0187566
9.9982E-05 0.469114 0.449386 9.9982E-05 0.0812999
0.0450593 0.483091 0.415179 0.0129528 0.0437184
9.997E-05 9.997E-05 0.9996 9.997E-05 9.997E-05
9.997E-05 9.997E-05 0.9996 9.997E-05 9.997E-05
9.997E-05 9.997E-05 0.9996 9.997E-05 9.997E-05
9.997E-05 9.997E-05 0.9996 9.997E-05 9.997E-05
0.053629 9.9973E-05 0.946071 9.9973E-05 9.9973E-05
9.9973E-05 9.9973E-05 0.995939 0.00376064 9.9973E-05
9.9982E-05 0.638642 0.338641 9.9982E-05 0.0225172
0.0910916 0.460829 0.304205 0.0819422 0.0619321
9.9973E-05 0.54385 0.45585 9.9973E-05 9.9973E-05
0.0688102 0.765818 0.165172 9.9982E-05 9.9982E-05
9.9973E-05 0.841348 0.158352 9.9973E-05 9.9973E-05
0.0194775 0.690508 0.289814 9.9982E-05 9.9982E-05
0.0109587 0.703785 0.201392 0.0173218 0.0665431
0.0709859 0.685183 0.22483 9.9991E-05 0.0189014
9.9973E-05 0.745183 0.254517 9.9973E-05 9.9973E-05
0.0033129 0.763463 0.233024 9.9982E-05 9.9982E-05
0.058023 0.783214 0.158563 9.9982E-05 9.9982E-05
0.104367 0.63659 0.197435 9.9991E-05 0.061508
9.9973E-05 0.77243 0.22727 9.9973E-05 9.9973E-05
0.0506001 0.689805 0.259395 9.9982E-05 9.9982E-05
9.9973E-05 0.669105 0.330595 9.9973E-05 9.9973E-05
0.0298299 0.677451 0.292519 9.9982E-05 9.9982E-05
0.0199055 0.805898 0.173996 9.9982E-05 9.9982E-05
0.0143018 0.764915 0.211449 9.9991E-05 0.00923455
0.00989886 0.709919 0.219 9.9991E-05 0.0610818
0.0334124 0.745192 0.184198 9.9991E-05 0.0370975
0.00143201 0.673229 0.325139 9.9982E-05 9.9982E-05
9.9982E-05 0.888316 0.101635 9.9982E-05 0.00984939
0.101379 0.737798 0.140406 9.9991E-05 0.0203171
0.107473 0.663389 0.14902 0.0330572 0.0470609
0.0648316 0.781413 0.153556 9.9982E-05 9.9982E-05
0.037435 0.890968 0.0177329 0.0112924 0.0425714
0.0587349 0.783468 0.056836 0.0553127 0.0456485
9.9991E-05 0.784632 0.146202 0.0103336 0.0587323
0.0105734 0.914663 0.0381216 9.9991E-05 0.0365422
0.0154396 0.911555 0.0202164 9.9991E-05 0.0526895
9.9982E-05 0.919014 0.0476134 9.9982E-05 0.0331723
0.0108731 0.954035 0.0348585 9.9991E-05 0.000133623
0.0590288 0.828628 0.0881753 9.9991E-05 0.024068
0.090724 0.745585 0.11868 9.9991E-05 0.0449117
9.9991E-05 0.717434 0.216616 0.0190765 0.0467734
0.0301858 0.817468 0.101187 9.9991E-05 0.0510591
0.0635389 0.81859 0.0506626 9.9991E-05 0.0671085
0.00419805 0.93582 0.0591606 9.9991E-05 0.000721464
0.0952835 0.801726 0.0901768 0.0127139 9.9991E-05
0.0689399 0.819117 0.0720168 0.0196458 0.0202805
9.9982E-05 0.872377 0.0262041 9.9982E-05 0.101219
0.0605145 0.722732 0.132354 9.9991E-05 0.0842996
0.0622041 0.876088 0.0615084 9.9982E-05 9.9982E-05
0.0315772 0.880967 0.0678994 9.9991E-05 0.019456
0.108184 0.748333 0.0877564 0.00323588 0.05249
0.0895087 0.841955 0.0683359 9.9982E-05 9.9982E-05
0.0118219 0.945474 0.0425037 9.9982E-05 9.9982E-05
0.0339422 0.8449 0.0491454 0.0311044 0.0409079
0.0513368 0.878635 0.00501815 9.9991E-05 0.06491
0.00209248 0.949936 0.0477717 9.9982E-05 9.9982E-05
0.0215573 0.828561 0.0238023 0.0456948 0.0803844
0.00394992 0.940943 9.9991E-05 0.0475744 0.00743291
0.0102029 0.901034 0.0203999 0.0177046 0.0506589
0.0427783 0.838042 0.092923 9.9991E-05 0.0261569
9.9982E-05 0.916378 0.0010131 9.9982E-05 0.0824094
9.9991E-05 0.861157 0.0705524 0.0203842 0.0478063
0.031022 0.859771 0.0109158 0.0446469 0.053644
0.0293318 0.817772 0.118542 9.9991E-05 0.0342543
0.061159 0.844268 0.0832885 9.9991E-05 0.0111849
0.0262037 0.888018 0.0559465 9.9991E-05 0.0297314
0.0882715 0.900511 0.0093319 0.00178567 9.9991E-05
9.9982E-05 0.935017 9.9982E-05 0.0279683 0.0368149
0.0231438 0.752754 0.044022 0.163584 0.016496
0.137566 0.646699 9.9991E-05 0.102803 0.112831
0.0757202 0.759077 9.9991E-05 0.147246 0.0178573
0.063417 0.824325 9.9991E-05 0.0682383 0.0439198
0.0481097 0.746628 9.9991E-05 0.141091 0.0640718
0.0703729 0.777262 9.9991E-05 0.103726 0.0485391
0.0679665 0.798262 0.00600553 0.127666 9.9991E-05
0.0461106 0.735063 0.0462894 0.160079 0.0124578
0.0632667 0.691618 9.9991E-05 0.133219 0.111795
0.0540185 0.696754 0.0778248 0.0851745 0.086228
0.0442554 0.825455 0.0196228 0.110567 9.9991E-05
0.0302774 0.784734 0.00345547 0.159514 0.0220199
0.114416 0.682607 9.9991E-05 0.10628 0.0965971
0.00902395 0.720724 0.0594198 0.136487 0.0743455
9.9991E-05 0.748667 0.0553313 0.119967 0.0759348
0.19405 0.522046 0.012079 0.201333 0.0704933
9.997E-05 9.997E-05 9.997E-05 0.9996 9.997E-05
9.9982E-05 9.9982E-05 0.0372048 0.933765 0.0288299
0.033145 0.0501526 0.0314491 0.876988 0.00826561
9.997E-05 9.997E-05 9.997E-05 0.9996 9.997E-05
9.997E-05 9.997E-05 9.997E-05 0.9996 9.997E-05
9.997E-05 9.997E-05 9.997E-05 0.9996 9.997E-05
9.997E-05 9.997E-05 9.997E-05 0.9996 9.997E-05
9.9991E-05 0.0368468 0.024352 0.924249 0.0144521
9.997E-05 9.997E-05 9.997E-05 0.9996 9.997E-05
9.997E-05 9.997E-05 9.997E-05 0.9996 9.997E-05
0.149757 0.643003 9.9991E-05 0.132265 0.0748745
0.00194164 0.0831749 0.00959274 0.904128 0.00116217
9.997E-05 9.997E-05 9.997E-05 0.9996 9.997E-05
9.9982E-05 0.00883771 9.9982E-05 0.982474 0.00848833
0.0689208 0.764339 9.9991E-05 0.11091 0.0557304
0.0428909 0.777567 9.9991E-05 0.12621 0.0532321
0.0717581 0.750058 9.9991E-05 0.136082 0.0420026
0.0584643 0.723572 9.9991E-05 0.188704 0.0291599
0.0906646 0.740187 9.9991E-05 0.131844 0.0372046
0.088939 0.825288 9.9982E-05 0.0855733 9.9982E-05
0.0880699 0.693732 9.9991E-05 0.192438 0.0256601
0.092083 0.724604 9.9982E-05 0.183113 9.9982E-05
0.0843469 0.626133 9.9991E-05 0.230748 0.058672
0.147389 0.566332 9.9991E-05 0.22156 0.0646194
0.12592 0.711046 9.9991E-05 0.127541 0.0353925
0.105051 0.623993 9.9991E-05 0.199632 0.0712239
0.10011 0.728016 9.9991E-05 0.117945 0.0538285
0.0443702 0.7959 9.9991E-05 0.107058 0.0525718
9.9982E-05 0.957645 9.9982E-05 0.0288657 0.0132897
0.0561072 0.897775 9.9982E-05 0.0459175 9.9982E-05
9.997E-05 0.9996 9.997E-05 9.997E-05 9.997E-05
9.9973E-05 0.977197 9.9973E-05 0.0225028 9.9973E-05
0.00912119 0.966762 9.9982E-05 0.0239171 9.9982E-05
9.9973E-05 0.967431 9.9973E-05 0.0322689 9.9973E-05
9.9973E-05 0.970871 9.9973E-05 0.0288292 9.9973E-05
0.0646394 0.8827 9.9982E-05 0.0524603 9.9982E-05
9.9973E-05 0.969118 9.9973E-05 0.0305816 9.9973E-05
9.9973E-05 0.976128 9.9973E-05 0.0235717 9.9973E-05
0.0162977 0.844865 9.9991E-05 0.131474 0.00726402
9.9973E-05 0.954067 9.9973E-05 0.0456327 9.9973E-05
0.0477255 0.881643 9.9991E-05 0.0533954 0.0171359
9.997E-05 9.997E-05 9.997E-05 9.997E-05 0.9996
0.0929585 0.655231 9.9991E-05 0.19458 0.05713
9.997E-05 9.997E-05 9.997E-05 9.997E-05 0.9996
9.997E-05 9.997E-05 9.997E-05 9.997E-05 0.9996
0.0443093 9.9982E-05 9.9982E-05 0.0327494 0.922741
9.9982E-05 0.202973 9.9982E-05 0.0321139 0.764713
9.997E-05 9.997E-05 9.997E-05 9.997E-05 0.9996
0.00110278 0.117199 9.9982E-05 9.9982E-05 0.881498
0.0070127 0.0118783 0.000240392 9.9991E-05 0.980769
9.9973E-05 0.0863976 9.9973E-05 9.9973E-05 0.913302
9.9973E-05 9.9973E-05 0.0205435 9.9973E-05 0.979157
9.9973E-05 0.00378668 9.9973E-05 9.9973E-05 0.995913
9.9973E-05 9.9973E-05 9.9973E-05 0.0056568 0.994043
0.0827482 0.0739634 9.9991E-05 0.0317266 0.811462
9.9991E-05 0.0242896 0.00182693 0.00116176 0.972622
9.9991E-05 0.0949588 0.0105579 0.00259832 0.891785
0.0318919 0.0850776 0.009262 0.00373668 0.870032
0.0444914 0.0184869 0.0228955 9.9991E-05 0.914026
0.00585122 0.00920339 0.0032368 9.9991E-05 0.981609
0.385795 0.441525 0.00686176 0.104848 0.0609706
0.384387 0.451217 0.0106063 0.0903557 0.0634343
0.40425 0.377375 0.0332634 0.109083 0.0760282
0.386754 0.375766 0.0537096 0.0914095 0.0923612
0.540053 0.170163 9.9991E-05 0.200083 0.0896012
0.677695 9.99821E-05 9.99821E-05 0.235429 0.0866758
0.574638 0.12063 9.9991E-05 0.216931 0.0877011
0.642411 0.0385624 9.9991E-05 0.251142 0.0677846
0.591628 0.00854552 9.9991E-05 0.250095 0.149631
0.553811 0.130309 9.9991E-05 0.24607 0.0697091
0.541824 0.144947 9.9991E-05 0.214109 0.0990202
0.436051 0.280169 0.0641744 0.149811 0.0697938
0.507862 0.255198 0.0331634 0.15003 0.0537473
0.993753 9.9973E-05 0.00594734 9.9973E-05 9.9973E-05
0.9996 9.997E-05 9.997E-05 9.997E-05 9.997E-05
0.9996 9.997E-05 9.997E-05 9.997E-05 9.997E-05
0.9996 9.997E-05 9.997E-05 9.997E-05 9.997E-05
0.9996 9.997E-05 9.997E-05 9.997E-05 9.997E-05
0.932144 0.0553939 0.0122621 9.9982E-05 9.9982E-05
0.9996 9.997E-05 9.997E-05 9.997E-05 9.997E-05
0.9996 9.997E-05 9.997E-05 9.997E-05 9.997E-05
0.9996 9.997E-05 9.997E-05 9.997E-05 9.997E-05
0.978155 0.0180523 9.9982E-05 9.9982E-05 0.00359307
0.9996 9.997E-05 9.997E-05 9.997E-05 9.997E-05
0.9996 9.997E-05 9.997E-05 9.997E-05 9.997E-05
