9.997E-05 9.997E-05 9.997E-05 0.9996 9.997E-05
0.462463 9.9991E-05 0.100834 0.396974 0.0396288
0.42609 9.9991E-05 0.0717474 0.374623 0.12744
0.709798 9.9973E-05 9.9973E-05 0.289902 9.9973E-05
0.784803 0.049828 9.9982E-05 0.165169 9.9982E-05
0.721735 9.9982E-05 9.9982E-05 0.248561 0.0295044
0.607486 9.9973E-05 9.9973E-05 0.392214 9.9973E-05
0.544407 9.9991E-05 0.00358433 0.38326 0.0686494
0.7052 0.0229662 9.9991E-05 0.253231 0.0185031
9.997E-05 9.997E-05 9.997E-05 0.9996 9.997E-05
9.997E-05 9.997E-05 9.997E-05 0.9996 9.997E-05
9.997E-05 9.997E-05 9.997E-05 0.9996 9.997E-05
9.997E-05 9.997E-05 9.997E-05 0.9996 9.997E-05
0.0675616 9.9982E-05 9.9982E-05 0.931083 0.00115524
9.9982E-05 0.00975099 9.9982E-05 0.966477 0.023572
0.766843 9.9973E-05 9.9973E-05 0.232857 9.9973E-05
0.57509 0.0800266 0.0414121 0.246008 0.0574632
0.712234 9.9973E-05 9.9973E-05 0.287467 9.9973E-05
0.990997 9.9973E-05 9.9973E-05 0.00870285 9.9973E-05
0.996458 9.9973E-05 9.9973E-05 0.00324214 9.9973E-05
0.853525 9.9973E-05 9.9973E-05 0.146175 9.9973E-05
0.895189 9.9982E-05 9.9982E-05 0.0504754 0.0541357
0.953226 9.9973E-05 9.9973E-05 0.0464745 9.9973E-05
0.904596 9.9973E-05 9.9973E-05 0.0951036 9.9973E-05
0.946991 9.9973E-05 9.9973E-05 0.0527091 9.9973E-05
0.871608 0.0953941 9.9982E-05 0.0327983 9.9982E-05
0.82438 0.0257742 9.9991E-05 0.065972 0.0837734
0.93445 9.9973E-05 9.9973E-05 0.0652504 9.9973E-05
0.875926 9.9973E-05 9.9973E-05 0.123774 9.9973E-05
0.853433 9.9973E-05 9.9973E-05 0.146267 9.9973E-05
0.866605 9.9973E-05 9.9973E-05 0.133095 9.9973E-05
0.903898 0.0440924 9.9982E-05 0.0518099 9.9982E-05
0.921687 9.9982E-05 9.9982E-05 0.04671 0.0314027
0.762268 0.0605535 9.9991E-05 0.0977447 0.079334
0.956309 9.9982E-05 9.9982E-05 0.0315389 0.0119522
0.86017 9.9973E-05 9.9973E-05 0.13953 9.9973E-05
0.997358 0.00234254 9.9973E-05 9.9973E-05 9.9973E-05
0.804563 0.124428 9.9991E-05 0.0197578 0.051151
0.779692 0.0740146 0.0223479 0.0468378 0.077108
0.821185 0.093874 0.0405396 0.0443016 9.9991E-05
0.728435 0.110552 0.084808 9.9991E-05 0.0761051
0.748523 0.143303 0.0198346 9.9991E-05 0.0882398
0.729118 9.9991E-05 0.102321 0.0479859 0.120475
0.782853 0.103197 0.0585157 9.9991E-05 0.0553347
0.746733 0.164436 9.9982E-05 9.9982E-05 0.0886313
0.911144 0.0650523 9.9982E-05 9.9982E-05 0.0236038
0.945321 0.0238653 9.9982E-05 9.9982E-05 0.0306141
0.853872 0.0981214 9.9982E-05 9.9982E-05 0.0478064
0.646554 0.242798 9.9991E-05 0.0772906 0.0332581
0.766414 0.083649 0.0305151 0.119322 9.9991E-05
0.815344 0.0576342 0.0366785 0.0390047 0.0513386
0.864447 0.0825028 9.9982E-05 9.9982E-05 0.0528499
0.864663 0.0889392 9.9982E-05 9.9982E-05 0.0461982
0.70597 0.187264 0.0529756 0.0536896 9.9991E-05
0.678419 0.195518 0.0639953 0.0416927 0.020375
0.739141 0.0916256 0.0278394 9.9991E-05 0.141294
0.628866 0.189619 0.00159512 0.0896973 0.0902232
0.744181 0.204749 0.037883 9.9991E-05 0.0130873
0.95356 0.0179686 9.9982E-05 9.9982E-05 0.0282711
0.73102 0.154456 0.0137032 0.036882 0.063939
0.782513 0.217187 9.9973E-05 9.9973E-05 9.9973E-05
0.742051 0.176061 0.0816879 9.9982E-05 9.9982E-05
0.71364 0.182031 0.0484615 9.9991E-05 0.0557683
0.709529 0.158228 0.0430366 9.9991E-05 0.0891064
0.857448 0.142252 9.9973E-05 9.9973E-05 9.9973E-05
0.75627 0.134173 0.0171304 9.9991E-05 0.092327
0.726978 0.14709 0.0998655 9.9991E-05 0.0259662
0.681349 0.185838 0.0695453 9.9991E-05 0.0631671
0.822159 0.134718 9.9991E-05 0.00659306 0.03643
0.759114 0.096219 0.0436224 9.9991E-05 0.100945
0.856522 9.9991E-05 0.062768 0.0155935 0.0650168
0.670262 0.197892 0.0691008 9.9991E-05 0.0626449
0.804469 0.100866 0.0216655 0.0500958 0.0229032
0.81156 0.145511 9.9991E-05 0.0212959 0.0215333
0.609481 0.322972 9.9991E-05 0.0222783 0.0451687
0.760249 0.233068 0.00648316 9.9982E-05 9.9982E-05
0.733192 0.111537 0.0719787 9.9991E-05 0.0831925
0.643637 0.175923 0.133768 9.9991E-05 0.046571
0.408869 0.366808 0.125633 9.9991E-05 0.0985901
0.432334 0.38205 0.129047 9.9991E-05 0.0564695
0.391361 0.428916 0.112142 9.9991E-05 0.0674805
0.415263 0.389755 0.162903 9.9991E-05 0.0319794
0.413797 0.395894 0.114283 9.9991E-05 0.0759253
0.533216 0.247385 0.203364 9.9991E-05 0.0159351
0.504588 0.18256 0.224145 9.9991E-05 0.0886067
0.472962 0.191425 0.19437 9.9991E-05 0.141143
0.559577 0.251882 0.0860415 0.0182914 0.0842083
0.589314 0.240119 0.153349 9.9991E-05 0.0171182
0.453501 0.288452 0.134972 9.9991E-05 0.122975
0.425337 0.335547 0.0967257 9.9991E-05 0.142291
0.49008 0.223625 0.175293 0.0221721 0.0888302
0.506163 0.239897 0.15445 0.0100926 0.0893977
0.32795 0.341943 0.211269 9.9991E-05 0.118738
9.997E-05 9.997E-05 0.9996 9.997E-05 9.997E-05
9.9982E-05 9.9982E-05 0.97561 0.0146678 0.00952269
0.0645699 0.0411478 0.894082 9.9982E-05 9.9982E-05
9.997E-05 9.997E-05 0.9996 9.997E-05 9.997E-05
9.997E-05 9.997E-05 0.9996 9.997E-05 9.997E-05
9.997E-05 9.997E-05 0.9996 9.997E-05 9.997E-05
9.997E-05 9.997E-05 0.9996 9.997E-05 9.997E-05
0.112121 9.9982E-05 0.883447 9.9982E-05 0.00423137
9.9973E-05 9.9973E-05 0.995918 9.9973E-05 0.0037818
9.997E-05 9.997E-05 0.9996 9.997E-05 9.997E-05
0.275088 0.51644 0.108604 9.9991E-05 0.0997676
0.0361349 0.0307535 0.932912 9.9982E-05 9.9982E-05
9.997E-05 9.997E-05 0.9996 9.997E-05 9.997E-05
0.00534016 0.0045464 0.974071 0.0159424 9.9991E-05
0.193023 0.630087 0.123346 9.9991E-05 0.0534437
0.294071 0.455808 0.133428 9.9991E-05 0.116592
0.286557 0.490612 0.14372 9.9991E-05 0.0790114
0.272365 0.462731 0.174781 9.9991E-05 0.090023
0.284703 0.491096 0.157522 9.9991E-05 0.0665789
0.43838 0.402512 0.129476 9.9991E-05 0.0295318
0.335472 0.405008 0.215455 9.9991E-05 0.0439648
0.321617 0.493186 0.163051 9.9991E-05 0.022046
0.276107 0.41386 0.22155 9.9991E-05 0.0883824
0.291926 0.393558 0.22957 9.9991E-05 0.0848449
0.393728 0.440359 0.0904385 9.9991E-05 0.0753747
0.382228 0.389611 0.163289 9.9991E-05 0.064772
0.31155 0.499542 0.0868327 9.9991E-05 0.101975
0.368587 0.419089 0.142622 9.9991E-05 0.0696016
9.997E-05 9.997E-05 9.997E-05 9.997E-05 0.9996
0.315363 0.3659 0.211597 9.9991E-05 0.10704
9.997E-05 9.997E-05 9.997E-05 9.997E-05 0.9996
9.997E-05 9.997E-05 9.997E-05 9.997E-05 0.9996
9.9982E-05 9.9982E-05 0.0314007 0.000523267 0.967876
0.140183 0.114998 9.9982E-05 9.9982E-05 0.744619
9.9973E-05 9.9973E-05 9.9973E-05 0.011995 0.987705
0.0854462 0.0170086 9.9982E-05 9.9982E-05 0.897345
9.9973E-05 9.9973E-05 0.0019722 9.9973E-05 0.997728
0.0164207 9.9982E-05 9.9982E-05 0.00847679 0.974903
0.0122908 9.9982E-05 9.9982E-05 0.0145198 0.972989
9.9973E-05 0.0037172 9.9973E-05 9.9973E-05 0.995983
0.000365109 9.9973E-05 9.9973E-05 9.9973E-05 0.999335
9.9982E-05 0.146143 0.0359423 9.9982E-05 0.817715
0.0305264 0.0504538 9.9982E-05 9.9982E-05 0.91882
0.0460882 0.085569 0.0093401 9.9991E-05 0.858903
0.0164919 0.0985293 0.00213909 0.0228859 0.859954
0.048427 0.0526249 0.0147453 0.011031 0.873172
9.9982E-05 0.025658 0.0181017 9.9982E-05 0.95604
9.9982E-05 0.936056 0.0301569 9.9982E-05 0.0335868
0.0141524 0.908852 0.0483111 9.9991E-05 0.028585
9.9973E-05 0.99597 9.9973E-05 9.9973E-05 0.00373047
9.9973E-05 0.989447 9.9973E-05 9.9973E-05 0.0102529
9.9982E-05 0.965465 0.0165274 9.9982E-05 0.017808
9.9982E-05 0.976374 0.0167903 9.9982E-05 0.00663574
0.0233004 0.943182 0.0333178 9.9982E-05 9.9982E-05
0.0428199 0.89482 0.0410432 0.0212168 9.9991E-05
9.9973E-05 0.973016 9.9973E-05 9.9973E-05 0.0266846
9.997E-05 0.9996 9.997E-05 9.997E-05 9.997E-05
9.9991E-05 0.895141 0.0755664 0.0020476 0.0271451
9.997E-05 0.9996 9.997E-05 9.997E-05 9.997E-05
0.00991655 0.819859 0.0401017 9.9991E-05 0.130023
0.232248 0.596164 0.0719808 0.0440042 0.0556028
0.291814 0.524847 0.0796139 0.0234954 0.0802291
0.266565 0.504947 0.0864235 0.0459797 0.0960849
0.273965 0.498256 0.0762628 0.0657655 0.0857501
0.106529 0.737587 0.115409 0.00083255 0.0396425
9.99821E-05 0.832449 0.143526 9.99821E-05 0.0238253
0.0456837 0.722313 0.157398 9.9991E-05 0.0745057
9.9991E-05 0.789402 0.154191 0.000139319 0.0561677
0.0330231 0.72494 0.167025 0.00662598 0.0683862
0.0560382 0.703607 0.161542 9.9991E-05 0.0787134
0.0791717 0.728238 0.159083 9.9991E-05 0.0334072
0.256439 0.528529 0.0664859 0.0371197 0.111427
0.141107 0.627599 0.147623 0.01569 0.0679804
9.9973E-05 0.965305 9.9973E-05 0.0343948 9.9973E-05
9.9973E-05 0.946759 9.9973E-05 0.0529415 9.9973E-05
9.9973E-05 0.973288 9.9973E-05 0.0264123 9.9973E-05
9.9973E-05 0.957079 9.9973E-05 0.0426209 9.9973E-05
9.9973E-05 0.993381 9.9973E-05 0.00631913 9.9973E-05
9.9973E-05 0.954917 9.9973E-05 0.0447836 9.9973E-05
9.9973E-05 0.969144 9.9973E-05 0.030556 9.9973E-05
9.9973E-05 0.976409 9.9973E-05 0.0232915 9.9973E-05
9.9973E-05 0.975058 9.9973E-05 0.0246416 9.9973E-05
9.9973E-05 0.977199 9.9973E-05 0.0225007 9.9973E-05
9.9973E-05 0.962317 9.9973E-05 0.0373828 9.9973E-05
9.9973E-05 0.980481 9.9973E-05 0.0192194 9.9973E-05
