0.9996 9.997E-05 9.997E-05 9.997E-05 9.997E-05
0.845742 9.9982E-05 0.0497475 0.10431 9.9982E-05
9.997E-05 9.997E-05 0.9996 9.997E-05 9.997E-05
9.9982E-05 0.0977394 0.890787 0.0112739 9.9982E-05
0.846785 9.9982E-05 9.9982E-05 0.107065 0.0459501
0.856252 0.0887718 0.0547761 9.9982E-05 9.9982E-05
0.825597 9.9982E-05 9.9982E-05 0.035918 0.138285
0.819551 0.0367155 9.9982E-05 9.9982E-05 0.143534
0.547556 9.9991E-05 0.247186 0.0823877 0.12277
0.526556 0.0651399 0.0590844 0.216342 0.132878
9.9973E-05 0.978339 0.0213614 9.9973E-05 9.9973E-05
9.9982E-05 0.989504 9.9982E-05 0.00635302 0.00394298
0.128709 0.808506 0.0625842 9.9982E-05 9.9982E-05
9.999E-05 0.786415 0.0750297 0.0516509 0.0868047
9.9982E-05 0.748036 0.137123 0.114641 9.9982E-05
0.0331247 0.964847 9.9982E-05 0.00182812 9.9982E-05
9.9973E-05 0.99315 9.9973E-05 9.9973E-05 0.0065496
9.999E-05 0.685433 0.0382231 0.156022 0.120223
9.9982E-05 0.814171 9.9982E-05 0.045625 0.140004
9.9973E-05 0.915848 0.0838516 9.9973E-05 9.9973E-05
0.10972 0.791888 0.0330322 0.0342463 0.0311136
0.35984 0.53749 9.9982E-05 0.10247 9.9982E-05
0.0749102 0.92479 9.9973E-05 9.9973E-05 9.9973E-05
0.0425386 0.900396 9.9982E-05 9.9982E-05 0.0568657
9.9982E-05 0.804438 0.0413098 0.154052 9.9982E-05
0.117312 0.669579 9.9991E-05 0.176097 0.0369127
9.9982E-05 0.634982 9.9982E-05 0.030956 0.333862
9.9982E-05 0.503438 0.0986091 0.397753 9.9982E-05
0.0683122 0.562293 9.9991E-05 0.225734 0.143561
9.9982E-05 0.606637 0.0399616 0.353201 9.9982E-05
9.9982E-05 9.9982E-05 0.223884 0.258588 0.517328
0.171477 0.0029499 0.0983859 0.195081 0.532106
9.9991E-05 0.116991 0.0800664 0.126108 0.676734
0.0110492 0.0895884 9.9982E-05 9.9982E-05 0.899162
9.9991E-05 0.342606 0.135947 0.059871 0.461477
0.0612208 0.0309295 0.110024 0.18581 0.612016
0.182368 0.159953 0.127739 9.9991E-05 0.52984
0.0768809 0.134105 0.0223231 0.180847 0.585844
9.9982E-05 0.0675106 0.107452 9.9982E-05 0.824838
9.9991E-05 0.131673 0.101255 0.487284 0.279687
0.125827 9.9991E-05 0.0353333 0.112078 0.726662
0.0854494 0.0814486 0.0362954 0.310969 0.485838
9.9991E-05 0.118012 0.138178 0.115026 0.628684
0.0494869 0.177163 9.9991E-05 0.0577539 0.715496
9.9991E-05 0.0099365 0.0580953 0.141482 0.790386
0.0758237 0.0153568 9.9991E-05 0.0893323 0.819387
9.9973E-05 9.9973E-05 9.9973E-05 0.0856594 0.914041
9.9973E-05 9.9973E-05 9.9973E-05 0.0431937 0.956506
0.00498123 0.060032 0.170557 9.9991E-05 0.76433
0.0595948 9.9991E-05 0.103839 0.201203 0.635262
9.9973E-05 9.9973E-05 9.9973E-05 0.12871 0.87099
9.9973E-05 0.0155371 9.9973E-05 9.9973E-05 0.984163
0.00526243 0.0618453 9.9991E-05 0.192971 0.739822
9.9973E-05 9.9973E-05 9.9973E-05 0.161718 0.837982
9.997E-05 9.997E-05 9.997E-05 9.997E-05 0.9996
9.9973E-05 9.9973E-05 9.9973E-05 0.209404 0.790296
9.9982E-05 0.0998899 9.9982E-05 0.729251 0.170659
0.0610682 0.129464 0.00119258 0.616914 0.191362
0.0877145 9.9991E-05 0.0201219 0.705618 0.186445
0.168631 9.9982E-05 9.9982E-05 0.695645 0.135524
9.9982E-05 0.0301296 9.9982E-05 0.789942 0.179728
0.0143348 9.9991E-05 0.0816375 0.753795 0.150133
0.0348356 9.9982E-05 9.9982E-05 0.796805 0.168159
9.997E-05 9.997E-05 9.997E-05 0.9996 9.997E-05
9.9982E-05 0.0712886 9.9982E-05 0.915594 0.0129172
9.9991E-05 0.000641588 0.00244122 0.979048 0.0177689
9.9973E-05 0.0085582 9.9973E-05 0.991142 9.9973E-05
9.9973E-05 9.9973E-05 0.0526575 0.947043 9.9973E-05
9.9973E-05 9.9973E-05 0.00715468 0.992545 9.9973E-05
9.9982E-05 9.9982E-05 0.0326634 0.942555 0.0245813
9.9973E-05 9.9973E-05 9.9973E-05 0.946542 0.0531583
0.131964 9.9982E-05 9.9982E-05 0.694112 0.173724
9.9982E-05 9.9982E-05 0.017738 0.921923 0.0601387
0.0360278 0.00966087 9.9991E-05 0.820185 0.134027
9.997E-05 9.997E-05 9.997E-05 0.9996 9.997E-05
9.997E-05 9.997E-05 9.997E-05 0.9996 9.997E-05
0.0272417 0.0587878 0.0302128 0.716148 0.16761
