9.997E-05 9.997E-05 0.9996 9.997E-05 9.997E-05
0.0979184 0.0783379 0.460428 0.363216 9.9991E-05
0.0635376 0.160348 0.463732 0.312283 9.9991E-05
9.9973E-05 9.9973E-05 0.40322 0.59648 9.9973E-05
9.9973E-05 9.9973E-05 0.208143 0.791557 9.9973E-05
0.00510762 0.0518037 0.308152 0.634837 9.9991E-05
9.9973E-05 9.9973E-05 0.52839 0.47131 9.9973E-05
9.999E-05 0.07811 0.417773 0.457918 0.0460988
0.0418807 0.0350694 0.352435 0.570515 9.9991E-05
9.997E-05 9.997E-05 0.9996 9.997E-05 9.997E-05
9.997E-05 9.997E-05 0.9996 9.997E-05 9.997E-05
9.997E-05 9.997E-05 0.9996 9.997E-05 9.997E-05
9.997E-05 9.997E-05 0.9996 9.997E-05 9.997E-05
9.999E-05 0.00649191 0.958575 0.0194463 0.0153867
9.9982E-05 0.0066072 0.983789 9.9982E-05 0.00940386
9.9982E-05 0.0340919 0.314303 0.651405 9.9982E-05
0.0689865 0.0829901 0.294209 0.539853 0.013961
9.9982E-05 0.00119662 0.339358 0.659245 9.9982E-05
9.99731E-05 9.99731E-05 0.0911541 0.908546 9.99731E-05
9.9973E-05 9.9973E-05 0.0772405 0.92246 9.9973E-05
0.0127736 9.9982E-05 0.24361 0.743417 9.9982E-05
0.00122313 0.0697279 0.0963499 0.832599 9.9991E-05
9.9982E-05 0.00585647 0.129864 0.864079 9.9982E-05
9.9982E-05 0.0222569 0.185862 0.791682 9.9982E-05
9.9973E-05 9.9973E-05 0.170284 0.829416 9.9973E-05
9.9973E-05 9.9973E-05 0.0980524 0.901648 9.9973E-05
9.9982E-05 0.0473485 0.108474 0.843978 9.9982E-05
9.9982E-05 0.0160261 0.167256 0.816518 9.9982E-05
9.9973E-05 9.9973E-05 0.168582 0.831118 9.9973E-05
9.9973E-05 9.9973E-05 0.256538 0.743162 9.9973E-05
9.9973E-05 9.9973E-05 0.215304 0.784396 9.9973E-05
9.9982E-05 0.0155268 0.1528 0.831473 9.9982E-05
9.9982E-05 0.0531569 0.125538 0.821105 9.9982E-05
0.0253868 0.0538013 0.174665 0.661759 0.0843884
9.9982E-05 0.0122698 0.111261 0.876269 9.9982E-05
9.9973E-05 9.9973E-05 0.252486 0.747215 9.9973E-05
9.9982E-05 0.00653466 0.052264 0.941001 9.9982E-05
0.0020712 0.0552322 0.0724494 0.870147 9.9991E-05
0.0387119 0.0610868 0.0883083 0.811793 9.9991E-05
0.0293259 9.9982E-05 0.0781193 0.892355 9.9982E-05
0.056802 0.0732463 0.00455827 0.758329 0.107064
0.0460499 0.0652318 0.0294109 0.7992 0.0601075
0.0355921 0.119389 0.124754 0.639785 0.0804798
0.0175622 0.0798411 0.011691 0.810413 0.0804925
9.9982E-05 0.078288 9.9982E-05 0.89256 0.0289517
9.9973E-05 0.0700038 9.9973E-05 0.929696 9.9973E-05
9.9982E-05 0.0354964 9.9982E-05 0.963708 0.000595752
9.9982E-05 0.103317 0.037941 0.858543 9.9982E-05
9.9991E-05 0.0921867 0.0902851 0.705846 0.111582
0.00666029 0.0388828 0.179034 0.73222 0.0432031
0.003091 0.092065 0.0600511 0.844693 9.9991E-05
9.9991E-05 0.0952811 0.017768 0.823193 0.0636584
9.9991E-05 0.128548 0.0188686 0.82635 0.0261328
0.059392 0.00814061 0.0695102 0.78725 0.0757071
0.0493773 0.0370573 0.0731049 0.789918 0.0505427
9.9991E-05 0.136362 0.0211085 0.723883 0.118547
0.00619753 0.0876833 0.100108 0.73543 0.0705811
0.0545314 0.00966122 0.000747333 0.916202 0.0188576
9.9982E-05 0.0726808 0.0202831 0.906836 9.9982E-05
0.0186973 0.0265094 0.0824813 0.872212 9.9991E-05
9.9973E-05 9.9973E-05 9.9973E-05 0.916419 0.0832807
0.0315304 0.0283973 0.0211615 0.756228 0.162682
0.0665496 0.0929313 0.0124185 0.762489 0.0656117
0.0421345 0.0836757 0.037367 0.799594 0.0372292
0.0056261 9.9991E-05 0.0283175 0.857546 0.10841
0.0426256 0.121972 0.00213753 0.807165 0.0261
0.085651 0.0445196 9.9991E-05 0.804963 0.0647662
0.123494 0.136415 0.0150301 0.635658 0.0894032
0.0387226 0.0686997 0.0277766 0.864701 9.9991E-05
0.0251759 0.120416 9.9991E-05 0.756329 0.0979784
0.0631271 0.0918899 0.0724728 0.726489 0.0460208
0.0770982 0.0756994 9.9991E-05 0.776046 0.0710566
9.9982E-05 0.055803 0.0836059 0.860391 9.9982E-05
9.9991E-05 0.040229 0.0501267 0.886362 0.0231824
9.9991E-05 0.0653895 0.0314915 0.735206 0.167813
0.0157444 0.0241563 9.9991E-05 0.94002 0.0199795
0.0694277 0.0797751 9.9991E-05 0.839561 0.0111359
0.201671 0.0580842 0.0220396 0.654853 0.0633521
0.136612 0.0737597 9.9991E-05 0.676006 0.113522
0.17488 0.0525613 9.9991E-05 0.644932 0.127527
0.0963562 0.0827201 9.9991E-05 0.657662 0.163162
0.158663 0.060716 9.9991E-05 0.653066 0.127454
0.14797 0.0523906 9.9991E-05 0.675515 0.124024
0.103256 0.0100585 0.00359519 0.747019 0.136071
0.220138 0.0424987 9.9991E-05 0.642414 0.0948497
0.199495 0.1621 0.0112919 0.532338 0.0947745
0.0860696 0.0699953 0.0490313 0.61833 0.176574
0.150359 0.0108947 0.021701 0.664261 0.152784
0.219948 0.143652 9.9991E-05 0.550591 0.0857084
0.130864 0.125741 0.00761751 0.578346 0.157431
0.16059 0.0963343 0.0240772 0.621935 0.097063
0.150007 0.0945629 0.043055 0.589142 0.123234
0.257216 0.0880923 9.9991E-05 0.556071 0.0985205
0.9996 9.997E-05 9.997E-05 9.997E-05 9.997E-05
0.98005 9.9973E-05 0.0196501 9.9973E-05 9.9973E-05
0.906587 9.9982E-05 0.024349 0.0688641 9.9982E-05
0.9996 9.997E-05 9.997E-05 9.997E-05 9.997E-05
0.9996 9.997E-05 9.997E-05 9.997E-05 9.997E-05
0.9996 9.997E-05 9.997E-05 9.997E-05 9.997E-05
0.9996 9.997E-05 9.997E-05 9.997E-05 9.997E-05
0.900487 0.0184602 9.9982E-05 0.080853 9.9982E-05
0.9996 9.997E-05 9.997E-05 9.997E-05 9.997E-05
0.9996 9.997E-05 9.997E-05 9.997E-05 9.997E-05
0.12221 0.130015 9.9991E-05 0.473836 0.273839
0.955922 0.0301809 9.9991E-05 0.00666958 0.00712727
0.9996 9.997E-05 9.997E-05 9.997E-05 9.997E-05
0.995482 9.9973E-05 0.00421824 9.9973E-05 9.9973E-05
0.181442 0.049884 9.9991E-05 0.493473 0.2751
0.169114 0.0861875 9.9991E-05 0.482617 0.261982
0.162714 0.0632681 0.0198846 0.489968 0.264165
0.20108 0.0919511 9.9991E-05 0.482469 0.2244
0.143066 0.0421603 9.9991E-05 0.527986 0.286687
0.151201 0.0211897 9.9991E-05 0.629977 0.197532
0.192365 0.0345213 9.9991E-05 0.556784 0.21623
0.191615 0.0243711 9.9991E-05 0.53451 0.249404
0.290289 0.104189 9.9991E-05 0.465388 0.140035
0.274945 0.0677779 9.9991E-05 0.49291 0.164267
0.166148 0.0634902 9.9991E-05 0.621988 0.148274
0.28547 0.0284446 9.9991E-05 0.565879 0.120107
0.105977 0.0989924 9.9991E-05 0.573914 0.221017
0.175178 0.0372069 9.9991E-05 0.538539 0.248976
9.9982E-05 0.0201743 9.9982E-05 0.0622498 0.917376
0.0216558 9.9991E-05 0.00615378 0.0771175 0.894973
9.997E-05 9.997E-05 9.997E-05 9.997E-05 0.9996
9.9973E-05 9.9973E-05 9.9973E-05 0.00289834 0.996802
9.9973E-05 0.00135521 9.9973E-05 9.9973E-05 0.998345
9.997E-05 9.997E-05 9.997E-05 9.997E-05 0.9996
9.9982E-05 0.00520896 0.00434348 9.9982E-05 0.990248
0.00352913 9.9991E-05 0.0182458 0.234346 0.743779
9.997E-05 9.997E-05 9.997E-05 9.997E-05 0.9996
9.997E-05 9.997E-05 9.997E-05 9.997E-05 0.9996
0.0921963 9.9982E-05 0.0156937 9.9982E-05 0.89191
9.997E-05 9.997E-05 9.997E-05 9.997E-05 0.9996
0.029182 0.0926913 0.00679781 0.124146 0.747183
9.997E-05 0.9996 9.997E-05 9.997E-05 9.997E-05
0.222647 0.0749713 9.9991E-05 0.494306 0.207976
9.997E-05 0.9996 9.997E-05 9.997E-05 9.997E-05
9.997E-05 0.9996 9.997E-05 9.997E-05 9.997E-05
0.0561954 0.915194 0.0136023 9.9991E-05 0.0149084
9.9982E-05 0.812363 9.9982E-05 0.142158 0.0452787
9.997E-05 0.9996 9.997E-05 9.997E-05 9.997E-05
9.9982E-05 0.861651 9.9982E-05 0.0794251 0.058724
9.997E-05 0.9996 9.997E-05 9.997E-05 9.997E-05
9.9982E-05 0.974366 9.9982E-05 0.00151143 0.0239228
9.997E-05 0.9996 9.997E-05 9.997E-05 9.997E-05
9.997E-05 0.9996 9.997E-05 9.997E-05 9.997E-05
0.0147361 0.889429 0.00811509 0.021262 0.066458
0.0543569 0.799198 9.9991E-05 0.0618627 0.0844823
0.0156736 0.949328 0.0272729 0.00762505 9.9991E-05
0.0223109 0.905968 0.0116478 0.0286027 0.0314706
0.030965 0.860089 9.9982E-05 0.108746 9.9982E-05
0.00706894 0.854345 0.0274154 0.11107 9.9991E-05
9.9982E-05 0.940796 9.9982E-05 0.0327323 0.026272
0.111881 0.0282574 0.0119671 0.734521 0.113373
0.0776854 0.0574939 9.9991E-05 0.753987 0.110734
0.125266 0.0659319 0.00653484 0.727231 0.0750357
0.0993112 0.0646596 0.0144182 0.719799 0.101812
0.260593 0.0608604 9.9991E-05 0.647582 0.0308643
0.318454 0.0371693 9.99821E-05 0.644177 9.99821E-05
0.273871 0.0625443 9.9982E-05 0.663385 9.9982E-05
0.309112 0.0373276 9.9982E-05 0.653361 9.9982E-05
0.282514 0.0642203 9.9991E-05 0.642534 0.010632
0.28523 0.0487125 9.9982E-05 0.665857 9.9982E-05
0.293162 0.0424424 9.9982E-05 0.664196 9.9982E-05
0.174114 0.0206278 0.0290044 0.712473 0.0637802
0.223847 0.0936865 9.9982E-05 0.682267 9.9982E-05
9.997E-05 9.997E-05 9.997E-05 0.9996 9.997E-05
9.997E-05 9.997E-05 9.997E-05 0.9996 9.997E-05
9.997E-05 9.997E-05 9.997E-05 0.9996 9.997E-05
9.997E-05 9.997E-05 9.997E-05 0.9996 9.997E-05
9.997E-05 9.997E-05 9.997E-05 0.9996 9.997E-05
9.997E-05 9.997E-05 9.997E-05 0.9996 9.997E-05
9.997E-05 9.997E-05 9.997E-05 0.9996 9.997E-05
9.997E-05 9.997E-05 9.997E-05 0.9996 9.997E-05
9.997E-05 9.997E-05 9.997E-05 0.9996 9.997E-05
9.9973E-05 9.9973E-05 9.9973E-05 0.981595 0.0181053
9.997E-05 9.997E-05 9.997E-05 0.9996 9.997E-05
9.997E-05 9.997E-05 9.997E-05 0.9996 9.997E-05
