9.98921E-05 9.98921E-05 9.98921E-05 9.98921E-05 9.98921E-05 0.998801 9.98921E-05 9.98921E-05 9.98921E-05 9.98921E-05 9.98921E-05 9.98921E-05 9.98921E-05
0.0595151 0.0664993 9.9955E-05 0.0173489 9.9955E-05 0.68719 9.9955E-05 0.0218461 0.124848 0.0198619 9.9955E-05 0.00239013 9.9955E-05
9.98921E-05 9.98921E-05 9.98921E-05 9.98921E-05 9.98921E-05 9.98921E-05 9.98921E-05 9.98921E-05 9.98921E-05 0.998801 9.98921E-05 9.98921E-05 9.98921E-05
9.9937E-05 0.143355 9.9937E-05 0.030828 9.9937E-05 9.9937E-05 0.0451177 9.9937E-05 9.9937E-05 0.744983 9.9937E-05 0.000483711 0.0345334
9.98921E-05 9.98921E-05 9.98921E-05 9.98921E-05 9.98921E-05 9.98921E-05 9.98921E-05 0.998801 9.98921E-05 9.98921E-05 9.98921E-05 9.98921E-05 9.98921E-05
0.998801 9.9892E-05 9.9892E-05 9.9892E-05 9.9892E-05 9.9892E-05 9.9892E-05 9.9892E-05 9.9892E-05 9.9892E-05 9.9892E-05 9.9892E-05 9.9892E-05
0.0684771 9.99011E-05 9.99011E-05 9.99011E-05 9.99011E-05 9.99011E-05 9.99011E-05 9.99011E-05 0.930424 9.99011E-05 9.99011E-05 9.99011E-05 9.99011E-05
9.99011E-05 9.99011E-05 9.99011E-05 9.99011E-05 9.99011E-05 9.99011E-05 9.99011E-05 0.0335412 0.96536 9.99011E-05 9.99011E-05 9.99011E-05 9.99011E-05
9.9928E-05 9.9928E-05 9.9928E-05 9.9928E-05 9.9928E-05 0.0218768 9.9928E-05 0.91401 9.9928E-05 0.0174797 0.0265829 9.9928E-05 0.0192511
9.9928E-05 9.9928E-05 9.9928E-05 0.05046 0.10403 0.741459 0.0344266 9.9928E-05 9.9928E-05 9.9928E-05 9.9928E-05 0.0688251 9.9928E-05
9.9928E-05 0.829288 0.0962747 0.00921843 0.0187385 9.9928E-05 9.9928E-05 0.045681 9.9928E-05 9.9928E-05 9.9928E-05 9.9928E-05 9.9928E-05
9.99011E-05 9.99011E-05 0.942555 9.99011E-05 9.99011E-05 9.99011E-05 9.99011E-05 9.99011E-05 0.0563457 9.99011E-05 9.99011E-05 9.99011E-05 9.99011E-05
0.220185 0.0577415 0.630756 9.9928E-05 9.9928E-05 9.9928E-05 0.0265334 9.9928E-05 9.9928E-05 0.0639846 9.9928E-05 9.9928E-05 9.9928E-05
9.9937E-05 9.9937E-05 0.0056504 0.03478 9.9937E-05 9.9937E-05 0.812034 0.0412812 0.0552478 0.0503076 9.9937E-05 9.9937E-05 9.9937E-05
0.0519833 0.0525403 0.690327 0.0566604 9.9955E-05 0.00034737 0.057719 9.9955E-05 9.9955E-05 0.0705741 0.019349 9.9955E-05 9.9955E-05
0.00224107 0.498855 0.20214 9.9937E-05 9.9937E-05 0.00772457 0.278593 9.9937E-05 9.9937E-05 9.9937E-05 9.9937E-05 9.9937E-05 0.00974714
9.99101E-05 0.192855 0.319653 9.99101E-05 9.99101E-05 9.99101E-05 0.486493 9.99101E-05 9.99101E-05 9.99101E-05 9.99101E-05 9.99101E-05 9.99101E-05
9.9937E-05 0.0309553 0.00434729 9.9937E-05 9.9937E-05 9.9937E-05 0.59344 9.9937E-05 9.9937E-05 0.0553589 9.9937E-05 0.198515 0.116685
9.991E-05 9.991E-05 0.756619 9.991E-05 9.991E-05 9.991E-05 0.182887 9.991E-05 9.991E-05 9.991E-05 9.991E-05 9.991E-05 0.0594948
9.99101E-05 9.99101E-05 9.99101E-05 9.99101E-05 0.00531523 9.99101E-05 0.943662 9.99101E-05 9.99101E-05 0.0500233 9.99101E-05 9.99101E-05 9.99101E-05
0.152052 9.9928E-05 0.0181803 0.000727004 9.9928E-05 9.9928E-05 0.628139 9.9928E-05 9.9928E-05 9.9928E-05 9.9928E-05 0.200102 9.9928E-05
0.00766831 0.771116 9.9955E-05 9.9955E-05 9.9955E-05 0.0322368 9.9955E-05 0.0230324 0.0939523 0.00544459 0.0270418 0.039008 9.9955E-05
9.98921E-05 0.998801 9.98921E-05 9.98921E-05 9.98921E-05 9.98921E-05 9.98921E-05 9.98921E-05 9.98921E-05 9.98921E-05 9.98921E-05 9.98921E-05 9.98921E-05
9.99011E-05 9.99011E-05 9.99011E-05 9.99011E-05 0.0904862 9.99011E-05 0.908415 9.99011E-05 9.99011E-05 9.99011E-05 9.99011E-05 9.99011E-05 9.99011E-05
0.032613 9.9946E-05 0.148578 0.0273719 9.9946E-05 0.0746067 0.473032 9.9946E-05 9.9946E-05 9.9946E-05 0.128417 0.114782 9.9946E-05
9.9937E-05 9.9937E-05 0.305729 0.000285878 0.0195276 9.9937E-05 0.35707 9.9937E-05 0.185281 9.9937E-05 9.9937E-05 0.131407 9.9937E-05
9.9928E-05 9.9928E-05 0.859666 9.9928E-05 0.0470641 9.9928E-05 9.9928E-05 0.00444206 9.9928E-05 9.9928E-05 0.0207295 9.9928E-05 0.0672992
9.9955E-05 0.0781874 0.548877 0.0184367 9.9955E-05 0.0106251 9.9955E-05 0.116956 9.9955E-05 0.00950498 0.00326196 0.213651 9.9955E-05
9.9919E-05 9.9919E-05 0.663212 9.9919E-05 9.9919E-05 9.9919E-05 9.9919E-05 9.9919E-05 0.0608235 9.9919E-05 0.111438 0.163627 9.9919E-05
9.99011E-05 9.99011E-05 0.897206 9.99011E-05 9.99011E-05 9.99011E-05 9.99011E-05 9.99011E-05 9.99011E-05 9.99011E-05 9.99011E-05 0.101695 9.99011E-05
9.9919E-05 9.9919E-05 9.9919E-05 9.9919E-05 9.9919E-05 9.9919E-05 9.9919E-05 9.9919E-05 9.9919E-05 0.150409 0.545482 0.239013 0.0641971
0.055345 9.9964E-05 0.0194687 0.000355432 9.9964E-05 9.9964E-05 9.9964E-05 0.0498317 0.0211866 0.110473 0.510096 0.186129 0.0467148
9.9919E-05 9.9919E-05 0.136022 9.9919E-05 9.9919E-05 9.9919E-05 9.9919E-05 9.9919E-05 9.9919E-05 9.9919E-05 0.755885 0.0511757 0.0560184
9.99011E-05 9.99011E-05 9.99011E-05 9.99011E-05 0.974438 9.99011E-05 9.99011E-05 9.99011E-05 9.99011E-05 9.99011E-05 0.0244633 9.99011E-05 9.99011E-05
9.9919E-05 0.0571468 0.235771 9.9919E-05 0.379452 9.9919E-05 9.9919E-05 9.9919E-05 9.9919E-05 9.9919E-05 0.326731 9.9919E-05 9.9919E-05
9.99011E-05 9.99011E-05 9.99011E-05 9.99011E-05 9.99011E-05 9.99011E-05 9.99011E-05 0.0208474 9.99011E-05 9.99011E-05 0.978054 9.99011E-05 9.99011E-05
0.0113673 0.121042 9.9964E-05 9.9964E-05 0.130763 0.0103806 0.00827215 9.9964E-05 0.182885 0.0192893 0.487102 9.9964E-05 0.0284994
9.9919E-05 0.0398923 0.0298333 9.9919E-05 9.9919E-05 0.0275958 9.9919E-05 9.9919E-05 9.9919E-05 9.9919E-05 0.901779 9.9919E-05 9.9919E-05
9.9946E-05 0.0180701 9.9946E-05 0.00934468 0.0741776 9.9946E-05 0.0196285 0.00530902 9.9946E-05 9.9946E-05 0.817734 9.9946E-05 0.0551362
9.9946E-05 0.0626367 0.043495 0.0295345 9.9946E-05 0.100132 9.9946E-05 9.9946E-05 9.9946E-05 9.9946E-05 0.439074 0.249275 0.075253
0.0149187 9.99191E-05 9.99191E-05 9.99191E-05 0.0353693 9.99191E-05 9.99191E-05 9.99191E-05 0.0156017 9.99191E-05 0.933211 9.99191E-05 9.99191E-05
9.996E-05 9.996E-05 0.14236 9.996E-05 0.0657173 0.128019 0.0570218 0.00289952 9.996E-05 0.0379229 0.175786 0.28626 0.103613
9.9928E-05 9.9928E-05 0.0804665 9.9928E-05 0.805418 9.9928E-05 9.9928E-05 9.9928E-05 9.9928E-05 0.0399909 0.0699919 0.00333369 9.9928E-05
9.991E-05 9.991E-05 9.991E-05 0.0182072 0.941936 9.991E-05 9.991E-05 9.991E-05 0.0388578 9.991E-05 9.991E-05 9.991E-05 9.991E-05
9.99012E-05 9.99012E-05 9.99012E-05 9.99012E-05 0.847702 9.99012E-05 9.99012E-05 9.99012E-05 9.99012E-05 9.99012E-05 9.99012E-05 0.151199 9.99012E-05
0.00538486 9.9946E-05 0.151122 0.00930034 9.9946E-05 0.0484255 9.9946E-05 9.9946E-05 0.0024571 9.9946E-05 0.0571713 9.9946E-05 0.725539
9.99191E-05 9.99191E-05 9.99191E-05 0.0349686 0.516569 9.99191E-05 9.99191E-05 9.99191E-05 9.99191E-05 9.99191E-05 9.99191E-05 0.060878 0.386685
9.99101E-05 9.99101E-05 9.99101E-05 9.99101E-05 0.0178016 9.99101E-05 9.99101E-05 9.99101E-05 9.99101E-05 9.99101E-05 9.99101E-05 0.0923412 0.888858
0.00934656 9.9946E-05 0.273718 9.9946E-05 0.0804098 9.9946E-05 9.9946E-05 9.9946E-05 0.0397233 0.070661 0.0424929 9.9946E-05 0.483049
9.9946E-05 9.9946E-05 9.9946E-05 9.9946E-05 0.43592 0.00685091 9.9946E-05 0.116408 9.9946E-05 0.00458648 0.0876155 0.136198 0.211822
9.9928E-05 0.0448189 9.9928E-05 9.9928E-05 9.9928E-05 9.9928E-05 9.9928E-05 0.0215056 0.00761501 9.9928E-05 9.9928E-05 0.0328891 0.892372
0.00108975 0.00753223 9.99281E-05 9.99281E-05 9.99281E-05 0.0171588 0.0382472 9.99281E-05 9.99281E-05 9.99281E-05 9.99281E-05 9.99281E-05 0.935173
0.00901169 9.99191E-05 9.99191E-05 9.99191E-05 9.99191E-05 9.99191E-05 9.99191E-05 9.99191E-05 0.00354667 9.99191E-05 9.99191E-05 0.144128 0.842415
9.9928E-05 0.099251 9.9928E-05 9.9928E-05 0.0992366 9.9928E-05 9.9928E-05 9.9928E-05 9.9928E-05 9.9928E-05 0.0990843 0.0212069 0.680422
0.00861316 9.9919E-05 9.9919E-05 9.9919E-05 9.9919E-05 9.9919E-05 0.013954 9.9919E-05 9.9919E-05 9.9919E-05 0.198538 9.9919E-05 0.777995
9.99191E-05 9.99191E-05 0.00929176 0.0554847 9.99191E-05 9.99191E-05 9.99191E-05 9.99191E-05 9.99191E-05 0.00637106 9.99191E-05 9.99191E-05 0.927953
9.99281E-05 9.99281E-05 9.99281E-05 9.99281E-05 9.99281E-05 9.99281E-05 0.00853031 9.99281E-05 0.0658337 9.99281E-05 0.0595051 0.713081 0.152251
0.0375495 9.9928E-05 0.158322 9.9928E-05 9.9928E-05 9.9928E-05 9.9928E-05 9.9928E-05 0.0324288 9.9928E-05 9.9928E-05 0.605335 0.165566
0.0145585 0.00314478 9.9946E-05 9.9946E-05 9.9946E-05 0.00282468 9.9946E-05 0.116817 9.9946E-05 0.0423056 9.9946E-05 0.733079 0.0866709
9.9946E-05 0.0014882 0.114951 9.9946E-05 0.0282167 9.9946E-05 9.9946E-05 0.00394821 0.17974 9.9946E-05 0.119946 0.551111 9.9946E-05
9.9928E-05 9.9928E-05 9.9928E-05 9.9928E-05 0.0417203 9.9928E-05 0.0581662 9.9928E-05 0.052398 9.9928E-05 9.9928E-05 0.750382 0.0965338
9.99191E-05 9.99191E-05 9.99191E-05 0.0812901 9.99191E-05 0.10331 9.99191E-05 9.99191E-05 9.99191E-05 9.99191E-05 0.438365 0.376136 9.99191E-05
9.99191E-05 0.07029 9.99191E-05 9.99191E-05 0.105674 9.99191E-05 9.99191E-05 0.0267183 9.99191E-05 9.99191E-05 9.99191E-05 0.796419 9.99191E-05
9.99102E-05 9.99102E-05 9.99102E-05 0.0355808 9.99102E-05 0.00961276 9.99102E-05 9.99102E-05 9.99102E-05 9.99102E-05 9.99102E-05 0.953807 9.99102E-05
9.9919E-05 0.0154569 9.9919E-05 0.00445099 9.9919E-05 9.9919E-05 9.9919E-05 9.9919E-05 9.9919E-05 9.9919E-05 0.160392 0.818801 9.9919E-05
9.99011E-05 9.99011E-05 0.051137 9.99011E-05 9.99011E-05 9.99011E-05 9.99011E-05 9.99011E-05 9.99011E-05 9.99011E-05 9.99011E-05 0.947764 9.99011E-05
9.99011E-05 9.99011E-05 9.99011E-05 0.000671558 9.99011E-05 9.99011E-05 9.99011E-05 9.99011E-05 9.99011E-05 9.99011E-05 9.99011E-05 0.99823 9.99011E-05
9.9928E-05 0.0472887 9.9928E-05 9.9928E-05 9.9928E-05 9.9928E-05 0.00832589 0.00551379 9.9928E-05 0.00546878 9.9928E-05 0.932603 9.9928E-05
9.9919E-05 9.9919E-05 9.9919E-05 0.00092516 0.00166051 9.9919E-05 9.9919E-05 9.9919E-05 9.9919E-05 0.016935 9.9919E-05 0.97958 9.9919E-05
9.99101E-05 9.99101E-05 9.99101E-05 9.99101E-05 9.99101E-05 9.99101E-05 9.99101E-05 0.00763107 9.99101E-05 9.99101E-05 9.99101E-05 0.966274 0.0250963
9.99101E-05 9.99101E-05 9.99101E-05 9.99101E-05 0.0737616 9.99101E-05 0.00583382 9.99101E-05 9.99101E-05 9.99101E-05 9.99101E-05 0.919405 9.99101E-05
9.99191E-05 9.99191E-05 9.99191E-05 0.0135862 9.99191E-05 9.99191E-05 9.99191E-05 9.99191E-05 0.119012 9.99191E-05 0.365259 0.501244 9.99191E-05
9.99191E-05 9.99191E-05 9.99191E-05 0.00469926 9.99191E-05 9.99191E-05 9.99191E-05 9.99191E-05 0.0364442 0.00218737 9.99191E-05 0.95577 9.99191E-05
9.9946E-05 9.9946E-05 9.9946E-05 0.0767084 0.103329 0.0526898 0.0433695 9.9946E-05 9.9946E-05 9.9946E-05 0.0658368 0.621045 0.0364223
9.9973E-05 0.0651445 0.0140137 0.574865 0.0353681 0.0177203 0.0433253 9.9973E-05 0.00147697 0.00205253 9.9973E-05 0.21711 0.0286242
9.9892E-05 9.9892E-05 9.9892E-05 0.998801 9.9892E-05 9.9892E-05 9.9892E-05 9.9892E-05 9.9892E-05 9.9892E-05 9.9892E-05 9.9892E-05 9.9892E-05
9.9937E-05 9.9937E-05 0.14516 0.071351 0.139612 9.9937E-05 9.9937E-05 9.9937E-05 9.9937E-05 0.0548337 9.9937E-05 0.52899 0.0593539
