0.9997 9.998E-05 9.998E-05 9.998E-05
0.627959 0.0996745 0.0977122 0.174655
0.615422 0.172174 0.111172 0.101232
0.580661 0.010311 9.9991E-05 0.408928
0.376634 9.9982E-05 9.9982E-05 0.623166
0.475459 0.106887 0.0146327 0.403021
0.647994 0.0287551 9.9991E-05 0.323151
0.539748 0.112756 0.0123265 0.33517
0.528244 0.0921895 0.0164095 0.363157
0.9997 9.998E-05 9.998E-05 9.998E-05
0.9997 9.998E-05 9.998E-05 9.998E-05
0.9997 9.998E-05 9.998E-05 9.998E-05
0.9997 9.998E-05 9.998E-05 9.998E-05
0.9997 9.998E-05 9.998E-05 9.998E-05
0.9997 9.998E-05 9.998E-05 9.998E-05
0.431335 0.0521114 0.0225513 0.494003
0.396584 0.0693148 0.0827981 0.451303
0.522154 0.0441996 9.9991E-05 0.433546
0.326109 9.9982E-05 9.9982E-05 0.673692
0.272384 9.9982E-05 9.9982E-05 0.727416
0.414834 9.9991E-05 0.00562749 0.579439
0.248784 0.0689263 0.00175686 0.680533
0.316962 0.0214853 9.9991E-05 0.661453
0.37175 0.014855 9.9991E-05 0.613295
0.328521 9.9991E-05 0.00613049 0.665249
0.239463 9.9982E-05 9.9982E-05 0.760337
0.264405 0.071447 9.9991E-05 0.664048
0.37255 0.0688599 9.9991E-05 0.55849
0.345023 0.0147764 9.9991E-05 0.640101
0.382505 9.9982E-05 9.9982E-05 0.617295
0.365013 9.9982E-05 9.9982E-05 0.634787
0.230467 0.0330379 9.9991E-05 0.736395
0.278349 0.0449627 0.0225112 0.654177
0.278073 0.102175 0.0142936 0.605458
0.30424 0.0384278 9.9991E-05 0.657232
0.424995 9.9982E-05 9.9982E-05 0.574805
0.183254 0.00993529 9.9991E-05 0.806711
0.240281 0.0184641 9.9991E-05 0.741155
0.221011 0.0714928 0.0225272 0.684969
0.224802 9.9991E-05 0.0205051 0.754593
0.0615844 0.117031 0.0764081 0.744976
0.138494 0.11027 0.0369299 0.714307
0.205166 0.1511 0.0591902 0.584544
0.100101 0.104123 0.0150655 0.780711
0.0715999 0.106521 9.9991E-05 0.821779
0.0892956 0.132639 9.9991E-05 0.777965
0.0962392 0.107859 9.9991E-05 0.795802
0.142922 0.0869188 9.9991E-05 0.770059
0.130677 0.102614 9.9991E-05 0.766609
0.284881 0.0287275 0.0354204 0.650971
0.168366 0.10401 0.00668548 0.720938
0.130753 0.0803987 9.9991E-05 0.788749
0.101902 0.0859289 9.9991E-05 0.812069
0.116511 0.020993 0.0403448 0.822151
0.133885 0.0361576 0.0354053 0.794552
0.124829 0.11265 9.9991E-05 0.762421
0.183125 0.111189 0.0133153 0.692371
0.12941 0.0147972 0.0293924 0.8264
0.10294 0.107828 9.9991E-05 0.789133
0.140049 0.0680788 9.9991E-05 0.791772
0.0878158 0.0156202 0.0164999 0.880064
0.0967618 9.9991E-05 0.0170205 0.886118
0.100658 0.145195 0.0608214 0.693326
0.0320566 0.108088 0.021606 0.838249
0.0926694 9.9982E-05 9.9982E-05 0.907131
0.0694477 0.0994836 0.0241304 0.806938
0.0374655 0.0308621 0.0665537 0.865119
0.0866344 0.113028 0.0510007 0.749337
0.164973 0.0608436 9.9991E-05 0.774084
0.0646825 0.1529 0.0238269 0.758591
0.147697 0.105932 0.0835835 0.662788
0.0589044 0.0798422 0.0650585 0.796195
0.164112 0.0464838 9.9991E-05 0.789305
0.141221 0.0631726 9.9991E-05 0.795507
0.0835951 0.0477657 9.9991E-05 0.868539
0.055389 0.0233828 0.00477357 0.916455
0.0430663 0.105007 0.0386532 0.813274
0.0860243 0.093921 0.145938 0.674117
9.9991E-05 0.0837147 0.119461 0.796724
9.9991E-05 0.0496678 0.130194 0.820038
0.00834133 0.0810739 0.0788336 0.831751
9.9991E-05 0.058138 0.102263 0.839499
9.9991E-05 0.0400197 0.0858702 0.87401
0.0846462 0.00866301 0.117392 0.789299
0.0624581 0.0508127 0.153913 0.732816
0.045185 0.120278 0.177598 0.656939
0.117501 0.0807842 0.106673 0.695043
0.0351156 0.00467569 0.134035 0.826174
0.0229746 0.080538 0.152709 0.743778
0.0214306 0.0959496 0.103461 0.779158
0.0871877 0.0642272 0.126641 0.721944
0.0857213 0.0741421 0.131821 0.708315
0.0367279 0.105563 0.181506 0.676203
9.998E-05 9.998E-05 0.9997 9.998E-05
0.0228347 0.01192 0.965145 9.9991E-05
9.9991E-05 0.011224 0.879479 0.109197
9.998E-05 9.998E-05 0.9997 9.998E-05
9.998E-05 9.998E-05 0.9997 9.998E-05
9.998E-05 9.998E-05 0.9997 9.998E-05
9.998E-05 9.998E-05 0.9997 9.998E-05
9.9991E-05 0.0498222 0.863296 0.086782
9.998E-05 9.998E-05 0.9997 9.998E-05
9.998E-05 9.998E-05 0.9997 9.998E-05
9.9991E-05 0.0610111 0.0995846 0.839304
9.9982E-05 9.9982E-05 0.888787 0.111013
9.998E-05 9.998E-05 0.9997 9.998E-05
0.0011736 9.9982E-05 0.998626 9.9982E-05
9.9991E-05 0.0807105 0.0916733 0.827516
9.9991E-05 0.0548812 0.130384 0.814635
9.9991E-05 0.0293534 0.109712 0.860835
9.9991E-05 0.0560457 0.137551 0.806303
9.9991E-05 0.025484 0.135751 0.838665
9.9991E-05 0.0212982 0.101365 0.877237
0.00115346 0.0400045 0.166357 0.792485
9.9982E-05 9.9982E-05 0.139902 0.859898
9.9991E-05 0.0847811 0.218709 0.69641
9.9991E-05 0.0377584 0.197988 0.764154
9.9991E-05 0.0545986 0.108277 0.837024
9.9991E-05 0.00585721 0.225822 0.768221
9.9991E-05 0.0810043 0.0623362 0.85656
9.9991E-05 0.0642806 0.121398 0.814222
9.9982E-05 9.9982E-05 0.0342316 0.965568
9.9982E-05 9.9982E-05 0.0870529 0.912747
9.9982E-05 9.9982E-05 0.00104593 0.998754
9.998E-05 9.998E-05 9.998E-05 0.9997
9.9982E-05 9.9982E-05 0.0205559 0.979244
9.9982E-05 9.9982E-05 0.0370122 0.962788
9.998E-05 9.998E-05 9.998E-05 0.9997
9.9982E-05 9.9982E-05 0.0351205 0.96468
9.9982E-05 0.0202035 9.9982E-05 0.979597
9.9982E-05 9.9982E-05 0.00034155 0.999458
9.9982E-05 9.9982E-05 0.101601 0.898199
9.9982E-05 9.9982E-05 0.0447507 0.955049
9.9991E-05 0.0586186 0.0193209 0.921961
9.998E-05 0.9997 9.998E-05 9.998E-05
9.9991E-05 0.100434 0.187071 0.712395
9.998E-05 0.9997 9.998E-05 9.998E-05
9.998E-05 0.9997 9.998E-05 9.998E-05
9.9982E-05 0.956861 0.0429392 9.9982E-05
0.00179668 0.81386 0.00167484 0.182668
9.998E-05 0.9997 9.998E-05 9.998E-05
9.9982E-05 0.889001 9.9982E-05 0.110799
9.9982E-05 0.993551 0.00624942 9.9982E-05
9.9982E-05 0.971026 9.9982E-05 0.028774
9.998E-05 0.9997 9.998E-05 9.998E-05
9.998E-05 0.9997 9.998E-05 9.998E-05
9.9991E-05 0.991045 0.00320781 0.00564679
9.9991E-05 0.835493 0.0597776 0.104629
0.00553238 0.962207 0.00633557 0.0259249
9.9991E-05 0.931826 0.0366451 0.0314289
0.000492103 0.917666 9.9991E-05 0.0817416
0.0184533 0.863285 9.9991E-05 0.118162
9.9991E-05 0.967625 0.00281206 0.0294625
0.00686301 0.043821 0.0867557 0.86256
0.0137344 0.0254942 0.0507103 0.910061
0.0390552 0.0534047 0.0575611 0.849979
0.0358035 0.0384268 0.0558133 0.869956
9.9982E-05 9.9982E-05 0.131448 0.868352
9.9991E-05 0.0251811 0.128237 0.846482
9.9991E-05 0.0205587 0.108206 0.871135
9.9991E-05 0.00543212 0.11051 0.883958
9.9991E-05 0.0230895 0.140755 0.836056
9.9991E-05 0.00619963 0.132009 0.861691
9.9991E-05 0.0236668 0.166328 0.809905
0.00195431 0.00927687 0.124892 0.863877
9.9982E-05 9.9982E-05 0.0909964 0.908804
9.998E-05 9.998E-05 9.998E-05 0.9997
9.998E-05 9.998E-05 9.998E-05 0.9997
9.998E-05 9.998E-05 9.998E-05 0.9997
9.998E-05 9.998E-05 9.998E-05 0.9997
9.998E-05 9.998E-05 9.998E-05 0.9997
9.998E-05 9.998E-05 9.998E-05 0.9997
9.998E-05 9.998E-05 9.998E-05 0.9997
9.998E-05 9.998E-05 9.998E-05 0.9997
9.998E-05 9.998E-05 9.998E-05 0.9997
9.998E-05 9.998E-05 9.998E-05 0.9997
9.998E-05 9.998E-05 9.998E-05 0.9997
9.998E-05 9.998E-05 9.998E-05 0.9997
