9.998E-05 9.998E-05 9.998E-05 0.9997
0.100514 0.255492 0.0832133 0.56078
0.149188 0.183693 0.0890575 0.578062
0.00962882 0.455437 9.9991E-05 0.534834
9.9982E-05 0.631666 9.9982E-05 0.368134
0.0448267 0.530406 9.9991E-05 0.424667
0.0184543 0.365745 9.9991E-05 0.6157
0.119046 0.362064 0.0237906 0.495099
0.0872332 0.436694 0.00945125 0.466622
9.998E-05 9.998E-05 9.998E-05 0.9997
9.998E-05 9.998E-05 9.998E-05 0.9997
9.998E-05 9.998E-05 9.998E-05 0.9997
9.998E-05 9.998E-05 9.998E-05 0.9997
0.0130522 9.9982E-05 9.9982E-05 0.986748
9.998E-05 9.998E-05 9.998E-05 0.9997
0.119059 0.473306 9.9991E-05 0.407535
0.0733822 0.471887 0.090317 0.364413
0.0312262 0.442717 9.9991E-05 0.525957
9.9982E-05 0.748212 9.9982E-05 0.251588
0.00513164 0.760747 9.9991E-05 0.234021
9.9982E-05 0.64012 9.9982E-05 0.35968
0.091182 0.661178 9.9991E-05 0.24754
0.0579236 0.685852 0.0025679 0.253656
0.00789126 0.648064 9.9991E-05 0.343945
9.9982E-05 0.730716 9.9982E-05 0.269084
9.9982E-05 0.78652 9.9982E-05 0.21328
0.0718668 0.714162 9.9991E-05 0.213872
0.0407797 0.628004 9.9991E-05 0.331117
0.0207172 0.703166 9.9991E-05 0.276017
0.0106342 0.573342 9.9991E-05 0.415924
9.9982E-05 0.645919 9.9982E-05 0.353881
0.0210815 0.75921 9.9991E-05 0.219609
0.0622945 0.704396 9.9991E-05 0.233209
0.114965 0.644081 9.9991E-05 0.240854
0.0522515 0.716078 9.9991E-05 0.231571
9.9982E-05 0.615701 9.9982E-05 0.384099
0.0441502 0.804739 9.9991E-05 0.151011
0.0295745 0.801407 9.9991E-05 0.168919
0.0629633 0.711265 0.0334169 0.192355
0.0125616 0.78826 0.0188672 0.180311
0.0923498 0.802925 0.0599589 0.0447665
0.0871902 0.82832 0.0122784 0.0722118
0.120977 0.638192 0.0637572 0.177073
0.060833 0.876023 9.9991E-05 0.0630442
0.109399 0.837598 9.9991E-05 0.0529031
0.0702538 0.821986 9.9991E-05 0.10766
0.0594126 0.868613 9.9991E-05 0.0718743
0.0624847 0.814588 9.9991E-05 0.122827
0.0609791 0.796202 9.9991E-05 0.142719
0.0346602 0.691468 0.016935 0.256937
0.0938436 0.753733 9.9991E-05 0.152324
0.0775762 0.829405 9.9991E-05 0.0929186
0.0717102 0.836622 9.9991E-05 0.0915678
9.9991E-05 0.862341 0.0185341 0.119025
0.0253224 0.81395 0.0278097 0.132918
0.125494 0.790629 9.9991E-05 0.0837773
0.122166 0.746544 9.9991E-05 0.131189
0.0242842 0.847935 0.0280053 0.0997758
0.103211 0.816729 9.9991E-05 0.0799597
0.0167242 0.760914 0.0422829 0.180079
0.00814735 0.905503 9.9991E-05 0.0862498
9.9991E-05 0.890647 0.0401504 0.0691026
0.0551903 0.78708 0.0510699 0.10666
0.158796 0.77344 0.0491528 0.0186115
9.9982E-05 0.903582 9.9982E-05 0.0962185
0.118057 0.824621 0.0309498 0.0263731
0.0422505 0.85776 0.0573585 0.0426313
0.105072 0.794951 0.0556537 0.0443233
0.0628835 0.812185 0.0079074 0.117024
0.127363 0.831211 9.9991E-05 0.0413261
0.106282 0.688541 0.0641057 0.141071
0.0867517 0.878929 0.0155664 0.0187533
0.0658065 0.783565 9.9991E-05 0.150528
0.0735251 0.833889 9.9991E-05 0.0924858
0.0343303 0.876906 0.0111767 0.0775866
9.9982E-05 0.962631 9.9982E-05 0.0371689
0.0880524 0.890407 0.0175205 0.00401992
0.0837994 0.713034 0.131108 0.0720593
0.0567202 0.844626 0.0985536 9.9991E-05
0.0395204 0.836167 0.124212 9.9991E-05
0.0603885 0.825668 0.0745101 0.0394336
0.0239279 0.839858 0.136114 9.9991E-05
0.0782028 0.795861 0.125836 9.9991E-05
0.0374882 0.710809 0.133543 0.118159
0.0507896 0.665486 0.240012 0.0437123
0.146348 0.667424 0.170399 0.0158292
0.0929073 0.725927 0.0846731 0.0964926
9.9991E-05 0.788863 0.152852 0.0581857
0.054668 0.792451 0.152781 9.99944E-05
0.106871 0.780903 0.0957988 0.0164275
0.0844282 0.696069 0.145225 0.0742783
0.0857542 0.735343 0.111569 0.0673342
0.0916541 0.6898 0.176531 0.0420141
9.998E-05 9.998E-05 0.9997 9.998E-05
9.9982E-05 9.9982E-05 0.968316 0.0314842
0.0056083 0.0876706 0.885486 0.0212356
0.00307526 9.9982E-05 0.996725 9.9982E-05
9.998E-05 9.998E-05 0.9997 9.998E-05
9.998E-05 9.998E-05 0.9997 9.998E-05
9.998E-05 9.998E-05 0.9997 9.998E-05
9.9991E-05 0.0969253 0.877322 0.0256522
9.998E-05 9.998E-05 0.9997 9.998E-05
9.998E-05 9.998E-05 0.9997 9.998E-05
0.0960334 0.771553 0.132313 9.9991E-05
0.0236373 0.028273 0.94799 9.9991E-05
9.998E-05 9.998E-05 0.9997 9.998E-05
0.0184342 9.9982E-05 0.981366 9.9982E-05
0.0358456 0.81033 0.153724 9.9991E-05
0.0411358 0.832706 0.126058 9.9991E-05
0.0336176 0.845187 0.121095 9.9991E-05
0.0405754 0.786549 0.172776 9.9991E-05
0.0523032 0.827054 0.120542 9.9991E-05
9.9982E-05 0.882303 0.117497 9.9982E-05
0.0385397 0.79748 0.151539 0.0124415
0.00770746 0.850437 0.141756 9.9991E-05
0.110666 0.667825 0.221409 9.9991E-05
0.0768359 0.741883 0.181181 9.9991E-05
0.0632299 0.804212 0.132458 9.9991E-05
0.0869619 0.735401 0.177537 9.9991E-05
0.0865126 0.822527 0.0908606 9.9991E-05
0.0378591 0.833585 0.123323 0.00523297
0.00968567 0.913822 0.0763926 9.9991E-05
9.9982E-05 0.903626 0.0961736 9.9982E-05
9.9982E-05 0.998373 0.00142694 9.9982E-05
9.9982E-05 0.981543 0.018257 9.9982E-05
9.9982E-05 0.975351 0.0244494 9.9982E-05
9.9982E-05 0.958862 0.0409379 9.9982E-05
9.9982E-05 0.992357 0.00744339 9.9982E-05
9.9982E-05 0.966425 0.0333747 9.9982E-05
0.0291102 0.97069 9.9982E-05 9.9982E-05
9.9982E-05 0.962866 0.0369341 9.9982E-05
9.9982E-05 0.913211 0.0865888 9.9982E-05
9.9982E-05 0.946186 0.0536142 9.9982E-05
0.0933393 0.898388 0.00817255 9.9991E-05
0.9997 9.998E-05 9.998E-05 9.998E-05
0.124518 0.699805 0.175578 9.9991E-05
0.9997 9.998E-05 9.998E-05 9.998E-05
0.9997 9.998E-05 9.998E-05 9.998E-05
0.960945 9.9982E-05 0.0388554 9.9982E-05
0.797932 0.164557 0.0201709 0.0173406
0.9997 9.998E-05 9.998E-05 9.998E-05
0.779602 0.17759 0.0427081 9.9991E-05
0.9997 9.998E-05 9.998E-05 9.998E-05
0.957786 0.0364702 0.00564431 9.9991E-05
0.9997 9.998E-05 9.998E-05 9.998E-05
0.957159 0.0336781 9.9991E-05 0.00906325
0.9997 9.998E-05 9.998E-05 9.998E-05
0.798836 0.192159 0.00890455 9.9991E-05
0.960119 0.0394525 9.9991E-05 0.000328754
0.893115 0.0728552 0.0339299 9.9991E-05
0.888652 0.111148 9.9982E-05 9.9982E-05
0.901526 0.0244924 0.0400969 0.0338845
0.909753 0.0900475 9.9982E-05 9.9982E-05
0.0445586 0.86051 0.0693929 0.0255389
0.0370914 0.875133 0.0306976 0.0570783
0.0554101 0.819155 0.0747929 0.0506423
0.0427142 0.826535 0.078001 0.0527496
0.00804441 0.798463 0.193392 9.9991E-05
0.0392803 0.762294 0.198325 9.9991E-05
0.0252819 0.751449 0.223169 9.9991E-05
0.0295184 0.758884 0.211497 9.9991E-05
0.0397004 0.745933 0.214266 9.9991E-05
0.0459528 0.772802 0.181146 9.9991E-05
0.0276395 0.76469 0.20757 9.9991E-05
0.0766927 0.767008 0.130123 0.0261759
0.0507269 0.746399 0.202774 9.9991E-05
9.998E-05 0.9997 9.998E-05 9.998E-05
9.998E-05 0.9997 9.998E-05 9.998E-05
9.998E-05 0.9997 9.998E-05 9.998E-05
9.998E-05 0.9997 9.998E-05 9.998E-05
9.998E-05 0.9997 9.998E-05 9.998E-05
9.998E-05 0.9997 9.998E-05 9.998E-05
9.998E-05 0.9997 9.998E-05 9.998E-05
9.998E-05 0.9997 9.998E-05 9.998E-05
9.998E-05 0.9997 9.998E-05 9.998E-05
9.998E-05 0.9997 9.998E-05 9.998E-05
9.998E-05 0.9997 9.998E-05 9.998E-05
9.998E-05 0.9997 9.998E-05 9.998E-05
