0.9997 9.998E-05 9.998E-05 9.998E-05
0.588075 0.112541 0.18447 0.114914
0.599702 0.109908 0.14681 0.14358
0.604901 0.00465474 0.387345 0.00309969
0.402987 9.9991E-05 0.577188 0.0197248
0.472962 0.0130001 0.427761 0.0862772
0.658033 9.9991E-05 0.322438 0.0194285
0.553464 0.0312516 0.293805 0.12148
0.51494 9.9991E-05 0.423373 0.0615878
0.9997 9.998E-05 9.998E-05 9.998E-05
0.9997 9.998E-05 9.998E-05 9.998E-05
0.9997 9.998E-05 9.998E-05 9.998E-05
0.9997 9.998E-05 9.998E-05 9.998E-05
0.9997 9.998E-05 9.998E-05 9.998E-05
0.9997 9.998E-05 9.998E-05 9.998E-05
0.431907 9.9991E-05 0.554313 0.0136797
0.410585 0.0924919 0.420994 0.0759291
0.571164 0.0124558 0.398252 0.0181277
0.309787 9.9982E-05 0.690013 9.9982E-05
0.25138 9.9991E-05 0.727055 0.0214652
0.432082 9.9982E-05 0.567718 9.9982E-05
0.283234 9.9991E-05 0.625482 0.0911832
0.30039 0.00102793 0.66129 0.0372924
0.365398 0.0132131 0.577972 0.0434164
0.277739 9.9982E-05 0.722061 9.9982E-05
0.23758 9.9991E-05 0.754062 0.00825772
0.240864 9.9991E-05 0.680274 0.0787625
0.318965 9.9991E-05 0.637051 0.0438842
0.337472 9.9982E-05 0.662328 9.9982E-05
0.418988 9.9991E-05 0.575257 0.00565569
0.373166 9.9982E-05 0.626635 9.9982E-05
0.26392 9.9991E-05 0.713044 0.0229359
0.260669 9.9991E-05 0.687676 0.0515548
0.272693 9.9991E-05 0.660989 0.0662186
0.254917 9.9991E-05 0.679324 0.0656593
0.43169 9.9982E-05 0.56811 9.9982E-05
0.185399 9.9991E-05 0.797568 0.0169334
0.190671 0.00762098 0.748798 0.0529097
0.226516 0.0495739 0.650892 0.0730181
0.195906 0.0154877 0.788506 9.9991E-05
0.0926279 0.0497668 0.795321 0.0622841
0.0681364 0.0340121 0.792084 0.105767
0.218066 0.0264769 0.677071 0.0783852
0.0964724 0.0262148 0.780543 0.0967694
0.0821572 9.9991E-05 0.838194 0.0795487
0.0963095 9.9991E-05 0.814817 0.0887737
0.0905909 9.9991E-05 0.840273 0.0690358
0.14159 9.9991E-05 0.770091 0.0882194
0.134912 9.9991E-05 0.831773 0.0332153
0.276546 0.0372498 0.637399 0.0488048
0.142548 0.000476485 0.778529 0.078447
0.109011 9.9991E-05 0.779296 0.111593
0.123302 9.9991E-05 0.82 0.056598
0.133748 0.0187536 0.824256 0.0232418
0.125068 0.0452055 0.79108 0.0386469
0.0810841 0.0117775 0.755024 0.152114
0.161697 9.9991E-05 0.750505 0.0876977
0.114008 0.00695837 0.870002 0.0090312
0.119987 9.9991E-05 0.793617 0.0862959
0.166986 9.9991E-05 0.818587 0.0143269
0.0988616 9.9991E-05 0.886835 0.0142039
0.133493 0.021093 0.818572 0.0268421
0.0825531 0.0337125 0.789494 0.0942408
0.0449339 0.0327446 0.837099 0.0852226
0.11427 9.9982E-05 0.88553 9.9982E-05
0.0492798 0.00510068 0.79316 0.15246
0.0394959 0.0600966 0.845207 0.0552006
0.0977136 0.0467635 0.759504 0.0960185
0.134835 9.9991E-05 0.802578 0.062487
0.0242918 0.0275692 0.827011 0.121128
0.155032 0.0796657 0.65643 0.108872
0.0370682 0.040862 0.851817 0.0702532
0.181745 9.9991E-05 0.763481 0.0546742
0.131471 9.9991E-05 0.833822 0.0346066
0.0821832 0.00562116 0.85272 0.0594757
0.0749297 9.9991E-05 0.880938 0.044032
0.0383354 0.0366884 0.810787 0.114189
0.092978 0.151355 0.676993 0.0786738
9.9991E-05 0.163699 0.783181 0.0530197
9.9991E-05 0.135215 0.835027 0.0296575
0.0249728 0.0766736 0.828878 0.0694751
9.9991E-05 0.13065 0.841959 0.027291
9.9991E-05 0.105093 0.845169 0.0496382
0.0136516 0.152448 0.786948 0.0469521
0.0344687 0.185051 0.739839 0.0406416
0.0463395 0.15406 0.684808 0.114793
0.101761 0.0705331 0.743412 0.0842939
0.0487218 0.12107 0.822092 0.00811568
0.0205662 0.15591 0.757889 0.0656347
0.00649271 0.113185 0.772752 0.10757
0.0707069 0.173596 0.676459 0.0792381
0.0642565 0.135528 0.730589 0.0696271
0.0360488 0.223014 0.642297 0.0986405
9.9982E-05 0.998595 9.9982E-05 0.00120548
0.0222301 0.946327 9.9991E-05 0.031343
9.9991E-05 0.858225 0.124353 0.0173225
9.998E-05 0.9997 9.998E-05 9.998E-05
9.998E-05 0.9997 9.998E-05 9.998E-05
9.998E-05 0.9997 9.998E-05 9.998E-05
9.998E-05 0.9997 9.998E-05 9.998E-05
0.025512 0.941881 0.0325072 9.9991E-05
9.998E-05 0.9997 9.998E-05 9.998E-05
9.998E-05 0.9997 9.998E-05 9.998E-05
9.9991E-05 0.0978276 0.831068 0.0710041
0.00855092 0.93087 0.0604792 9.9991E-05
9.998E-05 0.9997 9.998E-05 9.998E-05
9.9982E-05 0.982939 0.0168614 9.9982E-05
9.9991E-05 0.146772 0.785061 0.0680672
9.9991E-05 0.120543 0.816717 0.0626398
9.9991E-05 0.164193 0.789297 0.0464102
9.9991E-05 0.135021 0.80852 0.0563589
9.9991E-05 0.0948333 0.863355 0.0417121
9.9982E-05 0.108438 0.891362 9.9982E-05
9.9991E-05 0.165804 0.759312 0.0747837
9.9982E-05 0.135576 0.864224 9.9982E-05
9.9991E-05 0.252931 0.667437 0.0795319
9.9991E-05 0.229785 0.711695 0.0584207
0.0116155 0.0913637 0.813486 0.0835353
9.9991E-05 0.193083 0.730456 0.0763612
9.9991E-05 0.0616053 0.836577 0.101718
9.9991E-05 0.138008 0.806279 0.0556124
9.9991E-05 0.00631667 0.988726 0.00485779
9.9982E-05 0.0695767 0.930223 9.9982E-05
9.9982E-05 0.0501792 0.949621 9.9982E-05
9.9982E-05 0.00799643 0.991804 9.9982E-05
9.9982E-05 0.0497648 0.950035 9.9982E-05
9.9982E-05 0.056347 0.943453 9.9982E-05
9.9982E-05 0.0338303 0.96597 9.9982E-05
9.998E-05 9.998E-05 0.9997 9.998E-05
9.9991E-05 0.00862802 0.981621 0.00965115
9.9982E-05 0.0224384 0.977362 9.9982E-05
9.9982E-05 0.0786296 0.92117 9.9982E-05
9.9982E-05 0.0379057 0.961894 9.9982E-05
9.9991E-05 0.0517851 0.841389 0.106726
9.998E-05 9.998E-05 9.998E-05 0.9997
9.9991E-05 0.199628 0.676622 0.12365
9.998E-05 9.998E-05 9.998E-05 0.9997
9.998E-05 9.998E-05 9.998E-05 0.9997
9.9991E-05 0.0414129 0.000586484 0.957901
0.0200696 0.00977152 0.189715 0.780443
9.998E-05 9.998E-05 9.998E-05 0.9997
0.010537 0.020231 0.103186 0.866047
9.9982E-05 0.0227861 9.9982E-05 0.977014
0.00255128 9.9991E-05 0.0426269 0.954722
9.998E-05 9.998E-05 9.998E-05 0.9997
9.998E-05 9.998E-05 9.998E-05 0.9997
9.9982E-05 0.0232235 9.9982E-05 0.976577
9.9991E-05 0.0472878 0.112439 0.840173
0.00462628 0.0155958 0.00881135 0.970967
9.9991E-05 0.0403137 0.0897799 0.869806
9.9991E-05 0.0238369 0.103626 0.872437
0.0526624 9.9991E-05 0.0834371 0.863801
9.9982E-05 9.9982E-05 0.0357512 0.964049
0.0352407 0.0581737 0.874658 0.0319278
0.0312103 0.069527 0.89615 0.00311315
0.0626553 0.0680473 0.798898 0.0703991
0.0531571 0.0928119 0.789317 0.0647141
9.9991E-05 0.143205 0.810913 0.0457826
9.99821E-05 0.149813 0.849987 9.99821E-05
9.9991E-05 0.20235 0.781965 0.0155847
9.9991E-05 0.194279 0.789561 0.0160596
9.9991E-05 0.189277 0.794583 0.0160401
9.9991E-05 0.167495 0.781451 0.0509537
9.9991E-05 0.173045 0.809312 0.0175434
0.0144747 0.136181 0.821309 0.0280356
9.9991E-05 0.163932 0.79031 0.0456575
9.998E-05 9.998E-05 0.9997 9.998E-05
9.998E-05 9.998E-05 0.9997 9.998E-05
9.998E-05 9.998E-05 0.9997 9.998E-05
9.998E-05 9.998E-05 0.9997 9.998E-05
9.998E-05 9.998E-05 0.9997 9.998E-05
0.0192013 9.9982E-05 0.980599 9.9982E-05
9.998E-05 9.998E-05 0.9997 9.998E-05
9.998E-05 9.998E-05 0.9997 9.998E-05
9.998E-05 9.998E-05 0.9997 9.998E-05
9.998E-05 9.998E-05 0.9997 9.998E-05
9.998E-05 9.998E-05 0.9997 9.998E-05
9.998E-05 9.998E-05 0.9997 9.998E-05
