0.9997 9.998E-05 9.998E-05 9.998E-05
0.585289 0.121857 0.13178 0.161074
0.611208 0.130727 0.178182 0.0798828
0.565565 9.9991E-05 0.00874436 0.425591
0.37773 9.9982E-05 9.9982E-05 0.62207
0.486384 0.0106121 0.0535131 0.449491
0.733779 9.9991E-05 0.0366068 0.229515
0.59047 0.0174129 0.0949787 0.297138
0.503948 0.0302325 0.0669697 0.39885
0.9997 9.998E-05 9.998E-05 9.998E-05
0.9997 9.998E-05 9.998E-05 9.998E-05
0.9997 9.998E-05 9.998E-05 9.998E-05
0.9997 9.998E-05 9.998E-05 9.998E-05
0.9997 9.998E-05 9.998E-05 9.998E-05
0.9997 9.998E-05 9.998E-05 9.998E-05
0.438808 9.9991E-05 0.0663137 0.494779
0.364197 0.0890802 0.0962272 0.450495
0.540813 0.0173562 0.00538451 0.436446
0.296808 9.9982E-05 9.9982E-05 0.702992
0.264505 9.9991E-05 0.0061828 0.729212
0.410005 0.0443156 9.9991E-05 0.545579
0.270088 0.00440319 0.0847473 0.640762
0.32719 9.9991E-05 0.0733711 0.599339
0.386038 9.9991E-05 0.0413124 0.57255
0.346431 9.9982E-05 9.9982E-05 0.653369
0.227305 9.9982E-05 9.9982E-05 0.772495
0.239599 9.9991E-05 0.0725992 0.687702
0.384811 9.9991E-05 0.056889 0.5582
0.298847 9.9991E-05 0.0137983 0.687255
0.406671 9.9991E-05 0.00219346 0.591036
0.388167 9.9982E-05 9.9982E-05 0.611633
0.272581 9.9982E-05 9.9982E-05 0.727219
0.296077 9.9991E-05 0.080192 0.623631
0.261388 0.0340032 0.0829884 0.62162
0.293583 9.9991E-05 0.0977802 0.608537
0.425597 9.9982E-05 9.9982E-05 0.574203
0.18674 9.9991E-05 0.0330685 0.780092
0.171497 9.9991E-05 0.041128 0.787275
0.218085 0.0575364 0.067947 0.656431
0.227549 0.0237678 9.9991E-05 0.748584
0.0630055 0.0491471 0.123641 0.764207
0.0834843 9.9991E-05 0.0874325 0.828983
0.204711 0.0690486 0.107718 0.618522
0.0775064 0.0159812 0.0693227 0.83719
0.0561278 9.9991E-05 0.0934088 0.850363
0.120446 9.9991E-05 0.0789297 0.800524
0.110635 9.9991E-05 0.0388776 0.850387
0.147628 9.9991E-05 0.0658164 0.786456
0.176457 9.9991E-05 0.0606008 0.762842
0.277182 0.0380483 0.0635837 0.621186
0.167192 9.9991E-05 0.0477604 0.784947
0.0932939 9.9991E-05 0.0755693 0.831037
0.114556 9.9991E-05 0.0546127 0.830731
0.139088 0.0189766 0.0291228 0.812812
0.139795 0.0585805 0.0373848 0.764239
0.0995226 0.013234 0.131302 0.755941
0.183941 9.9991E-05 0.104372 0.711587
0.118206 0.0364515 9.9991E-05 0.845243
0.146688 9.9991E-05 0.0563981 0.796814
0.201895 9.9991E-05 0.0265241 0.77148
0.11496 9.9982E-05 9.9982E-05 0.88484
0.0729754 0.00562168 9.9991E-05 0.921303
0.0989251 0.0437089 0.0935793 0.763787
0.0492452 9.9991E-05 0.0694631 0.881192
0.0926544 9.9982E-05 9.9982E-05 0.907146
0.0468889 0.0406514 0.0975636 0.814896
0.0102097 0.0571352 0.00883517 0.92382
0.0473875 0.0098287 0.108685 0.834099
0.189847 9.9991E-05 0.0484505 0.761602
0.0469216 0.00121837 0.115681 0.836179
0.1467 0.0362679 0.0969117 0.720121
0.0191779 0.029588 0.0744368 0.876797
0.176289 9.9991E-05 0.0606515 0.76296
0.0977683 9.9991E-05 0.0434213 0.85871
0.0719437 9.9991E-05 0.0478117 0.880145
0.048719 9.9991E-05 0.023549 0.927632
0.0129467 0.0121251 0.0767835 0.898145
0.102992 0.153593 0.0241893 0.719226
9.9991E-05 0.123327 0.0856682 0.790905
9.9991E-05 0.125524 0.0443536 0.830023
0.0149442 0.0429562 0.0666198 0.87548
9.9991E-05 0.138957 0.068118 0.792825
9.9991E-05 0.0922715 0.078822 0.828807
0.0605059 0.140023 0.0319806 0.767491
0.0648193 0.178349 0.105047 0.651785
0.046453 0.164095 0.133737 0.655715
0.104963 0.0964287 0.088201 0.710407
0.0514848 0.110637 9.9991E-05 0.837778
0.0173158 0.136438 0.0354104 0.810836
0.00916326 0.098657 0.0750111 0.817169
0.0796525 0.150214 0.0926445 0.677489
0.0579051 0.142403 0.107885 0.691807
0.0268729 0.225892 0.0539062 0.693329
9.998E-05 0.9997 9.998E-05 9.998E-05
0.00643434 0.993366 9.9982E-05 9.9982E-05
0.00500109 0.858168 0.0188188 0.118012
9.998E-05 0.9997 9.998E-05 9.998E-05
9.998E-05 0.9997 9.998E-05 9.998E-05
9.998E-05 0.9997 9.998E-05 9.998E-05
9.998E-05 0.9997 9.998E-05 9.998E-05
0.00253316 0.936854 0.0410701 0.0195431
9.998E-05 0.9997 9.998E-05 9.998E-05
9.998E-05 0.9997 9.998E-05 9.998E-05
9.9991E-05 0.099122 0.105695 0.795083
9.9982E-05 0.911169 9.9982E-05 0.0886312
9.998E-05 0.9997 9.998E-05 9.998E-05
0.00188121 0.990807 9.9991E-05 0.00721194
9.9991E-05 0.0791506 0.0451145 0.875635
9.9991E-05 0.0948075 0.067674 0.837419
9.9991E-05 0.134917 0.0585793 0.806403
9.9991E-05 0.155944 0.0813287 0.762627
9.9991E-05 0.107905 0.0615496 0.830445
9.9991E-05 0.0914523 0.0202847 0.888163
0.012561 0.147208 0.0115126 0.828718
9.9982E-05 0.126442 9.9982E-05 0.873358
9.9991E-05 0.262193 0.0818966 0.65581
9.9991E-05 0.241807 0.0747674 0.683326
0.00671775 0.124911 0.0666627 0.801708
0.00818642 0.228844 0.00480634 0.758163
0.0036417 0.0993469 0.063444 0.833567
9.9991E-05 0.130097 0.0775841 0.792219
9.9991E-05 0.0234266 0.0248822 0.951591
9.9991E-05 0.0304985 0.0229326 0.946469
9.9982E-05 0.00251938 9.9982E-05 0.997281
9.998E-05 9.998E-05 9.998E-05 0.9997
9.9991E-05 0.0396066 0.00221932 0.958074
9.9991E-05 0.0446037 0.00376231 0.951534
9.998E-05 9.998E-05 9.998E-05 0.9997
9.9982E-05 0.00914878 9.9982E-05 0.990651
9.9982E-05 9.9982E-05 0.00973284 0.990067
9.9982E-05 0.00783193 9.9982E-05 0.991968
9.9982E-05 0.100597 9.9982E-05 0.899203
9.9982E-05 0.0566039 9.9982E-05 0.943196
9.9991E-05 0.0472532 0.117609 0.835037
9.998E-05 9.998E-05 0.9997 9.998E-05
9.9991E-05 0.203124 0.125062 0.671715
9.998E-05 9.998E-05 0.9997 9.998E-05
9.998E-05 9.998E-05 0.9997 9.998E-05
9.9982E-05 0.0152432 0.984557 9.9982E-05
0.00543161 9.9991E-05 0.839397 0.155072
9.998E-05 9.998E-05 0.9997 9.998E-05
9.9982E-05 9.9982E-05 0.910964 0.0888359
9.9982E-05 0.0108253 0.988975 9.9982E-05
9.9982E-05 9.9982E-05 0.996881 0.00291906
0.0159834 9.9982E-05 0.983817 9.9982E-05
9.998E-05 9.998E-05 0.9997 9.998E-05
9.9991E-05 0.00556004 0.966764 0.0275761
9.9991E-05 0.0411005 0.773586 0.185213
9.9991E-05 0.0254442 0.965744 0.00871187
9.9991E-05 0.0530708 0.864442 0.0823867
9.9982E-05 9.9982E-05 0.870435 0.129365
9.9982E-05 9.9982E-05 0.892735 0.107065
9.9991E-05 0.0127106 0.976726 0.0104631
0.0206834 0.0719485 0.0363046 0.871063
0.022993 0.100578 0.0628649 0.813565
0.0491981 0.077802 0.0475383 0.825462
0.0324354 0.0507136 0.0280711 0.88878
9.9991E-05 0.132868 0.050173 0.816859
9.9991E-05 0.193121 0.0187629 0.788016
9.9991E-05 0.187251 0.0307637 0.781886
9.9991E-05 0.178174 0.0258938 0.795833
9.9991E-05 0.207366 0.0625966 0.729937
9.9991E-05 0.182655 0.0570072 0.760238
9.9991E-05 0.174407 0.0372734 0.788219
0.0139874 0.142881 0.0601403 0.782991
9.9991E-05 0.130802 0.0456931 0.823405
9.998E-05 9.998E-05 9.998E-05 0.9997
9.998E-05 9.998E-05 9.998E-05 0.9997
9.998E-05 9.998E-05 9.998E-05 0.9997
9.998E-05 9.998E-05 9.998E-05 0.9997
9.998E-05 9.998E-05 9.998E-05 0.9997
0.000990127 9.9982E-05 9.9982E-05 0.99881
9.998E-05 9.998E-05 9.998E-05 0.9997
9.998E-05 9.998E-05 9.998E-05 0.9997
9.998E-05 9.998E-05 9.998E-05 0.9997
9.998E-05 9.998E-05 9.998E-05 0.9997
9.998E-05 9.998E-05 9.998E-05 0.9997
9.998E-05 9.998E-05 9.998E-05 0.9997
