9.998E-05 9.998E-05 0.9997 9.998E-05
0.136416 9.9982E-05 0.863384 9.9982E-05
0.0319566 9.9991E-05 0.881444 0.0864991
0.141037 0.260712 0.564736 0.0335153
0.0943169 9.9991E-05 0.76475 0.140833
9.9982E-05 0.172179 0.827621 9.9982E-05
0.0435871 0.00787963 0.852817 0.0957158
0.0411134 0.0535802 0.864045 0.0412618
0.0348097 9.9991E-05 0.64667 0.31842
0.0661848 0.0273827 0.632141 0.274292
0.00895335 0.990847 9.9982E-05 9.9982E-05
9.998E-05 0.9997 9.998E-05 9.998E-05
9.9982E-05 0.786655 0.213145 9.9982E-05
0.0871489 0.784562 0.063053 0.0652361
0.178043 0.772204 0.049653 9.9991E-05
9.998E-05 0.9997 9.998E-05 9.998E-05
9.998E-05 0.9997 9.998E-05 9.998E-05
0.0693137 0.748445 9.9991E-05 0.182141
0.0525714 0.744556 9.9991E-05 0.202773
9.9982E-05 0.928705 0.0710947 9.9982E-05
0.0631541 0.741216 0.0904121 0.105218
0.0493068 0.621984 0.328609 9.9991E-05
9.998E-05 0.9997 9.998E-05 9.998E-05
0.0918281 0.885271 9.9991E-05 0.022801
0.154814 0.844986 9.9982E-05 9.9982E-05
0.138764 0.713093 0.101936 0.0462073
0.0770975 0.631963 9.9991E-05 0.290839
0.338608 0.545425 0.0359011 0.0800663
0.289897 0.666537 0.00499914 0.0385672
0.302379 0.697421 9.9982E-05 9.9982E-05
0.146414 9.9991E-05 0.034326 0.81916
0.0730459 0.109085 0.162807 0.655062
0.0773476 0.196241 9.9991E-05 0.726311
9.9991E-05 0.0701098 0.0139587 0.915832
0.0661834 0.397101 9.9991E-05 0.536615
9.9991E-05 0.0376429 0.0769817 0.885275
9.9991E-05 0.133067 0.252629 0.614204
0.0882629 0.245795 0.0145557 0.651386
9.9982E-05 0.119905 9.9982E-05 0.879895
0.310484 0.242278 0.00716924 0.440069
0.0953362 0.0401432 0.0619298 0.802591
0.395522 0.176744 0.100533 0.327201
0.162421 0.23065 9.9991E-05 0.606829
9.9982E-05 0.21394 9.9982E-05 0.78586
0.190759 0.0351486 9.9991E-05 0.773992
0.0210373 0.0140374 0.0380048 0.926921
0.146477 9.9982E-05 9.9982E-05 0.853323
0.0859578 9.9982E-05 9.9982E-05 0.913842
0.0431567 0.149962 0.120801 0.68608
0.0405972 0.0353386 0.0460147 0.878049
0.160828 9.9982E-05 9.9982E-05 0.838972
9.998E-05 9.998E-05 9.998E-05 0.9997
0.152935 0.00126131 0.00109069 0.844713
0.0690921 0.00266487 9.9991E-05 0.928143
9.998E-05 9.998E-05 9.998E-05 0.9997
0.211876 9.9982E-05 9.9982E-05 0.787924
0.911955 9.9991E-05 0.0620881 0.0258573
0.680172 0.153788 0.0205668 0.145473
0.754215 0.085735 0.0346986 0.125351
0.610553 0.0327846 0.122927 0.233735
0.779376 9.9982E-05 9.9982E-05 0.220424
0.635685 9.9991E-05 0.0746567 0.289558
0.826659 9.9991E-05 0.0567841 0.116457
0.9997 9.998E-05 9.998E-05 9.998E-05
0.866819 0.059411 9.9991E-05 0.0736699
0.953551 0.0178242 9.9991E-05 0.0285249
0.9997 9.998E-05 9.998E-05 9.998E-05
0.980638 0.00593895 9.9991E-05 0.0133228
0.9997 9.998E-05 9.998E-05 9.998E-05
0.959989 9.9982E-05 9.9982E-05 0.0398112
0.901465 9.9982E-05 9.9982E-05 0.0983349
0.590802 9.9991E-05 0.0987185 0.310379
0.985121 9.9991E-05 0.0028688 0.0119106
0.694798 0.0392606 9.9991E-05 0.265841
0.981268 0.0185322 9.9982E-05 9.9982E-05
0.9997 9.998E-05 9.998E-05 9.998E-05
0.701942 0.0937505 0.00469616 0.199611
