9.998E-05 9.998E-05 9.998E-05 0.9997
0.241472 0.0972726 0.113347 0.547909
0.187801 0.085256 0.183096 0.543846
0.414906 9.9991E-05 0.0468359 0.538158
0.641179 9.9991E-05 0.0102981 0.348423
0.466276 9.9991E-05 0.1007 0.432924
0.317278 9.9991E-05 0.0184231 0.664199
0.32969 0.00755291 0.11752 0.545237
0.434458 0.000103788 0.109926 0.455512
9.998E-05 9.998E-05 9.998E-05 0.9997
9.998E-05 9.998E-05 9.998E-05 0.9997
9.998E-05 9.998E-05 9.998E-05 0.9997
9.998E-05 9.998E-05 9.998E-05 0.9997
9.998E-05 9.998E-05 9.998E-05 0.9997
9.998E-05 9.998E-05 9.998E-05 0.9997
0.518275 9.9991E-05 0.0993854 0.382239
0.530178 0.0818495 0.104994 0.282978
0.497527 9.9991E-05 0.0159001 0.486473
0.74294 9.9982E-05 9.9982E-05 0.25686
0.77316 9.9982E-05 9.9982E-05 0.22664
0.638201 9.9982E-05 9.9982E-05 0.361599
0.658969 9.9991E-05 0.0948756 0.246056
0.692725 9.9991E-05 0.0477675 0.259407
0.622946 9.9991E-05 0.0527114 0.324243
0.684048 9.9982E-05 9.9982E-05 0.315752
0.811001 9.9982E-05 9.9982E-05 0.188799
0.676306 9.9991E-05 0.0956859 0.227909
0.607785 9.9991E-05 0.0445808 0.347534
0.687451 9.9991E-05 0.00211024 0.310339
0.594777 9.9991E-05 0.0249096 0.380214
0.635604 0.00664512 9.9991E-05 0.357651
0.752904 9.9991E-05 0.0123196 0.234677
0.720314 9.9991E-05 0.0376168 0.24197
0.690647 9.9991E-05 0.0844121 0.224841
0.70031 0.034588 0.0319489 0.233153
0.624612 9.9982E-05 9.9982E-05 0.375188
0.813034 9.9991E-05 0.00525715 0.181609
0.781824 9.9991E-05 0.0383213 0.179755
0.737934 0.0308219 0.0434954 0.187748
0.795627 0.00083939 9.9991E-05 0.203434
0.752942 0.0492081 0.111359 0.0864911
0.766659 0.0408852 0.102973 0.0894823
0.616695 0.0697752 0.130549 0.182981
0.791482 0.0316737 0.0945325 0.0823118
0.836579 9.9991E-05 0.114634 0.0486867
0.8333 9.9991E-05 0.0794043 0.0871956
0.843185 9.9991E-05 0.0659554 0.0907601
0.823007 9.9991E-05 0.0582301 0.118662
0.786518 9.9991E-05 0.0640989 0.149283
0.676341 0.021363 0.0451446 0.257152
0.798036 9.9991E-05 0.0852307 0.116634
0.82065 9.9991E-05 0.0870427 0.0922068
0.819424 9.9991E-05 0.0821142 0.0983615
0.836876 0.0309485 9.9991E-05 0.132075
0.78466 0.0478044 0.0408681 0.126667
0.805617 0.00161899 0.125968 0.0667967
0.737237 9.9991E-05 0.0756658 0.186997
0.90699 0.00950118 0.0205248 0.0629842
0.804201 9.9991E-05 0.0837488 0.11195
0.840899 9.9991E-05 0.00751252 0.151489
0.869245 9.9991E-05 0.0480057 0.0826498
0.884812 0.0280834 0.00514868 0.0819559
0.753742 0.035718 0.0941428 0.116397
0.848166 0.00749831 0.117548 0.0267876
0.90127 9.9982E-05 9.9982E-05 0.0985304
0.821617 0.00143071 0.128481 0.0484721
0.923441 0.0433234 0.0314782 0.00175759
0.786278 0.0546821 0.112631 0.0464086
0.773899 9.9991E-05 0.0828189 0.143182
0.842599 0.0341743 0.0990133 0.0242131
0.645623 0.0729235 0.147131 0.134322
0.864657 0.0322363 0.0964009 0.00670546
0.784013 9.9991E-05 0.0807553 0.135132
0.879555 9.9991E-05 0.0087915 0.111553
0.901553 9.9991E-05 0.0259011 0.0724456
0.942448 9.9991E-05 0.024633 0.0328191
0.840241 0.0300547 0.11882 0.0108843
0.781798 0.125999 0.0467452 0.0454582
0.859295 0.097023 0.029689 0.0139927
0.827314 0.125556 0.0470299 9.9991E-05
0.849374 0.0814436 0.0690823 9.9991E-05
0.803792 0.126067 0.0700405 9.9991E-05
0.847012 0.117641 0.0352463 9.9991E-05
0.805024 0.137497 9.9991E-05 0.0573782
0.68985 0.198762 0.0277891 0.0835984
0.682252 0.183274 0.108236 0.0262388
0.700505 0.0889119 0.0954788 0.115105
0.826666 0.129062 9.9991E-05 0.044172
0.787742 0.147308 0.0574108 0.00753872
0.759548 0.129144 0.0881816 0.023127
0.699972 0.128644 0.0985298 0.072855
0.706641 0.135094 0.114165 0.0441002
0.658584 0.207067 0.112358 0.0219914
9.998E-05 0.9997 9.998E-05 9.998E-05
9.9991E-05 0.948916 0.0216234 0.029361
0.101227 0.88337 9.9991E-05 0.0153034
9.9982E-05 0.995064 0.00473573 9.9982E-05
9.998E-05 0.9997 9.998E-05 9.998E-05
9.998E-05 0.9997 9.998E-05 9.998E-05
9.998E-05 0.9997 9.998E-05 9.998E-05
0.0189635 0.916292 0.0266256 0.0381186
9.9982E-05 0.988845 0.0109546 9.9982E-05
9.998E-05 0.9997 9.998E-05 9.998E-05
0.828976 0.102603 0.0683215 9.9991E-05
0.0310853 0.968715 9.9982E-05 9.9982E-05
9.998E-05 0.9997 9.998E-05 9.998E-05
0.0470054 0.952795 9.9982E-05 9.9982E-05
0.833285 0.115515 0.0511002 9.9991E-05
0.815504 0.120619 0.0637768 9.9991E-05
0.820024 0.111349 0.0685272 9.9991E-05
0.770524 0.164416 0.0649598 9.9991E-05
0.834024 0.136944 0.0289321 9.9991E-05
0.870297 0.129503 9.9982E-05 9.9982E-05
0.776684 0.181877 0.0413389 9.9991E-05
0.85732 0.14248 9.9982E-05 9.9982E-05
0.65946 0.275867 0.0645737 9.9991E-05
0.742836 0.22297 0.0340934 9.9991E-05
0.813371 0.128501 0.0580279 9.9991E-05
0.724198 0.238843 0.0368589 9.9991E-05
0.844044 0.0719418 0.0839141 9.9991E-05
0.767492 0.163372 0.0690358 9.9991E-05
0.948869 0.0410888 0.00994212 9.9991E-05
0.940942 0.0588575 9.9982E-05 9.9982E-05
0.9997 9.998E-05 9.998E-05 9.998E-05
0.9997 9.998E-05 9.998E-05 9.998E-05
0.967233 0.0325673 9.9982E-05 9.9982E-05
0.944417 0.0553831 9.9982E-05 9.9982E-05
0.975677 0.0241235 9.9982E-05 9.9982E-05
0.9997 9.998E-05 9.998E-05 9.998E-05
0.9997 9.998E-05 9.998E-05 9.998E-05
0.991107 0.00869345 9.9982E-05 9.9982E-05
0.908922 0.0908784 9.9982E-05 9.9982E-05
0.942246 0.0575538 9.9982E-05 9.9982E-05
0.837466 0.0330295 0.129404 9.9991E-05
9.998E-05 9.998E-05 0.9997 9.998E-05
0.737661 0.170728 0.0915115 9.9991E-05
9.998E-05 9.998E-05 0.9997 9.998E-05
9.998E-05 9.998E-05 0.9997 9.998E-05
9.9982E-05 0.00921592 0.990584 9.9982E-05
0.263083 0.000164387 0.736653 9.9991E-05
9.998E-05 9.998E-05 0.9997 9.998E-05
0.149207 0.0215005 0.829192 9.9991E-05
0.00786019 9.9982E-05 0.99194 9.9982E-05
0.0229842 9.9982E-05 0.976816 9.9982E-05
9.998E-05 9.998E-05 0.9997 9.998E-05
9.998E-05 9.998E-05 0.9997 9.998E-05
9.9982E-05 0.0329529 0.966847 9.9982E-05
0.100389 0.055942 0.843569 9.9991E-05
0.0476657 9.9982E-05 0.952134 9.9982E-05
0.172178 9.9982E-05 0.827623 9.9982E-05
0.124575 0.00510948 0.858982 0.0113337
0.0658381 9.9991E-05 0.91001 0.024052
0.0111318 0.0121476 0.966304 0.0104164
0.865812 0.0906385 0.0346448 0.00890443
0.864003 0.089247 0.0259132 0.0208363
0.81912 0.12483 0.0405542 0.0154956
0.818071 0.0887787 0.0482353 0.0449151
0.796284 0.182205 0.0214108 9.9991E-05
0.773023 0.20605 0.0208273 9.9991E-05
0.733697 0.212369 0.0538342 9.9991E-05
0.791355 0.187411 0.0211339 9.9991E-05
0.775096 0.196062 0.0287423 9.9991E-05
0.763543 0.190658 0.0456984 9.9991E-05
0.762365 0.203495 0.0340404 9.9991E-05
0.73742 0.141299 0.102722 0.0185594
0.766856 0.116689 0.0718596 0.0445953
0.9997 9.998E-05 9.998E-05 9.998E-05
0.9997 9.998E-05 9.998E-05 9.998E-05
0.9997 9.998E-05 9.998E-05 9.998E-05
0.9997 9.998E-05 9.998E-05 9.998E-05
0.9997 9.998E-05 9.998E-05 9.998E-05
0.9997 9.998E-05 9.998E-05 9.998E-05
0.9997 9.998E-05 9.998E-05 9.998E-05
0.9997 9.998E-05 9.998E-05 9.998E-05
0.9997 9.998E-05 9.998E-05 9.998E-05
0.9997 9.998E-05 9.998E-05 9.998E-05
0.9997 9.998E-05 9.998E-05 9.998E-05
0.9997 9.998E-05 9.998E-05 9.998E-05
