0.9997 9.998E-05 9.998E-05 9.998E-05
0.584533 0.201774 0.10089 0.112803
0.575619 0.135068 0.172921 0.116393
0.556281 0.439542 0.00407683 9.9991E-05
0.391985 0.580155 0.0128858 0.0149742
0.438819 0.44881 0.09741 0.014961
0.661066 0.305245 0.0335883 9.9991E-05
0.545902 0.35225 0.0903446 0.0115039
0.516287 0.39416 0.0839124 0.00564042
0.9997 9.998E-05 9.998E-05 9.998E-05
0.9997 9.998E-05 9.998E-05 9.998E-05
0.9997 9.998E-05 9.998E-05 9.998E-05
0.9997 9.998E-05 9.998E-05 9.998E-05
0.9997 9.998E-05 9.998E-05 9.998E-05
0.990387 9.9982E-05 0.00941269 9.9982E-05
0.423964 0.564118 0.0118177 9.9991E-05
0.396108 0.448689 0.0951943 0.0600079
0.523055 0.461117 9.9991E-05 0.0157281
0.304245 0.695555 9.9982E-05 9.9982E-05
0.264043 0.735757 9.9982E-05 9.9982E-05
0.393385 0.587962 9.9991E-05 0.0185523
0.267555 0.64088 0.085595 0.00596992
0.291485 0.653058 0.0553573 9.9991E-05
0.358142 0.63049 0.0112681 9.9991E-05
0.336456 0.663344 9.9982E-05 9.9982E-05
0.224173 0.762207 0.0135202 9.9991E-05
0.272502 0.651625 0.0757728 9.9991E-05
0.339421 0.601861 0.0586188 9.9991E-05
0.294658 0.688104 0.0171383 9.9991E-05
0.422241 0.577559 9.9982E-05 9.9982E-05
0.355211 0.644589 9.9982E-05 9.9982E-05
0.26914 0.707369 0.0107249 0.0127654
0.257197 0.675244 0.0630694 0.00448984
0.27317 0.650598 0.0761318 9.9991E-05
0.269166 0.695651 0.0350826 9.9991E-05
0.381826 0.617974 9.9982E-05 9.9982E-05
0.175141 0.774782 0.0499764 9.9991E-05
0.192591 0.766122 0.041187 9.9991E-05
0.21669 0.668564 0.0823363 0.0324098
0.202216 0.796292 9.9991E-05 0.00139196
0.0570613 0.782423 0.0752028 0.0853131
0.0865048 0.778124 0.118018 0.0173527
0.19079 0.635317 0.148362 0.0255307
0.0954424 0.793516 0.0699522 0.0410895
0.0576055 0.871899 0.0703953 9.9991E-05
0.116235 0.802415 0.0812502 9.9991E-05
0.0984599 0.827578 0.0738623 9.9991E-05
0.135849 0.766917 0.0971343 9.9991E-05
0.161454 0.748925 0.0895215 9.9991E-05
0.26206 0.653976 0.0542072 0.0297574
0.188088 0.719681 0.0902777 0.00195272
0.120668 0.783669 0.0955628 9.9991E-05
0.145022 0.794736 0.0601412 9.9991E-05
0.132285 0.854952 0.00778405 0.00497955
0.134195 0.803667 0.00699377 0.0551442
0.110688 0.757749 0.113982 0.0175802
0.190926 0.742288 0.0596269 0.00715892
0.0809898 0.881779 0.0323737 0.00485706
0.132373 0.767313 0.100214 9.9991E-05
0.145887 0.780547 0.0734661 9.9991E-05
0.106955 0.892845 9.9982E-05 9.9982E-05
0.111797 0.79242 0.058349 0.0374343
0.113317 0.747001 0.109476 0.0302054
0.0592458 0.81227 0.096099 0.0323851
0.121102 0.878698 9.9982E-05 9.9982E-05
0.0570662 0.8097 0.123925 0.00930947
0.0367993 0.808811 0.0567356 0.0976539
0.0791362 0.780703 0.0877001 0.052461
0.153984 0.775905 0.0640656 0.00604547
0.0527736 0.81968 0.123393 0.00415395
0.14473 0.674043 0.126489 0.0547379
0.0556217 0.834587 0.0665038 0.0432878
0.162695 0.794589 0.0426168 9.9991E-05
0.13609 0.80005 0.0637607 9.9991E-05
0.10365 0.846739 0.0495113 9.9991E-05
0.0592721 0.907386 0.0210654 0.0122764
0.0377464 0.860615 0.0632562 0.0383824
0.0942518 0.661283 0.073275 0.171191
9.9991E-05 0.877196 0.0363857 0.0863181
9.9991E-05 0.842345 0.0183575 0.139197
0.0184719 0.850362 0.0600384 0.0711278
9.9991E-05 0.858388 0.0465197 0.0949918
9.9991E-05 0.844047 0.046457 0.109396
0.0710945 0.791332 0.0337626 0.103811
0.0375903 0.683271 0.0603122 0.218826
0.0275678 0.69014 0.101661 0.180631
0.13386 0.713887 0.0632184 0.0890349
0.0718849 0.782279 0.00782044 0.138016
0.0197226 0.755668 0.0702997 0.15431
0.0256824 0.759867 0.102041 0.112409
0.102822 0.636531 0.110603 0.150044
0.0722101 0.749738 0.0324531 0.145599
0.0404196 0.656947 0.105145 0.197488
9.998E-05 9.998E-05 9.998E-05 0.9997
0.0330025 9.9991E-05 0.0630409 0.903857
0.0154205 0.187984 9.9991E-05 0.796495
9.998E-05 9.998E-05 9.998E-05 0.9997
9.998E-05 9.998E-05 9.998E-05 0.9997
9.998E-05 9.998E-05 9.998E-05 0.9997
9.998E-05 9.998E-05 9.998E-05 0.9997
0.0218229 0.0696521 0.0131889 0.895336
9.998E-05 9.998E-05 9.998E-05 0.9997
9.998E-05 9.998E-05 9.998E-05 0.9997
9.9991E-05 0.814206 0.0809689 0.104725
9.9982E-05 0.0925792 9.9982E-05 0.907221
9.998E-05 9.998E-05 9.998E-05 0.9997
9.998E-05 9.998E-05 9.998E-05 0.9997
9.9991E-05 0.830014 0.0318841 0.138002
9.9991E-05 0.809212 0.0684438 0.122244
9.9991E-05 0.815756 0.0475312 0.136613
9.9991E-05 0.775265 0.0703822 0.154252
9.9991E-05 0.874994 0.00205251 0.122853
9.9982E-05 0.910009 9.9982E-05 0.0897914
9.9991E-05 0.800153 0.0309983 0.168748
9.9982E-05 0.867878 9.9982E-05 0.131922
9.9991E-05 0.679635 0.07235 0.247915
9.9991E-05 0.722978 0.0622574 0.214665
9.9991E-05 0.823152 0.0528611 0.123887
0.0186482 0.767469 0.0379074 0.175976
9.9991E-05 0.864067 0.0584886 0.0773447
9.9991E-05 0.795595 0.0509466 0.153359
9.998E-05 9.998E-05 0.9997 9.998E-05
9.9991E-05 0.731455 0.105554 0.162891
9.998E-05 9.998E-05 0.9997 9.998E-05
9.998E-05 9.998E-05 0.9997 9.998E-05
9.9982E-05 9.9982E-05 0.977863 0.0219372
0.0103388 0.17069 0.818871 9.9991E-05
9.998E-05 9.998E-05 0.9997 9.998E-05
0.00769672 0.126063 0.866141 9.9991E-05
9.9982E-05 9.9982E-05 0.97057 0.0292305
9.998E-05 9.998E-05 0.9997 9.998E-05
9.998E-05 9.998E-05 0.9997 9.998E-05
0.000933287 9.9982E-05 0.998867 9.9982E-05
9.9982E-05 9.9982E-05 0.991939 0.00786099
9.9991E-05 0.175067 0.785003 0.0398305
0.000391583 0.0533827 0.946126 9.9991E-05
9.9991E-05 0.114205 0.87941 0.00628471
9.9991E-05 0.139687 0.851632 0.0085808
0.00984464 0.0932551 0.8968 9.9991E-05
9.9982E-05 9.9982E-05 0.996195 0.00360454
9.9982E-05 0.974956 9.9982E-05 0.024844
9.9982E-05 0.958011 9.9982E-05 0.0417892
9.998E-05 0.9997 9.998E-05 9.998E-05
9.998E-05 0.9997 9.998E-05 9.998E-05
9.998E-05 0.9997 9.998E-05 9.998E-05
9.9982E-05 0.974652 9.9982E-05 0.0251482
9.9982E-05 0.992378 9.9982E-05 0.00742176
9.9982E-05 0.961251 9.9982E-05 0.0385492
9.998E-05 0.9997 9.998E-05 9.998E-05
9.9982E-05 0.996413 9.9982E-05 0.00338727
9.9991E-05 0.909171 0.00235922 0.0883696
9.9982E-05 0.974504 9.9982E-05 0.0252957
9.9991E-05 0.876048 0.10361 0.0202415
0.0292523 0.860409 0.044869 0.0654697
0.0264109 0.936157 0.0255966 0.0118354
0.0227327 0.790362 0.0593577 0.127548
0.0414587 0.79248 0.064036 0.102025
9.9991E-05 0.83616 0.0237508 0.139989
9.9991E-05 0.817271 0.0186246 0.164004
9.9991E-05 0.806532 0.0421849 0.151183
9.9991E-05 0.821336 0.00506944 0.173495
9.9991E-05 0.817093 0.0170732 0.165734
9.9991E-05 0.794133 0.0604049 0.145362
9.9991E-05 0.781973 0.0516422 0.166285
0.000160265 0.817825 0.110161 0.0718537
9.9991E-05 0.821188 0.0408074 0.137904
9.998E-05 0.9997 9.998E-05 9.998E-05
9.998E-05 0.9997 9.998E-05 9.998E-05
9.998E-05 0.9997 9.998E-05 9.998E-05
9.998E-05 0.9997 9.998E-05 9.998E-05
9.998E-05 0.9997 9.998E-05 9.998E-05
9.998E-05 0.9997 9.998E-05 9.998E-05
9.998E-05 0.9997 9.998E-05 9.998E-05
9.998E-05 0.9997 9.998E-05 9.998E-05
9.998E-05 0.9997 9.998E-05 9.998E-05
9.998E-05 0.9997 9.998E-05 9.998E-05
9.998E-05 0.9997 9.998E-05 9.998E-05
9.998E-05 0.9997 9.998E-05 9.998E-05
