0.9997 9.998E-05 9.998E-05 9.998E-05
0.902181 9.9982E-05 0.0976192 9.9982E-05
0.872898 9.9991E-05 0.0185351 0.108467
0.532366 0.148318 0.0396368 0.279679
0.816633 9.9991E-05 0.0885338 0.0947331
0.966039 0.0337609 9.9982E-05 9.9982E-05
0.906483 0.0473351 0.0460824 9.9991E-05
0.854695 0.0351029 9.9991E-05 0.110102
0.633317 9.9982E-05 9.9982E-05 0.366483
0.677964 0.0369936 0.284942 9.9991E-05
9.9982E-05 0.997297 0.00250308 9.9982E-05
9.998E-05 0.9997 9.998E-05 9.998E-05
0.222973 0.776827 9.9982E-05 9.9982E-05
0.08404 0.788913 0.0328212 0.0942255
0.0727546 0.791165 0.1344 0.00168002
0.0310324 0.968768 9.9982E-05 9.9982E-05
9.998E-05 0.9997 9.998E-05 9.998E-05
9.9991E-05 0.712415 0.189626 0.0978597
9.9991E-05 0.815246 0.0219958 0.162658
0.0776439 0.886603 9.9991E-05 0.0356535
0.116404 0.745998 0.137498 9.9991E-05
0.316021 0.56614 0.0827342 0.0351045
9.998E-05 0.9997 9.998E-05 9.998E-05
0.00893569 0.842405 0.124602 0.0240572
9.9982E-05 0.856765 0.143035 9.9982E-05
0.0817764 0.681817 0.170663 0.0657444
9.9982E-05 0.577388 9.9982E-05 0.422412
0.109134 0.470849 0.320824 0.0991927
0.0525795 0.581511 0.269443 0.0964663
9.9991E-05 0.628652 0.333851 0.0373973
0.0104899 0.000269226 0.25778 0.731461
0.144673 0.0711198 0.0939418 0.690265
9.9991E-05 0.108005 0.123602 0.768293
0.0434275 0.00988817 9.9991E-05 0.946584
9.9991E-05 0.356831 0.0372703 0.605799
0.0686682 9.9991E-05 0.0257848 0.905447
0.340401 0.0623141 9.9991E-05 0.597185
0.0162157 0.218718 0.0118929 0.753173
9.9982E-05 0.0887889 9.9982E-05 0.911011
0.036395 0.149734 0.309924 0.503947
0.0850003 9.9991E-05 0.0501732 0.864726
0.106082 0.104857 0.281225 0.507836
0.0304877 0.108642 0.150523 0.710347
9.9991E-05 0.18834 0.0911162 0.720444
9.9982E-05 0.0687513 9.9982E-05 0.931049
0.00542173 0.0208319 0.0778067 0.89594
9.9982E-05 9.9982E-05 0.226209 0.773591
9.9982E-05 9.9982E-05 0.0773349 0.922465
0.118783 0.0704917 9.9991E-05 0.810625
0.110126 9.9991E-05 0.0511555 0.838618
9.9982E-05 9.9982E-05 0.201663 0.798137
9.9982E-05 0.0124124 9.9982E-05 0.987388
9.9982E-05 9.9982E-05 0.185326 0.814474
9.9982E-05 9.9982E-05 0.140843 0.858957
9.9982E-05 9.9982E-05 0.0855279 0.914272
9.9982E-05 9.9982E-05 0.251473 0.748327
9.9991E-05 0.0178714 0.848239 0.133789
0.0328637 0.120566 0.66286 0.18371
0.0253765 0.0631019 0.728608 0.182913
0.16305 9.9991E-05 0.60276 0.234091
9.9991E-05 0.00348417 0.780848 0.215567
0.08247 9.9991E-05 0.682021 0.235409
0.0142205 9.9991E-05 0.729961 0.255719
9.998E-05 9.998E-05 0.9997 9.998E-05
9.9991E-05 0.0130311 0.922444 0.0644246
9.9982E-05 0.00593353 0.993867 9.9982E-05
9.9991E-05 0.0207016 0.959156 0.0200421
9.9982E-05 0.106261 0.893539 9.9982E-05
9.998E-05 9.998E-05 0.9997 9.998E-05
0.00139559 9.9991E-05 0.939153 0.0593514
9.998E-05 9.998E-05 0.9997 9.998E-05
0.100932 9.9991E-05 0.683988 0.21498
0.00660444 9.9991E-05 0.852352 0.140944
0.0057971 0.0247497 0.758295 0.211158
9.9982E-05 0.00156266 0.998237 9.9982E-05
9.998E-05 9.998E-05 0.9997 9.998E-05
0.0517748 0.00570605 0.689742 0.252777
