9.998E-05 9.998E-05 9.998E-05 0.9997
0.113235 0.183294 0.132521 0.57095
0.124355 0.181152 0.120729 0.573764
9.9982E-05 0.393158 9.9982E-05 0.606642
9.9982E-05 0.63124 9.9982E-05 0.36856
0.084482 0.424346 0.0359877 0.455185
0.0284172 0.290622 9.9991E-05 0.680861
0.119728 0.294631 0.0138419 0.571799
0.10898 0.376593 0.00477183 0.509655
9.998E-05 9.998E-05 9.998E-05 0.9997
9.998E-05 9.998E-05 9.998E-05 0.9997
9.998E-05 9.998E-05 9.998E-05 0.9997
9.998E-05 9.998E-05 9.998E-05 0.9997
9.998E-05 9.998E-05 9.998E-05 0.9997
9.9982E-05 9.9982E-05 0.0206788 0.979121
0.0748469 0.514633 0.0042391 0.406281
0.0814467 0.467543 0.0249397 0.42607
0.0219673 0.391824 9.9991E-05 0.586109
9.9982E-05 0.697016 9.9982E-05 0.302784
9.9982E-05 0.765516 9.9982E-05 0.234284
9.9982E-05 0.565966 9.9982E-05 0.433834
0.108005 0.632191 9.9991E-05 0.259703
0.0168437 0.67886 9.9991E-05 0.304196
0.0176386 0.613088 9.9991E-05 0.369173
9.9982E-05 0.678438 9.9982E-05 0.321362
9.9982E-05 0.791467 9.9982E-05 0.208333
0.070353 0.697383 9.9991E-05 0.232164
0.0533168 0.598585 9.9991E-05 0.347999
0.00912772 0.667749 9.9991E-05 0.323023
9.9982E-05 0.601405 9.9982E-05 0.398395
9.9982E-05 0.593477 9.9982E-05 0.406323
0.0280941 0.685312 9.9991E-05 0.286494
0.0806298 0.626182 0.0352644 0.257924
0.103534 0.605452 9.9991E-05 0.290913
0.0543107 0.663974 9.9991E-05 0.281616
9.9982E-05 0.55416 9.9982E-05 0.44564
0.0190068 0.801332 9.9991E-05 0.179561
0.0467308 0.742917 9.9991E-05 0.210252
0.0483889 0.707591 0.0235596 0.22046
9.9991E-05 0.747057 0.040122 0.212721
0.0972725 0.77564 0.0572574 0.0698299
0.054125 0.844417 0.0214814 0.0799762
0.131422 0.627658 0.0207645 0.220156
0.0646351 0.83133 0.000489591 0.103545
0.108709 0.830005 9.9991E-05 0.061186
0.0646802 0.82868 9.9991E-05 0.10654
0.0717204 0.853824 9.9991E-05 0.0743561
0.0439152 0.82877 9.9991E-05 0.127215
0.0538805 0.786656 9.9991E-05 0.159363
0.0284068 0.655146 0.0435624 0.272885
0.0798827 0.720226 0.0180732 0.181818
0.0726127 0.82111 9.9991E-05 0.106177
0.0908254 0.821748 9.9991E-05 0.0873264
0.00134291 0.852018 0.0228097 0.12383
0.0270414 0.818563 0.0233464 0.131049
0.135094 0.752888 0.00356969 0.108448
0.107094 0.722217 9.9991E-05 0.170589
0.0104282 0.877867 0.000589742 0.111115
0.0765113 0.841307 9.9991E-05 0.0820814
0.0281698 0.832879 9.9991E-05 0.138851
0.0132595 0.862432 9.9991E-05 0.124208
0.0335878 0.851658 0.034166 0.0805884
0.0917722 0.798881 0.0213224 0.0880246
0.101937 0.845997 9.9991E-05 0.0519663
9.9982E-05 0.887936 9.9982E-05 0.111864
0.143303 0.804375 9.9991E-05 0.0522216
0.0320159 0.87502 0.0460368 0.046927
0.0937244 0.778171 0.0419875 0.0861176
0.0550635 0.805701 9.9991E-05 0.139136
0.124261 0.845277 9.9991E-05 0.0303622
0.105558 0.675349 0.0626983 0.156394
0.0809251 0.818525 0.055109 0.0454409
0.0384603 0.804111 9.9991E-05 0.157329
0.0385298 0.822024 9.9991E-05 0.139346
0.020619 0.858526 0.0108223 0.110033
9.9982E-05 0.943826 9.9982E-05 0.055974
0.131662 0.807665 0.0283486 0.032325
0.0846249 0.71349 0.122239 0.0796463
0.0226711 0.892006 0.0852234 9.9991E-05
0.0368823 0.84799 0.115028 9.9991E-05
0.0953622 0.833365 0.0711729 9.9991E-05
0.0309605 0.840848 0.128091 9.9991E-05
0.0499512 0.852335 0.0976139 9.9991E-05
9.9991E-05 0.846141 0.0714128 0.0823464
0.0644312 0.77094 0.163101 0.00152787
0.128894 0.644412 0.187698 0.0389957
0.0938029 0.734351 0.0749836 0.096862
9.9991E-05 0.833047 0.128929 0.037924
0.0294645 0.795596 0.174839 9.9991E-05
0.0949693 0.763614 0.124195 0.0172222
0.0936246 0.663291 0.161019 0.0820647
0.0912564 0.70815 0.137003 0.0635904
0.104118 0.677786 0.199208 0.0188887
9.998E-05 9.998E-05 0.9997 9.998E-05
0.029116 0.0409564 0.918742 0.0111857
9.9982E-05 0.122186 0.877614 9.9982E-05
9.998E-05 9.998E-05 0.9997 9.998E-05
9.998E-05 9.998E-05 0.9997 9.998E-05
9.998E-05 9.998E-05 0.9997 9.998E-05
9.998E-05 9.998E-05 0.9997 9.998E-05
0.0564768 0.0204937 0.904535 0.0184945
9.998E-05 9.998E-05 0.9997 9.998E-05
9.998E-05 9.998E-05 0.9997 9.998E-05
0.0769065 0.809719 0.113275 9.9991E-05
9.9982E-05 0.103945 0.895855 9.9982E-05
9.998E-05 9.998E-05 0.9997 9.998E-05
9.9982E-05 0.0232679 0.976532 9.9982E-05
9.9982E-05 0.865867 0.133933 9.9982E-05
0.0444316 0.847209 0.10826 9.9991E-05
0.0562286 0.832244 0.111427 9.9991E-05
0.0180141 0.837692 0.144194 9.9991E-05
0.0251806 0.848494 0.126226 9.9991E-05
0.0291493 0.880598 0.090153 9.9991E-05
0.0338691 0.770286 0.188191 0.00765443
9.9982E-05 0.883376 0.116424 9.9982E-05
0.0696521 0.679298 0.25095 9.9991E-05
0.0501002 0.719249 0.230551 9.9991E-05
0.0451369 0.835627 0.119136 9.9991E-05
0.0654541 0.719352 0.214953 0.00024012
0.0882485 0.856099 0.0555526 9.9991E-05
0.0547759 0.824353 0.120771 9.9991E-05
9.9982E-05 0.998951 0.000848894 9.9982E-05
9.9982E-05 0.959733 0.0400666 9.9982E-05
9.9982E-05 0.997957 0.00184328 9.9982E-05
9.9982E-05 0.987635 0.0121647 9.9982E-05
0.00608972 0.980372 0.0134379 9.9991E-05
0.0222576 0.915788 0.0618544 9.9991E-05
9.9982E-05 0.967135 0.0326651 9.9982E-05
9.9982E-05 0.950627 0.049173 9.9982E-05
0.0201056 0.96862 0.011174 9.9991E-05
9.9982E-05 0.987641 0.0121586 9.9982E-05
0.0230072 0.866551 0.110342 9.9991E-05
9.9982E-05 0.984775 0.0150251 9.9982E-05
0.0887512 0.911049 9.9982E-05 9.9982E-05
0.9997 9.998E-05 9.998E-05 9.998E-05
0.101302 0.696337 0.202262 9.9991E-05
0.9997 9.998E-05 9.998E-05 9.998E-05
0.9997 9.998E-05 9.998E-05 9.998E-05
0.905273 9.9991E-05 0.0883772 0.00624957
0.797195 0.181263 9.9991E-05 0.0214424
0.9997 9.998E-05 9.998E-05 9.998E-05
0.882317 0.0986863 0.0188966 9.9991E-05
0.991198 9.9982E-05 0.00860184 9.9982E-05
0.9997 9.998E-05 9.998E-05 9.998E-05
0.979593 0.0042408 9.9991E-05 0.0160666
0.9997 9.998E-05 9.998E-05 9.998E-05
0.953746 0.0201994 0.0259548 9.9991E-05
0.812574 0.150581 0.036745 9.9991E-05
0.932129 0.067671 9.9982E-05 9.9982E-05
0.894586 0.0472427 0.0460273 0.0121438
0.869611 0.112601 9.9991E-05 0.0176878
0.871606 0.119548 9.9991E-05 0.00874606
0.929318 0.057196 0.0133862 9.9991E-05
0.0397636 0.845421 0.084953 0.0298627
0.0154767 0.888142 0.043115 0.053266
0.0882485 0.788265 0.102118 0.0213692
0.045315 0.83563 0.0827759 0.0362788
0.00336981 0.850012 0.145798 0.000820083
9.99821E-05 0.801626 0.198174 9.99821E-05
0.0521045 0.755223 0.192573 9.9991E-05
0.0214423 0.764643 0.213814 9.9991E-05
0.0633686 0.742433 0.194098 9.9991E-05
0.0273964 0.731429 0.241075 9.9991E-05
0.0299372 0.77863 0.191333 9.9991E-05
0.0812698 0.772973 0.131027 0.0147304
0.0694175 0.746099 0.152947 0.0315368
9.998E-05 0.9997 9.998E-05 9.998E-05
9.998E-05 0.9997 9.998E-05 9.998E-05
9.998E-05 0.9997 9.998E-05 9.998E-05
9.998E-05 0.9997 9.998E-05 9.998E-05
9.998E-05 0.9997 9.998E-05 9.998E-05
9.998E-05 0.9997 9.998E-05 9.998E-05
9.998E-05 0.9997 9.998E-05 9.998E-05
9.998E-05 0.9997 9.998E-05 9.998E-05
9.998E-05 0.9997 9.998E-05 9.998E-05
9.998E-05 0.9997 9.998E-05 9.998E-05
9.998E-05 0.9997 9.998E-05 9.998E-05
9.998E-05 0.9997 9.998E-05 9.998E-05
