9.998E-05 9.998E-05 9.998E-05 0.9997
0.19741 0.109369 0.102578 0.590643
0.101146 0.10397 0.169219 0.625664
0.394965 9.9991E-05 0.0105206 0.594415
0.607502 9.9982E-05 9.9982E-05 0.392298
0.420143 0.0192699 0.0914868 0.4691
0.28903 9.9991E-05 0.0417858 0.669084
0.329702 0.00852822 0.0826847 0.579085
0.421634 0.0147095 0.0822017 0.481455
9.998E-05 9.998E-05 9.998E-05 0.9997
9.998E-05 9.998E-05 9.998E-05 0.9997
9.998E-05 9.998E-05 9.998E-05 0.9997
9.998E-05 9.998E-05 9.998E-05 0.9997
9.998E-05 9.998E-05 9.998E-05 0.9997
9.998E-05 9.998E-05 9.998E-05 0.9997
0.545731 9.9991E-05 0.00408266 0.450087
0.529392 0.0783189 0.0161198 0.376169
0.433059 9.9991E-05 0.0318672 0.534974
0.726016 9.9982E-05 9.9982E-05 0.273784
0.739471 9.9982E-05 9.9982E-05 0.260329
0.615384 9.9982E-05 9.9982E-05 0.384416
0.682137 9.9991E-05 0.0768261 0.240937
0.675922 9.9991E-05 0.044438 0.27954
0.557582 9.9991E-05 0.0810306 0.361287
0.699716 9.9982E-05 9.9982E-05 0.300084
0.773173 9.9982E-05 9.9982E-05 0.226627
0.666398 9.9991E-05 0.0655827 0.26792
0.574262 9.9991E-05 0.0562881 0.36935
0.641868 0.00296131 0.0398536 0.315318
0.565951 9.9982E-05 9.9982E-05 0.433849
0.628238 9.9982E-05 9.9982E-05 0.371562
0.70749 9.9991E-05 0.0373645 0.255045
0.69922 9.9991E-05 0.0427041 0.257975
0.633567 9.9991E-05 0.0955231 0.27081
0.694456 9.9991E-05 0.055746 0.249698
0.57271 9.9982E-05 9.9982E-05 0.42709
0.814385 9.9991E-05 0.0361618 0.149353
0.779167 9.9991E-05 0.0360278 0.184705
0.700703 0.0383954 0.0578213 0.203081
0.813666 9.9982E-05 9.9982E-05 0.186134
0.822146 0.0302723 0.0768902 0.0706915
0.861919 0.00406302 0.0696507 0.0643676
0.627638 0.0356013 0.119438 0.217323
0.84192 0.00769086 0.0643809 0.086008
0.848563 9.9991E-05 0.083459 0.0678779
0.837294 9.9991E-05 0.0712535 0.0913525
0.893449 9.9991E-05 0.0283385 0.0781125
0.858046 9.9991E-05 0.0423571 0.0994969
0.813855 9.9991E-05 0.0474926 0.138552
0.673563 0.0194096 0.0522085 0.254818
0.761061 0.0073859 0.0753855 0.156168
0.843913 9.9991E-05 0.0605004 0.0954866
0.823266 9.9991E-05 0.0664827 0.110152
0.863934 0.00569828 0.0186998 0.111668
0.829888 0.0221373 0.00892443 0.13905
0.768668 0.0081178 0.135895 0.0873195
0.732112 9.9991E-05 0.108331 0.159457
0.873265 0.00780787 0.0147721 0.104155
0.823644 9.9991E-05 0.062233 0.114023
0.793902 0.00968185 0.043129 0.153287
0.875161 9.9991E-05 0.0262559 0.0984827
0.880251 0.0245627 0.0215465 0.0736396
0.800825 0.0383239 0.078135 0.082716
0.84446 9.9991E-05 0.117879 0.0375604
0.903438 9.9982E-05 9.9982E-05 0.0963623
0.854309 0.00118225 0.11362 0.0308888
0.848503 0.071094 0.0475869 0.0328159
0.847078 0.02945 0.0705549 0.0529171
0.780672 9.9991E-05 0.0614833 0.157744
0.8475 0.0222732 0.0947607 0.0354658
0.687322 0.0451176 0.135121 0.13244
0.846266 0.0415577 0.0897919 0.0223845
0.799243 9.9991E-05 0.0489516 0.151706
0.875337 9.9991E-05 0.0284877 0.0960755
0.839199 9.9991E-05 0.0641643 0.0965369
0.935875 9.9991E-05 0.0144667 0.0495582
0.812823 0.0310016 0.0966991 0.0594766
0.757131 0.121752 0.0433553 0.0777622
0.825431 0.138981 0.0273837 0.00820358
0.818476 0.12891 0.052514 9.9991E-05
0.84929 0.0954314 0.0551791 9.9991E-05
0.851627 0.109663 0.0386098 9.9991E-05
0.823146 0.0822773 0.0944762 9.9991E-05
0.798143 0.11984 0.00156677 0.0804502
0.738492 0.184893 0.057597 0.0190179
0.648661 0.182106 0.138555 0.0306773
0.729343 0.0705694 0.0762077 0.12388
0.869124 0.0964181 9.9991E-05 0.0343583
0.754221 0.159488 0.073023 0.0132684
0.765371 0.0984433 0.121273 0.0149124
0.659849 0.131265 0.114853 0.0940336
0.686635 0.123592 0.115249 0.074525
0.704458 0.182761 0.0956091 0.0171723
9.998E-05 0.9997 9.998E-05 9.998E-05
0.012628 0.942456 0.0150737 0.0298424
0.0765997 0.901368 9.9991E-05 0.0219325
9.998E-05 0.9997 9.998E-05 9.998E-05
9.998E-05 0.9997 9.998E-05 9.998E-05
9.998E-05 0.9997 9.998E-05 9.998E-05
9.9982E-05 0.999681 0.000119388 9.9982E-05
9.9991E-05 0.923751 0.033237 0.0429118
9.998E-05 0.9997 9.998E-05 9.998E-05
9.998E-05 0.9997 9.998E-05 9.998E-05
0.851571 0.0926746 0.0556545 9.9991E-05
0.0610761 0.930812 0.00801199 9.9991E-05
9.998E-05 0.9997 9.998E-05 9.998E-05
9.998E-05 0.9997 9.998E-05 9.998E-05
0.851619 0.136537 0.0117435 9.9991E-05
0.842495 0.112229 0.0451758 9.9991E-05
0.810145 0.0996436 0.0901119 9.9991E-05
0.824526 0.146768 0.028606 9.9991E-05
0.840288 0.121768 0.0378435 9.9991E-05
0.88166 0.0983303 9.9991E-05 0.0199099
0.759614 0.194652 0.0456336 9.9991E-05
0.805476 0.162033 0.032391 9.9991E-05
0.703358 0.222242 0.0742997 9.9991E-05
0.722637 0.219785 0.0574784 9.9991E-05
0.836326 0.108912 0.0546614 9.9991E-05
0.816011 0.183646 0.000242811 9.9991E-05
0.811401 0.111932 0.0765667 9.9991E-05
0.819375 0.119459 0.0610657 9.9991E-05
0.938387 0.0430488 0.018464 9.9991E-05
0.910086 0.0897136 9.9982E-05 9.9982E-05
0.987628 0.012172 9.9982E-05 9.9982E-05
0.9997 9.998E-05 9.998E-05 9.998E-05
0.9806 0.0191996 9.9982E-05 9.9982E-05
0.965687 0.0341133 9.9982E-05 9.9982E-05
0.97571 0.0240905 9.9982E-05 9.9982E-05
0.970699 0.0291008 9.9982E-05 9.9982E-05
0.996118 9.9982E-05 0.0036819 9.9982E-05
0.970397 0.0294034 9.9982E-05 9.9982E-05
0.867698 0.113019 0.0191837 9.9991E-05
0.933351 0.0664487 9.9982E-05 9.9982E-05
0.877068 0.0396554 0.0831762 9.9991E-05
9.998E-05 9.998E-05 0.9997 9.998E-05
0.686959 0.219161 0.0937805 9.9991E-05
9.998E-05 9.998E-05 0.9997 9.998E-05
9.998E-05 9.998E-05 0.9997 9.998E-05
9.9982E-05 0.0293192 0.970481 9.9982E-05
0.201256 0.0514209 0.747223 9.9991E-05
9.998E-05 9.998E-05 0.9997 9.998E-05
0.147705 9.9991E-05 0.844157 0.00803776
9.9982E-05 0.0116097 0.98819 9.9982E-05
0.0146591 9.9982E-05 0.985141 9.9982E-05
9.998E-05 9.998E-05 0.9997 9.998E-05
9.998E-05 9.998E-05 0.9997 9.998E-05
9.9982E-05 0.00267257 0.997127 9.9982E-05
0.183094 0.0268607 0.789945 9.9991E-05
0.0747512 9.9991E-05 0.898086 0.027063
0.0535071 0.0377417 0.908371 0.000380439
0.0734126 0.021605 0.904882 9.9991E-05
0.117427 9.9991E-05 0.863562 0.0189109
0.0537985 9.9991E-05 0.939342 0.00675967
0.814224 0.107237 0.0609742 0.0175654
0.870638 0.0849841 0.0295836 0.0147942
0.826216 0.0920291 0.0695841 0.0121704
0.844523 0.0574067 0.0689571 0.0291134
0.841168 0.124458 0.0342739 9.9991E-05
0.80042 0.182839 0.0166408 9.9991E-05
0.763387 0.191536 0.0449772 9.9991E-05
0.822102 0.17153 0.0062677 9.9991E-05
0.833504 0.142856 0.0235398 9.9991E-05
0.818838 0.151465 0.0295979 9.9991E-05
0.801476 0.192811 0.00561252 9.9991E-05
0.776706 0.115249 0.0751565 0.0328888
0.817579 0.0963739 0.0684075 0.0176395
0.9997 9.998E-05 9.998E-05 9.998E-05
0.9997 9.998E-05 9.998E-05 9.998E-05
0.9997 9.998E-05 9.998E-05 9.998E-05
0.9997 9.998E-05 9.998E-05 9.998E-05
0.9997 9.998E-05 9.998E-05 9.998E-05
0.9997 9.998E-05 9.998E-05 9.998E-05
0.9997 9.998E-05 9.998E-05 9.998E-05
0.9997 9.998E-05 9.998E-05 9.998E-05
0.9997 9.998E-05 9.998E-05 9.998E-05
0.9997 9.998E-05 9.998E-05 9.998E-05
0.9997 9.998E-05 9.998E-05 9.998E-05
0.9997 9.998E-05 9.998E-05 9.998E-05
