9.998E-05 9.998E-05 0.9997 9.998E-05
0.0697449 9.9991E-05 0.751164 0.178992
0.127975 9.9991E-05 0.744632 0.127293
0.0384336 0.0144437 0.794038 0.153085
0.0274376 0.159066 0.624185 0.189312
0.106621 0.0292862 0.712578 0.151515
0.0822203 9.9991E-05 0.900493 0.0171867
0.102425 9.9991E-05 0.718115 0.17936
0.113847 0.0861401 0.668566 0.131446
9.998E-05 9.998E-05 0.9997 9.998E-05
9.998E-05 9.998E-05 0.9997 9.998E-05
9.998E-05 9.998E-05 0.9997 9.998E-05
9.998E-05 9.998E-05 0.9997 9.998E-05
9.998E-05 9.998E-05 0.9997 9.998E-05
9.998E-05 9.998E-05 0.9997 9.998E-05
0.0563202 0.081481 0.633212 0.228986
0.109585 0.0754199 0.49304 0.321955
0.0426592 0.0242979 0.738067 0.194976
0.0357307 0.14446 0.535452 0.284357
0.0708291 0.120703 0.515246 0.293222
9.9991E-05 0.119764 0.625024 0.255113
0.10983 0.0755685 0.467712 0.34689
0.0681189 0.12313 0.5027 0.306052
0.0534264 0.00496612 0.622143 0.319465
0.00508929 0.10908 0.573634 0.312197
0.0689292 0.142428 0.437365 0.351278
0.106574 0.20548 0.468705 0.219241
0.0899972 9.9991E-05 0.610409 0.299494
0.0700547 0.124276 0.513935 0.291734
0.081536 0.0632524 0.652641 0.20257
0.0228659 0.104288 0.607071 0.265775
0.0576581 0.135929 0.501842 0.304571
0.120258 0.108619 0.478048 0.293075
0.125701 0.0764455 0.490694 0.307159
0.091946 0.081929 0.50124 0.324884
0.0332422 0.0889169 0.679614 0.198227
0.0805015 0.135295 0.428265 0.355938
0.124782 0.162289 0.406363 0.306566
0.109151 0.156895 0.395995 0.337959
0.0178832 0.127067 0.421667 0.433383
0.0945087 0.0957035 0.237427 0.572361
0.124573 0.153944 0.278891 0.442592
0.144416 9.9991E-05 0.373269 0.482216
0.125463 0.158914 0.217282 0.498341
0.192328 0.186903 0.250572 0.370196
0.183581 0.173964 0.327912 0.314542
0.138149 0.204582 0.303326 0.353943
0.115877 0.132854 0.33008 0.421189
0.151509 0.170739 0.331418 0.346334
0.0687121 0.0838691 0.463363 0.384056
0.117283 0.135952 0.327397 0.419368
0.159727 0.151329 0.309676 0.379268
0.153573 0.149858 0.323022 0.373547
0.0521395 0.170582 0.297696 0.479582
0.0697058 0.135027 0.285858 0.509409
0.177209 0.0806544 0.289034 0.453102
0.13057 0.206663 0.350019 0.312747
0.0728693 0.185321 0.291707 0.450103
0.164181 0.218415 0.336418 0.280987
0.0738264 0.206469 0.340827 0.378878
0.0516123 0.26949 0.320371 0.358527
0.0297063 0.110569 0.234777 0.624947
0.131694 0.135294 0.261096 0.471916
0.156077 0.120188 0.156602 0.567133
0.0290474 0.130526 0.340331 0.500096
0.182496 0.11192 0.207549 0.498035
0.0898001 0.129394 0.189996 0.59081
0.135939 0.0532135 0.239662 0.571185
0.115331 0.135026 0.345853 0.40379
0.154594 0.0652717 0.18529 0.594845
0.149758 0.0667326 0.281987 0.501523
0.113722 0.166857 0.19333 0.526091
0.0884357 0.250976 0.294815 0.365773
0.130067 0.225724 0.28809 0.356119
0.0810751 0.154405 0.225943 0.538578
0.0662842 0.243957 0.217199 0.47256
0.148903 0.0962614 0.176439 0.578397
0.113397 0.0602531 0.177567 0.648783
0.0841177 0.108725 0.0803628 0.726794
0.0547142 0.160372 0.0485373 0.736377
0.0973253 0.195908 0.0920234 0.614743
0.101682 0.139695 0.0564603 0.702163
0.101063 0.123377 0.0756534 0.699906
0.0634315 0.142731 0.157444 0.636394
0.0530271 0.0798398 0.139524 0.727609
0.108891 0.078409 0.0897721 0.722927
0.110125 0.09183 0.248668 0.549377
0.0536314 0.115169 0.172969 0.658231
0.093288 0.18217 0.110038 0.614504
0.130279 0.18188 0.106525 0.581316
0.0705024 0.0312487 0.192492 0.705757
0.0958343 0.0296418 0.189123 0.6854
0.12164 0.238815 0.107974 0.531572
9.998E-05 9.998E-05 9.998E-05 0.9997
9.998E-05 9.998E-05 9.998E-05 0.9997
9.998E-05 9.998E-05 9.998E-05 0.9997
9.998E-05 9.998E-05 9.998E-05 0.9997
9.998E-05 9.998E-05 9.998E-05 0.9997
9.998E-05 9.998E-05 9.998E-05 0.9997
9.998E-05 9.998E-05 9.998E-05 0.9997
9.998E-05 9.998E-05 9.998E-05 0.9997
9.998E-05 9.998E-05 9.998E-05 0.9997
9.998E-05 9.998E-05 9.998E-05 0.9997
0.111792 0.141734 0.0635064 0.682967
9.998E-05 9.998E-05 9.998E-05 0.9997
9.998E-05 9.998E-05 9.998E-05 0.9997
9.998E-05 9.998E-05 9.998E-05 0.9997
0.0726501 0.177385 0.0191084 0.730857
0.100867 0.152126 0.0226575 0.724349
0.0832118 0.156141 0.0330121 0.727635
0.0932303 0.179995 0.027466 0.699309
0.0924942 0.111263 0.0170242 0.779218
0.0391179 0.115282 0.120626 0.724975
0.0667086 0.0998704 0.0880579 0.745363
0.0293079 0.129699 0.0180001 0.822992
0.0848046 0.0996149 0.059804 0.755777
0.0643016 0.0808724 0.0721491 0.782677
0.111748 0.148441 0.080187 0.659624
0.0653628 0.0647017 0.118799 0.751136
0.100581 0.236499 0.0938301 0.569089
0.0694873 0.153308 0.070894 0.70631
0.9997 9.998E-05 9.998E-05 9.998E-05
0.119727 0.122712 0.0513703 0.70619
0.9997 9.998E-05 9.998E-05 9.998E-05
0.9997 9.998E-05 9.998E-05 9.998E-05
0.971844 9.9991E-05 0.00361369 0.0244423
0.796308 9.9991E-05 0.0186638 0.184928
0.9997 9.998E-05 9.998E-05 9.998E-05
0.851351 9.9982E-05 9.9982E-05 0.148449
0.9997 9.998E-05 9.998E-05 9.998E-05
0.978116 9.9982E-05 9.9982E-05 0.0216845
0.9997 9.998E-05 9.998E-05 9.998E-05
0.992527 0.00727349 9.9982E-05 9.9982E-05
0.982398 9.9982E-05 9.9982E-05 0.017402
0.823056 0.036473 9.9991E-05 0.140371
0.971302 9.9991E-05 0.0213624 0.0072354
0.899639 9.9991E-05 0.0118379 0.0884231
0.920679 0.0440607 0.00725325 0.0280067
0.917684 0.0626698 0.00579353 0.0138528
0.956804 9.9982E-05 9.9982E-05 0.042996
0.0358539 0.0368384 9.9991E-05 0.927208
9.9982E-05 0.0992283 9.9982E-05 0.900572
9.9982E-05 0.0308698 9.9982E-05 0.96893
9.9982E-05 0.0805996 9.9982E-05 0.9192
9.9982E-05 0.0211843 9.9982E-05 0.978616
9.998E-05 9.998E-05 9.998E-05 0.9997
9.998E-05 9.998E-05 9.998E-05 0.9997
9.9991E-05 0.0564938 0.106381 0.837025
0.0217909 0.0539573 9.9991E-05 0.924152
9.9982E-05 0.0279274 9.9982E-05 0.971873
9.9982E-05 0.00404693 9.9982E-05 0.995753
9.9982E-05 0.0324237 9.9982E-05 0.967376
0.117431 0.045472 9.9991E-05 0.836997
0.0777833 0.413494 0.0983631 0.41036
0.0917664 0.356713 0.0814518 0.470069
0.0958918 0.368654 0.0940894 0.441364
0.100725 0.365435 0.120731 0.413109
0.0197916 0.211746 0.0564591 0.712004
0.0597087 0.356416 9.9991E-05 0.583775
0.0742311 0.305111 0.0101978 0.61046
0.0530427 0.288252 9.9991E-05 0.658606
0.049692 0.304406 9.9991E-05 0.645802
0.0726923 0.315851 9.9991E-05 0.611357
0.0409189 0.307152 0.00549921 0.64643
0.0302879 0.22847 0.0748503 0.666392
0.0636712 0.286397 0.0363812 0.61355
9.998E-05 0.9997 9.998E-05 9.998E-05
9.998E-05 0.9997 9.998E-05 9.998E-05
9.998E-05 0.9997 9.998E-05 9.998E-05
9.998E-05 0.9997 9.998E-05 9.998E-05
9.998E-05 0.9997 9.998E-05 9.998E-05
0.00434093 0.977611 9.9991E-05 0.0179478
9.998E-05 0.9997 9.998E-05 9.998E-05
9.998E-05 0.9997 9.998E-05 9.998E-05
9.998E-05 0.9997 9.998E-05 9.998E-05
0.00499465 0.994805 9.9982E-05 9.9982E-05
9.998E-05 0.9997 9.998E-05 9.998E-05
9.998E-05 0.9997 9.998E-05 9.998E-05
