9.998E-05 9.998E-05 9.998E-05 0.9997
0.0988448 0.0858129 0.242559 0.572784
0.18404 0.0717471 0.174499 0.569714
9.999E-05 0.0179262 0.401751 0.580223
9.9982E-05 9.9982E-05 0.637332 0.362468
0.0423414 0.0395516 0.515745 0.402362
0.0544146 9.9991E-05 0.308356 0.637129
0.11664 0.00527618 0.346447 0.531637
0.0673642 0.0249074 0.422476 0.485252
9.998E-05 9.998E-05 9.998E-05 0.9997
9.998E-05 9.998E-05 9.998E-05 0.9997
9.998E-05 9.998E-05 9.998E-05 0.9997
9.998E-05 9.998E-05 9.998E-05 0.9997
9.998E-05 9.998E-05 9.998E-05 0.9997
9.998E-05 9.998E-05 9.998E-05 0.9997
0.0913997 9.9991E-05 0.5305 0.378
0.121073 0.0219031 0.489234 0.36779
0.0107602 0.01042 0.464639 0.514181
9.9982E-05 9.9982E-05 0.709725 0.290075
9.9982E-05 9.9982E-05 0.752782 0.247018
9.9991E-05 0.0134693 0.648077 0.338354
0.0823105 9.9991E-05 0.671787 0.245803
0.0367144 9.9991E-05 0.6745 0.288686
0.0176575 9.9991E-05 0.63551 0.346733
9.9982E-05 9.9982E-05 0.689088 0.310712
9.9982E-05 9.9982E-05 0.788304 0.211496
0.0675348 9.9991E-05 0.692654 0.239711
0.0662444 9.9991E-05 0.609229 0.324426
0.017723 9.9991E-05 0.683563 0.298614
9.9982E-05 9.9982E-05 0.631317 0.368483
9.9982E-05 9.9982E-05 0.633051 0.366749
9.9991E-05 0.00415259 0.78108 0.214667
0.0396944 9.9991E-05 0.71436 0.245846
0.0684595 0.00455798 0.670266 0.256716
0.0837879 9.9991E-05 0.664596 0.251516
9.9982E-05 9.9982E-05 0.593176 0.406624
0.0122781 9.9991E-05 0.818051 0.169571
0.00197513 0.00459839 0.823581 0.169845
0.055902 0.0311716 0.721296 0.19163
9.9991E-05 0.0100756 0.794357 0.195467
0.0784196 0.0353688 0.831176 0.0550357
0.13239 9.9991E-05 0.810751 0.0567591
0.14436 0.0489309 0.622661 0.184048
0.0959845 0.0178455 0.822062 0.0641084
0.0774694 9.9991E-05 0.853755 0.0686757
0.0522544 9.9991E-05 0.835231 0.112414
0.0722543 9.9991E-05 0.838962 0.0886835
0.0598665 9.9991E-05 0.828332 0.111701
0.0385665 9.9991E-05 0.818015 0.143319
0.0264065 0.0362181 0.696168 0.241207
0.0680037 0.0429549 0.752919 0.136122
0.068779 9.9991E-05 0.824078 0.107043
0.0684779 9.9991E-05 0.851369 0.0800528
0.00138847 0.0292353 0.869379 0.0999974
0.0043781 0.0368483 0.807442 0.151331
0.104987 0.0447837 0.728417 0.121812
0.084828 9.9991E-05 0.764549 0.150523
9.9991E-05 0.03912 0.887017 0.0737632
0.0688544 9.9991E-05 0.854807 0.0762389
0.0329939 9.9991E-05 0.81604 0.150866
9.9982E-05 9.9982E-05 0.897709 0.102091
0.0541045 0.0180044 0.844877 0.0830146
0.109547 0.030137 0.806492 0.0538241
0.0821616 0.0211259 0.863886 0.0328269
9.9991E-05 0.00236919 0.897752 0.0997792
0.131013 9.9991E-05 0.816454 0.0524323
0.0282222 0.0434138 0.908175 0.0201886
0.0864096 0.0473933 0.807038 0.0591587
0.0471913 9.9991E-05 0.822403 0.130305
0.0913489 9.9991E-05 0.864042 0.0445094
0.0821164 0.105693 0.649601 0.16259
0.0804389 0.0248831 0.860028 0.0346497
0.0579909 9.9991E-05 0.783813 0.158096
0.0290361 9.9991E-05 0.855205 0.115659
0.0461546 9.9991E-05 0.886759 0.0669863
9.9982E-05 9.9982E-05 0.96344 0.0363597
0.0941061 0.0412559 0.859601 0.00503667
0.0616944 0.132407 0.705701 0.100197
0.0589601 0.133199 0.807741 9.9991E-05
0.0294621 0.14033 0.830108 9.9991E-05
0.0692594 0.07614 0.823418 0.0311829
0.0766419 0.126742 0.796516 9.9991E-05
0.0602493 0.0785252 0.861125 9.9991E-05
0.000751382 0.101183 0.855965 0.0421007
0.0909982 0.169238 0.73214 0.00762367
0.122429 0.209562 0.644564 0.0234451
0.089619 0.0718364 0.746644 0.091901
9.9991E-05 0.116629 0.836631 0.0466402
0.0622209 0.136365 0.801314 9.9991E-05
0.12188 0.115349 0.744349 0.0184227
0.111833 0.154767 0.653294 0.0801055
0.0883346 0.117419 0.730169 0.0640775
0.0862164 0.17178 0.721509 0.0204947
9.998E-05 0.9997 9.998E-05 9.998E-05
9.9991E-05 0.946737 0.0280135 0.02515
9.9991E-05 0.875837 0.0917236 0.0323394
9.998E-05 0.9997 9.998E-05 9.998E-05
9.998E-05 0.9997 9.998E-05 9.998E-05
9.998E-05 0.9997 9.998E-05 9.998E-05
0.000805558 0.998994 9.9982E-05 9.9982E-05
0.00898195 0.862902 0.128016 9.9991E-05
9.998E-05 0.9997 9.998E-05 9.998E-05
9.998E-05 0.9997 9.998E-05 9.998E-05
0.0832772 0.113767 0.802856 9.9991E-05
0.00700208 0.877295 0.115603 9.9991E-05
9.998E-05 0.9997 9.998E-05 9.998E-05
9.998E-05 0.9997 9.998E-05 9.998E-05
0.0147285 0.104216 0.880956 9.9991E-05
0.057467 0.116186 0.826247 9.9991E-05
0.0589663 0.136653 0.804281 9.9991E-05
0.0489445 0.150582 0.800373 9.9991E-05
0.0131288 0.123071 0.8637 9.9991E-05
0.0153164 0.104848 0.868165 0.0116713
0.00749781 0.144517 0.815223 0.0327616
9.9982E-05 0.147328 0.852472 9.9982E-05
0.0577512 0.19632 0.745828 9.9991E-05
0.0636363 0.220531 0.715732 9.9991E-05
0.0652493 0.113142 0.821508 9.9991E-05
0.0255009 0.197708 0.776692 9.9991E-05
0.0760881 0.0762645 0.847547 9.9991E-05
0.0556633 0.14222 0.802016 9.9991E-05
9.9982E-05 0.0128631 0.986937 9.9982E-05
0.0644277 0.0534929 0.881979 9.9991E-05
9.9982E-05 0.00469123 0.995109 9.9982E-05
9.9982E-05 0.00850411 0.991296 9.9982E-05
9.9982E-05 0.0213529 0.978447 9.9982E-05
0.0077855 0.0359042 0.95621 9.9991E-05
9.9982E-05 0.00856621 0.991234 9.9982E-05
0.00123194 0.0342102 0.964458 9.9991E-05
0.0482692 9.9982E-05 0.951531 9.9982E-05
9.9982E-05 0.0505994 0.949201 9.9982E-05
0.0193376 0.10356 0.877002 9.9991E-05
9.9982E-05 0.035617 0.964183 9.9982E-05
0.10194 0.0376325 0.860327 9.9991E-05
0.9997 9.998E-05 9.998E-05 9.998E-05
0.126357 0.197899 0.675644 9.9991E-05
0.9997 9.998E-05 9.998E-05 9.998E-05
0.9997 9.998E-05 9.998E-05 9.998E-05
0.957418 0.0169135 9.9991E-05 0.0255683
0.829066 9.9982E-05 0.170734 9.9982E-05
0.9997 9.998E-05 9.998E-05 9.998E-05
0.92415 9.9982E-05 0.0756499 9.9982E-05
0.989806 0.00999426 9.9982E-05 9.9982E-05
0.980015 9.9982E-05 0.0197847 9.9982E-05
0.993074 0.00172587 0.00510052 9.9991E-05
0.990037 9.9982E-05 0.00976318 9.9982E-05
0.982323 9.9982E-05 0.0174767 9.9982E-05
0.803163 0.0285347 0.164634 0.00366792
0.954369 9.9991E-05 0.00795889 0.037572
0.88536 0.015773 0.098767 9.9991E-05
0.917303 9.9982E-05 0.0824973 9.9982E-05
0.899493 9.9991E-05 0.0757917 0.0246156
0.958393 0.0307222 0.010785 9.9991E-05
0.0370036 0.0792105 0.870927 0.0128587
9.9991E-05 0.093401 0.868402 0.0380968
0.062044 0.108236 0.810712 0.0190085
0.0671829 0.0863025 0.802554 0.0439604
0.0438501 0.181153 0.774633 0.000363966
0.0221846 0.211484 0.766231 9.9991E-05
0.045986 0.188933 0.764981 9.9991E-05
0.0203601 0.201884 0.777656 9.9991E-05
0.0301672 0.214874 0.754858 9.9991E-05
0.0134059 0.192475 0.794019 9.9991E-05
0.0203276 0.19045 0.789123 9.9991E-05
0.0626296 0.122735 0.808427 0.00620849
0.0365432 0.168082 0.795275 9.9991E-05
9.998E-05 9.998E-05 0.9997 9.998E-05
9.998E-05 9.998E-05 0.9997 9.998E-05
9.998E-05 9.998E-05 0.9997 9.998E-05
9.998E-05 9.998E-05 0.9997 9.998E-05
9.998E-05 9.998E-05 0.9997 9.998E-05
9.998E-05 9.998E-05 0.9997 9.998E-05
9.998E-05 9.998E-05 0.9997 9.998E-05
9.998E-05 9.998E-05 0.9997 9.998E-05
9.998E-05 9.998E-05 0.9997 9.998E-05
9.998E-05 9.998E-05 0.9997 9.998E-05
9.998E-05 9.998E-05 0.9997 9.998E-05
9.998E-05 9.998E-05 0.9997 9.998E-05
