9.998E-05 0.9997 9.998E-05 9.998E-05
0.168259 0.58042 0.103662 0.147659
0.123313 0.575767 0.169405 0.131515
0.421497 0.56911 0.00929353 9.9991E-05
0.638602 0.361198 9.9982E-05 9.9982E-05
0.462523 0.477594 0.0568977 0.0029844
0.249211 0.683611 0.0670778 9.9991E-05
0.302858 0.562875 0.0917748 0.0424919
0.340989 0.520012 0.0992789 0.0397199
9.998E-05 0.9997 9.998E-05 9.998E-05
9.998E-05 0.9997 9.998E-05 9.998E-05
9.998E-05 0.9997 9.998E-05 9.998E-05
9.998E-05 0.9997 9.998E-05 9.998E-05
9.998E-05 0.9997 9.998E-05 9.998E-05
9.998E-05 0.9997 9.998E-05 9.998E-05
0.515949 0.436983 0.0469677 9.9991E-05
0.536666 0.381688 0.0298777 0.0517677
0.474597 0.501816 0.0053207 0.0182661
0.685103 0.294456 9.9991E-05 0.0203412
0.722154 0.277646 9.9982E-05 9.9982E-05
0.597003 0.402797 9.9982E-05 9.9982E-05
0.616864 0.282848 0.100188 9.9991E-05
0.678298 0.289788 0.0318145 9.9991E-05
0.610716 0.354903 0.0342808 9.9991E-05
0.697708 0.302092 9.9982E-05 9.9982E-05
0.777288 0.222512 9.9982E-05 9.9982E-05
0.676332 0.230063 0.0935055 9.9991E-05
0.577497 0.371496 0.050907 9.9991E-05
0.649907 0.334678 0.0119635 0.00345182
0.566501 0.433299 9.9982E-05 9.9982E-05
0.606871 0.38111 9.9991E-05 0.0119196
0.722086 0.259305 0.0185086 9.9991E-05
0.684686 0.250616 0.0645977 9.9991E-05
0.624365 0.266925 0.0926605 0.0160499
0.673243 0.281871 0.0447856 9.9991E-05
0.587531 0.412269 9.9982E-05 9.9982E-05
0.802821 0.180134 0.0169447 9.9991E-05
0.77095 0.19742 0.0315297 9.9991E-05
0.677553 0.212813 0.0707284 0.0389052
0.778099 0.217945 9.9991E-05 0.00385688
0.741404 0.0825446 0.126658 0.0493936
0.824882 0.0649309 0.110087 9.9991E-05
0.595645 0.212177 0.12883 0.0633483
0.825057 0.0871588 0.0876845 9.9991E-05
0.852607 0.0518045 0.0954882 9.9991E-05
0.797978 0.114565 0.0873568 9.9991E-05
0.841429 0.0833917 0.0750795 9.9991E-05
0.827559 0.125967 0.0463735 9.9991E-05
0.754264 0.172873 0.0727624 9.9991E-05
0.66038 0.260954 0.0515741 0.0270919
0.764283 0.159961 0.068766 0.00699008
0.779845 0.107402 0.112653 9.9991E-05
0.813018 0.128684 0.0581976 9.9991E-05
0.847872 0.109144 0.0245124 0.0184717
0.803089 0.122683 0.0286793 0.0455484
0.73119 0.105054 0.145433 0.0183227
0.706532 0.191941 0.0951015 0.00642529
0.891028 0.0983391 9.9991E-05 0.0105333
0.78956 0.111798 0.0985423 9.9991E-05
0.795024 0.186825 0.0180509 9.9991E-05
0.846901 0.100613 0.0523861 9.9991E-05
0.791335 0.0817665 0.0390854 0.0878127
0.812315 0.0691804 0.0910114 0.0274931
0.885042 0.01528 0.0815076 0.0181702
0.908905 0.0908955 9.9982E-05 9.9982E-05
0.832062 0.043171 0.11807 0.00669718
0.824585 0.0426483 0.0568957 0.0758709
0.844906 0.0384953 0.0940543 0.0225445
0.808673 0.13662 0.0524438 0.00226278
0.862732 0.00838515 0.12298 0.00590266
0.677436 0.146631 0.126911 0.0490214
0.857998 0.03287 0.0826349 0.0264973
0.779648 0.168167 0.0520851 9.9991E-05
0.816525 0.131447 0.0519286 9.9991E-05
0.848498 0.0866139 0.0647877 9.9991E-05
0.919639 0.0689218 0.0113396 9.9991E-05
0.84314 0.00964867 0.101455 0.0457567
0.710977 0.0609448 0.0402923 0.187786
0.806717 9.9991E-05 0.0897959 0.103387
0.840563 9.9991E-05 0.0244525 0.134885
0.850914 0.0038346 0.0715636 0.0736875
0.813924 9.9991E-05 0.0435331 0.142443
0.834931 9.9991E-05 0.0606331 0.104336
0.86906 0.0459422 9.9991E-05 0.0848978
0.726219 0.0311744 0.0505579 0.192049
0.668805 0.0426183 0.131761 0.156816
0.709938 0.110922 0.0905785 0.0885613
0.782288 0.0492734 0.0189405 0.149498
0.78896 0.022349 0.0672415 0.12145
0.754563 0.0238011 0.128741 0.092895
0.729065 0.0697365 0.0924326 0.108766
0.694965 0.0851274 0.0961283 0.123779
0.675375 0.0410311 0.0713507 0.212243
9.998E-05 9.998E-05 9.998E-05 0.9997
9.99875E-05 9.99875E-05 0.0122297 0.98757
0.107597 0.0311992 9.9991E-05 0.861104
9.998E-05 9.998E-05 9.998E-05 0.9997
9.998E-05 9.998E-05 9.998E-05 0.9997
9.998E-05 9.998E-05 9.998E-05 0.9997
9.998E-05 9.998E-05 9.998E-05 0.9997
0.0389752 9.9982E-05 9.9982E-05 0.960825
9.998E-05 9.998E-05 9.998E-05 0.9997
9.998E-05 9.998E-05 9.998E-05 0.9997
0.830784 9.9991E-05 0.0647934 0.104322
0.0538993 9.9991E-05 0.00978532 0.936215
9.998E-05 9.998E-05 9.998E-05 0.9997
0.0102787 9.9982E-05 9.9982E-05 0.989521
0.818925 9.9991E-05 0.0527774 0.128198
0.786115 9.9991E-05 0.0486432 0.165142
0.808259 9.9991E-05 0.0499366 0.141704
0.76708 9.9991E-05 0.0447693 0.18805
0.84142 9.9991E-05 0.0394887 0.118991
0.892108 9.9991E-05 0.0281005 0.0796913
0.78197 9.9991E-05 0.0526787 0.165251
0.821988 9.9991E-05 0.0261545 0.151757
0.698066 9.9991E-05 0.103625 0.19821
0.730209 9.9991E-05 0.0546893 0.215001
0.809087 0.0298066 0.0757903 0.0853163
0.729834 0.00340218 0.0633385 0.203426
0.820131 9.9991E-05 0.118515 0.061254
0.819165 9.9991E-05 0.0246803 0.156054
0.9997 9.998E-05 9.998E-05 9.998E-05
0.943029 9.9982E-05 9.9982E-05 0.0567713
0.983849 9.9982E-05 9.9982E-05 0.0159515
0.995694 9.9982E-05 9.9982E-05 0.00410606
0.970973 9.9982E-05 9.9982E-05 0.0288273
0.965142 9.9982E-05 9.9982E-05 0.0346576
0.962557 9.9982E-05 9.9982E-05 0.037243
0.950405 9.9982E-05 9.9982E-05 0.0493951
0.963968 9.9982E-05 0.035832 9.9982E-05
0.986551 9.9982E-05 9.9982E-05 0.0132485
0.857045 9.9982E-05 9.9982E-05 0.142755
0.970496 9.9982E-05 9.9982E-05 0.0293041
0.892185 9.9991E-05 0.0862674 0.0214479
9.998E-05 9.998E-05 0.9997 9.998E-05
0.698959 9.9991E-05 0.102336 0.198605
9.998E-05 9.998E-05 0.9997 9.998E-05
9.998E-05 9.998E-05 0.9997 9.998E-05
9.9982E-05 9.9982E-05 0.997329 0.00247084
0.205795 9.9982E-05 0.794005 9.9982E-05
9.9982E-05 0.00021595 0.999584 9.9982E-05
0.104272 9.9991E-05 0.883851 0.0117766
9.998E-05 9.998E-05 0.9997 9.998E-05
0.0781633 9.9982E-05 0.921637 9.9982E-05
9.998E-05 9.998E-05 0.9997 9.998E-05
9.9991E-05 0.0235772 0.959527 0.0167955
9.9982E-05 9.9982E-05 0.980382 0.0194177
0.138533 9.9991E-05 0.781097 0.08027
0.0397638 0.0180267 0.923506 0.0187037
0.0561457 0.0184833 0.888227 0.0371435
0.129006 0.00421236 0.845122 0.0216599
0.136007 0.0188874 0.845006 9.9991E-05
0.0789685 9.9982E-05 0.920832 9.9982E-05
0.868129 0.0258429 0.0464427 0.0595858
0.869123 0.0548748 0.0510372 0.0249654
0.844616 0.0427258 0.0420018 0.0706567
0.842092 0.0511426 0.0464436 0.0603217
0.785284 9.9991E-05 0.0262188 0.188397
0.79855 9.9991E-05 0.00806906 0.193281
0.787804 9.9991E-05 0.0390415 0.173055
0.777568 9.9991E-05 0.0257452 0.196587
0.804745 9.9991E-05 0.0193261 0.175829
0.801654 9.9991E-05 0.0225309 0.175715
0.80657 9.9982E-05 9.9982E-05 0.19323
0.740706 0.0602122 0.0333855 0.165696
0.854393 9.9991E-05 0.0234774 0.12203
0.9997 9.998E-05 9.998E-05 9.998E-05
0.9997 9.998E-05 9.998E-05 9.998E-05
0.9997 9.998E-05 9.998E-05 9.998E-05
0.9997 9.998E-05 9.998E-05 9.998E-05
0.9997 9.998E-05 9.998E-05 9.998E-05
0.9997 9.998E-05 9.998E-05 9.998E-05
0.9997 9.998E-05 9.998E-05 9.998E-05
0.9997 9.998E-05 9.998E-05 9.998E-05
0.9997 9.998E-05 9.998E-05 9.998E-05
0.9997 9.998E-05 9.998E-05 9.998E-05
0.9997 9.998E-05 9.998E-05 9.998E-05
0.9997 9.998E-05 9.998E-05 9.998E-05
