0.9997 9.998E-05 9.998E-05 9.998E-05
0.576778 0.104142 0.11054 0.20854
0.608282 0.155201 0.107329 0.129188
0.576121 9.9982E-05 9.9982E-05 0.423679
0.380848 0.0132405 9.9991E-05 0.605811
0.437931 0.071628 0.00820042 0.48224
0.658128 0.0326183 9.9991E-05 0.309153
0.574449 0.123492 0.0113456 0.290714
0.511466 0.0713326 0.0451521 0.37205
0.9997 9.998E-05 9.998E-05 9.998E-05
0.9997 9.998E-05 9.998E-05 9.998E-05
0.9997 9.998E-05 9.998E-05 9.998E-05
0.9997 9.998E-05 9.998E-05 9.998E-05
0.976879 9.9982E-05 9.9982E-05 0.0229206
0.9997 9.998E-05 9.998E-05 9.998E-05
0.4334 0.0927204 0.00297887 0.470901
0.35908 0.0855841 0.0565513 0.498785
0.47124 0.00520754 9.9991E-05 0.523452
0.255335 9.9982E-05 9.9982E-05 0.744465
0.238404 9.9982E-05 9.9982E-05 0.761396
0.330417 9.9991E-05 0.00702235 0.662461
0.250823 0.0627937 9.9991E-05 0.686283
0.271043 0.0366941 9.9991E-05 0.692163
0.297281 0.053779 9.9991E-05 0.64884
0.298107 9.9982E-05 9.9982E-05 0.701693
0.23236 9.9982E-05 9.9982E-05 0.76744
0.210138 0.0377558 9.9991E-05 0.752007
0.330747 0.0768687 9.9991E-05 0.592285
0.318348 0.030724 9.9991E-05 0.650828
0.402446 9.9982E-05 9.9982E-05 0.597354
0.347764 9.9982E-05 9.9982E-05 0.652036
0.250802 0.018652 9.9991E-05 0.730446
0.248544 0.0703857 9.9991E-05 0.68097
0.266403 0.0555541 9.9991E-05 0.677943
0.248056 0.0697816 9.9991E-05 0.682063
0.441022 9.9982E-05 9.9982E-05 0.558778
0.183318 0.0429812 9.9991E-05 0.773601
0.179207 0.0309587 9.9991E-05 0.789734
0.201131 0.0736164 0.0329668 0.692286
0.184629 9.9991E-05 0.000273505 0.814997
0.0782825 0.0978321 0.072707 0.751178
0.0795587 0.100677 0.0284404 0.791324
0.196075 0.108389 0.0423993 0.653136
0.0755511 0.045435 0.0154797 0.863534
0.0860197 0.0866453 9.9991E-05 0.827235
0.110531 0.0646112 9.9991E-05 0.824758
0.0873885 0.0721024 9.9991E-05 0.840409
0.117084 0.0863155 9.9991E-05 0.7965
0.141448 0.0492894 9.9991E-05 0.809163
0.294138 0.0339371 0.0310099 0.640916
0.1666 0.0533152 9.9991E-05 0.779985
0.0931191 0.0887925 9.9991E-05 0.817988
0.164686 0.0608206 9.9991E-05 0.774394
0.130561 9.9991E-05 0.0218212 0.847518
0.155021 0.032602 0.0453096 0.767067
0.0949045 0.110088 0.0244647 0.770543
0.160582 0.109435 9.9991E-05 0.729884
0.110663 9.9991E-05 0.0236759 0.865561
0.11086 0.0273235 9.9991E-05 0.861717
0.14774 0.0113312 0.0324925 0.808437
0.0592096 9.9982E-05 9.9982E-05 0.94059
0.093161 0.0196421 0.0313048 0.855892
0.0827361 0.143249 0.0392661 0.734749
0.0303241 0.123407 0.0435643 0.802705
0.104455 0.00222473 9.9991E-05 0.89322
0.0373436 0.121458 0.0116235 0.829575
0.0245174 0.0584286 0.0781935 0.83886
0.054605 0.0814876 0.0595912 0.804316
0.119455 0.0677901 0.000100785 0.812654
0.0391164 0.117524 9.9991E-05 0.84326
0.136205 0.121156 0.0872054 0.655434
0.0265444 0.0768494 0.0334875 0.863119
0.136565 0.086178 9.9991E-05 0.777157
0.145585 0.0434044 9.9991E-05 0.81091
0.101661 0.0487344 0.0136747 0.83593
0.0598025 0.0375693 9.9991E-05 0.902528
0.0429647 0.0742692 0.0166376 0.866129
0.0505634 0.0905655 0.133414 0.725457
0.00771976 0.0619646 0.133315 0.797001
9.9991E-05 0.058289 0.114099 0.827512
9.99918E-05 0.0719119 0.0865018 0.841486
9.9982E-05 9.9982E-05 0.142395 0.857405
9.9991E-05 0.032875 0.0998585 0.867167
0.0861453 9.9991E-05 0.116875 0.79688
0.0608592 0.0824591 0.166457 0.690225
0.0356968 0.136129 0.193027 0.635148
0.114081 0.0780803 0.0832113 0.724627
0.0466341 9.9991E-05 0.106593 0.846673
0.0702023 0.065352 0.13356 0.730886
0.0277353 0.115938 0.0971211 0.759206
0.0803258 0.112408 0.128415 0.678851
0.0709777 0.102854 0.0935957 0.732573
0.037667 0.0782552 0.20204 0.682038
9.998E-05 9.998E-05 0.9997 9.998E-05
0.0451991 0.00302092 0.95168 9.9991E-05
0.0348291 0.00499269 0.83907 0.121109
9.998E-05 9.998E-05 0.9997 9.998E-05
9.998E-05 9.998E-05 0.9997 9.998E-05
9.998E-05 9.998E-05 0.9997 9.998E-05
9.998E-05 9.998E-05 0.9997 9.998E-05
0.00776984 9.9991E-05 0.885148 0.106982
9.998E-05 9.998E-05 0.9997 9.998E-05
9.998E-05 9.998E-05 0.9997 9.998E-05
9.9991E-05 0.0580924 0.141875 0.799933
9.9991E-05 0.0219434 0.89231 0.0856469
9.998E-05 9.998E-05 0.9997 9.998E-05
9.998E-05 9.998E-05 0.9997 9.998E-05
9.9991E-05 0.00215681 0.102274 0.895469
9.9991E-05 0.0430677 0.106941 0.849891
9.9991E-05 0.0428927 0.125988 0.831019
9.9991E-05 0.0711291 0.165794 0.762977
9.9991E-05 0.0303984 0.154611 0.814891
9.9991E-05 0.0262422 0.107705 0.865952
9.9991E-05 0.0381539 0.186086 0.775661
9.9982E-05 9.9982E-05 0.131915 0.867885
9.9991E-05 0.0665564 0.223239 0.710105
9.9991E-05 0.0401531 0.188086 0.771661
9.9991E-05 0.0409578 0.121481 0.837462
9.9991E-05 0.0507134 0.19581 0.753377
9.9991E-05 0.0915546 0.0727896 0.835556
9.9991E-05 0.0775194 0.129783 0.792598
9.998E-05 9.998E-05 9.998E-05 0.9997
9.9991E-05 0.00240189 0.0493787 0.948119
9.9982E-05 9.9982E-05 0.0278747 0.971925
9.998E-05 9.998E-05 9.998E-05 0.9997
9.9991E-05 0.0123188 0.0509503 0.936631
9.9982E-05 9.9982E-05 0.0474539 0.952346
9.9982E-05 9.9982E-05 0.0212272 0.978573
9.9991E-05 0.0500211 0.0230991 0.92678
9.9982E-05 0.0100987 9.9982E-05 0.989701
9.9982E-05 9.9982E-05 0.00907388 0.990726
9.9982E-05 9.9982E-05 0.102179 0.897622
9.9982E-05 9.9982E-05 0.0341764 0.965624
9.9991E-05 0.0926692 0.0454362 0.861795
9.998E-05 0.9997 9.998E-05 9.998E-05
9.9991E-05 0.120957 0.174224 0.704718
9.998E-05 0.9997 9.998E-05 9.998E-05
9.998E-05 0.9997 9.998E-05 9.998E-05
9.9982E-05 0.955738 0.044062 9.9982E-05
0.0111499 0.688076 0.0357118 0.265062
9.998E-05 0.9997 9.998E-05 9.998E-05
9.9982E-05 0.885259 9.9982E-05 0.114542
9.998E-05 0.9997 9.998E-05 9.998E-05
9.9982E-05 0.998369 0.0014311 9.9982E-05
9.998E-05 0.9997 9.998E-05 9.998E-05
9.9982E-05 0.972946 0.0268538 9.9982E-05
0.013716 0.951767 9.9991E-05 0.0344168
9.9991E-05 0.832285 0.0691045 0.0985105
9.9991E-05 0.937107 0.014573 0.0482202
0.00454803 0.853431 0.060458 0.0815626
9.9982E-05 0.844759 9.9982E-05 0.155041
0.0098587 0.852077 9.9991E-05 0.137964
9.9991E-05 0.948014 0.0145212 0.0373652
0.0205402 0.0344272 0.0845974 0.860435
0.00137448 0.0592165 0.0630311 0.876378
0.0590864 0.0526406 0.0970424 0.791231
0.0525022 0.0579365 0.057069 0.832492
9.9991E-05 0.0454259 0.164029 0.790445
9.9991E-05 0.0110484 0.163371 0.82548
9.9991E-05 0.0258892 0.178722 0.795289
9.9982E-05 9.9982E-05 0.180825 0.818975
9.9991E-05 0.0348094 0.161401 0.80369
9.9991E-05 0.0162702 0.164162 0.819468
9.9991E-05 0.0352255 0.189597 0.775077
0.0118497 0.0703841 0.134132 0.783635
9.9991E-05 0.069172 0.166533 0.764195
9.998E-05 9.998E-05 9.998E-05 0.9997
9.998E-05 9.998E-05 9.998E-05 0.9997
9.998E-05 9.998E-05 9.998E-05 0.9997
9.998E-05 9.998E-05 9.998E-05 0.9997
9.998E-05 9.998E-05 9.998E-05 0.9997
9.998E-05 9.998E-05 9.998E-05 0.9997
9.998E-05 9.998E-05 9.998E-05 0.9997
9.998E-05 9.998E-05 9.998E-05 0.9997
9.998E-05 9.998E-05 9.998E-05 0.9997
9.998E-05 9.998E-05 9.998E-05 0.9997
9.998E-05 9.998E-05 9.998E-05 0.9997
9.998E-05 9.998E-05 9.998E-05 0.9997
