9.9946E-05 0.912716 0.0866843 9.9946E-05 9.9946E-05 9.9946E-05 9.9946E-05 9.9946E-05
9.9964E-05 0.782904 0.130442 0.0232615 9.9964E-05 0.0629924 9.9964E-05 9.9964E-05
9.9946E-05 0.735367 9.9946E-05 9.9946E-05 9.9946E-05 9.9946E-05 0.264033 9.9946E-05
0.0157489 0.472713 0.211129 0.014494 0.12672 0.0762769 0.0828175 9.9991E-05
9.9964E-05 0.829693 9.9964E-05 0.00987887 0.0897721 9.9964E-05 9.9964E-05 0.0702561
0.0732193 0.891084 0.0351972 9.9955E-05 9.9955E-05 9.9955E-05 9.9955E-05 9.9955E-05
0.04459 0.790542 9.9973E-05 0.00477168 0.0499628 0.109834 9.9973E-05 9.9973E-05
0.25265 0.711366 9.9964E-05 0.00530701 9.9964E-05 9.9964E-05 9.9964E-05 0.0302776
0.0407005 0.688046 9.9973E-05 9.9973E-05 9.9973E-05 0.0244959 0.210955 0.0355021
0.239045 0.471103 9.998E-05 0.0459965 9.998E-05 0.122424 0.0770159 0.0442166
9.9955E-05 9.9955E-05 0.133336 0.00979042 0.856374 9.9955E-05 9.9955E-05 9.9955E-05
9.994E-05 9.994E-05 9.994E-05 9.994E-05 0.9993 9.994E-05 9.994E-05 9.994E-05
9.9946E-05 0.136184 9.9946E-05 9.9946E-05 0.863217 9.9946E-05 9.9946E-05 9.9946E-05
0.846971 9.9964E-05 9.9964E-05 0.0213342 0.0959106 0.0353843 9.9964E-05 9.9964E-05
0.0348382 0.0497212 9.9973E-05 0.0533796 0.808101 9.9973E-05 0.0536606 9.9973E-05
0.0945433 9.9955E-05 0.53002 9.9955E-05 0.374937 9.9955E-05 9.9955E-05 9.9955E-05
0.391487 9.9955E-05 0.273122 9.9955E-05 0.334891 9.9955E-05 9.9955E-05 9.9955E-05
0.535576 9.9982E-05 0.150882 0.00103935 9.9982E-05 0.162823 0.0891984 0.0602809
0.144203 9.997E-05 9.997E-05 0.00180423 0.731749 9.997E-05 0.0992059 0.0227383
0.973366 9.9946E-05 0.026034 9.9946E-05 9.9946E-05 9.9946E-05 9.9946E-05 9.9946E-05
0.71406 0.00757161 9.9964E-05 9.9964E-05 0.132025 0.145944 9.9964E-05 9.9964E-05
9.9946E-05 0.0347189 0.964681 9.9946E-05 9.9946E-05 9.9946E-05 9.9946E-05 9.9946E-05
9.994E-05 9.994E-05 0.9993 9.994E-05 9.994E-05 9.994E-05 9.994E-05 9.994E-05
0.9993 9.994E-05 9.994E-05 9.994E-05 9.994E-05 9.994E-05 9.994E-05 9.994E-05
0.317903 9.9973E-05 9.9973E-05 0.00317832 0.480675 0.144392 0.053552 9.9973E-05
0.460996 9.9955E-05 9.9955E-05 9.9955E-05 0.286285 0.252219 9.9955E-05 9.9955E-05
9.9955E-05 9.9955E-05 9.9955E-05 9.9955E-05 0.676546 9.9955E-05 0.109797 0.213157
9.9982E-05 9.9982E-05 0.123028 0.00554072 0.513713 0.253097 0.0335094 0.0709117
9.9964E-05 0.0134235 9.9964E-05 9.9964E-05 0.616515 0.275024 0.0946376 9.9964E-05
9.994E-05 9.994E-05 9.994E-05 9.994E-05 0.850425 0.148975 9.994E-05 9.994E-05
9.9964E-05 0.0149003 9.9964E-05 9.9964E-05 9.9964E-05 0.296667 0.636101 0.051932
9.9982E-05 0.126185 0.0154286 9.9982E-05 0.0340788 0.229764 0.54215 0.0521934
9.9964E-05 9.9964E-05 0.07104 9.9964E-05 0.0369601 0.209125 0.682475 9.9964E-05
0.093878 9.9955E-05 9.9955E-05 9.9955E-05 9.9955E-05 9.9955E-05 0.726992 0.17863
9.9946E-05 9.9946E-05 9.9946E-05 9.9946E-05 0.237968 9.9946E-05 0.761432 9.9946E-05
9.9946E-05 9.9946E-05 9.9946E-05 9.9946E-05 9.9946E-05 0.0949934 0.904407 9.9946E-05
0.0035972 0.135151 0.169085 9.9973E-05 9.9973E-05 9.9973E-05 0.666454 0.0254129
9.9955E-05 9.9955E-05 0.115372 9.9955E-05 9.9955E-05 0.0953924 0.788736 9.9955E-05
0.0220608 9.9964E-05 9.9964E-05 0.0241766 9.9964E-05 9.9964E-05 0.914586 0.038777
9.9982E-05 9.9982E-05 0.0863527 0.0343104 0.0743123 0.225413 0.515527 0.0638851
9.994E-05 9.994E-05 9.994E-05 9.994E-05 9.994E-05 9.994E-05 0.9993 9.994E-05
0.0824113 0.0501533 9.9982E-05 9.9982E-05 0.197256 0.371143 0.209839 0.088997
9.9955E-05 9.9955E-05 9.9955E-05 9.9955E-05 0.0908192 0.114295 0.794386 9.9955E-05
0.141793 9.9982E-05 9.9982E-05 0.0503985 0.0666677 0.00532578 0.567038 0.168577
0.0955433 0.0374507 9.9991E-05 0.00456389 0.0309664 0.281393 0.0697274 0.480255
9.9973E-05 0.0193296 9.9973E-05 9.9973E-05 0.100515 0.0909895 0.103012 0.685854
0.0197872 9.9964E-05 9.9964E-05 0.0414201 9.9964E-05 9.9964E-05 0.239194 0.699199
9.9955E-05 9.9955E-05 9.9955E-05 9.9955E-05 9.9955E-05 0.139746 0.036527 0.823227
9.9964E-05 0.0620225 9.9964E-05 9.9964E-05 0.234281 9.9964E-05 0.235711 0.467586
9.9973E-05 0.0510779 9.9973E-05 9.9973E-05 0.0447932 0.104095 0.535205 0.264529
0.0223442 9.9964E-05 0.0251505 9.9964E-05 9.9964E-05 0.0451251 9.9964E-05 0.90698
9.994E-05 9.994E-05 9.994E-05 9.994E-05 9.994E-05 9.994E-05 9.994E-05 0.9993
9.9964E-05 9.9964E-05 0.0113624 0.000391387 9.9964E-05 0.203067 9.9964E-05 0.784779
9.9964E-05 9.9964E-05 0.13382 9.9964E-05 9.9964E-05 0.0845809 0.0566368 0.724563
9.9946E-05 9.9946E-05 9.9946E-05 9.9946E-05 9.9946E-05 9.9946E-05 0.256575 0.742825
9.9964E-05 9.9964E-05 9.9964E-05 0.052493 0.00963141 0.03402 9.9964E-05 0.903456
9.996E-05 0.0751037 0.068958 9.996E-05 9.996E-05 0.808055 0.0474838 9.996E-05
0.0180507 0.0293698 0.0592917 9.9991E-05 0.0929257 0.676967 0.0872732 0.0360223
9.996E-05 0.0856945 9.996E-05 9.996E-05 0.0265761 0.711549 9.996E-05 0.17578
9.9973E-05 0.123772 0.145779 9.9973E-05 0.0405787 0.632797 0.0567729 9.9973E-05
0.109422 9.9955E-05 9.9955E-05 9.9955E-05 9.9955E-05 0.80179 9.9955E-05 0.0882878
9.9973E-05 0.0825311 9.9973E-05 0.072188 9.9973E-05 0.506026 0.312067 0.0268883
9.9964E-05 9.9964E-05 0.0735091 9.9964E-05 9.9964E-05 0.878428 0.0185866 0.0290765
9.99461E-05 9.99461E-05 9.99461E-05 0.0248014 9.99461E-05 0.974599 9.99461E-05 9.99461E-05
0.0265651 9.9973E-05 0.0433517 0.00469059 9.9973E-05 0.892714 0.0323789 9.9973E-05
9.9946E-05 9.9946E-05 9.9946E-05 9.9946E-05 0.0384437 0.960957 9.9946E-05 9.9946E-05
9.9955E-05 9.9955E-05 9.9955E-05 0.00910515 0.0449552 0.94544 9.9955E-05 9.9955E-05
9.9946E-05 9.9946E-05 0.0413938 9.9946E-05 9.9946E-05 0.958007 9.9946E-05 9.9946E-05
9.994E-05 9.994E-05 9.994E-05 9.994E-05 9.994E-05 0.9993 9.994E-05 9.994E-05
9.9946E-05 9.9946E-05 9.9946E-05 9.9946E-05 9.9946E-05 0.968382 9.9946E-05 0.0310184
0.0106626 9.99551E-05 9.99551E-05 0.00569866 9.99551E-05 0.983139 9.99551E-05 9.99551E-05
0.042725 0.038025 9.997E-05 0.0105679 9.997E-05 0.757108 0.151274 9.997E-05
9.9946E-05 0.0133241 9.9946E-05 9.9946E-05 9.9946E-05 0.986076 9.9946E-05 9.9946E-05
0.0638904 9.9982E-05 0.0445225 0.0638502 9.9982E-05 0.66245 0.112346 0.0527408
0.0513898 9.9973E-05 0.0461286 0.529565 9.9973E-05 0.316376 9.9973E-05 0.056241
9.994E-05 9.994E-05 9.994E-05 0.9993 9.994E-05 9.994E-05 9.994E-05 9.994E-05
9.9991E-05 0.0196225 0.0409398 0.0450012 0.12923 0.580727 0.143344 0.0410359
