0.9993 9.994E-05 9.994E-05 9.994E-05 9.994E-05 9.994E-05 9.994E-05 9.994E-05
0.296611 0.0590789 9.9973E-05 9.9973E-05 9.9973E-05 0.00926967 0.0916226 0.543118
0.252495 0.119614 9.9964E-05 9.9964E-05 9.9964E-05 9.9964E-05 0.0719234 0.555568
0.207527 9.9955E-05 9.9955E-05 9.9955E-05 0.0476689 9.9955E-05 9.9955E-05 0.744304
0.070772 9.9982E-05 0.00800019 0.113204 0.100039 0.0327298 9.9982E-05 0.675055
0.160596 0.0503911 9.9973E-05 9.9973E-05 0.154566 9.9973E-05 0.0152092 0.618938
0.265213 9.9946E-05 9.9946E-05 9.9946E-05 9.9946E-05 9.9946E-05 9.9946E-05 0.734187
0.313655 0.0798193 0.0242843 9.9982E-05 0.0430581 9.9982E-05 0.0157812 0.523203
0.180829 0.0602121 9.9982E-05 0.0430448 0.093968 9.9982E-05 0.00865214 0.613094
0.9993 9.994E-05 9.994E-05 9.994E-05 9.994E-05 9.994E-05 9.994E-05 9.994E-05
0.9993 9.994E-05 9.994E-05 9.994E-05 9.994E-05 9.994E-05 9.994E-05 9.994E-05
0.9993 9.994E-05 9.994E-05 9.994E-05 9.994E-05 9.994E-05 9.994E-05 9.994E-05
0.9993 9.994E-05 9.994E-05 9.994E-05 9.994E-05 9.994E-05 9.994E-05 9.994E-05
0.89588 0.0166168 0.00266696 0.00279808 9.9982E-05 0.0621927 9.9982E-05 0.0196456
0.962165 9.9964E-05 0.00154228 9.9964E-05 9.9964E-05 0.0254964 0.010396 9.9964E-05
0.181445 0.0188577 9.9982E-05 0.0738905 0.275161 9.9982E-05 0.00424741 0.446198
0.220168 0.0247453 0.0709905 0.0535861 0.0736163 0.13774 0.0552396 0.363914
0.217045 9.9973E-05 9.9973E-05 0.0249809 0.0905691 9.9973E-05 0.0134304 0.653675
9.9973E-05 9.9973E-05 9.9973E-05 0.0430861 0.00686952 0.0496677 0.0172195 0.882857
9.9973E-05 9.9973E-05 0.0287462 0.00938785 0.0244202 0.0358351 9.9973E-05 0.901311
0.0268618 9.9964E-05 9.9964E-05 0.0539605 9.9964E-05 9.9964E-05 0.0236591 0.895119
9.9982E-05 0.0591854 0.052162 9.9982E-05 0.0502729 0.0781407 0.0161376 0.743901
9.9973E-05 0.00123971 0.000125777 0.013619 9.9973E-05 0.0834295 9.9973E-05 0.901286
9.9964E-05 0.00424751 0.0311463 9.9964E-05 9.9964E-05 0.0171264 9.9964E-05 0.94708
9.9973E-05 9.9973E-05 0.0123316 0.00448537 0.0355001 9.9973E-05 0.00844575 0.938937
9.9973E-05 0.00105657 0.0639683 0.0202773 0.236518 9.9973E-05 9.9973E-05 0.67788
9.999E-05 0.0677291 0.0109186 0.0728693 0.0885171 0.0586839 0.0128867 0.688295
9.9964E-05 0.0225609 0.015988 9.9964E-05 0.00715313 9.9964E-05 9.9964E-05 0.953898
0.0253205 0.00252129 0.0210128 0.0153412 0.166368 0.0350258 9.9991E-05 0.73431
0.0521329 9.9955E-05 9.9955E-05 9.9955E-05 0.0692209 9.9955E-05 9.9955E-05 0.878146
0.0201992 9.9982E-05 0.0188945 0.0203109 9.9982E-05 0.0183585 0.00134944 0.920688
9.999E-05 0.000607652 0.0429072 0.0592755 0.0496989 0.00900166 0.0320912 0.806318
0.00350188 0.0376512 0.0341463 0.0726277 0.0438584 0.0286906 0.0340122 0.745512
0.0544606 0.0729317 0.0795049 0.0182926 0.104272 9.9991E-05 0.00717604 0.663262
9.9964E-05 0.0422778 0.0220558 9.9964E-05 9.9964E-05 0.125338 9.9964E-05 0.809929
0.0516822 9.9955E-05 9.9955E-05 9.9955E-05 0.112955 9.9955E-05 9.9955E-05 0.834863
9.9955E-05 9.9955E-05 9.9955E-05 9.9955E-05 0.525251 0.000958971 9.9955E-05 0.47329
9.9982E-05 0.0412625 9.9982E-05 0.065456 0.307444 0.0779782 0.0244801 0.48318
9.9982E-05 0.062883 9.9982E-05 0.0845304 0.242639 0.00184712 0.0570847 0.550816
0.0141096 9.9991E-05 0.0431645 0.0480025 0.23047 0.0340981 0.0424214 0.587634
9.9964E-05 9.9964E-05 0.0408224 9.9964E-05 0.873903 9.9964E-05 0.0488841 0.0359911
0.0125923 0.055641 0.0567519 0.00560035 0.773185 9.9991E-05 0.00892853 0.0872007
0.0584529 0.0759993 0.0392003 9.9982E-05 0.688708 9.9982E-05 0.0213867 0.116053
9.99663E-05 0.0198435 9.99663E-05 0.0107295 0.88143 9.99663E-05 9.99663E-05 0.0875969
9.9973E-05 0.0700521 0.0171595 0.0509506 0.65458 9.9973E-05 9.9973E-05 0.206957
0.00141842 9.9955E-05 9.9955E-05 9.9955E-05 0.946896 9.9955E-05 9.9955E-05 0.0511858
9.994E-05 9.994E-05 9.994E-05 9.994E-05 0.9993 9.994E-05 9.994E-05 9.994E-05
9.9973E-05 0.028831 0.0055105 0.000773111 0.535903 9.9973E-05 9.9973E-05 0.428682
0.0600061 0.0221676 0.0608047 0.0268946 0.689814 9.9982E-05 9.9982E-05 0.140113
0.0727259 0.0135222 0.0449702 9.9982E-05 0.461346 9.9982E-05 0.0120983 0.395137
0.0562062 0.0261728 9.9982E-05 0.0385392 0.715059 9.9982E-05 0.0255755 0.138248
0.00344049 0.0321225 9.9982E-05 0.00438053 0.859171 0.00834357 9.9982E-05 0.0923424
0.0151487 0.0233048 9.9973E-05 0.0463687 0.835769 9.9973E-05 9.9973E-05 0.0791093
0.0237204 9.9982E-05 0.0288861 0.0462572 0.635864 0.0960745 9.9982E-05 0.168998
0.0504071 0.0247786 0.0624864 0.029355 0.520701 0.0648209 0.0324755 0.214975
0.00448027 0.0691684 0.0476136 9.9982E-05 0.707783 9.9982E-05 0.000206639 0.170548
0.0688419 0.0839321 0.0350288 0.0795226 0.542901 0.00813616 0.00207491 0.179563
9.9982E-05 0.00618264 0.0348459 0.105561 0.58876 9.9982E-05 0.0432291 0.221222
0.00342272 0.0410068 9.9964E-05 9.9964E-05 0.949394 9.9964E-05 9.9964E-05 0.00577646
0.050754 0.0382181 9.9982E-05 0.0818594 0.639373 9.9982E-05 0.00540452 0.184191
9.9973E-05 9.9973E-05 0.0820589 0.0590385 0.605852 0.0224737 9.9973E-05 0.230277
0.0386915 9.99641E-05 0.0787466 9.99641E-05 0.864482 9.99641E-05 9.99641E-05 0.0176798
9.9973E-05 0.0267115 9.9973E-05 0.0478748 0.769938 9.9973E-05 0.0523396 0.102837
0.00691877 9.9964E-05 9.9964E-05 0.0137956 0.910752 0.0681335 9.9964E-05 9.9964E-05
0.0347339 9.9973E-05 0.0109716 0.0194379 0.814768 9.9973E-05 9.9973E-05 0.119789
9.9955E-05 0.0201304 9.9955E-05 9.9955E-05 0.924411 0.0549587 9.9955E-05 9.9955E-05
9.9946E-05 9.9946E-05 9.9946E-05 9.9946E-05 0.946877 9.9946E-05 0.0525233 9.9946E-05
0.00210242 0.0335746 0.00131642 9.9982E-05 0.818541 0.116744 0.0275218 9.9982E-05
9.9991E-05 0.045802 0.0148219 0.0193216 0.516104 0.0382352 0.00701862 0.358597
9.9964E-05 0.0109116 0.0276195 9.9964E-05 0.948891 0.0121778 9.9964E-05 9.9964E-05
0.04413 0.0306724 0.00815536 9.9982E-05 0.748462 9.9982E-05 0.0622814 0.106099
9.9991E-05 0.0307422 0.021212 0.00588937 0.865069 0.0166126 0.0453084 0.0150667
0.0526955 9.99461E-05 9.99461E-05 9.99461E-05 0.946705 9.99461E-05 9.99461E-05 9.99461E-05
0.0231795 9.9955E-05 9.9955E-05 0.0317532 0.944568 9.9955E-05 9.9955E-05 9.9955E-05
0.0364292 0.00861884 0.0480182 9.9973E-05 0.833127 0.0735064 9.9973E-05 9.9973E-05
9.9955E-05 9.9955E-05 9.9955E-05 0.123138 0.87282 0.00354239 9.9955E-05 9.9955E-05
9.9964E-05 0.00691658 9.9964E-05 9.9964E-05 0.959545 0.0100889 0.0230493 9.9964E-05
0.0030637 9.9973E-05 9.9973E-05 9.9973E-05 0.760664 0.112926 0.114138 0.00890819
9.9982E-05 0.0513216 0.0595723 0.0387279 0.64111 0.0924165 0.116652 9.9982E-05
9.9973E-05 9.9973E-05 0.0345402 0.0306743 0.787406 0.0699271 0.0771522 9.9973E-05
9.9973E-05 0.0221994 0.0627036 9.9973E-05 0.812796 0.0256318 0.0763697 9.9973E-05
9.9964E-05 9.9964E-05 0.023353 9.9964E-05 0.805958 0.0391987 0.13109 9.9964E-05
9.9982E-05 0.0241202 0.0262367 0.0219808 0.827658 0.0176989 0.0821054 9.9982E-05
0.00401692 9.9982E-05 0.148183 0.067055 0.43461 9.9982E-05 0.120776 0.225159
0.00891755 9.9991E-05 0.038129 0.0423944 0.626257 0.00687745 0.199839 0.0774861
0.000589344 0.0796084 0.0443211 0.0017433 0.627418 0.0410753 0.185797 0.0194473
0.0367041 0.0440992 0.0986868 0.064347 0.54188 0.0185221 0.0724786 0.123283
0.00489298 9.9982E-05 0.110117 0.0850296 0.556654 9.9982E-05 0.121718 0.121388
9.9982E-05 0.0151584 0.104273 0.0319048 0.665559 0.0504991 0.132405 9.9982E-05
0.00342088 0.0815862 0.114867 0.156789 0.487988 0.032248 0.113376 0.00972519
0.035386 0.0593756 0.0299723 9.9991E-05 0.573198 0.201527 0.0996211 0.000820176
0.0250239 0.0539143 0.0737063 9.9991E-05 0.576722 0.179087 0.0539109 0.0375347
0.0233334 0.0721519 0.0795864 0.186513 0.445223 0.00550024 0.187592 9.9991E-05
9.994E-05 9.994E-05 9.994E-05 9.994E-05 9.994E-05 9.994E-05 0.9993 9.994E-05
0.0436538 9.9964E-05 0.00764503 9.9964E-05 0.0358106 9.9964E-05 0.912491 9.9964E-05
0.0188261 9.9973E-05 9.9973E-05 0.0047812 0.04348 0.048286 0.884327 9.9973E-05
9.9946E-05 0.0181557 9.9946E-05 9.9946E-05 9.9946E-05 9.9946E-05 0.981245 9.9946E-05
9.994E-05 9.994E-05 9.994E-05 9.994E-05 9.994E-05 9.994E-05 0.9993 9.994E-05
9.9946E-05 9.9946E-05 9.9946E-05 0.00919972 9.9946E-05 9.9946E-05 0.990201 9.9946E-05
9.9946E-05 0.00414945 9.9946E-05 9.9946E-05 9.9946E-05 9.9946E-05 0.995251 9.9946E-05
9.9964E-05 9.9964E-05 0.0201288 9.9964E-05 0.0466092 9.9964E-05 0.858768 0.0740942
9.994E-05 9.994E-05 9.994E-05 9.994E-05 9.994E-05 9.994E-05 0.9993 9.994E-05
9.994E-05 9.994E-05 9.994E-05 9.994E-05 9.994E-05 9.994E-05 0.9993 9.994E-05
9.9991E-05 0.0745725 0.244132 0.0860387 0.318419 0.0744291 0.123849 0.0784595
9.9955E-05 9.9955E-05 9.9955E-05 9.9955E-05 0.0772587 0.0369569 0.885285 9.9955E-05
0.000907007 9.9946E-05 9.9946E-05 9.9946E-05 9.9946E-05 9.9946E-05 0.998493 9.9946E-05
9.994E-05 9.994E-05 9.994E-05 9.994E-05 9.994E-05 9.994E-05 0.9993 9.994E-05
9.9982E-05 0.0382043 0.180117 0.103478 0.435468 0.134132 0.108401 9.9982E-05
9.9982E-05 0.0539621 0.174785 0.0631419 0.494319 0.101192 0.1124 9.9982E-05
9.9982E-05 0.0499441 0.173037 0.0755266 0.431793 0.139487 0.130012 9.9982E-05
9.9982E-05 0.029181 0.171547 0.0803591 0.480642 0.0815694 0.156502 9.9982E-05
9.9982E-05 0.0644045 0.204784 0.0745187 0.416193 0.13148 0.10842 9.9982E-05
9.9991E-05 0.0280396 0.169608 0.0637126 0.289482 0.213822 0.0684161 0.166819
9.9982E-05 9.9982E-05 0.116912 0.0129329 0.518393 0.13749 0.145978 0.0680953
9.9973E-05 9.9973E-05 0.195745 0.0356774 0.477977 0.169203 0.121097 9.9973E-05
9.9991E-05 0.0765295 0.129608 0.0441268 0.356407 0.1583 0.216717 0.0182116
9.9991E-05 0.0535552 0.127696 0.0546877 0.402957 0.183412 0.175507 0.00208476
9.9991E-05 0.0491327 0.112896 0.0792278 0.514859 0.0899775 0.0876047 0.0662021
9.9991E-05 0.0746608 0.075116 0.0628628 0.378482 0.237005 0.142203 0.0295706
9.9982E-05 0.0807772 0.188241 0.0467817 0.513325 0.0795941 0.0910816 9.9982E-05
0.00953666 0.0640554 0.179067 0.0736445 0.497066 0.0489438 0.124095 0.00359271
9.9964E-05 9.9964E-05 0.92065 0.00616863 0.0656914 0.00708968 9.9964E-05 9.9964E-05
0.00292055 9.9973E-05 0.888688 0.0722654 9.9973E-05 0.0300612 9.9973E-05 0.00576462
9.994E-05 9.994E-05 0.9993 9.994E-05 9.994E-05 9.994E-05 9.994E-05 9.994E-05
9.9964E-05 9.9964E-05 0.96638 0.0162112 0.00762511 0.00938414 9.9964E-05 9.9964E-05
9.994E-05 9.994E-05 0.9993 9.994E-05 9.994E-05 9.994E-05 9.994E-05 9.994E-05
9.994E-05 9.994E-05 0.9993 9.994E-05 9.994E-05 9.994E-05 9.994E-05 9.994E-05
9.9946E-05 9.9946E-05 0.961734 9.9946E-05 0.0376662 9.9946E-05 9.9946E-05 9.9946E-05
0.0799513 9.9973E-05 0.729653 0.00356952 0.0811205 0.105406 9.9973E-05 9.9973E-05
9.9946E-05 0.0161047 0.983296 9.9946E-05 9.9946E-05 9.9946E-05 9.9946E-05 9.9946E-05
9.994E-05 9.994E-05 0.9993 9.994E-05 9.994E-05 9.994E-05 9.994E-05 9.994E-05
0.0179837 0.000159003 0.89917 9.9973E-05 9.9973E-05 0.062822 0.0195651 9.9973E-05
9.9946E-05 9.9946E-05 0.987893 9.9946E-05 9.9946E-05 9.9946E-05 0.0115073 9.9946E-05
0.000113314 0.0873956 0.66282 0.0197742 0.181201 0.0373837 0.011212 9.9991E-05
9.994E-05 0.9993 9.994E-05 9.994E-05 9.994E-05 9.994E-05 9.994E-05 9.994E-05
9.9982E-05 0.0782856 0.190379 0.0816809 0.406835 0.0572918 0.185328 9.9982E-05
9.994E-05 0.9993 9.994E-05 9.994E-05 9.994E-05 9.994E-05 9.994E-05 9.994E-05
9.994E-05 0.9993 9.994E-05 9.994E-05 9.994E-05 9.994E-05 9.994E-05 9.994E-05
9.9955E-05 0.874782 9.9955E-05 9.9955E-05 9.9955E-05 0.0780842 0.0466341 9.9955E-05
0.00978382 0.76763 0.0680299 0.00234415 0.0301832 9.9991E-05 0.0146917 0.107237
9.994E-05 0.9993 9.994E-05 9.994E-05 9.994E-05 9.994E-05 9.994E-05 9.994E-05
9.9964E-05 0.823242 0.0477989 9.9964E-05 0.0541011 0.0744584 9.9964E-05 9.9964E-05
0.00237567 0.949907 9.9973E-05 9.9973E-05 0.00175302 0.0420376 9.9973E-05 0.00362701
9.9955E-05 0.970891 0.0155833 9.9955E-05 9.9955E-05 9.9955E-05 9.9955E-05 0.0130262
0.00730941 0.992091 9.9946E-05 9.9946E-05 9.9946E-05 9.9946E-05 9.9946E-05 9.9946E-05
9.9946E-05 0.976812 9.9946E-05 0.0225881 9.9946E-05 9.9946E-05 9.9946E-05 9.9946E-05
9.9964E-05 0.965883 0.0106056 9.9964E-05 0.00690523 9.9964E-05 0.0162064 9.9964E-05
9.9982E-05 0.792164 0.0756506 0.0437369 9.9982E-05 0.0253479 0.0411502 0.0217503
0.0215823 0.939495 9.9982E-05 0.0249545 0.00246331 0.00406029 9.9982E-05 0.00724415
0.00842252 0.808289 0.0232775 9.9982E-05 0.148477 0.00705153 0.00428245 9.9982E-05
9.9973E-05 0.852632 0.00438403 0.0417616 0.0822193 0.0187029 9.9973E-05 9.9973E-05
0.0443797 0.852498 9.9964E-05 0.0126324 0.0900905 9.9964E-05 9.9964E-05 9.9964E-05
0.0103874 0.908583 0.0085932 0.0343279 0.009992 0.0279163 9.9982E-05 9.9982E-05
0.0349674 0.034175 0.0574488 0.283948 0.413255 0.092487 0.0836187 9.9991E-05
0.0145281 0.0562655 0.0641773 0.2423 0.428973 0.137595 0.0483617 0.00779909
0.0271412 0.0261269 0.0278173 0.264785 0.463623 0.119801 0.0706049 9.9991E-05
0.0287696 0.0448997 9.99885E-05 0.217983 0.485852 0.1507 0.0715967 9.99885E-05
9.9973E-05 0.00659167 0.0261211 9.9973E-05 9.9973E-05 0.909413 0.00461022 0.0529645
9.994E-05 9.994E-05 9.994E-05 9.994E-05 9.994E-05 0.9993 9.994E-05 9.994E-05
9.9946E-05 9.9946E-05 9.9946E-05 0.00274928 9.9946E-05 0.996651 9.9946E-05 9.9946E-05
9.994E-05 9.994E-05 9.994E-05 9.994E-05 9.994E-05 0.9993 9.994E-05 9.994E-05
9.9946E-05 9.9946E-05 9.9946E-05 0.00035866 9.9946E-05 0.999042 9.9946E-05 9.9946E-05
9.9964E-05 0.000949309 9.9964E-05 0.0346662 9.9964E-05 0.948816 0.0151684 9.9964E-05
0.0169892 0.00372293 9.9973E-05 9.9973E-05 0.0260053 0.952831 9.9973E-05 0.000151767
0.0279853 0.0137325 0.0768254 9.9982E-05 0.0534047 0.75028 9.9982E-05 0.0775726
0.0174567 0.0080313 9.9982E-05 0.0231885 0.031353 0.876675 9.9982E-05 0.0430952
9.9955E-05 9.9955E-05 9.9955E-05 0.989611 9.9955E-05 0.0067394 9.9955E-05 0.00314996
9.994E-05 9.994E-05 9.994E-05 0.9993 9.994E-05 9.994E-05 9.994E-05 9.994E-05
9.994E-05 9.994E-05 9.994E-05 0.9993 9.994E-05 9.994E-05 9.994E-05 9.994E-05
9.994E-05 9.994E-05 9.994E-05 0.9993 9.994E-05 9.994E-05 9.994E-05 9.994E-05
9.994E-05 9.994E-05 9.994E-05 0.9993 9.994E-05 9.994E-05 9.994E-05 9.994E-05
0.0217822 9.9973E-05 9.9973E-05 0.867327 0.0725833 0.0359351 0.0020721 9.9973E-05
9.994E-05 9.994E-05 9.994E-05 0.9993 9.994E-05 9.994E-05 9.994E-05 9.994E-05
9.994E-05 9.994E-05 9.994E-05 0.9993 9.994E-05 9.994E-05 9.994E-05 9.994E-05
9.994E-05 9.994E-05 9.994E-05 0.9993 9.994E-05 9.994E-05 9.994E-05 9.994E-05
0.0150618 0.00629131 0.0281296 0.944376 9.9973E-05 9.9973E-05 0.0058412 9.9973E-05
9.994E-05 9.994E-05 9.994E-05 0.9993 9.994E-05 9.994E-05 9.994E-05 9.994E-05
9.9964E-05 9.9964E-05 0.00669127 0.980277 9.9964E-05 0.00600327 9.9964E-05 0.00662848
