0.9993 9.994E-05 9.994E-05 9.994E-05 9.994E-05 9.994E-05 9.994E-05 9.994E-05
0.0946869 9.9991E-05 0.0246555 0.0567574 0.0625599 0.00269538 0.0345402 0.724005
0.0830894 9.9973E-05 9.9973E-05 0.00552348 0.0944566 9.9973E-05 0.0150987 0.801532
9.994E-05 9.994E-05 9.994E-05 9.994E-05 9.994E-05 9.994E-05 9.994E-05 0.9993
9.9964E-05 0.0417363 0.124313 0.181765 9.9964E-05 9.9964E-05 9.9964E-05 0.651786
0.0686493 0.176189 9.9973E-05 0.218738 0.0141971 9.9973E-05 9.9973E-05 0.521927
0.171663 9.9955E-05 9.9955E-05 0.298654 9.9955E-05 9.9955E-05 9.9955E-05 0.529182
0.20697 0.0590196 9.9973E-05 0.212113 0.0824938 9.9973E-05 9.9973E-05 0.439104
0.083648 0.0322252 0.0708978 0.30052 0.0558732 9.9982E-05 9.9982E-05 0.456636
0.980895 0.0137297 9.9955E-05 9.9955E-05 0.00487509 9.9955E-05 9.9955E-05 9.9955E-05
0.9993 9.994E-05 9.994E-05 9.994E-05 9.994E-05 9.994E-05 9.994E-05 9.994E-05
0.9993 9.994E-05 9.994E-05 9.994E-05 9.994E-05 9.994E-05 9.994E-05 9.994E-05
0.976428 9.9946E-05 9.9946E-05 9.9946E-05 9.9946E-05 9.9946E-05 0.0229722 9.9946E-05
0.906689 9.9955E-05 0.0291622 0.0636486 9.9955E-05 9.9955E-05 9.9955E-05 9.9955E-05
0.94261 0.00106954 9.9982E-05 9.9982E-05 0.00937847 0.00826219 0.0130415 0.0254383
0.0745269 0.283233 0.0507885 9.9964E-05 9.9964E-05 9.9964E-05 9.9964E-05 0.591051
0.122194 0.174974 0.0774362 0.116644 0.0661427 0.00946439 0.0370646 0.39608
9.994E-05 9.994E-05 9.994E-05 9.994E-05 9.994E-05 9.994E-05 9.994E-05 0.9993
9.9955E-05 9.9955E-05 0.0271671 0.894593 9.9955E-05 9.9955E-05 9.9955E-05 0.0777406
9.9955E-05 9.9955E-05 0.00606571 0.987706 0.00572856 9.9955E-05 9.9955E-05 9.9955E-05
0.0489229 9.9964E-05 9.9964E-05 0.830256 9.9964E-05 9.9964E-05 0.00360297 0.116819
9.9982E-05 0.0897247 9.9982E-05 0.758932 0.0447985 0.0160574 0.0178396 0.0724478
9.9973E-05 9.9973E-05 0.0284971 0.836837 0.0319045 0.00156301 9.9973E-05 0.100898
0.0325765 9.9955E-05 9.9955E-05 0.93233 9.9955E-05 0.0345933 9.9955E-05 9.9955E-05
9.994E-05 9.994E-05 9.994E-05 0.9993 9.994E-05 9.994E-05 9.994E-05 9.994E-05
0.00764108 0.181079 0.0109553 0.730235 9.9973E-05 0.0697889 9.9973E-05 9.9973E-05
0.018713 0.0593969 0.0619972 0.804983 0.0528847 9.9982E-05 0.00182515 9.9982E-05
9.9964E-05 0.0125747 9.9964E-05 0.882523 0.00861322 9.9964E-05 9.9964E-05 0.0958888
0.0593532 0.142893 0.000167716 0.711562 9.9982E-05 0.0549228 9.9982E-05 0.0309015
0.0406679 0.0254914 9.9964E-05 0.828577 9.9964E-05 9.9964E-05 9.9964E-05 0.104863
0.0534783 9.9946E-05 9.9946E-05 0.945922 9.9946E-05 9.9946E-05 9.9946E-05 9.9946E-05
9.9964E-05 9.9964E-05 0.0170417 0.877943 0.0271727 0.0774425 9.9964E-05 9.9964E-05
0.0199862 0.0506418 0.00484429 0.805896 0.030667 0.0606769 0.0271882 9.9991E-05
0.0784626 0.158379 9.9982E-05 0.560941 0.0574781 0.10393 9.9982E-05 0.0406094
9.9982E-05 0.0037417 0.0253783 0.787059 0.0411123 0.00768764 9.9982E-05 0.134821
0.0430633 0.0534095 9.9964E-05 0.798696 9.9964E-05 9.9964E-05 9.9964E-05 0.104431
9.9946E-05 0.435451 9.9946E-05 0.56395 9.9946E-05 9.9946E-05 9.9946E-05 9.9946E-05
9.999E-05 0.265785 0.0727987 0.551173 0.0125516 0.0216463 0.00880329 0.0671422
0.0288701 0.219544 0.0435406 0.621044 0.0373383 9.9991E-05 0.04401 0.00555381
0.00663109 0.28026 0.0138104 0.637502 9.9982E-05 0.0385182 0.0230788 9.9982E-05
9.9973E-05 0.737519 9.9973E-05 9.9973E-05 0.00517171 0.0531211 0.0185755 0.185313
9.9982E-05 0.726117 0.0540376 9.9982E-05 0.0170481 0.018915 0.00212106 0.181562
0.000257833 0.494526 9.9991E-05 0.02967 0.0960128 0.0589122 0.0245471 0.295974
9.9964E-05 0.754089 0.00390634 9.9964E-05 0.0104213 9.9964E-05 9.9964E-05 0.231184
9.9982E-05 0.744806 0.00756012 0.189079 0.0250893 0.000418349 9.9982E-05 0.0328467
0.00362114 0.956268 9.9955E-05 0.0396116 9.9955E-05 9.9955E-05 9.9955E-05 9.9955E-05
9.9946E-05 0.999103 9.9946E-05 9.9946E-05 9.9946E-05 9.9946E-05 9.9946E-05 0.00029734
9.9982E-05 0.411053 0.0322669 0.372511 0.0193535 0.0711487 9.9982E-05 0.093467
0.0912901 0.571699 0.0623931 0.0675789 0.0156401 0.0612194 9.9991E-05 0.130079
0.0839235 0.371142 9.9991E-05 0.28342 0.0256429 0.0609004 0.0250178 0.149853
0.0494807 0.624781 0.00856343 0.243043 0.0468489 9.9982E-05 9.9982E-05 0.027083
9.9973E-05 0.703904 0.0155721 0.121651 0.0619367 9.9973E-05 9.9973E-05 0.0966359
0.0417183 0.933441 9.9955E-05 0.0243408 9.9955E-05 9.9955E-05 9.9955E-05 9.9955E-05
0.0681823 0.636636 0.0805425 0.168467 9.9982E-05 0.0329507 0.0130224 9.9982E-05
0.0488908 0.552933 0.0457119 0.244607 9.9991E-05 0.0483142 0.0504684 0.00897531
9.9973E-05 0.601089 9.9973E-05 0.0904864 0.111971 0.0586351 9.9973E-05 0.137519
0.0640646 0.541439 0.0362224 0.126024 0.103735 0.0442361 9.9991E-05 0.0841782
9.9982E-05 0.63436 0.0805396 0.160045 9.9982E-05 0.0320184 0.0011437 0.0916927
0.000813409 0.982443 9.99551E-05 9.99551E-05 0.0162443 9.99551E-05 9.99551E-05 9.99551E-05
0.0798261 0.557494 0.106798 0.188588 0.0161363 9.9982E-05 9.9982E-05 0.0509568
9.9964E-05 0.585674 0.118463 0.249933 9.9964E-05 0.04553 9.9964E-05 9.9964E-05
0.00705469 0.834104 9.9973E-05 0.0608444 9.9973E-05 0.052275 9.9973E-05 0.0454224
0.0105959 0.780974 0.055389 0.0845719 0.0411877 9.9982E-05 0.0270814 9.9982E-05
0.00439777 0.909237 0.0618911 9.9964E-05 0.0240738 9.9964E-05 9.9964E-05 9.9964E-05
9.9973E-05 0.800752 0.028293 0.0644493 9.9973E-05 0.0111023 9.9973E-05 0.0951038
9.9955E-05 0.96228 0.0133704 9.9955E-05 9.9955E-05 9.9955E-05 9.9955E-05 0.0238497
9.9946E-05 0.998468 9.9946E-05 9.9946E-05 9.9946E-05 9.9946E-05 0.000932593 9.9946E-05
0.0217309 0.916231 0.0168166 9.9982E-05 0.0124494 0.0204084 0.0121638 9.9982E-05
9.9973E-05 0.60433 0.039514 0.19828 0.0240726 9.9973E-05 9.9973E-05 0.133503
9.99551E-05 0.992925 9.99551E-05 9.99551E-05 0.00130341 9.99551E-05 9.99551E-05 0.00527215
0.0339845 0.818382 9.9973E-05 0.0247556 0.014374 9.9973E-05 9.9973E-05 0.108204
9.9973E-05 0.881896 9.9973E-05 0.0271281 0.0456733 0.00940823 0.0355945 9.9973E-05
0.0767352 0.867146 0.0214211 0.0342974 9.9964E-05 9.9964E-05 9.9964E-05 9.9964E-05
0.0685241 0.930876 9.9946E-05 9.9946E-05 9.9946E-05 9.9946E-05 9.9946E-05 9.9946E-05
0.0400428 0.779169 9.9973E-05 0.055686 0.0240528 0.10075 9.9973E-05 9.9973E-05
9.9946E-05 0.959902 0.0394981 9.9946E-05 9.9946E-05 9.9946E-05 9.9946E-05 9.9946E-05
9.9946E-05 0.943232 9.9946E-05 9.9946E-05 0.0561679 9.9946E-05 9.9946E-05 9.9946E-05
9.9982E-05 0.714105 9.9982E-05 0.0135911 0.0152556 0.0285582 0.152927 0.0753637
9.9982E-05 0.765785 0.0396649 9.9982E-05 0.0429779 0.0547428 0.0870263 0.00960362
9.9964E-05 0.829403 0.0285726 9.9964E-05 9.9964E-05 0.0224723 0.119152 9.9964E-05
9.9973E-05 0.784408 0.0123956 9.9973E-05 0.0652101 0.0703956 0.0672907 9.9973E-05
9.9964E-05 0.828846 0.0207308 9.9964E-05 9.9964E-05 0.0289815 0.121041 9.9964E-05
9.9973E-05 0.859726 0.0105436 9.9973E-05 0.00130923 0.04865 0.0794709 9.9973E-05
0.00400595 0.694849 0.0128825 0.0741377 0.0118783 0.0781635 0.0822588 0.0418241
0.0142132 0.649477 0.0528878 9.9991E-05 0.0554816 0.0339258 0.181683 0.012232
0.0283311 0.606772 9.9982E-05 9.9982E-05 0.109254 0.0763378 0.130375 0.04873
0.0320568 0.520906 0.0822629 0.131596 0.0691546 0.0754916 0.0379909 0.0505414
9.9982E-05 0.637658 0.0755022 0.084184 9.9982E-05 0.108475 0.0896305 0.00435099
9.9982E-05 0.488813 0.100683 9.9982E-05 0.0752649 0.117834 0.113439 0.103767
9.9982E-05 0.546566 0.114218 0.0795975 0.0663254 0.112048 0.0810448 9.9982E-05
0.00864312 0.547385 0.0380375 0.0278978 0.053116 0.0582303 0.14156 0.12513
9.9973E-05 0.608633 9.9973E-05 9.9973E-05 0.0297542 0.0984047 0.112985 0.149924
0.0541409 0.365441 0.194026 0.0181712 0.121079 0.090441 0.156601 9.9991E-05
9.9946E-05 9.9946E-05 9.9946E-05 9.9946E-05 9.9946E-05 0.000368444 0.999032 9.9946E-05
0.0247631 9.9973E-05 9.9973E-05 9.9973E-05 0.00958686 0.0136879 0.918412 0.0332498
0.0229922 0.118983 9.9964E-05 0.0151307 9.9964E-05 9.9964E-05 0.842495 9.9964E-05
9.994E-05 9.994E-05 9.994E-05 9.994E-05 9.994E-05 9.994E-05 0.9993 9.994E-05
9.994E-05 9.994E-05 9.994E-05 9.994E-05 9.994E-05 9.994E-05 0.9993 9.994E-05
9.994E-05 9.994E-05 9.994E-05 9.994E-05 9.994E-05 9.994E-05 0.9993 9.994E-05
9.994E-05 9.994E-05 9.994E-05 9.994E-05 9.994E-05 9.994E-05 0.9993 9.994E-05
9.9964E-05 9.9964E-05 9.9964E-05 0.0216005 9.9964E-05 0.022285 0.90771 0.0480042
9.9946E-05 9.9946E-05 9.9946E-05 0.00623641 9.9946E-05 9.9946E-05 0.993164 9.9946E-05
9.994E-05 9.994E-05 9.994E-05 9.994E-05 9.994E-05 9.994E-05 0.9993 9.994E-05
9.9982E-05 0.278182 0.145682 0.117796 0.0729902 0.287893 0.0972571 9.9982E-05
9.9955E-05 0.116603 9.9955E-05 9.9955E-05 9.9955E-05 0.00244305 0.880454 9.9955E-05
9.994E-05 9.994E-05 9.994E-05 9.994E-05 9.994E-05 9.994E-05 0.9993 9.994E-05
0.00169678 0.0260983 9.9955E-05 9.9955E-05 9.9955E-05 9.9955E-05 0.971705 9.9955E-05
0.00641216 0.514303 0.11428 9.9982E-05 0.0359709 0.235457 0.0933764 9.9982E-05
9.9982E-05 0.517094 0.0764147 0.031771 0.0607676 0.197642 0.11611 9.9982E-05
9.9973E-05 0.554056 0.0969341 9.9973E-05 0.0532629 0.178366 0.117081 9.9973E-05
9.9973E-05 0.492436 0.08942 9.9973E-05 0.0737545 0.195742 0.148348 9.9973E-05
9.9982E-05 0.41154 0.0983107 0.0356895 0.0970909 0.226151 0.131018 9.9982E-05
9.9982E-05 0.316144 0.140016 0.163877 0.0413508 0.22048 0.117934 9.9982E-05
9.9982E-05 0.542884 0.0563305 0.0853068 0.0048886 0.138836 0.171554 9.9982E-05
9.9973E-05 0.544169 0.108125 0.0447699 9.9973E-05 0.174179 0.128457 9.9973E-05
9.9982E-05 0.37946 0.13281 0.0774719 0.0605545 0.129196 0.220308 9.9982E-05
9.9982E-05 0.466375 0.100172 0.0346858 0.0726014 0.141493 0.184473 9.9982E-05
9.9982E-05 0.503316 0.0900727 0.108396 0.0462609 0.132748 0.119007 9.9982E-05
9.9982E-05 0.44852 0.138023 0.0586498 0.048564 0.116106 0.189936 9.9982E-05
9.9973E-05 0.586023 0.133069 9.9973E-05 0.0575738 0.151851 0.071184 9.9973E-05
9.9982E-05 0.476364 0.111876 9.9982E-05 0.0873481 0.177356 0.130114 0.0167427
9.994E-05 9.994E-05 9.994E-05 9.994E-05 0.9993 9.994E-05 9.994E-05 9.994E-05
9.9982E-05 0.4917 0.0852616 9.9982E-05 0.0780508 0.151156 0.157878 0.0357538
9.994E-05 9.994E-05 9.994E-05 9.994E-05 0.9993 9.994E-05 9.994E-05 9.994E-05
9.994E-05 9.994E-05 9.994E-05 9.994E-05 0.9993 9.994E-05 9.994E-05 9.994E-05
9.99551E-05 9.99551E-05 9.99551E-05 0.0310073 0.933296 9.99551E-05 0.0351973 9.99551E-05
0.0245521 0.24016 0.00799072 9.9964E-05 0.726897 9.9964E-05 9.9964E-05 9.9964E-05
9.994E-05 9.994E-05 9.994E-05 9.994E-05 0.9993 9.994E-05 9.994E-05 9.994E-05
9.9964E-05 0.0772839 0.0192916 0.0480289 0.854996 9.9964E-05 9.9964E-05 9.9964E-05
9.9964E-05 9.9964E-05 9.9964E-05 9.9964E-05 0.976915 0.00157157 0.012583 0.00853061
9.9955E-05 9.9955E-05 9.9955E-05 0.002506 0.956029 0.0409654 9.9955E-05 9.9955E-05
0.00304626 9.9946E-05 9.9946E-05 9.9946E-05 0.996354 9.9946E-05 9.9946E-05 9.9946E-05
9.994E-05 9.994E-05 9.994E-05 9.994E-05 0.9993 9.994E-05 9.994E-05 9.994E-05
9.9955E-05 9.9955E-05 9.9955E-05 9.9955E-05 0.974073 0.0172957 0.00813166 9.9955E-05
9.9973E-05 9.9973E-05 0.0541358 9.9973E-05 0.814206 0.0598676 0.031485 0.0400058
0.00156295 0.00332588 0.00352873 0.0163553 0.974927 9.9973E-05 9.9973E-05 9.9973E-05
9.9982E-05 0.0693995 0.0259817 9.9982E-05 0.878351 0.00154031 0.0203756 0.00415187
0.0101478 0.0479785 0.0751144 9.9973E-05 0.852505 9.9973E-05 9.9973E-05 0.0139544
0.0104585 0.0379816 0.0619271 9.9991E-05 0.835333 0.0234092 0.00790498 0.0228854
9.9955E-05 0.012502 9.9955E-05 9.9955E-05 0.952159 0.034839 9.9955E-05 9.9955E-05
9.9964E-05 9.9964E-05 0.0257563 9.9964E-05 0.00649742 0.950692 0.0166549 9.9964E-05
9.9973E-05 9.9973E-05 0.0551782 0.0321222 9.9973E-05 0.854847 0.0291782 0.0283748
9.994E-05 9.994E-05 9.994E-05 9.994E-05 9.994E-05 0.9993 9.994E-05 9.994E-05
9.9946E-05 9.9946E-05 0.0217803 9.9946E-05 9.9946E-05 0.97762 9.9946E-05 9.9946E-05
9.994E-05 9.994E-05 9.994E-05 9.994E-05 9.994E-05 0.9993 9.994E-05 9.994E-05
9.994E-05 9.994E-05 9.994E-05 9.994E-05 9.994E-05 0.9993 9.994E-05 9.994E-05
0.0128492 9.99461E-05 9.99461E-05 9.99461E-05 9.99461E-05 0.986551 9.99461E-05 9.99461E-05
0.0319463 0.042465 0.0474364 0.0475788 9.9973E-05 0.830274 9.9973E-05 9.9973E-05
9.994E-05 9.994E-05 9.994E-05 9.994E-05 9.994E-05 0.9993 9.994E-05 9.994E-05
9.994E-05 9.994E-05 9.994E-05 9.994E-05 9.994E-05 0.9993 9.994E-05 9.994E-05
0.0140966 9.9964E-05 9.9964E-05 9.9964E-05 9.9964E-05 0.907391 0.0447923 0.0333203
0.0088745 9.99584E-05 0.0328009 9.99584E-05 9.99584E-05 0.957825 9.99584E-05 9.99584E-05
9.9982E-05 0.1123 0.0236425 9.9982E-05 0.100222 0.704355 0.022408 0.0368729
0.029968 0.447415 0.340608 9.9982E-05 0.0378435 0.0390878 0.104878 9.9982E-05
0.00391076 0.505049 0.314036 0.079941 0.00708805 0.0419609 0.0479139 9.9991E-05
0.0358271 0.447957 0.298379 0.0617153 0.0426603 9.9982E-05 0.113261 9.9982E-05
0.0535722 0.471694 0.322053 9.9982E-05 0.0323327 0.0284065 0.0917419 9.9982E-05
9.9982E-05 0.0772566 0.398384 0.182042 0.0765993 0.0671136 0.198405 9.9982E-05
9.99731E-05 9.99731E-05 0.595297 0.0765428 0.065996 0.019749 0.242115 9.99731E-05
9.9982E-05 0.00903909 0.464628 0.167004 0.0887416 0.0489393 0.221448 9.9982E-05
9.99731E-05 9.99731E-05 0.5266 0.145528 0.0793434 0.00962702 0.238602 9.99731E-05
9.9982E-05 0.0204174 0.47784 0.135606 0.0886884 0.0399692 0.237279 9.9982E-05
9.9982E-05 0.0279342 0.480659 0.121041 0.0901784 0.0490661 0.230922 9.9982E-05
9.9982E-05 0.051813 0.480999 0.125608 0.0660617 0.0400853 0.235233 9.9982E-05
9.9982E-05 0.0999092 0.367279 0.19484 0.0968223 0.0698189 0.17113 9.9982E-05
0.00541491 0.0225472 0.433818 0.205693 0.0880275 0.0653296 0.17907 9.9991E-05
9.9946E-05 9.9946E-05 0.996259 9.9946E-05 9.9946E-05 9.9946E-05 9.9946E-05 0.00314138
9.994E-05 9.994E-05 0.9993 9.994E-05 9.994E-05 9.994E-05 9.994E-05 9.994E-05
9.994E-05 9.994E-05 0.9993 9.994E-05 9.994E-05 9.994E-05 9.994E-05 9.994E-05
9.994E-05 9.994E-05 0.9993 9.994E-05 9.994E-05 9.994E-05 9.994E-05 9.994E-05
9.994E-05 9.994E-05 0.9993 9.994E-05 9.994E-05 9.994E-05 9.994E-05 9.994E-05
0.0100005 0.0311776 0.939023 9.9964E-05 0.0193995 9.9964E-05 9.9964E-05 9.9964E-05
9.994E-05 9.994E-05 0.9993 9.994E-05 9.994E-05 9.994E-05 9.994E-05 9.994E-05
9.994E-05 9.994E-05 0.9993 9.994E-05 9.994E-05 9.994E-05 9.994E-05 9.994E-05
0.00469604 9.9946E-05 0.994704 9.9946E-05 9.9946E-05 9.9946E-05 9.9946E-05 9.9946E-05
0.0057122 0.017185 0.933592 9.9964E-05 9.9964E-05 0.0431112 9.9964E-05 9.9964E-05
9.994E-05 9.994E-05 0.9993 9.994E-05 9.994E-05 9.994E-05 9.994E-05 9.994E-05
9.994E-05 9.994E-05 0.9993 9.994E-05 9.994E-05 9.994E-05 9.994E-05 9.994E-05
