9.994E-05 0.9993 9.994E-05 9.994E-05 9.994E-05 9.994E-05 9.994E-05 9.994E-05
9.9964E-05 0.239176 9.9964E-05 0.0417514 0.624902 9.9964E-05 9.9964E-05 0.0937708
9.9964E-05 0.248061 9.9964E-05 0.0838315 0.624072 9.9964E-05 9.9964E-05 0.0436357
0.0659783 0.194501 9.99551E-05 9.99551E-05 0.739021 9.99551E-05 9.99551E-05 9.99551E-05
0.108581 0.110919 0.0897788 9.9973E-05 0.642694 9.9973E-05 0.0477265 9.9973E-05
0.193163 0.174363 9.9964E-05 0.0357686 0.596306 9.9964E-05 9.9964E-05 9.9964E-05
9.9946E-05 0.251552 9.9946E-05 9.9946E-05 0.747849 9.9946E-05 9.9946E-05 9.9946E-05
0.0578797 0.286676 9.9973E-05 0.0706541 0.541007 0.0434831 9.9973E-05 9.9973E-05
0.0304186 0.149508 0.0382366 0.0630719 0.678831 9.9982E-05 9.9982E-05 0.0397332
9.994E-05 0.9993 9.994E-05 9.994E-05 9.994E-05 9.994E-05 9.994E-05 9.994E-05
9.9946E-05 0.984192 9.9946E-05 9.9946E-05 9.9946E-05 9.9946E-05 0.0152081 9.9946E-05
9.9946E-05 0.997457 0.00194304 9.9946E-05 9.9946E-05 9.9946E-05 9.9946E-05 9.9946E-05
9.9946E-05 0.995329 9.9946E-05 9.9946E-05 9.9946E-05 0.00407111 9.9946E-05 9.9946E-05
0.000772446 0.929506 0.000328374 9.9964E-05 9.9964E-05 9.9964E-05 0.0689937 9.9964E-05
0.00314804 0.944967 0.0301187 9.9964E-05 9.9964E-05 9.9964E-05 0.0213667 9.9964E-05
0.2281 0.142641 0.0472017 0.0522131 0.507696 0.0219484 9.9982E-05 9.9982E-05
0.192347 0.171898 0.0700195 0.032385 0.296863 0.0596629 0.120345 0.0564794
0.0943622 0.187075 9.9973E-05 0.00219214 0.70617 9.9973E-05 9.9973E-05 0.00990075
9.9964E-05 9.9964E-05 0.0514055 9.9964E-05 0.917388 9.9964E-05 0.0293096 0.00149745
9.9964E-05 9.9964E-05 0.00432732 9.9964E-05 0.888445 0.0126662 0.0941618 9.9964E-05
9.9964E-05 0.0228007 0.0480945 9.9964E-05 0.897383 9.9964E-05 9.9964E-05 0.0313223
0.00857054 9.9982E-05 9.9982E-05 0.0744729 0.801786 0.00973498 0.0994586 0.00577723
9.9973E-05 9.9973E-05 0.00191791 0.0328328 0.84815 0.01167 0.105129 9.9973E-05
9.9964E-05 9.9964E-05 9.9964E-05 0.0152606 0.934665 0.0203342 0.0293408 9.9964E-05
0.0194483 9.9973E-05 0.00230137 9.9973E-05 0.914371 0.0468756 0.0167035 9.9973E-05
0.213304 9.9973E-05 0.0648364 9.9973E-05 0.657829 0.0403008 0.0234297 9.9973E-05
0.114606 9.9973E-05 0.106146 0.0779827 0.680994 9.9973E-05 0.019971 9.9973E-05
9.9955E-05 9.9955E-05 9.9955E-05 0.0142172 0.955738 0.0295449 9.9955E-05 9.9955E-05
0.126968 0.0155961 0.0157129 0.00179946 0.793698 0.0101457 0.0247422 0.0113377
0.0977491 9.9955E-05 9.9955E-05 9.9955E-05 0.894828 9.9955E-05 9.9955E-05 0.00692339
9.9973E-05 9.9973E-05 0.00650038 9.9973E-05 0.920083 0.0397574 0.0263611 0.00699803
0.0262896 9.9982E-05 0.0564432 0.00935509 0.778195 0.0886394 0.0408777 9.9982E-05
0.0817662 9.9991E-05 0.0334192 0.0679674 0.729416 0.00449665 0.0613276 0.0215065
0.152873 0.0302656 0.0323194 0.047232 0.635241 0.0891449 0.00676556 0.00615924
9.9964E-05 9.9964E-05 9.9964E-05 0.0338291 0.767812 0.0574873 0.140471 9.9964E-05
0.038124 0.0388257 9.9955E-05 9.9955E-05 0.92255 9.9955E-05 9.9955E-05 9.9955E-05
0.525045 9.9955E-05 9.9955E-05 9.9955E-05 0.42301 9.9955E-05 0.0514455 9.9955E-05
0.251104 9.9991E-05 0.0979493 0.0129389 0.517799 0.0321039 0.0854515 0.00255326
0.257786 9.9982E-05 0.0710288 0.0461288 0.523744 9.9982E-05 0.0338168 0.0672955
0.390163 9.9973E-05 0.0483361 9.9973E-05 0.520648 0.0163624 9.9973E-05 0.0241897
0.769552 9.9982E-05 0.0341583 0.064436 0.0810954 0.0183053 9.9982E-05 0.0322532
0.870833 0.0139096 0.037479 0.023835 0.0467944 9.9982E-05 9.9982E-05 0.00694871
0.58182 0.0423188 9.9982E-05 0.0658645 0.251166 0.0356791 9.9982E-05 0.0229509
0.870029 9.9964E-05 9.9964E-05 0.0319078 0.0887083 0.00895465 9.9964E-05 9.9964E-05
0.594213 9.9973E-05 0.0749603 0.0801822 0.215887 0.0344576 9.9973E-05 9.9973E-05
0.986104 9.9946E-05 9.9946E-05 9.9946E-05 0.0132959 9.9946E-05 9.9946E-05 9.9946E-05
0.980279 0.019121 9.9946E-05 9.9946E-05 9.9946E-05 9.9946E-05 9.9946E-05 9.9946E-05
0.54887 9.9973E-05 0.0414527 0.0475766 0.349512 0.0122891 9.9973E-05 9.9973E-05
0.618289 0.0765223 0.10036 0.00234333 0.147053 0.0552322 9.9982E-05 9.9982E-05
0.399869 0.104275 0.000267888 0.0224355 0.381847 0.0767916 0.00171323 0.0128002
0.66255 0.0436785 0.0433398 0.0288114 0.218301 9.9982E-05 9.9982E-05 0.00311932
0.726576 0.0012253 0.0246558 0.0642842 0.182959 9.9973E-05 9.9973E-05 9.9973E-05
0.916617 0.0296716 0.010322 9.9973E-05 0.027112 9.9973E-05 0.015977 9.9973E-05
0.683791 0.0421356 0.0223097 9.9991E-05 0.135952 0.00857122 0.0989531 0.00818771
0.64701 0.0577756 0.0100997 0.00886057 0.109035 0.0564262 0.0629229 0.04787
0.753794 9.9964E-05 9.9964E-05 0.0859041 0.101112 0.0587904 9.9964E-05 9.9964E-05
0.508583 0.0736548 0.0845058 0.0738488 0.220427 0.0387806 9.9982E-05 9.9982E-05
0.618876 9.9991E-05 0.0929555 0.00415999 0.260791 0.0048117 0.0148342 0.00347181
0.983301 0.00587502 9.9955E-05 9.9955E-05 0.0103243 9.9955E-05 9.9955E-05 9.9955E-05
0.637543 0.0781131 0.109338 0.0116829 0.150668 9.9982E-05 9.9982E-05 0.0124551
0.639518 9.9973E-05 0.0834681 9.9973E-05 0.221281 0.0511273 0.00430576 9.9973E-05
0.785108 0.0283632 9.9982E-05 9.9982E-05 0.0833955 0.0386508 0.00328898 0.0609931
0.682365 0.0258744 0.0393562 9.9982E-05 0.156185 0.0227453 9.9982E-05 0.0732747
0.919768 0.0306731 9.9973E-05 0.0443609 9.9973E-05 9.9973E-05 0.000975047 0.00392314
0.793612 0.0122552 0.0350671 9.9973E-05 0.118211 0.0405544 9.9973E-05 9.9973E-05
0.923822 9.9955E-05 9.9955E-05 0.0215038 9.9955E-05 9.9955E-05 0.0541749 9.9955E-05
0.951545 9.9946E-05 9.9946E-05 9.9946E-05 9.9946E-05 9.9946E-05 9.9946E-05 0.0478557
0.858524 0.012318 9.9973E-05 0.0277996 9.9973E-05 9.9973E-05 0.0869301 0.0141283
0.644814 9.9964E-05 0.0468252 0.00259405 0.305367 9.9964E-05 9.9964E-05 9.9964E-05
0.978329 9.99551E-05 9.99551E-05 0.0144343 9.99551E-05 9.99551E-05 0.00673682 9.99551E-05
0.838087 0.0338536 9.9982E-05 0.0231059 0.0674986 0.0112016 9.9982E-05 0.0260534
0.877963 9.9991E-05 0.000397292 0.0482128 0.0340674 0.00440168 0.00763637 0.0272219
0.83765 0.109344 0.020808 0.0317978 9.9964E-05 9.9964E-05 9.9964E-05 9.9964E-05
0.897267 0.0759084 0.0263251 9.9955E-05 9.9955E-05 9.9955E-05 9.9955E-05 9.9955E-05
0.799349 0.0512709 0.0283059 0.0139258 9.9982E-05 0.078673 0.0282752 9.9982E-05
0.932086 9.9946E-05 0.0673148 9.9946E-05 9.9946E-05 9.9946E-05 9.9946E-05 9.9946E-05
0.960533 9.9955E-05 9.9955E-05 0.038029 9.9955E-05 9.9955E-05 9.9955E-05 0.000938153
0.701683 0.0064982 9.9991E-05 0.0105776 0.0347016 0.016643 0.128602 0.101195
0.73369 9.9964E-05 9.9964E-05 9.9964E-05 9.9964E-05 0.0876242 0.0910996 0.0871865
0.781761 9.9964E-05 9.9964E-05 9.9964E-05 9.9964E-05 0.0545853 0.0663095 0.0969446
0.839373 9.9982E-05 0.00517805 0.0205134 9.9982E-05 0.0376746 0.0789537 0.0181071
0.781101 9.9973E-05 0.0265764 9.9973E-05 9.9973E-05 0.0125947 0.0610323 0.118395
0.846908 9.9973E-05 0.00937047 9.9973E-05 9.9973E-05 0.0350199 0.058061 0.0503403
0.580519 0.0162151 0.0562889 0.00287857 0.173498 0.0534328 9.9991E-05 0.117068
0.499217 9.9991E-05 0.0378284 0.0591716 0.0483983 0.125681 0.0572403 0.172364
0.577803 9.9991E-05 0.029157 0.0548736 0.10522 0.0517278 0.0402868 0.140831
0.552925 0.0532568 0.0485537 0.0759013 0.112862 0.086054 0.000134801 0.0703125
0.638594 9.9973E-05 0.0394927 9.9973E-05 0.106375 0.0677751 9.9973E-05 0.147463
0.511211 9.9991E-05 0.138443 0.0106458 0.0319966 0.0787042 0.0662193 0.162679
0.480818 0.00202582 0.133251 0.0699497 0.0538129 0.142485 9.9991E-05 0.117558
0.558291 0.0415792 9.9991E-05 0.0436891 0.0250508 0.0348245 0.207312 0.0891534
0.536953 0.0257234 9.9991E-05 0.055169 0.0328003 0.110555 0.176282 0.0624177
0.381265 0.0223937 0.169329 0.0926813 0.0230062 0.0582695 0.0376349 0.21542
9.9946E-05 9.9946E-05 0.00677531 9.9946E-05 9.9946E-05 9.9946E-05 9.9946E-05 0.992625
9.9964E-05 0.0395851 9.9964E-05 0.00210669 9.9964E-05 9.9964E-05 0.0133701 0.944538
9.9964E-05 0.03496 9.9964E-05 9.9964E-05 9.9964E-05 0.0384939 0.0747282 0.851418
9.994E-05 9.994E-05 9.994E-05 9.994E-05 9.994E-05 9.994E-05 9.994E-05 0.9993
9.994E-05 9.994E-05 9.994E-05 9.994E-05 9.994E-05 9.994E-05 9.994E-05 0.9993
9.994E-05 9.994E-05 9.994E-05 9.994E-05 9.994E-05 9.994E-05 9.994E-05 0.9993
9.9946E-05 9.9946E-05 9.9946E-05 0.00136005 9.9946E-05 9.9946E-05 9.9946E-05 0.99804
9.9964E-05 0.0149221 9.9964E-05 9.9964E-05 0.0332594 9.9964E-05 0.0271132 0.924306
9.9973E-05 9.9973E-05 0.0221057 0.00387034 9.9973E-05 0.00910805 0.0073988 0.957217
9.994E-05 9.994E-05 9.994E-05 9.994E-05 9.994E-05 9.994E-05 9.994E-05 0.9993
0.2522 0.000686791 0.168613 0.0762736 0.0815731 0.268361 0.062882 0.089411
0.0848969 9.9955E-05 9.9955E-05 9.9955E-05 9.9955E-05 9.9955E-05 0.00361582 0.910988
9.994E-05 9.994E-05 9.994E-05 9.994E-05 9.994E-05 9.994E-05 9.994E-05 0.9993
9.9955E-05 9.9955E-05 0.0227452 9.9955E-05 9.9955E-05 9.9955E-05 0.000388952 0.976366
0.515175 9.9982E-05 0.0779009 0.0118484 9.9982E-05 0.184488 0.0909588 0.119429
0.515265 9.9982E-05 0.0368312 0.0547416 9.9982E-05 0.213536 0.0955312 0.0838951
0.595015 9.9973E-05 0.032834 9.9973E-05 9.9973E-05 0.130724 0.139113 0.102014
0.540924 9.9982E-05 0.0621952 0.0236089 9.9982E-05 0.164101 0.0457323 0.163239
0.441676 9.9982E-05 0.0800473 0.029957 9.9982E-05 0.194344 0.131415 0.122361
0.334436 9.9991E-05 0.0587428 0.000666861 0.158913 0.181695 0.189693 0.0757533
0.549181 0.00507993 9.999E-05 9.999E-05 0.0566681 0.126967 0.12248 0.139424
0.591631 9.9973E-05 0.0124605 9.9973E-05 9.9973E-05 0.16387 0.114008 0.117731
0.417129 9.9991E-05 0.00515874 0.0677724 0.0480402 0.0966236 0.136647 0.228529
0.430049 9.9982E-05 0.0299634 0.0592343 9.9982E-05 0.131589 0.176447 0.172518
0.545822 9.9982E-05 0.113288 9.9982E-05 0.0157226 0.136052 0.0939323 0.0949834
0.542831 9.9982E-05 0.0418571 0.0138422 9.9982E-05 0.0536791 0.188639 0.158952
0.598394 0.000732588 0.0674323 0.0312654 9.9991E-05 0.143359 0.0954605 0.0632569
0.523606 9.9991E-05 0.0585135 0.0326206 0.0308008 0.17531 0.0766586 0.102391
0.0222221 9.9973E-05 0.0281156 0.0420004 9.9973E-05 0.905534 0.00182783 9.9973E-05
9.9982E-05 0.00606615 0.052449 9.9982E-05 0.00795554 0.87161 0.0415507 0.0201688
9.994E-05 9.994E-05 9.994E-05 9.994E-05 9.994E-05 0.9993 9.994E-05 9.994E-05
9.9946E-05 9.9946E-05 9.9946E-05 9.9946E-05 0.0223521 0.977048 9.9946E-05 9.9946E-05
9.994E-05 9.994E-05 9.994E-05 9.994E-05 9.994E-05 0.9993 9.994E-05 9.994E-05
9.994E-05 9.994E-05 9.994E-05 9.994E-05 9.994E-05 0.9993 9.994E-05 9.994E-05
0.00330691 9.9955E-05 9.9955E-05 9.9955E-05 9.9955E-05 0.990902 9.9955E-05 0.00529084
0.0691245 0.0595524 9.9973E-05 9.9973E-05 9.9973E-05 0.707673 0.157387 0.005963
9.9955E-05 0.00811358 9.9955E-05 0.00459763 9.9955E-05 0.986789 9.9955E-05 9.9955E-05
9.994E-05 9.994E-05 9.994E-05 9.994E-05 9.994E-05 0.9993 9.994E-05 9.994E-05
9.9973E-05 0.0335152 9.9973E-05 0.00678278 9.9973E-05 0.817864 0.10572 0.0358181
9.9955E-05 9.9955E-05 0.0308364 9.9955E-05 9.9955E-05 0.953117 9.9955E-05 0.0155463
0.160535 9.9973E-05 9.9973E-05 0.0994938 9.9973E-05 0.651075 0.0649442 0.0236524
9.994E-05 9.994E-05 9.994E-05 0.9993 9.994E-05 9.994E-05 9.994E-05 9.994E-05
0.524331 9.9991E-05 0.0646407 0.049315 0.00819781 0.139901 0.053862 0.159652
9.9955E-05 9.9955E-05 0.0053474 0.991315 9.9955E-05 9.9955E-05 9.9955E-05 0.00283818
9.994E-05 9.994E-05 9.994E-05 0.9993 9.994E-05 9.994E-05 9.994E-05 9.994E-05
9.99461E-05 9.99461E-05 9.99461E-05 0.953118 9.99461E-05 9.99461E-05 0.0462828 9.99461E-05
0.191744 0.00952042 9.9973E-05 0.738249 0.0142526 0.0459341 9.9973E-05 9.9973E-05
9.994E-05 9.994E-05 9.994E-05 0.9993 9.994E-05 9.994E-05 9.994E-05 9.994E-05
9.9964E-05 0.0106832 0.041851 0.915812 9.9964E-05 0.0312543 9.9964E-05 9.9964E-05
9.99461E-05 9.99461E-05 9.99461E-05 0.98863 9.99461E-05 9.99461E-05 0.0107705 9.99461E-05
0.00162249 9.9964E-05 9.9964E-05 0.960859 0.00994831 0.0271706 9.9964E-05 9.9964E-05
9.9964E-05 9.9964E-05 0.000756142 0.966713 0.00432826 9.9964E-05 0.027803 9.9964E-05
9.99461E-05 9.99461E-05 9.99461E-05 0.996001 9.99461E-05 0.0033991 9.99461E-05 9.99461E-05
9.9946E-05 9.9946E-05 9.9946E-05 0.993373 9.9946E-05 9.9946E-05 9.9946E-05 0.00602739
9.9991E-05 0.00379591 0.0953802 0.818297 0.00946453 0.0290039 0.00764119 0.0363172
0.0622596 0.0259351 9.9964E-05 0.907307 9.9964E-05 9.9964E-05 0.00409885 9.9964E-05
0.151588 0.00982068 9.9973E-05 0.820263 9.9973E-05 9.9973E-05 0.0150376 0.00299114
0.0541766 9.9973E-05 0.0223569 0.874908 9.9973E-05 0.0225236 0.0257354 9.9973E-05
0.109192 0.0064942 0.0674434 0.803558 9.9982E-05 9.9982E-05 0.00579798 0.00731472
0.0334827 0.0136904 9.9973E-05 0.915762 9.9973E-05 0.033167 9.9973E-05 0.00359778
0.439262 0.0221151 0.257007 0.0255145 9.9991E-05 0.0454215 0.137405 0.073175
0.458003 0.0126539 0.246496 0.0900733 9.9991E-05 0.0129147 0.121331 0.0584277
0.450929 0.0309346 0.254505 0.055821 9.9982E-05 9.9982E-05 0.095452 0.112158
0.479782 0.0233075 0.239919 0.0665463 9.9982E-05 9.9982E-05 0.122979 0.0672661
9.9964E-05 9.9964E-05 9.9964E-05 0.00923104 0.00701832 0.0199663 0.963384 9.9964E-05
9.994E-05 9.994E-05 9.994E-05 9.994E-05 9.994E-05 9.994E-05 0.9993 9.994E-05
9.994E-05 9.994E-05 9.994E-05 9.994E-05 9.994E-05 9.994E-05 0.9993 9.994E-05
9.994E-05 9.994E-05 9.994E-05 9.994E-05 9.994E-05 9.994E-05 0.9993 9.994E-05
9.9946E-05 9.9946E-05 0.00584031 9.9946E-05 9.9946E-05 9.9946E-05 0.99356 9.9946E-05
0.00174135 9.9973E-05 0.0128637 0.00673782 9.9973E-05 9.9973E-05 0.968931 0.00942645
0.0445384 9.9973E-05 0.0075111 0.000272949 0.0306927 9.9973E-05 0.916685 9.9973E-05
0.028614 0.0413253 0.022118 0.026015 0.0741589 0.0455242 0.762144 9.9991E-05
0.0921745 0.032498 9.9973E-05 0.00186387 0.0262885 9.9973E-05 0.846875 9.9973E-05
9.9946E-05 9.9946E-05 0.995721 9.9946E-05 9.9946E-05 0.00367942 9.9946E-05 9.9946E-05
9.994E-05 9.994E-05 0.9993 9.994E-05 9.994E-05 9.994E-05 9.994E-05 9.994E-05
9.994E-05 9.994E-05 0.9993 9.994E-05 9.994E-05 9.994E-05 9.994E-05 9.994E-05
9.994E-05 9.994E-05 0.9993 9.994E-05 9.994E-05 9.994E-05 9.994E-05 9.994E-05
9.99461E-05 9.99461E-05 0.995984 9.99461E-05 9.99461E-05 0.00341671 9.99461E-05 9.99461E-05
0.0705244 9.9973E-05 0.842906 0.0272435 0.0300853 9.9973E-05 0.0289409 9.9973E-05
9.994E-05 9.994E-05 0.9993 9.994E-05 9.994E-05 9.994E-05 9.994E-05 9.994E-05
9.994E-05 9.994E-05 0.9993 9.994E-05 9.994E-05 9.994E-05 9.994E-05 9.994E-05
9.99461E-05 0.00885869 0.990542 9.99461E-05 9.99461E-05 9.99461E-05 9.99461E-05 9.99461E-05
0.0267522 9.9946E-05 0.972648 9.9946E-05 9.9946E-05 9.9946E-05 9.9946E-05 9.9946E-05
9.9964E-05 0.00661849 0.979159 0.01234 9.9964E-05 0.00148293 9.9964E-05 9.9964E-05
9.994E-05 9.994E-05 0.9993 9.994E-05 9.994E-05 9.994E-05 9.994E-05 9.994E-05
