9.994E-05 9.994E-05 9.994E-05 9.994E-05 9.994E-05 9.994E-05 0.9993 9.994E-05
9.9973E-05 9.9973E-05 0.0907503 9.9973E-05 0.535802 0.00797114 0.255534 0.109642
9.9964E-05 9.9964E-05 0.0948306 9.9964E-05 0.592464 9.9964E-05 0.237293 0.0750123
9.9964E-05 0.138657 0.00725376 9.9964E-05 0.680658 9.9964E-05 0.173032 9.9964E-05
0.00519742 0.172893 0.0112586 0.0428836 0.616855 0.0498015 0.101011 9.9991E-05
9.9973E-05 0.191658 0.0192213 9.9973E-05 0.599833 9.9973E-05 0.17694 0.0120474
9.99461E-05 9.99461E-05 9.99461E-05 9.99461E-05 0.727369 9.99461E-05 0.272031 9.99461E-05
0.00789115 0.0738161 0.0664273 9.9991E-05 0.556069 0.01985 0.258722 0.0171247
9.9982E-05 0.0530873 0.0853617 9.9982E-05 0.657195 0.0475718 0.155103 0.00148135
9.994E-05 9.994E-05 9.994E-05 9.994E-05 9.994E-05 9.994E-05 0.9993 9.994E-05
9.994E-05 9.994E-05 9.994E-05 9.994E-05 9.994E-05 9.994E-05 0.9993 9.994E-05
9.994E-05 9.994E-05 9.994E-05 9.994E-05 9.994E-05 9.994E-05 0.9993 9.994E-05
0.00428775 9.9955E-05 9.9955E-05 9.9955E-05 9.9955E-05 9.9955E-05 0.992334 0.00287816
9.9964E-05 9.9964E-05 9.9964E-05 0.0212155 0.0277324 0.0446667 0.905986 9.9964E-05
9.9955E-05 0.0491587 0.00102502 9.9955E-05 9.9955E-05 9.9955E-05 0.949316 9.9955E-05
9.9982E-05 0.369643 0.0132457 9.9982E-05 0.426051 0.0136841 0.173864 0.00331326
9.999E-05 0.312485 0.0264923 0.0670929 0.29349 0.0707473 0.169956 0.0596377
9.9982E-05 0.15769 9.9982E-05 0.00563685 0.630084 0.00282205 0.181551 0.0220153
0.00345452 9.9973E-05 9.9973E-05 0.0471003 0.883149 0.052747 9.9973E-05 0.0132493
0.0428284 9.9955E-05 9.9955E-05 0.0656015 0.89107 9.9955E-05 9.9955E-05 9.9955E-05
9.9964E-05 9.9964E-05 9.9964E-05 9.9964E-05 0.901665 0.0728536 0.00440331 0.020678
0.0319538 0.0504872 0.066915 0.0972649 0.753079 9.9973E-05 9.9973E-05 9.9973E-05
9.9964E-05 9.9964E-05 0.02768 0.0792358 0.834195 0.0584896 9.9964E-05 9.9964E-05
0.0135283 9.9964E-05 9.9964E-05 0.0213752 0.964076 9.9964E-05 9.9964E-05 0.000620575
0.0113185 0.0341962 9.9973E-05 9.9973E-05 0.916753 0.0227348 9.9973E-05 0.0146972
0.0507542 0.283799 9.9973E-05 0.0172872 0.583557 0.0643031 9.9973E-05 9.9973E-05
0.00164165 0.149342 0.0623808 0.0439538 0.640301 0.10218 9.9982E-05 9.9982E-05
0.000392814 0.0224946 0.0170371 9.9964E-05 0.959676 9.9964E-05 9.9964E-05 9.9964E-05
0.0254996 0.151156 0.00674634 0.0306881 0.725024 0.0219035 0.0388826 9.9991E-05
9.9955E-05 0.0413026 9.9955E-05 9.9955E-05 0.918359 9.9955E-05 0.039839 9.9955E-05
0.0158589 9.9982E-05 9.9982E-05 0.0495312 0.900131 0.0104145 0.022697 0.00116735
0.0682295 0.0815493 9.9982E-05 0.00420605 0.770434 0.0599549 9.9982E-05 0.0154265
0.034025 0.0447376 0.0474206 0.0219058 0.786108 0.0656029 9.9982E-05 9.9982E-05
0.10291 0.108159 0.0710934 9.9991E-05 0.634942 0.0292908 0.0267298 0.0267747
9.9964E-05 9.9964E-05 0.0450532 0.191726 0.750562 0.0122585 9.9964E-05 9.9964E-05
9.9955E-05 0.0195042 9.9955E-05 9.9955E-05 0.946989 9.9955E-05 0.0330073 9.9955E-05
9.9955E-05 0.544599 9.9955E-05 0.0129571 0.441945 9.9955E-05 9.9955E-05 9.9955E-05
0.0292768 0.235786 0.0272656 0.0734399 0.560256 0.0737758 9.9982E-05 9.9982E-05
9.9982E-05 0.309615 0.0427968 9.9982E-05 0.475501 0.101354 0.00915836 0.0613742
0.0453538 0.271807 9.9982E-05 0.0416278 0.519089 0.105375 9.9982E-05 0.0165466
0.00331349 0.847291 0.0235129 9.9982E-05 0.0165759 0.0496788 9.9982E-05 0.059428
0.0457917 0.793351 0.0696874 0.0252957 0.0335591 0.032115 9.9982E-05 9.9982E-05
0.0392324 0.63152 0.0538557 9.9982E-05 0.203689 9.9982E-05 0.0478356 0.0236673
9.9982E-05 0.855076 0.0160612 9.9982E-05 0.0689829 0.0263974 0.0106778 0.0226046
0.0316078 0.670068 0.0550608 9.9973E-05 0.176408 0.0665552 9.9973E-05 9.9973E-05
9.9946E-05 0.991915 9.9946E-05 9.9946E-05 9.9946E-05 9.9946E-05 0.00748524 9.9946E-05
9.994E-05 0.9993 9.994E-05 9.994E-05 9.994E-05 9.994E-05 9.994E-05 9.994E-05
0.0382643 0.566139 0.023394 0.0153438 0.356559 9.9973E-05 9.9973E-05 9.9973E-05
0.0578631 0.644181 0.0502811 0.00130587 0.155263 0.0496956 0.0413101 9.9991E-05
0.0680966 0.433362 0.0154173 9.9982E-05 0.366383 9.9982E-05 0.0874021 0.0291385
9.9982E-05 0.670439 0.05272 9.9982E-05 0.192658 0.0314633 0.0359236 0.0165962
9.9973E-05 0.761627 0.0451829 0.0133191 0.16026 0.0193107 9.9973E-05 9.9973E-05
9.9964E-05 0.92951 9.9964E-05 9.9964E-05 0.0387532 0.0197053 0.0116321 9.9964E-05
0.0359312 0.630092 9.9991E-05 0.0614596 0.183745 0.0550128 0.0221215 0.0115377
0.0523962 0.54498 9.9991E-05 0.0472787 0.197318 0.0308678 0.0586099 0.0684505
0.0338163 0.78286 0.0745687 9.9982E-05 0.0961093 0.00272762 9.9982E-05 0.00971825
0.0541265 0.568026 0.0463028 9.9982E-05 0.177982 0.0774609 0.0759018 9.9982E-05
0.00724735 0.699554 0.00789679 9.9982E-05 0.168307 0.0967466 9.9982E-05 0.0200483
9.994E-05 0.9993 9.994E-05 9.994E-05 9.994E-05 9.994E-05 9.994E-05 9.994E-05
9.9982E-05 0.66356 9.9982E-05 0.0146142 0.155966 0.0837656 0.0543872 0.0275068
0.0892407 0.625002 9.9973E-05 0.0107462 0.191439 0.0832726 9.9973E-05 9.9973E-05
0.115853 0.710214 9.9991E-05 0.00704116 0.0772616 0.0263244 0.0234321 0.0397739
0.00453594 0.776139 0.0491344 0.0160343 0.0770536 0.0230958 0.0154763 0.0385307
0.0131114 0.906088 0.0348828 0.0375337 9.9973E-05 9.9973E-05 0.00808382 9.9973E-05
0.0880594 0.779752 9.9973E-05 9.9973E-05 0.0723404 0.0057949 0.0537533 9.9973E-05
9.9955E-05 0.963556 0.0187349 0.0172097 9.9955E-05 9.9955E-05 9.9955E-05 9.9955E-05
9.9946E-05 0.98598 9.9946E-05 9.9946E-05 9.9946E-05 9.9946E-05 9.9946E-05 0.0134199
0.00100383 0.859261 9.9973E-05 0.102185 9.9973E-05 9.9973E-05 0.0179049 0.0193455
9.9973E-05 0.653294 0.0150878 9.9973E-05 0.302143 0.00984335 9.9973E-05 0.0193315
9.99551E-05 0.986357 0.0044143 0.00872923 9.99551E-05 9.99551E-05 9.99551E-05 9.99551E-05
9.9973E-05 0.806321 0.0393051 9.9973E-05 0.05991 9.9973E-05 0.0512791 0.0428847
0.0231935 0.851965 0.0434195 0.0237774 9.9982E-05 0.0163253 9.9982E-05 0.0411196
9.99461E-05 0.923141 9.99461E-05 9.99461E-05 9.99461E-05 9.99461E-05 0.0762597 9.99461E-05
9.9955E-05 0.921216 9.9955E-05 9.9955E-05 9.9955E-05 0.0417982 0.0364859 9.9955E-05
0.04251 0.741839 9.9973E-05 0.115675 9.9973E-05 0.0648021 0.0348737 9.9973E-05
9.9946E-05 0.906438 9.9946E-05 9.9946E-05 9.9946E-05 0.0929627 9.9946E-05 9.9946E-05
9.9955E-05 0.983579 0.0126061 0.00331522 9.9955E-05 9.9955E-05 9.9955E-05 9.9955E-05
0.0393602 0.674942 9.9982E-05 0.0998502 0.0410549 9.9982E-05 0.0284818 0.116111
0.0806245 0.580935 0.0295263 0.0935395 0.0637238 0.036508 9.9991E-05 0.115043
0.0679753 0.674584 0.0173576 0.103762 9.9982E-05 0.020657 9.9982E-05 0.115464
0.111871 0.689764 0.0296675 0.0304307 9.9991E-05 0.0560656 0.00604733 0.0760533
0.0296475 0.699791 9.9973E-05 0.0919779 9.9973E-05 0.0249646 9.9973E-05 0.153319
0.0480193 0.729243 0.0326971 0.0692906 9.9982E-05 0.0271115 9.9982E-05 0.093439
0.181288 0.44651 0.0157592 0.0061344 0.146599 0.0353809 9.9991E-05 0.168229
0.080119 0.543236 0.0364691 0.0482749 0.0174796 0.0273679 0.00823566 0.238817
0.0704551 0.568712 0.0818634 0.0270925 0.0231651 0.0509166 9.9991E-05 0.177695
0.0904174 0.457506 0.0804979 0.0267505 0.158814 0.0439977 0.0303718 0.111644
0.129086 0.575764 9.9973E-05 9.9973E-05 0.0880007 0.0554327 9.9973E-05 0.151416
0.094837 0.586593 0.0506832 0.03934 9.9991E-05 0.0599778 0.000706652 0.167763
0.104519 0.460415 0.114567 0.0271145 0.0204996 0.155139 0.00954922 0.108196
0.0392804 0.577253 0.0774572 0.165009 0.0165114 9.9991E-05 0.0337608 0.0906282
0.0692773 0.56415 0.0549172 0.195689 9.9982E-05 9.9982E-05 0.0516783 0.0640881
0.0515737 0.407019 0.100184 9.9991E-05 0.0122529 0.173593 0.0153432 0.239934
9.994E-05 9.994E-05 9.994E-05 9.994E-05 9.994E-05 9.994E-05 9.994E-05 0.9993
0.0123376 9.9973E-05 9.9973E-05 0.000473682 0.00775162 9.9973E-05 0.0233822 0.955755
9.9982E-05 9.9982E-05 0.00601824 0.0831993 0.00747888 0.0213678 0.024127 0.857609
9.994E-05 9.994E-05 9.994E-05 9.994E-05 9.994E-05 9.994E-05 9.994E-05 0.9993
9.994E-05 9.994E-05 9.994E-05 9.994E-05 9.994E-05 9.994E-05 9.994E-05 0.9993
9.994E-05 9.994E-05 9.994E-05 9.994E-05 9.994E-05 9.994E-05 9.994E-05 0.9993
0.00483307 9.9946E-05 9.9946E-05 9.9946E-05 9.9946E-05 9.9946E-05 9.9946E-05 0.994567
9.9964E-05 0.00974283 0.0324537 9.9964E-05 0.034623 9.9964E-05 9.9964E-05 0.922781
9.9955E-05 9.9955E-05 0.00291425 9.9955E-05 9.9955E-05 0.0199634 9.9955E-05 0.976623
9.994E-05 9.994E-05 9.994E-05 9.994E-05 9.994E-05 9.994E-05 9.994E-05 0.9993
0.299083 0.228957 0.0800369 0.122585 0.0730305 0.0832393 9.9991E-05 0.112968
9.9955E-05 0.120149 9.9955E-05 0.0106961 9.9955E-05 9.9955E-05 9.9955E-05 0.868655
9.9946E-05 9.9946E-05 0.0129886 9.9946E-05 9.9946E-05 9.9946E-05 9.9946E-05 0.986412
9.9946E-05 9.9946E-05 9.9946E-05 0.00163405 9.9946E-05 9.9946E-05 9.9946E-05 0.997766
0.21944 0.395833 0.0169303 0.11807 9.9991E-05 0.11399 0.00533057 0.130306
0.195924 0.408865 0.0662953 0.122081 0.0196648 0.0794872 9.9991E-05 0.107582
0.233441 0.387947 0.0130328 0.15953 0.00540369 0.0443459 0.0138129 0.142488
0.218274 0.384221 0.0632066 0.100234 9.9982E-05 0.063039 9.9982E-05 0.170824
0.217391 0.39 0.0395861 0.141724 0.00692635 0.0758592 9.9991E-05 0.128413
0.171641 0.241477 0.0421413 0.224379 0.157716 0.076894 9.9991E-05 0.0856517
0.146822 0.384851 0.013328 0.147639 0.0537283 0.0883864 9.9991E-05 0.165145
0.223114 0.455494 9.9973E-05 0.167221 9.9973E-05 0.0520324 9.9973E-05 0.10184
0.122712 0.365318 0.0708775 0.162526 9.9982E-05 0.0514171 9.9982E-05 0.226949
0.145609 0.36093 0.0503953 0.176192 0.0247007 0.0409346 9.9991E-05 0.201139
0.13226 0.402289 0.0547297 0.118755 0.0911364 0.085595 9.9991E-05 0.115135
0.099745 0.38925 0.0162259 0.244687 0.0527839 0.0315606 9.9991E-05 0.165648
0.177796 0.456807 0.0923279 0.127869 9.9982E-05 0.0901936 9.9982E-05 0.0548064
0.230649 0.413696 0.067278 0.0821862 0.0277153 0.0645087 9.9991E-05 0.113866
0.83099 0.1139 0.0324093 0.00689273 9.9982E-05 0.0150061 0.000601997 9.9982E-05
0.874899 9.9973E-05 9.9973E-05 0.0286768 9.9973E-05 0.0623053 0.0291236 0.00469524
0.9993 9.994E-05 9.994E-05 9.994E-05 9.994E-05 9.994E-05 9.994E-05 9.994E-05
0.98151 9.9946E-05 9.9946E-05 9.9946E-05 0.0178906 9.9946E-05 9.9946E-05 9.9946E-05
0.9993 9.994E-05 9.994E-05 9.994E-05 9.994E-05 9.994E-05 9.994E-05 9.994E-05
0.9993 9.994E-05 9.994E-05 9.994E-05 9.994E-05 9.994E-05 9.994E-05 9.994E-05
0.992814 9.9946E-05 9.9946E-05 0.00658616 9.9946E-05 9.9946E-05 9.9946E-05 9.9946E-05
0.769849 0.0422425 9.9973E-05 0.131249 9.9973E-05 0.0265288 0.0298304 9.9973E-05
0.9993 9.994E-05 9.994E-05 9.994E-05 9.994E-05 9.994E-05 9.994E-05 9.994E-05
0.9993 9.994E-05 9.994E-05 9.994E-05 9.994E-05 9.994E-05 9.994E-05 9.994E-05
0.845765 9.9964E-05 9.9964E-05 0.0859333 9.9964E-05 9.9964E-05 0.0325945 0.0353076
0.9993 9.994E-05 9.994E-05 9.994E-05 9.994E-05 9.994E-05 9.994E-05 9.994E-05
0.750922 0.0654483 0.119219 0.0637856 0.000325691 9.9973E-05 9.9973E-05 9.9973E-05
9.994E-05 9.994E-05 0.9993 9.994E-05 9.994E-05 9.994E-05 9.994E-05 9.994E-05
0.17954 0.445857 0.0871755 0.056013 9.9982E-05 0.0548838 9.9982E-05 0.176331
9.9946E-05 9.9946E-05 0.986435 9.9946E-05 9.9946E-05 0.0129656 9.9946E-05 9.9946E-05
9.994E-05 9.994E-05 0.9993 9.994E-05 9.994E-05 9.994E-05 9.994E-05 9.994E-05
9.99461E-05 9.99461E-05 0.939102 0.0602988 9.99461E-05 9.99461E-05 9.99461E-05 9.99461E-05
0.00669487 0.148073 0.782959 9.9973E-05 0.0375933 9.9973E-05 0.0243798 9.9973E-05
9.994E-05 9.994E-05 0.9993 9.994E-05 9.994E-05 9.994E-05 9.994E-05 9.994E-05
0.0163757 0.131301 0.821279 0.0306446 9.9964E-05 9.9964E-05 9.9964E-05 9.9964E-05
9.9964E-05 9.9964E-05 0.971668 0.0132954 0.00117171 9.9964E-05 9.9964E-05 0.0134647
0.0375383 0.0159754 0.913436 9.9973E-05 0.0250681 9.9973E-05 9.9973E-05 0.00768229
9.9955E-05 9.9955E-05 0.971718 9.9955E-05 0.0190424 9.9955E-05 0.00874014 9.9955E-05
0.00613123 0.0100895 0.98328 9.9955E-05 9.9955E-05 9.9955E-05 9.9955E-05 9.9955E-05
0.00935638 9.9964E-05 0.966559 9.9964E-05 9.9964E-05 9.9964E-05 0.00898821 0.0146967
0.0375622 9.9973E-05 0.873312 9.9973E-05 0.00214269 0.0750964 9.9973E-05 0.0115873
9.9964E-05 9.9964E-05 0.956223 0.0294054 0.00497638 9.9964E-05 0.00899522 9.9964E-05
0.0212353 0.0456911 0.899222 0.00451708 9.9982E-05 9.9982E-05 0.00440237 0.0247321
9.9964E-05 0.0297899 0.858876 0.0774727 9.9964E-05 0.0334618 9.9964E-05 9.9964E-05
9.9973E-05 9.9973E-05 0.881201 0.0670185 9.9973E-05 0.036295 0.00816371 0.00702192
0.0032594 0.0191247 0.959627 0.000628177 0.0149158 0.00224448 9.9982E-05 9.9982E-05
0.0663004 0.35313 0.068527 0.12976 9.9991E-05 0.261233 0.0419571 0.0789927
0.0517403 0.373556 0.0422458 0.178559 9.9991E-05 0.280483 0.0173332 0.0559823
0.042132 0.339987 0.0565375 0.13501 9.9991E-05 0.255605 0.0527613 0.117867
0.0388463 0.361102 0.0697367 0.142304 9.9991E-05 0.265694 0.0775924 0.0446254
0.014282 9.9964E-05 9.9964E-05 0.97708 0.00483934 9.9964E-05 9.9964E-05 0.00339922
9.994E-05 9.994E-05 9.994E-05 0.9993 9.994E-05 9.994E-05 9.994E-05 9.994E-05
9.994E-05 9.994E-05 9.994E-05 0.9993 9.994E-05 9.994E-05 9.994E-05 9.994E-05
9.994E-05 9.994E-05 9.994E-05 0.9993 9.994E-05 9.994E-05 9.994E-05 9.994E-05
9.9946E-05 9.9946E-05 9.9946E-05 0.991499 9.9946E-05 9.9946E-05 9.9946E-05 0.00790164
9.9946E-05 9.9946E-05 0.00583213 0.993568 9.9946E-05 9.9946E-05 9.9946E-05 9.9946E-05
9.9964E-05 9.9964E-05 9.9964E-05 0.988447 9.9964E-05 0.000279365 0.00463952 0.00623454
0.0294614 0.0386902 0.0225531 0.768391 0.0957652 0.0294155 0.015624 9.9991E-05
0.00813267 0.0187599 0.0269298 0.896991 0.0470301 0.00195621 9.9982E-05 9.9982E-05
0.0142869 0.0138082 9.9964E-05 0.00213221 9.9964E-05 0.969373 9.9964E-05 9.9964E-05
9.994E-05 9.994E-05 9.994E-05 9.994E-05 9.994E-05 0.9993 9.994E-05 9.994E-05
9.994E-05 9.994E-05 9.994E-05 9.994E-05 9.994E-05 0.9993 9.994E-05 9.994E-05
9.994E-05 9.994E-05 9.994E-05 9.994E-05 9.994E-05 0.9993 9.994E-05 9.994E-05
9.994E-05 9.994E-05 9.994E-05 9.994E-05 9.994E-05 0.9993 9.994E-05 9.994E-05
9.9973E-05 0.0709958 9.9973E-05 0.0310628 0.020729 0.866835 9.9973E-05 0.010078
9.994E-05 9.994E-05 9.994E-05 9.994E-05 9.994E-05 0.9993 9.994E-05 9.994E-05
9.994E-05 9.994E-05 9.994E-05 9.994E-05 9.994E-05 0.9993 9.994E-05 9.994E-05
9.9955E-05 9.9955E-05 9.9955E-05 9.9955E-05 0.00782204 0.984374 0.00730426 9.9955E-05
0.0121437 9.9955E-05 0.0280171 9.9955E-05 9.9955E-05 0.959339 9.9955E-05 9.9955E-05
0.00396686 9.9955E-05 9.9955E-05 9.9955E-05 9.9955E-05 0.985668 9.9955E-05 0.00986493
0.0324876 9.9955E-05 9.9955E-05 0.00523482 9.9955E-05 0.961778 9.9955E-05 9.9955E-05
