9.994E-05 0.9993 9.994E-05 9.994E-05 9.994E-05 9.994E-05 9.994E-05 9.994E-05
9.9964E-05 0.275176 9.9964E-05 0.0586694 9.9964E-05 0.0910015 0.574753 9.9964E-05
9.9964E-05 0.252261 9.9964E-05 0.103668 9.9964E-05 0.0609423 0.582729 9.9964E-05
9.9973E-05 0.216057 9.9973E-05 0.00202145 0.117297 0.0107327 0.653592 9.9973E-05
0.0697285 0.0844381 9.9973E-05 9.9973E-05 0.138146 9.9973E-05 0.693373 0.0140146
9.9964E-05 0.164402 9.9964E-05 0.0172014 0.204329 9.9964E-05 0.613668 9.9964E-05
9.9946E-05 0.246604 9.9946E-05 9.9946E-05 9.9946E-05 9.9946E-05 0.752796 9.9946E-05
9.9973E-05 0.267373 9.9973E-05 0.0736006 0.0842756 0.026364 0.548087 9.9973E-05
9.9982E-05 0.138425 0.00510966 0.054803 9.9982E-05 0.0121202 0.709257 0.0800852
9.994E-05 0.9993 9.994E-05 9.994E-05 9.994E-05 9.994E-05 9.994E-05 9.994E-05
9.994E-05 0.9993 9.994E-05 9.994E-05 9.994E-05 9.994E-05 9.994E-05 9.994E-05
9.994E-05 0.9993 9.994E-05 9.994E-05 9.994E-05 9.994E-05 9.994E-05 9.994E-05
9.994E-05 0.9993 9.994E-05 9.994E-05 9.994E-05 9.994E-05 9.994E-05 9.994E-05
0.0588593 0.938252 9.9955E-05 9.9955E-05 9.9955E-05 9.9955E-05 0.00238862 9.9955E-05
0.00855434 0.971462 0.00636692 0.0132166 9.9964E-05 9.9964E-05 9.9964E-05 9.9964E-05
9.9964E-05 0.197486 9.9964E-05 0.00695696 0.388109 9.9964E-05 0.407048 9.9964E-05
0.102991 0.195627 0.00686442 0.0848547 0.179571 0.0562252 0.296637 0.0772304
9.9973E-05 0.20341 0.0366629 9.9973E-05 0.107204 9.9973E-05 0.632841 0.0195826
0.0600364 9.9955E-05 9.9955E-05 9.9955E-05 9.9955E-05 9.9955E-05 0.911679 0.0277846
0.0364442 9.9955E-05 0.0259542 9.9955E-05 9.9955E-05 9.9955E-05 0.937102 9.9955E-05
9.9964E-05 0.0159914 9.9964E-05 9.9964E-05 9.9964E-05 0.0206192 0.926194 0.0367959
0.0772795 9.9982E-05 0.0060965 0.0535617 0.0686188 0.00755587 0.786688 9.9982E-05
0.122594 9.9964E-05 9.9964E-05 0.034163 9.9964E-05 9.9964E-05 0.823283 0.0195602
0.0351473 0.0137373 0.0252856 9.9964E-05 9.9964E-05 9.9964E-05 0.92543 9.9964E-05
9.9955E-05 9.9955E-05 0.0337313 9.9955E-05 0.0777075 9.9955E-05 0.888061 9.9955E-05
0.0096929 9.9973E-05 0.056411 9.9973E-05 0.233278 9.9973E-05 0.652433 0.0478848
0.0478054 9.9973E-05 9.9973E-05 0.0788938 0.028387 9.9973E-05 0.751507 0.0931071
9.9955E-05 9.9955E-05 0.0345574 9.9955E-05 0.0216644 9.9955E-05 0.943278 9.9955E-05
0.023905 0.0354174 0.0212385 0.013287 0.1383 9.9991E-05 0.750637 0.0171152
9.9964E-05 0.0484709 0.00547841 9.9964E-05 0.0501783 9.9964E-05 0.895473 9.9964E-05
0.0445567 0.0297397 0.00955031 9.9973E-05 9.9973E-05 0.00162137 0.914232 9.9973E-05
0.0176267 9.9973E-05 0.0459592 9.9973E-05 0.0658822 9.9973E-05 0.788889 0.0813428
9.9982E-05 9.9982E-05 0.0139622 0.0660113 0.0742248 0.0197781 0.800848 0.0249759
0.0209464 0.0297484 0.125021 0.0690644 0.10878 9.9991E-05 0.643593 0.00274701
0.10031 9.9973E-05 9.9973E-05 0.081081 0.0246321 0.018004 0.775673 9.9973E-05
9.9964E-05 0.0428628 9.9964E-05 9.9964E-05 0.0262166 9.9964E-05 0.907823 0.0226975
0.00120172 9.9955E-05 9.9955E-05 9.9955E-05 0.468428 9.9955E-05 0.529871 9.9955E-05
0.0575865 9.9982E-05 0.0107453 0.0211116 0.270658 9.9982E-05 0.547955 0.0917436
0.018001 9.9982E-05 9.9982E-05 0.051075 0.259328 0.0449958 0.528598 0.097803
0.043005 0.00664054 0.0399434 9.9991E-05 0.2825 0.0361393 0.563641 0.0280308
9.9973E-05 9.9973E-05 0.035917 0.0314838 0.852148 0.0401897 0.0399618 9.9973E-05
9.9982E-05 0.0079524 9.9982E-05 0.0162848 0.871639 0.00424992 0.0750832 0.024591
9.9982E-05 0.0515311 0.0534124 0.0760629 0.554299 0.0264369 0.238058 9.9982E-05
9.9955E-05 9.9955E-05 9.9955E-05 9.9955E-05 0.910521 0.0118051 0.0771746 9.9955E-05
0.00924927 9.9982E-05 0.0380549 0.0861993 0.60387 9.9982E-05 0.205183 0.0572429
9.994E-05 9.994E-05 9.994E-05 9.994E-05 0.9993 9.994E-05 9.994E-05 9.994E-05
9.994E-05 9.994E-05 9.994E-05 9.994E-05 0.9993 9.994E-05 9.994E-05 9.994E-05
0.0508757 9.9973E-05 9.9973E-05 0.0460028 0.498447 9.9973E-05 0.376676 0.027699
9.9982E-05 0.0856972 0.0588756 0.0096522 0.661938 9.9982E-05 0.129274 0.0543633
0.023624 0.0759454 0.102535 0.0444257 0.403764 9.9982E-05 0.349506 9.9982E-05
9.9982E-05 0.0223877 9.9982E-05 0.0568475 0.678985 0.00403299 0.225507 0.0120398
0.0346656 0.0017694 9.9973E-05 0.033387 0.757736 9.9973E-05 0.172143 9.9973E-05
9.9973E-05 0.0221199 0.00251653 0.0417034 0.889765 9.9973E-05 9.9973E-05 0.0435949
0.123001 0.0241009 0.0258644 9.9991E-05 0.538505 0.0124748 0.21972 0.0562343
0.0644132 0.0512119 0.0633326 0.0109483 0.565368 0.0385475 0.187338 0.0188403
9.9982E-05 9.9982E-05 0.0784176 0.0828019 0.668997 0.0188975 0.137036 0.0136506
0.0199897 0.0767288 0.0481675 0.0753516 0.4999 9.9991E-05 0.212581 0.0671815
9.9973E-05 9.9973E-05 0.0187952 9.9973E-05 0.681762 0.0290684 0.188744 0.0813305
9.994E-05 9.994E-05 9.994E-05 9.994E-05 0.9993 9.994E-05 9.994E-05 9.994E-05
9.9982E-05 0.0586283 9.9982E-05 0.0488148 0.585648 0.0325411 0.201166 0.0730019
0.0131847 0.00189371 0.0557429 9.9982E-05 0.635423 9.9982E-05 0.19299 0.100566
9.9973E-05 0.0229228 0.0259752 9.9973E-05 0.756569 9.9973E-05 0.0903037 0.10393
0.0754443 0.0133954 9.9982E-05 0.0701857 0.713296 0.0197713 0.107707 9.9982E-05
0.0313573 9.99551E-05 9.99551E-05 9.99551E-05 0.957424 9.99551E-05 9.99551E-05 0.0107185
9.9973E-05 0.0228786 0.0178763 9.9973E-05 0.787659 9.9973E-05 0.103514 0.0677716
0.0207473 9.9955E-05 9.9955E-05 0.00797532 0.970778 9.9955E-05 9.9955E-05 9.9955E-05
9.9946E-05 9.9946E-05 9.9946E-05 9.9946E-05 0.962165 0.037235 9.9946E-05 9.9946E-05
0.100542 0.010227 9.9973E-05 0.0205003 0.836368 0.0320626 9.9973E-05 9.9973E-05
9.9973E-05 9.9973E-05 0.00443712 0.0033933 0.655468 9.9973E-05 0.284466 0.0519354
0.0252918 9.9964E-05 0.00170586 0.00955851 0.963044 9.9964E-05 9.9964E-05 9.9964E-05
9.9982E-05 0.0450083 0.0395553 0.0399104 0.738733 0.0418078 0.0947851 9.9982E-05
0.0344953 9.9982E-05 0.0317165 9.9982E-05 0.805139 0.0325583 0.0827799 0.0131111
0.00123888 0.0780619 9.9964E-05 9.9964E-05 0.91566 9.9964E-05 0.00463916 9.9964E-05
9.9955E-05 0.0412831 9.9955E-05 9.9955E-05 0.944622 9.9955E-05 9.9955E-05 0.0135953
0.0305086 0.0420613 0.12376 0.00866944 0.745363 9.9982E-05 9.9982E-05 0.0494376
0.0179518 0.012515 9.9964E-05 9.9964E-05 0.919551 9.9964E-05 9.9964E-05 0.0495825
0.0208932 9.9964E-05 9.9964E-05 0.0656548 0.895782 9.9964E-05 0.0172701 9.9964E-05
0.0824195 0.0543518 0.0208866 0.0144008 0.667051 0.16069 9.9982E-05 9.9982E-05
0.112614 9.9991E-05 0.07461 0.040507 0.603967 0.110464 0.0215748 0.0361631
0.0816223 9.9982E-05 0.0855393 0.0134158 0.682879 0.118832 9.9982E-05 0.0175117
0.0717982 9.9973E-05 0.066596 0.0330812 0.749934 0.0782905 9.9973E-05 9.9973E-05
0.0666327 9.9973E-05 0.0868117 9.9973E-05 0.724899 0.118355 9.9973E-05 0.00300175
0.0639206 9.9982E-05 0.0508089 0.0227802 0.742994 0.109216 9.9982E-05 0.0100806
0.017324 9.9982E-05 0.151712 9.9982E-05 0.421347 0.15206 0.191935 0.0654232
0.0710912 0.0236528 0.0611337 9.9991E-05 0.51407 0.246176 0.04929 0.0344866
0.0351587 0.00121741 0.0645325 0.121358 0.53681 0.181557 0.0517415 0.00762547
0.028882 0.0465457 0.087399 0.0656359 0.512887 0.0780222 0.132399 0.0482289
9.9973E-05 9.9973E-05 0.153911 9.9973E-05 0.547925 0.14696 0.112733 0.0381712
0.0685399 9.9991E-05 0.0437133 0.0368951 0.650369 0.150789 0.0102522 0.0393412
0.023283 0.00664572 0.143995 0.109978 0.457539 0.130918 0.0123046 0.115335
0.226164 0.0115785 0.0674807 0.0518827 0.53964 0.0663638 0.03679 9.9991E-05
0.189496 0.026954 0.0973895 0.0311249 0.576024 0.0546382 0.0242734 9.9991E-05
0.0171822 0.0193964 0.0602098 0.097584 0.393665 0.203111 0.0480933 0.160758
9.9955E-05 0.000297928 9.9955E-05 0.00668064 9.9955E-05 0.992522 9.9955E-05 9.9955E-05
9.9955E-05 0.0380846 0.0378679 9.9955E-05 9.9955E-05 0.923548 9.9955E-05 9.9955E-05
0.0624379 0.0308425 9.9982E-05 0.00612094 0.0186309 0.877301 9.9982E-05 0.00446647
9.994E-05 9.994E-05 9.994E-05 9.994E-05 9.994E-05 0.9993 9.994E-05 9.994E-05
9.994E-05 9.994E-05 9.994E-05 9.994E-05 9.994E-05 0.9993 9.994E-05 9.994E-05
9.994E-05 9.994E-05 9.994E-05 9.994E-05 9.994E-05 0.9993 9.994E-05 9.994E-05
9.9946E-05 9.9946E-05 9.9946E-05 0.000573631 9.9946E-05 0.998827 9.9946E-05 9.9946E-05
9.9973E-05 0.00990993 9.9973E-05 0.0248073 0.0216914 0.897447 0.0458442 9.9973E-05
0.013715 9.9955E-05 0.00777337 9.9955E-05 9.9955E-05 0.978012 9.9955E-05 9.9955E-05
9.994E-05 9.994E-05 9.994E-05 9.994E-05 9.994E-05 0.9993 9.994E-05 9.994E-05
0.0667317 9.9991E-05 0.315744 0.0887852 0.295842 0.115404 0.0585964 0.0587965
9.9955E-05 9.9955E-05 9.9955E-05 9.9955E-05 0.0565878 0.910553 9.9955E-05 0.0323591
9.9964E-05 0.00638872 9.9964E-05 0.0250342 9.9964E-05 0.94265 9.9964E-05 0.0255271
9.9946E-05 9.9946E-05 9.9946E-05 9.9946E-05 9.9946E-05 0.994968 9.9946E-05 0.00443238
0.0831293 9.9982E-05 0.248525 0.0230376 0.377908 0.14826 9.9982E-05 0.11894
0.0833308 9.9991E-05 0.217998 0.0502841 0.393771 0.150847 0.00970687 0.093962
0.177615 9.9991E-05 0.188181 0.0337994 0.379555 0.144193 0.00210582 0.0744513
0.0919901 9.9991E-05 0.215121 0.0613951 0.370336 0.161765 0.0100089 0.0892837
0.146075 9.9991E-05 0.219577 0.0462717 0.406097 0.0987684 0.0126476 0.070463
0.227977 9.9991E-05 0.155632 0.000712057 0.284 0.0845219 0.175885 0.0711716
0.136728 9.9991E-05 0.130032 0.0560007 0.383436 0.152946 0.0676351 0.0731238
0.157663 9.9991E-05 0.215029 0.00223713 0.443002 0.130229 0.00745624 0.044284
0.16175 9.9982E-05 0.134204 0.100452 0.338299 0.225102 9.9982E-05 0.0399933
0.144944 9.9991E-05 0.163599 0.0707173 0.334967 0.206533 0.0231784 0.0559612
0.123529 9.9991E-05 0.135909 0.0765505 0.434877 0.110489 0.0356154 0.082931
0.187052 0.0105469 0.0850341 0.0407192 0.353053 0.208399 0.0667781 0.0484188
0.107491 0.00647975 0.180594 0.083576 0.498162 0.0648608 9.9991E-05 0.0587358
0.0650665 9.9991E-05 0.256011 0.0414671 0.396173 0.132717 0.0584539 0.050012
0.00163194 9.9955E-05 0.974064 9.9955E-05 9.9955E-05 9.9955E-05 9.9955E-05 0.0238043
0.0169966 0.0315201 0.887723 9.9982E-05 9.9982E-05 0.0141946 0.0325431 0.016823
9.994E-05 9.994E-05 0.9993 9.994E-05 9.994E-05 9.994E-05 9.994E-05 9.994E-05
9.9946E-05 9.9946E-05 0.990172 9.9946E-05 0.00922812 9.9946E-05 9.9946E-05 9.9946E-05
9.994E-05 9.994E-05 0.9993 9.994E-05 9.994E-05 9.994E-05 9.994E-05 9.994E-05
9.9946E-05 9.9946E-05 0.982 0.0173998 9.9946E-05 9.9946E-05 9.9946E-05 9.9946E-05
9.994E-05 9.994E-05 0.9993 9.994E-05 9.994E-05 9.994E-05 9.994E-05 9.994E-05
0.126282 0.07246 0.800759 9.9955E-05 9.9955E-05 9.9955E-05 9.9955E-05 9.9955E-05
9.9955E-05 9.9955E-05 0.975333 0.0123649 9.9955E-05 9.9955E-05 9.9955E-05 0.0118021
9.994E-05 9.994E-05 0.9993 9.994E-05 9.994E-05 9.994E-05 9.994E-05 9.994E-05
0.0637478 0.033922 0.858656 0.0219944 9.9973E-05 0.0213802 9.9973E-05 9.9973E-05
9.9946E-05 9.9946E-05 0.989554 9.9946E-05 9.9946E-05 9.9946E-05 9.9946E-05 0.00984616
0.035971 0.00616783 0.744867 0.0476592 0.135 9.9982E-05 9.9982E-05 0.0301351
9.994E-05 9.994E-05 9.994E-05 0.9993 9.994E-05 9.994E-05 9.994E-05 9.994E-05
0.0693536 9.9982E-05 0.178439 0.0961406 0.378505 0.192548 9.9982E-05 0.084814
9.994E-05 9.994E-05 9.994E-05 0.9993 9.994E-05 9.994E-05 9.994E-05 9.994E-05
9.994E-05 9.994E-05 9.994E-05 0.9993 9.994E-05 9.994E-05 9.994E-05 9.994E-05
0.0502643 0.00315923 9.9973E-05 0.91505 9.9973E-05 0.0234165 0.00781018 9.9973E-05
9.9982E-05 9.9982E-05 0.0447652 0.774948 0.0841884 0.0253327 0.061161 0.00940459
9.994E-05 9.994E-05 9.994E-05 0.9993 9.994E-05 9.994E-05 9.994E-05 9.994E-05
0.104962 9.9973E-05 0.0399674 0.812483 0.0343136 9.9973E-05 9.9973E-05 0.00797462
0.0255067 9.9955E-05 9.9955E-05 0.968473 9.9955E-05 0.00552085 9.9955E-05 9.9955E-05
9.9982E-05 9.9982E-05 0.0284648 0.92031 0.01341 0.00409905 0.00600188 0.0275146
9.9955E-05 0.00849403 9.9955E-05 0.985561 9.9955E-05 9.9955E-05 0.00544504 9.9955E-05
9.99461E-05 9.99461E-05 9.99461E-05 0.989181 9.99461E-05 9.99461E-05 9.99461E-05 0.0102195
9.9964E-05 9.9964E-05 0.0222529 0.964653 9.9964E-05 0.00629028 9.9964E-05 0.00640395
9.9964E-05 9.9964E-05 0.0754491 0.831463 9.9964E-05 0.019507 9.9964E-05 0.0731814
0.0121981 0.00977624 9.9973E-05 0.948264 0.00106337 9.9973E-05 9.9973E-05 0.0283981
0.072386 0.0128249 0.0139104 0.85579 0.0374487 0.00743953 9.9982E-05 9.9982E-05
0.0388486 0.0153454 9.9973E-05 0.869959 0.0219272 9.9973E-05 9.9973E-05 0.0536195
0.0299983 0.032946 9.9982E-05 0.88719 0.00424109 0.0211792 9.9982E-05 0.0242459
0.0190984 9.9964E-05 0.0572934 0.906529 9.9964E-05 0.0166793 9.9964E-05 9.9964E-05
0.114043 0.0567039 0.0452717 0.048138 0.421066 0.0643467 9.9991E-05 0.250331
0.114689 0.0357748 0.0259398 0.0335768 0.418735 0.0735423 0.0425611 0.255181
0.10733 0.0290026 0.0110872 0.0575181 0.401406 0.117502 9.9991E-05 0.276055
0.111819 0.0511955 0.00436213 0.0455858 0.464039 0.0710488 9.9991E-05 0.25185
0.94121 0.00734414 0.0142817 0.01513 9.9982E-05 9.9982E-05 0.0192576 0.00257625
0.9993 9.994E-05 9.994E-05 9.994E-05 9.994E-05 9.994E-05 9.994E-05 9.994E-05
0.951543 9.9973E-05 0.0185522 0.00974685 9.9973E-05 0.0101488 9.9973E-05 0.00970919
0.9993 9.994E-05 9.994E-05 9.994E-05 9.994E-05 9.994E-05 9.994E-05 9.994E-05
0.987182 9.99603E-05 9.99603E-05 9.99603E-05 9.99603E-05 0.0002455 9.99603E-05 0.0120729
0.988279 0.0111218 9.9946E-05 9.9946E-05 9.9946E-05 9.9946E-05 9.9946E-05 9.9946E-05
0.958484 9.9964E-05 0.00239592 9.9964E-05 0.0162846 0.0224357 9.9964E-05 9.9964E-05
0.745381 0.0194681 0.0678446 0.0641041 9.9982E-05 9.9982E-05 0.100174 0.00282793
0.829556 0.0280496 0.00261299 0.0240929 0.0578959 9.9991E-05 0.0529329 0.00475973
9.994E-05 9.994E-05 9.994E-05 9.994E-05 9.994E-05 9.994E-05 9.994E-05 0.9993
9.994E-05 9.994E-05 9.994E-05 9.994E-05 9.994E-05 9.994E-05 9.994E-05 0.9993
9.994E-05 9.994E-05 9.994E-05 9.994E-05 9.994E-05 9.994E-05 9.994E-05 0.9993
9.994E-05 9.994E-05 9.994E-05 9.994E-05 9.994E-05 9.994E-05 9.994E-05 0.9993
9.994E-05 9.994E-05 9.994E-05 9.994E-05 9.994E-05 9.994E-05 9.994E-05 0.9993
0.0289716 0.0104672 9.9982E-05 9.9982E-05 0.054381 0.0150779 0.0239231 0.866979
9.994E-05 9.994E-05 9.994E-05 9.994E-05 9.994E-05 9.994E-05 9.994E-05 0.9993
9.994E-05 9.994E-05 9.994E-05 9.994E-05 9.994E-05 9.994E-05 9.994E-05 0.9993
9.9946E-05 0.00869197 9.9946E-05 9.9946E-05 9.9946E-05 9.9946E-05 9.9946E-05 0.990708
9.9973E-05 9.9973E-05 0.00725891 0.00733605 0.0367676 0.0112085 9.9973E-05 0.937129
9.9946E-05 9.9946E-05 0.0262654 9.9946E-05 9.9946E-05 9.9946E-05 9.9946E-05 0.973135
0.0209644 9.9964E-05 9.9964E-05 9.9964E-05 9.9964E-05 0.0010013 0.00341141 0.974223
