9.994E-05 9.994E-05 9.994E-05 9.994E-05 9.994E-05 9.994E-05 9.994E-05 0.9993
9.9964E-05 9.9964E-05 9.9964E-05 0.0684232 9.9964E-05 0.622437 0.0514835 0.257257
9.9964E-05 9.9964E-05 9.9964E-05 0.0491148 9.9964E-05 0.63181 0.0915906 0.227085
0.0744193 9.9964E-05 9.9964E-05 9.9964E-05 9.9964E-05 0.698743 0.00573577 0.220702
0.0655466 9.9973E-05 0.121565 9.9973E-05 0.0237124 0.700349 9.9973E-05 0.0885274
0.243268 9.9964E-05 9.9964E-05 9.9964E-05 9.9964E-05 0.499329 0.0878911 0.169112
9.9946E-05 9.9946E-05 9.9946E-05 9.9946E-05 9.9946E-05 0.723806 9.9946E-05 0.275594
0.0728018 0.0187354 9.9991E-05 0.0094821 0.016962 0.515502 0.0779165 0.2885
9.9973E-05 9.9973E-05 9.9973E-05 0.00634086 0.0623573 0.678159 0.0678367 0.185006
9.994E-05 9.994E-05 9.994E-05 9.994E-05 9.994E-05 9.994E-05 9.994E-05 0.9993
9.994E-05 9.994E-05 9.994E-05 9.994E-05 9.994E-05 9.994E-05 9.994E-05 0.9993
9.994E-05 9.994E-05 9.994E-05 9.994E-05 9.994E-05 9.994E-05 9.994E-05 0.9993
9.9946E-05 9.9946E-05 9.9946E-05 0.020455 9.9946E-05 9.9946E-05 9.9946E-05 0.978945
9.9964E-05 9.9964E-05 0.0616506 9.9964E-05 0.0160256 0.0171179 9.9964E-05 0.904806
0.0282028 9.9955E-05 9.9955E-05 9.9955E-05 9.9955E-05 9.9955E-05 0.00704633 0.964251
0.367969 9.9964E-05 9.9964E-05 9.9964E-05 0.0302976 0.44737 9.9964E-05 0.153963
0.226415 9.9991E-05 0.10667 0.0716484 0.0675263 0.280893 0.00240788 0.244339
0.0876585 0.0111188 9.9973E-05 9.9973E-05 0.0225641 0.709906 9.9973E-05 0.168453
9.9964E-05 9.9964E-05 0.0125634 0.0116793 0.03328 0.942077 9.9964E-05 9.9964E-05
9.9955E-05 0.0449386 0.0260849 9.9955E-05 9.9955E-05 0.928477 9.9955E-05 9.9955E-05
9.9955E-05 9.9955E-05 9.9955E-05 9.9955E-05 0.0676259 0.892788 9.9955E-05 0.0390859
0.0463967 0.0165139 0.0802581 0.0134484 9.9982E-05 0.774854 0.068329 9.9982E-05
9.9955E-05 9.9955E-05 0.110054 9.9955E-05 9.9955E-05 0.874085 0.0153612 9.9955E-05
9.9955E-05 0.0148994 0.0296734 9.9955E-05 9.9955E-05 0.954928 9.9955E-05 9.9955E-05
0.0500361 0.00615731 0.00910899 9.9973E-05 0.0223807 0.912017 9.9973E-05 9.9973E-05
0.308234 0.0170251 9.9973E-05 9.9973E-05 0.0146124 0.643371 0.0164573 9.9973E-05
0.0513813 9.9973E-05 0.0843135 9.9973E-05 0.115653 0.696694 0.0516586 9.9973E-05
0.0300066 9.9955E-05 9.9955E-05 9.9955E-05 9.9955E-05 0.962246 0.00724778 9.9955E-05
0.138556 0.0703265 0.03446 0.0218459 0.00299933 0.708213 9.9991E-05 0.0234999
0.0165988 9.9964E-05 9.9964E-05 9.9964E-05 9.9964E-05 0.957397 0.00636302 0.0192413
9.9973E-05 9.9973E-05 0.0368844 0.00924101 0.011687 0.925743 9.9973E-05 0.0161444
9.9982E-05 0.0755518 0.000585949 0.0204125 0.0371115 0.849271 0.0168673 9.9982E-05
0.144726 0.00473361 0.0235468 0.0230838 0.0539103 0.741601 0.00829835 9.9991E-05
0.118961 0.11167 9.9982E-05 0.013029 9.9982E-05 0.658697 0.0527748 0.0446686
0.00842093 0.02924 0.157912 9.9973E-05 9.9973E-05 0.788432 0.0156956 9.9973E-05
9.9946E-05 9.9946E-05 9.9946E-05 9.9946E-05 9.9946E-05 0.951082 9.9946E-05 0.0483188
0.457342 9.9955E-05 0.0192719 9.9955E-05 9.9955E-05 0.522887 9.9955E-05 9.9955E-05
0.263722 0.0125907 0.0826063 9.9982E-05 0.0544149 0.545579 0.0408869 9.9982E-05
0.161125 9.9982E-05 0.0217799 0.0645931 0.0929807 0.603443 0.0558783 9.9982E-05
0.267824 0.0298178 0.0401645 0.0156176 0.0561746 0.590202 9.9982E-05 9.9982E-05
0.830676 0.034462 9.9982E-05 0.0794807 0.00316016 0.032128 0.019893 9.9982E-05
0.878044 0.0407985 0.012199 9.9982E-05 9.9982E-05 0.0127768 0.0430604 0.0129211
0.634235 0.0167695 9.9982E-05 0.0415905 9.9982E-05 0.167909 0.0779096 0.0613862
0.920512 9.9964E-05 9.9964E-05 0.0133115 9.9964E-05 0.0377862 0.0279899 9.9964E-05
0.633657 0.0259889 9.9973E-05 9.9973E-05 0.0494706 0.233493 0.057091 9.9973E-05
0.98064 9.9946E-05 9.9946E-05 9.9946E-05 9.9946E-05 0.0187604 9.9946E-05 9.9946E-05
0.9993 9.994E-05 9.994E-05 9.994E-05 9.994E-05 9.994E-05 9.994E-05 9.994E-05
0.544455 0.0407911 0.0313143 0.00439682 0.0112693 0.321832 0.045841 9.9991E-05
0.617382 0.0483601 9.9982E-05 9.9982E-05 0.0800553 0.145734 0.0456916 0.0625773
0.473459 0.0496916 9.9982E-05 0.0151183 0.00557839 0.375524 9.9982E-05 0.0804294
0.62109 9.9973E-05 9.9973E-05 9.9973E-05 0.0718455 0.235625 0.0458855 0.0252548
0.718915 9.9964E-05 0.0505984 9.9964E-05 9.9964E-05 0.202776 0.0273102 9.9964E-05
0.960109 9.9946E-05 9.9946E-05 9.9946E-05 9.9946E-05 9.9946E-05 9.9946E-05 0.0392914
0.618858 0.0528548 0.0289508 9.9982E-05 0.0314586 0.241914 9.9982E-05 0.0257638
0.517897 0.060205 0.0324113 0.0584511 0.0440003 0.243323 9.9991E-05 0.043612
0.652153 0.0487866 9.9973E-05 0.0665609 9.9973E-05 0.174154 0.0580456 9.9973E-05
0.545835 0.0668168 0.033431 0.00737911 0.0488423 0.172847 0.0504165 0.0744322
0.641802 0.0192875 0.012273 0.0190929 0.0673068 0.240038 9.9982E-05 9.9982E-05
0.9764 9.9955E-05 9.9955E-05 9.9955E-05 9.9955E-05 9.9955E-05 0.0164338 0.00666637
0.586082 9.9973E-05 9.9973E-05 9.9973E-05 0.0937455 0.270993 0.0256778 0.0232014
0.660673 0.0174313 9.9973E-05 9.9973E-05 0.107576 0.190583 9.9973E-05 0.023437
0.864631 0.0555965 0.024025 9.9973E-05 9.9973E-05 0.0448431 9.9973E-05 0.0106042
0.73098 9.9991E-05 0.0372805 0.055503 0.0707235 0.0574651 0.0437773 0.00417105
0.911609 9.9955E-05 0.071847 9.9955E-05 9.9955E-05 9.9955E-05 0.0160438 9.9955E-05
0.816718 0.0324465 9.9973E-05 9.9973E-05 0.0186244 0.130421 9.9973E-05 0.00149007
0.885692 9.9955E-05 0.0855995 9.9955E-05 9.9955E-05 9.9955E-05 0.0282085 9.9955E-05
0.95959 9.9955E-05 9.9955E-05 0.0247803 0.0151303 9.9955E-05 9.9955E-05 9.9955E-05
0.883006 9.9964E-05 0.0658991 0.0272992 9.9964E-05 9.9964E-05 9.9964E-05 0.023396
0.617308 0.0121221 0.00295047 9.9982E-05 0.0609856 0.27344 0.0329933 9.9982E-05
0.965875 9.99461E-05 0.0335253 9.99461E-05 9.99461E-05 9.99461E-05 9.99461E-05 9.99461E-05
0.736103 0.00815029 9.9982E-05 0.0896006 9.9982E-05 0.0739501 0.0505282 0.0414682
0.826017 0.0180657 9.9973E-05 0.0346289 9.9973E-05 0.0726167 0.0483722 9.9973E-05
0.936544 9.9946E-05 9.9946E-05 9.9946E-05 9.9946E-05 9.9946E-05 9.9946E-05 0.062856
0.958227 9.9955E-05 9.9955E-05 9.9955E-05 0.00594413 9.9955E-05 9.9955E-05 0.0353286
0.764645 0.123173 0.0570307 9.9982E-05 0.0141121 9.9982E-05 0.00969848 0.0311403
0.941941 9.9955E-05 9.9955E-05 0.000664151 0.0568948 9.9955E-05 9.9955E-05 9.9955E-05
0.901612 9.9955E-05 9.9955E-05 0.0222954 9.9955E-05 9.9955E-05 0.0755928 9.9955E-05
0.696505 0.0205364 0.146247 0.0898982 9.9982E-05 0.035189 9.9982E-05 0.0114251
0.575627 0.131264 0.131334 0.0638882 0.0556568 0.014241 0.0278885 9.9991E-05
0.698773 0.0359366 0.0920947 0.109367 0.0385716 9.9982E-05 0.0250569 9.9982E-05
0.731188 0.103675 0.0553312 0.0690676 0.00784146 9.9991E-05 0.0323484 0.000448926
0.677864 0.0532817 0.095753 0.118278 0.054523 9.9973E-05 9.9973E-05 9.9973E-05
0.742294 0.0577073 0.0656037 0.0887951 0.0210151 9.9982E-05 0.0243846 9.9982E-05
0.457252 0.118289 0.0456332 0.101293 0.0255145 0.251819 9.9982E-05 9.9982E-05
0.497014 0.129805 0.0183621 0.218418 0.0425272 0.0597851 0.0256913 0.00839797
0.487725 0.0805651 0.0567475 0.182863 0.0311238 0.0377494 0.106987 0.0162398
0.35823 0.145708 0.0414275 0.0961283 0.0510088 0.181814 0.0815801 0.0441029
0.480122 0.141362 9.9973E-05 0.114721 0.0639613 0.199533 9.9973E-05 9.9973E-05
0.389546 0.0424151 0.149567 0.135047 0.0351401 0.145383 0.102801 9.9991E-05
0.382801 0.144843 0.0466203 0.110474 0.135618 0.0710817 0.103533 0.0050286
0.497692 0.036173 0.229884 0.0970473 9.9991E-05 0.0608717 0.0336694 0.0445622
0.441886 0.101732 0.244587 0.0813769 0.0105664 0.075173 0.0247275 0.019951
0.400324 0.0680116 0.0201068 0.201228 0.162451 0.0490551 0.0836813 0.0151428
9.9946E-05 0.0048712 9.9946E-05 0.994529 9.9946E-05 9.9946E-05 9.9946E-05 9.9946E-05
9.9955E-05 0.0174504 9.9955E-05 0.962842 9.9955E-05 9.9955E-05 9.9955E-05 0.0192081
0.0652754 9.9964E-05 0.0196334 0.903549 9.9964E-05 9.9964E-05 9.9964E-05 0.0111427
9.9946E-05 9.9946E-05 9.9946E-05 0.994165 9.9946E-05 9.9946E-05 0.00523502 9.9946E-05
9.994E-05 9.994E-05 9.994E-05 0.9993 9.994E-05 9.994E-05 9.994E-05 9.994E-05
9.994E-05 9.994E-05 9.994E-05 0.9993 9.994E-05 9.994E-05 9.994E-05 9.994E-05
9.994E-05 9.994E-05 9.994E-05 0.9993 9.994E-05 9.994E-05 9.994E-05 9.994E-05
9.9973E-05 9.9973E-05 0.000102934 0.913831 0.0312034 0.0384115 0.0161511 9.9973E-05
9.994E-05 9.994E-05 9.994E-05 0.9993 9.994E-05 9.994E-05 9.994E-05 9.994E-05
9.994E-05 9.994E-05 9.994E-05 0.9993 9.994E-05 9.994E-05 9.994E-05 9.994E-05
0.187156 0.292913 0.091143 0.115367 0.118485 0.0783865 0.116449 9.9991E-05
0.0982438 9.9946E-05 9.9946E-05 0.901156 9.9946E-05 9.9946E-05 9.9946E-05 9.9946E-05
9.9946E-05 9.9946E-05 9.9946E-05 0.990218 0.00918279 9.9946E-05 9.9946E-05 9.9946E-05
9.9964E-05 0.000567523 0.0379856 0.960576 0.000471088 9.9964E-05 9.9964E-05 9.9964E-05
0.354602 0.286222 0.0893157 0.103688 0.139168 0.00265458 0.0242509 9.9991E-05
0.343678 0.247946 0.0894371 0.122043 0.0890925 0.0354952 0.0722089 9.9991E-05
0.402101 0.228105 0.144017 0.0995512 0.0406845 0.0390048 0.0313541 0.0151826
0.289981 0.247183 0.0947515 0.16381 0.0997748 0.0445449 0.0598554 9.9991E-05
0.324787 0.261707 0.126679 0.136238 0.0969807 0.0112777 0.0422316 9.9991E-05
0.345011 0.188645 0.172103 0.103532 9.9982E-05 0.187266 0.00324263 9.9982E-05
0.389094 0.177257 0.141595 0.152075 0.0231801 0.0496056 0.022927 0.0442662
0.408733 0.232164 0.132295 0.134822 0.0680078 0.0237789 9.9982E-05 9.9982E-05
0.315595 0.160042 0.162012 0.202589 0.0534442 0.0157516 0.089023 0.00154278
0.303893 0.145346 0.14222 0.195073 0.0764546 0.0572097 0.0783622 0.00144158
0.369571 0.149469 0.118262 0.104788 0.0849596 0.0863254 0.0865253 9.9991E-05
0.272839 0.108104 0.183278 0.217593 0.0570615 0.0641691 0.0968556 9.9991E-05
0.412666 0.223434 0.100593 0.0806847 0.0679947 0.0171564 0.0935394 0.00393193
0.396393 0.238159 0.0524212 0.137364 0.104641 0.0261946 0.0403669 0.00445964
9.9955E-05 0.946131 0.0448039 9.9955E-05 9.9955E-05 9.9955E-05 0.00856528 9.9955E-05
9.9982E-05 0.893626 0.0226685 0.00782853 0.0556021 0.0184399 9.9982E-05 0.00163508
9.994E-05 0.9993 9.994E-05 9.994E-05 9.994E-05 9.994E-05 9.994E-05 9.994E-05
9.9964E-05 0.981231 9.9964E-05 0.00113373 0.00311655 0.0141191 9.9964E-05 9.9964E-05
9.994E-05 0.9993 9.994E-05 9.994E-05 9.994E-05 9.994E-05 9.994E-05 9.994E-05
9.994E-05 0.9993 9.994E-05 9.994E-05 9.994E-05 9.994E-05 9.994E-05 9.994E-05
9.9946E-05 0.995303 0.00409738 9.9946E-05 9.9946E-05 9.9946E-05 9.9946E-05 9.9946E-05
0.0839321 0.71518 0.165359 9.9973E-05 9.9973E-05 0.012735 9.9973E-05 0.0224934
9.9946E-05 0.984664 9.9946E-05 9.9946E-05 9.9946E-05 9.9946E-05 0.0147367 9.9946E-05
9.9946E-05 0.994086 9.9946E-05 9.9946E-05 0.00531426 9.9946E-05 9.9946E-05 9.9946E-05
9.9964E-05 0.876279 0.0916373 0.0173658 9.9964E-05 9.9964E-05 9.9964E-05 0.0143184
9.994E-05 0.9993 9.994E-05 9.994E-05 9.994E-05 9.994E-05 9.994E-05 9.994E-05
0.163896 0.701583 0.0114008 0.00771927 0.0534445 9.9982E-05 0.0617561 9.9982E-05
9.994E-05 9.994E-05 9.994E-05 9.994E-05 9.994E-05 9.994E-05 0.9993 9.994E-05
0.315816 0.163635 0.0974871 0.211905 0.0530553 0.0550533 0.102949 9.9991E-05
9.994E-05 9.994E-05 9.994E-05 9.994E-05 9.994E-05 9.994E-05 0.9993 9.994E-05
9.994E-05 9.994E-05 9.994E-05 9.994E-05 9.994E-05 9.994E-05 0.9993 9.994E-05
9.99551E-05 9.99551E-05 0.057268 9.99551E-05 9.99551E-05 9.99551E-05 0.922183 0.0200495
0.146021 0.0234046 0.0266715 9.9973E-05 9.9973E-05 0.0082797 0.795324 9.9973E-05
9.994E-05 9.994E-05 9.994E-05 9.994E-05 9.994E-05 9.994E-05 0.9993 9.994E-05
0.0641171 0.0157509 0.00880158 9.9964E-05 9.9964E-05 9.9964E-05 0.910931 9.9964E-05
9.994E-05 9.994E-05 9.994E-05 9.994E-05 9.994E-05 9.994E-05 0.9993 9.994E-05
9.9955E-05 0.0240899 9.9955E-05 0.0272708 9.9955E-05 9.9955E-05 0.94814 9.9955E-05
9.994E-05 9.994E-05 9.994E-05 9.994E-05 9.994E-05 9.994E-05 0.9993 9.994E-05
0.00751042 9.9955E-05 0.0102452 9.9955E-05 9.9955E-05 9.9955E-05 0.981745 9.9955E-05
9.9964E-05 0.0135571 9.9964E-05 0.0208654 9.9964E-05 0.0220318 0.943146 9.9964E-05
0.0289818 0.0655969 0.00226226 0.0714668 0.0500567 0.0145287 0.767007 9.9991E-05
0.000139651 0.00587208 0.0160081 9.9982E-05 0.0229938 9.9982E-05 0.948154 0.00663275
0.116523 0.00335514 0.0208219 9.9973E-05 9.9973E-05 9.9973E-05 0.851654 0.00734582
0.0342445 0.0225215 0.055576 0.0222755 0.00617972 9.9991E-05 0.83866 0.0204427
0.051901 9.9964E-05 9.9964E-05 9.9964E-05 0.0518386 9.9964E-05 0.863879 0.0319817
9.9946E-05 0.0273754 9.9946E-05 9.9946E-05 9.9946E-05 9.9946E-05 0.972025 9.9946E-05
0.418586 0.0624178 0.153633 0.0728711 0.234594 9.9991E-05 0.0463805 0.011418
0.528637 0.0156542 0.121883 0.0138364 0.264406 0.00557939 0.0373567 0.0126475
0.422249 9.9982E-05 0.153468 0.0667453 0.272561 9.9982E-05 0.0367321 0.0480441
0.482103 0.0577006 0.0765252 0.0748482 0.247512 9.9991E-05 0.0340501 0.027161
9.9973E-05 0.0382333 0.905616 9.9973E-05 0.0276693 0.014847 0.0133341 9.9973E-05
9.994E-05 9.994E-05 0.9993 9.994E-05 9.994E-05 9.994E-05 9.994E-05 9.994E-05
0.0020145 0.00867415 0.983404 9.9964E-05 9.9964E-05 9.9964E-05 9.9964E-05 0.00550757
9.994E-05 9.994E-05 0.9993 9.994E-05 9.994E-05 9.994E-05 9.994E-05 9.994E-05
9.9946E-05 9.9946E-05 0.994072 9.9946E-05 0.00532844 9.9946E-05 9.9946E-05 9.9946E-05
9.9955E-05 9.9955E-05 0.965935 0.00530326 0.0282617 9.9955E-05 9.9955E-05 9.9955E-05
9.9964E-05 9.9964E-05 0.962443 0.0252481 9.9964E-05 9.9964E-05 0.00757882 0.00432986
9.9982E-05 0.0777988 0.76697 0.0116508 0.0227052 0.0502859 0.0703892 9.9982E-05
0.00285118 0.0214096 0.872043 9.9991E-05 0.00219105 0.0953756 0.0054005 0.000629604
9.9946E-05 0.00420568 9.9946E-05 9.9946E-05 0.995195 9.9946E-05 9.9946E-05 9.9946E-05
9.994E-05 9.994E-05 9.994E-05 9.994E-05 0.9993 9.994E-05 9.994E-05 9.994E-05
9.994E-05 9.994E-05 9.994E-05 9.994E-05 0.9993 9.994E-05 9.994E-05 9.994E-05
9.9946E-05 9.9946E-05 9.9946E-05 9.9946E-05 0.995701 9.9946E-05 9.9946E-05 0.00369931
9.994E-05 9.994E-05 9.994E-05 9.994E-05 0.9993 9.994E-05 9.994E-05 9.994E-05
0.0895193 9.9964E-05 9.9964E-05 9.9964E-05 0.886301 0.0191697 9.9964E-05 0.00461025
9.994E-05 9.994E-05 9.994E-05 9.994E-05 0.9993 9.994E-05 9.994E-05 9.994E-05
9.994E-05 9.994E-05 9.994E-05 9.994E-05 0.9993 9.994E-05 9.994E-05 9.994E-05
9.994E-05 9.994E-05 9.994E-05 9.994E-05 0.9993 9.994E-05 9.994E-05 9.994E-05
0.0209661 0.0303359 9.9955E-05 9.9955E-05 0.948198 9.9955E-05 9.9955E-05 9.9955E-05
9.994E-05 9.994E-05 9.994E-05 9.994E-05 0.9993 9.994E-05 9.994E-05 9.994E-05
9.994E-05 9.994E-05 9.994E-05 9.994E-05 0.9993 9.994E-05 9.994E-05 9.994E-05
