0.9996 9.997E-05 9.997E-05 9.997E-05 9.997E-05
0.856774 9.9982E-05 9.9982E-05 0.118789 0.0242367
9.997E-05 9.997E-05 9.997E-05 9.997E-05 0.9996
9.999E-05 0.0700034 0.015104 0.0237489 0.891044
0.733273 0.0218172 0.12462 0.0516377 0.0686522
0.863642 0.136058 9.9973E-05 9.9973E-05 9.9973E-05
0.890341 0.00840575 0.0761429 0.0250105 9.9991E-05
0.929488 0.0134044 9.9982E-05 0.056908 9.9982E-05
0.519616 9.9982E-05 0.248395 9.9982E-05 0.231788
0.516954 9.9991E-05 0.0630727 0.314913 0.10496
9.999E-05 0.977302 0.00424947 0.0102266 0.00812217
9.9973E-05 0.967315 9.9973E-05 0.0323849 9.9973E-05
0.17501 0.82469 9.9973E-05 9.9973E-05 9.9973E-05
0.0128007 0.793132 0.0622422 0.0876686 0.0441569
9.9982E-05 0.744784 9.9982E-05 0.118166 0.136851
9.997E-05 0.9996 9.997E-05 9.997E-05 9.997E-05
9.997E-05 0.9996 9.997E-05 9.997E-05 9.997E-05
9.999E-05 0.608839 0.186667 0.117122 0.0872717
9.9982E-05 0.770157 0.195574 0.0340693 9.9982E-05
9.9973E-05 0.922365 9.9973E-05 9.9973E-05 0.0773347
0.112302 0.668911 0.0413498 0.136753 0.0406838
0.362398 0.538246 0.0217503 0.0775051 9.9991E-05
0.0350697 0.96463 9.9973E-05 9.9973E-05 9.9973E-05
0.00909237 0.87644 9.9982E-05 0.114268 9.9982E-05
9.9982E-05 0.75189 9.9982E-05 0.210154 0.037756
0.0991589 0.676536 0.0275536 0.196651 9.9991E-05
9.9982E-05 0.479185 0.421577 0.0990376 9.9982E-05
0.00461035 0.467053 0.0924837 0.355937 0.0799163
0.0497945 0.508866 0.175908 0.265331 9.9991E-05
9.9982E-05 0.61126 0.00497108 0.383569 9.9982E-05
9.9982E-05 9.9982E-05 0.609663 0.179035 0.211102
0.125346 0.0105231 0.523107 0.165595 0.17543
9.9991E-05 0.0773119 0.802831 0.0227465 0.0970103
0.0406006 0.0656262 0.893573 9.9982E-05 9.9982E-05
9.9991E-05 0.352522 0.558087 0.0500171 0.0392735
0.0903055 0.0192927 0.861876 0.00998703 0.0185384
0.227887 0.14402 0.474837 0.0484422 0.104814
0.0522083 0.217233 0.667158 0.0531702 0.0102305
9.9982E-05 0.0910678 0.903619 9.9982E-05 0.00511348
0.0330679 0.140507 0.504178 0.306383 0.0158643
0.0897315 9.9982E-05 0.854762 9.9982E-05 0.0553061
0.117569 0.0899582 0.457217 0.263267 0.0719881
9.9991E-05 0.0788001 0.691025 0.0874581 0.142617
0.0655293 0.128997 0.762939 0.0424347 9.9991E-05
0.0149469 0.10188 0.785007 0.0964826 0.00168378
0.0588106 0.0581304 0.777046 0.105913 9.9991E-05
9.9973E-05 9.9973E-05 0.927494 0.0722063 9.9973E-05
9.9973E-05 9.9973E-05 0.873024 0.126676 9.9973E-05
0.00699177 0.0477354 0.630855 0.102606 0.211812
0.0245887 0.0797025 0.681814 0.131424 0.0824716
9.9973E-05 9.9973E-05 0.867845 0.131855 9.9973E-05
9.997E-05 9.997E-05 0.9996 9.997E-05 9.997E-05
0.0267383 9.9982E-05 0.728222 0.244839 9.9982E-05
9.9973E-05 9.9973E-05 0.970057 0.0296433 9.9973E-05
9.997E-05 9.997E-05 0.9996 9.997E-05 9.997E-05
0.0314389 9.9982E-05 0.623477 0.344884 9.9982E-05
9.9991E-05 0.0328312 0.164276 0.731399 0.0713941
0.0335046 0.0325436 0.274092 0.599077 0.0607825
0.0798181 9.9991E-05 0.133109 0.778536 0.00843662
0.140527 0.0106705 0.127333 0.721369 9.9991E-05
9.9982E-05 0.0253758 0.215482 0.758942 9.9982E-05
0.0401319 0.0186385 0.231818 0.651004 0.0584078
0.0578819 0.0023498 0.19178 0.747888 9.9991E-05
9.997E-05 9.997E-05 9.997E-05 0.9996 9.997E-05
9.9982E-05 0.0533801 0.110668 0.835752 9.9982E-05
9.997E-05 9.997E-05 9.997E-05 0.9996 9.997E-05
9.997E-05 9.997E-05 9.997E-05 0.9996 9.997E-05
9.9973E-05 9.9973E-05 9.9973E-05 0.976386 0.0233139
9.9973E-05 9.9973E-05 9.9973E-05 0.998464 0.00123624
9.9982E-05 9.9982E-05 0.0225912 0.962444 0.0147648
9.9973E-05 9.9973E-05 0.189924 0.809776 9.9973E-05
0.136579 9.9982E-05 0.249769 0.613452 9.9982E-05
9.9973E-05 9.9973E-05 9.9973E-05 0.976529 0.0231711
0.0162717 0.0233834 0.218803 0.741442 9.9991E-05
9.9982E-05 0.0398645 9.9982E-05 0.950334 0.0096015
9.997E-05 9.997E-05 9.997E-05 0.9996 9.997E-05
0.0672685 0.0116362 0.185703 0.735292 9.9991E-05
