9.99011E-05 9.99011E-05 9.99011E-05 0.992556 9.99011E-05 9.99011E-05 9.99011E-05 9.99011E-05 0.00634534 9.99011E-05 9.99011E-05 9.99011E-05 9.99011E-05
0.0890632 9.9919E-05 9.9919E-05 0.783668 9.9919E-05 0.100401 9.9919E-05 9.9919E-05 9.9919E-05 9.9919E-05 9.9919E-05 0.025968 9.9919E-05
9.9892E-05 9.9892E-05 9.9892E-05 9.9892E-05 9.9892E-05 9.9892E-05 9.9892E-05 0.998801 9.9892E-05 9.9892E-05 9.9892E-05 9.9892E-05 9.9892E-05
0.0834764 9.9928E-05 9.9928E-05 9.9928E-05 9.9928E-05 9.9928E-05 9.9928E-05 0.732819 9.9928E-05 0.111647 0.0507597 0.0204989 9.9928E-05
9.9928E-05 0.13377 0.0875821 0.754763 9.9928E-05 9.9928E-05 9.9928E-05 0.015812 9.9928E-05 0.00727272 9.9928E-05 9.9928E-05 9.9928E-05
9.9946E-05 0.031198 9.9946E-05 0.853547 0.0338653 9.9946E-05 0.0156994 0.031996 0.00330918 9.9946E-05 0.029785 9.9946E-05 9.9946E-05
9.9937E-05 9.9937E-05 0.0998193 0.815788 0.0489072 9.9937E-05 9.9937E-05 9.9937E-05 0.00178062 9.9937E-05 9.9937E-05 0.00565179 0.0273538
0.0398654 9.9946E-05 9.9946E-05 0.782075 0.00209779 0.00406717 0.0990191 9.9946E-05 9.9946E-05 0.072085 0.000190421 9.9946E-05 9.9946E-05
9.9928E-05 0.00402179 0.274952 0.457019 9.9928E-05 9.9928E-05 9.9928E-05 0.195239 9.9928E-05 9.9928E-05 9.9928E-05 9.9928E-05 0.0679689
9.9955E-05 9.9955E-05 0.093846 0.510148 0.0509651 0.140849 9.9955E-05 0.0596711 9.9955E-05 9.9955E-05 0.0348557 0.0241634 0.0850018
9.99191E-05 0.812447 9.99191E-05 9.99191E-05 9.99191E-05 9.99191E-05 0.0405021 9.99191E-05 0.0952344 9.99191E-05 0.0509172 9.99191E-05 9.99191E-05
9.98921E-05 9.98921E-05 9.98921E-05 9.98921E-05 9.98921E-05 9.98921E-05 0.998801 9.98921E-05 9.98921E-05 9.98921E-05 9.98921E-05 9.98921E-05 9.98921E-05
9.9937E-05 0.0711004 9.9937E-05 0.016859 9.9937E-05 9.9937E-05 0.814153 0.0589696 0.0267007 0.0115179 9.9937E-05 9.9937E-05 9.9937E-05
9.9892E-05 9.9892E-05 9.9892E-05 9.9892E-05 0.998801 9.9892E-05 9.9892E-05 9.9892E-05 9.9892E-05 9.9892E-05 9.9892E-05 9.9892E-05 9.9892E-05
0.0442132 0.810275 9.9928E-05 0.0381285 9.9928E-05 9.9928E-05 9.9928E-05 0.0937521 9.9928E-05 9.9928E-05 9.9928E-05 0.0128314 9.9928E-05
0.614312 0.158943 9.9946E-05 9.9946E-05 9.9946E-05 0.0124516 0.124788 9.9946E-05 0.0730143 9.9946E-05 0.00934517 0.00654635 9.9946E-05
9.991E-05 9.991E-05 9.991E-05 9.991E-05 9.991E-05 9.991E-05 0.0855782 9.991E-05 0.0112186 9.991E-05 0.902204 9.991E-05 9.991E-05
0.294876 0.037678 0.0619479 9.9955E-05 0.245372 0.155807 9.9955E-05 0.00152347 9.9955E-05 9.9955E-05 0.184863 9.9955E-05 0.017433
0.00266895 0.570265 9.9946E-05 9.9946E-05 0.29295 9.9946E-05 0.0184501 9.9946E-05 9.9946E-05 0.0133797 0.0460094 9.9946E-05 0.0556778
0.998801 9.9892E-05 9.9892E-05 9.9892E-05 9.9892E-05 9.9892E-05 9.9892E-05 9.9892E-05 9.9892E-05 9.9892E-05 9.9892E-05 9.9892E-05 9.9892E-05
0.104488 0.0382066 0.0266972 0.0384625 0.480287 0.0411755 0.0534779 9.9964E-05 9.9964E-05 9.9964E-05 0.170082 9.9964E-05 0.0467236
0.194799 0.0273451 9.9964E-05 0.176938 9.9964E-05 0.0633123 9.9964E-05 0.0107967 0.446169 0.00516822 0.0275784 9.9964E-05 0.0474934
9.9892E-05 9.9892E-05 9.9892E-05 9.9892E-05 9.9892E-05 9.9892E-05 9.9892E-05 9.9892E-05 0.998801 9.9892E-05 9.9892E-05 9.9892E-05 9.9892E-05
9.98921E-05 9.98921E-05 9.98921E-05 9.98921E-05 9.98921E-05 9.98921E-05 9.98921E-05 9.98921E-05 9.98921E-05 9.98921E-05 0.998801 9.98921E-05 9.98921E-05
9.991E-05 0.405926 9.991E-05 9.991E-05 0.5378 0.0552751 9.991E-05 9.991E-05 9.991E-05 9.991E-05 9.991E-05 9.991E-05 9.991E-05
9.9937E-05 9.9937E-05 0.024836 0.0370604 0.627901 0.135836 0.124174 9.9937E-05 0.0494928 9.9937E-05 9.9937E-05 9.9937E-05 9.9937E-05
9.9928E-05 0.749562 0.118301 9.9928E-05 9.9928E-05 9.9928E-05 9.9928E-05 9.9928E-05 9.9928E-05 0.049939 0.0602172 9.9928E-05 0.0211818
0.0911843 0.429531 9.9964E-05 0.00533506 9.9964E-05 0.290662 9.9964E-05 0.0372384 0.0427781 0.00786223 9.9964E-05 0.003721 0.0912882
0.0069246 0.390476 9.9955E-05 0.000955276 0.0145846 0.185835 0.129962 9.9955E-05 0.0183009 9.9955E-05 9.9955E-05 9.9955E-05 0.252462
9.99011E-05 0.992052 9.99011E-05 9.99011E-05 9.99011E-05 0.00684922 9.99011E-05 9.99011E-05 9.99011E-05 9.99011E-05 9.99011E-05 9.99011E-05 9.99011E-05
9.9928E-05 0.0633651 0.684111 9.9928E-05 9.9928E-05 0.112753 9.9928E-05 0.0835013 9.9928E-05 9.9928E-05 9.9928E-05 9.9928E-05 0.0554701
0.0188721 0.0829738 0.724186 0.0416011 9.9937E-05 9.9937E-05 9.9937E-05 0.0967839 0.0348831 9.9937E-05 9.9937E-05 9.9937E-05 9.9937E-05
0.00707294 0.0113628 9.9928E-05 9.9928E-05 9.9928E-05 0.0264826 9.9928E-05 0.0226499 9.9928E-05 9.9928E-05 9.9928E-05 9.9928E-05 0.931632
9.9919E-05 9.9919E-05 0.0281921 9.9919E-05 9.9919E-05 9.9919E-05 9.9919E-05 9.9919E-05 9.9919E-05 0.128942 0.0781042 9.9919E-05 0.763862
0.0499229 0.20785 9.9928E-05 9.9928E-05 9.9928E-05 9.9928E-05 0.0213392 9.9928E-05 9.9928E-05 9.9928E-05 9.9928E-05 0.00434899 0.715739
9.99191E-05 9.99191E-05 9.99191E-05 9.99191E-05 0.0058293 9.99191E-05 9.99191E-05 0.0191181 0.00588851 9.99191E-05 9.99191E-05 9.99191E-05 0.968265
0.120699 9.9919E-05 9.9919E-05 0.180245 9.9919E-05 9.9919E-05 9.9919E-05 9.9919E-05 9.9919E-05 0.0244559 9.9919E-05 9.9919E-05 0.673701
9.9928E-05 0.0279647 9.9928E-05 0.053882 9.9928E-05 0.0979469 9.9928E-05 9.9928E-05 0.0690298 9.9928E-05 9.9928E-05 9.9928E-05 0.750377
9.99101E-05 9.99101E-05 9.99101E-05 9.99101E-05 9.99101E-05 9.99101E-05 9.99101E-05 9.99101E-05 9.99101E-05 0.102923 9.99101E-05 0.000632572 0.895445
0.026228 0.0874852 9.9955E-05 0.012281 9.9955E-05 0.202555 9.9955E-05 0.0129107 9.9955E-05 0.0399512 9.9955E-05 0.0283501 0.589739
9.99191E-05 9.99191E-05 0.0283023 0.0173832 9.99191E-05 9.99191E-05 9.99191E-05 9.99191E-05 9.99191E-05 9.99191E-05 0.00611313 9.99191E-05 0.947302
9.9946E-05 9.9946E-05 9.9946E-05 0.0538752 0.0219708 0.339051 0.0516198 0.0654179 9.9946E-05 0.0846632 9.9946E-05 9.9946E-05 0.382803
0.0193642 9.9928E-05 0.0311545 9.9928E-05 9.9928E-05 0.0675069 0.0574114 9.9928E-05 9.9928E-05 9.9928E-05 9.9928E-05 9.9928E-05 0.823764
9.9928E-05 0.0447387 9.9928E-05 9.9928E-05 9.9928E-05 9.9928E-05 9.9928E-05 9.9928E-05 0.0150073 0.0934128 0.0811812 9.9928E-05 0.764861
9.99461E-05 0.027401 0.0318542 9.99461E-05 9.99461E-05 0.0914049 0.0507602 0.0166972 9.99461E-05 0.669405 9.99461E-05 9.99461E-05 0.111878
0.0219904 9.9937E-05 0.792034 9.9937E-05 0.0223328 9.9937E-05 0.082701 9.9937E-05 9.9937E-05 0.0607599 9.9937E-05 0.0194827 9.9937E-05
9.99191E-05 9.99191E-05 0.842041 9.99191E-05 9.99191E-05 9.99191E-05 9.99191E-05 9.99191E-05 9.99191E-05 9.99191E-05 0.112334 0.0270907 0.0176346
9.9901E-05 9.9901E-05 0.933683 9.9901E-05 9.9901E-05 9.9901E-05 9.9901E-05 9.9901E-05 9.9901E-05 0.0652181 9.9901E-05 9.9901E-05 9.9901E-05
0.100161 9.9955E-05 0.297082 0.0220631 9.9955E-05 9.9955E-05 0.0916267 0.0945798 9.9955E-05 0.215952 9.9955E-05 0.00477553 0.173261
9.9964E-05 0.0326169 0.52255 0.0267598 0.117786 0.060455 0.0447507 0.0137991 9.9964E-05 0.0255599 9.9964E-05 9.9964E-05 0.155322
9.9928E-05 9.9928E-05 0.209358 9.9928E-05 0.0354201 0.127372 9.9928E-05 9.9928E-05 0.00628506 0.620766 9.9928E-05 9.9928E-05 9.9928E-05
9.98921E-05 9.98921E-05 9.98921E-05 9.98921E-05 9.98921E-05 9.98921E-05 9.98921E-05 9.98921E-05 9.98921E-05 0.998801 9.98921E-05 9.98921E-05 9.98921E-05
9.99191E-05 9.99191E-05 0.0480029 9.99191E-05 9.99191E-05 0.130618 9.99191E-05 9.99191E-05 9.99191E-05 0.808476 9.99191E-05 0.0120045 9.99191E-05
9.991E-05 9.991E-05 9.991E-05 9.991E-05 9.991E-05 0.0452368 9.991E-05 9.991E-05 0.00389918 0.949865 9.991E-05 9.991E-05 9.991E-05
0.0219265 9.9928E-05 0.829422 9.9928E-05 0.00971191 9.9928E-05 9.9928E-05 9.9928E-05 9.9928E-05 0.064628 9.9928E-05 9.9928E-05 0.0735118
9.99281E-05 9.99281E-05 0.856438 9.99281E-05 9.99281E-05 9.99281E-05 0.0115607 0.0280985 9.99281E-05 0.054167 9.99281E-05 0.0489368 9.99281E-05
0.110981 9.99281E-05 0.0355016 9.99281E-05 9.99281E-05 0.806516 9.99281E-05 0.0365559 9.99281E-05 9.99281E-05 9.99281E-05 0.00964578 9.99281E-05
0.00958746 9.9937E-05 0.235936 9.9937E-05 9.9937E-05 0.654767 0.0133955 9.9937E-05 0.0131668 9.9937E-05 0.0724469 9.9937E-05 9.9937E-05
9.9928E-05 0.0596566 0.299942 9.9928E-05 9.9928E-05 0.582217 9.9928E-05 0.0411494 0.0162359 9.9928E-05 9.9928E-05 9.9928E-05 9.9928E-05
9.9937E-05 0.0854917 0.0568523 0.133262 9.9937E-05 0.65105 9.9937E-05 9.9937E-05 0.0212601 9.9937E-05 9.9937E-05 9.9937E-05 0.0513849
0.0252988 9.9928E-05 0.0275483 9.9928E-05 0.0156668 0.813225 9.9928E-05 9.9928E-05 9.9928E-05 0.117462 9.9928E-05 9.9928E-05 9.9928E-05
9.99281E-05 9.99281E-05 9.99281E-05 0.0272535 9.99281E-05 0.456139 9.99281E-05 0.0317638 9.99281E-05 9.99281E-05 9.99281E-05 0.0860834 0.397961
9.99281E-05 9.99281E-05 0.00210671 9.99281E-05 9.99281E-05 0.783872 0.0999926 9.99281E-05 9.99281E-05 0.0111945 9.99281E-05 9.99281E-05 0.102035
9.99012E-05 9.99012E-05 9.99012E-05 9.99012E-05 9.99012E-05 0.960484 9.99012E-05 9.99012E-05 9.99012E-05 9.99012E-05 9.99012E-05 0.0384168 9.99012E-05
0.0123912 9.9919E-05 9.9919E-05 9.9919E-05 0.0687259 0.798223 9.9919E-05 9.9919E-05 9.9919E-05 9.9919E-05 9.9919E-05 9.9919E-05 0.119761
9.99011E-05 9.99011E-05 9.99011E-05 9.99011E-05 9.99011E-05 0.970863 0.0280378 9.99011E-05 9.99011E-05 9.99011E-05 9.99011E-05 9.99011E-05 9.99011E-05
9.9919E-05 0.0377831 9.9919E-05 9.9919E-05 9.9919E-05 0.93963 0.016809 9.9919E-05 9.9919E-05 9.9919E-05 9.9919E-05 0.00487841 9.9919E-05
9.9919E-05 0.0581187 9.9919E-05 9.9919E-05 9.9919E-05 0.926975 9.9919E-05 9.9919E-05 0.00699702 0.00700998 9.9919E-05 9.9919E-05 9.9919E-05
9.99191E-05 9.99191E-05 9.99191E-05 9.99191E-05 9.99191E-05 0.982852 9.99191E-05 0.00469359 9.99191E-05 9.99191E-05 0.0109396 0.00061562 9.99191E-05
9.99011E-05 9.99011E-05 9.99011E-05 9.99011E-05 9.99011E-05 0.997766 9.99011E-05 0.00113531 9.99011E-05 9.99011E-05 9.99011E-05 9.99011E-05 9.99011E-05
0.00929903 9.99371E-05 9.99371E-05 9.99371E-05 9.99371E-05 0.946472 9.99371E-05 9.99371E-05 9.99371E-05 0.0136215 0.0108687 0.00497082 0.0140684
9.99371E-05 9.99371E-05 0.0148494 0.0706759 0.139201 0.614513 9.99371E-05 9.99371E-05 9.99371E-05 9.99371E-05 9.99371E-05 0.000983932 0.159078
9.99281E-05 0.00572142 0.014156 9.99281E-05 9.99281E-05 0.915584 9.99281E-05 0.056369 9.99281E-05 9.99281E-05 9.99281E-05 0.00737064 9.99281E-05
9.99201E-05 9.99201E-05 9.99201E-05 9.99201E-05 0.0866453 0.543746 9.99201E-05 9.99201E-05 9.99201E-05 0.124697 9.99201E-05 0.0468654 0.197247
0.00489903 0.0519858 9.9964E-05 9.9964E-05 0.0259465 0.306331 9.9964E-05 0.00890856 0.0413121 0.0253647 9.9964E-05 0.507663 0.02719
9.98921E-05 9.98921E-05 9.98921E-05 9.98921E-05 9.98921E-05 9.98921E-05 9.98921E-05 9.98921E-05 9.98921E-05 9.98921E-05 9.98921E-05 0.998801 9.98921E-05
9.9955E-05 0.0389379 9.9955E-05 0.00848655 9.9955E-05 0.608597 0.0104997 9.9955E-05 9.9955E-05 0.12927 0.00905457 0.0372984 0.157356
