9.98741E-05 9.98741E-05 0.998602 9.98741E-05 9.98741E-05 9.98741E-05 9.98741E-05 9.98741E-05 9.98741E-05 9.98741E-05 9.98741E-05 9.98741E-05 9.98741E-05 9.98741E-05 9.98741E-05
0.0176663 0.00483126 0.695393 0.083295 9.9919E-05 9.9919E-05 9.9919E-05 0.0569362 9.9919E-05 0.140979 9.9919E-05 9.9919E-05 9.9919E-05 9.9919E-05 9.9919E-05
9.98741E-05 0.998602 9.98741E-05 9.98741E-05 9.98741E-05 9.98741E-05 9.98741E-05 9.98741E-05 9.98741E-05 9.98741E-05 9.98741E-05 9.98741E-05 9.98741E-05 9.98741E-05 9.98741E-05
9.991E-05 0.885864 9.991E-05 9.991E-05 9.991E-05 9.991E-05 9.991E-05 9.991E-05 0.0637377 9.991E-05 9.991E-05 0.0119409 0.015791 0.0216668 9.991E-05
9.99101E-05 0.0365375 9.99101E-05 0.0118757 9.99101E-05 9.99101E-05 9.99101E-05 0.866566 9.99101E-05 0.0281372 9.99101E-05 9.99101E-05 9.99101E-05 9.99101E-05 0.0558842
9.98831E-05 9.98831E-05 0.0951733 9.98831E-05 9.98831E-05 9.98831E-05 9.98831E-05 9.98831E-05 9.98831E-05 9.98831E-05 9.98831E-05 9.98831E-05 9.98831E-05 9.98831E-05 0.903528
9.9928E-05 9.9928E-05 0.751328 0.00846084 9.9928E-05 9.9928E-05 9.9928E-05 0.034472 9.9928E-05 9.9928E-05 0.115462 0.0596545 9.9928E-05 0.00191641 0.0279069
9.98741E-05 9.98741E-05 9.98741E-05 9.98741E-05 9.98741E-05 9.98741E-05 9.98741E-05 0.998602 9.98741E-05 9.98741E-05 9.98741E-05 9.98741E-05 9.98741E-05 9.98741E-05 9.98741E-05
0.0315077 9.98921E-05 9.98921E-05 9.98921E-05 9.98921E-05 9.98921E-05 0.0484961 9.98921E-05 9.98921E-05 9.98921E-05 9.98921E-05 9.98921E-05 9.98921E-05 9.98921E-05 0.918798
0.010573 0.184973 0.243798 9.9937E-05 9.9937E-05 0.191944 0.126798 0.151337 9.9937E-05 9.9937E-05 9.9937E-05 0.0635118 9.9937E-05 0.0263664 9.9937E-05
9.98921E-05 9.98921E-05 9.98921E-05 9.98921E-05 0.00718913 9.98921E-05 9.98921E-05 9.98921E-05 9.98921E-05 0.957932 9.98921E-05 9.98921E-05 9.98921E-05 0.0336798 9.98921E-05
9.98921E-05 9.98921E-05 9.98921E-05 9.98921E-05 9.98921E-05 9.98921E-05 9.98921E-05 0.0306291 9.98921E-05 0.0039457 0.964226 9.98921E-05 9.98921E-05 9.98921E-05 9.98921E-05
9.98831E-05 9.98831E-05 9.98831E-05 9.98831E-05 9.98831E-05 9.98831E-05 9.98831E-05 9.98831E-05 9.98831E-05 0.966442 9.98831E-05 9.98831E-05 9.98831E-05 9.98831E-05 0.0322599
9.99101E-05 0.0382024 9.99101E-05 9.99101E-05 9.99101E-05 9.99101E-05 9.99101E-05 0.0241291 0.166546 9.99101E-05 0.759312 9.99101E-05 9.99101E-05 0.0108109 9.99101E-05
9.991E-05 0.0551495 9.991E-05 9.991E-05 9.991E-05 9.991E-05 9.991E-05 9.991E-05 9.991E-05 0.113248 0.757277 9.991E-05 0.0328566 0.0404693 9.991E-05
9.991E-05 9.991E-05 9.991E-05 9.991E-05 9.991E-05 9.991E-05 9.991E-05 9.991E-05 0.263518 0.247446 0.211382 9.991E-05 0.252169 9.991E-05 0.024486
9.98921E-05 9.98921E-05 9.98921E-05 9.98921E-05 9.98921E-05 9.98921E-05 9.98921E-05 9.98921E-05 0.946178 0.0331439 9.98921E-05 9.98921E-05 0.0194797 9.98921E-05 9.98921E-05
0.0711756 0.0324653 9.991E-05 9.991E-05 9.991E-05 9.991E-05 0.196994 9.991E-05 0.697718 9.991E-05 9.991E-05 9.991E-05 0.000647941 9.991E-05 9.991E-05
9.991E-05 9.991E-05 9.991E-05 9.991E-05 9.991E-05 0.0619467 9.991E-05 9.991E-05 0.0777459 0.0427193 0.763204 0.0533852 9.991E-05 9.991E-05 9.991E-05
9.99101E-05 0.136412 9.99101E-05 9.99101E-05 0.01903 9.99101E-05 9.99101E-05 9.99101E-05 0.747231 0.0509987 0.0453293 9.99101E-05 9.99101E-05 9.99101E-05 9.99101E-05
9.9937E-05 0.0380116 9.9937E-05 9.9937E-05 0.0900541 9.9937E-05 0.112122 9.9937E-05 0.475556 0.0258487 0.121015 9.9937E-05 0.0195456 9.9937E-05 0.117147
9.99011E-05 0.00173447 9.99011E-05 9.99011E-05 0.0926585 9.99011E-05 9.99011E-05 0.10506 9.99011E-05 9.99011E-05 9.99011E-05 9.99011E-05 0.799448 9.99011E-05 9.99011E-05
9.98741E-05 9.98741E-05 9.98741E-05 9.98741E-05 9.98741E-05 9.98741E-05 9.98741E-05 9.98741E-05 9.98741E-05 9.98741E-05 9.98741E-05 9.98741E-05 0.998602 9.98741E-05 9.98741E-05
9.98741E-05 9.98741E-05 9.98741E-05 9.98741E-05 9.98741E-05 9.98741E-05 9.98741E-05 9.98741E-05 0.998602 9.98741E-05 9.98741E-05 9.98741E-05 9.98741E-05 9.98741E-05 9.98741E-05
9.99101E-05 0.00943708 9.99101E-05 9.99101E-05 9.99101E-05 9.99101E-05 0.122077 9.99101E-05 0.0376425 0.0640721 0.765772 9.99101E-05 9.99101E-05 9.99101E-05 9.99101E-05
0.0624996 9.9919E-05 0.101878 0.00725247 9.9919E-05 9.9919E-05 0.0901255 9.9919E-05 0.0880927 9.9919E-05 0.649252 9.9919E-05 9.9919E-05 9.9919E-05 9.9919E-05
0.184076 9.99191E-05 9.99191E-05 9.99191E-05 0.0273649 9.99191E-05 9.99191E-05 9.99191E-05 0.0780499 9.99191E-05 0.528406 0.155102 0.0261009 9.99191E-05 9.99191E-05
9.9937E-05 0.0618807 9.9937E-05 0.208224 0.0744 9.9937E-05 0.0457691 9.9937E-05 9.9937E-05 9.9937E-05 0.481645 0.0321584 0.0892387 0.00598415 9.9937E-05
0.068331 9.9901E-05 9.9901E-05 0.20153 9.9901E-05 9.9901E-05 9.9901E-05 9.9901E-05 9.9901E-05 9.9901E-05 0.719168 9.9901E-05 9.9901E-05 9.9901E-05 0.00987245
0.123853 9.99011E-05 9.99011E-05 0.0264257 9.99011E-05 9.99011E-05 0.145207 9.99011E-05 9.99011E-05 9.99011E-05 0.703415 9.99011E-05 9.99011E-05 9.99011E-05 9.99011E-05
0.998602 9.98741E-05 9.98741E-05 9.98741E-05 9.98741E-05 9.98741E-05 9.98741E-05 9.98741E-05 9.98741E-05 9.98741E-05 9.98741E-05 9.98741E-05 9.98741E-05 9.98741E-05 9.98741E-05
0.967965 9.9892E-05 0.0142923 9.9892E-05 9.9892E-05 9.9892E-05 9.9892E-05 0.0165445 9.9892E-05 9.9892E-05 9.9892E-05 9.9892E-05 9.9892E-05 9.9892E-05 9.9892E-05
9.9919E-05 9.9919E-05 9.9919E-05 0.091633 0.701108 0.00553325 0.129316 9.9919E-05 9.9919E-05 9.9919E-05 0.0679814 0.00352966 9.9919E-05 9.9919E-05 9.9919E-05
9.9919E-05 9.9919E-05 0.000939092 9.9919E-05 0.563319 0.0278123 9.9919E-05 0.00217649 0.133748 9.9919E-05 9.9919E-05 0.271105 9.9919E-05 9.9919E-05 9.9919E-05
0.0946605 9.991E-05 9.991E-05 9.991E-05 0.860355 9.991E-05 9.991E-05 9.991E-05 9.991E-05 0.00554773 0.0311444 9.991E-05 0.0072935 9.991E-05 9.991E-05
9.98921E-05 9.98921E-05 9.98921E-05 9.98921E-05 0.319574 0.632544 9.98921E-05 9.98921E-05 9.98921E-05 9.98921E-05 9.98921E-05 9.98921E-05 9.98921E-05 9.98921E-05 0.0466824
9.9901E-05 9.9901E-05 0.0903387 9.9901E-05 0.804405 9.9901E-05 9.9901E-05 0.0823331 9.9901E-05 9.9901E-05 9.9901E-05 9.9901E-05 0.0218242 9.9901E-05 9.9901E-05
9.98831E-05 9.98831E-05 9.98831E-05 9.98831E-05 9.98831E-05 0.973387 9.98831E-05 9.98831E-05 9.98831E-05 9.98831E-05 9.98831E-05 9.98831E-05 0.0253146 9.98831E-05 9.98831E-05
9.99011E-05 9.99011E-05 9.99011E-05 0.010559 0.959221 9.99011E-05 9.99011E-05 9.99011E-05 9.99011E-05 0.0151388 9.99011E-05 9.99011E-05 9.99011E-05 0.0139818 9.99011E-05
9.9937E-05 9.9937E-05 0.0319657 9.9937E-05 0.509676 0.0248248 0.340705 9.9937E-05 9.9937E-05 0.0450093 9.9937E-05 0.0101995 0.00742842 0.0294916 9.9937E-05
0.209086 9.99101E-05 9.99101E-05 9.99101E-05 0.0400059 0.717222 9.99101E-05 9.99101E-05 0.0177351 9.99101E-05 9.99101E-05 9.99101E-05 9.99101E-05 9.99101E-05 0.0149515
9.9946E-05 0.0889951 0.032452 9.9946E-05 0.0635441 0.261091 0.282237 0.00379164 0.0226683 9.9946E-05 0.165212 0.0794099 9.9946E-05 9.9946E-05 9.9946E-05
0.0879532 9.98921E-05 9.98921E-05 9.98921E-05 0.799286 9.98921E-05 0.111562 9.98921E-05 9.98921E-05 9.98921E-05 9.98921E-05 9.98921E-05 9.98921E-05 9.98921E-05 9.98921E-05
9.9946E-05 9.9946E-05 0.0134682 0.0995918 0.436365 9.9946E-05 9.9946E-05 9.9946E-05 0.027871 9.9946E-05 0.103054 0.242564 0.0520105 0.00995592 0.0145194
0.170592 9.99101E-05 9.99101E-05 9.99101E-05 9.99101E-05 0.0702969 0.123574 9.99101E-05 9.99101E-05 0.112704 9.99101E-05 0.521833 9.99101E-05 9.99101E-05 9.99101E-05
0.277743 9.9946E-05 0.0113516 0.0795929 0.0284943 9.9946E-05 0.0178121 9.9946E-05 9.9946E-05 0.0139124 0.0785787 0.491288 9.9946E-05 0.000627132 9.9946E-05
0.007095 9.99011E-05 9.99011E-05 9.99011E-05 9.99011E-05 9.99011E-05 9.99011E-05 9.99011E-05 0.0397547 9.99011E-05 9.99011E-05 0.933453 9.99011E-05 0.0185983 9.99011E-05
0.044427 9.99101E-05 9.99101E-05 0.0309118 9.99101E-05 0.0311086 0.12601 9.99101E-05 9.99101E-05 9.99101E-05 9.99101E-05 0.766544 9.99101E-05 9.99101E-05 9.99101E-05
9.991E-05 0.0671314 9.991E-05 9.991E-05 0.186633 9.991E-05 9.991E-05 9.991E-05 9.991E-05 9.991E-05 0.239487 0.484047 9.991E-05 9.991E-05 0.0217025
0.0809667 9.99261E-05 9.99261E-05 0.0372102 0.291762 9.99261E-05 0.129801 0.106746 9.99261E-05 9.99261E-05 9.99261E-05 0.352615 9.99261E-05 9.99261E-05 9.99261E-05
9.9901E-05 0.00656342 9.9901E-05 0.226229 9.9901E-05 9.9901E-05 9.9901E-05 9.9901E-05 9.9901E-05 9.9901E-05 9.9901E-05 0.726305 0.0398034 9.9901E-05 9.9901E-05
9.98921E-05 9.98921E-05 9.98921E-05 9.98921E-05 9.98921E-05 9.98921E-05 9.98921E-05 9.98921E-05 9.98921E-05 0.0103776 9.98921E-05 0.977079 9.98921E-05 9.98921E-05 0.0113449
0.0167929 9.99191E-05 9.99191E-05 9.99191E-05 9.99191E-05 9.99191E-05 0.257668 9.99191E-05 9.99191E-05 0.0283451 9.99191E-05 0.658648 0.0227024 0.0149453 9.99191E-05
9.9901E-05 9.9901E-05 9.9901E-05 9.9901E-05 9.9901E-05 0.0958624 0.0889501 9.9901E-05 9.9901E-05 9.9901E-05 9.9901E-05 0.755064 0.0590245 9.9901E-05 9.9901E-05
9.98921E-05 9.98921E-05 9.98921E-05 0.100885 9.98921E-05 0.0576395 9.98921E-05 9.98921E-05 9.98921E-05 9.98921E-05 9.98921E-05 0.840277 9.98921E-05 9.98921E-05 9.98921E-05
9.99011E-05 0.0164568 9.99011E-05 0.21295 9.99011E-05 9.99011E-05 9.99011E-05 9.99011E-05 9.99011E-05 9.99011E-05 9.99011E-05 0.747017 9.99011E-05 0.022477 9.99011E-05
0.00471455 0.0159042 9.9946E-05 0.325832 9.9946E-05 0.028108 0.49641 0.0630235 0.00909956 9.9946E-05 9.9946E-05 0.0341159 9.9946E-05 0.0221931 9.9946E-05
0.0499521 9.9937E-05 9.9937E-05 0.694852 0.0826346 9.9937E-05 0.00261641 0.0337291 0.0727049 9.9937E-05 0.0360394 9.9937E-05 0.0267724 9.9937E-05 9.9937E-05
0.0628086 0.035763 9.9928E-05 0.842748 9.9928E-05 0.00816974 9.9928E-05 9.9928E-05 0.0096023 0.0161824 9.9928E-05 9.9928E-05 9.9928E-05 9.9928E-05 0.0239266
0.0406633 9.9946E-05 0.0738525 0.207938 0.0480212 9.9946E-05 0.40157 0.0552823 9.9946E-05 9.9946E-05 0.0528019 0.00995257 0.109319 9.9946E-05 9.9946E-05
0.0692787 9.9928E-05 9.9928E-05 0.37338 9.9928E-05 0.0501518 0.371687 9.9928E-05 0.0272639 9.9928E-05 9.9928E-05 0.0766975 9.9928E-05 9.9928E-05 0.030742
9.99011E-05 9.99011E-05 9.99011E-05 0.0741806 9.99011E-05 0.786602 0.0754548 9.99011E-05 9.99011E-05 9.99011E-05 9.99011E-05 9.99011E-05 9.99011E-05 0.062664 9.99011E-05
9.9937E-05 0.0494861 9.9937E-05 0.692228 9.9937E-05 0.104481 0.0777179 9.9937E-05 0.0198093 0.00410529 9.9937E-05 0.040068 0.0114052 9.9937E-05 9.9937E-05
9.98742E-05 9.98742E-05 9.98742E-05 0.998602 9.98742E-05 9.98742E-05 9.98742E-05 9.98742E-05 9.98742E-05 9.98742E-05 9.98742E-05 9.98742E-05 9.98742E-05 9.98742E-05 9.98742E-05
9.9919E-05 9.9919E-05 9.9919E-05 0.274259 0.0883302 9.9919E-05 0.551838 9.9919E-05 0.0265598 9.9919E-05 0.0448672 9.9919E-05 9.9919E-05 0.0132457 9.9919E-05
9.99011E-05 9.99011E-05 9.99011E-05 9.99011E-05 9.99011E-05 0.00130534 0.981806 9.99011E-05 9.99011E-05 0.0109132 0.00487627 9.99011E-05 9.99011E-05 9.99011E-05 9.99011E-05
9.99011E-05 9.99011E-05 9.99011E-05 0.000972766 9.99011E-05 9.99011E-05 0.952466 9.99011E-05 9.99011E-05 0.0248208 9.99011E-05 9.99011E-05 9.99011E-05 0.0206418 9.99011E-05
0.0140316 0.0239588 9.99011E-05 9.99011E-05 9.99011E-05 9.99011E-05 0.943821 9.99011E-05 9.99011E-05 9.99011E-05 9.99011E-05 9.99011E-05 0.0170894 9.99011E-05 9.99011E-05
9.98831E-05 9.98831E-05 9.98831E-05 9.98831E-05 9.98831E-05 9.98831E-05 0.996739 9.98831E-05 9.98831E-05 9.98831E-05 9.98831E-05 9.98831E-05 9.98831E-05 0.00196291 9.98831E-05
9.98921E-05 0.0378088 9.98921E-05 0.178576 9.98921E-05 9.98921E-05 0.782417 9.98921E-05 9.98921E-05 9.98921E-05 9.98921E-05 9.98921E-05 9.98921E-05 9.98921E-05 9.98921E-05
0.0493835 9.99011E-05 9.99011E-05 9.99011E-05 9.99011E-05 9.99011E-05 0.937065 9.99011E-05 0.0119727 9.99011E-05 9.99011E-05 9.99011E-05 9.99011E-05 0.000480288 9.99011E-05
0.0216142 9.99191E-05 0.03983 0.685332 0.154156 0.0386055 9.99191E-05 9.99191E-05 9.99191E-05 9.99191E-05 0.0595632 9.99191E-05 9.99191E-05 9.99191E-05 9.99191E-05
9.98921E-05 9.98921E-05 9.98921E-05 0.961176 9.98921E-05 9.98921E-05 0.0363169 9.98921E-05 9.98921E-05 9.98921E-05 9.98921E-05 9.98921E-05 9.98921E-05 0.00130853 9.98921E-05
0.0210559 9.9955E-05 0.00686992 0.131017 0.0611611 0.0593792 0.440658 9.9955E-05 9.9955E-05 9.9955E-05 0.0673003 0.124069 0.0380052 0.0499856 9.9955E-05
9.9955E-05 0.00772986 0.0155847 0.168297 9.9955E-05 0.0528058 0.137697 0.0257092 0.0109377 9.9955E-05 9.9955E-05 0.0615514 0.0549954 0.464192 9.9955E-05
9.98741E-05 9.98741E-05 9.98741E-05 9.98741E-05 9.98741E-05 9.98741E-05 9.98741E-05 9.98741E-05 9.98741E-05 9.98741E-05 9.98741E-05 9.98741E-05 9.98741E-05 0.998602 9.98741E-05
9.993E-05 9.993E-05 0.0875455 0.00135101 0.127473 9.993E-05 0.526466 9.993E-05 9.993E-05 0.0265854 0.0611095 0.112696 9.993E-05 0.056073 9.993E-05
