9.98741E-05 9.98741E-05 9.98741E-05 9.98741E-05 9.98741E-05 9.98741E-05 9.98741E-05 9.98741E-05 0.998602 9.98741E-05 9.98741E-05 9.98741E-05 9.98741E-05 9.98741E-05 9.98741E-05
9.9937E-05 9.9937E-05 9.9937E-05 0.23571 0.0690958 9.9937E-05 0.4122 9.9937E-05 0.170305 0.0104979 9.9937E-05 0.0719958 9.9937E-05 0.0153153 0.0141812
9.98741E-05 9.98741E-05 9.98741E-05 9.98741E-05 9.98741E-05 9.98741E-05 9.98741E-05 9.98741E-05 9.98741E-05 9.98741E-05 9.98741E-05 0.998602 9.98741E-05 9.98741E-05 9.98741E-05
9.98921E-05 9.98921E-05 9.98921E-05 9.98921E-05 9.98921E-05 0.100627 9.98921E-05 9.98921E-05 9.98921E-05 9.98921E-05 9.98921E-05 0.893453 9.98921E-05 0.00472132 9.98921E-05
9.98741E-05 9.98741E-05 9.98741E-05 9.98741E-05 9.98741E-05 9.98741E-05 9.98741E-05 9.98741E-05 9.98741E-05 9.98741E-05 9.98741E-05 9.98741E-05 9.98741E-05 9.98741E-05 0.998602
0.0314874 9.99101E-05 9.99101E-05 0.106195 0.0234 9.99101E-05 9.99101E-05 9.99101E-05 0.0518284 9.99101E-05 9.99101E-05 9.99101E-05 9.99101E-05 9.99101E-05 0.78609
9.9874E-05 9.9874E-05 9.9874E-05 0.998602 9.9874E-05 9.9874E-05 9.9874E-05 9.9874E-05 9.9874E-05 9.9874E-05 9.9874E-05 9.9874E-05 9.9874E-05 9.9874E-05 9.9874E-05
9.98741E-05 9.98741E-05 9.98741E-05 9.98741E-05 9.98741E-05 9.98741E-05 0.998602 9.98741E-05 9.98741E-05 9.98741E-05 9.98741E-05 9.98741E-05 9.98741E-05 9.98741E-05 9.98741E-05
0.0153567 9.99011E-05 9.99011E-05 9.99011E-05 9.99011E-05 9.99011E-05 9.99011E-05 9.99011E-05 9.99011E-05 0.175629 9.99011E-05 0.0369449 9.99011E-05 9.99011E-05 0.770971
9.9919E-05 9.9919E-05 9.9919E-05 9.9919E-05 9.9919E-05 9.9919E-05 0.726289 0.0336731 0.0521777 9.9919E-05 9.9919E-05 0.0549552 0.117542 0.014464 9.9919E-05
9.98741E-05 9.98741E-05 9.98741E-05 9.98741E-05 0.998602 9.98741E-05 9.98741E-05 9.98741E-05 9.98741E-05 9.98741E-05 9.98741E-05 9.98741E-05 9.98741E-05 9.98741E-05 9.98741E-05
9.98742E-05 0.998602 9.98742E-05 9.98742E-05 9.98742E-05 9.98742E-05 9.98742E-05 9.98742E-05 9.98742E-05 9.98742E-05 9.98742E-05 9.98742E-05 9.98742E-05 9.98742E-05 9.98742E-05
9.98921E-05 9.98921E-05 9.98921E-05 0.0098396 0.954588 9.98921E-05 9.98921E-05 9.98921E-05 0.0343736 9.98921E-05 9.98921E-05 9.98921E-05 9.98921E-05 9.98921E-05 9.98921E-05
9.99011E-05 0.908697 9.99011E-05 9.99011E-05 9.99011E-05 0.0289765 9.99011E-05 9.99011E-05 9.99011E-05 9.99011E-05 9.99011E-05 0.0447486 9.99011E-05 0.0164793 9.99011E-05
0.0966649 9.9937E-05 0.425638 0.0487449 0.247182 0.00329732 9.9937E-05 0.0732732 9.9937E-05 9.9937E-05 9.9937E-05 0.0513894 9.9937E-05 0.053111 9.9937E-05
0.249793 0.104562 9.99147E-05 9.99147E-05 0.557307 0.0795151 9.99147E-05 9.99147E-05 9.99147E-05 9.99147E-05 9.99147E-05 9.99147E-05 0.00782318 9.99147E-05 9.99147E-05
9.98831E-05 9.98831E-05 9.98831E-05 9.98831E-05 9.98831E-05 0.99511 9.98831E-05 9.98831E-05 9.98831E-05 0.0035915 9.98831E-05 9.98831E-05 9.98831E-05 9.98831E-05 9.98831E-05
0.745976 9.991E-05 9.991E-05 9.991E-05 9.991E-05 9.991E-05 9.991E-05 0.0386242 9.991E-05 0.0361771 9.991E-05 9.991E-05 0.175368 0.00285598 9.991E-05
0.259934 0.104852 0.391183 9.9937E-05 0.101815 0.0414871 9.9937E-05 0.0846981 9.9937E-05 0.00711606 9.9937E-05 9.9937E-05 9.9937E-05 0.00821595 9.9937E-05
0.998602 9.98741E-05 9.98741E-05 9.98741E-05 9.98741E-05 9.98741E-05 9.98741E-05 9.98741E-05 9.98741E-05 9.98741E-05 9.98741E-05 9.98741E-05 9.98741E-05 9.98741E-05 9.98741E-05
0.668248 0.0646972 9.9928E-05 9.9928E-05 9.9928E-05 0.0734555 0.0127005 9.9928E-05 0.0448746 9.9928E-05 9.9928E-05 9.9928E-05 0.0762528 9.9928E-05 0.0589718
0.143576 9.99011E-05 0.278053 9.99011E-05 9.99011E-05 0.103754 0.473518 9.99011E-05 9.99011E-05 9.99011E-05 9.99011E-05 9.99011E-05 9.99011E-05 9.99011E-05 9.99011E-05
9.99101E-05 0.0161175 9.99101E-05 0.0434971 9.99101E-05 0.868979 9.99101E-05 9.99101E-05 0.0351637 9.99101E-05 9.99101E-05 0.0352432 9.99101E-05 9.99101E-05 9.99101E-05
0.105134 9.98921E-05 9.98921E-05 9.98921E-05 9.98921E-05 0.858566 9.98921E-05 9.98921E-05 9.98921E-05 9.98921E-05 9.98921E-05 9.98921E-05 0.0351021 9.98921E-05 9.98921E-05
0.010637 0.16568 0.176573 9.9919E-05 0.40759 9.9919E-05 9.9919E-05 0.16725 9.9919E-05 9.9919E-05 9.9919E-05 9.9919E-05 0.0713705 9.9919E-05 9.9919E-05
0.00704112 0.741739 9.9928E-05 0.0715652 0.000299422 9.9928E-05 9.9928E-05 9.9928E-05 0.0706035 0.0560637 9.9928E-05 9.9928E-05 0.0518884 9.9928E-05 9.9928E-05
0.00123416 0.00928375 0.891567 9.9928E-05 9.9928E-05 0.00545092 9.9928E-05 0.0200484 9.9928E-05 0.00241259 0.0692036 9.9928E-05 9.9928E-05 9.9928E-05 9.9928E-05
9.9928E-05 9.9928E-05 0.632808 9.9928E-05 0.0705512 0.0140996 9.9928E-05 9.9928E-05 9.9928E-05 9.9928E-05 9.9928E-05 0.0691166 0.162683 0.0154052 0.0345373
9.991E-05 0.100542 0.783403 9.991E-05 9.991E-05 9.991E-05 9.991E-05 9.991E-05 0.00876777 0.0904117 9.991E-05 9.991E-05 0.0158761 9.991E-05 9.991E-05
9.98741E-05 9.98741E-05 0.998602 9.98741E-05 9.98741E-05 9.98741E-05 9.98741E-05 9.98741E-05 9.98741E-05 9.98741E-05 9.98741E-05 9.98741E-05 9.98741E-05 9.98741E-05 9.98741E-05
9.98831E-05 9.98831E-05 9.98831E-05 9.98831E-05 9.98831E-05 9.98831E-05 9.98831E-05 9.98831E-05 9.98831E-05 0.960026 9.98831E-05 9.98831E-05 0.0386753 9.98831E-05 9.98831E-05
9.98831E-05 9.98831E-05 9.98831E-05 9.98831E-05 9.98831E-05 9.98831E-05 9.98831E-05 9.98831E-05 0.00817584 0.990526 9.98831E-05 9.98831E-05 9.98831E-05 9.98831E-05 9.98831E-05
0.00985974 9.99101E-05 0.11133 9.99101E-05 9.99101E-05 9.99101E-05 9.99101E-05 0.800342 9.99101E-05 9.99101E-05 9.99101E-05 9.99101E-05 0.0748947 0.00257517 9.99101E-05
9.98921E-05 9.98921E-05 9.98921E-05 9.98921E-05 9.98921E-05 0.0441787 9.98921E-05 0.74687 9.98921E-05 9.98921E-05 0.207752 9.98921E-05 9.98921E-05 9.98921E-05 9.98921E-05
0.0248334 0.159075 0.0364332 9.9937E-05 0.0464922 9.9937E-05 9.9937E-05 0.542861 9.9937E-05 0.181471 9.9937E-05 0.00381091 9.9937E-05 0.00432364 9.9937E-05
9.98921E-05 9.98921E-05 9.98921E-05 0.0525389 9.98921E-05 9.98921E-05 9.98921E-05 0.924238 9.98921E-05 0.0220244 9.98921E-05 9.98921E-05 9.98921E-05 9.98921E-05 9.98921E-05
0.122112 9.9919E-05 9.9919E-05 0.0104403 9.9919E-05 9.9919E-05 0.171805 0.682736 0.00550183 9.9919E-05 9.9919E-05 9.9919E-05 9.9919E-05 9.9919E-05 0.00650542
9.99101E-05 9.99101E-05 9.99101E-05 9.99101E-05 9.99101E-05 0.0580512 9.99101E-05 0.75341 0.0454919 0.0199081 9.99101E-05 9.99101E-05 0.12214 9.99101E-05 9.99101E-05
0.0444687 9.9919E-05 9.9919E-05 9.9919E-05 0.000933572 9.9919E-05 9.9919E-05 0.870743 9.9919E-05 9.9919E-05 0.0605498 0.00956524 9.9919E-05 0.0128404 9.9919E-05
9.9937E-05 9.9937E-05 0.0356081 0.0222805 0.0697641 9.9937E-05 9.9937E-05 0.554088 0.00236376 9.9937E-05 9.9937E-05 0.0384405 0.267568 0.00918727 9.9937E-05
9.99101E-05 9.99101E-05 9.99101E-05 0.0246472 9.99101E-05 9.99101E-05 0.0371404 0.550393 9.99101E-05 0.375401 9.99101E-05 9.99101E-05 0.0114188 9.99101E-05 9.99101E-05
9.9937E-05 0.113549 9.9937E-05 9.9937E-05 9.9937E-05 9.9937E-05 0.0433017 0.320624 0.0795144 0.0179147 0.147291 0.0178124 0.259294 9.9937E-05 9.9937E-05
9.991E-05 0.0969194 0.0987885 9.991E-05 9.991E-05 9.991E-05 9.991E-05 0.684679 9.991E-05 0.096676 9.991E-05 9.991E-05 0.0219377 9.991E-05 9.991E-05
9.9928E-05 0.0379516 0.00463003 9.9928E-05 9.9928E-05 0.0313293 9.9928E-05 0.779445 0.0346156 9.9928E-05 0.0846305 9.9928E-05 9.9928E-05 0.0265988 9.9928E-05
9.99281E-05 9.99281E-05 9.99281E-05 9.99281E-05 0.15396 9.99281E-05 0.00364277 0.135436 9.99281E-05 0.00914426 0.385274 0.0124726 0.29927 9.99281E-05 9.99281E-05
9.9901E-05 0.141272 0.166854 9.9901E-05 9.9901E-05 9.9901E-05 9.9901E-05 9.9901E-05 9.9901E-05 0.106933 0.583842 9.9901E-05 9.9901E-05 9.9901E-05 9.9901E-05
9.99281E-05 9.99281E-05 9.99281E-05 0.0230051 9.99281E-05 0.0719293 9.99281E-05 0.0456331 9.99281E-05 0.094879 0.624314 9.99281E-05 0.136863 0.00257753 9.99281E-05
9.98921E-05 9.98921E-05 9.98921E-05 9.98921E-05 9.98921E-05 9.98921E-05 9.98921E-05 9.98921E-05 9.98921E-05 0.0632451 0.841926 9.98921E-05 0.09363 9.98921E-05 9.98921E-05
9.9928E-05 0.0822396 0.137252 0.00859951 9.9928E-05 9.9928E-05 9.9928E-05 0.211158 9.9928E-05 0.00179627 0.445613 0.112543 9.9928E-05 9.9928E-05 9.9928E-05
9.9937E-05 0.0957204 9.9937E-05 9.9937E-05 9.9937E-05 9.9937E-05 9.9937E-05 0.151814 0.00486072 0.00635497 0.345306 0.0343921 0.236124 9.9937E-05 0.124728
0.0850417 9.991E-05 9.991E-05 0.00074882 9.991E-05 9.991E-05 9.991E-05 9.991E-05 9.991E-05 9.991E-05 0.779011 0.00499221 0.129207 9.991E-05 9.991E-05
9.98921E-05 9.98921E-05 9.98921E-05 9.98921E-05 9.98921E-05 9.98921E-05 9.98921E-05 9.98921E-05 0.0489268 9.98921E-05 0.949035 9.98921E-05 9.98921E-05 0.000839486 9.98921E-05
9.9937E-05 9.9937E-05 0.00820611 9.9937E-05 0.0771614 0.00373392 0.0371584 9.9937E-05 0.00793353 9.9937E-05 0.69078 9.9937E-05 0.168566 0.00576083 9.9937E-05
9.99101E-05 9.99101E-05 9.99101E-05 9.99101E-05 9.99101E-05 0.0488486 0.0133443 0.103199 0.00356517 9.99101E-05 0.690878 9.99101E-05 0.139266 9.99101E-05 9.99101E-05
9.9892E-05 9.9892E-05 9.9892E-05 9.9892E-05 9.9892E-05 9.9892E-05 9.9892E-05 0.100006 9.9892E-05 0.0922936 0.806501 9.9892E-05 9.9892E-05 9.9892E-05 9.9892E-05
9.98921E-05 9.98921E-05 9.98921E-05 0.0482389 9.98921E-05 9.98921E-05 9.98921E-05 9.98921E-05 9.98921E-05 9.98921E-05 0.907033 9.98921E-05 9.98921E-05 0.0435297 9.98921E-05
0.0481219 9.9928E-05 0.148592 0.0175682 9.9928E-05 9.9928E-05 9.9928E-05 0.0115032 9.9928E-05 9.9928E-05 9.9928E-05 0.0215806 0.738608 0.0132274 9.9928E-05
9.9928E-05 0.00645753 0.255157 9.9928E-05 9.9928E-05 0.00487294 9.9928E-05 0.065879 9.9928E-05 9.9928E-05 0.0687486 9.9928E-05 0.543701 9.9928E-05 0.0543841
9.9928E-05 9.9928E-05 0.0109404 9.9928E-05 9.9928E-05 0.0244981 0.0441324 9.9928E-05 9.9928E-05 0.0540785 0.13642 9.9928E-05 0.627911 9.9928E-05 0.101221
9.9946E-05 9.9946E-05 0.0671318 0.0748816 9.9946E-05 0.0154295 0.0679506 0.148154 0.0194805 0.00587273 0.0331355 9.9946E-05 0.567364 9.9946E-05 9.9946E-05
0.0147519 9.9919E-05 9.9919E-05 9.9919E-05 9.9919E-05 0.0288339 0.014759 9.9919E-05 9.9919E-05 0.0871894 0.0356687 9.9919E-05 0.817898 9.9919E-05 9.9919E-05
9.99191E-05 9.99191E-05 9.99191E-05 9.99191E-05 9.99191E-05 9.99191E-05 9.99191E-05 0.180153 0.00371777 0.010956 9.99191E-05 0.0938479 0.632738 0.0776879 9.99191E-05
9.99101E-05 9.99101E-05 9.99101E-05 9.99101E-05 9.99101E-05 9.99101E-05 9.99101E-05 0.0681868 0.0540873 9.99101E-05 0.0471938 9.99101E-05 0.797243 9.99101E-05 0.0322904
9.98922E-05 9.98922E-05 9.98922E-05 0.0555669 9.98922E-05 9.98922E-05 9.98922E-05 9.98922E-05 9.98922E-05 9.98922E-05 9.98922E-05 9.98922E-05 0.934395 0.00883955 9.98922E-05
0.0369341 0.0011496 0.0357178 9.9919E-05 9.9919E-05 9.9919E-05 9.9919E-05 0.095439 9.9919E-05 9.9919E-05 9.9919E-05 9.9919E-05 0.825297 0.00456325 9.9919E-05
9.99011E-05 9.99011E-05 9.99011E-05 9.99011E-05 0.00295295 0.038358 9.99011E-05 0.013534 9.99011E-05 9.99011E-05 9.99011E-05 9.99011E-05 0.944056 9.99011E-05 9.99011E-05
9.98741E-05 9.98741E-05 9.98741E-05 9.98741E-05 9.98741E-05 9.98741E-05 9.98741E-05 9.98741E-05 9.98741E-05 9.98741E-05 9.98741E-05 9.98741E-05 0.998602 9.98741E-05 9.98741E-05
0.0343588 9.99011E-05 9.99011E-05 9.99011E-05 9.99011E-05 9.99011E-05 9.99011E-05 9.99011E-05 9.99011E-05 9.99011E-05 0.00473498 0.0321928 0.927615 9.99011E-05 9.99011E-05
9.99011E-05 9.99011E-05 9.99011E-05 9.99011E-05 9.99011E-05 9.99011E-05 9.99011E-05 9.99011E-05 9.99011E-05 0.00591588 9.99011E-05 9.99011E-05 0.950538 0.0111525 0.0312944
9.98921E-05 9.98921E-05 9.98921E-05 9.98921E-05 9.98921E-05 9.98921E-05 9.98921E-05 9.98921E-05 9.98921E-05 9.98921E-05 0.0424052 0.0242646 0.932132 9.98921E-05 9.98921E-05
9.98922E-05 9.98922E-05 9.98922E-05 9.98922E-05 9.98922E-05 9.98922E-05 9.98922E-05 0.0439689 9.98922E-05 9.98922E-05 9.98922E-05 9.98922E-05 0.949897 0.00493544 9.98922E-05
9.99101E-05 9.99101E-05 9.99101E-05 0.142569 9.99101E-05 9.99101E-05 9.99101E-05 9.99101E-05 9.99101E-05 0.300969 0.0254674 9.99101E-05 0.503693 0.0263026 9.99101E-05
9.99011E-05 9.99011E-05 9.99011E-05 0.00314558 9.99011E-05 9.99011E-05 9.99011E-05 9.99011E-05 9.99011E-05 9.99011E-05 0.101102 0.0161153 0.878538 9.99011E-05 9.99011E-05
9.9919E-05 9.9919E-05 0.0215334 9.9919E-05 9.9919E-05 9.9919E-05 0.0128386 0.147528 0.031101 9.9919E-05 9.9919E-05 9.9919E-05 0.731559 0.0545409 9.9919E-05
0.02775 9.9946E-05 0.0444905 0.0107469 0.0183939 0.0346892 9.9946E-05 9.9946E-05 9.9946E-05 9.9946E-05 0.026332 0.00414585 0.313446 0.519406 9.9946E-05
9.98741E-05 9.98741E-05 9.98741E-05 9.98741E-05 9.98741E-05 9.98741E-05 9.98741E-05 9.98741E-05 9.98741E-05 9.98741E-05 9.98741E-05 9.98741E-05 9.98741E-05 0.998602 9.98741E-05
9.9919E-05 9.9919E-05 0.0935645 9.9919E-05 0.0255885 9.9919E-05 9.9919E-05 0.224646 0.036986 9.9919E-05 9.9919E-05 9.9919E-05 0.557006 0.06131 9.9919E-05
