9.995E-05 9.995E-05 9.995E-05 0.9994 9.995E-05 9.995E-05 9.995E-05
9.9964E-05 0.00499813 9.9964E-05 0.888972 9.9964E-05 9.9964E-05 0.10563
9.9964E-05 9.9964E-05 0.0724131 0.691704 0.235483 9.9964E-05 9.9964E-05
9.999E-05 0.0454381 0.382601 0.390615 0.0889263 0.0802755 0.0120441
9.9964E-05 9.9964E-05 0.103382 0.746127 9.9964E-05 0.150092 9.9964E-05
0.154516 9.9964E-05 0.00627966 0.838805 9.9964E-05 9.9964E-05 9.9964E-05
0.0547904 0.00214635 9.9982E-05 0.79799 9.9982E-05 0.0993724 0.0455004
0.208686 9.9964E-05 9.9964E-05 0.788977 9.9964E-05 0.00193718 9.9964E-05
9.9982E-05 9.9982E-05 0.0918106 0.611227 0.100722 0.163805 0.0322354
9.999E-05 0.0554788 0.00146592 0.629849 0.209879 0.0875965 0.0156306
0.102043 0.0233282 0.842727 0.0316015 9.9973E-05 9.9973E-05 9.9973E-05
9.995E-05 9.995E-05 0.9994 9.995E-05 9.995E-05 9.995E-05 9.995E-05
9.9955E-05 9.9955E-05 0.913068 0.0864326 9.9955E-05 9.9955E-05 9.9955E-05
0.730326 0.0673678 0.0884318 0.00221285 0.0285616 0.0830001 9.9991E-05
9.9973E-05 0.0748554 0.785731 0.0098852 0.129228 9.9973E-05 9.9973E-05
0.716319 0.00661819 0.276663 9.9964E-05 9.9964E-05 9.9964E-05 9.9964E-05
0.927662 9.9955E-05 0.0718387 9.9955E-05 9.9955E-05 9.9955E-05 9.9955E-05
0.689269 0.0132246 9.9982E-05 9.9982E-05 0.0761556 0.0912619 0.129889
0.0896457 9.9973E-05 0.798568 9.9973E-05 0.0118973 0.0995887 9.9973E-05
0.745524 9.9964E-05 0.160266 9.9964E-05 0.0938104 9.9964E-05 9.9964E-05
0.662312 9.9982E-05 0.103791 0.0309775 0.117518 9.9982E-05 0.0852022
0.687323 9.9973E-05 9.9973E-05 0.217836 0.0477891 9.9973E-05 0.0467517
0.954573 0.0110858 0.0184547 9.9973E-05 9.9973E-05 9.9973E-05 0.0155868
0.9994 9.995E-05 9.995E-05 9.995E-05 9.995E-05 9.995E-05 9.995E-05
0.209139 0.00297161 0.669515 9.9982E-05 0.0291015 9.9982E-05 0.0890732
0.447573 9.9991E-05 0.252875 0.0712322 0.00597228 0.0907842 0.131463
0.0239628 9.9973E-05 0.640533 9.9973E-05 0.157407 0.177797 9.9973E-05
9.999E-05 0.00744757 0.607297 0.00883047 0.114661 0.00672423 0.25494
9.996E-05 9.996E-05 0.752733 9.996E-05 0.0499045 9.996E-05 0.196963
9.9955E-05 9.9955E-05 0.790211 9.9955E-05 9.9955E-05 9.9955E-05 0.209289
9.9973E-05 9.9973E-05 9.9973E-05 0.0182842 0.569001 0.149435 0.262979
0.00721828 0.00438216 9.9991E-05 0.192952 0.300926 0.28026 0.214162
9.9973E-05 9.9973E-05 0.0567919 9.9973E-05 0.850996 0.00505205 0.0868598
9.9955E-05 9.9955E-05 9.9955E-05 9.9955E-05 0.882577 0.116923 9.9955E-05
0.0798304 0.00204353 0.12149 9.9973E-05 0.796336 9.9973E-05 9.9973E-05
0.00783803 0.0167913 9.9973E-05 9.9973E-05 0.947848 9.9973E-05 0.0272225
0.133224 9.9964E-05 9.9964E-05 0.194965 0.671411 9.9964E-05 9.9964E-05
0.041913 9.9973E-05 0.0105258 9.9973E-05 0.863186 9.9973E-05 0.0840752
0.0114324 0.0249844 9.9973E-05 9.9973E-05 0.91968 0.0436035 9.9973E-05
9.998E-05 0.0278584 0.103483 9.998E-05 0.595336 0.0938336 0.179289
9.995E-05 9.995E-05 9.995E-05 9.995E-05 0.9994 9.995E-05 9.995E-05
0.0189265 9.9991E-05 0.214392 0.0590381 0.295359 0.158887 0.253297
9.9964E-05 9.9964E-05 0.0412464 9.9964E-05 0.808244 9.9964E-05 0.15011
0.0145852 0.011548 0.0803606 9.9991E-05 0.763306 0.101066 0.0290336
9.9982E-05 9.9982E-05 0.118323 0.0136296 0.128041 0.639309 0.100497
9.9964E-05 9.9964E-05 0.165856 0.0214794 9.9964E-05 0.812265 9.9964E-05
9.9973E-05 0.0515049 9.9973E-05 9.9973E-05 0.202092 0.660303 0.085801
9.995E-05 9.995E-05 9.995E-05 9.995E-05 9.995E-05 0.864562 0.134938
9.9973E-05 9.9973E-05 0.165551 0.0834595 0.231839 0.51885 9.9973E-05
9.998E-05 9.998E-05 0.00240919 0.040894 0.563484 0.350627 0.0423867
0.082835 9.996E-05 9.996E-05 9.996E-05 9.996E-05 0.78724 0.129526
0.0199214 9.9955E-05 9.9955E-05 9.9955E-05 9.9955E-05 0.979579 9.9955E-05
0.0368974 0.00555718 9.997E-05 9.997E-05 9.997E-05 0.776523 0.180723
0.0847503 9.997E-05 9.997E-05 9.997E-05 0.136617 0.650321 0.128012
9.9955E-05 9.9955E-05 9.9955E-05 9.9955E-05 0.165923 0.833577 9.9955E-05
9.9964E-05 0.0591979 9.9964E-05 9.9964E-05 9.9964E-05 0.924179 0.0162237
0.0686475 0.00281191 9.9982E-05 0.0299836 9.9982E-05 0.0769871 0.82137
9.9991E-05 0.0075246 0.0904531 0.0582777 0.0961903 0.202734 0.544721
9.998E-05 0.0068491 0.0117348 0.127614 9.998E-05 0.112795 0.740807
9.9982E-05 9.9982E-05 0.0651655 0.143356 0.0879533 0.0803109 0.623014
0.0593659 9.9982E-05 9.9982E-05 0.00428597 0.0175175 0.0607357 0.857895
9.9973E-05 0.0944294 9.9973E-05 0.00273727 0.425579 9.9973E-05 0.476954
9.9973E-05 9.9973E-05 0.0647775 9.9973E-05 0.140457 0.0135211 0.780945
9.99551E-05 0.0239544 9.99551E-05 9.99551E-05 9.99551E-05 9.99551E-05 0.975546
0.0600728 9.9964E-05 9.9964E-05 9.9964E-05 0.0539439 9.9964E-05 0.885583
9.995E-05 9.995E-05 9.995E-05 9.995E-05 9.995E-05 9.995E-05 0.9994
9.9964E-05 0.00143062 0.0260807 9.9964E-05 9.9964E-05 9.9964E-05 0.972089
9.9955E-05 9.9955E-05 0.0218873 9.9955E-05 9.9955E-05 9.9955E-05 0.977613
9.9955E-05 9.9955E-05 9.9955E-05 9.9955E-05 0.00749586 9.9955E-05 0.992004
9.995E-05 9.995E-05 9.995E-05 9.995E-05 9.995E-05 9.995E-05 0.9994
9.99551E-05 9.99551E-05 9.99551E-05 9.99551E-05 0.0585013 9.99551E-05 0.940999
9.9964E-05 9.9964E-05 9.9964E-05 0.0687538 0.230013 9.9964E-05 0.700833
9.9964E-05 0.00204903 9.9964E-05 9.9964E-05 9.9964E-05 0.134128 0.863423
0.0886761 0.0349564 9.9982E-05 9.9982E-05 0.0793688 0.0833406 0.713458
0.071278 0.551381 9.99973E-05 0.00374738 0.0326081 0.0193076 0.321578
9.995E-05 0.9994 9.995E-05 9.995E-05 9.995E-05 9.995E-05 9.995E-05
9.9982E-05 0.0689023 0.118365 9.9982E-05 0.24803 0.0256075 0.538895
