9.998E-05 9.998E-05 0.9997 9.998E-05
0.187005 0.117596 0.592681 0.102718
0.103204 0.164982 0.609336 0.122478
0.365986 0.0190006 0.614913 9.9991E-05
0.543791 9.9991E-05 0.455901 0.000208814
0.44475 0.0819126 0.473237 9.9991E-05
0.194043 0.0890961 0.716761 9.9991E-05
0.327047 0.0828232 0.59003 9.9991E-05
0.372587 0.0860129 0.511332 0.0300678
9.998E-05 9.998E-05 0.9997 9.998E-05
9.998E-05 9.998E-05 0.9997 9.998E-05
9.998E-05 9.998E-05 0.9997 9.998E-05
9.998E-05 9.998E-05 0.9997 9.998E-05
9.998E-05 9.998E-05 0.9997 9.998E-05
9.998E-05 9.998E-05 0.9997 9.998E-05
0.464215 0.0943394 0.441346 9.9991E-05
0.43115 0.123143 0.415821 0.0298862
0.411639 9.9982E-05 0.588161 9.9982E-05
0.691813 9.9982E-05 0.307987 9.9982E-05
0.71375 9.9982E-05 0.28605 9.9982E-05
0.549002 9.9991E-05 0.425494 0.0254042
0.604307 0.0823956 0.28956 0.0237373
0.633789 0.0391268 0.326984 9.9991E-05
0.568774 0.0402666 0.390859 9.9991E-05
0.643213 9.9982E-05 0.356587 9.9982E-05
0.739031 9.9982E-05 0.260769 9.9982E-05
0.666454 0.0686733 0.264772 9.9991E-05
0.584378 0.0466341 0.368888 9.9991E-05
0.636945 0.00298637 0.359969 9.9991E-05
0.577231 9.9982E-05 0.422569 9.9982E-05
0.62205 9.9982E-05 0.37775 9.9982E-05
0.70853 0.0255827 0.265787 9.9991E-05
0.687322 0.0501412 0.262437 9.9991E-05
0.625628 0.07352 0.300752 9.9991E-05
0.664058 0.0504129 0.285429 9.9991E-05
0.53441 9.9982E-05 0.46539 9.9982E-05
0.789873 0.0165564 0.19347 9.9991E-05
0.77633 0.0211974 0.195577 0.00689582
0.697603 0.0586163 0.213687 0.0300943
0.759977 9.99884E-05 0.239823 9.99884E-05
0.775807 0.113517 0.0522572 0.0584186
0.734593 0.141638 0.0969201 0.0268485
0.600665 0.127606 0.229926 0.0418035
0.793003 0.0944504 0.101385 0.0111613
0.853067 0.0863811 0.0604516 9.9991E-05
0.81201 0.0750541 0.112836 9.9991E-05
0.770167 0.0839438 0.145789 9.9991E-05
0.791183 0.0752541 0.133463 9.9991E-05
0.772957 0.0429489 0.183994 9.9991E-05
0.619444 0.0452404 0.297956 0.0373593
0.718058 0.0853897 0.18273 0.0138219
0.773494 0.100005 0.126401 9.9991E-05
0.795915 0.0402942 0.163691 9.9991E-05
0.848634 0.00212338 0.134738 0.014504
0.794003 0.0208442 0.142762 0.0423913
0.733016 0.127863 0.118554 0.0205659
0.671123 0.106257 0.202907 0.019713
0.823295 0.0384005 0.105626 0.0326783
0.730762 0.112495 0.156643 9.9991E-05
0.712941 0.0688854 0.196173 0.0220001
0.878931 9.9982E-05 0.120869 9.9982E-05
0.861568 9.9991E-05 0.106538 0.031794
0.717292 0.0931768 0.134729 0.0548021
0.827341 0.0926585 0.0350681 0.0449323
0.880956 9.9982E-05 0.118844 9.9982E-05
0.817381 0.11176 0.0663176 0.00454134
0.922285 0.0204992 0.0103765 0.0468393
0.792279 0.09598 0.0742683 0.0374723
0.757122 0.0904261 0.152352 9.9991E-05
0.840476 0.128686 0.0240181 0.00681989
0.724892 0.0984755 0.13129 0.0453426
0.871917 0.0922216 0.0258351 0.0100262
0.754428 0.0625216 0.182951 9.9991E-05
0.833348 0.0277967 0.138755 9.9991E-05
0.867022 0.0275538 0.105325 9.9991E-05
0.917684 0.00837099 0.0738455 9.9991E-05
0.861867 0.0913914 0.0302169 0.0165248
0.747863 0.0507654 0.0639135 0.137458
0.82823 0.0782252 9.9991E-05 0.0934445
0.84226 0.0415902 9.9991E-05 0.11605
0.85888 0.0641647 9.9991E-05 0.0768549
0.802325 0.0391617 9.9991E-05 0.158413
0.8647 0.0408126 9.9991E-05 0.0943874
0.81564 0.0139464 0.0404097 0.130004
0.633675 0.111999 0.0446871 0.20964
0.685352 0.115347 0.0319562 0.167346
0.708116 0.0877041 0.120386 0.0837936
0.817809 0.00345307 0.0704009 0.108337
0.771382 0.0561499 0.0145303 0.157938
0.773838 0.0954821 0.0208422 0.109838
0.690307 0.091224 0.0803583 0.13811
0.715842 0.105779 0.0759977 0.102382
0.656773 0.118265 0.0342982 0.190663
9.998E-05 9.998E-05 9.998E-05 0.9997
0.058142 9.9991E-05 0.0202774 0.921481
0.109975 9.9991E-05 0.0162856 0.873639
9.998E-05 9.998E-05 9.998E-05 0.9997
9.998E-05 9.998E-05 9.998E-05 0.9997
9.998E-05 9.998E-05 9.998E-05 0.9997
9.998E-05 9.998E-05 9.998E-05 0.9997
0.0481863 0.0112111 0.0185973 0.922005
0.00135605 0.0128608 9.9991E-05 0.985683
9.998E-05 9.998E-05 9.998E-05 0.9997
0.819474 0.0717211 9.9991E-05 0.108705
0.0668915 9.9982E-05 9.9982E-05 0.932909
9.998E-05 9.998E-05 9.998E-05 0.9997
9.998E-05 9.998E-05 9.998E-05 0.9997
0.868584 0.0280924 9.9991E-05 0.103224
0.820397 0.0709541 9.9991E-05 0.108549
0.829085 0.0477875 9.9991E-05 0.123028
0.808863 0.0384899 9.9991E-05 0.152547
0.881821 9.9982E-05 9.9982E-05 0.117979
0.902538 0.011534 9.9991E-05 0.0858278
0.800838 0.0334847 0.0189147 0.146763
0.87457 9.9982E-05 9.9982E-05 0.12523
0.686536 0.066388 9.9991E-05 0.246976
0.711631 0.0754748 9.9991E-05 0.212794
0.852712 0.033067 9.9991E-05 0.114121
0.743725 0.0639574 9.9991E-05 0.192217
0.84517 0.0684335 9.9991E-05 0.0862965
0.819971 0.0499932 9.9991E-05 0.129936
0.985659 0.0141411 9.9982E-05 9.9982E-05
0.961232 9.9982E-05 9.9982E-05 0.0385683
0.9997 9.998E-05 9.998E-05 9.998E-05
0.9997 9.998E-05 9.998E-05 9.998E-05
0.981827 9.9982E-05 9.9982E-05 0.0179729
0.964175 0.00644581 9.9991E-05 0.0292792
0.971324 9.9982E-05 9.9982E-05 0.028476
0.960429 9.9982E-05 9.9982E-05 0.0393711
0.971721 0.0280787 9.9982E-05 9.9982E-05
0.9997 9.998E-05 9.998E-05 9.998E-05
0.920113 9.9982E-05 9.9982E-05 0.0796873
0.958249 9.9982E-05 9.9982E-05 0.0415511
0.887761 0.0784549 9.9991E-05 0.0336843
9.998E-05 0.9997 9.998E-05 9.998E-05
0.712243 0.0836711 9.9991E-05 0.203986
9.998E-05 0.9997 9.998E-05 9.998E-05
9.998E-05 0.9997 9.998E-05 9.998E-05
9.9982E-05 0.977864 9.9982E-05 0.0219365
0.183788 0.766133 0.0364589 0.0136202
9.998E-05 0.9997 9.998E-05 9.998E-05
0.0758419 0.923958 9.9982E-05 9.9982E-05
9.9982E-05 0.974 9.9982E-05 0.0258
0.0288938 0.970906 9.9982E-05 9.9982E-05
9.998E-05 0.9997 9.998E-05 9.998E-05
0.00170996 0.99809 9.9982E-05 9.9982E-05
9.9982E-05 0.968074 9.9982E-05 0.0317262
0.0998775 0.86154 9.9991E-05 0.0384824
0.0714943 0.928306 9.9982E-05 9.9982E-05
0.0896146 0.88199 9.9991E-05 0.028295
0.094744 0.900544 9.9991E-05 0.00461208
0.143492 0.840265 0.0132269 0.00301611
0.0407834 0.937232 0.00631595 0.015669
0.864588 0.0685626 0.0136288 0.0532204
0.849582 0.022156 0.055043 0.0732187
0.811529 0.0510552 0.0316148 0.105801
0.79984 0.0969778 0.0242419 0.0789403
0.823577 0.0427417 9.9991E-05 0.133581
0.800251 0.01911 9.9991E-05 0.180539
0.794934 0.0356038 9.9991E-05 0.169362
0.799644 0.0070453 9.9991E-05 0.193211
0.767525 0.0368721 9.9991E-05 0.195503
0.731891 0.0565324 9.9991E-05 0.211477
0.810092 0.0178232 9.9991E-05 0.171984
0.803615 0.046912 0.056418 0.0930555
0.809277 0.0499508 0.0164716 0.124301
0.9997 9.998E-05 9.998E-05 9.998E-05
0.9997 9.998E-05 9.998E-05 9.998E-05
0.9997 9.998E-05 9.998E-05 9.998E-05
0.9997 9.998E-05 9.998E-05 9.998E-05
0.9997 9.998E-05 9.998E-05 9.998E-05
0.9997 9.998E-05 9.998E-05 9.998E-05
0.9997 9.998E-05 9.998E-05 9.998E-05
0.9997 9.998E-05 9.998E-05 9.998E-05
0.9997 9.998E-05 9.998E-05 9.998E-05
0.9997 9.998E-05 9.998E-05 9.998E-05
0.9997 9.998E-05 9.998E-05 9.998E-05
0.9997 9.998E-05 9.998E-05 9.998E-05
