9.998E-05 0.9997 9.998E-05 9.998E-05
0.113565 0.55556 0.230252 0.100622
0.163987 0.594077 0.122108 0.119829
0.0365479 0.543431 0.419921 9.9991E-05
9.9982E-05 0.373749 0.626051 9.9982E-05
0.0763173 0.486176 0.407076 0.0304306
0.0474764 0.691038 0.261385 9.9991E-05
0.078729 0.570495 0.350676 9.9991E-05
0.0848184 0.494312 0.42077 9.9991E-05
9.998E-05 0.9997 9.998E-05 9.998E-05
9.998E-05 0.9997 9.998E-05 9.998E-05
9.998E-05 0.9997 9.998E-05 9.998E-05
9.998E-05 0.9997 9.998E-05 9.998E-05
9.998E-05 0.9997 9.998E-05 9.998E-05
9.998E-05 0.9997 9.998E-05 9.998E-05
0.0457076 0.425436 0.50958 0.0192768
0.0666285 0.370641 0.540232 0.0224988
0.0202988 0.518058 0.461544 9.9991E-05
9.9991E-05 0.293907 0.696855 0.00913848
9.9982E-05 0.260645 0.739155 9.9982E-05
9.9982E-05 0.365328 0.634472 9.9982E-05
0.0810657 0.249923 0.660805 0.00820649
0.0405244 0.286804 0.672571 9.9991E-05
0.0192035 0.357947 0.62275 9.9991E-05
9.9982E-05 0.324708 0.675092 9.9982E-05
9.9982E-05 0.223451 0.776349 9.9982E-05
0.0519643 0.223595 0.72434 9.9991E-05
0.0463799 0.339652 0.613868 9.9991E-05
0.00705274 0.306087 0.68676 9.9991E-05
9.9982E-05 0.441155 0.558645 9.9982E-05
9.9982E-05 0.355692 0.644108 9.9982E-05
0.00491167 0.25325 0.731222 0.0106157
0.052995 0.263998 0.682907 9.9991E-05
0.0491449 0.260132 0.690623 9.9991E-05
0.0914126 0.24763 0.660857 9.9991E-05
9.9982E-05 0.425779 0.574021 9.9982E-05
0.0255009 0.165208 0.809191 9.9991E-05
0.0306806 0.165131 0.804088 9.9991E-05
0.0570275 0.222886 0.698273 0.0218141
9.9991E-05 0.193482 0.792808 0.0136099
0.0953192 0.0511834 0.783477 0.0700202
0.0963443 0.10799 0.779631 0.0160349
0.104964 0.193435 0.664007 0.0375944
0.0541399 0.103052 0.78276 0.0600483
0.0864719 0.0519882 0.86144 9.9991E-05
0.0673122 0.0994462 0.833142 9.9991E-05
0.0443855 0.0911809 0.864334 9.9991E-05
0.0709295 0.117325 0.811646 9.9991E-05
0.0614751 0.143004 0.795421 9.9991E-05
0.0573602 0.288325 0.629335 0.0249795
0.0534001 0.179565 0.751393 0.0156418
0.101137 0.0967624 0.802001 9.9991E-05
0.0468637 0.119799 0.833238 9.9991E-05
0.018462 0.126941 0.854497 9.9991E-05
0.0312541 0.124433 0.791246 0.0530664
0.120776 0.0880677 0.781353 0.00980336
0.0810756 0.176589 0.73668 0.00565571
0.00352678 0.0936309 0.861242 0.0416001
0.0802385 0.10119 0.818471 9.9991E-05
0.043475 0.16466 0.780083 0.0117825
0.0155276 0.116306 0.868067 9.9991E-05
9.9991E-05 0.0610825 0.91761 0.0212075
0.0919547 0.0820822 0.785467 0.0404962
0.109298 0.0467481 0.821209 0.0227453
9.9982E-05 0.089968 0.909832 9.9982E-05
0.115202 0.0385221 0.836134 0.0101422
0.0199101 0.0264518 0.893952 0.0596863
0.078799 0.0800444 0.808094 0.0330627
0.0513525 0.146248 0.8023 9.9991E-05
0.11928 0.0204645 0.836823 0.023433
0.106967 0.150036 0.668971 0.0740268
0.0629772 0.0481248 0.829868 0.0590301
0.0529053 0.148673 0.798322 9.9991E-05
0.0531305 0.12519 0.821579 9.9991E-05
0.0741993 0.0844391 0.841262 9.9991E-05
0.00965961 0.049063 0.941177 9.9991E-05
0.104277 0.0363927 0.85923 9.9991E-05
0.0653842 0.0623688 0.740966 0.131281
0.0336188 9.9991E-05 0.829148 0.137133
0.0231639 9.9991E-05 0.857157 0.119579
0.0317488 0.0121347 0.914462 0.041655
0.067888 9.9991E-05 0.783218 0.148794
0.0474614 9.9991E-05 0.842664 0.109774
9.9991E-05 0.0433727 0.843405 0.113122
0.05137 0.0357269 0.686249 0.226654
0.117498 0.0403588 0.688303 0.153841
0.0988208 0.0855753 0.713958 0.101646
0.00732205 0.0686392 0.787722 0.136317
0.0605451 0.0386117 0.768538 0.132305
0.0737461 0.0330786 0.800134 0.093041
0.100074 0.0777439 0.687641 0.134542
0.0728141 0.0697333 0.722495 0.134958
0.0821328 0.0507149 0.668727 0.198425
9.998E-05 9.998E-05 9.998E-05 0.9997
9.9982E-05 0.0296246 9.9982E-05 0.970175
9.9991E-05 0.0114333 0.108796 0.879671
9.998E-05 9.998E-05 9.998E-05 0.9997
9.998E-05 9.998E-05 9.998E-05 0.9997
9.998E-05 9.998E-05 9.998E-05 0.9997
9.998E-05 9.998E-05 9.998E-05 0.9997
0.0556824 0.0228022 0.00803644 0.913479
0.00428169 9.9991E-05 0.002649 0.992969
9.998E-05 9.998E-05 9.998E-05 0.9997
0.0827377 9.9991E-05 0.816093 0.101069
0.0221186 9.9991E-05 0.101629 0.876153
0.00248625 9.9991E-05 0.00134801 0.996066
9.998E-05 9.998E-05 9.998E-05 0.9997
0.0374511 9.9991E-05 0.862634 0.0998152
0.0475478 9.9991E-05 0.85957 0.0927824
0.0275842 9.9991E-05 0.859362 0.112954
0.0721813 9.9991E-05 0.755489 0.17223
0.0449037 9.9991E-05 0.829768 0.125228
0.034044 9.9991E-05 0.86624 0.0996157
0.0429345 9.9991E-05 0.809827 0.147138
9.9982E-05 9.9982E-05 0.885853 0.113947
0.0605342 9.9991E-05 0.700108 0.239258
0.0452067 9.9991E-05 0.750805 0.203888
0.0461173 9.9991E-05 0.822735 0.131048
0.0128756 9.9991E-05 0.786214 0.200811
0.0877451 9.9991E-05 0.830704 0.081451
0.0319642 9.9991E-05 0.788582 0.179354
9.998E-05 9.998E-05 0.9997 9.998E-05
9.9982E-05 9.9982E-05 0.942734 0.0570664
9.998E-05 9.998E-05 0.9997 9.998E-05
9.998E-05 9.998E-05 0.9997 9.998E-05
9.9982E-05 9.9982E-05 0.978356 0.021444
9.9982E-05 9.9982E-05 0.974383 0.0254171
9.9982E-05 9.9982E-05 0.999132 0.000668259
9.9982E-05 9.9982E-05 0.957888 0.0419118
9.9982E-05 9.9982E-05 0.963916 0.0358836
9.9982E-05 9.9982E-05 0.994784 0.00501599
0.0122461 9.9991E-05 0.897057 0.0905967
9.9982E-05 9.9982E-05 0.950383 0.0494173
0.0785114 9.9991E-05 0.887015 0.0343739
0.9997 9.998E-05 9.998E-05 9.998E-05
0.10448 9.9991E-05 0.712818 0.182601
0.9997 9.998E-05 9.998E-05 9.998E-05
0.9997 9.998E-05 9.998E-05 9.998E-05
0.951384 9.9982E-05 9.9982E-05 0.0484163
0.808998 0.0103566 0.168988 0.0116573
0.9997 9.998E-05 9.998E-05 9.998E-05
0.872927 0.0159782 0.110995 9.9991E-05
0.965923 9.9991E-05 0.0146215 0.019355
0.946876 9.9982E-05 0.0529242 9.9982E-05
0.980194 0.0196062 9.9982E-05 9.9982E-05
0.96756 9.9991E-05 0.0235572 0.00878245
0.971498 9.9982E-05 9.9982E-05 0.0283019
0.84864 9.9991E-05 0.104585 0.0466751
0.949358 0.0136756 0.0368664 9.9991E-05
0.898577 9.9991E-05 0.0622484 0.0390744
0.863607 0.0114318 0.124861 9.9991E-05
0.901594 0.00640739 0.0918988 9.9991E-05
0.952995 9.9982E-05 0.0468052 9.9982E-05
0.0174158 0.0110039 0.862156 0.109425
0.0171777 0.0189387 0.918862 0.0450218
0.0506214 0.0272593 0.832442 0.0896769
0.064757 0.043594 0.831202 0.0604473
0.0155403 9.9991E-05 0.838537 0.145823
9.99821E-05 9.99821E-05 0.830123 0.169677
0.0365606 9.9991E-05 0.778358 0.184981
0.0441553 9.9991E-05 0.794281 0.161464
0.0218536 9.9991E-05 0.780843 0.197203
0.0346496 9.9991E-05 0.801747 0.163504
0.0244309 9.9991E-05 0.784117 0.191352
0.0720856 9.9991E-05 0.755689 0.172125
0.0367883 9.9991E-05 0.810554 0.152558
9.998E-05 9.998E-05 0.9997 9.998E-05
9.998E-05 9.998E-05 0.9997 9.998E-05
9.998E-05 9.998E-05 0.9997 9.998E-05
9.998E-05 9.998E-05 0.9997 9.998E-05
9.998E-05 9.998E-05 0.9997 9.998E-05
9.9982E-05 0.0165709 0.983229 9.9982E-05
9.998E-05 9.998E-05 0.9997 9.998E-05
9.998E-05 9.998E-05 0.9997 9.998E-05
9.998E-05 9.998E-05 0.9997 9.998E-05
9.998E-05 9.998E-05 0.9997 9.998E-05
9.998E-05 9.998E-05 0.9997 9.998E-05
9.998E-05 9.998E-05 0.9997 9.998E-05
