9.998E-05 0.9997 9.998E-05 9.998E-05
9.999E-05 0.856909 0.121578 0.0214138
0.041497 0.958303 9.9982E-05 9.9982E-05
0.00440002 0.633288 0.0930857 0.269226
0.0773142 0.883852 0.0387342 9.9991E-05
9.9982E-05 0.953091 9.9982E-05 0.0467091
9.999E-05 0.840865 0.124234 0.0348015
0.0841148 0.915685 9.9982E-05 9.9982E-05
0.235135 0.759107 0.00565784 9.9991E-05
0.114562 0.621099 0.195061 0.0692782
9.998E-05 9.998E-05 9.998E-05 0.9997
9.998E-05 9.998E-05 9.998E-05 0.9997
9.9982E-05 0.217736 9.9982E-05 0.782064
9.999E-05 0.0562244 0.0760339 0.867642
9.999E-05 0.0921442 0.0782456 0.82951
9.998E-05 9.998E-05 9.998E-05 0.9997
9.998E-05 9.998E-05 9.998E-05 0.9997
0.152585 9.9991E-05 0.129407 0.717908
0.169491 9.9982E-05 9.9982E-05 0.830309
9.998E-05 9.998E-05 9.998E-05 0.9997
0.0381872 0.0810862 0.105077 0.77565
9.9991E-05 0.276702 0.0993246 0.623873
9.9982E-05 9.9982E-05 0.0135762 0.986224
0.0415331 0.00700726 0.0508918 0.900568
0.0100309 0.0201611 0.166146 0.803662
0.0876387 0.0440073 0.161958 0.706396
0.304221 9.9991E-05 0.0679225 0.627757
0.0679918 0.0447552 0.337138 0.550115
0.0858193 9.9991E-05 0.322807 0.591274
9.9982E-05 9.9982E-05 0.308048 0.691752
0.691153 0.10967 0.199076 9.9991E-05
0.594322 0.219277 0.160996 0.0254045
0.784754 9.9991E-05 0.102889 0.112257
0.914817 0.0022502 9.9991E-05 0.0828327
0.611393 9.9982E-05 9.9982E-05 0.388407
0.761339 0.11135 0.112977 0.0143346
0.609417 0.289589 9.9991E-05 0.100894
0.718065 0.0184307 0.0493538 0.21415
0.862499 9.9982E-05 9.9982E-05 0.137301
0.482219 9.9991E-05 0.25947 0.258211
0.905177 0.0807249 0.0139983 9.9991E-05
0.313535 0.155066 0.371017 0.160383
0.578969 0.0605038 0.158923 0.201603
0.672489 9.9991E-05 0.037369 0.290042
0.820001 9.9991E-05 0.108199 0.0717002
0.809355 0.02495 0.146123 0.0195719
0.849945 9.9982E-05 0.149855 9.9982E-05
0.930419 9.9982E-05 0.0693815 9.9982E-05
0.747206 0.0680882 9.9991E-05 0.184606
0.75143 0.12578 0.12269 9.9991E-05
0.866081 9.9982E-05 0.133719 9.9982E-05
0.972461 0.0273387 9.9982E-05 9.9982E-05
0.727565 9.9982E-05 0.272235 9.9982E-05
0.979608 9.9982E-05 0.0201923 9.9982E-05
0.9997 9.998E-05 9.998E-05 9.998E-05
0.601129 9.9982E-05 0.398671 9.9982E-05
0.0940211 0.00459249 0.781146 0.12024
0.196573 0.0876726 0.645323 0.0704313
0.216031 0.0925445 0.691324 9.9991E-05
0.152756 0.174729 0.660563 0.0119514
0.195119 9.9991E-05 0.762637 0.0421441
0.364556 0.0573477 0.577996 9.9991E-05
0.188351 0.0393461 0.762029 0.0102738
9.998E-05 9.998E-05 0.9997 9.998E-05
0.0554343 9.9991E-05 0.89253 0.0519359
9.998E-05 9.998E-05 0.9997 9.998E-05
9.9982E-05 9.9982E-05 0.98655 0.0132497
9.9991E-05 0.00140318 0.922702 0.0757952
0.00987139 9.9982E-05 0.989929 9.9982E-05
0.016087 9.9982E-05 0.983713 9.9982E-05
0.108786 9.9982E-05 0.891014 9.9982E-05
0.210307 0.0849909 0.704602 9.9991E-05
0.0146742 0.00607796 0.979148 9.9991E-05
0.220814 0.0415275 0.673397 0.064261
9.9982E-05 9.9982E-05 0.993115 0.00668535
9.998E-05 9.998E-05 0.9997 9.998E-05
0.201705 0.0344765 0.65369 0.110128
