9.998E-05 0.9997 9.998E-05 9.998E-05
0.185811 0.580455 0.104923 0.128811
0.117998 0.591795 0.179786 0.110421
0.406767 0.586891 0.00624156 9.9991E-05
0.636136 0.363664 9.9982E-05 9.9982E-05
0.419287 0.478012 0.0746553 0.0280454
0.232783 0.706367 0.0607508 9.9991E-05
0.292371 0.578438 0.121885 0.0073056
0.419988 0.491115 0.0887967 9.9991E-05
9.998E-05 0.9997 9.998E-05 9.998E-05
9.998E-05 0.9997 9.998E-05 9.998E-05
9.998E-05 0.9997 9.998E-05 9.998E-05
9.998E-05 0.9997 9.998E-05 9.998E-05
0.0120937 0.9678 0.0200067 9.9991E-05
9.998E-05 0.9997 9.998E-05 9.998E-05
0.492397 0.444275 0.0632277 9.999E-05
0.446055 0.385865 0.0674414 0.100639
0.461848 0.533635 0.0044172 9.9991E-05
0.678183 0.286321 9.9991E-05 0.0353966
0.745153 0.254647 9.9982E-05 9.9982E-05
0.612998 0.377741 9.9991E-05 0.00916126
0.619592 0.251508 0.106441 0.0224597
0.699031 0.290731 0.0101385 9.9991E-05
0.63695 0.36285 9.9982E-05 9.9982E-05
0.67355 0.314094 9.9991E-05 0.0122563
0.76058 0.213194 0.0261258 9.9991E-05
0.692425 0.249894 0.057581 9.9991E-05
0.59494 0.356374 0.048586 9.9991E-05
0.690355 0.307281 0.00226335 9.9991E-05
0.556612 0.422162 0.0211265 9.9991E-05
0.644971 0.354829 9.9982E-05 9.9982E-05
0.730344 0.240705 0.0288509 9.9991E-05
0.670216 0.2559 0.0393432 0.0345408
0.653734 0.280203 0.0659633 9.9991E-05
0.700331 0.272674 0.0268954 9.9991E-05
0.562491 0.435431 0.00197814 9.9991E-05
0.730073 0.196461 0.0733658 9.9991E-05
0.750104 0.178538 0.0712574 9.9991E-05
0.653258 0.221821 0.0737927 0.0511281
0.779602 0.217739 9.9991E-05 0.00255958
0.815924 0.056604 0.100124 0.0273485
0.847877 0.0676514 0.0278013 0.0566706
0.617318 0.187625 0.13077 0.064288
0.849346 0.0820386 0.0685154 9.9991E-05
0.806045 0.0567939 0.137061 9.9991E-05
0.789077 0.131082 0.079741 9.9991E-05
0.834304 0.100496 0.0651006 9.9991E-05
0.811325 0.146057 0.0425177 9.9991E-05
0.808299 0.120727 0.0708735 9.9991E-05
0.661749 0.279169 0.0411142 0.0179675
0.717252 0.15658 0.0863627 0.0398055
0.832584 0.104313 0.0630033 9.9991E-05
0.825775 0.10228 0.0718445 9.9991E-05
0.86309 0.116186 9.9991E-05 0.0206242
0.764428 0.142761 0.0369961 0.055815
0.784555 0.087604 0.111806 0.0160357
0.774657 0.151284 0.0705519 0.00350672
0.936892 0.0513759 9.9991E-05 0.0116319
0.805415 0.119547 0.0749374 9.9991E-05
0.795578 0.128286 0.0499158 0.0262204
0.904591 0.0901846 0.00512462 9.9991E-05
0.886566 0.0726663 0.0312853 0.00948249
0.793574 0.0925294 0.0838966 0.0299997
0.848933 0.0432178 0.075963 0.0318859
0.90617 0.0905545 9.9991E-05 0.00317505
0.833542 0.0565687 0.101018 0.00887129
0.883033 0.0217371 0.0388028 0.0564269
0.814518 0.0516596 0.0712989 0.0625232
0.751551 0.163881 0.0844684 9.9991E-05
0.886154 0.0138768 0.0920223 0.00794709
0.655638 0.153254 0.0992477 0.0918595
0.848236 0.0352489 0.0676575 0.0488578
0.764408 0.160488 0.0750046 9.9991E-05
0.796783 0.123433 0.0796844 9.9991E-05
0.836497 0.0780454 0.0853577 9.9991E-05
0.908721 0.044459 0.04672 9.9991E-05
0.806533 0.0388174 0.119418 0.0352315
0.774901 0.051337 0.00968767 0.164074
0.822806 0.0059983 0.049227 0.121969
0.837736 9.9991E-05 0.0619524 0.100211
0.793962 0.0203961 0.0446547 0.140987
0.792185 9.9991E-05 0.0580787 0.149636
0.816449 9.9991E-05 0.0433729 0.140078
0.821778 0.0437558 0.00388154 0.130585
0.704802 0.0522328 0.00216811 0.240798
0.69236 0.0246677 0.126147 0.156826
0.735587 0.100229 0.0619373 0.102246
0.80228 0.0577771 0.00559992 0.134343
0.789917 0.0164929 0.0608172 0.132773
0.76861 0.0167512 0.0928456 0.121793
0.717712 0.0726892 0.084022 0.125576
0.727769 0.0569105 0.0923849 0.122936
0.655311 0.0552006 0.0943271 0.195162
9.998E-05 9.998E-05 9.998E-05 0.9997
0.0193869 0.0396809 9.9991E-05 0.940832
0.0515553 0.0051264 0.03438 0.908938
9.998E-05 9.998E-05 9.998E-05 0.9997
9.9982E-05 9.9982E-05 0.012245 0.987555
9.998E-05 9.998E-05 9.998E-05 0.9997
9.9982E-05 9.9982E-05 0.0107869 0.989013
0.0205523 0.0215004 0.0221212 0.935826
9.9982E-05 9.9982E-05 0.0061892 0.993611
9.998E-05 9.998E-05 9.998E-05 0.9997
0.80005 9.9991E-05 0.085444 0.114406
0.0556484 9.9982E-05 9.9982E-05 0.944152
9.998E-05 9.998E-05 9.998E-05 0.9997
9.998E-05 9.998E-05 9.998E-05 0.9997
0.831719 9.9991E-05 0.0362912 0.13189
0.806761 9.9991E-05 0.100502 0.0926373
0.784761 9.9991E-05 0.0594426 0.155696
0.798957 9.9991E-05 0.0330563 0.167887
0.795796 9.9991E-05 0.0488528 0.155251
0.839641 9.9991E-05 0.0149252 0.145334
0.807932 0.0010047 0.0223996 0.168663
0.851134 9.9982E-05 9.9982E-05 0.148666
0.659037 9.9991E-05 0.0914097 0.249453
0.686074 9.9991E-05 0.0866556 0.227171
0.789212 9.9991E-05 0.061447 0.149241
0.766117 9.9991E-05 0.0313249 0.202458
0.805778 9.9991E-05 0.0898344 0.104287
0.78887 9.9991E-05 0.070666 0.140364
0.983034 9.9991E-05 0.00235941 0.0145061
0.950274 9.9982E-05 9.9982E-05 0.049526
0.9997 9.998E-05 9.998E-05 9.998E-05
0.9997 9.998E-05 9.998E-05 9.998E-05
0.957239 9.9982E-05 9.9982E-05 0.0425605
0.97117 9.9982E-05 9.9982E-05 0.0286305
0.9997 9.998E-05 9.998E-05 9.998E-05
0.9997 9.998E-05 9.998E-05 9.998E-05
0.984091 9.9982E-05 0.0157093 9.9982E-05
0.97646 9.9982E-05 9.9982E-05 0.0233401
0.933205 9.9982E-05 9.9982E-05 0.0665948
0.938579 9.9982E-05 9.9982E-05 0.061221
0.881516 9.9991E-05 0.115207 0.0031768
9.998E-05 9.998E-05 0.9997 9.998E-05
0.673143 9.9991E-05 0.108153 0.218604
9.998E-05 9.998E-05 0.9997 9.998E-05
9.998E-05 9.998E-05 0.9997 9.998E-05
9.9982E-05 9.9982E-05 0.916056 0.0837439
0.183123 0.0234297 0.742696 0.0507509
9.998E-05 9.998E-05 0.9997 9.998E-05
0.148959 9.9982E-05 0.850841 9.9982E-05
9.9982E-05 9.9982E-05 0.972821 0.026979
0.0546965 9.9982E-05 0.945104 9.9982E-05
9.998E-05 9.998E-05 0.9997 9.998E-05
0.0103124 9.9982E-05 0.989488 9.9982E-05
0.00978702 9.9991E-05 0.985401 0.00471196
0.0975146 9.9991E-05 0.831538 0.0708477
0.0581953 9.9982E-05 0.941605 9.9982E-05
0.152541 9.9991E-05 0.82033 0.0270295
0.133619 9.9982E-05 0.866181 9.9982E-05
0.06921 0.0237647 0.906653 0.000371948
0.0474734 9.9982E-05 0.952327 9.9982E-05
0.86003 0.0161778 0.0352216 0.0885707
0.903989 0.0180457 0.0407497 0.0372151
0.802434 0.0434693 0.0499557 0.104141
0.829162 0.04642 0.0578282 0.0665902
0.819565 9.9991E-05 0.0232802 0.157055
0.846039 9.99821E-05 9.99821E-05 0.153761
0.788913 9.9991E-05 0.0344969 0.17649
0.782022 9.9991E-05 0.00656051 0.211317
0.778831 9.9991E-05 0.00968387 0.211385
0.774432 9.9991E-05 0.0160654 0.209402
0.780828 9.9991E-05 0.0153978 0.203674
0.776727 0.0341745 0.048931 0.140168
0.831675 0.0017081 0.0395433 0.127073
0.9997 9.998E-05 9.998E-05 9.998E-05
0.9997 9.998E-05 9.998E-05 9.998E-05
0.9997 9.998E-05 9.998E-05 9.998E-05
0.9997 9.998E-05 9.998E-05 9.998E-05
0.9997 9.998E-05 9.998E-05 9.998E-05
0.986984 0.0128163 9.9982E-05 9.9982E-05
0.9997 9.998E-05 9.998E-05 9.998E-05
0.9997 9.998E-05 9.998E-05 9.998E-05
0.9997 9.998E-05 9.998E-05 9.998E-05
0.9997 9.998E-05 9.998E-05 9.998E-05
0.9997 9.998E-05 9.998E-05 9.998E-05
0.9997 9.998E-05 9.998E-05 9.998E-05
