0.9997 9.998E-05 9.998E-05 9.998E-05
0.597639 0.206712 0.100968 0.0946813
0.589171 0.13637 0.123174 0.151285
0.538941 0.41266 0.0116998 0.0366984
0.373636 0.61891 0.00735426 9.9991E-05
0.432127 0.471371 0.0120395 0.0844626
0.656116 0.328455 9.9991E-05 0.0153294
0.536231 0.315863 0.0413606 0.106545
0.491457 0.381432 0.0237804 0.103331
0.9997 9.998E-05 9.998E-05 9.998E-05
0.9997 9.998E-05 9.998E-05 9.998E-05
0.9997 9.998E-05 9.998E-05 9.998E-05
0.9997 9.998E-05 9.998E-05 9.998E-05
0.9997 9.998E-05 9.998E-05 9.998E-05
0.9997 9.998E-05 9.998E-05 9.998E-05
0.391661 0.543429 0.0164338 0.0484759
0.377768 0.435892 0.0975119 0.0888278
0.495877 0.491757 9.9991E-05 0.0122663
0.272537 0.727263 9.9982E-05 9.9982E-05
0.229459 0.770341 9.9982E-05 9.9982E-05
0.375198 0.624602 9.9982E-05 9.9982E-05
0.244786 0.66856 0.0103321 0.0763225
0.265152 0.693356 9.9991E-05 0.0413918
0.350304 0.580686 9.9991E-05 0.0689096
0.298501 0.701299 9.9982E-05 9.9982E-05
0.216013 0.783787 9.9982E-05 9.9982E-05
0.200694 0.719152 9.9991E-05 0.0800539
0.33421 0.651253 9.9991E-05 0.0144367
0.281543 0.696399 9.9991E-05 0.0219579
0.403489 0.596311 9.9982E-05 9.9982E-05
0.341094 0.658706 9.9982E-05 9.9982E-05
0.275949 0.723852 9.9982E-05 9.9982E-05
0.237908 0.720871 0.00243002 0.0387904
0.279257 0.667102 9.9991E-05 0.0535412
0.208798 0.739447 9.9991E-05 0.0516544
0.42838 0.56171 9.9991E-05 0.00981046
0.181106 0.801308 9.9991E-05 0.0174856
0.169593 0.79211 9.9991E-05 0.0381964
0.205228 0.702415 0.0238507 0.0685065
0.217348 0.782452 9.9982E-05 9.9982E-05
0.0620334 0.787766 0.0549159 0.095285
0.100259 0.772362 0.0143341 0.113045
0.198806 0.629338 0.0551994 0.116656
0.0746607 0.818943 0.0182502 0.0881464
0.0794826 0.838141 9.9991E-05 0.0822763
0.102708 0.819326 9.9991E-05 0.0778663
0.0881033 0.855007 9.9991E-05 0.0567895
0.113216 0.814931 9.9991E-05 0.0717534
0.150126 0.792644 9.9991E-05 0.0571294
0.258009 0.685386 0.0216706 0.0349338
0.172861 0.735302 0.00138838 0.0904485
0.104726 0.813035 9.9991E-05 0.082139
0.107861 0.823213 9.9991E-05 0.0688261
0.140579 0.859221 9.9982E-05 9.9982E-05
0.1318 0.815181 0.0373512 0.0156675
0.110569 0.750548 0.0280297 0.110853
0.143788 0.730131 9.9991E-05 0.125981
0.0730838 0.866027 0.0391154 0.0217736
0.126427 0.745359 9.9991E-05 0.128113
0.157308 0.805333 9.9991E-05 0.0372597
0.0983377 0.889889 9.9991E-05 0.0116731
0.0761724 0.882343 0.0413851 9.9991E-05
0.0685764 0.786334 0.0481143 0.0969755
9.9982E-05 0.933132 9.9982E-05 0.066668
0.0874151 0.912385 9.9982E-05 9.9982E-05
0.0440451 0.830127 0.00594906 0.119878
0.0427196 0.878293 0.0330486 0.0459384
0.0494729 0.770988 0.0478175 0.131722
0.142588 0.808335 9.9991E-05 0.0489771
0.0287226 0.885495 9.9991E-05 0.0856822
0.133019 0.674617 0.073172 0.119192
0.0157222 0.851968 0.0532642 0.0790456
0.165842 0.798159 9.9991E-05 0.0358992
0.118474 0.8477 9.9991E-05 0.033726
0.0684627 0.870192 9.9991E-05 0.0612449
0.0433553 0.943848 9.9991E-05 0.0126971
0.0157873 0.808874 0.0495531 0.125786
0.0737469 0.763136 0.139102 0.0240151
0.0210096 0.873977 0.104913 9.9991E-05
9.9991E-05 0.858953 0.128364 0.0125838
0.0273152 0.866603 0.0461695 0.0599119
9.9991E-05 0.866128 0.104362 0.0294093
9.9991E-05 0.860549 0.0865045 0.0528466
0.0514701 0.866722 0.0817082 9.9991E-05
0.0554609 0.746719 0.190704 0.0071156
0.0292677 0.648855 0.17475 0.147127
0.0842492 0.726246 0.0918625 0.0976423
0.0562031 0.844461 0.0938439 0.00549197
0.0297913 0.758561 0.159415 0.0522333
0.0261029 0.824017 0.0707279 0.0791522
0.0968533 0.679515 0.146997 0.0766346
0.0764192 0.741917 0.106124 0.0755402
0.0376601 0.688944 0.169379 0.104017
9.998E-05 9.998E-05 0.9997 9.998E-05
0.0104411 0.0300834 0.953326 0.00614947
0.0247611 0.0799335 0.895205 9.9991E-05
9.998E-05 9.998E-05 0.9997 9.998E-05
9.998E-05 9.998E-05 0.9997 9.998E-05
9.998E-05 9.998E-05 0.9997 9.998E-05
9.998E-05 9.998E-05 0.9997 9.998E-05
0.0318281 0.0403432 0.920068 0.00776075
9.998E-05 9.998E-05 0.9997 9.998E-05
9.998E-05 9.998E-05 0.9997 9.998E-05
9.9991E-05 0.81289 0.116854 0.0701561
9.9982E-05 0.0488967 0.950903 9.9982E-05
9.998E-05 9.998E-05 0.9997 9.998E-05
9.998E-05 9.998E-05 0.9997 9.998E-05
9.9991E-05 0.862274 0.114468 0.0231577
9.9991E-05 0.831876 0.115688 0.0523357
9.9991E-05 0.825705 0.111258 0.0629371
9.9991E-05 0.790384 0.163165 0.046351
9.9991E-05 0.813464 0.146744 0.0396922
0.0142204 0.873374 0.109849 0.00255598
9.9991E-05 0.806984 0.174433 0.0184839
9.9982E-05 0.844109 0.155691 9.9982E-05
9.9991E-05 0.681563 0.22573 0.0926077
9.9991E-05 0.733886 0.204536 0.0614785
9.9991E-05 0.840623 0.0849568 0.0743205
9.9991E-05 0.687335 0.221424 0.0911407
9.9991E-05 0.817362 0.0930446 0.0894938
0.000256049 0.803234 0.139564 0.0569458
9.9982E-05 0.994435 0.00536543 9.9982E-05
9.9982E-05 0.96697 0.0328296 9.9982E-05
9.9982E-05 0.98669 0.0131105 9.9982E-05
9.9982E-05 0.998887 0.000913332 9.9982E-05
9.9982E-05 0.967769 0.0320307 9.9982E-05
9.9982E-05 0.97314 0.0266599 9.9982E-05
9.9982E-05 0.962795 0.037005 9.9982E-05
9.9982E-05 0.948721 0.0510788 9.9982E-05
9.9982E-05 0.984143 9.9982E-05 0.0156572
9.9982E-05 0.976075 0.0237255 9.9982E-05
9.9982E-05 0.90188 0.0979202 9.9982E-05
9.9982E-05 0.96486 0.0349401 9.9982E-05
9.9991E-05 0.930344 0.0186372 0.0509185
9.998E-05 9.998E-05 9.998E-05 0.9997
9.9991E-05 0.678039 0.216428 0.105434
9.998E-05 9.998E-05 9.998E-05 0.9997
9.998E-05 9.998E-05 9.998E-05 0.9997
0.0188264 0.00116938 0.00811249 0.971892
0.0206914 0.140061 9.9991E-05 0.839147
9.998E-05 9.998E-05 9.998E-05 0.9997
9.9982E-05 0.123638 9.9982E-05 0.876162
9.998E-05 9.998E-05 9.998E-05 0.9997
9.9991E-05 0.0465936 0.00743138 0.945875
9.998E-05 9.998E-05 9.998E-05 0.9997
0.00362856 9.9982E-05 9.9982E-05 0.996171
9.9991E-05 0.0336583 0.0190993 0.947142
9.9991E-05 0.183824 0.0498917 0.766185
0.00673756 0.0247187 9.9991E-05 0.968444
0.00194948 0.104637 0.0288644 0.86455
9.9991E-05 0.087506 0.053276 0.859118
0.0783436 0.0550721 9.9991E-05 0.866484
9.9982E-05 9.9982E-05 0.0280321 0.971768
0.020352 0.841634 0.0697025 0.0683119
0.0281593 0.914196 0.0277466 0.029898
0.0109543 0.790324 0.110399 0.0883231
0.0360395 0.874351 0.0323057 0.0573038
9.9991E-05 0.851596 0.121739 0.0265651
9.9991E-05 0.80598 0.156454 0.0374658
9.9991E-05 0.776689 0.173862 0.0493485
9.9991E-05 0.816658 0.165643 0.017599
9.9991E-05 0.798291 0.177207 0.0244016
9.9991E-05 0.800978 0.159045 0.0398773
9.9991E-05 0.762666 0.199106 0.0381284
0.0105349 0.785561 0.151255 0.0526494
9.9991E-05 0.845899 0.126289 0.0277118
9.998E-05 0.9997 9.998E-05 9.998E-05
9.998E-05 0.9997 9.998E-05 9.998E-05
9.998E-05 0.9997 9.998E-05 9.998E-05
9.998E-05 0.9997 9.998E-05 9.998E-05
9.998E-05 0.9997 9.998E-05 9.998E-05
9.998E-05 0.9997 9.998E-05 9.998E-05
9.998E-05 0.9997 9.998E-05 9.998E-05
9.998E-05 0.9997 9.998E-05 9.998E-05
9.998E-05 0.9997 9.998E-05 9.998E-05
9.998E-05 0.9997 9.998E-05 9.998E-05
9.998E-05 0.9997 9.998E-05 9.998E-05
9.998E-05 0.9997 9.998E-05 9.998E-05
