9.998E-05 9.998E-05 9.998E-05 0.9997
0.0829437 0.0758545 0.294712 0.54649
0.111861 0.162764 0.148486 0.576888
9.9991E-05 0.0159962 0.464886 0.519018
9.9982E-05 9.9982E-05 0.645256 0.354544
9.9991E-05 0.0717903 0.471758 0.456352
9.999E-05 0.0140247 0.36119 0.624685
9.99992E-05 0.107577 0.373309 0.519014
0.0355681 0.0839288 0.44984 0.430663
9.998E-05 9.998E-05 9.998E-05 0.9997
9.998E-05 9.998E-05 9.998E-05 0.9997
9.998E-05 9.998E-05 9.998E-05 0.9997
9.998E-05 9.998E-05 9.998E-05 0.9997
9.998E-05 9.998E-05 9.998E-05 0.9997
9.998E-05 9.998E-05 9.998E-05 0.9997
9.9991E-05 0.0281318 0.573137 0.398632
0.0350289 0.0854779 0.512586 0.366907
9.9982E-05 9.9982E-05 0.520693 0.479107
9.9982E-05 9.9982E-05 0.735175 0.264625
9.9982E-05 9.9982E-05 0.756726 0.243074
9.9982E-05 9.9982E-05 0.631055 0.368745
9.9991E-05 0.0728757 0.686673 0.240351
0.0155367 0.0549547 0.654014 0.275495
9.9991E-05 0.018705 0.619044 0.362151
9.9982E-05 9.9982E-05 0.71622 0.283581
9.9991E-05 0.0151766 0.769283 0.215441
9.9991E-05 0.0724461 0.714297 0.213156
9.9991E-05 0.0257428 0.656105 0.318052
9.9991E-05 0.0102606 0.704495 0.285144
9.9982E-05 9.9982E-05 0.603861 0.395939
9.9982E-05 9.9982E-05 0.671814 0.327986
9.9982E-05 9.9982E-05 0.757717 0.242083
0.0085857 0.075489 0.665229 0.250696
9.9991E-05 0.0894234 0.655975 0.254502
9.9991E-05 0.0692829 0.697572 0.233045
9.9982E-05 9.9982E-05 0.597337 0.402463
9.9991E-05 0.0014651 0.839971 0.158464
9.9991E-05 0.00850325 0.807172 0.184225
0.0296867 0.0738087 0.736821 0.159683
9.9991E-05 0.0109044 0.778815 0.210181
0.0503193 0.0883292 0.814119 0.0472324
9.9991E-05 0.050202 0.887707 0.0619908
0.0443546 0.120631 0.644644 0.19037
0.00915252 0.0417187 0.859447 0.089682
9.9991E-05 0.0880013 0.864357 0.0475417
9.9991E-05 0.074987 0.843551 0.0813621
9.9991E-05 0.0740024 0.848276 0.0776213
9.9991E-05 0.0473779 0.822653 0.129869
9.9991E-05 0.0387387 0.790203 0.170958
0.0250026 0.0449249 0.696891 0.233181
9.9991E-05 0.0839615 0.771723 0.144215
9.9991E-05 0.0799381 0.827575 0.0923868
9.9991E-05 0.0654387 0.836037 0.0984246
0.0267519 9.9991E-05 0.857938 0.11521
0.0368045 0.028824 0.818218 0.116153
0.0298022 0.145384 0.735616 0.0891983
0.0137002 0.0877508 0.721413 0.177136
0.0460109 0.0630248 0.831533 0.0594308
9.9991E-05 0.0744736 0.815259 0.110168
0.0096449 0.0695432 0.784145 0.136667
9.9982E-05 9.9982E-05 0.894625 0.105175
9.9991E-05 0.0108693 0.874342 0.114689
0.0500901 0.103822 0.757738 0.0883497
0.00390771 0.113337 0.864472 0.0182828
9.9982E-05 9.9982E-05 0.898251 0.101549
9.9991E-05 0.114046 0.821975 0.0638792
0.0628972 0.0280425 0.885873 0.0231877
0.00386369 0.114193 0.837352 0.044591
9.9991E-05 0.070509 0.816125 0.113266
9.9991E-05 0.14617 0.826128 0.0276016
0.080659 0.100769 0.678434 0.140138
0.044176 0.0682321 0.871202 0.0163901
9.9991E-05 0.0505129 0.785235 0.164153
9.9991E-05 0.0610992 0.818758 0.120043
9.9991E-05 0.0767743 0.826945 0.0961807
9.9991E-05 0.0206331 0.918873 0.0603941
0.0228154 0.125985 0.835641 0.0155585
0.15156 0.0444305 0.716745 0.0872652
0.097114 0.0195341 0.883252 9.9991E-05
0.106965 0.0229274 0.870008 9.9991E-05
0.0559131 0.0765748 0.867412 9.9991E-05
0.141792 0.00850715 0.849601 9.9991E-05
0.121924 0.07981 0.798166 9.9991E-05
0.167563 0.056547 0.743708 0.0321822
0.235085 0.0284976 0.711177 0.0252404
0.168606 0.151915 0.642647 0.0368314
0.0613641 0.107255 0.737386 0.0939944
0.113218 0.0112376 0.833174 0.0423698
0.192419 0.107917 0.678142 0.0215215
0.0996444 0.142938 0.744317 0.0131004
0.122174 0.0957141 0.73662 0.0454918
0.112396 0.0809679 0.743331 0.0633049
0.185515 0.101079 0.67742 0.0359868
0.989659 0.0101407 9.9982E-05 9.9982E-05
0.946696 0.0311823 0.00543717 0.0166843
0.865428 0.0256129 0.0848851 0.0240739
0.9997 9.998E-05 9.998E-05 9.998E-05
0.9997 9.998E-05 9.998E-05 9.998E-05
0.9997 9.998E-05 9.998E-05 9.998E-05
0.9997 9.998E-05 9.998E-05 9.998E-05
0.876572 0.0391132 0.0778186 0.00649655
0.993821 9.9982E-05 0.00597881 9.9982E-05
0.9997 9.998E-05 9.998E-05 9.998E-05
0.121493 0.0631287 0.815279 9.9991E-05
0.935079 9.9982E-05 0.0647211 9.9982E-05
0.960598 0.00375925 0.0355432 9.9991E-05
0.9997 9.998E-05 9.998E-05 9.998E-05
0.115787 0.0297793 0.854334 9.9991E-05
0.120447 0.042385 0.837068 9.9991E-05
0.114826 0.0311801 0.853894 9.9991E-05
0.131969 0.0373408 0.83059 9.9991E-05
0.0983357 0.0320483 0.869516 9.9991E-05
0.102484 9.9991E-05 0.891266 0.00615034
0.171667 0.0308198 0.797413 9.9991E-05
0.12626 9.9982E-05 0.87354 9.9982E-05
0.239013 0.115055 0.645831 9.9991E-05
0.202501 0.068365 0.729034 9.9991E-05
0.108509 0.0453903 0.846001 9.9991E-05
0.183671 0.0499483 0.766281 9.9991E-05
0.0784415 0.0870849 0.799913 0.0345602
0.134526 0.0561818 0.809192 9.9991E-05
0.0447216 0.00843678 0.946742 9.9991E-05
0.10127 9.9982E-05 0.89853 9.9982E-05
0.0134181 9.9982E-05 0.986382 9.9982E-05
0.0132256 9.9982E-05 0.986574 9.9982E-05
0.0113515 0.00241976 0.986129 9.9991E-05
0.00988587 9.9982E-05 0.989914 9.9982E-05
0.00701416 9.9982E-05 0.992786 9.9982E-05
0.0531322 9.9982E-05 0.946668 9.9982E-05
9.9982E-05 0.0266542 0.973146 9.9982E-05
0.0238135 0.00847066 0.967616 9.9991E-05
0.114046 0.0628053 0.823049 9.9991E-05
0.0550926 9.9982E-05 0.944707 9.9982E-05
0.036548 0.0426131 0.920739 9.9991E-05
9.998E-05 0.9997 9.998E-05 9.998E-05
0.200846 0.0984476 0.700607 9.9991E-05
9.998E-05 0.9997 9.998E-05 9.998E-05
9.998E-05 0.9997 9.998E-05 9.998E-05
0.0306414 0.946103 0.013327 0.00992895
0.0525166 0.765625 0.178337 0.00352229
9.998E-05 0.9997 9.998E-05 9.998E-05
0.0200595 0.856469 0.123372 9.9991E-05
0.0278225 0.971978 9.9982E-05 9.9982E-05
9.9982E-05 0.906449 0.0933506 9.9982E-05
9.998E-05 0.9997 9.998E-05 9.998E-05
9.9982E-05 0.972014 0.0277862 9.9982E-05
9.9982E-05 0.980228 0.0195722 9.9982E-05
0.04055 0.820622 0.138728 9.9991E-05
9.9991E-05 0.953738 0.00665231 0.0395095
0.019826 0.877303 0.102771 9.9991E-05
9.9991E-05 0.863784 0.128842 0.00727386
9.9991E-05 0.9057 0.0551004 0.0390992
9.9991E-05 0.93812 0.0453189 0.0164607
0.0658951 0.0259774 0.892367 0.0157603
0.10111 0.0518581 0.82257 0.0244618
0.101119 0.0668973 0.810876 0.0211075
0.0720451 0.075508 0.809001 0.0434456
0.172866 0.0540033 0.773031 9.9991E-05
0.164646 0.0160791 0.819175 9.9991E-05
0.180023 0.0277041 0.792173 9.9991E-05
0.177782 0.0239247 0.798193 9.9991E-05
0.157428 0.0120451 0.830427 9.9991E-05
0.186086 0.0236863 0.790128 9.9991E-05
0.194489 0.0177677 0.787643 9.9991E-05
0.127485 0.0121514 0.827234 0.0331291
0.149757 0.0211197 0.808064 0.0210597
9.998E-05 9.998E-05 0.9997 9.998E-05
9.998E-05 9.998E-05 0.9997 9.998E-05
9.998E-05 9.998E-05 0.9997 9.998E-05
9.998E-05 9.998E-05 0.9997 9.998E-05
9.998E-05 9.998E-05 0.9997 9.998E-05
9.9982E-05 9.9982E-05 0.970393 0.0294067
9.998E-05 9.998E-05 0.9997 9.998E-05
9.998E-05 9.998E-05 0.9997 9.998E-05
9.998E-05 9.998E-05 0.9997 9.998E-05
9.998E-05 9.998E-05 0.9997 9.998E-05
9.998E-05 9.998E-05 0.9997 9.998E-05
9.998E-05 9.998E-05 0.9997 9.998E-05
