0.9997 9.998E-05 9.998E-05 9.998E-05
0.554555 0.112565 0.109742 0.223138
0.589445 0.0911197 0.165113 0.154322
0.58848 9.9982E-05 9.9982E-05 0.41132
0.389113 9.9982E-05 9.9982E-05 0.610688
0.483185 0.00100293 0.0842513 0.431561
0.719687 9.9991E-05 0.0316325 0.248581
0.580448 0.0186087 0.083867 0.317077
0.47701 0.00939733 0.113927 0.399666
0.9997 9.998E-05 9.998E-05 9.998E-05
0.9997 9.998E-05 9.998E-05 9.998E-05
0.9997 9.998E-05 9.998E-05 9.998E-05
0.9997 9.998E-05 9.998E-05 9.998E-05
0.998283 9.9982E-05 0.001517 9.9982E-05
0.9997 9.998E-05 9.998E-05 9.998E-05
0.437332 0.0186903 0.0298271 0.51415
0.357112 0.0331113 0.0911452 0.518631
0.536972 0.0189494 0.00831086 0.435768
0.27983 9.9982E-05 9.9982E-05 0.71997
0.266033 9.9991E-05 0.00421726 0.729649
0.417546 0.0183218 9.9991E-05 0.564032
0.266373 0.00925216 0.0388114 0.685563
0.283507 9.9991E-05 0.053085 0.663308
0.374782 9.9991E-05 0.0209497 0.604169
0.317781 9.9982E-05 9.9982E-05 0.682019
0.23674 9.9982E-05 9.9982E-05 0.76306
0.288615 9.9991E-05 0.0487676 0.662517
0.363848 9.9991E-05 0.0407953 0.595256
0.32503 9.9991E-05 0.00238322 0.672487
0.40641 9.9991E-05 0.00445191 0.589038
0.369327 9.9982E-05 9.9982E-05 0.630473
0.256794 9.9991E-05 0.00966628 0.733439
0.254411 0.00789146 0.0423939 0.695304
0.259252 9.9991E-05 0.0920622 0.648586
0.277358 9.9991E-05 0.0616522 0.66089
0.405072 9.9982E-05 9.9982E-05 0.594728
0.187964 9.9982E-05 9.9982E-05 0.811836
0.19923 0.0297204 0.0362568 0.734793
0.205348 0.0442894 0.0689984 0.681364
0.190907 9.9982E-05 9.9982E-05 0.808893
0.0878943 0.0550198 0.100967 0.756119
0.076398 9.9991E-05 0.0734161 0.850086
0.215025 0.071773 0.136709 0.576493
0.0947423 9.9991E-05 0.0925025 0.812655
0.0798665 9.9991E-05 0.0869271 0.833106
0.150409 9.9991E-05 0.101048 0.748443
0.136719 9.9991E-05 0.0993518 0.763829
0.159228 9.9991E-05 0.0420167 0.798656
0.171459 9.9991E-05 0.0696998 0.758742
0.283946 0.0293912 0.0523697 0.634293
0.167164 0.0183681 0.0714627 0.743006
0.11771 9.9991E-05 0.0689075 0.813283
0.134208 9.9991E-05 0.109046 0.756646
0.0970266 9.9991E-05 0.00971382 0.89316
0.159871 0.0327846 0.0134371 0.793907
0.100672 9.9991E-05 0.180798 0.71843
0.181946 9.9991E-05 0.11019 0.707764
0.111756 0.0101464 0.0466144 0.831483
0.133905 9.9991E-05 0.0850039 0.780991
0.184438 0.0331815 0.0144457 0.767935
0.103622 9.9982E-05 9.9982E-05 0.896178
0.0930222 9.9991E-05 0.0211374 0.88574
0.0893184 0.042349 0.0953426 0.77299
0.028822 0.0414656 0.102931 0.826782
0.122698 9.9982E-05 9.9982E-05 0.877102
0.0469585 0.00812213 0.068281 0.876638
0.0335314 0.0535018 0.0655262 0.847441
0.113121 0.0255008 0.0596184 0.80176
0.163331 9.9991E-05 0.0576941 0.778875
0.0414068 0.00718787 0.0691314 0.882274
0.176273 0.0323543 0.100663 0.69071
0.0464326 0.00229734 0.0822924 0.868978
0.166918 9.9991E-05 0.0658464 0.767136
0.144706 9.9991E-05 0.0212758 0.833919
0.0775703 9.9991E-05 0.0749286 0.847401
0.0924049 0.0223309 0.0105159 0.874748
0.0413549 0.0142582 0.146664 0.797723
0.0817851 0.092964 0.064877 0.760374
9.9991E-05 0.118053 0.0439648 0.837882
9.9991E-05 0.12643 0.0152557 0.858215
0.00796214 0.0812211 0.0588592 0.851958
9.9991E-05 0.12018 0.0210175 0.858702
9.9991E-05 0.0863964 0.0367879 0.876716
0.0572197 0.11196 0.0108442 0.819976
0.0329745 0.192759 0.0324922 0.741775
0.0457347 0.129602 0.0995477 0.725115
0.103679 0.0666245 0.104878 0.724818
0.035454 0.091101 0.00425049 0.869194
0.0412862 0.0849501 0.0859214 0.787842
0.0225643 0.0692938 0.111781 0.796361
0.0895138 0.118943 0.0758654 0.715678
0.0565809 0.0902221 0.0950266 0.75817
0.0578466 0.158761 0.105633 0.677759
9.998E-05 0.9997 9.998E-05 9.998E-05
0.0302042 0.960389 9.9991E-05 0.00930694
0.0149112 0.843608 0.0750204 0.0664604
9.9982E-05 0.999653 0.000147082 9.9982E-05
9.998E-05 0.9997 9.998E-05 9.998E-05
9.998E-05 0.9997 9.998E-05 9.998E-05
9.998E-05 0.9997 9.998E-05 9.998E-05
0.00733768 0.94593 0.0112162 0.0355166
9.9982E-05 0.985658 9.9982E-05 0.0141418
9.998E-05 0.9997 9.998E-05 9.998E-05
9.9991E-05 0.0984651 0.0876555 0.813779
9.9991E-05 0.875278 0.0146412 0.109981
9.9982E-05 0.997397 0.00240344 9.9982E-05
9.9982E-05 0.951915 9.9982E-05 0.0478846
9.9991E-05 0.0942173 0.0521433 0.853539
9.9991E-05 0.0949283 0.0712984 0.833673
9.9991E-05 0.106072 0.0418551 0.851973
9.9991E-05 0.168158 0.110441 0.721301
9.9991E-05 0.122666 0.0641345 0.8131
9.9982E-05 0.118918 9.9982E-05 0.880882
9.9991E-05 0.150537 0.0449627 0.8044
9.9982E-05 0.13231 9.9982E-05 0.86749
9.9991E-05 0.198918 0.0516135 0.749368
9.9991E-05 0.159816 0.0743326 0.765751
9.9991E-05 0.0840083 0.0685389 0.847353
0.0024659 0.186967 0.0395015 0.771065
9.9991E-05 0.0819077 0.100933 0.817059
9.9991E-05 0.148338 0.0725839 0.778978
9.998E-05 9.998E-05 0.9997 9.998E-05
9.9991E-05 0.179215 0.0981974 0.722487
9.998E-05 9.998E-05 0.9997 9.998E-05
9.998E-05 9.998E-05 0.9997 9.998E-05
0.00776545 0.0320435 0.949465 0.0107265
0.0484759 0.00984973 0.827497 0.114177
9.998E-05 9.998E-05 0.9997 9.998E-05
0.0351589 9.9991E-05 0.873941 0.0907997
9.9982E-05 9.9982E-05 0.967247 0.0325535
9.9982E-05 9.9982E-05 0.960891 0.0389091
9.998E-05 9.998E-05 0.9997 9.998E-05
9.9982E-05 9.9982E-05 0.99522 0.00458019
9.9991E-05 0.0188219 0.973008 0.00807038
9.9991E-05 0.0416426 0.821569 0.136689
0.00169387 9.9991E-05 0.976565 0.0216416
9.9991E-05 0.0505065 0.849157 0.100236
9.9982E-05 9.9982E-05 0.884089 0.115712
0.0414667 0.00815355 0.8557 0.0946798
9.9982E-05 0.0246838 0.975116 9.9982E-05
9.9991E-05 0.0635138 0.00893257 0.927454
9.9982E-05 0.0651411 9.9982E-05 0.934659
9.9982E-05 0.013968 9.9982E-05 0.985832
9.998E-05 9.998E-05 9.998E-05 0.9997
9.9991E-05 0.0241456 0.0141063 0.961648
9.9982E-05 0.041878 9.9982E-05 0.957922
9.9982E-05 0.0207156 9.9982E-05 0.979084
9.9982E-05 0.0368842 9.9982E-05 0.962916
9.9982E-05 9.9982E-05 0.00359718 0.996203
9.9982E-05 0.00706388 9.9982E-05 0.992736
9.9991E-05 0.0771492 0.0220275 0.900723
9.9982E-05 0.0221727 9.9982E-05 0.977627
9.9991E-05 0.033664 0.109807 0.856429
0.0358493 0.0711467 0.0412068 0.851797
0.0138652 0.034309 0.0386649 0.913161
0.0422333 0.0729454 0.034313 0.850508
0.0540976 0.0629472 0.0525875 0.830368
9.9982E-05 0.129784 9.9982E-05 0.870016
9.9991E-05 0.118509 0.035086 0.846305
9.9991E-05 0.141045 0.040849 0.818006
9.9991E-05 0.129365 0.0049346 0.865601
9.9991E-05 0.157141 0.0218952 0.820864
9.9991E-05 0.150332 0.0216078 0.82796
9.9982E-05 0.156419 9.9982E-05 0.843382
0.00651219 0.0868427 0.0461206 0.860524
9.9991E-05 0.0893966 0.0595238 0.85098
9.998E-05 9.998E-05 9.998E-05 0.9997
9.998E-05 9.998E-05 9.998E-05 0.9997
9.998E-05 9.998E-05 9.998E-05 0.9997
9.998E-05 9.998E-05 9.998E-05 0.9997
9.998E-05 9.998E-05 9.998E-05 0.9997
0.00436128 9.9982E-05 9.9982E-05 0.995439
9.998E-05 9.998E-05 9.998E-05 0.9997
9.998E-05 9.998E-05 9.998E-05 0.9997
9.998E-05 9.998E-05 9.998E-05 0.9997
9.998E-05 9.998E-05 9.998E-05 0.9997
9.998E-05 9.998E-05 9.998E-05 0.9997
9.998E-05 9.998E-05 9.998E-05 0.9997
