0.999101 9.99201E-05 9.99201E-05 9.99201E-05 9.99201E-05 9.99201E-05 9.99201E-05 9.99201E-05 9.99201E-05 9.99201E-05
0.650633 0.0435667 9.9964E-05 9.9964E-05 0.000450958 9.9964E-05 0.166792 0.0467839 0.091374 9.9964E-05
9.99201E-05 9.99201E-05 9.99201E-05 9.99201E-05 0.999101 9.99201E-05 9.99201E-05 9.99201E-05 9.99201E-05 9.99201E-05
9.9946E-05 9.9946E-05 9.9946E-05 0.0529328 0.874823 9.9946E-05 9.9946E-05 0.0386731 0.0329712 9.9946E-05
9.9937E-05 9.9937E-05 9.9937E-05 9.9937E-05 0.0365298 9.9937E-05 0.824575 9.9937E-05 0.138196 9.9937E-05
0.841316 9.9955E-05 0.0150223 0.109528 0.0222573 9.9955E-05 9.9955E-05 9.9955E-05 0.0113761 9.9955E-05
0.93341 0.0289339 9.9946E-05 9.9946E-05 9.9946E-05 9.9946E-05 9.9946E-05 0.000221643 9.9946E-05 0.0368353
9.99201E-05 9.99201E-05 9.99201E-05 9.99201E-05 9.99201E-05 9.99201E-05 0.999101 9.99201E-05 9.99201E-05 9.99201E-05
0.0982074 9.9955E-05 9.9955E-05 0.0586839 0.63178 9.9955E-05 0.137222 9.9955E-05 9.9955E-05 0.0736065
9.9964E-05 0.088372 0.117505 9.9964E-05 0.0377001 0.0787028 0.613582 0.0637383 9.9964E-05 9.9964E-05
9.99201E-05 9.99201E-05 9.99201E-05 9.99201E-05 9.99201E-05 9.99201E-05 9.99201E-05 9.99201E-05 0.999101 9.99201E-05
9.99281E-05 9.99281E-05 0.804107 9.99281E-05 9.99281E-05 9.99281E-05 9.99281E-05 9.99281E-05 0.195094 9.99281E-05
0.0570868 9.9955E-05 0.151233 0.0765761 9.9955E-05 9.9955E-05 0.130885 9.9955E-05 0.583719 9.9955E-05
9.9937E-05 9.9937E-05 0.920823 9.9937E-05 9.9937E-05 0.0415063 9.9937E-05 0.0369712 9.9937E-05 9.9937E-05
0.0356698 9.9964E-05 0.218309 9.9964E-05 0.0206022 0.0505015 9.9964E-05 0.0515646 0.622953 9.9964E-05
0.00137579 9.9955E-05 0.602754 0.0252242 0.00282803 9.9955E-05 9.9955E-05 9.9955E-05 0.367318 9.9955E-05
9.9928E-05 9.9928E-05 9.9928E-05 0.89432 9.9928E-05 9.9928E-05 9.9928E-05 9.9928E-05 0.10488 9.9928E-05
9.9964E-05 0.171359 0.598111 0.0353028 0.0928209 0.0319469 9.9964E-05 9.9964E-05 9.9964E-05 0.0700595
9.9964E-05 0.0277183 0.7808 9.9964E-05 9.9964E-05 0.00548511 9.9964E-05 0.00571268 0.126456 0.0534279
9.99371E-05 9.99371E-05 0.969559 0.0196984 0.0100427 9.99371E-05 9.99371E-05 9.99371E-05 9.99371E-05 9.99371E-05
0.06049 0.152347 0.472538 0.243543 0.0370133 0.0336679 9.9964E-05 9.9964E-05 9.9964E-05 9.9964E-05
0.136652 9.9955E-05 9.9955E-05 0.0204613 9.9955E-05 0.151471 0.0997756 9.9955E-05 0.59114 9.9955E-05
0.0755172 9.9937E-05 9.9937E-05 0.300976 9.9937E-05 9.9937E-05 9.9937E-05 9.9937E-05 0.622807 9.9937E-05
9.99201E-05 9.99201E-05 9.99201E-05 0.999101 9.99201E-05 9.99201E-05 9.99201E-05 9.99201E-05 9.99201E-05 9.99201E-05
9.9955E-05 0.131139 0.792487 9.9955E-05 9.9955E-05 0.0285806 9.9955E-05 0.00118097 0.0461127 9.9955E-05
0.104592 0.17036 0.724348 9.9937E-05 9.9937E-05 9.9937E-05 9.9937E-05 9.9937E-05 9.9937E-05 9.9937E-05
9.9955E-05 0.0717421 0.0668273 9.9955E-05 9.9955E-05 0.261276 9.9955E-05 9.9955E-05 0.468029 0.131626
0.0323245 0.312935 0.0966689 9.9973E-05 0.0133825 0.0450215 9.9973E-05 0.0246959 0.474672 9.9973E-05
0.0378091 0.266815 0.368635 9.9955E-05 9.9955E-05 0.112778 9.9955E-05 9.9955E-05 0.213463 9.9955E-05
9.9928E-05 0.177395 9.9928E-05 9.9928E-05 9.9928E-05 9.9928E-05 9.9928E-05 9.9928E-05 0.821805 9.9928E-05
9.9946E-05 0.266481 9.9946E-05 9.9946E-05 0.278871 0.282385 9.9946E-05 9.9946E-05 9.9946E-05 0.171664
0.000661393 0.284899 0.0274603 9.9964E-05 0.298205 0.136257 9.9964E-05 9.9964E-05 9.9964E-05 0.252118
9.995E-05 0.0164024 0.0646583 9.995E-05 0.00161215 0.879581 9.995E-05 9.995E-05 9.995E-05 0.037246
9.9937E-05 9.9937E-05 9.9937E-05 0.0719657 9.9937E-05 0.816224 9.9937E-05 9.9937E-05 9.9937E-05 0.111111
9.9937E-05 9.9937E-05 0.124893 9.9937E-05 9.9937E-05 0.784836 9.9937E-05 9.9937E-05 0.0895713 9.9937E-05
9.99281E-05 9.99281E-05 9.99281E-05 9.99281E-05 0.0937981 0.905402 9.99281E-05 9.99281E-05 9.99281E-05 9.99281E-05
0.0631445 9.9964E-05 0.10154 0.00398592 9.9964E-05 0.659468 0.158494 0.0129673 9.9964E-05 9.9964E-05
0.0493469 0.107273 0.0412745 0.0175493 9.9964E-05 0.765291 9.9964E-05 9.9964E-05 0.0188656 9.9964E-05
9.9946E-05 9.9946E-05 9.9946E-05 9.9946E-05 9.9946E-05 0.940291 9.9946E-05 0.00341815 0.0235934 0.0320974
0.0216817 0.255902 9.9964E-05 9.9964E-05 9.9964E-05 0.450835 9.9964E-05 0.00834241 0.148012 0.114827
9.9946E-05 9.9946E-05 9.9946E-05 0.00312529 0.00791702 0.975298 0.0130605 9.9946E-05 9.9946E-05 9.9946E-05
0.0194916 0.327412 0.0500318 9.9982E-05 0.107589 0.311412 0.00369106 9.9982E-05 0.066175 0.113997
9.9973E-05 0.073643 0.0399654 0.000399094 0.0195151 0.852383 0.0028707 0.0109236 9.9973E-05 9.9973E-05
9.9955E-05 9.9955E-05 9.9955E-05 0.0746048 9.9955E-05 0.71078 9.9955E-05 0.0192155 0.0871518 0.107748
9.99461E-05 0.107542 9.99461E-05 9.99461E-05 9.99461E-05 0.435263 9.99461E-05 9.99461E-05 0.141446 0.31515
0.0889087 0.0452401 0.000511135 9.9973E-05 9.9973E-05 0.00226129 0.00330661 9.9973E-05 0.0545942 0.804878
9.9955E-05 0.0843623 9.9955E-05 0.0745509 9.9955E-05 0.045302 9.9955E-05 0.0186116 9.9955E-05 0.776673
9.9937E-05 0.0900261 9.9937E-05 9.9937E-05 9.9937E-05 0.0219569 9.9937E-05 9.9937E-05 9.9937E-05 0.887317
9.9955E-05 0.0498315 0.230828 9.9955E-05 0.138871 0.0234721 9.9955E-05 9.9955E-05 9.9955E-05 0.556498
9.9955E-05 0.149393 0.0451326 9.9955E-05 9.9955E-05 0.451893 0.0708271 9.9955E-05 9.9955E-05 0.282254
9.994E-05 0.129981 0.0406717 9.994E-05 0.00772916 9.994E-05 9.994E-05 9.994E-05 9.994E-05 0.821018
9.99281E-05 9.99281E-05 9.99281E-05 0.00644951 9.99281E-05 9.99281E-05 9.99281E-05 9.99281E-05 9.99281E-05 0.992751
9.9964E-05 0.155306 9.9964E-05 0.00527599 9.9964E-05 9.9964E-05 0.0247165 0.00686899 0.0209558 0.786477
9.995E-05 0.0211795 9.995E-05 0.0292517 9.995E-05 0.0753869 9.995E-05 9.995E-05 0.0381705 0.835512
9.9946E-05 0.0713923 0.00895528 9.9946E-05 9.9946E-05 0.0224529 9.9946E-05 9.9946E-05 9.9946E-05 0.8966
9.9946E-05 0.0747995 9.9946E-05 9.9946E-05 0.0762366 9.9946E-05 9.9946E-05 0.0341328 9.9946E-05 0.814231
0.0421588 0.862141 9.9955E-05 9.9955E-05 9.9955E-05 0.077567 0.0141403 9.9955E-05 9.9955E-05 0.00349358
0.0133907 0.60136 0.14343 9.9982E-05 0.0395885 0.0139318 0.0426098 9.9982E-05 0.00895305 0.136537
9.997E-05 0.748137 9.997E-05 9.997E-05 0.0185243 0.0386781 0.0329102 0.01124 0.023513 0.126698
0.0510135 0.688249 9.9964E-05 9.9964E-05 9.9964E-05 0.042152 0.0853262 9.9964E-05 0.0963273 0.0365325
9.9946E-05 0.82581 0.0442198 0.0109774 9.9946E-05 9.9946E-05 9.9946E-05 9.9946E-05 9.9946E-05 0.118393
0.0151885 0.47679 9.9973E-05 9.9973E-05 0.0128731 0.366495 0.0237755 0.102607 0.00197152 9.9973E-05
9.9973E-05 0.861081 9.9973E-05 0.0201432 0.00441513 0.0386285 0.0273849 9.9973E-05 0.0418621 0.00618574
9.99281E-05 0.985653 9.99281E-05 9.99281E-05 9.99281E-05 9.99281E-05 9.99281E-05 0.0135473 9.99281E-05 9.99281E-05
9.994E-05 0.806912 0.0230175 9.994E-05 9.994E-05 0.155519 9.994E-05 0.0139522 9.994E-05 9.994E-05
9.99281E-05 0.991204 9.99281E-05 0.00799625 9.99281E-05 9.99281E-05 9.99281E-05 9.99281E-05 9.99281E-05 9.99281E-05
9.99201E-05 0.999101 9.99201E-05 9.99201E-05 9.99201E-05 9.99201E-05 9.99201E-05 9.99201E-05 9.99201E-05 9.99201E-05
9.9928E-05 0.934843 9.9928E-05 9.9928E-05 0.0643572 9.9928E-05 9.9928E-05 9.9928E-05 9.9928E-05 9.9928E-05
9.9946E-05 0.961261 9.9946E-05 9.9946E-05 0.0180637 9.9946E-05 0.00427582 0.0157999 9.9946E-05 9.9946E-05
9.9928E-05 0.963877 9.9928E-05 9.9928E-05 0.0353236 9.9928E-05 9.9928E-05 9.9928E-05 9.9928E-05 9.9928E-05
9.99281E-05 0.978195 9.99281E-05 0.0210058 9.99281E-05 9.99281E-05 9.99281E-05 9.99281E-05 9.99281E-05 9.99281E-05
0.121053 0.639486 0.0179126 9.9955E-05 9.9955E-05 0.202399 9.9955E-05 0.0186496 9.9955E-05 9.9955E-05
9.99371E-05 0.927314 9.99371E-05 9.99371E-05 9.99371E-05 9.99371E-05 0.058757 0.0132298 9.99371E-05 9.99371E-05
0.0127975 0.62518 0.0780667 9.9973E-05 9.9973E-05 0.0750022 0.0100297 0.0620821 9.9973E-05 0.136542
9.9973E-05 0.314629 0.0435327 0.00116396 0.0205927 9.9973E-05 9.9973E-05 0.523432 0.038028 0.0583214
9.99201E-05 9.99201E-05 9.99201E-05 9.99201E-05 9.99201E-05 9.99201E-05 9.99201E-05 0.999101 9.99201E-05 9.99201E-05
0.0753515 0.663361 9.9964E-05 0.0320808 9.9964E-05 0.0576879 9.9964E-05 0.0620467 9.9964E-05 0.109072
