9.98832E-05 9.98832E-05 9.98832E-05 9.98832E-05 9.98832E-05 9.98832E-05 9.98832E-05 9.98832E-05 9.98832E-05 9.98832E-05 0.998702 9.98832E-05 9.98832E-05 9.98832E-05
0.0978462 9.9928E-05 9.9928E-05 0.026516 0.0797703 9.9928E-05 0.300255 9.9928E-05 9.9928E-05 9.9928E-05 0.416307 9.9928E-05 0.0785057 9.9928E-05
9.98831E-05 9.98831E-05 9.98831E-05 9.98831E-05 9.98831E-05 9.98831E-05 9.98831E-05 9.98831E-05 9.98831E-05 9.98831E-05 9.98831E-05 9.98831E-05 0.998702 9.98831E-05
9.991E-05 9.991E-05 9.991E-05 0.0239381 9.991E-05 9.991E-05 9.991E-05 0.0256243 9.991E-05 0.113149 9.991E-05 9.991E-05 0.836289 9.991E-05
9.9937E-05 0.00240082 9.9937E-05 0.00296198 9.9937E-05 9.9937E-05 0.928015 0.012529 9.9937E-05 0.00970326 9.9937E-05 0.00964911 0.0340413 9.9937E-05
9.99101E-05 9.99101E-05 0.0604074 9.99101E-05 9.99101E-05 9.99101E-05 9.99101E-05 0.0283268 9.99101E-05 9.99101E-05 0.908702 9.99101E-05 9.99101E-05 0.00156475
9.9919E-05 9.9919E-05 9.9919E-05 0.00967383 0.0219774 9.9919E-05 0.0244884 9.9919E-05 9.9919E-05 9.9919E-05 0.851244 0.0917166 9.9919E-05 9.9919E-05
9.98831E-05 9.98831E-05 9.98831E-05 9.98831E-05 9.98831E-05 9.98831E-05 0.998702 9.98831E-05 9.98831E-05 9.98831E-05 9.98831E-05 9.98831E-05 9.98831E-05 9.98831E-05
9.9919E-05 9.9919E-05 9.9919E-05 9.9919E-05 9.9919E-05 0.391339 0.342932 9.9919E-05 0.0324631 9.9919E-05 0.169685 9.9919E-05 0.0626823 9.9919E-05
9.9928E-05 9.9928E-05 0.0934591 0.033552 0.10761 9.9928E-05 0.438108 9.9928E-05 9.9928E-05 9.9928E-05 9.9928E-05 9.9928E-05 0.132988 0.193483
9.99191E-05 9.99191E-05 9.99191E-05 0.015603 9.99191E-05 0.00574395 9.99191E-05 0.902407 0.0584628 0.0168839 9.99191E-05 9.99191E-05 9.99191E-05 9.99191E-05
0.000696415 9.9928E-05 0.297294 0.0067772 9.9928E-05 9.9928E-05 0.110653 0.515668 9.9928E-05 9.9928E-05 9.9928E-05 0.0681126 9.9928E-05 9.9928E-05
9.99011E-05 9.99011E-05 9.99011E-05 9.99011E-05 9.99011E-05 9.99011E-05 0.0598973 0.832355 9.99011E-05 9.99011E-05 9.99011E-05 9.99011E-05 0.106649 9.99011E-05
9.9919E-05 9.9919E-05 0.897887 0.0339161 9.9919E-05 9.9919E-05 9.9919E-05 9.9919E-05 0.0188577 0.0126957 9.9919E-05 9.9919E-05 0.0357447 9.9919E-05
9.9937E-05 0.0538427 0.232489 0.0372559 9.9937E-05 9.9937E-05 9.9937E-05 0.369713 9.9937E-05 9.9937E-05 0.0113916 9.9937E-05 0.139212 0.155396
0.240015 9.991E-05 0.57055 9.991E-05 9.991E-05 9.991E-05 9.991E-05 0.180691 9.991E-05 0.00774493 9.991E-05 9.991E-05 9.991E-05 9.991E-05
9.99101E-05 9.99101E-05 0.0198189 9.99101E-05 0.00483211 9.99101E-05 9.99101E-05 0.952985 9.99101E-05 0.0213654 9.99101E-05 9.99101E-05 9.99101E-05 9.99101E-05
0.137369 0.0688842 0.591096 0.0182075 9.9937E-05 0.112933 9.9937E-05 9.9937E-05 0.037097 0.0337145 9.9937E-05 9.9937E-05 9.9937E-05 9.9937E-05
9.991E-05 9.991E-05 0.648212 9.991E-05 0.132934 9.991E-05 9.991E-05 0.130212 9.991E-05 0.0876433 9.991E-05 9.991E-05 9.991E-05 9.991E-05
9.99011E-05 9.99011E-05 0.945659 9.99011E-05 9.99011E-05 9.99011E-05 0.0433019 9.99011E-05 9.99011E-05 9.99011E-05 9.99011E-05 9.99011E-05 0.0099401 9.99011E-05
9.9937E-05 0.0323283 0.763901 9.9937E-05 9.9937E-05 0.00634098 9.9937E-05 0.0148717 0.11799 0.00597558 0.0578928 9.9937E-05 9.9937E-05 9.9937E-05
0.998702 9.9883E-05 9.9883E-05 9.9883E-05 9.9883E-05 9.9883E-05 9.9883E-05 9.9883E-05 9.9883E-05 9.9883E-05 9.9883E-05 9.9883E-05 9.9883E-05 9.9883E-05
0.0290603 9.99191E-05 9.99191E-05 0.00253498 9.99191E-05 9.99191E-05 9.99191E-05 0.909217 9.99191E-05 0.00559206 0.0526962 9.99191E-05 9.99191E-05 9.99191E-05
9.99011E-05 0.0199534 0.869954 9.99011E-05 9.99011E-05 9.99011E-05 9.99011E-05 9.99011E-05 9.99011E-05 9.99011E-05 9.99011E-05 9.99011E-05 9.99011E-05 0.108994
0.0159336 0.150109 0.738375 9.9928E-05 9.9928E-05 9.9928E-05 9.9928E-05 0.00349031 0.0343872 9.9928E-05 9.9928E-05 9.9928E-05 0.056905 9.9928E-05
9.9928E-05 0.0622598 0.693052 9.9928E-05 9.9928E-05 0.0324734 9.9928E-05 9.9928E-05 9.9928E-05 9.9928E-05 0.0797456 0.0640239 9.9928E-05 0.0676456
0.161705 9.9928E-05 9.9928E-05 9.9928E-05 0.0833368 0.166644 9.9928E-05 0.321838 9.9928E-05 0.0933845 9.9928E-05 9.9928E-05 9.9928E-05 0.172292
0.129955 0.307964 0.00920553 0.012666 9.9964E-05 0.013263 9.9964E-05 0.310181 0.0488209 9.9964E-05 9.9964E-05 0.0563096 0.0904486 0.0207864
0.0100883 0.215193 0.134208 9.9964E-05 0.0172548 0.108851 9.9964E-05 0.305291 0.0289895 9.9964E-05 0.0454987 0.00951101 9.9964E-05 0.124714
0.00119786 0.222347 9.9919E-05 9.9919E-05 9.9919E-05 0.152545 9.9919E-05 0.602744 9.9919E-05 9.9919E-05 9.9919E-05 9.9919E-05 9.9919E-05 0.0202669
9.9892E-05 9.9892E-05 9.9892E-05 9.9892E-05 9.9892E-05 0.997974 9.9892E-05 9.9892E-05 0.000826955 9.9892E-05 9.9892E-05 9.9892E-05 9.9892E-05 9.9892E-05
9.98831E-05 9.98831E-05 9.98831E-05 9.98831E-05 9.98831E-05 0.998702 9.98831E-05 9.98831E-05 9.98831E-05 9.98831E-05 9.98831E-05 9.98831E-05 9.98831E-05 9.98831E-05
0.0197799 0.0532115 9.99191E-05 9.99191E-05 9.99191E-05 9.99191E-05 9.99191E-05 9.99191E-05 0.845385 9.99191E-05 9.99191E-05 0.070185 9.99191E-05 0.0105397
9.99011E-05 9.99011E-05 9.99011E-05 9.99011E-05 0.004295 9.99011E-05 9.99011E-05 9.99011E-05 9.99011E-05 9.99011E-05 9.99011E-05 0.0224684 9.99011E-05 0.972138
9.9919E-05 9.9919E-05 0.0694258 9.9919E-05 9.9919E-05 0.186192 9.9919E-05 0.0414805 0.262563 9.9919E-05 9.9919E-05 9.9919E-05 9.9919E-05 0.43944
9.99011E-05 9.99011E-05 9.99011E-05 9.99011E-05 0.253833 9.99011E-05 9.99011E-05 9.99011E-05 0.716635 0.028433 9.99011E-05 9.99011E-05 9.99011E-05 9.99011E-05
9.9919E-05 9.9919E-05 9.9919E-05 9.9919E-05 9.9919E-05 9.9919E-05 0.114607 9.9919E-05 0.751226 9.9919E-05 0.0876773 0.0122854 9.9919E-05 0.0333052
9.9892E-05 9.9892E-05 9.9892E-05 9.9892E-05 0.899906 9.9892E-05 9.9892E-05 0.0988957 9.9892E-05 9.9892E-05 9.9892E-05 9.9892E-05 9.9892E-05 9.9892E-05
9.98831E-05 9.98831E-05 9.98831E-05 9.98831E-05 9.98831E-05 9.98831E-05 9.98831E-05 9.98831E-05 0.998702 9.98831E-05 9.98831E-05 9.98831E-05 9.98831E-05 9.98831E-05
0.0795406 0.264759 9.9937E-05 0.0623562 9.9937E-05 9.9937E-05 9.9937E-05 0.027064 0.539523 0.00628488 9.9937E-05 9.9937E-05 9.9937E-05 0.0197731
9.98901E-05 9.98901E-05 9.98901E-05 9.98901E-05 0.908999 0.0833609 9.98901E-05 9.98901E-05 9.98901E-05 9.98901E-05 9.98901E-05 9.98901E-05 9.98901E-05 0.00654175
9.9973E-05 0.2894 0.0444041 9.9973E-05 0.185483 9.9973E-05 0.02251 0.065409 0.0913123 0.124646 0.0113357 0.0296038 0.0644304 0.0711651
9.991E-05 0.146567 9.991E-05 9.991E-05 9.991E-05 0.0954725 9.991E-05 9.991E-05 9.991E-05 9.991E-05 9.991E-05 9.991E-05 0.0326911 0.72427
9.98831E-05 9.98831E-05 9.98831E-05 9.98831E-05 9.98831E-05 9.98831E-05 9.98831E-05 9.98831E-05 9.98831E-05 9.98831E-05 9.98831E-05 9.98831E-05 9.98831E-05 0.998702
9.99281E-05 0.147182 9.99281E-05 9.99281E-05 9.99281E-05 0.113651 9.99281E-05 0.0219109 9.99281E-05 0.633711 9.99281E-05 9.99281E-05 0.0048693 0.0778768
0.0113638 0.00624252 9.9937E-05 9.9937E-05 9.9937E-05 0.0784991 0.045716 0.0556973 0.0426572 9.9937E-05 9.9937E-05 0.759124 9.9937E-05 9.9937E-05
9.99281E-05 9.99281E-05 9.99281E-05 0.0588243 9.99281E-05 0.00104358 9.99281E-05 9.99281E-05 0.0267021 0.0184472 9.99281E-05 0.66599 9.99281E-05 0.228194
9.98831E-05 9.98831E-05 9.98831E-05 9.98831E-05 9.98831E-05 9.98831E-05 9.98831E-05 9.98831E-05 9.98831E-05 9.98831E-05 9.98831E-05 0.998702 9.98831E-05 9.98831E-05
0.0606773 0.00134578 0.0428188 9.9955E-05 9.9955E-05 9.9955E-05 0.051262 9.9955E-05 0.138633 0.0198167 9.9955E-05 0.44095 0.10074 0.143257
9.9946E-05 0.121508 0.0623458 9.9946E-05 9.9946E-05 0.0252741 9.9946E-05 9.9946E-05 0.0880984 0.00657074 9.9946E-05 0.478259 0.0885832 0.128761
9.9937E-05 0.105881 0.0214953 9.9937E-05 9.9937E-05 0.0152581 9.9937E-05 9.9937E-05 0.0379857 0.51299 9.9937E-05 0.298652 0.00703784 9.9937E-05
9.99011E-05 9.99011E-05 9.99011E-05 9.99011E-05 9.99011E-05 9.99011E-05 0.0015871 9.99011E-05 9.99011E-05 0.990828 9.99011E-05 0.00648575 9.99011E-05 9.99011E-05
0.00261607 0.111604 9.99011E-05 9.99011E-05 9.99011E-05 9.99011E-05 9.99011E-05 9.99011E-05 9.99011E-05 0.884681 9.99011E-05 9.99011E-05 9.99011E-05 9.99011E-05
0.00991801 0.0282793 9.9928E-05 9.9928E-05 0.053921 9.9928E-05 9.9928E-05 9.9928E-05 0.000235985 0.865454 9.9928E-05 9.9928E-05 9.9928E-05 0.0413923
9.98921E-05 9.98921E-05 9.98921E-05 9.98921E-05 0.0323196 9.98921E-05 9.98921E-05 9.98921E-05 9.98921E-05 9.98921E-05 9.98921E-05 0.966482 9.98921E-05 9.98921E-05
9.99011E-05 9.99011E-05 9.99011E-05 0.0224463 9.99011E-05 9.99011E-05 9.99011E-05 0.0338148 9.99011E-05 9.99011E-05 9.99011E-05 0.94264 9.99011E-05 9.99011E-05
0.0739882 0.741935 9.9937E-05 0.0214228 0.000672544 9.9937E-05 0.0881939 9.9937E-05 0.0520324 9.9937E-05 9.9937E-05 0.0210559 9.9937E-05 9.9937E-05
9.9937E-05 0.489864 9.9937E-05 9.9937E-05 9.9937E-05 9.9937E-05 0.00681817 0.122496 9.9937E-05 9.9937E-05 0.0751959 0.263335 0.0313442 0.0102465
0.0386393 0.605804 9.9928E-05 9.9928E-05 9.9928E-05 0.250892 0.0183387 0.0452906 9.9928E-05 9.9928E-05 9.9928E-05 0.0402362 9.9928E-05 9.9928E-05
0.125941 0.642881 9.9946E-05 9.9946E-05 9.9946E-05 0.0567583 0.0866461 9.9946E-05 0.0132081 9.9946E-05 0.0209679 0.0286559 9.9946E-05 0.0243423
9.9928E-05 0.763799 0.0832703 9.9928E-05 0.0278633 0.00969143 9.9928E-05 9.9928E-05 9.9928E-05 0.0878064 9.9928E-05 0.0267703 9.9928E-05 9.9928E-05
9.991E-05 0.256341 9.991E-05 0.0745329 0.615387 9.991E-05 9.991E-05 9.991E-05 9.991E-05 9.991E-05 9.991E-05 9.991E-05 0.0527404 9.991E-05
9.9937E-05 0.65153 9.9937E-05 9.9937E-05 0.180744 9.9937E-05 0.0605105 9.9937E-05 9.9937E-05 0.036065 9.9937E-05 0.0266519 0.0106649 0.0331342
9.99012E-05 0.915154 9.99012E-05 0.0273791 0.0563676 9.99012E-05 9.99012E-05 9.99012E-05 9.99012E-05 9.99012E-05 9.99012E-05 9.99012E-05 9.99012E-05 9.99012E-05
0.0149909 0.797864 0.0013327 0.0327134 9.9919E-05 9.9919E-05 9.9919E-05 9.9919E-05 0.1522 9.9919E-05 9.9919E-05 9.9919E-05 9.9919E-05 9.9919E-05
9.99011E-05 0.968268 9.99011E-05 9.99011E-05 9.99011E-05 9.99011E-05 9.99011E-05 0.0166742 9.99011E-05 0.0139592 9.99011E-05 9.99011E-05 9.99011E-05 9.99011E-05
9.99011E-05 0.978657 9.99011E-05 0.00570803 0.0145363 9.99011E-05 9.99011E-05 9.99011E-05 9.99011E-05 9.99011E-05 9.99011E-05 9.99011E-05 9.99011E-05 9.99011E-05
0.0308302 0.923652 9.9919E-05 9.9919E-05 9.9919E-05 0.0155262 9.9919E-05 9.9919E-05 9.9919E-05 0.0252117 9.9919E-05 9.9919E-05 0.00388012 9.9919E-05
0.0585528 0.917869 9.991E-05 0.0131397 9.991E-05 9.991E-05 9.991E-05 9.991E-05 9.991E-05 9.991E-05 9.991E-05 9.991E-05 9.991E-05 0.00943953
9.99011E-05 0.891126 9.99011E-05 9.99011E-05 9.99011E-05 9.99011E-05 9.99011E-05 9.99011E-05 9.99011E-05 9.99011E-05 9.99011E-05 0.087613 0.0201622 9.99011E-05
9.98922E-05 0.896083 9.98922E-05 9.98922E-05 9.98922E-05 9.98922E-05 9.98922E-05 9.98922E-05 0.102718 9.98922E-05 9.98922E-05 9.98922E-05 9.98922E-05 9.98922E-05
9.9928E-05 0.340384 0.0023722 0.0262034 0.557959 9.9928E-05 0.0626605 9.9928E-05 9.9928E-05 9.9928E-05 9.9928E-05 0.00962175 9.9928E-05 9.9928E-05
9.99191E-05 0.874853 9.99191E-05 0.00319605 9.99191E-05 9.99191E-05 0.0220788 9.99191E-05 9.99191E-05 9.99191E-05 9.99191E-05 0.0636612 0.0353116 9.99191E-05
9.9946E-05 0.554619 0.0681174 0.0386382 0.0495388 9.9946E-05 9.9946E-05 9.9946E-05 0.0385731 0.165607 0.0182281 9.9946E-05 9.9946E-05 0.0660788
9.9955E-05 0.198057 0.0681713 0.600759 0.0335202 0.000439435 9.9955E-05 0.0370734 9.9955E-05 0.0307001 0.0110243 9.9955E-05 0.0197557 9.9955E-05
9.98831E-05 9.98831E-05 9.98831E-05 0.998702 9.98831E-05 9.98831E-05 9.98831E-05 9.98831E-05 9.98831E-05 9.98831E-05 9.98831E-05 9.98831E-05 9.98831E-05 9.98831E-05
9.9928E-05 0.60543 9.9928E-05 0.0429801 9.9928E-05 9.9928E-05 0.0082787 9.9928E-05 9.9928E-05 0.0664126 9.9928E-05 9.9928E-05 0.0248423 0.251257
