9.993E-05 9.993E-05 9.993E-05 0.999201 9.993E-05 9.993E-05 9.993E-05 9.993E-05 9.993E-05
0.167324 0.0166323 0.146813 0.610653 9.9973E-05 0.0517738 9.9973E-05 0.00650434 9.9973E-05
9.993E-05 9.993E-05 9.993E-05 9.993E-05 9.993E-05 0.999201 9.993E-05 9.993E-05 9.993E-05
9.9955E-05 0.0162674 9.9955E-05 9.9955E-05 0.0250467 0.890722 0.0674645 9.9955E-05 9.9955E-05
0.562345 9.9973E-05 0.0485613 0.16047 0.0717846 0.139678 9.9973E-05 0.0168611 9.9973E-05
9.9946E-05 9.9946E-05 9.9946E-05 0.916872 9.9946E-05 0.0209631 0.0615648 9.9946E-05 9.9946E-05
9.9946E-05 9.9946E-05 9.9946E-05 0.920489 0.0350766 9.9946E-05 9.9946E-05 9.9946E-05 0.0438348
0.999201 9.993E-05 9.993E-05 9.993E-05 9.993E-05 9.993E-05 9.993E-05 9.993E-05 9.993E-05
0.007148 9.9964E-05 9.9964E-05 0.291377 0.0832672 0.484619 9.9964E-05 9.9964E-05 0.133189
0.679387 0.0183509 0.119141 9.9973E-05 0.00560746 0.134949 9.9973E-05 9.9973E-05 0.0422644
9.9955E-05 0.0487696 9.9955E-05 9.9955E-05 0.0311837 0.00599367 0.913553 9.9955E-05 9.9955E-05
9.9946E-05 0.0150097 0.0802249 9.9946E-05 9.9946E-05 9.9946E-05 0.904166 9.9946E-05 9.9946E-05
9.9955E-05 9.9955E-05 9.9955E-05 0.114232 0.0499103 0.111296 0.724062 9.9955E-05 9.9955E-05
0.0768118 0.0207463 9.9964E-05 9.9964E-05 9.9964E-05 0.0965099 0.635742 9.9964E-05 0.16979
9.997E-05 0.0683072 0.0280666 0.0241196 9.997E-05 0.0721131 0.673167 0.133926 9.997E-05
9.9946E-05 9.9946E-05 9.9946E-05 0.0555579 0.022858 9.9946E-05 0.920984 9.9946E-05 9.9946E-05
0.0153545 9.9937E-05 9.9937E-05 9.9937E-05 9.9937E-05 9.9937E-05 0.983946 9.9937E-05 9.9937E-05
9.9973E-05 9.9973E-05 0.129881 9.9973E-05 0.00335765 0.0187178 0.6664 0.0277281 0.153615
9.9955E-05 0.013105 9.9955E-05 9.9955E-05 0.150154 9.9955E-05 0.801371 0.0348711 9.9955E-05
0.0409274 9.9955E-05 9.9955E-05 9.9955E-05 9.9955E-05 0.136141 0.791282 9.9955E-05 0.0311493
0.0776974 9.9964E-05 0.179535 0.0773548 9.9964E-05 0.0225836 0.64243 9.9964E-05 9.9964E-05
0.24965 9.9955E-05 9.9955E-05 0.0763866 9.9955E-05 9.9955E-05 0.538952 0.134512 9.9955E-05
9.9946E-05 0.0225593 9.9946E-05 0.108138 9.9946E-05 9.9946E-05 0.868703 9.9946E-05 9.9946E-05
0.050746 9.99461E-05 0.0909479 9.99461E-05 9.99461E-05 9.99461E-05 0.857706 9.99461E-05 9.99461E-05
9.9973E-05 0.000969337 0.129876 0.0247227 9.9973E-05 0.0362089 0.714877 9.9973E-05 0.0930457
9.9955E-05 9.9955E-05 0.241526 0.0846193 9.9955E-05 9.9955E-05 0.511815 9.9955E-05 0.16154
9.995E-05 9.995E-05 0.048102 9.995E-05 0.13063 9.995E-05 0.451342 0.369426 9.995E-05
9.9973E-05 0.0188194 0.340826 9.9973E-05 0.00527336 0.127485 0.430299 0.076998 9.9973E-05
9.995E-05 9.995E-05 0.333751 0.0533834 9.995E-05 9.995E-05 0.408541 0.203825 9.995E-05
9.9964E-05 9.9964E-05 0.291317 9.9964E-05 9.9964E-05 0.0135246 0.579741 0.107937 0.00708069
9.9946E-05 9.9946E-05 0.0199174 9.9946E-05 9.9946E-05 0.0643446 9.9946E-05 9.9946E-05 0.915138
9.9946E-05 9.9946E-05 9.9946E-05 0.0138369 9.9946E-05 0.0504402 9.9946E-05 9.9946E-05 0.935123
9.9946E-05 9.9946E-05 0.103238 9.9946E-05 9.9946E-05 0.01947 9.9946E-05 0.876692 9.9946E-05
9.9946E-05 9.9946E-05 9.9946E-05 9.9946E-05 0.00224026 9.9946E-05 9.9946E-05 0.987212 0.00994843
9.9955E-05 0.00740089 9.9955E-05 9.9955E-05 9.9955E-05 0.0123308 0.186806 0.792962 9.9955E-05
9.9946E-05 9.9946E-05 9.9946E-05 0.0166331 9.9946E-05 9.9946E-05 9.9946E-05 0.524113 0.458654
0.246881 9.9946E-05 9.9946E-05 0.0379391 9.9946E-05 9.9946E-05 9.9946E-05 0.71458 9.9946E-05
0.012572 9.9964E-05 0.0467105 9.9964E-05 9.9964E-05 9.9964E-05 0.0734354 0.784852 0.0820306
9.9964E-05 0.0138346 9.9964E-05 9.9964E-05 0.0408257 0.00653351 9.9964E-05 0.806723 0.131684
9.9973E-05 0.041453 0.300628 0.0371451 9.9973E-05 0.00785105 0.113183 0.49944 9.9973E-05
0.0029256 9.9946E-05 9.9946E-05 9.9946E-05 9.9946E-05 9.9946E-05 9.9946E-05 0.667833 0.328641
0.0144197 9.9973E-05 0.330009 9.9973E-05 0.0822383 0.0485823 0.111281 0.41317 9.9973E-05
9.9946E-05 9.9946E-05 0.0554387 9.9946E-05 9.9946E-05 0.0221161 9.9946E-05 0.921846 9.9946E-05
9.9955E-05 0.0184062 0.0500317 0.0329509 9.9955E-05 9.9955E-05 9.9955E-05 0.898111 9.9955E-05
9.9955E-05 9.9955E-05 0.00983661 9.9955E-05 0.0151092 9.9955E-05 0.0166936 9.9955E-05 0.957861
0.00732443 9.9973E-05 0.0300689 0.0414843 0.824524 9.9973E-05 0.0430592 9.9973E-05 0.0532396
9.9973E-05 0.0571962 0.0234856 9.9973E-05 0.534293 9.9973E-05 0.0610953 0.0409586 0.282672
9.9955E-05 9.9955E-05 0.116631 9.9955E-05 0.752934 9.9955E-05 9.9955E-05 0.0132948 0.11664
0.0204005 9.9955E-05 9.9955E-05 9.9955E-05 0.315185 0.171981 9.9955E-05 0.491934 9.9955E-05
0.0350193 9.9973E-05 0.153526 9.9973E-05 0.335287 0.0465837 9.9973E-05 0.18498 0.244303
9.9946E-05 9.9946E-05 0.100769 9.9946E-05 0.747741 9.9946E-05 9.9946E-05 0.150891 9.9946E-05
9.9946E-05 9.9946E-05 9.9946E-05 0.00448969 0.978753 9.9946E-05 0.016158 9.9946E-05 9.9946E-05
9.9946E-05 9.9946E-05 0.0740345 0.0840275 0.841338 9.9946E-05 9.9946E-05 9.9946E-05 9.9946E-05
0.00395074 9.9964E-05 0.0308292 9.9964E-05 0.687304 9.9964E-05 0.00924691 0.26827 9.9964E-05
9.9946E-05 9.9946E-05 9.9946E-05 9.9946E-05 0.737933 9.9946E-05 9.9946E-05 0.0787636 0.182704
9.9946E-05 0.0317674 0.058175 9.9946E-05 0.909458 9.9946E-05 9.9946E-05 9.9946E-05 9.9946E-05
9.9973E-05 0.00167951 0.869116 0.0061681 0.0508406 0.0128831 9.9973E-05 0.0590128 9.9973E-05
0.00561053 9.9982E-05 0.644116 0.0222468 0.15251 0.0368116 0.0724608 0.0660443 9.9982E-05
0.035975 9.9973E-05 0.684799 0.0418021 0.214366 0.0147859 0.00797141 9.9973E-05 9.9973E-05
0.091639 9.9955E-05 0.671582 0.0517036 9.9955E-05 9.9955E-05 9.9955E-05 0.184575 9.9955E-05
0.0583056 9.9964E-05 0.725758 9.9964E-05 0.0583588 9.9964E-05 0.032856 9.9964E-05 0.124322
9.9973E-05 0.0875754 0.569431 0.0449754 9.9973E-05 0.00471998 9.9973E-05 0.202204 0.0907942
0.0759418 9.9955E-05 0.814948 9.9955E-05 9.9955E-05 9.9955E-05 9.9955E-05 0.107317 0.00129355
9.99371E-05 0.0178304 0.98147 9.99371E-05 9.99371E-05 9.99371E-05 9.99371E-05 9.99371E-05 9.99371E-05
9.9946E-05 9.9946E-05 0.888624 9.9946E-05 9.9946E-05 9.9946E-05 0.00383736 0.106939 9.9946E-05
9.99371E-05 9.99371E-05 0.988777 9.99371E-05 9.99371E-05 9.99371E-05 9.99371E-05 0.0105235 9.99371E-05
9.9946E-05 0.0117227 0.975987 9.9946E-05 9.9946E-05 9.9946E-05 9.9946E-05 9.9946E-05 0.0116907
9.9937E-05 9.9937E-05 0.975434 9.9937E-05 9.9937E-05 0.0238665 9.9937E-05 9.9937E-05 9.9937E-05
9.993E-05 9.993E-05 0.999201 9.993E-05 9.993E-05 9.993E-05 9.993E-05 9.993E-05 9.993E-05
9.9946E-05 9.9946E-05 0.988394 9.9946E-05 0.00192388 0.00908256 9.9946E-05 9.9946E-05 9.9946E-05
9.99461E-05 0.0169706 0.955241 9.99461E-05 9.99461E-05 9.99461E-05 9.99461E-05 9.99461E-05 0.0271886
0.0996919 9.9955E-05 0.628091 9.9955E-05 9.9955E-05 9.9955E-05 9.9955E-05 0.00908258 0.262634
0.0131822 0.00012959 0.924139 9.9964E-05 0.0326273 0.0295225 9.9964E-05 9.9964E-05 9.9964E-05
0.014073 0.0787094 0.576815 0.0455667 0.0486398 9.9982E-05 9.9982E-05 0.185761 0.0502344
9.997E-05 0.554741 0.278761 9.997E-05 0.0293113 0.0179781 0.0549555 9.997E-05 0.0639532
9.993E-05 0.999201 9.993E-05 9.993E-05 9.993E-05 9.993E-05 9.993E-05 9.993E-05 9.993E-05
0.0228292 0.0931021 0.502469 0.0402707 0.0493316 9.9973E-05 9.9973E-05 0.291698 9.9973E-05
