9.99371E-05 9.99371E-05 0.00019469 9.99371E-05 9.99371E-05 9.99371E-05 9.99371E-05 0.999106 9.99371E-05
0.0243968 9.9973E-05 0.802817 0.0447891 0.0454979 9.9973E-05 0.0146508 0.067549 9.9973E-05
9.9964E-05 9.9964E-05 0.793729 0.0908353 0.0280625 0.0161094 9.9964E-05 0.0708636 9.9964E-05
9.993E-05 9.993E-05 0.999201 9.993E-05 9.993E-05 9.993E-05 9.993E-05 9.993E-05 9.993E-05
0.0973452 0.017306 0.547537 9.9973E-05 9.9973E-05 0.273171 0.0505775 9.9973E-05 0.0137636
0.00964992 9.9964E-05 0.498667 9.9964E-05 9.9964E-05 0.196867 9.9964E-05 0.0777152 0.216701
9.9955E-05 9.9955E-05 0.510938 0.00274523 9.9955E-05 0.350891 9.9955E-05 0.134926 9.9955E-05
9.9973E-05 0.000144669 0.47616 0.0603197 9.9973E-05 0.197018 9.9973E-05 0.153192 0.112866
9.9982E-05 9.9982E-05 0.465916 0.0564303 0.0227489 0.307437 0.0201816 0.0657842 0.0613029
9.993E-05 9.993E-05 9.993E-05 9.993E-05 9.993E-05 9.993E-05 9.993E-05 0.999201 9.993E-05
9.993E-05 9.993E-05 9.993E-05 9.993E-05 9.993E-05 9.993E-05 9.993E-05 0.999201 9.993E-05
9.993E-05 9.993E-05 9.993E-05 9.993E-05 9.993E-05 9.993E-05 9.993E-05 0.999201 9.993E-05
9.9946E-05 9.9946E-05 0.0061282 9.9946E-05 0.01941 9.9946E-05 9.9946E-05 0.973862 9.9946E-05
0.038468 9.9946E-05 9.9946E-05 9.9946E-05 9.9946E-05 0.057821 9.9946E-05 0.903111 9.9946E-05
0.0213021 0.0124271 0.0378625 9.9964E-05 9.9964E-05 9.9964E-05 9.9964E-05 0.914867 0.0131412
9.9982E-05 0.00431517 0.472219 0.0122359 9.9982E-05 0.0812157 0.0176197 0.0847024 0.327492
0.0536139 0.0569781 0.311815 0.0423266 9.9991E-05 0.0957167 0.0821934 0.154616 0.202641
9.9937E-05 9.9937E-05 0.997782 9.9937E-05 9.9937E-05 9.9937E-05 0.00151816 9.9937E-05 9.9937E-05
0.0413534 9.9955E-05 0.046996 9.9955E-05 9.9955E-05 0.879427 0.0317242 9.9955E-05 9.9955E-05
0.0168423 0.00688398 9.9946E-05 9.9946E-05 9.9946E-05 0.975674 9.9946E-05 9.9946E-05 9.9946E-05
9.9964E-05 9.9964E-05 0.124328 9.9964E-05 0.00238175 0.833779 0.0145675 0.0245446 9.9964E-05
0.10232 0.0100203 0.0648125 0.0875061 9.9964E-05 0.734942 9.9964E-05 9.9964E-05 9.9964E-05
0.102692 0.000331617 0.0622751 0.00173326 0.00235801 0.83031 9.9973E-05 9.9973E-05 9.9973E-05
9.9946E-05 0.0204065 9.9946E-05 9.9946E-05 9.9946E-05 0.961857 9.9946E-05 0.0171365 9.9946E-05
9.9946E-05 9.9946E-05 9.9946E-05 9.9946E-05 0.00607721 0.984139 0.00918375 9.9946E-05 9.9946E-05
9.9955E-05 0.0347158 9.9955E-05 9.9955E-05 9.9955E-05 0.675673 0.0912759 9.9955E-05 0.197836
9.9955E-05 9.9955E-05 9.9955E-05 0.102752 9.9955E-05 0.789516 0.104862 9.9955E-05 0.00237067
9.99461E-05 9.99461E-05 0.0504643 0.0592449 9.99461E-05 0.889691 9.99461E-05 9.99461E-05 9.99461E-05
9.9982E-05 0.0184706 0.0782729 0.00749623 9.9982E-05 0.669798 0.0229473 0.0518063 0.151009
9.9955E-05 9.9955E-05 0.104836 9.9955E-05 9.9955E-05 0.81089 9.9955E-05 0.0647677 0.0190067
0.0015534 9.99461E-05 9.99461E-05 9.99461E-05 9.99461E-05 0.964158 9.99461E-05 0.0336888 9.99461E-05
9.9964E-05 0.0334145 9.9964E-05 9.9964E-05 0.00403619 0.881899 0.0467912 9.9964E-05 0.0334592
9.9982E-05 0.0121948 9.9982E-05 0.0466892 0.00471895 0.760166 0.0249899 0.0313461 0.119696
9.9982E-05 0.12367 9.9982E-05 0.0838876 0.0135079 0.719043 0.00173548 0.0420737 0.0158824
0.122539 9.9955E-05 0.0729532 0.0338328 9.9955E-05 0.770176 9.9955E-05 9.9955E-05 9.9955E-05
9.9955E-05 9.9955E-05 0.11405 9.9955E-05 9.9955E-05 0.826836 9.9955E-05 0.0443941 0.0142201
9.99371E-05 9.99371E-05 9.99371E-05 9.99371E-05 9.99371E-05 0.563677 9.99371E-05 9.99371E-05 0.435624
0.0576892 0.0194955 0.0447692 0.0310611 0.000411882 0.551059 0.063269 9.9991E-05 0.232145
0.0171794 9.9982E-05 0.00203095 0.0453645 0.0268876 0.597829 0.0879773 9.9982E-05 0.222531
0.00611575 0.0170275 9.9982E-05 9.9982E-05 0.00493923 0.60512 0.0642043 0.00917934 0.293214
9.9973E-05 0.0545192 0.185835 0.0178349 0.0207897 9.9973E-05 0.00254016 9.9973E-05 0.718181
9.9964E-05 0.0182786 0.182054 9.9964E-05 0.00334477 9.9964E-05 0.0771642 9.9964E-05 0.718758
9.9982E-05 0.0563744 0.255974 0.0465675 0.0144094 0.0729474 9.9982E-05 0.00669537 0.546832
9.9955E-05 0.0265667 0.213975 0.00335302 9.9955E-05 9.9955E-05 9.9955E-05 9.9955E-05 0.755606
9.9973E-05 0.034338 0.0395521 0.0668251 9.9973E-05 0.165364 0.0329469 9.9973E-05 0.660674
9.9946E-05 9.9946E-05 0.00726268 9.9946E-05 9.9946E-05 0.0206296 9.9946E-05 9.9946E-05 0.971508
9.993E-05 9.993E-05 9.993E-05 9.993E-05 9.993E-05 9.993E-05 9.993E-05 9.993E-05 0.999201
0.0215866 0.0251006 0.0322301 0.0506266 9.9982E-05 0.399068 0.0190483 9.9982E-05 0.45214
0.0410354 0.0674963 0.118084 0.0354185 9.9991E-05 0.0828485 0.0552942 0.053007 0.546716
9.9991E-05 0.0566866 0.132105 0.000167798 0.0291504 0.249742 0.0271607 0.0652351 0.439652
9.9982E-05 9.9982E-05 0.0681472 0.0325806 0.0166926 0.232747 0.0785052 0.0232834 0.547844
0.00859311 9.9973E-05 0.0372431 0.0476256 9.9973E-05 0.175544 0.00354022 9.9973E-05 0.727154
9.9955E-05 9.9955E-05 0.026879 9.9955E-05 9.9955E-05 0.021633 0.0251753 9.9955E-05 0.925813
0.0941597 0.0351963 0.0102585 9.9991E-05 0.0177011 0.174783 0.0254783 0.0533586 0.588964
0.0236347 0.0584399 0.00589054 0.0103871 0.0684007 0.220644 0.00746603 0.0485176 0.556619
9.9982E-05 0.0426633 0.122792 0.0888166 0.0252339 0.0653713 0.0128952 9.9982E-05 0.642027
0.00368579 0.00602375 0.0481709 0.0495548 9.9991E-05 0.155938 0.054702 0.0549037 0.626921
9.9973E-05 0.0214337 0.0835732 9.9973E-05 0.0119661 0.147609 0.0795017 9.9973E-05 0.655617
9.99371E-05 9.99371E-05 9.99371E-05 9.99371E-05 9.99371E-05 9.99371E-05 9.99371E-05 0.0157569 0.983544
9.999E-05 0.022486 0.0302595 0.010896 0.0485093 0.125867 0.0762874 0.0564172 0.629178
9.9955E-05 9.9955E-05 9.9955E-05 9.9955E-05 9.9955E-05 0.204911 0.0780782 0.010471 0.70604
9.99641E-05 0.104071 0.0242265 9.99641E-05 9.99641E-05 0.00990509 9.99641E-05 0.0297729 0.831625
0.00880688 0.0137821 9.9991E-05 0.0398205 0.0227131 0.127503 0.0120326 0.0161429 0.759099
0.092605 9.99461E-05 9.99461E-05 9.99461E-05 0.0115993 9.99461E-05 9.99461E-05 9.99461E-05 0.895196
9.9955E-05 9.9955E-05 0.0847102 9.9955E-05 9.9955E-05 0.0822368 0.0224033 9.9955E-05 0.81015
0.0536548 9.9955E-05 9.9955E-05 0.0180555 9.9955E-05 9.9955E-05 9.9955E-05 0.000712869 0.927077
9.9937E-05 9.9937E-05 9.9937E-05 9.9937E-05 0.051284 9.9937E-05 9.9937E-05 9.9937E-05 0.948016
0.0964989 9.9964E-05 9.9964E-05 0.0277819 0.0253903 9.9964E-05 9.9964E-05 0.0141207 0.835808
9.9973E-05 9.9973E-05 0.0583065 0.00839081 0.00093755 0.177102 0.0422143 9.9973E-05 0.712749
0.0340906 9.99461E-05 9.99461E-05 0.0127734 9.99461E-05 9.99461E-05 9.99461E-05 9.99461E-05 0.952536
9.9982E-05 0.0126208 0.0563044 0.0624074 0.0284367 0.0443936 9.9982E-05 0.0454252 0.750212
9.9982E-05 0.00462487 0.00197709 0.0541136 0.0434071 0.0306311 0.0140513 9.9982E-05 0.850995
9.9946E-05 9.9946E-05 9.9946E-05 9.9946E-05 9.9946E-05 0.0103371 9.9946E-05 0.0895198 0.899543
9.9946E-05 9.9946E-05 9.9946E-05 9.9946E-05 9.9946E-05 9.9946E-05 0.0256239 0.0559376 0.917839
0.0241386 0.0679428 9.9982E-05 0.0278411 9.9982E-05 0.0169222 0.0236998 0.0298442 0.809411
9.9955E-05 9.9955E-05 9.9955E-05 9.9955E-05 9.9955E-05 0.0183002 0.062066 0.0013984 0.917736
9.9955E-05 9.9955E-05 0.00446856 0.0147421 0.0125386 9.9955E-05 9.9955E-05 9.9955E-05 0.967751
0.099613 9.9964E-05 0.0137604 9.9964E-05 0.102127 9.9964E-05 9.9964E-05 0.0116157 0.772484
0.0879419 0.0810985 9.9973E-05 0.00490523 0.106153 9.9973E-05 0.0595369 9.9973E-05 0.660064
0.0823592 0.0524394 9.9964E-05 9.9964E-05 0.120273 9.9964E-05 0.0145962 9.9964E-05 0.729932
0.0673361 0.0362372 9.9973E-05 0.0359974 0.0399967 9.9973E-05 0.0320343 9.9973E-05 0.788098
0.10175 0.0178161 9.9964E-05 0.00150584 0.151117 9.9964E-05 9.9964E-05 9.9964E-05 0.727411
0.0623109 0.0285666 9.9964E-05 9.9964E-05 0.0958169 9.9964E-05 0.00438186 9.9964E-05 0.808524
9.9973E-05 0.186988 0.0380621 9.9973E-05 0.148167 0.139339 0.0476119 9.9973E-05 0.439533
9.9982E-05 0.060286 0.0293453 0.0330905 0.150897 9.9982E-05 0.0853527 0.0221003 0.618728
0.0203182 0.0200452 0.0616342 0.0622373 0.158657 9.9973E-05 9.9973E-05 9.9973E-05 0.676809
0.0295417 0.0886898 0.0424353 0.0650152 0.0825562 0.139463 0.0267117 0.032366 0.493221
9.9973E-05 0.123506 9.9973E-05 9.9973E-05 0.124904 0.178659 0.0389152 0.0181946 0.515521
0.0537693 0.0561617 0.0470392 0.0287949 0.109377 9.9991E-05 0.0460886 0.00694461 0.651725
9.9982E-05 0.109438 9.9982E-05 0.0992225 0.0991444 0.0359951 0.150665 0.0190922 0.486243
0.220499 0.0634266 0.121884 0.0199047 0.0739651 9.9973E-05 9.9973E-05 9.9973E-05 0.50002
0.195808 0.0994187 0.183407 0.0287217 0.0498343 9.9973E-05 9.9973E-05 9.9973E-05 0.44251
0.0263588 0.0765412 0.0232979 0.0640937 0.220691 0.00224813 0.19734 0.0315626 0.357866
0.00617104 9.9937E-05 9.9937E-05 9.9937E-05 0.993129 9.9937E-05 9.9937E-05 9.9937E-05 9.9937E-05
0.0176031 9.9964E-05 0.015793 0.0237469 0.940606 9.9964E-05 9.9964E-05 0.00185062 9.9964E-05
0.0775928 9.9973E-05 9.9973E-05 0.0100299 0.865808 9.9973E-05 0.00457467 0.0113396 0.0303547
9.993E-05 9.993E-05 9.993E-05 9.993E-05 0.999201 9.993E-05 9.993E-05 9.993E-05 9.993E-05
9.993E-05 9.993E-05 9.993E-05 9.993E-05 0.999201 9.993E-05 9.993E-05 9.993E-05 9.993E-05
0.0037965 9.99371E-05 9.99371E-05 9.99371E-05 0.995504 9.99371E-05 9.99371E-05 9.99371E-05 9.99371E-05
9.9946E-05 0.0123977 9.9946E-05 9.9946E-05 0.975077 0.0119254 9.9946E-05 9.9946E-05 9.9946E-05
9.9955E-05 9.9955E-05 0.00832275 9.9955E-05 0.902045 0.0621984 9.9955E-05 9.9955E-05 0.0269341
9.9946E-05 0.00142353 9.9946E-05 9.9946E-05 0.982845 9.9946E-05 0.0151313 9.9946E-05 9.9946E-05
9.993E-05 9.993E-05 9.993E-05 9.993E-05 0.999201 9.993E-05 9.993E-05 9.993E-05 9.993E-05
0.0441232 0.246977 9.9982E-05 0.0783528 0.122463 0.114221 0.102916 9.9982E-05 0.290747
0.0513424 9.9964E-05 9.9964E-05 9.9964E-05 0.85622 9.9964E-05 0.00339023 0.00916649 0.0794809
9.993E-05 9.993E-05 9.993E-05 9.993E-05 0.999201 9.993E-05 9.993E-05 9.993E-05 9.993E-05
9.993E-05 9.993E-05 9.993E-05 9.993E-05 0.999201 9.993E-05 9.993E-05 9.993E-05 9.993E-05
0.06723 0.197079 9.9973E-05 0.00116911 0.102546 9.9973E-05 0.0825391 9.9973E-05 0.549137
0.0766297 0.182539 9.9973E-05 0.0327108 0.126585 9.9973E-05 0.0469565 9.9973E-05 0.534279
0.133637 0.173465 9.9973E-05 0.0265034 0.107626 9.9973E-05 0.0602261 9.9973E-05 0.498243
0.0714311 0.182783 9.9973E-05 0.040479 0.147391 9.9973E-05 0.0603807 9.9973E-05 0.497235
0.116769 0.196635 9.9973E-05 0.0106854 0.123897 9.9973E-05 0.0490227 9.9973E-05 0.502691
0.191589 0.111609 9.9973E-05 9.9973E-05 0.0761368 0.126347 0.0367879 9.9973E-05 0.45723
0.106002 0.165581 9.9982E-05 0.0120226 0.155765 0.0668109 0.0394755 9.9982E-05 0.454143
0.14247 0.192978 9.9964E-05 9.9964E-05 0.124154 9.9964E-05 0.0200787 9.9964E-05 0.51992
0.108915 0.106844 9.9982E-05 0.0609567 0.194046 0.0137744 0.0573329 9.9982E-05 0.457931
0.130462 0.13349 9.9991E-05 0.0312173 0.183164 0.019356 0.0365917 0.00210298 0.463515
0.109077 0.132989 9.9982E-05 0.0213238 0.0944947 0.0548815 0.0924235 9.9982E-05 0.49461
0.193571 0.0730016 9.9982E-05 0.00622964 0.162296 0.0214361 0.0239627 9.9982E-05 0.519303
0.140163 0.161077 9.9982E-05 0.0202581 0.0556129 9.9982E-05 0.0541681 0.0133866 0.555134
0.0670863 0.171629 0.0531354 0.036557 0.1215 9.9982E-05 0.0444008 9.9982E-05 0.505491
9.99461E-05 0.960358 9.99461E-05 0.00847572 9.99461E-05 9.99461E-05 0.0305663 9.99461E-05 9.99461E-05
0.0344719 0.80738 0.0311199 9.9973E-05 0.0562819 9.9973E-05 0.0578881 0.0125583 9.9973E-05
9.993E-05 0.999201 9.993E-05 9.993E-05 9.993E-05 9.993E-05 9.993E-05 9.993E-05 9.993E-05
9.993E-05 0.999201 9.993E-05 9.993E-05 9.993E-05 9.993E-05 9.993E-05 9.993E-05 9.993E-05
9.9937E-05 0.984296 9.9937E-05 9.9937E-05 9.9937E-05 9.9937E-05 0.0150043 9.9937E-05 9.9937E-05
9.993E-05 0.999201 9.993E-05 9.993E-05 9.993E-05 9.993E-05 9.993E-05 9.993E-05 9.993E-05
9.993E-05 0.999201 9.993E-05 9.993E-05 9.993E-05 9.993E-05 9.993E-05 9.993E-05 9.993E-05
0.165878 0.738693 0.00235962 9.9973E-05 9.9973E-05 0.0308898 0.0309091 0.0309703 9.9973E-05
9.993E-05 0.999201 9.993E-05 9.993E-05 9.993E-05 9.993E-05 9.993E-05 9.993E-05 9.993E-05
9.993E-05 0.999201 9.993E-05 9.993E-05 9.993E-05 9.993E-05 9.993E-05 9.993E-05 9.993E-05
0.0663449 0.871334 0.00607073 9.9964E-05 0.0395241 9.9964E-05 9.9964E-05 0.0163264 9.9964E-05
9.9937E-05 0.988664 9.9937E-05 9.9937E-05 9.9937E-05 9.9937E-05 0.0106363 9.9937E-05 9.9937E-05
0.0255716 0.699883 0.0345132 0.110557 9.9964E-05 9.9964E-05 9.9964E-05 9.9964E-05 0.129076
9.993E-05 9.993E-05 9.993E-05 0.999201 9.993E-05 9.993E-05 9.993E-05 9.993E-05 9.993E-05
0.104659 0.15444 0.0496395 0.0816208 0.17054 9.9982E-05 0.0683532 9.9982E-05 0.370548
9.993E-05 9.993E-05 9.993E-05 0.999201 9.993E-05 9.993E-05 9.993E-05 9.993E-05 9.993E-05
9.993E-05 9.993E-05 9.993E-05 0.999201 9.993E-05 9.993E-05 9.993E-05 9.993E-05 9.993E-05
0.0741186 9.99461E-05 9.99461E-05 0.904673 0.0206091 9.99461E-05 9.99461E-05 9.99461E-05 9.99461E-05
0.0128899 0.0505276 9.9982E-05 0.811009 0.0236422 0.0699008 0.018283 9.9982E-05 0.013548
9.993E-05 9.993E-05 9.993E-05 0.999201 9.993E-05 9.993E-05 9.993E-05 9.993E-05 9.993E-05
0.0611388 9.9964E-05 9.9964E-05 0.870348 9.9964E-05 0.00475336 9.9964E-05 0.00740739 0.0559529
0.0116765 9.9946E-05 9.9946E-05 0.97099 0.0167339 9.9946E-05 9.9946E-05 9.9946E-05 9.9946E-05
9.9964E-05 0.000894811 9.9964E-05 0.964385 9.9964E-05 0.0183984 0.00464601 9.9964E-05 0.0112764
9.993E-05 9.993E-05 9.993E-05 0.999201 9.993E-05 9.993E-05 9.993E-05 9.993E-05 9.993E-05
9.9946E-05 0.0246365 9.9946E-05 0.922406 9.9946E-05 9.9946E-05 9.9946E-05 9.9946E-05 0.0523577
9.9946E-05 0.00836576 9.9946E-05 0.978354 9.9946E-05 0.0126802 9.9946E-05 9.9946E-05 9.9946E-05
9.9964E-05 0.0499938 0.0267911 0.826806 0.0222698 9.9964E-05 0.0737393 9.9964E-05 9.9964E-05
0.00352077 9.9964E-05 9.9964E-05 0.916649 9.9964E-05 9.9964E-05 0.00675376 0.0368405 0.0358358
0.0463059 9.9955E-05 9.9955E-05 0.850584 9.9955E-05 9.9955E-05 0.0131755 9.9955E-05 0.0894353
0.0443734 0.0166106 9.9973E-05 0.824707 9.9973E-05 9.9973E-05 0.0471395 0.00878909 0.0580809
9.99551E-05 9.99551E-05 9.99551E-05 0.881637 9.99551E-05 9.99551E-05 0.0526783 0.0253086 0.039876
9.9955E-05 0.0140754 9.9955E-05 0.935143 0.0213233 9.9955E-05 9.9955E-05 9.9955E-05 0.0289588
0.13486 0.0423163 9.9982E-05 0.0512634 0.0760202 9.9982E-05 0.299594 0.037127 0.358619
0.114331 0.123305 9.9991E-05 0.0564888 0.102184 0.0331903 0.239314 0.032364 0.298724
0.117984 0.022165 9.9982E-05 0.0431587 0.0847296 9.9982E-05 0.285001 0.0451546 0.401608
0.118062 0.0262662 9.9982E-05 0.0485692 0.104586 9.9982E-05 0.264139 0.055532 0.382646
0.960256 0.0172011 9.9964E-05 0.000488726 9.9964E-05 0.0199251 9.9964E-05 9.9964E-05 0.00172931
0.999201 9.993E-05 9.993E-05 9.993E-05 9.993E-05 9.993E-05 9.993E-05 9.993E-05 9.993E-05
0.947859 9.9955E-05 9.9955E-05 0.0215695 9.9955E-05 0.0287936 0.00127809 9.9955E-05 9.9955E-05
0.999201 9.993E-05 9.993E-05 9.993E-05 9.993E-05 9.993E-05 9.993E-05 9.993E-05 9.993E-05
0.985415 9.9937E-05 9.9937E-05 9.9937E-05 9.9937E-05 9.9937E-05 0.0138851 9.9937E-05 9.9937E-05
0.952434 9.9955E-05 9.9955E-05 0.00334254 9.9955E-05 9.9955E-05 0.0262831 9.9955E-05 0.0174404
0.916382 9.9955E-05 9.9955E-05 9.9955E-05 9.9955E-05 9.9955E-05 0.0344867 0.00422758 0.0444038
0.753507 0.0012556 9.9973E-05 0.0337213 9.9973E-05 0.0740332 9.9973E-05 0.0360863 0.101096
0.852378 0.00755317 9.9964E-05 9.9964E-05 9.9964E-05 0.0765766 0.0259951 9.9964E-05 0.0370968
9.9937E-05 9.9937E-05 9.9937E-05 9.9937E-05 9.9937E-05 9.9937E-05 0.990583 9.9937E-05 0.00871773
9.99461E-05 9.99461E-05 9.99461E-05 0.000339829 9.99461E-05 9.99461E-05 0.996593 0.00246782 9.99461E-05
9.993E-05 9.993E-05 9.993E-05 9.993E-05 9.993E-05 9.993E-05 0.999201 9.993E-05 9.993E-05
9.993E-05 9.993E-05 9.993E-05 9.993E-05 9.993E-05 9.993E-05 0.999201 9.993E-05 9.993E-05
9.993E-05 9.993E-05 9.993E-05 9.993E-05 9.993E-05 9.993E-05 0.999201 9.993E-05 9.993E-05
0.0149458 9.9964E-05 0.0205166 0.0126502 9.9964E-05 9.9964E-05 0.908804 9.9964E-05 0.042684
9.993E-05 9.993E-05 9.993E-05 9.993E-05 9.993E-05 9.993E-05 0.999201 9.993E-05 9.993E-05
9.993E-05 9.993E-05 9.993E-05 9.993E-05 9.993E-05 9.993E-05 0.999201 9.993E-05 9.993E-05
9.993E-05 9.993E-05 9.993E-05 9.993E-05 9.993E-05 9.993E-05 0.999201 9.993E-05 9.993E-05
9.9955E-05 0.0526542 9.9955E-05 0.0146338 0.00909438 9.9955E-05 0.923118 9.9955E-05 9.9955E-05
9.993E-05 9.993E-05 9.993E-05 9.993E-05 9.993E-05 9.993E-05 0.999201 9.993E-05 9.993E-05
9.9937E-05 9.9937E-05 0.00415761 9.9937E-05 9.9937E-05 9.9937E-05 0.995143 9.9937E-05 9.9937E-05
