0.999201 9.993E-05 9.993E-05 9.993E-05 9.993E-05 9.993E-05 9.993E-05 9.993E-05 9.993E-05
0.254867 9.9955E-05 9.9955E-05 9.9955E-05 0.0813589 0.591698 9.9955E-05 9.9955E-05 0.0715761
0.255214 9.9955E-05 9.9955E-05 9.9955E-05 0.0654536 0.585776 9.9955E-05 9.9955E-05 0.0930564
0.198485 9.9964E-05 9.9964E-05 0.0788295 0.0178624 0.696904 9.9964E-05 9.9964E-05 0.00751884
0.0831068 0.0690876 9.9964E-05 9.9964E-05 9.9964E-05 0.709674 0.079256 0.0584757 9.9964E-05
0.14018 0.0250058 9.9982E-05 0.166968 0.00411808 0.586966 0.0194053 9.9982E-05 0.0571561
0.257702 9.9937E-05 9.9937E-05 9.9937E-05 9.9937E-05 0.741598 9.9937E-05 9.9937E-05 9.9937E-05
0.281944 9.9973E-05 0.0184394 0.147091 0.00183323 0.458223 9.9973E-05 9.9973E-05 0.0921695
0.172774 9.9973E-05 9.9973E-05 0.0362138 0.017272 0.685687 9.9973E-05 0.0291635 0.0585891
0.999201 9.993E-05 9.993E-05 9.993E-05 9.993E-05 9.993E-05 9.993E-05 9.993E-05 9.993E-05
0.992979 9.9937E-05 9.9937E-05 9.9937E-05 0.00632189 9.9937E-05 9.9937E-05 9.9937E-05 9.9937E-05
0.993738 9.9937E-05 9.9937E-05 9.9937E-05 9.9937E-05 9.9937E-05 9.9937E-05 0.0055628 9.9937E-05
0.999201 9.993E-05 9.993E-05 9.993E-05 9.993E-05 9.993E-05 9.993E-05 9.993E-05 9.993E-05
0.870006 0.0387777 9.9955E-05 0.0410122 9.9955E-05 0.0497045 9.9955E-05 9.9955E-05 9.9955E-05
0.953331 0.0384157 9.9955E-05 0.00346343 9.9955E-05 9.9955E-05 9.9955E-05 9.9955E-05 0.00428977
0.184757 9.9982E-05 0.0656791 0.161648 9.9982E-05 0.487433 0.0133356 0.014706 0.0722419
0.193551 0.133377 0.0455882 0.072673 0.0282294 0.361355 9.9991E-05 0.0881454 0.0769806
0.18549 9.9982E-05 0.00466342 0.0224661 0.0127228 0.72465 0.0471081 9.9982E-05 0.00269965
9.9955E-05 0.0577755 9.9955E-05 0.0287324 9.9955E-05 0.878226 9.9955E-05 0.0347665 9.9955E-05
9.9973E-05 0.0353779 0.00996166 0.0236088 9.9973E-05 0.883554 0.0441078 0.00309012 9.9973E-05
0.0165896 9.9964E-05 9.9964E-05 9.9964E-05 0.0185775 0.897132 0.0453119 0.0219889 9.9964E-05
9.9964E-05 0.0849412 9.9964E-05 9.9964E-05 0.0420183 0.799468 0.0343987 9.9964E-05 0.0387737
9.9955E-05 0.0984272 9.9955E-05 9.9955E-05 9.9955E-05 0.871044 9.9955E-05 0.0164352 0.0135942
9.9955E-05 0.0245606 0.0204691 9.9955E-05 9.9955E-05 0.946055 9.9955E-05 9.9955E-05 0.00841534
9.9955E-05 9.9955E-05 0.00657022 0.0790393 9.9955E-05 0.895645 9.9955E-05 0.0182462 9.9955E-05
9.9982E-05 0.00353571 0.0768726 0.0556463 9.9982E-05 0.659399 0.13565 0.0560086 0.0126886
0.0153609 0.0463631 9.9982E-05 0.00852324 9.9982E-05 0.686065 0.0662921 0.105335 0.0718602
9.9955E-05 9.9955E-05 0.0246097 0.00570096 9.9955E-05 0.961921 9.9955E-05 9.9955E-05 0.00726884
0.0238141 0.0161795 0.0318268 9.9973E-05 9.9973E-05 0.774315 0.137528 0.0160362 9.9973E-05
0.0330094 9.9946E-05 9.9946E-05 9.9946E-05 9.9946E-05 0.948526 0.017865 9.9946E-05 9.9946E-05
0.00807897 0.0590818 9.9964E-05 9.9964E-05 9.9964E-05 0.838907 0.0556239 0.0379084 9.9964E-05
9.9973E-05 0.045582 0.0481417 0.0804449 9.9973E-05 0.753174 0.052828 0.0195294 9.9973E-05
9.9955E-05 9.9955E-05 9.9955E-05 9.9955E-05 9.9955E-05 0.700581 0.185531 0.0471257 0.0662627
0.0387517 0.0150267 0.120154 0.019226 0.00665125 0.585242 0.118592 0.00541954 0.0909372
9.9955E-05 0.133158 0.0279812 9.9955E-05 9.9955E-05 0.800351 9.9955E-05 9.9955E-05 0.0380096
0.0270042 0.000387466 9.9964E-05 9.9964E-05 9.9964E-05 0.954274 0.0148492 0.0030857 9.9964E-05
9.9955E-05 0.0382032 9.9955E-05 0.286713 9.9955E-05 0.532017 0.142568 9.9955E-05 9.9955E-05
9.9964E-05 0.0407274 9.9964E-05 9.9964E-05 9.9964E-05 0.59375 0.278392 0.0626575 0.0240733
0.0036419 9.9982E-05 9.9982E-05 0.0385501 0.0480362 0.544466 0.246381 0.0645234 0.054201
0.0154785 9.9964E-05 9.9964E-05 0.0357736 9.9964E-05 0.536746 0.391355 0.0202469 9.9964E-05
0.000385187 9.9991E-05 0.0955515 0.579749 0.0831762 0.0435686 0.132476 0.0208776 0.0441155
0.0127635 0.0470511 0.0638173 0.561636 0.0130775 0.0653129 0.193694 0.0425479 9.9991E-05
0.0454837 9.9973E-05 0.112616 0.497579 0.0602831 0.185857 9.9973E-05 9.9973E-05 0.0978813
9.9982E-05 9.9982E-05 0.0706012 0.603553 0.0572831 0.0879357 0.132554 0.0320305 0.0158429
9.9973E-05 9.9973E-05 0.032685 0.320044 9.9973E-05 0.247759 0.268632 0.0611294 0.0694511
9.993E-05 9.993E-05 9.993E-05 0.999201 9.993E-05 9.993E-05 9.993E-05 9.993E-05 9.993E-05
9.993E-05 9.993E-05 9.993E-05 0.999201 9.993E-05 9.993E-05 9.993E-05 9.993E-05 9.993E-05
9.9982E-05 0.0246618 0.0691949 0.357473 9.9982E-05 0.434627 0.0172274 0.0483391 0.0482765
0.0985902 0.038553 0.0451833 0.492999 9.9991E-05 0.120855 0.0829217 0.0726826 0.0481153
0.0723725 9.9991E-05 0.0938227 0.269237 0.0463646 0.417633 0.0623406 0.0067729 0.031356
0.0498936 9.9973E-05 9.9973E-05 0.319153 9.9973E-05 0.206082 0.352209 0.0337216 0.0386406
9.9982E-05 0.0625952 0.0408334 0.532247 9.9982E-05 0.195451 0.112762 0.0126156 0.0432964
9.9946E-05 9.9946E-05 0.022564 0.939212 9.9946E-05 9.9946E-05 9.9946E-05 0.037624 9.9946E-05
0.0484005 0.0677822 0.00899789 0.204907 9.9982E-05 0.209348 0.42974 0.030624 9.9982E-05
0.0536526 0.0396577 0.0287762 0.223467 9.9982E-05 0.191441 0.449287 0.0135185 9.9982E-05
9.9982E-05 9.9982E-05 0.11136 0.442402 0.00990466 0.204348 0.117594 0.0265293 0.0876621
0.0878835 0.0145993 0.0353473 0.308567 9.9991E-05 0.194035 0.192539 0.0829406 0.0839885
9.9973E-05 9.9973E-05 0.0636933 0.381713 0.0527891 0.227153 0.179226 0.095125 9.9973E-05
9.993E-05 9.993E-05 9.993E-05 0.999201 9.993E-05 9.993E-05 9.993E-05 9.993E-05 9.993E-05
0.0646869 9.9973E-05 9.9973E-05 0.265133 9.9973E-05 0.223278 0.367578 0.0505583 0.0284664
9.9982E-05 0.00969277 0.0784248 0.557192 0.0054157 0.179664 0.0748901 0.09452 9.9982E-05
0.0482394 9.9973E-05 0.100287 0.506872 0.00697309 0.110343 0.226984 9.9973E-05 9.9973E-05
0.0199358 0.0328315 0.0282042 0.472022 0.0182174 0.101104 0.227842 0.0498081 0.0500359
9.9964E-05 0.0699986 0.0307352 0.847789 0.0431723 9.9964E-05 9.9964E-05 9.9964E-05 0.00790473
0.00578692 9.9973E-05 0.0662336 0.520362 9.9973E-05 0.194521 0.188956 0.0238399 9.9973E-05
9.9964E-05 0.105798 0.0251714 0.825163 0.0212572 9.9964E-05 9.9964E-05 9.9964E-05 0.0222103
9.9946E-05 9.9946E-05 9.9946E-05 0.569453 0.0309334 9.9946E-05 0.399014 9.9946E-05 9.9946E-05
9.9955E-05 0.116195 0.0702586 0.79216 0.0208866 9.9955E-05 9.9955E-05 9.9955E-05 9.9955E-05
9.999E-05 0.041756 0.0371261 0.370991 0.0252193 0.332972 0.0952192 0.0614989 0.0351183
9.9964E-05 0.0706534 0.00216487 0.884107 0.0352667 9.9964E-05 9.9964E-05 9.9964E-05 0.00740847
0.0441781 9.9982E-05 0.0210438 0.553208 0.0656379 0.112709 0.140456 9.9982E-05 0.0625668
9.9982E-05 0.0345326 0.0574532 0.357885 9.9982E-05 0.116308 0.41106 0.00150807 0.021053
0.0608243 0.00699918 9.9973E-05 0.714267 9.9973E-05 0.0265603 0.170677 0.0203729 9.9973E-05
0.0548207 9.9955E-05 9.9955E-05 0.666673 9.9955E-05 9.9955E-05 0.21591 0.0620961 9.9955E-05
0.0320795 0.0331178 0.054277 0.40765 9.9982E-05 0.0426194 0.415006 0.015051 9.9982E-05
0.00801012 0.0108592 9.9973E-05 0.575999 9.9973E-05 0.0082158 0.292884 0.103732 9.9973E-05
9.9973E-05 9.9973E-05 0.000248142 0.633774 0.0417949 0.0129647 0.248882 9.9973E-05 0.0620364
0.0326947 0.141981 0.023616 0.412204 0.109841 0.0301541 0.249308 9.9982E-05 9.9982E-05
9.9964E-05 0.0183889 9.9964E-05 9.9964E-05 0.0047497 0.110371 0.824978 9.9964E-05 0.0411126
9.9946E-05 9.9946E-05 9.9946E-05 9.9946E-05 0.00507046 9.9946E-05 0.967102 0.027228 9.9946E-05
0.029173 9.9955E-05 9.9955E-05 0.00650618 9.9955E-05 9.9955E-05 0.955991 9.9955E-05 0.00783009
9.9946E-05 9.9946E-05 9.9946E-05 0.0219836 9.9946E-05 9.9946E-05 0.975153 9.9946E-05 0.00226326
9.9937E-05 9.9937E-05 9.9937E-05 9.9937E-05 9.9937E-05 9.9937E-05 0.998343 9.9937E-05 0.000957054
9.9982E-05 9.9982E-05 0.118656 0.0462944 0.0908058 0.15766 0.526602 0.0422173 0.0175645
0.0599449 9.9982E-05 0.0524688 0.182368 0.104038 0.0142145 0.563236 0.0235299 9.9982E-05
0.0243901 9.9991E-05 0.0682299 0.0869337 0.120896 0.0140953 0.600354 0.00584244 0.0791584
0.0331392 9.9991E-05 0.085591 0.112505 0.00898301 0.187461 0.437454 0.0510032 0.0837643
9.9973E-05 9.9973E-05 0.0800865 0.104037 0.062877 0.120339 0.586288 0.0460724 9.9973E-05
0.0118744 0.0638322 0.064687 0.164687 0.0548003 0.0539382 0.48776 0.075518 0.0229034
0.0204508 9.9991E-05 0.103822 0.123802 0.0893203 0.0631086 0.414817 0.0946246 0.0899548
0.0413098 0.194759 0.035172 0.252255 0.0959823 0.0728475 0.266847 9.9991E-05 0.0407272
0.0373888 0.151465 0.0736689 0.245504 0.0492461 0.0756882 0.321855 9.9991E-05 0.0450847
0.0209924 9.9991E-05 0.0506784 0.11509 0.161778 0.0324521 0.344702 0.185588 0.0886195
9.993E-05 9.993E-05 9.993E-05 9.993E-05 0.999201 9.993E-05 9.993E-05 9.993E-05 9.993E-05
0.00208685 9.9955E-05 9.9955E-05 9.9955E-05 0.948074 0.0305601 9.9955E-05 9.9955E-05 0.0187794
0.00901761 0.0535454 0.0383214 0.0166456 0.826267 0.0358836 0.0122556 0.0079636 9.9991E-05
9.99371E-05 9.99371E-05 9.99371E-05 9.99371E-05 0.978818 9.99371E-05 9.99371E-05 9.99371E-05 0.0204829
0.00428716 9.9937E-05 9.9937E-05 9.9937E-05 0.995013 9.9937E-05 9.9937E-05 9.9937E-05 9.9937E-05
9.993E-05 9.993E-05 9.993E-05 9.993E-05 0.999201 9.993E-05 9.993E-05 9.993E-05 9.993E-05
9.9946E-05 0.0061067 9.9946E-05 9.9946E-05 0.992461 9.9946E-05 9.9946E-05 9.9946E-05 0.000832713
9.9964E-05 9.9964E-05 0.044805 0.0439872 0.856588 0.0481245 9.9964E-05 9.9964E-05 0.00609549
9.993E-05 9.993E-05 9.993E-05 9.993E-05 0.999201 9.993E-05 9.993E-05 9.993E-05 9.993E-05
9.993E-05 9.993E-05 9.993E-05 9.993E-05 0.999201 9.993E-05 9.993E-05 9.993E-05 9.993E-05
9.9982E-05 0.0891284 0.284665 9.9982E-05 0.0584807 0.127213 0.291246 0.0883676 0.0606993
9.9973E-05 0.0441984 9.9973E-05 0.0366481 0.873029 9.9973E-05 0.0178016 0.0219501 0.00607294
9.99371E-05 9.99371E-05 9.99371E-05 9.99371E-05 0.9953 9.99371E-05 9.99371E-05 0.00400076 9.99371E-05
9.99371E-05 0.0148073 9.99371E-05 9.99371E-05 0.984493 9.99371E-05 9.99371E-05 9.99371E-05 9.99371E-05
9.993E-05 9.993E-05 9.993E-05 9.993E-05 9.993E-05 9.993E-05 0.999201 9.993E-05 9.993E-05
9.993E-05 9.993E-05 9.993E-05 9.993E-05 9.993E-05 9.993E-05 0.999201 9.993E-05 9.993E-05
9.993E-05 9.993E-05 9.993E-05 9.993E-05 9.993E-05 9.993E-05 0.999201 9.993E-05 9.993E-05
9.993E-05 9.993E-05 9.993E-05 9.993E-05 9.993E-05 9.993E-05 0.999201 9.993E-05 9.993E-05
9.9973E-05 0.0444334 0.0852514 9.9973E-05 0.010133 9.9973E-05 0.805377 0.0061911 0.0483139
9.9964E-05 0.105225 0.0541001 9.9964E-05 9.9964E-05 0.10566 0.682655 0.0519595 9.9964E-05
9.9973E-05 0.103717 0.0480186 9.9973E-05 0.0200703 0.10502 0.712059 9.9973E-05 0.0108153
9.9964E-05 0.0923635 0.0673774 9.9964E-05 0.00553587 9.9964E-05 0.82001 0.0143138 9.9964E-05
9.9955E-05 0.0193759 9.9955E-05 9.9955E-05 0.0917167 9.9955E-05 0.865728 9.9955E-05 0.0226795
9.9955E-05 0.0406552 0.0139597 9.9955E-05 0.0442867 9.9955E-05 0.900599 9.9955E-05 9.9955E-05
9.9982E-05 0.0483029 0.0174364 9.9982E-05 0.0145523 0.0509328 0.819345 0.0397781 0.00945235
9.9955E-05 0.0813452 9.9955E-05 9.9955E-05 0.0709143 9.9955E-05 0.827473 9.9955E-05 0.0197674
0.0191929 0.0780754 0.0831495 0.0729441 9.9982E-05 9.9982E-05 0.604735 0.102618 0.0390851
9.9991E-05 0.00964145 0.0859167 0.0398585 0.0320683 0.0251568 0.721922 0.0605122 0.0248237
9.9973E-05 0.0166939 0.903664 9.9973E-05 9.9973E-05 0.0641279 0.00534208 0.00113787 0.00873421
0.00524693 0.0489515 0.832784 9.9973E-05 0.0167477 0.0160987 9.9973E-05 0.0798711 9.9973E-05
9.993E-05 9.993E-05 0.999201 9.993E-05 9.993E-05 9.993E-05 9.993E-05 9.993E-05 9.993E-05
9.9946E-05 9.9946E-05 0.958138 0.0233454 9.9946E-05 9.9946E-05 9.9946E-05 0.0179165 9.9946E-05
9.993E-05 9.993E-05 0.999201 9.993E-05 9.993E-05 9.993E-05 9.993E-05 9.993E-05 9.993E-05
9.9937E-05 9.9937E-05 0.994291 9.9937E-05 9.9937E-05 9.9937E-05 0.00500976 9.9937E-05 9.9937E-05
9.993E-05 9.993E-05 0.999201 9.993E-05 9.993E-05 9.993E-05 9.993E-05 9.993E-05 9.993E-05
0.0478712 0.162974 0.737033 0.0311662 9.9964E-05 9.9964E-05 9.9964E-05 0.0205557 9.9964E-05
9.9937E-05 9.9937E-05 0.969125 9.9937E-05 9.9937E-05 9.9937E-05 9.9937E-05 9.9937E-05 0.0301753
9.993E-05 9.993E-05 0.999201 9.993E-05 9.993E-05 9.993E-05 9.993E-05 9.993E-05 9.993E-05
0.0377762 0.0847865 0.876838 9.99461E-05 9.99461E-05 9.99461E-05 9.99461E-05 9.99461E-05 9.99461E-05
9.993E-05 9.993E-05 0.999201 9.993E-05 9.993E-05 9.993E-05 9.993E-05 9.993E-05 9.993E-05
9.9973E-05 0.0329381 0.772716 0.0275744 0.036759 9.9973E-05 9.9973E-05 0.0165255 0.113187
9.993E-05 9.993E-05 9.993E-05 9.993E-05 9.993E-05 9.993E-05 9.993E-05 9.993E-05 0.999201
9.9973E-05 0.0343462 0.0991794 0.0736714 0.133004 9.9973E-05 0.601138 9.9973E-05 0.0583619
9.9937E-05 9.9937E-05 9.9937E-05 9.9937E-05 9.9937E-05 9.9937E-05 9.9937E-05 0.00534852 0.993952
9.993E-05 9.993E-05 9.993E-05 9.993E-05 9.993E-05 9.993E-05 9.993E-05 9.993E-05 0.999201
9.99461E-05 0.0264529 9.99461E-05 9.99461E-05 0.0158161 9.99461E-05 9.99461E-05 9.99461E-05 0.957131
9.9973E-05 9.9973E-05 0.0135057 0.12928 0.00140032 0.0516104 9.9973E-05 0.0295586 0.774345
9.993E-05 9.993E-05 9.993E-05 9.993E-05 9.993E-05 9.993E-05 9.993E-05 9.993E-05 0.999201
0.00369944 0.0565004 9.9973E-05 0.00305485 9.9973E-05 0.00206313 0.0543158 9.9973E-05 0.880066
9.99371E-05 0.0144804 9.99371E-05 9.99371E-05 9.99371E-05 9.99371E-05 9.99371E-05 9.99371E-05 0.98482
9.9964E-05 9.9964E-05 0.00653487 9.9964E-05 0.00332901 0.0109265 0.0447319 9.9964E-05 0.934078
0.0050348 0.00327104 9.9964E-05 0.000320107 9.9964E-05 0.0146163 9.9964E-05 9.9964E-05 0.976358
9.99461E-05 9.99461E-05 9.99461E-05 0.00187428 9.99461E-05 9.99461E-05 9.99461E-05 0.021292 0.976234
9.9946E-05 9.9946E-05 0.033136 9.9946E-05 0.00207452 9.9946E-05 9.9946E-05 9.9946E-05 0.96419
9.9964E-05 9.9964E-05 0.0310645 9.9964E-05 0.0330826 9.9964E-05 0.0505135 0.0529101 0.832029
0.0224408 0.0155771 9.9955E-05 9.9955E-05 9.9955E-05 9.9955E-05 0.0116971 9.9955E-05 0.949785
9.9973E-05 0.0527788 0.0109044 0.0234154 0.0116235 9.9973E-05 0.00478832 9.9973E-05 0.89619
0.00368359 9.99772E-05 0.00689452 0.0213444 9.99772E-05 9.99772E-05 0.0858737 0.0149236 0.86698
9.9973E-05 0.0149256 0.00177642 0.0157641 9.9973E-05 9.9973E-05 0.0580399 0.0203277 0.888866
9.9946E-05 9.9946E-05 0.0329758 9.9946E-05 9.9946E-05 9.9946E-05 9.9946E-05 0.00178002 0.964644
0.0453957 0.0783515 0.0161447 0.0845516 0.0522477 9.9991E-05 0.407651 0.269257 0.0463016
0.0434301 0.04949 0.0176738 0.0511541 0.0526453 9.9991E-05 0.47091 0.238715 0.0758813
0.053691 0.108941 9.9991E-05 0.100577 0.0697312 0.00149869 0.334555 0.273119 0.0577873
0.0507777 0.119288 0.00434043 0.0818986 0.0391646 9.9991E-05 0.390608 0.231493 0.0823304
9.9946E-05 0.918557 0.059535 0.0213088 9.9946E-05 9.9946E-05 9.9946E-05 9.9946E-05 9.9946E-05
9.993E-05 0.999201 9.993E-05 9.993E-05 9.993E-05 9.993E-05 9.993E-05 9.993E-05 9.993E-05
0.000322976 0.995829 9.9946E-05 9.9946E-05 9.9946E-05 9.9946E-05 9.9946E-05 9.9946E-05 0.0032486
9.993E-05 0.999201 9.993E-05 9.993E-05 9.993E-05 9.993E-05 9.993E-05 9.993E-05 9.993E-05
9.9946E-05 0.989924 9.9946E-05 9.9946E-05 0.00600549 9.9946E-05 9.9946E-05 0.00347056 9.9946E-05
9.9946E-05 0.980836 9.9946E-05 9.9946E-05 0.0156253 9.9946E-05 0.00293901 9.9946E-05 9.9946E-05
0.00578423 0.948689 9.9964E-05 9.9964E-05 0.00221068 9.9964E-05 0.0344417 0.00847494 9.9964E-05
0.00471492 0.731754 0.0433707 0.00234024 9.9991E-05 0.115901 0.0546362 0.032922 0.0142616
0.0211346 0.780496 0.00680434 0.0185837 0.00496161 0.069768 0.0524161 0.0171973 0.0286386
0.000589563 9.9946E-05 0.0225981 9.9946E-05 9.9946E-05 9.9946E-05 9.9946E-05 0.976213 9.9946E-05
9.993E-05 9.993E-05 9.993E-05 9.993E-05 9.993E-05 9.993E-05 9.993E-05 0.999201 9.993E-05
9.993E-05 9.993E-05 9.993E-05 9.993E-05 9.993E-05 9.993E-05 9.993E-05 0.999201 9.993E-05
9.9946E-05 9.9946E-05 0.0020811 9.9946E-05 9.9946E-05 9.9946E-05 9.9946E-05 0.981774 0.0155454
9.993E-05 9.993E-05 9.993E-05 9.993E-05 9.993E-05 9.993E-05 9.993E-05 0.999201 9.993E-05
9.9946E-05 0.0270976 9.9946E-05 9.9946E-05 9.9946E-05 9.9946E-05 0.126323 0.84598 9.9946E-05
9.993E-05 9.993E-05 9.993E-05 9.993E-05 9.993E-05 9.993E-05 9.993E-05 0.999201 9.993E-05
9.993E-05 9.993E-05 9.993E-05 9.993E-05 9.993E-05 9.993E-05 9.993E-05 0.999201 9.993E-05
0.0123994 0.0206993 9.9955E-05 9.9955E-05 9.9955E-05 9.9955E-05 9.9955E-05 0.964181 0.00222088
9.9955E-05 9.9955E-05 0.0194544 0.0212728 9.9955E-05 9.9955E-05 9.9955E-05 0.948674 0.0100993
9.99371E-05 0.00354179 9.99371E-05 9.99371E-05 9.99371E-05 9.99371E-05 9.99371E-05 0.995759 9.99371E-05
9.9955E-05 0.00522985 0.0086583 9.9955E-05 0.00175369 9.9955E-05 9.9955E-05 0.983858 9.9955E-05
