9.993E-05 9.993E-05 9.993E-05 0.999201 9.993E-05 9.993E-05 9.993E-05 9.993E-05 9.993E-05
9.9964E-05 9.9964E-05 0.0706957 0.272136 0.537709 0.113204 0.0058549 9.9964E-05 9.9964E-05
9.9955E-05 9.9955E-05 0.0978136 0.264599 0.550471 0.086617 9.9955E-05 9.9955E-05 9.9955E-05
9.99551E-05 9.99551E-05 9.99551E-05 0.209491 0.678392 9.99551E-05 0.0130204 0.0985973 9.99551E-05
0.0245824 0.0120364 9.9982E-05 0.0904093 0.723248 9.9982E-05 0.0339531 0.0493231 0.0662479
0.00764589 9.9973E-05 0.03725 0.166498 0.631489 0.000789167 9.9973E-05 0.156027 9.9973E-05
9.99371E-05 9.99371E-05 9.99371E-05 0.263477 0.735823 9.99371E-05 9.99371E-05 9.99371E-05 9.99371E-05
9.9973E-05 0.017714 0.0633606 0.297162 0.502734 0.0134264 9.9973E-05 0.105303 9.9973E-05
9.9982E-05 0.00930268 0.0392589 0.158307 0.715017 0.00817766 0.0402398 0.0294963 9.9982E-05
9.993E-05 9.993E-05 9.993E-05 0.999201 9.993E-05 9.993E-05 9.993E-05 9.993E-05 9.993E-05
9.993E-05 9.993E-05 9.993E-05 0.999201 9.993E-05 9.993E-05 9.993E-05 9.993E-05 9.993E-05
9.993E-05 9.993E-05 9.993E-05 0.999201 9.993E-05 9.993E-05 9.993E-05 9.993E-05 9.993E-05
9.993E-05 9.993E-05 9.993E-05 0.999201 9.993E-05 9.993E-05 9.993E-05 9.993E-05 9.993E-05
9.9946E-05 9.9946E-05 9.9946E-05 0.916268 9.9946E-05 9.9946E-05 9.9946E-05 0.00506457 0.078068
9.9937E-05 9.9937E-05 9.9937E-05 0.973377 9.9937E-05 9.9937E-05 9.9937E-05 0.0259234 9.9937E-05
9.9964E-05 0.0070329 0.0444726 0.175489 0.529747 9.9964E-05 9.9964E-05 0.242859 9.9964E-05
0.115672 0.0816775 0.0735525 0.245232 0.25268 0.0172874 0.0175061 0.154991 0.0414015
0.0145496 9.9973E-05 0.0102689 0.164139 0.744024 0.0268942 9.9973E-05 0.0398238 9.9973E-05
9.9964E-05 9.9964E-05 9.9964E-05 9.9964E-05 0.892365 0.0260897 0.00796354 0.0391099 0.0340719
9.9946E-05 0.000860438 9.9946E-05 9.9946E-05 0.958425 9.9946E-05 9.9946E-05 9.9946E-05 0.0401153
0.0667794 9.9964E-05 9.9964E-05 0.0392904 0.85664 0.0179189 0.0189718 9.9964E-05 9.9964E-05
9.9955E-05 9.9955E-05 0.0901246 9.9955E-05 0.779583 0.0221231 9.9955E-05 9.9955E-05 0.10767
0.0116262 9.9973E-05 0.0228109 9.9973E-05 0.844187 0.0150672 0.011705 9.9973E-05 0.0943035
0.0068455 0.0574447 0.0418657 0.014746 0.856826 9.9973E-05 9.9973E-05 9.9973E-05 0.0219721
9.9964E-05 0.0133161 9.9964E-05 9.9964E-05 0.906126 0.00977082 0.010959 0.0594286 9.9964E-05
0.142217 0.066126 0.00219641 9.9982E-05 0.643705 9.9982E-05 0.051177 0.0698827 0.0244955
0.0645704 9.9973E-05 0.0559079 9.9973E-05 0.72863 9.9973E-05 0.073094 0.0441601 0.0333374
9.9964E-05 0.0105674 0.0406581 9.9964E-05 0.937683 9.9964E-05 9.9964E-05 0.010035 0.000656813
0.10438 0.0523779 9.99844E-05 0.038838 0.784434 9.99844E-05 0.00113823 0.00895626 0.00967654
0.0297735 9.9955E-05 0.0182657 0.0290512 0.92241 9.9955E-05 9.9955E-05 9.9955E-05 9.9955E-05
9.9946E-05 9.9946E-05 9.9946E-05 0.0155289 0.941268 9.9946E-05 9.9946E-05 9.9946E-05 0.0426033
0.0550154 0.0708555 0.0221893 9.9973E-05 0.725967 9.9973E-05 0.0270821 0.0985909 9.9973E-05
0.182102 9.9964E-05 0.0503532 9.9964E-05 0.743045 9.9964E-05 0.0123995 9.9964E-05 0.0116995
0.123071 0.106391 0.0627403 0.0563594 0.603152 0.0343937 9.9982E-05 0.0136933 9.9982E-05
0.04072 0.00300839 0.0468793 9.9964E-05 0.81148 9.9964E-05 9.9964E-05 9.9964E-05 0.097512
0.0173085 9.9946E-05 9.9946E-05 0.0568661 0.925226 9.9946E-05 9.9946E-05 9.9946E-05 9.9946E-05
0.120422 9.9946E-05 9.9946E-05 9.9946E-05 0.50976 9.9946E-05 9.9946E-05 0.369219 9.9946E-05
0.26325 9.9973E-05 0.0151736 9.9973E-05 0.568636 9.9973E-05 0.0417713 0.0625856 0.0482837
0.176309 9.9991E-05 0.0494579 0.0115264 0.481833 0.0403647 0.0893051 0.143566 0.00753798
0.318902 9.9964E-05 9.9964E-05 9.9964E-05 0.611103 0.018143 0.0351735 0.0162778 9.9964E-05
0.114592 0.0629288 0.0199492 9.9982E-05 0.0418066 0.0619481 0.0395044 0.659071 9.9982E-05
0.145027 0.026208 0.0188741 0.0289085 0.00694207 0.0239038 0.0210624 0.728974 9.9991E-05
9.9973E-05 0.113388 0.046282 0.0362965 0.201602 0.0547312 9.9973E-05 0.5474 9.9973E-05
0.104428 0.0688902 0.0371737 9.9982E-05 0.0488389 0.0471369 0.0211178 0.672215 9.9982E-05
0.204912 0.0242627 0.0561073 9.9973E-05 0.232335 9.9973E-05 0.0553503 0.426732 9.9973E-05
9.993E-05 9.993E-05 9.993E-05 9.993E-05 9.993E-05 9.993E-05 9.993E-05 0.999201 9.993E-05
9.993E-05 9.993E-05 9.993E-05 9.993E-05 9.993E-05 9.993E-05 9.993E-05 0.999201 9.993E-05
0.0465481 0.0396382 0.0543082 9.9982E-05 0.444342 9.9982E-05 0.0193645 0.374945 0.0206542
0.135018 0.0934913 0.0681506 0.0726112 0.181499 9.9982E-05 0.0816507 0.367379 9.9982E-05
9.999E-05 0.103441 0.0177227 0.0740376 0.406087 0.0389021 0.0391868 0.318494 0.00202909
0.216955 0.00771833 0.0249537 0.0515855 0.230454 0.00176951 0.0507901 0.415674 9.9991E-05
0.056132 0.0440404 0.0634716 9.9973E-05 0.176812 9.9973E-05 0.0487358 0.610508 9.9973E-05
9.9955E-05 9.9955E-05 0.0362398 0.0257146 9.9955E-05 9.9955E-05 0.0227459 0.9148 9.9955E-05
0.335082 0.0152205 0.00317958 0.0365088 0.238105 9.9991E-05 0.0740469 0.234249 0.0635083
0.362239 0.0604744 0.0204303 0.0348218 0.224367 0.0222639 0.0044507 0.244583 0.0263708
0.0513961 0.103831 0.0837883 9.9991E-05 0.142476 0.0360839 0.019344 0.550166 0.0128144
0.174755 0.0475478 0.0922969 0.073437 0.184041 9.9982E-05 0.0976252 0.330097 9.9982E-05
0.163238 0.0857524 9.9973E-05 9.9973E-05 0.213888 0.0242955 0.0850983 0.427427 9.9973E-05
9.9937E-05 9.9937E-05 0.00109359 9.9937E-05 9.9937E-05 9.9937E-05 9.9937E-05 0.998207 9.9937E-05
0.193209 9.9973E-05 9.9973E-05 0.0391648 0.218891 0.0166949 0.154315 0.377426 9.9973E-05
9.9964E-05 0.0894391 9.9964E-05 9.9964E-05 0.181598 9.9964E-05 0.0856958 0.617836 0.0250315
0.167804 0.0990388 9.9964E-05 0.0314928 0.117542 9.9964E-05 9.9964E-05 0.583722 9.9964E-05
0.154937 0.023826 0.0522664 0.00358128 0.0667961 0.0672867 0.0456227 0.574117 0.0115671
9.9964E-05 0.0389687 0.0109408 9.9964E-05 9.9964E-05 9.9964E-05 0.0153466 0.828841 0.105503
0.119094 0.0826167 9.9973E-05 0.0157647 0.146209 9.9973E-05 0.0363337 0.599682 9.9973E-05
9.9964E-05 0.020346 0.0180707 9.9964E-05 9.9964E-05 0.0153471 9.9964E-05 0.885818 0.0600186
0.323656 9.9946E-05 9.9946E-05 9.9946E-05 9.9946E-05 0.012706 9.9946E-05 0.663038 9.9946E-05
9.9955E-05 9.9955E-05 0.0436787 9.9955E-05 9.9955E-05 0.0407329 9.9955E-05 0.771733 0.143356
0.0605723 0.0143371 0.0622175 9.9991E-05 0.306071 0.0431296 0.0634707 0.443916 0.00618584
9.9955E-05 0.0379289 0.0212082 9.9955E-05 9.9955E-05 9.9955E-05 9.9955E-05 0.879392 0.0609708
0.0528155 0.0583861 0.0595593 0.0352673 0.136993 0.0835894 9.9982E-05 0.57319 9.9982E-05
0.296232 0.0440466 0.0502873 9.9982E-05 0.0820599 0.00735883 0.0100406 0.509775 9.9982E-05
0.0651651 9.9982E-05 9.9982E-05 0.0696062 0.0237963 0.00138522 0.0586352 0.75575 0.025462
0.154189 9.9964E-05 9.9964E-05 0.062011 0.00688936 9.9964E-05 0.0606401 0.715871 9.9964E-05
0.302235 0.0579442 0.0112897 0.0515072 9.9982E-05 9.9982E-05 0.0373448 0.471844 0.0676345
0.200244 9.9973E-05 9.9973E-05 9.9973E-05 0.0654797 0.00922311 0.0806244 0.598858 0.0452715
0.135103 9.9955E-05 9.9955E-05 9.9955E-05 9.9955E-05 0.0261463 9.9955E-05 0.808929 0.0293226
0.0951797 0.0596391 0.011647 0.0253276 0.063722 0.15025 9.9991E-05 0.49237 0.101764
0.956318 9.9964E-05 0.00690381 9.9964E-05 9.9964E-05 0.0268783 0.000249657 9.9964E-05 0.00925054
0.972125 9.9946E-05 0.018729 9.9946E-05 9.9946E-05 9.9946E-05 9.9946E-05 0.00854649 9.9946E-05
0.965785 9.9955E-05 9.9955E-05 0.00820173 9.9955E-05 9.9955E-05 0.0147342 0.0107789 9.9955E-05
0.989881 9.99461E-05 9.99461E-05 9.99461E-05 9.99461E-05 9.99461E-05 9.99461E-05 0.00778626 0.00173267
0.988875 9.99371E-05 9.99371E-05 9.99371E-05 0.0104253 9.99371E-05 9.99371E-05 9.99371E-05 9.99371E-05
0.452741 0.0538918 9.9973E-05 9.9973E-05 0.120834 0.0937627 0.0298966 0.248574 9.9973E-05
0.477522 0.00518168 0.0376673 0.00961065 0.0756425 0.12946 0.044108 0.210904 0.00990398
0.489268 0.0478342 0.101628 0.00201217 0.0318786 0.116704 0.0250382 0.185538 9.9991E-05
0.446535 0.054393 0.0760437 0.0372649 0.164634 0.0502582 0.0359485 0.134823 9.9991E-05
0.468413 0.0919367 9.9982E-05 0.0190167 0.118666 0.109298 0.0469094 0.14556 9.9982E-05
0.410276 0.0354639 0.0834403 0.0158176 0.0346452 0.0829935 0.0244668 0.259191 0.0537061
0.359753 0.121801 0.0800466 0.0174669 0.0663033 0.0708246 0.0960154 0.173472 0.0143174
0.293596 0.0684266 0.022303 0.0329472 0.0259106 0.055258 9.9991E-05 0.310426 0.191033
0.284036 0.0732574 0.00859495 0.0432198 0.023828 0.0352011 9.9991E-05 0.394386 0.137377
0.181493 0.102727 0.0944214 0.0420854 0.03493 0.155317 0.170032 0.218894 9.9991E-05
9.99371E-05 9.99371E-05 0.0145728 9.99371E-05 9.99371E-05 0.984728 9.99371E-05 9.99371E-05 9.99371E-05
0.00123599 0.0237069 9.9964E-05 0.0129601 9.9964E-05 0.945144 0.0165536 9.9964E-05 9.9964E-05
0.0604721 9.9973E-05 9.9973E-05 9.9973E-05 0.0215177 0.840346 0.000928154 0.039188 0.0372481
9.99371E-05 9.99371E-05 0.00873433 9.99371E-05 9.99371E-05 0.990566 9.99371E-05 9.99371E-05 9.99371E-05
9.993E-05 9.993E-05 9.993E-05 9.993E-05 9.993E-05 0.999201 9.993E-05 9.993E-05 9.993E-05
9.993E-05 9.993E-05 9.993E-05 9.993E-05 9.993E-05 0.999201 9.993E-05 9.993E-05 9.993E-05
9.993E-05 9.993E-05 9.993E-05 9.993E-05 9.993E-05 0.999201 9.993E-05 9.993E-05 9.993E-05
0.0606775 0.0156426 0.00129998 9.9973E-05 0.0252722 0.896318 9.9973E-05 0.000489784 9.9973E-05
9.993E-05 9.993E-05 9.993E-05 9.993E-05 9.993E-05 0.999201 9.993E-05 9.993E-05 9.993E-05
9.9937E-05 9.9937E-05 9.9937E-05 9.9937E-05 9.9937E-05 0.985177 0.0141233 9.9937E-05 9.9937E-05
0.379493 0.218768 0.0544284 9.9991E-05 0.104377 0.0530345 0.060762 0.0553757 0.0736618
9.9964E-05 9.9964E-05 0.00436908 9.9964E-05 9.9964E-05 0.836088 0.0205552 0.0741938 0.0643936
9.99371E-05 9.99371E-05 9.99371E-05 0.00841336 9.99371E-05 0.990887 9.99371E-05 9.99371E-05 9.99371E-05
9.99371E-05 9.99371E-05 9.99371E-05 9.99371E-05 9.99371E-05 0.969469 9.99371E-05 9.99371E-05 0.0298315
0.979452 0.019565 9.9946E-05 9.9946E-05 9.9946E-05 9.9946E-05 0.000383498 9.9946E-05 9.9946E-05
0.999201 9.993E-05 9.993E-05 9.993E-05 9.993E-05 9.993E-05 9.993E-05 9.993E-05 9.993E-05
0.999201 9.993E-05 9.993E-05 9.993E-05 9.993E-05 9.993E-05 9.993E-05 9.993E-05 9.993E-05
0.999201 9.993E-05 9.993E-05 9.993E-05 9.993E-05 9.993E-05 9.993E-05 9.993E-05 9.993E-05
0.854027 0.0612598 0.0195572 9.9973E-05 9.9973E-05 0.0247069 0.013538 9.9973E-05 0.0266116
0.747497 0.0510447 9.9964E-05 9.9964E-05 0.124152 9.9964E-05 0.00438486 9.9964E-05 0.072522
0.786171 0.0386493 0.0241712 9.9982E-05 0.0360722 0.040373 9.9982E-05 0.03035 0.0440136
0.870304 0.073333 9.9955E-05 9.9955E-05 9.9955E-05 0.0122394 9.9955E-05 9.9955E-05 0.0436234
0.815859 9.9964E-05 0.0424985 9.9964E-05 9.9964E-05 0.116523 0.0159022 9.9964E-05 0.00881698
0.931896 9.9946E-05 9.9946E-05 9.9946E-05 9.9946E-05 0.0517918 9.9946E-05 9.9946E-05 0.0157127
0.78422 0.0273194 0.0238458 9.9982E-05 0.0645426 0.0194185 0.0553814 9.9982E-05 0.0250724
0.863436 9.9955E-05 9.9955E-05 9.9955E-05 0.0365834 0.0453721 9.9955E-05 9.9955E-05 0.0541087
0.737393 0.0635698 0.0543617 0.0199154 9.9982E-05 9.9982E-05 0.0279676 0.0367179 0.059875
0.692295 0.120573 0.00492727 0.00274971 0.033605 0.0320385 0.0163543 0.0857593 0.0116982
0.0354788 0.949466 0.0112763 9.9964E-05 9.9964E-05 9.9964E-05 0.000839118 9.9964E-05 0.00253995
9.9973E-05 0.878483 0.0110941 0.00337999 9.9973E-05 0.0130565 0.0628025 9.9973E-05 0.0308837
9.993E-05 0.999201 9.993E-05 9.993E-05 9.993E-05 9.993E-05 9.993E-05 9.993E-05 9.993E-05
9.9937E-05 0.983554 9.9937E-05 9.9937E-05 9.9937E-05 9.9937E-05 0.0157468 9.9937E-05 9.9937E-05
9.9937E-05 0.997438 9.9937E-05 9.9937E-05 9.9937E-05 9.9937E-05 0.00186291 9.9937E-05 9.9937E-05
9.993E-05 0.999201 9.993E-05 9.993E-05 9.993E-05 9.993E-05 9.993E-05 9.993E-05 9.993E-05
9.99371E-05 0.978565 9.99371E-05 0.0207354 9.99371E-05 9.99371E-05 9.99371E-05 9.99371E-05 9.99371E-05
9.9955E-05 0.759123 9.9955E-05 0.057115 9.9955E-05 9.9955E-05 9.9955E-05 0.0543965 0.128865
9.993E-05 0.999201 9.993E-05 9.993E-05 9.993E-05 9.993E-05 9.993E-05 9.993E-05 9.993E-05
9.993E-05 0.999201 9.993E-05 9.993E-05 9.993E-05 9.993E-05 9.993E-05 9.993E-05 9.993E-05
9.9964E-05 0.877131 0.0103506 0.0295013 9.9964E-05 0.0248594 9.9964E-05 9.9964E-05 0.0577583
0.00855805 0.988958 9.9946E-05 9.9946E-05 9.9946E-05 9.9946E-05 0.00188456 9.9946E-05 9.9946E-05
9.9973E-05 0.768299 0.0524069 9.9973E-05 9.9973E-05 0.030869 0.00131248 0.0823639 0.0644486
9.993E-05 9.993E-05 0.999201 9.993E-05 9.993E-05 9.993E-05 9.993E-05 9.993E-05 9.993E-05
0.526565 0.145391 0.0706032 9.9982E-05 9.9982E-05 0.0995205 0.02844 0.116228 0.0130527
9.993E-05 9.993E-05 0.999201 9.993E-05 9.993E-05 9.993E-05 9.993E-05 9.993E-05 9.993E-05
9.993E-05 9.993E-05 0.999201 9.993E-05 9.993E-05 9.993E-05 9.993E-05 9.993E-05 9.993E-05
9.99371E-05 9.99371E-05 0.933832 9.99371E-05 9.99371E-05 9.99371E-05 9.99371E-05 9.99371E-05 0.0654688
0.0115349 0.0182466 0.749196 9.9973E-05 0.129466 0.013348 9.9973E-05 0.0779089 9.9973E-05
9.993E-05 9.993E-05 0.999201 9.993E-05 9.993E-05 9.993E-05 9.993E-05 9.993E-05 9.993E-05
0.0356062 0.0320841 0.883238 9.9973E-05 9.9973E-05 0.000255205 9.9973E-05 0.0427321 0.00578453
9.99461E-05 9.99461E-05 0.970868 9.99461E-05 0.020784 9.99461E-05 9.99461E-05 9.99461E-05 0.0077488
9.9946E-05 9.9946E-05 0.950288 9.9946E-05 0.00799297 9.9946E-05 9.9946E-05 0.0411191 9.9946E-05
9.993E-05 9.993E-05 0.999201 9.993E-05 9.993E-05 9.993E-05 9.993E-05 9.993E-05 9.993E-05
9.99371E-05 9.99371E-05 0.983879 9.99371E-05 9.99371E-05 9.99371E-05 0.0154214 9.99371E-05 9.99371E-05
9.9946E-05 0.0243385 0.972262 9.9946E-05 9.9946E-05 0.00279956 9.9946E-05 9.9946E-05 9.9946E-05
0.0196002 0.0540036 0.795208 9.9973E-05 9.9973E-05 0.0480626 0.057097 0.0257291 9.9973E-05
9.9964E-05 9.9964E-05 0.938511 0.00731748 0.0123931 9.9964E-05 0.0182709 9.9964E-05 0.0231077
9.9964E-05 0.0415708 0.849946 9.9964E-05 9.9964E-05 0.0374393 9.9964E-05 0.0112778 0.0593664
0.0771804 9.9973E-05 0.833805 0.00197905 9.9973E-05 9.9973E-05 0.0474871 0.00581952 0.0334293
0.0463807 9.9964E-05 0.841879 0.0358053 9.9964E-05 9.9964E-05 0.0453166 0.0302187 9.9964E-05
9.9955E-05 0.029714 0.947461 9.9955E-05 9.9955E-05 0.00719232 9.9955E-05 0.0151329 9.9955E-05
0.329228 0.0556753 0.040669 0.0309 0.00136195 0.063655 0.269808 0.103085 0.105618
0.371501 0.0534584 0.0585316 0.0418761 9.9991E-05 0.0266124 0.250486 0.0724822 0.124952
0.307985 0.00359897 0.0784046 0.0263578 9.9991E-05 0.0802364 0.235823 0.11557 0.151924
0.302872 0.0138258 0.059283 0.063459 9.9991E-05 0.0279251 0.238125 0.151924 0.142485
0.0248291 0.0328532 9.9973E-05 9.9973E-05 0.01935 9.9973E-05 0.032568 0.00884704 0.881253
9.993E-05 9.993E-05 9.993E-05 9.993E-05 9.993E-05 9.993E-05 9.993E-05 9.993E-05 0.999201
0.0377204 9.9937E-05 9.9937E-05 9.9937E-05 9.9937E-05 9.9937E-05 9.9937E-05 9.9937E-05 0.96158
9.993E-05 9.993E-05 9.993E-05 9.993E-05 9.993E-05 9.993E-05 9.993E-05 9.993E-05 0.999201
0.0283621 9.9946E-05 9.9946E-05 9.9946E-05 9.9946E-05 9.9946E-05 0.0392394 9.9946E-05 0.931799
0.017753 0.0037553 0.00794567 0.000511669 9.9982E-05 0.0188113 0.00633502 9.9982E-05 0.944688
9.9964E-05 9.9964E-05 0.0211816 0.0041798 0.0326882 9.9964E-05 9.9964E-05 0.0106326 0.930918
0.0399444 0.00192382 0.0185135 0.0456707 0.0822175 9.9982E-05 0.0260621 9.9982E-05 0.785468
9.9964E-05 0.0038705 0.0371264 9.9964E-05 0.013276 9.9964E-05 9.9964E-05 0.11178 0.833548
0.0250636 0.00174808 9.9973E-05 0.00358964 0.00232621 0.00104042 0.965932 9.9973E-05 9.9973E-05
9.9955E-05 0.0164373 0.00704726 9.9955E-05 9.9955E-05 9.9955E-05 0.969158 9.9955E-05 0.00685784
9.993E-05 9.993E-05 9.993E-05 9.993E-05 9.993E-05 9.993E-05 0.999201 9.993E-05 9.993E-05
9.993E-05 9.993E-05 9.993E-05 9.993E-05 9.993E-05 9.993E-05 0.999201 9.993E-05 9.993E-05
9.993E-05 9.993E-05 9.993E-05 9.993E-05 9.993E-05 9.993E-05 0.999201 9.993E-05 9.993E-05
0.0454287 9.9955E-05 0.0134769 9.9955E-05 9.9955E-05 9.9955E-05 0.904847 9.9955E-05 0.0357477
9.99371E-05 9.99371E-05 9.99371E-05 9.99371E-05 0.00190723 9.99371E-05 0.997393 9.99371E-05 9.99371E-05
9.993E-05 9.993E-05 9.993E-05 9.993E-05 9.993E-05 9.993E-05 0.999201 9.993E-05 9.993E-05
9.9955E-05 0.00200001 0.00454844 0.0104586 9.9955E-05 9.9955E-05 0.982493 9.9955E-05 9.9955E-05
9.9964E-05 0.0372606 0.0382056 9.9964E-05 9.9964E-05 9.9964E-05 0.884994 0.0363197 0.00281979
9.993E-05 9.993E-05 9.993E-05 9.993E-05 9.993E-05 9.993E-05 0.999201 9.993E-05 9.993E-05
9.993E-05 9.993E-05 9.993E-05 9.993E-05 9.993E-05 9.993E-05 0.999201 9.993E-05 9.993E-05
