0.999201 9.993E-05 9.993E-05 9.993E-05 9.993E-05 9.993E-05 9.993E-05 9.993E-05 9.993E-05
0.243235 0.612281 0.0686602 9.9955E-05 9.9955E-05 9.9955E-05 9.9955E-05 0.0753242 9.9955E-05
0.235575 0.610432 0.0831484 9.9955E-05 9.9955E-05 9.9955E-05 9.9955E-05 0.0703455 9.9955E-05
0.209347 0.762525 9.9955E-05 9.9955E-05 0.0105679 9.9955E-05 9.9955E-05 9.9955E-05 0.0170601
0.0981473 0.638854 9.9982E-05 0.0328836 0.0815071 0.0925534 0.0389198 9.9982E-05 0.0169352
0.167523 0.59287 0.0203146 9.9982E-05 9.9982E-05 0.154686 0.00276365 0.0213794 0.0402624
0.264499 0.734801 9.99371E-05 9.99371E-05 9.99371E-05 9.99371E-05 9.99371E-05 9.99371E-05 9.99371E-05
0.293697 0.542844 0.0392575 0.000201785 9.9973E-05 0.0955846 9.9973E-05 0.0281148 9.9973E-05
0.14854 0.664547 0.0765835 9.9973E-05 9.9973E-05 0.0410511 0.0329155 0.0360632 9.9973E-05
0.999201 9.993E-05 9.993E-05 9.993E-05 9.993E-05 9.993E-05 9.993E-05 9.993E-05 9.993E-05
0.999201 9.993E-05 9.993E-05 9.993E-05 9.993E-05 9.993E-05 9.993E-05 9.993E-05 9.993E-05
0.999201 9.993E-05 9.993E-05 9.993E-05 9.993E-05 9.993E-05 9.993E-05 9.993E-05 9.993E-05
0.973812 9.9946E-05 9.9946E-05 9.9946E-05 9.9946E-05 9.9946E-05 9.9946E-05 0.0240776 0.00151038
0.927353 9.9955E-05 9.9955E-05 0.0255645 0.0382127 0.00836989 9.9955E-05 9.9955E-05 9.9955E-05
0.896124 9.9946E-05 9.9946E-05 0.0213308 9.9946E-05 0.0819454 9.9946E-05 9.9946E-05 9.9946E-05
0.171714 0.460593 0.0298818 0.0715252 9.9964E-05 0.265886 9.9964E-05 9.9964E-05 9.9964E-05
0.211899 0.387787 0.0954961 0.0797044 0.0644104 0.124903 0.0198273 0.0158725 9.9991E-05
0.182032 0.687236 0.0140085 0.00438613 9.9982E-05 0.0114553 9.9982E-05 0.00158214 0.0990999
9.9946E-05 0.924721 9.9946E-05 9.9946E-05 0.0353682 9.9946E-05 0.0393115 9.9946E-05 9.9946E-05
9.9955E-05 0.919962 9.9955E-05 9.9955E-05 0.0410817 9.9955E-05 0.017378 9.9955E-05 0.0210781
0.0194224 0.906906 9.9964E-05 9.9964E-05 9.9964E-05 9.9964E-05 0.0288774 0.0171593 0.0272346
9.9964E-05 0.784136 0.0708322 0.0262602 0.074594 9.9964E-05 9.9964E-05 9.9964E-05 0.0437772
9.9955E-05 0.843147 0.0341256 9.9955E-05 0.0900871 9.9955E-05 9.9955E-05 9.9955E-05 0.0321405
9.9946E-05 0.944425 9.9946E-05 0.0233125 0.0316631 9.9946E-05 9.9946E-05 9.9946E-05 9.9946E-05
9.9946E-05 0.914854 9.9946E-05 9.9946E-05 9.9946E-05 0.0612 9.9946E-05 0.023346 9.9946E-05
9.9973E-05 0.635471 0.0249409 0.0768818 9.9973E-05 0.100286 0.0543725 9.9973E-05 0.107748
9.9973E-05 0.678934 0.0841418 9.9973E-05 0.031587 0.0334495 0.0972496 9.9973E-05 0.0743384
9.9946E-05 0.921601 0.0383993 9.9946E-05 9.9946E-05 0.0394004 9.9946E-05 9.9946E-05 9.9946E-05
0.0257148 0.742808 0.00991395 0.0479051 0.0265452 0.014749 0.0104852 9.9991E-05 0.121779
0.0306368 0.884725 9.9946E-05 9.9946E-05 9.9946E-05 9.9946E-05 9.9946E-05 9.9946E-05 0.0840382
0.00834359 0.930621 9.9955E-05 9.9955E-05 0.053558 9.9955E-05 0.00697714 9.9955E-05 9.9955E-05
9.9982E-05 0.771878 0.00885714 0.037889 0.01785 0.0371443 0.0834391 0.0427429 9.9982E-05
9.9955E-05 0.728489 0.0474176 9.9955E-05 9.9955E-05 9.9955E-05 0.0376341 9.9955E-05 0.185959
0.0620454 0.598425 0.0570393 0.0915874 9.9982E-05 0.0486116 0.00115724 9.9982E-05 0.140934
9.9964E-05 0.791072 0.0388207 0.0528862 0.0974733 0.0193481 9.9964E-05 9.9964E-05 9.9964E-05
0.0526321 0.875793 9.9946E-05 9.9946E-05 9.9946E-05 9.9946E-05 9.9946E-05 9.9946E-05 0.0709752
9.9955E-05 0.515525 9.9955E-05 9.9955E-05 0.010981 0.315758 9.9955E-05 9.9955E-05 0.157236
9.9973E-05 0.548083 0.00999126 9.9973E-05 0.0647021 0.0503766 0.0985932 9.9973E-05 0.227954
9.9964E-05 0.535215 0.0554106 9.9964E-05 9.9964E-05 9.9964E-05 0.0910104 0.0151539 0.30281
9.9964E-05 0.551406 9.9964E-05 0.0116268 9.9964E-05 0.0538849 0.0319921 9.9964E-05 0.35069
9.9982E-05 0.0805134 0.0473502 0.0820136 9.9982E-05 0.620794 0.0106815 0.102701 0.0557461
9.9973E-05 0.0318118 0.103626 0.0160748 9.9973E-05 0.641363 0.104935 9.9973E-05 0.101889
0.0577458 0.201468 0.0703251 0.0894903 9.9973E-05 0.522209 9.9973E-05 0.0584618 9.9973E-05
9.9982E-05 0.0841046 0.0244735 0.0526428 9.9982E-05 0.676883 0.0434109 0.0275224 0.0907631
9.9982E-05 0.238266 0.0454857 0.00506298 0.00182127 0.454613 0.0876398 9.9982E-05 0.166912
9.9946E-05 9.9946E-05 0.00431549 9.9946E-05 9.9946E-05 0.991561 0.00352341 9.9946E-05 9.9946E-05
9.993E-05 9.993E-05 9.993E-05 9.993E-05 9.993E-05 0.999201 9.993E-05 9.993E-05 9.993E-05
9.9982E-05 0.407902 0.037463 0.076673 0.0412805 0.379053 0.0372978 9.9982E-05 0.0201301
0.0521101 0.179603 0.0254602 0.0792647 0.0187386 0.461102 0.0678242 9.9991E-05 0.115797
0.0946906 0.394198 0.0143163 0.0945404 9.9991E-05 0.256716 0.0363473 0.0345331 0.0745583
0.0150454 0.252115 0.0562996 9.9982E-05 9.9982E-05 0.350936 0.0854227 0.0240355 0.215946
0.00795643 0.189179 0.0549947 0.0223403 0.0696749 0.544894 0.0392578 9.9991E-05 0.0716028
0.0213611 9.9946E-05 9.9946E-05 9.9946E-05 9.9946E-05 0.94345 0.0345896 9.9946E-05 9.9946E-05
0.0406586 0.212577 9.9973E-05 9.9973E-05 0.100249 0.230838 0.059972 9.9973E-05 0.355406
0.0418885 0.179929 0.012981 0.0327482 0.0491619 0.287186 0.0190656 9.9991E-05 0.37694
9.9973E-05 0.248277 0.0929775 0.0987005 9.9973E-05 0.459348 9.9973E-05 0.0235205 0.0768767
0.0853523 0.110669 0.045834 0.0370046 9.9982E-05 0.398841 0.0865222 9.9982E-05 0.235577
9.999E-05 0.222865 0.0198933 0.0241731 0.00895353 0.372195 0.0760289 0.0591105 0.216681
9.993E-05 9.993E-05 9.993E-05 9.993E-05 9.993E-05 0.999201 9.993E-05 9.993E-05 9.993E-05
0.0269382 0.233986 0.0208257 0.0368236 9.9991E-05 0.378382 0.0850991 0.00566065 0.212186
9.9964E-05 0.198949 9.9964E-05 0.0799463 0.023542 0.598178 0.098985 9.9964E-05 9.9964E-05
0.00164588 0.106871 9.9973E-05 0.0731448 9.9973E-05 0.578736 9.9973E-05 0.0212358 0.218067
9.999E-05 0.119295 0.0535756 0.0350965 0.0160761 0.469318 0.0477916 0.0196915 0.239056
9.9946E-05 9.9946E-05 9.9946E-05 9.9946E-05 0.0759874 0.895693 9.9946E-05 0.0277195 9.9946E-05
9.9964E-05 0.163042 9.9964E-05 0.0625186 9.9964E-05 0.536449 0.0418949 9.9964E-05 0.195696
9.9964E-05 9.9964E-05 0.017445 0.0306384 0.0515968 0.890066 9.9964E-05 0.00985397 9.9964E-05
9.9937E-05 9.9937E-05 9.9937E-05 9.9937E-05 9.9937E-05 0.60362 9.9937E-05 9.9937E-05 0.39568
0.00485568 9.9964E-05 9.9964E-05 0.0487021 0.0904987 0.814012 9.9964E-05 0.0415318 9.9964E-05
9.9982E-05 0.300828 0.017031 0.0266719 0.00450459 0.458307 0.0501763 9.9982E-05 0.142281
9.9964E-05 9.9964E-05 0.0138983 0.0398715 0.0491899 0.890493 9.9964E-05 0.00614711 9.9964E-05
0.0473971 0.109291 0.035584 0.0343616 9.9982E-05 0.573619 9.9982E-05 0.0787651 0.120783
9.999E-05 0.0771911 0.0293095 0.0355274 0.0438898 0.451452 0.00831072 0.0569884 0.297232
0.0769665 9.9973E-05 0.0179793 9.9973E-05 0.0364541 0.756777 0.00322289 9.9973E-05 0.1083
0.0389471 9.9955E-05 9.9955E-05 9.9955E-05 9.9955E-05 0.748535 0.0833838 9.9955E-05 0.128634
0.0567015 9.9973E-05 9.9973E-05 0.0574399 0.0378596 0.428123 0.00431991 9.9973E-05 0.415257
0.0093054 9.9964E-05 9.9964E-05 9.9964E-05 0.0128198 0.575543 0.105861 9.9964E-05 0.296071
9.9964E-05 9.9964E-05 0.0346379 9.9964E-05 0.0291078 0.69606 9.9964E-05 0.0129457 0.226849
0.0105466 0.0045238 9.9982E-05 0.0468088 0.122996 0.507237 9.9982E-05 0.107859 0.19983
9.9964E-05 0.00666077 0.00670081 9.9964E-05 0.0241744 9.9964E-05 0.0309847 9.9964E-05 0.93108
9.993E-05 9.993E-05 9.993E-05 9.993E-05 9.993E-05 9.993E-05 9.993E-05 9.993E-05 0.999201
0.00780891 9.9946E-05 9.9946E-05 9.9946E-05 9.9946E-05 0.00219406 9.9946E-05 9.9946E-05 0.989397
9.9946E-05 9.9946E-05 0.0332701 9.9946E-05 9.9946E-05 9.9946E-05 9.9946E-05 0.000802779 0.965327
9.993E-05 9.993E-05 9.993E-05 9.993E-05 9.993E-05 9.993E-05 9.993E-05 9.993E-05 0.999201
9.9973E-05 0.167643 9.9973E-05 0.0445584 9.9973E-05 0.118038 0.00344582 0.0803891 0.585626
0.0202995 0.086457 9.9982E-05 0.104313 9.9982E-05 0.131877 0.0466294 0.164919 0.445304
0.0212903 0.068514 0.0821065 0.0466394 9.9991E-05 0.100261 0.00626775 0.0843897 0.590432
0.0364489 0.190274 0.0613767 0.0579738 9.9991E-05 0.121084 0.0446741 0.0505792 0.437489
0.00644957 0.124031 9.9982E-05 0.0963344 9.9982E-05 0.120069 0.0354425 0.0488234 0.56865
9.9991E-05 0.0341432 0.0779816 0.0750175 0.0839908 0.130737 0.00904141 0.11196 0.477028
0.0163464 0.0521487 0.0701992 0.0831354 9.9991E-05 0.151719 0.127723 0.0430826 0.455545
0.0463334 0.0675287 0.0184481 0.0462125 0.218333 0.286618 9.9991E-05 0.112493 0.203934
0.0255932 0.0242709 0.047344 0.0965928 0.184408 0.333156 9.9991E-05 0.0802865 0.208248
0.0260658 0.0216329 0.0753492 0.00587826 9.9991E-05 0.165406 0.17363 0.163581 0.368357
9.9946E-05 9.9946E-05 9.9946E-05 9.9946E-05 9.9946E-05 9.9946E-05 0.00133616 0.984343 0.013721
0.0266808 9.9964E-05 0.0214178 0.0318868 9.9964E-05 0.00468071 9.9964E-05 0.914934 9.9964E-05
0.000425895 0.0422496 9.9982E-05 0.0124989 0.0654392 9.9982E-05 0.00787681 0.831736 0.0395733
9.993E-05 9.993E-05 9.993E-05 9.993E-05 9.993E-05 9.993E-05 9.993E-05 0.999201 9.993E-05
9.993E-05 9.993E-05 9.993E-05 9.993E-05 9.993E-05 9.993E-05 9.993E-05 0.999201 9.993E-05
9.993E-05 9.993E-05 9.993E-05 9.993E-05 9.993E-05 9.993E-05 9.993E-05 0.999201 9.993E-05
9.9937E-05 9.9937E-05 0.0271459 9.9937E-05 9.9937E-05 9.9937E-05 9.9937E-05 0.972155 9.9937E-05
9.9964E-05 0.0603348 9.9964E-05 0.0284357 0.00592241 9.9964E-05 0.00150015 0.903407 9.9964E-05
9.9946E-05 9.9946E-05 0.00927151 9.9946E-05 9.9946E-05 9.9946E-05 0.00444594 0.985683 9.9946E-05
9.993E-05 9.993E-05 9.993E-05 9.993E-05 9.993E-05 9.993E-05 9.993E-05 0.999201 9.993E-05
9.9982E-05 0.0725937 0.0849313 0.219034 0.0461237 9.9982E-05 0.134439 0.0498219 0.392857
9.9964E-05 9.9964E-05 9.9964E-05 0.0162225 0.0354326 0.0807519 0.00707975 0.860113 9.9964E-05
9.9946E-05 9.9946E-05 0.00596043 9.9946E-05 0.00936031 9.9946E-05 9.9946E-05 0.98408 9.9946E-05
9.9955E-05 9.9955E-05 9.9955E-05 0.00628594 0.01546 9.9955E-05 9.9955E-05 0.956714 0.0210399
9.9946E-05 9.9946E-05 9.9946E-05 0.0240646 9.9946E-05 9.9946E-05 0.0484946 9.9946E-05 0.926841
9.993E-05 9.993E-05 9.993E-05 9.993E-05 9.993E-05 9.993E-05 9.993E-05 9.993E-05 0.999201
0.0166737 9.9937E-05 9.9937E-05 9.9937E-05 9.9937E-05 9.9937E-05 9.9937E-05 9.9937E-05 0.982627
9.9946E-05 9.9946E-05 9.9946E-05 0.011076 9.9946E-05 9.9946E-05 9.9946E-05 0.00312185 0.985202
9.9955E-05 9.9955E-05 9.9955E-05 0.0939702 9.9955E-05 9.9955E-05 0.0357443 0.00513324 0.864652
9.9955E-05 0.140939 9.9955E-05 0.0542454 0.0671024 9.9955E-05 9.9955E-05 9.9955E-05 0.737213
9.9973E-05 0.0220259 9.9973E-05 0.0313667 0.0692783 0.02836 9.9973E-05 0.0313606 0.817309
9.9955E-05 9.9955E-05 9.9955E-05 0.0680303 0.064174 9.9955E-05 0.0245799 9.9955E-05 0.842716
9.9955E-05 9.9955E-05 0.0298438 9.9955E-05 0.0288592 9.9955E-05 9.9955E-05 0.0816659 0.859131
9.9964E-05 9.9964E-05 0.0115229 0.004157 0.00649071 9.9964E-05 9.9964E-05 0.0578854 0.919544
9.9982E-05 0.0265856 0.0359074 0.0286103 0.0301304 9.9982E-05 0.0498986 0.0155632 0.813104
0.0066091 9.9955E-05 9.9955E-05 9.9955E-05 0.0760543 9.9955E-05 9.9955E-05 0.0809836 0.835853
0.0287549 9.9982E-05 0.0169494 0.0645708 0.0363139 0.0462015 0.0268986 9.9982E-05 0.780111
9.9973E-05 0.0148967 0.0373193 0.125649 9.9973E-05 9.9973E-05 0.0386373 0.0499088 0.733289
9.9955E-05 9.9955E-05 0.00890064 0.919848 0.030131 9.9955E-05 9.9955E-05 9.9955E-05 0.040621
0.00706092 0.0147405 9.9973E-05 0.866688 0.0190977 9.9973E-05 0.0657814 0.0263318 9.9973E-05
9.993E-05 9.993E-05 9.993E-05 0.999201 9.993E-05 9.993E-05 9.993E-05 9.993E-05 9.993E-05
9.9937E-05 9.9937E-05 9.9937E-05 0.993991 9.9937E-05 9.9937E-05 0.00530908 9.9937E-05 9.9937E-05
9.9946E-05 9.9946E-05 9.9946E-05 0.993212 9.9946E-05 9.9946E-05 0.000433494 9.9946E-05 0.00575516
9.993E-05 9.993E-05 9.993E-05 0.999201 9.993E-05 9.993E-05 9.993E-05 9.993E-05 9.993E-05
0.000328307 9.9955E-05 9.9955E-05 0.965807 9.9955E-05 9.9955E-05 0.029752 0.00361257 9.9955E-05
0.0177391 9.99551E-05 9.99551E-05 0.763528 0.0979445 0.120288 9.99551E-05 9.99551E-05 9.99551E-05
9.99371E-05 9.99371E-05 0.0290069 0.970294 9.99371E-05 9.99371E-05 9.99371E-05 9.99371E-05 9.99371E-05
9.993E-05 9.993E-05 9.993E-05 0.999201 9.993E-05 9.993E-05 9.993E-05 9.993E-05 9.993E-05
0.015064 9.99551E-05 9.99551E-05 0.884242 0.0650482 9.99551E-05 9.99551E-05 0.0351465 9.99551E-05
9.9946E-05 9.9946E-05 9.9946E-05 0.959694 9.9946E-05 9.9946E-05 0.0332523 0.006454 9.9946E-05
9.9964E-05 9.9964E-05 0.0829467 0.800622 0.0375102 0.0740837 9.9964E-05 9.9964E-05 0.00443783
9.993E-05 9.993E-05 0.999201 9.993E-05 9.993E-05 9.993E-05 9.993E-05 9.993E-05 9.993E-05
9.9973E-05 9.9973E-05 0.0619173 0.0823986 0.0458311 0.0855309 9.9973E-05 0.122451 0.601571
9.993E-05 9.993E-05 0.999201 9.993E-05 9.993E-05 9.993E-05 9.993E-05 9.993E-05 9.993E-05
9.993E-05 9.993E-05 0.999201 9.993E-05 9.993E-05 9.993E-05 9.993E-05 9.993E-05 9.993E-05
9.99371E-05 9.99371E-05 0.932841 9.99371E-05 0.0664596 9.99371E-05 9.99371E-05 9.99371E-05 9.99371E-05
9.9973E-05 0.0472112 0.839077 0.00252728 9.9973E-05 0.0484334 0.0489236 9.9973E-05 0.0135277
9.993E-05 9.993E-05 0.999201 9.993E-05 9.993E-05 9.993E-05 9.993E-05 9.993E-05 9.993E-05
9.9955E-05 9.9955E-05 0.858796 9.9955E-05 0.0575127 0.0186307 9.9955E-05 9.9955E-05 0.0645604
9.99371E-05 9.99371E-05 0.984261 9.99371E-05 9.99371E-05 9.99371E-05 9.99371E-05 0.0150397 9.99371E-05
9.9946E-05 9.9946E-05 0.943749 0.00358231 9.9946E-05 0.052069 9.9946E-05 9.9946E-05 9.9946E-05
9.993E-05 9.993E-05 0.999201 9.993E-05 9.993E-05 9.993E-05 9.993E-05 9.993E-05 9.993E-05
9.9973E-05 0.0101987 0.902177 0.0277401 9.9973E-05 9.9973E-05 0.0112239 0.000450282 0.0479104
9.99461E-05 9.99461E-05 0.972862 0.00100512 9.99461E-05 9.99461E-05 9.99461E-05 0.025533 9.99461E-05
9.9982E-05 0.0667617 0.728722 0.0321171 9.9982E-05 0.0425229 0.0431458 0.0728949 0.013636
0.00821499 9.9955E-05 0.923211 9.9955E-05 9.9955E-05 9.9955E-05 0.0379985 9.9955E-05 0.0300759
0.0051095 9.9982E-05 0.869809 0.0395177 0.0147455 0.0487046 9.9982E-05 0.0116567 0.0102574
9.9964E-05 9.9964E-05 0.883458 0.00709334 0.0485605 9.9964E-05 0.0311387 0.0293497 9.9964E-05
9.9955E-05 9.9955E-05 0.862813 9.9955E-05 0.0178683 0.0519006 0.0669185 9.9955E-05 9.9955E-05
9.9973E-05 9.9973E-05 0.925638 0.0104618 0.018001 0.0234 9.9973E-05 0.0148781 0.00732105
0.0417438 9.9991E-05 0.0430842 0.0387093 0.127397 0.136388 0.282241 0.0227788 0.307559
0.0303641 0.0197985 9.9991E-05 0.0736523 0.159099 0.121979 0.237228 0.0541298 0.30365
0.0385664 9.9991E-05 0.0532872 0.00428342 0.128571 0.214875 0.279789 0.0619508 0.218577
0.043132 9.9982E-05 0.0531131 9.9982E-05 0.136434 0.192463 0.245976 0.0283296 0.300352
9.9946E-05 9.9946E-05 9.9946E-05 0.0436755 0.948037 9.9946E-05 0.0076877 9.9946E-05 9.9946E-05
9.993E-05 9.993E-05 9.993E-05 9.993E-05 0.999201 9.993E-05 9.993E-05 9.993E-05 9.993E-05
9.9973E-05 0.0180374 0.00558614 9.9973E-05 0.929524 0.0306283 9.9973E-05 0.0113135 0.0046107
9.993E-05 9.993E-05 9.993E-05 9.993E-05 0.999201 9.993E-05 9.993E-05 9.993E-05 9.993E-05
9.9946E-05 9.9946E-05 0.00309464 9.9946E-05 0.985181 9.9946E-05 0.0111245 9.9946E-05 9.9946E-05
0.00694219 9.9973E-05 0.000938452 9.9973E-05 0.925402 9.9973E-05 0.00544761 0.0092672 0.0517028
9.9946E-05 9.9946E-05 9.9946E-05 9.9946E-05 0.959311 9.9946E-05 0.0182569 9.9946E-05 0.0218323
0.00615235 0.129605 0.0543319 0.000738958 0.740331 9.9991E-05 0.0175724 0.0407342 0.0104343
9.9982E-05 0.0664722 0.0340575 0.0138432 0.808514 0.0692931 9.9982E-05 0.00199128 0.00562907
0.00445788 9.9946E-05 9.9946E-05 9.9946E-05 9.9946E-05 9.9946E-05 0.960594 9.9946E-05 0.0343488
9.99371E-05 9.99371E-05 9.99371E-05 9.99371E-05 0.00272157 9.99371E-05 0.996579 9.99371E-05 9.99371E-05
9.993E-05 9.993E-05 9.993E-05 9.993E-05 9.993E-05 9.993E-05 0.999201 9.993E-05 9.993E-05
9.993E-05 9.993E-05 9.993E-05 9.993E-05 9.993E-05 9.993E-05 0.999201 9.993E-05 9.993E-05
9.993E-05 9.993E-05 9.993E-05 9.993E-05 9.993E-05 9.993E-05 0.999201 9.993E-05 9.993E-05
9.9955E-05 0.0198977 9.9955E-05 9.9955E-05 0.00680375 9.9955E-05 0.869556 9.9955E-05 0.103243
9.9946E-05 9.9946E-05 0.00920266 9.9946E-05 9.9946E-05 9.9946E-05 0.987522 0.0026753 9.9946E-05
9.993E-05 9.993E-05 9.993E-05 9.993E-05 9.993E-05 9.993E-05 0.999201 9.993E-05 9.993E-05
9.993E-05 9.993E-05 9.993E-05 9.993E-05 9.993E-05 9.993E-05 0.999201 9.993E-05 9.993E-05
0.00673555 9.9973E-05 0.00708633 0.0340377 0.011341 0.0329438 0.907556 9.9973E-05 9.9973E-05
9.9937E-05 9.9937E-05 9.9937E-05 9.9937E-05 9.9937E-05 9.9937E-05 0.990826 0.00847405 9.9937E-05
9.9946E-05 9.9946E-05 9.9946E-05 0.00809294 9.9946E-05 9.9946E-05 0.983598 0.00770942 9.9946E-05
