9.993E-05 9.993E-05 9.993E-05 9.993E-05 9.993E-05 9.993E-05 9.993E-05 9.993E-05 0.999201
9.9955E-05 9.9955E-05 9.9955E-05 9.9955E-05 0.0364507 9.9955E-05 0.0482611 0.840366 0.0744226
9.9964E-05 9.9964E-05 9.9964E-05 9.9964E-05 0.033449 0.00838448 0.0782053 0.797618 0.0819431
9.993E-05 9.993E-05 9.993E-05 9.993E-05 9.993E-05 9.993E-05 9.993E-05 0.999201 9.993E-05
0.0585786 0.0520754 9.9964E-05 0.0397242 9.9964E-05 0.155143 9.9964E-05 0.694079 9.9964E-05
0.0124482 9.9973E-05 0.193882 9.9973E-05 9.9973E-05 0.135195 0.0156103 0.593702 0.0488624
9.9946E-05 9.9946E-05 9.9946E-05 9.9946E-05 9.9946E-05 0.377006 9.9946E-05 0.444171 0.178223
9.9973E-05 9.9973E-05 0.0708569 0.00615376 9.9973E-05 0.216125 0.0797123 0.443821 0.183032
9.9973E-05 0.0519741 9.9973E-05 9.9973E-05 0.020408 0.258024 0.042027 0.55782 0.069447
9.993E-05 9.993E-05 9.993E-05 9.993E-05 9.993E-05 9.993E-05 9.993E-05 9.993E-05 0.999201
9.993E-05 9.993E-05 9.993E-05 9.993E-05 9.993E-05 9.993E-05 9.993E-05 9.993E-05 0.999201
9.9937E-05 9.9937E-05 9.9937E-05 9.9937E-05 9.9937E-05 9.9937E-05 9.9937E-05 0.00784373 0.991457
9.9946E-05 9.9946E-05 9.9946E-05 0.0125951 0.0164862 9.9946E-05 9.9946E-05 9.9946E-05 0.970319
0.0556349 9.9946E-05 9.9946E-05 9.9946E-05 9.9946E-05 0.050344 9.9946E-05 9.9946E-05 0.893421
0.00214486 9.99609E-05 9.99609E-05 9.99609E-05 9.99609E-05 9.99609E-05 0.0297487 0.0402373 0.927369
9.9982E-05 0.074071 0.217033 0.0194357 9.9982E-05 0.0981223 0.012853 0.49765 0.080635
0.115382 0.0403323 0.122496 0.0354411 0.0271746 0.114858 0.0186234 0.406576 0.119117
9.9946E-05 0.00421567 9.9946E-05 0.00115439 9.9946E-05 9.9946E-05 9.9946E-05 0.99403 9.9946E-05
0.0605174 0.00708309 0.0356109 9.9964E-05 9.9964E-05 0.815791 9.9964E-05 0.0805983 9.9964E-05
0.0390808 0.0347584 0.0421843 9.9955E-05 9.9955E-05 0.883477 9.9955E-05 9.9955E-05 9.9955E-05
9.9964E-05 0.0319762 9.9964E-05 9.9964E-05 0.00857995 0.814573 9.9964E-05 0.0959954 0.0484753
0.0735696 9.9982E-05 0.0702885 0.00621545 0.00468868 0.701154 0.0809128 0.0629715 9.9982E-05
0.0643948 0.00279686 9.9955E-05 9.9955E-05 9.9955E-05 0.881849 0.05046 9.9955E-05 9.9955E-05
9.9955E-05 9.9955E-05 9.9955E-05 0.0321329 9.9955E-05 0.941714 0.0165653 9.9955E-05 0.00908802
9.99467E-05 9.99467E-05 9.99467E-05 0.0139588 0.00554657 0.979895 9.99467E-05 9.99467E-05 9.99467E-05
9.9955E-05 0.0348322 0.261783 0.0410161 9.9955E-05 0.661869 9.9955E-05 9.9955E-05 9.9955E-05
0.0200385 0.0785472 0.121166 9.9973E-05 9.9973E-05 0.713373 0.0595064 9.9973E-05 0.00706909
9.9946E-05 9.9946E-05 9.9946E-05 9.9946E-05 9.9946E-05 0.884628 0.0511619 0.0636101 9.9946E-05
0.0173434 0.0244303 0.145905 0.0296537 9.9991E-05 0.701847 0.0175677 0.000246744 0.0629067
9.9964E-05 9.9964E-05 0.0332869 0.00103768 9.9964E-05 0.732996 9.9964E-05 0.195446 0.0368341
0.0141174 0.0168089 9.9964E-05 9.9964E-05 0.00732903 0.931723 9.9964E-05 9.9964E-05 0.0296214
9.9973E-05 0.0579269 0.000897243 0.0341538 0.00847253 0.841997 0.0562529 9.9973E-05 9.9973E-05
9.9982E-05 9.9982E-05 0.10571 0.00119072 0.0320658 0.790466 0.0528723 0.00497215 0.0125234
0.0005001 9.9973E-05 0.193036 0.0725671 9.9973E-05 0.626307 0.0657265 9.9973E-05 0.0415633
0.111356 9.9955E-05 9.9955E-05 9.9955E-05 9.9955E-05 0.794781 0.077923 0.0154394 9.9955E-05
9.9955E-05 9.9955E-05 0.0163291 9.9955E-05 9.9955E-05 0.795639 9.9955E-05 0.156547 0.0309851
0.0102868 9.9946E-05 0.504425 9.9946E-05 9.9946E-05 0.484688 9.9946E-05 9.9946E-05 9.9946E-05
0.0749276 0.0454441 0.271618 0.0128988 0.0203009 0.435329 0.0240136 0.115367 9.9991E-05
9.9973E-05 0.0933146 0.296754 9.9973E-05 0.0519641 0.476135 0.0337196 0.0478119 9.9973E-05
0.0270329 0.0390309 0.302419 0.0306726 0.0200436 0.572549 9.9982E-05 9.9982E-05 0.0080518
9.9973E-05 0.00207338 0.691891 0.0617116 0.0274453 9.9973E-05 0.0168036 0.199775 9.9973E-05
9.9955E-05 0.0371108 0.748243 0.0302201 9.9955E-05 9.9955E-05 9.9955E-05 0.183926 9.9955E-05
9.9973E-05 9.9973E-05 0.508875 0.0739908 0.0202037 0.0288666 0.0561442 0.31162 9.9973E-05
9.9955E-05 9.9955E-05 0.727454 0.0224921 9.9955E-05 9.9955E-05 0.0169636 0.23259 9.9955E-05
0.0234494 0.0647952 0.657443 0.00184139 9.9982E-05 0.155483 0.0495547 0.0472331 9.9982E-05
9.9946E-05 9.9946E-05 0.945529 9.9946E-05 9.9946E-05 0.0483438 0.00552794 9.9946E-05 9.9946E-05
9.99354E-05 9.99354E-05 0.999201 9.99354E-05 9.99354E-05 9.99354E-05 9.99354E-05 9.99354E-05 9.99354E-05
0.0268658 0.0311364 0.525803 0.0163581 9.9982E-05 0.303414 0.0752531 0.0209697 9.9982E-05
9.9982E-05 0.0678051 0.565676 0.0377345 9.9982E-05 0.0906849 0.0449867 0.135952 0.0569612
9.9982E-05 9.9982E-05 0.423783 0.0438541 0.0346057 0.255974 0.00255743 0.193239 0.0457868
9.9982E-05 0.0321371 0.578978 9.9982E-05 0.0336743 0.2576 0.0361889 0.0368105 0.0244119
0.0488866 0.00532532 0.711457 9.9982E-05 9.9982E-05 0.106724 0.0273286 0.0937539 0.00632405
9.9973E-05 0.0178536 0.851466 9.9973E-05 9.9973E-05 0.0899314 0.00296046 0.0088387 0.0286502
0.0836869 0.0481416 0.599735 0.012561 0.00828496 0.194828 9.9982E-05 9.9982E-05 0.0525623
0.0652837 0.00834389 0.579966 0.0306879 0.0444014 0.211575 9.9982E-05 9.9982E-05 0.0595424
0.00384173 9.9982E-05 0.604717 0.0613187 0.0245596 0.0407957 0.0849006 0.179667 9.9982E-05
0.0219949 0.0861784 0.575157 0.067473 9.9991E-05 0.0955632 0.0607983 0.0287201 0.0640149
0.00749612 0.0999435 0.652953 0.0293385 0.0111057 0.136929 9.9982E-05 0.0620337 9.9982E-05
9.9955E-05 9.9955E-05 0.965578 9.9955E-05 9.9955E-05 0.00558612 9.9955E-05 0.0152191 0.0131166
9.9973E-05 0.108072 0.589218 9.9973E-05 0.000231742 0.204203 9.9973E-05 0.0556668 0.0423086
0.0134212 0.0697426 0.5743 0.070576 9.9973E-05 0.260026 9.9973E-05 9.9973E-05 0.011634
0.0446698 0.0186252 0.732988 0.088715 9.9982E-05 0.0719438 9.9982E-05 0.0339264 0.00893204
9.9982E-05 0.0168049 0.758975 0.0029152 0.0190767 0.126063 0.0384175 9.9982E-05 0.0375479
0.0798597 9.99551E-05 0.900962 9.99551E-05 0.0107777 9.99551E-05 0.0079011 9.99551E-05 9.99551E-05
9.9973E-05 0.0141596 0.782316 0.0204731 9.9973E-05 0.0928632 9.9973E-05 0.0802159 0.00967262
0.0296852 9.9955E-05 0.918589 9.9955E-05 9.9955E-05 9.9955E-05 0.0440578 9.9955E-05 0.00716863
9.9937E-05 9.9937E-05 0.98296 9.9937E-05 0.0163402 9.9937E-05 9.9937E-05 9.9937E-05 9.9937E-05
0.0894132 9.9973E-05 0.824028 0.0281402 0.00647504 9.9973E-05 0.0123353 9.9973E-05 0.0393088
0.00662033 0.0220986 0.666776 9.9973E-05 9.9973E-05 0.174537 0.0103361 0.119332 9.9973E-05
0.00421374 9.99461E-05 0.973417 9.99461E-05 9.99461E-05 9.99461E-05 0.0217692 9.99461E-05 9.99461E-05
9.9973E-05 9.9973E-05 0.80999 9.9973E-05 0.0400385 0.00762767 0.0192878 0.0940294 0.0287269
0.00369945 0.0289722 0.760145 0.0437054 0.048462 0.05078 0.0640355 9.9982E-05 9.9982E-05
9.9946E-05 9.9946E-05 0.882885 9.9946E-05 9.9946E-05 0.00856639 9.9946E-05 9.9946E-05 0.107949
9.9946E-05 0.011411 0.923723 9.9946E-05 9.9946E-05 9.9946E-05 9.9946E-05 9.9946E-05 0.0642666
0.0401981 0.0225107 0.725364 0.105355 9.9982E-05 0.00743857 0.0190149 9.9982E-05 0.0799186
0.00701477 0.0631823 0.904091 9.9955E-05 9.9955E-05 9.9955E-05 9.9955E-05 9.9955E-05 0.0252122
0.00412646 9.9946E-05 0.968925 9.9946E-05 9.9946E-05 9.9946E-05 0.0263489 9.9946E-05 9.9946E-05
0.0836351 9.9982E-05 0.731525 0.00389457 0.0681528 9.9982E-05 0.0274879 0.07293 0.0121752
0.072392 0.0344697 0.672973 0.0343166 0.0835511 9.9973E-05 0.101997 9.9973E-05 9.9973E-05
0.0623802 0.00173453 0.74316 0.0530625 0.139263 9.9964E-05 9.9964E-05 9.9964E-05 9.9964E-05
9.9973E-05 0.03317 0.792275 0.0795056 0.0450808 9.9973E-05 0.0310897 9.9973E-05 0.0185787
0.0588318 0.0284541 0.778992 9.9955E-05 0.133222 9.9955E-05 9.9955E-05 9.9955E-05 9.9955E-05
0.0592662 9.9964E-05 0.784161 0.00418024 0.119396 9.9964E-05 0.0325966 9.9964E-05 9.9964E-05
0.0100101 0.0109431 0.452987 0.125372 0.136221 0.14326 0.0338178 0.0872885 9.9991E-05
9.9982E-05 0.0519801 0.523487 0.0819122 0.217593 0.00431198 0.0533499 0.0671661 9.9982E-05
0.0279123 0.0196984 0.595369 0.0438521 0.16887 9.9982E-05 0.0867893 0.0573087 9.9982E-05
0.00247559 0.0356364 0.541228 0.0817748 0.070325 0.113885 0.0520003 0.0683813 0.0342936
9.9973E-05 0.0594315 0.584566 0.103182 0.118843 0.129819 9.9973E-05 0.00385795 9.9973E-05
0.0947239 0.00133871 0.525747 0.0485191 0.150844 9.9982E-05 0.103543 0.0750846 9.9982E-05
9.9973E-05 0.137436 0.428342 0.114581 0.107167 0.0759215 0.136253 9.9973E-05 9.9973E-05
0.224864 9.9982E-05 0.439913 0.0621979 0.0586886 9.9982E-05 0.0445553 0.139706 0.0298757
0.169579 9.9973E-05 0.447732 0.101104 0.0910903 9.9973E-05 0.0423489 0.147845 9.9973E-05
0.019054 0.181363 0.450884 0.0776564 0.161606 0.0233095 0.0663301 9.9991E-05 0.0196966
9.9937E-05 9.9937E-05 9.9937E-05 0.0079362 0.991364 9.9937E-05 9.9937E-05 9.9937E-05 9.9937E-05
9.9955E-05 9.9955E-05 9.9955E-05 9.9955E-05 0.938572 9.9955E-05 0.00508321 0.0299112 0.0259334
0.0257022 9.9964E-05 0.0521379 9.9964E-05 0.867957 0.0413185 9.9964E-05 9.9964E-05 0.0124847
9.993E-05 9.993E-05 9.993E-05 9.993E-05 0.999201 9.993E-05 9.993E-05 9.993E-05 9.993E-05
9.993E-05 9.993E-05 9.993E-05 9.993E-05 0.999201 9.993E-05 9.993E-05 9.993E-05 9.993E-05
9.99371E-05 0.000103736 9.99371E-05 9.99371E-05 0.999197 9.99371E-05 9.99371E-05 9.99371E-05 9.99371E-05
9.9937E-05 9.9937E-05 9.9937E-05 9.9937E-05 0.992787 0.00651383 9.9937E-05 9.9937E-05 9.9937E-05
9.9973E-05 0.0272122 9.9973E-05 9.9973E-05 0.904843 0.0347964 0.00165989 0.0308464 0.000342258
9.9937E-05 0.00639764 9.9937E-05 9.9937E-05 0.992903 9.9937E-05 9.9937E-05 9.9937E-05 9.9937E-05
9.993E-05 9.993E-05 9.993E-05 9.993E-05 0.999201 9.993E-05 9.993E-05 9.993E-05 9.993E-05
0.0749623 0.123666 0.239082 0.294153 0.115801 0.116387 0.0261795 9.9991E-05 0.00966851
0.0116749 9.9955E-05 0.077866 9.9955E-05 0.906001 9.9955E-05 9.9955E-05 9.9955E-05 0.00395812
9.993E-05 9.993E-05 9.993E-05 9.993E-05 0.999201 9.993E-05 9.993E-05 9.993E-05 9.993E-05
9.9946E-05 0.00395411 9.9946E-05 9.9946E-05 0.985287 9.9946E-05 9.9946E-05 9.9946E-05 0.010159
0.088844 0.0496772 0.555036 0.166563 0.0784822 0.00450834 0.0461035 9.9991E-05 0.0106861
0.0463387 0.0316889 0.584295 0.183264 0.103682 9.9973E-05 0.0504312 9.9973E-05 9.9973E-05
0.0943556 0.0428364 0.566274 0.141338 0.106995 9.9973E-05 0.047901 9.9973E-05 9.9973E-05
0.0646074 0.0511053 0.461792 0.178225 0.179387 0.000696823 0.0639859 9.9982E-05 9.9982E-05
0.0847576 0.054773 0.512112 0.198487 0.101268 9.9973E-05 0.0483022 9.9973E-05 9.9973E-05
0.170795 0.028235 0.395362 0.158595 0.109483 0.124827 0.0125032 9.9982E-05 9.9982E-05
0.0765419 0.0765974 0.569058 0.128603 0.142611 0.00628914 9.9973E-05 9.9973E-05 9.9973E-05
0.149269 0.009379 0.535181 0.1662 0.124375 0.0152951 9.9973E-05 9.9973E-05 9.9973E-05
0.0778958 0.0626157 0.448823 0.105696 0.202181 0.0221167 0.0804724 9.9982E-05 9.9982E-05
0.107206 0.0427397 0.414857 0.153577 0.19033 0.0329585 0.0581309 9.9982E-05 9.9982E-05
0.0835511 0.0521662 0.54705 0.11601 0.107673 0.0445632 0.0487863 9.9982E-05 9.9982E-05
0.147628 0.0403456 0.485739 0.0722912 0.203835 0.00898318 0.0409774 9.9982E-05 9.9982E-05
0.0697586 0.0368781 0.568359 0.157667 0.0659523 9.9982E-05 0.0912939 9.9982E-05 0.00989117
0.0156417 0.0897667 0.536824 0.171462 0.142142 9.9982E-05 0.036181 0.00778337 9.9982E-05
0.0322825 0.000928282 0.015715 0.950574 9.9955E-05 9.9955E-05 9.9955E-05 9.9955E-05 9.9955E-05
0.0258947 0.0388194 9.9964E-05 0.889602 9.9964E-05 0.025561 9.9964E-05 0.0197229 9.9964E-05
9.993E-05 9.993E-05 9.993E-05 0.999201 9.993E-05 9.993E-05 9.993E-05 9.993E-05 9.993E-05
9.9946E-05 0.00888006 0.001825 0.988695 9.9946E-05 9.9946E-05 9.9946E-05 9.9946E-05 9.9946E-05
9.9955E-05 0.00547744 9.9955E-05 0.976469 0.010018 9.9955E-05 0.00753547 9.9955E-05 9.9955E-05
9.9937E-05 9.9937E-05 9.9937E-05 0.986037 0.0132632 9.9937E-05 9.9937E-05 9.9937E-05 9.9937E-05
9.993E-05 9.993E-05 9.993E-05 0.999201 9.993E-05 9.993E-05 9.993E-05 9.993E-05 9.993E-05
0.101779 9.9973E-05 0.0243777 0.767763 9.9973E-05 9.9973E-05 0.0066455 0.0637917 0.0353432
9.99371E-05 9.99371E-05 9.99371E-05 0.993223 9.99371E-05 9.99371E-05 0.00607781 9.99371E-05 9.99371E-05
9.993E-05 9.993E-05 9.993E-05 0.999201 9.993E-05 9.993E-05 9.993E-05 9.993E-05 9.993E-05
0.0672411 9.9973E-05 9.9973E-05 0.854673 0.0103446 9.9973E-05 0.0173315 0.0412187 0.00889099
9.99371E-05 0.00100425 9.99371E-05 0.998296 9.99371E-05 9.99371E-05 9.99371E-05 9.99371E-05 9.99371E-05
0.0473152 0.0386085 0.0868043 0.737224 0.0157121 9.9982E-05 0.0635906 9.9982E-05 0.0105458
9.993E-05 9.993E-05 9.993E-05 9.993E-05 9.993E-05 9.993E-05 0.999201 9.993E-05 9.993E-05
0.0660271 0.0524193 0.491175 0.14975 0.150133 9.9982E-05 0.0427493 0.0475459 9.9982E-05
9.993E-05 9.993E-05 9.993E-05 9.993E-05 9.993E-05 9.993E-05 0.999201 9.993E-05 9.993E-05
9.993E-05 9.993E-05 9.993E-05 9.993E-05 9.993E-05 9.993E-05 0.999201 9.993E-05 9.993E-05
0.0585753 9.99461E-05 9.99461E-05 9.99461E-05 0.00727399 9.99461E-05 0.933551 9.99461E-05 9.99461E-05
9.9973E-05 9.9973E-05 0.0589348 0.0284538 0.00390349 0.165493 0.728572 9.9973E-05 0.0143434
9.993E-05 9.993E-05 9.993E-05 9.993E-05 9.993E-05 9.993E-05 0.999201 9.993E-05 9.993E-05
9.9964E-05 9.9964E-05 0.0921738 9.9964E-05 9.9964E-05 0.0302115 0.862036 0.0102942 0.00488472
0.0101506 9.9973E-05 0.00498452 0.00626406 0.0393386 0.0185887 0.920374 9.9973E-05 9.9973E-05
9.9964E-05 0.000397211 0.0162981 0.0196354 9.9964E-05 0.00549656 0.957773 9.9964E-05 9.9964E-05
9.9946E-05 9.9946E-05 9.9946E-05 9.9946E-05 9.9946E-05 9.9946E-05 0.994758 0.00424059 0.000402194
9.9955E-05 0.00240299 0.0288918 9.9955E-05 0.0130876 9.9955E-05 0.955118 9.9955E-05 9.9955E-05
9.9946E-05 9.9946E-05 9.9946E-05 0.017474 9.9946E-05 0.0285633 0.953363 9.9946E-05 9.9946E-05
9.9964E-05 0.0465679 9.9964E-05 0.0895385 0.0497209 9.9964E-05 0.760489 0.0532835 9.9964E-05
0.0290396 9.9964E-05 9.9964E-05 0.00347923 0.00786045 9.9964E-05 0.934394 9.9964E-05 0.0248274
0.0404074 0.0159036 0.103759 0.0104251 9.9964E-05 9.9964E-05 0.829106 9.9964E-05 9.9964E-05
0.0508621 0.0548754 0.0161353 0.0211295 0.00512672 9.9982E-05 0.847996 0.00367549 9.9982E-05
0.0584165 0.0119879 0.0133669 9.9964E-05 9.9964E-05 9.9964E-05 0.89265 9.9964E-05 0.0231792
0.00647458 0.0272107 9.9964E-05 9.9964E-05 9.9964E-05 9.9964E-05 0.943303 0.0063737 0.0162378
0.131608 0.242343 0.409585 0.0429044 0.0891105 9.9982E-05 0.0531174 9.9982E-05 0.0311314
0.0870756 0.255872 0.384913 0.0481088 0.0966415 0.0846539 0.0376188 9.9991E-05 0.00501662
0.152 0.261001 0.412427 9.9973E-05 0.0906782 9.9973E-05 0.0312524 9.9973E-05 0.0523423
0.140073 0.254207 0.446442 9.9973E-05 0.0586653 9.9973E-05 0.0512441 9.9973E-05 0.0490687
0.922563 0.0399429 9.9964E-05 0.0174117 9.9964E-05 0.00995445 9.9964E-05 9.9964E-05 0.00972761
0.999201 9.993E-05 9.993E-05 9.993E-05 9.993E-05 9.993E-05 9.993E-05 9.993E-05 9.993E-05
0.956422 0.0159883 0.00993142 9.9964E-05 9.9964E-05 9.9964E-05 0.0089609 9.9964E-05 0.00829718
0.999201 9.993E-05 9.993E-05 9.993E-05 9.993E-05 9.993E-05 9.993E-05 9.993E-05 9.993E-05
0.936699 0.0118481 9.9955E-05 0.0370689 9.9955E-05 9.9955E-05 0.013884 9.9955E-05 9.9955E-05
0.955827 9.9964E-05 0.0168699 0.0106896 0.00465713 0.011556 9.9964E-05 9.9964E-05 9.9964E-05
0.977576 9.99584E-05 0.00558811 9.99584E-05 0.015979 0.000357507 9.99584E-05 9.99584E-05 9.99584E-05
0.719041 0.0252733 0.084178 0.00148633 0.0212963 0.0668243 0.0587381 0.00041019 0.0227526
0.860922 0.00756631 0.040883 0.00785331 9.9973E-05 0.0744061 9.9973E-05 9.9973E-05 0.00806933
9.9937E-05 0.970274 9.9937E-05 0.0290261 9.9937E-05 9.9937E-05 9.9937E-05 9.9937E-05 9.9937E-05
9.993E-05 0.999201 9.993E-05 9.993E-05 9.993E-05 9.993E-05 9.993E-05 9.993E-05 9.993E-05
9.993E-05 0.999201 9.993E-05 9.993E-05 9.993E-05 9.993E-05 9.993E-05 9.993E-05 9.993E-05
9.993E-05 0.999201 9.993E-05 9.993E-05 9.993E-05 9.993E-05 9.993E-05 9.993E-05 9.993E-05
9.993E-05 0.999201 9.993E-05 9.993E-05 9.993E-05 9.993E-05 9.993E-05 9.993E-05 9.993E-05
9.9973E-05 0.90984 0.0137395 9.9973E-05 9.9973E-05 0.0203225 0.0414234 0.000510996 0.0138631
9.9946E-05 0.988007 9.9946E-05 9.9946E-05 0.00559475 9.9946E-05 0.00579828 9.9946E-05 9.9946E-05
9.993E-05 0.999201 9.993E-05 9.993E-05 9.993E-05 9.993E-05 9.993E-05 9.993E-05 9.993E-05
9.99371E-05 0.995884 9.99371E-05 9.99371E-05 9.99371E-05 9.99371E-05 0.00341639 9.99371E-05 9.99371E-05
9.9964E-05 0.951906 0.011363 0.015161 0.017785 9.9964E-05 0.00338481 9.9964E-05 9.9964E-05
9.993E-05 0.999201 9.993E-05 9.993E-05 9.993E-05 9.993E-05 9.993E-05 9.993E-05 9.993E-05
9.9946E-05 0.977771 9.9946E-05 0.0110265 9.9946E-05 9.9946E-05 9.9946E-05 0.010603 9.9946E-05
