9.993E-05 9.993E-05 0.999201 9.993E-05 9.993E-05 9.993E-05 9.993E-05 9.993E-05 9.993E-05
0.560296 0.07604 0.260316 9.9955E-05 9.9955E-05 0.102848 9.9955E-05 9.9955E-05 9.9955E-05
0.60106 0.0529745 0.239076 9.9955E-05 9.9955E-05 0.10639 9.9955E-05 9.9955E-05 9.9955E-05
0.644221 9.99461E-05 0.219346 9.99461E-05 9.99461E-05 9.99461E-05 0.135833 9.99461E-05 9.99461E-05
0.577204 9.9982E-05 0.129193 0.0555798 0.0305195 9.9982E-05 0.0924629 0.0720305 0.0428109
0.520826 0.00220618 0.163082 0.104249 9.9973E-05 0.0534426 0.155893 9.9973E-05 9.9973E-05
0.676295 9.9946E-05 0.245909 9.9946E-05 9.9946E-05 9.9946E-05 0.0771963 9.9946E-05 9.9946E-05
0.503431 0.0212952 0.259146 9.9973E-05 9.9973E-05 0.0728942 0.140794 9.9973E-05 0.00213905
0.634227 0.0412888 0.188132 9.9982E-05 0.0201041 0.0758947 0.0269716 9.9982E-05 0.0131814
9.993E-05 9.993E-05 0.999201 9.993E-05 9.993E-05 9.993E-05 9.993E-05 9.993E-05 9.993E-05
9.993E-05 9.993E-05 0.999201 9.993E-05 9.993E-05 9.993E-05 9.993E-05 9.993E-05 9.993E-05
9.993E-05 9.993E-05 0.999201 9.993E-05 9.993E-05 9.993E-05 9.993E-05 9.993E-05 9.993E-05
9.9937E-05 0.00698829 0.992312 9.9937E-05 9.9937E-05 9.9937E-05 9.9937E-05 9.9937E-05 9.9937E-05
0.0215378 9.9964E-05 0.90377 9.9964E-05 0.0136543 9.9964E-05 0.00991002 0.0507276 9.9964E-05
9.9946E-05 9.9946E-05 0.960493 9.9946E-05 9.9946E-05 9.9946E-05 0.0071725 9.9946E-05 0.0317346
0.443408 9.9973E-05 0.156653 9.9973E-05 0.0327317 0.0104962 0.327486 9.9973E-05 0.0289254
0.347431 0.00827138 0.246298 0.0617669 0.066277 0.058929 0.0784882 0.0551597 0.0773796
0.613778 9.9955E-05 0.206251 0.037348 9.9955E-05 9.9955E-05 0.142124 9.9955E-05 9.9955E-05
0.842503 0.00371143 9.9973E-05 9.9973E-05 0.0474585 9.9973E-05 0.0367927 0.062359 0.00687526
0.935833 9.9955E-05 9.9955E-05 9.9955E-05 0.00610894 9.9955E-05 9.9955E-05 0.0288163 0.0287422
0.875508 0.0190815 0.029768 0.0256176 0.0496251 9.996E-05 9.996E-05 9.996E-05 9.996E-05
0.777602 0.0148526 9.9973E-05 9.9973E-05 9.9973E-05 0.0569391 0.0609235 0.0766488 0.0127336
0.834425 0.00252888 9.9964E-05 9.9964E-05 0.0381942 0.0253565 9.9964E-05 0.0990957 9.9964E-05
0.930826 9.9955E-05 0.00766593 9.9955E-05 9.9955E-05 9.9955E-05 9.9955E-05 0.0467374 0.0142705
0.863093 9.9955E-05 9.9955E-05 9.9955E-05 0.0240064 9.9955E-05 0.0887642 9.9955E-05 0.0236362
0.654422 9.9964E-05 9.9964E-05 0.172855 0.0521645 9.9964E-05 0.0664174 9.9964E-05 0.0537416
0.679934 9.9982E-05 9.9982E-05 0.0747719 0.102353 0.0632084 0.0511716 0.0189775 0.00938388
0.922687 9.9946E-05 9.9946E-05 9.9946E-05 9.9946E-05 0.0249498 0.0517634 9.9946E-05 9.9946E-05
0.71172 9.9982E-05 0.0529119 0.106944 9.9982E-05 0.00603861 0.0322493 0.020638 0.0692979
0.862898 9.9946E-05 0.0508703 0.0856325 9.9946E-05 9.9946E-05 9.9946E-05 9.9946E-05 9.9946E-05
0.879431 9.9964E-05 0.0280647 0.0284352 9.9964E-05 9.9964E-05 9.9964E-05 0.0533366 0.0103325
0.782821 9.9964E-05 9.9964E-05 0.0436144 0.0740236 9.9964E-05 0.0584886 9.9964E-05 0.040653
0.772684 9.9964E-05 9.9964E-05 0.188738 0.00291919 0.0268932 9.9964E-05 0.00836581 9.9964E-05
0.578049 0.0108152 0.0286821 0.145002 0.0148126 0.0788804 0.0463499 9.9991E-05 0.097309
0.760031 9.9964E-05 9.9964E-05 9.9964E-05 9.9964E-05 0.029717 0.0395028 0.163556 0.00679304
0.84016 9.9955E-05 0.097651 0.0596669 0.00202277 9.9955E-05 9.9955E-05 9.9955E-05 9.9955E-05
0.494765 9.9955E-05 9.9955E-05 0.180906 9.9955E-05 9.9955E-05 0.288202 0.0356269 9.9955E-05
0.551666 9.9973E-05 0.00390354 0.319854 0.0371509 0.0238313 9.9973E-05 0.0632939 9.9973E-05
0.585117 0.0287082 9.9973E-05 0.19979 0.0692309 0.0638404 0.0530131 9.9973E-05 9.9973E-05
0.578969 9.9955E-05 9.9955E-05 0.336625 0.0217714 9.9955E-05 0.0621353 9.9955E-05 9.9955E-05
0.0348383 0.073538 9.9973E-05 0.0482794 9.9973E-05 0.0524501 0.693364 9.9973E-05 0.0972305
0.0170369 0.037328 9.9973E-05 9.9973E-05 0.0103695 0.0632012 0.763193 9.9973E-05 0.108572
0.170981 0.0531647 0.0345706 9.9973E-05 9.9973E-05 0.0816111 0.561678 9.9973E-05 0.0976955
0.0294109 0.0515962 9.9973E-05 0.0460171 9.9973E-05 0.0432502 0.745261 9.9973E-05 0.0841648
0.200304 9.9973E-05 9.9973E-05 0.238216 0.0378462 0.0543913 0.444984 9.9973E-05 0.0239586
9.993E-05 9.993E-05 9.993E-05 9.993E-05 9.993E-05 9.993E-05 0.999201 9.993E-05 9.993E-05
9.993E-05 9.993E-05 9.993E-05 9.993E-05 9.993E-05 9.993E-05 0.999201 9.993E-05 9.993E-05
0.366338 9.9973E-05 9.9973E-05 9.9973E-05 0.0347869 0.0506304 0.460948 0.0520725 0.0349245
0.149872 9.9991E-05 0.0459178 0.116202 0.0813814 0.0201938 0.495736 0.0110851 0.0795124
0.360889 0.0213775 0.071109 0.0892911 0.00721908 0.0396227 0.320617 9.9991E-05 0.0897747
0.263584 9.9973E-05 0.0251998 0.286296 0.0122131 0.0477389 0.364668 9.9973E-05 9.9973E-05
0.182392 9.9982E-05 9.9982E-05 0.0958784 0.0220223 0.035971 0.601894 0.0158756 0.045767
9.9955E-05 9.9955E-05 0.0141085 9.9955E-05 0.0574511 0.00369042 0.92425 9.9955E-05 9.9955E-05
0.172368 9.9982E-05 0.0533177 0.392415 0.0507802 9.9982E-05 0.258932 0.0717449 0.000241282
0.139329 0.00788883 0.0701295 0.401158 0.0316888 0.00193383 0.286364 0.0471954 0.0143129
0.144365 0.0246148 9.9982E-05 0.0651727 9.9982E-05 0.104373 0.575278 0.0155619 0.070435
0.145851 9.9973E-05 0.0757422 0.2619 0.0682166 0.0380612 0.409929 9.9973E-05 9.9973E-05
0.215794 0.0168683 9.9973E-05 0.161058 0.0958077 9.9973E-05 0.439811 9.9973E-05 0.0703598
9.993E-05 9.993E-05 9.993E-05 9.993E-05 9.993E-05 9.993E-05 0.999201 9.993E-05 9.993E-05
0.250695 0.0153642 0.0138183 0.318604 0.0499761 0.0395726 0.311771 9.9982E-05 9.9982E-05
0.211403 9.996E-05 9.996E-05 9.996E-05 0.0778773 9.996E-05 0.558132 0.0442964 0.107891
0.10745 0.0346244 0.0046977 0.148812 0.0082686 9.9991E-05 0.498721 0.0217197 0.175606
0.094748 0.0284943 0.00871464 0.185946 0.00640263 0.0575751 0.606912 0.0111066 9.9991E-05
9.9955E-05 9.9955E-05 9.9955E-05 9.9955E-05 9.9955E-05 0.0286693 0.836368 0.103482 0.0309807
0.114982 9.9973E-05 0.0239515 0.122169 0.0551044 9.9973E-05 0.612782 9.9973E-05 0.0707107
9.9964E-05 0.0264158 9.9964E-05 9.9964E-05 0.000369133 0.0580258 0.859653 0.0551365 9.9964E-05
9.9946E-05 0.0540045 9.9946E-05 0.314109 9.9946E-05 9.9946E-05 0.631287 9.9946E-05 9.9946E-05
9.9964E-05 0.0378847 9.9964E-05 9.9964E-05 9.9964E-05 0.0374001 0.786935 0.109542 0.0278386
0.252013 0.00573522 9.9982E-05 0.225413 0.0420534 0.0193926 0.425511 0.0296822 9.9982E-05
9.9946E-05 9.9946E-05 9.9946E-05 9.9946E-05 9.9946E-05 9.9946E-05 0.89951 0.0273589 0.0725315
0.0124279 0.0694261 0.0340703 0.0971547 9.998E-05 0.0520149 0.671136 9.998E-05 0.0635699
0.0566521 0.0250118 9.9982E-05 0.345564 0.00354148 0.0101992 0.504984 9.9982E-05 0.0538474
9.99685E-05 9.99685E-05 0.0623488 0.101654 0.0509895 9.99685E-05 0.772499 0.012109 9.99685E-05
9.995E-05 9.995E-05 0.0436939 0.108532 0.0755092 9.995E-05 0.771765 9.995E-05 9.995E-05
9.998E-05 9.998E-05 0.0515309 0.332716 0.0129478 0.00482584 0.468753 0.0246064 0.10442
0.00834678 0.0079136 0.00490847 0.208702 0.0675357 9.9982E-05 0.66585 0.0365441 9.9982E-05
9.997E-05 0.000333486 9.997E-05 0.178233 0.00180201 0.0408885 0.748803 0.0296392 9.997E-05
0.00050263 0.0575562 0.028949 0.363832 9.9991E-05 0.0135655 0.391769 0.13261 0.0111162
9.994E-05 9.994E-05 9.994E-05 0.89476 0.0958934 0.00874667 9.994E-05 9.994E-05 9.994E-05
9.993E-05 9.993E-05 9.993E-05 0.999201 9.993E-05 9.993E-05 9.993E-05 9.993E-05 9.993E-05
0.00196592 9.9955E-05 0.0114976 0.957225 9.9955E-05 0.028812 9.9955E-05 9.9955E-05 9.9955E-05
9.993E-05 9.993E-05 9.993E-05 0.999201 9.993E-05 9.993E-05 9.993E-05 9.993E-05 9.993E-05
9.995E-05 9.995E-05 9.995E-05 0.972599 0.0125258 0.0131895 0.00118598 9.995E-05 9.995E-05
0.128585 0.0643396 0.00331257 0.564047 9.997E-05 9.997E-05 0.113448 9.997E-05 0.125968
0.0487836 0.131737 0.0251015 0.540928 9.999E-05 0.052553 0.189051 0.00367372 0.00807259
0.0536063 0.0931557 0.0279163 0.588745 9.998E-05 0.0905281 0.141349 9.998E-05 0.00449903
0.15376 0.0278898 0.0481185 0.509434 0.0335341 0.0452197 0.129103 9.999E-05 0.052841
0.119105 0.0373865 0.0109858 0.571604 0.0217707 9.998E-05 0.153193 9.998E-05 0.0857554
0.0145227 0.0898189 9.999E-05 0.565454 0.0443874 0.00673853 0.195955 0.0244211 0.0586025
0.0503117 0.0917288 0.0205377 0.418965 0.0912972 0.0808171 0.157122 9.999E-05 0.0891202
0.0676771 0.0724748 0.028725 0.287391 9.999E-05 0.0336719 0.278239 0.197627 0.0340948
0.0577844 0.0444462 0.0493254 0.281257 9.999E-05 0.066512 0.2724 0.190826 0.0373485
0.0102626 0.155945 0.0329507 0.412277 0.147001 0.071718 0.139273 9.999E-05 0.0304721
9.9937E-05 0.997004 9.9937E-05 9.9937E-05 9.9937E-05 0.00229648 9.9937E-05 9.9937E-05 9.9937E-05
9.9955E-05 0.939074 0.0320519 9.9955E-05 9.9955E-05 9.9955E-05 0.0196903 9.9955E-05 0.00868358
0.0225876 0.840858 0.00663729 0.0055551 9.9973E-05 9.9973E-05 0.0516928 0.0723689 9.9973E-05
9.99461E-05 0.984833 9.99461E-05 9.99461E-05 9.99461E-05 0.00543107 9.99461E-05 9.99461E-05 0.00913634
9.993E-05 0.999201 9.993E-05 9.993E-05 9.993E-05 9.993E-05 9.993E-05 9.993E-05 9.993E-05
9.99371E-05 0.99798 9.99371E-05 9.99371E-05 0.00132024 9.99371E-05 9.99371E-05 9.99371E-05 9.99371E-05
0.0092519 0.947342 0.00518715 9.9964E-05 0.0036883 9.9964E-05 9.9964E-05 0.0341304 9.9964E-05
0.0335628 0.878422 9.996E-05 0.0510314 9.996E-05 0.00260218 9.996E-05 0.0339819 9.996E-05
9.9946E-05 0.987165 9.9946E-05 9.9946E-05 0.0098037 9.9946E-05 9.9946E-05 0.00243188 9.9946E-05
9.993E-05 0.999201 9.993E-05 9.993E-05 9.993E-05 9.993E-05 9.993E-05 9.993E-05 9.993E-05
0.093117 0.0359473 9.9982E-05 0.462954 0.0775952 0.0618172 9.9982E-05 0.0431051 0.225264
9.9973E-05 0.890423 9.9973E-05 0.000502544 0.0485382 9.9973E-05 0.0160901 0.043684 0.000462441
9.99371E-05 0.997393 9.99371E-05 9.99371E-05 0.00190699 9.99371E-05 9.99371E-05 9.99371E-05 9.99371E-05
9.9955E-05 0.97046 9.9955E-05 0.00237237 9.9955E-05 0.0197781 9.9955E-05 9.9955E-05 0.00688952
9.99371E-05 9.99371E-05 9.99371E-05 0.974275 9.99371E-05 9.99371E-05 9.99371E-05 9.99371E-05 0.0250251
9.9937E-05 9.9937E-05 9.9937E-05 0.997314 9.9937E-05 0.00198598 9.9937E-05 9.9937E-05 9.9937E-05
9.993E-05 9.993E-05 9.993E-05 0.999201 9.993E-05 9.993E-05 9.993E-05 9.993E-05 9.993E-05
9.993E-05 9.993E-05 9.993E-05 0.999201 9.993E-05 9.993E-05 9.993E-05 9.993E-05 9.993E-05
9.9964E-05 0.00233936 9.9964E-05 0.840949 9.9964E-05 0.0467582 9.9964E-05 0.0027101 0.106843
0.138636 9.996E-05 9.996E-05 0.739959 0.0148542 9.996E-05 9.996E-05 0.0670316 0.0391198
0.0781562 0.0403407 9.997E-05 0.806099 0.028471 9.997E-05 9.997E-05 0.0372069 0.00942641
9.9955E-05 0.0484954 9.9955E-05 0.766561 9.9955E-05 9.9955E-05 9.9955E-05 0.0553185 0.129126
9.9955E-05 0.0644832 9.9955E-05 0.903521 9.9955E-05 0.00820503 9.9955E-05 0.0232914 9.9955E-05
9.9964E-05 0.0711581 9.9964E-05 0.897311 9.9964E-05 0.00693152 9.9964E-05 0.0090176 0.015182
0.0604539 0.0279644 9.998E-05 0.764415 0.0211318 0.0342474 9.998E-05 0.0606968 0.0308912
9.9973E-05 0.0809807 9.9973E-05 0.823469 0.000176556 0.000321346 9.9973E-05 0.0841845 0.0105678
9.998E-05 9.998E-05 0.00902196 0.736474 0.037004 0.0502467 0.0560346 0.0454772 0.0655418
0.00588466 0.0422275 9.999E-05 0.748464 0.0212957 0.0147944 0.0559646 0.00744958 0.10382
9.993E-05 9.993E-05 9.993E-05 9.993E-05 9.993E-05 0.999201 9.993E-05 9.993E-05 9.993E-05
9.998E-05 0.102218 9.998E-05 0.597326 0.026038 0.0768488 0.106117 0.00950842 0.081744
9.993E-05 9.993E-05 9.993E-05 9.993E-05 9.993E-05 0.999201 9.993E-05 9.993E-05 9.993E-05
9.993E-05 9.993E-05 9.993E-05 9.993E-05 9.993E-05 0.999201 9.993E-05 9.993E-05 9.993E-05
9.9955E-05 0.0251898 0.0175914 9.9955E-05 9.9955E-05 0.887729 9.9955E-05 0.0689906 9.9955E-05
0.0137314 9.998E-05 0.0172097 0.0706922 0.053023 0.753736 0.0245139 9.998E-05 0.0668939
9.993E-05 9.993E-05 9.993E-05 9.993E-05 9.993E-05 0.999201 9.993E-05 9.993E-05 9.993E-05
9.9964E-05 9.9964E-05 0.00340803 0.0653543 9.9964E-05 0.85505 0.0277742 0.0480139 9.9964E-05
0.0106729 0.0108082 9.9955E-05 9.9955E-05 9.9955E-05 0.952033 0.0259858 9.9955E-05 9.9955E-05
9.9964E-05 0.00445462 9.9964E-05 9.9964E-05 0.00300354 0.976169 0.00167813 9.9964E-05 0.0142954
9.9937E-05 9.9937E-05 0.0194803 9.9937E-05 9.9937E-05 0.97982 9.9937E-05 9.9937E-05 9.9937E-05
9.9964E-05 9.9964E-05 9.9964E-05 0.00491924 0.0102101 0.920066 0.0419991 9.9964E-05 0.0224054
9.9946E-05 0.0151581 9.9946E-05 9.9946E-05 9.9946E-05 0.980641 9.9946E-05 9.9946E-05 0.00360116
9.998E-05 0.0168263 9.998E-05 0.0405529 0.040624 0.829905 0.00655956 0.0270395 0.0382927
0.00204536 0.0038629 0.00358378 9.9964E-05 9.9964E-05 0.97943 9.9964E-05 0.0106779 9.9964E-05
9.998E-05 0.0199883 9.998E-05 0.0413977 0.000139671 0.874945 0.0136394 0.0456167 0.00407346
9.9982E-05 0.0166856 0.0022471 0.0446225 0.0218536 0.85048 9.9982E-05 0.0117917 0.0521195
0.00566085 0.00810421 0.0319528 9.998E-05 0.0275214 0.893906 0.00690514 0.02575 9.998E-05
9.9955E-05 9.9955E-05 0.00439018 0.0357865 9.9955E-05 0.95135 0.0079737 9.9955E-05 9.9955E-05
9.9973E-05 0.0102121 9.9973E-05 0.014714 0.0240378 0.0125135 9.9973E-05 0.0187814 0.919441
9.9964E-05 0.00672748 0.0119894 9.9964E-05 0.0383669 9.9964E-05 9.9964E-05 0.0895051 0.853011
9.993E-05 9.993E-05 9.993E-05 9.993E-05 9.993E-05 9.993E-05 9.993E-05 9.993E-05 0.999201
0.00595141 9.9946E-05 9.9946E-05 9.9946E-05 0.0110479 9.9946E-05 9.9946E-05 9.9946E-05 0.982401
9.993E-05 9.993E-05 9.993E-05 9.993E-05 9.993E-05 9.993E-05 9.993E-05 9.993E-05 0.999201
9.9946E-05 0.00797043 9.9946E-05 0.0133626 9.9946E-05 9.9946E-05 9.9946E-05 9.9946E-05 0.978067
9.99371E-05 9.99371E-05 9.99371E-05 9.99371E-05 0.00883719 9.99371E-05 9.99371E-05 9.99371E-05 0.990463
0.0316149 9.997E-05 0.0510851 0.0213032 9.997E-05 9.997E-05 0.0377768 0.080989 0.776931
9.9937E-05 9.9937E-05 9.9937E-05 9.9937E-05 9.9937E-05 0.00909126 9.9937E-05 9.9937E-05 0.990209
9.993E-05 9.993E-05 9.993E-05 9.993E-05 9.993E-05 9.993E-05 9.993E-05 9.993E-05 0.999201
9.9955E-05 0.070727 0.0214865 9.9955E-05 9.9955E-05 9.9955E-05 9.9955E-05 0.103081 0.804206
9.993E-05 9.993E-05 9.993E-05 9.993E-05 9.993E-05 9.993E-05 9.993E-05 9.993E-05 0.999201
9.997E-05 9.997E-05 9.997E-05 0.0719856 0.00253554 0.0754058 0.0776091 0.052006 0.720158
9.999E-05 0.0198188 0.0605748 0.452391 0.238434 0.0502333 0.0824142 0.0799286 0.016105
0.033281 9.999E-05 0.0222041 0.418339 0.169959 0.0863195 0.083778 0.121787 0.0642321
9.998E-05 0.0474837 0.0432739 0.369941 0.220209 0.0663366 0.12541 0.127146 9.998E-05
9.998E-05 9.998E-05 0.0499435 0.451839 0.17436 0.0198697 0.168377 0.10292 0.0324919
0.0483002 0.0020377 9.9964E-05 9.9964E-05 0.0109419 9.9964E-05 9.9964E-05 0.880443 0.0578775
9.993E-05 9.993E-05 9.993E-05 9.993E-05 9.993E-05 9.993E-05 9.993E-05 0.999201 9.993E-05
9.9946E-05 9.9946E-05 9.9946E-05 9.9946E-05 0.00319291 0.00420816 9.9946E-05 0.991999 9.9946E-05
9.993E-05 9.993E-05 9.993E-05 9.993E-05 9.993E-05 9.993E-05 9.993E-05 0.999201 9.993E-05
9.9937E-05 9.9937E-05 9.9937E-05 9.9937E-05 0.0344176 9.9937E-05 9.9937E-05 0.964883 9.9937E-05
9.996E-05 0.0272625 9.996E-05 0.0304052 0.0285518 0.00845287 9.996E-05 0.904928 9.996E-05
0.00077734 9.9982E-05 0.00290175 0.0329996 0.0188836 0.00545114 0.00748853 0.931298 9.9982E-05
0.0681363 0.0195084 0.04029 0.137458 9.9973E-05 9.9973E-05 9.9973E-05 0.709954 0.0243532
0.0173943 0.00126593 0.0266586 0.115024 0.0383591 0.000105991 9.998E-05 0.800992 9.998E-05
9.9955E-05 9.9955E-05 9.9955E-05 0.0511477 0.923612 9.9955E-05 9.9955E-05 0.00185622 0.0228843
9.993E-05 9.993E-05 9.993E-05 9.993E-05 0.999201 9.993E-05 9.993E-05 9.993E-05 9.993E-05
9.993E-05 9.993E-05 9.993E-05 9.993E-05 0.999201 9.993E-05 9.993E-05 9.993E-05 9.993E-05
9.993E-05 9.993E-05 9.993E-05 9.993E-05 0.999201 9.993E-05 9.993E-05 9.993E-05 9.993E-05
9.993E-05 9.993E-05 9.993E-05 9.993E-05 0.999201 9.993E-05 9.993E-05 9.993E-05 9.993E-05
0.0258611 9.9973E-05 0.0165308 0.0826109 0.853383 0.00892806 9.9973E-05 0.0123864 9.9973E-05
9.993E-05 9.993E-05 9.993E-05 9.993E-05 0.999201 9.993E-05 9.993E-05 9.993E-05 9.993E-05
9.993E-05 9.993E-05 9.993E-05 9.993E-05 0.999201 9.993E-05 9.993E-05 9.993E-05 9.993E-05
9.9964E-05 9.9964E-05 0.0010645 9.9964E-05 0.985708 0.0101697 9.9964E-05 0.000188659 0.00246901
9.997E-05 0.018709 9.997E-05 0.0340611 0.916129 0.0123487 0.0077472 9.997E-05 0.0107048
9.993E-05 9.993E-05 9.993E-05 9.993E-05 0.999201 9.993E-05 9.993E-05 9.993E-05 9.993E-05
9.99371E-05 9.99371E-05 9.99371E-05 9.99371E-05 0.993267 9.99371E-05 9.99371E-05 9.99371E-05 0.00603295
