9.98921E-05 9.98921E-05 9.98921E-05 9.98921E-05 0.998801 9.98921E-05 9.98921E-05 9.98921E-05 9.98921E-05 9.98921E-05 9.98921E-05 9.98921E-05 9.98921E-05
0.275868 0.0214473 0.0788133 9.9937E-05 0.513154 0.0118024 9.9937E-05 9.9937E-05 9.9937E-05 9.9937E-05 9.9937E-05 0.0982156 9.9937E-05
9.98921E-05 9.98921E-05 9.98921E-05 9.98921E-05 9.98921E-05 0.998801 9.98921E-05 9.98921E-05 9.98921E-05 9.98921E-05 9.98921E-05 9.98921E-05 9.98921E-05
9.9919E-05 0.00853664 9.9919E-05 9.9919E-05 9.9919E-05 0.864975 9.9919E-05 9.9919E-05 9.9919E-05 0.0659868 9.9919E-05 9.9919E-05 0.0596024
0.920012 9.99011E-05 9.99011E-05 9.99011E-05 9.99011E-05 9.99011E-05 9.99011E-05 9.99011E-05 9.99011E-05 9.99011E-05 0.0788895 9.99011E-05 9.99011E-05
0.0385049 9.9928E-05 9.9928E-05 0.0313829 0.76899 0.00805798 9.9928E-05 9.9928E-05 9.9928E-05 9.9928E-05 9.9928E-05 9.9928E-05 0.152265
0.0169622 0.0152567 9.9928E-05 0.0399943 0.870491 9.9928E-05 9.9928E-05 9.9928E-05 0.0564963 9.9928E-05 9.9928E-05 9.9928E-05 9.9928E-05
0.998801 9.98921E-05 9.98921E-05 9.98921E-05 9.98921E-05 9.98921E-05 9.98921E-05 9.98921E-05 9.98921E-05 9.98921E-05 9.98921E-05 9.98921E-05 9.98921E-05
0.102969 9.9955E-05 0.0219449 9.9955E-05 0.233287 0.302989 0.00792431 0.291864 0.0370679 0.00145402 9.9955E-05 9.9955E-05 9.9955E-05
0.341283 0.0694367 0.103211 0.109036 0.0376421 0.117536 0.145659 9.9955E-05 9.9955E-05 0.0756964 9.9955E-05 9.9955E-05 9.9955E-05
9.99011E-05 9.99011E-05 9.99011E-05 9.99011E-05 9.99011E-05 9.99011E-05 9.99011E-05 9.99011E-05 9.99011E-05 9.99011E-05 0.968881 9.99011E-05 0.0300201
9.99101E-05 9.99101E-05 9.99101E-05 0.907493 9.99101E-05 9.99101E-05 9.99101E-05 9.99101E-05 9.99101E-05 9.99101E-05 0.0683968 0.0231112 9.99101E-05
0.039977 9.99191E-05 9.99191E-05 0.887239 0.0491527 9.99191E-05 9.99191E-05 9.99191E-05 9.99191E-05 9.99191E-05 0.0227317 9.99191E-05 9.99191E-05
9.9928E-05 0.0196885 9.9928E-05 0.906871 9.9928E-05 0.0260954 0.0200404 9.9928E-05 9.9928E-05 0.0265057 9.9928E-05 9.9928E-05 9.9928E-05
9.9946E-05 0.0251641 9.9946E-05 0.26292 0.0599106 0.0407908 0.0639497 9.9946E-05 9.9946E-05 9.9946E-05 0.460956 9.9946E-05 0.0857091
9.9937E-05 0.0151399 9.9937E-05 0.386813 9.9937E-05 0.00944036 9.9937E-05 9.9937E-05 9.9937E-05 9.9937E-05 0.0318733 0.263541 0.292494
0.00298317 9.991E-05 9.991E-05 9.991E-05 9.991E-05 9.991E-05 9.991E-05 9.991E-05 9.991E-05 9.991E-05 0.0189946 9.991E-05 0.977023
9.9964E-05 0.0160237 0.173402 9.9964E-05 9.9964E-05 0.0196758 0.0470153 0.0568505 0.0127676 9.9964E-05 0.0787606 0.0827474 0.512358
9.9946E-05 9.9946E-05 0.000360643 0.479722 9.9946E-05 9.9946E-05 0.117682 0.023999 0.030654 9.9946E-05 0.266089 9.9946E-05 0.0808939
9.9928E-05 9.9928E-05 9.9928E-05 0.0917393 9.9928E-05 0.0608045 9.9928E-05 0.0509262 0.00844746 9.9928E-05 9.9928E-05 9.9928E-05 0.787283
9.9937E-05 9.9937E-05 0.0913578 0.210864 0.0224827 0.0787053 0.0744597 9.9937E-05 9.9937E-05 9.9937E-05 9.9937E-05 9.9937E-05 0.521431
9.9892E-05 9.9892E-05 9.9892E-05 9.9892E-05 9.9892E-05 9.9892E-05 9.9892E-05 9.9892E-05 9.9892E-05 9.9892E-05 9.9892E-05 0.998801 9.9892E-05
9.9937E-05 0.0102778 9.9937E-05 9.9937E-05 0.0654413 0.00337478 9.9937E-05 9.9937E-05 9.9937E-05 9.9937E-05 0.024403 0.0302067 0.865597
9.99011E-05 9.99011E-05 0.0575977 9.99011E-05 9.99011E-05 9.99011E-05 9.99011E-05 9.99011E-05 9.99011E-05 9.99011E-05 9.99011E-05 9.99011E-05 0.941303
9.9928E-05 9.9928E-05 0.169026 0.777583 9.9928E-05 9.9928E-05 0.0109739 9.9928E-05 9.9928E-05 9.9928E-05 0.0224264 0.0191916 9.9928E-05
9.9937E-05 0.00159909 0.0642468 0.698882 0.0826029 9.9937E-05 0.0615976 0.0903724 9.9937E-05 9.9937E-05 9.9937E-05 9.9937E-05 9.9937E-05
9.9937E-05 9.9937E-05 9.9937E-05 9.9937E-05 9.9937E-05 9.9937E-05 0.00137627 0.124253 9.9937E-05 0.212139 0.593689 0.0200941 0.047749
0.0241027 0.00875201 0.226006 0.027161 9.9955E-05 0.0526648 9.9955E-05 9.9955E-05 0.0268805 9.9955E-05 0.54453 0.089403 9.9955E-05
9.9964E-05 9.9964E-05 0.14461 0.152331 0.0525044 9.9964E-05 0.0758886 0.0652962 0.0198866 9.9964E-05 0.448682 0.00917765 0.0312235
9.98921E-05 9.98921E-05 9.98921E-05 9.98921E-05 9.98921E-05 9.98921E-05 9.98921E-05 9.98921E-05 9.98921E-05 9.98921E-05 0.998801 9.98921E-05 9.98921E-05
9.9901E-05 9.9901E-05 9.9901E-05 9.9901E-05 9.9901E-05 9.9901E-05 9.9901E-05 0.990335 0.00856643 9.9901E-05 9.9901E-05 9.9901E-05 9.9901E-05
9.98921E-05 9.98921E-05 9.98921E-05 9.98921E-05 9.98921E-05 9.98921E-05 9.98921E-05 0.998801 9.98921E-05 9.98921E-05 9.98921E-05 9.98921E-05 9.98921E-05
9.9928E-05 9.9928E-05 0.0609985 9.9928E-05 9.9928E-05 0.0347915 0.715675 9.9928E-05 0.0945342 9.9928E-05 9.9928E-05 0.0932011 9.9928E-05
9.9919E-05 9.9919E-05 9.9919E-05 9.9919E-05 9.9919E-05 9.9919E-05 0.873228 9.9919E-05 0.0236252 0.0978015 9.9919E-05 9.9919E-05 0.00444644
9.9928E-05 9.9928E-05 9.9928E-05 0.102694 9.9928E-05 0.00144764 0.555056 0.166613 9.9928E-05 9.9928E-05 0.17339 9.9928E-05 9.9928E-05
9.99011E-05 9.99011E-05 9.99011E-05 9.99011E-05 0.030669 9.99011E-05 0.968232 9.99011E-05 9.99011E-05 9.99011E-05 9.99011E-05 9.99011E-05 9.99011E-05
0.162106 9.9955E-05 9.9955E-05 0.0024496 0.00176481 0.0220444 0.743862 9.9955E-05 0.0189928 9.9955E-05 9.9955E-05 0.0451654 0.00311565
9.9937E-05 9.9937E-05 0.115329 9.9937E-05 0.000111409 9.9937E-05 0.653507 0.0504494 9.9937E-05 0.0181702 9.9937E-05 9.9937E-05 0.161734
9.991E-05 0.00745714 9.991E-05 9.991E-05 9.991E-05 9.991E-05 0.93063 9.991E-05 9.991E-05 0.0609137 9.991E-05 9.991E-05 9.991E-05
9.9937E-05 0.0388076 0.128506 9.9937E-05 9.9937E-05 9.9937E-05 0.541552 9.9937E-05 9.9937E-05 0.0362041 0.166433 0.0877974 9.9937E-05
0.00949619 9.99191E-05 0.0201852 9.99191E-05 9.99191E-05 9.99191E-05 0.624965 0.344454 9.99191E-05 9.99191E-05 9.99191E-05 9.99191E-05 9.99191E-05
9.996E-05 9.996E-05 0.258858 0.0594164 0.0162423 0.069787 0.250874 9.996E-05 0.199987 0.0778269 0.0463405 9.996E-05 0.0202684
0.0177387 9.9955E-05 0.223379 9.9955E-05 9.9955E-05 0.0542379 0.441288 0.119546 0.0119882 9.9955E-05 0.115918 0.0154048 9.9955E-05
9.9955E-05 0.0159166 0.0375127 0.00161709 9.9955E-05 9.9955E-05 0.793127 9.9955E-05 0.0537897 0.0313704 0.0357411 9.9955E-05 0.0304258
9.99281E-05 9.99281E-05 0.0559854 0.014118 9.99281E-05 0.080431 9.99281E-05 0.0311148 9.99281E-05 0.817551 9.99281E-05 9.99281E-05 9.99281E-05
0.0180075 0.00983713 0.0232197 0.085845 9.9955E-05 9.9955E-05 9.9955E-05 0.0417849 0.749832 0.0565957 0.0143783 9.9955E-05 9.9955E-05
9.99281E-05 0.0352797 9.99281E-05 9.99281E-05 0.0204178 9.99281E-05 0.184726 9.99281E-05 0.711554 9.99281E-05 9.99281E-05 9.99281E-05 0.0472229
9.98921E-05 9.98921E-05 9.98921E-05 9.98921E-05 9.98921E-05 9.98921E-05 9.98921E-05 9.98921E-05 0.998801 9.98921E-05 9.98921E-05 9.98921E-05 9.98921E-05
0.0120972 9.9946E-05 9.9946E-05 0.173608 9.9946E-05 0.112848 0.0819861 0.0421759 0.527906 9.9946E-05 9.9946E-05 0.0487791 9.9946E-05
0.0587956 9.9964E-05 0.0735046 0.0459007 9.9964E-05 0.0414876 0.310161 0.0260244 0.3914 0.00986563 0.0424612 9.9964E-05 9.9964E-05
9.9955E-05 0.00256995 0.0622217 9.9955E-05 9.9955E-05 9.9955E-05 0.0028959 0.0235276 0.384984 0.462864 9.9955E-05 0.0129236 0.047513
9.98921E-05 9.98921E-05 9.98921E-05 9.98921E-05 9.98921E-05 9.98921E-05 9.98921E-05 9.98921E-05 9.98921E-05 0.998801 9.98921E-05 9.98921E-05 9.98921E-05
9.99191E-05 9.99191E-05 0.149068 0.00351122 9.99191E-05 9.99191E-05 9.99191E-05 9.99191E-05 0.0340735 0.812447 9.99191E-05 9.99191E-05 9.99191E-05
9.9928E-05 9.9928E-05 0.0338012 9.9928E-05 9.9928E-05 9.9928E-05 0.0218094 0.00387539 9.9928E-05 0.903746 9.9928E-05 0.035969 9.9928E-05
9.98921E-05 9.98921E-05 9.98921E-05 9.98921E-05 9.98921E-05 9.98921E-05 9.98921E-05 9.98921E-05 0.998801 9.98921E-05 9.98921E-05 9.98921E-05 9.98921E-05
9.99101E-05 0.0205836 9.99101E-05 9.99101E-05 9.99101E-05 9.99101E-05 9.99101E-05 9.99101E-05 0.934398 9.99101E-05 0.0440191 9.99101E-05 9.99101E-05
0.0545991 0.0395972 0.667623 0.0116978 9.9964E-05 0.025595 9.9964E-05 9.9964E-05 0.0508389 0.0173732 9.9964E-05 0.0113397 0.120936
0.0678881 9.9946E-05 0.549901 9.9946E-05 9.9946E-05 9.9946E-05 0.0224602 0.0152619 0.0956533 9.9946E-05 0.160916 0.0873197 9.9946E-05
0.0123922 0.0162663 0.644274 9.9964E-05 0.000171538 0.0578039 9.9964E-05 0.117409 0.0485967 0.0800584 9.9964E-05 0.0226273 9.9964E-05
0.090538 9.9955E-05 0.597733 9.9955E-05 0.0516546 9.9955E-05 0.0141733 0.034342 0.0677307 9.9955E-05 0.0273207 0.116008 9.9955E-05
9.9928E-05 9.9928E-05 0.737085 9.9928E-05 9.9928E-05 9.9928E-05 9.9928E-05 0.0855754 0.00825717 0.0888289 9.9928E-05 9.9928E-05 0.0794542
9.99281E-05 0.0575824 0.40573 9.99281E-05 9.99281E-05 0.0881576 0.381651 9.99281E-05 0.0660791 9.99281E-05 9.99281E-05 9.99281E-05 9.99281E-05
0.0389088 9.9937E-05 0.651974 9.9937E-05 9.9937E-05 9.9937E-05 0.199456 9.9937E-05 0.0630954 0.0457213 9.9937E-05 9.9937E-05 0.00014486
9.99102E-05 0.0139138 0.982944 9.99102E-05 9.99102E-05 9.99102E-05 9.99102E-05 0.00214348 9.99102E-05 9.99102E-05 9.99102E-05 9.99102E-05 9.99102E-05
9.9937E-05 0.0109018 0.858463 0.00755975 9.9937E-05 9.9937E-05 0.0746553 9.9937E-05 0.00728156 9.9937E-05 9.9937E-05 0.040439 9.9937E-05
9.98922E-05 9.98922E-05 0.998801 9.98922E-05 9.98922E-05 9.98922E-05 9.98922E-05 9.98922E-05 9.98922E-05 9.98922E-05 9.98922E-05 9.98922E-05 9.98922E-05
9.99101E-05 9.99101E-05 0.920346 0.0226071 9.99101E-05 9.99101E-05 0.0560477 9.99101E-05 9.99101E-05 9.99101E-05 9.99101E-05 9.99101E-05 9.99101E-05
9.991E-05 9.991E-05 0.954054 9.991E-05 9.991E-05 9.991E-05 9.991E-05 9.991E-05 9.991E-05 9.991E-05 0.0325237 0.012423 9.991E-05
9.99101E-05 0.00698995 0.977918 9.99101E-05 9.99101E-05 9.99101E-05 9.99101E-05 9.99101E-05 9.99101E-05 9.99101E-05 9.99101E-05 0.0140931 9.99101E-05
9.991E-05 9.991E-05 0.95515 9.991E-05 9.991E-05 0.00400653 9.991E-05 9.991E-05 0.039844 9.991E-05 9.991E-05 9.991E-05 9.991E-05
9.99012E-05 9.99012E-05 0.946437 9.99012E-05 9.99012E-05 9.99012E-05 0.0524645 9.99012E-05 9.99012E-05 9.99012E-05 9.99012E-05 9.99012E-05 9.99012E-05
0.0841909 0.00806776 0.62858 0.0369445 9.99371E-05 9.99371E-05 0.159537 0.0819801 9.99371E-05 9.99371E-05 9.99371E-05 9.99371E-05 9.99371E-05
0.0640054 9.99101E-05 0.91877 9.99101E-05 9.99101E-05 9.99101E-05 9.99101E-05 9.99101E-05 0.0162259 9.99101E-05 9.99101E-05 9.99101E-05 9.99101E-05
0.00216201 0.0450026 0.606631 0.0515314 0.0199074 9.9946E-05 0.0976761 9.9946E-05 9.9946E-05 0.17649 9.9946E-05 9.9946E-05 9.9946E-05
9.9955E-05 0.545631 0.257971 9.9955E-05 9.9955E-05 0.0109334 9.9955E-05 0.000656067 0.0348606 0.0798594 9.9955E-05 0.0263245 0.0432645
9.98921E-05 0.998801 9.98921E-05 9.98921E-05 9.98921E-05 9.98921E-05 9.98921E-05 9.98921E-05 9.98921E-05 9.98921E-05 9.98921E-05 9.98921E-05 9.98921E-05
0.0123134 0.0493587 0.635012 9.9955E-05 0.0258753 9.9955E-05 0.125276 9.9955E-05 0.0100543 0.0411244 0.100486 9.9955E-05 9.9955E-05
