9.99201E-05 9.99201E-05 9.99201E-05 9.99201E-05 9.99201E-05 0.999101 9.99201E-05 9.99201E-05 9.99201E-05 9.99201E-05
0.055544 0.0930843 9.9946E-05 9.9946E-05 9.9946E-05 0.244775 9.9946E-05 9.9946E-05 0.605997 9.9946E-05
0.0978645 0.074197 9.9946E-05 9.9946E-05 9.9946E-05 0.245419 9.9946E-05 9.9946E-05 0.58192 9.9946E-05
9.9955E-05 9.9955E-05 9.9955E-05 0.141405 9.9955E-05 0.208836 0.0519758 9.9955E-05 0.574668 0.0226152
9.9955E-05 9.9955E-05 9.9955E-05 0.0887658 0.0579524 0.0910105 9.9955E-05 0.0655594 0.696212 9.9955E-05
0.0246577 9.9964E-05 9.9964E-05 0.134822 9.9964E-05 0.161615 0.0387825 9.9964E-05 0.611983 0.0277409
9.9937E-05 9.9937E-05 9.9937E-05 9.9937E-05 9.9937E-05 0.265262 9.9937E-05 9.9937E-05 0.713313 0.0207249
0.0965065 0.0149553 9.9973E-05 0.0558335 9.9973E-05 0.279834 0.0416832 9.9973E-05 0.491962 0.0189254
0.0568434 0.0558505 9.9973E-05 0.0545794 9.9973E-05 0.17674 9.9973E-05 0.0158138 0.628198 0.0116752
9.99201E-05 9.99201E-05 9.99201E-05 9.99201E-05 9.99201E-05 0.999101 9.99201E-05 9.99201E-05 9.99201E-05 9.99201E-05
9.99201E-05 9.99201E-05 9.99201E-05 9.99201E-05 9.99201E-05 0.999101 9.99201E-05 9.99201E-05 9.99201E-05 9.99201E-05
9.99201E-05 9.99201E-05 9.99201E-05 9.99201E-05 9.99201E-05 0.999101 9.99201E-05 9.99201E-05 9.99201E-05 9.99201E-05
9.9928E-05 0.0167952 9.9928E-05 9.9928E-05 9.9928E-05 0.982405 9.9928E-05 9.9928E-05 9.9928E-05 9.9928E-05
9.9946E-05 9.9946E-05 9.9946E-05 0.0175031 0.0577306 0.91398 9.9946E-05 9.9946E-05 9.9946E-05 0.0101869
9.9946E-05 9.9946E-05 0.00803554 0.0284273 0.0250874 0.93785 9.9946E-05 9.9946E-05 9.9946E-05 9.9946E-05
0.0193363 0.00868159 0.0526991 0.243674 9.9982E-05 0.166661 9.9982E-05 0.0147636 0.475562 0.0184226
0.0516562 0.0617322 0.0567918 0.0635255 0.0589308 0.217086 9.9991E-05 0.0581922 0.354698 0.0772877
9.9964E-05 0.044216 9.9964E-05 0.0819963 9.9964E-05 0.193512 0.0231503 9.9964E-05 0.643247 0.0134788
9.9964E-05 0.000212522 9.9964E-05 0.0363348 0.101163 9.9964E-05 9.9964E-05 0.00893451 0.844858 0.00809784
9.9964E-05 9.9964E-05 0.0275547 9.9964E-05 0.0428797 9.9964E-05 0.0678323 0.00570468 0.838724 0.0169049
9.9955E-05 0.0129093 9.9955E-05 9.9955E-05 9.9955E-05 0.0180115 0.00928918 0.0597578 0.899532 9.9955E-05
0.0549395 9.9973E-05 0.0271762 0.0170548 0.102199 9.9973E-05 0.0327106 9.9973E-05 0.738968 0.0266513
0.0347761 9.9955E-05 9.9955E-05 9.9955E-05 0.0903327 9.9955E-05 9.9955E-05 0.0198361 0.847159 0.0073958
0.0370996 9.9955E-05 0.0399896 9.9955E-05 0.0142074 9.9955E-05 9.9955E-05 9.9955E-05 0.902392 0.00581172
9.9955E-05 0.0148858 0.0194351 9.9955E-05 9.9955E-05 9.9955E-05 9.9955E-05 0.0176789 0.875198 0.0723027
9.9955E-05 9.9955E-05 0.0350482 0.17027 9.9955E-05 9.9955E-05 0.119712 0.0506325 0.623838 9.9955E-05
0.0639261 9.9964E-05 9.9964E-05 0.0728091 0.0330604 9.9964E-05 0.0380523 0.0950951 0.696657 9.9964E-05
0.0269765 9.9946E-05 0.0112492 0.0791078 9.9946E-05 9.9946E-05 9.9946E-05 9.9946E-05 0.882067 9.9946E-05
0.00379659 9.9982E-05 0.02969 0.102327 0.0199212 0.034247 0.0962459 0.0215213 0.692051 9.9982E-05
0.00853105 9.9955E-05 9.9955E-05 0.0198254 9.9955E-05 0.0310686 0.0245145 9.9955E-05 0.915561 9.9955E-05
9.9973E-05 0.00205654 0.00366312 9.9973E-05 0.0302923 0.00699763 0.0304507 0.033473 0.892767 9.9973E-05
0.0287412 0.0331514 0.0675039 9.9964E-05 9.9964E-05 9.9964E-05 9.9964E-05 0.0256594 0.733036 0.111509
0.0842397 0.0115564 0.0122287 9.9955E-05 9.9955E-05 9.9955E-05 0.176212 9.9955E-05 0.715263 9.9955E-05
0.0851237 9.9973E-05 0.0944884 9.9973E-05 0.0204135 0.047259 0.159748 9.9973E-05 0.558931 0.0337364
0.02274 9.9955E-05 0.0254903 9.9955E-05 0.160507 9.9955E-05 9.9955E-05 9.9955E-05 0.778593 0.01217
9.9937E-05 9.9937E-05 9.9937E-05 9.9937E-05 9.9937E-05 0.0315079 0.0156462 9.9937E-05 0.952146 9.9937E-05
9.9955E-05 9.9955E-05 9.9955E-05 0.199212 0.0418879 9.9955E-05 0.170557 9.9955E-05 0.455508 0.132335
0.0190391 9.9964E-05 9.9964E-05 0.0276249 0.0390589 9.9964E-05 0.292776 0.0504887 0.570612 9.9964E-05
0.0733519 0.0257037 9.9973E-05 0.042974 9.9973E-05 9.9973E-05 0.200768 0.0704789 0.528635 0.057788
9.9964E-05 9.9964E-05 0.0236439 9.9964E-05 0.0270054 9.9964E-05 0.333443 0.0306793 0.528826 0.0560026
0.0282393 0.0356923 0.0179606 0.83316 9.9973E-05 9.9973E-05 0.0397959 0.021442 0.0234101 9.9973E-05
0.062015 0.0160377 0.0268057 0.741448 9.9982E-05 0.0246126 0.037573 0.0224804 0.0688271 9.9982E-05
0.0567684 0.0258272 0.0500146 0.615248 9.9964E-05 0.0448597 9.9964E-05 9.9964E-05 0.206883 9.9964E-05
0.0425692 0.0124198 9.9964E-05 0.832064 9.9964E-05 9.9964E-05 0.0374564 0.0346181 0.0404723 9.9964E-05
0.0720798 9.9973E-05 0.0718548 0.239218 9.9973E-05 9.9973E-05 0.175164 0.0555673 0.234377 0.151439
9.99201E-05 9.99201E-05 9.99201E-05 9.99201E-05 9.99201E-05 9.99201E-05 9.99201E-05 9.99201E-05 9.99201E-05 0.999101
9.99201E-05 9.99201E-05 9.99201E-05 9.99201E-05 9.99201E-05 9.99201E-05 9.99201E-05 9.99201E-05 9.99201E-05 0.999101
0.038435 9.9982E-05 0.0692869 0.300057 0.0422568 9.9982E-05 0.0335802 0.0141258 0.342482 0.159576
0.022421 9.9982E-05 0.0602327 0.318748 9.9982E-05 0.0724267 0.100959 0.081781 0.180351 0.162881
0.00291166 0.0424101 0.0904845 0.288141 9.9982E-05 0.0656522 0.0143269 9.9982E-05 0.413381 0.0824926
0.0145722 0.00553551 9.9982E-05 0.166731 9.9982E-05 0.0380861 0.286384 0.0478857 0.253497 0.187108
0.0473838 9.9982E-05 0.0193499 0.427402 0.0313829 9.9982E-05 0.0676224 0.02052 0.192237 0.193901
0.0120212 0.0104318 0.0114241 0.000622651 0.0197669 0.0143731 0.0299392 0.0462469 0.0264224 0.828752
9.9982E-05 9.9982E-05 0.0119251 0.15262 0.0545234 0.0638045 0.387711 0.0282576 0.159808 0.14115
9.999E-05 0.0194107 0.0423665 0.0740119 0.0250096 0.0519533 0.385406 0.017147 0.224958 0.159637
0.12297 0.0194887 0.0891556 0.330628 9.9973E-05 9.9973E-05 0.102251 9.9973E-05 0.171688 0.163518
0.0572123 9.9982E-05 0.0499829 0.0784052 9.9982E-05 0.0923539 0.268034 0.0828653 0.135388 0.235559
9.9982E-05 0.0468834 0.0642768 0.243765 0.0139383 9.9982E-05 0.130961 0.0992155 0.206927 0.193832
9.99201E-05 9.99201E-05 9.99201E-05 9.99201E-05 9.99201E-05 9.99201E-05 9.99201E-05 9.99201E-05 9.99201E-05 0.999101
9.9973E-05 0.023645 9.9973E-05 0.138529 9.9973E-05 0.0384211 0.233461 0.110014 0.29876 0.15687
9.9973E-05 0.018264 0.117117 0.084546 0.0445468 9.9973E-05 9.9973E-05 0.0519162 0.176277 0.507034
9.999E-05 0.0178085 0.126197 0.320919 0.0454492 0.0107412 0.205353 0.000832921 0.112853 0.159745
0.0325011 0.000681576 0.0264158 0.476052 9.9991E-05 0.0173178 0.181221 0.0695885 0.128017 0.0681056
0.0122045 9.9946E-05 9.9946E-05 0.924976 0.0416627 9.9946E-05 9.9946E-05 0.0205567 9.9946E-05 9.9946E-05
9.9973E-05 9.9973E-05 0.0878226 0.301672 9.9973E-05 0.0137802 0.183734 0.027328 0.152454 0.23291
9.9928E-05 9.9928E-05 9.9928E-05 0.971022 0.0281783 9.9928E-05 9.9928E-05 9.9928E-05 9.9928E-05 9.9928E-05
9.9955E-05 0.00611663 9.9955E-05 0.605608 9.9955E-05 9.9955E-05 0.32472 0.00240915 9.9955E-05 0.0606469
0.00410963 9.9946E-05 0.034202 0.878597 0.0824919 9.9946E-05 9.9946E-05 9.9946E-05 9.9946E-05 9.9946E-05
0.00488752 9.9982E-05 0.0104682 0.520548 0.0101508 9.9982E-05 0.110905 0.025893 0.302798 0.0141488
9.99201E-05 9.99201E-05 9.99201E-05 0.999101 9.99201E-05 9.99201E-05 9.99201E-05 9.99201E-05 9.99201E-05 9.99201E-05
0.0337706 0.0910724 0.0197303 0.422748 9.9982E-05 0.0346547 0.0817832 9.9982E-05 0.0996805 0.21636
0.0457294 9.9973E-05 0.0333445 0.402652 9.9973E-05 9.9973E-05 0.332243 0.0237273 0.079406 0.0825976
9.9964E-05 9.9964E-05 9.9964E-05 0.753103 9.9964E-05 0.0886216 0.0583935 0.0506177 0.030666 0.0181986
9.9955E-05 9.9955E-05 9.9955E-05 0.760091 9.9955E-05 0.0593298 0.113287 0.0536424 9.9955E-05 0.0131499
9.9982E-05 9.9982E-05 0.119818 0.4214 0.0333545 0.0649674 0.240501 0.0270009 0.0311245 0.061633
9.9973E-05 9.9973E-05 9.9973E-05 0.552075 0.0329944 0.0066752 0.206049 0.0984574 0.0162331 0.0872153
0.00566585 0.050807 9.9955E-05 0.701019 9.9955E-05 9.9955E-05 0.131925 9.9955E-05 9.9955E-05 0.110083
0.0125533 0.07466 9.9982E-05 0.517751 0.120558 0.00811 0.224343 9.9982E-05 0.035446 0.00637852
9.99371E-05 9.99371E-05 9.99371E-05 9.99371E-05 0.00775876 9.99371E-05 0.971724 9.99371E-05 0.0198178 9.99371E-05
9.99201E-05 9.99201E-05 9.99201E-05 9.99201E-05 9.99201E-05 9.99201E-05 0.999101 9.99201E-05 9.99201E-05 9.99201E-05
9.9937E-05 9.9937E-05 9.9937E-05 9.9937E-05 9.9937E-05 0.0119081 0.959747 9.9937E-05 9.9937E-05 0.0276449
9.9955E-05 0.00134296 9.9955E-05 0.0171096 0.00413401 9.9955E-05 0.975153 9.9955E-05 9.9955E-05 0.00176115
0.00552895 9.9937E-05 9.9937E-05 0.0246511 9.9937E-05 9.9937E-05 0.96912 9.9937E-05 9.9937E-05 9.9937E-05
0.0360484 0.0494481 0.0856071 0.16612 9.9973E-05 9.9973E-05 0.498342 0.0055688 0.158566 9.9973E-05
0.0138171 0.160567 0.0555867 0.142836 9.9991E-05 0.0366797 0.478432 0.0460415 0.0224927 0.0434474
0.0840304 0.120883 0.015559 0.103415 0.00940557 0.00757793 0.538871 0.0128923 0.0583193 0.0490465
0.0602868 0.0470856 0.0665546 0.1157 9.9991E-05 0.0193767 0.408428 0.0613049 0.149161 0.0720027
9.9964E-05 0.0753865 0.0883243 0.145297 9.9964E-05 9.9964E-05 0.489346 0.0546185 0.146628 9.9964E-05
0.0656861 0.0634337 0.0643553 0.121061 0.0345849 0.012983 0.502702 0.0241434 0.061458 0.049592
0.102457 0.0871311 0.0992024 0.179521 0.00883022 9.9991E-05 0.32592 0.129973 0.0510377 0.0158261
0.0681689 0.0547257 0.0488348 0.101762 0.208016 0.0617201 0.300467 9.9991E-05 0.00974891 0.146456
0.0719951 0.0533046 0.0681637 0.147765 0.178143 0.0456854 0.300349 9.9991E-05 0.000455563 0.134039
0.0385626 0.165014 0.0696266 0.0455165 9.9991E-05 0.0668684 0.365042 0.162071 0.00627134 0.0809275
0.00837146 0.990456 9.99371E-05 9.99371E-05 9.99371E-05 9.99371E-05 0.000472807 9.99371E-05 9.99371E-05 9.99371E-05
9.9946E-05 0.914146 0.0160009 0.0349933 9.9946E-05 0.0342605 9.9946E-05 9.9946E-05 9.9946E-05 9.9946E-05
9.9973E-05 0.864811 9.9973E-05 0.0458911 0.0445421 0.0154115 0.000554865 9.9973E-05 0.00263853 0.0258509
9.99201E-05 0.999101 9.99201E-05 9.99201E-05 9.99201E-05 9.99201E-05 9.99201E-05 9.99201E-05 9.99201E-05 9.99201E-05
9.99201E-05 0.999101 9.99201E-05 9.99201E-05 9.99201E-05 9.99201E-05 9.99201E-05 9.99201E-05 9.99201E-05 9.99201E-05
0.00615631 0.993044 9.99281E-05 9.99281E-05 9.99281E-05 9.99281E-05 9.99281E-05 9.99281E-05 9.99281E-05 9.99281E-05
9.99281E-05 0.985972 9.99281E-05 9.99281E-05 9.99281E-05 9.99281E-05 9.99281E-05 9.99281E-05 0.0132284 9.99281E-05
0.0327964 0.907644 9.9964E-05 0.000236449 9.9964E-05 0.00232867 9.9964E-05 9.9964E-05 0.0531375 0.0034568
9.99371E-05 0.992234 9.99371E-05 9.99371E-05 0.0019057 9.99371E-05 9.99371E-05 0.00516061 9.99371E-05 9.99371E-05
9.99371E-05 0.997567 9.99371E-05 9.99371E-05 0.0010504 9.99371E-05 9.99371E-05 0.000682821 9.99371E-05 9.99371E-05
0.0280489 0.062416 0.298923 0.0627435 0.0287571 0.00202939 0.350031 0.0765762 0.0903748 9.9991E-05
9.9973E-05 0.909557 0.00131058 0.0365395 0.0210991 9.9973E-05 0.00227274 0.0214997 9.9973E-05 0.00742192
9.99201E-05 0.999101 9.99201E-05 9.99201E-05 9.99201E-05 9.99201E-05 9.99201E-05 9.99201E-05 9.99201E-05 9.99201E-05
9.99281E-05 0.996721 9.99281E-05 9.99281E-05 0.00247979 9.99281E-05 9.99281E-05 9.99281E-05 9.99281E-05 9.99281E-05
9.99281E-05 9.99281E-05 0.0322686 9.99281E-05 9.99281E-05 9.99281E-05 0.966932 9.99281E-05 9.99281E-05 9.99281E-05
9.9928E-05 9.9928E-05 0.00359637 9.9928E-05 9.9928E-05 9.9928E-05 0.995604 9.9928E-05 9.9928E-05 9.9928E-05
9.99201E-05 9.99201E-05 9.99201E-05 9.99201E-05 9.99201E-05 9.99201E-05 0.999101 9.99201E-05 9.99201E-05 9.99201E-05
0.00809549 9.9928E-05 9.9928E-05 9.9928E-05 9.9928E-05 9.9928E-05 0.991105 9.9928E-05 9.9928E-05 9.9928E-05
0.0463434 0.0178949 0.133384 9.9964E-05 9.9964E-05 9.9964E-05 0.773069 9.9964E-05 0.0255168 0.00339119
9.9946E-05 9.9946E-05 0.07094 9.9946E-05 0.119294 9.9946E-05 0.707218 9.9946E-05 0.101949 9.9946E-05
0.0746217 0.0916713 0.0458794 0.0300521 0.0149866 9.9982E-05 0.667817 0.0126885 9.9982E-05 0.0620838
9.9964E-05 0.0115919 0.0789167 9.9964E-05 0.0681253 9.9964E-05 0.810602 0.0036275 9.9964E-05 0.0267369
0.0469425 0.0595315 0.0102016 9.9964E-05 0.0249023 9.9964E-05 0.838575 0.0194471 9.9964E-05 9.9964E-05
0.016226 0.0549373 9.9946E-05 9.9946E-05 0.0497529 9.9946E-05 0.878484 9.9946E-05 9.9946E-05 9.9946E-05
0.00865326 0.00664855 0.0383843 0.0306653 0.0575962 9.9982E-05 0.773818 0.0403037 0.0437303 9.9982E-05
9.9964E-05 0.0728091 0.013088 9.9964E-05 0.0880529 0.0136698 0.810757 0.00122301 9.9964E-05 9.9964E-05
0.0739526 0.00288942 0.0864351 0.00185446 0.0365361 0.0146797 0.672061 0.0306689 9.9991E-05 0.080823
0.0136513 0.0518688 0.116711 0.0356397 9.9982E-05 9.9982E-05 0.709628 0.0604089 0.00312882 0.00876297
0.0273272 9.9946E-05 0.914553 9.9946E-05 0.0554247 9.9946E-05 9.9946E-05 9.9946E-05 9.9946E-05 0.00209565
9.9955E-05 0.0245998 0.860476 9.9955E-05 0.0299333 9.9955E-05 9.9955E-05 0.0507314 0.0337598 9.9955E-05
9.99201E-05 9.99201E-05 0.999101 9.99201E-05 9.99201E-05 9.99201E-05 9.99201E-05 9.99201E-05 9.99201E-05 9.99201E-05
9.9937E-05 9.9937E-05 0.978044 0.0113895 9.9937E-05 9.9937E-05 9.9937E-05 9.9937E-05 0.00986695 9.9937E-05
0.0102015 0.0176879 0.967035 9.9946E-05 9.9946E-05 9.9946E-05 9.9946E-05 0.00447629 9.9946E-05 9.9946E-05
9.9937E-05 0.0020081 0.978158 9.9937E-05 9.9937E-05 9.9937E-05 0.0191342 9.9937E-05 9.9937E-05 9.9937E-05
9.99281E-05 9.99281E-05 0.989912 9.99281E-05 9.99281E-05 0.00928812 9.99281E-05 9.99281E-05 9.99281E-05 9.99281E-05
9.9955E-05 0.010918 0.735457 0.0641363 0.155678 0.0333103 9.9955E-05 9.9955E-05 9.9955E-05 9.9955E-05
0.0272261 9.99371E-05 0.96898 9.99371E-05 9.99371E-05 9.99371E-05 9.99371E-05 9.99371E-05 9.99371E-05 0.00309459
9.99201E-05 9.99201E-05 0.999101 9.99201E-05 9.99201E-05 9.99201E-05 9.99201E-05 9.99201E-05 9.99201E-05 9.99201E-05
9.99551E-05 0.0436032 0.861972 0.0379242 0.0367629 0.019238 9.99551E-05 9.99551E-05 9.99551E-05 9.99551E-05
9.99281E-05 9.99281E-05 0.994785 9.99281E-05 9.99281E-05 9.99281E-05 9.99281E-05 0.00441579 9.99281E-05 9.99281E-05
0.0794369 9.9955E-05 0.740006 0.135604 0.0301436 0.0143094 9.9955E-05 9.9955E-05 9.9955E-05 9.9955E-05
0.999101 9.99201E-05 9.99201E-05 9.99201E-05 9.99201E-05 9.99201E-05 9.99201E-05 9.99201E-05 9.99201E-05 9.99201E-05
0.0439966 0.104104 0.0919694 0.0426346 0.0332863 0.00361682 0.58108 0.0363368 9.9991E-05 0.062876
0.999101 9.99201E-05 9.99201E-05 9.99201E-05 9.99201E-05 9.99201E-05 9.99201E-05 9.99201E-05 9.99201E-05 9.99201E-05
0.999101 9.99201E-05 9.99201E-05 9.99201E-05 9.99201E-05 9.99201E-05 9.99201E-05 9.99201E-05 9.99201E-05 9.99201E-05
0.943624 0.00431345 9.99371E-05 9.99371E-05 0.0513631 9.99371E-05 9.99371E-05 9.99371E-05 9.99371E-05 9.99371E-05
0.780367 9.9946E-05 9.9946E-05 9.9946E-05 9.9946E-05 9.9946E-05 0.0356625 9.9946E-05 0.0495797 0.133791
0.999101 9.99201E-05 9.99201E-05 9.99201E-05 9.99201E-05 9.99201E-05 9.99201E-05 9.99201E-05 9.99201E-05 9.99201E-05
0.848893 9.9955E-05 9.9955E-05 9.9955E-05 0.0738406 9.9955E-05 0.0493274 0.00935542 9.9955E-05 0.0180836
0.932217 0.024311 0.0149257 9.9964E-05 9.9964E-05 9.9964E-05 0.0120728 0.0123226 9.9964E-05 0.0037515
0.944103 0.00669316 0.0229226 9.9946E-05 9.9946E-05 9.9946E-05 9.9946E-05 9.9946E-05 9.9946E-05 0.0256818
0.985834 9.99281E-05 9.99281E-05 9.99281E-05 9.99281E-05 0.0133664 9.99281E-05 9.99281E-05 9.99281E-05 9.99281E-05
0.983414 0.00943761 9.99371E-05 0.00644872 9.99371E-05 9.99371E-05 9.99371E-05 9.99371E-05 9.99371E-05 9.99371E-05
0.959686 0.000510427 0.02576 9.9955E-05 9.9955E-05 0.00514929 9.9955E-05 9.9955E-05 0.0083945 9.9955E-05
0.719484 9.9973E-05 0.0937323 9.9973E-05 9.9973E-05 0.00236898 0.0642046 0.0338355 0.0664028 0.0196721
0.934531 9.99371E-05 9.99371E-05 9.99371E-05 9.99371E-05 0.0420039 0.022765 9.99371E-05 9.99371E-05 9.99371E-05
0.827183 0.0112532 0.0496902 0.0698599 9.9955E-05 9.9955E-05 9.9955E-05 9.9955E-05 9.9955E-05 0.041514
0.846136 9.9955E-05 0.0546852 0.00704433 0.0316657 9.9955E-05 9.9955E-05 0.0599691 9.9955E-05 9.9955E-05
0.884433 0.0164401 9.9964E-05 0.0512194 0.00552842 0.00778075 9.9964E-05 0.0341989 9.9964E-05 9.9964E-05
0.955623 9.9955E-05 0.018996 0.00882155 9.9955E-05 9.9955E-05 9.9955E-05 9.9955E-05 0.00120353 0.0148563
0.0872909 0.0774944 0.0106712 0.174481 0.106801 0.0399824 0.273603 0.229476 9.9982E-05 9.9982E-05
0.076605 0.0525537 0.0665528 0.199339 0.196753 0.0267514 0.116531 0.24246 0.0223534 9.9991E-05
0.0315517 0.0795236 9.9973E-05 0.242868 0.134913 0.046315 0.194719 0.26981 9.9973E-05 9.9973E-05
0.0377489 0.0309016 0.0387987 0.264561 0.117129 0.0315139 0.198207 0.280941 9.9982E-05 9.9982E-05
9.9973E-05 9.9973E-05 0.0278797 0.0168673 0.880374 0.00223778 0.0184629 0.0291869 0.0246918 9.9973E-05
9.99201E-05 9.99201E-05 9.99201E-05 9.99201E-05 0.999101 9.99201E-05 9.99201E-05 9.99201E-05 9.99201E-05 9.99201E-05
0.00786318 0.0150878 0.00578662 9.9973E-05 0.946269 9.9973E-05 0.000136596 0.00831966 9.9973E-05 0.0162375
9.99201E-05 9.99201E-05 9.99201E-05 9.99201E-05 0.999101 9.99201E-05 9.99201E-05 9.99201E-05 9.99201E-05 9.99201E-05
0.012958 9.9964E-05 0.0176515 9.9964E-05 0.959266 9.9964E-05 0.000685019 9.9964E-05 0.00575418 0.00328535
0.0116214 9.9946E-05 9.9946E-05 9.9946E-05 0.944405 9.9946E-05 0.0379418 0.0054322 9.9946E-05 9.9946E-05
9.9946E-05 0.0149548 9.9946E-05 9.9946E-05 0.947668 9.9946E-05 0.0197659 0.0170113 9.9946E-05 9.9946E-05
0.0324813 9.9973E-05 0.0586493 9.9973E-05 0.743701 0.0276154 0.0107742 9.9973E-05 0.0744742 0.052005
9.9946E-05 9.9946E-05 9.9946E-05 0.0556756 0.853482 0.0141222 0.076121 9.9946E-05 9.9946E-05 9.9946E-05
9.99281E-05 9.99281E-05 9.99281E-05 9.99281E-05 9.99281E-05 9.99281E-05 0.0369943 0.962206 9.99281E-05 9.99281E-05
9.99201E-05 9.99201E-05 9.99201E-05 9.99201E-05 9.99201E-05 9.99201E-05 9.99201E-05 0.999101 9.99201E-05 9.99201E-05
9.99201E-05 9.99201E-05 9.99201E-05 9.99201E-05 9.99201E-05 9.99201E-05 9.99201E-05 0.999101 9.99201E-05 9.99201E-05
9.99281E-05 9.99281E-05 9.99281E-05 9.99281E-05 0.00149219 9.99281E-05 9.99281E-05 0.997708 9.99281E-05 9.99281E-05
9.99281E-05 0.00208214 9.99281E-05 9.99281E-05 9.99281E-05 9.99281E-05 9.99281E-05 0.997118 9.99281E-05 9.99281E-05
9.9964E-05 9.9964E-05 9.9964E-05 0.0116559 0.0288955 0.00174518 0.0731006 0.877639 0.00656359 9.9964E-05
0.00996008 9.99281E-05 9.99281E-05 9.99281E-05 9.99281E-05 9.99281E-05 9.99281E-05 0.98924 9.99281E-05 9.99281E-05
9.99201E-05 9.99201E-05 9.99201E-05 9.99201E-05 9.99201E-05 9.99201E-05 9.99201E-05 0.999101 9.99201E-05 9.99201E-05
9.99201E-05 9.99201E-05 9.99201E-05 9.99201E-05 9.99201E-05 9.99201E-05 9.99201E-05 0.999101 9.99201E-05 9.99201E-05
0.00796965 9.9946E-05 0.0233328 9.9946E-05 9.9946E-05 9.9946E-05 9.9946E-05 0.959907 9.9946E-05 0.00819081
9.99201E-05 9.99201E-05 9.99201E-05 9.99201E-05 9.99201E-05 9.99201E-05 9.99201E-05 0.999101 9.99201E-05 9.99201E-05
9.99281E-05 9.99281E-05 0.0168778 9.99281E-05 9.99281E-05 9.99281E-05 9.99281E-05 0.982323 9.99281E-05 9.99281E-05
