9.99201E-05 9.99201E-05 9.99201E-05 9.99201E-05 9.99201E-05 9.99201E-05 9.99201E-05 9.99201E-05 0.999101 9.99201E-05
9.9946E-05 0.61497 9.9946E-05 0.024471 9.9946E-05 9.9946E-05 0.100653 9.9946E-05 0.259307 9.9946E-05
9.9946E-05 0.610109 9.9946E-05 0.059592 9.9946E-05 9.9946E-05 0.08148 9.9946E-05 0.248219 9.9946E-05
9.9955E-05 0.660938 0.0766723 0.0391905 9.9955E-05 9.9955E-05 9.9955E-05 9.9955E-05 0.20055 0.0221493
9.9964E-05 0.664072 0.111867 9.9964E-05 9.9964E-05 9.9964E-05 0.00273106 0.0436843 0.122447 0.0547983
9.9973E-05 0.541375 0.179398 0.0486173 0.0348905 0.0277779 9.9973E-05 0.0202098 0.147432 9.9973E-05
9.9946E-05 0.693898 9.9946E-05 0.00682488 9.9946E-05 0.0424014 9.9946E-05 9.9946E-05 0.256276 9.9946E-05
0.0134936 0.495554 0.13553 0.074488 9.9973E-05 0.0183282 0.0104192 9.9973E-05 0.251887 9.9973E-05
9.9964E-05 0.691468 0.0577811 0.052623 9.9964E-05 9.9964E-05 0.0162964 9.9964E-05 0.164599 0.0168325
9.99201E-05 9.99201E-05 9.99201E-05 9.99201E-05 9.99201E-05 9.99201E-05 9.99201E-05 9.99201E-05 0.999101 9.99201E-05
9.99201E-05 9.99201E-05 9.99201E-05 9.99201E-05 9.99201E-05 9.99201E-05 9.99201E-05 9.99201E-05 0.999101 9.99201E-05
9.99201E-05 9.99201E-05 9.99201E-05 9.99201E-05 9.99201E-05 9.99201E-05 9.99201E-05 9.99201E-05 0.999101 9.99201E-05
9.9937E-05 9.9937E-05 9.9937E-05 9.9937E-05 9.9937E-05 9.9937E-05 0.0190952 0.000659395 0.979546 9.9937E-05
9.9946E-05 0.0687941 0.00206862 9.9946E-05 9.9946E-05 9.9946E-05 9.9946E-05 0.0503321 0.878206 9.9946E-05
9.9946E-05 9.9946E-05 0.0512108 9.9946E-05 0.00757064 0.00174919 9.9946E-05 9.9946E-05 0.93887 9.9946E-05
9.9964E-05 0.481856 0.283052 0.0367759 9.9964E-05 0.0240853 9.9964E-05 9.9964E-05 0.157487 0.0163437
0.08402 0.355013 0.0338701 0.050906 0.0333295 0.0541176 0.0212948 0.100319 0.197351 0.0697782
9.9946E-05 0.676014 0.0743448 9.9946E-05 0.0570695 9.9946E-05 9.9946E-05 9.9946E-05 0.191973 9.9946E-05
9.9955E-05 0.827543 0.0527999 9.9955E-05 9.9955E-05 9.9955E-05 0.017169 0.0733844 9.9955E-05 0.0286037
0.002928 0.882511 9.9946E-05 9.9946E-05 0.059365 9.9946E-05 9.9946E-05 0.0545959 9.9946E-05 9.9946E-05
9.9946E-05 0.900284 9.9946E-05 9.9946E-05 0.0654456 9.9946E-05 9.9946E-05 9.9946E-05 0.0247565 0.00891392
0.0305627 0.770975 0.00121062 0.0227672 0.0853192 9.9973E-05 0.00352476 0.0853404 9.9973E-05 9.9973E-05
9.9964E-05 0.819626 9.9964E-05 0.000622172 0.0125272 0.04155 9.9964E-05 0.118757 9.9964E-05 0.00651739
0.0222449 0.944019 9.9937E-05 9.9937E-05 9.9937E-05 9.9937E-05 9.9937E-05 0.0330369 9.9937E-05 9.9937E-05
0.0048368 0.896655 9.9946E-05 9.9946E-05 0.00589708 0.0920114 9.9946E-05 9.9946E-05 9.9946E-05 9.9946E-05
0.0944206 0.639879 0.0791529 9.9964E-05 0.0973302 9.9964E-05 9.9964E-05 0.0134497 9.9964E-05 0.0753679
9.9973E-05 0.647309 0.0653773 0.0689171 0.0697305 9.9973E-05 9.9973E-05 0.062392 0.00254059 0.0834333
0.00871923 0.920699 0.0285533 0.0414284 9.9946E-05 9.9946E-05 9.9946E-05 9.9946E-05 9.9946E-05 9.9946E-05
0.0484019 0.75882 9.9973E-05 0.000342409 0.133698 9.9973E-05 9.9973E-05 0.0267766 0.0297551 0.001906
0.0038128 0.920368 9.9946E-05 9.9946E-05 0.0527185 9.9946E-05 9.9946E-05 9.9946E-05 0.022501 9.9946E-05
0.0204156 0.890472 9.9973E-05 9.9973E-05 0.000403379 9.9973E-05 0.00578192 0.0584486 0.00804437 0.0161337
0.0704541 0.720399 9.9973E-05 9.9973E-05 0.0398199 0.0986818 0.018043 0.0237535 9.9973E-05 0.0285488
0.038029 0.734541 9.9973E-05 0.0696459 0.105189 9.9973E-05 0.0230973 9.9973E-05 0.00304068 0.0261571
0.108813 0.609974 0.0237517 0.030263 0.156225 0.0151453 9.9982E-05 9.9982E-05 0.0473175 0.00831052
9.9964E-05 0.702577 9.9964E-05 0.0454448 0.00707671 0.0240577 9.9964E-05 0.20694 9.9964E-05 0.0135046
0.00277016 0.926975 9.9955E-05 9.9955E-05 0.0382168 9.9955E-05 9.9955E-05 0.00794486 0.0235932 9.9955E-05
9.9973E-05 0.534165 0.135937 0.02636 0.142273 0.135347 9.9973E-05 0.0130453 9.9973E-05 0.0125733
9.9955E-05 0.576224 9.9955E-05 0.0191646 0.311658 9.9955E-05 9.9955E-05 0.0432849 9.9955E-05 0.0491689
9.9982E-05 0.575837 0.0106217 0.0520846 0.23481 0.0218983 0.0526356 0.00391583 9.9982E-05 0.0479975
9.9955E-05 0.560088 0.0377496 9.9955E-05 0.358104 0.0236625 9.9955E-05 9.9955E-05 9.9955E-05 0.0198959
0.103256 0.0662387 0.687541 9.9964E-05 0.0661532 9.9964E-05 0.0540976 9.9964E-05 9.9964E-05 0.0223138
0.108478 0.0667798 0.583819 0.0395836 0.041844 0.00957275 0.0379117 0.0438992 0.00938491 0.0587268
0.0579979 0.182654 0.638455 0.0479034 9.9964E-05 9.9964E-05 0.0255773 9.9964E-05 0.0470127 9.9964E-05
0.0651777 0.110917 0.724543 9.99674E-05 0.0602651 9.99674E-05 0.0159487 9.99674E-05 9.99674E-05 0.0227487
0.0404887 0.260902 0.179368 0.0487413 0.245628 0.195287 9.9973E-05 9.9973E-05 9.9973E-05 0.0292856
9.99201E-05 9.99201E-05 9.99201E-05 9.99201E-05 9.99201E-05 0.999101 9.99201E-05 9.99201E-05 9.99201E-05 9.99201E-05
9.99201E-05 9.99201E-05 9.99201E-05 9.99201E-05 9.99201E-05 0.999101 9.99201E-05 9.99201E-05 9.99201E-05 9.99201E-05
0.0351335 0.415539 0.262958 0.0398995 0.049059 0.119084 9.9982E-05 0.032437 9.9982E-05 0.0456902
0.0925682 0.203907 0.238151 0.0553775 0.0569316 0.183664 9.9991E-05 0.00459498 0.0526808 0.112025
0.0926308 0.397624 0.155434 0.0317348 0.106124 0.0906669 0.0371847 0.00738901 0.0765913 0.00462074
9.9973E-05 0.272346 0.0394576 0.0532132 0.319836 0.247491 9.9973E-05 9.9973E-05 0.0372416 0.0301158
9.9973E-05 0.194788 0.277717 0.0511296 0.167693 0.233727 9.9973E-05 0.0541039 9.9973E-05 0.0205415
0.0396348 0.00152032 0.0119738 9.9982E-05 0.037743 0.834842 9.9982E-05 0.0205048 0.00368213 0.049899
0.0120632 0.259093 0.00649248 9.9982E-05 0.439061 0.153742 9.9982E-05 0.065831 0.0358967 0.0276199
0.0236875 0.208362 9.99878E-05 0.0101567 0.470039 0.181628 9.99878E-05 0.0346908 0.0460392 0.025197
0.0867526 0.235791 0.301243 0.0955146 0.0777731 0.179478 0.0102217 9.9982E-05 9.9982E-05 0.0130254
0.0210985 0.243513 0.0778352 0.0507791 0.287874 0.203424 9.9982E-05 9.9982E-05 0.0625236 0.0527528
0.0423311 0.247445 0.286321 9.99737E-05 0.176902 0.139474 0.0301466 9.99737E-05 9.99737E-05 0.0770799
9.99201E-05 9.99201E-05 9.99201E-05 9.99201E-05 9.99201E-05 0.999101 9.99201E-05 9.99201E-05 9.99201E-05 9.99201E-05
0.0581316 0.27203 0.0323495 0.0385403 0.206506 0.203892 0.0324618 9.9991E-05 0.0351864 0.120802
0.107729 0.163039 0.0103658 9.9982E-05 0.0155544 0.555024 0.0313934 0.0359276 9.9982E-05 0.0807677
0.121916 0.127063 0.35847 9.9973E-05 0.15198 0.192488 0.0430382 9.9973E-05 0.00474482 9.9973E-05
0.0079901 0.127914 0.468977 0.0462242 0.195648 0.0504765 0.0274282 9.9982E-05 9.9982E-05 0.0751419
9.9946E-05 9.9946E-05 0.944119 9.9946E-05 9.9946E-05 9.9946E-05 0.00400978 0.0289585 9.9946E-05 0.0223131
0.100115 0.22408 0.233325 9.9982E-05 0.157722 0.240542 0.0102674 9.9982E-05 0.0055792 0.0281698
9.9928E-05 9.9928E-05 0.982993 9.9928E-05 9.9928E-05 9.9928E-05 9.9928E-05 0.0162072 9.9928E-05 9.9928E-05
9.9955E-05 9.9955E-05 0.514461 9.9955E-05 0.397435 0.06914 0.00942322 9.9955E-05 9.9955E-05 0.00904076
9.9928E-05 9.9928E-05 0.979111 9.9928E-05 9.9928E-05 9.9928E-05 9.9928E-05 0.0200895 9.9928E-05 9.9928E-05
0.0122399 0.341895 0.406745 0.021208 0.13808 0.00892976 0.00401352 0.00782532 9.9991E-05 0.0589636
9.99201E-05 9.99201E-05 0.999101 9.99201E-05 9.99201E-05 9.99201E-05 9.99201E-05 9.99201E-05 9.99201E-05 9.99201E-05
0.0150377 0.123819 0.412141 0.0447825 0.117345 0.18013 0.0638227 9.9982E-05 0.0427228 9.9982E-05
0.0278339 0.104492 0.282977 0.0734367 0.369527 0.0822306 9.9982E-05 0.0472071 9.9982E-05 0.0120945
9.9973E-05 0.0278983 0.731402 9.9973E-05 0.018945 0.0451047 9.9973E-05 0.0324635 0.0727794 0.0711073
9.9964E-05 0.001455 0.730581 9.9964E-05 0.144518 0.0557465 9.9964E-05 9.9964E-05 0.0249186 0.0423808
0.0496917 0.0194777 0.381932 9.9973E-05 0.377197 0.0739244 9.9973E-05 0.0789787 0.0184981 9.9973E-05
9.9964E-05 0.028361 0.491316 9.9964E-05 0.221392 0.108921 9.9964E-05 0.0444931 9.9964E-05 0.105117
9.9982E-05 0.0324468 0.538147 0.0553156 0.180613 0.123628 0.0169876 0.028915 9.9982E-05 0.0237479
0.0288996 9.9964E-05 0.579853 9.9964E-05 0.220652 9.9964E-05 0.0758005 0.0768572 0.0175368 9.9964E-05
0.0234948 0.00293687 0.0400751 0.0200142 0.871968 9.9973E-05 0.028878 0.0123331 9.9973E-05 9.9973E-05
9.99201E-05 9.99201E-05 9.99201E-05 9.99201E-05 0.999101 9.99201E-05 9.99201E-05 9.99201E-05 9.99201E-05 9.99201E-05
9.9946E-05 9.9946E-05 9.9946E-05 0.000715697 0.96772 0.0279316 9.9946E-05 9.9946E-05 0.0030328 9.9946E-05
9.99371E-05 9.99371E-05 9.99371E-05 0.00757144 0.979356 0.0123734 9.99371E-05 9.99371E-05 9.99371E-05 9.99371E-05
9.99371E-05 9.99371E-05 9.99371E-05 0.00262467 0.995495 9.99371E-05 9.99371E-05 9.99371E-05 9.99371E-05 0.0011805
0.0935643 0.160963 0.0495889 0.0151258 0.550809 9.9973E-05 0.0950852 9.9973E-05 9.9973E-05 0.0345636
0.00345856 0.024428 0.145115 0.0465946 0.525118 0.0720949 0.161729 0.00767834 0.00129517 0.012488
9.9982E-05 0.042364 0.10593 0.142167 0.536987 0.0352112 0.0941252 9.9982E-05 0.00643049 0.0365847
0.0541555 0.211896 0.0459185 0.0794583 0.488886 0.023707 0.0182437 9.9991E-05 0.0198436 0.0577917
0.0754179 0.146613 0.0426625 9.9973E-05 0.58785 9.9973E-05 0.0645961 9.9973E-05 0.00511989 0.0774401
0.0910629 0.0140613 0.191487 0.0342015 0.459676 0.00622967 0.110152 0.0483953 9.9991E-05 0.044635
0.106344 0.137677 0.101674 0.107591 0.374163 9.9973E-05 0.0751584 9.9973E-05 9.9973E-05 0.0970942
0.0730964 0.0711585 0.121178 0.0479152 0.202729 0.154582 0.101574 0.197532 0.030134 9.9991E-05
0.113493 0.0767104 0.128763 0.0374987 0.231518 0.148546 0.0427255 0.189529 0.0311166 9.9991E-05
0.0354671 0.0382536 0.0168906 0.0959005 0.381365 0.115131 0.156472 9.9991E-05 0.00634319 0.154077
9.99371E-05 9.99371E-05 9.99371E-05 9.99371E-05 0.00119687 9.99371E-05 0.997979 9.99371E-05 0.000125036 9.99371E-05
9.9955E-05 9.9955E-05 9.9955E-05 0.0230789 0.0191298 9.9955E-05 0.936506 9.9955E-05 0.0170391 0.0037459
0.00186922 0.0299983 0.00780512 9.9973E-05 0.0374463 9.9973E-05 0.843657 0.0593182 0.0196059 9.9973E-05
9.99281E-05 9.99281E-05 9.99281E-05 0.0173165 9.99281E-05 9.99281E-05 0.981884 9.99281E-05 9.99281E-05 9.99281E-05
9.99371E-05 0.00245019 9.99371E-05 0.00971663 9.99371E-05 9.99371E-05 0.987134 9.99371E-05 9.99371E-05 9.99371E-05
9.99201E-05 9.99201E-05 9.99201E-05 9.99201E-05 9.99201E-05 9.99201E-05 0.999101 9.99201E-05 9.99201E-05 9.99201E-05
9.99281E-05 9.99281E-05 9.99281E-05 9.99281E-05 9.99281E-05 9.99281E-05 0.990892 0.00830835 9.99281E-05 9.99281E-05
0.0231542 0.0213308 9.9973E-05 0.0118087 0.0470374 9.9973E-05 0.860187 0.031534 9.9973E-05 0.00464752
0.000553331 9.9937E-05 9.9937E-05 9.9937E-05 9.9937E-05 9.9937E-05 0.998054 9.9937E-05 9.9937E-05 0.000693092
9.99201E-05 9.99201E-05 9.99201E-05 9.99201E-05 9.99201E-05 9.99201E-05 0.999101 9.99201E-05 9.99201E-05 9.99201E-05
0.219056 0.0933966 0.0027464 0.0700718 0.423939 9.9982E-05 0.0396331 0.0576837 9.9982E-05 0.0932734
0.00440082 9.9955E-05 0.0609132 9.9955E-05 9.9955E-05 0.0271928 0.868874 9.9955E-05 9.9955E-05 0.0381195
9.99281E-05 9.99281E-05 9.99281E-05 9.99281E-05 9.99281E-05 9.99281E-05 0.97813 9.99281E-05 9.99281E-05 0.0210702
9.9937E-05 9.9937E-05 9.9937E-05 9.9937E-05 0.0350193 9.9937E-05 0.951572 0.0127095 9.9937E-05 9.9937E-05
9.99201E-05 9.99201E-05 9.99201E-05 9.99201E-05 0.999101 9.99201E-05 9.99201E-05 9.99201E-05 9.99201E-05 9.99201E-05
9.99201E-05 9.99201E-05 9.99201E-05 9.99201E-05 0.999101 9.99201E-05 9.99201E-05 9.99201E-05 9.99201E-05 9.99201E-05
9.99281E-05 9.99281E-05 9.99281E-05 9.99281E-05 0.985351 9.99281E-05 9.99281E-05 0.0138491 9.99281E-05 9.99281E-05
9.99201E-05 9.99201E-05 9.99201E-05 9.99201E-05 0.999101 9.99201E-05 9.99201E-05 9.99201E-05 9.99201E-05 9.99201E-05
0.106705 9.9964E-05 9.9964E-05 0.00466794 0.847546 0.00624409 0.0138519 0.0205861 9.9964E-05 9.9964E-05
0.00721586 0.101679 9.9955E-05 9.9955E-05 0.794601 9.9955E-05 0.00963082 0.0863729 9.9955E-05 9.9955E-05
0.0263295 0.0478566 9.9973E-05 9.9973E-05 0.766995 0.0267356 0.00376409 0.10331 9.9973E-05 0.0247094
0.0653774 9.9946E-05 9.9946E-05 9.9946E-05 0.871459 9.9946E-05 0.00774758 0.0548163 9.9946E-05 9.9946E-05
9.9955E-05 9.9955E-05 9.9955E-05 0.0344356 0.860304 9.9955E-05 0.0820783 0.0203529 0.00232899 9.9955E-05
9.9946E-05 9.9946E-05 9.9946E-05 0.00996268 0.890383 9.9946E-05 0.0560012 0.0430529 9.9946E-05 9.9946E-05
0.00693061 0.0664193 9.9973E-05 0.0468472 0.787245 9.9973E-05 0.0357269 0.029505 9.9973E-05 0.0270262
9.9946E-05 9.9946E-05 9.9946E-05 0.00972349 0.792558 9.9946E-05 0.100766 0.0963535 9.9946E-05 9.9946E-05
0.0835552 9.9982E-05 0.0741299 0.0373362 0.645937 0.0137925 9.9982E-05 0.0484659 0.0250613 0.0715216
0.0951778 0.00877562 0.0210266 0.0305579 0.741178 9.9982E-05 0.0529983 0.0244686 9.9982E-05 0.025617
0.87424 9.99461E-05 9.99461E-05 9.99461E-05 0.0561027 9.99461E-05 9.99461E-05 0.0155112 9.99461E-05 0.0535462
0.833076 0.0268248 0.0186963 9.9973E-05 9.9973E-05 9.9973E-05 0.0149009 0.0453515 0.00443297 0.0564177
0.999101 9.99201E-05 9.99201E-05 9.99201E-05 9.99201E-05 9.99201E-05 9.99201E-05 9.99201E-05 9.99201E-05 9.99201E-05
0.95223 0.00372276 9.9955E-05 9.9955E-05 9.9955E-05 0.0177658 9.9955E-05 0.0115028 9.9955E-05 0.0142787
0.999101 9.99201E-05 9.99201E-05 9.99201E-05 9.99201E-05 9.99201E-05 9.99201E-05 9.99201E-05 9.99201E-05 9.99201E-05
0.999101 9.99201E-05 9.99201E-05 9.99201E-05 9.99201E-05 9.99201E-05 9.99201E-05 9.99201E-05 9.99201E-05 9.99201E-05
0.992319 9.99281E-05 9.99281E-05 9.99281E-05 9.99281E-05 0.00688184 9.99281E-05 9.99281E-05 9.99281E-05 9.99281E-05
0.728425 9.99461E-05 0.0708156 9.99461E-05 9.99461E-05 9.99461E-05 9.99461E-05 0.122888 0.0772714 9.99461E-05
0.959764 9.9946E-05 9.9946E-05 0.00954246 0.0287467 9.9946E-05 9.9946E-05 9.9946E-05 9.9946E-05 0.00134714
0.999101 9.99201E-05 9.99201E-05 9.99201E-05 9.99201E-05 9.99201E-05 9.99201E-05 9.99201E-05 9.99201E-05 9.99201E-05
0.868128 9.99461E-05 0.00273128 9.99461E-05 9.99461E-05 9.99461E-05 9.99461E-05 0.0958993 0.032642 9.99461E-05
0.981271 9.99281E-05 9.99281E-05 9.99281E-05 9.99281E-05 9.99281E-05 9.99281E-05 9.99281E-05 9.99281E-05 0.0179298
0.713451 9.9964E-05 0.11368 0.092107 0.0347758 9.9964E-05 9.9964E-05 0.0400751 0.00551164 9.9964E-05
9.99201E-05 9.99201E-05 9.99201E-05 0.999101 9.99201E-05 9.99201E-05 9.99201E-05 9.99201E-05 9.99201E-05 9.99201E-05
0.0756353 9.9982E-05 0.0441107 0.0673987 0.625925 0.0120359 0.121007 0.0198348 9.9982E-05 0.0338527
0.0074476 9.9946E-05 9.9946E-05 0.986185 0.00541059 9.9946E-05 9.9946E-05 9.9946E-05 9.9946E-05 0.000357578
9.99201E-05 9.99201E-05 9.99201E-05 0.999101 9.99201E-05 9.99201E-05 9.99201E-05 9.99201E-05 9.99201E-05 9.99201E-05
9.99281E-05 9.99281E-05 9.99281E-05 0.952853 9.99281E-05 9.99281E-05 9.99281E-05 0.0463473 9.99281E-05 9.99281E-05
0.0149731 0.078806 9.9964E-05 0.815695 9.9964E-05 9.9964E-05 9.9964E-05 0.0126955 0.0127809 0.0646495
9.99201E-05 9.99201E-05 9.99201E-05 0.999101 9.99201E-05 9.99201E-05 9.99201E-05 9.99201E-05 9.99201E-05 9.99201E-05
9.99461E-05 9.99461E-05 9.99461E-05 0.90885 0.0299609 9.99461E-05 9.99461E-05 0.0554177 0.00517176 9.99461E-05
9.99371E-05 9.99371E-05 9.99371E-05 0.954536 9.99371E-05 0.0217328 9.99371E-05 0.0230313 9.99371E-05 9.99371E-05
0.0117856 0.0388433 9.9946E-05 0.946161 9.9946E-05 0.00261016 9.9946E-05 9.9946E-05 9.9946E-05 9.9946E-05
9.99281E-05 9.99281E-05 0.0206334 0.978567 9.99281E-05 9.99281E-05 9.99281E-05 9.99281E-05 9.99281E-05 9.99281E-05
0.00267941 9.99371E-05 9.99371E-05 0.988584 0.00803746 9.99371E-05 9.99371E-05 9.99371E-05 9.99371E-05 9.99371E-05
0.00785 9.99281E-05 9.99281E-05 0.991351 9.99281E-05 9.99281E-05 9.99281E-05 9.99281E-05 9.99281E-05 9.99281E-05
0.0260485 0.0079989 9.9982E-05 0.805636 0.071594 0.0147904 0.0400218 0.0133446 9.9982E-05 0.020366
0.000382093 9.9982E-05 0.00019959 0.922138 0.00941934 0.00576406 9.9982E-05 0.00119151 0.0229437 0.0377622
0.0442992 9.9955E-05 0.0290239 0.876463 0.0323692 9.9955E-05 0.0173454 9.9955E-05 9.9955E-05 9.9955E-05
0.018804 9.9982E-05 0.0154074 0.85353 0.0107385 9.9982E-05 0.0112741 0.0198956 0.0145668 0.0555835
9.9964E-05 9.9964E-05 9.9964E-05 0.899404 0.00614263 9.9964E-05 0.0217371 0.018961 0.0303882 0.0229668
9.9937E-05 9.9937E-05 9.9937E-05 0.944814 0.0542741 0.00021267 9.9937E-05 9.9937E-05 9.9937E-05 9.9937E-05
0.0247327 9.9982E-05 0.104915 0.0356988 0.371578 9.9982E-05 0.022864 0.100498 0.039903 0.29961
0.0624008 0.00203841 0.0858011 0.018862 0.405354 0.00648546 0.0315455 0.100001 0.0283932 0.259119
9.9973E-05 9.9973E-05 0.189174 0.0143294 0.287773 9.9973E-05 0.0514715 0.131363 0.0243602 0.301229
0.0198741 9.9991E-05 0.150481 0.0587308 0.304774 0.00958145 0.0334811 0.115967 0.0417579 0.265254
0.0326254 9.9955E-05 0.0628386 0.00924416 9.9955E-05 9.9955E-05 9.9955E-05 0.889333 9.9955E-05 0.00545927
9.99201E-05 9.99201E-05 9.99201E-05 9.99201E-05 9.99201E-05 9.99201E-05 9.99201E-05 0.999101 9.99201E-05 9.99201E-05
9.9937E-05 9.9937E-05 9.9937E-05 0.00399941 9.9937E-05 9.9937E-05 9.9937E-05 0.980591 9.9937E-05 0.0147104
9.99201E-05 9.99201E-05 9.99201E-05 9.99201E-05 9.99201E-05 9.99201E-05 9.99201E-05 0.999101 9.99201E-05 9.99201E-05
9.9937E-05 9.9937E-05 9.9937E-05 9.9937E-05 9.9937E-05 9.9937E-05 0.00502423 0.993343 9.9937E-05 0.000933344
9.9937E-05 9.9937E-05 9.9937E-05 9.9937E-05 9.9937E-05 9.9937E-05 0.00934268 0.98394 9.9937E-05 0.00601742
9.9946E-05 9.9946E-05 0.0168569 9.9946E-05 0.0386184 9.9946E-05 9.9946E-05 0.929383 9.9946E-05 0.0145422
0.03484 0.0706116 9.9982E-05 0.0450847 0.0544023 0.00342553 9.9982E-05 0.75102 0.02964 0.0107762
9.9955E-05 0.0516484 0.0722124 9.9955E-05 0.0370854 9.9955E-05 9.9955E-05 0.824962 0.0135918 9.9955E-05
9.99281E-05 9.99281E-05 9.99281E-05 9.99281E-05 0.0210699 9.99281E-05 9.99281E-05 9.99281E-05 9.99281E-05 0.978131
9.99281E-05 9.99281E-05 9.99281E-05 9.99281E-05 9.99281E-05 0.000411467 9.99281E-05 9.99281E-05 9.99281E-05 0.998789
9.99201E-05 9.99201E-05 9.99201E-05 9.99201E-05 9.99201E-05 9.99201E-05 9.99201E-05 9.99201E-05 9.99201E-05 0.999101
9.99201E-05 9.99201E-05 9.99201E-05 9.99201E-05 9.99201E-05 9.99201E-05 9.99201E-05 9.99201E-05 9.99201E-05 0.999101
9.99201E-05 9.99201E-05 9.99201E-05 9.99201E-05 9.99201E-05 9.99201E-05 9.99201E-05 9.99201E-05 9.99201E-05 0.999101
9.99461E-05 9.99461E-05 9.99461E-05 9.99461E-05 0.0707268 9.99461E-05 0.0243361 0.0284294 9.99461E-05 0.875908
9.99201E-05 9.99201E-05 9.99201E-05 9.99201E-05 9.99201E-05 9.99201E-05 9.99201E-05 9.99201E-05 9.99201E-05 0.999101
9.99201E-05 9.99201E-05 9.99201E-05 9.99201E-05 9.99201E-05 9.99201E-05 9.99201E-05 9.99201E-05 9.99201E-05 0.999101
0.00531882 9.99371E-05 9.99371E-05 0.0235187 9.99371E-05 9.99371E-05 9.99371E-05 9.99371E-05 9.99371E-05 0.970463
0.0138351 9.9946E-05 0.0113653 9.9946E-05 9.9946E-05 0.00121589 9.9946E-05 9.9946E-05 9.9946E-05 0.972984
9.9937E-05 9.9937E-05 9.9937E-05 0.00317989 9.9937E-05 9.9937E-05 0.0135212 9.9937E-05 9.9937E-05 0.982599
0.0115412 9.9937E-05 9.9937E-05 9.9937E-05 9.9937E-05 9.9937E-05 9.9937E-05 0.00724075 9.9937E-05 0.980518
