9.99201E-05 9.99201E-05 9.99201E-05 9.99201E-05 9.99201E-05 0.999101 9.99201E-05 9.99201E-05 9.99201E-05 9.99201E-05
9.9955E-05 0.0995932 9.9955E-05 9.9955E-05 9.9955E-05 0.247263 0.0795779 0.00439183 9.9955E-05 0.568674
9.9946E-05 0.0883724 9.9946E-05 9.9946E-05 9.9946E-05 0.198917 0.0909709 9.9946E-05 9.9946E-05 0.62114
9.99461E-05 0.00118283 9.99461E-05 9.99461E-05 0.16447 0.232473 9.99461E-05 9.99461E-05 9.99461E-05 0.601274
9.9964E-05 9.9964E-05 0.00900337 9.9964E-05 0.141921 0.0950309 9.9964E-05 0.064596 0.0651202 0.623929
0.0341657 0.000382142 9.9973E-05 0.0158233 0.145969 0.166115 0.0326116 9.9973E-05 9.9973E-05 0.604633
9.99461E-05 9.99461E-05 9.99461E-05 0.0011601 9.99461E-05 0.269482 0.00339258 9.99461E-05 9.99461E-05 0.725366
9.9955E-05 9.9955E-05 9.9955E-05 0.000773199 0.0767302 0.281584 0.0882202 9.9955E-05 9.9955E-05 0.552192
9.9964E-05 0.0287687 0.010625 9.9964E-05 9.9964E-05 0.155492 0.0559527 0.0566351 9.9964E-05 0.692126
9.99201E-05 9.99201E-05 9.99201E-05 9.99201E-05 9.99201E-05 0.999101 9.99201E-05 9.99201E-05 9.99201E-05 9.99201E-05
9.99201E-05 9.99201E-05 9.99201E-05 9.99201E-05 9.99201E-05 0.999101 9.99201E-05 9.99201E-05 9.99201E-05 9.99201E-05
9.99201E-05 9.99201E-05 9.99201E-05 9.99201E-05 9.99201E-05 0.999101 9.99201E-05 9.99201E-05 9.99201E-05 9.99201E-05
9.99235E-05 9.99235E-05 9.99235E-05 9.99235E-05 9.99235E-05 0.999101 9.99235E-05 9.99235E-05 9.99235E-05 9.99235E-05
9.9955E-05 9.9955E-05 0.00555884 0.0257665 9.9955E-05 0.905343 0.00037159 9.9955E-05 0.0624607 9.9955E-05
9.9937E-05 9.9937E-05 9.9937E-05 9.9937E-05 9.9937E-05 0.96512 0.0172191 9.9937E-05 0.016961 9.9937E-05
9.9946E-05 9.9946E-05 9.9946E-05 9.9946E-05 0.347713 0.179736 9.9946E-05 0.0156069 9.9946E-05 0.456344
0.017752 0.0108502 0.0694545 0.147533 9.9982E-05 0.224887 0.0587692 9.9982E-05 0.137894 0.33266
0.0283107 9.9946E-05 9.9946E-05 9.9946E-05 0.151201 0.177089 9.9946E-05 9.9946E-05 9.9946E-05 0.642799
9.9955E-05 0.0296633 9.9955E-05 9.9955E-05 0.0100795 9.9955E-05 9.9955E-05 0.014246 0.0365383 0.908973
9.99371E-05 9.99371E-05 0.0291239 9.99371E-05 9.99371E-05 9.99371E-05 9.99371E-05 9.99371E-05 0.0398516 0.930325
0.0758668 0.0151355 9.9955E-05 9.9955E-05 9.9955E-05 0.0396737 9.9955E-05 0.0211728 9.9955E-05 0.847651
0.0230992 0.0313129 9.9964E-05 0.020755 9.9964E-05 9.9964E-05 0.055497 9.9964E-05 0.0964664 0.77247
9.9964E-05 0.0211531 9.9964E-05 0.0215222 9.9964E-05 9.9964E-05 0.0436137 0.00631984 0.0868624 0.820129
0.0215384 9.9964E-05 0.0591735 0.00274155 9.9964E-05 9.9964E-05 0.0224842 9.9964E-05 0.0284722 0.86519
9.9955E-05 0.011639 0.0200652 0.0922066 9.9955E-05 9.9955E-05 9.9955E-05 0.0069788 9.9955E-05 0.868611
0.138051 9.9973E-05 0.0725952 9.9973E-05 0.129155 0.00122051 9.9973E-05 0.0717657 0.00440485 0.582508
0.0344463 9.9973E-05 0.00582267 9.9973E-05 0.0491807 9.9973E-05 0.0840494 0.0859223 0.0367177 0.703561
9.9946E-05 9.9946E-05 0.014028 0.0096241 0.0587018 9.9946E-05 9.9946E-05 9.9946E-05 9.9946E-05 0.917046
0.0400768 0.00711424 0.0619413 0.00482338 0.0991371 0.0297758 0.0168061 0.00414563 0.0334014 0.702778
0.0543475 9.9946E-05 9.9946E-05 9.9946E-05 0.0268073 0.0153911 9.9946E-05 9.9946E-05 9.9946E-05 0.902854
9.99461E-05 9.99461E-05 9.99461E-05 9.99461E-05 9.99461E-05 0.0285672 9.99461E-05 0.0210621 0.0134326 0.936338
0.150601 9.99551E-05 0.0654893 0.0920579 9.99551E-05 9.99551E-05 9.99551E-05 0.00634531 9.99551E-05 0.685007
0.13993 9.9955E-05 0.00586467 9.9955E-05 9.9955E-05 9.9955E-05 0.0572716 0.0374155 9.9955E-05 0.759019
0.135552 0.0203344 0.118144 0.0232414 9.9973E-05 0.0650581 0.072006 9.9973E-05 9.9973E-05 0.565365
9.9955E-05 9.9955E-05 0.0330078 0.0454781 9.9955E-05 9.9955E-05 0.047276 9.9955E-05 0.156487 0.717252
0.0748346 9.9946E-05 9.9946E-05 9.9946E-05 0.000777854 0.0316374 9.9946E-05 9.9946E-05 9.9946E-05 0.892151
0.150465 9.9955E-05 9.9955E-05 0.113567 0.24107 9.9955E-05 9.9955E-05 9.9955E-05 0.00159006 0.492809
0.262324 9.9964E-05 9.9964E-05 9.9964E-05 0.0831363 9.9964E-05 0.0160831 0.0477754 0.0420311 0.54825
0.2383 0.0262456 9.9973E-05 0.057331 9.9973E-05 0.0191527 0.0670521 0.0989234 9.9973E-05 0.492696
0.358471 0.00720675 9.9964E-05 0.0179225 9.9964E-05 9.9964E-05 9.9964E-05 0.0389813 0.0194481 0.55757
9.9946E-05 0.0310354 0.0367854 9.9946E-05 0.926533 9.9946E-05 9.9946E-05 0.00504632 9.9946E-05 9.9946E-05
9.9955E-05 9.9955E-05 0.0269657 9.9955E-05 0.832886 0.0446571 9.9955E-05 0.0799633 0.0150278 9.9955E-05
9.9955E-05 9.9955E-05 0.0573376 9.9955E-05 0.722161 0.0257659 0.0292997 9.9955E-05 9.9955E-05 0.164936
9.9955E-05 9.9955E-05 0.0186794 9.9955E-05 0.94685 9.9955E-05 0.01825 0.00425242 9.9955E-05 0.011468
0.180502 9.9973E-05 0.042167 0.132088 0.300793 9.9973E-05 0.0504338 0.0621564 9.9973E-05 0.23156
9.99201E-05 9.99201E-05 9.99201E-05 0.999101 9.99201E-05 9.99201E-05 9.99201E-05 9.99201E-05 9.99201E-05 9.99201E-05
9.99201E-05 9.99201E-05 9.99201E-05 0.999101 9.99201E-05 9.99201E-05 9.99201E-05 9.99201E-05 9.99201E-05 9.99201E-05
9.9973E-05 9.9973E-05 0.0482038 0.121853 0.326909 9.9973E-05 0.0534673 0.0340777 0.0188995 0.396291
0.0661219 9.9982E-05 0.0700172 0.0794516 0.447521 0.0653966 0.0434913 0.0929849 9.9982E-05 0.134816
0.0263353 0.0693403 0.0794253 0.0732644 0.230244 0.0836079 0.0340788 9.9982E-05 9.9982E-05 0.403504
0.227519 0.0061913 9.9982E-05 0.151444 0.256041 0.0484795 0.0260358 0.0485615 9.9982E-05 0.235528
0.0660146 9.9982E-05 0.0329365 0.163413 0.468357 9.9982E-05 0.0234614 0.0297159 0.0396259 0.176276
0.0532683 9.9973E-05 9.9973E-05 0.85271 9.9973E-05 0.00064546 0.0619716 0.00636126 0.0225031 0.00223979
0.362219 9.9991E-05 0.00608282 0.0983195 0.18114 0.0527927 0.0174268 0.0233192 0.0941407 0.164459
0.362889 0.0288283 0.0706222 0.123484 0.121681 0.0535929 0.0193685 9.9991E-05 0.0312375 0.188197
0.0122939 0.00583674 0.103604 0.13712 0.483454 9.9982E-05 0.0789682 9.9982E-05 0.00214851 0.176374
0.238901 0.00984273 9.9991E-05 0.16738 0.0899284 0.0776202 0.0836231 0.100669 0.0202649 0.21167
0.189974 0.0209798 9.9973E-05 0.132351 0.337468 9.9973E-05 9.9973E-05 0.0870612 0.000820043 0.231046
9.99201E-05 9.99201E-05 9.99201E-05 0.999101 9.99201E-05 9.99201E-05 9.99201E-05 9.99201E-05 9.99201E-05 9.99201E-05
0.155043 0.0650201 9.9982E-05 0.134043 0.240169 0.0399092 0.0127394 0.139595 9.9982E-05 0.213281
9.9964E-05 9.9964E-05 0.0984573 0.495027 0.135629 9.9964E-05 9.9964E-05 0.0782387 0.0309016 0.161347
0.093266 0.0297267 0.101586 0.185871 0.478355 9.9973E-05 9.9973E-05 9.9973E-05 0.00336532 0.10753
0.0912462 0.0334259 9.9982E-05 0.00773054 0.598743 9.9982E-05 0.0619025 0.0676373 0.0236894 0.115425
9.9955E-05 9.9955E-05 0.00326168 0.060495 0.92691 9.9955E-05 9.9955E-05 0.0043526 0.00448102 9.9955E-05
0.115917 9.9973E-05 0.0627255 0.210761 0.399308 0.0108702 9.9973E-05 0.027136 9.9973E-05 0.172983
9.9928E-05 9.9928E-05 9.9928E-05 9.9928E-05 0.931194 9.9928E-05 9.9928E-05 9.9928E-05 0.0680067 9.9928E-05
0.280597 0.00377325 9.9946E-05 0.0358267 0.679204 9.9946E-05 9.9946E-05 9.9946E-05 9.9946E-05 9.9946E-05
9.9937E-05 0.00985584 9.9937E-05 9.9937E-05 0.889256 9.9937E-05 9.9937E-05 9.9937E-05 0.100188 9.9937E-05
0.038003 0.0272877 0.00198373 9.9973E-05 0.49786 9.9973E-05 0.0740338 0.0494672 9.9973E-05 0.311065
9.9928E-05 9.9928E-05 9.9928E-05 9.9928E-05 0.990542 9.9928E-05 9.9928E-05 9.9928E-05 0.00865864 9.9928E-05
0.0642772 0.0688868 0.0301663 0.184305 0.432923 0.0476557 0.0474476 9.9982E-05 9.9982E-05 0.124139
0.264389 0.00820042 0.0834892 0.0834804 0.457403 9.9982E-05 0.0610383 0.00105181 9.9982E-05 0.040748
0.0272207 9.9964E-05 9.9964E-05 0.0157808 0.815585 0.0747879 9.9964E-05 0.0623535 0.00387195 9.9964E-05
0.070867 9.9955E-05 9.9955E-05 0.0048672 0.848445 0.05084 9.9955E-05 0.024481 9.9955E-05 9.9955E-05
0.320356 9.9973E-05 0.0571847 0.119674 0.395318 0.0456083 9.9973E-05 0.03058 0.0309783 9.9973E-05
0.170955 9.9964E-05 9.9964E-05 0.0572021 0.621622 9.9964E-05 9.9964E-05 0.061655 0.0333985 0.0547678
0.0927864 0.0319356 9.9955E-05 0.0959223 0.723166 9.9955E-05 0.0556901 9.9955E-05 9.9955E-05 9.9955E-05
0.227316 0.0818043 0.0646826 0.0410046 0.470592 9.9973E-05 9.9973E-05 9.9973E-05 0.0674441 0.0468562
0.904172 9.9955E-05 9.9955E-05 9.9955E-05 0.0325336 0.00721331 0.0115544 9.9955E-05 0.0440265 9.9955E-05
0.94062 9.9946E-05 9.9946E-05 9.9946E-05 0.056373 9.9946E-05 9.9946E-05 0.00184557 0.000561668 9.9946E-05
0.957215 9.99461E-05 9.99461E-05 0.0113797 9.99461E-05 0.0178034 0.0130022 9.99461E-05 9.99461E-05 9.99461E-05
0.929464 9.9937E-05 9.9937E-05 9.9937E-05 0.0537007 9.9937E-05 9.9937E-05 9.9937E-05 0.0161357 9.9937E-05
0.967582 9.9937E-05 9.9937E-05 9.9937E-05 0.0168692 9.9937E-05 0.0148488 9.9937E-05 9.9937E-05 9.9937E-05
0.465122 0.0922261 0.0825077 0.0104043 0.15442 0.00454431 9.9991E-05 0.0301743 0.00151404 0.158987
0.464758 0.144454 9.9982E-05 0.0615067 0.163318 9.9982E-05 0.0109709 0.0193726 0.0381377 0.0972813
0.569102 0.12711 0.0181982 0.0489635 0.110941 0.0353422 0.06456 0.0162796 9.9991E-05 0.00940456
0.502777 0.0123522 0.0320224 0.0314916 0.110409 0.0367992 0.0622844 0.0337021 9.9991E-05 0.178062
0.475458 0.0856856 0.0918469 9.9964E-05 0.177334 9.9964E-05 9.9964E-05 0.0271433 9.9964E-05 0.142132
0.403813 0.0889938 0.0243834 0.0381652 0.235906 0.0291926 0.0661127 0.0179557 0.057149 0.0383283
0.357335 0.0789943 0.0942625 9.9982E-05 0.204754 0.0199831 0.0904348 0.0950417 9.9982E-05 0.0589945
0.21855 0.0610738 0.0604897 0.0937623 0.223238 0.0248458 0.0252142 9.9991E-05 0.210537 0.0821897
0.179096 0.0403126 0.0731076 0.0943915 0.259389 0.0367337 0.0250027 9.9991E-05 0.201345 0.0905221
0.255206 0.156934 0.09196 0.107513 0.117427 0.0461494 0.0700534 0.149201 9.9991E-05 0.00545615
9.9937E-05 0.990976 9.9937E-05 9.9937E-05 9.9937E-05 0.00301114 0.00531317 9.9937E-05 9.9937E-05 9.9937E-05
9.99371E-05 0.970956 0.0161403 9.99371E-05 9.99371E-05 0.0122043 9.99371E-05 9.99371E-05 9.99371E-05 9.99371E-05
0.0290231 0.855958 9.9964E-05 9.9964E-05 0.00805282 9.9964E-05 9.9964E-05 0.0277838 0.0399988 0.0387838
9.99281E-05 0.984086 9.99281E-05 9.99281E-05 9.99281E-05 9.99281E-05 0.0151146 9.99281E-05 9.99281E-05 9.99281E-05
9.99201E-05 0.999101 9.99201E-05 9.99201E-05 9.99201E-05 9.99201E-05 9.99201E-05 9.99201E-05 9.99201E-05 9.99201E-05
9.99201E-05 0.999101 9.99201E-05 9.99201E-05 9.99201E-05 9.99201E-05 9.99201E-05 9.99201E-05 9.99201E-05 9.99201E-05
9.99281E-05 0.993672 9.99281E-05 9.99281E-05 9.99281E-05 9.99281E-05 0.00552887 9.99281E-05 9.99281E-05 9.99281E-05
9.9946E-05 0.895853 0.0366157 9.9946E-05 0.0164469 9.9946E-05 9.9946E-05 9.9946E-05 9.9946E-05 0.0504842
9.99201E-05 0.999101 9.99201E-05 9.99201E-05 9.99201E-05 9.99201E-05 9.99201E-05 9.99201E-05 9.99201E-05 9.99201E-05
9.99201E-05 0.999101 9.99201E-05 9.99201E-05 9.99201E-05 9.99201E-05 9.99201E-05 9.99201E-05 9.99201E-05 9.99201E-05
0.396069 0.051067 0.224924 0.0076411 0.0800017 9.9991E-05 0.0778158 0.0610842 0.0355583 0.0657395
9.9964E-05 0.891898 9.9964E-05 0.0147312 0.0283434 9.9964E-05 0.0046206 0.0394171 0.0205902 9.9964E-05
9.99201E-05 0.999101 9.99201E-05 9.99201E-05 9.99201E-05 9.99201E-05 9.99201E-05 9.99201E-05 9.99201E-05 9.99201E-05
0.0057536 0.988343 9.9937E-05 9.9937E-05 9.9937E-05 9.9937E-05 9.9937E-05 9.9937E-05 0.00520394 9.9937E-05
0.985069 9.99281E-05 0.0141316 9.99281E-05 9.99281E-05 9.99281E-05 9.99281E-05 9.99281E-05 9.99281E-05 9.99281E-05
0.999101 9.99201E-05 9.99201E-05 9.99201E-05 9.99201E-05 9.99201E-05 9.99201E-05 9.99201E-05 9.99201E-05 9.99201E-05
0.982443 9.99371E-05 9.99371E-05 9.99371E-05 9.99371E-05 0.00366071 9.99371E-05 9.99371E-05 0.0131964 9.99371E-05
0.999101 9.99201E-05 9.99201E-05 9.99201E-05 9.99201E-05 9.99201E-05 9.99201E-05 9.99201E-05 9.99201E-05 9.99201E-05
0.891975 0.0118027 0.0536609 9.9964E-05 9.9964E-05 9.9964E-05 0.0253171 0.00730386 0.0095402 9.9964E-05
0.716301 9.9955E-05 0.0406309 0.00681345 9.9955E-05 9.9955E-05 9.9955E-05 9.9955E-05 0.106986 0.128769
0.794322 0.0672241 0.0235741 9.9973E-05 9.9973E-05 0.00909808 0.0102316 9.9973E-05 0.0549351 0.0403154
0.817593 0.0214481 0.0760611 9.9955E-05 9.9955E-05 9.9955E-05 9.9955E-05 0.0462669 0.0381308 9.9955E-05
0.830471 0.107472 9.9955E-05 9.9955E-05 9.9955E-05 9.9955E-05 0.031359 0.00123889 0.0289593 9.9955E-05
0.908317 0.060679 9.9946E-05 9.9946E-05 9.9946E-05 9.9946E-05 0.0080616 9.9946E-05 0.0223429 9.9946E-05
0.746039 0.0126842 0.0670345 9.9982E-05 0.0336042 9.9982E-05 0.0333488 0.0498679 0.0413479 0.0158739
0.772402 0.0846166 9.9955E-05 0.0306825 9.9955E-05 9.9955E-05 9.9955E-05 9.9955E-05 0.0817531 0.0300464
0.742786 9.9982E-05 0.0674075 0.0235457 0.0457803 0.0200755 0.0446765 0.0388349 0.0166934 9.9982E-05
0.641326 0.0681502 0.118915 9.9991E-05 0.0559824 0.000194497 0.00865866 0.051052 0.00247561 0.0531451
0.000167596 9.9964E-05 0.941372 9.9964E-05 0.0202557 9.9964E-05 0.00853234 0.0260735 0.00319896 9.9964E-05
9.9955E-05 0.00916922 0.885358 9.9955E-05 9.9955E-05 0.0102235 9.9955E-05 0.0457614 0.0489879 9.9955E-05
9.9928E-05 9.9928E-05 0.9991 9.9928E-05 9.9928E-05 9.9928E-05 0.000100648 9.9928E-05 9.9928E-05 9.9928E-05
9.99201E-05 9.99201E-05 0.999101 9.99201E-05 9.99201E-05 9.99201E-05 9.99201E-05 9.99201E-05 9.99201E-05 9.99201E-05
9.9928E-05 9.9928E-05 0.985092 9.9928E-05 9.9928E-05 9.9928E-05 9.9928E-05 0.0141081 9.9928E-05 9.9928E-05
9.9928E-05 0.00217046 0.99703 9.9928E-05 9.9928E-05 9.9928E-05 9.9928E-05 9.9928E-05 9.9928E-05 9.9928E-05
9.9937E-05 9.9937E-05 0.957269 0.0230918 9.9937E-05 9.9937E-05 0.0189394 9.9937E-05 9.9937E-05 9.9937E-05
9.9955E-05 9.9955E-05 0.745764 9.9955E-05 0.135393 0.0511632 9.9955E-05 9.9955E-05 0.0656636 0.00151686
9.99201E-05 9.99201E-05 0.999101 9.99201E-05 9.99201E-05 9.99201E-05 9.99201E-05 9.99201E-05 9.99201E-05 9.99201E-05
9.99201E-05 9.99201E-05 0.999101 9.99201E-05 9.99201E-05 9.99201E-05 9.99201E-05 9.99201E-05 9.99201E-05 9.99201E-05
9.9955E-05 0.0633599 0.818401 9.9955E-05 0.0230701 0.0230088 9.9955E-05 9.9955E-05 0.0716608 9.9955E-05
9.9946E-05 0.00088502 0.991858 9.9946E-05 9.9946E-05 9.9946E-05 9.9946E-05 0.00455947 9.9946E-05 0.00209736
0.0290538 9.9964E-05 0.760869 0.00160772 0.121537 9.9964E-05 0.0740576 9.9964E-05 0.0124753 9.9964E-05
9.99201E-05 9.99201E-05 9.99201E-05 9.99201E-05 9.99201E-05 9.99201E-05 0.999101 9.99201E-05 9.99201E-05 9.99201E-05
0.495766 0.129779 0.109461 0.059374 0.0644897 9.9982E-05 0.0806705 0.0388324 0.0214281 9.9982E-05
9.99201E-05 9.99201E-05 9.99201E-05 9.99201E-05 9.99201E-05 9.99201E-05 0.999101 9.99201E-05 9.99201E-05 9.99201E-05
9.99201E-05 9.99201E-05 9.99201E-05 9.99201E-05 9.99201E-05 9.99201E-05 0.999101 9.99201E-05 9.99201E-05 9.99201E-05
9.99371E-05 0.00666618 9.99371E-05 9.99371E-05 9.99371E-05 9.99371E-05 0.927646 9.99371E-05 0.0649878 9.99371E-05
0.0111954 0.0317054 0.0739051 0.00141184 0.0395498 9.9973E-05 0.754018 9.9973E-05 9.9973E-05 0.0879144
9.99201E-05 9.99201E-05 9.99201E-05 9.99201E-05 9.99201E-05 9.99201E-05 0.999101 9.99201E-05 9.99201E-05 9.99201E-05
0.0325887 9.9964E-05 0.0304211 0.0180696 9.9964E-05 0.0198807 0.879235 9.9964E-05 0.0194054 9.9964E-05
9.99371E-05 0.00805185 9.99371E-05 9.99371E-05 9.99371E-05 9.99371E-05 0.977806 9.99371E-05 0.0134425 9.99371E-05
9.9955E-05 9.9955E-05 0.0272174 0.00688775 0.00567081 9.9955E-05 0.935292 0.0244321 9.9955E-05 9.9955E-05
9.99201E-05 9.99201E-05 9.99201E-05 9.99201E-05 9.99201E-05 9.99201E-05 0.999101 9.99201E-05 9.99201E-05 9.99201E-05
9.99281E-05 9.99281E-05 9.99281E-05 0.00168692 9.99281E-05 9.99281E-05 0.997514 9.99281E-05 9.99281E-05 9.99281E-05
9.99281E-05 9.99281E-05 0.0322013 9.99281E-05 9.99281E-05 9.99281E-05 0.966999 9.99281E-05 9.99281E-05 9.99281E-05
0.00773471 0.0451304 0.0571949 9.9964E-05 9.9964E-05 9.9964E-05 0.804369 0.0831197 0.00205122 9.9964E-05
9.9955E-05 9.9955E-05 9.9955E-05 9.9955E-05 0.0258811 0.00529835 0.928969 0.00291529 0.0364365 9.9955E-05
0.0112679 0.0283143 9.9955E-05 9.9955E-05 0.0522348 9.9955E-05 0.852994 9.9955E-05 0.0546892 9.9955E-05
0.019135 9.99717E-05 0.0452269 9.99717E-05 0.0195589 9.99717E-05 0.835874 0.0419134 0.0378923 9.99717E-05
9.9973E-05 9.9973E-05 0.00690257 9.9973E-05 0.0257974 0.0145514 0.818158 0.0840102 0.0108211 0.0394592
0.0508248 9.9955E-05 9.9955E-05 0.00963303 0.00904671 0.00302588 0.92697 9.9955E-05 9.9955E-05 9.9955E-05
0.148539 0.0449688 0.0311229 9.9982E-05 0.280508 0.0295108 0.0310672 0.306013 0.12807 9.9982E-05
0.0954605 0.0270701 0.0420999 9.9991E-05 0.313009 0.0379305 0.0677149 0.286521 0.0909442 0.0391502
0.0869514 0.0900883 9.9973E-05 9.9973E-05 0.305654 0.0335544 0.0421733 0.276475 0.164804 9.9973E-05
0.101801 0.0224576 9.9973E-05 9.9973E-05 0.351622 0.0374694 0.0452819 0.240911 0.200158 9.9973E-05
9.9946E-05 9.9946E-05 0.0184774 9.9946E-05 0.0620307 9.9946E-05 9.9946E-05 9.9946E-05 0.904218 0.0146741
9.99201E-05 9.99201E-05 9.99201E-05 9.99201E-05 9.99201E-05 9.99201E-05 9.99201E-05 9.99201E-05 0.999101 9.99201E-05
9.9946E-05 0.00260936 0.00310575 9.9946E-05 9.9946E-05 9.9946E-05 9.9946E-05 0.0123918 0.981293 9.9946E-05
9.99201E-05 9.99201E-05 9.99201E-05 9.99201E-05 9.99201E-05 9.99201E-05 9.99201E-05 9.99201E-05 0.999101 9.99201E-05
0.0198288 9.9946E-05 0.00978783 9.9946E-05 9.9946E-05 9.9946E-05 9.9946E-05 0.0293385 0.940445 9.9946E-05
0.0136825 0.0310893 0.000419027 9.9964E-05 9.9964E-05 9.9964E-05 0.0188162 0.0118987 0.923694 9.9964E-05
9.9973E-05 0.000689947 0.0119612 0.015617 0.0153895 9.9973E-05 0.00438413 0.00769189 0.943966 9.9973E-05
0.0600095 9.9982E-05 0.029444 0.0113655 9.9982E-05 0.0300933 0.0500074 0.0225432 0.769989 0.0263486
9.9946E-05 9.9946E-05 9.9946E-05 9.9946E-05 0.0788362 0.00125465 9.9946E-05 9.9946E-05 0.818278 0.101031
9.9946E-05 0.00495405 0.00429316 9.9946E-05 9.9946E-05 0.00945288 9.9946E-05 0.9807 9.9946E-05 9.9946E-05
9.9946E-05 9.9946E-05 0.0104992 9.9946E-05 9.9946E-05 9.9946E-05 0.012318 0.972508 0.00407528 9.9946E-05
9.99201E-05 9.99201E-05 9.99201E-05 9.99201E-05 9.99201E-05 9.99201E-05 9.99201E-05 0.999101 9.99201E-05 9.99201E-05
9.99201E-05 9.99201E-05 9.99201E-05 9.99201E-05 9.99201E-05 9.99201E-05 9.99201E-05 0.999101 9.99201E-05 9.99201E-05
9.99201E-05 9.99201E-05 9.99201E-05 9.99201E-05 9.99201E-05 9.99201E-05 9.99201E-05 0.999101 9.99201E-05 9.99201E-05
0.0555663 0.0139841 9.9964E-05 0.00221309 9.9964E-05 9.9964E-05 0.0435583 0.845621 0.038657 9.9964E-05
9.99281E-05 9.99281E-05 9.99281E-05 9.99281E-05 9.99281E-05 9.99281E-05 9.99281E-05 0.96821 9.99281E-05 0.030991
9.99201E-05 9.99201E-05 9.99201E-05 9.99201E-05 9.99201E-05 9.99201E-05 9.99201E-05 0.999101 9.99201E-05 9.99201E-05
0.00748576 0.0117207 9.9955E-05 0.000489768 9.9955E-05 9.9955E-05 9.9955E-05 0.976956 9.9955E-05 0.00284849
9.9955E-05 9.9955E-05 0.0418981 0.0286894 0.00613529 9.9955E-05 0.019976 0.902801 9.9955E-05 9.9955E-05
9.99201E-05 9.99201E-05 9.99201E-05 9.99201E-05 9.99201E-05 9.99201E-05 9.99201E-05 0.999101 9.99201E-05 9.99201E-05
9.99201E-05 9.99201E-05 9.99201E-05 9.99201E-05 9.99201E-05 9.99201E-05 9.99201E-05 0.999101 9.99201E-05 9.99201E-05
