0.999101 9.99201E-05 9.99201E-05 9.99201E-05 9.99201E-05 9.99201E-05 9.99201E-05 9.99201E-05 9.99201E-05 9.99201E-05
0.268195 9.9946E-05 9.9946E-05 0.0730214 9.9946E-05 9.9946E-05 0.561446 0.0967376 9.9946E-05 9.9946E-05
0.25298 9.9946E-05 9.9946E-05 0.0484161 9.9946E-05 9.9946E-05 0.578507 0.119497 9.9946E-05 9.9946E-05
0.213631 0.002042 9.99461E-05 9.99461E-05 9.99461E-05 9.99461E-05 0.731121 9.99461E-05 0.0526069 9.99461E-05
0.102379 0.0203566 0.00210324 9.9973E-05 0.0230014 0.070464 0.676299 9.9973E-05 0.105097 9.9973E-05
0.158388 0.0125052 9.9973E-05 9.9973E-05 9.9973E-05 0.0033118 0.568089 0.0190352 0.174555 0.0638153
0.24175 9.9946E-05 0.0497372 9.9946E-05 9.9946E-05 9.9946E-05 0.70737 0.000543758 9.9946E-05 9.9946E-05
0.26861 9.9964E-05 9.9964E-05 0.00582635 0.00617286 9.9964E-05 0.489649 0.0628438 0.166498 9.9964E-05
0.18474 0.00152265 9.9964E-05 0.0278104 9.9964E-05 9.9964E-05 0.574777 0.0764118 0.134338 9.9964E-05
0.999101 9.99201E-05 9.99201E-05 9.99201E-05 9.99201E-05 9.99201E-05 9.99201E-05 9.99201E-05 9.99201E-05 9.99201E-05
0.999101 9.99201E-05 9.99201E-05 9.99201E-05 9.99201E-05 9.99201E-05 9.99201E-05 9.99201E-05 9.99201E-05 9.99201E-05
0.999101 9.99201E-05 9.99201E-05 9.99201E-05 9.99201E-05 9.99201E-05 9.99201E-05 9.99201E-05 9.99201E-05 9.99201E-05
0.999101 9.99201E-05 9.99201E-05 9.99201E-05 9.99201E-05 9.99201E-05 9.99201E-05 9.99201E-05 9.99201E-05 9.99201E-05
0.917451 0.0220907 0.00341243 9.9955E-05 9.9955E-05 0.0352182 0.0213274 9.9955E-05 9.9955E-05 9.9955E-05
0.932689 9.9937E-05 0.00834632 9.9937E-05 9.9937E-05 9.9937E-05 9.9937E-05 9.9937E-05 0.0582656 9.9937E-05
0.153192 9.9955E-05 0.00399394 9.9955E-05 0.0185598 9.9955E-05 0.466474 9.9955E-05 0.35728 9.9955E-05
0.247479 0.028715 0.0597888 0.0240432 0.0540641 0.068817 0.330576 0.0564634 0.129953 9.9991E-05
0.194778 9.9955E-05 0.00812761 9.9955E-05 9.9955E-05 9.9955E-05 0.72107 9.9955E-05 0.0473789 0.0281454
9.9955E-05 0.0276484 9.9955E-05 0.00844331 0.0232313 0.0245833 0.915594 9.9955E-05 9.9955E-05 9.9955E-05
9.9946E-05 0.00796356 9.9946E-05 9.9946E-05 0.0184273 0.0420271 0.930982 9.9946E-05 9.9946E-05 9.9946E-05
0.0277588 0.0208252 9.9955E-05 0.0387112 9.9955E-05 9.9955E-05 0.867246 9.9955E-05 9.9955E-05 0.0449589
9.9955E-05 9.9955E-05 9.9955E-05 9.9955E-05 0.00665821 0.0972168 0.72786 0.0537947 0.113971 9.9955E-05
9.9964E-05 0.0070252 0.0373841 0.000902781 9.9964E-05 0.103166 0.832087 0.0190355 9.9964E-05 9.9964E-05
0.000469926 9.9955E-05 0.0052274 9.9955E-05 0.0346001 0.0210805 0.938122 9.9955E-05 9.9955E-05 9.9955E-05
9.9955E-05 0.00819935 0.106826 0.00906797 0.0161396 9.9955E-05 0.859267 9.9955E-05 9.9955E-05 9.9955E-05
9.9964E-05 0.0256989 9.9964E-05 9.9964E-05 0.0502375 0.00110256 0.646478 9.9964E-05 0.175163 0.10092
9.9973E-05 0.103287 9.9973E-05 9.9973E-05 0.011311 0.013074 0.697272 0.065174 0.0796028 0.0299793
9.9937E-05 9.9937E-05 9.9937E-05 9.9937E-05 9.9937E-05 9.9937E-05 0.879564 0.00544987 0.114287 9.9937E-05
0.0539392 9.9973E-05 9.9973E-05 9.9973E-05 0.0344379 0.0240842 0.752472 0.0109446 0.0635014 0.0603212
0.051831 9.9937E-05 9.9937E-05 9.9937E-05 9.9937E-05 9.9937E-05 0.87724 9.9937E-05 9.9937E-05 0.0702299
0.0172116 9.9955E-05 9.9955E-05 9.9955E-05 0.0251461 0.0518033 0.89642 9.9955E-05 9.9955E-05 0.00891922
9.9982E-05 0.039369 0.0742779 9.9982E-05 0.0344213 0.0130321 0.780996 0.00548747 0.0314159 0.0208007
9.9946E-05 9.9946E-05 9.9946E-05 0.00221452 9.9946E-05 9.9946E-05 0.777575 0.0188004 9.9946E-05 0.20081
0.0667116 0.0229721 0.0221064 0.00496718 0.0947777 9.9991E-05 0.557908 0.0541434 0.122171 0.0541432
9.9955E-05 0.0248762 0.0206982 9.9955E-05 9.9955E-05 0.139591 0.789436 0.0248982 9.9955E-05 9.9955E-05
0.0643586 0.021714 9.9946E-05 9.9946E-05 9.9946E-05 9.9946E-05 0.861292 9.9946E-05 9.9946E-05 0.0520357
9.9955E-05 9.9955E-05 0.125026 9.9955E-05 9.9955E-05 0.000952487 0.543664 9.9955E-05 0.159072 0.170786
9.9964E-05 0.0458405 9.9964E-05 9.9964E-05 0.0135404 0.015495 0.589575 0.0311838 9.9964E-05 0.303965
0.0032967 0.0730853 0.052486 0.0202938 9.9982E-05 9.9982E-05 0.509707 0.0879582 0.0568594 0.196113
9.9946E-05 0.0386177 0.0548909 9.9946E-05 9.9946E-05 9.9946E-05 0.581611 9.9946E-05 9.9946E-05 0.324281
9.9955E-05 0.0181972 9.9955E-05 0.0446999 0.0108338 9.9955E-05 9.9955E-05 0.00406798 0.921701 9.9955E-05
9.9964E-05 0.0166081 0.0316509 0.00338663 0.00326657 9.9964E-05 0.0181035 9.9964E-05 0.926584 9.9964E-05
0.0235149 9.9964E-05 9.9964E-05 0.0459756 0.052671 9.9964E-05 0.142197 0.0553121 0.67993 9.9964E-05
9.9955E-05 0.0183601 9.9955E-05 0.00832774 0.00527887 9.9955E-05 0.00588041 9.9955E-05 0.961653 9.9955E-05
9.9973E-05 0.0210385 0.150976 9.9973E-05 0.0366748 9.9973E-05 0.20973 0.0597327 0.290085 0.231463
9.99201E-05 9.99201E-05 0.999101 9.99201E-05 9.99201E-05 9.99201E-05 9.99201E-05 9.99201E-05 9.99201E-05 9.99201E-05
9.99201E-05 9.99201E-05 0.999101 9.99201E-05 9.99201E-05 9.99201E-05 9.99201E-05 9.99201E-05 9.99201E-05 9.99201E-05
9.9982E-05 0.0167591 0.131019 9.9982E-05 0.0269925 0.0357726 0.393455 0.0527862 0.327709 0.0153072
0.0498699 0.0782374 0.12219 9.9991E-05 0.0728823 0.00708232 0.153595 0.0316123 0.385111 0.0993197
0.0584126 0.0506825 0.0853317 0.0192806 0.0404445 9.9991E-05 0.342399 0.0168434 0.331927 0.0545784
0.0303553 0.0230815 0.175806 9.9973E-05 9.9973E-05 9.9973E-05 0.281421 0.0471702 0.150336 0.291531
9.9973E-05 0.0284406 0.184249 9.9973E-05 9.9973E-05 0.0182727 0.218055 0.0303866 0.427443 0.0928535
0.00327747 0.0215245 0.930422 9.9964E-05 0.00267817 9.9964E-05 9.9964E-05 0.0399313 9.9964E-05 0.00176652
0.0468009 0.0733291 0.128695 9.9982E-05 0.0290543 0.0394807 0.225155 9.9982E-05 0.0355967 0.421688
0.0819156 0.0290598 0.193013 0.0156261 0.0204125 0.0359691 0.176602 9.9991E-05 0.0196369 0.427665
9.9973E-05 9.9973E-05 0.111394 0.004199 0.0746942 9.9973E-05 0.131797 0.107472 0.482869 0.0872748
0.0761716 0.0949613 0.16551 9.9973E-05 9.9973E-05 9.9973E-05 0.148637 0.0642511 0.212164 0.238005
9.9973E-05 0.0657626 0.144375 0.0239294 0.0456029 9.9973E-05 0.19071 9.9973E-05 0.369122 0.160199
9.99201E-05 9.99201E-05 0.999101 9.99201E-05 9.99201E-05 9.99201E-05 9.99201E-05 9.99201E-05 9.99201E-05 9.99201E-05
0.0261168 0.0946222 0.153574 0.0147191 0.0020066 9.9991E-05 0.27761 0.0315211 0.122258 0.277472
9.9964E-05 0.0623399 0.511236 9.9964E-05 0.0725267 0.0494096 0.20742 9.9964E-05 0.0966683 9.9964E-05
0.0266324 0.0132142 0.161702 0.0319621 0.0872296 9.9982E-05 0.0320693 9.9982E-05 0.473493 0.173498
9.9982E-05 0.0472264 9.9982E-05 0.0340866 0.00223931 0.0218296 0.106823 0.0653191 0.634728 0.0875474
9.9946E-05 9.9946E-05 9.9946E-05 9.9946E-05 0.00984009 0.0587112 9.9946E-05 0.013437 0.917412 9.9946E-05
0.0246657 0.0487039 0.166935 0.00314343 0.0529204 9.9982E-05 0.152772 9.9982E-05 0.482641 0.0680181
9.9946E-05 0.00879085 9.9946E-05 9.9946E-05 9.9946E-05 0.0160107 9.9946E-05 0.0044835 0.970115 9.9946E-05
9.9946E-05 9.9946E-05 0.00551707 0.00771932 9.9946E-05 9.9946E-05 9.9946E-05 9.9946E-05 0.716869 0.269294
9.99461E-05 9.99461E-05 9.99461E-05 9.99461E-05 0.012716 0.0666451 9.99461E-05 0.00645372 0.913585 9.99461E-05
9.9973E-05 0.0343014 9.9973E-05 0.00750541 0.00993684 9.9973E-05 0.29413 0.0106227 0.521352 0.121852
9.99281E-05 9.99281E-05 9.99281E-05 9.99281E-05 9.99281E-05 0.00632955 9.99281E-05 9.99281E-05 0.992871 9.99281E-05
0.0303795 9.9982E-05 0.16009 0.0507395 0.0362835 9.9982E-05 0.0468906 0.0603392 0.539039 0.0760387
9.9982E-05 9.9982E-05 0.0461565 0.0142716 0.0494 0.0458113 0.0320885 0.0433437 0.588486 0.180242
0.066163 0.0218046 0.0136102 9.9955E-05 9.9955E-05 9.9955E-05 9.9955E-05 9.9955E-05 0.867654 0.0302686
0.0437516 0.0609277 0.0338261 9.9955E-05 9.9955E-05 9.9955E-05 9.9955E-05 9.9955E-05 0.850085 0.0109097
0.0420473 0.0196397 0.021632 9.9982E-05 0.0708437 0.0360841 9.9982E-05 0.0394918 0.502071 0.26799
9.9973E-05 0.0762606 0.0890951 0.00934804 9.9973E-05 0.0327946 0.0163684 9.9973E-05 0.630007 0.145826
9.9973E-05 0.0674641 0.0528039 0.0407755 9.9973E-05 0.000885565 9.9973E-05 0.0155999 0.788093 0.0340785
0.0192388 9.9973E-05 0.0189745 0.0924018 9.9973E-05 0.154682 0.0331623 9.9973E-05 0.515343 0.165898
9.9946E-05 9.9946E-05 9.9946E-05 9.9946E-05 0.00305364 9.9946E-05 0.00298355 9.9946E-05 0.0872888 0.906074
9.9937E-05 9.9937E-05 9.9937E-05 9.9937E-05 9.9937E-05 0.0248274 9.9937E-05 9.9937E-05 0.0125619 0.961911
9.9946E-05 9.9946E-05 0.0400839 9.9946E-05 9.9946E-05 0.0111356 9.9946E-05 0.024051 9.9946E-05 0.92413
9.99281E-05 9.99281E-05 9.99281E-05 9.99281E-05 9.99281E-05 9.99281E-05 9.99281E-05 9.99281E-05 0.0295115 0.969689
9.99281E-05 9.99281E-05 9.99281E-05 9.99281E-05 9.99281E-05 9.99281E-05 9.99281E-05 9.99281E-05 0.066053 0.933148
0.0235505 0.0480835 9.9991E-05 0.076435 0.0951395 0.0109948 0.0713423 0.00158314 0.238241 0.434531
0.00903129 9.9991E-05 0.0688212 0.114266 0.0237234 0.0369702 0.0648802 0.032668 0.112694 0.536846
9.9973E-05 0.00652883 0.00311908 0.0813262 9.9973E-05 9.9973E-05 0.101113 0.0902508 0.171505 0.545857
0.0540804 0.0272849 0.0506324 0.0376763 0.0351381 9.9991E-05 0.151734 0.0583559 0.0925822 0.492416
0.0167362 0.0371307 9.9973E-05 0.0690122 0.0860846 9.9973E-05 0.0819768 9.9973E-05 0.253055 0.455704
0.0542715 0.0366387 0.0522451 0.103803 0.0486302 0.00618979 9.9991E-05 0.0243113 0.147903 0.525907
0.0117469 0.110797 9.9982E-05 0.0629557 0.101297 9.9982E-05 0.0759096 0.0627914 0.214122 0.36018
0.0393555 9.9991E-05 0.147432 0.0828779 0.0485834 0.184845 0.110558 0.0315432 0.111409 0.243295
0.0562545 9.9991E-05 0.128903 0.0716084 0.0516803 0.149697 0.0613788 0.0687414 0.149726 0.26191
0.0260377 0.14908 0.0634822 0.162658 0.0277841 9.9991E-05 0.0363929 0.0967875 0.0568565 0.380821
9.99201E-05 9.99201E-05 9.99201E-05 0.999101 9.99201E-05 9.99201E-05 9.99201E-05 9.99201E-05 9.99201E-05 9.99201E-05
0.0287635 9.9964E-05 9.9964E-05 0.932244 0.0152504 9.9964E-05 0.000405589 0.00943563 0.0135009 9.9964E-05
0.0156279 0.0352796 0.00036591 0.866563 0.00657992 0.0621125 0.0120059 0.00126551 9.9982E-05 9.9982E-05
9.99371E-05 9.99371E-05 9.99371E-05 0.975546 0.0108502 9.99371E-05 9.99371E-05 0.0129042 9.99371E-05 9.99371E-05
9.99201E-05 9.99201E-05 9.99201E-05 0.999101 9.99201E-05 9.99201E-05 9.99201E-05 9.99201E-05 9.99201E-05 9.99201E-05
9.99281E-05 0.00686194 9.99281E-05 0.992339 9.99281E-05 9.99281E-05 9.99281E-05 9.99281E-05 9.99281E-05 9.99281E-05
9.9937E-05 9.9937E-05 9.9937E-05 0.978847 9.9937E-05 0.014521 9.9937E-05 9.9937E-05 9.9937E-05 0.00593196
9.9973E-05 0.04136 0.0358515 0.85032 9.9973E-05 0.00061108 0.0363956 0.00134848 9.9973E-05 0.0338139
9.99201E-05 9.99201E-05 9.99201E-05 0.999101 9.99201E-05 9.99201E-05 9.99201E-05 9.99201E-05 9.99201E-05 9.99201E-05
0.0123684 9.99281E-05 9.99281E-05 0.986832 9.99281E-05 9.99281E-05 9.99281E-05 9.99281E-05 9.99281E-05 9.99281E-05
0.0101536 0.06345 9.9991E-05 0.0687035 0.255139 0.0156451 0.0610504 0.065387 0.0384994 0.421873
9.9955E-05 0.0372946 0.00276792 0.869205 9.9955E-05 0.0366122 9.9955E-05 9.9955E-05 0.0536203 9.9955E-05
9.99201E-05 9.99201E-05 9.99201E-05 0.999101 9.99201E-05 9.99201E-05 9.99201E-05 9.99201E-05 9.99201E-05 9.99201E-05
9.9946E-05 0.0076615 9.9946E-05 0.97252 9.9946E-05 0.0138722 9.9946E-05 9.9946E-05 9.9946E-05 0.00534631
9.99281E-05 9.99281E-05 9.99281E-05 9.99281E-05 0.0149738 9.99281E-05 9.99281E-05 9.99281E-05 9.99281E-05 0.984227
9.99201E-05 9.99201E-05 9.99201E-05 9.99201E-05 9.99201E-05 9.99201E-05 9.99201E-05 9.99201E-05 9.99201E-05 0.999101
9.99201E-05 9.99201E-05 9.99201E-05 9.99201E-05 9.99201E-05 9.99201E-05 9.99201E-05 9.99201E-05 9.99201E-05 0.999101
9.99201E-05 9.99201E-05 9.99201E-05 9.99201E-05 9.99201E-05 9.99201E-05 9.99201E-05 9.99201E-05 9.99201E-05 0.999101
9.9964E-05 0.0191112 0.0163912 0.0217923 0.0808249 9.9964E-05 9.9964E-05 0.0106665 9.9964E-05 0.850814
9.9964E-05 0.000769485 0.00284052 9.9964E-05 0.0165738 0.0687304 0.155936 9.9964E-05 9.9964E-05 0.75475
9.9964E-05 9.9964E-05 0.0169943 0.0477997 0.0113239 0.0628263 0.0880527 9.9964E-05 9.9964E-05 0.772603
9.9955E-05 0.0292323 9.9955E-05 0.0227227 0.0871164 0.0584672 9.9955E-05 9.9955E-05 9.9955E-05 0.801962
9.99371E-05 9.99371E-05 9.99371E-05 0.113984 9.99371E-05 9.99371E-05 9.99371E-05 0.0146398 9.99371E-05 0.870676
9.9946E-05 9.9946E-05 9.9946E-05 0.0514917 9.9946E-05 0.00463647 9.9946E-05 0.00760632 9.9946E-05 0.935666
9.9964E-05 0.0364431 9.9964E-05 9.9964E-05 0.036862 0.0359108 0.0625862 0.0405743 9.9964E-05 0.787224
9.9964E-05 9.9964E-05 0.00459047 0.053596 9.9964E-05 0.0531643 0.00591711 0.0336201 9.9964E-05 0.848712
0.00521871 0.040477 0.0289974 9.9982E-05 0.0657867 0.0244484 9.9982E-05 0.0335841 0.000549129 0.800739
9.9982E-05 0.0241182 9.9982E-05 0.0388659 0.106913 0.0023002 0.0114687 0.0189194 0.0615862 0.735628
9.99201E-05 9.99201E-05 9.99201E-05 9.99201E-05 9.99201E-05 9.99201E-05 9.99201E-05 0.999101 9.99201E-05 9.99201E-05
9.9982E-05 0.044526 0.0496019 0.102106 0.0831641 0.015097 9.9982E-05 0.106662 0.0518778 0.546765
9.99201E-05 9.99201E-05 9.99201E-05 9.99201E-05 9.99201E-05 9.99201E-05 9.99201E-05 0.999101 9.99201E-05 9.99201E-05
9.99201E-05 9.99201E-05 9.99201E-05 9.99201E-05 9.99201E-05 9.99201E-05 9.99201E-05 0.999101 9.99201E-05 9.99201E-05
0.00620234 9.99461E-05 9.99461E-05 0.0290343 9.99461E-05 0.0474603 9.99461E-05 0.916703 9.99461E-05 9.99461E-05
0.00227187 0.0381378 0.0161729 0.0244103 0.0369207 0.00120307 0.0107979 0.770217 0.0533098 0.0465584
9.99201E-05 9.99201E-05 9.99201E-05 9.99201E-05 9.99201E-05 9.99201E-05 9.99201E-05 0.999101 9.99201E-05 9.99201E-05
9.9964E-05 0.013546 0.0301204 0.00980328 9.9964E-05 0.0633202 9.9964E-05 0.868634 9.9964E-05 0.0141766
9.9964E-05 0.0179565 0.00054656 0.0079574 9.9964E-05 0.00606057 9.9964E-05 0.950544 9.9964E-05 0.0165349
9.9955E-05 9.9955E-05 9.9955E-05 9.9955E-05 0.00426358 9.9955E-05 0.0129071 0.963706 0.0107315 0.00789246
0.000301977 9.9937E-05 0.00189504 9.9937E-05 9.9937E-05 9.9937E-05 9.9937E-05 0.997103 9.9937E-05 9.9937E-05
9.9937E-05 9.9937E-05 9.9937E-05 9.9937E-05 0.0154899 9.9937E-05 9.9937E-05 0.934577 0.049233 9.9937E-05
9.99371E-05 0.00168254 9.99371E-05 9.99371E-05 0.0079892 9.99371E-05 9.99371E-05 0.989629 9.99371E-05 9.99371E-05
9.9973E-05 0.0509763 0.010254 0.015499 0.0239764 9.9973E-05 9.9973E-05 0.841577 0.0259192 0.0314986
0.000475055 0.0426823 9.9964E-05 9.9964E-05 0.00607978 0.00979898 0.033061 0.907503 9.9964E-05 9.9964E-05
9.9973E-05 9.9973E-05 0.00568849 9.9973E-05 0.00237367 0.0355312 0.00435321 0.898246 0.0427641 0.010743
0.00245447 0.034911 0.0377812 0.00190806 0.0413406 0.0198314 9.9973E-05 0.861473 9.9973E-05 9.9973E-05
0.00393271 0.0369479 0.02536 0.00656278 9.9973E-05 9.9973E-05 0.0152043 0.895763 9.9973E-05 0.0159295
9.9937E-05 9.9937E-05 9.9937E-05 9.9937E-05 0.0304597 9.9937E-05 9.9937E-05 0.964999 9.9937E-05 0.00384176
9.9955E-05 0.0158599 9.9955E-05 9.9955E-05 0.882291 0.0364442 0.0109625 9.9955E-05 9.9955E-05 0.0539431
9.99461E-05 0.0394227 9.99461E-05 0.0274727 0.858105 0.0743995 9.99461E-05 9.99461E-05 9.99461E-05 9.99461E-05
9.99201E-05 9.99201E-05 9.99201E-05 9.99201E-05 0.999101 9.99201E-05 9.99201E-05 9.99201E-05 9.99201E-05 9.99201E-05
9.9946E-05 0.0204955 0.00100319 9.9946E-05 0.974552 9.9946E-05 0.00334981 9.9946E-05 9.9946E-05 9.9946E-05
9.9928E-05 0.00698455 9.9928E-05 9.9928E-05 0.992216 9.9928E-05 9.9928E-05 9.9928E-05 9.9928E-05 9.9928E-05
9.9946E-05 9.9946E-05 0.0150533 0.00976681 0.970688 9.9946E-05 9.9946E-05 9.9946E-05 9.9946E-05 0.0038925
9.99281E-05 9.99281E-05 0.018742 9.99281E-05 0.980459 9.99281E-05 9.99281E-05 9.99281E-05 9.99281E-05 9.99281E-05
0.0466931 9.9955E-05 0.0252649 9.9955E-05 0.806088 0.0827261 0.038728 9.9955E-05 9.9955E-05 9.9955E-05
9.99281E-05 9.99281E-05 9.99281E-05 9.99281E-05 0.991269 9.99281E-05 9.99281E-05 0.00793198 9.99281E-05 9.99281E-05
9.99201E-05 9.99201E-05 9.99201E-05 9.99201E-05 0.999101 9.99201E-05 9.99201E-05 9.99201E-05 9.99201E-05 9.99201E-05
0.00557044 9.9955E-05 9.9955E-05 0.046211 0.848323 0.0626159 9.9955E-05 9.9955E-05 0.0367802 9.9955E-05
0.010059 9.99281E-05 9.99281E-05 9.99281E-05 0.989142 9.99281E-05 9.99281E-05 9.99281E-05 9.99281E-05 9.99281E-05
9.9964E-05 9.9964E-05 9.9964E-05 0.0027368 0.724056 0.0639186 9.9964E-05 0.086821 0.0989421 0.0231261
0.0232964 0.242932 9.9982E-05 0.0385617 0.0109692 0.120045 9.9982E-05 0.0450924 0.209893 0.30901
0.0127274 0.227577 9.9964E-05 9.9964E-05 0.0568886 0.140378 9.9964E-05 9.9964E-05 0.263678 0.298351
0.0322098 0.235633 9.9973E-05 0.0619042 9.9973E-05 0.0912606 9.9973E-05 0.0277892 0.27382 0.277083
0.0367314 0.214581 9.9964E-05 9.9964E-05 9.9964E-05 0.11111 9.9964E-05 0.0362477 0.286751 0.314179
9.9955E-05 0.0016956 9.9955E-05 9.9955E-05 0.0547478 0.901923 0.0163194 9.9955E-05 0.0248141 9.9955E-05
9.99201E-05 9.99201E-05 9.99201E-05 9.99201E-05 9.99201E-05 0.999101 9.99201E-05 9.99201E-05 9.99201E-05 9.99201E-05
9.9937E-05 0.00448559 9.9937E-05 9.9937E-05 9.9937E-05 0.981255 9.9937E-05 0.0135598 9.9937E-05 9.9937E-05
9.99201E-05 9.99201E-05 9.99201E-05 9.99201E-05 9.99201E-05 0.999101 9.99201E-05 9.99201E-05 9.99201E-05 9.99201E-05
9.9946E-05 0.0100391 9.9946E-05 0.00435443 0.00158051 0.983426 9.9946E-05 9.9946E-05 9.9946E-05 9.9946E-05
9.9937E-05 0.0364991 9.9937E-05 9.9937E-05 9.9937E-05 0.907043 9.9937E-05 9.9937E-05 9.9937E-05 0.055758
9.9955E-05 0.0172767 0.000823202 0.00474469 9.9955E-05 0.923523 9.9955E-05 9.9955E-05 9.9955E-05 0.0531323
0.010398 0.00665674 0.0183263 0.0404561 0.0350722 0.668801 0.0600779 0.0501662 0.0601095 0.049936
0.0225517 9.9973E-05 9.9973E-05 0.00290017 9.9973E-05 0.809369 0.0656213 0.0109659 0.0232203 0.0650714
0.000232518 0.889542 9.9964E-05 0.00448965 0.0153845 9.9964E-05 0.0191516 9.9964E-05 9.9964E-05 0.0708001
9.99201E-05 0.999101 9.99201E-05 9.99201E-05 9.99201E-05 9.99201E-05 9.99201E-05 9.99201E-05 9.99201E-05 9.99201E-05
9.9946E-05 0.984914 0.00328621 9.9946E-05 9.9946E-05 9.9946E-05 9.9946E-05 0.00620452 0.00499524 9.9946E-05
9.99201E-05 0.999101 9.99201E-05 9.99201E-05 9.99201E-05 9.99201E-05 9.99201E-05 9.99201E-05 9.99201E-05 9.99201E-05
9.99201E-05 0.999101 9.99201E-05 9.99201E-05 9.99201E-05 9.99201E-05 9.99201E-05 9.99201E-05 9.99201E-05 9.99201E-05
0.00509185 0.8775 0.0109324 9.9955E-05 9.9955E-05 9.9955E-05 9.9955E-05 9.9955E-05 0.00782395 0.0981515
9.99201E-05 0.999101 9.99201E-05 9.99201E-05 9.99201E-05 9.99201E-05 9.99201E-05 9.99201E-05 9.99201E-05 9.99201E-05
9.99201E-05 0.999101 9.99201E-05 9.99201E-05 9.99201E-05 9.99201E-05 9.99201E-05 9.99201E-05 9.99201E-05 9.99201E-05
0.000984756 0.993662 9.99371E-05 9.99371E-05 9.99371E-05 9.99371E-05 9.99371E-05 0.00465359 9.99371E-05 9.99371E-05
9.9973E-05 0.921859 0.0261163 0.00335929 0.011469 9.9973E-05 9.9973E-05 0.002986 0.0103083 0.0236025
9.99201E-05 0.999101 9.99201E-05 9.99201E-05 9.99201E-05 9.99201E-05 9.99201E-05 9.99201E-05 9.99201E-05 9.99201E-05
9.9937E-05 0.986252 0.0112185 9.9937E-05 0.00183026 9.9937E-05 9.9937E-05 9.9937E-05 9.9937E-05 9.9937E-05
