9.99201E-05 9.99201E-05 9.99201E-05 9.99201E-05 9.99201E-05 9.99201E-05 0.999101 9.99201E-05 9.99201E-05 9.99201E-05
0.0374637 9.9964E-05 0.761054 0.0377301 9.9964E-05 9.9964E-05 0.0798327 0.0145212 0.0689983 9.9964E-05
9.9955E-05 9.9955E-05 0.773542 0.0235457 0.0382105 9.9955E-05 0.0842324 9.9955E-05 0.0799698 9.9955E-05
9.99201E-05 9.99201E-05 0.999101 9.99201E-05 9.99201E-05 9.99201E-05 9.99201E-05 9.99201E-05 9.99201E-05 9.99201E-05
0.0685318 0.0507791 0.580991 9.9973E-05 0.136469 9.9973E-05 0.00856061 0.0577743 9.9973E-05 0.0965943
9.998E-05 0.136131 0.46656 0.0016946 0.262042 9.998E-05 0.0711549 0.0318131 0.00869077 0.0217136
9.9937E-05 9.9937E-05 0.507271 9.9937E-05 0.34088 9.9937E-05 0.151149 9.9937E-05 9.9937E-05 9.9937E-05
9.9964E-05 0.0805294 0.50096 9.9964E-05 0.169735 0.0391015 0.173549 9.9964E-05 0.0357256 9.9964E-05
0.0381651 0.0221454 0.518372 0.00192983 0.279746 0.00701269 0.0535981 0.00726789 0.0716631 9.9991E-05
9.99201E-05 9.99201E-05 9.99201E-05 9.99201E-05 9.99201E-05 9.99201E-05 0.999101 9.99201E-05 9.99201E-05 9.99201E-05
9.99201E-05 9.99201E-05 9.99201E-05 9.99201E-05 9.99201E-05 9.99201E-05 0.999101 9.99201E-05 9.99201E-05 9.99201E-05
9.99201E-05 9.99201E-05 9.99201E-05 9.99201E-05 9.99201E-05 9.99201E-05 0.999101 9.99201E-05 9.99201E-05 9.99201E-05
9.99281E-05 9.99281E-05 9.99281E-05 0.0237865 9.99281E-05 9.99281E-05 0.975414 9.99281E-05 9.99281E-05 9.99281E-05
9.9946E-05 0.0041761 9.9946E-05 9.9946E-05 0.0174209 9.9946E-05 0.894786 0.0830171 9.9946E-05 9.9946E-05
9.996E-05 0.00729612 0.0801541 9.996E-05 9.996E-05 0.00482238 0.889351 0.0170756 0.000901065 9.996E-05
0.0199721 0.176766 0.552661 9.9982E-05 0.0787723 0.00190809 0.0606525 9.9982E-05 0.0215801 0.0874879
0.0553837 0.0753729 0.423216 0.00767412 0.027665 0.121767 0.115552 0.102821 0.032835 0.037714
9.99201E-05 9.99201E-05 0.999101 9.99201E-05 9.99201E-05 9.99201E-05 9.99201E-05 9.99201E-05 9.99201E-05 9.99201E-05
0.0270588 9.9946E-05 0.0234721 9.9946E-05 0.931356 9.9946E-05 9.9946E-05 0.0175135 9.9946E-05 9.9946E-05
9.99281E-05 9.99281E-05 9.99281E-05 9.99281E-05 0.962114 9.99281E-05 9.99281E-05 0.0370861 9.99281E-05 9.99281E-05
0.0325271 9.9964E-05 0.0671354 0.0105155 0.837515 9.9964E-05 0.0368956 9.9964E-05 9.9964E-05 0.0150111
9.997E-05 9.997E-05 0.053788 0.0106144 0.767704 0.000403319 9.997E-05 0.0674008 0.0855962 0.0141934
0.00131853 9.997E-05 0.0263942 0.00416879 0.856623 9.997E-05 9.997E-05 0.0648849 0.0173782 0.0289324
9.9937E-05 9.9937E-05 9.9937E-05 9.9937E-05 0.954501 9.9937E-05 0.0358432 0.00895616 9.9937E-05 9.9937E-05
9.99281E-05 9.99281E-05 9.99281E-05 9.99281E-05 0.990091 9.99281E-05 0.00910976 9.99281E-05 9.99281E-05 9.99281E-05
0.0420008 0.0731589 9.9982E-05 9.9982E-05 0.665993 0.061621 0.015137 0.00151707 0.00408675 0.136286
0.10183 0.00696944 9.9955E-05 9.9955E-05 0.772062 9.9955E-05 9.9955E-05 0.0180864 0.100553 9.9955E-05
9.9946E-05 0.013035 0.0831303 9.9946E-05 0.883465 9.9946E-05 9.9946E-05 9.9946E-05 0.0197705 9.9946E-05
0.0389312 9.9982E-05 0.0313354 9.9982E-05 0.727012 0.0469884 0.0436101 0.0228302 0.0133341 0.0757582
9.9946E-05 9.9946E-05 0.0972312 9.9946E-05 0.820041 9.9946E-05 0.0590767 9.9946E-05 9.9946E-05 0.0230511
9.99371E-05 9.99371E-05 9.99371E-05 9.99371E-05 0.945309 9.99371E-05 0.0371889 0.016803 9.99371E-05 9.99371E-05
0.0475049 0.0486019 9.9964E-05 0.0229211 0.853324 0.0240161 9.9964E-05 9.9964E-05 0.00323194 9.9964E-05
0.0263626 9.9973E-05 0.00690408 0.0165528 0.779473 0.00505872 9.9973E-05 9.9973E-05 0.0551438 0.110205
9.9964E-05 0.047338 9.9964E-05 9.9964E-05 0.624022 0.127017 0.0499759 9.9964E-05 0.0430258 0.108222
9.9964E-05 0.0120028 0.0370007 9.9964E-05 0.806305 0.0149223 9.9964E-05 0.0971293 0.0322403 9.9964E-05
9.9946E-05 9.9946E-05 0.131523 9.9946E-05 0.816304 9.9946E-05 0.0483096 0.00326408 9.9946E-05 9.9946E-05
9.9937E-05 0.307898 9.9937E-05 9.9937E-05 0.572474 9.9937E-05 9.9937E-05 9.9937E-05 9.9937E-05 0.118928
0.0729365 0.0166415 0.0125561 9.9982E-05 0.561436 9.9982E-05 0.0284044 0.040053 0.0149932 0.25278
0.10497 0.0312441 0.0374607 0.0109218 0.566362 9.9973E-05 9.9973E-05 9.9973E-05 0.045619 0.203123
0.00615625 0.0649183 9.9946E-05 9.9946E-05 0.64085 9.9946E-05 9.9946E-05 9.9946E-05 9.9946E-05 0.287476
0.0430344 0.397322 0.258974 0.0765926 9.9973E-05 0.100982 9.9973E-05 9.9973E-05 0.0332991 0.0894959
0.0181213 0.460328 0.263836 9.9964E-05 9.9964E-05 0.0355757 9.9964E-05 9.9964E-05 0.0292952 0.192445
9.9964E-05 0.404363 0.293292 0.0412034 0.0393756 0.113168 9.9964E-05 9.9964E-05 0.108198 9.9964E-05
0.0412614 0.478331 0.256747 0.031331 9.997E-05 0.0629841 9.997E-05 9.997E-05 0.0108752 0.118171
0.068818 0.421107 0.033762 9.997E-05 0.213125 0.0186772 9.997E-05 9.997E-05 0.0716307 0.172581
0.0171864 0.982014 9.9928E-05 9.9928E-05 9.9928E-05 9.9928E-05 9.9928E-05 9.9928E-05 9.9928E-05 9.9928E-05
9.99201E-05 0.999101 9.99201E-05 9.99201E-05 9.99201E-05 9.99201E-05 9.99201E-05 9.99201E-05 9.99201E-05 9.99201E-05
0.0307727 0.386503 0.00956717 9.9982E-05 0.407312 0.0772239 9.9982E-05 0.0109408 0.0510066 0.0264739
0.0835505 0.445532 0.122525 9.9991E-05 0.0868409 0.0734778 0.02881 0.014918 0.019368 0.124877
0.0184089 0.3391 0.161803 0.0169535 0.25253 0.0882918 0.0676491 9.9991E-05 0.00655801 0.0486051
0.067785 0.310705 0.00856834 0.00776443 0.256316 9.9982E-05 0.0320387 9.9982E-05 0.0508364 0.265787
0.0530118 0.563227 0.054202 9.9982E-05 0.113465 9.9982E-05 0.00205791 0.0454639 0.0678012 0.100572
0.0270927 0.944339 9.9946E-05 9.9946E-05 9.9946E-05 9.9946E-05 0.00903819 0.0189306 9.9946E-05 9.9946E-05
0.0315704 0.235986 9.9973E-05 9.9973E-05 0.20565 0.0392054 0.0445364 0.0567606 9.9973E-05 0.385991
0.00904808 0.24299 9.9982E-05 0.00959389 0.22389 0.0288202 0.0636547 0.0368416 9.9982E-05 0.384961
9.9973E-05 0.435257 0.144586 0.036502 0.0945947 0.122167 9.9973E-05 9.9973E-05 0.101164 0.0654303
0.0716982 0.26124 0.0145382 9.9982E-05 0.185506 0.0170837 0.0759876 9.9982E-05 0.100772 0.272974
0.0949338 0.40029 0.0924468 0.0200446 0.186727 0.0110859 9.9982E-05 0.0332858 9.9982E-05 0.160986
9.99201E-05 0.999101 9.99201E-05 9.99201E-05 9.99201E-05 9.99201E-05 9.99201E-05 9.99201E-05 9.99201E-05 9.99201E-05
0.0959053 0.278469 0.0826969 0.0530405 0.269947 9.9982E-05 0.0573861 9.9982E-05 0.00990768 0.152448
0.10953 0.61135 9.9973E-05 0.00633386 0.161739 0.0684147 9.9973E-05 0.0409059 9.9973E-05 0.00142696
0.0372984 0.627222 0.0280396 0.0442065 0.0476481 0.115886 9.9973E-05 9.9973E-05 9.9973E-05 0.0993999
0.0307971 0.482325 9.9991E-05 0.0368446 0.148078 0.066296 0.00957242 0.0198063 0.0422259 0.163955
9.9955E-05 0.88975 9.9955E-05 0.00301005 9.9955E-05 0.00788594 9.9955E-05 0.0899997 0.0088547 9.9955E-05
0.0317965 0.558493 0.0378646 9.9973E-05 0.133525 0.0999607 0.00625385 9.9973E-05 9.9973E-05 0.131807
9.9937E-05 0.926435 9.9937E-05 9.9937E-05 9.9937E-05 9.9937E-05 9.9937E-05 0.0704129 0.00245217 9.9937E-05
9.9955E-05 0.635635 0.000326349 0.0367772 9.9955E-05 9.9955E-05 0.00516909 9.9955E-05 9.9955E-05 0.321592
9.99461E-05 0.893576 9.99461E-05 0.0443931 9.99461E-05 0.0294041 9.99461E-05 0.032027 9.99461E-05 9.99461E-05
0.0476517 0.47425 0.135205 0.0151932 0.178375 0.0493549 9.9991E-05 0.0257044 0.00476794 0.0693986
9.995E-05 0.906193 9.995E-05 0.0093717 9.995E-05 0.0108693 9.995E-05 0.0491312 0.0239348 9.995E-05
9.998E-05 0.614831 0.0627595 0.0649701 0.102038 0.0426289 0.0196256 9.998E-05 0.0265573 0.0663892
0.0431999 0.457339 0.0511861 0.00398584 0.0446106 0.000187871 9.9991E-05 0.00690961 0.00754875 0.384932
0.0189476 0.775461 9.9964E-05 0.00952944 9.9964E-05 9.9964E-05 0.0869984 0.0289517 9.9964E-05 0.0797123
0.0755014 0.716906 9.9946E-05 9.9946E-05 9.9946E-05 9.9946E-05 0.0489022 9.9946E-05 9.9946E-05 0.15809
9.997E-05 0.433512 9.997E-05 9.997E-05 0.0304498 0.0969067 0.0434088 0.0311676 0.00567609 0.358579
0.09046 0.582108 9.9955E-05 9.9955E-05 0.0450219 9.9955E-05 9.9955E-05 0.0049818 9.9955E-05 0.276929
9.997E-05 0.686685 0.0279599 0.0280162 9.997E-05 0.00714027 9.997E-05 0.0143126 0.0277052 0.207881
9.9982E-05 0.438615 0.0320885 0.104178 9.9982E-05 0.035728 0.0164977 0.136103 0.00184168 0.234748
9.9946E-05 9.9946E-05 0.0550271 9.9946E-05 9.9946E-05 9.9946E-05 9.9946E-05 0.0104476 0.0580295 0.875896
9.99201E-05 9.99201E-05 9.99201E-05 9.99201E-05 9.99201E-05 9.99201E-05 9.99201E-05 9.99201E-05 9.99201E-05 0.999101
0.00793794 9.99281E-05 9.99281E-05 9.99281E-05 9.99281E-05 9.99281E-05 9.99281E-05 9.99281E-05 9.99281E-05 0.991263
9.99281E-05 9.99281E-05 9.99281E-05 0.00108372 9.99281E-05 9.99281E-05 9.99281E-05 9.99281E-05 9.99281E-05 0.998117
9.99201E-05 9.99201E-05 9.99201E-05 9.99201E-05 9.99201E-05 9.99201E-05 9.99201E-05 9.99201E-05 9.99201E-05 0.999101
0.0191089 0.0358694 0.00465843 0.0742757 0.2599 0.0450146 0.0237301 9.9982E-05 9.9982E-05 0.537243
0.0594564 0.184299 0.0783413 0.115182 9.9982E-05 0.023477 0.01141 0.00301457 9.9982E-05 0.52462
9.9973E-05 0.0923963 0.11273 0.0784372 0.00825094 0.0374131 9.9973E-05 9.9973E-05 0.0820784 0.588394
0.027028 0.0959441 0.0756707 0.051032 0.161974 0.060708 0.0198441 0.00931605 0.0430509 0.455432
0.0395485 0.122114 0.0141295 0.0533193 0.125713 0.110915 0.0077956 9.9982E-05 9.9982E-05 0.526265
9.9973E-05 0.170312 0.0870036 0.0765141 9.9973E-05 0.0932004 9.9973E-05 0.072967 0.0815046 0.418198
0.12417 0.141436 9.9982E-05 0.0306639 0.11258 0.0868554 0.00585961 9.9982E-05 0.0556541 0.442581
9.998E-05 0.224484 0.16688 0.0869798 9.998E-05 0.051898 0.0243825 0.212751 0.0121171 0.220308
9.997E-05 0.257003 0.133524 0.0598967 9.997E-05 0.0873519 9.997E-05 0.178866 0.0328311 0.250228
0.179674 0.140068 0.00201576 0.166662 0.033977 0.0259161 0.0301812 9.9991E-05 0.0736429 0.347764
9.99281E-05 9.99281E-05 9.99281E-05 0.983602 9.99281E-05 0.0155988 9.99281E-05 9.99281E-05 9.99281E-05 9.99281E-05
0.00465743 9.9955E-05 9.9955E-05 0.924575 9.9955E-05 0.00164907 0.0291219 9.9955E-05 0.0394971 9.9955E-05
9.996E-05 0.0798059 9.996E-05 0.837211 0.00429663 9.996E-05 0.00974679 0.0373901 9.996E-05 0.0311493
9.99281E-05 9.99281E-05 9.99281E-05 0.993255 9.99281E-05 9.99281E-05 9.99281E-05 9.99281E-05 0.00594545 9.99281E-05
9.99201E-05 9.99201E-05 9.99201E-05 0.999101 9.99201E-05 9.99201E-05 9.99201E-05 9.99201E-05 9.99201E-05 9.99201E-05
9.99201E-05 9.99201E-05 9.99201E-05 0.999101 9.99201E-05 9.99201E-05 9.99201E-05 9.99201E-05 9.99201E-05 9.99201E-05
9.9937E-05 9.9937E-05 9.9937E-05 0.980329 9.9937E-05 9.9937E-05 9.9937E-05 0.00733563 0.0116357 9.9937E-05
0.0529918 9.996E-05 0.0313012 0.895964 0.00713523 0.00262851 0.00957889 9.996E-05 9.996E-05 9.996E-05
0.0107659 9.99371E-05 0.00356884 0.984966 9.99371E-05 9.99371E-05 9.99371E-05 9.99371E-05 9.99371E-05 9.99371E-05
9.99201E-05 9.99201E-05 9.99201E-05 0.999101 9.99201E-05 9.99201E-05 9.99201E-05 9.99201E-05 9.99201E-05 9.99201E-05
0.0759663 9.997E-05 9.997E-05 0.0614864 0.123388 0.260265 9.997E-05 0.0290217 0.0760533 0.37352
9.9946E-05 0.0790784 9.9946E-05 0.870356 9.9946E-05 9.9946E-05 9.9946E-05 0.0417556 0.00820991 9.9946E-05
9.99281E-05 9.99281E-05 9.99281E-05 0.997547 9.99281E-05 9.99281E-05 9.99281E-05 9.99281E-05 9.99281E-05 0.00165404
0.0151401 9.9955E-05 9.9955E-05 0.957629 9.9955E-05 0.00359246 0.015767 0.00737129 9.9955E-05 9.9955E-05
0.0106646 9.9937E-05 9.9937E-05 9.9937E-05 9.9937E-05 0.0143764 9.9937E-05 9.9937E-05 9.9937E-05 0.97426
9.99201E-05 9.99201E-05 9.99201E-05 9.99201E-05 9.99201E-05 9.99201E-05 9.99201E-05 9.99201E-05 9.99201E-05 0.999101
9.99201E-05 9.99201E-05 9.99201E-05 9.99201E-05 9.99201E-05 9.99201E-05 9.99201E-05 9.99201E-05 9.99201E-05 0.999101
9.9928E-05 9.9928E-05 9.9928E-05 9.9928E-05 9.9928E-05 0.0174355 9.9928E-05 9.9928E-05 9.9928E-05 0.981765
0.015981 9.9964E-05 9.9964E-05 0.0018974 9.9964E-05 0.106073 9.9964E-05 0.000428504 0.0369582 0.838262
9.9955E-05 9.9955E-05 9.9955E-05 0.0215855 0.116954 0.0889956 9.9955E-05 0.0547018 9.9955E-05 0.717263
9.997E-05 9.997E-05 9.997E-05 0.096454 0.0682229 0.0430811 0.00583494 0.0490233 0.018247 0.718837
0.0173394 9.9946E-05 9.9946E-05 9.9946E-05 9.9946E-05 0.0812568 9.9946E-05 0.0659025 9.9946E-05 0.834902
9.9946E-05 9.9946E-05 9.9946E-05 0.0668914 9.9946E-05 9.9946E-05 9.9946E-05 0.0371725 0.026455 0.868881
9.9946E-05 9.9946E-05 9.9946E-05 0.0492878 9.9946E-05 9.9946E-05 9.9946E-05 0.000611116 0.0218831 0.927618
0.06236 9.998E-05 0.00600247 0.0152151 0.0321097 0.0161661 9.998E-05 0.0588216 0.0292743 0.779851
0.0137615 9.997E-05 9.997E-05 0.0322759 0.020873 9.997E-05 0.00749756 0.0940108 0.0259223 0.805359
0.0423959 0.0327584 9.997E-05 9.997E-05 9.997E-05 0.0983628 0.0179547 0.0352299 0.0460743 0.726924
0.0546298 9.997E-05 0.0566495 0.039677 9.997E-05 0.0986634 9.997E-05 0.0223137 0.00191774 0.725849
9.995E-05 9.995E-05 0.0117455 9.995E-05 9.995E-05 0.912004 9.995E-05 0.0106818 0.0346839 0.0303849
0.0720277 9.9955E-05 0.0175125 0.0214127 9.9955E-05 0.859528 9.9955E-05 0.0290192 9.9955E-05 9.9955E-05
9.99201E-05 9.99201E-05 9.99201E-05 9.99201E-05 9.99201E-05 0.999101 9.99201E-05 9.99201E-05 9.99201E-05 9.99201E-05
0.000581409 9.9928E-05 9.9928E-05 9.9928E-05 9.9928E-05 0.998619 9.9928E-05 9.9928E-05 9.9928E-05 9.9928E-05
0.0201755 9.9928E-05 9.9928E-05 9.9928E-05 9.9928E-05 0.979025 9.9928E-05 9.9928E-05 9.9928E-05 9.9928E-05
9.99201E-05 9.99201E-05 9.99201E-05 9.99201E-05 9.99201E-05 0.999101 9.99201E-05 9.99201E-05 9.99201E-05 9.99201E-05
9.9937E-05 0.0146675 9.9937E-05 0.00630761 9.9937E-05 0.978325 9.9937E-05 9.9937E-05 9.9937E-05 9.9937E-05
9.9955E-05 0.0635848 0.00806516 9.9955E-05 9.9955E-05 0.75166 0.0607894 0.1154 9.9955E-05 9.9955E-05
9.99371E-05 0.00157141 9.99371E-05 9.99371E-05 9.99371E-05 0.996283 9.99371E-05 0.00144603 9.99371E-05 9.99371E-05
0.00581489 9.9928E-05 9.9928E-05 9.9928E-05 9.9928E-05 0.993386 9.9928E-05 9.9928E-05 9.9928E-05 9.9928E-05
9.99461E-05 9.99461E-05 0.0121929 0.0451459 9.99461E-05 0.87166 9.99461E-05 0.070402 9.99461E-05 9.99461E-05
0.0201505 9.995E-05 9.995E-05 0.00522884 9.995E-05 0.947156 0.00355181 9.995E-05 9.995E-05 0.0234131
9.997E-05 0.0120425 0.0136194 0.0133746 9.997E-05 0.807575 9.997E-05 0.0399348 0.0547127 0.0584409
9.99201E-05 9.99201E-05 9.99201E-05 9.99201E-05 9.99201E-05 9.99201E-05 9.99201E-05 9.99201E-05 0.999101 9.99201E-05
9.9973E-05 0.0699845 0.0571405 0.109233 9.9973E-05 0.126875 9.9973E-05 0.0542815 0.064985 0.5172
9.99371E-05 9.99371E-05 9.99371E-05 9.99371E-05 9.99371E-05 9.99371E-05 9.99371E-05 0.00230936 0.987983 0.0090084
9.99201E-05 9.99201E-05 9.99201E-05 9.99201E-05 9.99201E-05 9.99201E-05 9.99201E-05 9.99201E-05 0.999101 9.99201E-05
9.99461E-05 9.99461E-05 9.99461E-05 0.0148932 9.99461E-05 9.99461E-05 0.00496919 0.0363832 0.943155 9.99461E-05
0.0350433 0.0476002 9.9964E-05 9.9964E-05 0.106467 0.0277545 0.00292946 9.9964E-05 0.779805 9.9964E-05
9.99201E-05 9.99201E-05 9.99201E-05 9.99201E-05 9.99201E-05 9.99201E-05 9.99201E-05 9.99201E-05 0.999101 9.99201E-05
9.995E-05 0.00229148 9.995E-05 9.995E-05 9.995E-05 0.0185289 9.995E-05 0.0376456 0.906087 0.034947
9.9946E-05 9.9946E-05 0.00371595 0.000631117 9.9946E-05 9.9946E-05 9.9946E-05 0.00702645 0.988027 9.9946E-05
9.9955E-05 0.0200922 9.9955E-05 0.0110367 0.00663821 0.0359578 9.9955E-05 9.9955E-05 0.925775 9.9955E-05
9.99201E-05 9.99201E-05 9.99201E-05 9.99201E-05 9.99201E-05 9.99201E-05 9.99201E-05 9.99201E-05 0.999101 9.99201E-05
0.0359638 9.9946E-05 9.9946E-05 9.9946E-05 9.9946E-05 0.000189555 0.00758313 9.9946E-05 0.955664 9.9946E-05
9.99281E-05 9.99281E-05 9.99281E-05 9.99281E-05 9.99281E-05 0.0209586 9.99281E-05 9.99281E-05 0.978242 9.99281E-05
0.0658805 9.9955E-05 0.0577032 0.0640377 9.9955E-05 0.0394504 9.9955E-05 9.9955E-05 0.772428 9.9955E-05
9.9937E-05 9.9937E-05 9.9937E-05 9.9937E-05 9.9937E-05 9.9937E-05 0.0274791 0.0432639 0.928557 9.9937E-05
9.9973E-05 0.0129502 0.0138335 0.000725079 9.9973E-05 0.00680845 0.00710328 0.0487445 0.909535 9.9973E-05
0.0516391 9.9955E-05 9.9955E-05 0.00449089 9.9955E-05 9.9955E-05 0.00714563 0.0459619 0.890263 9.9955E-05
0.0423124 0.020277 9.996E-05 9.996E-05 0.0148099 9.996E-05 0.00300837 9.996E-05 0.887742 0.03145
9.9955E-05 9.9955E-05 9.9955E-05 0.00755419 9.9955E-05 0.0270827 0.0061565 9.9955E-05 0.914963 0.0437439
0.260288 0.104514 9.9982E-05 0.0415318 9.9982E-05 0.0458489 0.0427862 0.136193 0.04111 0.327528
0.223714 0.165407 9.9982E-05 0.0239978 9.9982E-05 0.00994141 0.0267908 0.153342 0.0416757 0.354932
0.272066 0.165375 9.997E-05 0.0564941 9.997E-05 9.997E-05 0.053551 0.202088 0.0539916 0.196135
0.253322 0.189233 9.9982E-05 0.0592638 9.9982E-05 0.0186993 0.044026 0.142605 0.049163 0.243488
0.0173003 9.9955E-05 0.0329497 9.9955E-05 9.9955E-05 0.0068579 0.0055118 0.936881 9.9955E-05 9.9955E-05
9.99201E-05 9.99201E-05 9.99201E-05 9.99201E-05 9.99201E-05 9.99201E-05 9.99201E-05 0.999101 9.99201E-05 9.99201E-05
0.0122436 9.9955E-05 9.9955E-05 9.9955E-05 0.0127102 9.9955E-05 9.9955E-05 0.948337 0.0152763 0.0109335
9.99201E-05 9.99201E-05 9.99201E-05 9.99201E-05 9.99201E-05 9.99201E-05 9.99201E-05 0.999101 9.99201E-05 9.99201E-05
0.00542242 9.9946E-05 9.9946E-05 0.0184062 9.9946E-05 9.9946E-05 9.9946E-05 0.968128 9.9946E-05 0.00744384
0.00415018 9.9964E-05 9.9964E-05 0.0178297 9.9964E-05 0.00420184 9.9964E-05 0.932341 0.0133485 0.027729
9.995E-05 9.995E-05 9.995E-05 0.0188129 0.00625375 9.995E-05 9.995E-05 0.941643 0.00242694 0.0303636
0.019553 0.0764905 0.0117607 9.998E-05 0.0836315 9.998E-05 0.0188114 0.735402 0.0492096 0.00494106
9.9973E-05 0.0160054 9.9973E-05 0.0271765 0.047889 0.0510104 9.9973E-05 0.80325 0.0133699 0.0409988
0.931988 9.9937E-05 9.9937E-05 0.000741428 9.9937E-05 9.9937E-05 9.9937E-05 9.9937E-05 9.9937E-05 0.0665705
0.99571 9.99281E-05 9.99281E-05 9.99281E-05 9.99281E-05 9.99281E-05 9.99281E-05 0.00349049 9.99281E-05 9.99281E-05
0.999101 9.99201E-05 9.99201E-05 9.99201E-05 9.99201E-05 9.99201E-05 9.99201E-05 9.99201E-05 9.99201E-05 9.99201E-05
0.999101 9.99201E-05 9.99201E-05 9.99201E-05 9.99201E-05 9.99201E-05 9.99201E-05 9.99201E-05 9.99201E-05 9.99201E-05
0.999101 9.99201E-05 9.99201E-05 9.99201E-05 9.99201E-05 9.99201E-05 9.99201E-05 9.99201E-05 9.99201E-05 9.99201E-05
0.829379 9.9946E-05 9.9946E-05 9.9946E-05 9.9946E-05 0.0166476 9.9946E-05 0.00484849 9.9946E-05 0.148525
0.968514 9.9937E-05 9.9937E-05 9.9937E-05 0.0108659 9.9937E-05 9.9937E-05 9.9937E-05 0.0199203 9.9937E-05
0.999101 9.99201E-05 9.99201E-05 9.99201E-05 9.99201E-05 9.99201E-05 9.99201E-05 9.99201E-05 9.99201E-05 9.99201E-05
0.995967 9.99371E-05 0.00033736 9.99371E-05 9.99371E-05 9.99371E-05 9.99371E-05 0.00299584 9.99371E-05 9.99371E-05
0.905511 0.0335117 9.997E-05 0.0128496 0.00196042 0.0142979 9.997E-05 0.00561157 9.997E-05 0.0259582
0.994607 9.99281E-05 9.99281E-05 9.99281E-05 9.99281E-05 9.99281E-05 9.99281E-05 0.00459308 9.99281E-05 9.99281E-05
0.995891 9.99281E-05 9.99281E-05 9.99281E-05 9.99281E-05 0.00330994 9.99281E-05 9.99281E-05 9.99281E-05 9.99281E-05
