9.99201E-05 9.99201E-05 9.99201E-05 9.99201E-05 9.99201E-05 9.99201E-05 9.99201E-05 0.999101 9.99201E-05 9.99201E-05
9.9955E-05 9.9955E-05 9.9955E-05 0.108445 9.9955E-05 9.9955E-05 0.0163775 0.0151877 0.102032 0.757459
9.99201E-05 9.99201E-05 0.999101 9.99201E-05 9.99201E-05 9.99201E-05 9.99201E-05 9.99201E-05 9.99201E-05 9.99201E-05
0.0361681 0.166028 0.711443 9.9964E-05 0.0437422 0.0284284 0.0137902 9.9964E-05 9.9964E-05 9.9964E-05
0.0940511 0.0289482 0.0333647 0.326011 9.9964E-05 9.9964E-05 0.000750251 9.9964E-05 9.9964E-05 0.516475
9.99201E-05 9.99201E-05 9.99201E-05 9.99201E-05 9.99201E-05 9.99201E-05 9.99201E-05 9.99201E-05 9.99201E-05 0.999101
9.99281E-05 9.99281E-05 9.99281E-05 9.99281E-05 9.99281E-05 9.99281E-05 9.99281E-05 9.99281E-05 0.0173901 0.98181
9.99201E-05 9.99201E-05 9.99201E-05 0.999101 9.99201E-05 9.99201E-05 9.99201E-05 9.99201E-05 9.99201E-05 9.99201E-05
0.0728566 9.9955E-05 0.169936 9.9955E-05 0.0835331 0.0504073 9.9955E-05 9.9955E-05 9.9955E-05 0.622768
9.9964E-05 9.9964E-05 0.121901 0.655451 0.0201327 9.9964E-05 0.031362 0.057662 0.113091 9.9964E-05
0.00775293 0.965909 0.0256386 9.99371E-05 9.99371E-05 9.99371E-05 9.99371E-05 9.99371E-05 9.99371E-05 9.99371E-05
9.9937E-05 0.95186 9.9937E-05 0.0394946 0.00794582 9.9937E-05 9.9937E-05 9.9937E-05 9.9937E-05 9.9937E-05
9.9955E-05 0.792918 0.0561748 0.050994 9.9955E-05 9.9955E-05 9.9955E-05 0.0393023 9.9955E-05 0.0601108
9.9973E-05 0.283195 0.0307379 0.218627 0.148603 0.2633 0.0255016 9.9973E-05 0.0297357 9.9973E-05
9.9964E-05 0.770649 0.0830269 9.9964E-05 0.0825214 9.9964E-05 0.0514228 9.9964E-05 0.00971648 0.0022635
0.0335719 0.501771 0.000960859 9.9964E-05 9.9964E-05 0.448611 0.00545413 0.00923063 9.9964E-05 9.9964E-05
9.9928E-05 0.610989 9.9928E-05 9.9928E-05 9.9928E-05 0.388212 9.9928E-05 9.9928E-05 9.9928E-05 9.9928E-05
9.9955E-05 0.204006 0.033921 9.9955E-05 0.215526 0.413768 9.9955E-05 9.9955E-05 0.13228 9.9955E-05
0.0324784 0.740036 0.0281224 9.9973E-05 0.0920225 0.0662192 9.9973E-05 0.0138652 0.0269561 9.9973E-05
9.9928E-05 9.9928E-05 0.0561103 9.9928E-05 9.9928E-05 0.94309 9.9928E-05 9.9928E-05 9.9928E-05 9.9928E-05
9.9946E-05 9.9946E-05 0.0261071 9.9946E-05 9.9946E-05 0.714393 9.9946E-05 0.0715332 0.187367 9.9946E-05
9.9964E-05 0.476537 9.9964E-05 0.280065 0.131165 0.0325045 9.9964E-05 0.0445771 9.9964E-05 0.034752
9.99281E-05 0.929176 9.99281E-05 9.99281E-05 9.99281E-05 9.99281E-05 9.99281E-05 0.0700246 9.99281E-05 9.99281E-05
9.99201E-05 9.99201E-05 9.99201E-05 9.99201E-05 9.99201E-05 0.999101 9.99201E-05 9.99201E-05 9.99201E-05 9.99201E-05
9.9973E-05 0.655614 0.0271533 0.00625596 0.0705434 0.0758702 0.00343218 9.9973E-05 0.160831 9.9973E-05
9.996E-05 0.395765 9.996E-05 9.996E-05 0.130832 0.188659 9.996E-05 0.0508794 0.174317 0.0591481
0.145196 0.568205 9.9946E-05 9.9946E-05 0.218428 9.9946E-05 9.9946E-05 9.9946E-05 0.0675722 9.9946E-05
0.0736126 0.514861 0.0405399 0.00328181 9.9973E-05 9.9973E-05 9.9973E-05 0.00745268 0.31615 0.0438021
9.9955E-05 0.462877 9.9955E-05 9.9955E-05 0.0895768 9.9955E-05 9.9955E-05 0.00633141 0.369415 0.0712995
9.9937E-05 0.757076 0.0187509 9.9937E-05 9.9937E-05 9.9937E-05 9.9937E-05 9.9937E-05 0.223474 9.9937E-05
0.106355 9.9946E-05 0.217025 9.9946E-05 0.393435 9.9946E-05 9.9946E-05 9.9946E-05 0.282586 9.9946E-05
0.272553 0.00128695 0.226699 9.9973E-05 0.269321 9.9973E-05 0.00617662 9.9973E-05 0.165702 0.0579614
9.9928E-05 9.9928E-05 9.9928E-05 9.9928E-05 0.898562 9.9928E-05 9.9928E-05 9.9928E-05 0.100638 9.9928E-05
0.0515247 9.9937E-05 9.9937E-05 9.9937E-05 0.896003 0.0517723 9.9937E-05 9.9937E-05 9.9937E-05 9.9937E-05
9.9937E-05 0.249215 9.9937E-05 9.9937E-05 0.733584 0.0165014 9.9937E-05 9.9937E-05 9.9937E-05 9.9937E-05
9.99461E-05 9.99461E-05 9.99461E-05 9.99461E-05 0.948618 9.99461E-05 0.00539362 0.0388019 9.99461E-05 0.00658659
0.0443439 9.9964E-05 9.9964E-05 0.220161 0.621826 0.0455278 0.00972985 0.0580115 9.9964E-05 9.9964E-05
9.9946E-05 0.0481337 9.9946E-05 9.9946E-05 0.895454 9.9946E-05 9.9946E-05 0.038944 0.0168684 9.9946E-05
0.0290281 9.9955E-05 0.0207354 9.9955E-05 0.89432 0.0165425 0.0388742 9.9955E-05 9.9955E-05 9.9955E-05
0.0567592 0.141141 0.0131618 9.9973E-05 0.474817 9.9973E-05 0.0493025 0.0206313 0.243887 9.9973E-05
9.9937E-05 9.9937E-05 9.9937E-05 0.0485054 0.932453 9.9937E-05 9.9937E-05 9.9937E-05 9.9937E-05 0.018342
0.0150462 0.133142 0.0139388 0.0091702 0.37369 9.9982E-05 0.0033692 0.101763 0.349681 9.9982E-05
9.9937E-05 9.9937E-05 0.0324026 9.9937E-05 0.868538 9.9937E-05 9.9937E-05 9.9937E-05 0.0983599 9.9937E-05
0.0827263 0.0838192 9.9964E-05 9.9964E-05 0.803746 9.9964E-05 0.0239208 0.00208198 9.9964E-05 0.00330549
0.563104 0.0902302 0.0566404 9.9964E-05 0.0942367 9.9964E-05 9.9964E-05 0.000391021 0.194998 9.9964E-05
0.778651 0.0104794 9.9964E-05 0.0761276 9.9964E-05 9.9964E-05 0.00942275 9.9964E-05 0.0532886 0.0716312
0.7371 9.99551E-05 9.99551E-05 9.99551E-05 0.159818 0.0508664 0.0421023 9.99551E-05 0.00961365 9.99551E-05
0.87808 9.9928E-05 9.9928E-05 9.9928E-05 9.9928E-05 9.9928E-05 9.9928E-05 9.9928E-05 0.121121 9.9928E-05
0.483451 0.0969894 0.0858158 0.0226231 0.299366 9.9964E-05 9.9964E-05 9.9964E-05 9.9964E-05 0.011355
0.492043 0.0264269 0.0507159 0.0232175 0.19615 9.9973E-05 9.9973E-05 0.0508362 0.16031 9.9973E-05
0.841907 9.9955E-05 9.9955E-05 9.9955E-05 0.0251828 0.0246771 9.9955E-05 9.9955E-05 0.100163 0.00757039
0.934658 9.9928E-05 9.9928E-05 9.9928E-05 9.9928E-05 9.9928E-05 9.9928E-05 0.0645425 9.9928E-05 9.9928E-05
0.738576 0.0405866 9.9946E-05 9.9946E-05 9.9946E-05 9.9946E-05 9.9946E-05 0.0118169 0.208421 9.9946E-05
0.818101 0.0408546 9.9946E-05 9.9946E-05 0.0930735 9.9946E-05 9.9946E-05 9.9946E-05 0.047371 9.9946E-05
0.8561 9.9955E-05 9.9955E-05 9.9955E-05 0.0844789 0.0173319 0.0154356 9.9955E-05 9.9955E-05 0.0261543
0.926718 9.9937E-05 0.0168375 9.9937E-05 9.9937E-05 9.9937E-05 0.0557446 9.9937E-05 9.9937E-05 9.9937E-05
0.15011 0.0638344 9.9964E-05 9.9964E-05 0.0511195 9.9964E-05 0.0207376 9.9964E-05 0.690446 0.023352
0.0912748 0.07264 0.00131104 0.00817816 0.12074 0.0379068 9.9982E-05 9.9982E-05 0.594401 0.073348
0.0826206 9.9973E-05 0.0164603 0.00908491 0.0244788 0.0286914 9.9973E-05 9.9973E-05 0.824317 0.0140467
0.0909241 0.073745 9.9982E-05 0.105899 0.0861942 9.9982E-05 0.00514773 0.00882201 0.595329 0.0337391
0.078102 9.9964E-05 9.9964E-05 0.0275536 0.078639 0.0642941 9.9964E-05 9.9964E-05 0.708273 0.0427382
0.0441689 9.9964E-05 0.0251778 0.0415475 0.170472 9.9964E-05 0.0866849 9.9964E-05 0.631549 9.9964E-05
0.0184039 9.9964E-05 9.9964E-05 0.0233886 0.0826838 0.0203969 9.9964E-05 0.043823 0.810904 9.9964E-05
9.99281E-05 9.99281E-05 9.99281E-05 9.99281E-05 9.99281E-05 9.99281E-05 0.0215315 9.99281E-05 0.977669 9.99281E-05
9.9937E-05 9.9937E-05 9.9937E-05 9.9937E-05 0.101926 0.0147191 9.9937E-05 9.9937E-05 0.882655 9.9937E-05
9.99201E-05 9.99201E-05 9.99201E-05 9.99201E-05 9.99201E-05 9.99201E-05 9.99201E-05 9.99201E-05 0.999101 9.99201E-05
9.9937E-05 0.002171 9.9937E-05 9.9937E-05 0.0165254 9.9937E-05 9.9937E-05 9.9937E-05 0.980604 9.9937E-05
9.9928E-05 9.9928E-05 0.0187542 9.9928E-05 9.9928E-05 9.9928E-05 9.9928E-05 9.9928E-05 0.980446 9.9928E-05
9.9928E-05 9.9928E-05 9.9928E-05 9.9928E-05 9.9928E-05 9.9928E-05 9.9928E-05 0.0256423 0.973558 9.9928E-05
9.9928E-05 9.9928E-05 0.00337983 9.9928E-05 9.9928E-05 9.9928E-05 9.9928E-05 9.9928E-05 0.995821 9.9928E-05
9.99281E-05 9.99281E-05 9.99281E-05 9.99281E-05 9.99281E-05 0.0363096 9.99281E-05 9.99281E-05 0.962891 9.99281E-05
0.0266934 9.9964E-05 9.9964E-05 0.0385382 0.203641 9.9964E-05 0.00907884 9.9964E-05 0.624756 0.0968932
0.0814139 9.9955E-05 0.0419835 0.00555756 9.9955E-05 9.9955E-05 0.0126626 9.9955E-05 0.857883 9.9955E-05
0.00160224 0.0159132 9.9964E-05 9.9964E-05 0.217187 9.9964E-05 0.0775722 0.0704511 0.616874 9.9964E-05
0.0246996 0.0762554 0.0465935 9.9973E-05 0.015315 9.9973E-05 0.563182 0.00883906 0.264816 9.9973E-05
9.99201E-05 9.99201E-05 9.99201E-05 9.99201E-05 9.99201E-05 9.99201E-05 0.999101 9.99201E-05 9.99201E-05 9.99201E-05
0.0177617 0.0595993 9.9973E-05 0.0423834 0.265964 9.9973E-05 0.0766232 0.0174028 0.519965 9.9973E-05
