9.99201E-05 9.99201E-05 9.99201E-05 9.99201E-05 9.99201E-05 9.99201E-05 9.99201E-05 9.99201E-05 9.99201E-05 0.999101
9.9964E-05 9.9964E-05 0.0432972 9.9964E-05 9.9964E-05 0.792983 0.0440692 0.0307146 0.0231778 0.0653589
9.9955E-05 0.00801149 0.0407383 9.9955E-05 9.9955E-05 0.793076 0.0865992 9.9955E-05 9.9955E-05 0.0710756
9.99201E-05 9.99201E-05 9.99201E-05 9.99201E-05 9.99201E-05 0.999101 9.99201E-05 9.99201E-05 9.99201E-05 9.99201E-05
0.00436307 0.133676 9.9973E-05 0.0194459 0.0980731 0.663852 9.9973E-05 0.0459399 0.0343503 9.9973E-05
0.111909 0.134954 9.9964E-05 9.9964E-05 0.0965652 0.578567 9.9964E-05 9.9964E-05 0.00685951 0.0707457
9.9937E-05 0.245822 9.9937E-05 9.9937E-05 9.9937E-05 0.606216 9.9937E-05 9.9937E-05 9.9937E-05 0.147263
9.9973E-05 0.186886 0.0143151 0.0199014 0.0771128 0.500807 0.0534195 9.9973E-05 9.9973E-05 0.147258
9.9982E-05 0.290455 0.00958185 9.9982E-05 0.0396639 0.497587 0.0471316 0.0369245 0.00838005 0.070076
9.99201E-05 9.99201E-05 9.99201E-05 9.99201E-05 9.99201E-05 9.99201E-05 9.99201E-05 9.99201E-05 9.99201E-05 0.999101
9.99201E-05 9.99201E-05 9.99201E-05 9.99201E-05 9.99201E-05 9.99201E-05 9.99201E-05 9.99201E-05 9.99201E-05 0.999101
9.99201E-05 9.99201E-05 9.99201E-05 9.99201E-05 9.99201E-05 9.99201E-05 9.99201E-05 9.99201E-05 9.99201E-05 0.999101
9.99281E-05 9.99281E-05 0.0156536 9.99281E-05 9.99281E-05 9.99281E-05 9.99281E-05 9.99281E-05 9.99281E-05 0.983547
9.9946E-05 0.0231605 9.9946E-05 9.9946E-05 0.0130924 9.9946E-05 9.9946E-05 9.9946E-05 0.0534583 0.909689
9.9955E-05 9.9955E-05 0.00626458 9.9955E-05 9.9955E-05 0.00432564 9.9955E-05 0.0412259 0.0168941 0.93079
0.0454327 0.108827 9.9982E-05 0.0376321 0.185833 0.493861 0.0199849 0.0184302 9.9982E-05 0.0897985
0.122497 0.0220603 0.0202536 0.0337517 0.150925 0.359559 0.0682208 0.0225436 0.0484286 0.15176
9.99201E-05 9.99201E-05 9.99201E-05 9.99201E-05 9.99201E-05 0.999101 9.99201E-05 9.99201E-05 9.99201E-05 9.99201E-05
9.9955E-05 0.87481 9.9955E-05 9.9955E-05 0.0128541 0.0520255 9.9955E-05 0.0276978 0.0321131 9.9955E-05
9.99281E-05 0.964196 9.99281E-05 9.99281E-05 9.99281E-05 9.99281E-05 9.99281E-05 9.99281E-05 0.0350042 9.99281E-05
0.0356397 0.775547 9.9955E-05 9.9955E-05 9.9955E-05 0.142611 9.9955E-05 0.00809504 9.9955E-05 0.0376072
9.9964E-05 0.78297 9.9964E-05 0.0161672 0.00131786 0.0477823 0.0627194 9.9964E-05 0.0886432 9.9964E-05
0.0255792 0.825872 0.0120393 9.9955E-05 9.9955E-05 0.0571479 9.9955E-05 9.9955E-05 0.0788615 9.9955E-05
9.9946E-05 0.95596 9.9946E-05 0.00830989 9.9946E-05 9.9946E-05 0.00668152 9.9946E-05 9.9946E-05 0.0284493
9.99281E-05 0.982814 9.99281E-05 9.99281E-05 0.0163867 9.99281E-05 9.99281E-05 9.99281E-05 9.99281E-05 9.99281E-05
0.0581727 0.738434 9.9955E-05 0.098433 0.0550487 9.9955E-05 9.9955E-05 0.049412 9.9955E-05 9.9955E-05
9.9955E-05 0.791584 9.9955E-05 9.9955E-05 0.0147844 9.9955E-05 0.0823499 0.098116 0.0126656 9.9955E-05
9.9955E-05 0.843009 9.9955E-05 0.00821707 0.00708471 0.0850635 0.0561254 9.9955E-05 9.9955E-05 9.9955E-05
0.0442001 0.751131 9.9991E-05 0.0154586 0.0320187 0.00811371 0.0195449 0.0446096 0.0146137 0.0702094
9.9937E-05 0.837142 9.9937E-05 9.9937E-05 9.9937E-05 0.138926 9.9937E-05 9.9937E-05 9.9937E-05 0.0232326
9.99371E-05 0.956825 9.99371E-05 9.99371E-05 9.99371E-05 9.99371E-05 9.99371E-05 9.99371E-05 0.0125392 0.0299362
9.99551E-05 0.881397 0.00899452 0.0528733 0.0310132 9.99551E-05 9.99551E-05 0.0252222 9.99551E-05 9.99551E-05
0.122466 0.770281 0.0159803 0.0136372 9.9973E-05 0.0112955 0.0570634 9.9973E-05 9.9973E-05 0.00897583
0.071669 0.680491 9.9955E-05 0.103814 9.9955E-05 9.9955E-05 0.0945726 9.9955E-05 9.9955E-05 0.0489539
9.9955E-05 0.749475 9.9955E-05 9.9955E-05 9.9955E-05 0.0756836 0.0143095 0.00901278 0.151019 9.9955E-05
9.9937E-05 0.817422 9.9937E-05 9.9937E-05 9.9937E-05 0.153198 9.9937E-05 9.9937E-05 9.9937E-05 0.0286805
0.184037 0.553841 9.9937E-05 9.9937E-05 0.261422 9.9937E-05 9.9937E-05 9.9937E-05 9.9937E-05 9.9937E-05
0.275825 0.522391 9.9973E-05 9.9973E-05 0.0173261 0.0702567 0.0214192 0.0597022 0.0327794 9.9973E-05
0.242192 0.590506 0.0335845 9.9973E-05 9.9973E-05 0.00859509 0.041323 0.0717695 9.9973E-05 0.01173
0.326699 0.628269 0.00649442 9.9973E-05 0.0159961 9.9973E-05 9.9973E-05 0.0197414 0.000170776 0.00232969
0.0543237 9.9973E-05 0.0373488 0.110402 0.526562 0.208128 0.0255127 0.0374231 9.9973E-05 9.9973E-05
0.0707677 0.00573627 9.9982E-05 0.107489 0.543741 0.157648 0.0302573 0.0415893 0.042571 9.9982E-05
9.9973E-05 0.0855486 0.0461992 0.0883738 0.484831 0.212863 0.0610006 9.9973E-05 9.9973E-05 0.0208839
0.0859778 9.9973E-05 0.0101797 0.0822243 0.558593 0.210427 0.0398099 0.012488 9.9973E-05 9.9973E-05
0.199161 0.220124 9.9973E-05 0.0410605 0.40806 0.0119557 0.0756306 0.0437075 9.9973E-05 9.9973E-05
9.99201E-05 9.99201E-05 9.99201E-05 9.99201E-05 0.999101 9.99201E-05 9.99201E-05 9.99201E-05 9.99201E-05 9.99201E-05
9.99201E-05 9.99201E-05 9.99201E-05 9.99201E-05 0.999101 9.99201E-05 9.99201E-05 9.99201E-05 9.99201E-05 9.99201E-05
0.0227001 0.388276 0.00763365 0.0431418 0.366876 0.0443216 0.0603274 0.0134854 0.0531383 9.9991E-05
0.102891 0.0836686 9.9982E-05 0.0794905 0.47865 0.0782333 0.044529 0.0694661 9.9982E-05 0.0628714
0.0797224 0.276672 0.0448021 0.081981 0.327293 0.11909 9.9973E-05 9.9973E-05 9.9973E-05 0.0701395
0.23403 0.241111 0.0235126 9.9982E-05 0.325035 0.0378763 0.0404852 0.0471959 9.9982E-05 0.0505543
0.083701 0.181819 9.9991E-05 0.0207938 0.583047 0.0319774 0.0436247 0.014701 0.0344991 0.00573657
9.9955E-05 0.0155479 9.9955E-05 9.9955E-05 0.913758 9.9955E-05 0.0312083 0.037003 9.9955E-05 0.0019827
0.396914 0.176775 9.9973E-05 0.020724 0.299843 9.9973E-05 9.9973E-05 0.0128858 0.0361987 0.0563601
0.387767 0.240266 0.0163445 0.061389 0.21873 0.0170736 0.0262138 9.9982E-05 9.9982E-05 0.0320169
0.0471213 0.0619211 0.0271011 0.113144 0.558795 0.072633 0.0905754 0.0285093 9.9982E-05 9.9982E-05
0.175673 0.205955 0.00952096 0.0595425 0.324253 9.9982E-05 0.0647734 0.0678545 9.9982E-05 0.0922267
0.13776 0.169174 0.0228981 0.0367096 0.400102 0.13231 9.9982E-05 0.0813992 0.0194474 9.9982E-05
9.9928E-05 9.9928E-05 9.9928E-05 9.9928E-05 0.974442 9.9928E-05 0.0247588 9.9928E-05 9.9928E-05 9.9928E-05
0.227976 0.173588 0.0226923 0.026029 0.377073 9.9982E-05 0.035059 0.0888508 9.9982E-05 0.0485317
9.9955E-05 0.211111 9.9955E-05 0.0796477 0.635392 9.9955E-05 9.9955E-05 0.0565111 0.0168389 9.9955E-05
0.182466 9.99551E-05 0.0162017 0.102637 0.640667 0.0575288 9.99551E-05 9.99551E-05 9.99551E-05 9.99551E-05
0.215339 0.104876 0.0321149 0.0018629 0.534319 9.9982E-05 0.0605595 0.0429315 0.0077969 9.9982E-05
9.9955E-05 9.9955E-05 0.0550502 9.9955E-05 0.785905 9.9955E-05 0.0135487 0.0406786 0.104318 9.9955E-05
0.143741 0.0785002 9.9973E-05 0.0322894 0.640064 0.0380553 9.9973E-05 0.052307 9.9973E-05 0.0147436
9.9937E-05 9.9937E-05 9.9937E-05 9.9937E-05 0.929842 9.9937E-05 0.0134263 9.9937E-05 0.0560325 9.9937E-05
0.32047 9.9937E-05 0.0224479 9.9937E-05 0.656382 9.9937E-05 9.9937E-05 9.9937E-05 9.9937E-05 9.9937E-05
9.9955E-05 9.9955E-05 0.0480605 0.00917837 0.851316 9.9955E-05 9.9955E-05 9.9955E-05 0.0859876 0.00495776
0.167267 0.200769 0.0263788 0.037807 0.443412 0.0791945 0.00778959 0.0371821 9.9982E-05 9.9982E-05
9.9937E-05 9.9937E-05 0.0283909 9.9937E-05 0.935396 9.9937E-05 9.9937E-05 9.9937E-05 0.0355133 9.9937E-05
0.0250902 0.0572352 0.112239 0.0722553 0.567722 0.070142 0.0632566 9.9982E-05 9.9982E-05 0.0318592
0.31007 0.0219228 0.00795724 0.0247665 0.502069 0.0350048 0.0370021 0.0572987 0.00380882 9.9991E-05
0.0725724 0.00919602 9.9964E-05 9.9964E-05 0.80527 9.9964E-05 9.9964E-05 0.0311964 0.00197474 0.0793904
0.074268 0.00936876 9.9955E-05 9.9955E-05 0.804551 9.9955E-05 9.9955E-05 0.0631286 9.9955E-05 0.0481844
0.319695 0.0273718 9.9982E-05 0.0507491 0.523653 9.9982E-05 0.00839347 0.00655912 0.0344053 0.0289741
0.192096 0.0333604 9.9946E-05 9.9946E-05 0.687237 9.9946E-05 9.9946E-05 0.0867072 9.9946E-05 9.9946E-05
0.182982 9.9973E-05 0.0427749 9.9973E-05 0.675471 0.0297021 0.0328809 0.00147775 0.0344115 9.9973E-05
0.204837 0.0126955 0.0927039 0.0289491 0.53078 0.0287289 9.9982E-05 9.9982E-05 0.0982972 0.00280837
0.875348 9.9955E-05 9.9955E-05 9.9955E-05 9.9955E-05 0.0356597 0.0165849 0.0676952 0.00421227 9.9955E-05
0.8998 9.9955E-05 0.0152202 9.9955E-05 0.0656248 9.9955E-05 9.9955E-05 0.011605 0.00725014 9.9955E-05
0.861754 9.9964E-05 9.9964E-05 9.9964E-05 0.0808002 0.00227105 0.0243114 0.0192469 9.9964E-05 0.011217
0.95036 9.9946E-05 9.9946E-05 9.9946E-05 0.035816 9.9946E-05 0.0124089 9.9946E-05 9.9946E-05 0.000815121
0.938177 0.0283391 9.9937E-05 9.9937E-05 0.0327839 9.9937E-05 9.9937E-05 9.9937E-05 9.9937E-05 9.9937E-05
0.471946 0.167946 0.0993975 0.0863016 0.0332552 0.0400489 0.0134726 0.0874328 9.9982E-05 9.9982E-05
0.502278 9.9982E-05 0.117609 0.0485842 0.161242 0.124581 0.0331616 0.0110652 9.9982E-05 0.00127964
0.533948 9.9982E-05 0.104056 0.0122479 0.136917 0.119744 0.0783936 0.00996962 9.9982E-05 0.00452399
0.484954 0.123101 0.0391171 0.0533167 0.130698 0.0644149 0.0568339 0.0212051 9.9991E-05 0.0262601
0.498261 0.115753 0.0501747 0.121269 0.134692 0.0155478 9.9982E-05 0.0472482 9.9982E-05 0.0168544
0.529581 9.9973E-05 0.0959016 0.0893938 0.135637 0.0891491 9.9973E-05 9.9973E-05 0.0400828 0.0199546
0.336136 0.042882 0.0718037 0.0994126 0.212115 9.9982E-05 0.104609 0.10794 9.9982E-05 0.0249011
0.259398 9.9973E-05 0.059954 0.0658487 0.256495 0.128454 0.0315478 9.9973E-05 0.198004 9.9973E-05
0.231346 9.9982E-05 0.0297881 0.11176 0.252222 0.150285 0.0472915 9.9982E-05 0.170837 0.00626977
0.32203 9.9982E-05 0.151808 0.0544631 0.128689 0.0443499 0.0999969 0.157608 9.9982E-05 0.0408544
9.99201E-05 9.99201E-05 0.999101 9.99201E-05 9.99201E-05 9.99201E-05 9.99201E-05 9.99201E-05 9.99201E-05 9.99201E-05
0.0136667 9.9964E-05 0.926516 0.00156552 9.9964E-05 0.0407321 0.00330819 9.9964E-05 9.9964E-05 0.0138112
0.0163699 0.0104812 0.841144 9.9973E-05 9.9973E-05 0.0230435 9.9973E-05 0.01107 0.0952114 0.00238022
9.99281E-05 9.99281E-05 0.991558 9.99281E-05 9.99281E-05 9.99281E-05 0.00764249 9.99281E-05 9.99281E-05 9.99281E-05
9.99201E-05 9.99201E-05 0.999101 9.99201E-05 9.99201E-05 9.99201E-05 9.99201E-05 9.99201E-05 9.99201E-05 9.99201E-05
9.99281E-05 9.99281E-05 0.996433 9.99281E-05 9.99281E-05 9.99281E-05 9.99281E-05 0.00276789 9.99281E-05 9.99281E-05
9.99281E-05 9.99281E-05 0.997219 0.00198184 9.99281E-05 9.99281E-05 9.99281E-05 9.99281E-05 9.99281E-05 9.99281E-05
0.0307746 0.0409544 0.893798 9.9955E-05 9.9955E-05 9.9955E-05 0.0226816 9.9955E-05 9.9955E-05 0.0112919
9.99371E-05 9.99371E-05 0.975409 9.99371E-05 0.00253999 9.99371E-05 9.99371E-05 0.0213512 9.99371E-05 9.99371E-05
9.99281E-05 9.99281E-05 0.999008 9.99281E-05 9.99281E-05 9.99281E-05 9.99281E-05 0.000192538 9.99281E-05 9.99281E-05
0.328009 0.0560738 0.0503235 0.234348 0.0486903 9.999E-05 0.0859135 0.128111 0.063306 0.00512459
0.0212311 9.996E-05 0.862633 9.996E-05 0.0585581 9.996E-05 0.0183238 0.0066928 0.0321613 9.996E-05
0.0117211 9.99371E-05 0.985268 9.99371E-05 9.99371E-05 0.00231153 9.99371E-05 9.99371E-05 9.99371E-05 9.99371E-05
9.9937E-05 9.9937E-05 0.962737 9.9937E-05 9.9937E-05 0.0105989 9.9937E-05 9.9937E-05 0.0259646 9.9937E-05
0.985593 9.99281E-05 9.99281E-05 0.013608 9.99281E-05 9.99281E-05 9.99281E-05 9.99281E-05 9.99281E-05 9.99281E-05
0.999101 9.99201E-05 9.99201E-05 9.99201E-05 9.99201E-05 9.99201E-05 9.99201E-05 9.99201E-05 9.99201E-05 9.99201E-05
0.97138 9.99281E-05 9.99281E-05 9.99281E-05 9.99281E-05 9.99281E-05 9.99281E-05 9.99281E-05 0.027821 9.99281E-05
0.999101 9.99201E-05 9.99201E-05 9.99201E-05 9.99201E-05 9.99201E-05 9.99201E-05 9.99201E-05 9.99201E-05 9.99201E-05
0.847616 0.00856855 0.016015 0.0659645 9.9964E-05 9.9964E-05 9.9964E-05 0.0171654 0.0442702 9.9964E-05
0.757599 0.0966291 9.9946E-05 0.0696246 9.9946E-05 9.9946E-05 9.9946E-05 9.9946E-05 0.0755473 9.9946E-05
0.762405 0.0646145 0.0144163 0.0626231 9.9973E-05 9.9973E-05 9.9973E-05 0.0143827 0.0709576 0.0103013
0.852894 0.0165039 0.0105033 0.0758409 9.9955E-05 9.9955E-05 9.9955E-05 9.9955E-05 0.0437576 9.9955E-05
0.874956 9.9955E-05 0.0765644 0.00137438 9.9955E-05 9.9955E-05 0.034333 9.9955E-05 0.0122722 9.9955E-05
0.894558 9.9946E-05 0.0405748 9.9946E-05 9.9946E-05 9.9946E-05 0.0342959 9.9946E-05 0.0299715 9.9946E-05
0.749954 0.09051 0.00789116 0.0529587 9.9982E-05 0.00184738 0.0248412 0.0297831 0.0420149 9.9982E-05
0.84225 0.0069291 0.0707284 9.9955E-05 9.9955E-05 9.9955E-05 9.9955E-05 9.9955E-05 0.0680102 0.0115827
0.722219 9.9973E-05 9.9973E-05 0.0843578 0.0623041 9.9973E-05 0.0229277 0.0134208 0.063382 0.031089
0.708816 9.9973E-05 0.0366121 0.115448 9.9973E-05 0.0749937 0.0278204 0.0257557 0.0102545 9.9973E-05
0.00665616 9.99371E-05 9.99371E-05 0.94004 9.99371E-05 9.99371E-05 0.052604 9.99371E-05 9.99371E-05 9.99371E-05
9.9964E-05 0.0187355 0.0302525 0.806796 9.9964E-05 0.0298738 9.9964E-05 0.0837502 0.0301919 9.9964E-05
9.99201E-05 9.99201E-05 9.99201E-05 0.999101 9.99201E-05 9.99201E-05 9.99201E-05 9.99201E-05 9.99201E-05 9.99201E-05
9.9937E-05 9.9937E-05 9.9937E-05 0.98276 9.9937E-05 9.9937E-05 9.9937E-05 0.00476906 0.0117719 9.9937E-05
9.9928E-05 9.9928E-05 9.9928E-05 0.996901 9.9928E-05 9.9928E-05 9.9928E-05 0.00229931 9.9928E-05 9.9928E-05
0.00391586 9.9928E-05 9.9928E-05 0.995285 9.9928E-05 9.9928E-05 9.9928E-05 9.9928E-05 9.9928E-05 9.9928E-05
9.99201E-05 9.99201E-05 9.99201E-05 0.999101 9.99201E-05 9.99201E-05 9.99201E-05 9.99201E-05 9.99201E-05 9.99201E-05
9.9973E-05 0.0533011 9.9973E-05 0.73697 0.0108127 0.017946 9.9973E-05 0.00574641 0.148602 0.0263224
9.99201E-05 9.99201E-05 9.99201E-05 0.999101 9.99201E-05 9.99201E-05 9.99201E-05 9.99201E-05 9.99201E-05 9.99201E-05
9.99201E-05 9.99201E-05 9.99201E-05 0.999101 9.99201E-05 9.99201E-05 9.99201E-05 9.99201E-05 9.99201E-05 9.99201E-05
9.9955E-05 9.9955E-05 0.00941756 0.887157 9.9955E-05 0.0325749 9.9955E-05 9.9955E-05 0.0503605 0.0199903
0.00108471 9.9955E-05 9.9955E-05 0.991672 9.9955E-05 9.9955E-05 9.9955E-05 0.000445546 0.00221102 0.00408744
0.0251616 9.9973E-05 0.0441363 0.709453 0.0604073 0.026036 0.0832582 9.9973E-05 0.0512477 9.9973E-05
9.99201E-05 9.99201E-05 9.99201E-05 9.99201E-05 9.99201E-05 9.99201E-05 0.999101 9.99201E-05 9.99201E-05 9.99201E-05
0.606025 9.9964E-05 0.0865638 0.0814927 9.9964E-05 0.051318 0.0906535 9.9964E-05 0.0835474 9.9964E-05
9.99201E-05 9.99201E-05 9.99201E-05 9.99201E-05 9.99201E-05 9.99201E-05 0.999101 9.99201E-05 9.99201E-05 9.99201E-05
9.99201E-05 9.99201E-05 9.99201E-05 9.99201E-05 9.99201E-05 9.99201E-05 0.999101 9.99201E-05 9.99201E-05 9.99201E-05
9.99371E-05 9.99371E-05 0.0606033 9.99371E-05 9.99371E-05 9.99371E-05 0.886043 9.99371E-05 0.0526547 9.99371E-05
0.0546124 0.0948465 0.000197362 0.0189173 0.0221926 9.9973E-05 0.807307 9.9973E-05 9.9973E-05 0.00162708
9.99201E-05 9.99201E-05 9.99201E-05 9.99201E-05 9.99201E-05 9.99201E-05 0.999101 9.99201E-05 9.99201E-05 9.99201E-05
0.0156851 9.99461E-05 9.99461E-05 9.99461E-05 9.99461E-05 9.99461E-05 0.861841 9.99461E-05 0.109733 0.0121414
9.99281E-05 9.99281E-05 9.99281E-05 9.99281E-05 9.99281E-05 9.99281E-05 0.977748 9.99281E-05 0.021453 9.99281E-05
9.99371E-05 9.99371E-05 9.99371E-05 0.0184115 0.0389569 9.99371E-05 0.941932 9.99371E-05 9.99371E-05 9.99371E-05
9.99201E-05 9.99201E-05 9.99201E-05 9.99201E-05 9.99201E-05 9.99201E-05 0.999101 9.99201E-05 9.99201E-05 9.99201E-05
9.9955E-05 0.0144459 9.9955E-05 0.0185536 0.0123771 9.9955E-05 0.953408 9.9955E-05 9.9955E-05 0.000715702
0.00582364 0.0119729 0.00947469 0.00813588 9.9964E-05 9.9964E-05 0.962023 0.00217016 9.9964E-05 9.9964E-05
9.9955E-05 9.9955E-05 0.0659385 0.0376031 9.9955E-05 0.0409379 0.810365 0.0446556 9.9955E-05 9.9955E-05
9.9964E-05 0.0117441 9.9964E-05 9.9964E-05 0.00835083 9.9964E-05 0.946091 0.00844012 0.0239038 0.00107076
0.00577315 9.9973E-05 0.0114395 0.00237313 0.0326176 9.9973E-05 0.850609 0.0305526 0.0663348 9.9973E-05
0.00935666 9.9964E-05 0.00630173 0.0653899 9.9964E-05 9.9964E-05 0.829159 0.0509545 0.0384387 9.9964E-05
0.070334 9.9955E-05 9.9955E-05 9.9955E-05 0.0158216 9.9955E-05 0.855226 0.0480754 9.9955E-05 0.0100429
0.00449936 9.9964E-05 0.0283453 0.00586831 0.0167275 9.9964E-05 0.935194 9.9964E-05 9.9964E-05 0.00896511
0.264986 9.9982E-05 0.0514101 0.0426503 0.181007 9.9982E-05 0.0343638 0.282818 0.108285 0.0342791
0.264295 0.102105 0.0104561 0.0634817 0.165417 9.9991E-05 0.0292621 0.259731 0.074346 0.0308057
0.243771 9.9982E-05 0.0497616 0.0398885 0.179016 9.9982E-05 0.0589311 0.245208 0.143657 0.0395677
0.165238 0.00652594 0.0720129 0.0460168 0.249738 9.9991E-05 0.0175501 0.26128 0.118654 0.0628837
9.9937E-05 9.9937E-05 9.9937E-05 0.0523311 9.9937E-05 0.0118014 9.9937E-05 9.9937E-05 0.935168 9.9937E-05
9.99201E-05 9.99201E-05 9.99201E-05 9.99201E-05 9.99201E-05 9.99201E-05 9.99201E-05 9.99201E-05 0.999101 9.99201E-05
9.9955E-05 0.0151113 9.9955E-05 0.00615502 9.9955E-05 9.9955E-05 0.0263953 0.0223158 0.929523 9.9955E-05
9.99201E-05 9.99201E-05 9.99201E-05 9.99201E-05 9.99201E-05 9.99201E-05 9.99201E-05 9.99201E-05 0.999101 9.99201E-05
0.00935087 9.9955E-05 0.00117203 0.0174977 9.9955E-05 9.9955E-05 9.9955E-05 0.0130139 0.958466 9.9955E-05
0.0431384 9.9946E-05 9.9946E-05 9.9946E-05 9.9946E-05 9.9946E-05 9.9946E-05 0.00878627 0.939834 0.00764185
9.9955E-05 9.9955E-05 0.0296847 9.9955E-05 0.00623848 9.9955E-05 9.9955E-05 0.0490854 0.909519 0.00497264
0.0750241 0.0490734 9.9973E-05 0.0363519 9.9973E-05 9.9973E-05 0.0331144 0.0180904 0.739593 0.0484524
0.0575724 0.0359468 9.9964E-05 9.9964E-05 0.0524497 9.9964E-05 9.9964E-05 0.014891 0.832277 0.00646365
9.99281E-05 9.99281E-05 9.99281E-05 0.00658004 9.99281E-05 9.99281E-05 9.99281E-05 0.992621 9.99281E-05 9.99281E-05
9.99201E-05 9.99201E-05 9.99201E-05 9.99201E-05 9.99201E-05 9.99201E-05 9.99201E-05 0.999101 9.99201E-05 9.99201E-05
9.99201E-05 9.99201E-05 9.99201E-05 9.99201E-05 9.99201E-05 9.99201E-05 9.99201E-05 0.999101 9.99201E-05 9.99201E-05
9.99201E-05 9.99201E-05 9.99201E-05 9.99201E-05 9.99201E-05 9.99201E-05 9.99201E-05 0.999101 9.99201E-05 9.99201E-05
9.99201E-05 9.99201E-05 9.99201E-05 9.99201E-05 9.99201E-05 9.99201E-05 9.99201E-05 0.999101 9.99201E-05 9.99201E-05
0.0015086 0.0257487 9.9964E-05 9.9964E-05 0.0526109 0.0117321 9.9964E-05 0.886929 0.0210713 9.9964E-05
9.99201E-05 9.99201E-05 9.99201E-05 9.99201E-05 9.99201E-05 9.99201E-05 9.99201E-05 0.999101 9.99201E-05 9.99201E-05
9.99201E-05 9.99201E-05 9.99201E-05 9.99201E-05 9.99201E-05 9.99201E-05 9.99201E-05 0.999101 9.99201E-05 9.99201E-05
9.99371E-05 9.99371E-05 9.99371E-05 9.99371E-05 9.99371E-05 0.00162121 9.99371E-05 0.993355 9.99371E-05 0.00432468
0.0725111 0.00265939 9.9955E-05 0.0160072 0.00296212 9.9955E-05 9.9955E-05 0.90536 9.9955E-05 9.9955E-05
9.99201E-05 9.99201E-05 9.99201E-05 9.99201E-05 9.99201E-05 9.99201E-05 9.99201E-05 0.999101 9.99201E-05 9.99201E-05
9.99201E-05 9.99201E-05 9.99201E-05 9.99201E-05 9.99201E-05 9.99201E-05 9.99201E-05 0.999101 9.99201E-05 9.99201E-05
