9.999E-05 9.999E-05 0.9998
9.999E-05 0.044267 0.955633
9.999E-05 0.0688457 0.931054
0.221447 0.105128 0.673425
9.9991E-05 0.108828 0.891072
0.104861 9.9991E-05 0.89504
0.0412088 0.0424739 0.916317
0.0776028 0.058014 0.864383
0.0374544 0.235471 0.727074
0.0237492 0.317608 0.658643
0.9998 9.999E-05 9.999E-05
0.99594 0.00396025 9.9991E-05
0.836955 9.9991E-05 0.162945
0.881042 0.115777 0.00318143
0.766469 0.121933 0.111598
0.986762 9.9991E-05 0.0131384
0.9998 9.999E-05 9.999E-05
0.667228 0.311671 0.0211005
0.858645 0.141255 9.9991E-05
0.964033 9.9991E-05 0.0358666
0.705208 0.193174 0.101618
0.596516 0.105687 0.297796
0.98742 9.9991E-05 0.0124797
0.883699 0.116201 9.9991E-05
0.815316 0.184584 9.9991E-05
0.725375 0.178032 0.0965937
0.521236 0.478664 9.9991E-05
0.453911 0.47225 0.0738387
0.536612 0.426601 0.036787
0.613922 0.385978 9.9991E-05
9.9991E-05 0.887835 0.112065
0.0399393 0.717346 0.242715
0.204017 0.72864 0.0673427
0.196521 0.732707 0.0707714
0.441469 0.558431 9.9991E-05
0.108807 0.748409 0.142784
0.244451 0.44985 0.305699
0.232088 0.686817 0.0810949
0.2646 0.727463 0.00793713
0.213488 0.769326 0.017186
0.0693442 0.821239 0.109417
0.175377 0.713432 0.111191
0.239922 0.718037 0.0420406
0.255983 0.697711 0.0463058
0.16541 0.83449 9.9991E-05
0.0530451 0.826908 0.120047
9.999E-05 0.9998 9.999E-05
9.999E-05 0.9998 9.999E-05
0.153785 0.717347 0.128867
0.083097 0.814067 0.102836
9.9991E-05 0.97522 0.0246797
0.128847 0.815027 0.0561264
0.0567236 0.92874 0.014536
0.0312191 0.968681 9.9991E-05
9.999E-05 0.9998 9.999E-05
9.9991E-05 0.959982 0.0399182
0.053663 0.921075 0.0252625
0.0233649 0.929611 0.0470246
0.0499333 0.908239 0.0418279
0.0386132 0.836861 0.124526
0.000723097 0.999177 9.9991E-05
9.9991E-05 0.942929 0.0569711
0.0229354 0.975576 0.00148887
9.999E-05 0.9998 9.999E-05
9.999E-05 0.9998 9.999E-05
9.999E-05 0.9998 9.999E-05
9.999E-05 0.9998 9.999E-05
0.000917572 0.998982 9.9991E-05
9.9991E-05 0.989716 0.0101837
9.999E-05 0.9998 9.999E-05
9.999E-05 0.9998 9.999E-05
9.9991E-05 0.877854 0.122046
9.999E-05 0.9998 9.999E-05
9.999E-05 0.9998 9.999E-05
0.0211256 0.962762 0.016112
9.999E-05 0.9998 9.999E-05
9.9991E-05 0.953058 0.0468415
