0.9995 9.996E-05 9.996E-05 9.996E-05 9.996E-05 9.996E-05
0.378802 0.0396932 0.500274 9.9982E-05 9.9982E-05 0.081031
0.381445 0.0977656 0.462291 9.9982E-05 9.9982E-05 0.0582978
0.279485 9.9964E-05 0.720115 9.9964E-05 9.9964E-05 9.9964E-05
0.156111 9.9982E-05 0.810944 0.00383763 0.0289075 9.9982E-05
0.19709 0.0180409 0.765877 9.9982E-05 9.9982E-05 0.0187918
0.399607 0.0086233 0.59147 9.9973E-05 9.9973E-05 9.9973E-05
0.360152 0.0946397 0.52151 9.9982E-05 9.9982E-05 0.0234976
0.284456 0.0614147 0.65383 9.9973E-05 9.9973E-05 9.9973E-05
0.9995 9.996E-05 9.996E-05 9.996E-05 9.996E-05 9.996E-05
0.9995 9.996E-05 9.996E-05 9.996E-05 9.996E-05 9.996E-05
0.9995 9.996E-05 9.996E-05 9.996E-05 9.996E-05 9.996E-05
0.9995 9.996E-05 9.996E-05 9.996E-05 9.996E-05 9.996E-05
0.948608 9.9973E-05 0.0480032 9.9973E-05 0.00308855 9.9973E-05
0.944878 0.00828325 9.9982E-05 0.0345482 9.9982E-05 0.0120901
0.236745 0.0279191 0.66739 9.9982E-05 0.0677463 9.9982E-05
0.227889 0.0355392 0.578394 9.9991E-05 0.100313 0.0577645
0.271958 9.9973E-05 0.715143 9.9973E-05 9.9973E-05 0.0125989
0.0111285 9.99641E-05 0.988472 9.99641E-05 9.99641E-05 9.99641E-05
0.00536304 9.99641E-05 0.994237 9.99641E-05 9.99641E-05 9.99641E-05
0.134255 9.99641E-05 0.865345 9.99641E-05 9.99641E-05 9.99641E-05
0.0329887 0.0301856 0.9221 9.9982E-05 9.9982E-05 0.0145262
0.0562784 9.9964E-05 0.943322 9.9964E-05 9.9964E-05 9.9964E-05
0.0994633 9.9964E-05 0.900137 9.9964E-05 9.9964E-05 9.9964E-05
0.0720053 9.9964E-05 0.927595 9.9964E-05 9.9964E-05 9.9964E-05
0.0471882 9.9982E-05 0.892036 0.0275778 0.0329982 9.9982E-05
0.0442672 0.062838 0.832892 9.9982E-05 0.0598028 9.9982E-05
0.048146 9.99641E-05 0.951454 9.99641E-05 9.99641E-05 9.99641E-05
0.0768241 9.9964E-05 0.922776 9.9964E-05 9.9964E-05 9.9964E-05
0.125491 9.9964E-05 0.874109 9.9964E-05 9.9964E-05 9.9964E-05
0.144106 9.9973E-05 0.844825 9.9973E-05 9.9973E-05 0.0107688
0.0475135 9.9973E-05 0.951927 9.9973E-05 9.9973E-05 0.000259704
0.0592115 0.00531978 0.932143 9.9982E-05 9.9982E-05 0.00312595
0.116776 0.060264 0.719199 0.0774916 0.0261689 9.9991E-05
0.0341462 9.9973E-05 0.914371 9.9973E-05 0.0511826 9.9973E-05
0.141773 9.9964E-05 0.857827 9.9964E-05 9.9964E-05 9.9964E-05
9.9964E-05 9.9964E-05 0.996934 9.9964E-05 0.002666 9.9964E-05
0.0405995 0.0116828 0.858943 9.9991E-05 0.0876094 0.00106576
0.0273257 0.0258912 0.817862 9.9991E-05 0.0735741 0.0552466
0.0140708 9.9991E-05 0.946271 0.00836909 0.0285904 0.00259866
9.9991E-05 0.0809217 0.697593 0.113693 0.0154831 0.0922094
9.9991E-05 0.0374179 0.753017 0.105749 0.0475499 0.0561661
0.0386259 0.109821 0.731027 0.0779478 9.9991E-05 0.0424785
9.9991E-05 0.0317657 0.783833 0.109062 0.0109759 0.0642634
9.9982E-05 0.0894797 0.767942 0.0704547 0.0719233 9.9982E-05
9.9973E-05 0.0526612 0.91621 9.9973E-05 0.0308286 9.9973E-05
9.9973E-05 0.0335412 0.962466 0.00369283 9.9973E-05 9.9973E-05
9.9991E-05 0.0409989 0.898402 0.0174705 0.0360766 0.00695169
0.0676856 0.0497959 0.683217 0.101172 0.0980289 9.9991E-05
0.106107 0.0271415 0.762032 0.0683272 9.9991E-05 0.0362916
0.0287389 0.0851857 0.79931 0.00635892 0.05396 0.0264465
9.9982E-05 0.0599717 0.891383 0.0309451 0.0175002 9.9982E-05
9.9981E-05 0.0617469 0.903316 9.9981E-05 0.0346371 9.9981E-05
0.0353358 0.0195342 0.760414 0.0713561 0.052215 0.0611449
0.0330072 9.9991E-05 0.801786 0.0782783 0.0209788 0.0658501
9.9982E-05 0.107231 0.734817 0.10822 9.9982E-05 0.0495326
0.0687176 0.084385 0.658137 0.0833956 0.0935287 0.0118359
9.9991E-05 0.0361159 0.712734 0.0714928 0.0897884 0.0897691
9.9973E-05 0.0414851 0.933296 9.9973E-05 0.0249193 9.9973E-05
0.0465543 0.02289 0.741963 0.0336546 0.10534 0.0495981
9.9973E-05 9.9973E-05 0.83008 0.100701 0.0689186 9.9973E-05
0.00940413 9.9991E-05 0.782979 0.118167 0.0352663 0.0540835
9.9991E-05 0.0785043 0.725885 0.0534596 0.0768973 0.0651543
9.9991E-05 0.0949985 0.682136 0.125872 0.023643 0.073251
0.00345632 9.9991E-05 0.804596 0.0648578 0.0844307 0.0425588
9.9991E-05 0.111812 0.72324 0.0726743 0.0487263 0.0434476
9.9991E-05 0.0373806 0.722956 0.113463 0.0299338 0.0961666
9.9991E-05 0.0693316 0.612247 0.124908 0.0624161 0.130997
0.000347686 0.0215954 0.889786 0.0284744 0.0414472 0.0183488
9.9991E-05 0.103479 0.726811 0.129795 0.00804746 0.0317676
0.0171321 0.0856903 0.755549 0.0551681 9.9991E-05 0.0863608
9.9991E-05 0.0323082 0.740828 0.108121 0.0460692 0.0725736
0.049609 0.024084 0.778247 0.0390907 0.0922262 0.016743
0.0122986 0.0127624 0.836301 0.0287754 0.109763 9.9991E-05
0.013315 0.0580965 0.67141 0.152782 0.0846233 0.0197723
9.9982E-05 9.9982E-05 0.749613 0.0691347 0.127987 0.0530656
9.9991E-05 0.0465312 0.818805 0.0512391 0.0184214 0.0649033
9.9991E-05 0.0481649 0.627726 0.112432 0.063541 0.148036
9.9991E-05 0.0806102 0.387442 0.168952 0.215441 0.147455
9.9991E-05 0.0571831 0.460249 0.167043 0.100296 0.215129
9.9991E-05 0.0736014 0.482476 0.193737 0.136931 0.113155
9.9991E-05 0.053474 0.475573 0.156532 0.136281 0.17804
9.9991E-05 0.0416029 0.490577 0.206442 0.122754 0.138523
0.00249229 0.00365962 0.511666 0.157735 0.158074 0.166373
9.9991E-05 0.0959276 0.456267 0.110861 0.0463458 0.290498
9.9991E-05 0.101343 0.490158 0.104406 0.0844296 0.219564
0.0426131 0.0745968 0.53638 0.1167 0.116324 0.113386
0.00341545 9.9991E-05 0.625061 0.159979 0.0586949 0.15275
0.0277252 0.067631 0.390874 0.136666 0.123392 0.253712
9.9991E-05 0.115134 0.413093 0.178252 0.166035 0.127386
0.025099 0.0698098 0.552877 0.0933821 0.0717694 0.187063
9.9991E-05 0.050241 0.590495 0.122056 0.0537672 0.183341
9.9991E-05 0.121611 0.372199 0.0682614 0.189293 0.248535
9.996E-05 9.996E-05 9.996E-05 9.996E-05 9.996E-05 0.9995
0.0172041 9.9964E-05 9.9964E-05 9.9964E-05 9.9964E-05 0.982396
9.9973E-05 9.9973E-05 0.0847633 0.0331079 9.9973E-05 0.881829
9.996E-05 9.996E-05 9.996E-05 9.996E-05 9.996E-05 0.9995
9.996E-05 9.996E-05 9.996E-05 9.996E-05 9.996E-05 0.9995
9.996E-05 9.996E-05 9.996E-05 9.996E-05 9.996E-05 0.9995
9.996E-05 9.996E-05 9.996E-05 9.996E-05 9.996E-05 0.9995
0.0046284 0.0190574 0.0527159 0.0235114 9.9991E-05 0.899987
9.996E-05 9.996E-05 9.996E-05 9.996E-05 9.996E-05 0.9995
9.996E-05 9.996E-05 9.996E-05 9.996E-05 9.996E-05 0.9995
9.9991E-05 0.0714345 0.265346 0.339754 0.192628 0.130738
9.9973E-05 9.9973E-05 9.9973E-05 0.00981899 0.0397049 0.950176
9.996E-05 9.996E-05 9.996E-05 9.996E-05 9.996E-05 0.9995
9.996E-05 9.996E-05 9.996E-05 9.996E-05 9.996E-05 0.9995
9.9991E-05 0.033363 0.300143 0.311452 0.176935 0.178007
9.9991E-05 0.0728345 0.378307 0.243251 0.139847 0.16566
9.9991E-05 0.0633644 0.345956 0.242267 0.167853 0.18046
9.9991E-05 0.0695659 0.340221 0.221328 0.159834 0.208951
9.9991E-05 0.0462626 0.316592 0.294206 0.133752 0.209087
9.9991E-05 0.0197152 0.430128 0.260726 0.106516 0.182814
9.9991E-05 0.0438763 0.381108 0.20933 0.152378 0.213208
9.9991E-05 0.0155834 0.368133 0.285644 0.133131 0.19741
9.9991E-05 0.0977032 0.294693 0.1552 0.147066 0.305238
9.9991E-05 0.0814212 0.315714 0.19873 0.132458 0.271577
9.9991E-05 0.0556663 0.439483 0.193521 0.151257 0.159973
9.9991E-05 0.0717062 0.278448 0.174243 0.192808 0.282696
9.9991E-05 0.0890382 0.37698 0.263872 0.156618 0.113392
9.9991E-05 0.0454424 0.384863 0.283006 0.112418 0.174171
9.996E-05 0.9995 9.996E-05 9.996E-05 9.996E-05 9.996E-05
9.9991E-05 0.105103 0.308208 0.243429 0.129762 0.213398
9.996E-05 0.9995 9.996E-05 9.996E-05 9.996E-05 9.996E-05
9.996E-05 0.9995 9.996E-05 9.996E-05 9.996E-05 9.996E-05
0.00316034 0.990771 9.9982E-05 9.9982E-05 0.00567153 0.000197612
9.9973E-05 0.802616 0.167558 9.9973E-05 9.9973E-05 0.029526
9.996E-05 0.9995 9.996E-05 9.996E-05 9.996E-05 9.996E-05
9.9973E-05 0.855096 0.105482 0.0391221 9.9973E-05 9.9973E-05
9.9973E-05 0.962194 9.9973E-05 9.9973E-05 0.00415265 0.0333535
9.9973E-05 0.955487 0.019943 0.0242698 9.9973E-05 9.9973E-05
0.00088382 0.998716 9.9964E-05 9.9964E-05 9.9964E-05 9.9964E-05
0.00095195 0.985781 9.9973E-05 9.9973E-05 0.0129674 9.9973E-05
0.0154856 0.958224 9.9982E-05 0.0257414 9.9982E-05 0.000349171
9.9991E-05 0.774121 0.0522965 0.0487846 0.0453603 0.0793377
0.0142747 0.950306 0.0351192 9.9973E-05 9.9973E-05 9.9973E-05
9.9982E-05 0.837303 0.131313 0.00178412 9.9982E-05 0.0293997
9.9982E-05 0.86484 9.9982E-05 0.0404631 0.0587634 0.0357336
0.0198078 0.869163 0.0644785 9.9991E-05 0.0263302 0.02012
9.9964E-05 0.953791 9.9964E-05 0.0458091 9.9964E-05 9.9964E-05
9.9982E-05 0.0258042 0.0111728 0.954 0.0088227 9.9982E-05
0.0318834 9.9973E-05 9.9973E-05 0.913224 0.0545925 9.9973E-05
9.996E-05 9.996E-05 9.996E-05 0.9995 9.996E-05 9.996E-05
9.996E-05 9.996E-05 9.996E-05 0.9995 9.996E-05 9.996E-05
9.9964E-05 9.9964E-05 9.9964E-05 0.989695 0.00990507 9.9964E-05
9.996E-05 9.996E-05 9.996E-05 0.9995 9.996E-05 9.996E-05
9.996E-05 9.996E-05 9.996E-05 0.9995 9.996E-05 9.996E-05
0.0472848 9.9982E-05 0.0787946 0.78776 0.0859608 9.9982E-05
9.996E-05 9.996E-05 9.996E-05 0.9995 9.996E-05 9.996E-05
9.996E-05 9.996E-05 9.996E-05 0.9995 9.996E-05 9.996E-05
0.0370919 9.9973E-05 9.9973E-05 0.889796 9.9973E-05 0.0728125
9.996E-05 9.996E-05 9.996E-05 0.9995 9.996E-05 9.996E-05
9.9991E-05 0.12219 0.00956757 0.823288 0.0100637 0.0347913
0.0150384 0.0622334 0.346689 0.107525 0.382542 0.0859717
0.00761797 0.0690592 0.409647 0.132811 0.318851 0.0620142
0.00864368 0.0774509 0.311233 0.0659675 0.396767 0.139938
0.0404373 0.0781447 0.373687 0.0598507 0.352722 0.0951585
0.00285136 0.0896244 0.207625 0.073678 0.379206 0.247016
9.9991E-05 0.113455 0.0187647 0.0105529 0.544083 0.313044
9.9991E-05 0.103063 0.136802 0.0338334 0.457837 0.268365
9.9991E-05 0.0963078 0.0964138 0.00502455 0.514098 0.288056
9.9991E-05 0.0930438 0.124059 0.0238407 0.493257 0.2657
9.9991E-05 0.119969 0.148692 0.036856 0.442979 0.251404
9.9991E-05 0.0908267 0.182493 0.0101892 0.452566 0.263825
0.0175563 0.121208 0.229927 0.100326 0.288527 0.242456
9.9991E-05 0.071736 0.261824 0.0328256 0.389855 0.24366
9.996E-05 9.996E-05 9.996E-05 9.996E-05 0.9995 9.996E-05
9.996E-05 9.996E-05 9.996E-05 9.996E-05 0.9995 9.996E-05
9.996E-05 9.996E-05 9.996E-05 9.996E-05 0.9995 9.996E-05
9.996E-05 9.996E-05 9.996E-05 9.996E-05 0.9995 9.996E-05
9.996E-05 9.996E-05 9.996E-05 9.996E-05 0.9995 9.996E-05
0.0130905 9.9973E-05 0.0613292 9.9973E-05 0.92528 9.9973E-05
9.996E-05 9.996E-05 9.996E-05 9.996E-05 0.9995 9.996E-05
9.996E-05 9.996E-05 9.996E-05 9.996E-05 0.9995 9.996E-05
9.996E-05 9.996E-05 9.996E-05 9.996E-05 0.9995 9.996E-05
9.9964E-05 9.9964E-05 9.9964E-05 0.00762572 0.991974 9.9964E-05
9.996E-05 9.996E-05 9.996E-05 9.996E-05 0.9995 9.996E-05
9.996E-05 9.996E-05 9.996E-05 9.996E-05 0.9995 9.996E-05
