9.996E-05 9.996E-05 9.996E-05 9.996E-05 0.9995 9.996E-05
9.9982E-05 9.9982E-05 0.0298381 0.0714835 0.350227 0.548252
9.9982E-05 9.9982E-05 0.0986217 0.0659255 0.350925 0.484327
9.9964E-05 9.9964E-05 9.9964E-05 9.9964E-05 0.275671 0.723929
0.0908569 0.0353085 9.9982E-05 9.9982E-05 0.142087 0.731547
9.9973E-05 9.9973E-05 0.0242988 9.9973E-05 0.21407 0.761331
9.9964E-05 9.9964E-05 9.9964E-05 9.9964E-05 0.324478 0.675122
9.9973E-05 9.9973E-05 0.0856869 9.9973E-05 0.336123 0.57789
9.9982E-05 9.9982E-05 0.051963 0.00344266 0.265825 0.678569
9.996E-05 9.996E-05 9.996E-05 9.996E-05 0.9995 9.996E-05
9.996E-05 9.996E-05 9.996E-05 9.996E-05 0.9995 9.996E-05
9.996E-05 9.996E-05 9.996E-05 9.996E-05 0.9995 9.996E-05
9.996E-05 9.996E-05 9.996E-05 9.996E-05 0.9995 9.996E-05
0.0610908 9.9964E-05 9.9964E-05 9.9964E-05 0.938509 9.9964E-05
0.0250248 0.00134956 0.0301561 0.00128446 0.934913 0.00727206
0.0235328 0.0184512 0.0558869 9.9991E-05 0.201131 0.700898
0.101424 0.0539672 0.078448 0.0243237 0.265914 0.475923
9.9964E-05 9.9964E-05 9.9964E-05 9.9964E-05 0.243826 0.755775
9.99641E-05 9.99641E-05 9.99641E-05 9.99641E-05 0.011487 0.988113
9.996E-05 9.996E-05 9.996E-05 9.996E-05 9.996E-05 0.9995
9.9964E-05 9.9964E-05 9.9964E-05 9.9964E-05 0.129186 0.870414
0.0384796 9.9991E-05 0.0332588 0.00320044 0.0234367 0.901525
0.00506649 9.9973E-05 9.9973E-05 9.9973E-05 0.0401514 0.954482
9.9964E-05 9.9964E-05 9.9964E-05 9.9964E-05 0.0793922 0.920208
9.99641E-05 9.99641E-05 9.99641E-05 9.99641E-05 0.057251 0.942349
0.0324595 0.0229476 9.9982E-05 9.9982E-05 0.0232721 0.921121
0.0956469 9.9982E-05 0.0522038 9.9982E-05 0.0406305 0.811319
9.9964E-05 9.9964E-05 9.9964E-05 9.9964E-05 0.0662307 0.933369
0.00207963 9.9973E-05 9.9973E-05 9.9973E-05 0.0882414 0.909379
9.9964E-05 9.9964E-05 9.9964E-05 9.9964E-05 0.0998219 0.899778
0.0410045 9.9973E-05 9.9973E-05 9.9973E-05 0.112789 0.845906
0.0235344 0.00298725 0.0354533 9.9991E-05 0.0107712 0.927154
9.9982E-05 9.9982E-05 0.0102674 0.0384014 0.0407438 0.910387
0.000216026 0.075425 0.0661253 0.0397034 0.110858 0.707673
0.0382427 9.9973E-05 9.9973E-05 9.9973E-05 0.050869 0.910588
9.9964E-05 9.9964E-05 9.9964E-05 9.9964E-05 0.113103 0.886497
0.059606 9.9964E-05 9.9964E-05 9.9964E-05 9.9964E-05 0.939994
0.123483 0.0121788 0.0182763 9.9991E-05 0.0198255 0.826137
0.0752604 9.9991E-05 0.0352762 0.0409144 0.028199 0.82025
0.0766837 9.9982E-05 9.9982E-05 0.00725474 0.0168407 0.899021
9.9982E-05 0.162217 0.0274676 0.0877771 9.9982E-05 0.722338
0.176607 0.124608 0.0634893 0.0451052 9.9991E-05 0.59009
9.9991E-05 0.0976206 0.106583 0.0728209 0.0519385 0.670937
0.058312 0.0890482 0.0644294 0.0742005 9.9991E-05 0.71391
0.0872108 0.0557459 0.0690752 9.9982E-05 9.9982E-05 0.787768
0.0700407 0.0132227 0.0756704 9.9982E-05 9.9982E-05 0.840866
0.0555712 0.0649958 0.0874839 9.9982E-05 9.9982E-05 0.791749
0.0374669 0.0359299 0.0928098 0.00351439 9.9991E-05 0.830179
0.138831 0.105861 0.0900045 9.9991E-05 0.0459948 0.61921
0.0117543 0.066889 0.00286293 0.0536792 0.0948859 0.769929
0.0671377 0.00967482 0.105815 0.03436 0.0216601 0.761353
0.0639267 0.0543195 0.0658914 9.9982E-05 9.9982E-05 0.815662
0.128295 0.0371091 0.0833052 9.9982E-05 9.9982E-05 0.751091
0.132603 0.0913172 0.0251239 0.0430716 0.0235441 0.68434
0.0763287 0.114577 0.00366242 0.0697393 0.0148343 0.720858
0.0674909 0.104363 0.0868909 0.00244391 9.9991E-05 0.738711
0.119297 0.135934 0.0829815 0.0224088 0.077631 0.561747
0.189697 0.0322196 9.9982E-05 0.0460375 9.9982E-05 0.731846
0.0559592 9.9973E-05 0.0698707 9.9973E-05 9.9973E-05 0.87387
0.0849262 0.0827487 0.0600375 0.047583 0.0626505 0.662054
0.114396 0.148664 0.00236521 0.0197837 9.9991E-05 0.714692
0.0210449 0.186409 0.00153725 0.0324451 9.9991E-05 0.758464
0.117517 0.0601379 0.0788305 0.0859476 9.9991E-05 0.657467
0.160231 0.147971 0.0957009 0.00787822 9.9991E-05 0.58812
0.0716585 0.137504 9.9982E-05 0.000512285 9.9982E-05 0.790125
0.104979 0.111287 0.10235 0.0348722 9.9991E-05 0.646413
0.108432 0.106585 0.0422462 0.0829825 9.9991E-05 0.659655
0.0873572 0.143354 0.128717 0.0647941 0.0140901 0.561688
0.0356596 0.0306536 0.0470691 0.0514731 9.9991E-05 0.835045
0.0279088 0.145536 0.0974211 0.0641368 9.9991E-05 0.664898
9.9991E-05 0.085777 0.0830562 0.0820987 0.00572175 0.743246
0.0708297 0.150125 0.118365 0.0484593 9.9991E-05 0.612121
0.0843537 0.0735654 0.0532415 0.0060288 0.0588019 0.724009
0.101563 0.0423414 0.0454591 0.00830721 0.0298981 0.772431
0.0950287 0.19674 0.0986249 0.0213066 0.0594197 0.52888
0.195662 0.0638346 0.0223219 0.0439759 9.9991E-05 0.674105
0.0299013 0.0683001 0.123554 0.0569546 9.9991E-05 0.72119
0.026822 0.160535 0.064302 0.172489 9.9991E-05 0.575752
0.225741 0.142525 0.0450839 0.17358 9.9991E-05 0.41297
0.148183 0.192446 0.0615709 0.19064 9.9991E-05 0.40706
0.0970006 0.204379 0.0808944 0.141637 9.9991E-05 0.475989
0.182537 0.16319 0.057033 0.172725 9.9991E-05 0.424415
0.105833 0.162883 0.0851365 0.170512 9.9991E-05 0.475535
0.110217 0.157225 0.0356726 0.159958 9.9991E-05 0.536827
0.0807733 0.130586 0.0762267 0.214762 9.9991E-05 0.497552
0.0397802 0.155215 0.151515 0.185262 9.9991E-05 0.468127
0.0624711 0.129433 0.106305 0.132726 0.0534899 0.515575
0.0560753 0.193331 0.0118723 0.172224 9.9991E-05 0.566398
0.185414 0.123306 0.0585912 0.175282 9.9991E-05 0.457306
0.185861 0.191342 0.109605 0.149841 9.9991E-05 0.363252
0.0804253 0.124592 0.0897958 0.174014 0.0261068 0.505066
0.0841493 0.152448 0.105121 0.138389 0.026337 0.493555
0.216023 0.128199 0.0971427 0.198985 0.0062678 0.353383
9.996E-05 9.996E-05 9.996E-05 0.9995 9.996E-05 9.996E-05
9.9973E-05 9.9973E-05 9.9973E-05 0.973553 0.0211299 0.00501698
0.00597574 9.9982E-05 9.9982E-05 0.910681 0.0433167 0.0398265
9.996E-05 9.996E-05 9.996E-05 0.9995 9.996E-05 9.996E-05
9.996E-05 9.996E-05 9.996E-05 0.9995 9.996E-05 9.996E-05
9.996E-05 9.996E-05 9.996E-05 0.9995 9.996E-05 9.996E-05
9.996E-05 9.996E-05 9.996E-05 0.9995 9.996E-05 9.996E-05
9.9964E-05 9.9964E-05 9.9964E-05 0.903183 9.9964E-05 0.0964169
9.996E-05 9.996E-05 9.996E-05 0.9995 9.996E-05 9.996E-05
9.996E-05 9.996E-05 9.996E-05 0.9995 9.996E-05 9.996E-05
0.17594 0.319208 0.115981 0.120225 9.9991E-05 0.268546
0.0379344 9.9973E-05 0.0407911 0.920975 9.9973E-05 9.9973E-05
9.9964E-05 9.9964E-05 9.9964E-05 0.991588 0.00801235 9.9964E-05
9.996E-05 9.996E-05 9.996E-05 0.9995 9.996E-05 9.996E-05
0.193355 0.30844 0.053857 0.173627 9.9991E-05 0.270621
0.162089 0.283281 0.0873435 0.14608 9.9991E-05 0.321108
0.175388 0.285945 0.124536 0.133436 9.9991E-05 0.280595
0.13195 0.301785 0.0774216 0.208832 9.9991E-05 0.279911
0.146198 0.306068 0.113062 0.192403 9.9991E-05 0.24217
0.207479 0.208132 0.0678428 0.125728 9.9991E-05 0.390718
0.113883 0.231502 0.0510172 0.230544 9.9991E-05 0.372954
0.120233 0.318336 0.0247724 0.191183 9.9991E-05 0.345375
0.132908 0.174993 0.112901 0.275458 9.9991E-05 0.30364
0.182339 0.209009 0.100538 0.241701 9.9991E-05 0.266313
0.171318 0.208377 0.0658081 0.143811 9.9991E-05 0.410587
0.178603 0.156942 0.0546457 0.287332 9.9991E-05 0.322377
0.186415 0.265266 0.105165 0.0959233 0.00175095 0.34548
0.110784 0.254509 0.10476 0.155561 9.9991E-05 0.374287
0.0162084 0.964739 0.0187529 9.9973E-05 9.9973E-05 9.9973E-05
0.0784204 0.887408 9.9982E-05 0.0156874 0.0182845 9.9982E-05
9.996E-05 0.9995 9.996E-05 9.996E-05 9.996E-05 9.996E-05
9.996E-05 0.9995 9.996E-05 9.996E-05 9.996E-05 9.996E-05
0.00525531 0.994345 9.9964E-05 9.9964E-05 9.9964E-05 9.9964E-05
9.996E-05 0.9995 9.996E-05 9.996E-05 9.996E-05 9.996E-05
9.996E-05 0.9995 9.996E-05 9.996E-05 9.996E-05 9.996E-05
0.112152 0.815587 9.9991E-05 0.0200939 0.0258424 0.026225
9.996E-05 0.9995 9.996E-05 9.996E-05 9.996E-05 9.996E-05
9.996E-05 0.9995 9.996E-05 9.996E-05 9.996E-05 9.996E-05
9.9973E-05 0.925999 9.9973E-05 0.0330113 0.0406893 9.9973E-05
9.996E-05 0.9995 9.996E-05 9.996E-05 9.996E-05 9.996E-05
0.0704534 0.774128 0.0453939 0.00624377 0.0116497 0.0921308
9.996E-05 9.996E-05 0.9995 9.996E-05 9.996E-05 9.996E-05
0.149635 0.220279 0.113973 0.230769 9.9991E-05 0.285246
9.996E-05 9.996E-05 0.9995 9.996E-05 9.996E-05 9.996E-05
9.996E-05 9.996E-05 0.9995 9.996E-05 9.996E-05 9.996E-05
9.9964E-05 9.9964E-05 0.955205 0.044395 9.9964E-05 9.9964E-05
0.0439155 0.0585333 0.833743 0.0126566 0.0238201 0.027332
9.996E-05 9.996E-05 0.9995 9.996E-05 9.996E-05 9.996E-05
9.9982E-05 0.0258741 0.931718 9.9982E-05 0.0319863 0.0102218
9.996E-05 9.996E-05 0.9995 9.996E-05 9.996E-05 9.996E-05
9.9973E-05 0.0144824 0.96701 9.9973E-05 9.9973E-05 0.0182078
9.9964E-05 9.9964E-05 0.997685 0.00191493 9.9964E-05 9.9964E-05
0.00460368 9.9973E-05 0.985339 9.9973E-05 0.00975786 9.9973E-05
9.9964E-05 0.0221415 0.977459 9.9964E-05 9.9964E-05 9.9964E-05
0.0490838 0.0613738 0.851674 0.0376686 9.9982E-05 9.9982E-05
9.9973E-05 9.9973E-05 0.939431 9.9973E-05 0.00220098 0.0580681
0.0262342 0.0053488 0.912197 0.0285583 9.9991E-05 0.0275621
0.0706879 0.0067064 0.902067 9.9991E-05 0.0197708 0.000667935
0.0207519 9.9991E-05 0.842827 0.0230233 0.00147595 0.111821
9.9964E-05 0.0705499 0.92905 9.9964E-05 9.9964E-05 9.9964E-05
0.407926 0.110358 0.0469034 0.161949 0.00691888 0.265945
0.397455 0.111041 0.087574 0.0808337 0.00359693 0.319499
0.466757 0.0735351 0.0709216 0.132941 0.0330029 0.222842
0.449851 0.0701671 0.0839072 0.141572 0.0301229 0.22438
0.537818 0.0559339 0.0908127 0.204115 9.9991E-05 0.111221
0.692435 9.99731E-05 0.12537 0.181894 9.99731E-05 9.99731E-05
0.563209 0.0386271 0.0936014 0.183763 9.9991E-05 0.120699
0.615155 0.0274799 0.102542 0.216863 9.9991E-05 0.03786
0.605455 0.0597256 0.088088 0.181939 0.00271898 0.0620735
0.591678 0.0232891 0.0911471 0.223889 9.9991E-05 0.0698965
0.555487 0.0162945 0.105687 0.212979 0.00043246 0.10912
0.46509 0.0656954 0.0824141 0.178044 0.0109223 0.197835
0.502277 0.0593308 0.0863165 0.158837 9.9991E-05 0.193139
0.9995 9.996E-05 9.996E-05 9.996E-05 9.996E-05 9.996E-05
0.9995 9.996E-05 9.996E-05 9.996E-05 9.996E-05 9.996E-05
0.9995 9.996E-05 9.996E-05 9.996E-05 9.996E-05 9.996E-05
0.9995 9.996E-05 9.996E-05 9.996E-05 9.996E-05 9.996E-05
0.9995 9.996E-05 9.996E-05 9.996E-05 9.996E-05 9.996E-05
0.977207 9.9973E-05 9.9973E-05 0.0145546 0.00793798 9.9973E-05
0.9995 9.996E-05 9.996E-05 9.996E-05 9.996E-05 9.996E-05
0.9995 9.996E-05 9.996E-05 9.996E-05 9.996E-05 9.996E-05
0.9995 9.996E-05 9.996E-05 9.996E-05 9.996E-05 9.996E-05
0.983 0.0165998 9.9964E-05 9.9964E-05 9.9964E-05 9.9964E-05
0.9995 9.996E-05 9.996E-05 9.996E-05 9.996E-05 9.996E-05
0.9995 9.996E-05 9.996E-05 9.996E-05 9.996E-05 9.996E-05
