9.996E-05 9.996E-05 0.9995 9.996E-05 9.996E-05 9.996E-05
9.9982E-05 0.0994736 0.349276 9.9982E-05 0.120723 0.430328
9.9982E-05 0.0694921 0.374584 9.9982E-05 0.095204 0.46052
9.9964E-05 9.9964E-05 0.283974 9.9964E-05 9.9964E-05 0.715626
9.9973E-05 9.9973E-05 0.168531 9.9973E-05 0.0199377 0.811232
9.9964E-05 9.9964E-05 0.238285 9.9964E-05 9.9964E-05 0.761315
9.9964E-05 9.9964E-05 0.386882 9.9964E-05 9.9964E-05 0.612718
9.9982E-05 0.00457313 0.37332 9.9982E-05 0.0610719 0.560835
9.9991E-05 0.00761625 0.273345 0.0238796 0.0566773 0.638382
9.996E-05 9.996E-05 0.9995 9.996E-05 9.996E-05 9.996E-05
9.996E-05 9.996E-05 0.9995 9.996E-05 9.996E-05 9.996E-05
9.996E-05 9.996E-05 0.9995 9.996E-05 9.996E-05 9.996E-05
9.996E-05 9.996E-05 0.9995 9.996E-05 9.996E-05 9.996E-05
9.9973E-05 9.9973E-05 0.939353 0.0359331 9.9973E-05 0.0244135
0.0052239 9.9973E-05 0.976227 0.0182487 9.9973E-05 9.9973E-05
9.9973E-05 9.9973E-05 0.220894 0.0153195 9.9973E-05 0.763487
9.999E-05 0.082587 0.254276 0.0930158 0.0848711 0.48515
9.9964E-05 9.9964E-05 0.260774 9.9964E-05 9.9964E-05 0.738826
9.9964E-05 9.9964E-05 0.0184149 9.9964E-05 9.9964E-05 0.981185
9.996E-05 9.996E-05 9.996E-05 9.996E-05 9.996E-05 0.9995
9.9973E-05 9.9973E-05 0.123097 0.0367897 9.9973E-05 0.839813
9.9982E-05 0.0131305 0.0295523 9.9982E-05 0.022887 0.93423
9.9964E-05 9.9964E-05 0.0589686 9.9964E-05 9.9964E-05 0.940632
9.9964E-05 9.9964E-05 0.0740966 9.9964E-05 9.9964E-05 0.925504
9.99641E-05 9.99641E-05 0.0492832 9.99641E-05 9.99641E-05 0.950317
0.0104726 9.9982E-05 0.0242381 0.0100538 9.9982E-05 0.955036
9.9982E-05 9.9982E-05 0.0210198 0.0341914 0.0273012 0.917288
9.99641E-05 9.99641E-05 0.0669235 9.99641E-05 9.99641E-05 0.932677
0.0152009 9.9982E-05 0.0829687 0.0161057 9.9982E-05 0.885525
9.9964E-05 9.9964E-05 0.101312 9.9964E-05 9.9964E-05 0.898288
9.99641E-05 9.99641E-05 0.118704 9.99641E-05 9.99641E-05 0.880896
0.00624365 9.9982E-05 0.040168 0.0197191 9.9982E-05 0.933669
9.9982E-05 9.9982E-05 0.06599 0.0197594 0.00737334 0.906677
0.0500892 0.0231981 0.0806497 0.00873133 0.0371781 0.800154
9.9982E-05 9.9982E-05 0.0334367 0.0327233 0.0280764 0.905564
9.9964E-05 9.9964E-05 0.115591 9.9964E-05 9.9964E-05 0.884009
9.9964E-05 9.9964E-05 9.9964E-05 0.020506 9.9964E-05 0.979094
9.9991E-05 0.0376996 0.00541141 0.0543966 0.0501203 0.852272
9.9991E-05 0.0441232 0.0162498 0.0822337 0.0476368 0.809657
0.00799072 0.016414 0.0219577 0.0585258 9.9991E-05 0.895012
0.15085 0.0621651 9.9982E-05 9.9982E-05 0.0512711 0.735514
0.122268 9.9982E-05 9.9982E-05 0.0467382 0.100352 0.730442
0.0806479 0.0421513 0.0589023 9.9991E-05 0.0847442 0.733454
0.111853 0.042043 9.9991E-05 0.0169249 0.0558216 0.773257
0.0789529 0.00182524 9.9991E-05 0.0809751 0.0629015 0.775245
0.00448849 9.9982E-05 9.9982E-05 0.0184789 0.0438192 0.933013
0.0704436 9.9982E-05 9.9982E-05 0.0166047 0.0219134 0.890838
0.0672129 9.9982E-05 9.9982E-05 0.0123673 0.0510157 0.869204
0.100301 9.9991E-05 0.0594856 0.10846 0.0702471 0.661405
0.0474448 0.0364353 0.0944887 9.9991E-05 0.0244062 0.797125
0.0124701 0.0340922 0.0257126 0.0906073 0.0260468 0.811071
0.0547748 9.9982E-05 9.9982E-05 0.0973602 0.0532783 0.794387
0.0539804 9.9982E-05 9.9982E-05 0.0780082 0.0285555 0.839256
0.0862531 0.0751393 0.0568389 0.126248 0.000807003 0.654714
0.104298 0.112671 0.0450444 0.0497912 9.9991E-05 0.688095
0.103452 0.0177827 9.9982E-05 9.9982E-05 0.10532 0.773246
0.0856763 0.0143153 0.074733 0.0983028 0.0878021 0.63917
0.0270894 0.0592217 9.9982E-05 0.104447 9.9982E-05 0.809042
9.9973E-05 9.9973E-05 9.9973E-05 0.0311982 0.0574127 0.911089
0.0136398 0.0512022 0.0371525 0.135347 0.0155529 0.747106
0.120083 9.9973E-05 9.9973E-05 0.117795 9.9973E-05 0.761822
0.177756 0.0335367 9.9982E-05 0.0921701 9.9982E-05 0.696337
0.0797044 0.0629119 9.9991E-05 0.106992 0.0755634 0.674729
0.10537 0.0860001 9.9991E-05 0.0978522 0.0969527 0.613725
0.147961 0.00184047 9.9982E-05 0.0789358 9.9982E-05 0.771062
0.0687512 0.0539512 9.9991E-05 0.0378233 0.0895507 0.749824
0.119272 0.115789 9.9991E-05 0.0247124 0.0185272 0.721599
0.154082 0.0915563 9.9991E-05 0.0175286 0.0722617 0.664472
0.0379354 0.00740412 0.00222044 0.0652513 0.0446095 0.842579
0.113726 0.0254233 9.9991E-05 0.0190762 0.0976939 0.74398
0.0744426 0.0694973 0.0291824 9.9991E-05 0.0601577 0.76662
0.104813 0.0660414 9.9991E-05 0.0413415 0.0664071 0.721297
0.0472446 0.00364183 0.0484162 0.066944 0.0514036 0.78235
0.0478099 0.0134678 9.9991E-05 0.0784188 0.0355161 0.824687
0.188604 0.0163604 0.0154412 0.0919685 0.0527633 0.634863
0.0776132 0.0352114 9.9991E-05 0.141913 0.0174133 0.727749
0.032099 0.0943955 9.9991E-05 0.0579788 0.0940015 0.721425
0.122478 0.24171 9.9991E-05 0.00728608 0.0256985 0.602728
0.162824 0.157952 9.9991E-05 0.10023 0.0431627 0.535732
0.170696 0.178849 9.9991E-05 0.125056 0.0695107 0.455789
0.161123 0.141946 9.9991E-05 0.121503 0.0574713 0.517857
0.136989 0.211467 9.9991E-05 0.100101 0.0902019 0.461141
0.129669 0.132932 9.9991E-05 0.118759 0.0814146 0.537125
0.169123 0.175878 0.00445185 0.0293436 0.0191146 0.602089
0.131524 0.179552 9.9991E-05 0.0826975 0.0754412 0.530685
0.140706 0.173919 0.00308388 0.0754961 0.123391 0.483404
0.119771 0.0936579 0.0276506 0.102574 0.0757685 0.580578
0.177241 0.153121 9.9982E-05 0.0859144 9.9982E-05 0.583523
0.151787 0.159551 0.00848336 0.108603 0.0842866 0.48729
0.214754 0.113329 0.00697114 0.205943 0.105914 0.353088
0.122321 0.209211 0.0302698 0.0654954 0.088161 0.484542
0.173481 0.168819 0.0230541 0.0293518 0.0966298 0.508664
0.117263 0.211182 0.00730351 0.213693 0.0883935 0.362165
9.996E-05 0.9995 9.996E-05 9.996E-05 9.996E-05 9.996E-05
9.9964E-05 0.997494 0.00210577 9.9964E-05 9.9964E-05 9.9964E-05
0.00653904 0.886274 0.014245 0.0291435 0.0381082 0.02569
9.996E-05 0.9995 9.996E-05 9.996E-05 9.996E-05 9.996E-05
9.996E-05 0.9995 9.996E-05 9.996E-05 9.996E-05 9.996E-05
9.996E-05 0.9995 9.996E-05 9.996E-05 9.996E-05 9.996E-05
9.996E-05 0.9995 9.996E-05 9.996E-05 9.996E-05 9.996E-05
0.00433433 0.987251 9.9973E-05 9.9973E-05 9.9973E-05 0.0081151
9.996E-05 0.9995 9.996E-05 9.996E-05 9.996E-05 9.996E-05
9.996E-05 0.9995 9.996E-05 9.996E-05 9.996E-05 9.996E-05
0.278244 0.118955 9.9991E-05 0.199953 0.0964504 0.306298
9.9973E-05 0.948903 0.0195799 9.9973E-05 9.9973E-05 0.0312168
9.996E-05 0.9995 9.996E-05 9.996E-05 9.996E-05 9.996E-05
9.9964E-05 0.985187 9.9964E-05 9.9964E-05 0.0144132 9.9964E-05
0.310465 0.135602 9.9991E-05 0.163922 0.0596946 0.330216
0.27856 0.134699 9.9991E-05 0.16517 0.0864554 0.335016
0.279623 0.180417 9.9991E-05 0.15401 0.087044 0.298807
0.274002 0.233019 9.9991E-05 0.135739 0.0860103 0.27113
0.271763 0.114177 9.9991E-05 0.200725 0.0797304 0.333505
0.18902 0.126918 9.9991E-05 0.201228 0.0520077 0.430726
0.167954 0.189401 9.9991E-05 0.113217 0.0230337 0.506294
0.306762 0.208154 9.9991E-05 0.138685 0.00501896 0.34128
0.170507 0.286993 9.9991E-05 0.13729 0.119125 0.285984
0.191695 0.263452 9.9991E-05 0.136529 0.082013 0.326211
0.210289 0.147311 9.9991E-05 0.148503 0.0807352 0.413062
0.105384 0.300301 9.9991E-05 0.164563 0.061325 0.368327
0.246586 0.147006 9.9991E-05 0.160553 0.0947618 0.350992
0.249673 0.1771 9.9991E-05 0.133473 0.0917623 0.347892
0.93527 9.9973E-05 9.9973E-05 0.0566953 0.00773513 9.9973E-05
0.824496 0.0347209 0.00998655 0.0816482 0.00035107 0.0487976
0.9995 9.996E-05 9.996E-05 9.996E-05 9.996E-05 9.996E-05
0.9995 9.996E-05 9.996E-05 9.996E-05 9.996E-05 9.996E-05
0.9995 9.996E-05 9.996E-05 9.996E-05 9.996E-05 9.996E-05
0.995748 9.9964E-05 9.9964E-05 9.9964E-05 0.00385238 9.9964E-05
0.9995 9.996E-05 9.996E-05 9.996E-05 9.996E-05 9.996E-05
0.819025 0.00915434 0.0537793 0.020185 0.0232497 0.0746062
0.9995 9.996E-05 9.996E-05 9.996E-05 9.996E-05 9.996E-05
0.9995 9.996E-05 9.996E-05 9.996E-05 9.996E-05 9.996E-05
0.923879 0.0548335 0.0209875 9.9973E-05 9.9973E-05 9.9973E-05
0.9995 9.996E-05 9.996E-05 9.996E-05 9.996E-05 9.996E-05
0.738104 0.0355093 0.00986505 0.0556804 0.07277 0.0880717
9.996E-05 9.996E-05 9.996E-05 9.996E-05 0.9995 9.996E-05
0.215207 0.225356 9.9991E-05 0.156472 0.099405 0.303459
9.996E-05 9.996E-05 9.996E-05 9.996E-05 0.9995 9.996E-05
9.996E-05 9.996E-05 9.996E-05 9.996E-05 0.9995 9.996E-05
9.9964E-05 0.0127959 9.9964E-05 9.9964E-05 0.986804 9.9964E-05
0.0428408 0.036956 9.9991E-05 0.0119097 0.806395 0.101799
9.996E-05 9.996E-05 9.996E-05 9.996E-05 0.9995 9.996E-05
0.0305973 9.9982E-05 9.9982E-05 0.0250566 0.899727 0.0444196
9.9973E-05 0.000492425 9.9973E-05 9.9973E-05 0.968752 0.0304556
0.00696524 9.9964E-05 9.9964E-05 9.9964E-05 0.992635 9.9964E-05
9.9973E-05 9.9973E-05 0.00692523 9.9973E-05 0.959507 0.0332675
9.996E-05 9.996E-05 9.996E-05 9.996E-05 0.9995 9.996E-05
0.00928404 9.9973E-05 0.00251922 9.9973E-05 0.987897 9.9973E-05
0.0666162 0.0561656 9.9982E-05 0.0898013 0.787217 9.9982E-05
0.0356765 9.9973E-05 0.00696023 9.9973E-05 0.957063 9.9973E-05
0.0562056 0.0416689 0.0118644 9.9991E-05 0.866933 0.0232281
0.0281075 9.9991E-05 0.00512339 0.0331801 0.874875 0.0586137
0.00245005 0.011676 0.0144938 0.0431645 0.889445 0.0387704
0.0136171 9.9973E-05 9.9973E-05 9.9973E-05 0.966263 0.0198195
0.112846 0.14349 0.0247953 0.406513 0.0608614 0.251495
0.132334 0.107127 0.0400734 0.384354 0.0646898 0.271421
0.0823228 0.122652 0.0383738 0.3934 0.124925 0.238327
0.075333 0.122733 0.0370472 0.429953 0.0521161 0.282818
0.106757 0.178238 0.0112295 0.49357 0.0755342 0.134672
9.99731E-05 0.243558 9.99731E-05 0.65797 0.0981719 9.99731E-05
0.0433226 0.272241 9.9991E-05 0.512438 0.0962582 0.0756398
9.9982E-05 0.27272 9.9982E-05 0.56982 0.111418 0.0458418
0.0487264 0.258894 9.9991E-05 0.487869 0.121528 0.0828826
0.0223326 0.258813 9.9991E-05 0.535641 0.102757 0.0803567
0.0306074 0.242154 9.9991E-05 0.502793 0.0897791 0.134567
0.0796536 0.170422 9.9991E-05 0.412581 0.121958 0.215286
0.0275142 0.184123 9.9991E-05 0.471833 0.106146 0.210284
9.996E-05 9.996E-05 9.996E-05 0.9995 9.996E-05 9.996E-05
9.996E-05 9.996E-05 9.996E-05 0.9995 9.996E-05 9.996E-05
9.996E-05 9.996E-05 9.996E-05 0.9995 9.996E-05 9.996E-05
9.996E-05 9.996E-05 9.996E-05 0.9995 9.996E-05 9.996E-05
9.996E-05 9.996E-05 9.996E-05 0.9995 9.996E-05 9.996E-05
0.0222907 9.9982E-05 9.9982E-05 0.915457 0.026289 0.0357633
9.996E-05 9.996E-05 9.996E-05 0.9995 9.996E-05 9.996E-05
9.996E-05 9.996E-05 9.996E-05 0.9995 9.996E-05 9.996E-05
9.996E-05 9.996E-05 9.996E-05 0.9995 9.996E-05 9.996E-05
0.0349284 9.9973E-05 0.00857487 0.956197 9.9973E-05 9.9973E-05
9.996E-05 9.996E-05 9.996E-05 0.9995 9.996E-05 9.996E-05
9.996E-05 9.996E-05 9.996E-05 0.9995 9.996E-05 9.996E-05
