9.996E-05 9.996E-05 9.996E-05 9.996E-05 0.9995 9.996E-05
0.0446994 0.0612866 0.536634 9.9982E-05 0.35718 9.9982E-05
0.0787626 0.0310553 0.535751 9.9982E-05 0.354232 9.9982E-05
9.99641E-05 9.99641E-05 0.719512 9.99641E-05 0.280088 9.99641E-05
9.9973E-05 9.9973E-05 0.818953 0.00227155 0.178476 9.9973E-05
9.9964E-05 9.9964E-05 0.77613 9.9964E-05 0.22347 9.9964E-05
9.9964E-05 9.9964E-05 0.66074 9.9964E-05 0.33886 9.9964E-05
0.0949497 0.0254894 0.554138 9.9982E-05 0.325223 9.9982E-05
0.019149 9.9982E-05 0.687539 0.0204316 0.272681 9.9982E-05
9.996E-05 9.996E-05 9.996E-05 9.996E-05 0.9995 9.996E-05
9.996E-05 9.996E-05 9.996E-05 9.996E-05 0.9995 9.996E-05
9.996E-05 9.996E-05 9.996E-05 9.996E-05 0.9995 9.996E-05
9.996E-05 9.996E-05 9.996E-05 9.996E-05 0.9995 9.996E-05
0.0434175 9.9973E-05 9.9973E-05 0.0273955 0.928887 9.9973E-05
0.0260166 0.0131692 9.9982E-05 9.9982E-05 0.93579 0.0248239
9.9973E-05 9.9973E-05 0.754409 0.0229731 0.222318 9.9973E-05
0.048484 0.0364243 0.547727 0.0425504 0.273477 0.0513373
9.9964E-05 9.9964E-05 0.743708 9.9964E-05 0.255892 9.9964E-05
9.99641E-05 9.99641E-05 0.980824 9.99641E-05 0.0187759 9.99641E-05
9.996E-05 9.996E-05 0.9995 9.996E-05 9.996E-05 9.996E-05
9.9964E-05 9.9964E-05 0.888482 9.9964E-05 0.111118 9.9964E-05
0.0190459 9.9973E-05 0.935638 9.9973E-05 0.0450159 9.9973E-05
0.0109026 9.9982E-05 0.913599 0.0339358 0.0413628 9.9982E-05
9.9964E-05 9.9964E-05 0.916485 9.9964E-05 0.0831147 9.9964E-05
9.9964E-05 9.9964E-05 0.941244 9.9964E-05 0.0583565 9.9964E-05
9.9982E-05 9.9982E-05 0.896619 0.0530736 0.0330469 0.017061
0.0603494 9.9982E-05 0.8051 0.0929065 0.0414441 9.9982E-05
9.99641E-05 9.99641E-05 0.958902 9.99641E-05 0.0406982 9.99641E-05
9.9973E-05 9.9973E-05 0.84483 9.9973E-05 0.126706 0.0281646
9.9964E-05 9.9964E-05 0.851787 9.9964E-05 0.147813 9.9964E-05
9.99641E-05 9.99641E-05 0.874265 9.99641E-05 0.125335 9.99641E-05
9.9982E-05 0.014947 0.963379 0.0122153 0.00925901 9.9982E-05
0.0392693 9.9982E-05 0.888154 0.0306414 0.0417352 9.9982E-05
0.0970546 0.0180608 0.703731 0.000190951 0.0884413 0.0925218
0.0196414 0.0146195 0.901931 0.0177208 0.0459871 9.9991E-05
9.9964E-05 9.9964E-05 0.864813 9.9964E-05 0.134787 9.9964E-05
0.0298773 0.00656306 0.954053 0.00914887 0.000258142 9.9991E-05
0.0242134 9.9982E-05 0.845246 0.118382 0.0119587 9.9982E-05
0.00583164 0.0656542 0.782775 0.0985157 0.0471233 9.9991E-05
9.9991E-05 0.032074 0.883583 0.0507805 0.0113668 0.0220958
0.0254457 0.0768378 0.753555 9.9982E-05 9.9982E-05 0.143962
0.073292 0.0319214 0.697749 0.0761341 9.9991E-05 0.120804
0.0857069 0.0494171 0.744237 9.9991E-05 0.037488 0.0830511
0.0203648 0.0164288 0.830409 0.011315 9.9991E-05 0.121382
0.0747119 9.9982E-05 0.828611 0.0510345 9.9982E-05 0.0454429
0.0235284 9.9964E-05 0.976072 9.9964E-05 9.9964E-05 9.9964E-05
0.0197548 9.9982E-05 0.941442 0.00730165 9.9982E-05 0.0313017
0.0313857 9.9982E-05 0.902052 0.039921 9.9982E-05 0.0264414
0.0604116 9.999E-05 0.687063 0.097079 0.0442505 0.111096
9.9982E-05 0.0241716 0.795696 9.9982E-05 0.122517 0.0574148
0.0473671 0.0218417 0.849158 0.0512923 0.0152635 0.0150771
0.0703626 9.9982E-05 0.830532 0.0463916 9.9982E-05 0.0525134
0.0585498 9.9982E-05 0.843878 0.0521811 9.9982E-05 0.0451906
9.9991E-05 0.0638152 0.711274 0.105885 0.0389494 0.0799761
0.00529689 0.0686412 0.719819 0.0694506 0.035076 0.101717
0.0847185 0.00857056 0.796717 9.9982E-05 9.9982E-05 0.109794
0.130877 0.0016968 0.669514 0.0960216 0.0428258 0.0590652
9.9982E-05 0.0554694 0.817077 0.0760226 9.9982E-05 0.051231
0.0368097 9.9973E-05 0.913828 0.0490619 9.9973E-05 9.9973E-05
9.9991E-05 0.0386547 0.77516 0.113651 0.0701135 0.002321
0.0140573 9.9982E-05 0.784825 0.100581 9.9982E-05 0.100337
9.9982E-05 0.0463084 0.774521 0.00113679 9.9982E-05 0.177834
0.0833357 0.0659611 0.68209 0.0851275 9.9991E-05 0.0833856
0.0834744 0.0590106 0.695706 0.0784819 9.9991E-05 0.083227
9.9973E-05 9.9973E-05 0.825094 0.0524403 9.9973E-05 0.122165
0.0939656 0.0276939 0.735221 0.0438235 9.9991E-05 0.0991962
0.0167068 0.0906549 0.730467 0.0386751 9.9991E-05 0.123396
0.07095 0.101483 0.619426 0.0360067 0.031588 0.140546
0.0140119 0.0289896 0.860532 0.0716011 9.9991E-05 0.0247657
0.127168 0.0248779 0.707354 9.9982E-05 9.9982E-05 0.1404
0.053941 0.0814151 0.797577 9.9991E-05 0.0285382 0.038429
0.0753994 0.0499134 0.61927 0.13949 9.9991E-05 0.115827
0.0596554 9.9991E-05 0.786428 0.084778 0.0405593 0.0284788
0.059985 9.9982E-05 0.806371 0.0816448 9.9982E-05 0.0517992
0.0299896 0.0553052 0.569491 0.137867 0.0322924 0.175054
9.9982E-05 0.037361 0.696562 0.170652 9.9982E-05 0.0952247
0.0535927 0.0447138 0.789674 0.0379942 9.9991E-05 0.0739252
0.0250924 0.135041 0.594424 0.0722476 0.0246158 0.148579
0.0624219 0.161482 0.457061 0.158703 9.9991E-05 0.160233
0.0732268 0.170224 0.41054 0.162347 9.9991E-05 0.183562
0.0807826 0.114636 0.405638 0.202372 0.00497027 0.191601
0.0557749 0.188603 0.468286 0.152195 9.9991E-05 0.135041
0.0906985 0.16054 0.448495 0.134684 9.9991E-05 0.165483
9.9982E-05 0.174244 0.62897 0.0279491 9.9982E-05 0.168637
0.0712619 0.168058 0.476624 0.102043 9.9991E-05 0.181913
0.119044 0.180057 0.499409 0.0989259 9.9991E-05 0.102464
0.104164 0.119083 0.510976 0.0795482 0.0537545 0.132474
9.9991E-05 0.157583 0.556352 0.0661815 0.00856093 0.211223
0.112509 0.144189 0.459186 0.128329 9.9991E-05 0.155687
0.108972 0.118729 0.407671 0.163333 0.00301428 0.19828
0.0847123 0.174853 0.564494 0.0610512 0.00151993 0.113369
0.0903742 0.154041 0.578406 0.0116822 0.0114104 0.154087
0.0994914 0.189858 0.320995 0.212129 0.0436312 0.133896
9.996E-05 0.9995 9.996E-05 9.996E-05 9.996E-05 9.996E-05
9.9973E-05 0.971227 9.9973E-05 9.9973E-05 0.028043 0.00043037
9.9964E-05 0.910865 0.0887349 9.9964E-05 9.9964E-05 9.9964E-05
9.996E-05 0.9995 9.996E-05 9.996E-05 9.996E-05 9.996E-05
9.996E-05 0.9995 9.996E-05 9.996E-05 9.996E-05 9.996E-05
9.996E-05 0.9995 9.996E-05 9.996E-05 9.996E-05 9.996E-05
9.996E-05 0.9995 9.996E-05 9.996E-05 9.996E-05 9.996E-05
9.9964E-05 0.891117 0.108483 9.9964E-05 9.9964E-05 9.9964E-05
9.9964E-05 0.996433 9.9964E-05 9.9964E-05 9.9964E-05 0.00316715
9.996E-05 0.9995 9.996E-05 9.996E-05 9.996E-05 9.996E-05
0.105172 0.103395 0.281069 0.187702 9.9991E-05 0.322562
0.00941779 0.951761 0.0289098 0.0043716 0.00543975 9.9991E-05
9.996E-05 0.9995 9.996E-05 9.996E-05 9.996E-05 9.996E-05
9.996E-05 0.9995 9.996E-05 9.996E-05 9.996E-05 9.996E-05
0.0790703 0.167596 0.239199 0.218707 9.9991E-05 0.295328
0.0701406 0.147067 0.309158 0.172268 9.9991E-05 0.301267
0.061096 0.155352 0.307077 0.17451 0.0157641 0.286202
0.058348 0.191526 0.265874 0.180894 9.9991E-05 0.303259
0.0909863 0.163007 0.287535 0.149867 9.9991E-05 0.308505
0.0560972 0.15549 0.370642 0.167353 9.9991E-05 0.250318
0.0783368 0.194614 0.343201 0.136431 9.9991E-05 0.247317
0.0213935 0.182111 0.365289 0.132754 9.9991E-05 0.298353
0.120712 0.241539 0.324158 0.175205 9.9991E-05 0.138286
0.0719406 0.219281 0.342673 0.151658 9.9991E-05 0.214347
0.0692505 0.162637 0.432281 0.154276 9.9991E-05 0.181456
0.0871019 0.227014 0.357795 0.173379 9.9991E-05 0.154611
0.091387 0.131089 0.31539 0.194259 0.0116209 0.256254
0.0520138 0.13601 0.401016 0.117161 9.9991E-05 0.293699
9.9964E-05 9.9964E-05 9.9964E-05 0.0288834 9.9964E-05 0.970717
9.9982E-05 0.0191933 9.9982E-05 0.0701086 0.00193242 0.908566
9.996E-05 9.996E-05 9.996E-05 9.996E-05 9.996E-05 0.9995
9.996E-05 9.996E-05 9.996E-05 9.996E-05 9.996E-05 0.9995
9.996E-05 9.996E-05 9.996E-05 9.996E-05 9.996E-05 0.9995
9.996E-05 9.996E-05 9.996E-05 9.996E-05 9.996E-05 0.9995
9.9964E-05 0.00163235 9.9964E-05 9.9964E-05 9.9964E-05 0.997968
0.000739259 0.0149039 0.136813 0.0125586 0.0412097 0.793776
9.996E-05 9.996E-05 9.996E-05 9.996E-05 9.996E-05 0.9995
9.996E-05 9.996E-05 9.996E-05 9.996E-05 9.996E-05 0.9995
0.00382456 0.0215742 0.00586914 9.9991E-05 0.055098 0.913534
9.996E-05 9.996E-05 9.996E-05 9.996E-05 9.996E-05 0.9995
0.113347 9.9982E-05 0.0829295 0.0455419 9.9982E-05 0.757981
0.9995 9.996E-05 9.996E-05 9.996E-05 9.996E-05 9.996E-05
0.116261 0.207193 0.30528 0.139521 9.999E-05 0.231645
0.9995 9.996E-05 9.996E-05 9.996E-05 9.996E-05 9.996E-05
0.9995 9.996E-05 9.996E-05 9.996E-05 9.996E-05 9.996E-05
0.972886 0.0267137 9.996E-05 9.996E-05 9.996E-05 9.996E-05
0.778551 0.0186254 0.175228 0.00488975 0.00327786 0.0194278
0.9995 9.996E-05 9.996E-05 9.996E-05 9.996E-05 9.996E-05
0.881767 0.0285237 0.0403521 0.0146451 9.9991E-05 0.034612
0.972717 9.9964E-05 0.0268835 9.9964E-05 9.9964E-05 9.9964E-05
0.953639 9.9973E-05 0.0361348 9.9973E-05 9.9973E-05 0.00992637
0.9995 9.996E-05 9.996E-05 9.996E-05 9.996E-05 9.996E-05
0.925217 9.9973E-05 0.0568151 9.9973E-05 9.9973E-05 0.0176681
0.9995 9.996E-05 9.996E-05 9.996E-05 9.996E-05 9.996E-05
0.797917 0.00422936 0.00807307 0.0867516 9.9991E-05 0.102929
0.970221 9.9973E-05 9.9973E-05 0.00847973 0.0209991 9.9973E-05
0.900485 0.0298404 0.0248032 0.0326926 9.9991E-05 0.0120793
0.90979 9.9991E-05 0.0239955 0.0304649 0.00584129 0.0298078
0.881025 9.9982E-05 0.0805421 0.018199 0.0200341 9.9982E-05
0.895145 0.0042319 9.9973E-05 9.9973E-05 9.9973E-05 0.100323
0.0856876 0.108512 0.250135 0.417462 0.0352427 0.102962
0.0612581 0.099361 0.360891 0.324307 0.0206751 0.133508
0.0578451 0.17277 0.284206 0.382993 0.0301887 0.0719965
0.0679711 0.113969 0.319538 0.394676 0.0289553 0.0748902
0.106589 0.179544 0.117872 0.521439 0.000483126 0.0740735
0.10059 0.228483 9.99821E-05 0.643065 9.99821E-05 0.0276623
0.0824995 0.259495 0.0565599 0.561794 9.9991E-05 0.0395522
0.0975154 0.254133 0.0086796 0.639472 9.9982E-05 9.9982E-05
0.0944294 0.235047 0.035227 0.596618 9.9991E-05 0.0385783
0.100032 0.219047 0.0913857 0.563111 9.9991E-05 0.0263247
0.0978302 0.241238 0.0940472 0.563161 9.9991E-05 0.00362348
0.12823 0.178411 0.226048 0.45041 0.00354453 0.0133567
0.0945831 0.184815 0.180145 0.507778 9.9991E-05 0.0325789
9.9964E-05 9.9964E-05 9.9964E-05 0.996281 0.00331948 9.9964E-05
9.996E-05 9.996E-05 9.996E-05 0.9995 9.996E-05 9.996E-05
9.996E-05 9.996E-05 9.996E-05 0.9995 9.996E-05 9.996E-05
9.996E-05 9.996E-05 9.996E-05 0.9995 9.996E-05 9.996E-05
9.996E-05 9.996E-05 9.996E-05 0.9995 9.996E-05 9.996E-05
9.9964E-05 9.9964E-05 0.0617407 0.937859 9.9964E-05 9.9964E-05
9.996E-05 9.996E-05 9.996E-05 0.9995 9.996E-05 9.996E-05
9.996E-05 9.996E-05 9.996E-05 0.9995 9.996E-05 9.996E-05
9.996E-05 9.996E-05 9.996E-05 0.9995 9.996E-05 9.996E-05
9.9964E-05 9.9964E-05 9.9964E-05 0.99035 9.9964E-05 0.00925022
9.996E-05 9.996E-05 9.996E-05 0.9995 9.996E-05 9.996E-05
9.996E-05 9.996E-05 9.996E-05 0.9995 9.996E-05 9.996E-05
