9.996E-05 9.996E-05 9.996E-05 9.996E-05 0.9995 9.996E-05
9.999E-05 0.175449 0.112651 0.0371175 0.556037 0.118645
9.9982E-05 0.189726 0.0977481 9.9982E-05 0.550874 0.161452
9.99641E-05 0.479569 9.99641E-05 9.99641E-05 0.520031 9.99641E-05
0.0128712 0.542544 9.9982E-05 0.0960933 0.348291 9.9982E-05
9.999E-05 0.474008 0.0038355 0.0331664 0.419373 0.0695173
9.9973E-05 0.399242 9.9973E-05 9.9973E-05 0.577792 0.0226661
9.9991E-05 0.374019 0.00747355 0.015059 0.502458 0.100891
0.0522735 0.431358 0.00284909 9.9991E-05 0.429438 0.0839821
9.996E-05 9.996E-05 9.996E-05 9.996E-05 0.9995 9.996E-05
9.996E-05 9.996E-05 9.996E-05 9.996E-05 0.9995 9.996E-05
9.996E-05 9.996E-05 9.996E-05 9.996E-05 0.9995 9.996E-05
9.996E-05 9.996E-05 9.996E-05 9.996E-05 0.9995 9.996E-05
0.00648915 9.9973E-05 9.9973E-05 0.00056727 0.992644 9.9973E-05
9.996E-05 9.996E-05 9.996E-05 9.996E-05 0.9995 9.996E-05
0.0220531 0.605772 9.9982E-05 9.9982E-05 0.342276 0.0296991
0.0663897 0.370109 0.00373302 0.0928817 0.399813 0.0670735
0.0324867 0.468637 0.00142617 9.9991E-05 0.476906 0.020444
0.047634 0.6375 9.9982E-05 0.0651944 0.249471 9.9982E-05
0.0171484 0.752805 9.9982E-05 0.0588944 0.170952 9.9982E-05
0.0413926 0.616686 9.9973E-05 9.9973E-05 0.341622 9.9973E-05
9.9982E-05 0.632278 9.9982E-05 0.0821936 0.227346 0.0579826
0.0392431 0.549429 9.9991E-05 0.117877 0.268095 0.0252562
9.9973E-05 0.73812 9.9973E-05 0.00514279 0.256437 9.9973E-05
0.0224625 0.732082 9.9973E-05 9.9973E-05 0.245156 9.9973E-05
9.9973E-05 0.819053 9.9973E-05 0.00643468 0.174213 9.9973E-05
0.0983273 0.667953 9.9991E-05 0.0287133 0.178292 0.0266145
9.9973E-05 0.76905 9.9973E-05 9.9973E-05 0.214575 0.0160751
0.0239183 0.658344 9.9991E-05 0.0381686 0.269523 0.00994675
9.9964E-05 0.646501 9.9964E-05 9.9964E-05 0.3531 9.9964E-05
0.0178421 0.622851 9.9982E-05 0.0429832 0.316123 9.9982E-05
0.00769257 0.79033 9.9982E-05 0.0102394 0.191538 9.9982E-05
0.0367311 0.673325 9.9991E-05 0.0351078 0.22838 0.0263562
0.015738 0.692558 9.9991E-05 0.000728111 0.213126 0.0777501
9.9982E-05 0.624446 9.9982E-05 0.132446 0.191055 0.0518531
0.0101055 0.625418 9.9973E-05 9.9973E-05 0.364177 9.9973E-05
9.9982E-05 0.817282 9.9982E-05 0.0213396 0.125945 0.0352333
0.0719869 0.595792 0.00972739 0.0883423 0.157287 0.0768643
0.0709945 0.621088 0.0428129 0.0381282 0.155311 0.071665
0.0743209 0.739893 9.9982E-05 0.0374881 0.148098 9.9982E-05
0.0650945 0.833741 0.0473319 9.9991E-05 0.0245008 0.0292316
0.0376758 0.808443 0.0360367 0.0265478 0.0319286 0.0593684
9.9982E-05 0.82706 0.0154263 9.9982E-05 0.142009 0.0153044
0.0370505 0.874987 9.9982E-05 9.9982E-05 0.0466242 0.0411381
0.029549 0.862629 9.9982E-05 9.9982E-05 0.0233349 0.0842867
0.0736535 0.746427 9.9982E-05 9.9982E-05 0.0692931 0.110426
0.0411029 0.837154 9.9982E-05 9.9982E-05 0.0634778 0.0580652
0.0170359 0.821441 9.9991E-05 0.00985603 0.101011 0.0505555
0.0643173 0.740041 9.9991E-05 0.0218449 0.125142 0.0485547
9.9991E-05 0.68522 0.0394657 0.00108734 0.242096 0.0320312
0.0621818 0.747945 9.9982E-05 9.9982E-05 0.123599 0.0660739
0.032882 0.792975 9.9991E-05 0.0354515 0.0666813 0.0719103
0.0580628 0.680264 9.9991E-05 0.0256971 0.10984 0.126036
0.05538 0.754501 0.00614325 0.0723325 0.105156 0.00648688
0.0249911 0.794972 0.0323056 0.0290891 0.108034 0.0106087
9.9973E-05 0.81097 9.9973E-05 9.9973E-05 0.0497305 0.138999
0.0569667 0.694537 9.9991E-05 0.0768124 0.13775 0.0338343
0.0836592 0.826024 0.0184069 0.00395928 0.0678509 9.9991E-05
0.0924923 0.728274 9.9982E-05 9.9982E-05 0.0935918 0.0854415
0.117244 0.742892 9.9982E-05 9.9982E-05 0.106872 0.0327923
0.0953118 0.795402 9.9991E-05 0.0229319 0.0788737 0.00738013
0.0361369 0.905315 0.00168279 9.9991E-05 0.0480956 0.00866996
0.0798176 0.712077 0.0372318 0.0414089 0.0449508 0.0845135
0.00872013 0.815647 0.0119039 0.0866487 0.0225263 0.0545541
0.0342671 0.90192 9.9973E-05 9.9973E-05 0.0635127 9.9973E-05
9.9982E-05 0.778902 9.9982E-05 0.0970704 0.0488218 0.0750061
0.0237793 0.923086 0.0493785 9.9991E-05 0.00342672 0.000229249
9.9991E-05 0.777752 0.0240495 0.152893 0.00926534 0.0359403
0.0784406 0.768505 9.9991E-05 0.0144994 0.0869366 0.051518
9.9991E-05 0.896315 0.00147292 0.0294326 0.0024346 0.0702454
9.9982E-05 0.734726 0.0819776 9.9982E-05 0.0965229 0.0865738
0.0105245 0.87945 0.0335268 0.0195976 0.000268214 0.0566331
0.0286875 0.797181 9.9991E-05 0.0296857 0.118366 0.0259797
0.0666599 0.791383 9.9982E-05 9.9982E-05 0.0953453 0.0464117
0.000803844 0.762703 9.9991E-05 0.128338 0.0545226 0.053532
0.0945591 0.80602 9.9991E-05 0.0469698 0.0357628 0.0165879
9.9982E-05 0.855752 0.0116015 0.030815 9.9982E-05 0.101632
9.9991E-05 0.727434 0.117849 0.088276 0.0420305 0.02431
0.0908213 0.666692 0.114212 0.128074 9.9982E-05 9.9982E-05
0.0204277 0.754518 0.106392 0.118196 9.9991E-05 0.000366128
0.0254977 0.805648 0.0729751 0.041481 9.9991E-05 0.054298
0.0128982 0.780334 0.118789 0.0791931 9.9991E-05 0.00868584
0.0431623 0.832232 0.0828145 0.0407406 9.9991E-05 0.000950544
0.0329525 0.811756 0.101415 9.9991E-05 0.0244259 0.0293512
9.9991E-05 0.668322 0.183193 0.0693849 0.0334342 0.0455659
0.0256119 0.676894 0.147879 0.0404323 0.0286129 0.0805695
0.0700755 0.658162 0.101987 0.0194598 0.0796691 0.070646
0.0906677 0.785682 0.1026 9.9982E-05 0.0208496 9.9982E-05
0.0825314 0.676571 0.165378 0.0252538 9.9991E-05 0.050166
0.135696 0.639897 0.110155 0.0193517 9.9991E-05 0.0948004
9.9991E-05 0.585158 0.114646 0.188748 0.0610742 0.0502736
9.9991E-05 0.605075 0.0546299 0.219933 0.0609376 0.0593245
0.174982 0.497088 0.183981 0.0151076 0.0310239 0.0978179
9.9973E-05 0.0340852 0.961158 9.9973E-05 9.9973E-05 0.00445696
9.9973E-05 9.9973E-05 0.911008 9.9973E-05 0.0202753 0.0684163
9.9991E-05 0.0672395 0.861896 0.0566868 0.0059821 0.00809539
9.9964E-05 9.9964E-05 0.990146 9.9964E-05 9.9964E-05 0.00945379
9.996E-05 9.996E-05 0.9995 9.996E-05 9.996E-05 9.996E-05
9.996E-05 9.996E-05 0.9995 9.996E-05 9.996E-05 9.996E-05
9.996E-05 9.996E-05 0.9995 9.996E-05 9.996E-05 9.996E-05
0.0286041 9.9982E-05 0.923711 9.9982E-05 0.0332092 0.0142756
0.0395174 9.9964E-05 0.960083 9.9964E-05 9.9964E-05 9.9964E-05
9.996E-05 9.996E-05 0.9995 9.996E-05 9.996E-05 9.996E-05
0.0878821 0.700659 0.0904015 0.0633591 9.9991E-05 0.057598
0.0244598 0.0703115 0.892542 0.0124873 9.9982E-05 9.9982E-05
9.996E-05 9.996E-05 0.9995 9.996E-05 9.996E-05 9.996E-05
0.0428224 9.9973E-05 0.94703 0.00984774 9.9973E-05 9.9973E-05
0.0685553 0.700741 0.0887076 0.0968299 9.9991E-05 0.0450664
0.0389224 0.739753 0.101837 0.0670375 9.9991E-05 0.0523499
0.045461 0.642865 0.114047 0.151709 9.9991E-05 0.0458179
0.0558446 0.67235 0.145684 0.0745476 9.9991E-05 0.0514737
0.0455794 0.734432 0.120614 0.0778442 9.9991E-05 0.0214295
0.00560708 0.777238 0.0728302 0.144125 9.9982E-05 9.9982E-05
0.047245 0.619264 0.150543 0.136447 9.9991E-05 0.0464005
0.00993354 0.731264 0.124858 0.133745 9.9982E-05 9.9982E-05
0.036129 0.533659 0.208321 0.155458 9.9991E-05 0.0663332
0.0516004 0.593777 0.202704 0.127198 9.9991E-05 0.024621
0.105991 0.717307 0.0814643 0.055273 0.00619168 0.0337731
0.0591932 0.530186 0.180431 0.141928 0.0214966 0.0667661
0.0624841 0.705835 0.0556184 0.0931976 9.9991E-05 0.0827652
0.0313279 0.758717 0.113211 0.0673764 9.9991E-05 0.0292674
9.9973E-05 0.969935 0.0139369 0.0158284 9.9973E-05 9.9973E-05
0.0414135 0.892873 0.0594517 0.00606216 9.9982E-05 9.9982E-05
9.9964E-05 0.980545 0.0190549 9.9964E-05 9.9964E-05 9.9964E-05
9.996E-05 0.9995 9.996E-05 9.996E-05 9.996E-05 9.996E-05
0.000992725 0.987944 0.0107636 9.9973E-05 9.9973E-05 9.9973E-05
9.9964E-05 0.963805 0.035795 9.9964E-05 9.9964E-05 9.9964E-05
9.996E-05 0.9995 9.996E-05 9.996E-05 9.996E-05 9.996E-05
0.000787762 0.90777 9.9973E-05 0.0911425 9.9973E-05 9.9973E-05
9.996E-05 0.9995 9.996E-05 9.996E-05 9.996E-05 9.996E-05
9.996E-05 0.9995 9.996E-05 9.996E-05 9.996E-05 9.996E-05
9.9973E-05 0.885278 0.0443632 0.0700593 9.9973E-05 9.9973E-05
9.9964E-05 0.97378 0.0258204 9.9964E-05 9.9964E-05 9.9964E-05
0.0114079 0.897192 0.0167273 0.0466032 9.9991E-05 0.0279692
9.996E-05 9.996E-05 9.996E-05 9.996E-05 9.996E-05 0.9995
0.0478806 0.56036 0.186142 0.0809779 9.9991E-05 0.124539
9.996E-05 9.996E-05 9.996E-05 9.996E-05 9.996E-05 0.9995
9.996E-05 9.996E-05 9.996E-05 9.996E-05 9.996E-05 0.9995
9.9973E-05 9.9973E-05 9.9973E-05 0.0495512 0.00971693 0.940432
0.00194437 0.245884 0.0144932 0.0103596 9.9991E-05 0.727219
9.996E-05 9.996E-05 9.996E-05 9.996E-05 9.996E-05 0.9995
9.9982E-05 0.0574647 0.0168855 0.0392418 9.9982E-05 0.886208
0.0210833 9.9964E-05 9.9964E-05 9.9964E-05 9.9964E-05 0.978517
0.00901682 0.0591338 9.9973E-05 9.9973E-05 9.9973E-05 0.931549
9.9964E-05 9.9964E-05 9.9964E-05 9.9964E-05 0.0146517 0.984948
9.996E-05 9.996E-05 9.996E-05 9.996E-05 9.996E-05 0.9995
9.9964E-05 9.9964E-05 0.0235849 9.9964E-05 9.9964E-05 0.976015
0.0458881 0.0548656 0.0505256 9.9982E-05 9.9982E-05 0.848521
0.020137 9.9982E-05 9.9982E-05 0.0228834 0.01145 0.94533
9.9982E-05 0.028625 0.0581945 0.0217295 9.9982E-05 0.891251
0.0165178 0.028773 0.0203112 0.0632592 0.00147624 0.869663
0.0419936 0.0368764 9.9973E-05 9.9973E-05 9.9973E-05 0.92083
9.9973E-05 0.0135777 9.9973E-05 0.00256159 9.9973E-05 0.983561
0.310561 0.426547 0.0408934 0.157146 0.0239852 0.0408673
0.296337 0.398717 0.0564331 0.141031 0.0607 0.0467817
0.274386 0.391136 0.0722252 0.16284 0.0323515 0.0670606
0.240036 0.408687 0.0798915 0.123905 0.0561345 0.0913452
9.9973E-05 0.0203455 0.0046737 0.974681 9.9973E-05 9.9973E-05
9.996E-05 9.996E-05 9.996E-05 0.9995 9.996E-05 9.996E-05
9.9973E-05 9.9973E-05 0.0144771 0.984297 9.9973E-05 0.000925901
9.996E-05 9.996E-05 9.996E-05 0.9995 9.996E-05 9.996E-05
0.00126625 9.9964E-05 9.9964E-05 0.998334 9.9964E-05 9.9964E-05
0.00210034 9.9973E-05 9.9973E-05 0.992743 9.9973E-05 0.00485659
0.00463832 9.9973E-05 0.00399377 0.991068 9.9973E-05 9.9973E-05
0.0232853 0.106824 0.0187389 0.781263 0.0296348 0.0402533
0.00971435 0.0728887 9.9991E-05 0.85351 0.0246896 0.0390976
0.997503 0.00209686 9.9964E-05 9.9964E-05 9.9964E-05 9.9964E-05
0.9995 9.996E-05 9.996E-05 9.996E-05 9.996E-05 9.996E-05
0.9995 9.996E-05 9.996E-05 9.996E-05 9.996E-05 9.996E-05
0.971908 9.9973E-05 9.9973E-05 0.0175909 9.9973E-05 0.0102013
0.947094 0.0345252 0.00117686 0.0170043 9.9982E-05 9.9982E-05
0.876768 9.9982E-05 9.9982E-05 0.0639123 0.0309391 0.0281804
0.9995 9.996E-05 9.996E-05 9.996E-05 9.996E-05 9.996E-05
0.9995 9.996E-05 9.996E-05 9.996E-05 9.996E-05 9.996E-05
0.9995 9.996E-05 9.996E-05 9.996E-05 9.996E-05 9.996E-05
0.991805 0.00779557 9.9964E-05 9.9964E-05 9.9964E-05 9.9964E-05
0.997536 9.9964E-05 9.9964E-05 9.9964E-05 9.9964E-05 0.00206425
0.974523 9.9973E-05 0.00828141 0.0168961 9.9973E-05 9.9973E-05
