9.996E-05 9.996E-05 9.996E-05 0.9995 9.996E-05 9.996E-05
0.0770565 9.9982E-05 0.0926754 0.352818 0.47725 9.9982E-05
0.109934 9.9982E-05 0.0499812 0.367974 0.471911 9.9982E-05
9.99641E-05 9.99641E-05 9.99641E-05 0.274465 0.725135 9.99641E-05
9.9973E-05 9.9973E-05 9.9973E-05 0.12717 0.851886 0.0206442
0.00719036 9.9973E-05 9.9973E-05 0.190239 0.802271 9.9973E-05
9.9964E-05 9.9964E-05 9.9964E-05 0.355071 0.64453 9.9964E-05
0.0294825 9.9973E-05 9.9973E-05 0.358135 0.612083 9.9973E-05
0.0420562 9.9982E-05 9.9982E-05 0.237609 0.717313 0.00282221
9.996E-05 9.996E-05 9.996E-05 0.9995 9.996E-05 9.996E-05
9.996E-05 9.996E-05 9.996E-05 0.9995 9.996E-05 9.996E-05
9.996E-05 9.996E-05 9.996E-05 0.9995 9.996E-05 9.996E-05
9.996E-05 9.996E-05 9.996E-05 0.9995 9.996E-05 9.996E-05
9.9973E-05 9.9973E-05 9.9973E-05 0.920335 0.0436088 0.0357561
9.9964E-05 0.00079496 9.9964E-05 0.998805 9.9964E-05 9.9964E-05
0.00703395 0.00683004 9.9982E-05 0.234536 0.7514 9.9982E-05
0.115968 0.00124499 0.0193593 0.263513 0.508698 0.091217
9.9964E-05 9.9964E-05 9.9964E-05 0.218525 0.781075 9.9964E-05
9.9973E-05 9.9973E-05 9.9973E-05 0.00492291 0.978615 0.0161624
9.996E-05 9.996E-05 9.996E-05 9.996E-05 0.9995 9.996E-05
9.9973E-05 9.9973E-05 9.9973E-05 0.131097 0.865461 0.0031412
0.0318873 9.9973E-05 9.9973E-05 0.0566168 0.911196 9.9973E-05
9.9973E-05 9.9973E-05 9.9973E-05 0.039896 0.938757 0.0210472
9.9964E-05 9.9964E-05 9.9964E-05 0.0961461 0.903454 9.9964E-05
9.9964E-05 9.9964E-05 9.9964E-05 0.061543 0.938057 9.9964E-05
9.9982E-05 0.0297219 9.9982E-05 0.0436325 0.864544 0.0619018
0.0522644 9.9982E-05 9.9982E-05 0.0285741 0.852265 0.0666962
9.99641E-05 9.99641E-05 9.99641E-05 0.0543279 0.945272 9.99641E-05
9.9964E-05 9.9964E-05 9.9964E-05 0.102464 0.897136 9.9964E-05
9.9964E-05 9.9964E-05 9.9964E-05 0.12594 0.873661 9.9964E-05
9.99641E-05 9.99641E-05 9.99641E-05 0.108744 0.890857 9.99641E-05
9.999E-05 0.0209866 0.000995242 0.0348499 0.907501 0.0355668
0.0185427 9.9982E-05 0.01041 0.0424251 0.928422 9.9982E-05
0.0367493 0.0722414 9.9982E-05 0.0765809 0.814229 9.9982E-05
0.0706789 9.9982E-05 9.9982E-05 0.0458154 0.868974 0.0143319
9.9964E-05 9.9964E-05 9.9964E-05 0.127701 0.871899 9.9964E-05
9.996E-05 9.996E-05 9.996E-05 9.996E-05 0.9995 9.996E-05
0.00376536 0.0176746 0.0422858 0.0264344 0.828244 0.0815954
0.0458945 9.9991E-05 0.0690594 0.031818 0.783396 0.0697326
9.9991E-05 0.0312473 0.0219648 0.033429 0.899431 0.013828
0.0785462 0.147463 0.0686849 9.9991E-05 0.657305 0.0479002
0.0996108 0.135561 0.0380866 9.9991E-05 0.58648 0.140161
0.0952995 0.118316 0.0412614 0.0550982 0.689925 9.9991E-05
0.0782826 0.0926992 0.0700725 9.9991E-05 0.741901 0.0169445
0.0517246 0.0768114 9.9982E-05 9.9982E-05 0.806877 0.0643873
0.0849254 9.9973E-05 9.9973E-05 9.9973E-05 0.900176 0.0145992
0.0533949 0.0390911 0.0113782 9.9991E-05 0.889571 0.00646462
0.047004 0.028861 0.0243417 9.9991E-05 0.864041 0.0356522
0.0526884 0.138474 9.9991E-05 0.0809659 0.613677 0.114095
0.025248 0.0849926 0.0480502 0.111761 0.729848 9.9991E-05
0.06153 0.018773 0.0606186 0.00287535 0.789918 0.0662846
0.0655815 0.0570578 9.9982E-05 9.9982E-05 0.81587 0.0612906
0.0537202 0.065799 9.9982E-05 9.9982E-05 0.821925 0.0583562
9.9991E-05 0.0674648 0.0635568 0.0252389 0.710947 0.132692
0.00949732 0.113135 0.0728279 0.0334225 0.674504 0.0966129
0.111352 0.117018 0.0244915 9.9991E-05 0.726752 0.0202861
0.0883291 0.103811 0.0134106 0.0840974 0.627371 0.0829804
9.9982E-05 0.0501268 0.018239 9.9982E-05 0.833841 0.0975937
0.0897583 9.9973E-05 9.9973E-05 9.9973E-05 0.895842 0.0140996
0.064296 9.9991E-05 0.0184792 0.0386172 0.778374 0.100134
9.9982E-05 0.0878543 9.9982E-05 0.00806476 0.773333 0.130548
0.0202872 0.108318 0.0832339 0.00860472 0.751559 0.0279979
0.100718 0.0829829 0.0969834 9.9991E-05 0.651894 0.0673216
0.1184 0.142789 0.0389395 9.9991E-05 0.63638 0.0633919
9.9982E-05 0.0910118 0.0371009 9.9982E-05 0.842683 0.0290042
0.142064 0.082643 0.0450242 9.9991E-05 0.683672 0.0464965
0.0226805 0.0976756 0.0838729 9.9991E-05 0.71184 0.0838306
0.101288 0.13837 0.0630203 9.9991E-05 0.654584 0.0426385
0.0399631 0.042463 0.03125 9.9991E-05 0.844532 0.0416923
0.10314 0.142436 0.0235579 9.9991E-05 0.707452 0.0233136
0.121741 0.0685575 0.0593642 0.0048831 0.745354 9.9991E-05
0.0832438 0.103683 0.0527787 9.9991E-05 0.688163 0.0720324
0.0410066 0.0789839 0.0320277 0.0420234 0.723368 0.08259
0.0322064 0.061934 0.0150807 9.9991E-05 0.807931 0.0827482
0.055216 0.193624 0.0267809 0.0119737 0.635104 0.0773007
0.0383682 0.061237 0.0393331 9.9991E-05 0.729946 0.131016
0.0734658 0.0794984 0.0773718 9.9991E-05 0.741253 0.0283114
0.0798136 0.148729 0.130548 9.9991E-05 0.556039 0.0847696
0.0927639 0.128482 0.212072 9.9991E-05 0.442084 0.124499
0.0820685 0.148365 0.190824 9.9991E-05 0.405299 0.173344
0.0977658 0.196536 0.114976 9.9991E-05 0.449263 0.141359
0.0738534 0.185793 0.189752 9.9991E-05 0.410589 0.139913
0.076352 0.185547 0.155101 9.9991E-05 0.430559 0.152342
9.9982E-05 0.216108 0.182149 9.9982E-05 0.529765 0.0717784
0.0748113 0.0594977 0.251887 9.9991E-05 0.473799 0.139905
0.104075 0.158871 0.180579 9.9991E-05 0.391718 0.164657
0.0975843 0.142443 0.108537 0.0530559 0.53877 0.0596091
9.9991E-05 0.1799 0.151319 0.0015907 0.564044 0.103046
0.0911612 0.185733 0.161752 9.9991E-05 0.453823 0.107431
0.123941 0.165866 0.117579 9.9991E-05 0.409445 0.18307
0.0884007 0.136009 0.171833 0.0220021 0.51162 0.0701346
0.127824 0.170184 0.142149 0.0143999 0.500956 0.0444861
0.0869768 0.0727542 0.227321 0.00601635 0.379675 0.227256
9.996E-05 9.996E-05 0.9995 9.996E-05 9.996E-05 9.996E-05
0.0217965 0.0105351 0.952863 0.0146051 9.9982E-05 9.9982E-05
9.9982E-05 9.9982E-05 0.907519 0.0150968 0.0481847 0.0289999
9.996E-05 9.996E-05 0.9995 9.996E-05 9.996E-05 9.996E-05
9.996E-05 9.996E-05 0.9995 9.996E-05 9.996E-05 9.996E-05
9.996E-05 9.996E-05 0.9995 9.996E-05 9.996E-05 9.996E-05
9.996E-05 9.996E-05 0.9995 9.996E-05 9.996E-05 9.996E-05
0.00942674 9.9982E-05 0.943145 0.00840001 0.0388287 9.9982E-05
9.996E-05 9.996E-05 0.9995 9.996E-05 9.996E-05 9.996E-05
9.996E-05 9.996E-05 0.9995 9.996E-05 9.996E-05 9.996E-05
0.0615131 0.341778 0.112684 9.9991E-05 0.266308 0.217616
9.9982E-05 9.9982E-05 0.943827 0.00219655 0.00489656 0.0488795
9.996E-05 9.996E-05 0.9995 9.996E-05 9.996E-05 9.996E-05
9.9982E-05 0.00035168 0.971368 0.00507494 9.9982E-05 0.0230052
0.0552843 0.308485 0.162946 9.9991E-05 0.273497 0.199687
0.0775499 0.297756 0.171539 9.9991E-05 0.291929 0.161127
0.0762204 0.254871 0.182957 9.9991E-05 0.349905 0.135947
0.0749423 0.262094 0.214244 9.9991E-05 0.285617 0.163002
0.100736 0.290125 0.190643 9.9991E-05 0.285055 0.133342
0.0410907 0.20815 0.168106 9.9991E-05 0.416376 0.166177
0.050086 0.203441 0.214692 9.9991E-05 0.369834 0.161846
0.0176808 0.300824 0.185656 9.9991E-05 0.330808 0.16493
0.101907 0.167576 0.283122 9.9991E-05 0.299489 0.147806
0.0848589 0.21856 0.260007 9.9991E-05 0.258773 0.1777
0.0730564 0.229528 0.180591 9.9991E-05 0.367845 0.14888
0.0925215 0.141901 0.282564 9.9991E-05 0.294596 0.188318
0.0941932 0.295191 0.11815 0.0197178 0.279105 0.193643
0.123937 0.244191 0.177419 9.9991E-05 0.283602 0.170751
0.0301018 0.961277 9.9973E-05 9.9973E-05 9.9973E-05 0.00832138
9.9973E-05 0.903246 9.9973E-05 0.032875 9.9973E-05 0.0635787
9.996E-05 0.9995 9.996E-05 9.996E-05 9.996E-05 9.996E-05
9.9964E-05 0.982902 9.9964E-05 9.9964E-05 9.9964E-05 0.0166983
9.996E-05 0.9995 9.996E-05 9.996E-05 9.996E-05 9.996E-05
9.996E-05 0.9995 9.996E-05 9.996E-05 9.996E-05 9.996E-05
9.996E-05 0.9995 9.996E-05 9.996E-05 9.996E-05 9.996E-05
9.9982E-05 0.839988 9.9982E-05 0.0273372 0.122315 0.0101595
9.996E-05 0.9995 9.996E-05 9.996E-05 9.996E-05 9.996E-05
9.996E-05 0.9995 9.996E-05 9.996E-05 9.996E-05 9.996E-05
0.0104728 0.91755 0.0662585 0.00551869 9.9982E-05 9.9982E-05
9.996E-05 0.9995 9.996E-05 9.996E-05 9.996E-05 9.996E-05
0.144893 0.735184 0.0322499 9.9991E-05 0.025145 0.0624278
0.999114 0.000486069 9.9964E-05 9.9964E-05 9.9964E-05 9.9964E-05
0.118598 0.234293 0.180091 9.9991E-05 0.352134 0.114784
0.9995 9.996E-05 9.996E-05 9.996E-05 9.996E-05 9.996E-05
0.9995 9.996E-05 9.996E-05 9.996E-05 9.996E-05 9.996E-05
0.976689 9.9973E-05 0.0176495 0.00536153 9.9973E-05 9.9973E-05
0.860818 0.0600015 0.00694223 9.9982E-05 0.0720387 9.9982E-05
0.9995 9.996E-05 9.996E-05 9.996E-05 9.996E-05 9.996E-05
0.868856 0.00151429 0.0322461 0.012404 0.0752314 0.00974815
0.976231 9.9964E-05 9.9964E-05 9.9964E-05 9.9964E-05 0.0233689
0.9663 0.0111717 9.9973E-05 9.9973E-05 0.0222279 9.9973E-05
0.9995 9.996E-05 9.996E-05 9.996E-05 9.996E-05 9.996E-05
0.9995 9.996E-05 9.996E-05 9.996E-05 9.996E-05 9.996E-05
0.976358 0.00443331 9.9973E-05 9.9973E-05 0.0189092 9.9973E-05
0.832649 0.0733312 0.0353641 9.9982E-05 9.9982E-05 0.0584553
0.963114 9.9973E-05 9.9973E-05 0.010937 9.9973E-05 0.0256493
0.87121 0.0458713 0.0287607 0.00759263 0.0321185 0.0144471
0.886538 9.9991E-05 0.00478962 0.0194652 0.0497816 0.0393257
0.897009 0.00468737 0.000925778 0.0202524 0.0482837 0.0288421
0.9426 0.0217764 0.00401628 9.9982E-05 0.0314075 9.9982E-05
0.0858645 0.125137 0.102025 0.0438091 0.268573 0.374591
0.0711942 0.126921 0.109591 0.0052348 0.332448 0.354611
0.120901 0.105102 0.146578 0.0299991 0.226211 0.371208
0.0874522 0.0650744 0.0798806 0.0301225 0.327141 0.410329
0.078555 0.0939513 0.186186 9.9991E-05 0.144874 0.496334
0.10038 9.99821E-05 0.222409 9.99821E-05 0.000465616 0.676546
0.102318 0.0693471 0.237743 9.9991E-05 0.0803696 0.510123
0.0833937 0.0165079 0.225542 9.9991E-05 0.0663506 0.608106
0.108611 0.0348544 0.232351 9.9991E-05 0.0835737 0.540511
0.0954969 0.0260486 0.231467 9.9991E-05 0.109671 0.537216
0.097333 0.0274104 0.249046 0.00224545 0.0702888 0.553676
0.106544 0.0259502 0.178204 0.0234719 0.226009 0.439821
0.101293 0.0140169 0.173114 0.00275961 0.256257 0.452559
9.996E-05 9.996E-05 9.996E-05 9.996E-05 9.996E-05 0.9995
9.996E-05 9.996E-05 9.996E-05 9.996E-05 9.996E-05 0.9995
9.996E-05 9.996E-05 9.996E-05 9.996E-05 9.996E-05 0.9995
9.996E-05 9.996E-05 9.996E-05 9.996E-05 9.996E-05 0.9995
9.996E-05 9.996E-05 9.996E-05 9.996E-05 9.996E-05 0.9995
0.00369357 9.9982E-05 9.9982E-05 0.00112937 0.0448175 0.95016
9.996E-05 9.996E-05 9.996E-05 9.996E-05 9.996E-05 0.9995
9.996E-05 9.996E-05 9.996E-05 9.996E-05 9.996E-05 0.9995
9.996E-05 9.996E-05 9.996E-05 9.996E-05 9.996E-05 0.9995
9.9964E-05 0.0156582 9.9964E-05 9.9964E-05 9.9964E-05 0.983942
9.996E-05 9.996E-05 9.996E-05 9.996E-05 9.996E-05 0.9995
9.996E-05 9.996E-05 9.996E-05 9.996E-05 9.996E-05 0.9995
