9.996E-05 9.996E-05 9.996E-05 9.996E-05 9.996E-05 0.9995
9.9982E-05 0.0361535 0.0165465 0.0832067 9.9982E-05 0.863893
0.218147 9.9964E-05 9.9964E-05 9.9964E-05 9.9964E-05 0.781454
0.152793 0.034091 0.205086 0.042279 0.0570789 0.508672
9.9973E-05 9.9973E-05 9.9973E-05 0.110646 0.0754029 0.813651
9.9964E-05 9.9964E-05 0.127858 9.9964E-05 9.9964E-05 0.871742
0.0674176 9.9991E-05 0.0415738 0.0289445 0.0179266 0.844038
9.9982E-05 0.00475001 0.0356549 9.9982E-05 0.0844382 0.874957
0.21162 9.9991E-05 0.0451964 0.0685856 0.0368605 0.637638
0.0896596 0.0445083 9.9991E-05 0.195391 0.0103332 0.660008
9.9973E-05 0.0281678 0.959942 9.9973E-05 0.0115904 9.9973E-05
9.9964E-05 0.000975359 0.998625 9.9964E-05 9.9964E-05 9.9964E-05
9.9973E-05 9.9973E-05 0.793614 9.9973E-05 0.00875524 0.197331
0.167167 0.0476655 0.748973 9.9982E-05 9.9982E-05 0.0359946
0.119871 0.0556237 0.794852 0.0278667 9.9991E-05 0.0016866
9.996E-05 9.996E-05 0.9995 9.996E-05 9.996E-05 9.996E-05
9.996E-05 9.996E-05 0.9995 9.996E-05 9.996E-05 9.996E-05
0.169545 9.9973E-05 0.704878 0.125277 9.9973E-05 9.9973E-05
0.198609 0.0250183 0.70491 9.9982E-05 0.0712628 9.9982E-05
9.9973E-05 9.9973E-05 0.933004 9.9973E-05 0.0407471 0.0259488
0.0281719 0.00613352 0.761301 0.0612889 0.0635542 0.0795509
9.9973E-05 9.9973E-05 0.626959 0.0659307 9.9973E-05 0.306811
9.9964E-05 0.00636607 0.993234 9.9964E-05 9.9964E-05 9.9964E-05
9.9973E-05 9.9973E-05 0.853646 0.115507 0.0305478 9.9973E-05
0.1214 9.9973E-05 0.685469 0.192832 9.9973E-05 9.9973E-05
0.102504 9.9982E-05 0.700498 0.12852 9.9982E-05 0.0682772
0.088914 0.0112275 0.567722 0.137145 0.194891 9.9991E-05
0.0563254 0.0186075 0.486931 0.373499 0.0514082 0.0132287
0.270637 9.9982E-05 0.512821 0.211382 9.9982E-05 0.00495961
9.9964E-05 9.9964E-05 0.651076 0.348524 9.9964E-05 9.9964E-05
0.725747 9.9973E-05 9.9973E-05 0.188998 0.0849552 9.9973E-05
0.643517 0.0169994 0.0476001 0.0795732 0.0903597 0.12195
0.89218 9.9973E-05 0.0361572 0.0713629 9.9973E-05 9.9973E-05
0.774399 9.9973E-05 0.000166122 9.9973E-05 0.225135 9.9973E-05
0.805905 0.00644486 0.187351 9.9973E-05 9.9973E-05 9.9973E-05
0.984202 9.9964E-05 9.9964E-05 9.9964E-05 9.9964E-05 0.0153982
0.622681 9.9982E-05 0.052959 9.9982E-05 0.0948371 0.229323
0.820565 9.9973E-05 0.0839554 0.09518 9.9973E-05 9.9973E-05
0.935522 0.0147336 9.9973E-05 9.9973E-05 0.0494447 9.9973E-05
0.487609 0.0237786 0.126897 0.237797 0.123819 9.9991E-05
0.9995 9.996E-05 9.996E-05 9.996E-05 9.996E-05 9.996E-05
0.203185 9.999E-05 0.172053 0.389289 0.153928 0.0814455
0.863087 9.9973E-05 0.0284371 0.108176 9.9973E-05 9.9973E-05
0.632023 0.0123088 0.123522 0.0875206 0.138596 0.00602886
0.141174 9.9991E-05 0.046502 0.239696 0.551376 0.0211528
0.150804 9.9982E-05 0.0669793 9.9982E-05 0.773287 0.0087297
0.145528 0.0352784 9.9991E-05 0.0562846 0.758978 0.00383054
9.9964E-05 9.9964E-05 9.9964E-05 0.147021 0.852579 9.9964E-05
0.150771 9.9991E-05 0.112337 0.0173946 0.613197 0.106201
0.419836 9.9982E-05 9.9982E-05 0.140709 0.330262 0.108993
0.0162934 0.00452267 9.9991E-05 0.245029 0.731393 0.00266148
9.996E-05 9.996E-05 9.996E-05 9.996E-05 0.9995 9.996E-05
9.9973E-05 0.0181595 9.9973E-05 0.185038 0.796503 9.9973E-05
0.0730075 9.9982E-05 0.00343693 0.141385 0.781971 9.9982E-05
0.102417 0.00192612 9.9973E-05 9.9973E-05 0.895357 9.9973E-05
9.9973E-05 0.0347999 9.9973E-05 0.0140859 0.950814 9.9973E-05
0.0771672 0.022967 0.0731303 0.821607 0.00502882 9.9991E-05
0.156223 9.9973E-05 0.0974696 0.746008 9.9973E-05 9.9973E-05
9.9982E-05 9.9982E-05 0.090323 0.831389 0.0650027 0.0130854
0.051198 0.010447 0.0252851 0.740431 0.00451173 0.168127
9.9982E-05 9.9982E-05 0.0544479 0.81765 0.119035 0.00866725
0.325333 0.107186 9.998E-05 0.501598 9.998E-05 0.065683
0.0335618 9.9982E-05 9.9982E-05 0.914933 0.0379484 0.0133567
9.99641E-05 0.0376168 9.99641E-05 0.961983 9.99641E-05 9.99641E-05
0.0891826 0.00308838 0.00999086 0.897538 9.9982E-05 9.9982E-05
9.996E-05 9.996E-05 9.996E-05 0.9995 9.996E-05 9.996E-05
9.996E-05 9.996E-05 9.996E-05 0.9995 9.996E-05 9.996E-05
9.9964E-05 9.9964E-05 0.00761409 0.991986 9.9964E-05 9.9964E-05
9.996E-05 9.996E-05 9.996E-05 0.9995 9.996E-05 9.996E-05
9.996E-05 9.996E-05 9.996E-05 0.9995 9.996E-05 9.996E-05
0.0752891 9.9964E-05 9.9964E-05 0.924311 9.9964E-05 9.9964E-05
0.315776 0.0101773 9.9982E-05 0.620083 9.9982E-05 0.0537642
9.9964E-05 9.9964E-05 9.9964E-05 0.981754 0.0178464 9.9964E-05
0.118308 0.0561093 9.9991E-05 0.713261 0.0910927 0.02113
0.0841818 0.538138 0.0662972 0.277922 0.0333607 9.9991E-05
9.996E-05 0.9995 9.996E-05 9.996E-05 9.996E-05 9.996E-05
0.191989 0.066646 0.0522021 0.660386 0.0213434 0.00743281
