9.98831E-05 9.98831E-05 9.98831E-05 9.98831E-05 9.98831E-05 9.98831E-05 0.998702 9.98831E-05 9.98831E-05 9.98831E-05 9.98831E-05 9.98831E-05 9.98831E-05 9.98831E-05
0.027166 0.0136754 9.9937E-05 0.781918 9.9937E-05 0.0686931 0.0727605 9.9937E-05 9.9937E-05 9.9937E-05 0.0315856 9.9937E-05 9.9937E-05 0.0035018
9.98831E-05 9.98831E-05 9.98831E-05 9.98831E-05 9.98831E-05 9.98831E-05 9.98831E-05 9.98831E-05 9.98831E-05 9.98831E-05 0.998702 9.98831E-05 9.98831E-05 9.98831E-05
9.9928E-05 0.0981339 9.9928E-05 9.9928E-05 0.0509813 0.0127526 9.9928E-05 9.9928E-05 9.9928E-05 0.0036148 0.827049 9.9928E-05 9.9928E-05 0.00666855
0.965259 9.98921E-05 0.0335427 9.98921E-05 9.98921E-05 9.98921E-05 9.98921E-05 9.98921E-05 9.98921E-05 9.98921E-05 9.98921E-05 9.98921E-05 9.98921E-05 9.98921E-05
9.98831E-05 9.98831E-05 0.998702 9.98831E-05 9.98831E-05 9.98831E-05 9.98831E-05 9.98831E-05 9.98831E-05 9.98831E-05 9.98831E-05 9.98831E-05 9.98831E-05 9.98831E-05
9.98831E-05 9.98831E-05 9.98831E-05 0.998702 9.98831E-05 9.98831E-05 9.98831E-05 9.98831E-05 9.98831E-05 9.98831E-05 9.98831E-05 9.98831E-05 9.98831E-05 9.98831E-05
0.998702 9.98831E-05 9.98831E-05 9.98831E-05 9.98831E-05 9.98831E-05 9.98831E-05 9.98831E-05 9.98831E-05 9.98831E-05 9.98831E-05 9.98831E-05 9.98831E-05 9.98831E-05
9.99011E-05 9.99011E-05 9.99011E-05 0.746726 9.99011E-05 9.99011E-05 9.99011E-05 0.163627 9.99011E-05 9.99011E-05 0.088548 9.99011E-05 9.99011E-05 9.99011E-05
0.317278 0.0553915 9.9946E-05 9.9946E-05 0.0639665 9.9946E-05 0.176469 0.00779875 9.9946E-05 9.9946E-05 0.134021 9.9946E-05 0.206502 0.0379736
9.99101E-05 9.99101E-05 9.99101E-05 9.99101E-05 0.0274895 0.928468 9.99101E-05 9.99101E-05 9.99101E-05 9.99101E-05 0.0289516 9.99101E-05 9.99101E-05 0.0140912
0.0109643 9.99011E-05 9.99011E-05 9.99011E-05 9.99011E-05 9.99011E-05 9.99011E-05 9.99011E-05 0.0020039 0.985933 9.99011E-05 9.99011E-05 9.99011E-05 9.99011E-05
0.018568 9.99191E-05 0.147693 9.99191E-05 9.99191E-05 0.607099 9.99191E-05 9.99191E-05 9.99191E-05 0.109057 0.116684 9.99191E-05 9.99191E-05 9.99191E-05
9.99011E-05 9.99011E-05 9.99011E-05 9.99011E-05 9.99011E-05 9.99011E-05 9.99011E-05 9.99011E-05 0.967426 9.99011E-05 0.0172638 9.99011E-05 9.99011E-05 0.0142113
9.9937E-05 9.9937E-05 0.0214332 0.0807067 9.9937E-05 0.0496387 9.9937E-05 9.9937E-05 0.0058614 0.721253 0.0737488 9.9937E-05 9.9937E-05 0.0466583
9.9928E-05 0.446204 0.0226754 9.9928E-05 9.9928E-05 0.191356 9.9928E-05 9.9928E-05 0.201994 0.134072 0.00289903 9.9928E-05 9.9928E-05 9.9928E-05
9.99011E-05 9.99011E-05 9.99011E-05 9.99011E-05 9.99011E-05 0.974359 9.99011E-05 0.00709534 0.0174471 9.99011E-05 9.99011E-05 9.99011E-05 9.99011E-05 9.99011E-05
9.9928E-05 0.818658 9.9928E-05 9.9928E-05 0.00754398 9.9928E-05 9.9928E-05 0.00638445 9.9928E-05 9.9928E-05 9.9928E-05 0.00114097 0.163979 0.00149407
9.9937E-05 0.120675 9.9937E-05 9.9937E-05 9.9937E-05 0.179712 0.0018255 9.9937E-05 0.0403765 0.545628 0.00311648 0.107966 9.9937E-05 9.9937E-05
9.98831E-05 0.998702 9.98831E-05 9.98831E-05 9.98831E-05 9.98831E-05 9.98831E-05 9.98831E-05 9.98831E-05 9.98831E-05 9.98831E-05 9.98831E-05 9.98831E-05 9.98831E-05
9.9928E-05 0.505972 0.122013 9.9928E-05 9.9928E-05 9.9928E-05 0.0448931 9.9928E-05 0.178727 0.0601246 9.9928E-05 9.9928E-05 0.0874711 9.9928E-05
0.187217 0.635293 9.9928E-05 0.0804392 9.9928E-05 0.0261857 0.041231 9.9928E-05 9.9928E-05 9.9928E-05 9.9928E-05 9.9928E-05 0.0288348 9.9928E-05
9.99101E-05 0.0104431 9.99101E-05 0.00143019 9.99101E-05 0.925887 0.0612406 9.99101E-05 9.99101E-05 9.99101E-05 9.99101E-05 9.99101E-05 9.99101E-05 9.99101E-05
9.98921E-05 9.98921E-05 9.98921E-05 9.98921E-05 9.98921E-05 0.0537947 9.98921E-05 9.98921E-05 0.945007 9.98921E-05 9.98921E-05 9.98921E-05 9.98921E-05 9.98921E-05
9.99228E-05 9.99228E-05 9.99228E-05 9.99228E-05 9.99228E-05 9.99228E-05 9.99228E-05 9.99228E-05 0.661329 0.226214 0.0579198 9.99228E-05 0.0496026 0.00403453
9.9919E-05 9.9919E-05 9.9919E-05 0.0636746 9.9919E-05 9.9919E-05 0.0270029 0.120097 0.612172 0.176153 9.9919E-05 9.9919E-05 9.9919E-05 9.9919E-05
9.991E-05 9.991E-05 9.991E-05 0.00134589 0.153905 9.991E-05 9.991E-05 0.108729 9.991E-05 0.735022 9.991E-05 9.991E-05 9.991E-05 9.991E-05
0.0595599 0.0041939 9.9919E-05 9.9919E-05 9.9919E-05 9.9919E-05 9.9919E-05 9.9919E-05 9.9919E-05 0.626533 0.0500079 9.9919E-05 0.258807 9.9919E-05
9.9919E-05 9.9919E-05 0.0557447 9.9919E-05 9.9919E-05 9.9919E-05 9.9919E-05 0.0840203 9.9919E-05 0.729227 9.9919E-05 0.0169219 0.113187 9.9919E-05
9.99011E-05 9.99011E-05 9.99011E-05 9.99011E-05 9.99011E-05 9.99011E-05 9.99011E-05 0.0548742 9.99011E-05 0.898679 9.99011E-05 9.99011E-05 0.0453483 9.99011E-05
9.9901E-05 9.9901E-05 9.9901E-05 9.9901E-05 9.9901E-05 9.9901E-05 9.9901E-05 0.885576 9.9901E-05 9.9901E-05 9.9901E-05 0.0420928 0.071232 9.9901E-05
9.98921E-05 9.98921E-05 9.98921E-05 9.98921E-05 9.98921E-05 9.98921E-05 0.00418185 0.994619 9.98921E-05 9.98921E-05 9.98921E-05 9.98921E-05 9.98921E-05 9.98921E-05
9.9919E-05 0.0018538 9.9919E-05 9.9919E-05 0.0278305 9.9919E-05 9.9919E-05 9.9919E-05 9.9919E-05 0.162341 9.9919E-05 0.766764 0.0403106 9.9919E-05
9.99011E-05 9.99011E-05 9.99011E-05 9.99011E-05 0.20704 9.99011E-05 9.99011E-05 9.99011E-05 9.99011E-05 0.00905068 9.99011E-05 0.78281 9.99011E-05 9.99011E-05
9.9928E-05 0.0412906 9.9928E-05 9.9928E-05 9.9928E-05 0.0271865 9.9928E-05 0.114463 0.0550189 0.0532213 9.9928E-05 0.708021 9.9928E-05 9.9928E-05
9.99101E-05 9.99101E-05 9.99101E-05 9.99101E-05 9.99101E-05 9.99101E-05 0.010133 0.044733 9.99101E-05 9.99101E-05 9.99101E-05 0.91373 0.0304048 9.99101E-05
0.193483 0.0697959 0.0220384 9.9919E-05 9.9919E-05 9.9919E-05 0.0163478 9.9919E-05 9.9919E-05 9.9919E-05 9.9919E-05 0.697436 9.9919E-05 9.9919E-05
9.99191E-05 9.99191E-05 9.99191E-05 9.99191E-05 9.99191E-05 0.0718271 0.0382352 0.0373211 9.99191E-05 9.99191E-05 9.99191E-05 0.769638 0.0820794 9.99191E-05
9.99191E-05 0.00269403 9.99191E-05 9.99191E-05 0.0663825 9.99191E-05 9.99191E-05 0.0235876 9.99191E-05 9.99191E-05 9.99191E-05 0.89742 9.99191E-05 0.00901628
9.9946E-05 0.0514507 0.00101475 9.9946E-05 9.9946E-05 9.9946E-05 0.0381357 9.9946E-05 9.9946E-05 0.0646175 0.0107914 0.493658 0.313442 0.0262906
9.99101E-05 9.99101E-05 9.99101E-05 0.130713 9.99101E-05 9.99101E-05 9.99101E-05 0.0798531 9.99101E-05 9.99101E-05 9.99101E-05 0.753552 0.0348832 9.99101E-05
9.9937E-05 9.9937E-05 9.9937E-05 9.9937E-05 0.11328 9.9937E-05 0.0980228 9.9937E-05 0.00381844 0.169112 0.0135876 0.313564 0.287915 9.9937E-05
9.9937E-05 9.9937E-05 0.00239348 9.9937E-05 9.9937E-05 9.9937E-05 9.9937E-05 0.0227675 0.0460663 0.0389879 0.0476074 0.819756 0.0217219 9.9937E-05
0.000576515 9.9937E-05 9.9937E-05 0.00168078 0.0349872 9.9937E-05 9.9937E-05 9.9937E-05 0.0273361 0.088376 9.9937E-05 0.8321 9.9937E-05 0.014244
9.99371E-05 9.99371E-05 9.99371E-05 9.99371E-05 0.384516 9.99371E-05 0.0196449 0.138223 0.155745 9.99371E-05 0.0311367 0.0813523 0.188682 9.99371E-05
0.0123587 9.9946E-05 0.0370184 9.9946E-05 0.566574 9.9946E-05 9.9946E-05 0.129531 0.107291 0.0343542 9.9946E-05 9.9946E-05 0.0897303 0.0225426
9.99371E-05 9.99371E-05 0.00866525 9.99371E-05 0.684439 0.0369083 9.99371E-05 0.0133265 9.99371E-05 9.99371E-05 9.99371E-05 0.149782 0.0632349 0.042944
9.99011E-05 9.99011E-05 9.99011E-05 9.99011E-05 0.8279 9.99011E-05 9.99011E-05 0.0335139 9.99011E-05 9.99011E-05 9.99011E-05 9.99011E-05 0.137488 9.99011E-05
0.039904 9.9919E-05 9.9919E-05 9.9919E-05 0.369759 9.9919E-05 9.9919E-05 9.9919E-05 9.9919E-05 0.322024 0.072111 0.195303 9.9919E-05 9.9919E-05
0.120118 9.9946E-05 9.9946E-05 9.9946E-05 0.237371 9.9946E-05 0.00440595 0.0381919 0.119658 9.9946E-05 0.0601158 0.218491 0.201049 9.9946E-05
9.9919E-05 0.0216869 9.9919E-05 0.0418682 0.831444 9.9919E-05 9.9919E-05 9.9919E-05 9.9919E-05 9.9919E-05 0.00237884 9.9919E-05 0.101722 9.9919E-05
9.99011E-05 9.99011E-05 9.99011E-05 9.99011E-05 0.938317 9.99011E-05 0.0511718 9.99011E-05 0.00941261 9.99011E-05 9.99011E-05 9.99011E-05 9.99011E-05 9.99011E-05
9.99281E-05 9.99281E-05 0.00325583 9.99281E-05 0.761612 0.00291786 0.0290143 9.99281E-05 0.0167764 9.99281E-05 9.99281E-05 9.99281E-05 0.185624 9.99281E-05
9.991E-05 9.991E-05 9.991E-05 9.991E-05 0.65891 0.0156958 9.991E-05 9.991E-05 9.991E-05 9.991E-05 9.991E-05 0.182447 0.141947 9.991E-05
9.991E-05 9.991E-05 9.991E-05 9.991E-05 0.809377 9.991E-05 9.991E-05 0.0216565 9.991E-05 9.991E-05 9.991E-05 0.165791 9.991E-05 0.00217664
9.99191E-05 9.99191E-05 9.99191E-05 9.99191E-05 0.816105 9.99191E-05 9.99191E-05 9.99191E-05 9.99191E-05 0.00636419 0.0362315 9.99191E-05 0.101474 0.0389256
0.062989 0.0297973 0.00107241 9.9955E-05 0.0313787 9.9955E-05 9.9955E-05 0.0508117 9.9955E-05 0.00815196 9.9955E-05 0.0166747 0.787303 0.0113215
0.1183 9.9928E-05 9.9928E-05 9.9928E-05 0.00477959 9.9928E-05 9.9928E-05 0.10059 0.0611697 0.0486755 9.9928E-05 9.9928E-05 0.665685 9.9928E-05
0.00912907 9.9928E-05 0.0143443 0.0201053 0.141323 0.080817 9.9928E-05 9.9928E-05 9.9928E-05 9.9928E-05 9.9928E-05 9.9928E-05 0.733481 9.9928E-05
0.0596747 9.9955E-05 9.9955E-05 0.103334 0.00756987 0.0408716 0.00180554 0.0119919 9.9955E-05 0.0286255 9.9955E-05 0.187297 0.55833 9.9955E-05
9.9937E-05 0.00240485 9.9937E-05 0.036111 0.110397 0.00302946 9.9937E-05 9.9937E-05 0.0494449 0.000582552 9.9937E-05 9.9937E-05 0.797331 9.9937E-05
9.99101E-05 9.99101E-05 9.99101E-05 0.0416332 9.99101E-05 9.99101E-05 9.99101E-05 9.99101E-05 9.99101E-05 9.99101E-05 0.153121 0.169383 0.568503 0.0664613
9.99281E-05 9.99281E-05 9.99281E-05 9.99281E-05 0.0691168 0.0112975 0.050705 9.99281E-05 9.99281E-05 9.99281E-05 0.000836333 0.0592216 0.808023 9.99281E-05
9.99012E-05 9.99012E-05 9.99012E-05 0.0386021 9.99012E-05 9.99012E-05 9.99012E-05 9.99012E-05 9.99012E-05 9.99012E-05 9.99012E-05 9.99012E-05 0.941899 0.0184004
9.991E-05 0.0715319 9.991E-05 9.991E-05 9.991E-05 9.991E-05 9.991E-05 9.991E-05 9.991E-05 0.0176576 9.991E-05 0.0744154 0.835396 9.991E-05
9.98921E-05 9.98921E-05 9.98921E-05 9.98921E-05 9.98921E-05 9.98921E-05 9.98921E-05 9.98921E-05 9.98921E-05 0.0384465 9.98921E-05 9.98921E-05 0.960355 9.98921E-05
9.98921E-05 9.98921E-05 9.98921E-05 9.98921E-05 9.98921E-05 9.98921E-05 9.98921E-05 9.98921E-05 9.98921E-05 0.0381026 9.98921E-05 9.98921E-05 0.960699 9.98921E-05
9.99011E-05 0.00469333 9.99011E-05 9.99011E-05 9.99011E-05 9.99011E-05 9.99011E-05 9.99011E-05 9.99011E-05 0.0705582 9.99011E-05 9.99011E-05 0.92365 9.99011E-05
0.00541736 0.0336933 9.991E-05 9.991E-05 9.991E-05 9.991E-05 0.00797567 9.991E-05 9.991E-05 9.991E-05 9.991E-05 9.991E-05 0.951915 9.991E-05
9.99011E-05 9.99011E-05 9.99011E-05 9.99011E-05 0.0119901 9.99011E-05 9.99011E-05 9.99011E-05 9.99011E-05 9.99011E-05 0.0612854 9.99011E-05 0.925626 9.99011E-05
9.99012E-05 9.99012E-05 9.99012E-05 9.99012E-05 9.99012E-05 9.99012E-05 9.99012E-05 0.0272626 9.99012E-05 9.99012E-05 9.99012E-05 9.99012E-05 0.965145 0.00649303
9.99281E-05 9.99281E-05 9.99281E-05 0.22141 9.99281E-05 9.99281E-05 9.99281E-05 0.0922754 0.00397575 9.99281E-05 9.99281E-05 0.107159 0.572872 0.00150858
0.042069 9.99101E-05 9.99101E-05 9.99101E-05 0.0269285 9.99101E-05 9.99101E-05 9.99101E-05 9.99101E-05 9.99101E-05 0.0493647 9.99101E-05 0.880639 9.99101E-05
9.9928E-05 9.9928E-05 0.00470225 9.9928E-05 9.9928E-05 9.9928E-05 0.0692201 9.9928E-05 0.0204841 9.9928E-05 9.9928E-05 0.159879 0.703634 0.0412815
9.9946E-05 0.0434912 9.9946E-05 9.9946E-05 0.0231575 0.0377814 9.9946E-05 9.9946E-05 9.9946E-05 0.0404788 0.0177061 0.0287284 0.26528 0.542777
9.98831E-05 9.98831E-05 9.98831E-05 9.98831E-05 9.98831E-05 9.98831E-05 9.98831E-05 9.98831E-05 9.98831E-05 9.98831E-05 9.98831E-05 9.98831E-05 9.98831E-05 0.998702
9.9928E-05 9.9928E-05 9.9928E-05 9.9928E-05 9.9928E-05 0.00875715 0.0639823 9.9928E-05 9.9928E-05 0.0637455 9.9928E-05 0.23513 0.562786 0.0647991
