9.999E-05 0.9998 9.999E-05
0.220029 0.669001 0.11097
0.151216 0.72127 0.127514
0.221935 0.772548 0.00551723
0.41537 0.556093 0.0285367
0.260543 0.631442 0.108015
0.0792281 0.861398 0.0593739
0.220544 0.699558 0.0798981
0.248994 0.662434 0.0885717
9.999E-05 0.9998 9.999E-05
9.999E-05 0.9998 9.999E-05
9.999E-05 0.9998 9.999E-05
9.999E-05 0.9998 9.999E-05
9.999E-05 0.9998 9.999E-05
9.999E-05 0.9998 9.999E-05
0.319699 0.582499 0.0978027
0.427672 0.490954 0.0813744
0.280059 0.699344 0.0205974
0.509586 0.490314 9.9991E-05
0.535942 0.463958 9.9991E-05
0.436086 0.563814 9.9991E-05
0.500941 0.385214 0.113846
0.484281 0.401233 0.114486
0.411849 0.561354 0.0267967
0.509523 0.487862 0.00261423
0.539209 0.411466 0.0493257
0.507831 0.386763 0.105406
0.355195 0.542757 0.102048
0.487434 0.467397 0.045169
0.36153 0.60945 0.0290195
0.459704 0.540196 9.9991E-05
0.542941 0.403804 0.0532549
0.492015 0.417329 0.0906555
0.489643 0.408233 0.102124
0.502917 0.420825 0.0762583
0.377542 0.607809 0.014649
0.572451 0.361737 0.0658116
0.588986 0.322133 0.0888813
0.625715 0.339744 0.0345405
0.664608 0.335292 9.9991E-05
0.741031 0.168013 0.0909564
0.689427 0.184282 0.126291
0.575435 0.298174 0.126391
0.682021 0.178487 0.139492
0.676061 0.183976 0.139963
0.588507 0.273205 0.138288
0.633384 0.253569 0.113048
0.597377 0.291641 0.110983
0.61542 0.280655 0.103926
0.558874 0.392633 0.0484934
0.617132 0.293086 0.0897817
0.587575 0.26383 0.148595
0.681756 0.228747 0.089497
0.749148 0.226378 0.0244739
0.704922 0.246594 0.0484847
0.628004 0.224492 0.147503
0.599861 0.273151 0.126987
0.747221 0.252679 9.9991E-05
0.590915 0.289929 0.119156
0.6676 0.313348 0.0190516
0.707086 0.247735 0.0451788
0.789673 0.168869 0.0414581
0.735436 0.165915 0.0986491
0.756962 0.125797 0.117241
0.756158 0.243742 9.9991E-05
0.725913 0.141503 0.132584
0.845306 0.0988881 0.0558059
0.724138 0.157635 0.118227
0.642747 0.276147 0.081106
0.757155 0.136612 0.106233
0.638275 0.245784 0.115941
0.746302 0.147451 0.106247
0.66716 0.277459 0.0553817
0.656556 0.254338 0.0891061
0.756877 0.173118 0.0700051
0.763876 0.214766 0.0213579
0.771577 0.109212 0.119212
0.817415 0.119762 0.0628229
0.896879 0.0583789 0.0447424
0.965269 9.9991E-05 0.0346312
0.92004 0.0397805 0.0401794
0.929888 0.00207227 0.0680397
0.904827 0.00998061 0.0851926
0.858239 0.105379 0.0363821
0.922861 0.0612362 0.0159026
0.805944 0.0606655 0.133391
0.742189 0.167194 0.0906175
0.878668 0.121232 9.9991E-05
0.88191 0.0535163 0.0645738
0.807166 0.0818385 0.110996
0.773805 0.118762 0.107433
0.79496 0.12399 0.0810504
0.839744 0.06563 0.0946255
0.9998 9.999E-05 9.999E-05
0.9998 9.999E-05 9.999E-05
0.9998 9.999E-05 9.999E-05
0.9998 9.999E-05 9.999E-05
0.9998 9.999E-05 9.999E-05
0.9998 9.999E-05 9.999E-05
0.9998 9.999E-05 9.999E-05
0.9998 9.999E-05 9.999E-05
0.9998 9.999E-05 9.999E-05
0.9998 9.999E-05 9.999E-05
0.851412 0.0387468 0.109841
0.9998 9.999E-05 9.999E-05
0.9998 9.999E-05 9.999E-05
0.9998 9.999E-05 9.999E-05
0.953912 9.9991E-05 0.0459875
0.94101 9.9991E-05 0.0588896
0.930881 9.9991E-05 0.0690187
0.945057 9.9991E-05 0.054843
0.957865 9.9991E-05 0.0420347
0.888194 0.0776753 0.034131
0.942204 0.0334048 0.0243917
0.9998 9.999E-05 9.999E-05
0.92615 9.9991E-05 0.0737495
0.931051 0.0205323 0.048417
0.910215 0.0432975 0.0464875
0.9488 0.0036284 0.0475714
0.854738 0.028974 0.116288
0.927969 0.0114383 0.0605926
0.97655 9.9991E-05 0.0233505
0.9998 9.999E-05 9.999E-05
0.9998 9.999E-05 9.999E-05
0.9998 9.999E-05 9.999E-05
0.9998 9.999E-05 9.999E-05
0.9998 9.999E-05 9.999E-05
0.9998 9.999E-05 9.999E-05
0.985324 9.9991E-05 0.0145759
0.965399 9.9991E-05 0.0345011
0.9998 9.999E-05 9.999E-05
0.985812 9.9991E-05 0.0140877
0.9998 9.999E-05 9.999E-05
0.946445 9.9991E-05 0.0534553
9.999E-05 9.999E-05 0.9998
0.861342 0.00355639 0.135102
9.999E-05 9.999E-05 0.9998
9.999E-05 9.999E-05 0.9998
0.0293122 9.9991E-05 0.970588
0.17751 0.042641 0.779849
9.999E-05 9.999E-05 0.9998
0.078659 9.9991E-05 0.921241
9.999E-05 9.999E-05 0.9998
9.999E-05 9.999E-05 0.9998
9.999E-05 9.999E-05 0.9998
0.0269035 0.0169215 0.956175
9.999E-05 9.999E-05 0.9998
0.152774 9.9991E-05 0.847126
0.0574737 0.00090781 0.941618
0.107084 9.9991E-05 0.892816
0.130385 0.000645766 0.868969
0.0608787 0.0194866 0.919635
0.0507095 9.9991E-05 0.949191
0.88501 0.0756659 0.0393244
0.841256 0.0828008 0.0759428
0.881602 0.0867064 0.0316915
0.796412 0.105948 0.09764
0.971832 0.000424105 0.0277436
0.984234 9.9991E-05 0.0156665
0.944456 9.9991E-05 0.055444
0.990676 9.9991E-05 0.00922409
0.978077 9.9991E-05 0.0218226
0.989497 9.9991E-05 0.0104032
0.983112 9.9991E-05 0.0167881
0.887403 0.0277839 0.0848135
0.908029 0.0333208 0.0586503
0.98073 0.0191703 9.9991E-05
0.971175 0.0287254 9.9991E-05
0.978488 0.021412 9.9991E-05
0.946757 0.0531434 9.9991E-05
0.981871 0.0180291 9.9991E-05
0.931205 0.0686952 9.9991E-05
0.967866 0.0320343 9.9991E-05
0.966411 0.0334886 9.9991E-05
0.958438 0.0414625 9.9991E-05
0.959283 0.0406169 9.9991E-05
0.983221 0.0166786 9.9991E-05
0.963341 0.0365592 9.9991E-05
