9.999E-05 9.999E-05 0.9998
0.0423666 0.11236 0.845274
0.136588 9.9991E-05 0.863312
0.172615 0.105729 0.721656
0.220821 9.9991E-05 0.779079
9.999E-05 9.999E-05 0.9998
0.147342 0.00804723 0.844611
0.142528 9.9991E-05 0.857372
0.316718 9.9991E-05 0.683182
0.171608 0.254562 0.573831
9.9991E-05 0.204733 0.795167
9.9991E-05 0.101091 0.898809
9.9991E-05 0.1013 0.8986
0.117243 0.172034 0.710723
9.9991E-05 0.328405 0.671495
9.9991E-05 0.0942102 0.90569
0.0942602 0.0622076 0.843532
0.124831 0.304912 0.570256
0.215393 0.128146 0.656461
0.102623 9.9991E-05 0.897277
9.9991E-05 0.295451 0.704449
0.0860993 0.125944 0.787957
9.9991E-05 0.158239 0.841661
0.0582937 0.185935 0.755771
0.0381118 0.333817 0.628071
0.146347 0.25866 0.594993
0.321007 0.24129 0.437703
0.119644 0.432535 0.447821
0.18396 0.396079 0.419962
9.9991E-05 0.499669 0.500231
0.654127 0.253612 0.0922604
0.588514 0.132654 0.278832
0.803696 0.101539 0.0947655
0.959767 9.9991E-05 0.0401331
0.587311 0.115825 0.296864
0.804294 0.0301191 0.165587
0.621104 9.9991E-05 0.378796
0.712692 0.0941856 0.193122
0.975039 9.9991E-05 0.024861
0.566147 0.277534 0.156319
0.909589 0.0213752 0.069036
0.596514 0.244208 0.159278
0.675079 0.18771 0.13721
0.79345 0.0616569 0.144893
0.745393 0.139162 0.115445
0.813359 0.0994013 0.0872401
0.88111 0.11879 9.9991E-05
0.926521 0.0733787 9.9991E-05
0.837303 9.9991E-05 0.162597
0.870999 0.0829835 0.0460175
0.811075 0.188825 9.9991E-05
0.9998 9.999E-05 9.999E-05
0.702048 0.297852 9.9991E-05
0.823521 0.176379 9.9991E-05
0.9998 9.999E-05 9.999E-05
0.738247 0.261653 9.9991E-05
0.0790145 0.843766 0.0772198
0.0884954 0.798649 0.112855
0.226744 0.753153 0.020103
0.284359 0.548613 0.167028
0.177491 0.804719 0.0177901
0.406661 0.576334 0.0170054
0.260684 0.739216 9.9991E-05
9.999E-05 0.9998 9.999E-05
0.130647 0.86817 0.00118299
0.0753788 0.924521 9.9991E-05
9.999E-05 0.9998 9.999E-05
9.999E-05 0.9998 9.999E-05
9.999E-05 0.9998 9.999E-05
0.0961503 0.90375 9.9991E-05
0.0954079 0.904492 9.9991E-05
0.341669 0.587685 0.0706453
0.069677 0.930223 9.9991E-05
0.225908 0.761289 0.0128027
9.9991E-05 0.925263 0.0746371
9.999E-05 0.9998 9.999E-05
0.251978 0.67062 0.0774022
