9.999E-05 9.999E-05 0.9998
0.108128 0.215729 0.676143
0.185886 0.147577 0.666537
0.0460755 0.281892 0.672032
0.0114083 0.470605 0.517987
0.0868102 0.341366 0.571823
0.0474491 0.182049 0.770502
0.0805137 0.298679 0.620808
0.100343 0.284279 0.615378
9.999E-05 9.999E-05 0.9998
9.999E-05 9.999E-05 0.9998
9.999E-05 9.999E-05 0.9998
9.999E-05 9.999E-05 0.9998
9.999E-05 9.999E-05 0.9998
9.999E-05 9.999E-05 0.9998
0.103222 0.365751 0.531027
0.0677381 0.473536 0.458726
0.0250012 0.323169 0.65183
0.00458666 0.531906 0.463508
0.0473682 0.543804 0.408828
0.00279043 0.449917 0.547293
0.118055 0.503177 0.378768
0.0363573 0.539974 0.423668
0.0645161 0.447457 0.488027
9.9991E-05 0.565493 0.434407
0.0198308 0.639181 0.340989
0.124603 0.511706 0.363691
0.105561 0.420655 0.473784
0.0417626 0.509698 0.448539
0.00642675 0.435959 0.557614
9.9991E-05 0.50047 0.49943
0.0264863 0.592197 0.381317
0.0936382 0.547501 0.358861
0.0720813 0.575949 0.35197
0.0820117 0.505044 0.412945
0.00782999 0.448738 0.543432
0.053185 0.622487 0.324328
0.0545415 0.667254 0.278205
0.0926512 0.618586 0.288763
9.9991E-05 0.713702 0.286198
0.0852859 0.787032 0.127682
0.133757 0.711877 0.154365
0.161279 0.567559 0.271162
0.12649 0.705327 0.168183
0.123402 0.704419 0.172179
0.14198 0.612704 0.245316
0.106297 0.655038 0.238664
0.103457 0.629771 0.266772
0.101294 0.646089 0.252617
0.0883366 0.557553 0.354111
0.0819005 0.642816 0.275284
0.115112 0.672099 0.212788
0.08362 0.681291 0.235089
0.0214206 0.767265 0.211314
0.0314751 0.757199 0.211326
0.164624 0.645435 0.189941
0.112483 0.614345 0.273172
0.0419396 0.785396 0.172664
0.104418 0.64623 0.249352
0.0459231 0.713046 0.241031
0.0180584 0.76971 0.212232
0.00377531 0.779591 0.216633
0.0998815 0.734233 0.165885
0.139907 0.760307 0.0997863
9.9991E-05 0.769496 0.230404
0.15647 0.720892 0.122638
0.068645 0.819287 0.112068
0.0966263 0.773546 0.129828
0.0641759 0.707169 0.228655
0.153807 0.744427 0.101766
0.121196 0.658175 0.220629
0.0923381 0.786273 0.121389
0.0687178 0.628641 0.302641
0.107534 0.627703 0.264763
0.0576435 0.78693 0.155427
0.0445301 0.813913 0.141557
0.139574 0.740522 0.119904
0.0781943 0.79834 0.123466
0.0919865 0.876968 0.031045
0.0319449 0.967955 9.9991E-05
0.0804014 0.874872 0.0447266
0.0432308 0.956669 9.9991E-05
0.107549 0.88288 0.00957033
0.0427943 0.858184 0.099022
0.0692605 0.846738 0.0840012
0.124077 0.807848 0.0680758
0.116516 0.753966 0.129518
9.9991E-05 0.892374 0.107526
0.0862372 0.784263 0.1295
0.107495 0.828156 0.0643493
0.105728 0.75866 0.135611
0.0824323 0.771104 0.146464
0.114007 0.793197 0.092796
9.999E-05 0.9998 9.999E-05
9.999E-05 0.9998 9.999E-05
9.999E-05 0.9998 9.999E-05
0.00667031 0.99323 9.9991E-05
9.999E-05 0.9998 9.999E-05
9.999E-05 0.9998 9.999E-05
9.999E-05 0.9998 9.999E-05
9.999E-05 0.9998 9.999E-05
9.999E-05 0.9998 9.999E-05
9.999E-05 0.9998 9.999E-05
0.0884567 0.885861 0.025682
9.999E-05 0.9998 9.999E-05
9.999E-05 0.9998 9.999E-05
9.999E-05 0.9998 9.999E-05
0.0344448 0.965455 9.9991E-05
0.0536328 0.946267 9.9991E-05
0.0683018 0.922139 0.00955947
0.0556808 0.944219 9.9991E-05
0.0307005 0.969199 9.9991E-05
0.0260579 0.920305 0.0536368
0.00836488 0.966369 0.0252659
9.999E-05 0.9998 9.999E-05
0.0478354 0.952065 9.9991E-05
0.0651962 0.934704 9.9991E-05
0.0849125 0.87632 0.0387679
0.0608601 0.938443 0.000697066
0.0912732 0.894177 0.0145493
0.122472 0.867096 0.0104324
9.999E-05 0.9998 9.999E-05
9.999E-05 0.9998 9.999E-05
9.999E-05 0.9998 9.999E-05
9.999E-05 0.9998 9.999E-05
9.999E-05 0.9998 9.999E-05
9.999E-05 0.9998 9.999E-05
9.999E-05 0.9998 9.999E-05
9.9991E-05 0.972819 0.0270814
0.0137958 0.986104 9.9991E-05
0.00998886 0.989911 9.9991E-05
0.0124666 0.987433 9.9991E-05
9.999E-05 0.9998 9.999E-05
0.0502028 0.949697 9.9991E-05
0.9998 9.999E-05 9.999E-05
0.111066 0.869876 0.0190575
0.9998 9.999E-05 9.999E-05
0.9998 9.999E-05 9.999E-05
0.9998 9.999E-05 9.999E-05
0.774631 0.192431 0.0329382
0.9998 9.999E-05 9.999E-05
0.870512 0.127232 0.00225643
0.946043 0.0538567 9.9991E-05
0.935563 0.0643375 9.9991E-05
0.9998 9.999E-05 9.999E-05
0.9998 9.999E-05 9.999E-05
0.976859 0.023041 9.9991E-05
0.809809 0.190091 9.9991E-05
0.900141 0.0994082 0.000450903
0.861663 0.138237 9.9991E-05
0.892984 0.0967707 0.0102455
0.926955 0.0567642 0.0162809
0.955313 0.0445874 9.9991E-05
0.0425459 0.882967 0.0744868
0.0230507 0.919199 0.0577502
0.0361196 0.88441 0.0794705
0.0701427 0.845583 0.084274
0.0141368 0.985763 9.9991E-05
0.0205821 0.979318 9.9991E-05
0.0367207 0.963179 9.9991E-05
0.039432 0.960468 9.9991E-05
0.0311463 0.968754 9.9991E-05
0.0358141 0.964086 9.9991E-05
0.0024502 0.99745 9.9991E-05
0.0726713 0.825616 0.101713
0.078261 0.874045 0.0476942
9.9991E-05 0.953647 0.046253
9.9991E-05 0.950268 0.0496324
9.9991E-05 0.957473 0.0424265
9.9991E-05 0.947432 0.0524683
9.9991E-05 0.972641 0.0272593
9.9991E-05 0.945897 0.0540035
9.9991E-05 0.94126 0.0586399
9.9991E-05 0.931997 0.0679025
9.9991E-05 0.916125 0.0837747
9.9991E-05 0.955054 0.0448455
9.9991E-05 0.952275 0.0476246
9.9991E-05 0.953682 0.0462178
