0.9998 9.999E-05 9.999E-05
0.655647 0.248316 0.0960373
0.674455 0.127915 0.19763
0.69162 0.283252 0.0251281
0.517518 0.482382 9.9991E-05
0.578231 0.353274 0.0684946
0.802153 0.147285 0.0505619
0.647473 0.237946 0.114581
0.602686 0.297516 0.0997981
0.9998 9.999E-05 9.999E-05
0.9998 9.999E-05 9.999E-05
0.9998 9.999E-05 9.999E-05
0.9998 9.999E-05 9.999E-05
0.9998 9.999E-05 9.999E-05
0.9998 9.999E-05 9.999E-05
0.522 0.368279 0.109722
0.449688 0.49207 0.0582419
0.634548 0.324482 0.0409701
0.437791 0.562109 9.9991E-05
0.397239 0.582467 0.0202943
0.512028 0.487872 9.9991E-05
0.369617 0.522667 0.107716
0.417135 0.516132 0.0667332
0.47832 0.469272 0.0524083
0.470041 0.529859 9.9991E-05
0.365019 0.598605 0.0363763
0.367691 0.548526 0.0837824
0.473935 0.428867 0.0971979
0.455151 0.493916 0.0509339
0.525892 0.446714 0.0273946
0.507644 0.487291 0.00506568
0.373287 0.581421 0.045292
0.385876 0.532408 0.0817159
0.364537 0.53474 0.100722
0.376701 0.537565 0.0857337
0.549571 0.426321 0.0241083
0.297199 0.622267 0.0805345
0.308518 0.647659 0.0438223
0.309646 0.587032 0.103323
0.332082 0.667818 9.9991E-05
0.17613 0.728654 0.0952162
0.180523 0.664248 0.155229
0.290449 0.555971 0.15358
0.186229 0.713109 0.100662
0.175422 0.674384 0.150194
0.252255 0.641735 0.10601
0.211867 0.662647 0.125486
0.240579 0.635534 0.123887
0.263584 0.609645 0.126771
0.362848 0.556766 0.0803858
0.270874 0.611055 0.118071
0.221179 0.646583 0.132238
0.206081 0.64396 0.149959
0.210624 0.733242 0.0561338
0.228404 0.708727 0.0628699
0.171083 0.655711 0.173206
0.284038 0.590533 0.125429
0.186636 0.779962 0.0334019
0.19952 0.617072 0.183408
0.270927 0.666271 0.0628018
0.219809 0.697936 0.0822555
0.180318 0.798094 0.021588
0.187742 0.672467 0.139791
0.104387 0.762219 0.133394
0.20373 0.771109 0.0251611
0.105501 0.740938 0.153562
0.109013 0.848941 0.0420462
0.110293 0.789073 0.100635
0.262921 0.591465 0.145614
0.11926 0.725363 0.155377
0.217241 0.643469 0.13929
0.109007 0.77387 0.117123
0.253253 0.672467 0.0742799
0.254894 0.688648 0.0564577
0.161768 0.725099 0.113133
0.159201 0.795869 0.0449304
0.109352 0.773533 0.117114
0.125485 0.779931 0.0945844
0.0659741 0.812282 0.121744
9.9991E-05 0.927878 0.0720224
0.0640072 0.881188 0.0548052
0.00275981 0.94965 0.0475897
0.0107507 0.911911 0.0773386
0.107389 0.892511 9.9991E-05
0.0900456 0.897481 0.0124731
0.0631885 0.80323 0.133582
0.161925 0.74806 0.0900149
0.0884216 0.891823 0.0197553
0.0791008 0.780878 0.140021
0.0494552 0.811221 0.139324
0.130664 0.761845 0.107491
0.130226 0.791116 0.0786574
0.044006 0.877247 0.0787474
9.999E-05 0.9998 9.999E-05
9.999E-05 0.9998 9.999E-05
9.999E-05 0.9998 9.999E-05
9.999E-05 0.9998 9.999E-05
9.999E-05 0.9998 9.999E-05
9.999E-05 0.9998 9.999E-05
9.999E-05 0.9998 9.999E-05
9.999E-05 0.9998 9.999E-05
9.999E-05 0.9998 9.999E-05
9.999E-05 0.9998 9.999E-05
0.0100043 0.911361 0.0786346
9.999E-05 0.9998 9.999E-05
9.999E-05 0.9998 9.999E-05
9.999E-05 0.9998 9.999E-05
9.9991E-05 0.971254 0.0286458
9.9991E-05 0.938141 0.0617593
0.00822808 0.944539 0.0472328
9.9991E-05 0.960035 0.0398645
9.9991E-05 0.945564 0.0543355
0.052117 0.882037 0.0658461
0.022345 0.95592 0.0217354
9.9991E-05 0.998467 0.00143283
9.9991E-05 0.916098 0.0838023
9.9991E-05 0.931279 0.0686212
0.065792 0.87596 0.0582482
0.0203018 0.91856 0.0611377
0.0349466 0.886505 0.0785481
0.024425 0.92643 0.0491451
9.9991E-05 0.964848 0.0350515
9.999E-05 0.9998 9.999E-05
9.999E-05 0.9998 9.999E-05
9.999E-05 0.9998 9.999E-05
9.999E-05 0.9998 9.999E-05
9.999E-05 0.9998 9.999E-05
9.999E-05 0.9998 9.999E-05
0.0232317 0.976668 9.9991E-05
9.999E-05 0.9998 9.999E-05
9.999E-05 0.9998 9.999E-05
9.9991E-05 0.994172 0.00572764
9.999E-05 0.9998 9.999E-05
9.9991E-05 0.961623 0.0382768
9.999E-05 9.999E-05 0.9998
9.9991E-05 0.888787 0.111113
9.999E-05 9.999E-05 0.9998
9.999E-05 9.999E-05 0.9998
9.999E-05 9.999E-05 0.9998
0.0326174 0.179263 0.78812
9.999E-05 9.999E-05 0.9998
0.0208029 0.11362 0.865577
0.00383045 0.00565009 0.990519
9.9991E-05 0.0072518 0.992648
9.999E-05 9.999E-05 0.9998
9.999E-05 9.999E-05 0.9998
9.9991E-05 0.0173169 0.982583
9.9991E-05 0.166315 0.833585
0.0493437 0.0152667 0.93539
9.9991E-05 0.0830457 0.916854
9.9991E-05 0.13039 0.86951
0.0251386 0.0655896 0.909272
0.00407789 0.0229158 0.973006
0.0703829 0.868929 0.0606879
0.0865458 0.805322 0.108132
0.0616643 0.877813 0.0605231
0.0748294 0.874603 0.0505677
0.00165447 0.998246 9.9991E-05
9.9991E-05 0.995551 0.00434853
9.9991E-05 0.956061 0.0438392
9.9991E-05 0.981323 0.0185774
9.9991E-05 0.970332 0.0295683
9.9991E-05 0.9445 0.0553997
0.00240386 0.997496 9.9991E-05
0.0641801 0.888222 0.0475977
0.0198363 0.951362 0.0288013
0.0371965 0.962704 9.9991E-05
0.0341924 0.965708 9.9991E-05
0.0432808 0.956619 9.9991E-05
0.0450224 0.954878 9.9991E-05
0.0189804 0.98092 9.9991E-05
0.0758929 0.924007 9.9991E-05
0.0448794 0.955021 9.9991E-05
0.0354673 0.964433 9.9991E-05
0.0627008 0.937199 9.9991E-05
0.0394255 0.960475 9.9991E-05
0.0275988 0.972301 9.9991E-05
0.0461565 0.953744 9.9991E-05
