9.999E-05 0.9998 9.999E-05
0.0837504 0.686946 0.229303
0.150732 0.697944 0.151324
0.019245 0.742521 0.238234
9.9991E-05 0.562181 0.437719
0.0945439 0.623333 0.282123
0.0599086 0.852098 0.0879931
0.11025 0.694923 0.194827
0.0781305 0.642337 0.279533
9.999E-05 0.9998 9.999E-05
9.999E-05 0.9998 9.999E-05
9.999E-05 0.9998 9.999E-05
9.999E-05 0.9998 9.999E-05
9.999E-05 0.9998 9.999E-05
9.999E-05 0.9998 9.999E-05
0.0821657 0.545489 0.372346
0.0916175 0.492819 0.415564
0.0458552 0.659203 0.294942
0.00166126 0.476357 0.521982
0.0492455 0.461059 0.489695
9.9991E-05 0.572048 0.427852
0.0970289 0.431758 0.471213
0.0630879 0.459772 0.47714
0.0810213 0.521675 0.397304
9.9991E-05 0.492713 0.507187
0.0454116 0.388083 0.566506
0.0947682 0.397623 0.507609
0.109792 0.546561 0.343647
9.9991E-05 0.462341 0.537559
0.0377687 0.582316 0.379916
9.9991E-05 0.523618 0.476282
0.0356881 0.428692 0.53562
0.0564051 0.425548 0.518047
0.108317 0.394826 0.496857
0.0805877 0.463282 0.45613
0.0105345 0.54635 0.443116
0.0720232 0.354557 0.57342
0.0423704 0.322041 0.635589
0.0564344 0.36573 0.577836
9.9991E-05 0.35928 0.640621
0.103181 0.168801 0.728018
0.107593 0.155269 0.737138
0.162783 0.311961 0.525257
0.107519 0.197274 0.695207
0.118902 0.190713 0.690386
0.141685 0.275162 0.583154
0.125689 0.270632 0.603679
0.112011 0.276128 0.611861
0.107445 0.287553 0.605002
0.0730387 0.396617 0.530345
0.107737 0.286234 0.606029
0.10603 0.246176 0.647794
0.113589 0.29174 0.594671
0.0661688 0.223176 0.710655
0.0555418 0.232666 0.711793
0.160515 0.207546 0.631939
0.120106 0.27334 0.606554
0.0263882 0.199413 0.774199
0.131697 0.297916 0.570387
0.0544341 0.276858 0.668708
0.0586289 0.227654 0.713717
0.0463023 0.198287 0.755411
0.0643976 0.209083 0.72652
0.0760668 0.125345 0.798588
9.9991E-05 0.251983 0.747917
0.138237 0.14402 0.717743
0.0598695 0.109171 0.83096
0.113004 0.12005 0.766945
0.0810851 0.261222 0.657693
0.147674 0.114393 0.737933
0.161306 0.244241 0.594453
0.0984356 0.090626 0.810938
0.0697032 0.279134 0.651163
0.0621549 0.250724 0.687121
0.0774933 0.161922 0.760584
0.0683473 0.149371 0.782281
0.142366 0.118821 0.738813
0.0589019 0.16267 0.778429
0.0265653 0.0609652 0.912469
0.0288155 9.9991E-05 0.971084
0.0759844 0.000329291 0.923686
0.0561007 0.0145033 0.929396
0.0468872 0.012533 0.94058
0.0858602 0.1349 0.77924
0.00637265 0.113746 0.879881
0.102545 0.0841083 0.813347
0.116141 0.190293 0.693566
0.0189255 0.131942 0.849132
0.102184 0.0810692 0.816747
0.0983594 0.0778433 0.823797
0.0953601 0.129976 0.774664
0.0949833 0.13533 0.769686
0.0969727 0.0698718 0.833156
9.999E-05 9.999E-05 0.9998
9.999E-05 9.999E-05 0.9998
9.999E-05 9.999E-05 0.9998
9.999E-05 9.999E-05 0.9998
9.999E-05 9.999E-05 0.9998
9.999E-05 9.999E-05 0.9998
9.999E-05 9.999E-05 0.9998
0.0311063 9.9991E-05 0.968794
9.999E-05 9.999E-05 0.9998
9.999E-05 9.999E-05 0.9998
0.0487365 9.9991E-05 0.951164
9.999E-05 9.999E-05 0.9998
9.999E-05 9.999E-05 0.9998
9.999E-05 9.999E-05 0.9998
0.027346 9.9991E-05 0.972554
0.0379379 9.9991E-05 0.961962
0.0048399 0.0118088 0.983351
0.0462808 9.9991E-05 0.953619
0.114248 9.9991E-05 0.885652
0.029753 0.0320983 0.938149
0.0227238 0.0476348 0.929641
0.00771782 9.9991E-05 0.992182
0.0667507 9.9991E-05 0.933149
0.0417868 9.9991E-05 0.958113
0.0444471 0.0418348 0.913718
0.0466078 0.0445229 0.908869
0.0713312 0.0342064 0.894462
0.051314 0.0192924 0.929394
0.0233153 9.9991E-05 0.976585
9.999E-05 9.999E-05 0.9998
9.999E-05 9.999E-05 0.9998
9.999E-05 9.999E-05 0.9998
9.999E-05 9.999E-05 0.9998
9.999E-05 9.999E-05 0.9998
0.00534376 9.9991E-05 0.994556
0.0139174 0.0198279 0.966255
0.0293433 9.9991E-05 0.970557
9.999E-05 9.999E-05 0.9998
0.030273 9.9991E-05 0.969627
9.999E-05 9.999E-05 0.9998
0.0904645 9.9991E-05 0.909435
0.9998 9.999E-05 9.999E-05
0.114044 0.00325511 0.882701
0.9998 9.999E-05 9.999E-05
0.9998 9.999E-05 9.999E-05
0.9998 9.999E-05 9.999E-05
0.730341 0.0126563 0.257003
0.9998 9.999E-05 9.999E-05
0.88187 9.9991E-05 0.11803
0.9998 9.999E-05 9.999E-05
0.940054 0.0136324 0.0463137
0.9998 9.999E-05 9.999E-05
0.9998 9.999E-05 9.999E-05
0.933704 9.9991E-05 0.0661963
0.793371 9.9991E-05 0.206529
0.9998 9.999E-05 9.999E-05
0.873816 9.9991E-05 0.126084
0.923963 0.00165879 0.0743781
0.938181 0.0165156 0.0453032
0.944965 0.011962 0.0430735
0.0482367 0.0618047 0.889959
0.0246599 0.112251 0.863089
0.0469639 0.0975583 0.855478
0.0647134 0.132361 0.802925
0.000738164 9.9991E-05 0.999162
0.0309975 9.9991E-05 0.968903
0.028976 9.9991E-05 0.970924
0.00590295 9.9991E-05 0.993997
0.00765396 9.9991E-05 0.992246
0.0352031 9.9991E-05 0.964697
0.0844061 9.9991E-05 0.915494
0.0826409 0.0614319 0.855927
0.0597011 0.0244663 0.915833
9.9991E-05 0.0568197 0.94308
9.9991E-05 0.0520555 0.947845
9.9991E-05 0.0527154 0.947185
9.9991E-05 0.0615219 0.938378
9.9991E-05 0.0250087 0.974891
9.9991E-05 0.102763 0.897137
9.9991E-05 0.0485952 0.951305
9.9991E-05 0.0526558 0.947244
9.9991E-05 0.0646904 0.93521
9.9991E-05 0.0624634 0.937437
9.9991E-05 0.0418587 0.958041
9.9991E-05 0.0597948 0.940105
