9.999E-05 0.9998 9.999E-05
0.251962 0.667462 0.0805755
0.157763 0.69027 0.151967
0.250699 0.733547 0.0157541
0.444773 0.555127 9.9991E-05
0.309564 0.581087 0.10935
0.120852 0.813025 0.0661227
0.199162 0.694604 0.106234
0.289168 0.611562 0.0992703
9.999E-05 0.9998 9.999E-05
9.999E-05 0.9998 9.999E-05
9.999E-05 0.9998 9.999E-05
9.999E-05 0.9998 9.999E-05
9.999E-05 0.9998 9.999E-05
9.999E-05 0.9998 9.999E-05
0.2783 0.622346 0.0993539
0.375082 0.491635 0.133283
0.292171 0.66209 0.0457396
0.525196 0.44805 0.0267535
0.507675 0.439988 0.0523369
0.464333 0.512949 0.0227181
0.499849 0.381835 0.118316
0.498912 0.425888 0.0752
0.422061 0.506483 0.0714559
0.554037 0.445863 9.9991E-05
0.555357 0.392279 0.0523648
0.513858 0.372411 0.113731
0.407902 0.517471 0.0746271
0.498577 0.463356 0.0380676
0.403536 0.569991 0.0264723
0.474573 0.525327 9.9991E-05
0.573519 0.386799 0.0396824
0.529636 0.376941 0.0934231
0.542105 0.357711 0.100184
0.507682 0.376144 0.116174
0.39732 0.595581 0.00709961
0.609088 0.330937 0.059975
0.637994 0.309022 0.0529847
0.604382 0.306845 0.0887727
0.671169 0.328731 9.9991E-05
0.733813 0.179348 0.0868388
0.70758 0.179539 0.112881
0.562894 0.296853 0.140253
0.729276 0.170177 0.100547
0.663161 0.197531 0.139308
0.581029 0.271262 0.14771
0.61362 0.259683 0.126697
0.659424 0.239933 0.100643
0.642176 0.292229 0.0655948
0.542878 0.370317 0.0868049
0.632006 0.27106 0.0969343
0.66744 0.220319 0.112241
0.654321 0.242423 0.103257
0.714942 0.245806 0.0392527
0.738212 0.23572 0.0260687
0.639069 0.20525 0.155681
0.560727 0.319955 0.119318
0.768311 0.199766 0.031923
0.61227 0.272435 0.115295
0.646581 0.289558 0.063861
0.707737 0.267046 0.0252178
0.774761 0.195275 0.0299642
0.743502 0.155509 0.100989
0.758781 0.113044 0.128176
0.744368 0.255532 9.9991E-05
0.717754 0.148117 0.134128
0.829921 0.130683 0.0393961
0.739021 0.137344 0.123635
0.68202 0.244999 0.0729803
0.71396 0.1459 0.14014
0.596387 0.247703 0.155911
0.760883 0.125533 0.113584
0.609262 0.293273 0.097466
0.678456 0.232827 0.0887168
0.74579 0.173572 0.0806383
0.80971 0.16115 0.0291407
0.741253 0.14475 0.113997
0.847966 0.114895 0.0371395
0.926312 0.0204127 0.0532755
0.963685 9.9991E-05 0.0362151
0.869547 0.0772318 0.0532214
0.929811 0.0420868 0.0281017
0.891685 0.0237813 0.0845332
0.819596 0.148134 0.03227
0.815614 0.089279 0.0951067
0.803896 0.0907043 0.1054
0.740598 0.17322 0.0861815
0.877504 0.100055 0.0224409
0.85556 0.0464186 0.0980213
0.851814 0.0626458 0.0855401
0.776851 0.128077 0.0950717
0.792154 0.0993716 0.108475
0.838665 0.078902 0.0824328
0.9998 9.999E-05 9.999E-05
0.9998 9.999E-05 9.999E-05
0.9998 9.999E-05 9.999E-05
0.9998 9.999E-05 9.999E-05
0.9998 9.999E-05 9.999E-05
0.9998 9.999E-05 9.999E-05
0.9998 9.999E-05 9.999E-05
0.9998 9.999E-05 9.999E-05
0.9998 9.999E-05 9.999E-05
0.9998 9.999E-05 9.999E-05
0.889924 0.0275414 0.0825344
0.9998 9.999E-05 9.999E-05
0.9998 9.999E-05 9.999E-05
0.9998 9.999E-05 9.999E-05
0.990398 9.9991E-05 0.00950175
0.955938 9.9991E-05 0.0439618
0.960675 0.0281362 0.0111887
0.980933 9.9991E-05 0.0189666
0.966159 9.9991E-05 0.0337407
0.931164 0.0528762 0.0159594
0.968289 0.0161731 0.0155378
0.9998 9.999E-05 9.999E-05
0.901634 9.9991E-05 0.0982659
0.936679 0.00853721 0.0547836
0.872682 0.0671933 0.0601242
0.923987 0.0108844 0.0651287
0.876215 0.0407027 0.083082
0.889479 0.043588 0.0669328
9.999E-05 9.999E-05 0.9998
0.903161 9.9991E-05 0.0967392
9.999E-05 9.999E-05 0.9998
9.999E-05 9.999E-05 0.9998
9.9991E-05 0.0119606 0.987939
0.220387 9.9991E-05 0.779513
9.999E-05 9.999E-05 0.9998
0.0945663 0.00618206 0.899252
9.999E-05 9.999E-05 0.9998
0.0366176 9.9991E-05 0.963282
9.999E-05 9.999E-05 0.9998
9.999E-05 9.999E-05 0.9998
9.999E-05 9.999E-05 0.9998
0.167818 9.9991E-05 0.832082
0.0147829 0.00192923 0.983288
0.0927818 9.9991E-05 0.907118
0.149839 9.9991E-05 0.850061
0.0766607 0.0308744 0.892465
0.0756631 0.00469368 0.919643
0.9998 9.999E-05 9.999E-05
0.994487 9.9991E-05 0.00541258
0.9998 9.999E-05 9.999E-05
0.9998 9.999E-05 9.999E-05
0.9998 9.999E-05 9.999E-05
0.9998 9.999E-05 9.999E-05
0.9998 9.999E-05 9.999E-05
0.981484 9.9991E-05 0.0184164
0.961714 9.9991E-05 0.0381863
0.985551 9.9991E-05 0.0143491
0.976861 9.9991E-05 0.0230386
0.9998 9.999E-05 9.999E-05
0.922737 9.9991E-05 0.077163
0.878961 0.0853811 0.0356579
0.868695 0.106798 0.0245071
0.880954 0.086425 0.032621
0.811085 0.120528 0.0683877
0.943051 0.00689768 0.0500511
0.996601 9.9991E-05 0.00329891
0.967929 9.9991E-05 0.031971
0.978742 9.9991E-05 0.0211582
0.968345 9.9991E-05 0.0315548
0.97888 9.9991E-05 0.0210201
0.989522 9.9991E-05 0.0103777
0.879873 0.0585953 0.0615313
0.892669 0.0635554 0.0437754
0.928082 0.0718179 9.9991E-05
0.949195 0.0507048 9.9991E-05
0.979142 0.020758 9.9991E-05
0.906222 0.0936782 9.9991E-05
0.983648 0.0162515 9.9991E-05
0.875341 0.11497 0.00968903
0.948087 0.0518135 9.9991E-05
0.9501 0.0498002 9.9991E-05
0.939479 0.0604214 9.9991E-05
0.962912 0.0369882 9.9991E-05
0.951728 0.0481725 9.9991E-05
0.936544 0.0633558 9.9991E-05
