0.9998 9.999E-05 9.999E-05
0.657215 0.110084 0.232701
0.65244 0.149259 0.1983
0.688568 0.021496 0.289936
0.510858 0.0821178 0.407024
0.576402 0.118772 0.304826
0.750028 0.0242874 0.225685
0.631615 0.110173 0.258213
0.59238 0.0530011 0.354619
0.9998 9.999E-05 9.999E-05
0.9998 9.999E-05 9.999E-05
0.9998 9.999E-05 9.999E-05
0.9998 9.999E-05 9.999E-05
0.9998 9.999E-05 9.999E-05
0.9998 9.999E-05 9.999E-05
0.574176 0.0399948 0.385829
0.442842 0.145449 0.411709
0.63966 0.0566534 0.303687
0.440266 0.00810213 0.551632
0.358331 0.0619263 0.579743
0.519835 0.00553572 0.474629
0.37261 0.114728 0.512663
0.401277 0.0941651 0.504558
0.483152 0.0721274 0.444721
0.42074 9.9991E-05 0.57916
0.371073 0.0119404 0.616986
0.381187 0.120631 0.498183
0.473028 0.0831836 0.443789
0.422771 0.0666919 0.510537
0.557491 0.00836599 0.434143
0.497073 9.9991E-05 0.502827
0.385963 0.056556 0.557481
0.34202 0.0883347 0.569645
0.383499 0.124455 0.492046
0.407837 0.117378 0.474786
0.566583 0.0221329 0.411284
0.310778 0.047418 0.641804
0.289923 0.0559051 0.654172
0.310355 0.103728 0.585917
0.322515 9.9991E-05 0.677385
0.148396 0.14096 0.710644
0.200106 0.0946298 0.705264
0.300349 0.144419 0.555231
0.178965 0.13306 0.687975
0.16594 0.140426 0.693633
0.238395 0.125568 0.636037
0.211548 0.128161 0.660291
0.253158 0.0881627 0.658679
0.217579 0.0930451 0.689376
0.374702 0.094599 0.530699
0.253834 0.115984 0.630182
0.209867 0.125841 0.664292
0.237026 0.104161 0.658813
0.19819 0.0592154 0.742595
0.203293 0.0648312 0.731876
0.209314 0.138761 0.651925
0.243697 0.0897378 0.666565
0.240804 0.0305427 0.728653
0.243198 0.113974 0.642829
0.255879 0.09389 0.650231
0.221522 0.0214986 0.75698
0.225478 9.9991E-05 0.774422
0.187506 0.113839 0.698655
0.131267 0.125679 0.743055
0.228821 0.0148474 0.756332
0.128623 0.155355 0.716022
0.121717 0.0327007 0.845582
0.108738 0.100895 0.790367
0.232142 0.0452934 0.722565
0.0904831 0.163646 0.745871
0.244302 0.152145 0.603553
0.0962651 0.12434 0.779395
0.279517 0.136241 0.584242
0.230157 0.0768506 0.692992
0.187125 0.0876891 0.725186
0.159199 0.0718952 0.768906
0.119202 0.13169 0.749109
0.116458 0.0732816 0.81026
0.0641068 0.0333699 0.902523
0.00227302 0.0614378 0.936289
0.0769276 0.0829333 0.840139
0.0262311 0.0420548 0.931714
0.017127 0.0408655 0.942007
0.117553 0.00849938 0.873948
0.0707725 0.0782669 0.850961
0.0354151 0.137028 0.827557
0.148082 0.0881775 0.76374
0.092882 9.9991E-05 0.907018
0.0738767 0.00417217 0.921951
0.065842 0.101896 0.832262
0.114445 0.105574 0.779982
0.110502 0.0998479 0.78965
0.0829775 0.105204 0.811818
9.999E-05 9.999E-05 0.9998
9.9991E-05 0.00269236 0.997208
9.999E-05 9.999E-05 0.9998
9.999E-05 9.999E-05 0.9998
9.999E-05 9.999E-05 0.9998
9.999E-05 9.999E-05 0.9998
9.999E-05 9.999E-05 0.9998
9.999E-05 9.999E-05 0.9998
9.999E-05 9.999E-05 0.9998
9.999E-05 9.999E-05 0.9998
0.0278915 0.0958448 0.876264
9.999E-05 9.999E-05 0.9998
9.999E-05 9.999E-05 0.9998
9.999E-05 9.999E-05 0.9998
9.9991E-05 0.0145859 0.985314
9.9991E-05 0.0467627 0.953137
0.00739739 0.0199295 0.972673
9.9991E-05 0.0365735 0.963326
9.9991E-05 0.0508355 0.949065
0.0357361 0.0357448 0.928519
0.0503004 0.0261621 0.923537
9.999E-05 9.999E-05 0.9998
9.9991E-05 0.0902711 0.909629
9.9991E-05 0.0553106 0.944589
0.0414807 0.0801858 0.878333
9.9991E-05 0.036877 0.963023
0.0330315 0.0894642 0.877504
0.0091742 0.0400808 0.950745
9.999E-05 9.999E-05 0.9998
9.999E-05 9.999E-05 0.9998
9.999E-05 9.999E-05 0.9998
9.999E-05 9.999E-05 0.9998
9.999E-05 9.999E-05 0.9998
9.999E-05 9.999E-05 0.9998
9.9991E-05 0.0165484 0.983352
0.038521 9.9991E-05 0.961379
9.9991E-05 0.0223614 0.977539
9.999E-05 9.999E-05 0.9998
9.9991E-05 0.0260996 0.9738
9.999E-05 9.999E-05 0.9998
9.9991E-05 0.11671 0.88319
9.999E-05 0.9998 9.999E-05
9.9991E-05 0.0683469 0.931553
9.999E-05 0.9998 9.999E-05
9.999E-05 0.9998 9.999E-05
0.00111594 0.998784 9.9991E-05
0.00122695 0.767548 0.231225
9.999E-05 0.9998 9.999E-05
0.0129585 0.895909 0.091133
9.999E-05 0.9998 9.999E-05
9.9991E-05 0.990245 0.00965467
9.999E-05 0.9998 9.999E-05
9.9991E-05 0.969706 0.0301939
9.999E-05 0.9998 9.999E-05
9.9991E-05 0.80743 0.19247
0.00211697 0.971654 0.0262294
0.0126355 0.948707 0.0386573
0.00226825 0.881093 0.116639
0.0405426 0.841956 0.117502
9.9991E-05 0.981252 0.0186484
0.0728745 0.0448345 0.882291
0.0750054 0.0100792 0.914915
0.102744 0.0628399 0.834416
0.0928117 0.0815289 0.825659
0.0180208 9.99961E-05 0.981879
9.999E-05 9.999E-05 0.9998
9.9991E-05 0.0332121 0.966688
9.9991E-05 0.00127778 0.998622
9.9991E-05 0.0258896 0.97401
9.9991E-05 0.0277565 0.972143
9.9991E-05 0.022691 0.977209
0.0504728 0.0371414 0.912386
9.9991E-05 0.0510716 0.948828
0.0523507 9.9991E-05 0.947549
0.037168 9.9991E-05 0.962732
0.0615615 9.9991E-05 0.938339
0.0617488 9.9991E-05 0.938151
0.0334231 9.9991E-05 0.966477
0.0955139 9.9991E-05 0.904386
0.0596869 9.9991E-05 0.940213
0.0451518 9.9991E-05 0.954748
0.0639043 9.9991E-05 0.935996
0.0442892 9.9991E-05 0.955611
0.0452763 9.9991E-05 0.954624
0.0481286 9.9991E-05 0.951771
