9.9901E-05 9.9901E-05 9.9901E-05 9.9901E-05 9.9901E-05 9.9901E-05 9.9901E-05 9.9901E-05 9.9901E-05 0.998901 9.9901E-05 9.9901E-05
9.9946E-05 0.0177089 0.0323879 0.0576548 0.00556419 0.840559 0.0455256 9.9946E-05 9.9946E-05 9.9946E-05 9.9946E-05 9.9946E-05
9.99011E-05 9.99011E-05 0.998901 9.99011E-05 9.99011E-05 9.99011E-05 9.99011E-05 9.99011E-05 9.99011E-05 9.99011E-05 9.99011E-05 9.99011E-05
9.9937E-05 9.9937E-05 0.825526 9.9937E-05 0.0253657 9.9937E-05 0.0244408 0.00621823 0.117749 9.9937E-05 9.9937E-05 9.9937E-05
9.99101E-05 0.0373542 9.99101E-05 9.99101E-05 0.961647 9.99101E-05 9.99101E-05 9.99101E-05 9.99101E-05 9.99101E-05 9.99101E-05 9.99101E-05
9.99011E-05 9.99011E-05 9.99011E-05 9.99011E-05 9.99011E-05 0.998901 9.99011E-05 9.99011E-05 9.99011E-05 9.99011E-05 9.99011E-05 9.99011E-05
9.9928E-05 9.9928E-05 9.9928E-05 0.0104627 9.9928E-05 0.947225 0.0106662 0.0308463 9.9928E-05 9.9928E-05 9.9928E-05 9.9928E-05
9.9901E-05 0.998901 9.9901E-05 9.9901E-05 9.9901E-05 9.9901E-05 9.9901E-05 9.9901E-05 9.9901E-05 9.9901E-05 9.9901E-05 9.9901E-05
0.0814868 9.99101E-05 9.99101E-05 9.99101E-05 0.917514 9.99101E-05 9.99101E-05 9.99101E-05 9.99101E-05 9.99101E-05 9.99101E-05 9.99101E-05
9.9955E-05 0.258052 0.199733 0.107297 9.9955E-05 9.9955E-05 0.0796303 9.9955E-05 0.087585 0.157214 0.10999 9.9955E-05
9.99191E-05 9.99191E-05 9.99191E-05 9.99191E-05 0.197115 9.99191E-05 0.0410304 9.99191E-05 0.760956 9.99191E-05 9.99191E-05 9.99191E-05
9.99191E-05 0.0154876 9.99191E-05 9.99191E-05 9.99191E-05 9.99191E-05 9.99191E-05 0.0440548 0.939558 9.99191E-05 9.99191E-05 9.99191E-05
9.99281E-05 0.0154773 9.99281E-05 0.0297301 9.99281E-05 0.202388 9.99281E-05 9.99281E-05 0.751605 9.99281E-05 9.99281E-05 9.99281E-05
9.9973E-05 0.0544372 0.0836964 0.0329424 0.0161177 9.9973E-05 0.0376306 0.0232245 0.679843 9.9973E-05 0.0137772 0.0580315
9.9955E-05 9.9955E-05 0.0768741 0.0414862 9.9955E-05 0.0723481 0.0743208 9.9955E-05 0.603284 9.9955E-05 0.0917879 0.0393994
9.9937E-05 9.9937E-05 0.0517031 9.9937E-05 9.9937E-05 0.0122855 0.00313092 9.9937E-05 0.902363 0.0298184 9.9937E-05 9.9937E-05
9.99101E-05 0.0407753 9.99101E-05 9.99101E-05 9.99101E-05 9.99101E-05 9.99101E-05 9.99101E-05 0.958226 9.99101E-05 9.99101E-05 9.99101E-05
0.178659 9.9937E-05 9.9937E-05 0.105996 9.9937E-05 9.9937E-05 9.9937E-05 0.0034475 0.657661 9.9937E-05 9.9937E-05 0.0535371
0.0772333 9.9946E-05 9.9946E-05 0.0246572 9.9946E-05 9.9946E-05 0.0120495 0.0085484 0.757837 9.9946E-05 9.9946E-05 0.119075
9.9937E-05 0.0206148 0.115618 9.9937E-05 9.9937E-05 9.9937E-05 9.9937E-05 0.0101835 0.84445 9.9937E-05 9.9937E-05 0.00843397
9.9946E-05 9.9946E-05 9.9946E-05 0.1848 0.0305116 9.9946E-05 9.9946E-05 9.9946E-05 0.699509 0.0616025 0.014048 0.00892919
0.0180852 0.20066 0.0109097 0.0322913 0.00712234 0.161355 9.9973E-05 9.9973E-05 0.461121 0.00117251 9.9973E-05 0.106983
9.99101E-05 9.99101E-05 9.99101E-05 9.99101E-05 9.99101E-05 9.99101E-05 9.99101E-05 9.99101E-05 0.915493 0.083508 9.99101E-05 9.99101E-05
9.99191E-05 0.022673 9.99191E-05 9.99191E-05 9.99191E-05 9.99191E-05 9.99191E-05 9.99191E-05 0.645417 9.99191E-05 0.331011 9.99191E-05
0.00467354 9.9946E-05 0.0396629 0.245283 9.9946E-05 9.9946E-05 9.9946E-05 9.9946E-05 0.620916 0.00155346 9.9946E-05 0.0873117
0.147734 0.0293976 9.9964E-05 0.11382 9.9964E-05 0.0828205 0.010298 9.9964E-05 0.462714 0.0566477 0.0961689 9.9964E-05
0.137765 9.9946E-05 9.9946E-05 0.124349 0.0177936 9.9946E-05 9.9946E-05 0.11711 0.528704 9.9946E-05 0.0736785 9.9946E-05
9.9955E-05 9.9955E-05 0.0871062 0.328212 0.087164 0.00764464 0.0200046 9.9955E-05 0.397575 9.9955E-05 9.9955E-05 0.0717937
0.195441 9.9946E-05 9.9946E-05 0.178501 9.9946E-05 0.105683 9.9946E-05 9.9946E-05 0.409924 9.9946E-05 0.00291767 0.106934
0.0960215 9.99191E-05 9.99191E-05 0.265008 9.99191E-05 9.99191E-05 9.99191E-05 9.99191E-05 0.638071 9.99191E-05 9.99191E-05 9.99191E-05
0.997701 9.991E-05 9.991E-05 0.00129954 9.991E-05 9.991E-05 9.991E-05 9.991E-05 9.991E-05 9.991E-05 9.991E-05 9.991E-05
0.986306 9.9919E-05 9.9919E-05 9.9919E-05 9.9919E-05 0.00680585 9.9919E-05 9.9919E-05 9.9919E-05 0.0059886 9.9919E-05 9.9919E-05
9.9928E-05 9.9928E-05 0.00359501 0.116107 9.9928E-05 9.9928E-05 9.9928E-05 0.0164878 9.9928E-05 9.9928E-05 9.9928E-05 0.863011
9.9901E-05 9.9901E-05 9.9901E-05 9.9901E-05 9.9901E-05 9.9901E-05 9.9901E-05 9.9901E-05 9.9901E-05 9.9901E-05 0.998901 9.9901E-05
0.085659 9.9946E-05 0.0160488 0.0130937 0.00681367 9.9946E-05 9.9946E-05 9.9946E-05 0.214759 9.9946E-05 9.9946E-05 0.663026
9.99191E-05 9.99191E-05 9.99191E-05 9.99191E-05 0.0595339 9.99191E-05 9.99191E-05 9.99191E-05 9.99191E-05 0.0150029 9.99191E-05 0.924564
9.9946E-05 0.172176 0.0525128 9.9946E-05 9.9946E-05 0.0585016 9.9946E-05 0.0548168 9.9946E-05 0.00453337 9.9946E-05 0.65686
0.053998 9.9946E-05 9.9946E-05 0.0324333 9.9946E-05 9.9946E-05 9.9946E-05 9.9946E-05 0.0550544 0.0359731 0.0610967 0.760845
9.99011E-05 9.99011E-05 9.99011E-05 9.99011E-05 9.99011E-05 9.99011E-05 9.99011E-05 9.99011E-05 9.99011E-05 9.99011E-05 9.99011E-05 0.998901
9.9946E-05 9.9946E-05 9.9946E-05 0.0873505 9.9946E-05 9.9946E-05 0.0479777 0.14801 0.078121 0.00581592 9.9946E-05 0.632125
0.19055 0.00120446 9.99281E-05 9.99281E-05 9.99281E-05 0.0378269 9.99281E-05 9.99281E-05 9.99281E-05 9.99281E-05 9.99281E-05 0.769619
9.9973E-05 0.0142051 0.0084066 0.233937 0.0575106 9.9973E-05 9.9973E-05 0.162291 0.0911411 0.0609844 0.129637 0.241588
0.0736468 9.9946E-05 0.0285114 0.209351 9.9946E-05 9.9946E-05 0.0144551 9.9946E-05 9.9946E-05 9.9946E-05 0.351414 0.322022
9.9901E-05 9.9901E-05 9.9901E-05 9.9901E-05 9.9901E-05 9.9901E-05 9.9901E-05 9.9901E-05 9.9901E-05 9.9901E-05 0.998901 9.9901E-05
0.134932 9.99461E-05 0.00956014 0.242382 9.99461E-05 9.99461E-05 9.99461E-05 0.0372436 9.99461E-05 0.00144229 0.57384 9.99461E-05
0.125198 0.0274785 9.9955E-05 0.0610178 9.9955E-05 0.0191377 9.9955E-05 0.634172 0.103819 9.9955E-05 9.9955E-05 0.0286764
0.053728 9.99461E-05 9.99461E-05 0.117954 0.00949817 9.99461E-05 0.0317954 0.589285 9.99461E-05 9.99461E-05 0.197139 9.99461E-05
0.0245764 9.9919E-05 9.9919E-05 0.0644495 9.9919E-05 9.9919E-05 9.9919E-05 0.910075 9.9919E-05 9.9919E-05 9.9919E-05 9.9919E-05
0.0388473 0.0678898 0.114046 9.9946E-05 9.9946E-05 9.9946E-05 9.9946E-05 0.584818 0.029403 9.9946E-05 9.9946E-05 0.164397
0.0942546 9.9964E-05 0.0462746 0.156582 0.0277843 9.9964E-05 9.9964E-05 0.32671 9.9964E-05 0.00295764 0.174472 0.170565
9.9928E-05 9.9928E-05 9.9928E-05 0.031077 0.101571 9.9928E-05 9.9928E-05 0.839561 9.9928E-05 9.9928E-05 0.0269912 9.9928E-05
9.9919E-05 9.9919E-05 9.9919E-05 9.9919E-05 9.9919E-05 9.9919E-05 9.9919E-05 0.86352 9.9919E-05 0.0509923 9.9919E-05 0.0845888
9.99281E-05 0.0354609 9.99281E-05 0.18748 9.99281E-05 9.99281E-05 9.99281E-05 0.763652 9.99281E-05 0.012608 9.99281E-05 9.99281E-05
9.9946E-05 9.9946E-05 9.9946E-05 0.10209 9.9946E-05 9.9946E-05 0.00415016 0.682034 9.9946E-05 0.0261468 0.022394 0.162585
0.0514344 9.9928E-05 0.0147236 9.9928E-05 9.9928E-05 9.9928E-05 9.9928E-05 0.821665 9.9928E-05 9.9928E-05 0.111378 9.9928E-05
9.99191E-05 9.99191E-05 9.99191E-05 9.99191E-05 9.99191E-05 0.0203109 0.0310334 0.947756 9.99191E-05 9.99191E-05 9.99191E-05 9.99191E-05
0.0521492 0.0146916 9.99281E-05 0.85069 9.99281E-05 9.99281E-05 9.99281E-05 0.08167 9.99281E-05 9.99281E-05 9.99281E-05 9.99281E-05
0.0356436 0.030652 9.9946E-05 0.72302 0.0980436 9.9946E-05 9.9946E-05 0.0543804 0.0576604 9.9946E-05 9.9946E-05 9.9946E-05
0.0402173 9.9955E-05 0.0294019 0.674156 0.0269822 0.0805233 9.9955E-05 0.140691 9.9955E-05 0.00752816 9.9955E-05 9.9955E-05
9.9964E-05 0.0735412 9.9964E-05 0.678279 0.0156707 0.0802971 9.9964E-05 0.0653867 9.9964E-05 0.00171895 0.0408222 0.0438842
0.0433978 0.0309846 9.9964E-05 0.835676 9.9964E-05 9.9964E-05 9.9964E-05 0.0259628 0.0144497 0.0210718 0.0144644 0.0135928
9.9946E-05 9.9946E-05 9.9946E-05 0.396579 0.00400809 9.9946E-05 0.0895001 9.9946E-05 9.9946E-05 0.0266466 0.108152 0.374515
9.993E-05 9.993E-05 9.993E-05 0.810253 0.0244417 9.993E-05 9.993E-05 0.021318 9.993E-05 0.0174225 0.125865 9.993E-05
9.99192E-05 9.99192E-05 9.99192E-05 0.975731 9.99192E-05 0.00692554 0.0164446 9.99192E-05 9.99192E-05 9.99192E-05 9.99192E-05 9.99192E-05
9.9928E-05 0.0205669 9.9928E-05 0.844061 9.9928E-05 9.9928E-05 0.0151008 9.9928E-05 9.9928E-05 9.9928E-05 9.9928E-05 0.119472
9.99101E-05 9.99101E-05 9.99101E-05 0.991894 9.99101E-05 9.99101E-05 9.99101E-05 9.99101E-05 9.99101E-05 0.00710719 9.99101E-05 9.99101E-05
9.9928E-05 9.9928E-05 0.0276174 0.942301 9.9928E-05 9.9928E-05 0.00550771 9.9928E-05 9.9928E-05 9.9928E-05 9.9928E-05 0.0237744
9.9937E-05 9.9937E-05 0.0241912 0.951091 0.00331831 9.9937E-05 9.9937E-05 0.000554675 0.0201458 9.9937E-05 9.9937E-05 9.9937E-05
9.9946E-05 9.9946E-05 0.0120793 0.964761 0.00241319 9.9946E-05 0.00104965 9.9946E-05 9.9946E-05 0.0143691 0.00472821 9.9946E-05
9.9919E-05 9.9919E-05 0.0148298 0.895018 9.9919E-05 9.9919E-05 9.9919E-05 0.0892532 9.9919E-05 9.9919E-05 9.9919E-05 9.9919E-05
0.0516119 9.99191E-05 9.99191E-05 0.946837 9.99191E-05 9.99191E-05 0.000652014 9.99191E-05 9.99191E-05 9.99191E-05 9.99191E-05 9.99191E-05
0.062825 9.99371E-05 9.99371E-05 0.543526 9.99371E-05 0.107118 0.0148131 9.99371E-05 9.99371E-05 9.99371E-05 9.99371E-05 0.271019
9.99281E-05 0.00984024 0.027573 0.947886 9.99281E-05 9.99281E-05 0.0139013 9.99281E-05 9.99281E-05 9.99281E-05 9.99281E-05 9.99281E-05
0.00518808 0.00826721 9.9955E-05 0.764632 9.9955E-05 9.9955E-05 0.0348216 9.9955E-05 9.9955E-05 0.0616331 0.0526455 0.0723132
0.045696 0.00413307 0.000754258 0.332239 0.00255701 9.9982E-05 0.520019 0.00363405 0.0509417 9.9982E-05 0.0241493 0.0156769
9.9901E-05 9.9901E-05 9.9901E-05 9.9901E-05 9.9901E-05 9.9901E-05 0.998901 9.9901E-05 9.9901E-05 9.9901E-05 9.9901E-05 9.9901E-05
9.9973E-05 0.00315891 0.0247363 0.657656 9.9973E-05 0.057236 0.0549866 0.0232007 0.0137666 0.00591481 0.159045 9.9973E-05
