9.99011E-05 9.99011E-05 9.99011E-05 9.99011E-05 9.99011E-05 9.99011E-05 9.99011E-05 9.99011E-05 9.99011E-05 9.99011E-05 0.938589 9.99011E-05 0.0603125
0.0237524 9.9937E-05 9.9937E-05 0.0335864 9.9937E-05 9.9937E-05 9.9937E-05 0.0780079 9.9937E-05 0.0535542 0.104977 9.9937E-05 0.705423
9.98921E-05 9.98921E-05 9.98921E-05 9.98921E-05 9.98921E-05 9.98921E-05 9.98921E-05 9.98921E-05 9.98921E-05 0.998801 9.98921E-05 9.98921E-05 9.98921E-05
0.00044487 0.0535018 9.9919E-05 9.9919E-05 0.0736975 9.9919E-05 9.9919E-05 9.9919E-05 9.9919E-05 0.871457 9.9919E-05 9.9919E-05 9.9919E-05
9.9919E-05 9.9919E-05 9.9919E-05 9.9919E-05 9.9919E-05 9.9919E-05 9.9919E-05 9.9919E-05 0.0297513 0.1363 0.78767 0.045379 9.9919E-05
9.98921E-05 9.98921E-05 9.98921E-05 9.98921E-05 9.98921E-05 9.98921E-05 9.98921E-05 9.98921E-05 9.98921E-05 9.98921E-05 9.98921E-05 9.98921E-05 0.998801
9.99011E-05 9.99011E-05 9.99011E-05 9.99011E-05 9.99011E-05 9.99011E-05 9.99011E-05 9.99011E-05 9.99011E-05 9.99011E-05 9.99011E-05 0.0218473 0.977054
9.99011E-05 9.99011E-05 9.99011E-05 9.99011E-05 9.99011E-05 9.99011E-05 0.0205496 9.99011E-05 9.99011E-05 9.99011E-05 0.978351 9.99011E-05 9.99011E-05
9.9955E-05 0.00330476 0.37755 9.9955E-05 0.0192225 0.0288208 9.9955E-05 9.9955E-05 0.0239136 0.214046 0.0545926 9.9955E-05 0.27805
0.0244851 9.9964E-05 9.9964E-05 0.175934 9.9964E-05 0.0473832 0.00418349 0.00816349 0.029389 0.0392403 0.591813 0.079008 9.9964E-05
9.99101E-05 0.0553823 9.99101E-05 9.99101E-05 0.0925386 9.99101E-05 9.99101E-05 9.99101E-05 0.85108 9.99101E-05 9.99101E-05 9.99101E-05 9.99101E-05
9.99011E-05 9.99011E-05 9.99011E-05 9.99011E-05 9.99011E-05 9.99011E-05 9.99011E-05 9.99011E-05 0.966463 9.99011E-05 9.99011E-05 0.0324386 9.99011E-05
9.99101E-05 9.99101E-05 9.99101E-05 9.99101E-05 9.99101E-05 9.99101E-05 9.99101E-05 9.99101E-05 0.903477 0.0131647 9.99101E-05 9.99101E-05 0.0823591
0.030835 9.9919E-05 9.9919E-05 0.0192044 9.9919E-05 9.9919E-05 0.933076 9.9919E-05 9.9919E-05 0.0159855 9.9919E-05 9.9919E-05 9.9919E-05
0.0493501 9.9928E-05 9.9928E-05 9.9928E-05 9.9928E-05 0.189254 0.0546397 9.9928E-05 0.651178 0.0547791 9.9928E-05 9.9928E-05 9.9928E-05
9.9919E-05 0.0995442 9.9919E-05 9.9919E-05 9.9919E-05 9.9919E-05 0.238727 0.175639 0.485191 9.9919E-05 9.9919E-05 9.9919E-05 9.9919E-05
9.99101E-05 0.90809 0.0229827 9.99101E-05 9.99101E-05 9.99101E-05 9.99101E-05 9.99101E-05 0.0679277 9.99101E-05 9.99101E-05 9.99101E-05 9.99101E-05
9.9928E-05 9.9928E-05 0.07374 0.0901739 9.9928E-05 9.9928E-05 0.780644 0.0508297 9.9928E-05 9.9928E-05 9.9928E-05 0.00381331 9.9928E-05
0.00812002 0.0176445 0.00585576 9.9946E-05 9.9946E-05 0.0583527 0.396012 9.9946E-05 0.396079 9.9946E-05 9.9946E-05 0.117337 9.9946E-05
9.98921E-05 9.98921E-05 9.98921E-05 9.98921E-05 9.98921E-05 9.98921E-05 0.998801 9.98921E-05 9.98921E-05 9.98921E-05 9.98921E-05 9.98921E-05 9.98921E-05
9.9955E-05 0.0886082 9.9955E-05 0.0561564 0.0125408 9.9955E-05 0.74292 9.9955E-05 0.0272519 0.0309266 0.0108267 9.9955E-05 0.0302693
9.9892E-05 9.9892E-05 9.9892E-05 9.9892E-05 9.9892E-05 9.9892E-05 9.9892E-05 0.998801 9.9892E-05 9.9892E-05 9.9892E-05 9.9892E-05 9.9892E-05
0.0167245 0.873483 9.99281E-05 9.99281E-05 9.99281E-05 9.99281E-05 9.99281E-05 0.0763739 9.99281E-05 0.0232646 9.99281E-05 9.99281E-05 0.00935405
9.99101E-05 0.973908 9.99101E-05 0.0190726 9.99101E-05 0.00602029 9.99101E-05 9.99101E-05 9.99101E-05 9.99101E-05 9.99101E-05 9.99101E-05 9.99101E-05
9.9919E-05 9.9919E-05 9.9919E-05 0.090319 9.9919E-05 0.0244524 0.31151 9.9919E-05 0.572819 9.9919E-05 9.9919E-05 9.9919E-05 9.9919E-05
9.9955E-05 0.0287178 0.014371 0.168132 9.9955E-05 9.9955E-05 0.489608 9.9955E-05 0.21136 9.9955E-05 0.0138073 0.0105505 0.0629533
0.00476937 0.00563127 0.293471 9.9937E-05 0.18701 9.9937E-05 9.9937E-05 0.0868925 0.421526 9.9937E-05 9.9937E-05 9.9937E-05 9.9937E-05
0.0262874 9.9946E-05 9.9946E-05 0.260527 0.0677411 9.9946E-05 9.9946E-05 0.116021 0.424111 0.0709998 9.9946E-05 0.0337135 9.9946E-05
9.9946E-05 9.9946E-05 0.0589465 0.205108 9.9946E-05 0.141654 0.0054683 0.0067432 0.545751 9.9946E-05 9.9946E-05 9.9946E-05 0.0357285
9.99101E-05 9.99101E-05 0.197317 0.130382 9.99101E-05 9.99101E-05 9.99101E-05 9.99101E-05 0.671302 9.99101E-05 9.99101E-05 9.99101E-05 9.99101E-05
9.98921E-05 9.98921E-05 0.998801 9.98921E-05 9.98921E-05 9.98921E-05 9.98921E-05 9.98921E-05 9.98921E-05 9.98921E-05 9.98921E-05 9.98921E-05 9.98921E-05
9.9901E-05 9.9901E-05 0.99433 9.9901E-05 9.9901E-05 9.9901E-05 9.9901E-05 9.9901E-05 9.9901E-05 9.9901E-05 0.00457115 9.9901E-05 9.9901E-05
9.9937E-05 9.9937E-05 9.9937E-05 0.077165 9.9937E-05 0.670853 9.9937E-05 0.0625309 0.0374595 0.00996908 9.9937E-05 0.141323 9.9937E-05
9.9928E-05 0.0523267 9.9928E-05 9.9928E-05 0.0658376 0.719918 9.9928E-05 9.9928E-05 9.9928E-05 9.9928E-05 9.9928E-05 0.154218 0.00690072
0.0158896 9.9928E-05 0.108579 9.9928E-05 9.9928E-05 0.677509 0.161146 9.9928E-05 0.0360777 9.9928E-05 9.9928E-05 9.9928E-05 9.9928E-05
9.98921E-05 9.98921E-05 9.98921E-05 9.98921E-05 9.98921E-05 0.998801 9.98921E-05 9.98921E-05 9.98921E-05 9.98921E-05 9.98921E-05 9.98921E-05 9.98921E-05
9.9946E-05 9.9946E-05 9.9946E-05 9.9946E-05 9.9946E-05 0.538871 0.0875879 0.126787 9.9946E-05 0.00571077 0.198666 0.021352 0.0204262
9.9928E-05 0.0895522 0.0622602 0.059537 9.9928E-05 0.772011 9.9928E-05 9.9928E-05 9.9928E-05 9.9928E-05 0.0158399 9.9928E-05 9.9928E-05
9.99011E-05 9.99011E-05 9.99011E-05 9.99011E-05 0.0359024 0.962999 9.99011E-05 9.99011E-05 9.99011E-05 9.99011E-05 9.99011E-05 9.99011E-05 9.99011E-05
0.0209285 9.9937E-05 9.9937E-05 0.2167 0.0453773 0.566748 9.9937E-05 0.0701849 0.0793619 9.9937E-05 9.9937E-05 9.9937E-05 9.9937E-05
9.99281E-05 9.99281E-05 0.170544 0.0331814 9.99281E-05 0.762334 9.99281E-05 9.99281E-05 9.99281E-05 9.99281E-05 9.99281E-05 0.0152219 0.017919
9.994E-05 9.994E-05 9.994E-05 0.296038 9.994E-05 0.354595 0.0602117 0.00246225 0.0539895 9.994E-05 0.11457 0.117533 9.994E-05
9.9937E-05 0.00900716 0.0391259 0.0733125 9.9937E-05 0.803969 9.9937E-05 9.9937E-05 0.0376541 0.0362319 9.9937E-05 9.9937E-05 9.9937E-05
0.0184098 0.0776539 9.9946E-05 9.9946E-05 0.0401489 0.676584 9.9946E-05 9.9946E-05 0.000993315 9.9946E-05 9.9946E-05 0.172797 0.0128126
9.99371E-05 9.99371E-05 0.066639 0.0734527 0.703615 0.0219973 9.99371E-05 9.99371E-05 0.08211 0.0514868 9.99371E-05 9.99371E-05 9.99371E-05
9.9946E-05 9.9946E-05 0.0682435 0.0280154 0.0120972 9.9946E-05 0.00271945 9.9946E-05 0.0614247 9.9946E-05 9.9946E-05 0.745762 0.0811381
0.0111463 0.0185583 9.99101E-05 9.99101E-05 9.99101E-05 9.99101E-05 9.99101E-05 9.99101E-05 9.99101E-05 9.99101E-05 9.99101E-05 0.969296 9.99101E-05
9.9928E-05 9.9928E-05 0.01774 0.00914055 0.0511002 9.9928E-05 9.9928E-05 0.00197957 9.9928E-05 9.9928E-05 9.9928E-05 0.91924 9.9928E-05
9.9955E-05 9.9955E-05 9.9955E-05 9.9955E-05 0.087589 0.0757472 0.0768111 0.0562829 0.0435963 0.131458 9.9955E-05 0.519707 0.0083085
9.9955E-05 9.9955E-05 0.0528356 0.0256498 9.9955E-05 0.17474 9.9955E-05 0.0605253 0.0331784 0.0574126 0.0330973 0.562062 9.9955E-05
9.9928E-05 9.9928E-05 0.00141169 0.116929 0.68826 9.9928E-05 0.0988728 9.9928E-05 9.9928E-05 9.9928E-05 9.9928E-05 0.0937274 9.9928E-05
9.99101E-05 9.99101E-05 9.99101E-05 9.99101E-05 0.930347 9.99101E-05 9.99101E-05 9.99101E-05 9.99101E-05 9.99101E-05 0.0179489 0.0507052 9.99101E-05
0.0068475 9.99101E-05 9.99101E-05 0.11499 0.877163 9.99101E-05 9.99101E-05 9.99101E-05 9.99101E-05 9.99101E-05 9.99101E-05 9.99101E-05 9.99101E-05
9.9928E-05 9.9928E-05 0.00741832 0.0267971 0.914348 0.0166742 9.9928E-05 0.0339627 9.9928E-05 9.9928E-05 9.9928E-05 9.9928E-05 9.9928E-05
9.9919E-05 9.9919E-05 0.02236 9.9919E-05 0.00198701 0.0622711 9.9919E-05 9.9919E-05 9.9919E-05 9.9919E-05 9.9919E-05 0.912483 9.9919E-05
0.0313207 9.99281E-05 0.00216095 0.02279 9.99281E-05 9.99281E-05 9.99281E-05 9.99281E-05 9.99281E-05 0.0148588 9.99281E-05 0.92807 9.99281E-05
9.9946E-05 9.9946E-05 0.0232655 0.843469 9.9946E-05 9.9946E-05 0.0116389 0.001856 0.00860665 9.9946E-05 9.9946E-05 0.0194306 0.0911336
9.9946E-05 0.00241145 0.0249371 0.786071 9.9946E-05 9.9946E-05 0.110714 9.9946E-05 0.00992416 9.9946E-05 9.9946E-05 0.0022369 0.0631064
9.9946E-05 0.0253207 0.0747014 0.753059 0.0328782 9.9946E-05 9.9946E-05 9.9946E-05 9.9946E-05 0.074211 9.9946E-05 0.00426069 0.0349695
9.9964E-05 9.9964E-05 0.0669511 0.661267 9.9964E-05 0.0229361 9.9964E-05 0.120557 0.00576493 0.00065866 0.0770698 0.00545034 0.0389454
9.9946E-05 0.0195082 9.9946E-05 0.757089 0.145555 0.011123 0.0264693 9.9946E-05 9.9946E-05 9.9946E-05 0.0142454 9.9946E-05 0.0254111
0.0944876 9.9946E-05 9.9946E-05 0.391156 0.013425 0.442212 9.9946E-05 9.9946E-05 9.9946E-05 0.0309625 9.9946E-05 0.0127008 0.0144568
9.99305E-05 0.0103331 9.99305E-05 0.855103 9.99305E-05 0.0369744 9.99305E-05 9.99305E-05 9.99305E-05 9.99305E-05 0.0296306 0.0671598 9.99305E-05
0.00176231 9.99102E-05 9.99102E-05 0.985633 9.99102E-05 9.99102E-05 9.99102E-05 9.99102E-05 9.99102E-05 9.99102E-05 9.99102E-05 0.0116059 9.99102E-05
0.0209636 9.9928E-05 9.9928E-05 0.865816 9.9928E-05 0.0440575 0.0400124 0.0283513 9.9928E-05 9.9928E-05 9.9928E-05 9.9928E-05 9.9928E-05
9.99101E-05 9.99101E-05 9.99101E-05 0.933594 0.048797 9.99101E-05 9.99101E-05 9.99101E-05 0.0166099 9.99101E-05 9.99101E-05 9.99101E-05 9.99101E-05
9.99011E-05 9.99011E-05 9.99011E-05 0.980454 9.99011E-05 9.99011E-05 9.99011E-05 9.99011E-05 0.0184466 9.99011E-05 9.99011E-05 9.99011E-05 9.99011E-05
9.9928E-05 9.9928E-05 9.9928E-05 0.886394 0.0208571 9.9928E-05 9.9928E-05 0.0721228 9.9928E-05 0.00380782 9.9928E-05 0.0160184 9.9928E-05
0.0164068 9.9919E-05 0.00802692 0.929001 9.9919E-05 9.9919E-05 9.9919E-05 0.0456664 9.9919E-05 9.9919E-05 9.9919E-05 9.9919E-05 9.9919E-05
9.99101E-05 9.99101E-05 0.00681509 0.976066 9.99101E-05 9.99101E-05 9.99101E-05 9.99101E-05 9.99101E-05 0.0161199 9.99101E-05 9.99101E-05 9.99101E-05
0.00471607 0.00867896 0.036157 0.949549 9.99191E-05 9.99191E-05 9.99191E-05 9.99191E-05 9.99191E-05 9.99191E-05 9.99191E-05 9.99191E-05 9.99191E-05
0.036892 9.9946E-05 0.0850688 0.639362 0.00058503 0.138836 0.0206384 9.9946E-05 9.9946E-05 9.9946E-05 9.9946E-05 9.9946E-05 0.0780173
9.99011E-05 9.99011E-05 9.99011E-05 0.96881 9.99011E-05 9.99011E-05 9.99011E-05 9.99011E-05 9.99011E-05 9.99011E-05 9.99011E-05 0.0300907 9.99011E-05
0.0547142 9.9937E-05 0.01304 0.600888 0.156268 0.095736 0.0786539 9.9937E-05 9.9937E-05 9.9937E-05 9.9937E-05 9.9937E-05 9.9937E-05
0.530864 0.0166654 9.9937E-05 0.376026 9.9937E-05 9.9937E-05 0.0426301 9.9937E-05 9.9937E-05 0.0189402 9.9937E-05 0.0141746 9.9937E-05
0.998801 9.9892E-05 9.9892E-05 9.9892E-05 9.9892E-05 9.9892E-05 9.9892E-05 9.9892E-05 9.9892E-05 9.9892E-05 9.9892E-05 9.9892E-05 9.9892E-05
0.0486602 0.0114905 9.9955E-05 0.627934 9.9955E-05 0.175113 9.9955E-05 9.9955E-05 0.0682193 0.0273855 0.00551051 0.0351875 9.9955E-05
