9.993E-05 9.993E-05 9.993E-05 9.993E-05 0.999201 9.993E-05 9.993E-05 9.993E-05 9.993E-05
9.9955E-05 0.588877 0.0603099 9.9955E-05 0.268618 0.0816954 9.9955E-05 9.9955E-05 9.9955E-05
9.9955E-05 0.594301 0.0728211 9.9955E-05 0.25607 0.0763083 9.9955E-05 9.9955E-05 9.9955E-05
0.0747292 0.71004 9.99551E-05 9.99551E-05 0.204517 9.99551E-05 9.99551E-05 0.0102135 9.99551E-05
0.0156543 0.637867 9.9973E-05 0.0264511 0.13913 9.9973E-05 0.0697791 9.9973E-05 0.110819
0.0960379 0.611453 0.0234103 0.106605 0.155266 9.9973E-05 9.9973E-05 9.9973E-05 0.00692754
0.00252436 0.710704 9.9946E-05 9.9946E-05 0.286171 9.9946E-05 9.9946E-05 9.9946E-05 9.9946E-05
0.12603 0.421783 0.101531 9.9982E-05 0.300205 0.0405181 0.00759333 9.9982E-05 0.00213874
0.0696932 0.600492 0.0697992 9.9973E-05 0.200503 0.0400187 0.0191942 9.9973E-05 9.9973E-05
9.993E-05 9.993E-05 9.993E-05 9.993E-05 0.999201 9.993E-05 9.993E-05 9.993E-05 9.993E-05
9.993E-05 9.993E-05 9.993E-05 9.993E-05 0.999201 9.993E-05 9.993E-05 9.993E-05 9.993E-05
9.993E-05 9.993E-05 9.993E-05 9.993E-05 0.999201 9.993E-05 9.993E-05 9.993E-05 9.993E-05
9.9937E-05 9.9937E-05 9.9937E-05 9.9937E-05 0.981344 0.0179566 9.9937E-05 9.9937E-05 9.9937E-05
9.9946E-05 0.0433295 9.9946E-05 9.9946E-05 0.918714 9.9946E-05 9.9946E-05 9.9946E-05 0.037357
0.0294243 9.9946E-05 9.9946E-05 9.9946E-05 0.950476 9.9946E-05 9.9946E-05 9.9946E-05 0.0194996
0.252712 0.496072 0.0202555 0.023633 0.159924 0.03551 9.9982E-05 0.0116933 9.9982E-05
0.0607598 0.357095 0.0971078 0.0409405 0.212613 0.0380554 0.0896209 0.029755 0.0740529
0.0431516 0.710201 9.9955E-05 0.078467 0.16768 9.9955E-05 9.9955E-05 9.9955E-05 9.9955E-05
0.0404269 0.901199 9.9955E-05 9.9955E-05 9.9955E-05 9.9955E-05 0.0215809 9.9955E-05 0.0362938
9.9964E-05 0.874662 0.0305698 0.0404917 9.9964E-05 9.9964E-05 9.9964E-05 0.0147277 0.039149
9.9964E-05 0.843394 9.9964E-05 0.0758404 0.039254 0.00929612 0.0318155 9.9964E-05 9.9964E-05
9.9964E-05 0.804971 0.0858161 9.9964E-05 9.9964E-05 0.00219193 9.9964E-05 0.0179672 0.0886541
9.9964E-05 0.841043 0.0221799 0.0357504 9.9964E-05 9.9964E-05 0.00330162 9.9964E-05 0.0973257
9.9946E-05 0.948185 9.9946E-05 9.9946E-05 9.9946E-05 9.9946E-05 9.9946E-05 0.0164922 0.0347227
0.0471921 0.87513 9.9982E-05 0.0162791 9.9982E-05 0.0127791 0.00420867 0.0283251 0.0158857
0.0663459 0.693839 9.9964E-05 0.141835 9.9964E-05 9.9964E-05 0.059955 0.0376248 9.9964E-05
9.9964E-05 0.760207 0.0738407 0.0250267 9.9964E-05 9.9964E-05 0.122771 9.9964E-05 0.0177545
0.00616931 0.956704 0.00283161 9.9955E-05 9.9955E-05 9.9955E-05 9.9955E-05 0.0337957 9.9955E-05
9.998E-05 0.80854 0.00680229 0.0579962 0.0178623 9.998E-05 0.0223962 0.0861031 9.998E-05
9.9946E-05 0.930037 9.9946E-05 0.0335871 0.0357767 9.9946E-05 9.9946E-05 9.9946E-05 9.9946E-05
9.9955E-05 0.942889 9.9955E-05 9.9955E-05 0.0263119 9.9955E-05 0.0170879 9.9955E-05 0.0132114
0.0439736 0.784853 9.9964E-05 9.9964E-05 9.9964E-05 0.0203259 0.0670818 0.0833659 9.9964E-05
9.9955E-05 0.744888 0.0418516 0.187172 9.9955E-05 9.9955E-05 0.0255888 9.9955E-05 9.9955E-05
0.0196648 0.615786 0.0735608 0.188084 0.0383573 9.9982E-05 0.000216142 0.0641318 9.9982E-05
9.9955E-05 0.763008 0.0363399 9.9955E-05 9.9955E-05 9.9955E-05 9.9955E-05 0.0141288 0.186023
9.9946E-05 0.925534 9.9946E-05 0.0372763 0.0365901 9.9946E-05 9.9946E-05 9.9946E-05 9.9946E-05
0.296006 0.475398 9.9955E-05 0.203473 9.9955E-05 9.9955E-05 9.9955E-05 9.9955E-05 0.0246234
9.9964E-05 0.563842 0.0105087 0.303426 9.9964E-05 9.9964E-05 0.046172 9.9964E-05 0.0756518
0.043444 0.580462 0.0619956 0.195635 9.9973E-05 0.037142 0.0810221 9.9973E-05 9.9973E-05
0.0440035 0.572585 9.9955E-05 0.34867 9.9955E-05 9.9955E-05 0.0342412 9.9955E-05 9.9955E-05
0.575879 0.0978559 0.0111899 0.109552 9.9982E-05 0.0520447 0.00830234 0.144976 9.9982E-05
0.566894 0.085004 0.0568467 0.111496 9.9991E-05 0.00674226 0.0839557 0.0690747 0.0198867
0.501104 0.23212 0.0683176 9.9973E-05 0.0415919 0.0692883 9.9973E-05 0.0872784 9.9973E-05
0.612024 0.114193 0.0290572 0.115024 9.9973E-05 9.9973E-05 0.0291917 0.100211 9.9973E-05
0.337757 0.271593 0.0725655 0.244038 9.9973E-05 9.9973E-05 0.0502052 0.0235409 9.9973E-05
0.999201 9.993E-05 9.993E-05 9.993E-05 9.993E-05 9.993E-05 9.993E-05 9.993E-05 9.993E-05
0.999201 9.993E-05 9.993E-05 9.993E-05 9.993E-05 9.993E-05 9.993E-05 9.993E-05 9.993E-05
0.381312 0.404149 0.0694119 0.0758559 9.9973E-05 9.9973E-05 0.0371482 0.0318232 9.9973E-05
0.40483 0.192248 0.0241579 0.137651 0.0594061 9.9991E-05 0.0803517 0.0897244 0.0115304
0.303639 0.388182 0.0157002 0.0500758 0.0808195 0.0487438 0.0132427 0.0994963 9.9991E-05
0.305732 0.255183 0.0177787 0.340446 0.0410875 9.9973E-05 0.0394727 9.9973E-05 9.9973E-05
0.547843 0.181697 0.00574969 0.100509 0.000153068 0.00348492 0.0558155 0.0377798 0.0669674
0.909961 0.010913 0.0359318 9.9973E-05 0.00301339 9.9973E-05 0.0287529 9.9973E-05 0.0111276
0.238137 0.141965 9.9982E-05 0.423084 0.0538246 9.9982E-05 0.0182196 0.0494597 0.0751099
0.231436 0.157496 9.9991E-05 0.495604 0.0531075 0.00386365 0.00260363 0.0376707 0.0181185
0.443484 0.214982 0.106927 0.119817 9.9973E-05 0.0269806 9.9973E-05 0.0875098 9.9973E-05
0.275349 0.201583 0.0722563 0.282476 0.0719805 0.00464655 0.0552105 0.0363985 9.9991E-05
0.446021 0.289294 9.9982E-05 0.134785 9.9982E-05 0.0154676 0.0756324 0.021331 0.0172686
0.999201 9.993E-05 9.993E-05 9.993E-05 9.993E-05 9.993E-05 9.993E-05 9.993E-05 9.993E-05
0.182914 0.286014 0.0888787 0.305295 0.0507017 9.9973E-05 0.0858969 9.9973E-05 9.9973E-05
0.537737 0.216776 9.9964E-05 9.9964E-05 9.9964E-05 9.9964E-05 0.0937282 0.111876 0.0394831
0.554933 0.110513 0.00861811 0.16837 0.012232 9.9982E-05 0.00447928 0.140654 9.9982E-05
0.454355 0.147141 0.0618696 0.172124 9.9991E-05 0.0223374 0.0567107 0.0408909 0.0444708
0.781337 9.9973E-05 0.0344339 9.9973E-05 9.9973E-05 0.0752283 0.00612772 0.0327086 0.0698647
0.576526 0.115544 9.9973E-05 0.130006 0.029319 9.9973E-05 0.0552164 0.0930885 9.9973E-05
0.876903 9.9955E-05 0.0191068 9.9955E-05 9.9955E-05 0.0246142 9.9955E-05 9.9955E-05 0.0788761
0.50121 9.9955E-05 9.9955E-05 0.441549 9.9955E-05 0.0366935 0.0200483 9.9955E-05 9.9955E-05
0.784231 9.9973E-05 0.0151551 9.9973E-05 0.000328196 0.0377695 9.9973E-05 0.0248473 0.137369
0.335883 0.316508 0.0190203 0.215791 9.9991E-05 0.000196692 0.0521047 0.0483835 0.0120126
0.899028 9.9955E-05 9.9955E-05 9.9955E-05 9.9955E-05 0.0162643 9.9955E-05 0.0346173 0.0495902
0.557175 0.134243 0.0787144 0.124901 0.0368931 0.0380672 9.9982E-05 0.0298054 9.9982E-05
0.389481 0.0857175 0.0349399 0.31846 9.9991E-05 0.0701904 0.0413442 0.051978 0.00778833
0.71376 0.00507994 0.0116736 0.157626 0.0686379 9.9982E-05 9.9982E-05 0.00530139 0.0377208
0.700384 9.9955E-05 9.9955E-05 0.198707 0.0492544 9.9955E-05 0.0511549 9.9955E-05 9.9955E-05
0.327563 0.0633059 0.0525611 0.379707 0.0342506 9.9991E-05 0.0109083 0.113556 0.0180477
0.576086 0.0176909 9.9973E-05 0.336002 0.00275151 9.9973E-05 0.0633618 9.9973E-05 0.00380796
0.672633 9.9964E-05 0.0018003 0.280423 9.9964E-05 0.0154514 9.9964E-05 9.9964E-05 0.0292923
0.474485 0.00272852 0.0040276 0.220258 9.9982E-05 0.0968021 9.9982E-05 0.0461442 0.155355
9.9973E-05 0.0890948 0.0501175 0.809442 0.00572044 9.9973E-05 0.0136118 9.9973E-05 0.0317136
0.0107387 9.9946E-05 9.9946E-05 0.984188 9.9946E-05 9.9946E-05 0.00447346 9.9946E-05 9.9946E-05
0.00166103 9.9955E-05 0.0272106 0.962689 0.00793909 9.9955E-05 9.9955E-05 9.9955E-05 9.9955E-05
9.993E-05 9.993E-05 9.993E-05 0.999201 9.993E-05 9.993E-05 9.993E-05 9.993E-05 9.993E-05
9.9937E-05 9.9937E-05 0.00207073 0.99723 9.9937E-05 9.9937E-05 9.9937E-05 9.9937E-05 9.9937E-05
0.042895 0.175652 9.9973E-05 0.652702 9.9973E-05 0.0722025 0.0325604 0.0236877 9.9973E-05
0.213638 9.9982E-05 0.018746 0.48955 0.00749162 0.150366 0.0264417 0.0935674 9.9982E-05
0.121903 0.0635595 0.1022 0.515363 0.0196634 0.0817774 0.0194463 0.0240344 0.052053
0.0844898 0.192611 0.0544512 0.431499 0.0448497 0.0595882 0.0465665 0.0858448 9.9991E-05
0.116548 0.139979 0.00822641 0.547744 0.00247227 0.045852 0.0504041 0.0886738 9.9991E-05
0.117529 0.0594559 0.0391069 0.531453 9.9991E-05 0.101799 0.0306812 0.0626485 0.0572263
0.127891 0.0461663 0.0881914 0.384232 0.019693 0.0632121 0.15446 0.116054 9.9991E-05
0.288372 0.05898 0.0372683 0.320006 0.038301 0.0514858 9.9991E-05 0.0291678 0.176319
0.282406 0.0658247 9.9982E-05 0.318003 0.0239797 0.0684718 9.9982E-05 0.0923829 0.148732
0.150764 9.9982E-05 0.0997386 0.338914 0.0357141 0.16066 0.161573 0.0524359 9.9982E-05
9.993E-05 9.993E-05 9.993E-05 9.993E-05 9.993E-05 0.999201 9.993E-05 9.993E-05 9.993E-05
0.0119036 0.000801264 0.00476603 0.0613083 0.00433365 0.912866 9.9982E-05 9.9982E-05 0.00382123
0.0464754 0.0184092 0.00403728 9.9982E-05 9.9982E-05 0.87414 0.0304788 0.0160262 0.0102329
9.993E-05 9.993E-05 9.993E-05 9.993E-05 9.993E-05 0.999201 9.993E-05 9.993E-05 9.993E-05
9.993E-05 9.993E-05 9.993E-05 9.993E-05 9.993E-05 0.999201 9.993E-05 9.993E-05 9.993E-05
9.99371E-05 9.99371E-05 9.99371E-05 9.99371E-05 9.99371E-05 0.981775 0.0175254 9.99371E-05 9.99371E-05
9.9946E-05 9.9946E-05 0.00879097 9.9946E-05 9.9946E-05 0.96949 9.9946E-05 9.9946E-05 0.0211197
9.99461E-05 0.095874 9.99461E-05 9.99461E-05 9.99461E-05 0.884682 0.0188441 9.99461E-05 9.99461E-05
9.993E-05 9.993E-05 9.993E-05 9.993E-05 9.993E-05 0.999201 9.993E-05 9.993E-05 9.993E-05
9.9937E-05 9.9937E-05 9.9937E-05 0.0176511 9.9937E-05 0.981649 9.9937E-05 9.9937E-05 9.9937E-05
9.9982E-05 0.0838167 0.044014 0.432582 9.9982E-05 0.0445015 0.0672866 0.225634 0.101966
0.0333103 9.9964E-05 9.9964E-05 0.0166231 9.9964E-05 0.888793 0.033849 9.9964E-05 0.0270246
9.993E-05 9.993E-05 9.993E-05 9.993E-05 9.993E-05 0.999201 9.993E-05 9.993E-05 9.993E-05
9.9946E-05 9.9946E-05 9.9946E-05 0.0386883 9.9946E-05 0.932632 9.9946E-05 9.9946E-05 0.0280804
9.9937E-05 9.9937E-05 9.9937E-05 0.977293 9.9937E-05 9.9937E-05 0.0220079 9.9937E-05 9.9937E-05
9.993E-05 9.993E-05 9.993E-05 0.999201 9.993E-05 9.993E-05 9.993E-05 9.993E-05 9.993E-05
9.9937E-05 9.9937E-05 9.9937E-05 0.996151 9.9937E-05 9.9937E-05 9.9937E-05 9.9937E-05 0.00314929
9.9937E-05 9.9937E-05 0.0086992 0.990601 9.9937E-05 9.9937E-05 9.9937E-05 9.9937E-05 9.9937E-05
9.9964E-05 9.9964E-05 0.016354 0.813091 9.9964E-05 0.0116831 9.9964E-05 0.103429 0.0550427
9.9955E-05 0.111833 9.9955E-05 0.705079 9.9955E-05 9.9955E-05 9.9955E-05 0.0544102 0.128178
9.9982E-05 0.0279975 0.000789756 0.795816 0.0207463 0.0525289 9.9982E-05 0.0787853 0.0231364
9.9955E-05 9.9955E-05 9.9955E-05 0.841932 9.9955E-05 9.9955E-05 0.0160112 0.0931902 0.0483668
9.9955E-05 9.9955E-05 0.0143038 0.874135 9.9955E-05 0.0856436 9.9955E-05 9.9955E-05 0.0254177
9.9955E-05 9.9955E-05 9.9955E-05 0.89566 9.9955E-05 0.0567405 9.9955E-05 0.0278537 0.0192466
9.9973E-05 0.0679442 0.0205456 0.803884 9.9973E-05 9.9973E-05 0.0283507 0.0428616 0.0361144
9.9946E-05 9.9946E-05 9.9946E-05 0.827272 9.9946E-05 0.0799045 9.9946E-05 9.9946E-05 0.0922234
0.0836994 9.9982E-05 0.0488165 0.729081 0.0211573 9.9982E-05 0.0393684 0.0481506 0.0295266
0.00846417 0.0307867 0.0193835 0.746614 0.000600303 0.0299228 0.0201616 0.129325 0.0147422
9.9964E-05 0.072048 9.9964E-05 0.0305379 9.9964E-05 9.9964E-05 0.0168225 0.870187 0.0100049
9.9973E-05 0.0421738 9.9973E-05 9.9973E-05 0.00925874 0.0109137 0.0279893 0.861686 0.0476783
9.993E-05 9.993E-05 9.993E-05 9.993E-05 9.993E-05 9.993E-05 9.993E-05 0.999201 9.993E-05
9.993E-05 9.993E-05 9.993E-05 9.993E-05 9.993E-05 9.993E-05 9.993E-05 0.999201 9.993E-05
9.9937E-05 9.9937E-05 9.9937E-05 9.9937E-05 9.9937E-05 9.9937E-05 0.00327533 0.996025 9.9937E-05
9.9946E-05 9.9946E-05 9.9946E-05 0.00195969 9.9946E-05 0.00264496 9.9946E-05 0.994796 9.9946E-05
9.993E-05 9.993E-05 9.993E-05 9.993E-05 9.993E-05 9.993E-05 9.993E-05 0.999201 9.993E-05
0.0252148 0.00503442 9.9982E-05 0.0397818 0.0677895 9.9982E-05 0.00414974 0.705596 0.152234
9.99371E-05 9.99371E-05 0.00553937 9.99371E-05 9.99371E-05 9.99371E-05 9.99371E-05 0.993761 9.99371E-05
9.993E-05 9.993E-05 9.993E-05 9.993E-05 9.993E-05 9.993E-05 9.993E-05 0.999201 9.993E-05
9.9964E-05 9.9964E-05 0.0245496 9.9964E-05 0.0140786 0.0546914 9.9964E-05 0.838493 0.067787
9.9937E-05 9.9937E-05 9.9937E-05 9.9937E-05 9.9937E-05 9.9937E-05 0.00347911 0.995821 9.9937E-05
0.0422034 9.9991E-05 0.113399 0.0214375 0.0064617 0.00567144 0.050398 0.722285 0.0380446
9.993E-05 9.993E-05 0.999201 9.993E-05 9.993E-05 9.993E-05 9.993E-05 9.993E-05 9.993E-05
0.0601613 9.9982E-05 0.0587216 0.564206 9.9982E-05 0.11794 0.0595688 0.0888676 0.0503352
9.9937E-05 9.9937E-05 0.998997 0.000302993 9.9937E-05 9.9937E-05 9.9937E-05 9.9937E-05 9.9937E-05
9.993E-05 9.993E-05 0.999201 9.993E-05 9.993E-05 9.993E-05 9.993E-05 9.993E-05 9.993E-05
0.00924133 9.9964E-05 0.911174 9.9964E-05 0.000139911 0.0187869 9.9964E-05 9.9964E-05 0.0602585
0.00777223 0.0571885 0.760217 0.0911185 9.9982E-05 9.9982E-05 0.00175718 0.0342382 0.0475081
9.993E-05 9.993E-05 0.999201 9.993E-05 9.993E-05 9.993E-05 9.993E-05 9.993E-05 9.993E-05
0.0258666 0.0231162 0.886884 0.0213699 9.9982E-05 0.0242012 9.9982E-05 0.0046424 0.0137193
9.99371E-05 0.00773148 0.991569 9.99371E-05 9.99371E-05 9.99371E-05 9.99371E-05 9.99371E-05 9.99371E-05
0.0351493 9.9964E-05 0.926941 9.9964E-05 9.9964E-05 0.0142255 0.00441854 0.0188654 9.9964E-05
9.9946E-05 0.018133 0.968672 9.9946E-05 0.0125955 9.9946E-05 9.9946E-05 9.9946E-05 9.9946E-05
9.9946E-05 9.9946E-05 0.952761 0.0329103 9.9946E-05 9.9946E-05 9.9946E-05 0.0137291 9.9946E-05
9.9937E-05 9.9937E-05 0.960622 9.9937E-05 9.9937E-05 9.9937E-05 9.9937E-05 0.0386784 9.9937E-05
0.00280632 9.9973E-05 0.866373 0.00218757 9.9973E-05 0.0355814 0.0524693 0.0402826 9.9973E-05
9.9937E-05 9.9937E-05 0.951276 0.0480245 9.9937E-05 9.9937E-05 9.9937E-05 9.9937E-05 9.9937E-05
0.0338093 9.9982E-05 0.874052 9.9982E-05 0.00795469 0.0480055 0.00480327 0.0176565 0.0135183
0.0260387 9.9964E-05 0.883797 9.9964E-05 9.9964E-05 9.9964E-05 0.0325695 0.0286277 0.0285675
0.0399063 9.9982E-05 0.866839 0.0085542 0.0232492 0.00351479 0.0479727 9.9982E-05 0.00976338
9.9955E-05 9.9955E-05 0.951652 9.9955E-05 9.9955E-05 0.000359362 0.00217512 0.0453137 9.9955E-05
0.1071 0.00134751 0.0572347 0.401948 0.0374372 0.0127899 0.271225 0.0302054 0.0807124
0.015513 0.022991 0.0536924 0.461896 0.0789728 0.0305665 0.255781 0.0145487 0.0660383
0.105464 9.9982E-05 0.0733541 0.342611 0.04338 0.0669885 0.263541 9.9982E-05 0.104461
0.147032 9.9982E-05 0.0463707 0.295161 0.0701557 0.0409297 0.26768 9.9982E-05 0.13247
9.9946E-05 9.9946E-05 9.9946E-05 9.9946E-05 9.9946E-05 9.9946E-05 0.0489784 0.0227469 0.927675
9.993E-05 9.993E-05 9.993E-05 9.993E-05 9.993E-05 9.993E-05 9.993E-05 9.993E-05 0.999201
9.9973E-05 9.9973E-05 0.0106976 0.00540462 9.9973E-05 0.00950044 0.00418288 0.0236366 0.946278
9.993E-05 9.993E-05 9.993E-05 9.993E-05 9.993E-05 9.993E-05 9.993E-05 9.993E-05 0.999201
9.9937E-05 9.9937E-05 9.9937E-05 9.9937E-05 9.9937E-05 0.00988242 9.9937E-05 9.9937E-05 0.989418
9.9964E-05 0.0153482 0.0187862 0.00404634 9.9964E-05 0.0136961 9.9964E-05 9.9964E-05 0.947723
9.9955E-05 9.9955E-05 0.00519926 0.060246 9.9955E-05 0.0248982 9.9955E-05 9.9955E-05 0.909157
9.9973E-05 0.0886284 0.0542441 0.0594591 0.0172598 9.9973E-05 9.9973E-05 0.0558574 0.724251
0.0619163 0.0893176 0.0226501 0.0132114 0.00802803 9.9982E-05 9.9982E-05 0.00974478 0.794932
9.9955E-05 9.9955E-05 9.9955E-05 0.02703 9.9955E-05 9.9955E-05 0.962002 0.00441987 0.00604883
9.993E-05 9.993E-05 9.993E-05 9.993E-05 9.993E-05 9.993E-05 0.999201 9.993E-05 9.993E-05
9.993E-05 9.993E-05 9.993E-05 9.993E-05 9.993E-05 9.993E-05 0.999201 9.993E-05 9.993E-05
9.993E-05 9.993E-05 9.993E-05 9.993E-05 9.993E-05 9.993E-05 0.999201 9.993E-05 9.993E-05
9.99371E-05 9.99371E-05 9.99371E-05 0.0190901 9.99371E-05 9.99371E-05 0.98021 9.99371E-05 9.99371E-05
0.0296522 0.0153013 9.9964E-05 0.0826931 9.9964E-05 9.9964E-05 0.85394 9.9964E-05 0.0180137
9.993E-05 9.993E-05 9.993E-05 9.993E-05 9.993E-05 9.993E-05 0.999201 9.993E-05 9.993E-05
9.993E-05 9.993E-05 9.993E-05 9.993E-05 9.993E-05 9.993E-05 0.999201 9.993E-05 9.993E-05
9.9964E-05 9.9964E-05 0.00133948 9.9964E-05 0.000899089 0.011752 0.982646 9.9964E-05 0.0029634
0.0581099 9.9955E-05 9.9955E-05 9.9955E-05 9.9955E-05 0.00380841 0.910257 0.027325 9.9955E-05
9.99371E-05 9.99371E-05 0.00689541 9.99371E-05 9.99371E-05 9.99371E-05 0.992405 9.99371E-05 9.99371E-05
9.9964E-05 0.0053325 9.9964E-05 9.9964E-05 0.000128441 0.0173131 0.961743 0.0150836 9.9964E-05
