9.993E-05 9.993E-05 9.993E-05 0.999201 9.993E-05 9.993E-05 9.993E-05 9.993E-05 9.993E-05
9.9973E-05 9.9973E-05 0.0556102 0.0445917 0.0216472 0.838703 0.036829 9.9973E-05 0.0023189
9.9964E-05 9.9964E-05 0.0291558 0.0324211 9.9964E-05 0.889708 0.0378625 9.9964E-05 0.0104532
9.993E-05 9.993E-05 9.993E-05 9.993E-05 9.993E-05 0.999201 9.993E-05 9.993E-05 9.993E-05
0.0155364 0.217531 9.9964E-05 9.9964E-05 9.9964E-05 0.552879 9.9964E-05 0.154387 0.0592659
9.9964E-05 0.132217 9.9964E-05 0.0545265 9.9964E-05 0.555666 0.0268821 0.230309 9.9964E-05
9.9946E-05 0.254565 9.9946E-05 0.201396 9.9946E-05 0.543439 9.9946E-05 9.9946E-05 9.9946E-05
0.0130344 0.15356 0.00693689 0.168274 0.00374768 0.529153 0.0594806 0.0430763 0.0227371
9.9964E-05 0.235942 9.9964E-05 0.0394577 0.0758096 0.566228 0.0821632 9.9964E-05 9.9964E-05
9.993E-05 9.993E-05 9.993E-05 0.999201 9.993E-05 9.993E-05 9.993E-05 9.993E-05 9.993E-05
9.9955E-05 9.9955E-05 0.00106841 0.9913 9.9955E-05 0.00293023 0.00420157 9.9955E-05 9.9955E-05
9.9946E-05 9.9946E-05 9.9946E-05 0.990892 9.9946E-05 9.9946E-05 0.000659946 9.9946E-05 0.00784801
9.9946E-05 9.9946E-05 0.00379541 0.99543 9.9946E-05 9.9946E-05 0.000175304 9.9946E-05 9.9946E-05
9.9946E-05 0.0841424 9.9946E-05 0.883725 9.9946E-05 9.9946E-05 9.9946E-05 9.9946E-05 0.0315328
0.0119366 9.9973E-05 0.00650293 0.923809 0.0063397 0.0296548 9.9973E-05 9.9973E-05 0.0214566
0.00491767 0.0153729 9.9982E-05 0.0487297 0.0537167 0.575062 0.0416173 0.260384 9.9982E-05
0.00942683 0.0873374 9.9991E-05 0.141124 0.0705766 0.388132 0.0661895 0.152031 0.0850829
9.993E-05 9.993E-05 9.993E-05 9.993E-05 9.993E-05 0.999201 9.993E-05 9.993E-05 9.993E-05
9.9955E-05 0.891916 9.9955E-05 9.9955E-05 0.00931346 0.0467037 9.9955E-05 9.9955E-05 0.0515666
0.00433515 0.971083 9.9955E-05 9.9955E-05 0.00185261 9.9955E-05 9.9955E-05 9.9955E-05 0.0222295
9.9964E-05 0.759785 0.0085632 0.0238135 0.0498011 0.157637 9.9964E-05 9.9964E-05 9.9964E-05
0.00773772 0.726026 0.00546181 9.9982E-05 9.9982E-05 0.0921707 0.0629514 0.0483414 0.0571114
9.9964E-05 0.828743 9.9964E-05 9.9964E-05 0.0322822 0.0105717 0.0283916 9.9964E-05 0.0996116
9.9937E-05 0.970445 9.9937E-05 0.0288558 9.9937E-05 9.9937E-05 9.9937E-05 9.9937E-05 9.9937E-05
0.00159385 0.95843 0.0213438 0.00106416 0.017168 9.9964E-05 9.9964E-05 9.9964E-05 9.9964E-05
0.0524544 0.675856 9.9973E-05 9.9973E-05 0.0742826 9.9973E-05 0.00592973 0.188712 0.00246558
9.9973E-05 0.799273 0.000164611 0.00583551 0.0733088 9.9973E-05 0.0754464 0.0456716 9.9973E-05
9.9946E-05 0.888613 9.9946E-05 9.9946E-05 9.9946E-05 0.101417 0.00937059 9.9946E-05 9.9946E-05
0.0216649 0.708484 0.0222811 0.0414955 0.0348258 0.0491059 0.0146191 0.107424 9.9991E-05
9.9946E-05 0.867383 9.9946E-05 0.0498809 9.9946E-05 0.0821368 9.9946E-05 9.9946E-05 9.9946E-05
9.9955E-05 0.934132 9.9955E-05 0.0411594 0.0184233 9.9955E-05 9.9955E-05 9.9955E-05 0.00578571
0.0591367 0.833945 0.00175086 0.00695245 0.0345895 9.9982E-05 0.0466347 0.0167909 9.9982E-05
0.0049146 0.827906 0.014269 0.00615261 0.0232294 9.9982E-05 0.0631059 0.0602223 9.9982E-05
0.110362 0.626297 0.00661503 0.0654359 0.00687905 9.9991E-05 0.0821089 0.0979005 0.00430185
9.9955E-05 0.848275 9.9955E-05 9.9955E-05 9.9955E-05 0.0282099 0.0290004 9.9955E-05 0.0940154
9.9946E-05 0.853861 9.9946E-05 0.0638581 9.9946E-05 0.0816817 9.9946E-05 9.9946E-05 9.9946E-05
9.9946E-05 0.510761 9.9946E-05 9.9946E-05 9.9946E-05 9.9946E-05 9.9946E-05 0.487966 0.000673873
9.9973E-05 0.553204 9.9973E-05 9.9973E-05 0.0784487 0.02544 0.0309371 0.236572 0.0750985
9.9982E-05 0.513523 0.0315663 0.0135415 0.115711 0.0296327 0.045778 0.250048 9.9982E-05
0.0116745 0.636215 0.018845 9.9973E-05 0.0420311 9.9973E-05 9.9973E-05 0.283953 0.00698167
0.0600932 9.9973E-05 0.0723711 9.9973E-05 0.00891624 0.187142 0.0273496 0.643828 9.9973E-05
0.026041 9.9973E-05 0.000492316 9.9973E-05 0.0869508 0.0990157 0.0315693 0.755631 9.9973E-05
0.0715013 0.0690554 0.00810679 9.9973E-05 9.9973E-05 0.261749 0.0728473 0.51644 9.9973E-05
0.00700481 9.9973E-05 0.0197041 9.9973E-05 0.00346395 0.189982 0.0162893 0.763255 9.9973E-05
0.0148465 0.176693 9.9973E-05 9.9973E-05 0.0122392 0.0324948 0.0267477 0.736679 9.9973E-05
9.9937E-05 0.0516351 9.9937E-05 9.9937E-05 9.9937E-05 9.9937E-05 9.9937E-05 0.947665 9.9937E-05
9.9946E-05 0.0259074 9.9946E-05 0.00542228 9.9946E-05 9.9946E-05 9.9946E-05 0.968071 9.9946E-05
0.0221348 0.360537 9.9982E-05 9.9982E-05 0.032706 0.00340996 0.0644434 0.495185 0.0213837
0.0591022 0.0763983 9.9982E-05 0.0675248 0.0755097 0.0896684 0.00528884 0.626308 9.9982E-05
0.0741463 0.271016 0.025721 0.0787148 0.0150807 0.143928 0.0133364 0.377957 9.9991E-05
9.9982E-05 0.258276 0.0196207 0.0155136 0.0114483 0.022365 0.0435168 0.62906 9.9982E-05
9.9973E-05 0.129067 9.9973E-05 0.0195462 9.9973E-05 0.0078641 0.0497472 0.775266 0.0182094
9.9955E-05 9.9955E-05 9.9955E-05 0.0132694 9.9955E-05 0.0656219 0.0440955 0.876513 9.9955E-05
0.00758741 0.137004 0.00732046 0.0312268 0.0261012 9.9982E-05 9.9982E-05 0.703412 0.0871486
0.0348651 0.194211 0.034338 0.0537027 0.00467497 9.9982E-05 9.9982E-05 0.656227 0.0217808
0.0383389 0.00691753 0.0250146 9.9982E-05 0.00354483 0.160092 0.059558 0.706334 9.9982E-05
0.0270533 0.126877 9.9991E-05 0.0581365 0.0693471 0.0710986 0.05027 0.592443 0.00467423
0.0697483 0.168465 0.00108211 9.9973E-05 0.035397 0.0918237 9.9973E-05 0.633184 9.9973E-05
9.9964E-05 0.0085378 9.9964E-05 0.0240181 9.9964E-05 0.0472939 0.0143574 0.905393 9.9964E-05
0.0131416 0.141187 0.0019505 0.0438622 0.0958784 0.058934 0.015391 0.60336 0.0262961
0.0473915 0.195545 9.9973E-05 0.0123241 0.0727785 9.9973E-05 9.9973E-05 0.653533 0.018128
0.106258 0.0378354 9.99641E-05 0.0140021 9.99641E-05 0.0783021 9.99641E-05 0.763202 9.99641E-05
0.00030025 0.0963612 0.0107602 0.0155674 0.061815 9.9991E-05 0.0543088 0.735899 0.0248878
9.9964E-05 9.9964E-05 0.0106297 0.012338 9.9964E-05 9.9964E-05 0.0458683 0.840268 0.0904962
0.0279051 0.060365 9.9964E-05 9.9964E-05 0.0119428 0.100156 9.9964E-05 0.799231 9.9964E-05
9.9955E-05 9.9955E-05 9.9955E-05 0.0352126 9.9955E-05 9.9955E-05 0.00497845 0.905099 0.05421
9.99371E-05 9.99371E-05 0.0138778 9.99371E-05 9.99371E-05 9.99371E-05 9.99371E-05 0.985423 9.99371E-05
0.0428485 9.9982E-05 0.023806 0.0508535 0.0175221 9.9982E-05 0.0271034 0.771942 0.0657249
9.9964E-05 0.189646 9.9964E-05 9.9964E-05 0.0235272 0.100885 0.0322553 0.653287 9.9964E-05
9.99461E-05 9.99461E-05 9.99461E-05 9.99461E-05 9.99461E-05 9.99461E-05 0.0394153 0.907213 0.0527718
9.9973E-05 0.0525885 0.0372524 0.0213177 9.9973E-05 0.0829967 0.0291455 0.776399 9.9973E-05
0.0266226 0.00695102 0.0349495 9.9982E-05 0.0297401 0.0243782 0.0413167 0.835842 9.9982E-05
9.99371E-05 9.99371E-05 9.99371E-05 0.0800183 9.99371E-05 9.99371E-05 9.99371E-05 0.919282 9.99371E-05
9.9946E-05 9.9946E-05 9.9946E-05 0.0339322 0.0222473 9.9946E-05 9.9946E-05 0.943221 9.9946E-05
0.0627832 0.0463339 9.9973E-05 0.0342819 9.9973E-05 9.9973E-05 0.0198862 0.803106 0.0333089
9.9946E-05 9.9946E-05 9.9946E-05 0.0058473 0.0536582 9.9946E-05 9.9946E-05 0.939895 9.9946E-05
9.9964E-05 9.9964E-05 0.0139752 9.9964E-05 0.0268736 0.0659242 0.0184628 0.874364 9.9964E-05
0.0182083 0.00229623 0.0796561 0.0229523 9.9982E-05 0.0231347 9.9982E-05 0.725231 0.128321
0.0617354 9.9982E-05 0.154255 9.9982E-05 0.0515489 0.0114671 0.067289 0.622055 0.0314503
0.0390984 9.9964E-05 0.106894 9.9964E-05 0.02976 9.9964E-05 9.9964E-05 0.76214 0.0617073
0.0515617 9.9955E-05 0.0910427 9.9955E-05 9.9955E-05 9.9955E-05 9.9955E-05 0.810943 0.0459528
0.0314733 9.9973E-05 0.151775 0.00165381 9.9973E-05 9.9973E-05 0.000421521 0.777493 0.0368828
0.0341641 9.9964E-05 0.105273 9.9964E-05 9.9964E-05 9.9964E-05 0.0189739 0.790605 0.0505842
0.104915 0.206515 0.141799 9.9982E-05 0.0249895 0.0524397 9.9982E-05 0.435389 0.0337534
0.0930682 9.9982E-05 0.177288 0.0179266 0.0383463 0.0482818 9.9982E-05 0.589141 0.0357479
0.0714331 0.0403833 0.158715 9.9991E-05 0.0106756 0.0249679 0.111885 0.571038 0.0108024
0.10745 0.108328 0.0630775 0.0299518 0.0428489 0.0684352 0.0824465 0.453704 0.0437578
0.117361 0.170207 0.0999461 9.9964E-05 0.0574646 9.9964E-05 9.9964E-05 0.554621 9.9964E-05
0.0581186 9.9982E-05 0.130874 9.9982E-05 0.0526335 0.0713421 0.0928247 0.540738 0.0532695
0.125977 0.0619992 0.0934222 9.9982E-05 0.114031 9.9982E-05 0.0876541 0.50001 0.0167063
0.0207281 9.9982E-05 0.0870782 0.00692819 9.9982E-05 0.156844 0.0255198 0.517825 0.184877
0.0570126 9.9973E-05 0.0713613 9.9973E-05 9.9973E-05 0.151713 0.0344746 0.533862 0.151276
0.0556084 0.0282634 0.194099 0.0165507 0.180958 0.0126455 0.100508 0.411268 9.9991E-05
0.00749479 9.9937E-05 0.991806 9.9937E-05 9.9937E-05 9.9937E-05 9.9937E-05 9.9937E-05 9.9937E-05
9.9964E-05 9.9964E-05 0.933838 0.00383513 9.9964E-05 0.0175026 0.0186188 9.9964E-05 0.0258059
9.9973E-05 0.00498986 0.879506 0.00447804 9.9973E-05 0.0138924 9.9973E-05 0.031759 0.0650752
9.993E-05 9.993E-05 0.999201 9.993E-05 9.993E-05 9.993E-05 9.993E-05 9.993E-05 9.993E-05
9.993E-05 9.993E-05 0.999201 9.993E-05 9.993E-05 9.993E-05 9.993E-05 9.993E-05 9.993E-05
9.993E-05 9.993E-05 0.999201 9.993E-05 9.993E-05 9.993E-05 9.993E-05 9.993E-05 9.993E-05
9.993E-05 9.993E-05 0.999201 9.993E-05 9.993E-05 9.993E-05 9.993E-05 9.993E-05 9.993E-05
9.99551E-05 0.0632956 0.902367 9.99551E-05 9.99551E-05 9.99551E-05 9.99551E-05 0.0254384 0.00839967
9.993E-05 9.993E-05 0.999201 9.993E-05 9.993E-05 9.993E-05 9.993E-05 9.993E-05 9.993E-05
0.0171331 9.9964E-05 0.9724 0.00196737 0.0026844 9.9964E-05 9.9964E-05 9.9964E-05 0.00541498
0.29247 0.0911044 0.104201 0.00155306 0.101717 9.9991E-05 0.0862623 0.256654 0.0659382
9.9955E-05 9.9955E-05 0.941834 9.9955E-05 0.00201163 9.9955E-05 9.9955E-05 0.0397404 0.0159138
9.993E-05 9.993E-05 0.999201 9.993E-05 9.993E-05 9.993E-05 9.993E-05 9.993E-05 9.993E-05
9.9946E-05 9.9946E-05 0.986167 0.00104637 9.9946E-05 9.9946E-05 9.9946E-05 9.9946E-05 0.0121871
0.221671 0.0022321 0.11157 9.9982E-05 0.102532 9.9982E-05 0.00872005 0.499072 0.0540032
0.208363 0.0016375 0.118213 9.9982E-05 0.0777217 9.9982E-05 0.0911998 0.45653 0.0461355
0.162362 0.0103035 0.0936224 9.9982E-05 0.089323 9.9982E-05 0.0186819 0.513282 0.112225
0.195439 0.0175511 0.155032 9.9991E-05 0.0757992 0.00457732 0.0626913 0.448663 0.0401479
0.235099 9.9973E-05 0.133015 9.9973E-05 0.0670815 9.9973E-05 0.056457 0.408539 0.0995084
0.182379 0.143344 0.103689 9.9991E-05 0.0759599 0.00302559 0.04383 0.284009 0.163665
0.143412 0.114213 0.135145 9.9982E-05 0.119661 9.9982E-05 0.0122076 0.404159 0.0710017
0.213455 0.0172153 0.123726 9.9973E-05 0.0553601 9.9973E-05 9.9973E-05 0.461428 0.128516
0.14801 0.0286957 0.215191 9.9982E-05 0.060638 9.9982E-05 0.0497485 0.368537 0.12898
0.162923 0.0688259 0.204172 0.00135022 0.0133804 9.9991E-05 0.051296 0.367247 0.130706
0.105603 0.0504194 0.118214 9.9982E-05 0.0992396 9.9982E-05 0.0427663 0.503751 0.0798066
0.1037 0.0311869 0.190457 9.9982E-05 0.0704273 9.9982E-05 0.0251755 0.421249 0.157605
0.163148 9.9982E-05 0.0647371 0.00665398 0.0913223 9.9982E-05 0.0550758 0.506959 0.111904
0.203458 9.9982E-05 0.10393 9.9982E-05 0.0755822 0.0417481 0.0652657 0.424871 0.0849446
0.932532 0.026793 9.9973E-05 9.9973E-05 0.00191061 9.9973E-05 0.000791823 0.00347071 0.0342019
0.894553 0.00343651 0.0340844 0.0195727 0.0476061 9.9973E-05 9.9973E-05 9.9973E-05 0.000447305
0.999201 9.993E-05 9.993E-05 9.993E-05 9.993E-05 9.993E-05 9.993E-05 9.993E-05 9.993E-05
0.966335 0.0107757 9.9955E-05 9.9955E-05 9.9955E-05 9.9955E-05 9.9955E-05 0.0059263 0.0164633
0.999201 9.993E-05 9.993E-05 9.993E-05 9.993E-05 9.993E-05 9.993E-05 9.993E-05 9.993E-05
0.979406 9.9937E-05 0.0198942 9.9937E-05 9.9937E-05 9.9937E-05 9.9937E-05 9.9937E-05 9.9937E-05
0.999201 9.993E-05 9.993E-05 9.993E-05 9.993E-05 9.993E-05 9.993E-05 9.993E-05 9.993E-05
0.74765 9.9973E-05 9.9973E-05 0.0664924 0.0105397 0.0448548 9.9973E-05 0.0378837 0.0922792
0.999201 9.993E-05 9.993E-05 9.993E-05 9.993E-05 9.993E-05 9.993E-05 9.993E-05 9.993E-05
0.999201 9.993E-05 9.993E-05 9.993E-05 9.993E-05 9.993E-05 9.993E-05 9.993E-05 9.993E-05
0.893676 9.9964E-05 0.0207147 0.00619847 9.9964E-05 0.0122678 9.9964E-05 9.9964E-05 0.0667431
0.995095 9.99371E-05 9.99371E-05 9.99371E-05 9.99371E-05 0.00420555 9.99371E-05 9.99371E-05 9.99371E-05
0.730107 9.9973E-05 0.00359424 9.9973E-05 0.002831 9.9973E-05 0.0853858 0.124706 0.0530765
9.993E-05 9.993E-05 9.993E-05 9.993E-05 9.993E-05 9.993E-05 0.999201 9.993E-05 9.993E-05
0.150563 9.9982E-05 0.169783 9.9982E-05 0.0285156 0.0648516 0.0697741 0.445999 0.0703145
9.993E-05 9.993E-05 9.993E-05 9.993E-05 9.993E-05 9.993E-05 0.999201 9.993E-05 9.993E-05
9.993E-05 9.993E-05 9.993E-05 9.993E-05 9.993E-05 9.993E-05 0.999201 9.993E-05 9.993E-05
9.99461E-05 9.99461E-05 0.00863186 9.99461E-05 9.99461E-05 9.99461E-05 0.935515 9.99461E-05 0.0552537
0.0381385 0.0429399 0.00158634 9.9973E-05 0.0230132 9.9973E-05 0.78607 0.107952 9.9973E-05
9.993E-05 9.993E-05 9.993E-05 9.993E-05 9.993E-05 9.993E-05 0.999201 9.993E-05 9.993E-05
0.00182058 9.9955E-05 9.9955E-05 9.9955E-05 9.9955E-05 9.9955E-05 0.853746 0.0891756 0.0547581
9.9946E-05 9.9946E-05 9.9946E-05 9.9946E-05 0.0171803 9.9946E-05 0.976267 9.9946E-05 0.00595309
9.9955E-05 0.0263159 0.001722 9.9955E-05 9.9955E-05 9.9955E-05 0.964518 0.00694471 9.9955E-05
9.9955E-05 0.0142059 9.9955E-05 0.0139016 9.9955E-05 9.9955E-05 0.969424 9.9955E-05 0.0019692
9.9946E-05 9.9946E-05 9.9946E-05 0.00982717 0.015057 9.9946E-05 0.974516 9.9946E-05 9.9946E-05
9.99461E-05 0.0121134 9.99461E-05 9.99461E-05 9.99461E-05 0.000350496 0.986936 9.99461E-05 9.99461E-05
0.0400172 9.9964E-05 0.0389459 9.9964E-05 0.031376 0.0661305 0.823131 9.9964E-05 9.9964E-05
0.021005 0.0164603 0.0143905 0.0127409 9.9973E-05 9.9973E-05 0.913985 9.9973E-05 0.0211179
0.0148512 9.9964E-05 9.9964E-05 0.00674747 9.9964E-05 9.9964E-05 0.887222 0.0602671 0.0305127
0.0168692 9.9982E-05 9.9982E-05 0.00300305 0.0314542 0.00199956 0.897728 0.027642 0.0211044
9.9973E-05 9.9973E-05 0.0206115 0.0249316 0.0510441 0.0401614 0.855202 0.00774937 9.9973E-05
0.0113116 9.9955E-05 9.9955E-05 9.9955E-05 9.9955E-05 0.0120568 0.962178 0.0139538 9.9955E-05
0.0603473 9.998E-05 0.0847654 0.0488493 0.25726 9.998E-05 0.021774 0.415173 0.111631
0.0277572 0.0374038 0.0431818 0.00530885 0.244415 9.9991E-05 0.0316344 0.512308 0.0978908
0.030461 9.998E-05 0.091769 0.0355187 0.259706 9.998E-05 0.0404819 0.427205 0.114658
0.0444879 9.9982E-05 0.0345272 0.0287534 0.268287 9.9982E-05 0.0260862 0.461118 0.13654
0.0160702 9.9964E-05 0.00276932 9.9964E-05 9.9964E-05 0.0281108 0.00103311 9.9964E-05 0.951617
9.993E-05 9.993E-05 9.993E-05 9.993E-05 9.993E-05 9.993E-05 9.993E-05 9.993E-05 0.999201
9.9955E-05 9.9955E-05 0.0031506 0.00103266 0.0221933 9.9955E-05 9.9955E-05 9.9955E-05 0.973124
9.993E-05 9.993E-05 9.993E-05 9.993E-05 9.993E-05 9.993E-05 9.993E-05 9.993E-05 0.999201
0.000199324 9.9955E-05 0.000413391 9.9955E-05 0.0133113 9.9955E-05 9.9955E-05 9.9955E-05 0.985576
9.9955E-05 9.9955E-05 0.00837078 9.9955E-05 0.000970841 9.9955E-05 0.0167142 9.9955E-05 0.973444
0.00182442 0.00237343 0.00942537 9.9973E-05 0.00517588 9.9973E-05 9.9973E-05 0.0364348 0.944466
0.0609973 0.117531 9.9973E-05 0.00874315 0.0230368 9.9973E-05 0.0416941 9.9973E-05 0.747698
9.9964E-05 0.0061852 9.9964E-05 0.0131859 9.9964E-05 9.9964E-05 0.030898 0.124809 0.824522
9.9955E-05 0.00448599 9.9955E-05 0.000577046 0.954128 9.9955E-05 9.9955E-05 0.0403093 9.9955E-05
9.993E-05 9.993E-05 9.993E-05 9.993E-05 0.999201 9.993E-05 9.993E-05 9.993E-05 9.993E-05
9.993E-05 9.993E-05 9.993E-05 9.993E-05 0.999201 9.993E-05 9.993E-05 9.993E-05 9.993E-05
9.9937E-05 9.9937E-05 9.9937E-05 9.9937E-05 0.995849 9.9937E-05 9.9937E-05 9.9937E-05 0.00345162
9.993E-05 9.993E-05 9.993E-05 9.993E-05 0.999201 9.993E-05 9.993E-05 9.993E-05 9.993E-05
9.9955E-05 9.9955E-05 9.9955E-05 9.9955E-05 0.871204 0.0431038 9.9955E-05 0.0508391 0.0343534
9.993E-05 9.993E-05 9.993E-05 9.993E-05 0.999201 9.993E-05 9.993E-05 9.993E-05 9.993E-05
9.993E-05 9.993E-05 9.993E-05 9.993E-05 0.999201 9.993E-05 9.993E-05 9.993E-05 9.993E-05
9.993E-05 9.993E-05 9.993E-05 9.993E-05 0.999201 9.993E-05 9.993E-05 9.993E-05 9.993E-05
0.0224479 9.9946E-05 9.9946E-05 9.9946E-05 0.973274 9.9946E-05 0.00367858 9.9946E-05 9.9946E-05
9.993E-05 9.993E-05 9.993E-05 9.993E-05 0.999201 9.993E-05 9.993E-05 9.993E-05 9.993E-05
9.99371E-05 9.99371E-05 9.99371E-05 9.99371E-05 0.99307 9.99371E-05 9.99371E-05 9.99371E-05 0.00623036
