9.993E-05 9.993E-05 9.993E-05 9.993E-05 9.993E-05 0.999201 9.993E-05 9.993E-05 9.993E-05
9.9955E-05 9.9955E-05 9.9955E-05 9.9955E-05 0.0583021 0.285071 0.113079 9.9955E-05 0.543048
9.9955E-05 9.9955E-05 9.9955E-05 9.9955E-05 0.124379 0.239159 0.0664209 9.9955E-05 0.569542
9.99551E-05 0.0382547 0.012946 9.99551E-05 9.99551E-05 0.181656 9.99551E-05 9.99551E-05 0.766643
0.0168415 9.9973E-05 9.9973E-05 0.0380179 9.9973E-05 0.0757316 0.0223972 0.0619025 0.784809
9.9982E-05 0.154981 0.0515931 0.0173161 0.0186962 0.170627 0.00665475 9.9982E-05 0.579931
9.99371E-05 9.99371E-05 9.99371E-05 9.99371E-05 9.99371E-05 0.258616 9.99371E-05 9.99371E-05 0.740685
9.9973E-05 0.111157 9.9973E-05 0.00146699 0.0640822 0.28053 0.0461577 9.9973E-05 0.496307
9.9973E-05 0.0954588 9.9973E-05 9.9973E-05 0.0504832 0.13753 0.0289202 0.0340638 0.653244
9.993E-05 9.993E-05 9.993E-05 9.993E-05 9.993E-05 0.999201 9.993E-05 9.993E-05 9.993E-05
9.993E-05 9.993E-05 9.993E-05 9.993E-05 9.993E-05 0.999201 9.993E-05 9.993E-05 9.993E-05
9.993E-05 9.993E-05 9.993E-05 9.993E-05 9.993E-05 0.999201 9.993E-05 9.993E-05 9.993E-05
9.9937E-05 9.9937E-05 9.9937E-05 9.9937E-05 9.9937E-05 0.995442 0.00385839 9.9937E-05 9.9937E-05
9.9964E-05 0.0251416 9.9964E-05 0.0152438 0.0389973 0.896387 9.9964E-05 9.9964E-05 0.0238302
9.9946E-05 0.0200744 9.9946E-05 0.0194388 9.9946E-05 0.959887 9.9946E-05 9.9946E-05 9.9946E-05
0.0818002 0.244921 9.9982E-05 0.0036857 0.00944619 0.198039 9.9982E-05 0.00862954 0.453278
0.0467817 0.209219 9.9982E-05 0.0753007 0.0564512 0.186298 0.0713882 9.9982E-05 0.354361
9.9955E-05 0.0366115 0.0210286 9.9955E-05 9.9955E-05 0.192297 9.9955E-05 9.9955E-05 0.749563
9.9964E-05 0.0634273 9.9964E-05 0.0589737 9.9964E-05 9.9964E-05 0.0120068 0.0562044 0.808988
0.032358 9.9955E-05 0.00231232 0.0503623 9.9955E-05 9.9955E-05 9.9955E-05 9.9955E-05 0.914468
9.99461E-05 9.99461E-05 0.0583373 9.99461E-05 9.99461E-05 9.99461E-05 9.99461E-05 0.0614953 0.879568
0.0494591 0.0230881 9.9973E-05 0.108421 0.0310278 9.9973E-05 9.9973E-05 0.0131396 0.774565
9.9964E-05 9.9964E-05 0.0106783 0.0704873 0.0223315 9.9964E-05 9.9964E-05 0.0223645 0.873739
0.021356 9.9955E-05 9.9955E-05 0.0267443 9.9955E-05 0.00100988 9.9955E-05 9.9955E-05 0.95039
0.0210868 0.0497498 0.0277004 9.9982E-05 9.9982E-05 0.00987931 0.00472892 0.0239583 0.862696
0.0556366 0.0577609 0.13405 9.9964E-05 9.9964E-05 9.9964E-05 9.9964E-05 0.0470852 0.705067
9.9973E-05 0.0231705 0.152923 0.01713 0.0558488 9.9973E-05 9.9973E-05 0.0891807 0.661447
0.0227028 0.0194484 9.9955E-05 9.9955E-05 0.00413494 9.9955E-05 9.9955E-05 9.9955E-05 0.953214
0.00579373 0.021297 0.121009 0.0381818 0.00949991 0.0359789 0.0223696 0.0140709 0.731799
9.9955E-05 9.9955E-05 0.0765554 9.9955E-05 9.9955E-05 0.0386909 9.9955E-05 0.0120661 0.872188
0.0489898 9.9955E-05 9.9955E-05 0.0275336 9.9955E-05 0.0243446 9.9955E-05 9.9955E-05 0.898632
0.0513422 0.0620082 9.9973E-05 9.9973E-05 0.00895773 9.9973E-05 0.0206333 0.0637776 0.792981
9.9964E-05 9.9964E-05 0.147027 9.9964E-05 0.0455055 9.9964E-05 0.0183308 0.017762 0.770975
0.0584703 0.00763829 0.159979 9.9982E-05 0.0707145 0.0401221 9.9982E-05 0.0346871 0.628189
9.9955E-05 9.9955E-05 0.0737103 0.0977196 0.0312947 9.9955E-05 9.9955E-05 9.9955E-05 0.796776
9.9946E-05 9.9946E-05 0.0476648 9.9946E-05 9.9946E-05 0.0519818 9.9946E-05 9.9946E-05 0.899754
9.9955E-05 0.265658 0.18847 0.0245191 9.9955E-05 9.9955E-05 9.9955E-05 9.9955E-05 0.520853
9.9973E-05 0.0436565 0.297175 0.0497747 0.0370582 9.9973E-05 9.9973E-05 0.0341431 0.537893
9.9973E-05 0.0879124 0.247153 9.9973E-05 0.0300102 9.9973E-05 0.016599 0.0712148 0.546811
9.9964E-05 0.0161268 0.326316 9.9964E-05 9.9964E-05 0.0151047 9.9964E-05 0.0332138 0.608839
0.0807624 0.58346 0.149274 9.9982E-05 0.0565719 9.9982E-05 0.0448759 0.0163657 0.06849
0.0955931 0.615731 0.0550715 9.9982E-05 0.0369339 9.9982E-05 0.0554589 0.105385 0.0356267
0.0886196 0.508796 0.021938 9.9982E-05 0.0707882 0.0494484 0.0491174 9.9982E-05 0.211092
0.0344975 0.63974 0.128821 9.9982E-05 0.0410025 9.9982E-05 0.0434952 0.0457467 0.0664977
0.0263262 0.440008 0.192786 9.9973E-05 0.0592951 9.9973E-05 9.9973E-05 0.0591069 0.222177
9.993E-05 0.999201 9.993E-05 9.993E-05 9.993E-05 9.993E-05 9.993E-05 9.993E-05 9.993E-05
9.993E-05 0.999201 9.993E-05 9.993E-05 9.993E-05 9.993E-05 9.993E-05 9.993E-05 9.993E-05
0.0445949 0.344187 0.096107 0.0358982 0.0422986 9.9982E-05 9.9982E-05 0.0621981 0.374517
0.107813 0.398465 0.0648599 0.00550556 0.0537598 0.0550683 9.9991E-05 0.0927999 0.221629
0.0718824 0.324984 0.0204723 0.0347727 0.0282638 0.0819873 0.0447239 9.9991E-05 0.392814
9.9973E-05 0.329321 0.306016 9.9973E-05 0.0325542 0.0456198 9.9973E-05 0.0419336 0.244255
0.0259261 0.554786 0.0463789 0.0273175 0.0387266 9.9982E-05 9.9982E-05 0.0471069 0.259558
9.9964E-05 0.924609 9.9964E-05 0.000575343 9.9964E-05 0.00920918 9.9964E-05 0.0319658 0.0332407
0.0108855 0.210731 0.427921 0.0668852 9.9982E-05 0.0374459 9.9982E-05 0.0141333 0.231799
0.0305813 0.217484 0.412783 0.0128804 0.00391739 0.05646 0.019768 0.00787882 0.238248
0.0995335 0.513941 0.10983 9.9964E-05 0.0811004 9.9964E-05 9.9964E-05 9.9964E-05 0.195195
9.9973E-05 0.194043 0.385527 9.9973E-05 0.0460274 0.0712664 9.9973E-05 0.0550611 0.247775
0.0208115 0.452149 0.101136 0.0113222 9.9982E-05 9.9982E-05 0.0618466 0.0882363 0.264299
9.993E-05 0.999201 9.993E-05 9.993E-05 9.993E-05 9.993E-05 9.993E-05 9.993E-05 9.993E-05
0.0238505 0.231805 0.30944 9.9982E-05 0.0285571 0.0156508 9.9982E-05 0.125657 0.26484
0.0790406 0.5603 9.9964E-05 0.01805 9.9964E-05 9.9964E-05 9.9964E-05 0.129714 0.212496
0.106089 0.646679 0.153704 9.9982E-05 9.9982E-05 0.0301684 0.0251369 0.0199904 0.0180324
0.0445569 0.497484 0.163561 0.048448 0.0509848 9.9991E-05 0.0469431 0.0389041 0.109018
0.0205095 0.889535 9.9973E-05 0.0682389 0.0019268 0.00528137 0.0142091 9.9973E-05 9.9973E-05
0.0603258 0.596943 0.181752 9.9973E-05 9.9973E-05 0.0235044 9.9973E-05 0.0124671 0.124708
9.9946E-05 0.916807 9.9946E-05 0.0676806 0.0149124 9.9946E-05 9.9946E-05 9.9946E-05 9.9946E-05
9.9937E-05 0.551514 0.447786 9.9937E-05 9.9937E-05 9.9937E-05 9.9937E-05 9.9937E-05 9.9937E-05
0.0172593 0.79633 9.9964E-05 0.11089 0.0150178 9.9964E-05 0.0601028 9.9964E-05 9.9964E-05
0.050419 0.344893 0.170794 0.00568749 0.0614247 9.9982E-05 9.9982E-05 0.0466359 0.319946
0.0178286 0.941812 9.9946E-05 0.0397599 9.9946E-05 9.9946E-05 9.9946E-05 9.9946E-05 9.9946E-05
0.0416843 0.559913 0.0835411 9.9982E-05 0.0403366 0.0293075 0.0775262 9.9982E-05 0.167491
0.0645665 0.492728 0.301457 0.00507514 0.0215619 0.0020845 0.0366433 9.9991E-05 0.0757831
9.9973E-05 0.734859 0.0883183 0.0182105 9.9973E-05 0.061572 9.9973E-05 0.0624774 0.0342624
9.9973E-05 0.646688 0.212623 9.9973E-05 0.00948044 0.0512258 9.9973E-05 0.0686431 0.0110401
0.10601 0.455368 0.311909 0.00487235 0.0274958 0.0536794 9.9982E-05 0.0404657 9.9982E-05
9.9964E-05 0.625149 0.238698 0.0208649 9.9964E-05 9.9964E-05 9.9964E-05 0.103261 0.0116272
9.9964E-05 0.727421 0.204385 0.0128999 0.0261529 9.9964E-05 0.0287415 9.9964E-05 9.9964E-05
9.9973E-05 0.476486 0.27685 0.107616 9.9973E-05 0.020803 0.0587297 9.9973E-05 0.0592145
9.9955E-05 9.9955E-05 0.926303 9.9955E-05 0.0321809 9.9955E-05 9.9955E-05 0.0125407 0.0284752
9.9937E-05 9.9937E-05 0.984739 0.0145616 9.9937E-05 9.9937E-05 9.9937E-05 9.9937E-05 9.9937E-05
9.9946E-05 9.9946E-05 0.983152 9.9946E-05 9.9946E-05 0.00906512 9.9946E-05 0.0071834 9.9946E-05
9.9937E-05 0.0126566 0.986644 9.9937E-05 9.9937E-05 9.9937E-05 9.9937E-05 9.9937E-05 9.9937E-05
9.99371E-05 9.99371E-05 0.99496 9.99371E-05 0.00434083 9.99371E-05 9.99371E-05 9.99371E-05 9.99371E-05
0.0616398 0.120391 0.555893 9.9991E-05 0.00477495 0.000307416 0.0684056 0.0403762 0.148111
9.9982E-05 0.150204 0.602259 9.9982E-05 0.0375677 0.0329505 0.136316 0.0141243 0.0263784
0.00758162 0.139907 0.637322 9.9973E-05 0.0972212 9.9973E-05 0.0957773 9.9973E-05 0.0218915
0.0670019 0.142349 0.508939 9.9991E-05 0.056858 0.0473933 0.0187081 0.0279566 0.130694
0.0655772 0.142485 0.586747 9.9982E-05 9.9982E-05 0.008157 0.0380573 0.0632092 0.0955673
0.0241905 0.0998781 0.69271 0.0567962 0.0400031 0.000447218 0.0534063 0.0324683 9.9991E-05
0.112362 0.168304 0.388098 9.9991E-05 0.0845965 0.0149371 0.066384 0.131004 0.0342139
0.0394244 0.268022 0.26393 0.179395 0.0612311 0.0507732 0.0737124 9.9991E-05 0.0634129
0.086058 0.212493 0.337483 0.170838 0.0546661 0.0270166 0.0411563 9.9991E-05 0.070189
0.037438 0.117181 0.36807 9.9991E-05 0.0818478 0.0312339 0.169131 0.168649 0.026349
0.0225271 9.9955E-05 0.00416265 9.9955E-05 9.9955E-05 0.000616564 0.972194 9.9955E-05 9.9955E-05
9.99537E-05 9.99537E-05 0.0469487 9.99537E-05 9.99537E-05 0.00256215 0.949889 9.99537E-05 9.99537E-05
9.9964E-05 0.0763683 0.0485902 0.0600926 9.9964E-05 0.00365024 0.810899 9.9964E-05 9.9964E-05
9.99461E-05 9.99461E-05 0.00182454 9.99461E-05 0.0139994 9.99461E-05 0.983576 9.99461E-05 9.99461E-05
9.993E-05 9.993E-05 9.993E-05 9.993E-05 9.993E-05 9.993E-05 0.999201 9.993E-05 9.993E-05
9.993E-05 9.993E-05 9.993E-05 9.993E-05 9.993E-05 9.993E-05 0.999201 9.993E-05 9.993E-05
9.99371E-05 9.99371E-05 9.99371E-05 9.99371E-05 9.99371E-05 9.99371E-05 0.990003 9.99371E-05 0.00929756
9.99461E-05 9.99461E-05 9.99461E-05 9.99461E-05 0.0344604 9.99461E-05 0.925009 9.99461E-05 0.0399305
9.99371E-05 9.99371E-05 9.99371E-05 9.99371E-05 9.99371E-05 9.99371E-05 0.988794 0.0105065 9.99371E-05
9.993E-05 9.993E-05 9.993E-05 9.993E-05 9.993E-05 9.993E-05 0.999201 9.993E-05 9.993E-05
0.211321 9.9991E-05 0.482504 0.0511386 0.0829266 0.00306028 0.0206467 0.0818562 0.0664468
9.9964E-05 0.0616888 9.9964E-05 0.0517905 0.0037388 9.9964E-05 0.865736 0.0166459 9.9964E-05
9.993E-05 9.993E-05 9.993E-05 9.993E-05 9.993E-05 9.993E-05 0.999201 9.993E-05 9.993E-05
9.9937E-05 9.9937E-05 0.087312 9.9937E-05 9.9937E-05 9.9937E-05 0.911988 9.9937E-05 9.9937E-05
9.993E-05 9.993E-05 0.999201 9.993E-05 9.993E-05 9.993E-05 9.993E-05 9.993E-05 9.993E-05
0.0201935 9.9946E-05 0.976487 9.9946E-05 0.00272013 9.9946E-05 9.9946E-05 9.9946E-05 9.9946E-05
9.9955E-05 9.9955E-05 0.977974 0.00175809 9.9955E-05 0.00261471 9.9955E-05 0.0171532 9.9955E-05
0.00263898 9.9946E-05 0.994819 9.9946E-05 9.9946E-05 9.9946E-05 0.00194202 9.9946E-05 9.9946E-05
0.108076 9.9964E-05 0.836828 9.9964E-05 0.00232188 9.9964E-05 0.0354142 9.9964E-05 0.0169602
0.0538168 9.9955E-05 0.774619 0.0839363 9.9955E-05 9.9955E-05 9.9955E-05 9.9955E-05 0.0871281
0.0408757 0.0268188 0.834917 0.0252071 9.9982E-05 0.00568382 0.0511445 9.9982E-05 0.0151528
0.0823812 9.9964E-05 0.846097 0.0196463 9.9964E-05 9.9964E-05 0.0378888 0.0135874 9.9964E-05
9.9955E-05 9.9955E-05 0.860555 0.0433824 0.0229759 9.9955E-05 0.0725873 9.9955E-05 9.9955E-05
9.9955E-05 9.9955E-05 0.953825 0.00655026 0.00246005 9.9955E-05 0.0366651 9.9955E-05 9.9955E-05
0.00773785 9.9982E-05 0.830582 0.039912 0.0232663 9.9982E-05 0.0144929 0.037132 0.0466769
9.9955E-05 9.9955E-05 0.874166 0.0571501 9.9955E-05 0.00542797 0.0627563 9.9955E-05 9.9955E-05
0.0515939 0.0524739 0.744031 0.0443023 0.0370159 0.0187983 9.9982E-05 0.0515851 9.9982E-05
0.0933592 0.00231834 0.812482 0.00825858 0.0207554 0.00893251 0.027657 0.0117902 0.0144473
0.914666 0.0264773 0.00594123 0.0227119 9.9964E-05 9.9964E-05 9.9964E-05 0.029804 9.9964E-05
0.873023 9.9973E-05 9.9973E-05 0.0175762 9.9973E-05 0.00223306 0.026395 0.065462 0.0150112
0.999201 9.993E-05 9.993E-05 9.993E-05 9.993E-05 9.993E-05 9.993E-05 9.993E-05 9.993E-05
0.999201 9.993E-05 9.993E-05 9.993E-05 9.993E-05 9.993E-05 9.993E-05 9.993E-05 9.993E-05
0.999201 9.993E-05 9.993E-05 9.993E-05 9.993E-05 9.993E-05 9.993E-05 9.993E-05 9.993E-05
0.999201 9.993E-05 9.993E-05 9.993E-05 9.993E-05 9.993E-05 9.993E-05 9.993E-05 9.993E-05
0.979174 9.9946E-05 0.0168059 9.9946E-05 9.9946E-05 9.9946E-05 0.00342035 9.9946E-05 9.9946E-05
0.774933 0.0331241 9.9955E-05 0.14387 9.9955E-05 0.0475735 9.9955E-05 9.9955E-05 9.9955E-05
0.993615 9.9937E-05 9.9937E-05 9.9937E-05 0.00568509 9.9937E-05 9.9937E-05 9.9937E-05 9.9937E-05
0.999201 9.993E-05 9.993E-05 9.993E-05 9.993E-05 9.993E-05 9.993E-05 9.993E-05 9.993E-05
0.901734 9.99551E-05 9.99551E-05 0.0478736 9.99551E-05 0.0215217 0.0283706 9.99551E-05 9.99551E-05
0.960179 9.9955E-05 0.0177208 9.9955E-05 9.9955E-05 9.9955E-05 0.00201776 0.0195824 9.9955E-05
0.71496 0.0517541 0.0138851 0.0652597 0.115391 9.9982E-05 0.0343756 0.0041748 9.9982E-05
9.993E-05 9.993E-05 9.993E-05 9.993E-05 0.999201 9.993E-05 9.993E-05 9.993E-05 9.993E-05
0.0930564 0.0834466 0.616614 0.0159213 0.0786789 9.9982E-05 0.0959061 0.0161771 9.9982E-05
9.993E-05 9.993E-05 9.993E-05 9.993E-05 0.999201 9.993E-05 9.993E-05 9.993E-05 9.993E-05
9.993E-05 9.993E-05 9.993E-05 9.993E-05 0.999201 9.993E-05 9.993E-05 9.993E-05 9.993E-05
0.00139549 9.99551E-05 9.99551E-05 0.0420682 0.917769 9.99551E-05 0.0382673 9.99551E-05 9.99551E-05
9.9955E-05 9.9955E-05 0.0554436 9.9955E-05 0.794164 0.0492315 9.9955E-05 9.9955E-05 0.100661
9.9937E-05 9.9937E-05 9.9937E-05 9.9937E-05 0.992971 0.00632931 9.9937E-05 9.9937E-05 9.9937E-05
0.00590676 0.0347572 0.0575284 0.0506848 0.817742 9.9982E-05 9.9982E-05 0.0056334 0.0275473
9.99371E-05 9.99371E-05 9.99371E-05 0.00254005 0.99676 9.99371E-05 9.99371E-05 9.99371E-05 9.99371E-05
0.0120659 0.00942619 9.9946E-05 9.9946E-05 0.977908 9.9946E-05 9.9946E-05 9.9946E-05 9.9946E-05
9.9937E-05 9.9937E-05 9.9937E-05 9.9937E-05 0.99835 0.000950781 9.9937E-05 9.9937E-05 9.9937E-05
9.9946E-05 9.9946E-05 0.0208561 9.9946E-05 0.961764 9.9946E-05 9.9946E-05 0.0167806 9.9946E-05
0.0550953 9.9955E-05 9.9955E-05 0.0321736 0.910228 9.9955E-05 9.9955E-05 0.00200326 9.9955E-05
0.0821423 0.0580571 9.9973E-05 9.9973E-05 0.775767 9.9973E-05 0.0398608 0.0203544 0.0235188
9.9946E-05 9.9946E-05 0.0195787 0.00726262 0.972559 9.9946E-05 9.9946E-05 9.9946E-05 9.9946E-05
0.0336628 0.0658836 0.00549627 0.0477244 0.791675 9.9982E-05 0.0366518 0.0187063 9.9982E-05
0.0207026 0.0495082 9.9973E-05 0.0482015 0.838158 9.9973E-05 0.00281867 0.0403115 9.9973E-05
9.9973E-05 0.0233009 0.0465113 9.9973E-05 0.842511 0.00817223 0.0184425 0.0607624 9.9973E-05
0.000227399 9.9946E-05 0.0344733 9.9946E-05 0.9647 9.9946E-05 9.9946E-05 9.9946E-05 9.9946E-05
0.0562994 0.12895 0.267802 0.110356 0.0692519 0.0421073 0.0679122 0.257221 9.9991E-05
0.0441871 0.156808 0.298164 0.0971531 0.0451559 0.00113064 0.0494366 0.243879 0.0640863
0.0247478 0.107294 0.396108 0.0846523 0.0683349 0.0457981 0.0651164 0.207849 9.9991E-05
0.0249867 0.142319 0.32299 0.149954 0.0525965 0.049959 0.048393 0.208702 9.9991E-05
0.033741 9.9946E-05 9.9946E-05 0.938578 9.9946E-05 9.9946E-05 9.9946E-05 9.9946E-05 0.0270817
9.993E-05 9.993E-05 9.993E-05 0.999201 9.993E-05 9.993E-05 9.993E-05 9.993E-05 9.993E-05
9.9937E-05 9.9937E-05 9.9937E-05 0.98486 0.0144405 9.9937E-05 9.9937E-05 9.9937E-05 9.9937E-05
9.993E-05 9.993E-05 9.993E-05 0.999201 9.993E-05 9.993E-05 9.993E-05 9.993E-05 9.993E-05
9.9937E-05 9.9937E-05 9.9937E-05 0.966945 9.9937E-05 9.9937E-05 9.9937E-05 0.0323556 9.9937E-05
9.9955E-05 9.9955E-05 0.0179312 0.953289 9.9955E-05 9.9955E-05 0.0259783 0.00230207 9.9955E-05
0.0107393 9.9964E-05 9.9964E-05 0.959563 0.00580611 9.9964E-05 0.00883872 0.0146534 9.9964E-05
9.9982E-05 0.0388141 0.104625 0.674789 0.0316 0.0146453 9.9982E-05 0.0248493 0.110477
0.00477242 0.0494134 0.0214992 0.825332 0.00839428 0.0174732 9.9991E-05 0.0199334 0.0530821
9.9946E-05 9.9946E-05 0.0157782 9.9946E-05 9.9946E-05 0.00243571 9.9946E-05 0.981186 9.9946E-05
9.993E-05 9.993E-05 9.993E-05 9.993E-05 9.993E-05 9.993E-05 9.993E-05 0.999201 9.993E-05
9.993E-05 9.993E-05 9.993E-05 9.993E-05 9.993E-05 9.993E-05 9.993E-05 0.999201 9.993E-05
9.993E-05 9.993E-05 9.993E-05 9.993E-05 9.993E-05 9.993E-05 9.993E-05 0.999201 9.993E-05
9.993E-05 9.993E-05 9.993E-05 9.993E-05 9.993E-05 9.993E-05 9.993E-05 0.999201 9.993E-05
9.9964E-05 0.0377752 0.0467757 0.0227794 0.0394632 9.9964E-05 9.9964E-05 0.852807 9.9964E-05
9.99371E-05 9.99371E-05 9.99371E-05 9.99371E-05 9.99371E-05 9.99371E-05 9.99371E-05 0.988774 0.0105267
9.993E-05 9.993E-05 9.993E-05 9.993E-05 9.993E-05 9.993E-05 9.993E-05 0.999201 9.993E-05
9.9964E-05 9.9964E-05 9.9964E-05 0.00669657 0.00480936 0.00443541 0.00523398 0.978425 9.9964E-05
0.0241781 0.00716156 9.9955E-05 9.9955E-05 0.0092845 9.9955E-05 9.9955E-05 0.958876 9.9955E-05
9.993E-05 9.993E-05 9.993E-05 9.993E-05 9.993E-05 9.993E-05 9.993E-05 0.999201 9.993E-05
9.9946E-05 9.9946E-05 9.9946E-05 0.0149031 0.00678239 9.9946E-05 9.9946E-05 0.977715 9.9946E-05
