9.993E-05 9.993E-05 9.993E-05 9.993E-05 9.993E-05 9.993E-05 0.999201 9.993E-05 9.993E-05
0.0189726 0.88122 9.9964E-05 0.00710651 9.9964E-05 9.9964E-05 0.0622532 9.9964E-05 0.0300478
0.999201 9.993E-05 9.993E-05 9.993E-05 9.993E-05 9.993E-05 9.993E-05 9.993E-05 9.993E-05
0.83854 9.9955E-05 9.9955E-05 9.9955E-05 0.0277886 0.122621 9.9955E-05 9.9955E-05 0.0105502
0.0897889 0.876208 9.9946E-05 9.9946E-05 0.0334034 9.9946E-05 9.9946E-05 9.9946E-05 9.9946E-05
0.0192916 0.0382731 0.133401 9.9964E-05 9.9964E-05 0.00351354 0.805121 9.9964E-05 9.9964E-05
9.9964E-05 0.351863 0.0243531 9.9964E-05 0.0896906 9.9964E-05 0.502102 9.9964E-05 0.0315917
9.993E-05 0.999201 9.993E-05 9.993E-05 9.993E-05 9.993E-05 9.993E-05 9.993E-05 9.993E-05
0.0979861 0.237927 0.0114393 0.34921 9.9973E-05 9.9973E-05 0.281689 0.0214482 9.9973E-05
0.208372 0.460557 0.0272699 0.0902441 0.115597 9.9991E-05 0.00297589 0.0255922 0.0692923
9.9946E-05 9.9946E-05 0.514312 9.9946E-05 9.9946E-05 0.454774 9.9946E-05 9.9946E-05 0.0303148
9.9937E-05 0.05727 0.94203 9.9937E-05 9.9937E-05 9.9937E-05 9.9937E-05 9.9937E-05 9.9937E-05
0.0275726 9.9955E-05 0.765396 9.9955E-05 9.9955E-05 0.0609288 0.145602 9.9955E-05 9.9955E-05
0.0110203 0.0455454 0.701119 9.9973E-05 0.0544859 0.147065 9.9973E-05 9.9973E-05 0.040464
0.0379981 9.9955E-05 0.898598 9.9955E-05 9.9955E-05 9.9955E-05 0.0181121 9.9955E-05 0.044792
0.0161721 9.9964E-05 0.281204 9.9964E-05 9.9964E-05 0.648316 0.0435935 9.9964E-05 0.0103146
9.993E-05 9.993E-05 9.993E-05 9.993E-05 9.993E-05 0.999201 9.993E-05 9.993E-05 9.993E-05
0.0427309 9.9955E-05 9.9955E-05 0.206993 9.9955E-05 0.604537 9.9955E-05 0.145239 9.9955E-05
9.9937E-05 9.9937E-05 0.930562 9.9937E-05 0.0687381 9.9937E-05 9.9937E-05 9.9937E-05 9.9937E-05
0.14827 9.9964E-05 0.100389 0.0228256 0.00779819 0.720317 9.9964E-05 9.9964E-05 9.9964E-05
9.9955E-05 9.9955E-05 0.184655 9.9955E-05 9.9955E-05 0.550247 0.102295 0.162304 9.9955E-05
9.9946E-05 0.393665 9.9946E-05 9.9946E-05 9.9946E-05 0.531495 9.9946E-05 0.0742402 9.9946E-05
9.9955E-05 9.9955E-05 0.106879 9.9955E-05 9.9955E-05 0.774925 0.108223 9.9955E-05 0.00947374
9.9937E-05 9.9937E-05 9.9937E-05 9.9937E-05 9.9937E-05 0.982601 9.9937E-05 0.016699 9.9937E-05
9.9946E-05 9.9946E-05 0.849504 9.9946E-05 9.9946E-05 9.9946E-05 0.00946595 0.14043 9.9946E-05
9.9955E-05 0.071026 0.744639 9.9955E-05 9.9955E-05 9.9955E-05 0.0469453 0.13689 9.9955E-05
9.9964E-05 9.9964E-05 0.46725 0.34725 0.0994248 0.0725658 9.9964E-05 0.01311 9.9964E-05
0.0129299 0.0739419 0.547934 9.9973E-05 0.0240797 9.9973E-05 9.9973E-05 0.311905 0.0289098
9.9955E-05 0.0582853 0.62854 0.105851 9.9955E-05 9.9955E-05 9.9955E-05 0.206824 9.9955E-05
9.9937E-05 9.9937E-05 0.781084 9.9937E-05 9.9937E-05 9.9937E-05 9.9937E-05 0.218216 9.9937E-05
0.0234553 9.9946E-05 9.9946E-05 0.905777 9.9946E-05 9.9946E-05 9.9946E-05 0.0701679 9.9946E-05
0.0337095 0.00551222 9.9964E-05 0.896501 9.9964E-05 9.9964E-05 0.0467545 0.0171233 9.9964E-05
0.0910547 9.9964E-05 0.104712 0.23631 0.403344 9.9964E-05 9.9964E-05 0.16418 9.9964E-05
9.9955E-05 9.9955E-05 0.0679846 0.193611 0.670582 0.0673229 9.9955E-05 9.9955E-05 9.9955E-05
9.9964E-05 9.9964E-05 0.201357 0.677188 9.9964E-05 0.0923488 9.9964E-05 0.0217428 0.0069629
9.9946E-05 9.9946E-05 9.9946E-05 0.964181 9.9946E-05 0.0016971 0.0335225 9.9946E-05 9.9946E-05
0.0957021 0.293577 9.9964E-05 0.206543 0.295222 0.108556 9.9964E-05 9.9964E-05 9.9964E-05
9.9955E-05 9.9955E-05 0.0330246 0.937574 9.9955E-05 0.0226305 9.9955E-05 0.0062715 9.9955E-05
0.0265362 9.9964E-05 9.9964E-05 0.554819 0.313848 0.0650055 9.9964E-05 9.9964E-05 0.0393918
9.9982E-05 9.9982E-05 0.168963 0.284807 0.210706 0.0167417 0.0210545 0.280494 0.0170342
9.9937E-05 0.0692895 9.9937E-05 0.930011 9.9937E-05 9.9937E-05 9.9937E-05 9.9937E-05 9.9937E-05
0.120445 0.0193031 0.163247 0.141728 0.263865 9.9973E-05 9.9973E-05 0.291111 9.9973E-05
0.074549 9.9964E-05 0.180065 0.577013 0.0491744 9.9964E-05 9.9964E-05 0.118799 9.9964E-05
9.9964E-05 9.9964E-05 0.179385 0.169157 0.579748 0.0592229 9.9964E-05 9.9964E-05 0.0120869
9.9973E-05 9.9973E-05 0.042227 0.356498 0.279168 0.0459998 0.0273659 0.248441 9.9973E-05
9.9973E-05 0.0043641 0.0856938 0.0209909 0.831154 9.9973E-05 9.9973E-05 0.0512879 0.00620943
9.9964E-05 9.9964E-05 9.9964E-05 0.00366202 0.842515 0.0427468 9.9964E-05 0.0728593 0.0378173
9.9946E-05 9.9946E-05 9.9946E-05 0.0250292 0.770851 9.9946E-05 9.9946E-05 0.20352 9.9946E-05
0.0870865 0.040502 0.206785 9.9955E-05 0.665127 9.9955E-05 9.9955E-05 9.9955E-05 9.9955E-05
0.0343241 0.0530772 0.0473849 0.234535 0.458811 9.9973E-05 9.9973E-05 0.171568 9.9973E-05
0.0015531 9.9955E-05 9.9955E-05 9.9955E-05 0.920131 0.00957836 9.9955E-05 0.0682375 9.9955E-05
9.9937E-05 9.9937E-05 9.9937E-05 9.9937E-05 0.967256 9.9937E-05 0.0320444 9.9937E-05 9.9937E-05
9.9964E-05 9.9964E-05 9.9964E-05 9.9964E-05 0.738153 0.0175932 0.029298 0.211992 0.00256388
9.9955E-05 9.9955E-05 9.9955E-05 0.061263 0.810845 0.0251831 9.9955E-05 0.102209 9.9955E-05
9.993E-05 9.993E-05 9.993E-05 9.993E-05 0.999201 9.993E-05 9.993E-05 9.993E-05 9.993E-05
0.00478076 0.00931319 9.9973E-05 9.9973E-05 0.856937 9.9973E-05 0.0179605 0.0346895 0.0760195
0.0107536 0.0625461 9.9982E-05 0.0980319 0.0443821 0.0726041 9.9982E-05 0.689434 0.0220481
0.0141407 0.0383711 0.0243246 0.0839353 0.129779 0.0536331 9.9982E-05 0.655616 9.9982E-05
0.0334128 0.0118016 9.9991E-05 0.0187105 0.144535 0.00569545 0.0243809 0.74014 0.021223
9.9964E-05 0.205563 0.0598733 0.0200395 0.113921 9.9964E-05 9.9964E-05 0.600203 9.9964E-05
9.9964E-05 9.9964E-05 9.9964E-05 0.0904837 0.0705878 0.0293556 0.0089425 0.80023 9.9964E-05
0.00122346 0.00378685 9.9964E-05 0.457643 9.9964E-05 9.9964E-05 9.9964E-05 0.433735 0.103212
0.00601496 0.00752118 9.9973E-05 0.0888393 0.00934031 9.9973E-05 0.0447444 0.84324 9.9973E-05
9.994E-05 0.0414014 9.994E-05 9.994E-05 9.994E-05 9.994E-05 9.994E-05 0.929855 0.0281439
9.9964E-05 9.9964E-05 0.0859544 0.0457619 0.0134461 9.9964E-05 9.9964E-05 0.826219 0.0282182
9.99371E-05 9.99371E-05 0.0655142 9.99371E-05 9.99371E-05 9.99371E-05 9.99371E-05 0.933786 9.99371E-05
9.993E-05 9.993E-05 9.993E-05 9.993E-05 9.993E-05 9.993E-05 9.993E-05 0.999201 9.993E-05
9.993E-05 9.993E-05 9.993E-05 9.993E-05 9.993E-05 9.993E-05 9.993E-05 0.999201 9.993E-05
0.0246949 9.9937E-05 9.9937E-05 9.9937E-05 9.9937E-05 9.9937E-05 9.9937E-05 0.974606 9.9937E-05
0.0129699 9.9937E-05 9.9937E-05 9.9937E-05 9.9937E-05 9.9937E-05 9.9937E-05 0.986331 9.9937E-05
9.9955E-05 9.9955E-05 9.9955E-05 9.9955E-05 0.0665482 0.000155185 9.9955E-05 0.929364 0.00343253
9.9955E-05 0.148697 9.9955E-05 0.327399 9.9955E-05 9.9955E-05 9.9955E-05 0.519794 0.00360934
0.020187 0.0178597 9.9946E-05 9.9946E-05 9.9946E-05 9.9946E-05 9.9946E-05 0.961354 9.9946E-05
9.997E-05 9.997E-05 0.0166745 0.102887 0.141561 9.997E-05 0.0703283 0.581268 0.086982
0.00401579 9.9982E-05 0.0330867 9.9982E-05 0.0700127 0.0645217 0.0167811 0.220455 0.590927
9.993E-05 9.993E-05 9.993E-05 9.993E-05 9.993E-05 9.993E-05 9.993E-05 9.993E-05 0.999201
0.00284696 9.9982E-05 0.049045 0.0193045 0.142051 9.9982E-05 0.116619 0.594679 0.0752544
