9.993E-05 9.993E-05 9.993E-05 9.993E-05 9.993E-05 9.993E-05 9.993E-05 0.999201 9.993E-05
0.0457713 0.0319074 9.9982E-05 0.062939 0.711699 0.00563264 9.9982E-05 0.0998137 0.0420373
0.00974611 9.9964E-05 9.9964E-05 0.075315 0.734465 9.9964E-05 9.9964E-05 0.0855482 0.0945258
9.993E-05 9.993E-05 9.993E-05 9.993E-05 0.999201 9.993E-05 9.993E-05 9.993E-05 9.993E-05
9.9964E-05 0.101371 9.9964E-05 0.143351 0.663137 0.0367552 0.0549869 9.9964E-05 9.9964E-05
0.00568811 0.0255098 9.9982E-05 0.181718 0.57967 9.9982E-05 0.108798 0.0569735 0.0414423
9.9946E-05 9.9946E-05 9.9946E-05 0.337132 0.499756 9.9946E-05 9.9946E-05 0.162512 9.9946E-05
0.00675014 9.9982E-05 0.0041048 0.168088 0.490603 9.9982E-05 0.0758031 0.184331 0.0701188
0.00630726 9.9973E-05 9.9973E-05 0.314146 0.475625 0.0665336 9.9973E-05 0.0907194 0.0463686
9.9937E-05 9.9937E-05 0.00539781 9.9937E-05 9.9937E-05 9.9937E-05 9.9937E-05 0.993903 9.9937E-05
9.993E-05 9.993E-05 9.993E-05 9.993E-05 9.993E-05 9.993E-05 9.993E-05 0.999201 9.993E-05
9.993E-05 9.993E-05 9.993E-05 9.993E-05 9.993E-05 9.993E-05 9.993E-05 0.999201 9.993E-05
0.00454038 0.000865483 9.9946E-05 9.9946E-05 9.9946E-05 9.9946E-05 9.9946E-05 0.993994 9.9946E-05
9.9955E-05 0.0185245 9.9955E-05 0.0572094 9.9955E-05 0.0201992 9.9955E-05 0.903567 9.9955E-05
9.9964E-05 0.00811348 0.00780178 9.9964E-05 0.0320027 9.9964E-05 9.9964E-05 0.946345 0.00533746
9.9973E-05 9.9973E-05 0.0333791 0.035136 0.5188 0.0146431 0.305838 0.0919046 9.9973E-05
9.999E-05 0.06867 0.0272031 0.120031 0.292981 0.0289829 0.254409 0.155469 0.0521542
9.993E-05 9.993E-05 9.993E-05 9.993E-05 0.999201 9.993E-05 9.993E-05 9.993E-05 9.993E-05
9.9955E-05 0.0516088 9.9955E-05 0.843994 0.0644001 0.0394975 9.9955E-05 9.9955E-05 9.9955E-05
9.9946E-05 0.0330663 0.0239447 0.942389 9.9946E-05 9.9946E-05 9.9946E-05 9.9946E-05 9.9946E-05
0.0244549 9.9964E-05 9.9964E-05 0.812296 0.122821 0.0349827 9.9964E-05 0.00504546 9.9964E-05
9.9973E-05 0.072972 0.0328358 0.706738 0.104015 9.9973E-05 0.0347328 9.9973E-05 0.0484067
9.9973E-05 0.0895583 9.9973E-05 0.83842 0.0108791 0.0394622 9.9973E-05 0.00129759 0.0200833
9.9946E-05 0.00117017 9.9946E-05 0.972291 9.9946E-05 9.9946E-05 9.9946E-05 0.0259392 9.9946E-05
9.99371E-05 9.99371E-05 0.00913009 0.99017 9.99371E-05 9.99371E-05 9.99371E-05 9.99371E-05 9.99371E-05
9.9955E-05 9.9955E-05 0.0394455 0.604986 9.9955E-05 0.0729 0.282169 9.9955E-05 9.9955E-05
9.9973E-05 0.0300294 9.9973E-05 0.689892 9.9973E-05 0.126184 0.0817255 0.007985 0.0638843
9.9964E-05 9.9964E-05 0.00446005 0.859478 0.0376925 9.9964E-05 0.0705494 9.9964E-05 0.0274203
9.999E-05 0.0143086 0.0286497 0.785132 0.00874245 0.0369547 0.0700399 0.0335613 0.0225119
9.9964E-05 9.9964E-05 9.9964E-05 0.874296 0.0557734 0.00147795 0.0131636 0.0548887 9.9964E-05
9.9955E-05 0.0116091 9.9955E-05 0.926903 9.9955E-05 0.0108326 9.9955E-05 0.0501554 9.9955E-05
0.00173636 9.9973E-05 0.0831742 0.83678 9.9973E-05 0.0552059 0.0214797 9.9973E-05 0.00132411
0.0107962 9.9991E-05 0.0127641 0.76102 0.0224599 0.0248894 0.0839807 0.0116353 0.0723541
0.00339975 9.99812E-05 0.126572 0.601813 9.99812E-05 9.99812E-05 0.135734 0.0696045 0.0625775
9.9964E-05 0.163301 0.0363782 0.710968 0.0680072 9.9964E-05 9.9964E-05 9.9964E-05 0.0209455
9.9946E-05 9.9946E-05 9.9946E-05 0.875756 0.0717422 9.9946E-05 9.9946E-05 0.0519017 9.9946E-05
9.9946E-05 0.0473313 9.9946E-05 0.554441 9.9946E-05 9.9946E-05 0.397628 9.9946E-05 9.9946E-05
0.00426123 0.047709 9.9982E-05 0.446601 0.0864453 0.0101637 0.354197 9.9982E-05 0.0504226
0.0160851 9.9982E-05 0.0175086 0.526079 0.0156591 0.068591 0.309275 9.9982E-05 0.0466022
0.00598813 0.00870449 0.0166469 0.566525 9.9973E-05 0.0567711 0.345064 9.9973E-05 9.9973E-05
0.0398446 9.9955E-05 9.9955E-05 9.9955E-05 0.129977 0.00626198 0.823417 9.9955E-05 9.9955E-05
9.9964E-05 9.9964E-05 0.0798794 9.9964E-05 0.109241 0.0304789 0.777554 9.9964E-05 0.00244732
0.0130001 9.9982E-05 0.0526752 0.0421637 0.174428 9.9982E-05 0.621568 0.0422509 0.0537134
9.9946E-05 9.9946E-05 0.000917958 9.9946E-05 0.169623 9.9946E-05 0.828859 9.9946E-05 9.9946E-05
9.9964E-05 9.9964E-05 9.9964E-05 0.161799 0.0421521 0.0415699 0.711166 9.9964E-05 0.0429135
9.9973E-05 9.9973E-05 9.9973E-05 0.00977485 0.00638643 0.00176924 0.959204 0.0183735 0.00419239
9.9937E-05 9.9937E-05 9.9937E-05 9.9937E-05 0.0150252 9.9937E-05 0.984275 9.9937E-05 9.9937E-05
9.9982E-05 0.0256711 0.0227628 0.365079 0.0343928 0.0361047 0.509471 9.9982E-05 0.00631844
9.999E-05 0.0100599 0.0511756 0.0807713 0.0763854 0.0433323 0.628248 0.0792625 0.0306651
9.9982E-05 0.00297369 0.0465063 0.259875 0.14551 9.9982E-05 0.447764 0.0793651 0.0178052
9.9973E-05 9.9973E-05 9.9973E-05 0.25376 0.0196927 0.0336014 0.6089 0.0300602 0.0536856
9.9964E-05 9.9964E-05 9.9964E-05 0.175393 0.0506841 9.9964E-05 0.737396 0.0074787 0.0286491
9.9955E-05 9.9955E-05 9.9955E-05 9.9955E-05 0.0519792 0.00526557 0.93505 0.00720499 9.9955E-05
0.0075321 0.0664518 0.0605968 0.211193 9.9982E-05 0.0494686 0.552014 0.0525436 9.9982E-05
0.0303495 0.0330586 0.041906 0.224548 9.9982E-05 0.0322179 0.574121 0.0635988 9.9982E-05
9.9964E-05 9.9964E-05 0.052488 0.0334175 0.177687 9.9964E-05 0.660654 9.9964E-05 0.0753528
9.999E-05 0.0149556 0.0487184 0.146953 0.0451758 0.0604425 0.54921 0.0678573 0.0665875
0.0375692 0.053309 0.0146516 0.135129 0.0750352 0.0650552 0.619051 9.9982E-05 9.9982E-05
9.9955E-05 9.9955E-05 9.9955E-05 0.0113658 0.00076319 9.9955E-05 0.979517 0.00785468 9.9955E-05
9.9964E-05 9.9964E-05 9.9964E-05 0.304785 9.9964E-05 0.0873922 0.518958 0.0520306 0.0364353
9.9982E-05 9.9982E-05 0.0340447 0.221316 0.0167371 0.070974 0.638771 0.00678614 0.0111706
0.0371162 9.9973E-05 0.0158959 0.0692419 0.0251946 9.9973E-05 0.833388 0.0188639 9.9973E-05
9.9982E-05 9.9982E-05 0.0275964 0.0543792 0.00507835 0.0254317 0.845581 0.00985062 0.0318832
9.99461E-05 0.106784 9.99461E-05 9.99461E-05 9.99461E-05 0.0112941 0.881322 9.99461E-05 9.99461E-05
9.9973E-05 9.9973E-05 0.0192404 0.0444499 0.0622964 0.00417511 0.840297 0.0292416 9.9973E-05
9.9955E-05 0.0760861 9.9955E-05 9.9955E-05 9.9955E-05 9.9955E-05 0.867064 0.0105018 0.0458484
0.0226051 9.9937E-05 9.9937E-05 9.9937E-05 9.9937E-05 9.9937E-05 0.976695 9.9937E-05 9.9937E-05
9.99461E-05 0.141862 9.99461E-05 9.99461E-05 9.99461E-05 9.99461E-05 0.821466 0.0360723 9.99461E-05
9.9973E-05 9.9973E-05 0.0259073 0.155407 0.121985 0.0164911 0.677723 9.9973E-05 0.00218707
9.99371E-05 0.0183371 9.99371E-05 9.99371E-05 9.99371E-05 9.99371E-05 0.980963 9.99371E-05 9.99371E-05
0.0390274 9.9964E-05 9.9964E-05 9.9964E-05 0.139209 9.9964E-05 0.782976 0.0156112 0.0227765
0.00628248 0.017476 0.014665 0.0618797 9.9973E-05 0.00833963 0.891057 9.9973E-05 9.9973E-05
9.99461E-05 0.00798531 9.99461E-05 9.99461E-05 9.99461E-05 9.99461E-05 0.894791 0.0966236 9.99461E-05
9.9946E-05 9.9946E-05 9.9946E-05 9.9946E-05 9.9946E-05 0.0311626 0.902068 0.0661698 9.9946E-05
9.9973E-05 0.0335202 0.0912172 9.9973E-05 9.9973E-05 0.0115703 0.764332 0.0671792 0.0318813
9.9946E-05 9.9946E-05 9.9946E-05 9.9946E-05 9.9946E-05 0.0636815 0.932165 0.00355407 9.9946E-05
9.9937E-05 0.000651561 9.9937E-05 9.9937E-05 9.9937E-05 9.9937E-05 0.998649 9.9937E-05 9.9937E-05
0.110158 0.0723878 0.00330218 9.9973E-05 0.0347747 9.9973E-05 0.773634 0.00544351 9.9973E-05
0.0544647 0.0365377 0.0566835 0.060048 0.0274878 0.0542091 0.682007 9.9991E-05 0.0284624
0.115077 0.0656092 0.0522184 9.9964E-05 9.9964E-05 0.0105368 0.756158 9.9964E-05 9.9964E-05
0.0842886 0.0361969 0.0581607 9.9982E-05 9.9982E-05 0.0233833 0.767413 0.0150955 0.015262
0.124686 0.0618618 0.0340172 9.9955E-05 9.9955E-05 9.9955E-05 0.778935 9.9955E-05 9.9955E-05
0.0952839 0.0467466 0.0531038 9.9973E-05 9.9973E-05 0.0320141 0.753009 9.9973E-05 0.0195431
0.127297 0.000237832 0.115603 0.0854888 0.011262 0.0367889 0.623122 9.9982E-05 9.9982E-05
0.18933 0.0353117 0.00575183 0.0181249 0.120542 0.0419865 0.57068 9.9991E-05 0.0181733
0.148415 9.9973E-05 0.0559096 9.9973E-05 0.0482338 0.0130242 0.650804 9.9973E-05 0.0833139
0.0835033 0.000635884 0.0885674 0.0858702 0.0924134 0.0442291 0.482696 0.0662208 0.0558641
0.129519 9.9975E-05 0.102744 0.0875921 9.9975E-05 0.0461027 0.627629 0.00611272 9.9975E-05
0.132669 0.0537327 0.0163493 9.9982E-05 0.037424 0.00307596 0.723647 9.9982E-05 0.0329019
0.103206 0.0444136 0.112939 0.0242326 9.9991E-05 0.108186 0.513716 0.00995088 0.0832559
0.0838144 0.209913 0.0357486 9.9982E-05 0.155776 9.9982E-05 0.438121 0.0102822 0.066145
0.047967 0.158533 0.0757729 9.9973E-05 0.151401 9.9973E-05 0.490269 9.9973E-05 0.0757572
0.183395 9.9991E-05 0.0704178 0.0227207 0.0232957 0.189671 0.417024 0.0274197 0.0659558
0.999201 9.993E-05 9.993E-05 9.993E-05 9.993E-05 9.993E-05 9.993E-05 9.993E-05 9.993E-05
0.912801 0.0127028 9.9964E-05 9.9964E-05 0.0348254 9.9964E-05 9.9964E-05 0.0225233 0.0167475
0.803638 0.0307865 9.9964E-05 9.9964E-05 9.9964E-05 0.0216257 0.134947 0.00860272 9.9964E-05
0.990685 9.99371E-05 9.99371E-05 9.99371E-05 9.99371E-05 9.99371E-05 9.99371E-05 9.99371E-05 0.00861525
0.999201 9.993E-05 9.993E-05 9.993E-05 9.993E-05 9.993E-05 9.993E-05 9.993E-05 9.993E-05
0.999201 9.993E-05 9.993E-05 9.993E-05 9.993E-05 9.993E-05 9.993E-05 9.993E-05 9.993E-05
0.999201 9.993E-05 9.993E-05 9.993E-05 9.993E-05 9.993E-05 9.993E-05 9.993E-05 9.993E-05
0.930398 9.9955E-05 9.9955E-05 0.0277935 0.0242337 9.9955E-05 9.9955E-05 0.0170753 9.9955E-05
0.993153 9.9937E-05 9.9937E-05 9.9937E-05 9.9937E-05 0.00614775 9.9937E-05 9.9937E-05 9.9937E-05
0.999201 9.993E-05 9.993E-05 9.993E-05 9.993E-05 9.993E-05 9.993E-05 9.993E-05 9.993E-05
0.123036 0.0631901 0.25259 0.0876148 9.9991E-05 0.110416 0.300342 0.0123846 0.0503262
0.88507 0.0141878 9.9955E-05 9.9955E-05 9.9955E-05 0.021604 0.0786388 9.9955E-05 9.9955E-05
0.999201 9.993E-05 9.993E-05 9.993E-05 9.993E-05 9.993E-05 9.993E-05 9.993E-05 9.993E-05
0.985315 9.9946E-05 9.9946E-05 9.9946E-05 9.9946E-05 0.00833022 9.9946E-05 0.00575537 9.9946E-05
0.101896 0.0928827 0.157723 9.9973E-05 9.9973E-05 0.0935061 0.520427 9.9973E-05 0.0332654
0.0998143 0.0466902 0.149833 0.0134043 9.9982E-05 0.0839032 0.529617 9.9982E-05 0.0765385
0.114353 0.0762179 0.117516 9.9991E-05 0.0328021 0.0478128 0.515789 0.00870644 0.0867033
0.16342 0.0555335 0.148393 9.9973E-05 9.9973E-05 0.0694554 0.493502 9.9973E-05 0.0693955
0.115249 0.142492 0.194027 9.9973E-05 9.9973E-05 0.0431859 0.504384 9.9973E-05 0.000362636
0.0870617 0.124948 0.136747 0.145511 9.9982E-05 0.0423071 0.452275 9.9982E-05 0.0109512
0.132526 0.118457 0.114269 0.0839511 9.9991E-05 0.0662307 0.449021 0.000594515 0.0348505
0.122808 0.125127 0.210568 9.9964E-05 9.9964E-05 0.0282342 0.512863 9.9964E-05 9.9964E-05
0.222017 0.121173 0.0805965 9.9973E-05 9.9973E-05 0.0456431 0.480398 9.9973E-05 0.0498722
0.180445 0.163634 0.095036 0.0184187 9.9973E-05 9.9973E-05 0.48997 9.9973E-05 0.0521959
0.0943575 0.088495 0.102025 0.0755965 9.9982E-05 0.100671 0.498407 9.9982E-05 0.0402485
0.18241 0.143584 0.0978224 0.0115573 0.0108549 0.0614793 0.489639 9.9991E-05 0.00255294
0.0615279 0.0728115 0.148314 9.9982E-05 9.9982E-05 0.0962226 0.542421 0.0306899 0.0478131
0.126352 0.0660573 0.181522 9.9982E-05 0.0251651 0.0591823 0.493284 9.9982E-05 0.0482368
9.9955E-05 0.024436 0.924574 9.9955E-05 9.9955E-05 0.00382216 9.9955E-05 9.9955E-05 0.046668
9.9955E-05 0.0324943 0.866007 9.9955E-05 0.0270588 0.0739403 9.9955E-05 9.9955E-05 9.9955E-05
9.993E-05 9.993E-05 0.999201 9.993E-05 9.993E-05 9.993E-05 9.993E-05 9.993E-05 9.993E-05
9.99554E-05 0.00639203 0.973283 0.00661245 9.99554E-05 9.99554E-05 0.013213 9.99554E-05 9.99554E-05
9.993E-05 9.993E-05 0.999201 9.993E-05 9.993E-05 9.993E-05 9.993E-05 9.993E-05 9.993E-05
9.993E-05 9.993E-05 0.999201 9.993E-05 9.993E-05 9.993E-05 9.993E-05 9.993E-05 9.993E-05
9.99371E-05 9.99371E-05 0.988945 0.0103551 9.99371E-05 9.99371E-05 9.99371E-05 9.99371E-05 9.99371E-05
0.0106601 0.100625 0.79711 0.00234088 9.9973E-05 9.9973E-05 0.0381226 0.0508416 9.9973E-05
9.9946E-05 9.9946E-05 0.974628 9.9946E-05 9.9946E-05 0.000435983 9.9946E-05 9.9946E-05 0.0243359
9.993E-05 9.993E-05 0.999201 9.993E-05 9.993E-05 9.993E-05 9.993E-05 9.993E-05 9.993E-05
0.0220125 0.0656606 0.857477 9.9964E-05 0.0437595 9.9964E-05 9.9964E-05 0.0106905 9.9964E-05
9.993E-05 9.993E-05 0.999201 9.993E-05 9.993E-05 9.993E-05 9.993E-05 9.993E-05 9.993E-05
9.9973E-05 0.0732861 0.749136 9.9973E-05 0.0050847 0.00691544 0.0885695 9.9973E-05 0.0767083
9.9937E-05 9.9937E-05 9.9937E-05 9.9937E-05 0.00498426 9.9937E-05 9.9937E-05 9.9937E-05 0.994316
0.207233 0.0676791 0.126079 9.9982E-05 0.0657172 0.0384556 0.430461 9.9982E-05 0.0641741
9.993E-05 9.993E-05 9.993E-05 9.993E-05 9.993E-05 9.993E-05 9.993E-05 9.993E-05 0.999201
9.993E-05 9.993E-05 9.993E-05 9.993E-05 9.993E-05 9.993E-05 9.993E-05 9.993E-05 0.999201
0.0472369 0.0525126 9.99551E-05 9.99551E-05 9.99551E-05 9.99551E-05 9.99551E-05 0.000427176 0.899324
0.00316549 0.0240103 0.0313331 0.120786 9.9982E-05 0.0125915 0.0264829 9.9982E-05 0.78143
9.993E-05 9.993E-05 9.993E-05 9.993E-05 9.993E-05 9.993E-05 9.993E-05 9.993E-05 0.999201
9.99551E-05 0.0187216 0.0180497 9.99551E-05 9.99551E-05 9.99551E-05 0.0630825 9.99551E-05 0.899646
9.99371E-05 0.00619501 9.99371E-05 9.99371E-05 9.99371E-05 9.99371E-05 9.99371E-05 9.99371E-05 0.993105
9.9955E-05 9.9955E-05 0.00646658 9.9955E-05 9.9955E-05 0.0166376 0.0158013 9.9955E-05 0.960595
9.9946E-05 9.9946E-05 9.9946E-05 9.9946E-05 0.00808573 9.9946E-05 9.9946E-05 0.0115644 0.97975
9.9946E-05 9.9946E-05 9.9946E-05 9.9946E-05 0.0125054 0.0202049 9.9946E-05 9.9946E-05 0.96669
0.00682019 9.9946E-05 0.0345318 9.9946E-05 9.9946E-05 9.9946E-05 9.9946E-05 9.9946E-05 0.958048
0.0173537 0.0247637 0.0557022 9.9973E-05 0.0485539 0.066785 9.9973E-05 9.9973E-05 0.786541
9.9964E-05 0.0202995 9.9964E-05 9.9964E-05 0.00510589 0.00816935 9.9964E-05 0.0184343 0.947591
9.9955E-05 0.0269498 0.0223315 9.9955E-05 9.9955E-05 9.9955E-05 0.0721978 9.9955E-05 0.878021
0.0180354 0.0282428 9.9973E-05 9.9973E-05 0.0191151 0.0310642 0.0445534 9.9973E-05 0.858689
9.9982E-05 0.00315354 0.0468818 0.0109047 9.9982E-05 0.0272776 0.0455625 0.00330401 0.862716
9.9955E-05 9.9955E-05 0.00885639 9.9955E-05 9.9955E-05 9.9955E-05 0.00436958 0.0211333 0.965141
0.0703799 0.131688 0.02405 9.9982E-05 9.9982E-05 0.233254 0.476732 0.0407482 0.0229481
0.0605788 0.170978 0.0441535 0.0263773 9.9991E-05 0.252642 0.392765 0.0274367 0.0249686
0.0843166 0.129932 9.9973E-05 9.9973E-05 9.9973E-05 0.268291 0.432172 0.0427869 0.0422008
0.0534989 0.129343 9.9973E-05 9.9973E-05 9.9973E-05 0.299385 0.402248 0.0495312 0.0656936
9.9982E-05 0.899501 0.033789 0.013824 0.00329056 0.0442007 9.9982E-05 0.00104741 0.00414708
9.993E-05 0.999201 9.993E-05 9.993E-05 9.993E-05 9.993E-05 9.993E-05 9.993E-05 9.993E-05
0.0189894 0.965508 0.00643931 9.9955E-05 9.9955E-05 9.9955E-05 9.9955E-05 9.9955E-05 0.00856325
9.993E-05 0.999201 9.993E-05 9.993E-05 9.993E-05 9.993E-05 9.993E-05 9.993E-05 9.993E-05
0.00264186 0.990361 9.9946E-05 9.9946E-05 9.9946E-05 9.9946E-05 9.9946E-05 9.9946E-05 0.00639717
9.9964E-05 0.942423 9.9964E-05 0.0048835 9.9964E-05 0.0156727 0.0102483 9.9964E-05 0.0263724
0.00809982 0.937077 9.9955E-05 9.9955E-05 9.9955E-05 0.0346452 0.0196785 9.9955E-05 9.9955E-05
0.0195 0.769071 0.0860621 0.0267659 0.00217183 0.0365328 9.9991E-05 0.0178322 0.041964
9.9982E-05 0.828866 0.0080379 0.0797078 9.9982E-05 0.0217212 0.0520402 0.00709705 0.0023298
9.9946E-05 9.9946E-05 0.016871 9.9946E-05 9.9946E-05 0.981 0.00152927 9.9946E-05 9.9946E-05
9.993E-05 9.993E-05 9.993E-05 9.993E-05 9.993E-05 0.999201 9.993E-05 9.993E-05 9.993E-05
9.993E-05 9.993E-05 9.993E-05 9.993E-05 9.993E-05 0.999201 9.993E-05 9.993E-05 9.993E-05
9.993E-05 9.993E-05 9.993E-05 9.993E-05 9.993E-05 0.999201 9.993E-05 9.993E-05 9.993E-05
9.993E-05 9.993E-05 9.993E-05 9.993E-05 9.993E-05 0.999201 9.993E-05 9.993E-05 9.993E-05
0.00631652 0.058195 9.9964E-05 9.9964E-05 0.0237257 0.859352 0.0520106 9.9964E-05 9.9964E-05
9.993E-05 9.993E-05 9.993E-05 9.993E-05 9.993E-05 0.999201 9.993E-05 9.993E-05 9.993E-05
9.993E-05 9.993E-05 9.993E-05 9.993E-05 9.993E-05 0.999201 9.993E-05 9.993E-05 9.993E-05
9.993E-05 9.993E-05 9.993E-05 9.993E-05 9.993E-05 0.999201 9.993E-05 9.993E-05 9.993E-05
0.0350206 9.9955E-05 0.0128262 9.9955E-05 9.9955E-05 0.943793 0.00786034 9.9955E-05 9.9955E-05
9.993E-05 9.993E-05 9.993E-05 9.993E-05 9.993E-05 0.999201 9.993E-05 9.993E-05 9.993E-05
9.993E-05 9.993E-05 9.993E-05 9.993E-05 9.993E-05 0.999201 9.993E-05 9.993E-05 9.993E-05
