9.993E-05 9.993E-05 9.993E-05 9.993E-05 9.993E-05 0.999201 9.993E-05 9.993E-05 9.993E-05
9.9955E-05 9.9955E-05 0.066504 9.9955E-05 0.0978457 0.274837 9.9955E-05 9.9955E-05 0.560313
9.9955E-05 9.9955E-05 0.102367 9.9955E-05 0.0736448 0.241714 9.9955E-05 9.9955E-05 0.581775
9.99461E-05 9.99461E-05 9.99461E-05 9.99461E-05 9.99461E-05 0.194866 9.99461E-05 0.0902076 0.714327
0.00744786 9.9982E-05 0.0338511 0.0452663 9.9982E-05 0.09005 0.0655661 0.0617762 0.695842
9.997E-05 0.0317374 0.0652224 9.997E-05 9.997E-05 0.174583 0.0322778 0.081584 0.614295
9.99371E-05 9.99371E-05 9.99371E-05 9.99371E-05 9.99371E-05 0.266313 9.99371E-05 9.99371E-05 0.732987
9.9964E-05 9.9964E-05 0.056344 9.9964E-05 0.0538563 0.247863 9.9964E-05 0.151739 0.489798
9.9973E-05 9.9973E-05 0.0661761 0.0375799 0.0307005 0.183718 9.9973E-05 0.0400087 0.641517
9.993E-05 9.993E-05 9.993E-05 9.993E-05 9.993E-05 0.999201 9.993E-05 9.993E-05 9.993E-05
9.9937E-05 9.9937E-05 9.9937E-05 0.00435429 9.9937E-05 0.994946 9.9937E-05 9.9937E-05 9.9937E-05
9.993E-05 9.993E-05 9.993E-05 9.993E-05 9.993E-05 0.999201 9.993E-05 9.993E-05 9.993E-05
9.993E-05 9.993E-05 9.993E-05 9.993E-05 9.993E-05 0.999201 9.993E-05 9.993E-05 9.993E-05
9.9946E-05 9.9946E-05 9.9946E-05 9.9946E-05 9.9946E-05 0.929638 0.0637006 9.9946E-05 0.00606172
0.00653165 9.9955E-05 9.9955E-05 9.9955E-05 9.9955E-05 0.944167 0.00883882 0.0399628 9.9955E-05
9.9964E-05 0.0242843 0.0252799 9.9964E-05 9.9964E-05 0.205265 9.9964E-05 0.301229 0.443542
0.0573681 0.0944025 9.9991E-05 0.0418126 0.0146318 0.226594 0.0910188 0.167308 0.306765
9.996E-05 0.0565181 9.996E-05 9.996E-05 0.0085341 0.180932 9.996E-05 0.0485984 0.705018
9.9964E-05 9.9964E-05 9.9964E-05 0.0129605 0.0495512 9.9964E-05 0.0496644 0.0205092 0.866915
0.0256575 9.9955E-05 9.9955E-05 0.0103724 9.9955E-05 9.9955E-05 0.0616712 9.9955E-05 0.901799
9.9955E-05 0.0328099 9.9955E-05 0.0464437 9.9955E-05 0.0238823 9.9955E-05 9.9955E-05 0.896364
0.0133368 9.9964E-05 0.0525338 9.9964E-05 9.9964E-05 9.9964E-05 0.0917856 0.0323492 0.809595
9.9955E-05 9.9955E-05 0.019417 9.9955E-05 0.00698928 9.9955E-05 0.0729197 9.9955E-05 0.900174
0.0257028 9.9955E-05 9.9955E-05 9.9955E-05 9.9955E-05 0.00152814 0.0305761 9.9955E-05 0.941693
0.000558202 9.9964E-05 9.9964E-05 0.0132169 0.0337212 9.9964E-05 9.9964E-05 0.0284109 0.923693
0.0360123 0.151894 9.9964E-05 0.0432354 9.9964E-05 9.9964E-05 9.9964E-05 0.101682 0.666776
9.997E-05 0.0919883 0.0535271 0.10474 9.997E-05 9.997E-05 0.036469 0.0102485 0.702727
9.9946E-05 9.9946E-05 0.0174101 9.9946E-05 9.9946E-05 9.9946E-05 9.9946E-05 0.0748681 0.907122
0.0244147 0.0836545 0.00772075 0.0312352 9.9991E-05 0.0194868 0.0236386 0.000835769 0.808914
0.0176551 0.0669396 0.0073045 0.00674123 9.9973E-05 0.0210929 9.9973E-05 9.9973E-05 0.879967
9.9955E-05 9.9955E-05 9.9955E-05 0.00967697 9.9955E-05 0.0186878 0.0290805 9.9955E-05 0.942055
0.0413863 9.9973E-05 0.0315121 0.0354026 0.0211263 9.9973E-05 9.9973E-05 0.067879 0.802394
9.9964E-05 0.173313 0.0299899 9.9964E-05 9.9964E-05 0.00241894 0.0193189 9.9964E-05 0.774559
0.0871023 0.144937 0.0487411 9.9973E-05 9.9973E-05 0.0244858 0.00450948 9.9973E-05 0.689924
9.9964E-05 0.0293215 0.0388102 9.9964E-05 0.0181453 9.9964E-05 0.142388 9.9964E-05 0.770935
9.9946E-05 0.0724211 9.9946E-05 9.9946E-05 9.9946E-05 0.0502459 9.9946E-05 9.9946E-05 0.876733
9.9946E-05 0.14179 9.9946E-05 9.9946E-05 9.9946E-05 9.9946E-05 9.9946E-05 0.307446 0.550164
9.997E-05 0.240488 0.0531281 0.0330996 9.997E-05 9.997E-05 0.0786444 0.00718142 0.587159
9.998E-05 0.211553 0.0503355 0.0803634 0.0190262 0.00718375 9.998E-05 0.0426387 0.5887
9.9964E-05 0.331718 9.9964E-05 0.039907 9.9964E-05 0.00370383 9.9964E-05 0.0377903 0.586481
0.0974122 0.0916878 0.0216464 0.0354359 0.0361445 9.998E-05 9.998E-05 0.634738 0.0827349
0.0474491 0.0835822 0.0537754 0.0837216 0.00630494 0.0285163 9.9991E-05 0.620445 0.0761052
0.0832683 9.9973E-05 0.0655249 9.9973E-05 0.0387353 0.0404594 9.9973E-05 0.591587 0.180125
0.0545268 0.107399 0.0167145 0.0501582 0.00221455 9.9982E-05 9.9982E-05 0.692395 0.0763925
0.0486158 0.257175 0.0359959 0.0558422 9.9973E-05 9.9973E-05 9.9973E-05 0.343745 0.258326
9.993E-05 9.993E-05 9.993E-05 9.993E-05 9.993E-05 9.993E-05 9.993E-05 0.999201 9.993E-05
9.993E-05 9.993E-05 9.993E-05 9.993E-05 9.993E-05 9.993E-05 9.993E-05 0.999201 9.993E-05
0.0729084 0.0375155 0.0126272 0.0303766 9.9982E-05 9.9982E-05 0.0273296 0.419035 0.400008
0.0733189 0.113742 0.0475078 0.0846325 9.9991E-05 0.0414916 0.00851128 0.434598 0.196098
0.0948852 0.0476151 0.02701 0.00884746 0.0272269 0.0630506 9.9991E-05 0.361223 0.370042
9.9973E-05 0.218328 0.031233 0.0853717 9.9973E-05 0.0210954 9.9973E-05 0.339706 0.303966
0.00637872 0.17016 0.0204801 0.0369097 9.9982E-05 9.9982E-05 0.0186292 0.526066 0.221176
9.996E-05 9.996E-05 9.996E-05 0.0312723 9.996E-05 0.0384041 0.0321458 0.864511 0.0332672
0.00984475 0.382832 9.9982E-05 0.08508 9.9982E-05 0.0219026 0.0264534 0.23693 0.236758
0.0109629 0.40103 0.03687 9.9991E-05 0.0191135 0.0480795 0.0422305 0.182531 0.259083
0.0795691 0.133134 0.0922632 9.9973E-05 0.0292487 9.9973E-05 9.9973E-05 0.502291 0.163195
0.0154825 0.210433 0.087503 0.0783767 0.0150764 0.0647553 0.00283589 0.36139 0.164148
0.117504 0.109285 0.00113811 0.0540676 0.033558 9.9982E-05 9.9982E-05 0.433762 0.250485
9.9946E-05 9.9946E-05 0.00860078 0.0272101 9.9946E-05 9.9946E-05 9.9946E-05 0.963589 9.9946E-05
9.998E-05 0.261613 0.0017784 0.0823357 0.0431765 0.0380688 9.998E-05 0.342893 0.229934
0.083438 0.0541515 9.998E-05 0.0921507 0.00782859 9.998E-05 0.02182 0.551579 0.188832
0.0845956 0.116458 9.9982E-05 0.0248318 0.0149425 0.000609219 9.9982E-05 0.624103 0.13426
0.0631001 0.153585 0.0813105 0.0529271 0.0745721 9.9991E-05 0.0339617 0.465155 0.0752894
0.015382 9.9955E-05 9.9955E-05 9.9955E-05 0.0118189 9.9955E-05 0.0422698 0.93003 9.9955E-05
0.0413461 0.107968 9.9973E-05 0.0572263 9.9973E-05 0.0250926 9.9973E-05 0.641958 0.126109
9.9937E-05 9.9937E-05 9.9937E-05 9.9937E-05 9.9937E-05 9.9937E-05 0.0457063 0.953594 9.9937E-05
9.9946E-05 0.370107 9.9946E-05 9.9946E-05 0.0134053 9.9946E-05 9.9946E-05 0.615888 9.9946E-05
0.0280923 9.9955E-05 9.9955E-05 9.9955E-05 0.0188761 9.9955E-05 0.102541 0.849991 9.9955E-05
0.0200231 0.0911626 0.0396291 0.0367457 0.00176878 9.9982E-05 9.9982E-05 0.521256 0.289215
0.0236266 9.9946E-05 9.9946E-05 9.9946E-05 9.9946E-05 9.9946E-05 0.00981297 0.965961 9.9946E-05
0.00708982 0.113335 0.0395065 9.998E-05 0.0855355 0.0333487 9.998E-05 0.620355 0.10063
0.0414472 0.297284 0.0427676 0.0656638 0.0439999 9.9991E-05 0.00108477 0.476863 0.0307903
9.995E-05 0.109945 9.995E-05 0.0224982 9.995E-05 0.0809093 9.995E-05 0.786148 9.995E-05
9.996E-05 0.13762 0.000938166 0.0657724 9.996E-05 0.0349757 9.996E-05 0.760293 9.996E-05
0.0862738 0.370735 9.9982E-05 0.0103904 9.9982E-05 0.0623578 0.0151352 0.453694 0.00121365
9.9955E-05 0.231827 9.9955E-05 0.0950918 9.9955E-05 9.9955E-05 9.9955E-05 0.632914 0.0396669
9.9973E-05 0.177321 0.0719912 0.00955139 0.0585978 9.9973E-05 0.00319507 0.679044 9.9973E-05
0.0900405 0.153196 9.9973E-05 9.9973E-05 0.116834 0.00782525 0.116854 0.51495 9.9973E-05
9.99461E-05 0.95114 0.00883994 9.99461E-05 9.99461E-05 9.99461E-05 9.99461E-05 9.99461E-05 0.0394208
9.993E-05 0.999201 9.993E-05 9.993E-05 9.993E-05 9.993E-05 9.993E-05 9.993E-05 9.993E-05
9.99371E-05 0.99807 9.99371E-05 9.99371E-05 9.99371E-05 0.0012302 9.99371E-05 9.99371E-05 9.99371E-05
9.993E-05 0.999201 9.993E-05 9.993E-05 9.993E-05 9.993E-05 9.993E-05 9.993E-05 9.993E-05
9.993E-05 0.999201 9.993E-05 9.993E-05 9.993E-05 9.993E-05 9.993E-05 9.993E-05 9.993E-05
0.0677014 0.592082 0.00394106 0.0313584 0.0451207 0.0186546 9.999E-05 0.0143314 0.22671
0.0370827 0.480243 0.0284297 0.0369971 0.155767 0.0167991 9.999E-05 0.156627 0.0879546
0.0492759 0.488348 0.0773539 9.999E-05 0.141188 0.0158985 0.0147517 0.152025 0.0610586
0.0525897 0.427662 0.0898953 0.0602018 0.0443288 0.0243007 9.999E-05 0.160262 0.140659
0.062206 0.594151 9.998E-05 0.0468376 0.0543287 0.00103792 9.998E-05 0.0924797 0.148759
0.0190887 0.439659 9.999E-05 0.0112622 0.148949 0.0266162 0.100209 0.233304 0.0208118
0.106734 0.371221 0.0803405 0.115013 0.0979788 0.0153563 9.999E-05 0.154566 0.0586896
0.0684943 0.142884 0.0558437 9.999E-05 0.0945245 0.0436975 0.214473 0.295863 0.0841204
0.112178 0.207789 0.0303458 9.999E-05 0.0735239 0.012929 0.171826 0.280267 0.111042
0.0489281 0.365901 0.0814966 0.127756 0.142058 0.0194045 9.999E-05 0.178707 0.0356494
9.993E-05 9.993E-05 9.993E-05 9.993E-05 0.999201 9.993E-05 9.993E-05 9.993E-05 9.993E-05
0.012639 9.9964E-05 0.0222526 9.9964E-05 0.87392 0.0447773 9.9964E-05 0.0460114 9.9964E-05
9.9964E-05 0.0262515 0.00679698 9.9964E-05 0.839834 9.9964E-05 0.0630862 0.0636318 9.9964E-05
9.99371E-05 9.99371E-05 9.99371E-05 9.99371E-05 0.99662 9.99371E-05 9.99371E-05 0.00268051 9.99371E-05
9.993E-05 9.993E-05 9.993E-05 9.993E-05 0.999201 9.993E-05 9.993E-05 9.993E-05 9.993E-05
9.993E-05 9.993E-05 9.993E-05 9.993E-05 0.999201 9.993E-05 9.993E-05 9.993E-05 9.993E-05
0.0130184 9.9955E-05 9.9955E-05 0.000596989 0.978655 9.9955E-05 9.9955E-05 9.9955E-05 0.00722978
9.996E-05 0.0334168 9.996E-05 0.000775488 0.902264 9.996E-05 0.0211747 9.996E-05 0.0419688
9.99371E-05 9.99371E-05 9.99371E-05 9.99371E-05 0.995709 0.00359111 9.99371E-05 9.99371E-05 9.99371E-05
9.993E-05 9.993E-05 9.993E-05 9.993E-05 0.999201 9.993E-05 9.993E-05 9.993E-05 9.993E-05
0.237463 0.426025 0.0684576 0.0515057 0.0442546 9.999E-05 0.0771769 0.006558 0.0884599
9.995E-05 0.00488274 9.995E-05 0.0681561 0.906877 9.995E-05 9.995E-05 0.0195846 9.995E-05
9.993E-05 9.993E-05 9.993E-05 9.993E-05 0.999201 9.993E-05 9.993E-05 9.993E-05 9.993E-05
9.9964E-05 0.0613096 9.9964E-05 0.0165322 0.907815 0.00590708 0.00803594 9.9964E-05 9.9964E-05
9.9937E-05 0.99708 9.9937E-05 0.00222009 9.9937E-05 9.9937E-05 9.9937E-05 9.9937E-05 9.9937E-05
9.993E-05 0.999201 9.993E-05 9.993E-05 9.993E-05 9.993E-05 9.993E-05 9.993E-05 9.993E-05
9.993E-05 0.999201 9.993E-05 9.993E-05 9.993E-05 9.993E-05 9.993E-05 9.993E-05 9.993E-05
0.019209 0.980091 9.9937E-05 9.9937E-05 9.9937E-05 9.9937E-05 9.9937E-05 9.9937E-05 9.9937E-05
0.128205 0.697251 0.0171517 9.997E-05 0.0539667 9.997E-05 0.0770868 0.0260395 9.997E-05
0.0513533 0.734531 9.997E-05 0.00260179 0.0139741 9.997E-05 0.0533032 9.997E-05 0.143936
0.0396387 0.780141 9.998E-05 9.998E-05 0.0694746 0.0327423 0.0469607 0.0269998 0.00384288
0.0766522 0.797704 9.9955E-05 9.9955E-05 0.048497 9.9955E-05 0.0766474 9.9955E-05 9.9955E-05
9.9955E-05 0.813067 0.0467367 9.9955E-05 0.10137 9.9955E-05 0.0383264 9.9955E-05 9.9955E-05
0.0226605 0.80002 0.0349518 9.9973E-05 0.0642671 0.000701038 0.0770999 9.9973E-05 9.9973E-05
0.0485008 0.721492 0.0559734 0.0674215 9.997E-05 9.997E-05 0.0235873 9.997E-05 0.0827249
0.00412581 0.834973 9.997E-05 0.0212164 0.0716768 0.0134225 0.0542859 9.997E-05 9.997E-05
0.0708122 0.687256 0.0638782 0.0311745 9.998E-05 0.0460555 0.0528486 0.0477749 9.998E-05
0.137268 0.62776 0.0247054 0.0393681 0.0665592 9.999E-05 0.0300246 0.0363706 0.0378438
9.993E-05 9.993E-05 0.999201 9.993E-05 9.993E-05 9.993E-05 9.993E-05 9.993E-05 9.993E-05
0.10163 0.560972 0.0844155 0.0114121 0.134105 9.998E-05 0.0211975 0.0860679 9.998E-05
9.993E-05 9.993E-05 0.999201 9.993E-05 9.993E-05 9.993E-05 9.993E-05 9.993E-05 9.993E-05
9.993E-05 9.993E-05 0.999201 9.993E-05 9.993E-05 9.993E-05 9.993E-05 9.993E-05 9.993E-05
9.99461E-05 9.99461E-05 0.936256 9.99461E-05 0.0113192 9.99461E-05 0.0518256 9.99461E-05 9.99461E-05
0.0671035 0.0383195 0.801667 0.0344158 0.0266931 0.011307 9.9982E-05 9.9982E-05 0.0202944
9.993E-05 9.993E-05 0.999201 9.993E-05 9.993E-05 9.993E-05 9.993E-05 9.993E-05 9.993E-05
0.00955841 0.0800761 0.875167 9.9955E-05 9.9955E-05 9.9955E-05 0.0346982 9.9955E-05 9.9955E-05
9.99371E-05 9.99371E-05 0.975481 9.99371E-05 0.0238196 9.99371E-05 9.99371E-05 9.99371E-05 9.99371E-05
0.028008 9.99371E-05 0.971292 9.99371E-05 9.99371E-05 9.99371E-05 9.99371E-05 9.99371E-05 9.99371E-05
9.993E-05 9.993E-05 0.999201 9.993E-05 9.993E-05 9.993E-05 9.993E-05 9.993E-05 9.993E-05
0.0184188 9.9955E-05 0.969255 0.00902537 9.9955E-05 9.9955E-05 9.9955E-05 0.00280137 9.9955E-05
9.9964E-05 0.0147008 0.955486 9.9964E-05 9.9964E-05 0.00688948 9.9964E-05 0.02018 0.00234379
0.0267582 0.00571524 0.794269 0.0600368 0.0437726 9.9982E-05 0.0148652 0.0543831 9.9982E-05
9.9964E-05 0.0017149 0.940588 9.9964E-05 9.9964E-05 0.021795 0.0256865 9.9964E-05 0.00981531
0.0146417 0.0220864 0.846924 9.999E-05 0.0277512 0.00552558 0.0128055 0.0643225 0.005843
0.0182207 9.997E-05 0.867902 0.0620532 9.997E-05 0.00997385 0.0287294 0.0128208 9.997E-05
9.9964E-05 0.0648589 0.842647 0.0413059 0.0311247 9.9964E-05 9.9964E-05 0.019664 9.9964E-05
0.00145555 9.9964E-05 0.918096 9.9964E-05 9.9964E-05 9.9964E-05 0.0230036 0.0218368 0.035208
0.8389 0.0773801 0.0409925 9.9964E-05 9.9964E-05 0.0148534 9.9964E-05 9.9964E-05 0.0274745
0.890747 9.9973E-05 9.9973E-05 0.0327064 0.029811 0.00850568 0.0161536 9.9973E-05 0.0217765
0.999201 9.993E-05 9.993E-05 9.993E-05 9.993E-05 9.993E-05 9.993E-05 9.993E-05 9.993E-05
0.970967 9.9946E-05 9.9946E-05 0.0138825 9.9946E-05 9.9946E-05 9.9946E-05 9.9946E-05 0.0145509
0.997783 9.9937E-05 9.9937E-05 0.00151722 9.9937E-05 9.9937E-05 9.9937E-05 9.9937E-05 9.9937E-05
0.999201 9.993E-05 9.993E-05 9.993E-05 9.993E-05 9.993E-05 9.993E-05 9.993E-05 9.993E-05
0.951376 9.9955E-05 9.9955E-05 9.9955E-05 0.00779771 9.9955E-05 0.0148485 9.9955E-05 0.0254776
0.732008 0.0202858 9.997E-05 0.00899603 9.997E-05 0.0355152 0.152744 0.0501511 9.997E-05
0.984947 9.99371E-05 0.0143531 9.99371E-05 9.99371E-05 9.99371E-05 9.99371E-05 9.99371E-05 9.99371E-05
0.999201 9.993E-05 9.993E-05 9.993E-05 9.993E-05 9.993E-05 9.993E-05 9.993E-05 9.993E-05
0.902347 9.99551E-05 9.99551E-05 9.99551E-05 0.0366468 0.0161142 0.0443925 9.99551E-05 9.99551E-05
0.999201 9.993E-05 9.993E-05 9.993E-05 9.993E-05 9.993E-05 9.993E-05 9.993E-05 9.993E-05
0.739077 9.9973E-05 0.108534 0.0012243 0.0200771 9.9973E-05 0.0300124 0.100776 9.9973E-05
0.0319628 0.291735 0.0174533 0.291857 0.0452234 0.0323962 0.0981588 0.191114 9.999E-05
0.0224591 0.190484 0.0149071 0.290313 0.0503978 0.0347804 0.16633 0.230228 9.999E-05
0.0164875 0.203749 0.0498172 0.252235 0.0645847 0.0460463 0.129061 0.23792 9.999E-05
0.00608394 0.239132 0.0369273 0.262028 0.0198417 0.0503461 0.144839 0.240702 9.999E-05
0.0189223 9.9964E-05 0.0137816 9.9964E-05 9.9964E-05 9.9964E-05 0.894356 0.0551291 0.0174107
9.993E-05 9.993E-05 9.993E-05 9.993E-05 9.993E-05 9.993E-05 0.999201 9.993E-05 9.993E-05
9.9946E-05 0.0229498 0.00146154 9.9946E-05 9.9946E-05 9.9946E-05 0.974989 9.9946E-05 9.9946E-05
9.993E-05 9.993E-05 9.993E-05 9.993E-05 9.993E-05 9.993E-05 0.999201 9.993E-05 9.993E-05
9.9946E-05 0.0140097 9.9946E-05 9.9946E-05 0.0244368 9.9946E-05 0.960954 9.9946E-05 9.9946E-05
9.9964E-05 0.00280439 0.0016775 0.00969215 0.00602956 9.9964E-05 0.979397 9.9964E-05 9.9964E-05
9.99506E-05 0.0296799 9.99506E-05 9.99506E-05 0.0366412 9.99506E-05 0.933079 9.99506E-05 9.99506E-05
0.0512159 0.0023048 0.0171311 0.0815725 9.9973E-05 9.9973E-05 0.745728 9.9973E-05 0.101747
0.00172421 9.997E-05 0.0220389 9.997E-05 9.997E-05 0.0032403 0.846089 0.0454305 0.0811771
0.00205825 0.0190771 9.9946E-05 0.978265 9.9946E-05 9.9946E-05 9.9946E-05 9.9946E-05 9.9946E-05
9.993E-05 9.993E-05 9.993E-05 0.999201 9.993E-05 9.993E-05 9.993E-05 9.993E-05 9.993E-05
0.00869712 9.9937E-05 9.9937E-05 0.990603 9.9937E-05 9.9937E-05 9.9937E-05 9.9937E-05 9.9937E-05
9.993E-05 9.993E-05 9.993E-05 0.999201 9.993E-05 9.993E-05 9.993E-05 9.993E-05 9.993E-05
9.99371E-05 9.99371E-05 9.99371E-05 0.991712 0.00758888 9.99371E-05 9.99371E-05 9.99371E-05 9.99371E-05
9.998E-05 0.0414872 0.0320277 0.879525 9.998E-05 0.01087 0.0155034 0.0148868 0.00549942
9.9955E-05 9.9955E-05 9.9955E-05 0.986017 9.9955E-05 0.00275699 0.00788368 9.9955E-05 0.0028427
9.993E-05 9.993E-05 9.993E-05 0.999201 9.993E-05 9.993E-05 9.993E-05 9.993E-05 9.993E-05
9.99371E-05 9.99371E-05 9.99371E-05 0.980909 9.99371E-05 9.99371E-05 9.99371E-05 9.99371E-05 0.0183918
0.0201687 9.9955E-05 9.9955E-05 0.965046 0.00381109 9.9955E-05 9.9955E-05 0.0104741 9.9955E-05
9.993E-05 9.993E-05 9.993E-05 0.999201 9.993E-05 9.993E-05 9.993E-05 9.993E-05 9.993E-05
0.000859959 9.9946E-05 9.9946E-05 0.992944 0.00559596 9.9946E-05 9.9946E-05 9.9946E-05 9.9946E-05
