9.993E-05 9.993E-05 9.993E-05 9.993E-05 0.999201 9.993E-05 9.993E-05 9.993E-05 9.993E-05
9.9955E-05 0.0623748 9.9955E-05 9.9955E-05 0.2639 0.624415 0.0488106 9.9955E-05 9.9955E-05
9.995E-05 0.0786544 9.995E-05 9.995E-05 0.245883 0.625125 0.0498387 9.995E-05 9.995E-05
9.9964E-05 9.9964E-05 9.9964E-05 9.9964E-05 0.215499 0.676013 0.00040316 0.0542678 0.0534167
9.9973E-05 9.9973E-05 0.06796 0.0539403 0.0908078 0.704428 9.9973E-05 0.0576321 0.0249318
9.9964E-05 0.0628093 9.9964E-05 9.9964E-05 0.16622 0.562997 9.9964E-05 0.146653 0.0609212
9.9937E-05 9.9937E-05 9.9937E-05 9.9937E-05 0.28298 0.716321 9.9937E-05 9.9937E-05 9.9937E-05
9.9973E-05 0.0395944 0.00518316 9.9973E-05 0.302102 0.53772 0.018111 0.0969903 9.9973E-05
9.9973E-05 0.0734319 0.0293936 9.9973E-05 0.160704 0.682047 0.0149946 0.0391289 9.9973E-05
9.993E-05 9.993E-05 9.993E-05 9.993E-05 0.999201 9.993E-05 9.993E-05 9.993E-05 9.993E-05
9.993E-05 9.993E-05 9.993E-05 9.993E-05 0.999201 9.993E-05 9.993E-05 9.993E-05 9.993E-05
9.993E-05 9.993E-05 9.993E-05 9.993E-05 0.999201 9.993E-05 9.993E-05 9.993E-05 9.993E-05
9.9937E-05 9.9937E-05 9.9937E-05 9.9937E-05 0.994935 9.9937E-05 0.0043654 9.9937E-05 9.9937E-05
0.0282269 9.9946E-05 9.9946E-05 0.0778961 0.893277 9.9946E-05 9.9946E-05 9.9946E-05 9.9946E-05
0.0138186 9.9964E-05 9.9964E-05 0.0153013 0.946037 9.9964E-05 0.0103841 0.0140586 9.9964E-05
0.0213108 9.9964E-05 0.0376349 9.9964E-05 0.173347 0.499579 9.9964E-05 0.267729 9.9964E-05
0.0819731 0.0321314 0.0816406 0.0441169 0.200087 0.402124 0.0302878 0.125231 0.00240735
9.9964E-05 0.00377619 9.9964E-05 9.9964E-05 0.153265 0.64973 9.9964E-05 0.0685474 0.124282
9.9955E-05 9.9955E-05 0.0452535 0.0564443 9.9955E-05 0.880748 0.0170548 9.9955E-05 9.9955E-05
0.0202019 9.9955E-05 9.9955E-05 0.0844748 9.9955E-05 0.847961 9.9955E-05 9.9955E-05 0.0468629
9.9964E-05 9.9964E-05 0.0460607 9.9964E-05 0.0383028 0.848255 0.0149231 9.9964E-05 0.0520583
0.0373102 0.0366376 9.9973E-05 0.0861926 9.9973E-05 0.772199 0.0257694 0.0415909 9.9973E-05
9.9955E-05 0.0310062 9.9955E-05 0.0789681 9.9955E-05 0.845773 9.9955E-05 9.9955E-05 0.043753
0.0318512 0.0110726 9.9955E-05 0.0259153 9.9955E-05 0.930661 9.9955E-05 9.9955E-05 9.9955E-05
0.0198109 9.9982E-05 0.0193375 0.0198498 9.9982E-05 0.88129 0.00338659 0.0425509 0.0135742
0.0510856 0.0227752 0.0730028 9.9973E-05 9.9973E-05 0.564458 9.9973E-05 0.112149 0.17623
9.9982E-05 0.0655586 0.109286 0.00120409 0.00596524 0.594695 9.9982E-05 0.0549436 0.168148
0.00618919 0.00984719 9.9955E-05 9.9955E-05 9.9955E-05 0.884771 9.9955E-05 0.0986931 9.9955E-05
0.0254229 9.9973E-05 0.0365273 0.000610542 0.0315791 0.78578 9.9973E-05 9.9973E-05 0.119781
9.9946E-05 9.9946E-05 9.9946E-05 9.9946E-05 0.0271649 0.964974 9.9946E-05 9.9946E-05 0.00726131
0.0279577 9.9964E-05 0.0275996 0.0582944 0.0446751 0.841073 9.9964E-05 9.9964E-05 9.9964E-05
0.0614752 0.00408244 0.0582354 0.00372692 9.9991E-05 0.819282 0.0204344 0.016627 0.0160368
0.00874151 0.0553888 0.0366385 9.9973E-05 9.9973E-05 0.745093 0.00034237 9.9973E-05 0.153496
0.0854452 0.0523422 0.0309348 0.00692659 0.0520289 0.571222 9.9991E-05 0.0383655 0.162635
9.9946E-05 0.0274455 9.9946E-05 0.194458 9.9946E-05 0.777497 9.9946E-05 9.9946E-05 9.9946E-05
0.022357 9.9964E-05 0.00169397 9.9964E-05 0.0418454 0.90294 9.9964E-05 9.9964E-05 0.0307635
9.9964E-05 0.0130256 9.9964E-05 0.0166066 9.9964E-05 0.548712 9.9964E-05 0.250313 0.170943
9.9973E-05 0.0316136 0.0867229 0.0734356 9.9973E-05 0.502576 9.9973E-05 0.0371397 0.268212
9.9973E-05 0.0689777 0.114877 9.9973E-05 9.9973E-05 0.555508 0.0232604 0.0523823 0.184694
0.00163447 9.9973E-05 0.0472052 0.00342636 9.9973E-05 0.597041 9.9973E-05 0.0393293 0.311064
0.122864 0.0519819 0.0328987 9.9982E-05 9.9982E-05 0.0795218 0.0646423 0.642399 0.00549292
0.0667907 0.0928949 9.9973E-05 9.9973E-05 9.9973E-05 0.0424309 0.0611116 0.722092 0.0143804
0.0972512 0.0375305 9.9973E-05 9.9973E-05 0.0312053 0.172503 0.0412315 0.619978 9.9973E-05
0.0971473 0.0360267 0.0346181 9.9982E-05 9.9982E-05 0.0689242 0.0494985 0.656131 0.0574538
0.0408314 0.0613781 0.0952879 9.9973E-05 9.9973E-05 0.212578 9.9973E-05 0.450159 0.139466
9.993E-05 9.993E-05 9.993E-05 9.993E-05 9.993E-05 9.993E-05 9.993E-05 0.999201 9.993E-05
9.993E-05 9.993E-05 9.993E-05 9.993E-05 9.993E-05 9.993E-05 9.993E-05 0.999201 9.993E-05
0.0628924 0.036081 0.0205497 0.0221248 9.9982E-05 0.385555 9.9982E-05 0.437941 0.0346557
0.099077 0.0357651 0.0826206 0.00254833 0.0631477 0.158615 9.9991E-05 0.499177 0.0589496
0.089086 9.9982E-05 0.0145862 9.9982E-05 0.0897767 0.391915 0.0389 0.306917 0.0686188
9.9982E-05 0.0702383 0.046433 9.9982E-05 0.0332475 0.231808 0.00745791 0.384304 0.226311
0.00960868 0.0407971 0.0370398 0.00735528 9.9982E-05 0.184259 9.9982E-05 0.629077 0.0916637
9.9955E-05 9.9955E-05 0.0326461 0.0205469 0.00038466 9.9955E-05 9.9955E-05 0.945923 9.9955E-05
0.0156907 0.00417716 0.0521797 0.0505761 0.064715 0.173896 9.9991E-05 0.27308 0.365584
0.0674435 9.9973E-05 9.9973E-05 0.0365305 0.0533729 0.177571 9.9973E-05 0.349407 0.315376
0.0874898 0.0935986 0.0115844 9.9982E-05 9.9982E-05 0.0865014 0.0290959 0.621274 0.0702559
0.0198307 0.0551509 0.0557043 9.9982E-05 0.0570941 0.177733 9.9982E-05 0.352874 0.281413
0.0189624 9.9982E-05 0.0997894 0.0179085 9.9982E-05 0.228438 0.0372232 0.464426 0.133053
9.993E-05 9.993E-05 9.993E-05 9.993E-05 9.993E-05 9.993E-05 9.993E-05 0.999201 9.993E-05
9.9982E-05 0.059397 0.115169 9.9982E-05 0.0389238 0.202263 0.0448427 0.375211 0.163994
0.064166 9.9964E-05 0.134346 0.0221108 9.9964E-05 0.190604 9.9964E-05 0.588373 9.9964E-05
0.142641 9.9991E-05 0.0262079 0.00209071 0.00407325 0.127044 0.0184045 0.635187 0.0442517
0.0723918 0.0681688 0.0110745 0.0294024 9.9991E-05 0.118585 0.0330406 0.554466 0.112771
0.00650978 0.0143399 0.0121821 0.0667783 9.9973E-05 9.9973E-05 0.0345903 0.8653 9.9973E-05
0.0836595 9.9973E-05 0.0346729 9.9973E-05 0.0171707 0.0888468 9.9973E-05 0.681646 0.0937042
9.9946E-05 9.9946E-05 9.9946E-05 0.0457625 9.9946E-05 9.9946E-05 0.029075 0.924563 9.9946E-05
0.0113663 9.9955E-05 9.9955E-05 9.9955E-05 9.9955E-05 9.9955E-05 0.0584357 0.719679 0.21002
0.047572 0.00690728 0.0209834 0.13914 0.0180016 9.9991E-05 0.00252987 0.751403 0.0133626
0.0519907 9.9982E-05 0.043402 0.0165462 9.9982E-05 0.303711 0.0209228 0.4508 0.112428
9.9937E-05 9.9937E-05 9.9937E-05 0.0710916 9.9937E-05 9.9937E-05 9.9937E-05 0.928209 9.9937E-05
0.00575848 0.0775397 9.9982E-05 9.9982E-05 0.0212182 0.110618 0.0430472 0.654785 0.0868333
0.0334561 0.0316966 0.0148618 9.9982E-05 9.9982E-05 0.0423823 0.0556693 0.572183 0.24955
9.9973E-05 0.0246732 0.0144831 0.0162627 0.0656156 9.9973E-05 9.9973E-05 0.824426 0.0542399
9.9955E-05 9.9955E-05 0.0538546 9.9955E-05 0.0269598 9.9955E-05 9.9955E-05 0.80792 0.110766
0.0832356 0.00411826 9.9973E-05 0.0415879 0.0336862 9.9973E-05 9.9973E-05 0.53642 0.300652
9.9973E-05 9.9973E-05 0.0704754 0.00546468 0.00272242 9.9973E-05 0.0213755 0.71343 0.186232
9.9955E-05 0.0896131 9.9955E-05 9.9955E-05 9.9955E-05 9.9955E-05 0.010089 0.785226 0.114572
0.0255834 0.00701934 9.9982E-05 0.106471 0.0350156 9.9982E-05 0.0732183 0.51851 0.233982
9.9973E-05 0.00483562 0.0105408 0.0458457 9.9973E-05 0.0470006 9.9973E-05 0.00359791 0.88788
9.9946E-05 9.9946E-05 9.9946E-05 0.0193007 9.9946E-05 9.9946E-05 9.9946E-05 0.00786129 0.972238
9.99371E-05 9.99371E-05 9.99371E-05 9.99371E-05 0.013207 9.99371E-05 9.99371E-05 9.99371E-05 0.986093
9.9937E-05 9.9937E-05 9.9937E-05 9.9937E-05 9.9937E-05 9.9937E-05 9.9937E-05 0.0122882 0.987012
9.9964E-05 0.0253761 0.00645609 9.9964E-05 9.9964E-05 0.00407473 9.9964E-05 0.0406446 0.923049
0.0919366 0.0030121 0.0460616 0.0222104 9.9991E-05 0.18074 0.091462 0.125627 0.43885
0.0717215 0.021406 0.0444825 9.9991E-05 0.0334532 0.0598485 0.175116 0.121703 0.47217
0.00876226 0.0776219 9.9982E-05 9.9982E-05 0.0202431 0.0587988 0.120014 0.150361 0.563998
0.0623965 0.0414611 0.0184531 0.00308818 0.0258029 0.17201 0.00730895 0.150116 0.519363
0.102687 9.9973E-05 0.067792 9.9973E-05 9.9973E-05 0.136173 0.0877723 0.120355 0.484921
0.0932522 0.0340645 0.0279092 0.0487813 0.0341353 0.0266014 0.106735 0.192605 0.435916
0.114327 0.0941113 0.102517 0.02003 9.9991E-05 0.0824089 0.0958503 0.204803 0.285853
0.0509371 0.0534709 9.9991E-05 0.231883 0.0297076 0.0571521 0.0968198 0.342235 0.137694
0.105975 0.0465243 9.998E-05 0.21282 9.998E-05 0.0893773 0.0799109 0.311826 0.153367
0.0362133 0.086329 0.127304 9.9991E-05 0.0328252 0.0323013 0.186257 0.211542 0.287129
0.0400605 9.99371E-05 9.99371E-05 9.99371E-05 9.99371E-05 9.99371E-05 0.95924 9.99371E-05 9.99371E-05
0.0198162 0.00721605 9.9955E-05 9.9955E-05 0.0200663 9.9955E-05 0.952402 9.9955E-05 9.9955E-05
0.0047875 0.01004 0.015052 0.0436827 0.0116408 0.0184525 0.848737 0.0118395 0.0357676
0.00342046 9.99461E-05 9.99461E-05 9.99461E-05 9.99461E-05 9.99461E-05 0.984156 9.99461E-05 0.0118242
9.993E-05 9.993E-05 9.993E-05 9.993E-05 9.993E-05 9.993E-05 0.999201 9.993E-05 9.993E-05
9.993E-05 9.993E-05 9.993E-05 9.993E-05 9.993E-05 9.993E-05 0.999201 9.993E-05 9.993E-05
9.993E-05 9.993E-05 9.993E-05 9.993E-05 9.993E-05 9.993E-05 0.999201 9.993E-05 9.993E-05
0.00999397 0.0177455 9.9964E-05 9.9964E-05 9.9964E-05 0.0810797 0.864505 9.9964E-05 0.0262761
9.99371E-05 9.99371E-05 0.020839 9.99371E-05 9.99371E-05 9.99371E-05 0.978461 9.99371E-05 9.99371E-05
9.993E-05 9.993E-05 9.993E-05 9.993E-05 9.993E-05 9.993E-05 0.999201 9.993E-05 9.993E-05
0.241272 0.0590793 0.0905053 0.0514327 9.9982E-05 0.100331 0.0457356 9.9982E-05 0.411445
9.9955E-05 9.9955E-05 0.00683225 0.0213701 9.9955E-05 9.9955E-05 0.910729 0.060569 9.9955E-05
9.9946E-05 9.9946E-05 0.00907092 9.9946E-05 9.9946E-05 9.9946E-05 0.979759 9.9946E-05 0.0105706
9.9955E-05 9.9955E-05 9.9955E-05 0.0296067 0.000641421 9.9955E-05 0.940288 9.9955E-05 0.0289645
0.00849366 9.9946E-05 0.00402994 9.9946E-05 9.9946E-05 9.9946E-05 9.9946E-05 9.9946E-05 0.986877
9.993E-05 9.993E-05 9.993E-05 9.993E-05 9.993E-05 9.993E-05 9.993E-05 9.993E-05 0.999201
9.993E-05 9.993E-05 9.993E-05 9.993E-05 9.993E-05 9.993E-05 9.993E-05 9.993E-05 0.999201
9.993E-05 9.993E-05 9.993E-05 9.993E-05 9.993E-05 9.993E-05 9.993E-05 9.993E-05 0.999201
0.0948147 0.0321101 0.0214623 0.0359758 9.9964E-05 9.9964E-05 9.9964E-05 9.9964E-05 0.815237
0.0239398 9.9964E-05 9.9964E-05 0.0950698 9.9964E-05 0.119516 0.0055816 9.9964E-05 0.755493
0.0279027 9.9964E-05 9.9964E-05 0.0221875 9.9964E-05 0.078497 0.037498 9.9964E-05 0.833515
0.0936356 9.9964E-05 9.9964E-05 0.051744 9.9964E-05 9.9964E-05 0.0265944 0.036022 0.791604
9.9946E-05 9.9946E-05 9.9946E-05 0.037424 9.9946E-05 9.9946E-05 0.0962232 9.9946E-05 0.865753
9.9955E-05 0.0117603 9.9955E-05 0.0229105 9.9955E-05 9.9955E-05 0.060283 9.9955E-05 0.904546
0.0278684 0.0392498 0.0623472 0.0475576 9.9982E-05 0.0714747 0.0233869 9.9982E-05 0.727915
9.9973E-05 0.0234509 0.0302436 0.0961745 0.0216661 9.9973E-05 0.0557144 9.9973E-05 0.772451
0.0715644 0.0900618 0.0407644 0.0636699 0.0184176 9.9982E-05 9.9982E-05 0.0611947 0.654127
0.136802 0.0654827 0.0117664 0.000846191 0.00336498 0.00926719 0.0655677 0.0752219 0.631681
0.928533 0.0234558 9.9955E-05 0.0327044 9.9955E-05 0.0148068 9.9955E-05 9.9955E-05 9.9955E-05
0.886049 9.9973E-05 0.0465818 0.00636151 0.000112573 0.036874 0.0237214 9.9973E-05 9.9973E-05
0.961297 9.9937E-05 9.9937E-05 9.9937E-05 9.9937E-05 9.9937E-05 9.9937E-05 9.9937E-05 0.0380037
0.982238 9.9937E-05 0.0170628 9.9937E-05 9.9937E-05 9.9937E-05 9.9937E-05 9.9937E-05 9.9937E-05
0.978141 0.00441493 0.0168442 9.9946E-05 9.9946E-05 9.9946E-05 9.9946E-05 9.9946E-05 9.9946E-05
0.972734 9.9937E-05 9.9937E-05 9.9937E-05 9.9937E-05 9.9937E-05 9.9937E-05 9.9937E-05 0.0265663
0.998627 9.9937E-05 9.9937E-05 0.000673869 9.9937E-05 9.9937E-05 9.9937E-05 9.9937E-05 9.9937E-05
0.75617 9.9973E-05 0.0223797 0.131182 0.0163803 0.0171792 9.9973E-05 0.0564086 9.9973E-05
0.987998 0.0113027 9.9937E-05 9.9937E-05 9.9937E-05 9.9937E-05 9.9937E-05 9.9937E-05 9.9937E-05
0.997956 9.9937E-05 9.9937E-05 9.9937E-05 9.9937E-05 9.9937E-05 0.00134407 9.9937E-05 9.9937E-05
0.836042 0.020163 9.9973E-05 0.0720916 0.0171062 0.0271498 0.0271474 9.9973E-05 9.9973E-05
0.978192 9.9937E-05 0.0211083 9.9937E-05 9.9937E-05 9.9937E-05 9.9937E-05 9.9937E-05 9.9937E-05
0.612073 0.0949376 0.0332531 0.103427 0.00591122 0.0123075 0.0206904 0.0368765 0.0805246
9.993E-05 0.999201 9.993E-05 9.993E-05 9.993E-05 9.993E-05 9.993E-05 9.993E-05 9.993E-05
0.0764046 0.053259 0.0363606 0.00624161 9.9982E-05 9.9982E-05 0.0865281 0.13302 0.607986
9.993E-05 0.999201 9.993E-05 9.993E-05 9.993E-05 9.993E-05 9.993E-05 9.993E-05 9.993E-05
9.993E-05 0.999201 9.993E-05 9.993E-05 9.993E-05 9.993E-05 9.993E-05 9.993E-05 9.993E-05
9.99371E-05 0.9479 9.99371E-05 0.0514008 9.99371E-05 9.99371E-05 9.99371E-05 9.99371E-05 9.99371E-05
0.0505783 0.796891 0.0313012 0.0551257 9.9982E-05 9.9982E-05 0.00471792 0.0328712 0.0283145
9.99371E-05 0.994059 9.99371E-05 0.00524161 9.99371E-05 9.99371E-05 9.99371E-05 9.99371E-05 9.99371E-05
0.0035327 0.864338 9.9964E-05 0.0595628 9.9964E-05 9.9964E-05 9.9964E-05 0.00433919 0.067827
9.9946E-05 0.969746 0.0023111 9.9946E-05 9.9946E-05 9.9946E-05 0.0273433 9.9946E-05 9.9946E-05
9.9955E-05 0.927803 9.9955E-05 9.9955E-05 9.9955E-05 0.0527992 9.9955E-05 0.00358249 0.0153158
9.993E-05 0.999201 9.993E-05 9.993E-05 9.993E-05 9.993E-05 9.993E-05 9.993E-05 9.993E-05
0.0195556 0.96205 0.0049942 9.9964E-05 9.9964E-05 9.9964E-05 9.9964E-05 0.00100284 0.0119976
9.9955E-05 0.967202 0.0146944 9.9955E-05 9.9955E-05 0.0147919 9.9955E-05 9.9955E-05 0.00281159
0.0340822 0.797734 0.0521367 9.9982E-05 9.9982E-05 0.0110138 0.0330589 0.0479979 0.0237764
0.0218912 0.949576 9.9955E-05 9.9955E-05 0.0226767 9.9955E-05 0.00535604 9.9955E-05 9.9955E-05
9.9964E-05 0.876061 0.0217661 0.0320328 9.9964E-05 9.9964E-05 9.9964E-05 0.0649522 0.00478843
9.9964E-05 0.877796 0.0225861 9.9964E-05 0.0212751 9.9964E-05 9.9964E-05 0.0223913 0.0555518
0.00883058 0.866151 0.0494707 0.0204223 0.00269796 0.0216045 0.0122902 0.01254 0.00599327
0.0337903 0.920569 9.9964E-05 9.9964E-05 9.9964E-05 9.9964E-05 0.0244259 0.0102272 0.0105876
0.0526153 0.033268 0.295041 0.109349 0.0413689 9.9991E-05 0.0366665 0.150121 0.28147
0.0790927 0.0596963 0.332283 0.0970667 0.0368832 9.9991E-05 0.0348331 0.124612 0.235433
0.0788291 0.0626235 0.260615 0.0781309 0.0278159 9.9991E-05 0.0709052 0.215845 0.205135
0.0530333 0.0625407 0.254886 0.135596 0.04639 9.9991E-05 0.0532709 0.208672 0.185511
0.0483363 9.9955E-05 9.9955E-05 0.921995 9.9955E-05 0.0236153 9.9955E-05 0.00555372 9.9955E-05
9.993E-05 9.993E-05 9.993E-05 0.999201 9.993E-05 9.993E-05 9.993E-05 9.993E-05 9.993E-05
9.9937E-05 9.9937E-05 0.00633333 0.992967 9.9937E-05 9.9937E-05 9.9937E-05 9.9937E-05 9.9937E-05
9.993E-05 9.993E-05 9.993E-05 0.999201 9.993E-05 9.993E-05 9.993E-05 9.993E-05 9.993E-05
9.9964E-05 9.9964E-05 0.0145336 0.95646 0.00824202 9.9964E-05 0.0101818 9.9964E-05 0.0101826
9.9964E-05 0.0077227 0.00849327 0.938684 9.9964E-05 9.9964E-05 0.0182365 9.9964E-05 0.0264637
0.00496087 0.00805873 0.0238125 0.862662 0.00559531 9.9991E-05 0.0239429 0.0291875 0.0416804
0.00227275 0.016634 0.00983858 0.771567 0.0109895 0.105492 9.9991E-05 0.0272067 0.0558987
9.9964E-05 0.0090348 9.9964E-05 0.82446 9.9964E-05 0.0301148 9.9964E-05 0.0775473 0.0584435
9.9946E-05 9.9946E-05 0.978404 9.9946E-05 9.9946E-05 9.9946E-05 0.0143078 9.9946E-05 0.00668871
9.993E-05 9.993E-05 0.999201 9.993E-05 9.993E-05 9.993E-05 9.993E-05 9.993E-05 9.993E-05
9.993E-05 9.993E-05 0.999201 9.993E-05 9.993E-05 9.993E-05 9.993E-05 9.993E-05 9.993E-05
9.99371E-05 9.99371E-05 0.984226 0.0150747 9.99371E-05 9.99371E-05 9.99371E-05 9.99371E-05 9.99371E-05
9.993E-05 9.993E-05 0.999201 9.993E-05 9.993E-05 9.993E-05 9.993E-05 9.993E-05 9.993E-05
9.9973E-05 9.9973E-05 0.897121 0.0350379 0.00357991 0.00747815 9.9973E-05 0.0112383 0.045245
9.993E-05 9.993E-05 0.999201 9.993E-05 9.993E-05 9.993E-05 9.993E-05 9.993E-05 9.993E-05
9.993E-05 9.993E-05 0.999201 9.993E-05 9.993E-05 9.993E-05 9.993E-05 9.993E-05 9.993E-05
9.993E-05 9.993E-05 0.999201 9.993E-05 9.993E-05 9.993E-05 9.993E-05 9.993E-05 9.993E-05
0.00873039 9.9946E-05 0.986644 9.9946E-05 9.9946E-05 9.9946E-05 9.9946E-05 0.00402551 9.9946E-05
9.993E-05 9.993E-05 0.999201 9.993E-05 9.993E-05 9.993E-05 9.993E-05 9.993E-05 9.993E-05
0.00591863 9.99371E-05 0.993382 9.99371E-05 9.99371E-05 9.99371E-05 9.99371E-05 9.99371E-05 9.99371E-05
