9.98921E-05 9.98921E-05 9.98921E-05 9.98921E-05 9.98921E-05 9.98921E-05 9.98921E-05 9.98921E-05 9.98921E-05 9.98921E-05 9.98921E-05 9.98921E-05 0.998801
9.9937E-05 0.123512 0.0460383 9.9937E-05 9.9937E-05 0.016715 9.9937E-05 9.9937E-05 0.762345 0.000907305 9.9937E-05 9.9937E-05 0.0497832
9.98921E-05 9.98921E-05 9.98921E-05 9.98921E-05 9.98921E-05 9.98921E-05 9.98921E-05 0.998801 9.98921E-05 9.98921E-05 9.98921E-05 9.98921E-05 9.98921E-05
9.9919E-05 0.0808436 9.9919E-05 0.0375153 9.9919E-05 9.9919E-05 9.9919E-05 0.867361 9.9919E-05 0.0133808 9.9919E-05 9.9919E-05 9.9919E-05
9.991E-05 9.991E-05 0.0587472 9.991E-05 9.991E-05 0.0181686 9.991E-05 9.991E-05 9.991E-05 9.991E-05 9.991E-05 0.922085 9.991E-05
9.99101E-05 9.99101E-05 9.99101E-05 9.99101E-05 0.00251919 9.99101E-05 9.99101E-05 9.99101E-05 9.99101E-05 9.99101E-05 9.99101E-05 0.96499 0.0314914
9.991E-05 9.991E-05 9.991E-05 0.0608623 9.991E-05 9.991E-05 9.991E-05 9.991E-05 0.884258 9.991E-05 9.991E-05 9.991E-05 0.0538807
9.98921E-05 9.98921E-05 9.98921E-05 9.98921E-05 9.98921E-05 9.98921E-05 9.98921E-05 9.98921E-05 0.998801 9.98921E-05 9.98921E-05 9.98921E-05 9.98921E-05
0.2427 9.9937E-05 9.9937E-05 9.9937E-05 9.9937E-05 9.9937E-05 9.9937E-05 0.216161 0.266836 9.9937E-05 0.0246009 0.234077 0.0149251
9.9946E-05 9.9946E-05 0.0474451 9.9946E-05 0.183989 0.0526281 9.9946E-05 0.113548 0.321117 9.9946E-05 0.213928 9.9946E-05 0.0667451
9.9919E-05 9.9919E-05 9.9919E-05 9.9919E-05 9.9919E-05 0.0155744 0.0152019 0.0394178 9.9919E-05 0.928907 9.9919E-05 9.9919E-05 9.9919E-05
9.98921E-05 9.98921E-05 9.98921E-05 9.98921E-05 9.98921E-05 9.98921E-05 0.998801 9.98921E-05 9.98921E-05 9.98921E-05 9.98921E-05 9.98921E-05 9.98921E-05
9.99101E-05 9.99101E-05 9.99101E-05 9.99101E-05 9.99101E-05 9.99101E-05 0.773589 9.99101E-05 9.99101E-05 0.0902737 9.99101E-05 0.135138 9.99101E-05
9.9919E-05 9.9919E-05 9.9919E-05 9.9919E-05 0.902722 0.0192841 0.0229019 0.0541924 9.9919E-05 9.9919E-05 9.9919E-05 9.9919E-05 9.9919E-05
9.9937E-05 0.222148 9.9937E-05 9.9937E-05 9.9937E-05 0.0369609 0.54321 0.0790841 9.9937E-05 9.9937E-05 0.0910754 0.0268225 9.9937E-05
9.99011E-05 0.97896 9.99011E-05 9.99011E-05 9.99011E-05 9.99011E-05 9.99011E-05 9.99011E-05 9.99011E-05 0.0199413 9.99011E-05 9.99011E-05 9.99011E-05
9.9919E-05 0.000319843 9.9919E-05 9.9919E-05 0.356497 9.9919E-05 0.0489346 9.9919E-05 9.9919E-05 0.593349 9.9919E-05 9.9919E-05 9.9919E-05
0.178997 0.250233 0.0491073 9.9919E-05 0.520764 9.9919E-05 9.9919E-05 9.9919E-05 9.9919E-05 9.9919E-05 9.9919E-05 9.9919E-05 9.9919E-05
0.0165714 0.0153541 0.0016159 0.0139889 0.246004 0.0133382 0.637595 0.00203279 9.9982E-05 0.0196594 0.0323156 9.9982E-05 0.00132506
9.98921E-05 0.998801 9.98921E-05 9.98921E-05 9.98921E-05 9.98921E-05 9.98921E-05 9.98921E-05 9.98921E-05 9.98921E-05 9.98921E-05 9.98921E-05 9.98921E-05
9.9946E-05 9.9946E-05 0.0154504 9.9946E-05 0.623586 9.9946E-05 0.20467 9.9946E-05 9.9946E-05 0.0273792 0.0332393 0.0288643 0.0662109
0.0569927 0.392889 0.00979306 9.9946E-05 9.9946E-05 9.9946E-05 9.9946E-05 9.9946E-05 0.195325 0.172902 0.047358 0.124141 9.9946E-05
9.9901E-05 9.9901E-05 9.9901E-05 9.9901E-05 9.9901E-05 9.9901E-05 9.9901E-05 9.9901E-05 9.9901E-05 0.975564 9.9901E-05 9.9901E-05 0.0233373
9.98921E-05 9.98921E-05 9.98921E-05 9.98921E-05 0.998801 9.98921E-05 9.98921E-05 9.98921E-05 9.98921E-05 9.98921E-05 9.98921E-05 9.98921E-05 9.98921E-05
9.9955E-05 0.147291 0.113421 9.9955E-05 0.314372 0.00567343 0.293481 0.0398536 9.9955E-05 9.9955E-05 0.0754407 9.9955E-05 0.00996786
0.0559346 0.00904941 0.114172 9.9946E-05 0.222406 9.9946E-05 0.408395 9.9946E-05 0.14222 9.9946E-05 9.9946E-05 9.9946E-05 0.0472229
0.213436 0.012646 9.9928E-05 0.0689235 9.9928E-05 9.9928E-05 0.600401 9.9928E-05 9.9928E-05 9.9928E-05 0.103794 9.9928E-05 9.9928E-05
9.9955E-05 0.0319027 0.309498 9.9955E-05 9.9955E-05 0.00912278 0.490017 0.0353384 9.9955E-05 0.0081529 0.0780169 0.0374512 9.9955E-05
0.0879124 9.993E-05 0.189563 9.993E-05 0.00432494 9.993E-05 0.580705 9.993E-05 0.0170961 9.993E-05 0.1197 9.993E-05 9.993E-05
0.0520012 9.99101E-05 0.123753 9.99101E-05 9.99101E-05 9.99101E-05 0.823247 9.99101E-05 9.99101E-05 9.99101E-05 9.99101E-05 9.99101E-05 9.99101E-05
0.998801 9.98921E-05 9.98921E-05 9.98921E-05 9.98921E-05 9.98921E-05 9.98921E-05 9.98921E-05 9.98921E-05 9.98921E-05 9.98921E-05 9.98921E-05 9.98921E-05
0.989383 9.9901E-05 9.9901E-05 9.9901E-05 9.9901E-05 9.9901E-05 9.9901E-05 9.9901E-05 9.9901E-05 9.9901E-05 9.9901E-05 9.9901E-05 0.00951781
0.00419119 0.00891883 0.161687 9.99191E-05 9.99191E-05 9.99191E-05 9.99191E-05 9.99191E-05 9.99191E-05 9.99191E-05 0.824303 9.99191E-05 9.99191E-05
9.99011E-05 9.99011E-05 9.99011E-05 0.0616726 9.99011E-05 9.99011E-05 9.99011E-05 9.99011E-05 9.99011E-05 9.99011E-05 0.937229 9.99011E-05 9.99011E-05
0.101828 9.9937E-05 9.9937E-05 9.9937E-05 9.9937E-05 9.9937E-05 0.106966 0.0535032 9.9937E-05 0.0799652 0.648779 0.00825924 9.9937E-05
0.0886605 9.99281E-05 0.0695349 9.99281E-05 9.99281E-05 9.99281E-05 9.99281E-05 9.99281E-05 9.99281E-05 0.00125114 0.753466 9.99281E-05 0.0862881
9.9946E-05 0.104877 9.9946E-05 0.00204942 9.9946E-05 9.9946E-05 9.9946E-05 0.009836 0.195319 9.9946E-05 0.64476 0.0305119 0.0120468
0.0820024 9.9937E-05 0.131053 9.9937E-05 9.9937E-05 9.9937E-05 0.0203262 9.9937E-05 9.9937E-05 0.0590398 0.672411 9.9937E-05 0.0344675
9.9928E-05 0.0294043 9.9928E-05 0.0215402 0.00559209 0.00532282 9.9928E-05 9.9928E-05 9.9928E-05 9.9928E-05 0.937341 9.9928E-05 9.9928E-05
9.9946E-05 0.0608699 0.192181 0.0221807 9.9946E-05 0.0437209 0.0960449 9.9946E-05 9.9946E-05 9.9946E-05 0.582116 9.9946E-05 0.00228651
0.229014 9.9928E-05 0.0172436 9.9928E-05 0.00216529 9.9928E-05 9.9928E-05 9.9928E-05 0.0729675 9.9928E-05 0.677811 9.9928E-05 9.9928E-05
9.995E-05 9.995E-05 0.352104 0.11844 0.0564931 9.995E-05 0.0682705 0.0473691 0.00594351 9.995E-05 0.280804 9.995E-05 0.0700763
0.0810961 9.9928E-05 0.0989909 9.9928E-05 9.9928E-05 0.0092897 0.0917771 9.9928E-05 9.9928E-05 9.9928E-05 0.718047 9.9928E-05 9.9928E-05
9.9928E-05 9.9928E-05 9.9928E-05 0.0343438 9.9928E-05 0.002349 0.0568395 9.9928E-05 9.9928E-05 0.0185514 0.887117 9.9928E-05 9.9928E-05
0.0534082 9.99371E-05 0.0965976 0.289709 9.99371E-05 9.99371E-05 9.99371E-05 9.99371E-05 9.99371E-05 0.159652 0.384247 9.99371E-05 0.0156862
0.130134 9.9928E-05 0.0605184 0.689536 9.9928E-05 9.9928E-05 0.0543438 9.9928E-05 0.0646686 9.9928E-05 9.9928E-05 9.9928E-05 9.9928E-05
9.99191E-05 9.99191E-05 9.99191E-05 0.787299 0.10794 0.0494659 9.99191E-05 9.99191E-05 9.99191E-05 9.99191E-05 0.0543957 9.99191E-05 9.99191E-05
0.020159 9.991E-05 0.0535356 0.925306 9.991E-05 9.991E-05 9.991E-05 9.991E-05 9.991E-05 9.991E-05 9.991E-05 9.991E-05 9.991E-05
9.9919E-05 9.9919E-05 9.9919E-05 0.540728 9.9919E-05 9.9919E-05 0.24762 0.139542 9.9919E-05 9.9919E-05 0.0712116 9.9919E-05 9.9919E-05
0.00881216 9.9937E-05 0.140763 0.335749 9.9937E-05 9.9937E-05 9.9937E-05 0.0369761 9.9937E-05 9.9937E-05 0.380737 0.0962637 9.9937E-05
0.0171521 0.0364824 0.11235 0.732425 9.9937E-05 9.9937E-05 9.9937E-05 9.9937E-05 9.9937E-05 0.0187668 0.082124 9.9937E-05 9.9937E-05
9.99101E-05 0.0216455 9.99101E-05 0.920047 9.99101E-05 9.99101E-05 9.99101E-05 9.99101E-05 9.99101E-05 9.99101E-05 9.99101E-05 9.99101E-05 0.0573089
9.99281E-05 0.0365696 0.140287 0.7961 9.99281E-05 9.99281E-05 9.99281E-05 9.99281E-05 9.99281E-05 0.00406262 9.99281E-05 9.99281E-05 0.0221819
9.9919E-05 9.9919E-05 0.11503 0.602699 9.9919E-05 9.9919E-05 9.9919E-05 9.9919E-05 9.9919E-05 0.0494865 0.231885 9.9919E-05 9.9919E-05
0.0589301 9.991E-05 9.991E-05 0.927441 9.991E-05 9.991E-05 9.991E-05 9.991E-05 9.991E-05 9.991E-05 0.0126302 9.991E-05 9.991E-05
9.99191E-05 9.99191E-05 9.99191E-05 0.900614 9.99191E-05 0.0421685 0.0268129 0.0295051 9.99191E-05 9.99191E-05 9.99191E-05 9.99191E-05 9.99191E-05
0.128774 0.0464045 0.752601 9.99281E-05 9.99281E-05 9.99281E-05 0.0613633 0.0100583 9.99281E-05 9.99281E-05 9.99281E-05 9.99281E-05 9.99281E-05
0.00342774 9.9955E-05 0.752066 0.0897888 0.00772613 9.9955E-05 0.0602342 0.0499528 0.0270359 0.00926882 9.9955E-05 9.9955E-05 9.9955E-05
0.108895 9.9919E-05 0.698145 0.133104 9.9919E-05 9.9919E-05 9.9919E-05 9.9919E-05 9.9919E-05 9.9919E-05 9.9919E-05 0.0589563 9.9919E-05
0.0211096 9.9937E-05 0.591207 9.9937E-05 9.9937E-05 0.000589928 0.0228061 9.9937E-05 0.231399 9.9937E-05 0.132189 9.9937E-05 9.9937E-05
0.064815 9.9937E-05 0.769367 0.059909 0.0367807 9.9937E-05 9.9937E-05 9.9937E-05 0.054475 9.9937E-05 9.9937E-05 9.9937E-05 0.0139536
9.99281E-05 9.99281E-05 0.441595 9.99281E-05 9.99281E-05 0.0907394 9.99281E-05 0.00198438 0.039513 9.99281E-05 0.425368 9.99281E-05 9.99281E-05
9.9937E-05 9.9937E-05 0.769554 0.0730797 9.9937E-05 9.9937E-05 9.9937E-05 9.9937E-05 9.9937E-05 0.033817 0.061175 0.0533538 0.00832073
0.0148137 9.99102E-05 0.973262 9.99102E-05 9.99102E-05 0.0109252 9.99102E-05 9.99102E-05 9.99102E-05 9.99102E-05 9.99102E-05 9.99102E-05 9.99102E-05
9.9946E-05 9.9946E-05 0.820633 9.9946E-05 0.0239286 0.00104294 0.00893382 9.9946E-05 9.9946E-05 0.00152079 0.139618 0.00372314 9.9946E-05
9.99011E-05 9.99011E-05 0.949805 9.99011E-05 9.99011E-05 9.99011E-05 0.049096 9.99011E-05 9.99011E-05 9.99011E-05 9.99011E-05 9.99011E-05 9.99011E-05
9.9919E-05 0.00512687 0.949413 9.9919E-05 9.9919E-05 9.9919E-05 0.0209833 0.023578 9.9919E-05 9.9919E-05 9.9919E-05 9.9919E-05 9.9919E-05
0.0332893 0.0281537 0.925333 9.9928E-05 0.0104707 9.9928E-05 9.9928E-05 0.00195381 9.9928E-05 9.9928E-05 9.9928E-05 9.9928E-05 9.9928E-05
9.9919E-05 9.9919E-05 0.965474 9.9919E-05 0.0160869 0.00714301 9.9919E-05 9.9919E-05 9.9919E-05 9.9919E-05 9.9919E-05 9.9919E-05 0.0103971
9.991E-05 9.991E-05 0.91345 0.0772135 9.991E-05 9.991E-05 9.991E-05 0.0083377 9.991E-05 9.991E-05 9.991E-05 9.991E-05 9.991E-05
0.000664636 0.00543446 0.946376 9.99191E-05 9.99191E-05 9.99191E-05 9.99191E-05 9.99191E-05 9.99191E-05 9.99191E-05 0.0466259 9.99191E-05 9.99191E-05
0.00673044 9.99371E-05 0.536805 0.00815651 9.99371E-05 0.0291877 9.99371E-05 9.99371E-05 0.168382 9.99371E-05 0.250039 9.99371E-05 9.99371E-05
9.99191E-05 9.99191E-05 0.959537 9.99191E-05 9.99191E-05 0.00504361 9.99191E-05 0.0257691 0.00875078 9.99191E-05 9.99191E-05 9.99191E-05 9.99191E-05
9.9928E-05 9.9928E-05 0.74934 9.9928E-05 0.0492181 0.0510402 9.9928E-05 9.9928E-05 9.9928E-05 9.9928E-05 0.0827607 9.9928E-05 0.0668413
0.0220601 0.0260013 0.306877 0.0123599 0.0399627 0.530088 9.9982E-05 0.0100344 0.0027677 0.0332818 0.0045934 0.0117742 9.9982E-05
9.9892E-05 9.9892E-05 9.9892E-05 9.9892E-05 9.9892E-05 0.998801 9.9892E-05 9.9892E-05 9.9892E-05 9.9892E-05 9.9892E-05 9.9892E-05 9.9892E-05
9.9946E-05 9.9946E-05 0.6332 0.0351067 9.9946E-05 0.0563838 0.0871325 0.0101841 9.9946E-05 9.9946E-05 0.121386 9.9946E-05 0.0560079
