0.9995 9.996E-05 9.996E-05 9.996E-05 9.996E-05 9.996E-05
0.745222 0.133378 9.9982E-05 0.0226499 0.0985496 9.9982E-05
9.996E-05 9.996E-05 9.996E-05 9.996E-05 0.9995 9.996E-05
9.9973E-05 9.9973E-05 9.9973E-05 0.00585878 0.936232 0.0576092
0.702554 0.0330919 0.171188 0.00393091 0.0891361 9.9991E-05
0.788773 9.9973E-05 9.9973E-05 9.9973E-05 0.115921 0.0950067
0.845786 9.9973E-05 0.148054 0.00585993 9.9973E-05 9.9973E-05
0.879921 0.010188 0.109591 9.9973E-05 9.9973E-05 9.9973E-05
0.200142 0.012893 0.186751 9.9982E-05 0.600014 9.9982E-05
0.555934 0.077434 0.170057 0.0631415 0.133333 9.9991E-05
9.9982E-05 9.9982E-05 0.00460735 0.0633361 0.0186755 0.913181
0.00230816 9.9982E-05 0.0342219 0.0190403 9.9982E-05 0.94423
0.212503 0.0117337 9.9982E-05 9.9982E-05 0.0274751 0.748088
9.999E-05 0.0784104 0.0460494 0.0345132 0.0593273 0.7816
9.9991E-05 0.0413395 0.00135217 0.0686515 0.0854494 0.803107
0.00163281 9.9973E-05 9.9973E-05 9.9973E-05 0.0199329 0.978134
9.996E-05 9.996E-05 9.996E-05 9.996E-05 9.996E-05 0.9995
9.9982E-05 0.124868 0.140582 9.9982E-05 0.00974126 0.724609
9.9982E-05 0.07727 0.0746938 0.0129995 9.9982E-05 0.834837
9.9964E-05 9.9964E-05 0.00509949 9.9964E-05 9.9964E-05 0.994501
0.0862948 0.111139 0.043661 9.9991E-05 0.0139426 0.744862
0.306712 0.0587287 9.9982E-05 9.9982E-05 0.0604426 0.573917
0.0112142 9.9964E-05 9.9964E-05 9.9964E-05 9.9964E-05 0.988386
9.9964E-05 0.0853408 9.9964E-05 9.9964E-05 9.9964E-05 0.914259
9.9973E-05 0.206041 9.9973E-05 9.9973E-05 0.0151636 0.778496
0.0912797 0.228698 0.0313447 9.9982E-05 9.9982E-05 0.648478
9.9982E-05 0.038078 0.399168 9.9982E-05 0.0321666 0.530388
9.9982E-05 0.404089 9.9982E-05 0.0155542 0.16612 0.414036
0.0545128 0.387755 0.00721208 9.9982E-05 9.9982E-05 0.550321
9.9973E-05 0.390579 9.9973E-05 9.9973E-05 0.00169782 0.607423
9.9973E-05 0.283657 0.477756 9.9973E-05 0.238287 9.9973E-05
0.0175527 0.155671 0.483099 9.9991E-05 0.262249 0.0813278
9.9982E-05 0.248957 0.535894 9.9982E-05 0.0814288 0.13352
0.012078 9.9973E-05 0.92753 9.9973E-05 9.9973E-05 0.0600926
9.9982E-05 0.04663 0.572748 9.9982E-05 0.049412 0.33101
9.9982E-05 0.0905553 0.764047 0.0212289 0.123968 9.9982E-05
0.266495 9.9982E-05 0.573111 9.9982E-05 0.00288643 0.157308
0.0377044 0.102338 0.666234 9.9991E-05 0.026651 0.166973
9.9982E-05 9.9982E-05 0.827326 0.0130687 0.0286907 0.130714
0.0239578 0.360602 0.450806 0.0338546 0.010095 0.120684
0.0628082 0.0831322 0.795701 9.9982E-05 0.0581591 9.9982E-05
0.0867207 0.393245 0.346584 9.9991E-05 0.0797155 0.0936349
9.9982E-05 0.189595 0.553284 9.9982E-05 0.0963405 0.16058
0.0133242 0.0239487 0.756677 0.00883454 9.9991E-05 0.197115
9.9982E-05 0.215679 0.693436 9.9982E-05 0.071736 0.0189494
0.0939367 0.15935 0.735911 0.0106024 9.9982E-05 9.9982E-05
9.9973E-05 0.234722 0.741648 0.0233293 9.9973E-05 9.9973E-05
9.9964E-05 0.211282 0.788318 9.9964E-05 9.9964E-05 9.9964E-05
0.0680656 0.118317 0.700795 9.9991E-05 0.0144858 0.0982364
0.0705081 0.26437 0.554436 9.9982E-05 0.110486 9.9982E-05
9.9964E-05 0.13826 0.86134 9.9964E-05 9.9964E-05 9.9964E-05
9.9964E-05 9.9964E-05 0.994779 0.00482159 9.9964E-05 9.9964E-05
0.0203791 0.276379 0.69187 0.0111715 9.9982E-05 9.9982E-05
9.9964E-05 0.049143 0.950457 9.9964E-05 9.9964E-05 9.9964E-05
9.996E-05 9.996E-05 0.9995 9.996E-05 9.996E-05 9.996E-05
9.9982E-05 0.242551 0.717559 0.0386687 0.00102121 9.9982E-05
9.9964E-05 0.874998 9.9964E-05 9.9964E-05 9.9964E-05 0.124602
0.000124194 0.713562 0.0669136 9.9982E-05 9.9982E-05 0.2192
0.0723517 0.881121 0.0230141 9.9982E-05 0.0233132 9.9982E-05
0.143602 0.747475 0.108624 9.9973E-05 9.9973E-05 9.9973E-05
0.0166004 0.829844 0.115435 9.9982E-05 9.9982E-05 0.0379208
9.9982E-05 0.515383 0.243397 0.087921 0.153099 9.9982E-05
0.0581482 0.798891 0.142661 9.9973E-05 9.9973E-05 9.9973E-05
9.99641E-05 0.964038 9.99641E-05 0.0355621 9.99641E-05 9.99641E-05
9.9964E-05 0.912878 0.086722 9.9964E-05 9.9964E-05 9.9964E-05
9.996E-05 0.9995 9.996E-05 9.996E-05 9.996E-05 9.996E-05
9.996E-05 0.9995 9.996E-05 9.996E-05 9.996E-05 9.996E-05
9.9964E-05 0.993602 9.9964E-05 9.9964E-05 0.00599839 9.9964E-05
9.9964E-05 0.986986 9.9964E-05 0.0126144 9.9964E-05 9.9964E-05
9.9964E-05 0.996802 9.9964E-05 9.9964E-05 0.00279836 9.9964E-05
9.9964E-05 0.967552 0.0320484 9.9964E-05 9.9964E-05 9.9964E-05
0.0727312 0.61164 0.315073 0.000355215 9.9982E-05 9.9982E-05
9.9964E-05 0.999465 9.9964E-05 9.9964E-05 0.00013518 9.9964E-05
0.0390521 0.705549 0.169131 0.0612802 9.9991E-05 0.0248879
0.00258262 0.27566 0.095292 0.571584 0.00819218 0.0466897
9.996E-05 9.996E-05 9.996E-05 0.9995 9.996E-05 9.996E-05
0.0300433 0.645154 0.236662 0.0679022 0.010086 0.0101522
