0.998901 9.99011E-05 9.99011E-05 9.99011E-05 9.99011E-05 9.99011E-05 9.99011E-05 9.99011E-05 9.99011E-05 9.99011E-05 9.99011E-05 9.99011E-05
0.429209 0.0809052 9.9955E-05 0.0249498 9.9955E-05 9.9955E-05 0.0562397 0.0608653 9.9955E-05 0.0283872 9.9955E-05 0.318944
9.99011E-05 9.99011E-05 9.99011E-05 9.99011E-05 9.99011E-05 9.99011E-05 9.99011E-05 9.99011E-05 9.99011E-05 0.998901 9.99011E-05 9.99011E-05
9.9937E-05 9.9937E-05 9.9937E-05 0.0163048 9.9937E-05 9.9937E-05 0.0628294 0.0239883 9.9937E-05 0.845766 0.0504123 9.9937E-05
9.9919E-05 9.9919E-05 9.9919E-05 9.9919E-05 9.9919E-05 0.00178958 9.9919E-05 0.0832614 9.9919E-05 9.9919E-05 9.9919E-05 0.91405
0.902335 9.9919E-05 9.9919E-05 9.9919E-05 9.9919E-05 9.9919E-05 9.9919E-05 0.0845493 9.9919E-05 9.9919E-05 0.0122164 9.9919E-05
0.853162 0.0126833 9.9928E-05 9.9928E-05 0.0932185 0.0401363 9.9928E-05 9.9928E-05 9.9928E-05 9.9928E-05 9.9928E-05 9.9928E-05
9.99011E-05 9.99011E-05 9.99011E-05 9.99011E-05 9.99011E-05 9.99011E-05 9.99011E-05 9.99011E-05 9.99011E-05 9.99011E-05 9.99011E-05 0.998901
0.489813 9.9937E-05 9.9937E-05 9.9937E-05 0.0275433 9.9937E-05 9.9937E-05 9.9937E-05 0.344795 0.0627154 9.9937E-05 0.0744338
9.9955E-05 0.0491722 0.138029 0.0636809 9.9955E-05 9.9955E-05 9.9955E-05 9.9955E-05 0.106513 0.0576167 0.0559524 0.528536
9.9901E-05 9.9901E-05 9.9901E-05 9.9901E-05 9.9901E-05 9.9901E-05 9.9901E-05 0.998901 9.9901E-05 9.9901E-05 9.9901E-05 9.9901E-05
9.99011E-05 9.99011E-05 9.99011E-05 9.99011E-05 0.998901 9.99011E-05 9.99011E-05 9.99011E-05 9.99011E-05 9.99011E-05 9.99011E-05 9.99011E-05
0.0577584 9.9937E-05 9.9937E-05 9.9937E-05 0.0809644 9.9937E-05 9.9937E-05 0.798699 9.9937E-05 0.0231504 9.9937E-05 0.0387287
9.9946E-05 9.9946E-05 9.9946E-05 0.0131095 0.907211 0.00855086 9.9946E-05 9.9946E-05 9.9946E-05 0.0176738 0.011382 0.0414732
0.00308785 9.9955E-05 0.0994683 0.0503757 0.390193 9.9955E-05 0.130801 0.265959 9.9955E-05 0.059615 9.9955E-05 9.9955E-05
9.9928E-05 9.9928E-05 9.9928E-05 9.9928E-05 0.312739 9.9928E-05 0.350006 0.0983741 9.9928E-05 9.9928E-05 0.238081 9.9928E-05
9.9919E-05 9.9919E-05 9.9919E-05 9.9919E-05 9.9919E-05 9.9919E-05 0.00935468 0.159146 9.9919E-05 9.9919E-05 0.8306 9.9919E-05
9.9964E-05 0.111251 0.0289708 0.00564143 0.131198 9.9964E-05 0.0230506 9.9964E-05 0.167681 0.0208458 0.510961 9.9964E-05
9.99611E-05 0.0308685 9.99611E-05 0.00239595 0.646987 0.0848646 9.99611E-05 0.108363 0.0109483 9.99611E-05 0.115073 9.99611E-05
9.994E-05 9.994E-05 9.994E-05 9.994E-05 0.0187798 9.994E-05 0.000198779 9.994E-05 0.00784704 0.118459 0.845978 0.00813822
0.0608624 0.111874 9.9937E-05 9.9937E-05 9.9937E-05 9.9937E-05 9.9937E-05 0.0151117 9.9937E-05 0.0741973 0.737255 9.9937E-05
9.9919E-05 9.9919E-05 9.9919E-05 9.9919E-05 9.9919E-05 9.9919E-05 0.838372 9.9919E-05 0.0226559 9.9919E-05 9.9919E-05 0.138073
9.9901E-05 9.9901E-05 9.9901E-05 9.9901E-05 9.9901E-05 9.9901E-05 0.998901 9.9901E-05 9.9901E-05 9.9901E-05 9.9901E-05 9.9901E-05
9.99011E-05 9.99011E-05 9.99011E-05 9.99011E-05 9.99011E-05 9.99011E-05 9.99011E-05 9.99011E-05 9.99011E-05 9.99011E-05 0.998901 9.99011E-05
9.9937E-05 0.0791865 9.9937E-05 9.9937E-05 0.804098 9.9937E-05 9.9937E-05 0.0650937 9.9937E-05 0.0314851 0.0194375 9.9937E-05
0.0589456 0.137408 9.9955E-05 9.9955E-05 0.695821 0.0111662 0.00724667 9.9955E-05 0.0469783 9.9955E-05 0.0419342 9.9955E-05
9.9964E-05 0.058832 0.0139133 9.9964E-05 0.325191 0.150438 0.00989452 0.175462 0.228622 9.9964E-05 0.0372483 9.9964E-05
9.995E-05 0.362172 9.995E-05 9.995E-05 0.232373 0.066342 0.13484 0.0971674 9.995E-05 0.0974734 9.995E-05 0.00913306
0.0547495 0.212123 0.0483894 9.9946E-05 0.532063 9.9946E-05 0.0359233 9.9946E-05 0.116152 9.9946E-05 9.9946E-05 9.9946E-05
9.9937E-05 0.249261 9.9937E-05 9.9937E-05 0.210942 9.9937E-05 0.108454 0.294316 0.136328 9.9937E-05 9.9937E-05 9.9937E-05
9.9901E-05 9.9901E-05 9.9901E-05 9.9901E-05 9.9901E-05 9.9901E-05 9.9901E-05 9.9901E-05 0.998901 9.9901E-05 9.9901E-05 9.9901E-05
9.9901E-05 9.9901E-05 9.9901E-05 9.9901E-05 9.9901E-05 9.9901E-05 9.9901E-05 9.9901E-05 0.998901 9.9901E-05 9.9901E-05 9.9901E-05
9.9937E-05 0.0405787 0.834626 0.00455109 0.107984 9.9937E-05 9.9937E-05 9.9937E-05 9.9937E-05 0.0115609 9.9937E-05 9.9937E-05
9.9919E-05 9.9919E-05 0.737217 9.9919E-05 9.9919E-05 0.161923 9.9919E-05 9.9919E-05 9.9919E-05 9.9919E-05 0.0999602 9.9919E-05
9.9946E-05 9.9946E-05 0.58362 0.00193304 0.18924 9.9946E-05 0.0443889 0.0396568 0.140562 9.9946E-05 9.9946E-05 9.9946E-05
0.00762645 9.99101E-05 0.991374 9.99101E-05 9.99101E-05 9.99101E-05 9.99101E-05 9.99101E-05 9.99101E-05 9.99101E-05 9.99101E-05 9.99101E-05
0.0142059 0.0269334 0.620752 9.9955E-05 9.9955E-05 9.9955E-05 0.0760011 9.9955E-05 9.9955E-05 0.0086299 0.00861855 0.244359
9.9937E-05 0.0346448 0.813949 9.9937E-05 9.9937E-05 9.9937E-05 0.053514 9.9937E-05 0.0193897 9.9937E-05 0.0778033 9.9937E-05
9.9928E-05 9.9928E-05 0.910383 9.9928E-05 9.9928E-05 9.9928E-05 9.9928E-05 0.0766267 0.0112957 0.000895393 9.9928E-05 9.9928E-05
0.0114063 0.208743 0.593753 0.0340538 9.9955E-05 0.0358901 0.0670092 0.0486446 9.9955E-05 9.9955E-05 9.9955E-05 9.9955E-05
9.99101E-05 9.99101E-05 0.839958 9.99101E-05 9.99101E-05 9.99101E-05 9.99101E-05 9.99101E-05 0.159043 9.99101E-05 9.99101E-05 9.99101E-05
0.0394013 0.271522 0.234003 9.9964E-05 0.223936 0.166835 9.9964E-05 0.00929759 9.9964E-05 0.00425985 9.9964E-05 0.0503454
9.9937E-05 0.0635941 0.764734 0.00558055 0.104352 9.9937E-05 9.9937E-05 9.9937E-05 0.0610397 9.9937E-05 9.9937E-05 9.9937E-05
0.00192662 9.9946E-05 0.678071 0.0231085 0.0711169 0.157586 0.067591 9.9946E-05 9.9946E-05 9.9946E-05 9.9946E-05 9.9946E-05
9.99371E-05 0.0973649 0.0848446 9.99371E-05 9.99371E-05 0.445057 9.99371E-05 0.176135 0.195899 9.99371E-05 9.99371E-05 9.99371E-05
9.9937E-05 0.086473 9.9937E-05 9.9937E-05 0.0843882 0.696273 9.9937E-05 9.9937E-05 0.103027 9.9937E-05 9.9937E-05 0.0291398
9.99461E-05 0.0204098 0.0276358 0.0182575 9.99461E-05 0.850006 9.99461E-05 9.99461E-05 9.99461E-05 9.99461E-05 0.0649884 0.0181027
9.9919E-05 0.135931 9.9919E-05 9.9919E-05 9.9919E-05 0.820322 9.9919E-05 9.9919E-05 0.0428474 9.9919E-05 9.9919E-05 9.9919E-05
9.9928E-05 9.9928E-05 0.175412 9.9928E-05 0.301468 0.420255 9.9928E-05 9.9928E-05 9.9928E-05 0.102066 9.9928E-05 9.9928E-05
9.9946E-05 0.145357 0.235207 9.9946E-05 9.9946E-05 0.423676 9.9946E-05 0.0684755 9.9946E-05 0.0468856 9.9946E-05 0.0797993
9.9937E-05 0.120202 9.9937E-05 0.00207499 9.9937E-05 0.778002 0.0560628 9.9937E-05 0.0429578 9.9937E-05 9.9937E-05 9.9937E-05
0.00647951 9.99191E-05 9.99191E-05 9.99191E-05 9.99191E-05 0.976419 9.99191E-05 0.0162019 9.99191E-05 9.99191E-05 9.99191E-05 9.99191E-05
0.0264439 0.0971007 9.99281E-05 9.99281E-05 9.99281E-05 0.8167 9.99281E-05 9.99281E-05 9.99281E-05 9.99281E-05 0.058956 9.99281E-05
9.9928E-05 0.0888133 0.0348511 9.9928E-05 9.9928E-05 0.803303 0.0722331 9.9928E-05 9.9928E-05 9.9928E-05 9.9928E-05 9.9928E-05
9.9919E-05 9.9919E-05 0.0768968 9.9919E-05 0.0550499 0.867154 9.9919E-05 9.9919E-05 9.9919E-05 9.9919E-05 9.9919E-05 9.9919E-05
9.99371E-05 0.0521779 9.99371E-05 0.0302649 9.99371E-05 0.886737 9.99371E-05 0.00248037 9.99371E-05 0.0276407 9.99371E-05 9.99371E-05
9.9964E-05 0.720479 9.9964E-05 0.0135994 0.105962 0.0998863 0.0199586 9.9964E-05 0.0266265 0.0122636 9.9964E-05 0.00082501
9.9955E-05 0.569465 0.136085 9.9955E-05 0.0377797 0.165306 0.0127631 9.9955E-05 0.0285964 9.9955E-05 9.9955E-05 0.0495055
0.0505671 0.776224 9.9955E-05 9.9955E-05 9.9955E-05 0.0328253 9.9955E-05 0.012313 0.115749 0.0107158 0.0011061 9.9955E-05
9.9955E-05 0.658392 0.0406428 9.9955E-05 0.00702685 0.0409887 0.0704396 9.9955E-05 0.0406889 9.9955E-05 9.9955E-05 0.141322
0.00281217 0.722946 9.9937E-05 9.9937E-05 9.9937E-05 0.14874 9.9937E-05 9.9937E-05 0.0267342 9.9937E-05 0.0980677 9.9937E-05
0.0180624 0.561139 0.282855 0.0863558 9.9937E-05 9.9937E-05 9.9937E-05 9.9937E-05 9.9937E-05 0.0508883 9.9937E-05 9.9937E-05
0.006039 0.886082 0.0292954 9.9955E-05 9.9955E-05 0.0123525 9.9955E-05 0.0138975 9.9955E-05 9.9955E-05 0.0111189 0.0407152
9.99102E-05 0.980067 9.99102E-05 0.0189334 9.99102E-05 9.99102E-05 9.99102E-05 9.99102E-05 9.99102E-05 9.99102E-05 9.99102E-05 9.99102E-05
9.9928E-05 0.815226 0.130109 0.00447226 9.9928E-05 9.9928E-05 9.9928E-05 9.9928E-05 9.9928E-05 9.9928E-05 0.0493929 9.9928E-05
9.99101E-05 0.988533 0.0104675 9.99101E-05 9.99101E-05 9.99101E-05 9.99101E-05 9.99101E-05 9.99101E-05 9.99101E-05 9.99101E-05 9.99101E-05
9.9928E-05 0.931413 0.0475744 0.0160221 0.00419109 9.9928E-05 9.9928E-05 9.9928E-05 9.9928E-05 9.9928E-05 9.9928E-05 9.9928E-05
9.9919E-05 0.946988 9.9919E-05 9.9919E-05 9.9919E-05 9.9919E-05 0.0423771 9.9919E-05 9.9919E-05 0.00973541 9.9919E-05 9.9919E-05
9.99101E-05 0.991523 9.99101E-05 9.99101E-05 9.99101E-05 9.99101E-05 9.99101E-05 9.99101E-05 9.99101E-05 9.99101E-05 0.00747803 9.99101E-05
9.991E-05 0.985302 9.991E-05 9.991E-05 9.991E-05 9.991E-05 9.991E-05 9.991E-05 9.991E-05 0.0136992 9.991E-05 9.991E-05
9.99281E-05 0.921335 0.0268291 0.0226022 9.99281E-05 0.028434 9.99281E-05 9.99281E-05 9.99281E-05 9.99281E-05 9.99281E-05 9.99281E-05
0.0161718 0.534051 0.194771 0.026261 0.0777186 9.9955E-05 9.9955E-05 9.9955E-05 0.105557 9.9955E-05 9.9955E-05 0.0449699
9.99281E-05 0.84004 9.99281E-05 9.99281E-05 9.99281E-05 0.13003 9.99281E-05 0.00391848 9.99281E-05 9.99281E-05 9.99281E-05 0.0252121
0.022818 0.651549 0.104138 0.0585835 0.0504268 0.089977 9.9955E-05 9.9955E-05 0.0220079 9.9955E-05 9.9955E-05 9.9955E-05
9.997E-05 0.240093 0.0196679 0.590767 0.0110877 0.0505632 0.063732 9.997E-05 0.0114237 0.0115216 0.000843238 9.997E-05
9.9901E-05 9.9901E-05 9.9901E-05 0.998901 9.9901E-05 9.9901E-05 9.9901E-05 9.9901E-05 9.9901E-05 9.9901E-05 9.9901E-05 9.9901E-05
0.0139745 0.543894 0.202708 0.0588534 0.000631847 0.097941 9.9973E-05 0.0670523 9.9973E-05 0.0108357 9.9973E-05 0.0038092
