9.995E-05 9.995E-05 9.995E-05 9.995E-05 0.9994 9.995E-05 9.995E-05
9.997E-05 0.131083 9.997E-05 9.997E-05 0.0738497 0.110285 0.684483
9.995E-05 9.995E-05 9.995E-05 9.995E-05 9.995E-05 0.9994 9.995E-05
0.113813 0.0066591 0.0622337 9.9973E-05 9.9973E-05 0.816994 9.9973E-05
9.9964E-05 9.9964E-05 0.073181 9.9964E-05 9.9964E-05 0.0616816 0.864738
0.0547722 9.9964E-05 9.9964E-05 9.9964E-05 0.10704 9.9964E-05 0.837788
9.9973E-05 0.0548423 9.9973E-05 0.0392741 0.10795 9.9973E-05 0.797633
9.995E-05 9.995E-05 9.995E-05 9.995E-05 9.995E-05 9.995E-05 0.9994
0.0210976 0.0293048 0.0589228 0.0789888 9.9991E-05 0.255115 0.556471
0.0411649 0.276007 0.0385239 0.0618258 0.0574949 0.143515 0.381469
0.864551 0.00354599 0.0708777 9.9973E-05 9.9973E-05 0.0607253 9.9973E-05
0.989304 9.9955E-05 9.9955E-05 9.9955E-05 9.9955E-05 9.9955E-05 0.0101964
0.819456 9.9973E-05 9.9973E-05 9.9973E-05 0.0372049 0.0170041 0.126035
0.746317 0.0812958 0.00347644 0.0852891 9.9982E-05 0.0834217 9.9982E-05
0.628537 0.0906013 9.9973E-05 0.190624 9.9973E-05 0.0899384 9.9973E-05
0.952862 9.9964E-05 9.9964E-05 9.9964E-05 0.0169328 0.0298048 9.9964E-05
0.986692 9.9955E-05 9.9955E-05 9.9955E-05 9.9955E-05 9.9955E-05 0.0128087
0.719619 0.142334 0.0686512 0.0505341 9.9982E-05 0.018662 9.9982E-05
0.835075 0.0817463 0.0239088 0.0588096 0.000260489 9.9982E-05 9.9982E-05
0.860511 9.9964E-05 0.0305412 9.9964E-05 9.9964E-05 0.108548 9.9964E-05
0.7457 0.146696 9.9964E-05 9.9964E-05 0.107204 9.9964E-05 9.9964E-05
0.496926 0.0484224 0.0399831 0.000872788 9.9982E-05 9.9982E-05 0.413596
0.829498 0.0339693 9.9964E-05 9.9964E-05 0.136132 9.9964E-05 9.9964E-05
0.895924 0.0514878 9.9964E-05 0.0521879 9.9964E-05 9.9964E-05 9.9964E-05
0.641484 0.15077 9.997E-05 0.185067 9.997E-05 0.0223781 9.997E-05
0.536526 0.1769 0.0586344 0.0771166 0.0877432 9.9991E-05 0.0629805
0.61089 0.0625957 0.247109 0.0791054 9.9973E-05 9.9973E-05 9.9973E-05
0.441305 0.382508 0.0140038 0.0804693 9.9991E-05 0.0380465 0.0435669
0.546964 0.233007 9.9973E-05 0.199675 9.9973E-05 9.9973E-05 0.0200541
0.683816 0.308123 9.9964E-05 9.9964E-05 9.9964E-05 0.00766112 9.9964E-05
9.9973E-05 0.228843 0.275467 0.256758 9.9973E-05 0.238633 9.9973E-05
0.0539606 0.200585 0.194752 0.208641 9.9991E-05 0.292927 0.0490336
0.00593773 0.0348474 0.0886232 0.862879 9.998E-05 0.00751293 9.998E-05
9.9955E-05 9.9955E-05 0.0927447 0.906756 9.9955E-05 9.9955E-05 9.9955E-05
0.253256 9.9964E-05 9.9964E-05 0.668818 9.9964E-05 0.0775261 9.9964E-05
9.9955E-05 9.9955E-05 9.9955E-05 0.950133 0.0493671 9.9955E-05 9.9955E-05
0.00657329 9.9982E-05 0.0485805 0.672468 0.0201599 9.9982E-05 0.252018
0.0355247 0.0111346 9.9973E-05 0.909316 0.0437249 9.9973E-05 9.9973E-05
9.9955E-05 9.9955E-05 0.0237667 0.975734 9.9955E-05 9.9955E-05 9.9955E-05
0.0820749 0.234642 0.0832343 0.576054 0.0237947 9.9982E-05 9.9982E-05
9.9964E-05 0.0288482 9.9964E-05 0.900747 9.9964E-05 9.9964E-05 0.0700049
0.115974 0.281718 0.153915 0.303265 0.0231733 0.121854 9.9991E-05
0.0672299 0.16492 9.9973E-05 0.7356 9.9973E-05 0.0319502 9.9973E-05
0.0618454 9.9964E-05 9.9964E-05 0.903602 9.9964E-05 9.9964E-05 0.0341529
0.0321492 0.227315 0.361374 0.297829 0.0387956 0.0424378 9.9991E-05
0.107706 0.047064 0.802376 9.9973E-05 9.9973E-05 9.9973E-05 0.0425547
9.997E-05 0.0475827 0.736339 0.211479 9.997E-05 9.997E-05 0.00429906
9.9955E-05 0.00158306 0.997917 9.9955E-05 9.9955E-05 9.9955E-05 9.9955E-05
0.0586463 0.00153509 0.61589 0.146114 9.9991E-05 0.139566 0.0381489
9.9982E-05 0.0473527 0.516177 0.340472 9.9982E-05 0.0820491 0.0137494
0.0122506 0.0946239 0.853966 0.0129532 0.000317522 0.0124271 0.0134612
9.9955E-05 9.9955E-05 0.929735 9.9955E-05 0.0697648 9.9955E-05 9.9955E-05
9.9964E-05 0.204656 0.754125 9.9964E-05 0.0408194 9.9964E-05 9.9964E-05
9.9973E-05 0.122165 0.699162 0.178166 0.00020756 9.9973E-05 9.9973E-05
9.9955E-05 9.9955E-05 0.861824 0.137676 9.9955E-05 9.9955E-05 9.9955E-05
9.9964E-05 0.0396379 0.939302 9.9964E-05 9.9964E-05 0.0206601 9.9964E-05
0.0640079 0.733251 0.137824 9.9973E-05 9.9973E-05 9.9973E-05 0.0646165
0.111639 0.581336 0.255236 0.0216249 0.0299644 9.9982E-05 9.9982E-05
9.9973E-05 0.59716 0.244804 9.9973E-05 9.9973E-05 0.0143858 0.14335
9.9982E-05 0.537354 0.0719991 0.20585 0.00757441 9.9982E-05 0.177022
0.0564013 0.708997 0.210641 9.9982E-05 0.0216522 9.9982E-05 0.00210899
9.9973E-05 0.563108 9.9973E-05 0.422101 0.00865264 0.00583831 9.9973E-05
9.9973E-05 0.703528 0.0563502 0.202684 0.0371379 9.9973E-05 9.9973E-05
9.9955E-05 0.9844 9.9955E-05 9.9955E-05 9.9955E-05 9.9955E-05 0.0150999
9.9964E-05 0.838241 9.9964E-05 0.155766 0.00559259 9.9964E-05 9.9964E-05
0.0439995 0.920074 0.0355267 9.9964E-05 9.9964E-05 9.9964E-05 9.9964E-05
9.9964E-05 0.921354 0.00332025 0.074926 9.9964E-05 9.9964E-05 9.9964E-05
0.0305008 0.895241 0.0674823 9.997E-05 9.997E-05 0.00647603 9.997E-05
9.9964E-05 0.951901 0.0382594 9.9964E-05 0.0094395 9.9964E-05 9.9964E-05
9.9964E-05 0.917802 0.0637387 9.9964E-05 9.9964E-05 0.0180595 9.9964E-05
9.996E-05 0.945026 0.0206205 0.0339537 9.996E-05 9.996E-05 9.996E-05
9.9964E-05 0.595966 9.9964E-05 0.32129 9.9964E-05 9.9964E-05 0.0823443
9.9964E-05 0.926114 0.0116466 9.9964E-05 9.9964E-05 0.0618399 9.9964E-05
0.0137587 0.757012 0.0551318 0.105752 0.0681464 9.998E-05 9.998E-05
9.9955E-05 0.98633 9.9955E-05 9.9955E-05 9.9955E-05 0.0131706 9.9955E-05
9.995E-05 0.9994 9.995E-05 9.995E-05 9.995E-05 9.995E-05 9.995E-05
0.0564774 0.655995 0.06149 0.168972 0.0568656 9.9982E-05 9.9982E-05
