9.995E-05 9.995E-05 9.995E-05 9.995E-05 9.995E-05 9.995E-05 0.9994
9.9982E-05 0.0889902 0.507667 0.0468201 9.9982E-05 0.000894807 0.355428
9.9973E-05 0.0542495 0.518036 0.0889173 9.9973E-05 9.9973E-05 0.338498
9.99551E-05 9.99551E-05 0.714645 9.99551E-05 9.99551E-05 9.99551E-05 0.284855
0.0613535 9.9964E-05 0.796812 9.9964E-05 9.9964E-05 9.9964E-05 0.141435
0.00104456 0.0183197 0.724585 0.0326893 9.9982E-05 9.9982E-05 0.223161
9.9955E-05 9.9955E-05 0.657985 9.9955E-05 9.9955E-05 9.9955E-05 0.341515
9.9964E-05 9.9964E-05 0.578081 0.0653788 9.9964E-05 9.9964E-05 0.35614
9.9973E-05 9.9973E-05 0.721143 0.0225684 9.9973E-05 0.00234146 0.253647
9.995E-05 9.995E-05 9.995E-05 9.995E-05 9.995E-05 9.995E-05 0.9994
9.995E-05 9.995E-05 9.995E-05 9.995E-05 9.995E-05 9.995E-05 0.9994
9.995E-05 9.995E-05 9.995E-05 9.995E-05 9.995E-05 9.995E-05 0.9994
9.9955E-05 0.0124611 9.9955E-05 9.9955E-05 9.9955E-05 9.9955E-05 0.987039
0.0687498 9.9964E-05 9.9964E-05 9.9964E-05 9.9964E-05 0.00147405 0.929376
0.00785434 9.9973E-05 0.0250138 0.00100375 9.9973E-05 9.9973E-05 0.965828
9.9973E-05 9.9973E-05 0.742996 0.00932324 0.027093 9.9973E-05 0.220288
0.0878283 0.0723563 0.48882 0.0514371 9.9991E-05 0.0554421 0.244016
9.99551E-05 9.99551E-05 0.752238 9.99551E-05 9.99551E-05 9.99551E-05 0.247263
0.0128921 9.9964E-05 0.978312 9.9964E-05 9.9964E-05 9.9964E-05 0.00839563
0.00394143 9.99551E-05 0.995559 9.99551E-05 9.99551E-05 9.99551E-05 9.99551E-05
9.9973E-05 0.00345455 0.856006 9.9973E-05 9.9973E-05 0.0174529 0.122786
0.0786637 9.9973E-05 0.871577 0.0350653 9.9973E-05 9.9973E-05 0.0143936
0.0822456 9.9973E-05 0.884505 0.000800001 9.9973E-05 9.9973E-05 0.0321492
9.9955E-05 9.9955E-05 0.907712 9.9955E-05 9.9955E-05 9.9955E-05 0.0917886
9.99551E-05 9.99551E-05 0.974238 9.99551E-05 9.99551E-05 9.99551E-05 0.0252624
0.0151147 9.9982E-05 0.898184 9.9982E-05 0.0163918 0.0334097 0.0366996
0.03308 9.9982E-05 0.780246 0.0524815 9.9982E-05 0.0808481 0.0531444
9.99551E-05 9.99551E-05 0.967593 9.99551E-05 9.99551E-05 9.99551E-05 0.0319068
0.025598 0.000339231 0.877756 9.9982E-05 9.9982E-05 0.0131947 0.0829119
9.9955E-05 9.9955E-05 0.89061 9.9955E-05 9.9955E-05 9.9955E-05 0.10889
0.0141902 9.9973E-05 0.854127 9.9973E-05 9.9973E-05 0.0204334 0.11095
9.99641E-05 9.99641E-05 0.938773 9.99641E-05 9.99641E-05 0.0265442 0.0342831
0.0304446 9.9982E-05 0.914269 0.0264749 9.9982E-05 0.00121646 0.0273948
9.9973E-05 9.9973E-05 0.80438 0.0683431 0.031582 9.9973E-05 0.0953954
0.143152 9.9973E-05 0.804558 0.0045187 9.9973E-05 9.9973E-05 0.0474717
9.9955E-05 9.9955E-05 0.891971 9.9955E-05 9.9955E-05 9.9955E-05 0.107529
0.039815 9.9955E-05 0.959685 9.9955E-05 9.9955E-05 9.9955E-05 9.9955E-05
0.093053 9.9991E-05 0.810276 0.000543752 0.0124396 0.0512376 0.0323498
9.9982E-05 0.0717644 0.803406 0.0425954 9.9982E-05 0.0569533 0.0250804
0.0132959 0.0199338 0.914405 9.9991E-05 0.0186104 0.0190576 0.0145973
9.9982E-05 0.095081 0.703496 0.0627918 0.135483 0.00294823 9.9982E-05
9.9982E-05 0.0463208 0.741646 0.062225 0.100864 0.0487442 9.9982E-05
9.9982E-05 0.0630394 0.689885 0.0895196 0.104569 9.9982E-05 0.0527872
9.9982E-05 0.0387795 0.769569 0.0633246 0.0894855 0.038641 9.9982E-05
9.9982E-05 0.0151862 0.779928 0.0694186 0.0509587 0.0843087 9.9982E-05
9.9964E-05 9.9964E-05 0.944879 0.0163783 9.9964E-05 0.0383424 9.9964E-05
9.9973E-05 9.9973E-05 0.918133 0.0372441 0.0196058 0.0247169 9.9973E-05
0.0212682 9.9982E-05 0.872666 0.0415926 0.0355429 0.0287306 9.9982E-05
0.0460917 9.9991E-05 0.609222 0.0430734 0.122485 0.134249 0.0447789
9.9991E-05 0.0374793 0.755876 0.0506792 0.0410334 0.0220291 0.0928032
9.9991E-05 0.042296 0.752823 0.08699 0.0297067 0.0697501 0.0183338
0.0307794 9.9982E-05 0.771981 0.0707628 0.0756793 0.0505974 9.9982E-05
0.0106639 9.9982E-05 0.902926 0.0243906 0.0188939 0.042926 9.9982E-05
0.0966337 0.0399461 0.695926 0.0403071 0.0669418 0.0373561 0.0228893
0.0611154 0.0623472 0.655459 0.0278642 0.0890317 0.0828794 0.0213029
9.9982E-05 0.0384261 0.73101 0.127121 0.102296 0.000946669 9.9982E-05
0.0558887 0.0163232 0.675045 0.0510095 0.0945621 0.0442099 0.0629619
0.01254 0.0588466 0.787545 0.0275895 0.0582297 0.0551491 9.9991E-05
9.9964E-05 9.9964E-05 0.913016 0.0158145 9.9964E-05 0.0707695 9.9964E-05
9.9991E-05 0.0244996 0.748227 0.0658025 0.0267625 0.114916 0.0196925
0.000542402 0.0228244 0.750972 0.0196674 0.104727 0.101167 9.9991E-05
0.026359 0.0413075 0.778582 9.9982E-05 0.149865 0.0036871 9.9982E-05
0.0257774 0.0568568 0.617598 0.113703 0.0883982 0.0975665 9.9991E-05
0.0974006 0.052269 0.640025 0.0783085 0.0952187 0.0366778 9.9991E-05
9.9982E-05 0.0100131 0.810664 9.9982E-05 0.0939018 0.0768344 0.00838703
0.0908684 0.0315006 0.607337 0.148354 0.0977306 0.0241091 9.9991E-05
9.9982E-05 0.0552823 0.724613 0.0370078 0.0912332 0.0916636 9.9982E-05
0.150198 0.0450099 0.627205 0.0305972 0.141086 0.00580495 9.9991E-05
0.0569656 0.0352437 0.800889 0.000908734 0.0280753 0.0713704 0.00654724
0.105239 0.0349838 0.641533 0.0980522 0.119993 9.9982E-05 9.9982E-05
9.9982E-05 0.0458874 0.741418 0.0924523 0.0795313 9.9982E-05 0.0405106
0.0167186 0.0593672 0.682254 0.0589138 0.112529 0.0701169 9.9991E-05
0.0222189 9.9991E-05 0.784232 0.0554647 0.00423451 0.0896193 0.0441304
0.00422979 0.00783206 0.758725 0.0731366 0.0341969 0.0918573 0.0300228
0.0252997 0.00514509 0.57394 0.0772594 0.200681 0.074174 0.0435007
0.0180773 0.0540611 0.718683 0.0235559 0.0550869 0.130436 9.9991E-05
0.0343719 0.0948944 0.701535 0.0834579 0.0310247 0.0546158 9.9991E-05
0.132937 0.13713 0.588838 0.0133086 0.112551 9.9991E-05 0.0151346
0.149552 0.137356 0.458796 0.00295985 0.141392 0.109844 9.9991E-05
0.138952 0.161131 0.415324 0.0536451 0.156319 0.0745291 9.9991E-05
0.103025 0.119787 0.390652 0.0819607 0.192487 0.111989 9.9991E-05
0.146387 0.166068 0.418403 0.0515528 0.141844 0.0756459 9.9991E-05
0.0930786 0.155998 0.417333 0.0651092 0.173108 0.0952728 9.9991E-05
0.00958666 0.188774 0.515801 0.0385463 0.178272 0.0689203 9.9991E-05
0.0753292 0.232318 0.452998 0.0728719 0.0949471 0.071435 9.9991E-05
0.0609425 0.211808 0.406177 0.137647 0.116791 0.0665353 9.9991E-05
9.9991E-05 0.0992064 0.492601 0.0861738 0.136136 0.139442 0.0463414
9.9973E-05 0.153803 0.53716 9.9973E-05 0.193681 0.115056 9.9973E-05
0.0933085 0.166289 0.451084 0.0308366 0.10014 0.15654 0.00180207
0.0388508 0.119441 0.372911 0.0924918 0.199293 0.173105 0.00390756
0.232868 0.11716 0.452225 0.0906276 0.0874959 9.9991E-05 0.0195236
0.208287 0.123981 0.410888 0.0835186 0.149855 9.9991E-05 0.0233689
9.9991E-05 0.236942 0.371645 0.0958982 0.0955182 0.171847 0.0280494
9.9955E-05 0.979855 9.9955E-05 0.0196456 9.9955E-05 9.9955E-05 9.9955E-05
9.9973E-05 0.926842 9.9973E-05 0.0166542 0.0254818 9.9973E-05 0.0307222
0.0604076 0.856128 0.0527486 9.9982E-05 9.9982E-05 0.0264194 0.0040966
9.995E-05 0.9994 9.995E-05 9.995E-05 9.995E-05 9.995E-05 9.995E-05
9.995E-05 0.9994 9.995E-05 9.995E-05 9.995E-05 9.995E-05 9.995E-05
9.995E-05 0.9994 9.995E-05 9.995E-05 9.995E-05 9.995E-05 9.995E-05
9.995E-05 0.9994 9.995E-05 9.995E-05 9.995E-05 9.995E-05 9.995E-05
0.00846756 0.932082 9.9991E-05 0.00811407 0.00907703 0.0235001 0.0186589
9.9955E-05 0.995034 9.9955E-05 9.9955E-05 9.9955E-05 0.0044667 9.9955E-05
9.995E-05 0.9994 9.995E-05 9.995E-05 9.995E-05 9.995E-05 9.995E-05
0.106999 0.101256 0.308076 0.0661635 0.292729 0.124677 9.9991E-05
0.0355174 0.891332 0.0182683 9.9982E-05 0.0393948 0.0152877 9.9982E-05
9.995E-05 0.9994 9.995E-05 9.995E-05 9.995E-05 9.995E-05 9.995E-05
0.0155453 0.954725 9.9973E-05 9.9973E-05 9.9973E-05 0.0202713 0.00915868
0.0927075 0.153889 0.268483 0.0540904 0.285979 0.144751 9.9991E-05
0.109257 0.155323 0.277005 0.0834574 0.273777 0.101081 9.9991E-05
0.120419 0.166756 0.316725 0.058443 0.251059 0.0860888 0.000509304
0.0936245 0.193505 0.265631 0.0748182 0.259056 0.113265 9.9991E-05
0.101249 0.157238 0.227727 0.0589409 0.275204 0.179541 9.9991E-05
0.173623 0.105845 0.396305 0.0406992 0.218796 0.0646317 9.9991E-05
0.115217 0.198178 0.317838 0.088386 0.19336 0.0869225 9.9991E-05
0.151877 0.174563 0.328763 0.0242533 0.262724 0.057719 9.9991E-05
0.157379 0.24721 0.236867 0.108418 0.178138 0.0718873 9.9991E-05
0.153238 0.243908 0.293983 0.0695201 0.164347 0.074904 9.9991E-05
0.115238 0.135093 0.367153 0.0769666 0.176592 0.128858 9.9991E-05
0.216659 0.228094 0.299445 0.0968529 0.123407 0.0354423 9.9991E-05
0.145205 0.0881909 0.309937 0.102756 0.234824 0.118987 9.9991E-05
0.0999018 0.146424 0.30441 0.0694884 0.275653 0.104023 9.9991E-05
0.0561753 9.9964E-05 9.9964E-05 0.0123817 0.931043 9.9964E-05 9.9964E-05
0.0320123 0.000297998 9.9982E-05 9.9982E-05 0.882495 0.0565244 0.0284703
9.995E-05 9.995E-05 9.995E-05 9.995E-05 0.9994 9.995E-05 9.995E-05
9.995E-05 9.995E-05 9.995E-05 9.995E-05 0.9994 9.995E-05 9.995E-05
9.995E-05 9.995E-05 9.995E-05 9.995E-05 0.9994 9.995E-05 9.995E-05
9.995E-05 9.995E-05 9.995E-05 9.995E-05 0.9994 9.995E-05 9.995E-05
9.995E-05 9.995E-05 9.995E-05 9.995E-05 0.9994 9.995E-05 9.995E-05
0.136452 9.9982E-05 0.0481644 0.0162361 0.771481 9.9982E-05 0.0274665
9.9955E-05 9.9955E-05 9.9955E-05 0.024684 0.974816 9.9955E-05 9.9955E-05
9.995E-05 9.995E-05 9.995E-05 9.995E-05 0.9994 9.995E-05 9.995E-05
0.0486113 0.0278221 9.9973E-05 9.9973E-05 0.879291 9.9973E-05 0.0439758
9.995E-05 9.995E-05 9.995E-05 9.995E-05 0.9994 9.995E-05 9.995E-05
0.0471007 9.9982E-05 0.0667307 0.0954744 0.786151 0.00434332 9.9982E-05
9.995E-05 9.995E-05 9.995E-05 0.9994 9.995E-05 9.995E-05 9.995E-05
0.109483 0.177333 0.294996 0.116246 0.230468 0.0713735 9.9991E-05
9.995E-05 9.995E-05 9.995E-05 0.9994 9.995E-05 9.995E-05 9.995E-05
9.995E-05 9.995E-05 9.995E-05 0.9994 9.995E-05 9.995E-05 9.995E-05
0.0584219 0.0168747 9.9964E-05 0.924304 9.9964E-05 9.9964E-05 9.9964E-05
0.0241236 0.00359176 0.133304 0.721609 0.0856571 0.0245395 0.00717456
9.995E-05 9.995E-05 9.995E-05 0.9994 9.995E-05 9.995E-05 9.995E-05
0.048402 0.0258119 0.0235356 0.892225 9.9982E-05 9.9982E-05 0.0098256
9.9955E-05 0.00298251 9.9955E-05 0.996518 9.9955E-05 9.9955E-05 9.9955E-05
9.9955E-05 9.9955E-05 0.076033 0.923467 9.9955E-05 9.9955E-05 9.9955E-05
9.9955E-05 9.9955E-05 9.9955E-05 0.996083 9.9955E-05 9.9955E-05 0.00341753
9.9964E-05 9.9964E-05 0.0195087 0.955968 9.9964E-05 0.0241238 9.9964E-05
9.9955E-05 9.9955E-05 9.9955E-05 0.944834 0.0546657 9.9955E-05 9.9955E-05
0.0280767 0.064755 0.000529744 0.800747 0.0249277 0.0808637 9.9991E-05
0.0186045 9.9964E-05 9.9964E-05 0.970893 9.9964E-05 0.0101029 9.9964E-05
0.0330208 0.037997 0.0154219 0.900441 0.00974332 9.9991E-05 0.00327629
0.0184283 9.9982E-05 9.9982E-05 0.865974 0.0184371 0.0871012 0.00985938
0.0427613 9.9982E-05 0.0959052 0.791167 9.9982E-05 0.0334107 0.0365556
0.0256342 0.0105964 9.9973E-05 0.951063 0.0124062 9.9973E-05 9.9973E-05
0.190283 0.104021 0.244037 0.0552174 0.0684142 0.301186 0.0368409
0.157815 0.0709971 0.279796 0.053409 0.0720255 0.324055 0.0419017
0.137746 0.115163 0.229293 0.0787062 0.0560971 0.337241 0.0457533
0.192118 0.100336 0.258199 0.0560801 0.0542266 0.305547 0.0334934
0.968628 9.9973E-05 0.0269134 0.0013052 0.00285389 9.9973E-05 9.9973E-05
0.9994 9.995E-05 9.995E-05 9.995E-05 9.995E-05 9.995E-05 9.995E-05
0.997682 0.00181836 9.9955E-05 9.9955E-05 9.9955E-05 9.9955E-05 9.9955E-05
0.9994 9.995E-05 9.995E-05 9.995E-05 9.995E-05 9.995E-05 9.995E-05
0.996379 0.00312123 9.9955E-05 9.9955E-05 9.9955E-05 9.9955E-05 9.9955E-05
0.960374 0.00455266 9.9964E-05 9.9964E-05 9.9964E-05 0.0346738 9.9964E-05
0.945587 9.9973E-05 9.9973E-05 9.9973E-05 0.0330582 0.00973409 0.0113205
0.753818 9.9991E-05 0.0478109 0.0331769 0.0429986 0.0487597 0.0733357
0.821043 9.9982E-05 0.0880743 0.0307212 0.0235936 0.0363677 9.9982E-05
9.9982E-05 0.00306292 0.0106573 9.9982E-05 0.00794407 0.975069 0.00306643
9.995E-05 9.995E-05 9.995E-05 9.995E-05 9.995E-05 0.9994 9.995E-05
9.995E-05 9.995E-05 9.995E-05 9.995E-05 9.995E-05 0.9994 9.995E-05
9.995E-05 9.995E-05 9.995E-05 9.995E-05 9.995E-05 0.9994 9.995E-05
0.00564948 9.9955E-05 9.9955E-05 9.9955E-05 9.9955E-05 0.993851 9.9955E-05
0.0500979 0.00636099 0.0643964 0.00973426 9.9991E-05 0.866428 0.00288228
9.995E-05 9.995E-05 9.995E-05 9.995E-05 9.995E-05 0.9994 9.995E-05
9.995E-05 9.995E-05 9.995E-05 9.995E-05 9.995E-05 0.9994 9.995E-05
9.995E-05 9.995E-05 9.995E-05 9.995E-05 9.995E-05 0.9994 9.995E-05
9.9964E-05 9.9964E-05 9.9964E-05 0.0112316 0.0119991 0.976369 9.9964E-05
9.995E-05 9.995E-05 9.995E-05 9.995E-05 9.995E-05 0.9994 9.995E-05
9.995E-05 9.995E-05 9.995E-05 9.995E-05 9.995E-05 0.9994 9.995E-05
