9.995E-05 0.9994 9.995E-05 9.995E-05 9.995E-05 9.995E-05 9.995E-05
0.0768479 0.284933 0.0604416 9.9973E-05 0.577477 9.9973E-05 9.9973E-05
0.0292056 0.258376 0.100683 9.9973E-05 0.611435 9.9973E-05 9.9973E-05
9.9964E-05 0.210861 9.9964E-05 9.9964E-05 0.673223 9.9964E-05 0.115516
9.9973E-05 0.1018 9.9973E-05 9.9973E-05 0.651069 0.063844 0.182987
9.9973E-05 0.174165 0.0153422 9.9973E-05 0.600906 9.9973E-05 0.209287
9.9955E-05 0.277089 9.9955E-05 9.9955E-05 0.722411 9.9955E-05 9.9955E-05
0.00351634 0.286806 0.0740869 9.9982E-05 0.554924 9.9982E-05 0.0804668
0.0243049 0.169912 0.0793871 9.9982E-05 0.687691 0.0385045 9.9982E-05
9.995E-05 0.9994 9.995E-05 9.995E-05 9.995E-05 9.995E-05 9.995E-05
9.995E-05 0.9994 9.995E-05 9.995E-05 9.995E-05 9.995E-05 9.995E-05
9.995E-05 0.9994 9.995E-05 9.995E-05 9.995E-05 9.995E-05 9.995E-05
0.00487877 0.994621 9.9955E-05 9.9955E-05 9.9955E-05 9.9955E-05 9.9955E-05
9.9982E-05 0.911706 0.0160083 9.9982E-05 0.014548 0.0186836 0.0388544
9.9973E-05 0.958603 0.00401727 0.012122 0.0249582 9.9973E-05 9.9973E-05
9.9973E-05 0.156937 0.0577807 9.9973E-05 0.446093 9.9973E-05 0.33889
0.0853444 0.211557 0.0537726 0.0230373 0.370889 0.0867515 0.168648
0.0122418 0.176203 9.9973E-05 9.9973E-05 0.668069 9.9973E-05 0.143186
0.0113946 9.9973E-05 9.9973E-05 9.9973E-05 0.886485 0.0378884 0.063932
9.9964E-05 9.9964E-05 9.9964E-05 0.0131069 0.936659 0.0498339 9.9964E-05
0.000409315 0.0430624 9.9982E-05 9.9982E-05 0.895925 0.0385864 0.0218165
0.0193993 9.9991E-05 0.0673882 0.0364136 0.810882 0.0128498 0.0529672
0.00342866 9.9982E-05 0.0588981 0.00666853 0.827612 0.103193 9.9982E-05
9.9964E-05 9.9964E-05 0.0132928 0.0648195 0.921488 9.9964E-05 9.9964E-05
0.0201037 9.9982E-05 9.9982E-05 0.0285878 0.850023 0.0279348 0.0731506
9.9973E-05 9.9973E-05 9.9973E-05 0.0894588 0.599764 0.0613581 0.249119
9.9982E-05 9.9982E-05 0.075808 0.00168076 0.695822 0.103363 0.123126
9.9964E-05 9.9964E-05 0.012281 0.0143735 0.972946 9.9964E-05 9.9964E-05
9.9982E-05 0.0302847 9.9982E-05 0.0534998 0.777795 0.0388828 0.0993372
9.9982E-05 0.0135642 0.00319822 9.9982E-05 0.965431 0.0136506 0.00395565
9.9973E-05 0.00697592 9.9973E-05 0.0096044 0.955564 0.027556 9.9973E-05
0.0180649 9.9982E-05 9.9982E-05 0.0581615 0.794973 0.0321489 0.0964519
0.0674518 9.9991E-05 0.0251125 0.0125375 0.748314 0.0496508 0.0968339
9.999E-05 0.0286886 0.0772837 0.121589 0.669286 0.00869883 0.0943533
9.9973E-05 9.9973E-05 0.0872538 0.0392543 0.837743 0.0354493 9.9973E-05
0.00565263 0.0513186 9.9982E-05 9.9982E-05 0.871154 0.00710569 0.0645689
9.9964E-05 9.9964E-05 9.9964E-05 9.9964E-05 0.513711 0.00894176 0.476947
0.0211506 9.9991E-05 0.00923388 0.0232997 0.546088 0.124462 0.275666
0.0219605 0.0144282 0.0315646 9.9991E-05 0.469555 0.0792834 0.383108
0.00657974 9.9982E-05 9.9982E-05 0.017821 0.562843 0.0927236 0.319832
0.0129826 9.9973E-05 0.0275161 9.9973E-05 0.0425081 9.9973E-05 0.916693
0.0103848 0.00608241 0.0559245 9.9991E-05 0.156393 0.0215977 0.749518
0.006331 0.0424504 0.0434719 0.0180559 0.205317 9.9991E-05 0.684273
9.9955E-05 9.9955E-05 9.9955E-05 9.9955E-05 0.0605564 9.9955E-05 0.938944
9.9973E-05 9.9973E-05 0.0444792 9.9973E-05 0.188863 0.0496746 0.716683
9.9964E-05 0.00669034 9.9964E-05 9.9964E-05 0.00835736 9.9964E-05 0.984552
9.9964E-05 0.00990717 9.9964E-05 9.9964E-05 0.00271538 9.9964E-05 0.986978
9.9982E-05 9.9982E-05 0.0196079 0.0247557 0.435085 0.0304259 0.489926
9.9991E-05 0.0734058 0.0343881 0.0597268 0.189145 0.0551915 0.588043
0.037496 0.0885939 0.00683414 0.0707785 0.426893 0.00257593 0.366828
0.00758622 0.0523484 0.034107 9.9991E-05 0.21669 0.0208938 0.668275
9.9982E-05 0.00783211 0.0116767 9.9982E-05 0.20856 0.0508648 0.720867
9.9955E-05 0.0158831 9.9955E-05 9.9955E-05 9.9955E-05 9.9955E-05 0.983617
0.0225433 0.031398 9.9991E-05 0.0441153 0.197743 0.0403026 0.663798
0.0384196 0.0336227 0.000709961 0.0729313 0.217151 0.0718723 0.565293
9.9973E-05 9.9973E-05 0.0651813 0.0359291 0.164876 9.9973E-05 0.733714
9.9991E-05 0.0787918 0.0793319 0.0227713 0.158563 0.0783586 0.582083
0.0184935 9.9991E-05 0.00337676 0.0120999 0.194248 0.0312435 0.740438
9.9964E-05 0.0239618 0.0102281 9.9964E-05 9.9964E-05 9.9964E-05 0.96541
0.0077646 0.0331209 0.00591652 9.9991E-05 0.166279 0.0921157 0.694703
9.9973E-05 9.9973E-05 9.9973E-05 0.0803652 0.231542 0.0862694 0.601523
0.00770616 0.00703619 9.9982E-05 0.0628229 0.0724806 9.9982E-05 0.849754
0.0256239 0.00899156 0.0253854 9.9991E-05 0.0979154 0.118834 0.723149
9.9973E-05 0.00897023 0.0372659 0.0221569 9.9973E-05 9.9973E-05 0.931307
9.9973E-05 0.045041 9.9973E-05 0.0134742 0.133408 9.9973E-05 0.807777
9.9973E-05 0.00360987 0.0404307 9.9973E-05 9.9973E-05 0.0196482 0.936011
9.995E-05 9.995E-05 9.995E-05 9.995E-05 9.995E-05 9.995E-05 0.9994
0.0274461 0.0302548 0.0309207 0.0644622 9.9991E-05 0.00191998 0.844896
9.9964E-05 9.9964E-05 9.9964E-05 9.9964E-05 0.278513 0.0333443 0.687743
9.99551E-05 9.99551E-05 0.00738173 9.99551E-05 9.99551E-05 9.99551E-05 0.992118
0.0447671 0.0322119 0.0376007 9.9982E-05 0.118117 9.9982E-05 0.767104
0.0392283 9.9991E-05 0.0462756 0.0365488 0.0401085 0.0173076 0.820431
9.9955E-05 0.0867452 9.9955E-05 9.9955E-05 9.9955E-05 9.9955E-05 0.912755
9.9964E-05 0.0466212 9.9964E-05 9.9964E-05 9.9964E-05 0.00144364 0.951535
9.9982E-05 0.0311645 0.0113819 0.093047 9.9982E-05 0.0423287 0.821878
9.9964E-05 0.0106168 9.9964E-05 9.9964E-05 9.9964E-05 0.0661604 0.922823
0.0440167 9.9964E-05 0.059491 9.9964E-05 9.9964E-05 9.9964E-05 0.896092
0.137103 0.0335314 0.024927 0.00747086 0.0188692 9.9991E-05 0.777998
0.102935 0.000531972 0.0238943 0.0854624 0.0618501 0.117823 0.607504
0.126975 9.9973E-05 9.9973E-05 0.0660173 9.9973E-05 0.0467267 0.759981
0.0727769 9.9982E-05 0.0249841 0.0903139 9.9982E-05 0.0784717 0.733254
0.136674 9.9973E-05 9.9973E-05 0.0411855 9.9973E-05 0.0508127 0.771028
0.0910508 9.9982E-05 0.0161537 0.0625575 9.9982E-05 0.0757069 0.754331
0.10326 9.9991E-05 0.00891544 0.118669 0.177342 0.0147946 0.576919
0.217576 0.0254352 0.0535671 0.0189159 9.9991E-05 0.0545658 0.62984
0.159938 0.0274824 0.0762132 0.00815074 9.9991E-05 0.0207137 0.707402
0.0755863 0.0763467 0.0827489 0.0847162 0.114929 0.0628191 0.502853
0.128726 0.00139801 9.9991E-05 0.112923 0.0759957 0.0317376 0.649119
0.139761 9.9982E-05 0.0568041 0.0335578 9.9982E-05 0.0739191 0.695757
0.108199 0.0118018 0.0847633 0.119571 0.0401425 0.112849 0.522674
0.137206 0.0311242 0.0672168 0.0698831 0.0519341 0.0253801 0.617256
0.109971 0.0376207 0.0311067 0.0845434 0.0780758 0.00789605 0.650786
0.20664 0.0130125 0.0860118 0.0472002 0.0296342 0.182966 0.434535
0.9994 9.995E-05 9.995E-05 9.995E-05 9.995E-05 9.995E-05 9.995E-05
0.947981 0.0218189 9.9973E-05 9.9973E-05 0.006701 9.9973E-05 0.0231995
0.789614 0.0182723 9.9982E-05 9.9982E-05 0.00136347 0.00551392 0.185037
0.9994 9.995E-05 9.995E-05 9.995E-05 9.995E-05 9.995E-05 9.995E-05
0.9994 9.995E-05 9.995E-05 9.995E-05 9.995E-05 9.995E-05 9.995E-05
0.9994 9.995E-05 9.995E-05 9.995E-05 9.995E-05 9.995E-05 9.995E-05
0.9994 9.995E-05 9.995E-05 9.995E-05 9.995E-05 9.995E-05 9.995E-05
0.873486 9.9973E-05 0.0358115 0.00783223 0.0825699 9.9973E-05 9.9973E-05
0.991462 9.9955E-05 9.9955E-05 0.00803773 9.9955E-05 9.9955E-05 9.9955E-05
0.9994 9.995E-05 9.995E-05 9.995E-05 9.995E-05 9.995E-05 9.995E-05
0.120645 9.9991E-05 0.0795546 0.273213 0.0729129 0.141928 0.311647
0.960796 9.9964E-05 9.9964E-05 9.9964E-05 9.9964E-05 0.00658609 0.0322177
0.9994 9.995E-05 9.995E-05 9.995E-05 9.995E-05 9.995E-05 9.995E-05
0.973596 0.0064223 9.9964E-05 9.9964E-05 9.9964E-05 0.0195817 9.9964E-05
0.0971179 9.9982E-05 0.0547472 0.191144 9.9982E-05 0.106154 0.550637
0.112789 9.9982E-05 0.0368848 0.190361 9.9982E-05 0.0662952 0.59347
0.129203 9.9982E-05 0.039749 0.159206 9.9982E-05 0.0769917 0.59465
0.172802 9.9982E-05 0.0289969 0.174662 9.9982E-05 0.0655283 0.557812
0.117675 9.9982E-05 0.0572591 0.192098 9.9982E-05 0.115763 0.517005
0.134088 9.9991E-05 0.0262783 0.171348 0.108684 0.167265 0.392236
0.147339 9.9991E-05 0.0621331 0.166135 0.0708749 0.10226 0.451158
0.149616 9.9982E-05 0.00544296 0.212456 9.9982E-05 0.0749263 0.557358
0.244831 9.9991E-05 0.0910864 0.0923187 0.0552454 0.0896302 0.426788
0.206087 9.9982E-05 0.0681473 0.100933 9.9982E-05 0.101327 0.523306
0.11533 9.9991E-05 0.0515939 0.101348 0.0630814 0.126419 0.542128
0.196877 9.9991E-05 0.0471963 0.0534261 0.0023393 0.137387 0.562674
0.0795329 0.0242959 0.0596227 0.150161 0.00585522 0.110576 0.569956
0.126288 0.000193498 0.0475376 0.177123 0.0168183 0.0878541 0.544186
9.9955E-05 9.9955E-05 9.9955E-05 0.995727 9.9955E-05 0.00377316 9.9955E-05
0.0165791 9.9973E-05 9.9973E-05 0.864835 0.0717215 0.0465644 9.9973E-05
9.995E-05 9.995E-05 9.995E-05 0.9994 9.995E-05 9.995E-05 9.995E-05
9.995E-05 9.995E-05 9.995E-05 0.9994 9.995E-05 9.995E-05 9.995E-05
9.9955E-05 9.9955E-05 9.9955E-05 0.983598 9.9955E-05 9.9955E-05 0.0159022
9.995E-05 9.995E-05 9.995E-05 0.9994 9.995E-05 9.995E-05 9.995E-05
9.9955E-05 9.9955E-05 9.9955E-05 0.989768 9.9955E-05 9.9955E-05 0.0097321
0.0218269 0.0343212 9.9989E-05 0.81786 9.9989E-05 0.0637064 0.0620857
9.9955E-05 9.9955E-05 0.0163498 0.98315 9.9955E-05 9.9955E-05 9.9955E-05
9.995E-05 9.995E-05 9.995E-05 0.9994 9.995E-05 9.995E-05 9.995E-05
0.0453688 0.0351575 0.0265446 0.892629 9.9973E-05 9.9973E-05 9.9973E-05
9.995E-05 9.995E-05 9.995E-05 0.9994 9.995E-05 9.995E-05 9.995E-05
0.0498875 0.00952278 0.0832401 0.662721 9.9991E-05 0.0285332 0.165995
9.995E-05 9.995E-05 0.9994 9.995E-05 9.995E-05 9.995E-05 9.995E-05
0.166185 9.9982E-05 0.068845 0.168151 9.9982E-05 0.04903 0.547589
9.995E-05 9.995E-05 0.9994 9.995E-05 9.995E-05 9.995E-05 9.995E-05
9.995E-05 9.995E-05 0.9994 9.995E-05 9.995E-05 9.995E-05 9.995E-05
0.0172534 0.0147785 0.967568 9.9964E-05 9.9964E-05 9.9964E-05 9.9964E-05
0.0225035 9.9991E-05 0.757762 0.00221021 0.0323019 0.0634316 0.121691
9.995E-05 9.995E-05 0.9994 9.995E-05 9.995E-05 9.995E-05 9.995E-05
0.00852539 9.9973E-05 0.877055 0.069372 9.9973E-05 9.9973E-05 0.0447481
0.0203893 9.9964E-05 0.975793 9.9964E-05 9.9964E-05 0.00341788 9.9964E-05
9.9964E-05 9.9964E-05 0.938038 0.0242031 0.0373586 9.9964E-05 9.9964E-05
9.995E-05 9.995E-05 0.9994 9.995E-05 9.995E-05 9.995E-05 9.995E-05
9.9955E-05 9.9955E-05 0.998997 0.000502863 9.9955E-05 9.9955E-05 9.9955E-05
9.9964E-05 9.9964E-05 0.952814 0.0155982 9.9964E-05 9.9964E-05 0.0311878
0.0228237 9.9982E-05 0.807943 0.0584007 9.9982E-05 0.0584691 0.052164
9.9964E-05 9.9964E-05 0.945296 9.9964E-05 9.9964E-05 0.00920012 0.0451039
0.0269896 0.00196191 0.844863 0.016922 9.9991E-05 0.00733336 0.10183
9.9982E-05 0.0191888 0.876238 0.045525 9.9982E-05 0.0321614 0.0266869
9.9973E-05 0.0440713 0.87339 9.9973E-05 9.9973E-05 0.0313966 0.0508421
0.03633 0.00372445 0.923411 0.0154293 9.9982E-05 9.9982E-05 0.0209052
0.109328 0.0234509 0.058289 0.0650476 9.9991E-05 0.317884 0.4259
0.053652 0.0303121 9.9991E-05 0.0726951 0.0355623 0.360072 0.447606
0.100371 0.0294018 0.056254 0.093246 9.9991E-05 0.285848 0.43478
0.0536006 0.0471742 0.0514639 0.0500394 9.9991E-05 0.310692 0.48693
0.235514 9.9982E-05 0.0744622 0.0882209 0.130371 0.471231 9.9982E-05
0.227712 9.99821E-05 0.0945041 0.0386218 0.0240551 0.614907 9.99821E-05
0.220402 9.9991E-05 0.0929989 0.0582757 0.0556066 0.530828 0.0417884
0.236819 9.9982E-05 0.0984454 0.0382022 0.0400541 0.58628 9.9982E-05
0.241259 9.9991E-05 0.0926221 0.0601247 0.0397072 0.520405 0.0457817
0.247241 9.9991E-05 0.0880606 0.0662251 0.0688794 0.495861 0.0336331
0.240153 9.9991E-05 0.104931 0.0570239 0.0740129 0.477064 0.0467158
0.143506 0.00758639 0.0658852 0.0813249 0.175848 0.394479 0.13137
0.184135 9.9991E-05 0.0779285 0.0730822 0.172814 0.413261 0.0786789
9.9955E-05 9.9955E-05 9.9955E-05 9.9955E-05 9.9955E-05 0.985962 0.0135379
9.995E-05 9.995E-05 9.995E-05 9.995E-05 9.995E-05 0.9994 9.995E-05
9.995E-05 9.995E-05 9.995E-05 9.995E-05 9.995E-05 0.9994 9.995E-05
9.995E-05 9.995E-05 9.995E-05 9.995E-05 9.995E-05 0.9994 9.995E-05
9.995E-05 9.995E-05 9.995E-05 9.995E-05 9.995E-05 0.9994 9.995E-05
9.9964E-05 0.00823216 9.9964E-05 9.9964E-05 9.9964E-05 0.926151 0.0652171
9.995E-05 9.995E-05 9.995E-05 9.995E-05 9.995E-05 0.9994 9.995E-05
9.995E-05 9.995E-05 9.995E-05 9.995E-05 9.995E-05 0.9994 9.995E-05
9.995E-05 9.995E-05 9.995E-05 9.995E-05 9.995E-05 0.9994 9.995E-05
9.9955E-05 9.9955E-05 9.9955E-05 9.9955E-05 9.9955E-05 0.993298 0.00620246
9.995E-05 9.995E-05 9.995E-05 9.995E-05 9.995E-05 0.9994 9.995E-05
9.9955E-05 9.9955E-05 9.9955E-05 9.9955E-05 0.00370618 0.995794 9.9955E-05
