9.995E-05 9.995E-05 0.9994 9.995E-05 9.995E-05 9.995E-05 9.995E-05
0.645244 0.0611953 0.241981 9.9973E-05 9.9973E-05 9.9973E-05 0.0512803
0.653747 0.0987677 0.208819 9.9973E-05 9.9973E-05 9.9973E-05 0.0383662
0.785323 0.00243629 0.162092 9.9973E-05 0.0498488 9.9973E-05 9.9973E-05
0.759652 9.9982E-05 0.0571675 0.0638498 0.0732843 0.0458467 9.9982E-05
0.618058 0.0229839 0.147735 9.9991E-05 0.199346 0.00235989 0.00941603
0.783461 9.9955E-05 0.21604 9.9955E-05 9.9955E-05 9.9955E-05 9.9955E-05
0.479448 0.0509828 0.270625 0.0213538 0.124716 0.00773621 0.0451385
0.648507 0.0609407 0.167549 0.0333106 0.0634632 9.9991E-05 0.0261292
9.995E-05 9.995E-05 0.9994 9.995E-05 9.995E-05 9.995E-05 9.995E-05
9.995E-05 9.995E-05 0.9994 9.995E-05 9.995E-05 9.995E-05 9.995E-05
9.995E-05 9.995E-05 0.9994 9.995E-05 9.995E-05 9.995E-05 9.995E-05
9.9964E-05 9.9964E-05 0.971071 0.00214346 9.9964E-05 9.9964E-05 0.0263853
0.035671 9.9964E-05 0.922818 9.9964E-05 9.9964E-05 0.0411115 9.9964E-05
9.9955E-05 0.0637481 0.935752 9.9955E-05 9.9955E-05 9.9955E-05 9.9955E-05
0.545022 0.00494374 0.117174 0.0278858 0.304775 9.9982E-05 9.9982E-05
0.389919 0.0254344 0.219654 0.116192 0.100501 0.0888663 0.0594338
0.756927 0.0145876 0.133972 9.9982E-05 0.0903127 9.9982E-05 0.00400105
0.901562 9.9973E-05 9.9973E-05 0.00189872 9.9973E-05 0.0864567 0.00978287
0.852065 0.0218108 9.9982E-05 0.00487063 0.0292498 0.0918037 9.9982E-05
0.905288 9.9982E-05 0.0246588 0.0205684 0.0415035 9.9982E-05 0.00778189
0.74215 0.065496 9.9991E-05 0.0213197 0.0938647 0.0641299 0.0129402
0.833407 0.00745554 9.9991E-05 0.0107966 0.0342075 0.112407 0.00162613
0.922968 0.0129876 9.9964E-05 9.9964E-05 9.9964E-05 0.0636443 9.9964E-05
0.878929 9.9964E-05 9.9964E-05 0.0617176 0.0589536 9.9964E-05 9.9964E-05
0.619639 9.9973E-05 9.9973E-05 0.110912 0.262696 0.0064533 9.9973E-05
0.646769 0.0543473 9.9982E-05 0.110532 0.159081 0.0290706 9.9982E-05
0.93951 0.0197746 9.9973E-05 9.9973E-05 0.0220836 0.0183322 9.9973E-05
0.710579 0.00779813 0.0316876 0.0481182 0.158226 0.043491 9.9991E-05
0.996744 9.9955E-05 0.00275596 9.9955E-05 9.9955E-05 9.9955E-05 9.9955E-05
0.936437 9.9964E-05 0.0248305 9.9964E-05 9.9964E-05 0.0383326 9.9964E-05
0.750263 0.0141786 9.9991E-05 0.0929304 0.117858 0.00134218 0.0233276
0.781216 0.0525059 9.9991E-05 0.028474 0.0685074 0.0265201 0.0426763
0.613733 0.0378022 0.0333617 0.121856 0.153583 0.0184793 0.0211849
0.790828 0.0460592 9.9964E-05 9.9964E-05 9.9964E-05 0.162713 9.9964E-05
0.921031 9.9973E-05 0.0262708 9.9973E-05 0.0472545 0.0051437 9.9973E-05
0.469812 9.9964E-05 9.9964E-05 9.9964E-05 0.482869 0.0469198 9.9964E-05
0.515734 0.0364066 9.9991E-05 0.0895037 0.304715 0.0502172 0.00332322
0.517789 0.0623124 0.0111109 0.0595268 0.296138 9.9991E-05 0.0530222
0.495802 9.9982E-05 9.9982E-05 0.104539 0.314101 0.0235275 0.0618305
0.0963719 0.0285906 9.9982E-05 0.0804556 0.767112 9.9982E-05 0.0272701
0.0881391 0.0450354 0.0221066 0.0189475 0.799287 0.026385 9.9991E-05
0.203457 0.0581582 0.0467421 9.9982E-05 0.645211 9.9982E-05 0.0462319
0.100802 0.0314045 9.9982E-05 0.0370422 0.805327 9.9982E-05 0.0252245
0.209122 0.0383662 9.9973E-05 0.0399919 0.71222 9.9973E-05 9.9973E-05
0.017932 9.9964E-05 0.0171113 9.9964E-05 0.964557 9.9964E-05 9.9964E-05
0.000821748 9.9964E-05 0.0160293 9.9964E-05 0.982749 9.9964E-05 9.9964E-05
0.357764 0.0393075 9.9982E-05 0.0337623 0.534009 0.0349563 9.9982E-05
0.0988945 0.0250845 0.0928536 0.124773 0.658194 9.9982E-05 9.9982E-05
0.3938 0.026874 0.0765093 0.0440803 0.41062 9.9991E-05 0.0480159
0.213388 0.0209644 0.0443909 9.9982E-05 0.691137 9.9982E-05 0.0299196
0.171571 0.0233439 9.9973E-05 9.9973E-05 0.791959 0.0128267 9.9973E-05
9.9964E-05 9.9964E-05 0.0195549 0.00396539 0.97608 9.9964E-05 9.9964E-05
0.187347 9.9982E-05 0.0285204 0.0480707 0.645283 0.0905791 9.9982E-05
0.164535 9.9991E-05 0.0451503 0.0590939 0.646096 0.049922 0.0351026
0.136051 0.0761563 0.0010344 0.00536695 0.769101 9.9991E-05 0.0121911
0.154696 0.0308934 0.0895889 0.0947469 0.619021 0.0109534 9.9991E-05
0.273045 9.9982E-05 9.9982E-05 0.138443 0.504937 0.00668879 0.0766866
9.9955E-05 9.9955E-05 0.0194297 9.9955E-05 0.980071 9.9955E-05 9.9955E-05
0.167193 0.00676965 0.0577737 0.0931947 0.662814 9.9991E-05 0.0121557
0.199679 9.9982E-05 0.00635468 0.140367 0.651721 0.00167899 9.9982E-05
0.00101192 9.99641E-05 0.0101476 9.99641E-05 0.988441 9.99641E-05 9.99641E-05
0.0778053 0.0450529 0.030408 9.9991E-05 0.79629 0.0210312 0.0293127
9.9973E-05 0.0147986 9.9973E-05 9.9973E-05 0.920618 0.0592103 0.00507272
0.0914533 9.9973E-05 0.0119894 0.00188038 0.894377 9.9973E-05 9.9973E-05
9.9964E-05 0.0391178 9.9964E-05 9.9964E-05 0.924758 0.0357241 9.9964E-05
9.9955E-05 9.9955E-05 9.9955E-05 9.9955E-05 0.976204 9.9955E-05 0.0232964
9.9973E-05 9.9973E-05 0.0115948 0.0104248 0.870724 0.106956 9.9973E-05
0.303806 0.0157004 9.9982E-05 0.0248596 0.640537 9.9982E-05 0.0148973
9.99551E-05 0.0058524 9.99551E-05 9.99551E-05 0.993648 9.99551E-05 9.99551E-05
0.121971 0.0450845 0.0339979 9.9982E-05 0.764843 9.9982E-05 0.0339034
0.0388151 0.0157947 9.9991E-05 0.0813766 0.82778 0.0232014 0.0129321
9.9955E-05 9.9955E-05 0.0950629 9.9955E-05 0.904437 9.9955E-05 9.9955E-05
9.9955E-05 9.9955E-05 0.0478422 9.9955E-05 0.951658 9.9955E-05 9.9955E-05
9.9982E-05 0.000977969 0.0410291 0.0833608 0.793901 0.0805307 9.9982E-05
9.9955E-05 9.9955E-05 9.9955E-05 0.0279023 0.971598 9.9955E-05 9.9955E-05
9.9964E-05 0.044994 9.9964E-05 9.9964E-05 0.923745 9.9964E-05 0.0308607
9.9982E-05 0.00473472 0.0203689 9.9982E-05 0.7513 0.134086 0.0893108
9.9982E-05 0.00188277 9.9982E-05 0.175134 0.685635 0.058644 0.0785042
9.9973E-05 9.9973E-05 9.9973E-05 0.145781 0.658908 0.0641179 0.130893
9.9982E-05 0.00240139 9.9982E-05 0.143481 0.77234 0.0322453 0.0493333
9.9982E-05 0.00704767 9.9982E-05 0.0955918 0.715455 0.0575866 0.124119
9.9982E-05 0.0335069 9.9982E-05 0.113915 0.707746 0.0515159 0.0931167
0.202922 0.0181584 9.9982E-05 0.139248 0.488612 9.9982E-05 0.15086
0.0679405 0.00565901 0.0315879 0.106721 0.551689 0.00269915 0.233704
0.0364244 0.0989549 0.00282468 0.0840973 0.587432 9.9991E-05 0.190167
0.160878 0.0703545 0.0314723 0.123971 0.50659 0.0260172 0.0807173
0.108587 9.9982E-05 0.00225711 0.186236 0.562125 9.9982E-05 0.140594
9.9991E-05 0.0294836 0.010219 0.0461743 0.674258 0.075388 0.164377
0.0217661 0.104058 9.9991E-05 0.217195 0.530738 0.000237215 0.125905
9.9982E-05 0.0147844 0.0363794 9.9982E-05 0.660949 0.199301 0.0883859
0.0217263 0.0357603 0.0365844 9.9991E-05 0.647737 0.177995 0.0800964
0.00821555 0.0853928 0.0180874 0.225971 0.45096 9.9991E-05 0.211273
9.995E-05 9.995E-05 9.995E-05 9.995E-05 9.995E-05 9.995E-05 0.9994
0.0138977 0.00919562 0.0139931 0.00795192 9.9982E-05 9.9982E-05 0.954762
9.9973E-05 9.9973E-05 0.00780381 9.9973E-05 0.039193 0.0720368 0.880666
9.995E-05 9.995E-05 9.995E-05 9.995E-05 9.995E-05 9.995E-05 0.9994
9.995E-05 9.995E-05 9.995E-05 9.995E-05 9.995E-05 9.995E-05 0.9994
9.995E-05 9.995E-05 9.995E-05 9.995E-05 9.995E-05 9.995E-05 0.9994
0.00921487 9.9955E-05 9.9955E-05 9.9955E-05 9.9955E-05 9.9955E-05 0.990285
0.0389914 0.0178103 9.9982E-05 0.0282914 0.0122319 9.9982E-05 0.902475
9.9964E-05 9.9964E-05 9.9964E-05 0.00971804 0.000464635 9.9964E-05 0.989417
9.995E-05 9.995E-05 9.995E-05 9.995E-05 9.995E-05 9.995E-05 0.9994
0.0577015 0.0641674 9.9991E-05 0.377699 0.307477 0.083977 0.108878
9.9973E-05 9.9973E-05 9.9973E-05 0.00820909 0.113262 0.0117841 0.866444
9.9964E-05 0.00736987 9.9964E-05 0.00323497 9.9964E-05 9.9964E-05 0.988995
9.9955E-05 9.9955E-05 9.9955E-05 9.9955E-05 9.9955E-05 0.016714 0.982786
9.9973E-05 9.9973E-05 9.9973E-05 0.311689 0.481197 0.0812102 0.125605
9.9982E-05 0.0493599 9.9982E-05 0.266829 0.50169 0.0653521 0.116569
9.9982E-05 0.0343109 9.9982E-05 0.280228 0.457893 0.0902774 0.137091
9.9982E-05 0.0551624 9.9982E-05 0.289939 0.421353 0.0529464 0.1804
9.9973E-05 9.9973E-05 9.9973E-05 0.281583 0.518485 0.0884244 0.111208
0.137864 0.0144912 9.9991E-05 0.225566 0.38623 0.168248 0.0675009
0.0532842 0.0167125 9.9991E-05 0.201249 0.475152 0.12181 0.131693
9.9982E-05 0.00469302 9.9982E-05 0.267095 0.470734 0.122444 0.134835
9.9982E-05 0.0577175 9.9982E-05 0.148364 0.413773 0.140958 0.238988
9.9982E-05 0.0472529 9.9982E-05 0.132456 0.489121 0.154795 0.176175
0.0681736 0.060224 9.9991E-05 0.19689 0.498963 0.0834689 0.0921801
9.9982E-05 0.0649992 9.9982E-05 0.113834 0.457221 0.193374 0.170372
9.9991E-05 0.0739768 0.00419855 0.247509 0.522088 0.096298 0.0558304
0.024032 0.055307 9.9991E-05 0.261983 0.48077 0.0487314 0.129077
9.9964E-05 0.0283392 9.9964E-05 0.89449 9.9964E-05 9.9964E-05 0.0767707
9.9964E-05 0.00923886 9.9964E-05 0.920352 9.9964E-05 9.9964E-05 0.0700092
9.9964E-05 0.00652342 9.9964E-05 0.975035 9.9964E-05 9.9964E-05 0.018042
9.9955E-05 9.9955E-05 9.9955E-05 0.966316 0.0331841 9.9955E-05 9.9955E-05
9.9964E-05 0.0106745 9.9964E-05 0.951174 9.9964E-05 9.9964E-05 0.0377521
9.9964E-05 0.00743141 9.9964E-05 0.952731 9.9964E-05 9.9964E-05 0.0394377
9.9973E-05 0.0111962 9.9973E-05 0.935061 0.020717 9.9973E-05 0.0327255
9.9991E-05 0.0122771 0.0327472 0.718156 0.0900479 0.126377 0.0202941
9.9955E-05 0.0262756 9.9955E-05 0.973225 9.9955E-05 9.9955E-05 9.9955E-05
9.9964E-05 0.0157848 9.9964E-05 0.97453 9.9964E-05 9.9964E-05 0.00928558
9.9973E-05 0.0269927 9.9973E-05 0.809927 9.9973E-05 0.0863613 0.0764189
9.9964E-05 0.0106342 9.9964E-05 0.974955 9.9964E-05 9.9964E-05 0.0140112
9.9982E-05 0.107414 9.9982E-05 0.670384 0.157058 0.0103771 0.0545679
9.995E-05 0.9994 9.995E-05 9.995E-05 9.995E-05 9.995E-05 9.995E-05
9.9982E-05 0.116301 9.9982E-05 0.2179 0.436562 0.0360424 0.192995
9.995E-05 0.9994 9.995E-05 9.995E-05 9.995E-05 9.995E-05 9.995E-05
9.995E-05 0.9994 9.995E-05 9.995E-05 9.995E-05 9.995E-05 9.995E-05
9.99551E-05 0.963109 9.99551E-05 9.99551E-05 9.99551E-05 0.036391 9.99551E-05
9.9982E-05 0.852726 9.9982E-05 0.0860429 0.0381434 0.00700579 0.015882
9.995E-05 0.9994 9.995E-05 9.995E-05 9.995E-05 9.995E-05 9.995E-05
9.9991E-05 0.808123 0.00403382 0.0313694 0.126769 0.0256657 0.00393828
0.019025 0.927451 9.9982E-05 9.9982E-05 0.0102467 0.0314432 0.0116345
0.0558002 0.888748 9.9964E-05 0.0550522 9.9964E-05 9.9964E-05 9.9964E-05
9.9955E-05 0.993258 0.00624231 9.9955E-05 9.9955E-05 9.9955E-05 9.9955E-05
9.995E-05 0.9994 9.995E-05 9.995E-05 9.995E-05 9.995E-05 9.995E-05
9.9973E-05 0.954016 0.0157614 0.0294048 9.9973E-05 9.9973E-05 0.000518084
0.024432 0.778568 9.9991E-05 0.0727034 0.0408712 0.0213582 0.0619669
0.00756116 0.897305 9.9982E-05 0.000653568 0.0419968 0.0522832 9.9982E-05
9.9982E-05 0.859386 0.0130187 9.9982E-05 0.061502 0.0402394 0.0256541
9.9973E-05 0.894626 9.9973E-05 0.0403235 0.0381996 0.0265512 9.9973E-05
0.0109374 0.907376 0.0251463 9.9982E-05 0.0558205 0.000519706 9.9982E-05
9.9964E-05 0.92317 0.0092597 0.0671708 9.9964E-05 9.9964E-05 9.9964E-05
9.9991E-05 0.0226209 0.0336163 0.277014 0.448917 0.156897 0.0608345
9.9991E-05 0.0313186 0.0292824 0.283993 0.465241 0.165702 0.0243633
9.9991E-05 0.0289723 0.0619864 0.240896 0.443347 0.156972 0.0677265
9.9991E-05 0.0522517 0.0487132 0.264474 0.449502 0.16316 0.0217991
0.0531021 0.00735007 0.00454842 9.9973E-05 9.9973E-05 0.9347 9.9973E-05
9.995E-05 9.995E-05 9.995E-05 9.995E-05 9.995E-05 0.9994 9.995E-05
9.9973E-05 0.000734193 9.9973E-05 0.00486377 9.9973E-05 0.984481 0.00962106
9.995E-05 9.995E-05 9.995E-05 9.995E-05 9.995E-05 0.9994 9.995E-05
9.9964E-05 0.00107905 9.9964E-05 9.9964E-05 9.9964E-05 0.988276 0.0102453
9.9973E-05 0.0118195 9.9973E-05 0.000524432 9.9973E-05 0.974995 0.0123608
9.9964E-05 9.9964E-05 9.9964E-05 0.0152687 0.00808652 0.976245 9.9964E-05
0.0813445 0.0464515 0.0106409 0.0206941 0.0662744 0.74966 0.024935
0.0387925 0.0340558 9.9973E-05 9.9973E-05 0.0701302 0.856722 9.9973E-05
0.0517265 9.9973E-05 0.0101116 0.901789 9.9973E-05 0.0360729 9.9973E-05
9.9964E-05 9.9964E-05 0.0336554 0.915848 9.9964E-05 0.0500966 9.9964E-05
0.0479062 9.9973E-05 0.0182972 0.872563 9.9973E-05 0.0609332 9.9973E-05
9.9964E-05 9.9964E-05 0.0459311 0.930765 9.9964E-05 0.0229039 9.9964E-05
9.9964E-05 9.9964E-05 0.0287171 0.925825 9.9964E-05 0.0450576 9.9964E-05
0.0468447 9.9973E-05 0.0365681 0.830474 9.9973E-05 0.0858128 9.9973E-05
0.0179371 9.9973E-05 0.042046 0.896356 9.9973E-05 0.0433606 9.9973E-05
0.0161967 9.9973E-05 0.0286747 0.919225 9.9973E-05 0.0356035 9.9973E-05
0.0451339 9.9973E-05 0.0417825 0.851478 9.9973E-05 0.061306 9.9973E-05
0.0633843 9.9973E-05 0.030226 0.849866 9.9973E-05 0.0562239 9.9973E-05
0.017593 9.9973E-05 0.0201243 0.93915 9.9973E-05 0.0228325 9.9973E-05
0.0121025 9.9973E-05 0.0233267 0.892799 9.9973E-05 0.0714723 9.9973E-05
