9.995E-05 9.995E-05 9.995E-05 9.995E-05 9.995E-05 9.995E-05 0.9994
9.9973E-05 9.9973E-05 0.0747767 0.501498 9.9973E-05 0.0513924 0.372033
9.9973E-05 9.9973E-05 0.0581929 0.450847 9.9973E-05 0.104859 0.385802
9.99551E-05 9.99551E-05 9.99551E-05 0.691614 9.99551E-05 9.99551E-05 0.307887
0.0332076 0.0676602 9.9973E-05 0.749353 9.9973E-05 9.9973E-05 0.149479
0.00427569 9.9973E-05 0.00086324 0.769349 9.9973E-05 9.9973E-05 0.225212
9.99551E-05 9.99551E-05 9.99551E-05 0.615522 9.99551E-05 9.99551E-05 0.383979
9.9973E-05 9.9973E-05 0.000299786 0.567946 9.9973E-05 0.0809637 0.350491
9.9982E-05 0.0367329 0.0277983 0.623656 9.9982E-05 0.0293623 0.282251
9.995E-05 9.995E-05 9.995E-05 9.995E-05 9.995E-05 9.995E-05 0.9994
9.995E-05 9.995E-05 9.995E-05 9.995E-05 9.995E-05 9.995E-05 0.9994
9.995E-05 9.995E-05 9.995E-05 9.995E-05 9.995E-05 9.995E-05 0.9994
9.995E-05 9.995E-05 9.995E-05 9.995E-05 9.995E-05 9.995E-05 0.9994
0.0600906 9.9955E-05 9.9955E-05 9.9955E-05 9.9955E-05 9.9955E-05 0.93941
0.00914097 9.9973E-05 9.9973E-05 9.9973E-05 0.0214812 0.00383469 0.965243
9.9982E-05 0.0270582 0.0300321 0.702013 9.9982E-05 0.012927 0.22777
0.068121 0.0958859 0.0224193 0.497866 9.9991E-05 0.0380993 0.277508
9.99551E-05 9.99551E-05 9.99551E-05 0.749244 9.99551E-05 9.99551E-05 0.250256
9.99551E-05 9.99551E-05 9.99551E-05 0.999348 9.99551E-05 9.99551E-05 0.000151786
0.00350404 9.99551E-05 9.99551E-05 0.995996 9.99551E-05 9.99551E-05 9.99551E-05
9.9964E-05 0.0107053 9.9964E-05 0.887281 9.9964E-05 9.9964E-05 0.101614
0.0779977 9.9973E-05 9.9973E-05 0.848964 9.9973E-05 0.0278817 0.0448569
0.0579858 9.9964E-05 9.9964E-05 0.8915 9.9964E-05 9.9964E-05 0.0501141
9.9955E-05 9.9955E-05 9.9955E-05 0.91574 9.9955E-05 9.9955E-05 0.0837603
9.9955E-05 9.9955E-05 9.9955E-05 0.947092 9.9955E-05 9.9955E-05 0.0524082
9.9964E-05 0.0733897 9.9964E-05 0.897684 9.9964E-05 9.9964E-05 0.0285264
0.0209189 0.0477372 9.9982E-05 0.846822 9.9982E-05 0.0346062 0.0497153
9.99551E-05 9.99551E-05 9.99551E-05 0.969898 9.99551E-05 9.99551E-05 0.0296024
0.0294889 9.9964E-05 9.9964E-05 0.864068 9.9964E-05 9.9964E-05 0.106043
9.9955E-05 9.9955E-05 9.9955E-05 0.888878 9.9955E-05 9.9955E-05 0.110622
0.0138946 9.99641E-05 9.99641E-05 0.88879 9.99641E-05 9.99641E-05 0.0969156
0.0266767 0.0385597 0.00965888 0.887812 9.9982E-05 9.9982E-05 0.0370928
0.026848 0.00305504 0.00451505 0.909014 9.9991E-05 0.0109459 0.0455224
0.00478863 0.0077844 0.0279572 0.730797 0.0608334 0.0707432 0.0970964
0.109658 9.9964E-05 9.9964E-05 0.851994 9.9964E-05 9.9964E-05 0.0379488
9.9955E-05 9.9955E-05 9.9955E-05 0.867012 9.9955E-05 9.9955E-05 0.132488
0.0519904 9.9955E-05 9.9955E-05 0.94751 9.9955E-05 9.9955E-05 9.9955E-05
0.0927384 0.0766071 0.0166785 0.762271 0.0201485 0.00525544 0.0263012
9.9982E-05 0.0746913 0.0477946 0.771505 9.9982E-05 0.0549854 0.0508241
0.0513728 0.0377052 0.00564004 0.845006 0.0418812 9.9991E-05 0.0182948
9.9982E-05 0.00474533 0.0597324 0.719622 0.174604 0.0410966 9.9982E-05
9.9982E-05 0.0489248 0.0612585 0.669811 0.121566 0.0982397 9.9982E-05
9.9982E-05 9.9982E-05 0.0459996 0.706405 0.0971762 0.089235 0.0609841
9.9982E-05 0.0329986 0.0523189 0.73893 0.113978 0.0615749 9.9982E-05
9.9973E-05 0.0547029 9.9973E-05 0.813376 0.0651516 0.0664696 9.9973E-05
9.9964E-05 0.0506125 9.9964E-05 0.916899 9.9964E-05 0.032089 9.9964E-05
9.9973E-05 0.026651 9.9973E-05 0.921623 0.0172573 0.034169 9.9973E-05
0.0404645 0.0293801 9.9982E-05 0.827956 0.0488634 0.0531356 9.9982E-05
0.0190116 0.0920449 9.9991E-05 0.662193 0.106388 0.0693207 0.0509423
9.9991E-05 0.0209931 0.0697738 0.728341 0.0522446 0.0215884 0.106959
9.9991E-05 0.0717733 0.052227 0.76267 0.0144394 0.0644793 0.034311
0.0744277 0.0279886 9.9982E-05 0.796274 0.0281612 0.0729489 9.9982E-05
0.00766881 0.0938584 9.9982E-05 0.816448 0.0233528 0.0584717 9.9982E-05
0.0742686 0.105471 0.0647545 0.668202 0.0611078 9.9991E-05 0.0260958
0.0415688 0.0564489 0.0670789 0.684547 0.113347 0.00396531 0.033044
9.9973E-05 9.9973E-05 0.0378549 0.734426 0.138238 0.089182 9.9973E-05
0.0150742 0.121201 0.00186539 0.602402 0.103842 0.0841763 0.0714394
9.9973E-05 0.130383 0.0932871 0.708322 0.0677081 9.9973E-05 9.9973E-05
9.9964E-05 0.0372888 9.9964E-05 0.912651 9.9964E-05 0.04966 9.9964E-05
9.9991E-05 0.101626 0.0928729 0.719592 0.0127991 0.0364405 0.0365692
0.0194108 0.124395 9.9982E-05 0.772878 0.0830026 0.0001131 9.9982E-05
9.9982E-05 0.00476212 0.0498016 0.755069 0.121528 0.0686391 9.9982E-05
0.0302126 0.065112 0.0558905 0.651023 0.113791 0.0838715 9.9991E-05
0.122236 0.0661922 0.0473084 0.609868 0.109744 0.0445514 9.9991E-05
0.00369397 0.0655147 0.0142621 0.81706 0.0992694 9.9982E-05 9.9982E-05
0.104558 0.0555347 0.00876332 0.669093 0.0706163 0.0913345 9.9991E-05
0.00833662 0.0846343 0.0992678 0.673467 0.111471 0.0227233 9.9991E-05
0.151984 0.00575029 0.0507894 0.611996 0.0775638 0.0991276 0.00278839
9.9982E-05 0.043953 0.00256657 0.896404 0.0281222 0.0287538 9.9982E-05
0.0948945 0.0331232 0.022009 0.689605 0.0994547 0.0608132 9.9991E-05
9.9982E-05 9.9982E-05 0.0825155 0.71893 0.095939 0.0740204 0.0283957
0.00861797 0.0715626 0.0681054 0.645641 0.110152 0.0958208 9.9991E-05
0.00470412 0.0869421 0.0242545 0.783892 0.0301202 0.0507956 0.0192911
9.9991E-05 0.147302 0.00913392 0.723359 0.050798 0.0331312 0.0361762
0.0309176 0.0638308 0.0523311 0.588836 0.163912 0.0800995 0.0200731
0.0348946 0.152882 0.0281346 0.69693 0.077003 0.0100558 9.9991E-05
9.9982E-05 0.0261207 0.0876715 0.714216 0.0647962 0.106996 9.9982E-05
0.150618 9.9982E-05 0.133996 0.529619 0.129226 0.056341 9.9982E-05
0.0958913 0.0949585 0.161203 0.405248 0.157297 0.0853016 9.9991E-05
0.122696 0.0801718 0.170417 0.435857 0.14135 0.0494086 9.9991E-05
0.127003 0.0738256 0.120311 0.421916 0.178159 0.078686 9.9991E-05
0.0843832 0.0807832 0.211245 0.451442 0.141781 0.0302649 9.9991E-05
0.104281 0.109202 0.129488 0.46629 0.122635 0.0680036 9.9991E-05
9.9982E-05 0.107168 0.188604 0.538236 0.154766 0.0110244 9.9982E-05
0.0475091 0.044978 0.193767 0.427456 0.198787 0.0475314 0.0399708
0.0468285 0.0460713 0.198859 0.434922 0.149451 0.123769 9.9991E-05
0.0413162 0.0697114 0.111218 0.503795 0.134021 0.101162 0.0387767
9.9982E-05 0.083827 0.169742 0.550483 0.187619 0.00812852 9.9982E-05
0.084065 0.111618 0.156967 0.497845 0.140919 0.0084853 9.9991E-05
0.0226424 0.146049 0.133694 0.392796 0.168116 0.136603 9.9991E-05
0.237727 9.9991E-05 0.0995718 0.488926 0.10049 0.0635194 0.00966594
0.240527 9.9982E-05 0.092997 0.497272 0.131785 0.037219 9.9982E-05
0.00808934 0.213846 0.222746 0.308976 0.123547 0.119108 0.00368748
9.995E-05 9.995E-05 0.9994 9.995E-05 9.995E-05 9.995E-05 9.995E-05
9.9973E-05 9.9973E-05 0.934638 0.0100181 9.9973E-05 0.018523 0.0365212
0.0429867 0.00765954 0.838258 0.0578991 0.0289676 9.9991E-05 0.0241287
9.9955E-05 9.9955E-05 0.989665 9.9955E-05 9.9955E-05 0.00983483 9.9955E-05
9.995E-05 9.995E-05 0.9994 9.995E-05 9.995E-05 9.995E-05 9.995E-05
9.995E-05 9.995E-05 0.9994 9.995E-05 9.995E-05 9.995E-05 9.995E-05
9.995E-05 9.995E-05 0.9994 9.995E-05 9.995E-05 9.995E-05 9.995E-05
9.9964E-05 0.0078395 0.959655 0.0321061 9.9964E-05 9.9964E-05 9.9964E-05
9.995E-05 9.995E-05 0.9994 9.995E-05 9.995E-05 9.995E-05 9.995E-05
9.995E-05 9.995E-05 0.9994 9.995E-05 9.995E-05 9.995E-05 9.995E-05
0.103026 0.121422 0.111123 0.293936 0.267561 0.102832 9.9991E-05
0.0476581 0.053464 0.883719 0.0148585 9.9973E-05 9.9973E-05 9.9973E-05
9.995E-05 9.995E-05 0.9994 9.995E-05 9.995E-05 9.995E-05 9.995E-05
9.9955E-05 9.9955E-05 0.996047 9.9955E-05 9.9955E-05 9.9955E-05 0.0034534
0.121619 0.150649 0.150103 0.261513 0.271638 0.0443781 9.9991E-05
0.121072 0.0803806 0.118585 0.369428 0.268319 0.0421156 9.9991E-05
0.172784 0.0906812 0.143156 0.339836 0.203686 0.0497574 9.9991E-05
0.120831 0.0827641 0.181798 0.312174 0.253377 0.0489558 9.9991E-05
0.181149 0.069566 0.131066 0.293883 0.280657 0.0435803 9.9991E-05
0.228123 0.0238089 0.101845 0.455275 0.186589 0.00425996 9.9991E-05
0.184625 0.0970859 0.153519 0.329025 0.209285 0.0263604 9.9991E-05
0.192224 0.0619664 0.146628 0.321599 0.265388 0.0120953 9.9991E-05
0.165849 0.0828847 0.225424 0.230695 0.154606 0.140441 9.9991E-05
0.206617 0.0500215 0.228259 0.245747 0.181742 0.0875135 9.9991E-05
0.139747 0.0955579 0.127864 0.394816 0.168472 0.0734422 9.9991E-05
0.21239 0.0641105 0.205639 0.302222 0.155343 0.0601965 9.9991E-05
0.148759 0.125342 0.0782084 0.324941 0.231963 0.0754968 0.0152902
0.10499 0.0660891 0.156842 0.345442 0.28361 0.0429265 9.9991E-05
0.0379456 0.00508152 9.9973E-05 9.9973E-05 0.937927 0.0187461 9.9973E-05
0.0163396 0.0853243 0.00579389 9.9982E-05 0.888426 9.9982E-05 0.00391579
9.995E-05 9.995E-05 9.995E-05 9.995E-05 0.9994 9.995E-05 9.995E-05
9.995E-05 9.995E-05 9.995E-05 9.995E-05 0.9994 9.995E-05 9.995E-05
9.995E-05 9.995E-05 9.995E-05 9.995E-05 0.9994 9.995E-05 9.995E-05
9.995E-05 9.995E-05 9.995E-05 9.995E-05 0.9994 9.995E-05 9.995E-05
9.995E-05 9.995E-05 9.995E-05 9.995E-05 0.9994 9.995E-05 9.995E-05
0.149717 0.0292217 9.9982E-05 0.0585274 0.722771 9.9982E-05 0.0395634
9.995E-05 9.995E-05 9.995E-05 9.995E-05 0.9994 9.995E-05 9.995E-05
9.995E-05 9.995E-05 9.995E-05 9.995E-05 0.9994 9.995E-05 9.995E-05
0.0719512 9.9973E-05 0.0586343 9.9973E-05 0.855979 9.9973E-05 0.0131353
9.995E-05 9.995E-05 9.995E-05 9.995E-05 0.9994 9.995E-05 9.995E-05
0.0691466 0.0441798 0.0335413 0.0054834 0.78004 0.0554178 0.0121907
9.995E-05 9.995E-05 9.995E-05 9.995E-05 9.995E-05 0.9994 9.995E-05
0.0983725 0.0905273 0.172111 0.306565 0.24 0.0923247 9.9991E-05
9.995E-05 9.995E-05 9.995E-05 9.995E-05 9.995E-05 0.9994 9.995E-05
9.995E-05 9.995E-05 9.995E-05 9.995E-05 9.995E-05 0.9994 9.995E-05
0.0617806 9.99551E-05 9.99551E-05 9.99551E-05 9.99551E-05 0.93772 9.99551E-05
0.0446651 0.0340926 0.00434518 0.0746506 0.0759708 0.752874 0.0134022
9.995E-05 9.995E-05 9.995E-05 9.995E-05 9.995E-05 0.9994 9.995E-05
9.9964E-05 9.9964E-05 9.9964E-05 0.084427 0.076431 0.838742 9.9964E-05
0.00396201 0.0143263 0.000206652 0.0200243 9.9982E-05 0.961281 9.9982E-05
9.9973E-05 0.0139882 0.00662354 9.9973E-05 0.00257529 0.976513 9.9973E-05
9.9955E-05 0.00231821 9.9955E-05 9.9955E-05 9.9955E-05 0.997182 9.9955E-05
9.9964E-05 0.00125111 9.9964E-05 9.9964E-05 0.00319565 0.995153 9.9964E-05
9.9964E-05 9.9964E-05 0.0164316 9.9964E-05 0.0138524 0.969316 9.9964E-05
9.9973E-05 0.046625 0.0545236 9.9973E-05 0.0421952 0.856356 9.9973E-05
0.032834 0.00161365 9.9982E-05 0.00236677 9.9982E-05 0.930087 0.0328982
0.0380643 0.00335848 0.0272519 0.00687764 0.0226313 0.901716 9.9991E-05
0.0451557 0.0409207 9.9982E-05 0.00925496 0.0318489 0.87262 9.9982E-05
0.0200811 0.0221565 9.9982E-05 0.0658968 9.9982E-05 0.848278 0.0433874
9.9973E-05 9.9973E-05 9.9973E-05 0.0144249 0.054799 0.920375 0.0101013
0.134771 0.298716 0.108285 0.272179 0.0977259 0.0608835 0.0274395
0.0785832 0.312077 0.0861423 0.370685 0.0668686 0.0732816 0.0123626
0.124179 0.313547 0.149107 0.219531 0.0513596 0.111306 0.0309706
0.156084 0.292511 0.0909953 0.269089 0.0985379 0.0559019 0.0368821
0.960265 9.9973E-05 9.9973E-05 0.0182737 0.0167394 9.9973E-05 0.00442149
0.9994 9.995E-05 9.995E-05 9.995E-05 9.995E-05 9.995E-05 9.995E-05
0.997689 0.00181101 9.9955E-05 9.9955E-05 9.9955E-05 9.9955E-05 9.9955E-05
0.9994 9.995E-05 9.995E-05 9.995E-05 9.995E-05 9.995E-05 9.995E-05
0.9994 9.995E-05 9.995E-05 9.995E-05 9.995E-05 9.995E-05 9.995E-05
0.986593 0.0129072 9.9955E-05 9.9955E-05 9.9955E-05 9.9955E-05 9.9955E-05
0.987056 0.000670164 9.9973E-05 0.00541989 9.9973E-05 9.9973E-05 0.00655414
0.77116 0.020139 0.0329842 0.0928584 0.0546742 9.9991E-05 0.0280843
0.890589 0.017478 0.0105272 0.00286474 0.000873767 0.0460985 0.0315693
9.9955E-05 0.975228 9.9955E-05 9.9955E-05 0.0242721 9.9955E-05 9.9955E-05
9.995E-05 0.9994 9.995E-05 9.995E-05 9.995E-05 9.995E-05 9.995E-05
9.995E-05 0.9994 9.995E-05 9.995E-05 9.995E-05 9.995E-05 9.995E-05
9.995E-05 0.9994 9.995E-05 9.995E-05 9.995E-05 9.995E-05 9.995E-05
9.995E-05 0.9994 9.995E-05 9.995E-05 9.995E-05 9.995E-05 9.995E-05
0.067943 0.878936 0.00525235 0.0475687 9.9973E-05 9.9973E-05 9.9973E-05
9.9955E-05 0.99612 9.9955E-05 9.9955E-05 9.9955E-05 0.0033802 9.9955E-05
9.995E-05 0.9994 9.995E-05 9.995E-05 9.995E-05 9.995E-05 9.995E-05
9.9964E-05 0.992215 0.00644423 9.9964E-05 9.9964E-05 0.00094117 9.9964E-05
9.9964E-05 0.97662 9.9964E-05 9.9964E-05 0.0168368 0.00614351 9.9964E-05
9.995E-05 0.9994 9.995E-05 9.995E-05 9.995E-05 9.995E-05 9.995E-05
9.995E-05 0.9994 9.995E-05 9.995E-05 9.995E-05 9.995E-05 9.995E-05
