9.995E-05 9.995E-05 9.995E-05 9.995E-05 0.9994 9.995E-05 9.995E-05
9.9973E-05 9.9973E-05 0.592318 9.9973E-05 0.251578 0.0543314 0.101473
9.9973E-05 9.9973E-05 0.603123 9.9973E-05 0.275443 0.067771 0.0533624
9.9964E-05 9.9964E-05 0.751857 0.0362724 0.211471 9.9964E-05 9.9964E-05
0.0379048 9.9973E-05 0.738862 0.130453 0.0924805 9.9973E-05 9.9973E-05
9.9973E-05 9.9973E-05 0.637135 0.127106 0.198372 0.0370863 9.9973E-05
9.9955E-05 9.9955E-05 0.742857 9.9955E-05 0.256643 9.9955E-05 9.9955E-05
9.999E-05 0.016512 0.584124 0.0458758 0.284696 0.0467804 0.0219115
0.0392242 9.9982E-05 0.693818 9.9982E-05 0.183847 0.062029 0.020882
9.995E-05 9.995E-05 9.995E-05 9.995E-05 0.9994 9.995E-05 9.995E-05
9.995E-05 9.995E-05 9.995E-05 9.995E-05 0.9994 9.995E-05 9.995E-05
9.995E-05 9.995E-05 9.995E-05 9.995E-05 0.9994 9.995E-05 9.995E-05
9.9955E-05 0.00249001 9.9955E-05 9.9955E-05 0.99701 9.9955E-05 9.9955E-05
0.0221918 9.9982E-05 0.0254368 0.00333917 0.941338 0.00749475 9.9982E-05
9.9973E-05 0.0140523 9.9973E-05 0.0341945 0.943734 0.00771974 9.9973E-05
9.9973E-05 9.9973E-05 0.550808 0.278321 0.162522 0.00804979 9.9973E-05
0.101877 0.12267 0.307568 0.148538 0.228924 0.0759256 0.0144978
9.9982E-05 9.9982E-05 0.697828 0.0809423 0.202973 0.00811089 0.00994597
9.9964E-05 9.9964E-05 0.925911 0.0278236 9.9964E-05 9.9964E-05 0.0458655
0.0275828 0.0386732 0.933344 9.9964E-05 9.9964E-05 9.9964E-05 9.9964E-05
0.0605786 9.9973E-05 0.895026 9.9973E-05 0.0325289 9.9973E-05 0.0115668
9.9982E-05 0.0294644 0.750221 0.117576 9.9982E-05 0.0784373 0.0241015
0.101207 0.0109914 0.829135 9.9973E-05 9.9973E-05 0.0583672 9.9973E-05
9.9973E-05 0.0387634 0.94615 9.9973E-05 0.00763694 9.9973E-05 0.00714998
0.0191868 0.0173489 0.849514 0.113206 0.000543924 9.9982E-05 9.9982E-05
0.043521 0.0420142 0.640439 0.264399 0.00942616 9.9982E-05 9.9982E-05
0.0661375 0.0099702 0.653062 0.219069 9.9982E-05 0.0515619 9.9982E-05
9.9973E-05 0.0153937 0.964924 0.00285239 9.9973E-05 0.0165301 9.9973E-05
0.0186732 0.036467 0.775767 0.141752 0.0206435 0.00659764 9.9991E-05
9.9964E-05 9.9964E-05 0.913984 0.028195 0.0574208 9.9964E-05 9.9964E-05
0.0326711 0.0332492 0.891714 9.9982E-05 0.0374363 9.9982E-05 0.00472985
0.0770433 0.101721 0.792856 9.9982E-05 9.9982E-05 0.0156865 0.0124932
0.0499869 0.0574174 0.744205 0.0743508 9.9991E-05 0.0545464 0.0193931
9.999E-05 0.124348 0.604894 0.159692 0.060375 0.0468974 0.00369249
0.0196316 0.0645009 0.854248 0.053063 9.9982E-05 0.00835666 9.9982E-05
0.0129718 9.9973E-05 0.909539 0.0339342 0.0432553 9.9973E-05 9.9973E-05
0.00981543 9.9973E-05 0.49353 0.492695 9.9973E-05 0.00365888 9.9973E-05
0.0851454 0.0299972 0.576027 0.263489 9.9991E-05 0.0311905 0.0140518
0.0803418 9.9991E-05 0.492428 0.320916 0.00390944 0.0598978 0.0424067
0.0874734 0.0524357 0.503084 0.321046 9.9982E-05 9.9982E-05 0.0357609
9.9982E-05 0.00204358 0.0690909 0.90541 9.9982E-05 0.0044255 0.0188302
0.052213 9.9982E-05 0.0671775 0.791557 0.0115078 0.077345 9.9982E-05
9.999E-05 0.0323779 0.194116 0.654333 0.0414284 0.0519065 0.0257376
9.9982E-05 0.0407531 0.0571812 0.880064 0.0081549 0.0136468 9.9982E-05
0.0453716 0.0149472 0.214576 0.674224 9.9982E-05 0.0506812 9.9982E-05
9.995E-05 9.995E-05 9.995E-05 0.9994 9.995E-05 9.995E-05 9.995E-05
9.9955E-05 9.9955E-05 9.9955E-05 0.985674 0.0138266 9.9955E-05 9.9955E-05
0.0273121 0.0128789 0.39875 0.524517 9.9982E-05 0.0363427 9.9982E-05
0.0611805 0.0503348 0.118212 0.595395 0.0706096 0.104169 9.9991E-05
9.9991E-05 0.0721788 0.328339 0.419923 0.104573 0.0318167 0.0430689
0.0261652 9.9982E-05 0.251249 0.667357 0.0200403 0.0349889 9.9982E-05
0.0222054 9.9982E-05 0.174492 0.764789 0.00481414 0.0334994 9.9982E-05
9.9955E-05 9.9955E-05 9.9955E-05 0.978727 0.0207734 9.9955E-05 9.9955E-05
0.108986 0.0152319 0.199503 0.621954 0.0425918 9.9991E-05 0.0116332
0.0649081 0.0675264 0.201082 0.564098 0.0482137 0.0143484 0.0398227
9.9973E-05 0.0525382 0.178664 0.709242 9.9973E-05 0.0592555 9.9973E-05
0.0877205 0.0333336 0.207398 0.509591 0.0623234 0.0854391 0.0141935
0.0799798 0.0121934 0.212522 0.662792 9.9982E-05 9.9982E-05 0.0323123
0.00289537 9.9973E-05 9.9973E-05 0.960922 0.0207618 0.0151208 9.9973E-05
0.0634767 9.9991E-05 0.17216 0.669906 0.0481918 0.0246522 0.0215128
0.0470753 0.0603619 0.191152 0.691865 0.00934678 9.9982E-05 9.9982E-05
9.9982E-05 0.0284731 0.0585966 0.896997 0.0152941 9.9982E-05 0.00043891
0.0512519 0.0366559 0.132181 0.665407 9.9991E-05 0.0645126 0.0498915
0.0149072 9.9964E-05 9.9964E-05 0.977689 9.9964E-05 0.00700385 9.9964E-05
9.9973E-05 0.00901919 0.0416414 0.91774 0.0312994 9.9973E-05 9.9973E-05
9.9955E-05 9.9955E-05 9.9955E-05 0.98122 9.9955E-05 0.0182804 9.9955E-05
9.9955E-05 9.9955E-05 9.9955E-05 0.966112 9.9955E-05 9.9955E-05 0.0333881
9.9973E-05 0.0297545 9.9973E-05 0.884042 0.0132045 0.0726987 9.9973E-05
0.0453454 0.0184904 0.293742 0.611727 9.9982E-05 0.0304949 9.9982E-05
9.99551E-05 0.0306065 9.99551E-05 0.968894 9.99551E-05 9.99551E-05 9.99551E-05
9.9982E-05 9.9982E-05 0.0813322 0.828659 0.0518974 0.0234009 0.0145105
9.9982E-05 0.0545482 0.0500997 0.820248 9.9982E-05 0.0190016 0.0559026
9.9955E-05 9.9955E-05 9.9955E-05 0.929958 0.069542 9.9955E-05 9.9955E-05
0.00790636 9.9964E-05 9.9964E-05 0.959104 0.0325898 9.9964E-05 9.9964E-05
0.0227273 0.0885769 9.9982E-05 0.837985 0.0353094 9.9982E-05 0.015202
0.107956 9.9973E-05 0.0165216 0.865323 0.00989972 9.9973E-05 9.9973E-05
9.9964E-05 9.9964E-05 9.9964E-05 0.951039 9.9964E-05 0.0298936 0.0186678
9.9991E-05 0.0738903 0.0382928 0.726312 0.00857519 0.0112731 0.141557
0.0934709 0.0860317 0.0290468 0.653915 9.9991E-05 0.046329 0.0911061
0.048406 0.0482498 9.9982E-05 0.751245 9.9982E-05 0.0124826 0.139417
0.0509252 0.0817125 9.9982E-05 0.760566 9.9982E-05 0.0307142 0.0758817
0.0279243 0.0360455 9.9982E-05 0.799414 9.9982E-05 0.0205873 0.115829
0.0207437 0.0730479 9.9982E-05 0.776876 9.9982E-05 0.0366056 0.0925269
0.0252276 0.130872 0.170045 0.52893 0.0034346 9.9991E-05 0.14139
0.0875738 0.0671945 0.0197561 0.606924 9.9991E-05 0.0195295 0.198922
9.9991E-05 0.0900155 0.0180807 0.632522 0.0087092 0.0890316 0.161541
0.0498968 0.0958657 0.165419 0.507986 0.0300989 0.0545814 0.0961518
0.06543 0.121521 0.083553 0.584273 0.012672 9.9991E-05 0.13245
0.0660956 0.0619716 0.0241174 0.676071 9.9982E-05 9.9982E-05 0.171545
0.117742 0.150715 0.0386658 0.507224 9.9991E-05 0.0703996 0.115153
0.0281003 0.0351815 0.0626035 0.591076 0.0335106 0.0753577 0.17417
0.0286208 0.0935939 0.0574022 0.601254 0.0168585 0.073382 0.128889
0.182678 0.0684864 0.0501154 0.407261 9.9991E-05 0.0798715 0.211488
9.995E-05 9.995E-05 9.995E-05 9.995E-05 9.995E-05 9.995E-05 0.9994
9.9955E-05 9.9955E-05 9.9955E-05 9.9955E-05 0.0400673 9.9955E-05 0.959433
9.9973E-05 9.9973E-05 0.0505722 0.0451169 0.0113469 9.9973E-05 0.892664
9.995E-05 9.995E-05 9.995E-05 9.995E-05 9.995E-05 9.995E-05 0.9994
9.995E-05 9.995E-05 9.995E-05 9.995E-05 9.995E-05 9.995E-05 0.9994
9.995E-05 9.995E-05 9.995E-05 9.995E-05 9.995E-05 9.995E-05 0.9994
9.995E-05 9.995E-05 9.995E-05 9.995E-05 9.995E-05 9.995E-05 0.9994
9.9955E-05 9.9955E-05 0.100912 9.9955E-05 9.9955E-05 9.9955E-05 0.898588
9.995E-05 9.995E-05 9.995E-05 9.995E-05 9.995E-05 9.995E-05 0.9994
9.995E-05 9.995E-05 9.995E-05 9.995E-05 9.995E-05 9.995E-05 0.9994
0.132601 0.310596 0.11542 0.214447 9.9991E-05 0.11205 0.114787
0.00828666 9.9964E-05 9.9964E-05 0.0469026 9.9964E-05 9.9964E-05 0.944411
9.995E-05 9.995E-05 9.995E-05 9.995E-05 9.995E-05 9.995E-05 0.9994
9.9955E-05 9.9955E-05 9.9955E-05 9.9955E-05 0.0197365 9.9955E-05 0.979764
0.14722 0.273757 9.9982E-05 0.371096 9.9982E-05 0.0445973 0.16313
0.0819098 0.295345 0.0173281 0.430321 9.9991E-05 0.0444629 0.130534
0.145637 0.273412 0.0280874 0.347192 0.00764928 0.0591924 0.13883
0.0745964 0.267692 0.0301541 0.392222 9.9991E-05 0.0548179 0.180418
0.0917757 0.289086 0.0322939 0.409246 9.9991E-05 0.034151 0.143348
0.115158 0.259854 0.192448 0.265346 9.9991E-05 0.0591662 0.107928
0.0929401 0.188424 0.0615641 0.441702 9.9991E-05 0.0480467 0.167223
0.0994598 0.20817 0.00890303 0.508947 9.9982E-05 9.9982E-05 0.17432
0.104138 0.139066 0.0315023 0.373156 9.9991E-05 0.0877917 0.264246
0.103037 0.206739 0.0525156 0.383708 9.9991E-05 0.0617488 0.192151
0.116115 0.148732 0.117575 0.393072 9.9991E-05 0.0680313 0.156375
0.146535 0.109088 0.0514396 0.433571 9.9991E-05 0.0371982 0.222067
0.117902 0.192299 9.9991E-05 0.514729 0.0166928 0.0777518 0.0805258
0.0897279 0.210284 0.0384377 0.479522 9.9991E-05 0.0411579 0.14077
0.0306327 0.902236 0.0264247 9.9982E-05 9.9982E-05 0.0241149 0.0163914
0.0756394 0.910917 9.9973E-05 9.9973E-05 0.00467948 9.9973E-05 0.00846422
9.995E-05 0.9994 9.995E-05 9.995E-05 9.995E-05 9.995E-05 9.995E-05
0.00341697 0.996083 9.9955E-05 9.9955E-05 9.9955E-05 9.9955E-05 9.9955E-05
9.995E-05 0.9994 9.995E-05 9.995E-05 9.995E-05 9.995E-05 9.995E-05
9.995E-05 0.9994 9.995E-05 9.995E-05 9.995E-05 9.995E-05 9.995E-05
9.995E-05 0.9994 9.995E-05 9.995E-05 9.995E-05 9.995E-05 9.995E-05
0.0272419 0.786476 9.9982E-05 0.159559 0.0255897 9.9982E-05 0.000933715
9.995E-05 0.9994 9.995E-05 9.995E-05 9.995E-05 9.995E-05 9.995E-05
9.995E-05 0.9994 9.995E-05 9.995E-05 9.995E-05 9.995E-05 9.995E-05
9.9973E-05 0.892441 9.9973E-05 9.9973E-05 0.0417109 0.00386174 0.0616866
0.0151919 0.984308 9.9955E-05 9.9955E-05 9.9955E-05 9.9955E-05 9.9955E-05
0.00885658 0.737252 9.9982E-05 0.184025 9.9982E-05 0.0690434 0.000622711
9.995E-05 9.995E-05 9.995E-05 9.995E-05 9.995E-05 0.9994 9.995E-05
0.0769862 0.165603 9.9982E-05 0.418357 9.9982E-05 0.128383 0.210471
9.995E-05 9.995E-05 9.995E-05 9.995E-05 9.995E-05 0.9994 9.995E-05
9.995E-05 9.995E-05 9.995E-05 9.995E-05 9.995E-05 0.9994 9.995E-05
9.9973E-05 9.9973E-05 0.00165166 9.9973E-05 0.000596706 0.963349 0.0341029
0.0211634 0.070867 0.0884964 0.0671098 9.9982E-05 0.752163 9.9982E-05
9.995E-05 9.995E-05 9.995E-05 9.995E-05 9.995E-05 0.9994 9.995E-05
9.9982E-05 0.0077376 0.003265 0.118643 9.9982E-05 0.843657 0.0264974
9.995E-05 9.995E-05 9.995E-05 9.995E-05 9.995E-05 0.9994 9.995E-05
0.0118215 0.0258829 0.0125117 9.9973E-05 9.9973E-05 0.949484 9.9973E-05
0.00891643 9.9973E-05 9.9973E-05 0.00176662 0.0108495 0.978168 9.9973E-05
9.9955E-05 9.9955E-05 9.9955E-05 0.0600049 9.9955E-05 0.939495 9.9955E-05
9.9964E-05 0.0264926 9.9964E-05 9.9964E-05 9.9964E-05 0.971974 0.00113342
0.0522545 0.0408381 9.9982E-05 0.0277614 9.9982E-05 0.835999 0.0429473
9.9973E-05 0.0147387 0.0173593 0.0545327 9.9973E-05 0.913069 9.9973E-05
9.9982E-05 0.004124 9.9982E-05 0.105851 0.0260245 0.860942 0.00285852
0.0459654 0.0346929 9.9982E-05 0.0630593 0.00916721 0.846915 9.9982E-05
0.073154 9.9973E-05 9.9973E-05 0.0239844 0.0219908 0.880571 9.9973E-05
9.9964E-05 0.0285359 9.9964E-05 0.0348739 9.9964E-05 0.93619 9.9964E-05
0.299582 0.0549101 9.9991E-05 0.449799 0.0403863 0.0468976 0.108325
0.342065 0.0722207 9.9991E-05 0.50635 0.00120785 0.0177062 0.0603501
0.310121 0.0304236 9.9991E-05 0.444424 0.0344122 0.0626345 0.117885
0.330928 0.0166737 9.9991E-05 0.447531 0.0484864 0.067238 0.0890424
0.373592 0.098554 0.118242 0.0895039 9.9991E-05 0.0879996 0.232009
0.468918 9.99821E-05 0.0377217 0.0411124 9.99821E-05 0.121848 0.3302
0.439728 0.0771288 0.0993612 9.9982E-05 9.9982E-05 0.10104 0.282541
0.461876 0.0459407 0.077448 0.0304281 9.9991E-05 0.111711 0.272496
0.42981 0.0798169 0.101671 0.0376314 9.9991E-05 0.0945952 0.256375
0.403788 0.0597866 0.0987495 0.0687545 9.9991E-05 0.0995976 0.269224
0.429516 0.0429739 0.0937117 0.0716177 9.9991E-05 0.0883947 0.273686
0.333932 0.0920723 0.122464 0.158848 0.0299599 0.0702306 0.192493
0.359155 0.0236346 0.14969 0.191035 9.9991E-05 0.0752053 0.20118
0.9994 9.995E-05 9.995E-05 9.995E-05 9.995E-05 9.995E-05 9.995E-05
0.9994 9.995E-05 9.995E-05 9.995E-05 9.995E-05 9.995E-05 9.995E-05
0.9994 9.995E-05 9.995E-05 9.995E-05 9.995E-05 9.995E-05 9.995E-05
0.9994 9.995E-05 9.995E-05 9.995E-05 9.995E-05 9.995E-05 9.995E-05
0.9994 9.995E-05 9.995E-05 9.995E-05 9.995E-05 9.995E-05 9.995E-05
0.877064 9.9964E-05 9.9964E-05 0.107275 9.9964E-05 0.0152612 9.9964E-05
0.9994 9.995E-05 9.995E-05 9.995E-05 9.995E-05 9.995E-05 9.995E-05
0.9994 9.995E-05 9.995E-05 9.995E-05 9.995E-05 9.995E-05 9.995E-05
0.9994 9.995E-05 9.995E-05 9.995E-05 9.995E-05 9.995E-05 9.995E-05
0.973825 0.00684269 9.9964E-05 0.0189327 9.9964E-05 9.9964E-05 9.9964E-05
0.9994 9.995E-05 9.995E-05 9.995E-05 9.995E-05 9.995E-05 9.995E-05
0.9994 9.995E-05 9.995E-05 9.995E-05 9.995E-05 9.995E-05 9.995E-05
