9.995E-05 9.995E-05 9.995E-05 9.995E-05 9.995E-05 9.995E-05 0.9994
0.0885761 9.9973E-05 0.0532314 9.9973E-05 0.516909 9.9973E-05 0.340983
0.0584634 9.9973E-05 0.0839714 9.9973E-05 0.486034 9.9973E-05 0.371232
9.99551E-05 9.99551E-05 9.99551E-05 9.99551E-05 0.699843 9.99551E-05 0.299657
9.9973E-05 0.0728619 9.9973E-05 9.9973E-05 0.703207 0.0344889 0.189142
9.9964E-05 9.9964E-05 0.0200276 9.9964E-05 0.759645 9.9964E-05 0.219928
9.9955E-05 9.9955E-05 9.9955E-05 9.9955E-05 0.62488 9.9955E-05 0.374621
9.9964E-05 9.9964E-05 0.0526452 9.9964E-05 0.563627 9.9964E-05 0.383328
0.00049624 9.9973E-05 0.0278657 9.9973E-05 0.710689 9.9973E-05 0.260649
9.995E-05 9.995E-05 9.995E-05 9.995E-05 9.995E-05 9.995E-05 0.9994
9.995E-05 9.995E-05 9.995E-05 9.995E-05 9.995E-05 9.995E-05 0.9994
9.995E-05 9.995E-05 9.995E-05 9.995E-05 9.995E-05 9.995E-05 0.9994
9.995E-05 9.995E-05 9.995E-05 9.995E-05 9.995E-05 9.995E-05 0.9994
9.9964E-05 9.9964E-05 0.0090345 9.9964E-05 9.9964E-05 0.0693284 0.921237
0.0395205 9.9964E-05 0.0137896 9.9964E-05 9.9964E-05 9.9964E-05 0.94629
9.9964E-05 0.0265831 9.9964E-05 9.9964E-05 0.731404 9.9964E-05 0.241613
0.0825466 0.0709555 0.0765744 9.9991E-05 0.482567 0.0388102 0.248446
9.99551E-05 9.99551E-05 9.99551E-05 9.99551E-05 0.744983 9.99551E-05 0.254518
9.99551E-05 9.99551E-05 9.99551E-05 9.99551E-05 0.992715 9.99551E-05 0.00678508
9.9964E-05 9.9964E-05 9.9964E-05 9.9964E-05 0.977334 0.0150262 0.00724029
0.00670466 0.00197555 9.9973E-05 9.9973E-05 0.853527 9.9973E-05 0.137493
9.9973E-05 9.9973E-05 0.0359495 9.9973E-05 0.812182 0.0902144 0.0613544
9.9973E-05 0.0113735 9.9973E-05 9.9973E-05 0.892362 0.056627 0.0393371
9.9955E-05 9.9955E-05 9.9955E-05 9.9955E-05 0.897256 9.9955E-05 0.102244
9.99551E-05 9.99551E-05 9.99551E-05 9.99551E-05 0.951968 9.99551E-05 0.0475325
9.9982E-05 0.0852483 9.9982E-05 0.0295887 0.849514 0.00278903 0.0326599
9.9982E-05 0.0661766 0.0170534 9.9982E-05 0.844117 0.044177 0.0282759
9.99551E-05 9.99551E-05 9.99551E-05 9.99551E-05 0.961968 9.99551E-05 0.0375325
9.9973E-05 0.00769714 9.9973E-05 9.9973E-05 0.877857 0.00689932 0.107247
9.9955E-05 9.9955E-05 9.9955E-05 9.9955E-05 0.876057 9.9955E-05 0.123444
9.99641E-05 9.99641E-05 9.99641E-05 9.99641E-05 0.863306 0.0272533 0.109041
0.000655085 0.0415657 9.9982E-05 0.012604 0.883597 9.9982E-05 0.0613785
0.0158141 9.9982E-05 0.0221217 9.9982E-05 0.881423 0.0606699 0.0197713
9.9982E-05 9.9982E-05 0.036855 0.0832186 0.76935 0.00953279 0.100844
9.9964E-05 9.9964E-05 9.9964E-05 9.9964E-05 0.815429 0.119214 0.0649577
9.9955E-05 9.9955E-05 9.9955E-05 9.9955E-05 0.873789 9.9955E-05 0.125711
9.9964E-05 9.9964E-05 0.0104148 9.9964E-05 0.930987 0.0581988 9.9964E-05
0.000973777 0.0533488 0.00866193 0.00607023 0.80794 0.108275 0.0147302
0.0614628 0.0911337 0.0496313 9.9982E-05 0.779882 9.9982E-05 0.0176904
0.0371314 0.0439864 9.9991E-05 0.00474095 0.849 0.0394973 0.025544
0.0587957 0.0340552 0.0648083 0.13504 0.707101 9.9982E-05 9.9982E-05
0.0514593 0.0360275 0.0962901 0.16102 0.642847 0.0122555 9.9991E-05
0.0473668 9.9982E-05 0.093023 0.0913983 0.710908 9.9982E-05 0.0571035
0.068364 0.0376142 0.0482955 0.0850818 0.760444 9.9982E-05 9.9982E-05
9.9973E-05 0.0755507 0.0671261 0.0820502 0.774973 9.9973E-05 9.9973E-05
9.9964E-05 0.0413842 0.0465395 9.9964E-05 0.911676 9.9964E-05 9.9964E-05
9.9973E-05 0.00925956 0.0355587 0.0450502 0.909832 9.9973E-05 9.9973E-05
9.9973E-05 0.00460678 0.0545991 0.0466833 0.893811 9.9973E-05 9.9973E-05
9.9982E-05 0.128717 0.0165988 0.117213 0.695504 9.9982E-05 0.0417671
0.0313269 0.00358964 0.02176 0.0794408 0.748614 9.9991E-05 0.115169
0.0392698 0.0906075 0.0465661 0.0325346 0.768741 9.9991E-05 0.022181
9.9982E-05 0.0143866 0.0805655 0.107722 0.765825 0.031301 9.9982E-05
9.9991E-05 0.0584584 0.0566203 0.0309031 0.827814 0.0227327 0.00337183
0.0229911 0.051528 9.9991E-05 0.0852726 0.70188 0.106804 0.0314239
0.0581914 0.026175 9.9991E-05 0.106471 0.696415 0.0690253 0.0436227
0.0522825 0.00359822 0.0836107 0.0949883 0.76532 9.9982E-05 9.9982E-05
0.0115875 0.0798542 0.0674617 0.0979497 0.651092 0.0193896 0.0726658
0.0369822 0.0959587 9.9973E-05 0.0329837 0.833775 9.9973E-05 9.9973E-05
9.9973E-05 0.0165212 0.0143164 9.9973E-05 0.931192 0.0376709 9.9973E-05
0.0293564 0.0815964 0.0137974 0.0290161 0.771133 0.0455838 0.0295166
9.9973E-05 0.054993 9.9973E-05 0.107293 0.810582 0.0268321 9.9973E-05
0.0518245 9.9982E-05 0.0246336 0.144821 0.744665 0.0338564 9.9982E-05
0.0419771 0.082235 0.0632463 0.0829971 0.669427 0.060018 9.9991E-05
0.083667 0.0640445 0.101738 0.0919515 0.615556 0.042943 9.9991E-05
0.00572812 0.0450414 9.9982E-05 0.109048 0.833251 0.00673078 9.9982E-05
0.0312575 0.0187429 0.0797448 0.0869465 0.702159 0.0810494 9.9991E-05
0.133279 0.0404608 0.0145805 0.0937851 0.699875 0.0179198 9.9991E-05
0.0321149 0.00722735 0.082157 0.116544 0.637568 0.105017 0.0193729
0.0240737 0.0548742 0.0179788 0.0413728 0.8615 9.9982E-05 9.9982E-05
0.0343246 9.9982E-05 0.0737524 0.121322 0.706124 0.0642765 9.9982E-05
0.0700158 9.9982E-05 0.0865793 0.0939196 0.716416 9.9982E-05 0.0328692
0.0630434 0.0801721 0.0884954 0.102122 0.63012 0.0359476 9.9991E-05
0.0278951 0.077832 0.0783085 0.0167144 0.736807 9.9991E-05 0.0623431
0.0152624 0.0963474 0.0380301 0.0657615 0.720249 0.0117511 0.0525989
9.9991E-05 0.0693896 0.0578029 0.155837 0.595324 0.106098 0.0154484
0.0516605 0.147522 0.0129245 0.0678162 0.700727 0.0192497 9.9991E-05
0.0833023 0.0114902 0.0847592 0.0439282 0.746762 0.0296584 9.9991E-05
0.160997 9.9982E-05 0.00362751 0.0665647 0.651384 0.117227 9.9982E-05
0.127431 0.151566 0.0432878 0.121065 0.398828 0.157722 9.9991E-05
0.157404 0.0642705 0.04405 0.165186 0.430851 0.138138 9.9991E-05
0.0636333 0.124017 0.0608535 0.164233 0.469115 0.118048 9.9991E-05
0.158441 0.0587451 0.0385401 0.175719 0.437456 0.130998 9.9991E-05
0.141296 0.0906177 0.0631537 0.1323 0.47138 0.101153 9.9991E-05
0.171276 0.044174 9.9982E-05 0.179498 0.583157 0.0216954 9.9982E-05
0.239673 0.0261178 0.0535283 0.134173 0.40582 0.119233 0.0214548
0.207204 0.0258644 0.102698 0.107829 0.497247 0.0590582 9.9991E-05
0.120652 0.0540428 0.079722 0.137046 0.530374 0.0310104 0.0471534
0.136436 0.0761657 0.000329222 0.231533 0.555336 9.9982E-05 9.9982E-05
0.170999 0.0614926 0.0286879 0.187785 0.43474 0.116196 9.9991E-05
0.120298 0.132995 0.123617 0.185322 0.394129 0.0334046 0.0102348
0.120929 0.0200382 0.0743676 0.0944376 0.453158 0.212545 0.024524
0.117477 9.9991E-05 0.0656929 0.139693 0.474762 0.200099 0.00217666
0.208553 0.19603 0.0796268 0.109294 0.364072 0.0423245 9.9991E-05
0.986378 9.9964E-05 0.00708012 0.00614247 9.9964E-05 9.9964E-05 9.9964E-05
0.961258 9.99729E-05 9.99729E-05 0.0132802 9.99729E-05 9.99729E-05 0.0250615
0.852842 0.00741298 0.0386715 0.0111026 0.0101408 0.076936 0.00289422
0.9994 9.995E-05 9.995E-05 9.995E-05 9.995E-05 9.995E-05 9.995E-05
0.9994 9.995E-05 9.995E-05 9.995E-05 9.995E-05 9.995E-05 9.995E-05
0.9994 9.995E-05 9.995E-05 9.995E-05 9.995E-05 9.995E-05 9.995E-05
0.9994 9.995E-05 9.995E-05 9.995E-05 9.995E-05 9.995E-05 9.995E-05
0.881404 0.00993029 0.0205351 0.0393976 0.0457682 9.9991E-05 0.00286517
0.9994 9.995E-05 9.995E-05 9.995E-05 9.995E-05 9.995E-05 9.995E-05
0.9994 9.995E-05 9.995E-05 9.995E-05 9.995E-05 9.995E-05 9.995E-05
0.0878337 0.118135 0.085229 0.29706 0.268368 0.143274 9.9991E-05
0.925052 0.0330912 0.0253703 9.9982E-05 0.000229623 9.9982E-05 0.0160568
0.9994 9.995E-05 9.995E-05 9.995E-05 9.995E-05 9.995E-05 9.995E-05
0.9994 9.995E-05 9.995E-05 9.995E-05 9.995E-05 9.995E-05 9.995E-05
0.117856 0.139735 0.0583748 0.346286 0.234052 0.103596 9.9991E-05
0.144623 0.0713885 0.0831347 0.287272 0.275198 0.138284 9.9991E-05
0.15913 0.128657 0.0457437 0.251352 0.266543 0.148474 9.9991E-05
0.206943 0.101946 0.0809463 0.276522 0.23434 0.099202 9.9991E-05
0.162266 0.128831 0.0492126 0.290293 0.237905 0.131392 9.9991E-05
0.105617 0.0795289 0.0275744 0.190475 0.404023 0.192682 9.9991E-05
0.204433 0.0819451 0.0248618 0.198603 0.320093 0.169964 9.9991E-05
0.172589 0.0686467 0.00990597 0.295226 0.291513 0.16202 9.9991E-05
0.302268 0.0446207 0.0806936 0.153224 0.281242 0.137852 9.9991E-05
0.242635 0.0314856 0.0941078 0.226953 0.257517 0.147202 9.9991E-05
0.108644 0.0931786 0.0692694 0.20735 0.41415 0.107308 9.9991E-05
0.219386 0.0642659 0.0623514 0.13283 0.346867 0.174199 9.9991E-05
0.123342 0.129564 0.105506 0.247262 0.299292 0.0949344 9.9991E-05
0.157607 0.0904934 0.0806584 0.249735 0.329934 0.0791422 0.0124301
9.995E-05 9.995E-05 0.9994 9.995E-05 9.995E-05 9.995E-05 9.995E-05
0.208757 0.063708 0.0988969 0.216974 0.317476 0.0940886 9.9991E-05
9.995E-05 9.995E-05 0.9994 9.995E-05 9.995E-05 9.995E-05 9.995E-05
9.995E-05 9.995E-05 0.9994 9.995E-05 9.995E-05 9.995E-05 9.995E-05
0.0251981 9.9973E-05 0.937334 9.9973E-05 9.9973E-05 0.0370316 0.000136168
0.00810656 0.0381751 0.761461 0.0564783 0.135579 9.9982E-05 9.9982E-05
9.995E-05 9.995E-05 0.9994 9.995E-05 9.995E-05 9.995E-05 9.995E-05
9.9982E-05 0.0125304 0.895019 0.0451712 0.0128616 0.0342177 9.9982E-05
9.9955E-05 9.9955E-05 0.989977 9.9955E-05 9.9955E-05 0.00952342 9.9955E-05
9.9964E-05 0.00775447 0.963737 9.9964E-05 0.0281084 9.9964E-05 9.9964E-05
9.995E-05 9.995E-05 0.9994 9.995E-05 9.995E-05 9.995E-05 9.995E-05
9.9955E-05 9.9955E-05 0.996954 0.00254636 9.9955E-05 9.9955E-05 9.9955E-05
9.995E-05 9.995E-05 0.9994 9.995E-05 9.995E-05 9.995E-05 9.995E-05
0.0587228 0.0601285 0.844046 0.0368029 9.9973E-05 9.9973E-05 9.9973E-05
9.9973E-05 0.000856939 0.935778 9.9973E-05 0.0413302 0.0217346 9.9973E-05
0.0401659 9.9964E-05 0.867463 9.9964E-05 0.0919708 9.9964E-05 9.9964E-05
9.9982E-05 0.0511878 0.874819 0.0238048 9.9982E-05 0.0136013 0.0363868
0.0125049 0.0615788 0.879149 9.9982E-05 9.9982E-05 0.0242087 0.022359
9.9964E-05 9.9964E-05 0.914289 0.0666484 9.9964E-05 0.0186627 9.9964E-05
9.9964E-05 9.9964E-05 9.9964E-05 0.970905 0.00272955 0.0259658 9.9964E-05
0.0216723 0.0299208 9.9982E-05 0.902984 9.9982E-05 0.0372882 0.00793489
9.995E-05 9.995E-05 9.995E-05 0.9994 9.995E-05 9.995E-05 9.995E-05
9.995E-05 9.995E-05 9.995E-05 0.9994 9.995E-05 9.995E-05 9.995E-05
9.995E-05 9.995E-05 9.995E-05 0.9994 9.995E-05 9.995E-05 9.995E-05
9.995E-05 9.995E-05 9.995E-05 0.9994 9.995E-05 9.995E-05 9.995E-05
9.9955E-05 9.9955E-05 9.9955E-05 0.990488 0.00901252 9.9955E-05 9.9955E-05
9.9973E-05 9.9973E-05 9.9973E-05 0.811826 0.00456048 0.145268 0.0380463
9.995E-05 9.995E-05 9.995E-05 0.9994 9.995E-05 9.995E-05 9.995E-05
9.995E-05 9.995E-05 9.995E-05 0.9994 9.995E-05 9.995E-05 9.995E-05
0.0457398 9.9973E-05 9.9973E-05 0.853742 9.9973E-05 0.0807698 0.019448
9.995E-05 9.995E-05 9.995E-05 0.9994 9.995E-05 9.995E-05 9.995E-05
0.0511635 0.00270861 0.0938073 0.736835 0.0440198 0.0713654 9.9991E-05
0.121839 0.350407 0.0721067 0.0862457 0.186324 0.148815 0.0342636
0.0575488 0.287327 0.0613703 0.0643766 0.328491 0.174515 0.0263711
0.135959 0.302285 0.0655196 0.0904269 0.238525 0.144866 0.0224183
0.0797428 0.288928 0.103243 0.0489237 0.293402 0.154843 0.030918
9.9973E-05 9.9973E-05 9.9973E-05 0.0135276 0.0175108 0.965461 0.00320086
9.995E-05 9.995E-05 9.995E-05 9.995E-05 9.995E-05 0.9994 9.995E-05
9.9955E-05 9.9955E-05 0.029926 9.9955E-05 9.9955E-05 0.969574 9.9955E-05
9.995E-05 9.995E-05 9.995E-05 9.995E-05 9.995E-05 0.9994 9.995E-05
0.0293226 0.0127808 0.00273622 9.9973E-05 9.9973E-05 0.954861 9.9973E-05
0.0344314 0.0412565 9.9973E-05 0.0207278 9.9973E-05 0.903284 9.9973E-05
9.9964E-05 0.0362507 9.9964E-05 9.9964E-05 0.00510928 0.95824 9.9964E-05
0.0148748 0.00698273 0.0294284 0.0224696 0.152887 0.728854 0.0445038
9.9973E-05 0.00770828 0.0188344 9.9973E-05 0.111793 0.861365 9.9973E-05
0.00707274 0.948709 9.9973E-05 0.00860655 0.0353121 9.9973E-05 9.9973E-05
9.995E-05 0.9994 9.995E-05 9.995E-05 9.995E-05 9.995E-05 9.995E-05
9.995E-05 0.9994 9.995E-05 9.995E-05 9.995E-05 9.995E-05 9.995E-05
9.995E-05 0.9994 9.995E-05 9.995E-05 9.995E-05 9.995E-05 9.995E-05
9.995E-05 0.9994 9.995E-05 9.995E-05 9.995E-05 9.995E-05 9.995E-05
0.0259739 0.835594 0.00985598 9.9991E-05 0.0601793 0.0499829 0.0183143
9.995E-05 0.9994 9.995E-05 9.995E-05 9.995E-05 9.995E-05 9.995E-05
9.995E-05 0.9994 9.995E-05 9.995E-05 9.995E-05 9.995E-05 9.995E-05
9.995E-05 0.9994 9.995E-05 9.995E-05 9.995E-05 9.995E-05 9.995E-05
9.9964E-05 0.960754 0.0345275 0.00431844 9.9964E-05 9.9964E-05 9.9964E-05
9.995E-05 0.9994 9.995E-05 9.995E-05 9.995E-05 9.995E-05 9.995E-05
9.9955E-05 0.976002 9.9955E-05 9.9955E-05 9.9955E-05 0.0234981 9.9955E-05
