9.997E-05 0.9996 9.997E-05 9.997E-05 9.997E-05
0.493405 0.380261 0.0708904 0.0553429 9.9991E-05
0.412522 0.381245 0.13314 0.0729933 9.9991E-05
0.698876 0.300824 9.9973E-05 9.9973E-05 9.9973E-05
0.821582 0.178118 9.9973E-05 9.9973E-05 9.9973E-05
0.725771 0.262976 0.0110534 9.9982E-05 9.9982E-05
0.600813 0.398887 9.9973E-05 9.9973E-05 9.9973E-05
0.55122 0.383491 0.0650891 9.9982E-05 9.9982E-05
0.657203 0.289666 0.0479965 0.00503429 9.9991E-05
9.997E-05 0.9996 9.997E-05 9.997E-05 9.997E-05
9.997E-05 0.9996 9.997E-05 9.997E-05 9.997E-05
9.997E-05 0.9996 9.997E-05 9.997E-05 9.997E-05
9.997E-05 0.9996 9.997E-05 9.997E-05 9.997E-05
9.9973E-05 0.929 9.9973E-05 9.9973E-05 0.0707
9.999E-05 0.93219 0.0283743 0.00176961 0.0375658
0.756032 0.226839 0.0169283 9.9982E-05 9.9982E-05
0.540665 0.233578 0.0424389 0.0987387 0.0845794
0.702959 0.296741 9.9973E-05 9.9973E-05 9.9973E-05
0.952622 0.0470785 9.9973E-05 9.9973E-05 9.9973E-05
0.9996 9.997E-05 9.997E-05 9.997E-05 9.997E-05
0.870238 0.129462 9.9973E-05 9.9973E-05 9.9973E-05
0.915306 0.041276 0.0250849 0.0182328 9.9991E-05
0.948952 0.0481372 9.9982E-05 0.0027106 9.9982E-05
0.911139 0.0885608 9.9973E-05 9.9973E-05 9.9973E-05
0.963758 0.0359422 9.9973E-05 9.9973E-05 9.9973E-05
0.915762 0.0344994 9.9982E-05 9.9982E-05 0.0495389
0.892966 0.0338531 0.05235 9.9991E-05 0.0207308
0.968358 0.0313424 9.9973E-05 9.9973E-05 9.9973E-05
0.909149 0.0905508 9.9973E-05 9.9973E-05 9.9973E-05
0.877001 0.122699 9.9973E-05 9.9973E-05 9.9973E-05
0.868277 0.131423 9.9973E-05 9.9973E-05 9.9973E-05
0.934675 0.0473245 9.9982E-05 9.9982E-05 0.0178002
0.947621 0.0408389 0.00547476 0.00596491 9.9991E-05
0.83161 0.0857749 0.0242418 9.9991E-05 0.0582738
0.912654 0.0542844 0.0310601 0.00190188 9.9991E-05
0.858756 0.140944 9.9973E-05 9.9973E-05 9.9973E-05
0.9996 9.997E-05 9.997E-05 9.997E-05 9.997E-05
0.831417 0.0201372 0.0179212 9.9991E-05 0.130425
0.824468 0.0386405 0.0280082 0.0309286 0.0779547
0.926063 9.9982E-05 9.9982E-05 0.0401698 0.033567
0.784575 9.9991E-05 0.0757056 0.0623994 0.0772201
0.778049 0.00289595 0.0838244 0.0432652 0.0919652
0.793084 0.022763 0.111758 0.0722952 9.9991E-05
0.789733 9.9991E-05 0.0667757 0.0445833 0.0988077
0.82568 9.9982E-05 0.0710966 9.9982E-05 0.103023
0.975789 9.9973E-05 0.0239109 9.9973E-05 9.9973E-05
0.954314 9.9982E-05 0.0328551 9.9982E-05 0.0126306
0.875725 9.9982E-05 0.0600157 9.9982E-05 0.064059
0.722376 0.0542231 0.0375096 9.9991E-05 0.185791
0.720994 0.124439 0.0262761 0.0332845 0.0950063
0.837028 0.0222021 0.0605112 0.0377672 0.0424914
0.868112 9.9982E-05 0.0485287 9.9982E-05 0.0831589
0.884534 9.9982E-05 0.0166658 9.9982E-05 0.0986004
0.7023 0.0339679 9.9991E-05 0.0362857 0.227346
0.726393 0.0377635 0.00254627 0.0674139 0.165884
0.75222 9.9991E-05 0.1125 0.0502862 0.0848943
0.67558 0.056631 0.0627393 9.9991E-05 0.20495
0.76575 9.9982E-05 9.9982E-05 0.0399981 0.194052
0.938807 9.9982E-05 0.0477895 9.9982E-05 0.0132036
0.813161 0.0256103 0.0105351 0.0231123 0.127581
0.754199 0.000350469 0.0235212 9.9991E-05 0.221829
0.809446 0.00327463 9.9991E-05 0.0442724 0.142907
0.710787 9.9991E-05 0.0587201 0.0838827 0.146511
0.722595 9.9991E-05 0.0874094 0.0435471 0.146348
0.830451 9.9982E-05 9.9982E-05 0.000245918 0.169103
0.751377 9.9991E-05 0.0829375 0.0315206 0.134065
0.720351 9.9991E-05 0.0216139 0.100945 0.15699
0.598426 9.9991E-05 0.110076 0.0760192 0.215379
0.88764 0.00336246 0.0164173 0.00736853 0.0852117
0.689727 9.9991E-05 0.0657746 0.0414575 0.202941
0.782774 0.015929 0.0833484 0.0888561 0.0290926
0.680861 9.9991E-05 0.0475152 0.0638841 0.20764
0.790181 0.0439916 0.0429345 0.000992443 0.1219
0.886238 9.9982E-05 0.0167233 9.9982E-05 0.0968383
0.591537 0.0182047 0.0724032 9.9991E-05 0.317755
0.735574 9.9991E-05 0.0270428 0.0300082 0.207275
0.803246 9.9991E-05 0.0604358 0.0828495 0.0533689
0.583729 0.00305254 0.0210129 0.198316 0.193889
0.48143 9.9991E-05 0.0896026 0.13494 0.293927
0.445278 9.9991E-05 0.0634705 0.161023 0.330129
0.468148 9.9991E-05 0.0471349 0.110372 0.374245
0.410271 9.9991E-05 0.0478888 0.196306 0.345434
0.52011 9.9991E-05 0.0783054 0.139859 0.261626
0.544306 9.9982E-05 9.9982E-05 0.129329 0.326165
0.495466 9.9991E-05 0.072992 0.234256 0.197186
0.482619 0.00927324 0.107161 0.199378 0.201569
0.550773 0.0589071 0.0821709 0.0988846 0.209264
0.561865 9.9982E-05 9.9982E-05 0.135815 0.30212
0.4623 0.0227869 0.0911544 0.180152 0.243607
0.423343 9.9991E-05 0.0970417 0.108403 0.371112
0.50431 0.0501223 0.101859 0.173241 0.170468
0.569354 0.00304909 0.0987294 0.186078 0.14279
0.365106 0.0353902 0.0777946 0.19828 0.323429
9.997E-05 9.997E-05 9.997E-05 0.9996 9.997E-05
9.9973E-05 0.026635 9.9973E-05 0.973065 9.9973E-05
0.0883424 9.9991E-05 0.0252575 0.841259 0.0450409
9.997E-05 9.997E-05 9.997E-05 0.9996 9.997E-05
9.997E-05 9.997E-05 9.997E-05 0.9996 9.997E-05
9.997E-05 9.997E-05 9.997E-05 0.9996 9.997E-05
9.997E-05 9.997E-05 9.997E-05 0.9996 9.997E-05
0.067766 9.9982E-05 0.0282672 0.903767 9.9982E-05
9.997E-05 9.997E-05 9.997E-05 0.9996 9.997E-05
9.997E-05 9.997E-05 9.997E-05 0.9996 9.997E-05
0.284118 9.9991E-05 0.0767152 0.115441 0.523627
0.0742378 9.9991E-05 0.00566577 0.91787 0.00212631
9.997E-05 9.997E-05 9.997E-05 0.9996 9.997E-05
9.9982E-05 9.9982E-05 0.00106084 0.975482 0.0232571
0.261128 9.9991E-05 0.0305146 0.149513 0.558745
0.274741 9.9991E-05 0.0811857 0.140444 0.50353
0.266127 0.0122181 0.071675 0.137163 0.512817
0.261529 9.9991E-05 0.059741 0.166692 0.511938
0.308558 9.9991E-05 0.0509357 0.133843 0.506563
0.484573 9.9982E-05 9.9982E-05 0.141698 0.373529
0.373878 9.9991E-05 0.00525356 0.189622 0.431146
0.293538 9.9991E-05 0.0403281 0.170607 0.495427
0.300185 9.9991E-05 0.108971 0.240002 0.350742
0.296571 9.9991E-05 0.0925782 0.231378 0.379373
0.3834 9.9991E-05 0.064708 0.17158 0.380212
0.363598 9.9991E-05 0.0713413 0.235722 0.329238
0.320506 0.00767094 0.103528 0.0961116 0.472184
0.356765 9.9991E-05 0.0608168 0.153177 0.429141
9.9973E-05 9.9973E-05 0.0340291 9.9973E-05 0.965671
9.9982E-05 9.9982E-05 0.0212506 0.0292812 0.949268
9.997E-05 9.997E-05 9.997E-05 9.997E-05 0.9996
0.0235233 9.9991E-05 0.0136738 0.0063427 0.95636
9.9973E-05 9.9973E-05 0.0139077 9.9973E-05 0.985792
9.9982E-05 9.9982E-05 0.0413258 0.0203975 0.938077
9.9973E-05 9.9973E-05 9.9973E-05 0.0175994 0.982101
0.024643 0.0584876 0.0186312 0.0321341 0.866104
9.9973E-05 9.9973E-05 0.0117568 9.9973E-05 0.987943
9.9973E-05 9.9973E-05 9.9973E-05 0.000480542 0.99922
9.9982E-05 9.9982E-05 0.0479464 0.0684752 0.883378
9.9973E-05 9.9973E-05 9.9973E-05 0.0144076 0.985292
0.00100216 9.9991E-05 0.0995112 0.00711143 0.892275
9.997E-05 9.997E-05 0.9996 9.997E-05 9.997E-05
0.285765 9.9991E-05 0.106776 0.23445 0.372909
9.997E-05 9.997E-05 0.9996 9.997E-05 9.997E-05
9.997E-05 9.997E-05 0.9996 9.997E-05 9.997E-05
9.9973E-05 9.9973E-05 0.972144 0.0275556 9.9973E-05
0.0430433 0.0150596 0.812433 9.9991E-05 0.129364
9.997E-05 9.997E-05 0.9996 9.997E-05 9.997E-05
0.0450314 0.0117172 0.934594 9.9991E-05 0.0085578
9.997E-05 9.997E-05 0.9996 9.997E-05 9.997E-05
0.0686989 9.9982E-05 0.927471 9.9982E-05 0.00363056
9.9973E-05 0.00172682 0.997973 9.9973E-05 9.9973E-05
0.0226227 9.9973E-05 0.977077 9.9973E-05 9.9973E-05
9.9982E-05 9.9982E-05 0.945307 0.0167763 0.0377172
9.9982E-05 9.9982E-05 0.831477 0.0344049 0.133918
0.0252183 0.00311235 0.971469 9.9982E-05 9.9982E-05
0.0224408 9.9991E-05 0.864823 0.0188023 0.0938341
9.9991E-05 0.0186106 0.902651 0.00875652 0.0698816
0.000667203 0.0317276 0.914982 9.9991E-05 0.0525234
9.9982E-05 9.9982E-05 0.933677 0.0329123 0.0332103
0.237153 0.0295064 0.0797872 0.110917 0.542637
0.345235 9.9991E-05 0.0866974 0.0972734 0.470695
0.271788 0.0273642 0.057755 0.110602 0.532491
0.301784 0.0467772 0.0958236 0.0959277 0.459687
0.105097 9.9991E-05 0.0837277 0.176064 0.635011
9.99821E-05 9.99821E-05 0.0524088 0.202274 0.745118
0.114183 9.9991E-05 0.0545659 0.203197 0.627954
0.0653387 9.9991E-05 0.0813556 0.215721 0.637485
0.0145361 0.00671368 0.0824826 0.214972 0.681295
0.114109 9.9991E-05 0.0791393 0.210544 0.596107
0.0447817 9.9991E-05 0.0835591 0.208098 0.663461
0.205866 0.0320629 0.0693049 0.162251 0.530515
0.187144 0.0253125 0.0782916 0.150774 0.558477
9.9973E-05 0.038598 9.9973E-05 9.9973E-05 0.961102
9.9973E-05 0.0108433 9.9973E-05 9.9973E-05 0.988857
9.9973E-05 0.0335464 9.9973E-05 9.9973E-05 0.966154
9.9973E-05 0.0234087 9.9973E-05 9.9973E-05 0.976291
9.9973E-05 0.00987383 9.9973E-05 9.9973E-05 0.989826
9.9973E-05 0.0733201 9.9973E-05 9.9973E-05 0.92638
9.9973E-05 0.03423 9.9973E-05 9.9973E-05 0.96547
9.9973E-05 0.0110303 9.9973E-05 9.9973E-05 0.98867
9.9973E-05 0.0300103 9.9973E-05 9.9973E-05 0.96969
9.9973E-05 0.0296863 9.9973E-05 9.9973E-05 0.970014
9.9973E-05 0.0355213 9.9973E-05 9.9973E-05 0.964179
9.9973E-05 0.0233963 9.9973E-05 9.9973E-05 0.976304
