0.9996 9.997E-05 9.997E-05 9.997E-05 9.997E-05
0.502761 0.0138994 0.107591 0.108293 0.267456
0.532191 9.9991E-05 0.100368 0.149277 0.218064
0.477461 9.9982E-05 0.0109898 9.9982E-05 0.51135
0.351222 0.120892 9.9982E-05 9.9982E-05 0.527686
0.385732 9.9982E-05 9.9982E-05 0.0577163 0.556352
0.599057 9.9982E-05 9.9982E-05 0.0384959 0.362247
0.503215 9.9991E-05 0.0150976 0.0616625 0.419925
0.432111 0.0159927 9.9991E-05 0.0753748 0.476422
0.9996 9.997E-05 9.997E-05 9.997E-05 9.997E-05
0.9996 9.997E-05 9.997E-05 9.997E-05 9.997E-05
0.9996 9.997E-05 9.997E-05 9.997E-05 9.997E-05
0.9996 9.997E-05 9.997E-05 9.997E-05 9.997E-05
0.994566 9.9973E-05 9.9973E-05 0.00513455 9.9973E-05
0.9996 9.997E-05 9.997E-05 9.997E-05 9.997E-05
0.32085 0.0032863 9.9991E-05 0.0376784 0.638085
0.365271 0.0611438 0.0156437 0.114808 0.443133
0.444964 9.9973E-05 9.9973E-05 9.9973E-05 0.554736
0.199652 0.0500565 9.9982E-05 9.9982E-05 0.750091
0.180693 0.00118614 9.9982E-05 9.9982E-05 0.817921
0.331918 0.0333417 9.9982E-05 9.9982E-05 0.63454
0.194276 9.9982E-05 9.9982E-05 0.0444009 0.761123
0.203079 0.0419494 9.9991E-05 0.0318232 0.723048
0.266334 9.9973E-05 9.9973E-05 9.9973E-05 0.733366
0.27328 0.00315618 9.9982E-05 9.9982E-05 0.723364
0.17042 0.011094 9.9982E-05 9.9982E-05 0.818286
0.183517 0.10689 9.9991E-05 0.0734976 0.635995
0.225453 9.9973E-05 9.9973E-05 9.9973E-05 0.774247
0.260311 0.0128034 9.9991E-05 0.0231018 0.703684
0.333959 9.9973E-05 9.9973E-05 9.9973E-05 0.665741
0.313257 0.0127626 9.9982E-05 9.9982E-05 0.673781
0.17467 0.0340085 9.9982E-05 9.9982E-05 0.791122
0.197953 0.011764 9.9991E-05 0.0429071 0.747276
0.198218 0.0112656 9.9991E-05 0.0364091 0.754007
0.190957 9.9982E-05 9.9982E-05 0.0415745 0.767268
0.347665 9.9973E-05 9.9973E-05 9.9973E-05 0.652035
0.125977 9.9973E-05 9.9973E-05 9.9973E-05 0.873723
0.150163 0.0697962 9.9991E-05 0.00628302 0.773658
0.156537 0.120883 0.0435238 0.0344475 0.644609
0.153307 0.0385931 0.0268409 9.9991E-05 0.781159
0.0195443 9.9991E-05 0.0351701 0.0358526 0.909333
0.0265204 0.0863299 9.9991E-05 0.0442561 0.842794
0.127878 9.9991E-05 0.0152555 0.087677 0.76909
0.0266752 0.00295536 9.9991E-05 0.0362688 0.934001
0.0384744 0.0345296 9.9991E-05 0.0681776 0.858718
0.0548542 0.00890813 9.9991E-05 0.056787 0.879351
0.0481641 0.00181183 9.9991E-05 0.0407273 0.909197
0.0889444 0.0221961 9.9991E-05 0.0590194 0.82974
0.11102 0.0953176 9.9991E-05 0.0523956 0.741167
0.229281 0.0352815 9.9991E-05 0.00736947 0.727968
0.127321 0.0375081 9.9991E-05 0.0716999 0.763371
0.0569946 0.018023 9.9991E-05 0.0831697 0.841713
0.0850955 9.9982E-05 9.9982E-05 0.019517 0.895188
0.104517 0.0865156 0.0197985 9.9991E-05 0.789069
0.107517 0.026937 0.0554372 0.00864203 0.801467
0.0277214 0.00426311 0.0349006 0.0929526 0.840162
0.122989 0.0904232 0.0485842 0.0581546 0.679849
0.0782189 0.0729847 9.9982E-05 9.9982E-05 0.848596
0.0585339 0.00417131 9.9991E-05 0.0494124 0.887782
0.100594 0.0557682 0.00211132 0.0217563 0.81977
0.0542724 0.0872671 9.9982E-05 9.9982E-05 0.85826
0.0649455 9.9982E-05 0.0489772 9.9982E-05 0.885877
0.0360145 0.0130371 0.0378551 0.0745867 0.838507
0.00772751 0.0246817 0.0492896 0.0611701 0.857131
0.0863247 0.0184992 9.9982E-05 9.9982E-05 0.894976
0.0168959 9.9991E-05 0.0110039 0.0942979 0.877702
0.00440929 9.9991E-05 0.0514009 0.0223082 0.921782
0.0222667 9.9991E-05 0.0302753 0.0444202 0.902938
0.0949823 0.00177455 9.9991E-05 0.0473901 0.855753
9.9973E-05 9.9973E-05 9.9973E-05 0.0481626 0.951537
0.10791 9.9991E-05 0.0559912 0.0574611 0.778538
0.0141432 9.9991E-05 0.0582102 0.075529 0.852018
0.111776 0.0379566 9.9991E-05 0.0278596 0.822307
0.0886466 0.0788988 9.9991E-05 0.0281886 0.804166
0.0617631 0.0278122 9.9991E-05 0.0477039 0.862621
0.0180364 0.136982 0.00629161 0.0284517 0.810238
9.9982E-05 9.9982E-05 0.0405641 0.0696648 0.889571
0.0288082 0.0252132 0.114801 0.0400969 0.79108
9.9991E-05 0.0933237 0.0703307 0.0674415 0.768804
9.9991E-05 0.0659073 0.109657 0.0383717 0.785964
0.0219966 0.0900252 0.0791993 0.0497404 0.759039
9.9991E-05 0.0752223 0.134654 0.0248417 0.765182
9.9991E-05 0.0982004 0.121637 0.0131605 0.766902
9.9991E-05 0.0338865 0.0774372 0.0323024 0.856274
0.060023 0.0350484 0.214212 0.0737765 0.61694
0.0158222 0.0336506 0.188069 0.0954509 0.667007
0.0851001 0.0230376 0.070166 0.0831811 0.738515
0.0408134 0.0377378 0.0823462 9.9991E-05 0.839003
0.0213257 0.055807 0.175342 0.110736 0.636789
0.0108228 0.133556 0.0905595 0.0715836 0.693478
0.0464828 0.0245899 0.15218 0.0950045 0.681743
0.0486914 9.9991E-05 0.112814 0.0696469 0.768748
0.0313834 0.172459 0.214124 0.11451 0.467524
9.9982E-05 9.9982E-05 0.975925 0.0181091 0.00576588
0.00703795 9.9982E-05 0.962604 9.9982E-05 0.0301584
0.0239939 0.000292674 0.841014 9.9991E-05 0.134599
9.997E-05 9.997E-05 0.9996 9.997E-05 9.997E-05
9.997E-05 9.997E-05 0.9996 9.997E-05 9.997E-05
9.997E-05 9.997E-05 0.9996 9.997E-05 9.997E-05
9.997E-05 9.997E-05 0.9996 9.997E-05 9.997E-05
0.0345248 0.0522705 0.902348 9.9991E-05 0.0107568
9.997E-05 9.997E-05 0.9996 9.997E-05 9.997E-05
9.997E-05 9.997E-05 0.9996 9.997E-05 9.997E-05
9.9991E-05 0.121155 0.11403 0.0713611 0.693354
0.013089 0.0231929 0.963518 9.9982E-05 9.9982E-05
9.997E-05 9.997E-05 0.9996 9.997E-05 9.997E-05
9.997E-05 9.997E-05 0.9996 9.997E-05 9.997E-05
9.9991E-05 0.106635 0.132315 0.0415276 0.719423
9.9991E-05 0.0620786 0.124359 0.00670227 0.80676
9.9991E-05 0.0943523 0.135902 0.0317067 0.737939
9.9991E-05 0.0661855 0.164315 0.0642589 0.705141
9.9991E-05 0.0754371 0.163241 0.0224185 0.738803
9.9982E-05 0.0332976 0.139755 9.9982E-05 0.826747
9.9991E-05 0.044715 0.180761 0.0331383 0.741285
9.9982E-05 0.0584699 0.15556 9.9982E-05 0.78577
9.9991E-05 0.126376 0.26521 0.0885946 0.51972
9.9991E-05 0.0578069 0.23383 0.067236 0.641027
9.9991E-05 0.0772947 0.150759 0.0439173 0.727929
9.9991E-05 0.0944923 0.179555 0.0454515 0.680401
9.9991E-05 0.107203 0.0791556 0.0875752 0.725966
9.9991E-05 0.0593256 0.141145 0.0357084 0.763721
9.997E-05 9.997E-05 9.997E-05 9.997E-05 0.9996
9.9982E-05 0.107611 0.0724476 9.9982E-05 0.819741
9.9973E-05 9.9973E-05 0.0227979 9.9973E-05 0.976902
9.997E-05 9.997E-05 9.997E-05 9.997E-05 0.9996
9.997E-05 9.997E-05 9.997E-05 9.997E-05 0.9996
9.9973E-05 9.9973E-05 0.0167723 9.9973E-05 0.982928
9.9973E-05 9.9973E-05 0.0106262 9.9973E-05 0.989074
9.9982E-05 0.03036 0.0218774 9.9982E-05 0.947563
9.997E-05 9.997E-05 9.997E-05 9.997E-05 0.9996
9.997E-05 9.997E-05 9.997E-05 9.997E-05 0.9996
9.9973E-05 9.9973E-05 0.0892942 9.9973E-05 0.910406
9.9973E-05 9.9973E-05 0.0153829 9.9973E-05 0.984317
9.9982E-05 9.9982E-05 0.0178955 0.0200892 0.961815
9.997E-05 9.997E-05 9.997E-05 0.9996 9.997E-05
9.9991E-05 0.0339475 0.195868 0.0891107 0.680974
9.997E-05 9.997E-05 9.997E-05 0.9996 9.997E-05
9.997E-05 9.997E-05 9.997E-05 0.9996 9.997E-05
9.9973E-05 9.9973E-05 0.0357996 0.9639 9.9973E-05
9.9991E-05 0.041067 0.00328181 0.740633 0.214918
9.997E-05 9.997E-05 9.997E-05 0.9996 9.997E-05
9.9973E-05 9.9973E-05 9.9973E-05 0.897766 0.101935
9.997E-05 9.997E-05 9.997E-05 0.9996 9.997E-05
0.000648322 9.9982E-05 9.9982E-05 0.963472 0.0356793
9.997E-05 9.997E-05 9.997E-05 0.9996 9.997E-05
9.9973E-05 9.9973E-05 9.9973E-05 0.990007 0.00969279
9.9982E-05 9.9982E-05 0.0201205 0.943023 0.0366562
9.9991E-05 0.0344548 0.0182342 0.777094 0.170117
0.00179704 9.9982E-05 9.9982E-05 0.951578 0.0464255
9.9991E-05 0.00251877 0.0364218 0.8703 0.090659
0.00720566 0.0626911 9.9991E-05 0.915709 0.0142946
0.00311151 0.0379284 9.9991E-05 0.860607 0.0982534
0.00910375 0.0141578 0.0142306 0.949846 0.0126623
0.017754 0.340805 0.0790138 0.0803695 0.482058
0.0295376 0.33795 0.0869519 0.0581171 0.487443
0.0390305 0.359821 0.115186 0.0631353 0.422827
0.0489943 0.336754 0.0905293 0.092665 0.431057
9.9991E-05 0.333066 0.223026 0.0562391 0.387569
9.9991E-05 0.43474 0.233537 0.106682 0.224941
9.9991E-05 0.3735 0.218935 0.100305 0.30716
9.9991E-05 0.412458 0.210759 0.107857 0.268827
9.9991E-05 0.364898 0.20485 0.135977 0.294176
9.9991E-05 0.346793 0.229095 0.124765 0.299247
9.9991E-05 0.365903 0.218428 0.0834817 0.332087
0.0385568 0.280276 0.175735 0.141521 0.363912
0.0150901 0.263581 0.123859 0.109087 0.488383
9.997E-05 0.9996 9.997E-05 9.997E-05 9.997E-05
9.997E-05 0.9996 9.997E-05 9.997E-05 9.997E-05
9.997E-05 0.9996 9.997E-05 9.997E-05 9.997E-05
9.997E-05 0.9996 9.997E-05 9.997E-05 9.997E-05
9.997E-05 0.9996 9.997E-05 9.997E-05 9.997E-05
0.011086 0.902457 9.9991E-05 0.0101718 0.0761848
9.997E-05 0.9996 9.997E-05 9.997E-05 9.997E-05
9.997E-05 0.9996 9.997E-05 9.997E-05 9.997E-05
9.997E-05 0.9996 9.997E-05 9.997E-05 9.997E-05
0.00294054 0.963809 9.9982E-05 9.9982E-05 0.0330508
9.997E-05 0.9996 9.997E-05 9.997E-05 9.997E-05
9.997E-05 0.9996 9.997E-05 9.997E-05 9.997E-05
