9.997E-05 9.997E-05 9.997E-05 9.997E-05 0.9996
9.9973E-05 0.130372 9.9973E-05 9.9973E-05 0.869328
9.9982E-05 0.0478977 9.9982E-05 0.0656676 0.886235
0.307575 9.9991E-05 0.0157832 0.120234 0.556308
9.999E-05 0.0307915 0.00860479 0.122703 0.8378
0.0917321 9.9973E-05 9.9973E-05 9.9973E-05 0.907968
0.00152605 0.00551761 0.00935896 0.0855775 0.89802
0.0442822 9.9982E-05 9.9982E-05 0.0901025 0.865415
0.0190582 0.0632933 9.9991E-05 0.23791 0.679638
9.999E-05 0.0958723 0.0771721 0.158824 0.668032
0.900364 9.9982E-05 0.054798 0.0446379 9.9982E-05
0.865511 0.10724 9.9982E-05 0.0270492 9.9982E-05
0.75828 0.00410732 9.9982E-05 9.9982E-05 0.237413
0.833415 0.0175964 0.0723031 0.043216 0.0334695
0.824156 0.0585073 0.0729409 9.9991E-05 0.0442956
0.998452 9.9973E-05 9.9973E-05 9.9973E-05 0.00124809
0.9996 9.997E-05 9.997E-05 9.997E-05 9.997E-05
0.636893 0.305721 9.9982E-05 0.0571861 9.9982E-05
0.736524 0.0902551 0.0217287 0.151392 9.9991E-05
0.905106 9.9982E-05 9.9982E-05 0.0580054 0.0366889
0.760724 0.140081 9.9991E-05 0.0272857 0.0718088
0.589778 0.12702 9.9982E-05 9.9982E-05 0.283001
0.982796 9.9982E-05 0.013504 9.9982E-05 0.00350011
0.848736 0.0993157 9.9982E-05 0.0517486 9.9982E-05
0.831894 0.166954 0.000952127 9.9982E-05 9.9982E-05
0.672909 0.262003 9.9991E-05 0.0149164 0.0500713
0.494449 0.186611 9.9982E-05 0.31874 9.9982E-05
0.456038 0.388664 0.0259712 0.0332952 0.0960321
0.481837 0.386238 0.00497712 0.069609 0.0573391
0.519511 0.480189 9.9973E-05 9.9973E-05 9.9973E-05
9.9982E-05 0.29477 9.9982E-05 0.689005 0.0160256
0.00397204 0.174632 9.9991E-05 0.638166 0.18313
0.202619 0.302629 9.9982E-05 0.494552 9.9982E-05
0.136267 9.9982E-05 9.9982E-05 0.852427 0.0111064
0.370077 0.00599793 9.9982E-05 0.623725 9.9982E-05
0.0418358 0.0202921 9.9991E-05 0.861601 0.0761714
0.154657 9.9982E-05 9.9982E-05 0.608982 0.23616
0.207329 0.11439 9.9991E-05 0.640678 0.0375028
0.127644 9.9982E-05 0.0121926 0.859963 9.9982E-05
0.138473 0.383135 0.0249228 0.437058 0.0164104
0.0234117 0.0444358 0.00617461 0.819852 0.106126
0.130583 0.394444 9.9991E-05 0.381796 0.0930781
0.137429 0.207016 9.9991E-05 0.613062 0.0423931
0.193953 0.000932346 0.0294806 0.775534 9.9991E-05
9.997E-05 9.997E-05 9.997E-05 0.9996 9.997E-05
0.0904926 0.0985384 0.0290409 0.781828 9.9991E-05
9.9973E-05 9.9973E-05 0.0317358 0.967964 9.9973E-05
9.9973E-05 0.222458 9.9973E-05 0.777242 9.9973E-05
0.120197 0.0844458 9.9991E-05 0.690158 0.105099
9.9982E-05 0.13993 9.9982E-05 0.795756 0.0641143
9.9982E-05 0.276641 0.0340625 0.689096 9.9982E-05
9.997E-05 9.997E-05 9.997E-05 0.9996 9.997E-05
0.00902453 0.351954 9.9982E-05 0.638822 9.9982E-05
9.9982E-05 0.15541 0.000265161 0.844125 9.9982E-05
9.9982E-05 0.0232075 0.000936759 0.975656 9.9982E-05
9.9991E-05 0.286988 0.0847884 0.565923 0.0622009
0.027538 0.945121 0.000468302 0.0149836 0.0118894
0.160455 0.752213 9.9991E-05 0.0741753 0.0130566
9.9991E-05 0.869608 0.0149157 0.0896269 0.0257493
0.0543664 0.744901 9.9991E-05 0.0618536 0.138779
0.00730453 0.847432 9.9982E-05 0.145064 9.9982E-05
9.9991E-05 0.573838 0.0669934 0.294231 0.0648368
9.9982E-05 0.821697 9.9982E-05 0.132964 0.0451395
9.9973E-05 0.956361 0.043339 9.9973E-05 9.9973E-05
0.101411 0.880476 9.9982E-05 0.0179135 9.9982E-05
9.997E-05 0.9996 9.997E-05 9.997E-05 9.997E-05
9.9973E-05 0.993582 0.00611772 9.9973E-05 9.9973E-05
9.997E-05 0.9996 9.997E-05 9.997E-05 9.997E-05
9.9973E-05 0.99669 0.00301017 9.9973E-05 9.9973E-05
9.997E-05 0.9996 9.997E-05 9.997E-05 9.997E-05
9.9973E-05 0.896002 9.9973E-05 0.103698 9.9973E-05
9.9991E-05 0.653323 0.0199825 0.232179 0.0944154
9.9973E-05 0.989414 0.0102865 9.9973E-05 9.9973E-05
0.0661815 0.666014 0.0553614 0.180988 0.0314553
0.0740196 0.315498 0.507422 0.0618376 0.0412227
9.997E-05 9.997E-05 0.9996 9.997E-05 9.997E-05
0.0784127 0.659475 0.0602458 0.149199 0.0526672
