9.997E-05 9.997E-05 9.997E-05 0.9996 9.997E-05
0.22432 9.9991E-05 0.125849 0.560728 0.0890033
0.171369 0.0150286 0.169881 0.538258 0.105464
0.481466 0.0103347 0.00109274 0.507006 9.9991E-05
0.597644 0.0561593 9.9982E-05 0.345997 9.9982E-05
0.538174 9.9982E-05 0.0733242 0.388302 9.9982E-05
0.387839 9.9982E-05 0.00157099 0.61039 9.9982E-05
0.373345 9.9991E-05 0.103923 0.51533 0.00730234
0.439536 0.028864 0.0810376 0.434004 0.0165581
9.997E-05 9.997E-05 9.997E-05 0.9996 9.997E-05
9.997E-05 9.997E-05 9.997E-05 0.9996 9.997E-05
9.997E-05 9.997E-05 9.997E-05 0.9996 9.997E-05
9.997E-05 9.997E-05 9.997E-05 0.9996 9.997E-05
9.9973E-05 0.0193368 9.9973E-05 0.980363 9.9973E-05
9.9973E-05 9.9973E-05 0.000678114 0.999022 9.9973E-05
0.502086 9.9982E-05 0.117181 0.380533 9.9982E-05
0.443624 0.0791661 0.0867301 0.338939 0.0515408
0.513103 9.9982E-05 0.0416359 0.445061 9.9982E-05
0.711931 0.0437093 9.9982E-05 0.24416 9.9982E-05
0.817165 0.00223237 9.9982E-05 0.180403 9.9982E-05
0.684419 0.00268629 9.9982E-05 0.312694 9.9982E-05
0.65693 9.9991E-05 0.11774 0.212563 0.012667
0.665125 0.0597385 0.0517614 0.223275 9.9991E-05
0.730977 9.9982E-05 0.00574451 0.263079 9.9982E-05
0.765784 9.9973E-05 9.9973E-05 0.233916 9.9973E-05
0.796492 0.0423855 9.9982E-05 0.160923 9.9982E-05
0.628639 0.0932788 0.0791743 0.198807 9.9991E-05
0.723344 9.9982E-05 0.0111882 0.265268 9.9982E-05
0.681306 0.0560818 0.000405209 0.262107 9.9991E-05
0.656073 9.9973E-05 9.9973E-05 0.343627 9.9973E-05
0.706837 9.9973E-05 9.9973E-05 0.292864 9.9973E-05
0.736107 0.0437355 9.9982E-05 0.219957 9.9982E-05
0.743449 0.013851 0.0364055 0.206194 9.9991E-05
0.738034 9.9982E-05 0.0428495 0.218917 9.9982E-05
0.71412 0.0163793 0.0537516 0.21565 9.9991E-05
0.647046 0.0274977 9.9982E-05 0.325256 9.9982E-05
0.862626 9.9982E-05 0.000970406 0.136203 9.9982E-05
0.72626 0.110954 0.0160513 0.146635 9.9991E-05
0.657838 0.096044 0.055396 0.16745 0.0232725
0.815108 0.0226686 9.9991E-05 0.158017 0.00410674
0.875263 9.9991E-05 0.0678688 0.0166055 0.0401625
0.815677 0.0506902 0.0706425 0.0628907 9.9991E-05
0.774704 9.9991E-05 0.0779014 0.13333 0.0139642
0.901671 0.0300482 0.0357747 0.0324057 9.9991E-05
0.896729 0.0141913 0.0422335 0.0467465 9.9991E-05
0.846682 0.0254118 0.0569331 0.0708728 9.9991E-05
0.904841 9.9982E-05 0.021066 0.0738931 9.9982E-05
0.833161 0.0263621 0.0613669 0.0790104 9.9991E-05
0.735627 0.0656329 0.065038 0.133602 9.9991E-05
0.706004 9.9991E-05 0.0335844 0.237796 0.0225164
0.752874 0.050087 0.0503064 0.146633 9.9991E-05
0.840285 0.0192567 0.0728828 0.0674759 9.9991E-05
0.801982 0.0572968 0.0459367 0.0946842 9.9991E-05
0.806805 0.0887886 9.9982E-05 0.104206 9.9982E-05
0.822655 0.0193857 0.0225692 0.0843355 0.0510546
0.83046 0.0211922 0.0994429 0.0488047 9.9991E-05
0.67413 0.0837011 0.0908736 0.148676 0.00261884
0.821152 0.0859477 0.00947375 0.0689177 0.0145084
0.820563 0.0479975 0.0424406 0.0888993 9.9991E-05
0.793169 0.0904626 9.9982E-05 0.116169 9.9982E-05
0.803715 0.139318 0.0166857 0.0401805 9.9991E-05
0.903962 0.0077152 9.9991E-05 0.0803954 0.007827
0.846519 0.0355693 0.0674494 0.046758 0.00370444
0.869231 0.0465075 0.0534554 9.9991E-05 0.0307064
0.889172 0.038143 9.9982E-05 0.0724849 9.9982E-05
0.823217 0.0655826 0.0725905 0.0363184 0.002291
0.933759 0.0372354 9.9982E-05 9.9982E-05 0.0288056
0.81864 0.03652 0.0808696 0.022776 0.0411945
0.813105 0.0635168 0.0327138 0.0905645 9.9991E-05
0.919518 9.9982E-05 0.0472173 0.0330647 9.9982E-05
0.806218 9.9991E-05 0.044523 0.114951 0.0342081
0.820448 0.0694363 0.0713344 0.00944337 0.0293377
0.777465 0.0746348 0.0162023 0.131598 9.9991E-05
0.779453 0.0800031 0.0382317 0.102212 9.9991E-05
0.848455 0.0360507 0.0414042 0.0688679 0.00522243
0.829377 0.123341 0.0146254 0.0251495 0.0075076
0.908072 0.00185458 0.0736039 9.9991E-05 0.0163693
0.764236 0.0229839 0.0503026 0.0434939 0.118984
0.833158 0.0341527 0.03825 9.9991E-05 0.0943391
0.817023 0.0562548 0.00786671 9.9991E-05 0.118755
0.841264 0.0715685 0.0164561 9.9991E-05 0.070611
0.851385 0.0652089 9.9982E-05 9.9982E-05 0.0832059
0.86565 0.0151304 0.0375207 9.9991E-05 0.081599
0.786752 0.0421003 9.9991E-05 0.0486835 0.122364
0.622821 0.0838687 0.0746148 0.0397771 0.178918
0.695824 0.00793297 0.110512 0.0224199 0.163311
0.678201 0.0536726 0.0711227 0.0930367 0.103967
0.820677 0.0315016 9.9991E-05 0.032152 0.11557
0.617028 0.160493 0.0887957 0.014101 0.119582
0.640593 0.155764 0.0946762 0.00338851 0.105578
0.679922 0.0646487 0.0643669 0.0620351 0.129027
0.81573 9.9991E-05 0.0547559 0.0569277 0.0724866
0.503682 0.1903 0.0945191 0.0241809 0.187318
9.9973E-05 9.9973E-05 0.00122494 9.9973E-05 0.998475
0.0354857 9.9982E-05 9.9982E-05 0.0221246 0.94219
0.104588 0.00492936 0.0116519 0.0189497 0.859881
9.997E-05 9.997E-05 9.997E-05 9.997E-05 0.9996
9.997E-05 9.997E-05 9.997E-05 9.997E-05 0.9996
9.997E-05 9.997E-05 9.997E-05 9.997E-05 0.9996
9.997E-05 9.997E-05 9.997E-05 9.997E-05 0.9996
0.0527427 9.9991E-05 0.00214829 0.0591398 0.885869
9.9973E-05 0.00307303 9.9973E-05 9.9973E-05 0.996627
9.997E-05 9.997E-05 9.997E-05 9.997E-05 0.9996
0.688655 0.112906 0.0855345 9.9991E-05 0.112805
0.0461515 0.0286008 9.9982E-05 9.9982E-05 0.925048
9.997E-05 9.997E-05 9.997E-05 9.997E-05 0.9996
9.997E-05 9.997E-05 9.997E-05 9.997E-05 0.9996
0.738991 0.118311 0.0494625 9.9991E-05 0.0931359
0.775427 0.0533817 0.050668 9.9991E-05 0.120423
0.737061 0.123682 0.0146307 9.9991E-05 0.124526
0.757921 0.0635813 0.0201392 9.9991E-05 0.158258
0.783762 0.075385 0.0258105 9.9991E-05 0.114942
0.82412 0.0608427 0.00672203 9.9991E-05 0.108216
0.808696 0.036614 0.0137139 9.9991E-05 0.140876
0.753739 0.0959825 9.9982E-05 9.9982E-05 0.150078
0.634587 0.0744968 0.0537188 9.9991E-05 0.237097
0.691006 0.038962 0.0539616 9.9991E-05 0.215971
0.757362 0.093058 0.0364674 9.9991E-05 0.113013
0.661056 0.093486 0.0264001 9.9991E-05 0.218957
0.726299 0.0842608 0.115256 9.9991E-05 0.0740845
0.734362 0.0843347 0.0537237 9.9991E-05 0.12748
0.991049 9.9973E-05 9.9973E-05 9.9973E-05 0.00865102
0.926616 0.0503681 9.9982E-05 9.9982E-05 0.0228163
0.9996 9.997E-05 9.997E-05 9.997E-05 9.997E-05
0.9996 9.997E-05 9.997E-05 9.997E-05 9.997E-05
0.988487 9.9973E-05 9.9973E-05 9.9973E-05 0.0112133
0.9996 9.997E-05 9.997E-05 9.997E-05 9.997E-05
0.9996 9.997E-05 9.997E-05 9.997E-05 9.997E-05
0.97999 9.9973E-05 9.9973E-05 9.9973E-05 0.0197097
0.995328 9.9973E-05 0.00437238 9.9973E-05 9.9973E-05
0.999089 9.9973E-05 9.9973E-05 9.9973E-05 0.000611248
0.934382 9.9973E-05 9.9973E-05 9.9973E-05 0.065318
0.984326 9.9973E-05 9.9973E-05 9.9973E-05 0.0153745
0.919901 9.9982E-05 0.049771 9.9982E-05 0.0301285
9.997E-05 9.997E-05 0.9996 9.997E-05 9.997E-05
0.6368 0.087593 0.0679228 9.9991E-05 0.207584
9.9973E-05 0.0117215 0.987979 9.9973E-05 9.9973E-05
9.997E-05 9.997E-05 0.9996 9.997E-05 9.997E-05
9.9991E-05 0.0154194 0.96633 0.0138706 0.0042798
0.181443 0.0173388 0.801019 9.9982E-05 9.9982E-05
9.997E-05 9.997E-05 0.9996 9.997E-05 9.997E-05
0.110826 9.9973E-05 0.888874 9.9973E-05 9.9973E-05
9.9982E-05 9.9982E-05 0.949786 0.00831608 0.041698
0.0270333 9.9973E-05 0.972667 9.9973E-05 9.9973E-05
9.997E-05 9.997E-05 0.9996 9.997E-05 9.997E-05
9.997E-05 9.997E-05 0.9996 9.997E-05 9.997E-05
0.0468711 0.0129401 0.939989 9.9982E-05 9.9982E-05
0.0577638 0.0552199 0.846764 9.9991E-05 0.0401522
0.0423558 9.9991E-05 0.943343 0.00296286 0.0112382
0.078763 0.0474832 0.84425 9.9991E-05 0.0294042
0.105508 0.0553557 0.825984 0.0130525 9.9991E-05
0.000746893 0.0583722 0.903331 0.0374503 9.9991E-05
0.0404665 9.9973E-05 0.959234 9.9973E-05 9.9973E-05
0.446981 0.358789 0.0629494 0.0192673 0.112014
0.457849 0.328563 0.0831729 0.054025 0.0763905
0.421879 0.344274 0.0771872 0.0378667 0.118793
0.451086 0.380848 0.0462075 0.0320866 0.0897719
0.27723 0.452929 0.0763266 9.9991E-05 0.193415
0.171681 0.539258 0.0920859 9.9991E-05 0.196875
0.21718 0.468111 0.0769636 9.9991E-05 0.237646
0.177939 0.512477 0.106674 9.9991E-05 0.20281
0.19125 0.479203 0.10157 9.9991E-05 0.227878
0.23879 0.458691 0.0678442 9.9991E-05 0.234575
0.240652 0.451663 0.0843122 9.9991E-05 0.223273
0.390213 0.350637 0.112391 0.0112755 0.135483
0.284187 0.410729 0.0969345 0.0379144 0.170235
9.997E-05 0.9996 9.997E-05 9.997E-05 9.997E-05
9.997E-05 0.9996 9.997E-05 9.997E-05 9.997E-05
9.997E-05 0.9996 9.997E-05 9.997E-05 9.997E-05
9.997E-05 0.9996 9.997E-05 9.997E-05 9.997E-05
9.997E-05 0.9996 9.997E-05 9.997E-05 9.997E-05
0.00312839 0.918842 0.043061 0.0348687 9.9991E-05
9.997E-05 0.9996 9.997E-05 9.997E-05 9.997E-05
9.997E-05 0.9996 9.997E-05 9.997E-05 9.997E-05
9.997E-05 0.9996 9.997E-05 9.997E-05 9.997E-05
0.0364834 0.963217 9.9973E-05 9.9973E-05 9.9973E-05
9.997E-05 0.9996 9.997E-05 9.997E-05 9.997E-05
9.997E-05 0.9996 9.997E-05 9.997E-05 9.997E-05
