9.997E-05 0.9996 9.997E-05 9.997E-05 9.997E-05
0.00013994 0.547491 0.135376 0.209241 0.107753
0.00974519 0.519186 0.159054 0.203055 0.10896
9.9973E-05 0.519672 9.9973E-05 0.480028 9.9973E-05
0.0888037 0.349465 9.9982E-05 0.561532 9.9982E-05
9.9991E-05 0.407841 0.0433987 0.542762 0.00589876
9.9973E-05 0.617015 9.9973E-05 0.382685 9.9973E-05
9.999E-05 0.514217 0.0813593 0.399797 0.00452664
0.0326023 0.451841 0.0931904 0.422266 9.9991E-05
9.997E-05 0.9996 9.997E-05 9.997E-05 9.997E-05
9.997E-05 0.9996 9.997E-05 9.997E-05 9.997E-05
9.997E-05 0.9996 9.997E-05 9.997E-05 9.997E-05
9.997E-05 0.9996 9.997E-05 9.997E-05 9.997E-05
0.0160276 0.983673 9.9973E-05 9.9973E-05 9.9973E-05
0.00179527 0.997411 9.9982E-05 9.9982E-05 0.000594127
0.0107523 0.37092 0.0446265 0.573602 9.9991E-05
0.112279 0.316442 0.083 0.458759 0.0295203
9.999E-05 0.475256 0.0168831 0.503489 0.00427215
0.0270065 0.225266 9.9982E-05 0.747528 9.9982E-05
0.00495168 0.182712 9.9982E-05 0.812137 9.9982E-05
0.0344473 0.341094 9.9991E-05 0.614816 0.00954287
9.9982E-05 0.20929 0.0516597 0.73885 9.9982E-05
0.0429047 0.206065 0.0181146 0.732816 9.9991E-05
9.9973E-05 0.262856 9.9973E-05 0.736844 9.9973E-05
9.9973E-05 0.242148 9.9973E-05 0.757552 9.9973E-05
9.9973E-05 0.155117 9.9973E-05 0.844583 9.9973E-05
0.102985 0.203313 0.0598296 0.633773 9.9991E-05
9.9982E-05 0.258825 0.00812458 0.73285 9.9982E-05
9.9982E-05 0.252812 0.0182449 0.728743 9.9982E-05
9.9973E-05 0.332315 9.9973E-05 0.667385 9.9973E-05
9.9973E-05 0.25673 9.9973E-05 0.74297 9.9973E-05
0.0223836 0.208894 9.9982E-05 0.768522 9.9982E-05
0.042928 0.211632 0.0274995 0.71784 9.9991E-05
9.9982E-05 0.222414 0.0651141 0.712272 9.9982E-05
0.00409683 0.183103 9.9982E-05 0.8126 9.9982E-05
9.9973E-05 0.327434 9.9973E-05 0.672266 9.9973E-05
9.9973E-05 0.1039 9.9973E-05 0.8958 9.9973E-05
0.103207 0.132493 0.0333262 0.730873 9.9991E-05
0.0710593 0.155474 0.0416606 0.705766 0.0260405
0.0136113 0.159971 9.9991E-05 0.812063 0.0142545
9.9991E-05 0.00843225 0.0216646 0.930845 0.0389586
0.0517291 0.00424501 0.0829008 0.861025 9.9991E-05
9.9982E-05 0.133384 0.0393017 0.827114 9.9982E-05
0.00142273 0.0347174 0.0441079 0.919652 9.9991E-05
0.0306963 0.0519559 0.055235 0.862013 9.9991E-05
0.0180162 0.0720968 0.0508964 0.858891 9.9991E-05
0.0290308 0.0679344 0.0233156 0.879619 9.9991E-05
0.0154122 0.0921672 0.0315844 0.860736 9.9991E-05
0.118024 0.121428 0.052704 0.707744 9.9991E-05
9.9991E-05 0.243608 0.0324157 0.706475 0.0174007
0.0368405 0.129526 0.0702297 0.763304 9.9991E-05
0.00980997 0.0699131 0.0200241 0.900153 9.9991E-05
0.0470867 0.0998451 0.0454358 0.807532 9.9991E-05
0.0556713 0.0971879 9.9991E-05 0.836812 0.0102289
0.0224195 0.118041 9.9991E-05 0.823805 0.0356346
9.9982E-05 0.043847 0.113238 0.842715 9.9982E-05
0.0698264 0.151751 0.0687569 0.709566 9.9991E-05
0.071527 0.0641841 9.9991E-05 0.852673 0.0115158
0.0436589 0.0803236 0.0247798 0.851138 9.9991E-05
0.0810619 0.14344 0.0259385 0.74946 9.9991E-05
0.0678984 0.066054 0.00302829 0.862919 9.9991E-05
9.9973E-05 0.0435751 9.9973E-05 0.956125 9.9973E-05
0.03674 0.0559426 0.09361 0.772957 0.0407509
0.0452276 0.00729906 0.0226537 0.92472 9.9991E-05
0.0317767 0.0688867 9.9982E-05 0.899137 9.9982E-05
0.0165299 0.0213345 0.0557865 0.906249 9.9991E-05
0.00361509 9.9991E-05 0.0144992 0.968401 0.0133851
9.9982E-05 0.0311584 0.0598932 0.908748 9.9982E-05
0.0215299 0.109972 0.0171536 0.851245 9.9991E-05
9.9982E-05 0.0158265 0.0570106 0.926963 9.9982E-05
9.9991E-05 0.102397 0.0562728 0.79028 0.0509506
0.018694 9.9991E-05 0.0738356 0.871316 0.0360544
0.0256316 0.132153 9.9982E-05 0.842015 9.9982E-05
0.0553338 0.104126 0.0248108 0.81563 9.9991E-05
9.9982E-05 0.0478513 0.0401411 0.911808 9.9982E-05
0.128892 0.0322408 9.9982E-05 0.838668 9.9982E-05
0.0115394 9.9991E-05 0.076126 0.904733 0.00750198
9.9991E-05 0.0270226 0.0415737 0.821147 0.110157
0.0166441 9.9991E-05 0.083546 0.790058 0.109652
0.0458026 9.9991E-05 0.0178791 0.832889 0.103329
0.0739045 9.9991E-05 0.0479462 0.80888 0.0691697
0.044712 9.9991E-05 0.016731 0.824374 0.114083
0.0529741 9.9991E-05 0.0396048 0.836303 0.071018
0.00918221 0.0358198 9.9991E-05 0.869612 0.0852862
0.0328388 0.0338763 0.0223687 0.764062 0.146854
0.0107363 0.0387778 0.117311 0.681754 0.151421
0.0355932 0.0918688 0.0569477 0.734396 0.0811942
0.0317036 0.0182801 9.9991E-05 0.838863 0.111053
0.0756363 0.0184154 0.0955477 0.73111 0.0792904
0.167477 0.000605348 0.111503 0.630882 0.0895321
9.9991E-05 0.0457195 0.0817851 0.757433 0.114962
9.9991E-05 0.0706904 0.0806887 0.741755 0.106766
0.167075 0.0323315 0.0886906 0.530946 0.180957
9.997E-05 9.997E-05 9.997E-05 9.997E-05 0.9996
9.9973E-05 0.0215603 9.9973E-05 9.9973E-05 0.97814
0.0114113 0.0174865 9.9991E-05 0.0981433 0.872859
9.997E-05 9.997E-05 9.997E-05 9.997E-05 0.9996
9.997E-05 9.997E-05 9.997E-05 9.997E-05 0.9996
9.997E-05 9.997E-05 9.997E-05 9.997E-05 0.9996
9.997E-05 9.997E-05 9.997E-05 9.997E-05 0.9996
9.9991E-05 0.0245402 0.0168481 0.00831475 0.950197
9.997E-05 9.997E-05 9.997E-05 9.997E-05 0.9996
9.997E-05 9.997E-05 9.997E-05 9.997E-05 0.9996
0.0964258 9.9991E-05 0.0586224 0.735144 0.109708
0.058306 9.9982E-05 0.00787611 9.9982E-05 0.933618
9.997E-05 9.997E-05 9.997E-05 9.997E-05 0.9996
9.997E-05 9.997E-05 9.997E-05 9.997E-05 0.9996
0.096487 9.9991E-05 0.00272149 0.782783 0.117908
0.0387014 9.9991E-05 0.0378022 0.809858 0.113538
0.0173501 9.9991E-05 0.0373268 0.816123 0.1291
0.0314302 9.9991E-05 0.0210576 0.803417 0.143995
0.0388976 9.9991E-05 0.0237294 0.82027 0.117003
0.0696312 9.9982E-05 9.9982E-05 0.816906 0.113263
0.0273999 9.9982E-05 9.9982E-05 0.823998 0.148402
0.0187804 9.9982E-05 9.9982E-05 0.859093 0.121927
0.0702996 9.9991E-05 0.0962579 0.619083 0.214259
0.0222814 9.9991E-05 0.060889 0.701452 0.215277
0.120052 9.9991E-05 0.0466454 0.733148 0.100055
0.0368828 9.9991E-05 0.0938873 0.666365 0.202765
0.0885537 9.9991E-05 0.0515178 0.790857 0.0689711
9.9982E-05 9.9982E-05 0.0530047 0.814122 0.132673
9.9973E-05 9.9973E-05 9.9973E-05 0.989307 0.0103932
0.0519186 9.9982E-05 9.9982E-05 0.906689 0.0411924
9.997E-05 9.997E-05 9.997E-05 0.9996 9.997E-05
9.997E-05 9.997E-05 9.997E-05 0.9996 9.997E-05
9.9973E-05 9.9973E-05 9.9973E-05 0.991074 0.0086256
9.9973E-05 9.9973E-05 9.9973E-05 0.984214 0.0154858
9.9973E-05 9.9973E-05 9.9973E-05 0.976662 0.0230378
0.0134349 9.9982E-05 9.9982E-05 0.982351 0.00401363
9.997E-05 9.997E-05 9.997E-05 0.9996 9.997E-05
9.997E-05 9.997E-05 9.997E-05 0.9996 9.997E-05
9.9973E-05 9.9973E-05 9.9973E-05 0.9254 0.0742997
9.9973E-05 9.9973E-05 9.9973E-05 0.970315 0.029385
0.0864982 9.9991E-05 0.0648611 0.813036 0.0355047
9.997E-05 9.997E-05 0.9996 9.997E-05 9.997E-05
0.0738141 9.9991E-05 0.0916734 0.660651 0.173762
9.997E-05 9.997E-05 0.9996 9.997E-05 9.997E-05
9.997E-05 9.997E-05 0.9996 9.997E-05 9.997E-05
9.9973E-05 9.9973E-05 0.953199 9.9973E-05 0.0465012
0.0220759 0.00534748 0.814354 0.158122 9.9991E-05
9.997E-05 9.997E-05 0.9996 9.997E-05 9.997E-05
9.9973E-05 9.9973E-05 0.86584 0.13386 9.9973E-05
9.997E-05 9.997E-05 0.9996 9.997E-05 9.997E-05
9.9982E-05 9.9982E-05 0.972887 0.0163501 0.0105627
9.997E-05 9.997E-05 0.9996 9.997E-05 9.997E-05
9.9982E-05 9.9982E-05 0.974471 0.0194635 0.00586561
9.9973E-05 9.9973E-05 0.972493 0.0272068 9.9973E-05
0.0851708 9.9991E-05 0.820945 0.0405556 0.0532286
0.00844319 9.9982E-05 0.962799 0.028558 9.9982E-05
0.00623996 0.0021743 0.875304 0.0819857 0.0342959
0.0257832 0.00766448 0.846929 0.119524 9.9991E-05
0.00284201 0.0481015 0.923954 0.0213348 0.00376805
0.0134145 9.9982E-05 0.957672 9.9982E-05 0.0287137
0.305615 0.0166381 0.0677759 0.5196 0.0903712
0.249059 0.016015 0.0844751 0.64258 0.00787079
0.329435 0.0291623 0.0628371 0.449082 0.129483
0.327806 0.0345687 0.0739552 0.47076 0.0929108
0.309843 9.9991E-05 0.0706176 0.456687 0.162753
0.407924 9.9991E-05 0.0962667 0.277182 0.218527
0.34127 9.9991E-05 0.0317332 0.412877 0.21402
0.379925 9.9991E-05 0.0626021 0.333301 0.224072
0.344902 9.9991E-05 0.0723195 0.358816 0.223863
0.326485 9.9991E-05 0.0577129 0.385127 0.230575
0.312671 9.9991E-05 0.0428095 0.42489 0.219529
0.224385 0.0345708 0.0230918 0.542666 0.175287
0.289238 0.00616181 0.0821707 0.446637 0.175792
0.9996 9.997E-05 9.997E-05 9.997E-05 9.997E-05
0.9996 9.997E-05 9.997E-05 9.997E-05 9.997E-05
0.9996 9.997E-05 9.997E-05 9.997E-05 9.997E-05
0.9996 9.997E-05 9.997E-05 9.997E-05 9.997E-05
0.9996 9.997E-05 9.997E-05 9.997E-05 9.997E-05
0.906212 0.0139535 0.0273371 0.0523977 9.9991E-05
0.9996 9.997E-05 9.997E-05 9.997E-05 9.997E-05
0.9996 9.997E-05 9.997E-05 9.997E-05 9.997E-05
0.998957 0.000742961 9.9973E-05 9.9973E-05 9.9973E-05
0.958935 9.9982E-05 0.00429521 0.0365694 9.9982E-05
0.9996 9.997E-05 9.997E-05 9.997E-05 9.997E-05
0.9996 9.997E-05 9.997E-05 9.997E-05 9.997E-05
