0.9996 9.997E-05 9.997E-05 9.997E-05 9.997E-05
0.522586 9.9991E-05 0.284854 0.108597 0.0838624
0.536515 9.9991E-05 0.197211 0.0975108 0.168663
0.481569 9.9973E-05 0.518131 9.9973E-05 9.9973E-05
0.322994 0.0766549 0.600151 9.9982E-05 9.9982E-05
0.411246 9.9982E-05 0.526496 9.9982E-05 0.0620577
0.583155 9.9982E-05 0.406902 9.9982E-05 0.009743
0.504552 9.9991E-05 0.384336 0.00151829 0.109493
0.416479 0.00491587 0.518434 9.9991E-05 0.0600716
0.9996 9.997E-05 9.997E-05 9.997E-05 9.997E-05
0.9996 9.997E-05 9.997E-05 9.997E-05 9.997E-05
0.9996 9.997E-05 9.997E-05 9.997E-05 9.997E-05
0.9996 9.997E-05 9.997E-05 9.997E-05 9.997E-05
0.964055 0.0356452 9.9973E-05 9.9973E-05 9.9973E-05
0.9996 9.997E-05 9.997E-05 9.997E-05 9.997E-05
0.37343 0.0216625 0.592308 9.9991E-05 0.0124997
0.372326 0.0953395 0.433391 0.0300751 0.0688686
0.413597 9.9982E-05 0.573791 9.9982E-05 0.0124117
0.212865 0.0738145 0.71312 9.9982E-05 9.9982E-05
0.163091 9.9973E-05 0.836609 9.9973E-05 9.9973E-05
0.333475 0.0320327 0.631988 0.00240405 9.9991E-05
0.197481 9.9991E-05 0.727131 0.000579353 0.0747088
0.246661 0.0365953 0.689448 9.9991E-05 0.0271959
0.287279 9.9973E-05 0.712422 9.9973E-05 9.9973E-05
0.219882 9.9973E-05 0.779818 9.9973E-05 9.9973E-05
0.173143 0.0535165 0.77314 9.9982E-05 9.9982E-05
0.181027 0.111874 0.642478 9.9991E-05 0.0645203
0.242775 9.9973E-05 0.756925 9.9973E-05 9.9973E-05
0.261392 0.00801011 0.730398 9.9982E-05 9.9982E-05
0.363164 9.9973E-05 0.636536 9.9973E-05 9.9973E-05
0.292182 0.0228752 0.661531 0.0233117 9.9991E-05
0.208901 0.04074 0.750159 9.9982E-05 9.9982E-05
0.200116 0.0519972 0.709348 9.9991E-05 0.0384389
0.209685 9.9982E-05 0.766414 9.9982E-05 0.0237011
0.221254 0.0578453 0.680374 9.9991E-05 0.0404262
0.359888 9.9973E-05 0.639812 9.9973E-05 9.9973E-05
0.137263 0.0214917 0.841046 9.9982E-05 9.9982E-05
0.164607 0.0588052 0.764964 9.9991E-05 0.0115234
0.178842 0.107614 0.657351 0.0165032 0.0396899
0.164384 0.0585274 0.776889 9.9982E-05 9.9982E-05
0.0284575 9.9991E-05 0.92002 0.0227726 0.0286501
0.0541213 0.0259978 0.844314 0.0207667 0.0548002
0.134738 9.9991E-05 0.786419 0.00684659 0.0718966
0.0342991 0.0105046 0.916511 9.9991E-05 0.0385856
0.0405743 0.0580281 0.843415 9.9991E-05 0.0578827
0.0505657 0.0330543 0.864542 9.9991E-05 0.0517377
0.0511514 9.9982E-05 0.918923 9.9982E-05 0.0297255
0.0750102 0.0180759 0.875074 9.9991E-05 0.0317395
0.113394 0.0735965 0.751498 9.9991E-05 0.061412
0.208209 9.9982E-05 0.788885 0.00270573 9.9982E-05
0.118631 0.0509296 0.776918 9.9991E-05 0.0534212
0.0782262 0.0335467 0.828869 9.9991E-05 0.0592578
0.0775766 0.0718888 0.814674 9.9991E-05 0.0357605
0.0899584 0.0607953 0.813719 0.0354277 9.9991E-05
0.125562 0.0558028 0.771005 0.0475303 9.9991E-05
0.0404988 9.9982E-05 0.848475 9.9982E-05 0.110827
0.146 0.113176 0.643021 0.00232257 0.0954805
0.0477984 0.103845 0.847601 0.000655864 9.9991E-05
0.0581971 0.0480817 0.869754 9.9991E-05 0.0238671
0.102947 0.0924296 0.796153 9.9991E-05 0.00836973
0.0617233 0.106944 0.831133 9.9982E-05 9.9982E-05
0.0522504 0.0195907 0.927959 9.9982E-05 9.9982E-05
0.0571427 0.0749674 0.803827 0.0155066 0.0485563
0.0262326 0.0514742 0.863218 0.00722484 0.0518501
0.0626017 9.9973E-05 0.937098 9.9973E-05 9.9973E-05
0.0425369 0.0150703 0.888531 9.9991E-05 0.053762
9.9982E-05 0.0186847 0.951787 0.029328 9.9982E-05
0.0339619 0.0123796 0.847368 0.0675895 0.0387008
0.0840849 0.0457666 0.869948 9.9982E-05 9.9982E-05
0.0105094 9.9982E-05 0.924148 9.9982E-05 0.0651423
0.0833376 9.9991E-05 0.806792 0.0641004 0.0456703
0.00436957 0.0393397 0.817413 0.041888 0.0969897
0.13866 0.0402439 0.78049 9.9991E-05 0.0405053
0.0851022 0.0571562 0.842614 9.9991E-05 0.0150275
0.0443695 0.0211536 0.895593 9.9991E-05 0.0387834
0.019581 0.0888757 0.867138 9.9991E-05 0.0243055
9.9982E-05 9.9982E-05 0.892897 0.0306173 0.0762853
0.0497336 9.9991E-05 0.790772 0.149456 0.0099385
9.9991E-05 0.0929086 0.693894 0.17272 0.0403772
9.9991E-05 0.101157 0.778999 0.117992 0.00175113
0.0222542 0.0594125 0.793924 0.0797531 0.044656
9.9991E-05 0.0876433 0.759708 0.129304 0.023244
9.9991E-05 0.0828578 0.799208 0.0958093 0.0220252
0.0157483 0.0485341 0.79787 0.125989 0.0118594
0.0555307 0.0707256 0.642337 0.225366 0.00604035
0.0140278 0.0287648 0.680037 0.169966 0.107204
0.0906823 0.0678771 0.708689 0.0660301 0.0667216
0.0251915 0.0497218 0.822733 0.102254 9.9991E-05
0.0270259 0.0657129 0.69254 0.120462 0.0942592
0.0028034 0.121408 0.650149 0.125421 0.100219
0.0766597 0.0464836 0.63194 0.179126 0.0657912
0.0419841 0.0308088 0.770156 0.120504 0.0365472
0.0386686 0.191427 0.506534 0.177628 0.0857421
9.997E-05 9.997E-05 9.997E-05 0.9996 9.997E-05
0.0263282 9.9982E-05 9.9982E-05 0.94898 0.0244914
9.9973E-05 9.9973E-05 0.116795 0.882905 9.9973E-05
9.997E-05 9.997E-05 9.997E-05 0.9996 9.997E-05
9.997E-05 9.997E-05 9.997E-05 0.9996 9.997E-05
9.997E-05 9.997E-05 9.997E-05 0.9996 9.997E-05
9.997E-05 9.997E-05 9.997E-05 0.9996 9.997E-05
0.00971066 9.9982E-05 0.107421 0.882669 9.9982E-05
9.997E-05 9.997E-05 9.997E-05 0.9996 9.997E-05
9.997E-05 9.997E-05 9.997E-05 0.9996 9.997E-05
9.9991E-05 0.12386 0.662919 0.116725 0.0963961
9.9982E-05 0.0797303 0.0241524 0.895917 9.9982E-05
0.000297629 9.9973E-05 9.9973E-05 0.999402 9.9973E-05
9.997E-05 9.997E-05 9.997E-05 0.9996 9.997E-05
9.9991E-05 0.10789 0.703769 0.129111 0.05913
9.9991E-05 0.0761535 0.745035 0.12655 0.0521614
9.9991E-05 0.106896 0.724518 0.144881 0.0236052
9.9991E-05 0.0512899 0.738447 0.172526 0.0376369
9.9991E-05 0.105697 0.719627 0.125428 0.0491482
9.9982E-05 0.154886 0.766907 0.0780066 9.9982E-05
9.9991E-05 0.0660849 0.745009 0.169991 0.0188155
9.9982E-05 0.0661525 0.785287 0.14836 9.9982E-05
9.9991E-05 0.150916 0.576784 0.220619 0.0515808
9.9991E-05 0.0859996 0.630147 0.223738 0.0600148
9.9991E-05 0.0878 0.678197 0.172409 0.0614939
9.9991E-05 0.140992 0.586339 0.19157 0.0809987
9.9991E-05 0.150737 0.680017 0.0956324 0.0735129
9.9991E-05 0.0477823 0.788576 0.120919 0.0426231
9.997E-05 9.997E-05 9.997E-05 9.997E-05 0.9996
9.9991E-05 0.116603 0.625474 0.156075 0.101747
9.997E-05 9.997E-05 9.997E-05 9.997E-05 0.9996
9.997E-05 9.997E-05 9.997E-05 9.997E-05 0.9996
9.9982E-05 0.0232071 9.9982E-05 0.0291516 0.947441
9.9982E-05 9.9982E-05 0.211259 0.0525334 0.736008
9.997E-05 9.997E-05 9.997E-05 9.997E-05 0.9996
9.9973E-05 9.9973E-05 0.136646 9.9973E-05 0.863054
9.9973E-05 9.9973E-05 9.9973E-05 0.0102613 0.989439
9.9973E-05 9.9973E-05 0.0314253 9.9973E-05 0.968275
9.997E-05 9.997E-05 9.997E-05 9.997E-05 0.9996
0.00246776 0.00580225 0.0305239 9.9991E-05 0.961106
9.9982E-05 9.9982E-05 0.0488273 0.00495723 0.946016
9.9991E-05 0.0603473 0.0448962 0.0288092 0.865847
0.0243129 9.9982E-05 0.0103989 9.9982E-05 0.965088
9.9982E-05 9.9982E-05 0.109481 0.0170406 0.873278
9.9982E-05 0.0739779 0.0419826 9.9982E-05 0.88384
0.024595 0.0806695 0.0077105 9.9991E-05 0.886925
9.9973E-05 9.9973E-05 0.0199761 9.9973E-05 0.979724
9.9973E-05 0.00240932 0.997291 9.9973E-05 9.9973E-05
9.9982E-05 0.057026 0.880546 0.0622278 9.9982E-05
9.9973E-05 9.9973E-05 0.987542 0.012158 9.9973E-05
9.997E-05 9.997E-05 0.9996 9.997E-05 9.997E-05
9.9973E-05 9.9973E-05 0.982368 0.017332 9.9973E-05
9.9973E-05 9.9973E-05 0.998085 0.0016155 9.9973E-05
9.9973E-05 9.9973E-05 0.995231 0.0044694 9.9973E-05
9.9982E-05 0.0113449 0.983268 9.9982E-05 0.00518716
9.997E-05 9.997E-05 0.9996 9.997E-05 9.997E-05
9.9973E-05 9.9973E-05 0.969986 0.0297143 9.9973E-05
9.9982E-05 0.0147714 0.861503 0.123526 9.9982E-05
9.9973E-05 9.9973E-05 0.969977 0.0297231 9.9973E-05
9.9982E-05 9.9982E-05 0.910706 0.0386647 0.0504296
0.0219478 0.380331 0.460024 0.0897867 0.0479111
0.0235596 0.355544 0.548976 0.026308 0.0456125
0.0390065 0.344329 0.416789 0.149507 0.0503683
0.0363522 0.345934 0.473115 0.0954193 0.0491794
9.9991E-05 0.520724 0.255556 0.151007 0.072613
9.99821E-05 0.685071 9.99821E-05 0.224289 0.0904398
9.9991E-05 0.515024 0.131283 0.224617 0.128975
9.9991E-05 0.605777 0.0998555 0.209479 0.0847883
9.9991E-05 0.534642 0.139272 0.248424 0.077562
9.9991E-05 0.501918 0.191305 0.20977 0.0969069
9.9991E-05 0.50729 0.198303 0.207137 0.08717
9.9991E-05 0.453448 0.257347 0.170944 0.11816
0.0151466 0.424361 0.313292 0.144097 0.103103
9.997E-05 0.9996 9.997E-05 9.997E-05 9.997E-05
9.997E-05 0.9996 9.997E-05 9.997E-05 9.997E-05
9.997E-05 0.9996 9.997E-05 9.997E-05 9.997E-05
9.997E-05 0.9996 9.997E-05 9.997E-05 9.997E-05
9.997E-05 0.9996 9.997E-05 9.997E-05 9.997E-05
0.0310241 0.905419 0.0633567 9.9982E-05 9.9982E-05
9.997E-05 0.9996 9.997E-05 9.997E-05 9.997E-05
9.997E-05 0.9996 9.997E-05 9.997E-05 9.997E-05
9.997E-05 0.9996 9.997E-05 9.997E-05 9.997E-05
9.9973E-05 0.959748 0.0399521 9.9973E-05 9.9973E-05
9.997E-05 0.9996 9.997E-05 9.997E-05 9.997E-05
9.997E-05 0.9996 9.997E-05 9.997E-05 9.997E-05
