9.997E-05 9.997E-05 9.997E-05 9.997E-05 0.9996
0.115556 0.016911 0.089225 0.249115 0.529193
0.090534 9.9991E-05 0.149148 0.205005 0.555213
9.9982E-05 0.000234639 9.9982E-05 0.504374 0.495191
9.9982E-05 0.0683807 9.9982E-05 0.573774 0.357645
9.9982E-05 9.9982E-05 0.0314506 0.548197 0.420152
9.9973E-05 9.9973E-05 9.9973E-05 0.40921 0.59049
9.9982E-05 9.9982E-05 0.0955605 0.407332 0.496907
0.0202526 0.0306737 0.0585992 0.451318 0.439157
9.997E-05 9.997E-05 9.997E-05 9.997E-05 0.9996
9.997E-05 9.997E-05 9.997E-05 9.997E-05 0.9996
9.997E-05 9.997E-05 9.997E-05 9.997E-05 0.9996
9.997E-05 9.997E-05 9.997E-05 9.997E-05 0.9996
9.9982E-05 0.0112052 0.000353803 9.9982E-05 0.988241
9.9982E-05 0.0124079 0.0320979 9.9982E-05 0.955294
9.999E-05 0.0163195 0.0668956 0.550493 0.366191
0.0442243 0.082465 0.0715828 0.433836 0.367892
9.9982E-05 9.9982E-05 0.0321488 0.487256 0.480395
9.9982E-05 0.0388026 9.9982E-05 0.768858 0.192139
9.9982E-05 0.00679722 9.9982E-05 0.818008 0.174994
9.9982E-05 0.0355279 9.9982E-05 0.645232 0.319041
9.9982E-05 9.9982E-05 0.0468853 0.74304 0.209875
9.999E-05 0.0363725 0.0263117 0.697443 0.239773
9.9973E-05 9.9973E-05 9.9973E-05 0.740963 0.258737
9.9982E-05 0.0186903 9.9982E-05 0.712069 0.269041
9.9982E-05 0.0196441 9.9982E-05 0.811579 0.168577
9.9991E-05 0.0942004 0.070417 0.627769 0.207513
9.9982E-05 9.9982E-05 0.00402224 0.735909 0.259869
9.9982E-05 0.00790933 9.9982E-05 0.732864 0.259026
9.9973E-05 9.9973E-05 9.9973E-05 0.668605 0.331095
9.9982E-05 0.0414166 9.9982E-05 0.648996 0.309388
9.9982E-05 0.029552 9.9982E-05 0.760938 0.20931
0.00837111 9.9991E-05 0.0572138 0.711176 0.223139
9.9982E-05 9.9982E-05 0.0413592 0.736889 0.221551
9.9982E-05 9.9982E-05 0.0393964 0.704941 0.255463
9.9973E-05 9.9973E-05 9.9973E-05 0.676939 0.322761
9.9973E-05 9.9973E-05 9.9973E-05 0.874217 0.125483
9.9991E-05 0.0712206 0.0241043 0.758119 0.146456
0.0119841 0.100912 0.0639687 0.635606 0.187529
9.9973E-05 9.9973E-05 9.9973E-05 0.813083 0.186617
0.0163483 0.0174933 0.0578642 0.871245 0.0370488
0.0241039 0.0411566 0.0932659 0.830383 0.0110907
0.0190826 9.9991E-05 0.0870367 0.731859 0.161921
0.000611223 0.017094 0.0422147 0.907637 0.0324429
9.9991E-05 0.0160784 0.0403316 0.899747 0.0437433
9.9991E-05 0.00700737 0.0405742 0.885048 0.0672703
9.9982E-05 9.9982E-05 0.0262629 0.93086 0.0426768
9.9991E-05 0.0397989 0.0218729 0.859309 0.0789192
9.9991E-05 0.0601347 0.0648691 0.741247 0.133649
0.0206657 9.9991E-05 0.0251516 0.731296 0.222787
9.9991E-05 0.0301562 0.0504516 0.788078 0.131214
9.9991E-05 0.0316688 0.0524792 0.854373 0.0613795
9.9982E-05 9.9982E-05 0.0196026 0.889776 0.0904219
0.00994351 0.0854483 0.0142714 0.784147 0.10619
0.0242434 0.0575266 9.9991E-05 0.82533 0.0927996
9.9991E-05 0.00901002 0.112311 0.833792 0.0447874
9.9991E-05 0.0946574 0.089984 0.683966 0.131293
0.0204704 0.103657 9.9991E-05 0.807943 0.0678295
9.9991E-05 0.0351709 0.0344316 0.861914 0.0683831
0.0123209 0.0296087 0.0057673 0.834032 0.118271
9.9982E-05 0.0521988 9.9982E-05 0.896646 0.0509556
9.9982E-05 0.0106379 9.9982E-05 0.898703 0.0904593
0.0464686 0.0417393 0.0693608 0.799071 0.0433606
0.0515863 0.0138935 0.0441518 0.854873 0.0354953
9.9982E-05 0.00378303 9.9982E-05 0.928278 0.0677393
0.000721582 0.0216358 0.109298 0.864726 0.00361883
0.0551007 0.0036232 9.9982E-05 0.941076 9.9982E-05
0.0296761 0.015888 0.0380425 0.876473 0.0399206
9.9973E-05 9.9973E-05 9.9973E-05 0.898623 0.101077
0.00996038 9.9991E-05 0.0678062 0.911277 0.0108567
0.0334473 9.9991E-05 0.074505 0.805573 0.0863742
0.0141322 0.0184106 0.0756628 0.891694 9.9991E-05
9.9982E-05 0.0187102 9.9982E-05 0.847862 0.133227
9.9991E-05 0.0762513 0.0424763 0.79715 0.084022
9.9982E-05 9.9982E-05 0.0533069 0.887259 0.0592345
9.9982E-05 0.067224 9.9982E-05 0.902527 0.0300493
0.0379039 9.9982E-05 0.0156366 0.946259 9.9982E-05
0.123278 9.9991E-05 0.0298376 0.821163 0.0256218
0.108092 0.07853 0.0302944 0.782983 9.9991E-05
0.117815 0.0593782 0.0251651 0.797541 9.9991E-05
0.0214491 0.10768 0.0370644 0.833706 9.9991E-05
0.117269 0.0694402 0.0199515 0.79324 9.9991E-05
0.0893658 0.106064 0.075103 0.729367 9.9991E-05
0.103728 0.0169226 0.00257323 0.802341 0.0744347
0.22485 0.0136754 0.0198118 0.717212 0.02445
0.140379 0.0329867 0.0703162 0.729909 0.0264093
0.0613071 0.0472976 0.0716396 0.758931 0.0608248
0.0857008 0.0360265 9.9991E-05 0.843397 0.0347758
0.142783 0.0697614 0.0269656 0.76039 9.9991E-05
0.104981 0.118939 0.0920676 0.683912 9.9991E-05
0.150317 0.000343767 0.0674547 0.728441 0.0534432
0.112817 9.9991E-05 0.0793097 0.760221 0.0475517
0.195057 0.16099 0.0986816 0.5047 0.0405706
0.9996 9.997E-05 9.997E-05 9.997E-05 9.997E-05
0.969003 9.9973E-05 9.9973E-05 9.9973E-05 0.0306974
0.896458 9.9982E-05 9.9982E-05 0.0761322 0.0272098
0.9996 9.997E-05 9.997E-05 9.997E-05 9.997E-05
0.9996 9.997E-05 9.997E-05 9.997E-05 9.997E-05
0.9996 9.997E-05 9.997E-05 9.997E-05 9.997E-05
0.998272 0.00142794 9.9973E-05 9.9973E-05 9.9973E-05
0.919655 0.0178117 9.9991E-05 0.0415919 0.0208415
0.9996 9.997E-05 9.997E-05 9.997E-05 9.997E-05
0.9996 9.997E-05 9.997E-05 9.997E-05 9.997E-05
0.0890735 0.0860412 0.104225 0.72056 9.9991E-05
0.944688 9.9982E-05 0.0349516 0.0201599 9.9982E-05
0.997462 0.00223775 9.9973E-05 9.9973E-05 9.9973E-05
0.9996 9.997E-05 9.997E-05 9.997E-05 9.997E-05
0.0859473 0.0755982 0.0116328 0.826722 9.9991E-05
0.0887621 0.0441183 0.00678944 0.86023 9.9991E-05
0.117677 0.0604788 0.0368985 0.780433 0.00451278
0.10163 0.0578707 0.0480253 0.792374 9.9991E-05
0.116945 0.101268 0.027587 0.754101 9.9991E-05
0.09884 0.00963873 9.9982E-05 0.891321 9.9982E-05
0.181368 0.0045718 0.0152969 0.792751 0.00601184
0.138908 0.0561011 9.9982E-05 0.804791 9.9982E-05
0.269402 0.0687505 0.0555669 0.60618 9.9991E-05
0.217408 0.05229 0.0534749 0.676727 9.9991E-05
0.107477 0.0855803 0.0493225 0.757521 9.9991E-05
0.236702 0.108776 0.0369448 0.617476 9.9991E-05
0.084931 0.101064 0.0306839 0.783222 9.9991E-05
0.110686 0.048753 0.0315078 0.808954 9.9991E-05
0.0284151 9.9973E-05 9.9973E-05 0.971285 9.9973E-05
0.0731641 0.0518309 9.9982E-05 0.874805 9.9982E-05
0.00351176 9.9973E-05 9.9973E-05 0.996188 9.9973E-05
0.00737066 9.9973E-05 9.9973E-05 0.992329 9.9973E-05
9.997E-05 9.997E-05 9.997E-05 0.9996 9.997E-05
0.0115856 9.9973E-05 9.9973E-05 0.988114 9.9973E-05
0.0257082 9.9973E-05 9.9973E-05 0.973992 9.9973E-05
0.066511 0.0932084 9.9982E-05 0.840081 9.9982E-05
9.997E-05 9.997E-05 9.997E-05 0.9996 9.997E-05
0.0153347 9.9973E-05 9.9973E-05 0.984365 9.9973E-05
0.0923053 9.9973E-05 9.9973E-05 0.907395 9.9973E-05
0.0326138 9.9973E-05 9.9973E-05 0.967086 9.9973E-05
0.0349563 0.0196636 0.0742924 0.870988 9.9991E-05
9.997E-05 9.997E-05 0.9996 9.997E-05 9.997E-05
0.193971 0.0728047 0.067607 0.665517 9.9991E-05
9.997E-05 9.997E-05 0.9996 9.997E-05 9.997E-05
9.997E-05 9.997E-05 0.9996 9.997E-05 9.997E-05
0.081993 9.9973E-05 0.917707 9.9973E-05 9.9973E-05
9.9982E-05 9.9982E-05 0.779232 0.201678 0.0188906
9.997E-05 9.997E-05 0.9996 9.997E-05 9.997E-05
9.9973E-05 9.9973E-05 0.84139 0.15831 9.9973E-05
9.9973E-05 0.0214417 0.978258 9.9973E-05 9.9973E-05
9.9973E-05 9.9973E-05 0.977781 0.0219194 9.9973E-05
9.997E-05 9.997E-05 0.9996 9.997E-05 9.997E-05
9.997E-05 9.997E-05 0.9996 9.997E-05 9.997E-05
9.9973E-05 9.9973E-05 0.92378 0.0759204 9.9973E-05
0.0578498 0.066831 0.8352 0.0400195 9.9991E-05
0.00062765 0.0402683 0.882602 0.0713925 0.00510975
0.0374015 0.0122073 0.887314 0.0629771 9.9991E-05
9.9991E-05 0.077171 0.850652 0.0695513 0.00252612
0.0240268 0.0451458 0.803962 0.104382 0.0224833
0.0233841 0.00242139 0.964198 0.00989667 9.9991E-05
0.0766402 0.258336 0.052359 0.590739 0.021926
0.0785611 0.252324 0.0470219 0.612343 0.00975073
0.0837989 0.320524 0.0973195 0.480398 0.0179595
0.0780469 0.311363 0.0687884 0.511333 0.0304686
0.224361 0.291221 0.0601506 0.424168 9.9991E-05
0.278564 0.41287 0.0873689 0.221096 9.9991E-05
0.232207 0.327701 0.0779327 0.362059 9.9991E-05
0.280603 0.41114 0.0929962 0.215161 9.9991E-05
0.258151 0.360918 0.0898332 0.290997 9.9991E-05
0.259428 0.334806 0.0572623 0.348404 9.9991E-05
0.219519 0.322772 0.0703896 0.38722 9.9991E-05
0.218634 0.309499 0.0230802 0.411256 0.0375302
0.194288 0.279811 0.0902707 0.43553 9.9991E-05
9.997E-05 0.9996 9.997E-05 9.997E-05 9.997E-05
9.997E-05 0.9996 9.997E-05 9.997E-05 9.997E-05
9.997E-05 0.9996 9.997E-05 9.997E-05 9.997E-05
9.997E-05 0.9996 9.997E-05 9.997E-05 9.997E-05
9.997E-05 0.9996 9.997E-05 9.997E-05 9.997E-05
0.00182333 0.914539 9.9982E-05 0.0834378 9.9982E-05
9.997E-05 0.9996 9.997E-05 9.997E-05 9.997E-05
9.997E-05 0.9996 9.997E-05 9.997E-05 9.997E-05
9.9973E-05 0.942395 0.0573052 9.9973E-05 9.9973E-05
9.9982E-05 0.945861 0.0262656 0.0276733 9.9982E-05
9.997E-05 0.9996 9.997E-05 9.997E-05 9.997E-05
9.997E-05 0.9996 9.997E-05 9.997E-05 9.997E-05
