9.98921E-05 9.98921E-05 9.98921E-05 9.98921E-05 0.998801 9.98921E-05 9.98921E-05 9.98921E-05 9.98921E-05 9.98921E-05 9.98921E-05 9.98921E-05 9.98921E-05
9.9946E-05 9.9946E-05 0.728805 9.9946E-05 0.0125724 9.9946E-05 9.9946E-05 0.00883607 9.9946E-05 0.0599282 0.0749468 0.067119 0.0471932
9.9892E-05 9.9892E-05 9.9892E-05 9.9892E-05 9.9892E-05 9.9892E-05 9.9892E-05 9.9892E-05 9.9892E-05 0.998801 9.9892E-05 9.9892E-05 9.9892E-05
0.0637931 0.0618578 9.9946E-05 9.9946E-05 9.9946E-05 9.9946E-05 0.00588206 0.0623496 9.9946E-05 0.75709 0.0172428 0.0311851 9.9946E-05
9.99011E-05 0.0245746 9.99011E-05 9.99011E-05 9.99011E-05 9.99011E-05 9.99011E-05 9.99011E-05 9.99011E-05 9.99011E-05 0.974326 9.99011E-05 9.99011E-05
9.99101E-05 9.99101E-05 0.897213 9.99101E-05 0.0554303 9.99101E-05 0.0463581 9.99101E-05 9.99101E-05 9.99101E-05 9.99101E-05 9.99101E-05 9.99101E-05
9.99011E-05 9.99011E-05 0.995205 0.0036964 9.99011E-05 9.99011E-05 9.99011E-05 9.99011E-05 9.99011E-05 9.99011E-05 9.99011E-05 9.99011E-05 9.99011E-05
9.99011E-05 9.99011E-05 9.99011E-05 9.99011E-05 9.99011E-05 9.99011E-05 9.99011E-05 9.99011E-05 9.99011E-05 9.99011E-05 0.981617 0.0172843 9.99011E-05
9.9946E-05 9.9946E-05 0.0598986 0.16695 0.0736763 9.9946E-05 0.0417656 9.9946E-05 9.9946E-05 0.42716 0.216668 9.9946E-05 0.0132821
9.9892E-05 9.9892E-05 9.9892E-05 9.9892E-05 9.9892E-05 9.9892E-05 9.9892E-05 9.9892E-05 9.9892E-05 9.9892E-05 9.9892E-05 0.998801 9.9892E-05
9.99011E-05 0.919369 9.99011E-05 9.99011E-05 9.99011E-05 9.99011E-05 0.0795322 9.99011E-05 9.99011E-05 9.99011E-05 9.99011E-05 9.99011E-05 9.99011E-05
9.98936E-05 9.98936E-05 9.98936E-05 9.98936E-05 9.98936E-05 9.98936E-05 9.98936E-05 9.98936E-05 0.998801 9.98936E-05 9.98936E-05 9.98936E-05 9.98936E-05
9.991E-05 9.991E-05 9.991E-05 9.991E-05 0.025729 9.991E-05 9.991E-05 9.991E-05 0.944423 0.0288489 9.991E-05 9.991E-05 9.991E-05
9.98921E-05 9.98921E-05 9.98921E-05 9.98921E-05 9.98921E-05 0.998801 9.98921E-05 9.98921E-05 9.98921E-05 9.98921E-05 9.98921E-05 9.98921E-05 9.98921E-05
9.9946E-05 0.715982 0.0693114 9.9946E-05 9.9946E-05 0.0259814 9.9946E-05 0.03323 0.129239 0.003532 9.9946E-05 0.0221239 9.9946E-05
0.442773 0.0108997 9.9928E-05 9.9928E-05 0.0188727 9.9928E-05 0.0801755 9.9928E-05 0.44648 9.9928E-05 9.9928E-05 9.9928E-05 9.9928E-05
9.991E-05 0.00339046 9.991E-05 9.991E-05 9.991E-05 9.991E-05 0.935099 9.991E-05 0.0605116 9.991E-05 9.991E-05 9.991E-05 9.991E-05
0.873922 9.9919E-05 9.9919E-05 9.9919E-05 9.9919E-05 0.0421466 0.0258138 9.9919E-05 9.9919E-05 9.9919E-05 9.9919E-05 9.9919E-05 0.0572188
9.9946E-05 0.417535 9.9946E-05 0.174655 0.0173474 0.261871 0.0850661 0.00834161 0.034584 9.9946E-05 9.9946E-05 9.9946E-05 9.9946E-05
0.0919296 0.010858 9.9955E-05 0.0260002 9.9955E-05 0.0811732 0.474366 9.9955E-05 0.165216 0.148465 0.00149257 9.9955E-05 9.9955E-05
0.0122337 0.0818115 9.9964E-05 9.9964E-05 0.0228549 0.0710573 0.514425 9.9964E-05 0.0767546 0.0289738 9.9964E-05 0.0925198 0.0989699
0.984756 9.9901E-05 9.9901E-05 9.9901E-05 9.9901E-05 9.9901E-05 9.9901E-05 9.9901E-05 9.9901E-05 9.9901E-05 0.0141447 9.9901E-05 9.9901E-05
0.0434319 9.99011E-05 9.99011E-05 9.99011E-05 9.99011E-05 0.955469 9.99011E-05 9.99011E-05 9.99011E-05 9.99011E-05 9.99011E-05 9.99011E-05 9.99011E-05
9.98921E-05 9.98921E-05 9.98921E-05 9.98921E-05 9.98921E-05 9.98921E-05 0.998801 9.98921E-05 9.98921E-05 9.98921E-05 9.98921E-05 9.98921E-05 9.98921E-05
9.9946E-05 0.54515 0.0117461 9.9946E-05 9.9946E-05 0.302834 0.00663793 9.9946E-05 0.060533 9.9946E-05 9.9946E-05 0.00105443 0.0714454
9.9937E-05 9.9937E-05 0.0476133 0.0361207 0.0295493 0.538769 9.9937E-05 9.9937E-05 0.213189 9.9937E-05 9.9937E-05 9.9937E-05 0.134059
0.0688765 0.740897 9.9919E-05 0.179811 9.9919E-05 9.9919E-05 0.00951644 9.9919E-05 9.9919E-05 9.9919E-05 9.9919E-05 9.9919E-05 9.9919E-05
0.0173043 0.601947 9.9955E-05 9.9955E-05 0.00208598 0.01563 9.9955E-05 9.9955E-05 0.00918929 0.0101946 0.0435907 9.9955E-05 0.299558
0.00712222 0.644113 0.0582126 9.9937E-05 9.9937E-05 9.9937E-05 9.9937E-05 9.9937E-05 0.100239 9.9937E-05 9.9937E-05 0.0179422 0.171671
9.98921E-05 0.998801 9.98921E-05 9.98921E-05 9.98921E-05 9.98921E-05 9.98921E-05 9.98921E-05 9.98921E-05 9.98921E-05 9.98921E-05 9.98921E-05 9.98921E-05
9.99101E-05 9.99101E-05 9.99101E-05 0.448918 9.99101E-05 9.99101E-05 9.99101E-05 9.99101E-05 9.99101E-05 0.311367 9.99101E-05 9.99101E-05 0.238716
0.0876319 9.9928E-05 9.9928E-05 0.449997 9.9928E-05 9.9928E-05 9.9928E-05 9.9928E-05 0.0182749 0.270332 9.9928E-05 9.9928E-05 0.172964
0.147949 0.209587 9.9928E-05 0.526731 9.9928E-05 9.9928E-05 9.9928E-05 9.9928E-05 9.9928E-05 0.00550793 9.9928E-05 9.9928E-05 0.109426
9.9928E-05 0.0357238 0.0490661 0.792754 9.9928E-05 9.9928E-05 0.120595 9.9928E-05 9.9928E-05 9.9928E-05 0.00106184 9.9928E-05 9.9928E-05
0.0497693 0.423091 9.9955E-05 0.39643 9.9955E-05 0.0649975 9.9955E-05 0.00682911 9.9955E-05 0.0213905 0.00327744 9.9955E-05 0.033716
0.105488 9.9937E-05 9.9937E-05 0.755533 0.0642112 9.9937E-05 9.9937E-05 0.00935341 0.0159276 0.0487864 9.9937E-05 9.9937E-05 9.9937E-05
0.19997 9.9955E-05 9.9955E-05 0.371566 0.0358415 9.9955E-05 9.9955E-05 0.0280233 0.0357656 0.0297928 0.25878 9.9955E-05 0.0397606
9.9937E-05 0.0819988 9.9937E-05 0.571862 0.0698253 0.0544675 0.110757 9.9937E-05 9.9937E-05 9.9937E-05 9.9937E-05 9.9937E-05 0.110389
0.212373 0.0553331 9.9937E-05 0.661161 9.9937E-05 0.00717253 9.9937E-05 0.0249113 9.9937E-05 0.0383496 9.9937E-05 9.9937E-05 9.9937E-05
0.147481 0.243826 9.9937E-05 0.321681 0.0172791 9.9937E-05 9.9937E-05 0.0230417 9.9937E-05 9.9937E-05 9.9937E-05 9.9937E-05 0.245991
9.9946E-05 9.9946E-05 0.10685 0.757853 9.9946E-05 9.9946E-05 0.0480621 0.0095687 9.9946E-05 0.0205667 0.00104133 9.9946E-05 0.0554588
0.00847332 0.0765541 9.9964E-05 0.190189 0.0937879 9.9964E-05 9.9964E-05 9.9964E-05 0.0640944 0.055113 0.0461382 0.0516193 0.41363
0.00647262 0.157041 9.9955E-05 0.535207 9.9955E-05 0.0327536 9.9955E-05 9.9955E-05 0.00753621 0.0121889 0.0605555 9.9955E-05 0.187746
9.9955E-05 0.225772 0.0264985 0.651471 0.0076217 9.9955E-05 9.9955E-05 0.0211881 9.9955E-05 9.9955E-05 0.00874223 0.0553513 0.00285524
9.99371E-05 9.99371E-05 9.99371E-05 0.694255 0.0193299 0.0512522 9.99371E-05 9.99371E-05 9.99371E-05 0.00740351 9.99371E-05 0.119308 0.107751
9.9928E-05 0.00825732 0.0276755 0.739601 9.9928E-05 9.9928E-05 9.9928E-05 9.9928E-05 0.114237 9.9928E-05 9.9928E-05 9.9928E-05 0.109429
9.99191E-05 9.99191E-05 9.99191E-05 0.77123 9.99191E-05 9.99191E-05 0.100204 0.0227431 9.99191E-05 9.99191E-05 9.99191E-05 9.99191E-05 0.104923
9.99011E-05 9.99011E-05 9.99011E-05 0.84241 9.99011E-05 9.99011E-05 9.99011E-05 9.99011E-05 9.99011E-05 9.99011E-05 9.99011E-05 9.99011E-05 0.156491
9.9937E-05 0.238711 9.9937E-05 0.55559 9.9937E-05 9.9937E-05 9.9937E-05 9.9937E-05 0.0159843 0.0340344 0.116209 9.9937E-05 0.0387707
9.996E-05 0.0358046 9.996E-05 0.624693 0.0101482 0.0286814 9.996E-05 9.996E-05 0.0101788 0.0185411 0.0885672 0.050503 0.132483
0.0503285 9.9928E-05 9.9928E-05 0.633396 9.9928E-05 0.017932 9.9928E-05 9.9928E-05 9.9928E-05 9.9928E-05 0.00666951 9.9928E-05 0.290875
9.99011E-05 9.99011E-05 9.99011E-05 0.937362 0.0615393 9.99011E-05 9.99011E-05 9.99011E-05 9.99011E-05 9.99011E-05 9.99011E-05 9.99011E-05 9.99011E-05
9.99101E-05 9.99101E-05 9.99101E-05 0.717057 0.0824362 9.99101E-05 9.99101E-05 9.99101E-05 9.99101E-05 9.99101E-05 9.99101E-05 9.99101E-05 0.199508
0.0352352 9.9928E-05 9.9928E-05 0.754696 0.0101813 9.9928E-05 0.0158642 9.9928E-05 9.9928E-05 9.9928E-05 9.9928E-05 9.9928E-05 0.183224
9.9901E-05 9.9901E-05 9.9901E-05 0.963208 9.9901E-05 9.9901E-05 9.9901E-05 9.9901E-05 0.035693 9.9901E-05 9.9901E-05 9.9901E-05 9.9901E-05
9.9928E-05 9.9928E-05 9.9928E-05 0.627226 9.9928E-05 9.9928E-05 9.9928E-05 0.0716541 0.0166801 9.9928E-05 9.9928E-05 0.0978103 0.18583
9.9937E-05 0.0389507 9.9937E-05 9.9937E-05 9.9937E-05 9.9937E-05 0.0163927 0.0279131 9.9937E-05 0.0477832 0.0106492 9.9937E-05 0.857612
0.0348334 0.0936563 0.0186966 0.0209723 9.9955E-05 9.9955E-05 9.9955E-05 9.9955E-05 0.0851249 0.0116336 0.0452282 9.9955E-05 0.689355
0.00476564 0.0135145 9.9946E-05 0.0582142 9.9946E-05 9.9946E-05 0.112218 9.9946E-05 9.9946E-05 0.0153588 9.9946E-05 0.0134308 0.781898
0.0238119 0.0937897 0.0274373 0.0736344 0.0138321 9.9955E-05 9.9955E-05 0.0057664 9.9955E-05 9.9955E-05 0.0903339 9.9955E-05 0.670894
0.00507554 9.9928E-05 9.9928E-05 0.0869769 9.9928E-05 9.9928E-05 0.055973 9.9928E-05 9.9928E-05 9.9928E-05 9.9928E-05 0.0423841 0.808791
9.9946E-05 0.0150562 0.0181593 0.182975 9.9946E-05 9.9946E-05 9.9946E-05 0.0918586 9.9946E-05 0.0686141 9.9946E-05 0.139597 0.483141
9.9937E-05 9.9937E-05 9.9937E-05 0.0297171 0.013678 9.9937E-05 9.9937E-05 9.9937E-05 0.0276513 9.9937E-05 0.0197834 0.047052 0.861419
9.99102E-05 9.99102E-05 0.00401516 9.99102E-05 9.99102E-05 9.99102E-05 9.99102E-05 0.0149522 9.99102E-05 9.99102E-05 9.99102E-05 9.99102E-05 0.980033
0.0686341 9.9919E-05 9.9919E-05 9.9919E-05 9.9919E-05 0.0576722 0.00414083 9.9919E-05 9.9919E-05 9.9919E-05 9.9919E-05 9.9919E-05 0.868654
9.99011E-05 9.99011E-05 9.99011E-05 9.99011E-05 9.99011E-05 9.99011E-05 9.99011E-05 9.99011E-05 0.0400321 9.99011E-05 9.99011E-05 9.99011E-05 0.958869
9.99101E-05 9.99101E-05 9.99101E-05 9.99101E-05 9.99101E-05 9.99101E-05 9.99101E-05 0.00614202 0.0140268 9.99101E-05 9.99101E-05 9.99101E-05 0.978832
0.0225168 0.0143593 9.9919E-05 9.9919E-05 9.9919E-05 0.0491541 9.9919E-05 9.9919E-05 9.9919E-05 9.9919E-05 9.9919E-05 9.9919E-05 0.913071
0.0644311 9.99101E-05 9.99101E-05 9.99101E-05 9.99101E-05 9.99101E-05 9.99101E-05 9.99101E-05 9.99101E-05 0.00875194 9.99101E-05 9.99101E-05 0.925818
9.99101E-05 9.99101E-05 9.99101E-05 9.99101E-05 9.99101E-05 0.0069926 9.99101E-05 9.99101E-05 9.99101E-05 0.00207135 9.99101E-05 9.99101E-05 0.989937
9.99012E-05 9.99012E-05 9.99012E-05 9.99012E-05 9.99012E-05 9.99012E-05 9.99012E-05 0.0109918 9.99012E-05 9.99012E-05 9.99012E-05 9.99012E-05 0.987909
9.99281E-05 9.99281E-05 0.143617 0.174492 9.99281E-05 9.99281E-05 9.99281E-05 0.00418837 9.99281E-05 9.99281E-05 0.0253512 9.99281E-05 0.651552
9.99191E-05 9.99191E-05 9.99191E-05 9.99191E-05 9.99191E-05 9.99191E-05 9.99191E-05 0.00283796 9.99191E-05 0.000746773 9.99191E-05 0.0275866 0.967929
0.00127636 9.9937E-05 9.9937E-05 0.158736 0.0347054 0.0774199 9.9937E-05 0.054699 9.9937E-05 9.9937E-05 9.9937E-05 9.9937E-05 0.672463
0.0180276 9.9946E-05 0.00619179 0.101283 9.9946E-05 0.0633428 9.9946E-05 0.516712 0.0137799 9.9946E-05 9.9946E-05 9.9946E-05 0.280063
9.9892E-05 9.9892E-05 9.9892E-05 9.9892E-05 9.9892E-05 9.9892E-05 9.9892E-05 0.998801 9.9892E-05 9.9892E-05 9.9892E-05 9.9892E-05 9.9892E-05
0.0122257 0.126831 9.9946E-05 0.0782226 0.0360363 9.9946E-05 9.9946E-05 0.0734118 9.9946E-05 0.0223543 9.9946E-05 9.9946E-05 0.650318
