9.99201E-05 9.99201E-05 0.999101 9.99201E-05 9.99201E-05 9.99201E-05 9.99201E-05 9.99201E-05 9.99201E-05 9.99201E-05
9.9946E-05 9.9946E-05 0.0682637 0.0349929 9.9946E-05 9.9946E-05 9.9946E-05 0.829563 0.0665809 9.9946E-05
9.9955E-05 9.9955E-05 0.0808325 0.0538305 9.9955E-05 9.9955E-05 9.9955E-05 0.815634 0.0455772 0.00362632
9.99201E-05 9.99201E-05 9.99201E-05 9.99201E-05 9.99201E-05 9.99201E-05 9.99201E-05 0.999101 9.99201E-05 9.99201E-05
9.9955E-05 9.9955E-05 0.014877 9.9955E-05 0.121008 0.0760048 9.9955E-05 0.639815 9.9955E-05 0.147795
9.9973E-05 0.0603079 0.0474398 0.0329703 0.0211443 9.9973E-05 0.111275 0.596687 9.9973E-05 0.129876
9.9946E-05 9.9946E-05 0.162886 9.9946E-05 9.9946E-05 9.9946E-05 0.0274172 0.545394 9.9946E-05 0.263703
9.9964E-05 9.9964E-05 0.151494 0.0530787 9.9964E-05 9.9964E-05 0.122034 0.526957 0.0144316 0.131605
9.9973E-05 9.9973E-05 0.106314 0.0377667 9.9973E-05 0.0483047 0.012974 0.498598 0.0098068 0.285937
9.99281E-05 9.99281E-05 0.996003 0.0031974 9.99281E-05 9.99281E-05 9.99281E-05 9.99281E-05 9.99281E-05 9.99281E-05
9.99201E-05 9.99201E-05 0.999101 9.99201E-05 9.99201E-05 9.99201E-05 9.99201E-05 9.99201E-05 9.99201E-05 9.99201E-05
9.99201E-05 9.99201E-05 0.999101 9.99201E-05 9.99201E-05 9.99201E-05 9.99201E-05 9.99201E-05 9.99201E-05 9.99201E-05
9.99201E-05 9.99201E-05 0.999101 9.99201E-05 9.99201E-05 9.99201E-05 9.99201E-05 9.99201E-05 9.99201E-05 9.99201E-05
9.9946E-05 9.9946E-05 0.877128 9.9946E-05 0.0135156 9.9946E-05 0.0460392 9.9946E-05 9.9946E-05 0.0627172
0.00795325 9.9955E-05 0.899193 9.9955E-05 0.0383325 9.9955E-05 9.9955E-05 0.0435333 0.0104878 9.9955E-05
9.9964E-05 9.9964E-05 0.0539461 0.0169759 9.9964E-05 0.0871395 0.255581 0.5173 9.9964E-05 0.0686581
0.0426274 9.9982E-05 0.144483 0.106712 0.0809928 9.9982E-05 0.177711 0.337224 0.0226305 0.0874185
9.9937E-05 0.0244261 9.9937E-05 9.9937E-05 9.9937E-05 0.000751866 9.9937E-05 0.974123 9.9937E-05 9.9937E-05
9.9946E-05 9.9946E-05 9.9946E-05 9.9946E-05 0.041816 0.00878729 9.9946E-05 0.053168 9.9946E-05 0.895629
9.99371E-05 9.99371E-05 9.99371E-05 0.00415908 0.0322826 9.99371E-05 9.99371E-05 9.99371E-05 9.99371E-05 0.962859
9.9955E-05 0.0244783 0.00901547 9.9955E-05 9.9955E-05 0.0619688 9.9955E-05 0.156688 9.9955E-05 0.74735
9.9955E-05 9.9955E-05 9.9955E-05 0.0554633 0.0873432 9.9955E-05 0.0420876 0.10522 9.9955E-05 0.709386
9.9964E-05 9.9964E-05 9.9964E-05 0.0155654 0.0660074 0.00707172 9.9964E-05 0.0332875 0.0262989 0.851369
0.00971366 9.9955E-05 0.0259976 0.00267334 0.0037689 9.9955E-05 9.9955E-05 9.9955E-05 9.9955E-05 0.957347
9.99281E-05 9.99281E-05 0.00264841 9.99281E-05 9.99281E-05 9.99281E-05 9.99281E-05 9.99281E-05 9.99281E-05 0.996552
0.062808 0.131652 0.000771671 9.9964E-05 9.9964E-05 0.0162754 0.081541 9.9964E-05 9.9964E-05 0.706552
9.9946E-05 9.9946E-05 9.9946E-05 0.0710267 9.9946E-05 0.0642013 0.0288429 9.9946E-05 9.9946E-05 0.835329
9.9946E-05 9.9946E-05 9.9946E-05 0.00442859 9.9946E-05 9.9946E-05 0.0564282 0.0384419 9.9946E-05 0.900102
0.0324621 0.107073 0.0363005 9.9973E-05 0.00426506 0.0126486 9.9973E-05 0.0213234 9.9973E-05 0.785628
9.9964E-05 0.0893183 0.0590312 0.00236799 9.9964E-05 9.9964E-05 9.9964E-05 0.122444 0.00379486 0.722643
9.99371E-05 9.99371E-05 0.0486264 9.99371E-05 0.0313654 9.99371E-05 9.99371E-05 9.99371E-05 9.99371E-05 0.919309
0.046816 0.00285923 9.9964E-05 0.0015552 9.9964E-05 0.0362383 0.0650464 9.9964E-05 9.9964E-05 0.847085
9.9964E-05 0.114183 9.9964E-05 0.0566552 0.0161984 0.0729081 9.9964E-05 9.9964E-05 0.00215201 0.737503
0.118419 0.0757376 0.0628234 0.0737089 9.9991E-05 0.0318107 0.0252787 0.017374 0.0011476 0.5936
0.00583443 9.9955E-05 9.9955E-05 0.0128374 0.165147 9.9955E-05 9.9955E-05 0.0719178 9.9955E-05 0.743763
9.9946E-05 9.9946E-05 0.040689 9.9946E-05 9.9946E-05 0.00131993 9.9946E-05 0.139299 9.9946E-05 0.818093
9.9955E-05 0.178666 9.9955E-05 0.00462658 0.0312926 9.9955E-05 0.250611 9.9955E-05 9.9955E-05 0.534305
9.9955E-05 0.262805 9.9955E-05 9.9955E-05 0.0633527 0.0733232 9.9955E-05 0.0834809 9.9955E-05 0.516539
9.999E-05 0.169609 0.0105636 0.0579531 0.0100043 0.0770601 0.103467 0.0194342 0.0188954 0.532914
9.9955E-05 0.319477 0.0121591 9.9955E-05 9.9955E-05 0.0494495 0.00765226 9.9955E-05 9.9955E-05 0.610762
0.103718 0.12359 9.9973E-05 0.00354596 9.9973E-05 0.0194213 0.576876 0.111648 0.0609014 9.9973E-05
0.0425743 0.0879871 9.9982E-05 0.0157215 0.0455363 0.0703443 0.57963 0.105422 0.0525846 9.9982E-05
0.0906858 9.9973E-05 9.9973E-05 0.0273397 0.0588455 9.9973E-05 0.486305 0.171966 0.0579049 0.106653
0.0773413 0.0749536 9.9973E-05 0.0226151 9.9973E-05 0.00233313 0.661415 0.118441 0.0426005 9.9973E-05
0.0189129 0.198628 9.9973E-05 0.0418926 9.9973E-05 0.0891967 0.408144 0.0164832 9.9973E-05 0.226442
9.99201E-05 9.99201E-05 9.99201E-05 9.99201E-05 9.99201E-05 9.99201E-05 0.999101 9.99201E-05 9.99201E-05 9.99201E-05
9.99201E-05 9.99201E-05 9.99201E-05 9.99201E-05 9.99201E-05 9.99201E-05 0.999101 9.99201E-05 9.99201E-05 9.99201E-05
0.046262 0.0139689 9.9973E-05 0.0406714 0.0318131 0.0584317 0.370626 9.9973E-05 9.9973E-05 0.437927
0.0919597 0.124504 0.0579289 0.0621737 0.0186861 0.0861985 0.349469 0.0491582 9.9991E-05 0.159821
0.059882 0.0304343 0.0715962 0.0192956 0.000658548 9.9991E-05 0.312059 0.193947 0.0369798 0.275048
9.9973E-05 0.258774 0.0401199 0.0421942 9.9973E-05 0.0295728 0.315717 9.9973E-05 0.00366615 0.309656
0.0334398 0.122706 9.9982E-05 0.0318074 0.0153294 0.0478695 0.556312 0.00396926 9.9982E-05 0.188367
9.9973E-05 9.9973E-05 0.0124564 0.0107302 0.00977866 0.0460139 0.861685 0.0388773 9.9973E-05 0.0201583
9.9973E-05 0.416518 0.0524078 0.00605548 0.0604772 0.0381942 0.231925 9.9973E-05 9.9973E-05 0.194122
0.0321197 0.43315 0.060797 9.9982E-05 0.0213833 0.00624272 0.20175 9.9982E-05 0.000848764 0.243509
0.10743 0.0502506 9.9973E-05 0.100014 9.9973E-05 9.9973E-05 0.514783 0.0965755 0.00982726 0.120819
0.0383463 0.220346 0.0592983 0.0498533 9.9982E-05 0.0728459 0.343035 0.0246627 9.9982E-05 0.191413
0.0808098 0.0584347 9.9991E-05 0.0111223 0.0280651 0.129082 0.413705 0.0372207 0.0468727 0.194588
9.9928E-05 9.9928E-05 9.9928E-05 9.9928E-05 9.9928E-05 0.0389184 0.960282 9.9928E-05 9.9928E-05 9.9928E-05
0.0063458 0.223484 0.0425066 0.0269856 9.9991E-05 0.0880193 0.282489 0.0155462 0.000738945 0.313784
0.112526 9.9955E-05 9.9955E-05 9.9955E-05 0.0100454 0.115118 0.575819 9.9955E-05 9.9955E-05 0.185992
0.0660835 0.173181 0.0114036 9.9973E-05 0.0128869 0.090817 0.532827 9.9973E-05 9.9973E-05 0.112501
0.0188319 0.16064 0.0198196 0.0635942 0.0512078 0.0386935 0.487788 9.9991E-05 0.0416913 0.117634
0.111721 9.9946E-05 9.9946E-05 9.9946E-05 0.0382426 9.9946E-05 0.811781 9.9946E-05 0.0376566 9.9946E-05
0.0637153 0.135212 0.00487866 9.9973E-05 9.9973E-05 0.0721413 0.577026 0.0347806 9.9973E-05 0.111946
0.0187082 9.9946E-05 9.9946E-05 0.0418592 0.0616775 9.9946E-05 0.877155 9.9946E-05 9.9946E-05 9.9946E-05
9.9946E-05 0.351681 9.9946E-05 9.9946E-05 9.9946E-05 0.0115639 0.626434 9.9946E-05 0.00972185 9.9946E-05
0.0226668 9.9955E-05 9.9955E-05 0.0306259 0.120792 9.9955E-05 0.778958 9.9955E-05 0.046458 9.9955E-05
0.0107935 0.150418 9.9991E-05 0.0453551 0.0021 0.0246285 0.463703 0.1121 0.027434 0.163367
0.00310549 9.9955E-05 9.9955E-05 0.0299276 0.0458084 9.9955E-05 0.910512 9.9955E-05 0.0101465 9.9955E-05
0.0354399 0.11371 0.0552337 0.0593948 9.9982E-05 9.9982E-05 0.570674 0.0478458 0.0597102 0.0577916
0.0353297 0.337927 9.9973E-05 9.9973E-05 9.9973E-05 0.0166545 0.494369 0.0163316 0.0315003 0.0675881
9.9973E-05 0.116178 0.0574486 0.0186199 0.015456 0.0038797 0.733443 9.9973E-05 9.9973E-05 0.0546751
9.9964E-05 0.131816 0.0546327 0.0127469 9.9964E-05 0.081379 0.717959 9.9964E-05 9.9964E-05 0.00106658
0.0717406 0.342243 0.0398224 9.9973E-05 0.00710822 0.00944547 0.442277 9.9973E-05 9.9973E-05 0.087063
9.9964E-05 0.222666 0.0154902 9.9964E-05 0.00830775 0.101502 0.623204 9.9964E-05 9.9964E-05 0.0284295
9.9937E-05 0.198893 9.9937E-05 9.9937E-05 9.9937E-05 9.9937E-05 0.741567 9.9937E-05 0.0588411 9.9937E-05
0.0233457 0.303652 9.9964E-05 9.9964E-05 0.067883 9.9964E-05 0.418066 0.11195 0.0747031 9.9964E-05
9.99371E-05 0.928834 9.99371E-05 0.00469656 9.99371E-05 9.99371E-05 9.99371E-05 0.0657697 9.99371E-05 9.99371E-05
9.9928E-05 0.989529 9.9928E-05 9.9928E-05 9.9928E-05 9.9928E-05 0.00967176 9.9928E-05 9.9928E-05 9.9928E-05
9.99281E-05 0.988398 0.0108023 9.99281E-05 9.99281E-05 9.99281E-05 9.99281E-05 9.99281E-05 9.99281E-05 9.99281E-05
9.99281E-05 0.997976 9.99281E-05 0.00122466 9.99281E-05 9.99281E-05 9.99281E-05 9.99281E-05 9.99281E-05 9.99281E-05
9.99201E-05 0.999101 9.99201E-05 9.99201E-05 9.99201E-05 9.99201E-05 9.99201E-05 9.99201E-05 9.99201E-05 9.99201E-05
0.0627354 0.60462 9.9973E-05 9.9973E-05 9.9973E-05 0.032996 0.0533551 0.0892303 0.0629344 0.0938286
0.0232472 0.625101 9.9973E-05 9.9973E-05 0.0128968 0.0178439 0.118876 0.117527 0.0842079 9.9973E-05
0.0364419 0.563635 9.9973E-05 0.0809287 9.9973E-05 0.0273198 0.084109 0.132816 0.07445 9.9973E-05
0.0411577 0.489532 0.0054023 0.0595865 9.9991E-05 0.0360038 0.115361 0.124673 0.0217129 0.10647
0.0523565 0.563591 0.0224377 9.9982E-05 9.9982E-05 0.0984142 0.0823167 0.0338143 0.0448707 0.101999
0.0314276 0.535072 9.9991E-05 0.0594547 0.028662 0.047088 0.0850043 0.0843763 0.0890583 0.039757
0.108639 0.310869 0.0101458 0.083937 9.9982E-05 0.120986 0.16658 9.9982E-05 0.108867 0.089777
0.0727581 0.183475 0.00238491 0.0439351 0.206542 9.9982E-05 0.257312 0.149828 0.0835646 9.9982E-05
0.0950457 0.229246 9.9973E-05 0.0404758 0.15795 9.9973E-05 0.24983 0.164204 0.0629481 9.9973E-05
0.0353328 0.360885 0.019475 0.0779009 9.9982E-05 0.147993 0.130815 9.9982E-05 0.173915 0.0534837
0.00384601 0.0300102 9.9937E-05 9.9937E-05 9.9937E-05 9.9937E-05 9.9937E-05 9.9937E-05 0.965444 9.9937E-05
0.0302233 9.9955E-05 0.0356962 9.9955E-05 9.9955E-05 9.9955E-05 0.00459633 9.9955E-05 0.924189 0.00479524
9.9955E-05 0.00670066 9.9955E-05 9.9955E-05 0.0569039 0.013055 0.048123 9.9955E-05 0.874718 9.9955E-05
9.99281E-05 9.99281E-05 9.99281E-05 0.00797648 9.99281E-05 9.99281E-05 9.99281E-05 9.99281E-05 0.991224 9.99281E-05
9.99201E-05 9.99201E-05 9.99201E-05 9.99201E-05 9.99201E-05 9.99201E-05 9.99201E-05 9.99201E-05 0.999101 9.99201E-05
9.99201E-05 9.99201E-05 9.99201E-05 9.99201E-05 9.99201E-05 9.99201E-05 9.99201E-05 9.99201E-05 0.999101 9.99201E-05
9.99201E-05 9.99201E-05 9.99201E-05 9.99201E-05 9.99201E-05 9.99201E-05 9.99201E-05 9.99201E-05 0.999101 9.99201E-05
9.99461E-05 0.0167954 9.99461E-05 9.99461E-05 0.0384329 9.99461E-05 9.99461E-05 0.0472409 0.896931 9.99461E-05
9.99371E-05 9.99371E-05 9.99371E-05 0.00632078 9.99371E-05 0.00701338 9.99371E-05 9.99371E-05 0.985966 9.99371E-05
9.99201E-05 9.99201E-05 9.99201E-05 9.99201E-05 9.99201E-05 9.99201E-05 9.99201E-05 9.99201E-05 0.999101 9.99201E-05
0.264028 0.375051 0.0114316 0.0613757 0.0340036 0.0835024 9.9982E-05 9.9982E-05 0.0578127 0.112595
0.012259 9.9973E-05 0.0076817 9.9973E-05 0.0132688 0.0612948 0.0298107 9.9973E-05 0.866037 0.00934753
9.99281E-05 9.99281E-05 9.99281E-05 9.99281E-05 9.99281E-05 0.00759368 9.99281E-05 9.99281E-05 0.991607 9.99281E-05
9.99281E-05 9.99281E-05 9.99281E-05 9.99281E-05 0.0227545 9.99281E-05 9.99281E-05 9.99281E-05 0.976446 9.99281E-05
0.00364735 0.994971 9.9937E-05 9.9937E-05 9.9937E-05 0.000681686 9.9937E-05 9.9937E-05 9.9937E-05 9.9937E-05
9.99201E-05 0.999101 9.99201E-05 9.99201E-05 9.99201E-05 9.99201E-05 9.99201E-05 9.99201E-05 9.99201E-05 9.99201E-05
9.99201E-05 0.999101 9.99201E-05 9.99201E-05 9.99201E-05 9.99201E-05 9.99201E-05 9.99201E-05 9.99201E-05 9.99201E-05
9.99201E-05 0.999101 9.99201E-05 9.99201E-05 9.99201E-05 9.99201E-05 9.99201E-05 9.99201E-05 9.99201E-05 9.99201E-05
0.0969102 0.846597 9.9964E-05 9.9964E-05 0.0107206 0.0267194 9.9964E-05 9.9964E-05 0.0171289 0.00152413
0.0555991 0.794764 9.9946E-05 9.9946E-05 0.0534878 9.9946E-05 9.9946E-05 9.9946E-05 9.9946E-05 0.0955496
0.0400258 0.800235 0.0101063 0.0145458 0.0453313 0.00694856 9.9982E-05 9.9982E-05 0.0333011 0.049306
0.0755975 0.849299 9.9946E-05 9.9946E-05 0.0610332 9.9946E-05 9.9946E-05 9.9946E-05 0.0134708 9.9946E-05
9.9946E-05 0.79644 9.9946E-05 0.0624626 0.0571354 9.9946E-05 9.9946E-05 9.9946E-05 0.083362 9.9946E-05
0.00519974 0.876602 9.9955E-05 0.0286715 0.0444993 9.9955E-05 9.9955E-05 9.9955E-05 0.0445279 9.9955E-05
0.0384063 0.770543 9.9964E-05 0.0308901 9.9964E-05 0.0379142 9.9964E-05 9.9964E-05 0.0429815 0.0788652
0.00795704 0.766224 9.9964E-05 0.00465688 0.131524 0.0131353 9.9964E-05 9.9964E-05 0.0761027 9.9964E-05
0.0779465 0.770454 0.0135188 0.0532669 0.0432628 0.0176566 0.0235941 9.9973E-05 9.9973E-05 9.9973E-05
0.0769276 0.75316 9.9973E-05 9.9973E-05 0.0110322 0.036642 0.0640323 0.00983568 0.0480703 9.9973E-05
0.934603 9.9946E-05 9.9946E-05 0.0139175 9.9946E-05 0.0276749 9.9946E-05 9.9946E-05 9.9946E-05 0.023205
0.864737 9.9964E-05 0.0112192 9.9964E-05 0.0208189 0.0657712 9.9964E-05 0.007661 0.0293929 9.9964E-05
0.999101 9.99201E-05 9.99201E-05 9.99201E-05 9.99201E-05 9.99201E-05 9.99201E-05 9.99201E-05 9.99201E-05 9.99201E-05
0.97582 9.9937E-05 9.9937E-05 0.00521048 9.9937E-05 9.9937E-05 0.0182703 9.9937E-05 9.9937E-05 9.9937E-05
0.999101 9.99201E-05 9.99201E-05 9.99201E-05 9.99201E-05 9.99201E-05 9.99201E-05 9.99201E-05 9.99201E-05 9.99201E-05
0.990475 9.9928E-05 9.9928E-05 9.9928E-05 9.9928E-05 9.9928E-05 9.9928E-05 9.9928E-05 0.00872562 9.9928E-05
0.997165 9.99281E-05 9.99281E-05 9.99281E-05 9.99281E-05 9.99281E-05 0.00203588 9.99281E-05 9.99281E-05 9.99281E-05
0.744814 9.9955E-05 0.0308222 9.9955E-05 0.104931 0.0499246 0.0690078 9.9955E-05 9.9955E-05 9.9955E-05
0.999101 9.99201E-05 9.99201E-05 9.99201E-05 9.99201E-05 9.99201E-05 9.99201E-05 9.99201E-05 9.99201E-05 9.99201E-05
0.999101 9.99201E-05 9.99201E-05 9.99201E-05 9.99201E-05 9.99201E-05 9.99201E-05 9.99201E-05 9.99201E-05 9.99201E-05
0.862548 9.9955E-05 0.000842 9.9955E-05 0.0595084 9.9955E-05 9.9955E-05 0.0561153 0.0204863 9.9955E-05
0.969952 9.99281E-05 9.99281E-05 9.99281E-05 9.99281E-05 0.0292483 9.99281E-05 9.99281E-05 9.99281E-05 9.99281E-05
0.716914 0.075061 9.9955E-05 0.0674721 0.0789669 9.9955E-05 0.0610859 9.9955E-05 9.9955E-05 9.9955E-05
9.99201E-05 9.99201E-05 9.99201E-05 0.999101 9.99201E-05 9.99201E-05 9.99201E-05 9.99201E-05 9.99201E-05 9.99201E-05
0.0944999 0.597401 9.9973E-05 0.0576814 0.0150329 9.9973E-05 0.0441975 0.0897663 0.101121 9.9973E-05
9.99201E-05 9.99201E-05 9.99201E-05 0.999101 9.99201E-05 9.99201E-05 9.99201E-05 9.99201E-05 9.99201E-05 9.99201E-05
9.99201E-05 9.99201E-05 9.99201E-05 0.999101 9.99201E-05 9.99201E-05 9.99201E-05 9.99201E-05 9.99201E-05 9.99201E-05
9.99371E-05 9.99371E-05 9.99371E-05 0.935916 0.0402299 9.99371E-05 9.99371E-05 9.99371E-05 0.0231544 9.99371E-05
0.0540794 0.0464298 9.9973E-05 0.75263 9.9973E-05 0.0462363 0.0496595 9.9973E-05 0.00616056 0.044505
9.99201E-05 9.99201E-05 9.99201E-05 0.999101 9.99201E-05 9.99201E-05 9.99201E-05 9.99201E-05 9.99201E-05 9.99201E-05
0.0204898 0.0670424 9.9964E-05 0.817834 0.0229668 9.9964E-05 0.0480401 9.9964E-05 9.9964E-05 0.0232271
9.99281E-05 9.99281E-05 9.99281E-05 0.988844 9.99281E-05 9.99281E-05 9.99281E-05 0.0103562 9.99281E-05 9.99281E-05
9.99461E-05 9.99461E-05 9.99461E-05 0.966895 9.99461E-05 0.000634098 0.0191425 9.99461E-05 9.99461E-05 0.0127283
9.99201E-05 9.99201E-05 9.99201E-05 0.999101 9.99201E-05 9.99201E-05 9.99201E-05 9.99201E-05 9.99201E-05 9.99201E-05
9.99281E-05 9.99281E-05 9.99281E-05 0.998049 9.99281E-05 9.99281E-05 9.99281E-05 9.99281E-05 9.99281E-05 0.00115189
0.0163618 0.00412285 0.0109445 0.96006 9.9955E-05 9.9955E-05 9.9955E-05 9.9955E-05 0.00801078 9.9955E-05
0.0540981 0.0111727 9.9973E-05 0.768884 9.9973E-05 0.0638531 0.0100892 0.0566916 0.034911 9.9973E-05
9.9973E-05 0.0118825 0.00415324 0.940063 0.0342924 0.000242043 0.00102118 9.9973E-05 0.00804611 9.9973E-05
0.0487786 9.9964E-05 0.000820655 0.84802 0.0320449 0.0201563 0.0497797 9.9964E-05 9.9964E-05 9.9964E-05
0.0297678 0.0109778 0.0147147 0.829713 0.0657452 0.0397787 9.9973E-05 9.9973E-05 0.0090032 9.9973E-05
9.9964E-05 0.0938018 0.0476902 0.802638 0.0133363 0.0219903 0.0201438 9.9964E-05 9.9964E-05 9.9964E-05
0.00367801 9.9955E-05 0.00516487 0.942552 0.0391334 9.9955E-05 0.00897209 9.9955E-05 9.9955E-05 9.9955E-05
0.0517248 0.340722 0.0531782 0.0391009 0.103745 0.263451 0.0932063 9.9991E-05 0.0445443 0.010227
0.0596427 0.368741 0.0230954 0.0510751 0.0772002 0.271879 0.082077 9.9991E-05 0.00456672 0.0616235
9.9982E-05 0.311154 0.0520272 0.0704235 0.0887224 0.265864 0.110214 9.9982E-05 0.0833374 0.0180575
0.0177292 0.303594 0.052917 0.0442722 0.0990632 0.274989 0.16583 9.9982E-05 0.0414061 9.9982E-05
0.0515254 9.9946E-05 9.9946E-05 9.9946E-05 0.920898 9.9946E-05 0.00386002 0.023117 9.9946E-05 9.9946E-05
9.99201E-05 9.99201E-05 9.99201E-05 9.99201E-05 0.999101 9.99201E-05 9.99201E-05 9.99201E-05 9.99201E-05 9.99201E-05
9.9946E-05 0.036325 9.9946E-05 0.00161833 0.956453 9.9946E-05 9.9946E-05 9.9946E-05 0.00500437 9.9946E-05
9.99201E-05 9.99201E-05 9.99201E-05 9.99201E-05 0.999101 9.99201E-05 9.99201E-05 9.99201E-05 9.99201E-05 9.99201E-05
0.00144753 9.9946E-05 9.9946E-05 0.00156133 0.973172 0.0232198 9.9946E-05 9.9946E-05 9.9946E-05 9.9946E-05
9.9964E-05 0.0623769 9.9964E-05 0.015224 0.906693 0.00870885 0.00511516 9.9964E-05 0.00148227 9.9964E-05
9.9946E-05 0.0733659 9.9946E-05 9.9946E-05 0.905839 0.00361097 9.9946E-05 9.9946E-05 0.0165841 9.9946E-05
9.9982E-05 0.0262837 0.0506035 0.0110813 0.778625 0.0417859 9.9982E-05 0.0548202 0.00584925 0.0307514
9.9964E-05 0.00681629 9.9964E-05 0.0309533 0.865054 9.9964E-05 0.0760295 9.9964E-05 0.0125307 0.00821623
9.99201E-05 9.99201E-05 9.99201E-05 9.99201E-05 9.99201E-05 0.999101 9.99201E-05 9.99201E-05 9.99201E-05 9.99201E-05
0.0104849 9.99281E-05 9.99281E-05 9.99281E-05 9.99281E-05 0.988716 9.99281E-05 9.99281E-05 9.99281E-05 9.99281E-05
9.99201E-05 9.99201E-05 9.99201E-05 9.99201E-05 9.99201E-05 0.999101 9.99201E-05 9.99201E-05 9.99201E-05 9.99201E-05
9.99201E-05 9.99201E-05 9.99201E-05 9.99201E-05 9.99201E-05 0.999101 9.99201E-05 9.99201E-05 9.99201E-05 9.99201E-05
9.99201E-05 9.99201E-05 9.99201E-05 9.99201E-05 9.99201E-05 0.999101 9.99201E-05 9.99201E-05 9.99201E-05 9.99201E-05
9.9946E-05 0.093393 9.9946E-05 0.018569 0.0351995 0.852239 9.9946E-05 9.9946E-05 9.9946E-05 9.9946E-05
9.9937E-05 9.9937E-05 9.9937E-05 9.9937E-05 9.9937E-05 0.974747 0.00998015 9.9937E-05 9.9937E-05 0.0145732
9.99201E-05 9.99201E-05 9.99201E-05 9.99201E-05 9.99201E-05 0.999101 9.99201E-05 9.99201E-05 9.99201E-05 9.99201E-05
9.99371E-05 9.99371E-05 0.0241192 9.99371E-05 9.99371E-05 0.969444 9.99371E-05 0.00573727 9.99371E-05 9.99371E-05
0.054633 0.00764989 0.00982206 0.0272067 9.9964E-05 0.86457 0.0357188 9.9964E-05 9.9964E-05 9.9964E-05
9.99201E-05 9.99201E-05 9.99201E-05 9.99201E-05 9.99201E-05 0.999101 9.99201E-05 9.99201E-05 9.99201E-05 9.99201E-05
0.00984492 9.9946E-05 9.9946E-05 9.9946E-05 0.0130225 0.974438 9.9946E-05 9.9946E-05 0.00209539 9.9946E-05
