9.99201E-05 9.99201E-05 9.99201E-05 9.99201E-05 0.999101 9.99201E-05 9.99201E-05 9.99201E-05 9.99201E-05 9.99201E-05
0.746499 0.0237397 9.9973E-05 0.0214211 0.0887537 9.9973E-05 0.0222578 9.9973E-05 0.0226911 0.0743378
0.743716 9.9955E-05 9.9955E-05 9.9955E-05 0.109534 9.9955E-05 0.0320926 9.9955E-05 0.0897445 0.0244129
0.999101 9.99201E-05 9.99201E-05 9.99201E-05 9.99201E-05 9.99201E-05 9.99201E-05 9.99201E-05 9.99201E-05 9.99201E-05
0.66868 0.0613025 0.0162058 0.102079 9.9964E-05 0.019796 0.131537 9.9964E-05 9.9964E-05 9.9964E-05
0.606414 9.9973E-05 9.9973E-05 0.0117278 0.0471567 0.0847106 0.14228 0.0619139 0.0454972 9.9973E-05
0.529674 9.9937E-05 9.9937E-05 9.9937E-05 0.16841 9.9937E-05 0.301217 9.9937E-05 9.9937E-05 9.9937E-05
0.533376 9.9955E-05 9.9955E-05 9.9955E-05 0.197119 0.0977623 0.103092 9.9955E-05 0.0681501 9.9955E-05
0.42385 0.0668695 0.00261618 9.9973E-05 0.0721584 9.9973E-05 0.353018 9.9973E-05 0.0632088 0.0179792
9.99201E-05 9.99201E-05 9.99201E-05 9.99201E-05 0.999101 9.99201E-05 9.99201E-05 9.99201E-05 9.99201E-05 9.99201E-05
9.99201E-05 9.99201E-05 9.99201E-05 9.99201E-05 0.999101 9.99201E-05 9.99201E-05 9.99201E-05 9.99201E-05 9.99201E-05
0.0249399 9.99281E-05 9.99281E-05 9.99281E-05 0.974261 9.99281E-05 9.99281E-05 9.99281E-05 9.99281E-05 9.99281E-05
9.9937E-05 9.9937E-05 0.00941833 9.9937E-05 0.981914 9.9937E-05 9.9937E-05 9.9937E-05 9.9937E-05 0.00796811
9.9937E-05 9.9937E-05 9.9937E-05 0.033151 0.912263 9.9937E-05 0.0538869 9.9937E-05 9.9937E-05 9.9937E-05
0.0321647 9.9964E-05 9.9964E-05 0.00841371 0.920094 0.00386832 9.9964E-05 9.9964E-05 0.00544953 0.0296099
0.615233 0.0503797 9.9973E-05 9.9973E-05 0.0430386 0.19175 0.0490651 0.0256075 0.0246259 9.9973E-05
0.308628 0.0393309 0.0350671 0.0905798 0.132245 0.232416 0.0812426 9.9991E-05 0.0741529 0.00623817
0.987863 9.9928E-05 9.9928E-05 9.9928E-05 9.9928E-05 9.9928E-05 9.9928E-05 0.0113373 9.9928E-05 9.9928E-05
0.0494848 0.0267194 9.9955E-05 0.0221776 9.9955E-05 0.00307223 0.898046 9.9955E-05 9.9955E-05 9.9955E-05
9.99461E-05 0.00536012 0.00991955 0.0214001 9.99461E-05 9.99461E-05 0.962721 9.99461E-05 9.99461E-05 9.99461E-05
0.0963502 0.00126018 9.9955E-05 9.9955E-05 0.0254639 9.9955E-05 0.854023 0.0224033 9.9955E-05 9.9955E-05
0.0960953 9.9964E-05 0.0281118 0.0555393 9.9964E-05 9.9964E-05 0.754835 9.9964E-05 0.0542414 0.0107776
0.0654047 9.9946E-05 9.9946E-05 0.0779461 9.9946E-05 9.9946E-05 0.824551 9.9946E-05 0.0314989 9.9946E-05
9.9937E-05 9.9937E-05 0.0110374 9.9937E-05 0.0223444 9.9937E-05 0.965919 9.9937E-05 9.9937E-05 9.9937E-05
9.99371E-05 9.99371E-05 9.99371E-05 9.99371E-05 9.99371E-05 0.0213624 0.975019 9.99371E-05 9.99371E-05 0.00291865
9.998E-05 0.0324853 0.0550792 0.00510396 0.00874967 0.125007 0.65932 0.110307 0.00374888 9.998E-05
9.996E-05 0.0772143 9.996E-05 9.996E-05 0.0087828 0.0138091 0.794209 0.0137754 0.0918094 9.996E-05
0.0631353 9.9955E-05 0.00568251 9.9955E-05 9.9955E-05 0.00189306 0.923002 9.9955E-05 0.00578693 9.9955E-05
0.0318951 0.011847 0.0259382 0.00890751 0.0579193 0.0257503 0.760226 0.0773162 9.9982E-05 9.9982E-05
0.0724571 9.9946E-05 9.9946E-05 9.9946E-05 0.0538852 9.9946E-05 0.835941 0.0371167 9.9946E-05 9.9946E-05
9.99461E-05 9.99461E-05 9.99461E-05 0.0294695 0.0481954 9.99461E-05 0.912244 9.99461E-05 9.99461E-05 0.00949152
9.995E-05 0.0378342 0.0623774 9.995E-05 9.995E-05 0.0137181 0.876395 9.995E-05 9.995E-05 0.00917544
9.9973E-05 0.000122602 9.9973E-05 0.000192886 0.00546075 9.9973E-05 0.767132 0.138686 0.0832672 0.00483819
0.00115753 0.00526842 0.137782 9.997E-05 0.0537913 9.997E-05 0.722785 0.00635072 0.0725653 9.997E-05
0.0485064 9.9955E-05 9.9955E-05 0.142131 9.9955E-05 9.9955E-05 0.802922 9.9955E-05 0.00165044 0.0042902
0.0930961 9.9937E-05 9.9937E-05 9.9937E-05 0.0554581 9.9937E-05 0.850746 9.9937E-05 9.9937E-05 9.9937E-05
9.9946E-05 9.9946E-05 9.9946E-05 0.0306323 9.9946E-05 0.277212 0.566047 0.12551 9.9946E-05 9.9946E-05
0.0626523 0.0403259 9.9964E-05 0.0465006 9.9964E-05 9.9964E-05 0.51892 0.29313 0.0380711 9.9964E-05
0.0289478 0.0796548 9.9982E-05 9.9982E-05 0.00199797 0.0544043 0.588348 0.170981 0.0711918 0.00427449
9.99371E-05 9.99371E-05 9.99371E-05 9.99371E-05 0.0089808 9.99371E-05 0.571532 0.418787 9.99371E-05 9.99371E-05
0.111513 0.00480942 0.0868487 9.9973E-05 9.9973E-05 0.585416 9.9973E-05 0.105121 0.035681 0.0703114
0.0731315 0.11402 0.035644 9.9973E-05 9.9973E-05 0.584861 0.0250445 0.14787 0.0191289 9.9973E-05
0.213504 9.9982E-05 0.0728652 0.0230123 0.0144319 0.488645 0.0315956 9.9982E-05 0.0935096 0.0622368
0.131809 9.9964E-05 0.00914255 9.9964E-05 9.9964E-05 0.632877 9.9964E-05 0.0950475 0.0802488 0.0504753
0.00965173 0.059009 0.0375146 9.997E-05 9.997E-05 0.429442 0.204058 0.200496 0.059528 9.997E-05
9.9928E-05 0.00626194 9.9928E-05 9.9928E-05 9.9928E-05 0.992939 9.9928E-05 9.9928E-05 9.9928E-05 9.9928E-05
9.99201E-05 9.99201E-05 9.99201E-05 9.99201E-05 9.99201E-05 0.999101 9.99201E-05 9.99201E-05 9.99201E-05 9.99201E-05
9.9982E-05 0.0376271 0.0364655 0.0207778 9.9982E-05 0.394241 0.403651 0.0224623 0.0717304 0.0128448
0.132111 0.133292 0.106698 9.9973E-05 0.0551979 0.436857 0.0909929 0.044551 9.9973E-05 9.9973E-05
0.206391 0.0207218 0.0988578 9.9973E-05 0.0491915 0.253038 0.327365 9.9973E-05 9.9973E-05 0.0441345
0.0042764 0.0281736 9.9982E-05 9.9982E-05 0.0432481 0.391198 0.251443 0.238224 0.0329529 0.0102846
0.0562025 0.00572665 0.0370213 0.0238769 9.9982E-05 0.58031 0.157506 0.0901055 0.0490511 9.9982E-05
9.9928E-05 0.00934448 9.9928E-05 9.9928E-05 9.9928E-05 0.989856 9.9928E-05 9.9928E-05 9.9928E-05 9.9928E-05
9.997E-05 0.0518549 0.0258687 0.0636681 0.081886 0.211759 0.173286 0.391377 9.997E-05 9.997E-05
9.998E-05 0.00773285 0.0242223 0.0259207 0.0611383 0.215991 0.241312 0.423245 9.998E-05 0.00023713
0.0795846 9.9973E-05 0.0685091 9.9973E-05 9.9973E-05 0.520259 0.104941 0.106158 0.0945957 0.0256528
0.0015567 0.0492092 0.0386664 9.9982E-05 0.0978536 0.355013 0.181232 0.224979 0.0512912 9.9982E-05
0.0415455 0.0920896 0.0311616 9.9982E-05 9.9982E-05 0.407575 0.212053 0.177054 0.0225586 0.0157617
9.99201E-05 9.99201E-05 9.99201E-05 9.99201E-05 9.99201E-05 0.999101 9.99201E-05 9.99201E-05 9.99201E-05 9.99201E-05
9.9973E-05 0.0941205 9.9973E-05 9.9973E-05 0.0463365 0.315387 0.302041 0.214069 0.0109801 0.0167657
9.9955E-05 0.0836272 0.0977902 0.00410163 9.9955E-05 0.609729 0.204252 9.9955E-05 9.9955E-05 9.9955E-05
0.0882961 9.9973E-05 0.134367 9.9973E-05 0.0143963 0.660809 0.0413685 0.0317395 9.9973E-05 0.0287235
0.00561394 0.0675324 0.0353031 0.00765724 9.9991E-05 0.52812 0.13561 0.143553 0.0326335 0.043876
9.9937E-05 9.9937E-05 0.030287 0.0868211 9.9937E-05 0.882192 9.9937E-05 9.9937E-05 9.9937E-05 9.9937E-05
0.0787057 0.0566234 0.0885444 9.9973E-05 0.0133481 0.616275 0.0662509 0.0799527 9.9973E-05 9.9973E-05
9.9946E-05 9.9946E-05 9.9946E-05 0.0495782 9.9946E-05 0.939452 9.9946E-05 9.9946E-05 0.000806506 0.00956384
9.9937E-05 9.9937E-05 9.9937E-05 9.9937E-05 9.9937E-05 0.658488 9.9937E-05 0.318735 9.9937E-05 0.0220765
9.9955E-05 9.9955E-05 0.0412147 0.110733 0.0110007 0.790625 9.9955E-05 9.9955E-05 9.9955E-05 0.045927
0.0997705 0.0604156 9.9964E-05 9.9964E-05 9.9964E-05 0.483731 0.176634 0.154076 0.0249736 9.9964E-05
9.99371E-05 9.99371E-05 0.0257645 0.0319428 9.99371E-05 0.941593 9.99371E-05 9.99371E-05 9.99371E-05 9.99371E-05
0.0643168 9.9982E-05 0.0399913 9.9982E-05 0.0459988 0.577905 0.065902 0.0985714 0.0465579 0.0605564
0.0508751 0.0185254 0.0565042 0.0470544 9.9991E-05 0.511336 0.0338113 0.182035 0.05575 0.0440089
9.996E-05 0.0120856 9.996E-05 9.996E-05 0.0808509 0.759928 0.00615773 0.139536 0.0010422 9.996E-05
9.995E-05 0.0663089 9.995E-05 9.995E-05 0.0541242 0.772725 0.000845801 0.105496 9.995E-05 9.995E-05
9.9973E-05 9.9973E-05 0.088786 0.035722 0.0504976 0.473136 0.0116017 0.339308 0.000648736 9.9973E-05
9.9955E-05 0.144206 9.9955E-05 9.9955E-05 0.0177754 0.633422 0.0367415 0.167356 9.9955E-05 9.9955E-05
0.0126023 0.0160623 0.00234743 9.9973E-05 9.9973E-05 0.763016 9.9973E-05 0.141014 0.0403768 0.0242812
0.0563635 9.997E-05 0.0546064 0.0850529 0.0380385 0.479308 9.997E-05 0.188209 9.997E-05 0.0981211
0.0436925 9.9955E-05 9.9955E-05 0.0193498 9.9955E-05 9.9955E-05 9.9955E-05 0.903887 0.00649782 0.0260732
9.99201E-05 9.99201E-05 9.99201E-05 9.99201E-05 9.99201E-05 9.99201E-05 9.99201E-05 0.999101 9.99201E-05 9.99201E-05
9.99461E-05 9.99461E-05 9.99461E-05 9.99461E-05 0.00160381 0.00789499 9.99461E-05 0.975736 0.014166 9.99461E-05
9.99281E-05 9.99281E-05 9.99281E-05 9.99281E-05 9.99281E-05 0.00847509 9.99281E-05 0.990725 9.99281E-05 9.99281E-05
9.99281E-05 9.99281E-05 9.99281E-05 9.99281E-05 9.99281E-05 9.99281E-05 0.0113516 0.987849 9.99281E-05 9.99281E-05
0.0725358 0.0186713 0.0564642 9.9973E-05 9.9973E-05 0.0869813 0.13427 0.577941 9.9973E-05 0.0528371
0.0546011 0.0142758 0.0252976 9.9964E-05 9.9964E-05 0.28688 9.9964E-05 0.479387 9.9964E-05 0.139158
0.135455 0.00283291 0.0327758 9.9973E-05 9.9973E-05 0.0895849 9.9973E-05 0.494717 0.111874 0.13246
0.0742796 0.0434286 0.0550774 9.9991E-05 0.0259077 0.126623 0.126687 0.459856 0.0623359 0.025704
0.0482413 0.0433884 0.069597 9.9982E-05 0.00542982 0.127614 0.103947 0.53969 9.9982E-05 0.061892
0.0892375 0.079378 0.0402046 0.0476501 9.998E-05 0.246177 9.998E-05 0.422636 0.00137355 0.0731434
0.000566461 0.103428 0.118594 9.9991E-05 0.0137661 0.160116 0.108825 0.33275 0.0871302 0.0747246
0.136852 9.9973E-05 0.0649936 0.185714 9.9973E-05 0.258168 9.9973E-05 0.161085 0.0668012 0.126086
0.154277 9.9973E-05 0.0655814 0.138798 9.9973E-05 0.274709 9.9973E-05 0.271102 0.0345421 0.0606905
0.0191506 0.150058 0.0745251 9.9991E-05 0.0109147 0.149956 0.0137415 0.32829 0.0826461 0.170618
9.99201E-05 9.99201E-05 9.99201E-05 9.99201E-05 9.99201E-05 9.99201E-05 9.99201E-05 9.99201E-05 9.99201E-05 0.999101
0.00139981 9.9964E-05 9.9964E-05 9.9964E-05 0.0343507 0.00590691 9.9964E-05 0.0224828 0.0153926 0.920067
9.9964E-05 9.9964E-05 0.0118466 0.0535882 0.00447064 0.0610242 0.0329095 9.9964E-05 9.9964E-05 0.835761
9.99201E-05 9.99201E-05 9.99201E-05 9.99201E-05 9.99201E-05 9.99201E-05 9.99201E-05 9.99201E-05 9.99201E-05 0.999101
9.99201E-05 9.99201E-05 9.99201E-05 9.99201E-05 9.99201E-05 9.99201E-05 9.99201E-05 9.99201E-05 9.99201E-05 0.999101
9.99201E-05 9.99201E-05 9.99201E-05 9.99201E-05 9.99201E-05 9.99201E-05 9.99201E-05 9.99201E-05 9.99201E-05 0.999101
9.99201E-05 9.99201E-05 9.99201E-05 9.99201E-05 9.99201E-05 9.99201E-05 9.99201E-05 9.99201E-05 9.99201E-05 0.999101
0.0797293 9.9955E-05 9.9955E-05 9.9955E-05 9.9955E-05 9.9955E-05 0.047396 0.021224 0.0140499 0.837101
9.99281E-05 0.024033 9.99281E-05 9.99281E-05 9.99281E-05 9.99281E-05 9.99281E-05 9.99281E-05 9.99281E-05 0.975168
9.99281E-05 0.00639134 9.99281E-05 9.99281E-05 9.99281E-05 9.99281E-05 9.99281E-05 9.99281E-05 9.99281E-05 0.992809
9.997E-05 0.0765358 0.258605 0.0408496 9.997E-05 9.997E-05 0.109888 0.367386 0.080532 0.0659032
9.9946E-05 9.9946E-05 0.0205017 0.00373448 9.9946E-05 0.0599193 9.9946E-05 9.9946E-05 9.9946E-05 0.915245
9.99201E-05 9.99201E-05 9.99201E-05 9.99201E-05 9.99201E-05 9.99201E-05 9.99201E-05 9.99201E-05 9.99201E-05 0.999101
9.99281E-05 9.99281E-05 9.99281E-05 9.99281E-05 9.99281E-05 9.99281E-05 9.99281E-05 0.021052 9.99281E-05 0.978149
9.9946E-05 0.0418715 0.00296715 9.9946E-05 9.9946E-05 9.9946E-05 9.9946E-05 0.953857 0.000704916 9.9946E-05
9.99281E-05 9.99281E-05 0.00622114 9.99281E-05 9.99281E-05 9.99281E-05 9.99281E-05 0.992979 9.99281E-05 9.99281E-05
9.99201E-05 9.99201E-05 9.99201E-05 9.99201E-05 9.99201E-05 9.99201E-05 9.99201E-05 0.999101 9.99201E-05 9.99201E-05
9.99201E-05 9.99201E-05 9.99201E-05 9.99201E-05 9.99201E-05 9.99201E-05 9.99201E-05 0.999101 9.99201E-05 9.99201E-05
9.9973E-05 0.00160028 0.0802639 0.0183136 9.9973E-05 9.9973E-05 0.00152672 0.84352 0.0253133 0.0291624
0.00958906 9.9955E-05 0.023767 0.0776419 9.9955E-05 9.9955E-05 0.0964393 0.792063 9.9955E-05 9.9955E-05
9.998E-05 0.0113676 0.0244496 0.0704884 0.00127859 0.00920897 0.0400381 0.782259 9.998E-05 0.0607101
9.9946E-05 9.9946E-05 0.0581256 0.0544244 9.9946E-05 9.9946E-05 0.000439045 0.886411 9.9946E-05 9.9946E-05
9.9955E-05 0.00490825 9.9955E-05 0.0547856 9.9955E-05 9.9955E-05 0.00510404 0.867475 9.9955E-05 0.067227
9.9955E-05 9.9955E-05 9.9955E-05 0.0444694 0.00901334 9.9955E-05 9.9955E-05 0.867265 0.0179317 0.0608205
0.00256935 9.9973E-05 0.0373169 0.00710547 0.0161955 9.9973E-05 0.0956901 0.813631 0.027192 9.9973E-05
0.0130025 0.0341261 9.9973E-05 0.114857 0.000550926 9.9973E-05 0.0333764 0.73914 9.9973E-05 0.0646471
9.997E-05 0.0284638 0.0724329 0.0509886 0.0143967 0.019225 9.997E-05 0.790225 0.0239684 9.997E-05
0.0659921 9.9964E-05 0.0811978 0.0325003 9.9964E-05 9.9964E-05 9.9964E-05 0.78029 0.0177425 0.021877
9.99201E-05 9.99201E-05 9.99201E-05 9.99201E-05 9.99201E-05 9.99201E-05 9.99201E-05 9.99201E-05 0.999101 9.99201E-05
0.0919334 9.9973E-05 0.133302 0.031667 9.9973E-05 0.0323532 9.9973E-05 0.540388 0.0718511 0.0982053
9.99201E-05 9.99201E-05 9.99201E-05 9.99201E-05 9.99201E-05 9.99201E-05 9.99201E-05 9.99201E-05 0.999101 9.99201E-05
9.99201E-05 9.99201E-05 9.99201E-05 9.99201E-05 9.99201E-05 9.99201E-05 9.99201E-05 9.99201E-05 0.999101 9.99201E-05
9.99461E-05 9.99461E-05 9.99461E-05 0.0393534 0.00433079 9.99461E-05 9.99461E-05 9.99461E-05 0.946427 0.00928875
9.9955E-05 9.9955E-05 0.0390444 9.9955E-05 9.9955E-05 0.120036 0.0973094 9.9955E-05 0.742428 0.000681922
9.9937E-05 9.9937E-05 9.9937E-05 0.0157466 9.9937E-05 9.9937E-05 9.9937E-05 9.9937E-05 0.980718 0.00283592
9.9964E-05 0.00364921 9.9964E-05 0.0332442 0.0078904 0.00724663 9.9964E-05 0.0489094 0.89866 9.9964E-05
9.99281E-05 9.99281E-05 9.99281E-05 0.0104354 9.99281E-05 9.99281E-05 9.99281E-05 9.99281E-05 0.988765 9.99281E-05
9.99371E-05 9.99371E-05 0.0343792 9.99371E-05 9.99371E-05 0.0123182 9.99371E-05 9.99371E-05 0.952603 9.99371E-05
0.0134108 9.9946E-05 9.9946E-05 9.9946E-05 0.0040315 9.9946E-05 0.0101048 9.9946E-05 0.971853 9.9946E-05
9.9946E-05 0.0147763 0.00270837 9.9946E-05 9.9946E-05 9.9946E-05 0.00458682 9.9946E-05 0.977329 9.9946E-05
9.99281E-05 9.99281E-05 0.0213587 9.99281E-05 9.99281E-05 9.99281E-05 9.99281E-05 9.99281E-05 0.977842 9.99281E-05
0.0230815 0.0614527 0.0601056 9.9955E-05 9.9955E-05 9.9955E-05 9.9955E-05 9.9955E-05 0.813076 0.0417839
9.997E-05 9.997E-05 0.00271033 0.0448988 9.997E-05 0.0264307 0.00863007 0.00778132 0.907569 0.00167983
9.9964E-05 9.9964E-05 0.0160768 0.00390696 9.9964E-05 0.0237163 9.9964E-05 0.0883934 0.848201 0.0193059
9.9973E-05 0.0201524 0.00218571 0.0229456 0.0138833 0.0383557 9.9973E-05 0.0380521 0.864125 9.9973E-05
9.995E-05 0.0351576 9.995E-05 9.995E-05 0.0111788 0.0904543 9.995E-05 0.0578863 0.804823 9.995E-05
0.000728034 9.9964E-05 9.9964E-05 0.0156697 0.000816121 9.9964E-05 9.9964E-05 0.0327947 0.944876 0.00471541
9.99371E-05 9.99371E-05 0.927229 0.019787 9.99371E-05 9.99371E-05 9.99371E-05 0.0522842 9.99371E-05 9.99371E-05
9.9964E-05 0.0218768 0.878012 0.0543481 0.00729791 9.9964E-05 0.0318608 9.9964E-05 9.9964E-05 0.00620436
9.9928E-05 9.9928E-05 0.996799 9.9928E-05 9.9928E-05 9.9928E-05 9.9928E-05 0.00240135 9.9928E-05 9.9928E-05
9.9937E-05 0.00679443 0.984396 9.9937E-05 9.9937E-05 9.9937E-05 0.00810963 9.9937E-05 9.9937E-05 9.9937E-05
9.99201E-05 9.99201E-05 0.999101 9.99201E-05 9.99201E-05 9.99201E-05 9.99201E-05 9.99201E-05 9.99201E-05 9.99201E-05
9.99201E-05 9.99201E-05 0.999101 9.99201E-05 9.99201E-05 9.99201E-05 9.99201E-05 9.99201E-05 9.99201E-05 9.99201E-05
9.99281E-05 9.99281E-05 0.983472 9.99281E-05 9.99281E-05 0.0157286 9.99281E-05 9.99281E-05 9.99281E-05 9.99281E-05
9.99461E-05 9.99461E-05 0.817096 0.137501 0.024713 0.0200906 9.99461E-05 9.99461E-05 9.99461E-05 9.99461E-05
9.99281E-05 9.99281E-05 0.987364 9.99281E-05 9.99281E-05 9.99281E-05 9.99281E-05 9.99281E-05 0.0118369 9.99281E-05
9.99201E-05 9.99201E-05 0.999101 9.99201E-05 9.99201E-05 9.99201E-05 9.99201E-05 9.99201E-05 9.99201E-05 9.99201E-05
9.99461E-05 9.99461E-05 0.867913 0.0986647 0.000867625 9.99461E-05 9.99461E-05 9.99461E-05 9.99461E-05 0.0319549
9.9946E-05 0.0316331 0.952065 0.000525325 9.9946E-05 9.9946E-05 9.9946E-05 9.9946E-05 9.9946E-05 0.0151771
9.9955E-05 9.9955E-05 0.743627 0.00206038 9.9955E-05 0.0977562 9.9955E-05 0.059424 0.0966329 9.9955E-05
9.9982E-05 0.271739 0.0402651 0.073676 0.0404704 0.108128 9.9982E-05 0.432354 0.0133624 0.0198063
9.998E-05 0.279552 0.0565723 0.0924806 0.0304447 0.179905 0.00781849 0.335762 0.0172643 9.998E-05
9.997E-05 0.292085 9.997E-05 0.114233 0.0414732 0.147292 9.997E-05 0.326652 0.0304109 0.0475535
9.998E-05 0.192692 9.998E-05 0.123192 0.0561964 0.160873 0.0137242 0.375378 0.0413272 0.0364173
0.010762 0.00823942 0.0286577 0.914723 9.9964E-05 9.9964E-05 0.0226248 9.9964E-05 0.0145932 9.9964E-05
9.99201E-05 9.99201E-05 9.99201E-05 0.999101 9.99201E-05 9.99201E-05 9.99201E-05 9.99201E-05 9.99201E-05 9.99201E-05
0.00432991 0.0446652 9.9955E-05 0.924545 9.9955E-05 9.9955E-05 9.9955E-05 0.00193403 9.9955E-05 0.0240259
9.99201E-05 9.99201E-05 9.99201E-05 0.999101 9.99201E-05 9.99201E-05 9.99201E-05 9.99201E-05 9.99201E-05 9.99201E-05
9.9964E-05 0.0123593 0.00549697 0.948305 9.9964E-05 9.9964E-05 9.9964E-05 0.00618434 0.00868024 0.0185747
9.9946E-05 0.00190265 9.9946E-05 0.930747 9.9946E-05 9.9946E-05 9.9946E-05 0.0562499 0.0105004 9.9946E-05
9.9946E-05 9.9946E-05 9.9946E-05 0.922167 9.9946E-05 9.9946E-05 9.9946E-05 0.0488754 0.00164254 0.0267154
9.996E-05 0.0248139 9.996E-05 0.746346 0.0354624 9.996E-05 0.0978144 0.0699868 0.0251767 9.996E-05
9.9964E-05 9.9964E-05 0.0127257 0.841432 9.9964E-05 0.0735519 0.0614303 9.9964E-05 0.00850679 0.00195326
9.9937E-05 0.95934 9.9937E-05 0.028565 9.9937E-05 9.9937E-05 9.9937E-05 9.9937E-05 9.9937E-05 0.0113953
9.9946E-05 0.989545 9.9946E-05 0.000224979 0.000923108 9.9946E-05 9.9946E-05 0.0087069 9.9946E-05 9.9946E-05
9.99201E-05 0.999101 9.99201E-05 9.99201E-05 9.99201E-05 9.99201E-05 9.99201E-05 9.99201E-05 9.99201E-05 9.99201E-05
9.99281E-05 0.998177 9.99281E-05 9.99281E-05 0.00102386 9.99281E-05 9.99281E-05 9.99281E-05 9.99281E-05 9.99281E-05
9.99201E-05 0.999101 9.99201E-05 9.99201E-05 9.99201E-05 9.99201E-05 9.99201E-05 9.99201E-05 9.99201E-05 9.99201E-05
9.9964E-05 0.889307 9.9964E-05 0.0192711 9.9964E-05 0.0276638 0.0205128 0.0338165 0.00902871 9.9964E-05
9.99201E-05 0.999101 9.99201E-05 9.99201E-05 9.99201E-05 9.99201E-05 9.99201E-05 9.99201E-05 9.99201E-05 9.99201E-05
9.99201E-05 0.999101 9.99201E-05 9.99201E-05 9.99201E-05 9.99201E-05 9.99201E-05 9.99201E-05 9.99201E-05 9.99201E-05
9.99281E-05 0.997139 9.99281E-05 9.99281E-05 9.99281E-05 9.99281E-05 9.99281E-05 9.99281E-05 0.00206193 9.99281E-05
9.9946E-05 0.922685 0.0588046 9.9946E-05 9.9946E-05 0.0068513 9.9946E-05 9.9946E-05 0.0110599 9.9946E-05
9.99281E-05 0.996369 9.99281E-05 9.99281E-05 9.99281E-05 9.99281E-05 9.99281E-05 9.99281E-05 0.00283122 9.99281E-05
9.99281E-05 0.975581 0.0236193 9.99281E-05 9.99281E-05 9.99281E-05 9.99281E-05 9.99281E-05 9.99281E-05 9.99281E-05
