9.99201E-05 9.99201E-05 9.99201E-05 9.99201E-05 9.99201E-05 0.999101 9.99201E-05 9.99201E-05 9.99201E-05 9.99201E-05
0.0558295 9.9955E-05 0.139851 9.9955E-05 0.0200239 0.698914 0.0848826 9.9955E-05 9.9955E-05 9.9955E-05
9.99201E-05 9.99201E-05 9.99201E-05 0.999101 9.99201E-05 9.99201E-05 9.99201E-05 9.99201E-05 9.99201E-05 9.99201E-05
0.0794642 9.9955E-05 0.0194833 0.787492 0.0288204 9.9955E-05 9.9955E-05 9.9955E-05 0.0842407 9.9955E-05
9.99201E-05 9.99201E-05 0.999101 9.99201E-05 9.99201E-05 9.99201E-05 9.99201E-05 9.99201E-05 9.99201E-05 9.99201E-05
9.9946E-05 0.0399179 9.9946E-05 0.00607947 9.9946E-05 0.895915 9.9946E-05 9.9946E-05 9.9946E-05 0.0574884
9.9946E-05 9.9946E-05 9.9946E-05 9.9946E-05 0.00757486 0.879202 0.0577531 9.9946E-05 0.0548705 9.9946E-05
9.9928E-05 9.9928E-05 0.990933 9.9928E-05 9.9928E-05 9.9928E-05 9.9928E-05 9.9928E-05 9.9928E-05 0.00826781
9.995E-05 9.995E-05 0.74042 0.142256 9.995E-05 9.995E-05 0.0560398 0.0389248 0.0218594 9.995E-05
9.997E-05 9.997E-05 0.471015 0.0891352 0.0503194 0.0767759 0.135064 0.145858 9.997E-05 0.0315325
0.96851 9.9937E-05 9.9937E-05 0.0191677 0.0116228 9.9937E-05 9.9937E-05 9.9937E-05 9.9937E-05 9.9937E-05
0.329254 0.151507 0.0092522 9.995E-05 0.00297957 9.995E-05 9.995E-05 9.995E-05 9.995E-05 0.506508
0.779851 9.9937E-05 9.9937E-05 0.101616 9.9937E-05 0.117834 9.9937E-05 9.9937E-05 9.9937E-05 9.9937E-05
9.9955E-05 9.9955E-05 0.0392282 0.008075 0.0368249 9.9955E-05 0.040988 9.9955E-05 9.9955E-05 0.874384
0.607644 0.134931 9.9973E-05 0.0736602 0.0679338 0.0495127 9.9973E-05 0.00513859 9.9973E-05 0.0608798
0.559046 0.00487249 9.9964E-05 9.9964E-05 9.9964E-05 0.0132962 9.9964E-05 0.00931587 0.0453967 0.367673
0.837845 9.9937E-05 9.9937E-05 9.9937E-05 9.9937E-05 9.9937E-05 9.9937E-05 0.0688906 9.9937E-05 0.0925651
9.9973E-05 0.114542 9.9973E-05 0.0275448 0.00229561 9.9973E-05 0.126241 0.0233009 0.0440811 0.661695
0.380283 0.241351 9.9946E-05 9.9946E-05 0.030828 9.9946E-05 9.9946E-05 9.9946E-05 9.9946E-05 0.346938
9.99281E-05 9.99281E-05 9.99281E-05 0.0348479 9.99281E-05 9.99281E-05 9.99281E-05 9.99281E-05 9.99281E-05 0.964353
9.9946E-05 0.0865175 9.9946E-05 9.9946E-05 9.9946E-05 0.0721099 0.0580501 9.9946E-05 9.9946E-05 0.782723
0.410421 0.133946 0.374928 9.9955E-05 9.9955E-05 0.034512 9.9955E-05 9.9955E-05 9.9955E-05 0.0456937
0.977005 9.99281E-05 9.99281E-05 9.99281E-05 9.99281E-05 0.0221955 9.99281E-05 9.99281E-05 9.99281E-05 9.99281E-05
9.99281E-05 9.99281E-05 9.99281E-05 9.99281E-05 9.99281E-05 9.99281E-05 9.99281E-05 0.123167 9.99281E-05 0.876033
0.199122 0.433946 9.9964E-05 0.0367636 0.0111402 9.9964E-05 0.0119388 9.9964E-05 9.9964E-05 0.30669
9.994E-05 9.994E-05 9.994E-05 9.994E-05 9.994E-05 0.129893 0.193134 0.0320347 9.994E-05 0.644339
0.579389 0.0787683 9.9955E-05 9.9955E-05 9.9955E-05 9.9955E-05 0.039597 0.150481 0.151266 9.9955E-05
0.441615 0.218982 0.00536865 0.0459159 0.0182916 9.9964E-05 0.269427 9.9964E-05 9.9964E-05 9.9964E-05
0.341478 0.519773 9.9955E-05 9.9955E-05 9.9955E-05 0.013582 0.0997503 9.9955E-05 9.9955E-05 0.0249164
0.75744 9.99281E-05 9.99281E-05 9.99281E-05 9.99281E-05 9.99281E-05 0.24176 9.99281E-05 9.99281E-05 9.99281E-05
9.9955E-05 0.371084 9.9955E-05 0.0952136 9.9955E-05 9.9955E-05 0.310246 0.0876637 0.135293 9.9955E-05
9.9973E-05 0.12248 0.0665976 0.10637 9.9973E-05 0.0619685 0.281326 0.165923 0.195035 9.9973E-05
9.9928E-05 0.993931 9.9928E-05 9.9928E-05 9.9928E-05 9.9928E-05 9.9928E-05 9.9928E-05 0.00526923 9.9928E-05
9.9928E-05 9.9928E-05 9.9928E-05 9.9928E-05 9.9928E-05 9.9928E-05 9.9928E-05 0.872684 0.126517 9.9928E-05
0.0698004 0.878936 9.9937E-05 9.9937E-05 9.9937E-05 9.9937E-05 9.9937E-05 9.9937E-05 9.9937E-05 0.0505644
9.9946E-05 9.9946E-05 9.9946E-05 0.0111781 0.013604 9.9946E-05 0.0355257 0.939093 9.9946E-05 9.9946E-05
9.9937E-05 0.862453 0.0717833 9.9937E-05 9.9937E-05 0.0650644 9.9937E-05 9.9937E-05 9.9937E-05 9.9937E-05
0.0185123 0.0373381 9.9946E-05 0.00393404 9.9946E-05 9.9946E-05 9.9946E-05 0.939616 9.9946E-05 9.9946E-05
9.9946E-05 0.732852 9.9946E-05 9.9946E-05 0.00865093 9.9946E-05 9.9946E-05 0.239268 0.0186293 9.9946E-05
0.117574 0.431538 9.9955E-05 0.0244775 9.9955E-05 0.0113629 0.414548 9.9955E-05 9.9955E-05 9.9955E-05
9.9946E-05 0.59216 0.00107426 9.9946E-05 9.9946E-05 9.9946E-05 0.0437876 0.362378 9.9946E-05 9.9946E-05
0.0668389 0.0252491 0.0299504 0.0373437 0.0124746 9.999E-05 0.267614 0.446469 0.0455293 0.0684312
9.9955E-05 0.789124 0.0149336 9.9955E-05 9.9955E-05 9.9955E-05 0.0659516 0.123831 0.00566014 9.9955E-05
9.9937E-05 9.9937E-05 9.9937E-05 9.9937E-05 9.9937E-05 9.9937E-05 9.9937E-05 0.915973 0.0139616 0.0693657
0.0261343 9.99551E-05 9.99551E-05 0.0422145 9.99551E-05 9.99551E-05 0.0534893 0.293315 0.584347 9.99551E-05
9.997E-05 0.195293 0.0761686 9.997E-05 0.0172655 0.0217054 0.020376 9.997E-05 0.659055 0.00983693
9.9955E-05 0.0381959 9.9955E-05 9.9955E-05 0.0562503 9.9955E-05 0.0970391 0.0558627 0.752152 9.9955E-05
9.9928E-05 9.9928E-05 9.9928E-05 9.9928E-05 9.9928E-05 9.9928E-05 0.102811 9.9928E-05 0.89639 9.9928E-05
9.9946E-05 0.56359 9.9946E-05 0.0966564 9.9946E-05 0.0057016 9.9946E-05 9.9946E-05 0.333452 9.9946E-05
9.996E-05 0.139152 0.120382 0.0636605 9.996E-05 9.996E-05 0.122098 0.10105 0.453258 9.996E-05
9.9937E-05 9.9937E-05 9.9937E-05 0.00251634 9.9937E-05 9.9937E-05 0.0689334 9.9937E-05 0.927851 9.9937E-05
9.9928E-05 9.9928E-05 9.9928E-05 9.9928E-05 9.9928E-05 9.9928E-05 9.9928E-05 9.9928E-05 0.952219 0.0469819
0.0518804 9.9955E-05 9.9955E-05 9.9955E-05 0.00774609 0.00676847 0.0906995 9.9955E-05 0.842406 9.9955E-05
0.0549727 9.9946E-05 9.9946E-05 9.9946E-05 9.9946E-05 9.9946E-05 0.0876556 0.139748 0.717024 9.9946E-05
9.9946E-05 0.123992 9.9946E-05 0.000172479 9.9946E-05 9.9946E-05 9.9946E-05 0.0323679 0.842868 9.9946E-05
9.99371E-05 9.99371E-05 9.99371E-05 9.99371E-05 0.0291738 9.99371E-05 0.0991 9.99371E-05 0.871027 9.99371E-05
9.997E-05 0.149786 0.0662409 9.997E-05 0.0127066 0.00143214 0.680889 9.997E-05 0.0432748 0.0453712
0.0272971 0.238873 0.0882428 9.996E-05 9.996E-05 9.996E-05 0.586823 9.996E-05 0.0284361 0.0299278
0.0515778 9.9955E-05 0.0486061 9.9955E-05 9.9955E-05 0.0190173 0.728123 9.9955E-05 0.152176 9.9955E-05
0.0790523 0.0990218 0.0879396 9.9973E-05 9.9973E-05 0.0530194 0.592063 0.0734546 0.0151493 9.9973E-05
9.9955E-05 0.000647215 9.9955E-05 9.9955E-05 9.9955E-05 9.9955E-05 0.782569 0.0475635 0.111952 0.056769
9.9946E-05 9.9946E-05 9.9946E-05 0.0682404 0.0741288 9.9946E-05 0.458247 0.398784 9.9946E-05 9.9946E-05
9.9946E-05 9.9946E-05 0.0286521 9.9946E-05 9.9946E-05 9.9946E-05 0.706946 0.20871 0.0550921 9.9946E-05
9.99281E-05 9.99281E-05 9.99281E-05 9.99281E-05 0.0376419 9.99281E-05 0.961559 9.99281E-05 9.99281E-05 9.99281E-05
9.995E-05 0.193226 9.995E-05 9.995E-05 0.0143754 9.995E-05 0.767763 0.00597445 9.995E-05 0.0181617
9.99201E-05 9.99201E-05 9.99201E-05 9.99201E-05 9.99201E-05 9.99201E-05 0.999101 9.99201E-05 9.99201E-05 9.99201E-05
9.99201E-05 9.99201E-05 9.99201E-05 9.99201E-05 9.99201E-05 9.99201E-05 0.999101 9.99201E-05 9.99201E-05 9.99201E-05
0.000774771 9.9946E-05 0.0139725 9.9946E-05 9.9946E-05 9.9946E-05 0.958798 9.9946E-05 9.9946E-05 0.0258552
9.9937E-05 9.9937E-05 0.00220475 9.9937E-05 9.9937E-05 9.9937E-05 0.986411 9.9937E-05 9.9937E-05 0.0106845
9.9937E-05 9.9937E-05 9.9937E-05 0.00107814 9.9937E-05 9.9937E-05 0.968411 9.9937E-05 0.0298116 9.9937E-05
9.99371E-05 0.179414 9.99371E-05 9.99371E-05 0.0189379 9.99371E-05 0.800948 9.99371E-05 9.99371E-05 9.99371E-05
9.998E-05 0.149192 0.0293899 9.998E-05 0.0056943 0.0853613 0.681312 0.0161737 0.0259643 0.00671254
9.994E-05 9.994E-05 0.0101427 0.0276048 9.994E-05 9.994E-05 0.907408 9.994E-05 0.0542448 9.994E-05
9.996E-05 0.247833 9.996E-05 9.996E-05 0.0664001 0.0243075 0.603818 0.0393195 0.017922 9.996E-05
0.00490974 0.00471144 0.00239465 0.0102844 0.516273 9.9991E-05 0.310721 0.0364304 0.056953 0.0572222
9.99201E-05 9.99201E-05 9.99201E-05 9.99201E-05 0.999101 9.99201E-05 9.99201E-05 9.99201E-05 9.99201E-05 9.99201E-05
0.05519 0.0446054 9.9973E-05 0.0108893 0.0725246 0.0311193 0.544525 0.240847 9.9973E-05 9.9973E-05
