9.99201E-05 9.99201E-05 0.999101 9.99201E-05 9.99201E-05 9.99201E-05 9.99201E-05 9.99201E-05 9.99201E-05 9.99201E-05
0.0548696 9.9955E-05 0.093725 9.9955E-05 0.072025 9.9955E-05 0.0573684 9.9955E-05 0.721512 9.9955E-05
0.0172719 9.9955E-05 0.0879022 9.9955E-05 0.0875736 9.9955E-05 0.0890601 9.9955E-05 0.717692 9.9955E-05
9.99201E-05 9.99201E-05 9.99201E-05 9.99201E-05 9.99201E-05 9.99201E-05 9.99201E-05 9.99201E-05 0.999101 9.99201E-05
9.9973E-05 0.0122169 0.0248945 9.9973E-05 9.9973E-05 0.00935593 0.153755 0.0800185 0.621715 0.0977445
9.9964E-05 0.069814 0.0698452 9.9964E-05 9.9964E-05 9.9964E-05 0.0799077 0.0303104 0.624812 0.124911
9.9937E-05 9.9937E-05 0.149908 9.9937E-05 9.9937E-05 9.9937E-05 0.281625 9.9937E-05 0.567767 9.9937E-05
0.00247313 9.9973E-05 0.161686 0.0266445 0.0675312 9.9973E-05 0.149671 9.9973E-05 0.439819 0.151875
0.0201606 9.9982E-05 0.0514463 0.0152228 0.0374085 0.0384843 0.290297 9.9982E-05 0.538343 0.00843757
9.99201E-05 9.99201E-05 0.999101 9.99201E-05 9.99201E-05 9.99201E-05 9.99201E-05 9.99201E-05 9.99201E-05 9.99201E-05
9.99201E-05 9.99201E-05 0.999101 9.99201E-05 9.99201E-05 9.99201E-05 9.99201E-05 9.99201E-05 9.99201E-05 9.99201E-05
9.99281E-05 9.99281E-05 0.974617 9.99281E-05 9.99281E-05 9.99281E-05 9.99281E-05 9.99281E-05 0.0245834 9.99281E-05
0.00946469 9.99281E-05 0.989736 9.99281E-05 9.99281E-05 9.99281E-05 9.99281E-05 9.99281E-05 9.99281E-05 9.99281E-05
9.9946E-05 9.9946E-05 0.884754 9.9946E-05 9.9946E-05 9.9946E-05 0.0917354 0.00748007 9.9946E-05 0.0154305
9.99371E-05 9.99371E-05 0.903125 9.99371E-05 0.0355383 9.99371E-05 9.99371E-05 9.99371E-05 0.0606376 9.99371E-05
9.9982E-05 0.0526705 0.0846671 0.0549247 0.00952768 0.0381642 0.175033 9.9982E-05 0.488666 0.0961469
9.9982E-05 0.0739713 0.123476 0.0776788 9.9982E-05 0.0597624 0.0227131 0.116162 0.452608 0.0734274
9.99201E-05 9.99201E-05 9.99201E-05 9.99201E-05 9.99201E-05 9.99201E-05 9.99201E-05 9.99201E-05 0.999101 9.99201E-05
9.9955E-05 9.9955E-05 9.9955E-05 9.9955E-05 9.9955E-05 0.0320739 0.834199 0.0408706 0.057607 0.0347494
9.99281E-05 9.99281E-05 9.99281E-05 9.99281E-05 9.99281E-05 9.99281E-05 0.969329 0.0298712 9.99281E-05 9.99281E-05
9.9946E-05 0.0467545 0.0328895 9.9946E-05 9.9946E-05 9.9946E-05 0.79107 9.9946E-05 0.128686 9.9946E-05
9.9964E-05 9.9964E-05 9.9964E-05 0.000349205 0.0506299 9.9964E-05 0.836904 0.070815 0.0115728 0.0293289
9.9955E-05 9.9955E-05 9.9955E-05 9.9955E-05 0.0205511 0.00400546 0.855202 0.0698089 0.0499332 9.9955E-05
9.9946E-05 9.9946E-05 0.0171452 0.00576307 9.9946E-05 9.9946E-05 0.962696 0.0137958 9.9946E-05 9.9946E-05
9.99281E-05 9.99281E-05 0.00245883 9.99281E-05 9.99281E-05 9.99281E-05 0.996742 9.99281E-05 9.99281E-05 9.99281E-05
9.9964E-05 0.0505101 0.0108796 0.0588029 9.9964E-05 0.067623 0.714349 9.9964E-05 9.9964E-05 0.097435
9.9973E-05 0.0100322 0.00557527 9.9973E-05 0.0910705 0.0664203 0.778238 0.0186456 9.9973E-05 0.0297184
9.9964E-05 9.9964E-05 9.9964E-05 0.0177561 0.00653868 9.9964E-05 0.87675 0.00382861 0.0620784 0.0326481
9.999E-05 0.0488148 0.0614019 0.0369876 0.00393862 0.0281678 0.7446 0.0194033 0.0452191 0.0113672
9.9955E-05 0.0133806 0.0504948 0.00648601 9.9955E-05 9.9955E-05 0.843001 9.9955E-05 0.0861379 9.9955E-05
9.99371E-05 9.99371E-05 0.0422663 9.99371E-05 9.99371E-05 9.99371E-05 0.952077 0.00495702 9.99371E-05 9.99371E-05
0.00545318 0.0111449 9.9973E-05 0.060928 0.00558014 0.0259488 0.856176 9.9973E-05 9.9973E-05 0.0344694
0.0170147 0.108935 0.0166409 9.9982E-05 0.029595 0.00922916 0.79426 0.000978176 0.0231468 9.9982E-05
9.9964E-05 0.106629 0.0495414 0.0930709 0.089275 9.9964E-05 0.634476 9.9964E-05 9.9964E-05 0.0266074
9.9964E-05 0.00954068 9.9964E-05 0.0191496 0.0524613 9.9964E-05 0.697918 0.0980654 0.122465 9.9964E-05
9.9937E-05 9.9937E-05 0.0685537 9.9937E-05 9.9937E-05 9.9937E-05 0.858289 9.9937E-05 0.0724577 9.9937E-05
9.9946E-05 0.138746 9.9946E-05 9.9946E-05 9.9946E-05 9.9946E-05 0.572668 0.00275925 9.9946E-05 0.285227
9.9973E-05 0.250127 9.9973E-05 9.9973E-05 0.0292521 0.0640731 0.533402 0.042665 0.0577056 0.0224746
0.0357401 0.152578 0.0272644 9.9982E-05 0.0366506 0.075687 0.539891 9.9982E-05 0.0127645 0.119225
0.00202476 0.208505 9.9964E-05 0.00945407 9.9964E-05 0.0531259 0.641787 9.9964E-05 9.9964E-05 0.0847042
0.0564179 0.0793776 9.9973E-05 0.0547796 0.0233376 0.0515061 9.9973E-05 9.9973E-05 0.112194 0.622088
0.0430967 9.9964E-05 9.9964E-05 0.0791662 0.0403834 0.14255 9.9964E-05 9.9964E-05 0.11964 0.574763
0.0486566 9.9973E-05 0.00862228 0.090119 0.0642087 9.9973E-05 0.084998 9.9973E-05 0.152742 0.550354
0.0309795 0.0597208 9.9973E-05 0.0593247 0.0113478 0.0553379 9.9973E-05 9.9973E-05 0.131724 0.651266
9.9973E-05 0.166527 9.9973E-05 0.0238145 0.0494329 0.0571 0.22182 9.9973E-05 0.0479754 0.43303
9.99201E-05 9.99201E-05 9.99201E-05 9.99201E-05 9.99201E-05 9.99201E-05 9.99201E-05 9.99201E-05 9.99201E-05 0.999101
9.99201E-05 9.99201E-05 9.99201E-05 9.99201E-05 9.99201E-05 9.99201E-05 9.99201E-05 9.99201E-05 9.99201E-05 0.999101
9.9982E-05 0.0560566 9.9982E-05 0.0353803 0.0747189 0.0399022 0.420872 0.0183619 0.0309979 0.323511
9.999E-05 0.083646 0.0451222 0.10076 0.0220485 0.119967 0.121323 0.0379178 0.0709173 0.398198
0.0474351 9.9982E-05 0.0667981 0.0975604 0.0369736 0.00614815 0.301211 9.9982E-05 0.142205 0.301469
0.00728938 0.245929 0.0206121 9.9982E-05 0.0585818 0.0428156 0.309039 9.9982E-05 0.0404696 0.275064
9.9982E-05 0.0619073 9.9982E-05 0.0162659 0.0370328 0.0397891 0.178003 0.0239534 0.0524245 0.590424
9.9955E-05 9.9955E-05 0.0035644 0.0156266 9.9955E-05 0.0138326 9.9955E-05 9.9955E-05 0.00471347 0.961763
9.9964E-05 0.339382 0.0742878 9.9964E-05 9.9964E-05 0.0322185 0.198676 0.0578423 9.9964E-05 0.297194
0.0127502 0.324394 0.0394329 0.0252096 0.0426634 0.00598287 0.249744 0.0219584 9.9991E-05 0.277765
0.0155943 0.0948231 9.9982E-05 0.0800628 0.0800945 9.9982E-05 0.0377138 0.000745903 0.144798 0.545968
0.0169916 0.262416 0.0481795 0.0607062 0.0272087 0.0510666 0.187544 9.9991E-05 0.0241727 0.321615
0.0154662 0.0996935 9.9973E-05 0.0608372 9.9973E-05 0.0667859 0.198684 9.9973E-05 0.0751275 0.483106
9.99201E-05 9.99201E-05 9.99201E-05 9.99201E-05 9.99201E-05 9.99201E-05 9.99201E-05 9.99201E-05 9.99201E-05 0.999101
9.9973E-05 0.261188 0.0197848 9.9973E-05 0.072659 0.0778575 0.217384 9.9973E-05 0.0608586 0.289968
9.9964E-05 9.9964E-05 9.9964E-05 0.0683507 9.9964E-05 0.115061 0.208485 0.0208564 0.00833146 0.578515
0.0173863 0.154601 0.00732608 0.113812 9.9973E-05 0.0438439 0.107067 9.9973E-05 9.9973E-05 0.555664
0.000519979 0.191408 0.0186038 0.0246386 0.0365639 0.0260006 0.1109 0.0406229 9.9991E-05 0.550642
0.0181688 9.9955E-05 9.9955E-05 0.0124194 0.0350302 9.9955E-05 9.9955E-05 0.120109 9.9955E-05 0.813773
9.9973E-05 0.135875 0.00143693 0.0729982 9.9973E-05 0.0353327 0.18439 9.9973E-05 0.023453 0.546215
0.00751404 9.9946E-05 9.9946E-05 9.9946E-05 0.00450308 9.9946E-05 9.9946E-05 0.0523986 9.9946E-05 0.934985
0.0225045 0.343253 9.9946E-05 9.9946E-05 9.9946E-05 0.00413167 9.9946E-05 9.9946E-05 9.9946E-05 0.629511
0.021412 9.9964E-05 0.0153179 0.0252099 0.005004 9.9964E-05 9.9964E-05 0.0735109 9.9964E-05 0.859145
9.9982E-05 0.104673 9.9982E-05 0.0135133 0.0288676 0.0465547 0.179801 0.000464656 0.107559 0.518366
0.00174696 9.9937E-05 9.9937E-05 9.9937E-05 9.9937E-05 9.9937E-05 9.9937E-05 0.0386941 9.9937E-05 0.958859
0.0537949 0.0725152 0.0106649 0.0270095 0.0338896 9.9982E-05 0.0729023 9.9982E-05 0.0846206 0.644403
0.0476591 0.161816 9.9973E-05 0.0716294 0.0604854 0.0659996 0.115925 9.9973E-05 9.9973E-05 0.476186
9.9955E-05 0.0224071 0.0786251 9.9955E-05 9.9955E-05 9.9955E-05 0.0136669 0.0138122 9.9955E-05 0.870989
9.9955E-05 0.0970948 0.0555757 9.9955E-05 0.0100841 0.0648893 9.9955E-05 9.9955E-05 9.9955E-05 0.771856
9.9973E-05 0.328972 0.0398625 0.0615453 0.0125496 9.9973E-05 0.0442011 0.0194327 9.9973E-05 0.493137
9.9964E-05 0.194553 9.9964E-05 0.017466 9.9964E-05 0.0706531 0.0268441 0.0221627 9.9964E-05 0.667921
0.0384436 0.164067 9.9955E-05 9.9955E-05 0.0165387 9.9955E-05 9.9955E-05 0.00198019 9.9955E-05 0.778471
0.124916 0.169029 0.00108374 0.0338209 0.0187788 9.9982E-05 9.9982E-05 0.105467 0.0218404 0.524864
9.99371E-05 0.971144 9.99371E-05 9.99371E-05 0.00965781 9.99371E-05 9.99371E-05 9.99371E-05 0.0184983 9.99371E-05
9.9928E-05 0.9988 9.9928E-05 9.9928E-05 9.9928E-05 9.9928E-05 9.9928E-05 9.9928E-05 9.9928E-05 0.000400699
9.9946E-05 0.962103 0.000697039 9.9946E-05 0.00757687 9.9946E-05 9.9946E-05 9.9946E-05 9.9946E-05 0.0290232
9.99201E-05 0.999101 9.99201E-05 9.99201E-05 9.99201E-05 9.99201E-05 9.99201E-05 9.99201E-05 9.99201E-05 9.99201E-05
9.9946E-05 0.975374 9.9946E-05 9.9946E-05 0.0118764 0.00232039 9.9946E-05 9.9946E-05 9.9946E-05 0.00982958
0.0575151 0.625212 9.9973E-05 0.0558328 9.9973E-05 0.0376076 0.0929119 9.9973E-05 0.057984 0.072637
0.156004 0.481539 9.9973E-05 9.9973E-05 0.0110295 9.9973E-05 0.0068019 0.0301552 0.0254163 0.288755
0.0901756 0.459529 9.9991E-05 0.040882 0.0704012 0.0409313 0.00638537 0.0298022 0.10731 0.154483
0.0350024 0.478287 0.0326143 0.0607274 0.0807543 0.0350733 0.130438 9.9991E-05 0.058932 0.088072
0.0665634 0.521387 0.0132671 0.0852285 9.9982E-05 0.0392025 0.105427 9.9982E-05 0.0284616 0.140263
0.0535373 0.491294 9.9991E-05 0.0340636 0.0281228 0.0328351 0.00582116 0.0688296 0.0670515 0.218345
0.0708268 0.331421 0.00286302 0.129841 0.0719858 0.109397 0.0994279 9.9982E-05 9.9982E-05 0.184038
0.0535491 0.223282 0.0145443 0.032147 0.0391657 9.9982E-05 9.9982E-05 0.214006 0.102294 0.320811
0.052538 0.217353 9.9973E-05 0.0866956 0.0581397 9.9973E-05 9.9973E-05 0.177716 0.131832 0.275425
0.155625 0.315434 0.0176135 0.0679228 0.0826984 0.184416 9.9982E-05 9.9982E-05 0.0323176 0.143773
0.999101 9.99201E-05 9.99201E-05 9.99201E-05 9.99201E-05 9.99201E-05 9.99201E-05 9.99201E-05 9.99201E-05 9.99201E-05
0.92364 0.0414525 0.00586678 0.000201562 0.007071 9.9964E-05 9.9964E-05 9.9964E-05 0.0213687 9.9964E-05
0.830819 0.00686293 9.9964E-05 0.0120495 9.9964E-05 9.9964E-05 0.039362 0.051952 9.9964E-05 0.0585545
0.999101 9.99201E-05 9.99201E-05 9.99201E-05 9.99201E-05 9.99201E-05 9.99201E-05 9.99201E-05 9.99201E-05 9.99201E-05
0.999101 9.99201E-05 9.99201E-05 9.99201E-05 9.99201E-05 9.99201E-05 9.99201E-05 9.99201E-05 9.99201E-05 9.99201E-05
0.999101 9.99201E-05 9.99201E-05 9.99201E-05 9.99201E-05 9.99201E-05 9.99201E-05 9.99201E-05 9.99201E-05 9.99201E-05
0.992588 9.99371E-05 9.99371E-05 0.00540177 9.99371E-05 9.99371E-05 9.99371E-05 0.00131062 9.99371E-05 9.99371E-05
0.917093 0.000297696 9.9955E-05 9.9955E-05 0.00479083 9.9955E-05 0.0238525 9.9955E-05 0.0534665 9.9955E-05
0.999101 9.99201E-05 9.99201E-05 9.99201E-05 9.99201E-05 9.99201E-05 9.99201E-05 9.99201E-05 9.99201E-05 9.99201E-05
0.999101 9.99201E-05 9.99201E-05 9.99201E-05 9.99201E-05 9.99201E-05 9.99201E-05 9.99201E-05 9.99201E-05 9.99201E-05
0.0598578 0.395527 9.9982E-05 0.24332 0.0609192 0.0743837 0.110864 0.0491871 9.9982E-05 0.00574084
0.875612 9.9946E-05 9.9946E-05 9.9946E-05 9.9946E-05 0.0258057 9.9946E-05 0.0092007 9.9946E-05 0.0887818
0.979363 0.0183837 9.99371E-05 9.99371E-05 9.99371E-05 0.00155395 9.99371E-05 9.99371E-05 9.99371E-05 9.99371E-05
0.937408 0.0389761 0.00487754 9.9946E-05 9.9946E-05 0.0181389 9.9946E-05 9.9946E-05 9.9946E-05 9.9946E-05
9.99281E-05 0.972549 9.99281E-05 0.0266513 9.99281E-05 9.99281E-05 9.99281E-05 9.99281E-05 9.99281E-05 9.99281E-05
9.99201E-05 0.999101 9.99201E-05 9.99201E-05 9.99201E-05 9.99201E-05 9.99201E-05 9.99201E-05 9.99201E-05 9.99201E-05
9.99201E-05 0.999101 9.99201E-05 9.99201E-05 9.99201E-05 9.99201E-05 9.99201E-05 9.99201E-05 9.99201E-05 9.99201E-05
0.00352003 0.978972 9.9937E-05 9.9937E-05 0.0168081 9.9937E-05 9.9937E-05 9.9937E-05 9.9937E-05 9.9937E-05
0.00929118 0.782189 9.9973E-05 0.143875 0.0190078 0.014887 9.9973E-05 0.0228652 9.9973E-05 0.00758491
9.9946E-05 0.67703 9.9946E-05 0.0580461 9.9946E-05 9.9946E-05 0.170065 0.0942595 9.9946E-05 9.9946E-05
0.00512468 0.76814 9.9964E-05 0.0355464 9.9964E-05 0.00653766 0.104412 0.0798392 9.9964E-05 9.9964E-05
0.00673279 0.84031 9.9964E-05 0.0989995 9.9964E-05 0.00658336 9.9964E-05 0.0422323 9.9964E-05 0.00474233
0.0861267 0.840456 9.9946E-05 9.9946E-05 0.0222755 9.9946E-05 9.9946E-05 0.0505422 9.9946E-05 9.9946E-05
0.0461424 0.89836 9.9937E-05 9.9937E-05 9.9937E-05 9.9937E-05 9.9937E-05 0.0547981 9.9937E-05 9.9937E-05
0.00965497 0.714599 9.9973E-05 0.0439518 0.0420292 0.0744888 0.0905267 0.0244496 9.9973E-05 9.9973E-05
0.067514 0.833451 9.9955E-05 9.9955E-05 0.000537773 9.9955E-05 9.9955E-05 0.097019 0.000978767 9.9955E-05
9.9973E-05 0.737039 0.00702331 0.0853584 0.02648 0.041437 9.9973E-05 0.0428299 9.9973E-05 0.0595327
0.047775 0.64724 9.9973E-05 0.0925723 0.0512736 0.0228044 9.9973E-05 9.9973E-05 0.0720235 0.0660113
9.9955E-05 0.0327673 9.9955E-05 0.856094 0.0223925 9.9955E-05 0.0364362 9.9955E-05 9.9955E-05 0.0518098
0.0278105 9.9964E-05 0.00296565 0.871068 9.9964E-05 0.0631762 0.0253985 0.0091809 9.9964E-05 9.9964E-05
9.99201E-05 9.99201E-05 9.99201E-05 0.999101 9.99201E-05 9.99201E-05 9.99201E-05 9.99201E-05 9.99201E-05 9.99201E-05
9.9937E-05 9.9937E-05 9.9937E-05 0.977364 9.9937E-05 0.00349943 0.0184372 9.9937E-05 9.9937E-05 9.9937E-05
9.9928E-05 9.9928E-05 9.9928E-05 0.985575 9.9928E-05 0.0136255 9.9928E-05 9.9928E-05 9.9928E-05 9.9928E-05
9.9928E-05 0.061434 9.9928E-05 0.937767 9.9928E-05 9.9928E-05 9.9928E-05 9.9928E-05 9.9928E-05 9.9928E-05
9.99201E-05 9.99201E-05 9.99201E-05 0.999101 9.99201E-05 9.99201E-05 9.99201E-05 9.99201E-05 9.99201E-05 9.99201E-05
9.9964E-05 9.9964E-05 0.0147368 0.7721 9.9964E-05 0.00439 9.9964E-05 0.126729 0.00238758 0.0792566
9.99281E-05 9.99281E-05 9.99281E-05 0.98282 0.0163803 9.99281E-05 9.99281E-05 9.99281E-05 9.99281E-05 9.99281E-05
9.99201E-05 9.99201E-05 9.99201E-05 0.999101 9.99201E-05 9.99201E-05 9.99201E-05 9.99201E-05 9.99201E-05 9.99201E-05
0.0191377 9.9955E-05 0.0246522 0.817601 9.9955E-05 9.9955E-05 9.9955E-05 0.122083 0.0160263 9.9955E-05
0.0129669 0.0102999 9.9955E-05 0.969445 9.9955E-05 9.9955E-05 9.9955E-05 0.00214126 0.00464703 9.9955E-05
9.9964E-05 0.073791 0.00071569 0.734101 0.10058 9.9964E-05 9.9964E-05 0.0433546 9.9964E-05 0.047057
9.99201E-05 9.99201E-05 9.99201E-05 9.99201E-05 0.999101 9.99201E-05 9.99201E-05 9.99201E-05 9.99201E-05 9.99201E-05
0.0891857 0.507304 9.9982E-05 0.112128 0.0319229 0.0300975 9.9982E-05 0.0550879 0.0529221 0.121151
9.99201E-05 9.99201E-05 9.99201E-05 9.99201E-05 0.999101 9.99201E-05 9.99201E-05 9.99201E-05 9.99201E-05 9.99201E-05
9.99201E-05 9.99201E-05 9.99201E-05 9.99201E-05 0.999101 9.99201E-05 9.99201E-05 9.99201E-05 9.99201E-05 9.99201E-05
9.99371E-05 9.99371E-05 9.99371E-05 9.99371E-05 0.889213 9.99371E-05 9.99371E-05 0.0881971 9.99371E-05 0.0218904
0.0114602 0.123191 9.9973E-05 0.0145146 0.784329 0.0157473 0.034269 9.9973E-05 9.9973E-05 0.0161884
9.99201E-05 9.99201E-05 9.99201E-05 9.99201E-05 0.999101 9.99201E-05 9.99201E-05 9.99201E-05 9.99201E-05 9.99201E-05
9.9955E-05 0.0328556 0.00547816 0.0501139 0.892785 9.9955E-05 9.9955E-05 0.0182677 9.9955E-05 9.9955E-05
0.0127905 9.99281E-05 9.99281E-05 9.99281E-05 0.98641 9.99281E-05 9.99281E-05 9.99281E-05 9.99281E-05 9.99281E-05
9.9955E-05 9.9955E-05 9.9955E-05 0.0366176 0.908191 0.00248335 0.0470663 9.9955E-05 9.9955E-05 0.00514203
9.9946E-05 9.9946E-05 0.00683206 9.9946E-05 0.980869 9.9946E-05 9.9946E-05 9.9946E-05 0.0090236 0.00267588
0.000873876 9.9946E-05 9.9946E-05 9.9946E-05 0.979161 9.9946E-05 9.9946E-05 9.9946E-05 0.0023611 0.0170046
0.0104841 9.99371E-05 9.99371E-05 0.0198178 0.968999 9.99371E-05 9.99371E-05 9.99371E-05 9.99371E-05 9.99371E-05
0.0484738 9.9964E-05 9.9964E-05 0.027399 0.831771 0.0381528 9.9964E-05 0.0120655 0.0417378 9.9964E-05
9.99371E-05 9.99371E-05 0.0174659 9.99371E-05 0.970764 9.99371E-05 9.99371E-05 0.0110704 9.99371E-05 9.99371E-05
0.0303394 9.9964E-05 0.013225 0.0191314 0.883739 9.9964E-05 9.9964E-05 0.025959 9.9964E-05 0.0272063
0.00839272 9.9973E-05 9.9973E-05 0.0532507 0.841795 0.0374206 9.9973E-05 0.0341729 0.00701043 0.0176575
0.00852339 0.0316075 0.0154352 9.9973E-05 0.89526 0.00986062 9.9973E-05 0.0306721 0.0083417 9.9973E-05
9.99371E-05 0.0242493 9.99371E-05 0.00637309 0.968678 9.99371E-05 9.99371E-05 9.99371E-05 9.99371E-05 9.99371E-05
0.0609585 0.257795 0.0492962 0.0724487 0.030051 0.284265 0.00100802 0.113878 9.9991E-05 0.1302
0.0626719 0.293162 0.0250945 0.0629843 0.034949 0.292027 0.0203479 0.105055 9.9991E-05 0.103608
0.097099 0.218908 0.0508691 9.9973E-05 0.0471411 0.258869 9.9973E-05 0.158293 9.9973E-05 0.16852
0.057963 0.237262 0.0509472 9.9973E-05 0.0708216 0.268796 9.9973E-05 0.136967 9.9973E-05 0.176942
9.9946E-05 9.9946E-05 9.9946E-05 0.0301474 9.9946E-05 9.9946E-05 9.9946E-05 0.954307 0.00340623 0.0115393
9.99201E-05 9.99201E-05 9.99201E-05 9.99201E-05 9.99201E-05 9.99201E-05 9.99201E-05 0.999101 9.99201E-05 9.99201E-05
9.9946E-05 0.0215178 9.9946E-05 9.9946E-05 0.00446909 0.00187501 9.9946E-05 0.971538 9.9946E-05 9.9946E-05
9.99201E-05 9.99201E-05 9.99201E-05 9.99201E-05 9.99201E-05 9.99201E-05 9.99201E-05 0.999101 9.99201E-05 9.99201E-05
0.000423122 0.00954524 0.0126166 9.9964E-05 0.0121389 0.00474522 9.9964E-05 0.960131 9.9964E-05 9.9964E-05
0.016009 0.0276092 9.9946E-05 9.9946E-05 9.9946E-05 0.0157259 9.9946E-05 0.940056 9.9946E-05 9.9946E-05
0.00271101 0.0592828 9.9937E-05 9.9937E-05 9.9937E-05 9.9937E-05 9.9937E-05 0.937307 9.9937E-05 9.9937E-05
0.00246525 0.083188 0.0475054 0.021374 0.0170964 0.0197825 0.0475485 0.732445 0.00870488 0.0198905
9.9982E-05 0.0217319 0.0105472 0.00753522 0.0246353 0.0208549 0.0465938 0.855627 0.0122747 9.9982E-05
9.9946E-05 0.00966199 9.9946E-05 9.9946E-05 0.0112555 0.949001 9.9946E-05 9.9946E-05 0.0294823 9.9946E-05
9.99201E-05 9.99201E-05 9.99201E-05 9.99201E-05 9.99201E-05 0.999101 9.99201E-05 9.99201E-05 9.99201E-05 9.99201E-05
9.99201E-05 9.99201E-05 9.99201E-05 9.99201E-05 9.99201E-05 0.999101 9.99201E-05 9.99201E-05 9.99201E-05 9.99201E-05
9.99201E-05 9.99201E-05 9.99201E-05 9.99201E-05 9.99201E-05 0.999101 9.99201E-05 9.99201E-05 9.99201E-05 9.99201E-05
9.99201E-05 9.99201E-05 9.99201E-05 9.99201E-05 9.99201E-05 0.999101 9.99201E-05 9.99201E-05 9.99201E-05 9.99201E-05
0.00920903 0.0342105 0.014722 0.000197167 9.9982E-05 0.883299 9.9982E-05 0.0203107 0.006991 0.030861
9.99201E-05 9.99201E-05 9.99201E-05 9.99201E-05 9.99201E-05 0.999101 9.99201E-05 9.99201E-05 9.99201E-05 9.99201E-05
9.99201E-05 9.99201E-05 9.99201E-05 9.99201E-05 9.99201E-05 0.999101 9.99201E-05 9.99201E-05 9.99201E-05 9.99201E-05
9.99371E-05 9.99371E-05 9.99371E-05 9.99371E-05 0.00983325 0.979216 9.99371E-05 0.0102511 9.99371E-05 9.99371E-05
9.9937E-05 9.9937E-05 9.9937E-05 0.0386001 0.020612 0.940088 9.9937E-05 9.9937E-05 9.9937E-05 9.9937E-05
0.00125527 9.9946E-05 9.9946E-05 9.9946E-05 0.0393602 0.955604 9.9946E-05 0.00318057 9.9946E-05 9.9946E-05
9.9946E-05 9.9946E-05 9.9946E-05 0.0109576 9.9946E-05 0.952487 9.9946E-05 0.00569845 9.9946E-05 0.0302569
