9.99201E-05 9.99201E-05 9.99201E-05 9.99201E-05 9.99201E-05 9.99201E-05 9.99201E-05 0.999101 9.99201E-05 9.99201E-05
9.9946E-05 9.9946E-05 9.9946E-05 0.0611019 9.9946E-05 9.9946E-05 0.0317807 0.0702999 0.836218 9.9946E-05
9.9955E-05 0.0251536 9.9955E-05 0.0144543 9.9955E-05 9.9955E-05 0.0922442 0.0564231 0.811225 9.9955E-05
9.99201E-05 9.99201E-05 9.99201E-05 9.99201E-05 9.99201E-05 9.99201E-05 9.99201E-05 9.99201E-05 0.999101 9.99201E-05
0.149619 0.0998558 0.035535 9.9955E-05 9.9955E-05 9.9955E-05 9.9955E-05 9.9955E-05 0.662769 0.0517211
0.0251182 0.19797 0.0339649 9.9973E-05 0.125505 9.9973E-05 0.0259624 0.0739725 0.517207 9.9973E-05
9.9937E-05 0.295394 9.9937E-05 9.9937E-05 9.9937E-05 9.9937E-05 9.9937E-05 0.181264 0.522643 9.9937E-05
9.9973E-05 0.138195 9.9973E-05 0.0188459 0.0751389 9.9973E-05 0.0791575 0.177422 0.510646 0.000295032
9.9973E-05 0.269822 9.9973E-05 0.00752883 0.0691264 9.9973E-05 0.0288596 0.0597211 0.515108 0.0495345
9.99201E-05 9.99201E-05 9.99201E-05 9.99201E-05 9.99201E-05 9.99201E-05 9.99201E-05 0.999101 9.99201E-05 9.99201E-05
9.99201E-05 9.99201E-05 9.99201E-05 9.99201E-05 9.99201E-05 9.99201E-05 9.99201E-05 0.999101 9.99201E-05 9.99201E-05
9.99201E-05 9.99201E-05 9.99201E-05 9.99201E-05 9.99201E-05 9.99201E-05 9.99201E-05 0.999101 9.99201E-05 9.99201E-05
9.9928E-05 9.9928E-05 9.9928E-05 0.0170767 9.9928E-05 9.9928E-05 9.9928E-05 0.982124 9.9928E-05 9.9928E-05
0.0293771 0.0549336 9.99371E-05 9.99371E-05 9.99371E-05 9.99371E-05 9.99371E-05 0.91499 9.99371E-05 9.99371E-05
9.9946E-05 9.9946E-05 9.9946E-05 9.9946E-05 0.051101 9.9946E-05 0.000172434 0.913331 0.0347961 9.9946E-05
9.9973E-05 0.0734674 9.9973E-05 9.9973E-05 0.261222 0.00435669 0.00806327 0.0749273 0.534781 0.0428824
0.156628 0.118406 9.9982E-05 9.9982E-05 0.154562 0.0445069 0.0478397 0.159518 0.295803 0.0225369
9.99201E-05 9.99201E-05 9.99201E-05 9.99201E-05 9.99201E-05 9.99201E-05 9.99201E-05 9.99201E-05 0.999101 9.99201E-05
0.0616364 0.883209 9.9964E-05 0.0218492 0.000982296 9.9964E-05 9.9964E-05 9.9964E-05 0.019874 0.0120496
0.0229403 0.959019 0.0109599 9.9946E-05 9.9946E-05 9.9946E-05 9.9946E-05 9.9946E-05 9.9946E-05 0.00648112
9.9964E-05 0.771524 0.0389819 0.00318798 9.9964E-05 9.9964E-05 9.9964E-05 0.0411355 0.128581 0.0161904
0.0513558 0.76235 9.9973E-05 0.012548 0.0751374 0.00102433 0.0626728 9.9973E-05 0.0346112 9.9973E-05
0.0576062 0.85904 9.9955E-05 9.9955E-05 9.9955E-05 9.9955E-05 0.0567277 9.9955E-05 0.0256273 0.000499181
0.0325457 0.915182 9.9946E-05 9.9946E-05 9.9946E-05 0.0129892 9.9946E-05 0.0386837 9.9946E-05 9.9946E-05
9.9946E-05 0.93111 9.9946E-05 9.9946E-05 0.037552 0.0111032 9.9946E-05 0.0196355 9.9946E-05 9.9946E-05
9.9973E-05 0.715079 0.0908606 9.9973E-05 0.0890906 0.0499166 0.010489 0.00206983 9.9973E-05 0.042194
0.0138783 0.768147 0.0105587 9.9973E-05 0.0117565 0.0141358 0.0866453 9.9973E-05 9.9973E-05 0.0945781
9.99371E-05 0.919676 9.99371E-05 9.99371E-05 0.0355077 9.99371E-05 9.99371E-05 9.99371E-05 0.0441165 9.99371E-05
0.00979661 0.743076 0.103961 9.99839E-05 0.0249292 0.0301464 9.99839E-05 0.0349478 0.0295295 0.0234137
9.9946E-05 0.817063 0.00921116 9.9946E-05 9.9946E-05 9.9946E-05 9.9946E-05 0.0338312 0.139295 9.9946E-05
9.99371E-05 0.937212 9.99371E-05 9.99371E-05 9.99371E-05 9.99371E-05 9.99371E-05 0.0277204 9.99371E-05 0.034368
9.9964E-05 0.837242 9.9964E-05 0.0209111 0.0924305 0.0292178 0.0134222 9.9964E-05 9.9964E-05 0.00637606
9.9973E-05 0.759347 0.172233 0.00219161 0.0246921 0.0131485 0.0208395 9.9973E-05 9.9973E-05 0.00724848
9.9964E-05 0.678221 0.0801026 9.9964E-05 0.00446032 0.105664 0.0695411 0.061611 9.9964E-05 9.9964E-05
0.0801012 0.841544 9.9946E-05 9.9946E-05 9.9946E-05 9.9946E-05 0.0284213 9.9946E-05 0.0493342 9.9946E-05
9.9937E-05 0.815205 9.9937E-05 9.9937E-05 9.9937E-05 9.9937E-05 9.9937E-05 0.0569788 0.127117 9.9937E-05
9.9955E-05 0.592666 0.064349 9.9955E-05 0.284745 9.9955E-05 0.00441896 9.9955E-05 9.9955E-05 0.0533211
0.0402321 0.530184 0.246039 9.9973E-05 0.0348161 9.9973E-05 0.021714 9.9973E-05 0.0647272 0.061988
9.9982E-05 0.553252 0.187583 0.0723539 0.0265212 9.9982E-05 0.061071 0.00301858 0.0162276 0.0797734
9.9964E-05 0.626248 0.247151 9.9964E-05 0.0350505 0.0251856 9.9964E-05 0.0124278 9.9964E-05 0.0535376
9.9973E-05 9.9973E-05 0.0820148 0.0459001 0.516198 0.0928628 0.00707141 9.9973E-05 0.19681 0.0588429
0.0136471 9.9982E-05 0.124282 0.00146928 0.533651 0.151092 0.028894 9.9982E-05 0.118812 0.0279528
9.9973E-05 0.118659 9.9973E-05 0.0425367 0.460604 0.120402 0.0536084 0.0228782 0.181012 9.9973E-05
0.000204974 9.9982E-05 0.052609 0.0483564 0.621041 0.071759 0.00359943 9.9982E-05 0.150775 0.0514552
9.9973E-05 0.218032 0.178022 9.9973E-05 0.419427 0.017561 0.0505394 9.9973E-05 0.0284513 0.0876663
9.99201E-05 9.99201E-05 9.99201E-05 9.99201E-05 0.999101 9.99201E-05 9.99201E-05 9.99201E-05 9.99201E-05 9.99201E-05
9.99201E-05 9.99201E-05 9.99201E-05 9.99201E-05 0.999101 9.99201E-05 9.99201E-05 9.99201E-05 9.99201E-05 9.99201E-05
9.9973E-05 0.363462 9.9973E-05 0.0336351 0.413574 0.058281 0.0593425 9.9973E-05 0.0404471 0.0309585
9.9982E-05 0.0882882 0.0619885 9.9982E-05 0.455931 0.102037 0.0719193 0.0506173 0.0797399 0.0892785
9.9982E-05 0.300549 0.00506478 0.0368094 0.293065 0.112398 0.0233233 0.0699444 0.158646 9.9982E-05
9.9982E-05 0.214202 0.223792 0.00398933 0.409002 9.9982E-05 0.0245771 0.0239435 0.0134396 0.0868554
0.0212031 0.13993 0.0624366 9.9982E-05 0.631723 0.00857612 0.0571586 9.9982E-05 0.040976 0.0377968
0.0475034 0.00415455 9.9964E-05 9.9964E-05 0.904298 9.9964E-05 0.0207831 0.0107788 9.9964E-05 0.0120824
0.0016715 0.174733 0.453668 9.9964E-05 0.273881 9.9964E-05 9.9964E-05 0.0428465 9.9964E-05 0.0527997
0.0227547 0.0982063 0.400891 0.00565885 0.314329 0.0251748 9.9991E-05 0.0524462 0.0264666 0.0539734
0.0138522 0.0567427 0.0390012 0.00367026 0.573181 0.0777834 0.0864084 9.9982E-05 0.149161 9.9982E-05
9.9982E-05 0.166932 0.246106 9.9982E-05 0.321372 0.0440054 0.0762579 0.0621193 0.0289735 0.0540343
9.9973E-05 0.206463 0.195703 0.0346349 0.377006 0.0478971 9.9973E-05 9.9973E-05 0.0399117 0.0980841
9.99201E-05 9.99201E-05 9.99201E-05 9.99201E-05 0.999101 9.99201E-05 9.99201E-05 9.99201E-05 9.99201E-05 9.99201E-05
9.9982E-05 0.165414 0.243335 0.00755975 0.37499 9.9982E-05 0.0341215 0.0409412 0.0499754 0.0834631
9.9955E-05 0.207502 0.0131869 9.9955E-05 0.547175 0.124309 9.9955E-05 9.9955E-05 9.9955E-05 0.107327
9.9973E-05 0.0514092 0.0378293 0.017714 0.59599 0.153765 9.9973E-05 0.0207196 0.122274 9.9973E-05
0.0180785 0.127333 0.180402 0.0566497 0.518573 0.00489587 0.0343561 9.9982E-05 9.9982E-05 0.0595122
0.0415708 9.99461E-05 9.99461E-05 0.0111194 0.902153 0.0445567 9.99461E-05 9.99461E-05 9.99461E-05 9.99461E-05
9.9982E-05 0.0997731 0.083291 0.00654371 0.620424 0.0749851 9.9982E-05 0.00903828 0.0977368 0.00800759
0.0726993 9.9955E-05 9.9955E-05 0.00541601 0.879725 0.00480622 0.0368537 9.9955E-05 9.9955E-05 9.9955E-05
9.9955E-05 9.9955E-05 0.32479 0.0470803 0.618435 9.9955E-05 0.00145449 9.9955E-05 0.00774108 9.9955E-05
0.118375 9.9964E-05 9.9964E-05 0.033117 0.786194 0.0237549 0.0359673 0.0021918 9.9964E-05 9.9964E-05
0.0311139 0.179665 0.111206 0.0170528 0.467982 0.00816062 0.0100524 9.9991E-05 0.0898949 0.0847724
0.0363173 9.9955E-05 9.9955E-05 0.00057703 0.942062 0.020014 0.000530188 9.9955E-05 9.9955E-05 9.9955E-05
9.9982E-05 0.0730974 0.0821187 0.0595196 0.609953 0.0261522 0.0461115 0.0311563 0.0716918 9.9982E-05
0.071575 0.0750194 0.160111 0.0233383 0.555486 0.0546115 0.0427983 9.9982E-05 9.9982E-05 0.0168602
9.9955E-05 0.0146691 0.140691 9.9955E-05 0.749581 9.9955E-05 9.9955E-05 0.0779338 9.9955E-05 0.0166252
9.9946E-05 9.9946E-05 0.163078 9.9946E-05 0.737762 9.9946E-05 9.9946E-05 0.0464475 9.9946E-05 0.0521125
0.0148925 0.0388363 0.302876 9.9973E-05 0.508243 0.102332 9.9973E-05 0.0151199 9.9973E-05 0.0173996
0.0292009 0.0143785 0.122286 0.024637 0.653971 0.00977964 9.9973E-05 9.9973E-05 9.9973E-05 0.145448
0.0206134 9.9964E-05 0.107205 0.0205198 0.752194 9.9964E-05 0.0583777 9.9964E-05 0.0406901 9.9964E-05
0.107158 9.9973E-05 0.164858 0.0962416 0.5367 0.0380418 9.9973E-05 0.00021867 0.0564819 9.9973E-05
9.99371E-05 9.99371E-05 0.889709 9.99371E-05 9.99371E-05 9.99371E-05 9.99371E-05 9.99371E-05 0.0504893 0.059102
0.00877547 9.9928E-05 0.990425 9.9928E-05 9.9928E-05 9.9928E-05 9.9928E-05 9.9928E-05 9.9928E-05 9.9928E-05
9.99371E-05 9.99371E-05 0.976144 9.99371E-05 0.0123346 9.99371E-05 9.99371E-05 0.0108221 9.99371E-05 9.99371E-05
9.99281E-05 9.99281E-05 0.954725 9.99281E-05 0.0444755 9.99281E-05 9.99281E-05 9.99281E-05 9.99281E-05 9.99281E-05
9.99281E-05 9.99281E-05 0.994002 9.99281E-05 9.99281E-05 9.99281E-05 0.00519823 9.99281E-05 9.99281E-05 9.99281E-05
9.9973E-05 0.0946071 0.522544 0.116448 0.146563 0.027915 9.9973E-05 9.9973E-05 0.0502135 0.0414089
0.0528303 9.9982E-05 0.443922 0.13871 0.240489 0.00565717 0.0530915 9.9982E-05 0.0572911 0.00780792
9.9964E-05 9.9964E-05 0.572919 0.106525 0.119419 9.9964E-05 0.0722297 9.9964E-05 0.0946644 0.0338443
9.999E-05 0.120889 0.460555 0.0370866 0.116425 0.0303626 0.0599274 0.035738 0.060026 0.0788897
9.9982E-05 0.13846 0.476677 0.111269 0.150764 0.0719717 9.9982E-05 0.0054931 0.0139776 0.0311879
0.0527788 0.00375766 0.423171 0.0831813 0.225131 0.0531993 0.021264 9.9991E-05 0.0716824 0.0657345
0.0165868 0.0495224 0.349912 0.10537 0.204231 0.102859 0.0666249 0.0228124 9.9991E-05 0.0819821
0.171212 9.9982E-05 0.309456 0.110011 0.189301 0.0459036 0.0543863 0.00756674 0.111964 9.9982E-05
0.156616 9.9973E-05 0.295369 0.0527512 0.201723 0.10607 0.038573 9.9973E-05 0.148597 9.9973E-05
0.0112486 0.0110178 0.33298 0.166884 0.164397 0.046407 0.0860199 0.0226656 0.00360775 0.154772
9.99281E-05 9.99281E-05 9.99281E-05 0.987793 9.99281E-05 9.99281E-05 0.0114077 9.99281E-05 9.99281E-05 9.99281E-05
9.999E-05 0.00252811 0.0126032 0.903889 0.026408 0.0108233 0.0148943 0.00457829 0.00426287 0.0199128
0.023669 0.0225815 0.0388651 0.840861 0.0275468 9.9973E-05 9.9973E-05 0.0261642 9.9973E-05 0.0200127
9.99201E-05 9.99201E-05 9.99201E-05 0.999101 9.99201E-05 9.99201E-05 9.99201E-05 9.99201E-05 9.99201E-05 9.99201E-05
9.99201E-05 9.99201E-05 9.99201E-05 0.999101 9.99201E-05 9.99201E-05 9.99201E-05 9.99201E-05 9.99201E-05 9.99201E-05
9.99201E-05 9.99201E-05 9.99201E-05 0.999101 9.99201E-05 9.99201E-05 9.99201E-05 9.99201E-05 9.99201E-05 9.99201E-05
9.99438E-05 0.0158623 9.99438E-05 0.971068 9.99438E-05 9.99438E-05 9.99438E-05 9.99438E-05 0.0123706 9.99438E-05
9.9973E-05 0.0586947 0.0050353 0.872631 0.00545871 9.9973E-05 0.0216295 0.00872087 0.0275295 9.9973E-05
9.99281E-05 9.99281E-05 9.99281E-05 0.995668 9.99281E-05 9.99281E-05 9.99281E-05 9.99281E-05 9.99281E-05 0.00353277
9.99201E-05 9.99201E-05 9.99201E-05 0.999101 9.99201E-05 9.99201E-05 9.99201E-05 9.99201E-05 9.99201E-05 9.99201E-05
0.0689119 0.0857798 0.400188 0.0438055 0.00137745 0.227775 0.0732155 9.9982E-05 9.9982E-05 0.0987464
0.0291624 9.9937E-05 9.9937E-05 0.916801 0.0533372 9.9937E-05 9.9937E-05 9.9937E-05 9.9937E-05 9.9937E-05
9.99281E-05 9.99281E-05 9.99281E-05 0.996662 9.99281E-05 9.99281E-05 9.99281E-05 0.00253902 9.99281E-05 9.99281E-05
9.9946E-05 9.9946E-05 0.0249422 0.952175 0.0103994 9.9946E-05 9.9946E-05 0.0118838 9.9946E-05 9.9946E-05
9.99201E-05 9.99201E-05 0.999101 9.99201E-05 9.99201E-05 9.99201E-05 9.99201E-05 9.99201E-05 9.99201E-05 9.99201E-05
9.99201E-05 9.99201E-05 0.999101 9.99201E-05 9.99201E-05 9.99201E-05 9.99201E-05 9.99201E-05 9.99201E-05 9.99201E-05
9.99201E-05 9.99201E-05 0.999101 9.99201E-05 9.99201E-05 9.99201E-05 9.99201E-05 9.99201E-05 9.99201E-05 9.99201E-05
9.99201E-05 9.99201E-05 0.999101 9.99201E-05 9.99201E-05 9.99201E-05 9.99201E-05 9.99201E-05 9.99201E-05 9.99201E-05
0.0228081 9.9946E-05 0.856652 9.9946E-05 9.9946E-05 0.094421 9.9946E-05 9.9946E-05 9.9946E-05 0.0255188
0.102419 0.132058 0.588721 0.00996533 9.9982E-05 0.0951613 0.0095899 9.9982E-05 0.0241079 0.0377778
0.0664189 0.0825227 0.733399 0.0635232 0.0276213 0.00790489 9.9973E-05 9.9973E-05 9.9973E-05 0.0183103
0.0618381 9.9955E-05 0.811423 0.0105791 0.0379198 0.0777399 9.9955E-05 9.9955E-05 9.9955E-05 9.9955E-05
0.0426859 9.9955E-05 0.832193 0.0837225 9.9955E-05 0.00749737 0.0334013 9.9955E-05 9.9955E-05 9.9955E-05
0.0430513 9.9955E-05 0.886788 0.0648542 9.9955E-05 0.0039772 0.000829353 9.9955E-05 9.9955E-05 9.9955E-05
0.0178349 0.0974396 0.757442 0.0140709 9.9982E-05 0.0247311 0.0269842 9.9982E-05 0.00743859 0.0538584
0.128362 0.0128911 0.728938 0.0708671 0.00945676 9.9991E-05 0.0239216 0.0141885 0.0110454 0.000229885
0.0483964 9.9973E-05 0.817231 9.9973E-05 0.00904075 0.0604609 0.0258984 0.0118876 9.9973E-05 0.0267849
0.0222086 9.9982E-05 0.681832 0.0626482 0.0325708 0.101347 0.0206317 9.9982E-05 0.0412295 0.0373315
0.00459082 9.9955E-05 0.0531364 0.00685736 9.9955E-05 0.926597 0.00831842 9.9955E-05 9.9955E-05 9.9955E-05
0.0207669 0.0241472 9.9964E-05 0.0144344 9.9964E-05 0.859671 9.9964E-05 0.0265795 9.9964E-05 0.0540013
9.99201E-05 9.99201E-05 9.99201E-05 9.99201E-05 9.99201E-05 0.999101 9.99201E-05 9.99201E-05 9.99201E-05 9.99201E-05
9.99201E-05 9.99201E-05 9.99201E-05 9.99201E-05 9.99201E-05 0.999101 9.99201E-05 9.99201E-05 9.99201E-05 9.99201E-05
9.9937E-05 9.9937E-05 9.9937E-05 9.9937E-05 9.9937E-05 0.992683 0.000988685 9.9937E-05 9.9937E-05 0.00562851
9.9937E-05 0.0038307 0.00467201 9.9937E-05 9.9937E-05 0.990798 9.9937E-05 9.9937E-05 9.9937E-05 9.9937E-05
9.99281E-05 9.99281E-05 9.99281E-05 0.0121383 9.99281E-05 0.987062 9.99281E-05 9.99281E-05 9.99281E-05 9.99281E-05
0.11236 9.99461E-05 9.99461E-05 9.99461E-05 0.0356727 0.807862 9.99461E-05 0.0435054 9.99461E-05 9.99461E-05
9.99201E-05 9.99201E-05 9.99201E-05 9.99201E-05 9.99201E-05 0.999101 9.99201E-05 9.99201E-05 9.99201E-05 9.99201E-05
9.9937E-05 9.9937E-05 9.9937E-05 9.9937E-05 9.9937E-05 0.979898 0.0155379 9.9937E-05 9.9937E-05 0.0038647
0.0443032 9.99551E-05 9.99551E-05 0.0419787 9.99551E-05 0.887754 9.99551E-05 0.012006 0.0134587 9.99551E-05
9.99201E-05 9.99201E-05 9.99201E-05 9.99201E-05 9.99201E-05 0.999101 9.99201E-05 9.99201E-05 9.99201E-05 9.99201E-05
0.031219 9.9973E-05 9.9973E-05 0.0109815 0.0362235 0.789369 0.105265 9.9973E-05 0.0236581 0.0029843
9.99201E-05 9.99201E-05 9.99201E-05 9.99201E-05 9.99201E-05 9.99201E-05 0.999101 9.99201E-05 9.99201E-05 9.99201E-05
0.0784442 9.9982E-05 0.511749 0.093866 0.107316 0.0932703 0.0645998 9.9982E-05 0.0135883 0.0369664
9.99201E-05 9.99201E-05 9.99201E-05 9.99201E-05 9.99201E-05 9.99201E-05 0.999101 9.99201E-05 9.99201E-05 9.99201E-05
9.99201E-05 9.99201E-05 9.99201E-05 9.99201E-05 9.99201E-05 9.99201E-05 0.999101 9.99201E-05 9.99201E-05 9.99201E-05
0.0872959 9.99281E-05 9.99281E-05 9.99281E-05 9.99281E-05 9.99281E-05 0.911905 9.99281E-05 9.99281E-05 9.99281E-05
9.9973E-05 0.0324335 9.9973E-05 0.0163793 0.073717 0.0820024 0.778971 0.0120687 9.9973E-05 0.00412831
9.99201E-05 9.99201E-05 9.99201E-05 9.99201E-05 9.99201E-05 9.99201E-05 0.999101 9.99201E-05 9.99201E-05 9.99201E-05
0.0452533 9.9964E-05 0.0389169 9.9964E-05 0.0195277 0.00593 0.889765 0.000207525 9.9964E-05 9.9964E-05
9.99371E-05 9.99371E-05 9.99371E-05 0.0180237 9.99371E-05 9.99371E-05 0.962198 9.99371E-05 0.0190786 9.99371E-05
9.9955E-05 9.9955E-05 0.00702491 0.00557247 0.0113214 0.026649 0.948932 9.9955E-05 9.9955E-05 9.9955E-05
0.00868639 0.0161026 9.9955E-05 9.9955E-05 0.00150354 9.9955E-05 0.965271 0.00793657 9.9955E-05 9.9955E-05
9.99281E-05 9.99281E-05 9.99281E-05 9.99281E-05 9.99281E-05 9.99281E-05 0.995898 9.99281E-05 9.99281E-05 0.00330247
9.9946E-05 9.9946E-05 9.9946E-05 0.00316163 9.9946E-05 0.024959 0.964286 9.9946E-05 0.00699351 9.9946E-05
9.9964E-05 9.9964E-05 0.0258609 0.0465329 9.9964E-05 0.0513747 0.820846 9.9964E-05 0.0486652 0.00632
9.99371E-05 9.99371E-05 0.0260117 9.99371E-05 9.99371E-05 9.99371E-05 0.963505 0.00978407 9.99371E-05 9.99371E-05
0.0197772 9.9955E-05 9.9955E-05 0.0157854 0.0566283 0.0168163 0.890493 9.9955E-05 9.9955E-05 9.9955E-05
0.0348408 9.9937E-05 9.9937E-05 9.9937E-05 9.9937E-05 9.9937E-05 0.904421 9.9937E-05 9.9937E-05 0.0600384
9.9955E-05 9.9955E-05 0.0222679 9.9955E-05 0.0750017 9.9955E-05 0.821872 0.0259212 9.9955E-05 0.0544376
0.000940134 0.0059169 9.9964E-05 9.9964E-05 0.0196644 0.00743279 0.960092 0.00555434 9.9964E-05 9.9964E-05
0.101798 9.9982E-05 0.371695 0.0321591 0.100711 0.0491669 0.0567424 0.0423511 9.9982E-05 0.245176
0.118996 0.0696583 0.330779 0.0155961 0.104582 0.0612872 0.0175138 0.0581542 0.0011226 0.222311
0.117639 9.9982E-05 0.298046 0.0583445 0.124829 0.0240927 0.0308416 0.0705567 9.9982E-05 0.27545
0.0800135 9.9982E-05 0.436849 0.00576288 0.0874394 0.00560083 0.07205 0.0570916 9.9982E-05 0.254993
0.95668 0.0106196 9.9946E-05 9.9946E-05 0.00486052 0.0272404 9.9946E-05 9.9946E-05 9.9946E-05 9.9946E-05
0.999101 9.99201E-05 9.99201E-05 9.99201E-05 9.99201E-05 9.99201E-05 9.99201E-05 9.99201E-05 9.99201E-05 9.99201E-05
0.976878 9.99558E-05 0.00528053 0.0141049 9.99558E-05 0.000425086 0.00281216 9.99558E-05 9.99558E-05 9.99558E-05
0.999101 9.99201E-05 9.99201E-05 9.99201E-05 9.99201E-05 9.99201E-05 9.99201E-05 9.99201E-05 9.99201E-05 9.99201E-05
0.991094 9.9937E-05 9.9937E-05 9.9937E-05 9.9937E-05 9.9937E-05 0.00382699 9.9937E-05 9.9937E-05 0.00437983
0.911252 9.9955E-05 0.0382146 0.0171842 9.9955E-05 0.0136033 9.9955E-05 9.9955E-05 9.9955E-05 0.0192461
0.893111 0.00154729 0.0414974 0.0153277 9.9973E-05 9.9973E-05 0.0166973 0.00390258 9.9973E-05 0.0276173
0.749193 0.0977043 0.0641421 0.00809964 9.9973E-05 9.9973E-05 0.0362123 0.0118482 9.9973E-05 0.0325008
0.867223 0.00363557 0.0647693 9.9964E-05 0.0605954 9.9964E-05 9.9964E-05 0.00139803 9.9964E-05 0.00197865
9.99281E-05 9.99281E-05 9.99281E-05 9.99281E-05 9.99281E-05 9.99281E-05 9.99281E-05 9.99281E-05 0.006912 0.992289
0.00569469 9.9946E-05 9.9946E-05 0.0021805 9.9946E-05 0.036099 9.9946E-05 9.9946E-05 9.9946E-05 0.955426
9.99201E-05 9.99201E-05 9.99201E-05 9.99201E-05 9.99201E-05 9.99201E-05 9.99201E-05 9.99201E-05 9.99201E-05 0.999101
9.99201E-05 9.99201E-05 9.99201E-05 9.99201E-05 9.99201E-05 9.99201E-05 9.99201E-05 9.99201E-05 9.99201E-05 0.999101
9.99201E-05 9.99201E-05 9.99201E-05 9.99201E-05 9.99201E-05 9.99201E-05 9.99201E-05 9.99201E-05 9.99201E-05 0.999101
0.0145475 0.0022138 0.070801 9.9964E-05 9.9964E-05 9.9964E-05 0.0349143 9.9964E-05 0.00722141 0.869902
9.99201E-05 9.99201E-05 9.99201E-05 9.99201E-05 9.99201E-05 9.99201E-05 9.99201E-05 9.99201E-05 9.99201E-05 0.999101
9.99201E-05 9.99201E-05 9.99201E-05 9.99201E-05 9.99201E-05 9.99201E-05 9.99201E-05 9.99201E-05 9.99201E-05 0.999101
0.0256975 0.00613049 9.9955E-05 9.9955E-05 0.00373167 9.9955E-05 0.000881166 9.9955E-05 9.9955E-05 0.963059
9.9964E-05 9.9964E-05 0.0215131 0.00837465 0.0219077 0.018796 0.0125588 9.9964E-05 9.9964E-05 0.91645
9.99201E-05 9.99201E-05 9.99201E-05 9.99201E-05 9.99201E-05 9.99201E-05 9.99201E-05 9.99201E-05 9.99201E-05 0.999101
9.99281E-05 9.99281E-05 9.99281E-05 9.99281E-05 9.99281E-05 9.99281E-05 9.99281E-05 9.99281E-05 0.00110618 0.998094
