9.99201E-05 9.99201E-05 9.99201E-05 9.99201E-05 9.99201E-05 9.99201E-05 0.999101 9.99201E-05 9.99201E-05 9.99201E-05
9.9955E-05 9.9955E-05 0.0231191 0.764111 0.0575659 9.9955E-05 0.102743 0.0519615 9.9955E-05 9.9955E-05
9.9955E-05 9.9955E-05 0.0463055 0.753069 0.082992 9.9955E-05 0.101223 0.0159111 9.9955E-05 9.9955E-05
9.99201E-05 9.99201E-05 9.99201E-05 0.999101 9.99201E-05 9.99201E-05 9.99201E-05 9.99201E-05 9.99201E-05 9.99201E-05
0.0326935 0.066272 0.171099 0.609421 9.9964E-05 9.9964E-05 9.9964E-05 9.9964E-05 0.107006 0.0131086
9.9973E-05 0.0929989 0.255193 0.54462 0.0424025 0.0362495 0.0280518 0.000184853 9.9973E-05 9.9973E-05
9.9937E-05 9.9937E-05 0.293927 0.530952 9.9937E-05 9.9937E-05 0.174422 9.9937E-05 9.9937E-05 9.9937E-05
0.0120889 0.131076 0.180865 0.421285 0.048124 9.9982E-05 0.187018 0.0027136 9.9982E-05 0.0166289
0.0587772 0.0263749 0.256634 0.519475 0.0359354 0.00872574 0.0738893 0.0199889 9.9982E-05 9.9982E-05
9.99201E-05 9.99201E-05 9.99201E-05 9.99201E-05 9.99201E-05 9.99201E-05 0.999101 9.99201E-05 9.99201E-05 9.99201E-05
9.99201E-05 9.99201E-05 9.99201E-05 9.99201E-05 9.99201E-05 9.99201E-05 0.999101 9.99201E-05 9.99201E-05 9.99201E-05
9.99201E-05 9.99201E-05 9.99201E-05 9.99201E-05 9.99201E-05 9.99201E-05 0.999101 9.99201E-05 9.99201E-05 9.99201E-05
9.99281E-05 9.99281E-05 9.99281E-05 9.99281E-05 9.99281E-05 9.99281E-05 0.987184 9.99281E-05 0.0120166 9.99281E-05
9.9955E-05 0.0141934 0.0632866 9.9955E-05 0.0142089 9.9955E-05 0.88447 9.9955E-05 0.0233409 9.9955E-05
9.9946E-05 0.0419972 9.9946E-05 0.0113862 0.0142578 9.9946E-05 0.931759 9.9946E-05 9.9946E-05 9.9946E-05
0.0271688 0.233605 0.0761539 0.557463 9.9964E-05 9.9964E-05 0.0698064 9.9964E-05 9.9964E-05 0.0354035
0.0415852 0.116226 0.0218064 0.375754 0.0229186 0.0722854 0.113711 0.0667704 0.157652 0.0112913
9.9928E-05 9.9928E-05 9.9928E-05 0.984255 9.9928E-05 0.0149455 9.9928E-05 9.9928E-05 9.9928E-05 9.9928E-05
0.0126367 0.0192287 0.85129 0.064084 9.9964E-05 9.9964E-05 9.9964E-05 0.0114085 0.0409519 9.9964E-05
9.99371E-05 9.99371E-05 0.937182 9.99371E-05 9.99371E-05 0.018279 9.99371E-05 9.99371E-05 0.043839 9.99371E-05
0.0220195 9.9964E-05 0.8012 0.116118 9.9964E-05 0.0170301 0.0414325 0.00179921 9.9964E-05 9.9964E-05
9.9973E-05 0.00319813 0.751009 0.0631742 0.0918658 9.9973E-05 9.9973E-05 0.0223846 0.0574631 0.0106049
0.00435084 9.9955E-05 0.890985 0.00935162 0.0157762 9.9955E-05 9.9955E-05 9.9955E-05 0.0790367 9.9955E-05
9.9946E-05 9.9946E-05 0.958297 9.9946E-05 0.0125217 9.9946E-05 0.011279 9.9946E-05 0.0173023 9.9946E-05
0.028397 9.9946E-05 0.944942 9.9946E-05 9.9946E-05 9.9946E-05 0.0127632 0.0132979 9.9946E-05 9.9946E-05
0.0753925 0.0995418 0.68671 9.9964E-05 9.9964E-05 0.0694942 0.0128501 9.9964E-05 9.9964E-05 0.055611
0.0851527 9.9964E-05 0.765432 9.9964E-05 0.0568576 0.0613698 0.00193321 9.9964E-05 0.0288545 9.9964E-05
9.99461E-05 0.0100212 0.888085 0.0568899 9.99461E-05 9.99461E-05 9.99461E-05 9.99461E-05 9.99461E-05 0.0444038
0.0210754 0.0424435 0.760614 0.0177504 0.0179585 0.0440536 0.0445806 9.9991E-05 0.0290648 0.0223588
0.01256 9.9946E-05 0.855666 0.0897914 9.9946E-05 9.9946E-05 0.0413834 9.9946E-05 9.9946E-05 9.9946E-05
0.0035299 9.9955E-05 0.918175 9.9955E-05 9.9955E-05 9.9955E-05 0.0438914 9.9955E-05 0.0315522 0.00235192
0.0313672 0.0236839 0.897433 9.9955E-05 0.0156718 9.9955E-05 9.9955E-05 9.9955E-05 9.9955E-05 0.0313443
9.9955E-05 9.9955E-05 0.809179 9.9955E-05 0.0476016 0.099299 0.0120593 9.9955E-05 9.9955E-05 0.0313617
0.0442242 0.0360952 0.608544 9.9982E-05 0.0440651 0.0566004 0.0805414 0.0441362 9.9982E-05 0.0855931
9.9955E-05 0.00640971 0.722733 0.0669793 0.0399146 9.9955E-05 9.9955E-05 9.9955E-05 0.163464 9.9955E-05
9.9937E-05 9.9937E-05 0.846626 0.116064 9.9937E-05 9.9937E-05 0.03661 9.9937E-05 9.9937E-05 9.9937E-05
9.9946E-05 0.321976 0.554687 9.9946E-05 9.9946E-05 0.118432 9.9946E-05 9.9946E-05 0.00430514 9.9946E-05
0.0616765 9.9964E-05 0.525846 0.0569228 0.0367097 0.277776 9.9964E-05 9.9964E-05 0.0406688 9.9964E-05
0.0505087 0.0321041 0.57775 0.0205767 0.0609545 0.209841 0.0058595 0.0422059 9.9982E-05 9.9982E-05
0.00393592 0.0121648 0.635129 9.9955E-05 9.9955E-05 0.331019 0.0172517 9.9955E-05 9.9955E-05 9.9955E-05
0.0216569 0.587959 9.9973E-05 0.152182 0.034699 0.0775778 9.9973E-05 0.0410449 9.9973E-05 0.08458
0.0393014 0.570748 9.9964E-05 0.163677 0.0124546 0.0915416 9.9964E-05 9.9964E-05 9.9964E-05 0.121877
9.9964E-05 0.483915 0.0699424 0.245989 0.0787036 9.9964E-05 9.9964E-05 0.0366064 9.9964E-05 0.0844431
0.0327658 0.61722 9.9964E-05 0.170775 0.0210848 0.0677474 9.9964E-05 9.9964E-05 9.9964E-05 0.0900068
0.0614897 0.497112 0.176255 0.0143277 0.0338115 0.182191 9.997E-05 9.997E-05 9.997E-05 0.0345129
9.99201E-05 0.999101 9.99201E-05 9.99201E-05 9.99201E-05 9.99201E-05 9.99201E-05 9.99201E-05 9.99201E-05 9.99201E-05
9.99201E-05 0.999101 9.99201E-05 9.99201E-05 9.99201E-05 9.99201E-05 9.99201E-05 9.99201E-05 9.99201E-05 9.99201E-05
0.00329489 0.421599 0.402523 0.0129957 0.0736086 0.00369279 9.9982E-05 9.9982E-05 0.0296943 0.0523913
0.0532934 0.509373 0.0776809 0.109572 0.0376783 0.0708547 0.0500318 9.9991E-05 0.0377898 0.0536268
0.0149889 0.359103 0.285073 0.131751 0.0223299 9.9982E-05 0.0865893 0.0234357 9.9982E-05 0.0765298
0.0676696 0.437538 0.27834 9.9964E-05 0.02648 0.151242 0.0383304 9.9964E-05 9.9964E-05 9.9964E-05
0.0192942 0.598221 0.0921104 0.0646975 0.0420035 0.109655 9.9982E-05 9.9982E-05 0.0116415 0.0621777
0.0273324 0.822287 0.0240806 9.9973E-05 0.033407 9.9973E-05 0.024581 9.9973E-05 0.0148287 0.0531838
0.0780886 0.290067 0.198202 9.9973E-05 9.9973E-05 0.294334 0.0549788 9.9973E-05 0.0691756 0.0148532
9.9982E-05 0.331142 0.268 9.9982E-05 0.00102048 0.234979 0.0506978 0.00769943 0.0600389 0.0462219
0.0146264 0.508614 0.115769 0.0979148 0.10612 0.0403879 9.998E-05 0.00236111 9.998E-05 0.114007
0.0575485 0.345949 0.177975 0.0393424 0.0705962 0.190893 0.0622057 0.00470276 9.9991E-05 0.0506871
0.0783711 0.47514 0.156403 0.113385 0.0115421 0.12412 9.9991E-05 0.00305138 0.0157335 0.0221534
0.00559409 0.993606 9.9928E-05 9.9928E-05 9.9928E-05 9.9928E-05 9.9928E-05 9.9928E-05 9.9928E-05 9.9928E-05
0.0866391 0.481645 0.252054 9.9964E-05 0.010152 0.120064 0.0490459 9.9964E-05 9.9964E-05 9.9964E-05
0.121836 0.549043 0.184258 0.00555003 9.9964E-05 9.9964E-05 9.9964E-05 9.9964E-05 0.0392334 0.09968
9.9964E-05 0.700623 0.0828542 0.0342126 9.9964E-05 0.127405 0.0148689 9.9964E-05 9.9964E-05 0.0396364
0.0521797 0.555416 0.0825624 9.9991E-05 0.0448474 0.141633 0.00642522 0.0334729 0.0242314 0.0591316
9.9955E-05 0.824123 9.9955E-05 9.9955E-05 0.00114129 9.9955E-05 9.9955E-05 0.0502324 0.0972945 0.026709
0.0343908 0.640382 0.0820589 0.0685835 9.9964E-05 0.122036 9.9964E-05 9.9964E-05 9.9964E-05 0.0521486
9.9955E-05 0.846831 9.9955E-05 9.9955E-05 0.0208472 9.9955E-05 9.9955E-05 0.0285339 0.0698518 0.0334361
9.9937E-05 0.69971 9.9937E-05 9.9937E-05 9.9937E-05 0.261268 9.9937E-05 0.0383225 9.9937E-05 9.9937E-05
9.9955E-05 0.764259 9.9955E-05 9.9955E-05 0.0241252 9.9955E-05 9.9955E-05 0.0725322 0.120407 0.0181765
0.0436998 0.504909 0.147649 0.117422 0.0136108 0.117174 9.9982E-05 0.0107716 9.9982E-05 0.0445642
9.99371E-05 0.950132 9.99371E-05 9.99371E-05 9.99371E-05 9.99371E-05 9.99371E-05 9.99371E-05 0.0284295 0.0207388
9.998E-05 0.690131 0.069878 0.0463944 0.0275966 0.0463055 0.0221644 0.076191 9.998E-05 0.0211392
0.0170295 0.516043 0.0361779 0.026282 0.059322 0.276454 9.9991E-05 0.0206774 0.0303098 0.0176046
9.9973E-05 0.820541 0.0550547 9.9973E-05 0.00242737 0.0312337 0.0692063 0.0207114 0.000525692 9.9973E-05
0.0795496 0.7988 9.9946E-05 9.9946E-05 9.9946E-05 0.0795388 0.0415117 9.9946E-05 9.9946E-05 9.9946E-05
0.014952 0.516745 9.9964E-05 9.9964E-05 0.0257202 0.292671 0.0673276 9.9964E-05 9.9964E-05 0.0821849
0.107732 0.662334 0.0297107 9.9964E-05 9.9964E-05 0.187914 0.00423483 9.9964E-05 0.00767456 9.9964E-05
9.9964E-05 0.788746 9.9964E-05 0.0242109 0.00772862 0.145365 9.9964E-05 0.0327543 0.0007956 9.9964E-05
9.9964E-05 0.601641 9.9964E-05 9.9964E-05 9.9964E-05 0.183671 0.0161226 0.108815 0.0860552 0.00329588
0.0146209 9.9955E-05 0.011618 0.016777 9.9955E-05 0.910406 9.9955E-05 9.9955E-05 0.0460786 9.9955E-05
9.99201E-05 9.99201E-05 9.99201E-05 9.99201E-05 9.99201E-05 0.999101 9.99201E-05 9.99201E-05 9.99201E-05 9.99201E-05
9.99371E-05 9.99371E-05 9.99371E-05 9.99371E-05 0.00775426 0.938579 0.0529671 9.99371E-05 9.99371E-05 9.99371E-05
9.99371E-05 0.0377496 9.99371E-05 9.99371E-05 9.99371E-05 0.95029 0.0112608 9.99371E-05 9.99371E-05 9.99371E-05
9.99281E-05 0.0510234 9.99281E-05 9.99281E-05 9.99281E-05 0.948177 9.99281E-05 9.99281E-05 9.99281E-05 9.99281E-05
0.024831 0.0704097 0.173189 0.0976148 0.061981 0.496193 9.9991E-05 0.0239526 0.000540713 0.0511888
0.00811752 0.260116 9.9973E-05 0.0663521 0.0120756 0.514031 9.9973E-05 0.118545 0.0204633 9.9973E-05
9.9964E-05 0.160616 9.9964E-05 0.0880361 0.0735961 0.583149 9.9964E-05 0.0884928 9.9964E-05 0.00571108
0.02605 0.141063 0.138902 0.0659037 0.0439974 0.482694 0.0260667 0.0320961 0.000429293 0.0427986
0.0736494 0.152221 0.129334 0.0174811 9.9973E-05 0.484934 9.9973E-05 0.0727306 9.9973E-05 0.0693497
0.0407278 0.207873 9.998E-05 0.0834828 0.0617583 0.400009 9.998E-05 0.115444 0.0506812 0.0398251
0.0941118 0.138224 0.0480067 9.9973E-05 0.0916246 0.457765 9.9973E-05 0.0764281 9.9973E-05 0.0935402
9.998E-05 0.277686 9.998E-05 0.185623 0.0346291 0.115999 0.00712279 0.0488515 0.24236 0.0875298
9.997E-05 0.331539 9.997E-05 0.13187 0.0395627 0.151929 9.997E-05 0.0598764 0.179022 0.105901
0.162941 0.227355 0.00910028 0.00858556 0.0758736 0.293413 0.0122539 0.181159 9.9991E-05 0.029219
9.99281E-05 9.99281E-05 9.99281E-05 9.99281E-05 9.99281E-05 0.0141101 9.99281E-05 0.98509 9.99281E-05 9.99281E-05
9.9946E-05 9.9946E-05 9.9946E-05 0.0316512 0.0291217 9.9946E-05 0.00569707 0.93293 9.9946E-05 9.9946E-05
9.9955E-05 0.0274369 0.0610571 9.9955E-05 9.9955E-05 9.9955E-05 0.0176888 0.840429 0.0528882 9.9955E-05
9.99201E-05 9.99201E-05 9.99201E-05 9.99201E-05 9.99201E-05 9.99201E-05 9.99201E-05 0.999101 9.99201E-05 9.99201E-05
9.99201E-05 9.99201E-05 9.99201E-05 9.99201E-05 9.99201E-05 9.99201E-05 9.99201E-05 0.999101 9.99201E-05 9.99201E-05
9.99201E-05 9.99201E-05 9.99201E-05 9.99201E-05 9.99201E-05 9.99201E-05 9.99201E-05 0.999101 9.99201E-05 9.99201E-05
9.99201E-05 9.99201E-05 9.99201E-05 9.99201E-05 9.99201E-05 9.99201E-05 9.99201E-05 0.999101 9.99201E-05 9.99201E-05
9.9964E-05 0.0436565 0.0261519 0.00427409 9.9964E-05 0.0501435 9.9964E-05 0.843439 0.0319353 9.9964E-05
9.99281E-05 9.99281E-05 9.99281E-05 9.99281E-05 9.99281E-05 9.99281E-05 9.99281E-05 0.990956 0.00824439 9.99281E-05
9.99201E-05 9.99201E-05 9.99201E-05 9.99201E-05 9.99201E-05 9.99201E-05 9.99201E-05 0.999101 9.99201E-05 9.99201E-05
0.0692295 0.0202149 0.0703818 9.9991E-05 0.08575 0.407207 0.0119715 0.0447048 0.0694834 0.220957
0.0242515 0.043956 9.996E-05 9.996E-05 0.00266482 9.996E-05 0.0128283 0.888039 0.0278608 9.996E-05
9.99371E-05 9.99371E-05 9.99371E-05 0.0112052 9.99371E-05 0.0333575 9.99371E-05 0.954738 9.99371E-05 9.99371E-05
0.0214061 9.9946E-05 9.9946E-05 9.9946E-05 9.9946E-05 0.0160262 0.00822084 0.953747 9.9946E-05 9.9946E-05
9.9928E-05 9.9928E-05 9.9928E-05 9.9928E-05 9.9928E-05 0.991814 9.9928E-05 9.9928E-05 9.9928E-05 0.00738683
9.99281E-05 9.99281E-05 9.99281E-05 9.99281E-05 0.000156382 0.999044 9.99281E-05 9.99281E-05 9.99281E-05 9.99281E-05
9.99281E-05 9.99281E-05 9.99281E-05 9.99281E-05 9.99281E-05 0.991266 0.00793417 9.99281E-05 9.99281E-05 9.99281E-05
9.99201E-05 9.99201E-05 9.99201E-05 9.99201E-05 9.99201E-05 0.999101 9.99201E-05 9.99201E-05 9.99201E-05 9.99201E-05
0.0562077 9.9973E-05 0.00174368 9.9973E-05 0.00625933 0.801011 9.9973E-05 0.030255 0.00350632 0.100717
9.9955E-05 9.9955E-05 0.149505 9.9955E-05 9.9955E-05 0.673169 9.9955E-05 0.0262351 0.0645102 0.0860811
0.0127215 9.99681E-05 0.0681498 9.99681E-05 9.99681E-05 0.795232 9.99681E-05 0.0285963 0.0846776 0.0102232
9.9946E-05 9.9946E-05 0.0069828 9.9946E-05 9.9946E-05 0.856984 9.9946E-05 9.9946E-05 0.0668462 0.0685869
9.9946E-05 9.9946E-05 9.9946E-05 9.9946E-05 0.0525855 0.808278 9.9946E-05 0.074201 0.064336 9.9946E-05
9.9946E-05 9.9946E-05 9.9946E-05 9.9946E-05 0.0311683 0.85533 9.9946E-05 0.0535333 0.059369 9.9946E-05
0.0585446 9.997E-05 0.0517049 9.997E-05 0.0199985 0.790528 9.997E-05 0.0144417 0.0406734 0.0238094
0.0131254 9.9982E-05 0.028264 0.0169544 9.9982E-05 0.696581 0.000878741 0.120853 0.0938929 0.0292499
0.0300207 0.00602334 9.9973E-05 9.9973E-05 0.0487448 0.768059 0.0255531 9.9973E-05 0.03596 0.0853396
0.0103652 0.02488 0.0122776 0.0485089 0.00973279 0.707016 0.00120458 0.0432169 0.0323917 0.110406
9.996E-05 9.996E-05 0.014869 0.00993982 0.0155258 0.0400917 9.996E-05 9.996E-05 0.027765 0.891409
0.0706488 9.9982E-05 0.0025777 0.0134494 0.00269828 9.9982E-05 0.00154635 0.0232233 0.00824048 0.877416
9.99201E-05 9.99201E-05 9.99201E-05 9.99201E-05 9.99201E-05 9.99201E-05 9.99201E-05 9.99201E-05 9.99201E-05 0.999101
0.021233 9.99281E-05 9.99281E-05 9.99281E-05 9.99281E-05 9.99281E-05 9.99281E-05 9.99281E-05 9.99281E-05 0.977968
0.00138531 9.9946E-05 9.9946E-05 9.9946E-05 0.0100304 9.9946E-05 9.9946E-05 0.00276731 9.9946E-05 0.985217
9.99201E-05 9.99201E-05 9.99201E-05 9.99201E-05 9.99201E-05 9.99201E-05 9.99201E-05 9.99201E-05 9.99201E-05 0.999101
0.0102354 9.99371E-05 0.0179267 9.99371E-05 9.99371E-05 9.99371E-05 9.99371E-05 9.99371E-05 9.99371E-05 0.971138
9.9955E-05 0.13288 0.0128603 9.9955E-05 9.9955E-05 9.9955E-05 0.0342898 9.9955E-05 0.131093 0.688376
9.99281E-05 9.99281E-05 9.99281E-05 9.99281E-05 0.0078384 9.99281E-05 9.99281E-05 9.99281E-05 9.99281E-05 0.991362
9.99201E-05 9.99201E-05 9.99201E-05 9.99201E-05 9.99201E-05 9.99201E-05 9.99201E-05 9.99201E-05 9.99201E-05 0.999101
9.99461E-05 9.99461E-05 9.99461E-05 0.00231902 9.99461E-05 9.99461E-05 9.99461E-05 0.0427572 0.0891396 0.865185
9.99371E-05 9.99371E-05 9.99371E-05 9.99371E-05 0.0036923 0.0509197 9.99371E-05 9.99371E-05 9.99371E-05 0.944688
9.9964E-05 0.13543 9.9964E-05 9.9964E-05 0.0757734 0.0415464 0.00477376 9.9964E-05 0.0451342 0.696942
9.99201E-05 9.99201E-05 9.99201E-05 9.99201E-05 0.999101 9.99201E-05 9.99201E-05 9.99201E-05 9.99201E-05 9.99201E-05
0.00792067 0.0201462 9.9982E-05 0.107327 0.0643925 0.577182 9.9982E-05 0.103818 0.0438989 0.0751157
9.99201E-05 9.99201E-05 9.99201E-05 9.99201E-05 0.999101 9.99201E-05 9.99201E-05 9.99201E-05 9.99201E-05 9.99201E-05
9.99201E-05 9.99201E-05 9.99201E-05 9.99201E-05 0.999101 9.99201E-05 9.99201E-05 9.99201E-05 9.99201E-05 9.99201E-05
9.99461E-05 9.99461E-05 9.99461E-05 9.99461E-05 0.904377 9.99461E-05 0.00443195 0.0256541 0.0649376 9.99461E-05
0.0604493 9.9955E-05 0.112933 9.9955E-05 0.754356 9.9955E-05 9.9955E-05 0.0103639 9.9955E-05 0.0613987
9.99201E-05 9.99201E-05 9.99201E-05 9.99201E-05 0.999101 9.99201E-05 9.99201E-05 9.99201E-05 9.99201E-05 9.99201E-05
9.99371E-05 9.99371E-05 9.99371E-05 9.99371E-05 0.86359 9.99371E-05 9.99371E-05 9.99371E-05 0.110205 0.0255051
0.00543843 0.0211326 9.99513E-05 9.99513E-05 0.949956 0.0228733 9.99513E-05 9.99513E-05 9.99513E-05 9.99513E-05
9.9946E-05 9.9946E-05 0.0161085 9.9946E-05 0.942617 0.00388813 9.9946E-05 9.9946E-05 9.9946E-05 0.0367865
0.0033911 9.9937E-05 9.9937E-05 0.0060796 0.98983 9.9937E-05 9.9937E-05 9.9937E-05 9.9937E-05 9.9937E-05
9.99201E-05 9.99201E-05 9.99201E-05 9.99201E-05 0.999101 9.99201E-05 9.99201E-05 9.99201E-05 9.99201E-05 9.99201E-05
9.9955E-05 9.9955E-05 9.9955E-05 0.0195354 0.95843 9.9955E-05 0.00206059 0.0119545 9.9955E-05 0.00751976
0.0450473 0.080865 9.9964E-05 0.00710858 0.768892 9.9964E-05 9.9964E-05 0.0598849 9.9964E-05 0.0378026
9.9955E-05 9.9955E-05 0.0321822 9.9955E-05 0.905609 0.0377176 0.0149106 9.9955E-05 0.0090809 9.9955E-05
9.9964E-05 0.0328775 9.9964E-05 9.9964E-05 0.867774 9.9964E-05 0.00677066 0.037171 0.0101986 0.0448088
0.0644883 0.0196653 9.9964E-05 0.0144415 0.85985 9.9964E-05 0.00875112 9.9964E-05 0.0324037 9.9964E-05
9.9964E-05 0.0463784 9.9964E-05 9.9964E-05 0.852902 0.0416388 0.0237907 0.00348338 0.0314067 9.9964E-05
0.000875278 0.0128212 9.9955E-05 9.9955E-05 0.947153 9.9955E-05 9.9955E-05 9.9955E-05 0.000601144 0.0380501
0.251911 0.151738 9.9982E-05 9.9982E-05 0.032999 0.282593 0.0493153 0.0489429 0.0884116 0.0938885
0.262159 0.20486 9.998E-05 9.998E-05 0.0117213 0.253968 0.0359941 0.0450028 0.125541 0.0605542
0.232088 0.191213 9.9982E-05 9.9982E-05 0.0805899 0.236569 0.0442137 0.074451 0.120537 0.020138
0.242716 0.227523 0.0150307 9.9991E-05 0.0546629 0.197651 0.0598347 0.0502829 0.137073 0.0151261
0.00250244 9.9946E-05 9.9946E-05 9.9946E-05 0.0201797 9.9946E-05 9.9946E-05 0.0401985 0.93652 9.9946E-05
9.99201E-05 9.99201E-05 9.99201E-05 9.99201E-05 9.99201E-05 9.99201E-05 9.99201E-05 9.99201E-05 0.999101 9.99201E-05
0.0316434 9.9928E-05 9.9928E-05 9.9928E-05 9.9928E-05 9.9928E-05 9.9928E-05 9.9928E-05 0.967557 9.9928E-05
9.99201E-05 9.99201E-05 9.99201E-05 9.99201E-05 9.99201E-05 9.99201E-05 9.99201E-05 9.99201E-05 0.999101 9.99201E-05
9.9937E-05 9.9937E-05 9.9937E-05 9.9937E-05 9.9937E-05 0.0241957 9.9937E-05 0.000222318 0.974882 9.9937E-05
0.0210247 9.9946E-05 9.9946E-05 9.9946E-05 9.9946E-05 0.0383987 9.9946E-05 0.028106 0.911871 9.9946E-05
9.9937E-05 9.9937E-05 9.9937E-05 9.9937E-05 9.9937E-05 0.0288056 9.9937E-05 0.0014593 0.969036 9.9937E-05
0.038164 0.0257879 0.146407 0.0058225 0.0160712 9.9982E-05 0.00286576 9.9982E-05 0.739604 0.0250776
9.9955E-05 0.0544453 0.0335148 9.9955E-05 0.05519 0.0164149 9.9955E-05 9.9955E-05 0.839935 9.9955E-05
0.974048 9.99281E-05 9.99281E-05 9.99281E-05 9.99281E-05 9.99281E-05 9.99281E-05 9.99281E-05 9.99281E-05 0.0251527
0.999101 9.99201E-05 9.99201E-05 9.99201E-05 9.99201E-05 9.99201E-05 9.99201E-05 9.99201E-05 9.99201E-05 9.99201E-05
0.987108 0.00983703 9.9946E-05 9.9946E-05 0.000887622 9.9946E-05 0.00156742 9.9946E-05 9.9946E-05 9.9946E-05
0.995305 9.99281E-05 9.99281E-05 9.99281E-05 9.99281E-05 9.99281E-05 0.00389575 9.99281E-05 9.99281E-05 9.99281E-05
0.999101 9.99201E-05 9.99201E-05 9.99201E-05 9.99201E-05 9.99201E-05 9.99201E-05 9.99201E-05 9.99201E-05 9.99201E-05
0.788734 0.0250287 0.0110107 9.9946E-05 9.9946E-05 0.174626 9.9946E-05 9.9946E-05 9.9946E-05 9.9946E-05
0.999101 9.99201E-05 9.99201E-05 9.99201E-05 9.99201E-05 9.99201E-05 9.99201E-05 9.99201E-05 9.99201E-05 9.99201E-05
0.999101 9.99201E-05 9.99201E-05 9.99201E-05 9.99201E-05 9.99201E-05 9.99201E-05 9.99201E-05 9.99201E-05 9.99201E-05
0.969582 9.99371E-05 0.0134849 9.99371E-05 9.99371E-05 9.99371E-05 9.99371E-05 9.99371E-05 0.0162337 9.99371E-05
0.901663 0.0282056 9.9964E-05 9.9964E-05 0.0103057 0.0114896 9.9964E-05 0.0323802 9.9964E-05 0.015556
0.997716 9.99281E-05 9.99281E-05 9.99281E-05 9.99281E-05 9.99281E-05 9.99281E-05 0.0014844 9.99281E-05 9.99281E-05
0.99613 9.9937E-05 9.9937E-05 0.00246675 9.9937E-05 9.9937E-05 9.9937E-05 9.9937E-05 9.9937E-05 0.000703979
