9.99201E-05 9.99201E-05 9.99201E-05 9.99201E-05 9.99201E-05 9.99201E-05 9.99201E-05 0.999101 9.99201E-05 9.99201E-05
0.711545 9.9964E-05 0.050348 0.0625719 9.9964E-05 9.9964E-05 0.0250006 0.0978512 0.0522831 9.9964E-05
0.680012 9.9955E-05 0.0704304 0.0442689 9.9955E-05 9.9955E-05 9.9955E-05 0.0977631 0.107026 9.9955E-05
0.999101 9.99201E-05 9.99201E-05 9.99201E-05 9.99201E-05 9.99201E-05 9.99201E-05 9.99201E-05 9.99201E-05 9.99201E-05
0.56043 0.017377 9.9964E-05 9.9964E-05 0.0396093 0.0520447 0.102866 9.9964E-05 0.227273 9.9964E-05
0.531136 9.9964E-05 0.00900098 9.9964E-05 0.154965 9.9964E-05 9.9964E-05 0.0696254 0.162664 0.0722088
0.50088 9.9937E-05 9.9937E-05 9.9937E-05 9.9937E-05 9.9937E-05 9.9937E-05 0.163965 0.334456 9.9937E-05
0.434611 0.00144707 0.0678206 0.00876432 0.0713862 9.9973E-05 9.9973E-05 0.190184 0.225487 9.9973E-05
0.500952 9.9982E-05 0.0370985 0.023157 0.0515637 0.0445427 0.0246884 0.0895057 0.228292 9.9982E-05
9.99201E-05 9.99201E-05 9.99201E-05 9.99201E-05 9.99201E-05 9.99201E-05 9.99201E-05 0.999101 9.99201E-05 9.99201E-05
9.99201E-05 9.99201E-05 9.99201E-05 9.99201E-05 9.99201E-05 9.99201E-05 9.99201E-05 0.999101 9.99201E-05 9.99201E-05
0.000728867 9.99281E-05 9.99281E-05 9.99281E-05 9.99281E-05 9.99281E-05 9.99281E-05 0.998472 9.99281E-05 9.99281E-05
9.99281E-05 0.0104253 9.99281E-05 9.99281E-05 9.99281E-05 9.99281E-05 9.99281E-05 0.988775 9.99281E-05 9.99281E-05
9.9955E-05 9.9955E-05 9.9955E-05 9.9955E-05 0.000751636 0.0452257 0.0286843 0.90384 0.0209983 9.9955E-05
0.0274089 9.9955E-05 0.0178677 0.00985331 0.00110239 9.9955E-05 9.9955E-05 0.943268 9.9955E-05 9.9955E-05
0.54473 9.9955E-05 9.9955E-05 9.9955E-05 0.304025 0.00827692 9.9955E-05 0.11016 0.0323085 9.9955E-05
0.320205 0.0833129 0.0697808 0.000478021 0.168908 0.0295939 0.0195296 0.138909 0.169183 9.9991E-05
0.999101 9.99201E-05 9.99201E-05 9.99201E-05 9.99201E-05 9.99201E-05 9.99201E-05 9.99201E-05 9.99201E-05 9.99201E-05
0.0199092 9.9955E-05 9.9955E-05 9.9955E-05 0.0247599 0.0288103 0.0482215 9.9955E-05 0.877799 9.9955E-05
9.99281E-05 9.99281E-05 9.99281E-05 9.99281E-05 9.99281E-05 9.99281E-05 0.046057 9.99281E-05 0.953144 9.99281E-05
0.0896115 9.9946E-05 9.9946E-05 9.9946E-05 9.9946E-05 0.0462671 9.9946E-05 0.0384924 0.825029 9.9946E-05
0.0942217 0.0211284 0.0568322 0.0111232 0.0103491 9.9973E-05 0.0884338 9.9973E-05 0.717612 9.9973E-05
0.0320798 0.00162169 0.0200559 9.9964E-05 9.9964E-05 0.00593026 0.0933869 9.9964E-05 0.846526 9.9964E-05
9.9946E-05 9.9946E-05 0.00303729 9.9946E-05 9.9946E-05 9.9946E-05 0.0234509 0.0314473 0.941465 9.9946E-05
9.99371E-05 0.0256799 9.99371E-05 9.99371E-05 0.0816838 9.99371E-05 9.99371E-05 9.99371E-05 0.891937 9.99371E-05
9.9973E-05 0.062158 9.9973E-05 9.9973E-05 0.073449 0.0393942 0.0201997 0.0171901 0.706481 0.0808283
9.9946E-05 9.9946E-05 0.0863772 9.9946E-05 9.9946E-05 0.105676 9.9946E-05 9.9946E-05 0.769447 0.0379002
0.0490477 9.9946E-05 9.9946E-05 9.9946E-05 0.0705159 9.9946E-05 9.9946E-05 0.00301117 0.876826 9.9946E-05
0.00877743 0.0259521 0.0156184 9.9982E-05 0.0276677 9.9982E-05 0.0289684 0.0532725 0.787952 0.0515918
0.0941238 9.9955E-05 0.00595323 9.9955E-05 9.9955E-05 9.9955E-05 9.9955E-05 0.0472656 0.824828 0.0273296
9.9955E-05 0.0157563 9.9955E-05 0.00224858 9.9955E-05 9.9955E-05 0.0397891 0.0361774 0.905529 9.9955E-05
9.996E-05 0.0573458 0.0204209 0.00516603 0.033639 0.0549853 9.996E-05 9.996E-05 0.828043 9.996E-05
9.9973E-05 9.9973E-05 0.0508195 0.015564 0.0189456 0.00812742 9.9973E-05 0.0196867 0.735605 0.150952
0.00526534 0.0929056 0.0622049 0.00321288 9.9973E-05 9.9973E-05 9.9973E-05 0.0482802 0.643211 0.14462
0.0958925 9.9946E-05 0.0410097 9.9946E-05 9.9946E-05 9.9946E-05 0.0876205 9.9946E-05 0.774878 9.9946E-05
0.0168532 9.9964E-05 9.9964E-05 9.9964E-05 0.00120699 0.013933 9.9964E-05 0.0486111 0.88177 0.0372262
9.9946E-05 9.9946E-05 0.0120382 9.9946E-05 0.294459 9.9946E-05 9.9946E-05 9.9946E-05 0.545812 0.147092
0.0647783 9.9973E-05 0.0227022 9.9973E-05 0.0239899 0.0577039 0.0265551 9.9973E-05 0.519902 0.284069
0.0188393 9.9973E-05 0.0628552 0.0345423 0.0072013 0.0675937 9.9973E-05 9.9973E-05 0.603104 0.205564
9.9946E-05 9.9946E-05 9.9946E-05 9.9946E-05 0.037925 0.0285085 9.9946E-05 9.9946E-05 0.625604 0.307363
0.170848 0.102822 0.0366267 0.066101 0.492765 0.00359971 9.9973E-05 9.9973E-05 9.9973E-05 0.126938
0.118034 0.0675219 0.0729572 0.0295541 0.53404 0.114032 9.9982E-05 9.9982E-05 0.0341026 0.0295574
0.204852 0.0975909 0.0703179 0.0442177 0.468927 9.9964E-05 9.9964E-05 9.9964E-05 0.113695 9.9964E-05
0.179636 0.071732 0.00531493 0.025237 0.565439 0.0601798 9.9973E-05 9.9973E-05 9.9973E-05 0.0921611
0.0354782 0.0376831 0.0693998 9.997E-05 0.388609 0.0581152 9.997E-05 9.997E-05 0.21144 0.198975
9.99201E-05 9.99201E-05 9.99201E-05 9.99201E-05 0.999101 9.99201E-05 9.99201E-05 9.99201E-05 9.99201E-05 9.99201E-05
9.99201E-05 9.99201E-05 9.99201E-05 9.99201E-05 0.999101 9.99201E-05 9.99201E-05 9.99201E-05 9.99201E-05 9.99201E-05
0.00461023 0.0585144 0.0269216 0.00271929 0.357672 0.035549 0.0390634 9.9991E-05 0.38633 0.0885211
0.0247498 0.0866259 0.0446321 9.9991E-05 0.392466 0.0896234 0.0402988 0.0368499 0.161021 0.123634
0.1194 0.0701155 0.0121349 0.0157193 0.344042 0.0111676 9.9991E-05 0.0801967 0.280996 0.0661269
0.0138968 9.9973E-05 0.0554564 9.9973E-05 0.412315 0.0591334 9.9973E-05 0.0276671 0.212167 0.219064
0.0310333 0.0151862 0.0324176 9.9982E-05 0.5695 0.0639289 0.0144288 9.9982E-05 0.181296 0.0920088
9.9928E-05 9.9928E-05 9.9928E-05 9.9928E-05 0.95553 0.0436707 9.9928E-05 9.9928E-05 9.9928E-05 9.9928E-05
0.0027791 0.0144869 9.9982E-05 9.9982E-05 0.270667 0.0357668 0.0669444 0.0421302 0.215583 0.351442
9.998E-05 0.0290027 0.00556149 9.998E-05 0.201779 0.0188781 0.0572049 0.0522357 0.195857 0.439281
0.136054 0.0513675 0.115995 0.00648485 0.53439 0.0180048 9.998E-05 9.998E-05 0.0220897 0.115415
0.0240502 0.0408901 0.087577 9.9982E-05 0.311907 0.0290293 9.9982E-05 0.0694221 0.192385 0.24454
0.0635605 0.0131589 9.9973E-05 0.0148576 0.374996 0.102823 9.9973E-05 9.9973E-05 0.161094 0.269211
9.99201E-05 9.99201E-05 9.99201E-05 9.99201E-05 0.999101 9.99201E-05 9.99201E-05 9.99201E-05 9.99201E-05 9.99201E-05
0.0581867 9.9973E-05 0.0483273 9.9973E-05 0.393024 0.0847386 9.9973E-05 0.0105267 0.133337 0.27156
9.996E-05 0.0975321 9.996E-05 9.996E-05 0.551045 0.127424 0.0321582 9.996E-05 0.18364 0.00780095
0.07632 0.125018 9.9964E-05 0.0202756 0.563953 9.9964E-05 9.9964E-05 9.9964E-05 0.0556472 0.158387
9.999E-05 0.0369041 0.0465661 0.0458281 0.483948 0.0179187 0.0040008 0.00125478 0.174948 0.188532
9.9955E-05 0.0544388 9.9955E-05 0.00697758 0.801746 9.9955E-05 0.126818 0.00951978 9.9955E-05 9.9955E-05
0.0766265 0.0420473 9.9982E-05 0.00594723 0.5431 0.0449535 9.9982E-05 0.012659 0.0896254 0.184841
9.9946E-05 0.0654322 9.9946E-05 0.0184522 0.824539 9.9946E-05 0.0909769 9.9946E-05 9.9946E-05 9.9946E-05
9.9946E-05 9.9946E-05 0.0139425 0.0344577 0.588867 9.9946E-05 9.9946E-05 9.9946E-05 9.9946E-05 0.362133
9.9946E-05 0.0622493 9.9946E-05 0.0275451 0.743708 9.9946E-05 0.165898 9.9946E-05 9.9946E-05 9.9946E-05
0.0431683 0.00650807 0.0329819 9.9973E-05 0.405849 0.0412961 9.9973E-05 9.9973E-05 0.24428 0.225617
9.9946E-05 0.079766 0.0418105 9.9946E-05 0.833018 9.9946E-05 0.0448054 9.9946E-05 9.9946E-05 9.9946E-05
0.0834443 0.0368966 0.0624841 0.0518433 0.604617 9.9982E-05 9.9982E-05 0.0164469 0.0481958 0.0958721
9.9982E-05 0.0530574 0.0524488 0.0307461 0.517646 0.0448102 0.000537541 9.9982E-05 0.058153 0.242401
9.9964E-05 9.9964E-05 0.0118648 9.9964E-05 0.770409 0.0485079 0.00545851 0.0738611 9.9964E-05 0.0894988
9.9955E-05 9.9955E-05 0.00786313 9.9955E-05 0.726529 0.0569547 9.9955E-05 0.0488128 9.9955E-05 0.159341
9.997E-05 0.0835754 0.0260032 9.997E-05 0.443912 9.997E-05 0.0434249 0.0647962 0.0207588 0.31723
9.9964E-05 9.9964E-05 9.9964E-05 9.9964E-05 0.607376 0.0989956 0.0190036 0.00262082 0.0184395 0.253165
0.00233817 9.9955E-05 0.00777724 0.0334576 0.708342 9.9955E-05 9.9955E-05 9.9955E-05 9.9955E-05 0.247585
0.0341928 0.0278894 9.997E-05 0.087528 0.464962 9.997E-05 0.0980846 0.00771867 9.997E-05 0.279325
0.0518234 9.9955E-05 0.0123697 9.9955E-05 9.9955E-05 0.0270471 0.0081365 9.9955E-05 9.9955E-05 0.900123
9.99201E-05 9.99201E-05 9.99201E-05 9.99201E-05 9.99201E-05 9.99201E-05 9.99201E-05 9.99201E-05 9.99201E-05 0.999101
9.99281E-05 9.99281E-05 9.99281E-05 9.99281E-05 9.99281E-05 9.99281E-05 9.99281E-05 0.0194163 9.99281E-05 0.979784
9.99201E-05 9.99201E-05 9.99201E-05 9.99201E-05 9.99201E-05 9.99201E-05 9.99201E-05 9.99201E-05 9.99201E-05 0.999101
9.9937E-05 9.9937E-05 9.9937E-05 9.9937E-05 0.0532858 9.9937E-05 9.9937E-05 9.9937E-05 0.00716506 0.93885
0.0895295 0.136719 0.0129732 0.0754083 0.0781346 0.00897849 9.9982E-05 9.9982E-05 0.150824 0.447232
0.111006 0.0694411 0.00673545 0.156023 0.170759 9.9982E-05 0.0295594 9.9982E-05 0.00380254 0.452473
0.0889214 9.9982E-05 0.0553805 0.11633 0.118917 0.0148911 0.00121011 9.9982E-05 0.053686 0.550464
0.0638174 0.0513703 0.107355 0.0297988 0.103295 0.0196919 9.9991E-05 0.0472879 0.121151 0.456133
0.0584453 0.0755951 9.9973E-05 0.0527279 0.0566389 0.0547322 9.9973E-05 9.9973E-05 0.0995141 0.602047
0.111001 0.0683586 0.0475418 0.100466 0.189038 0.0379781 0.0324105 9.998E-05 9.998E-05 0.413006
9.998E-05 0.103703 0.0766492 0.058306 0.151196 0.12516 9.998E-05 0.00660556 0.0904218 0.387758
0.200323 0.0787504 0.0411034 0.0729767 0.214701 9.9973E-05 0.199292 9.9973E-05 9.9973E-05 0.192553
0.186051 0.0907658 0.0590157 0.0638647 0.21421 9.9973E-05 0.150988 9.9973E-05 9.9973E-05 0.234805
0.0238577 0.0460616 0.110484 0.138289 0.134134 0.183072 9.9991E-05 0.0079179 0.0179168 0.338167
9.9946E-05 0.0185717 0.000836575 0.975353 9.9946E-05 9.9946E-05 9.9946E-05 9.9946E-05 9.9946E-05 0.00463938
9.9955E-05 9.9955E-05 0.00185641 0.927814 9.9955E-05 9.9955E-05 0.0119503 0.0401131 0.0177667 9.9955E-05
9.997E-05 9.997E-05 0.0109899 0.903236 0.0413713 0.00176071 0.0242041 0.00958994 0.00854825 9.997E-05
0.00366176 9.99461E-05 0.00823782 0.965165 0.0223359 9.99461E-05 9.99461E-05 9.99461E-05 9.99461E-05 9.99461E-05
9.99201E-05 9.99201E-05 9.99201E-05 0.999101 9.99201E-05 9.99201E-05 9.99201E-05 9.99201E-05 9.99201E-05 9.99201E-05
9.99201E-05 9.99201E-05 9.99201E-05 0.999101 9.99201E-05 9.99201E-05 9.99201E-05 9.99201E-05 9.99201E-05 9.99201E-05
9.99201E-05 9.99201E-05 9.99201E-05 0.999101 9.99201E-05 9.99201E-05 9.99201E-05 9.99201E-05 9.99201E-05 9.99201E-05
0.0703997 9.99461E-05 0.00302613 0.909168 9.99461E-05 9.99461E-05 9.99461E-05 9.99461E-05 9.99461E-05 0.0168066
9.99281E-05 0.00922449 9.99281E-05 0.989976 9.99281E-05 9.99281E-05 9.99281E-05 9.99281E-05 9.99281E-05 9.99281E-05
9.99201E-05 9.99201E-05 9.99201E-05 0.999101 9.99201E-05 9.99201E-05 9.99201E-05 9.99201E-05 9.99201E-05 9.99201E-05
9.998E-05 0.295441 0.0818415 0.0538624 9.998E-05 0.0642669 0.0419772 0.00794737 0.111199 0.343265
9.9946E-05 9.9946E-05 9.9946E-05 0.863021 0.0595028 0.00708448 0.0697924 9.9946E-05 9.9946E-05 9.9946E-05
9.99382E-05 9.99382E-05 9.99382E-05 0.942199 9.99382E-05 0.0500415 9.99382E-05 9.99382E-05 9.99382E-05 0.00706001
9.9955E-05 0.0205874 0.00172249 0.950655 9.9955E-05 9.9955E-05 0.0216023 0.00493294 9.9955E-05 9.9955E-05
9.99371E-05 0.00115182 9.99371E-05 9.99371E-05 9.99371E-05 0.0125683 9.99371E-05 9.99371E-05 9.99371E-05 0.98558
9.99201E-05 9.99201E-05 9.99201E-05 9.99201E-05 9.99201E-05 9.99201E-05 9.99201E-05 9.99201E-05 9.99201E-05 0.999101
9.99281E-05 9.99281E-05 9.99281E-05 9.99281E-05 9.99281E-05 9.99281E-05 0.0164048 9.99281E-05 9.99281E-05 0.982796
9.9928E-05 9.9928E-05 9.9928E-05 0.0111115 9.9928E-05 9.9928E-05 9.9928E-05 9.9928E-05 9.9928E-05 0.988089
9.9964E-05 0.12653 0.0189889 0.00655079 9.9964E-05 0.0390985 0.0295356 9.9964E-05 9.9964E-05 0.778897
0.00291305 0.0207861 9.9964E-05 0.00641437 9.9964E-05 9.9964E-05 0.0719905 9.9964E-05 0.145631 0.751865
9.9973E-05 0.0131984 9.9973E-05 0.0372908 0.0085013 9.9973E-05 0.101883 0.00145296 0.0424555 0.794918
9.99388E-05 0.0707401 9.99388E-05 9.99388E-05 9.99388E-05 9.99388E-05 0.0501749 9.99388E-05 9.99388E-05 0.878385
9.9964E-05 0.000934552 0.0562607 0.0533269 9.9964E-05 9.9964E-05 0.0602777 9.9964E-05 0.00505429 0.823746
9.9946E-05 9.9946E-05 0.0160053 0.0708869 9.9946E-05 9.9946E-05 0.024692 9.9946E-05 9.9946E-05 0.887816
9.9982E-05 0.0615056 0.0301212 0.0232367 0.016226 0.0344991 0.0310547 9.9982E-05 0.072959 0.730198
0.0223797 9.9964E-05 0.017522 0.0741519 9.9964E-05 9.9964E-05 0.107363 0.0093728 9.9964E-05 0.768811
9.9964E-05 0.0678762 0.0502753 9.9964E-05 0.0601449 0.041784 9.9964E-05 0.0225806 9.9964E-05 0.756939
0.0438414 0.0998353 0.0259251 0.05019 9.9973E-05 0.0490901 0.0101218 9.9973E-05 9.9973E-05 0.720696
9.99371E-05 0.894049 9.99371E-05 9.99371E-05 9.99371E-05 9.99371E-05 0.0102715 9.99371E-05 9.99371E-05 0.0949797
9.9964E-05 0.888559 9.9964E-05 0.0171814 9.9964E-05 0.0159302 0.0399966 0.0172822 0.0206508 9.9964E-05
9.9928E-05 0.986205 9.9928E-05 9.9928E-05 9.9928E-05 9.9928E-05 9.9928E-05 9.9928E-05 9.9928E-05 0.0129955
9.99201E-05 0.999101 9.99201E-05 9.99201E-05 9.99201E-05 9.99201E-05 9.99201E-05 9.99201E-05 9.99201E-05 9.99201E-05
9.9928E-05 0.960424 9.9928E-05 9.9928E-05 9.9928E-05 9.9928E-05 9.9928E-05 9.9928E-05 9.9928E-05 0.0387763
9.99201E-05 0.999101 9.99201E-05 9.99201E-05 9.99201E-05 9.99201E-05 9.99201E-05 9.99201E-05 9.99201E-05 9.99201E-05
9.99281E-05 0.972704 9.99281E-05 9.99281E-05 0.0264965 9.99281E-05 9.99281E-05 9.99281E-05 9.99281E-05 9.99281E-05
9.9955E-05 0.754365 9.9955E-05 9.9955E-05 0.0545017 0.0434457 0.0924892 0.054699 9.9955E-05 9.9955E-05
9.99201E-05 0.999101 9.99201E-05 9.99201E-05 9.99201E-05 9.99201E-05 9.99201E-05 9.99201E-05 9.99201E-05 9.99201E-05
9.99201E-05 0.999101 9.99201E-05 9.99201E-05 9.99201E-05 9.99201E-05 9.99201E-05 9.99201E-05 9.99201E-05 9.99201E-05
0.0320322 0.86556 9.9955E-05 0.0360362 9.9955E-05 9.9955E-05 0.0590269 0.00684529 9.9955E-05 9.9955E-05
9.9937E-05 0.971412 9.9937E-05 0.00788869 9.9937E-05 0.0199992 9.9937E-05 9.9937E-05 9.9937E-05 9.9937E-05
9.9964E-05 0.772437 0.0700708 9.9964E-05 0.0878284 0.00532344 0.0598131 0.00412715 9.9964E-05 9.9964E-05
9.99201E-05 9.99201E-05 0.999101 9.99201E-05 9.99201E-05 9.99201E-05 9.99201E-05 9.99201E-05 9.99201E-05 9.99201E-05
0.0556663 0.143283 0.0533793 0.0842033 0.0839529 0.0278771 0.0477928 9.998E-05 9.998E-05 0.503646
9.99201E-05 9.99201E-05 0.999101 9.99201E-05 9.99201E-05 9.99201E-05 9.99201E-05 9.99201E-05 9.99201E-05 9.99201E-05
9.99201E-05 9.99201E-05 0.999101 9.99201E-05 9.99201E-05 9.99201E-05 9.99201E-05 9.99201E-05 9.99201E-05 9.99201E-05
9.99371E-05 9.99371E-05 0.920349 0.00566391 9.99371E-05 9.99371E-05 0.0732876 9.99371E-05 9.99371E-05 9.99371E-05
9.9973E-05 0.0646093 0.789185 0.0240536 0.0600147 9.9973E-05 9.9973E-05 0.0106812 0.0366135 0.0145429
9.99201E-05 9.99201E-05 0.999101 9.99201E-05 9.99201E-05 9.99201E-05 9.99201E-05 9.99201E-05 9.99201E-05 9.99201E-05
9.9955E-05 0.0378305 0.833406 9.9955E-05 0.0727154 9.9955E-05 0.0430378 9.9955E-05 9.9955E-05 0.0125101
0.0105832 9.99461E-05 0.975972 9.99461E-05 0.000650328 9.99461E-05 0.0121948 9.99461E-05 9.99461E-05 9.99461E-05
9.99371E-05 9.99371E-05 0.979852 9.99371E-05 0.0140461 9.99371E-05 9.99371E-05 9.99371E-05 0.00540188 9.99371E-05
0.00973491 9.9946E-05 0.976164 9.9946E-05 9.9946E-05 9.9946E-05 0.0130904 0.000410997 9.9946E-05 9.9946E-05
9.99281E-05 9.99281E-05 0.992194 9.99281E-05 9.99281E-05 0.00700626 9.99281E-05 9.99281E-05 9.99281E-05 9.99281E-05
9.996E-05 0.00153489 0.959868 9.996E-05 9.996E-05 0.0104927 9.996E-05 0.00768958 0.00538965 0.0146257
0.00886339 0.052062 0.824842 0.0232235 9.996E-05 0.0796018 9.996E-05 9.996E-05 9.996E-05 0.0110071
9.9946E-05 9.9946E-05 0.938391 9.9946E-05 0.0426756 9.9946E-05 0.00800318 9.9946E-05 0.010331 9.9946E-05
0.00875775 0.0417361 0.872117 0.0205914 0.0391147 9.996E-05 0.017283 9.996E-05 9.996E-05 9.996E-05
9.9973E-05 0.0138854 0.840462 0.00399561 9.9973E-05 0.0336834 0.0277833 0.000109396 9.9973E-05 0.0797814
0.00455915 9.9973E-05 0.893801 9.9973E-05 9.9973E-05 0.0329503 0.00905953 0.0298865 0.0128683 0.016575
9.9955E-05 0.0162497 0.92594 9.9955E-05 9.9955E-05 0.00539958 9.9955E-05 0.00869149 9.9955E-05 0.0432191
9.9982E-05 0.0169854 0.0322514 0.00788107 0.133325 0.280372 0.101903 0.034328 9.9982E-05 0.392754
9.9991E-05 0.0527274 0.0355317 0.0134107 0.150384 0.277775 0.0933336 0.0556039 0.0264593 0.294674
9.998E-05 0.0209428 0.0308994 0.0382479 0.137383 0.277958 0.126982 0.0449724 9.998E-05 0.322414
9.998E-05 0.0245592 0.0491401 0.0210501 0.186671 0.256834 0.100269 0.0523723 9.998E-05 0.308904
9.9964E-05 0.0401054 0.0123022 0.0154422 9.9964E-05 0.00683575 0.897642 9.9964E-05 0.0272728 9.9964E-05
9.99201E-05 9.99201E-05 9.99201E-05 9.99201E-05 9.99201E-05 9.99201E-05 0.999101 9.99201E-05 9.99201E-05 9.99201E-05
9.993E-05 9.993E-05 0.0183124 9.993E-05 9.993E-05 9.993E-05 0.938236 9.993E-05 9.993E-05 0.0427522
9.99201E-05 9.99201E-05 9.99201E-05 9.99201E-05 9.99201E-05 9.99201E-05 0.999101 9.99201E-05 9.99201E-05 9.99201E-05
9.9928E-05 9.9928E-05 9.9928E-05 9.9928E-05 9.9928E-05 0.00804611 0.991154 9.9928E-05 9.9928E-05 9.9928E-05
9.9964E-05 0.0233605 9.9964E-05 0.0158249 9.9964E-05 0.018145 0.912924 9.9964E-05 0.01239 0.0169559
9.9946E-05 9.9946E-05 9.9946E-05 9.9946E-05 0.00863356 0.00675659 0.931469 9.9946E-05 9.9946E-05 0.0525413
0.000277231 0.0524515 0.0152713 0.017706 0.039561 0.0220865 0.77696 0.00937956 0.0662068 9.9991E-05
0.0122831 0.00780754 0.0563388 9.996E-05 9.996E-05 9.996E-05 0.847986 9.996E-05 0.0221873 0.0529976
9.99201E-05 9.99201E-05 9.99201E-05 9.99201E-05 9.99201E-05 0.999101 9.99201E-05 9.99201E-05 9.99201E-05 9.99201E-05
9.99201E-05 9.99201E-05 9.99201E-05 9.99201E-05 9.99201E-05 0.999101 9.99201E-05 9.99201E-05 9.99201E-05 9.99201E-05
9.99201E-05 9.99201E-05 9.99201E-05 9.99201E-05 9.99201E-05 0.999101 9.99201E-05 9.99201E-05 9.99201E-05 9.99201E-05
9.99201E-05 9.99201E-05 9.99201E-05 9.99201E-05 9.99201E-05 0.999101 9.99201E-05 9.99201E-05 9.99201E-05 9.99201E-05
9.99281E-05 9.99281E-05 9.99281E-05 9.99281E-05 9.99281E-05 0.994107 9.99281E-05 9.99281E-05 9.99281E-05 0.00509319
0.00815405 9.996E-05 9.996E-05 0.021803 9.996E-05 0.930499 9.996E-05 0.00354867 0.0192825 0.0163132
9.9955E-05 0.00337887 0.00278899 9.9955E-05 9.9955E-05 0.96001 9.9955E-05 9.9955E-05 0.00765509 0.0256668
9.99201E-05 9.99201E-05 9.99201E-05 9.99201E-05 9.99201E-05 0.999101 9.99201E-05 9.99201E-05 9.99201E-05 9.99201E-05
9.99371E-05 9.99371E-05 9.99371E-05 0.00528578 9.99371E-05 0.97473 9.99371E-05 0.0192845 9.99371E-05 9.99371E-05
9.9955E-05 0.0280356 9.9955E-05 0.0016784 0.0404689 0.928658 9.9955E-05 0.000659417 9.9955E-05 9.9955E-05
9.99201E-05 9.99201E-05 9.99201E-05 9.99201E-05 9.99201E-05 0.999101 9.99201E-05 9.99201E-05 9.99201E-05 9.99201E-05
0.00636033 9.99281E-05 9.99281E-05 9.99281E-05 9.99281E-05 0.99284 9.99281E-05 9.99281E-05 9.99281E-05 9.99281E-05
