9.994E-05 9.994E-05 9.994E-05 9.994E-05 0.9993 9.994E-05 9.994E-05 9.994E-05
0.00937614 0.135862 9.9982E-05 0.342232 0.471059 9.9982E-05 0.017526 0.0237451
9.994E-05 9.994E-05 9.994E-05 9.994E-05 9.994E-05 9.994E-05 9.994E-05 0.9993
0.0261505 9.9964E-05 0.0832056 9.9964E-05 9.9964E-05 0.0246305 9.9964E-05 0.865614
0.00113773 9.9955E-05 9.9955E-05 0.993537 9.9955E-05 9.9955E-05 9.9955E-05 0.00482505
9.9964E-05 9.9964E-05 0.0630028 0.0224218 0.893718 9.9964E-05 9.9964E-05 0.0204576
0.0164451 0.0289547 9.9973E-05 9.9973E-05 0.821742 0.070987 0.0615712 9.9973E-05
9.994E-05 9.994E-05 9.994E-05 0.9993 9.994E-05 9.994E-05 9.994E-05 9.994E-05
9.9964E-05 9.9964E-05 9.9964E-05 0.147416 0.339523 0.3748 9.9964E-05 0.13786
0.0240969 0.062903 9.9982E-05 0.744434 9.9982E-05 0.00276906 0.0575062 0.108091
0.0180948 9.9973E-05 0.305935 0.0575824 9.9973E-05 9.9973E-05 0.61495 0.00313779
9.994E-05 9.994E-05 9.994E-05 9.994E-05 9.994E-05 9.994E-05 0.9993 9.994E-05
9.9973E-05 9.9973E-05 0.048352 0.153195 0.0775378 9.9973E-05 0.673401 0.0472143
0.0376646 0.0195269 0.288737 9.9982E-05 9.9982E-05 0.0248393 0.557104 0.0719283
0.0411137 9.9973E-05 0.00409755 9.9973E-05 0.0302988 9.9973E-05 0.903494 0.0206965
0.0114753 9.9973E-05 0.754666 9.9973E-05 0.00162516 9.9973E-05 0.199417 0.0325161
9.994E-05 9.994E-05 0.9993 9.994E-05 9.994E-05 9.994E-05 9.994E-05 9.994E-05
9.9964E-05 0.250342 0.628188 9.9964E-05 9.9964E-05 0.0783155 9.9964E-05 0.0427547
0.00695243 9.9955E-05 9.9955E-05 9.9955E-05 9.9955E-05 0.0487218 0.943826 9.9955E-05
9.9955E-05 9.9955E-05 0.862988 9.9955E-05 9.9955E-05 0.0553784 9.9955E-05 0.0811334
0.0167393 0.117948 0.568703 9.9991E-05 0.0957806 0.0272452 0.140138 0.0333462
9.9964E-05 0.0942037 0.554754 0.27635 0.0742918 9.9964E-05 9.9964E-05 9.9964E-05
0.0118477 9.9964E-05 0.827136 9.9964E-05 0.0894555 9.9964E-05 0.0711613 9.9964E-05
9.9946E-05 0.0526178 0.946783 9.9946E-05 9.9946E-05 9.9946E-05 9.9946E-05 9.9946E-05
9.996E-05 0.0929285 0.0530411 9.996E-05 9.996E-05 9.996E-05 0.845252 0.00837873
9.9955E-05 0.145578 9.9955E-05 9.9955E-05 0.0497482 9.9955E-05 0.804174 9.9955E-05
9.9955E-05 9.9955E-05 0.0345006 9.9955E-05 9.9955E-05 0.37363 0.59137 9.9955E-05
0.0154529 0.209788 9.9982E-05 0.0738835 9.9982E-05 0.0691821 0.596157 0.0353367
9.9964E-05 0.259118 9.9964E-05 9.9964E-05 0.0262741 0.0368164 0.677391 9.9964E-05
9.9946E-05 0.174476 9.9946E-05 9.9946E-05 9.9946E-05 9.9946E-05 0.824925 9.9946E-05
9.9955E-05 0.301527 9.9955E-05 9.9955E-05 9.9955E-05 0.510131 9.9955E-05 0.187843
9.999E-05 0.15949 0.061805 0.0238672 0.0388734 0.545128 0.0310079 0.139728
9.9964E-05 0.126335 9.9964E-05 9.9964E-05 9.9964E-05 0.643408 0.215348 0.014509
9.9964E-05 9.9964E-05 0.102525 0.0310056 9.9964E-05 0.81791 0.0481592 9.9964E-05
0.00445536 0.00481356 0.0677103 9.9982E-05 9.9982E-05 0.589701 0.304103 0.0290163
0.0384968 0.0068388 9.9973E-05 9.9973E-05 0.0906879 0.831848 9.9973E-05 0.0318283
9.9982E-05 9.9982E-05 0.0693798 0.125488 0.0893741 0.628885 0.0524076 0.0342649
9.9973E-05 0.114482 0.175328 9.9973E-05 9.9973E-05 0.624874 0.0441957 0.0408206
0.0114643 9.9964E-05 0.111198 9.9964E-05 9.9964E-05 0.86188 9.9964E-05 0.0150573
0.0416042 0.290469 9.9982E-05 9.9982E-05 0.0638729 0.444104 0.15437 0.00538038
9.9964E-05 0.108099 9.9964E-05 0.0827538 0.0171996 0.791548 9.9964E-05 9.9964E-05
9.9982E-05 0.387418 9.9982E-05 0.0216101 0.0517171 0.302288 0.180643 0.0561229
9.9964E-05 0.131771 9.9964E-05 9.9964E-05 9.9964E-05 0.531161 0.286296 0.0503716
0.0323058 9.9973E-05 0.00889043 0.0248148 9.9973E-05 0.649526 0.284163 9.9973E-05
9.9973E-05 0.155875 0.00615101 9.9973E-05 9.9973E-05 0.641334 0.0403733 0.155967
0.0172495 0.0551918 9.9982E-05 0.0878371 0.00266457 0.700426 0.136432 9.9982E-05
0.00758678 0.109383 9.99551E-05 9.99551E-05 9.99551E-05 0.88253 9.99551E-05 9.99551E-05
9.994E-05 0.216544 9.994E-05 9.994E-05 9.994E-05 0.782856 9.994E-05 9.994E-05
9.9973E-05 9.9973E-05 9.9973E-05 0.00417452 0.000903282 0.692022 0.277756 0.0248441
9.9973E-05 0.27233 9.9973E-05 0.0727735 9.9973E-05 0.545413 0.062615 0.0465684
0.000360806 0.142828 9.9955E-05 9.9955E-05 9.9955E-05 0.856311 9.9955E-05 9.9955E-05
0.000917991 9.9964E-05 9.9964E-05 0.0131525 0.00323893 0.982291 9.9964E-05 9.9964E-05
0.0146441 0.261712 0.0306432 9.9964E-05 9.9964E-05 0.692601 9.9964E-05 9.9964E-05
0.00638947 9.9955E-05 0.0348594 9.9955E-05 9.9955E-05 0.958251 9.9955E-05 9.9955E-05
9.9955E-05 0.0453177 9.9955E-05 0.0139461 9.9955E-05 0.940236 9.9955E-05 9.9955E-05
0.0319679 0.360395 9.9982E-05 9.9982E-05 0.0534209 0.525371 0.0198933 0.00875217
0.0257701 0.735653 0.0487828 9.9982E-05 9.9982E-05 0.0654546 0.111942 0.0121968
9.9973E-05 0.594198 0.0109743 9.9973E-05 0.120971 0.128426 0.145131 9.9973E-05
0.00290981 0.715532 9.9973E-05 0.0369841 0.0556695 0.188605 9.9973E-05 9.9973E-05
9.9973E-05 0.660321 9.9973E-05 0.116068 0.0454221 0.100273 0.0776162 9.9973E-05
9.9964E-05 0.883361 0.0273968 0.0246714 9.9964E-05 0.064171 9.9964E-05 9.9964E-05
0.0924187 0.501699 9.9982E-05 0.0143218 9.9982E-05 0.334723 0.0161554 0.0404822
9.9955E-05 0.844939 9.9955E-05 0.0759203 9.9955E-05 0.0786405 9.9955E-05 9.9955E-05
0.0108925 0.988508 9.99461E-05 9.99461E-05 9.99461E-05 9.99461E-05 9.99461E-05 9.99461E-05
0.000919614 0.886752 0.0778041 9.9973E-05 0.0297241 0.00450025 9.9973E-05 9.9973E-05
9.9946E-05 0.929126 9.9946E-05 9.9946E-05 9.9946E-05 9.9946E-05 0.0702746 9.9946E-05
0.00207084 0.997329 9.9946E-05 9.9946E-05 9.9946E-05 9.9946E-05 9.9946E-05 9.9946E-05
9.9946E-05 0.98233 9.9946E-05 9.9946E-05 9.9946E-05 9.9946E-05 0.0170699 9.9946E-05
0.0100006 0.9894 9.9946E-05 9.9946E-05 9.9946E-05 9.9946E-05 9.9946E-05 9.9946E-05
9.9955E-05 0.997865 9.9955E-05 9.9955E-05 0.000417796 9.9955E-05 9.9955E-05 0.00121752
9.995E-05 0.891468 0.0535137 9.995E-05 9.995E-05 0.0545181 9.995E-05 9.995E-05
0.0127777 0.730199 9.9973E-05 0.0372025 0.0472196 0.172301 9.9973E-05 9.9973E-05
9.9946E-05 0.951245 9.9946E-05 9.9946E-05 9.9946E-05 9.9946E-05 9.9946E-05 0.0481556
0.0690456 0.628139 0.00995698 9.998E-05 0.0508071 0.191251 0.0505996 9.998E-05
0.525717 0.302995 0.0391805 9.9982E-05 9.9982E-05 0.0739004 0.0531492 0.0048582
0.9993 9.994E-05 9.994E-05 9.994E-05 9.994E-05 9.994E-05 9.994E-05 9.994E-05
0.0786979 0.505976 9.9973E-05 9.9973E-05 0.0424732 0.225939 0.146614 9.9973E-05
