9.994E-05 9.994E-05 9.994E-05 9.994E-05 0.9993 9.994E-05 9.994E-05 9.994E-05
0.0844752 9.9973E-05 0.0124398 9.9973E-05 0.272401 0.511331 9.9973E-05 0.119053
0.107654 9.9964E-05 9.9964E-05 9.9964E-05 0.274537 0.553856 9.9964E-05 0.063553
0.00145173 9.9964E-05 9.9964E-05 0.0628414 0.222645 0.712662 9.9964E-05 9.9964E-05
9.9982E-05 0.00486417 0.0742619 0.0885323 0.157132 0.642774 0.0322355 9.9982E-05
0.0217272 9.9964E-05 9.9964E-05 0.245748 0.165078 0.567047 9.9964E-05 9.9964E-05
9.9946E-05 9.9946E-05 9.9946E-05 9.9946E-05 0.275473 0.723927 9.9946E-05 9.9946E-05
0.101637 0.00392092 9.9973E-05 0.0878809 0.276061 0.530201 9.9973E-05 9.9973E-05
0.0707786 9.9982E-05 9.9982E-05 0.0447654 0.188029 0.642578 0.0357785 0.0178701
9.994E-05 9.994E-05 9.994E-05 9.994E-05 0.9993 9.994E-05 9.994E-05 9.994E-05
9.994E-05 9.994E-05 9.994E-05 9.994E-05 0.9993 9.994E-05 9.994E-05 9.994E-05
9.994E-05 9.994E-05 9.994E-05 9.994E-05 0.9993 9.994E-05 9.994E-05 9.994E-05
9.994E-05 9.994E-05 9.994E-05 9.994E-05 0.9993 9.994E-05 9.994E-05 9.994E-05
9.9964E-05 9.9964E-05 0.0468672 9.9964E-05 0.920147 0.0318023 0.00078397 9.9964E-05
9.9955E-05 9.9955E-05 0.0157338 0.0230851 0.960681 9.9955E-05 9.9955E-05 9.9955E-05
0.0189572 0.0135284 9.9973E-05 0.392388 0.181374 0.393452 9.9973E-05 9.9973E-05
0.0494256 0.0407023 0.118406 0.173424 0.25409 0.303228 0.0020785 0.0586458
9.9955E-05 9.9955E-05 9.9955E-05 0.102712 0.194835 0.701953 9.9955E-05 9.9955E-05
9.9973E-05 9.9973E-05 0.0712712 0.00973528 9.9973E-05 0.881518 0.0231419 0.0140336
9.9964E-05 0.0128834 0.094095 9.9964E-05 9.9964E-05 0.850326 0.0422954 9.9964E-05
9.9964E-05 9.9964E-05 9.9964E-05 9.9964E-05 0.0462334 0.863735 0.0514772 0.0381542
0.0428552 0.0436979 0.0830363 0.0709071 9.9982E-05 0.755963 9.9982E-05 0.00334011
0.0387953 0.0342924 0.078195 9.9973E-05 9.9973E-05 0.835094 9.9973E-05 0.0133238
0.0081018 0.0387953 0.0499368 9.9973E-05 0.00116687 0.901699 9.9973E-05 9.9973E-05
9.9964E-05 9.9964E-05 9.9964E-05 0.0657002 9.9964E-05 0.919225 0.00313861 0.0115363
0.018246 0.0549793 0.00722894 0.237468 9.9982E-05 0.639412 0.0424653 9.9982E-05
0.0528337 9.9973E-05 0.0370656 0.0697086 9.9973E-05 0.72012 0.119972 9.9973E-05
0.0236407 9.9946E-05 9.9946E-05 9.9946E-05 9.9946E-05 0.97576 9.9946E-05 9.9946E-05
9.9982E-05 0.0887756 0.0534176 0.05251 0.0240898 0.774215 0.00679164 9.9982E-05
9.9964E-05 9.9964E-05 0.00540915 0.0771101 0.033248 0.883833 9.9964E-05 9.9964E-05
9.9973E-05 0.00189903 0.04658 9.9973E-05 0.0263997 0.915947 0.00887436 9.9973E-05
0.0326409 0.0566005 0.00538055 0.039117 9.9991E-05 0.769278 0.0746543 0.0222289
0.0449557 0.00908253 0.0110481 0.0819933 9.9991E-05 0.750212 0.0517853 0.0508235
0.0680455 0.120535 9.9991E-05 0.10275 0.0286701 0.624404 0.0350754 0.0204203
0.0156747 0.00187572 0.165034 9.9964E-05 9.9964E-05 0.817016 9.9964E-05 9.9964E-05
9.9955E-05 9.9955E-05 9.9955E-05 9.9955E-05 0.0519765 0.932847 0.0146769 9.9955E-05
0.00509477 9.9964E-05 0.0299543 0.474509 9.9964E-05 0.490042 9.9964E-05 9.9964E-05
0.0215908 0.0498673 0.0599931 0.237934 9.9991E-05 0.557488 0.0678119 0.00521421
0.0664988 9.9973E-05 9.9973E-05 0.287296 9.9973E-05 0.497134 0.101831 0.0469404
9.9982E-05 0.021375 0.0190904 0.349904 9.9982E-05 0.544743 0.0448109 0.0198768
0.0198793 0.00191141 9.9973E-05 0.923831 9.9973E-05 0.0141445 9.9973E-05 0.0399337
0.0171151 9.9982E-05 0.0221189 0.855612 0.00177072 0.0989675 0.00421556 9.9982E-05
0.0572234 0.0342497 9.9982E-05 0.654546 0.0569177 0.162552 9.9982E-05 0.0343111
0.0143852 9.9964E-05 9.9964E-05 0.94567 0.0162802 0.0232644 9.9964E-05 9.9964E-05
0.0381324 0.0264906 9.9973E-05 0.69843 9.9973E-05 0.20938 0.0272668 9.9973E-05
9.9955E-05 9.9955E-05 9.9955E-05 0.964169 0.00281716 0.0325143 9.9955E-05 9.9955E-05
9.9946E-05 9.9946E-05 9.9946E-05 0.994171 0.00522887 9.9946E-05 9.9946E-05 9.9946E-05
0.0588212 9.9973E-05 0.0552531 0.506006 9.9973E-05 0.326356 0.0532631 9.9973E-05
0.023157 0.0846795 0.0257555 0.551948 0.0598607 0.182823 0.0716766 9.9991E-05
0.0240482 0.0588549 9.9982E-05 0.394572 0.0833224 0.408056 9.9982E-05 0.0309466
0.0170584 9.9982E-05 9.9982E-05 0.70946 0.0431154 0.177989 0.0208579 0.0313186
0.0386737 9.9982E-05 0.0323194 0.701724 0.00222093 0.197451 0.0274108 9.9982E-05
9.9955E-05 9.9955E-05 9.9955E-05 0.942709 0.0310713 0.0257198 9.9955E-05 9.9955E-05
9.999E-05 0.035376 0.052736 0.594011 0.0900854 0.174736 0.0481035 0.00485176
9.9991E-05 0.0843888 0.0416281 0.568509 0.0556109 0.204928 0.0114505 0.0333853
0.101244 0.0720289 9.9982E-05 0.646036 0.00529886 0.161865 9.9982E-05 0.0133268
0.0844012 0.124031 9.9982E-05 0.456429 0.0664708 0.173691 0.0947768 9.9982E-05
9.9982E-05 0.0079249 0.00881656 0.708326 9.9982E-05 0.203297 0.0549382 0.0164968
9.99461E-05 9.99461E-05 9.99461E-05 0.959583 0.0398176 9.99461E-05 9.99461E-05 9.99461E-05
9.9973E-05 9.9973E-05 0.0110186 0.649181 0.0318458 0.247531 0.060124 9.9973E-05
0.00183956 9.9973E-05 9.9973E-05 0.717683 0.0247984 0.177505 0.0778744 9.9973E-05
9.9973E-05 0.0526706 9.9973E-05 0.783921 0.00995429 0.102327 9.9973E-05 0.0508266
0.0138856 0.0505336 0.0300506 0.708825 0.052166 0.0672978 0.0246551 0.0525865
0.0226855 9.9964E-05 0.0627838 0.891843 9.9964E-05 9.9964E-05 9.9964E-05 0.0222877
9.9973E-05 0.0371523 9.9973E-05 0.768958 0.0124281 0.171449 0.00971235 9.9973E-05
0.0316104 9.9964E-05 0.0904139 0.87466 0.00291641 9.9964E-05 9.9964E-05 9.9964E-05
9.9946E-05 9.9946E-05 9.9946E-05 0.991616 9.9946E-05 9.9946E-05 9.9946E-05 0.0077846
0.0398841 9.9973E-05 0.129472 0.756159 0.0260097 9.9973E-05 9.9973E-05 0.0481751
0.0299477 9.9973E-05 0.00333401 0.702871 9.9973E-05 0.233108 0.0304393 9.9973E-05
0.0457169 0.00191658 0.0352584 0.916708 9.9964E-05 9.9964E-05 9.9964E-05 9.9964E-05
0.0340107 0.00855406 9.9982E-05 0.750799 0.0520772 0.0734624 9.9982E-05 0.0808972
0.0357298 0.00538106 0.013705 0.844542 9.9991E-05 0.0520081 0.0130313 0.0355032
9.99461E-05 9.99461E-05 9.99461E-05 0.901471 0.0979289 9.99461E-05 9.99461E-05 9.99461E-05
9.9955E-05 9.9955E-05 9.9955E-05 0.900643 0.0690491 9.9955E-05 0.0298083 9.9955E-05
0.0550846 0.0829258 0.0348059 0.764249 0.0493247 0.0134096 9.9982E-05 9.9982E-05
9.9964E-05 9.9964E-05 9.9964E-05 0.913792 0.00814251 0.0116056 0.0660597 9.9964E-05
0.0278982 9.9973E-05 0.0320583 0.926962 9.9973E-05 9.9973E-05 0.00215303 0.0106285
9.9982E-05 0.0839234 0.102602 0.6923 0.0469375 0.0254117 9.9982E-05 0.0486259
0.0370631 0.0383488 0.0424567 0.6741 9.9982E-05 9.9982E-05 0.0774609 0.13037
9.9973E-05 0.0344905 0.0635867 0.772343 9.9973E-05 9.9973E-05 0.0152099 0.11407
0.022823 0.0641276 0.0328047 0.760895 0.0158849 9.9991E-05 0.0390614 0.0643036
0.00253399 0.0191241 0.04423 0.800362 9.9982E-05 9.9982E-05 0.00717603 0.126374
0.00907306 0.0433021 0.0395268 0.793477 9.9982E-05 9.9982E-05 0.0338461 0.0805753
0.00589994 0.130235 9.9982E-05 0.567793 9.9982E-05 0.159743 0.0316079 0.104522
0.0362362 0.0433497 0.0446295 0.54762 0.0185045 0.0336648 0.0602104 0.215785
0.0947841 0.0235856 0.0287707 0.663629 9.9982E-05 0.0329714 9.9982E-05 0.156059
0.065523 0.0831678 0.0178107 0.562481 0.0535549 0.110164 0.0410483 0.0662495
9.9982E-05 0.100274 9.9982E-05 0.607492 0.00470748 0.107174 0.0740002 0.106152
0.0667543 0.0804079 0.0639369 0.582675 9.9982E-05 9.9982E-05 0.0380878 0.167938
0.081856 0.13269 0.0249615 0.502403 9.9991E-05 0.0339913 0.12676 0.0972379
0.0630898 0.0556722 0.225643 0.478481 0.0605038 0.0161904 9.9991E-05 0.10032
0.0359594 0.151603 0.196935 0.489934 0.0398203 0.0258044 9.9991E-05 0.0598438
0.0936511 0.0614298 0.0450928 0.392212 0.016521 9.9991E-05 0.171903 0.21909
9.994E-05 9.994E-05 9.994E-05 9.994E-05 9.994E-05 9.994E-05 9.994E-05 0.9993
0.0426465 0.0288794 9.9973E-05 9.9973E-05 0.0170036 0.000901776 9.9973E-05 0.910269
9.9982E-05 0.036048 0.0459318 0.01789 0.0159797 0.0271101 9.9982E-05 0.85684
0.0200817 0.00381974 9.9964E-05 9.9964E-05 0.00237698 9.9964E-05 9.9964E-05 0.973322
9.994E-05 9.994E-05 9.994E-05 9.994E-05 9.994E-05 9.994E-05 9.994E-05 0.9993
9.994E-05 9.994E-05 9.994E-05 9.994E-05 9.994E-05 9.994E-05 9.994E-05 0.9993
9.9946E-05 9.9946E-05 9.9946E-05 9.9946E-05 9.9946E-05 0.00330418 9.9946E-05 0.996096
9.9964E-05 9.9964E-05 0.00637771 0.0759823 9.9964E-05 0.0524942 9.9964E-05 0.864746
9.9946E-05 9.9946E-05 0.0118852 9.9946E-05 9.9946E-05 9.9946E-05 9.9946E-05 0.987515
9.994E-05 9.994E-05 9.994E-05 9.994E-05 9.994E-05 9.994E-05 9.994E-05 0.9993
0.0979902 0.277545 0.0450249 0.184483 9.9991E-05 0.12788 0.152826 0.11415
9.9955E-05 9.9955E-05 9.9955E-05 0.0443399 0.0035521 9.9955E-05 9.9955E-05 0.951608
9.994E-05 9.994E-05 9.994E-05 9.994E-05 9.994E-05 9.994E-05 9.994E-05 0.9993
9.9973E-05 0.00477954 0.000109762 9.9973E-05 0.00567457 9.9973E-05 0.00704218 0.982094
9.9973E-05 0.244708 0.050411 0.471972 9.9973E-05 9.9973E-05 0.123118 0.109492
0.0537161 0.238507 0.0723986 0.476066 9.9982E-05 9.9982E-05 0.0612905 0.0978212
0.0569505 0.229051 0.128829 0.399183 9.9982E-05 9.9982E-05 0.0718665 0.11392
0.0649138 0.223574 0.0603269 0.418468 9.9982E-05 9.9982E-05 0.0732638 0.159253
0.0306861 0.250591 0.0942537 0.415159 9.9982E-05 9.9982E-05 0.0772017 0.131909
9.9982E-05 0.219268 0.184757 0.290078 9.9982E-05 0.165948 0.0355443 0.104205
0.00190553 0.143214 0.141013 0.513633 9.9991E-05 0.0352337 0.0341788 0.130722
9.9973E-05 0.217018 0.127595 0.493811 9.9973E-05 9.9973E-05 0.034314 0.126962
0.0804826 0.127212 0.117869 0.417659 9.9991E-05 0.0119526 0.0349998 0.209725
0.0423997 0.115715 0.142891 0.460521 0.00815603 9.9991E-05 0.0140048 0.216212
0.0458594 0.170478 0.0795994 0.413761 9.9991E-05 0.0850277 0.0939986 0.111176
0.0244444 0.0903729 0.162506 0.508782 9.9982E-05 9.9982E-05 0.0682644 0.145431
0.0588288 0.171798 0.119356 0.521962 0.00188714 9.9991E-05 0.0737789 0.0522896
0.0722776 0.224156 0.0751872 0.416358 9.9982E-05 9.9982E-05 0.080475 0.131346
0.9993 9.994E-05 9.994E-05 9.994E-05 9.994E-05 9.994E-05 9.994E-05 9.994E-05
0.0903489 0.163413 0.0820555 0.455552 9.9982E-05 9.9982E-05 0.0344097 0.174021
0.9993 9.994E-05 9.994E-05 9.994E-05 9.994E-05 9.994E-05 9.994E-05 9.994E-05
0.9993 9.994E-05 9.994E-05 9.994E-05 9.994E-05 9.994E-05 9.994E-05 9.994E-05
0.924744 9.99461E-05 0.0746562 9.99461E-05 9.99461E-05 9.99461E-05 9.99461E-05 9.99461E-05
0.796751 0.0745748 0.0062687 0.0735753 9.9982E-05 0.0396989 9.9982E-05 0.00893172
0.9993 9.994E-05 9.994E-05 9.994E-05 9.994E-05 9.994E-05 9.994E-05 9.994E-05
0.851499 9.9964E-05 0.0675639 0.0698794 0.0106577 9.9964E-05 9.9964E-05 9.9964E-05
0.966523 9.9964E-05 0.0128144 9.9964E-05 0.00292675 9.9964E-05 9.9964E-05 0.0173365
0.942149 0.00902262 9.9955E-05 9.9955E-05 9.9955E-05 0.0483285 9.9955E-05 9.9955E-05
0.935904 9.9973E-05 0.00791451 9.9973E-05 0.0032809 0.0145843 0.0380168 9.9973E-05
0.98848 0.00746252 9.9955E-05 9.9955E-05 9.9955E-05 9.9955E-05 0.00355794 9.9955E-05
0.986272 0.010364 0.00149683 9.9964E-05 0.00146746 9.9964E-05 9.9964E-05 9.9964E-05
0.822642 0.0680814 9.9964E-05 9.9964E-05 9.9964E-05 9.9964E-05 0.0787501 0.0301265
0.945375 9.9964E-05 0.04259 0.00744936 0.00418566 9.9964E-05 9.9964E-05 9.9964E-05
0.81421 0.0271212 0.0483442 0.107074 0.00295034 9.9973E-05 9.9973E-05 9.9973E-05
0.856459 9.9973E-05 0.0407349 0.0412312 0.0199051 9.9973E-05 0.0413694 9.9973E-05
0.831546 0.0109849 9.9991E-05 0.100168 0.0326424 0.00432602 0.00886458 0.0113673
0.901217 0.0359897 9.9955E-05 0.0622933 9.9955E-05 9.9955E-05 9.9955E-05 9.9955E-05
9.9973E-05 0.944005 0.00340496 0.00608184 9.9973E-05 0.0347516 0.0114563 9.9973E-05
9.9964E-05 0.88791 0.0455334 9.9964E-05 9.9964E-05 0.0150555 0.0511013 9.9964E-05
9.994E-05 0.9993 9.994E-05 9.994E-05 9.994E-05 9.994E-05 9.994E-05 9.994E-05
9.9955E-05 0.958657 9.9955E-05 0.0373568 9.9955E-05 0.00348601 9.9955E-05 9.9955E-05
9.9946E-05 0.980247 9.9946E-05 9.9946E-05 9.9946E-05 9.9946E-05 0.0191536 9.9946E-05
9.994E-05 0.9993 9.994E-05 9.994E-05 9.994E-05 9.994E-05 9.994E-05 9.994E-05
9.9955E-05 0.984346 9.9955E-05 9.9955E-05 0.00356391 0.0115906 9.9955E-05 9.9955E-05
9.9964E-05 0.767137 0.150763 0.0475736 0.0341263 9.9964E-05 9.9964E-05 9.9964E-05
9.994E-05 0.9993 9.994E-05 9.994E-05 9.994E-05 9.994E-05 9.994E-05 9.994E-05
9.994E-05 0.9993 9.994E-05 9.994E-05 9.994E-05 9.994E-05 9.994E-05 9.994E-05
9.9964E-05 0.870689 0.09499 9.9964E-05 0.0173757 9.9964E-05 9.9964E-05 0.0165453
9.9964E-05 0.962117 9.9964E-05 9.9964E-05 0.0158556 9.9964E-05 0.0193486 0.00227882
0.0932645 0.718408 0.0150131 0.0915749 0.0110741 9.9991E-05 0.0662356 0.00432978
0.0377555 0.0847687 0.147462 0.378481 0.0238018 9.9991E-05 0.258143 0.0694879
0.0457342 0.0605578 0.112303 0.478312 0.0109698 0.031889 0.249596 0.0106377
0.079073 0.0328561 0.1045 0.380506 0.0374111 9.9991E-05 0.283222 0.0823322
0.0427307 0.0611958 0.137525 0.390284 0.0513241 9.9991E-05 0.287967 0.0288735
0.0110206 0.0323283 0.932993 9.9982E-05 0.0172522 0.000637471 9.9982E-05 0.00556833
9.994E-05 9.994E-05 0.9993 9.994E-05 9.994E-05 9.994E-05 9.994E-05 9.994E-05
0.00154683 9.9964E-05 0.966827 9.9964E-05 9.9964E-05 9.9964E-05 0.0180097 0.0132168
9.994E-05 9.994E-05 0.9993 9.994E-05 9.994E-05 9.994E-05 9.994E-05 9.994E-05
9.9946E-05 0.0201101 0.97929 9.9946E-05 9.9946E-05 9.9946E-05 9.9946E-05 9.9946E-05
0.0108452 9.9964E-05 0.9404 9.9964E-05 9.9964E-05 9.9964E-05 0.0190155 0.0293397
0.00545645 9.9964E-05 0.961779 0.0114753 9.9964E-05 0.0208896 9.9964E-05 9.9964E-05
0.0519035 0.0589016 0.738406 0.00459822 0.0334008 0.0747107 0.0284267 0.009652
9.9973E-05 9.9973E-05 0.843092 0.0775614 0.00854179 0.0502976 0.0202068 9.9973E-05
9.9964E-05 0.0178541 9.9964E-05 0.012119 0.0003463 9.9964E-05 0.969281 9.9964E-05
9.994E-05 9.994E-05 9.994E-05 9.994E-05 9.994E-05 9.994E-05 0.9993 9.994E-05
9.994E-05 9.994E-05 9.994E-05 9.994E-05 9.994E-05 9.994E-05 0.9993 9.994E-05
9.994E-05 9.994E-05 9.994E-05 9.994E-05 9.994E-05 9.994E-05 0.9993 9.994E-05
9.994E-05 9.994E-05 9.994E-05 9.994E-05 9.994E-05 9.994E-05 0.9993 9.994E-05
0.077371 9.9973E-05 9.9973E-05 0.0392677 0.0045916 0.0241121 0.854358 9.9973E-05
9.994E-05 9.994E-05 9.994E-05 9.994E-05 9.994E-05 9.994E-05 0.9993 9.994E-05
9.994E-05 9.994E-05 9.994E-05 9.994E-05 9.994E-05 9.994E-05 0.9993 9.994E-05
0.0126573 9.9964E-05 0.0010704 9.9964E-05 9.9964E-05 9.9964E-05 0.973306 0.0125664
0.028381 9.9955E-05 9.9955E-05 9.9955E-05 9.9955E-05 9.9955E-05 0.963402 0.00771708
9.994E-05 9.994E-05 9.994E-05 9.994E-05 9.994E-05 9.994E-05 0.9993 9.994E-05
9.9946E-05 9.9946E-05 0.0136357 9.9946E-05 9.9946E-05 9.9946E-05 0.985765 9.9946E-05
