0.9993 9.994E-05 9.994E-05 9.994E-05 9.994E-05 9.994E-05 9.994E-05 9.994E-05
0.233629 9.9964E-05 9.9964E-05 0.0360619 0.0839573 0.645952 9.9964E-05 9.9964E-05
0.213374 9.9964E-05 9.9964E-05 0.0973195 0.0553237 0.633583 9.9964E-05 9.9964E-05
0.189033 0.193966 0.0352844 9.9964E-05 9.9964E-05 0.581317 9.9964E-05 9.9964E-05
0.088524 0.16818 0.0421882 9.9973E-05 9.9973E-05 0.635315 0.0654928 9.9973E-05
0.135064 0.202909 9.9973E-05 0.0198235 0.00752911 0.634374 9.9973E-05 9.9973E-05
0.278552 9.9946E-05 9.9946E-05 9.9946E-05 9.9946E-05 0.720848 9.9946E-05 9.9946E-05
0.282631 0.0496229 0.0233674 0.0761436 0.0173842 0.519727 9.9991E-05 0.031024
0.159486 0.0400811 0.0413788 0.0606675 0.0196375 0.67855 9.9982E-05 9.9982E-05
0.9993 9.994E-05 9.994E-05 9.994E-05 9.994E-05 9.994E-05 9.994E-05 9.994E-05
0.9993 9.994E-05 9.994E-05 9.994E-05 9.994E-05 9.994E-05 9.994E-05 9.994E-05
0.9993 9.994E-05 9.994E-05 9.994E-05 9.994E-05 9.994E-05 9.994E-05 9.994E-05
0.988129 9.9946E-05 9.9946E-05 9.9946E-05 0.011271 9.9946E-05 9.9946E-05 9.9946E-05
0.94783 9.9955E-05 0.00620747 9.9955E-05 9.9955E-05 9.9955E-05 0.045463 9.9955E-05
0.960832 0.0385684 9.9946E-05 9.9946E-05 9.9946E-05 9.9946E-05 9.9946E-05 9.9946E-05
0.20659 0.218823 0.00293841 0.0302653 9.9982E-05 0.50425 9.9982E-05 0.036933
0.207601 0.148063 0.0160286 0.0812532 0.0440181 0.376702 0.126235 9.9991E-05
0.137949 0.168474 0.00798712 9.9973E-05 0.0141137 0.671176 9.9973E-05 9.9973E-05
9.9973E-05 0.00428786 0.0302092 9.9973E-05 0.00452351 0.903157 0.0575225 9.9973E-05
9.9964E-05 9.9964E-05 9.9964E-05 0.0026227 9.9964E-05 0.89266 0.0421096 0.0622073
0.0437869 9.9964E-05 0.0598503 9.9964E-05 0.0251403 0.870823 9.9964E-05 9.9964E-05
9.9973E-05 0.0706804 9.9973E-05 0.0546665 9.9973E-05 0.7768 0.0783789 0.0191745
9.9973E-05 9.9973E-05 0.0369003 0.0432298 0.0160029 0.831189 0.072378 9.9973E-05
9.9955E-05 9.9955E-05 9.9955E-05 9.9955E-05 9.9955E-05 0.945627 0.0371082 0.0167645
9.9964E-05 0.0408522 0.011026 9.9964E-05 9.9964E-05 0.939175 9.9964E-05 0.00854699
9.9973E-05 0.246888 0.0585863 9.9973E-05 9.9973E-05 0.626972 0.0152295 0.0520239
9.9964E-05 0.0597428 0.128115 0.0678801 9.9964E-05 0.743862 9.9964E-05 9.9964E-05
9.9964E-05 0.0150648 9.9964E-05 0.0242975 9.9964E-05 0.950638 9.9964E-05 0.0095999
0.0569837 0.0421652 0.0237343 0.0361712 9.9991E-05 0.698128 0.0649933 0.077724
0.0371495 0.00336421 9.9955E-05 9.9955E-05 9.9955E-05 0.958987 9.9955E-05 9.9955E-05
0.00635814 9.9964E-05 0.0192053 9.9964E-05 9.9964E-05 0.935 0.0390371 9.9964E-05
9.9982E-05 0.0306889 0.0465862 0.00662459 0.0178755 0.830447 9.9982E-05 0.0675776
9.999E-05 0.0805427 0.0403766 0.0256169 0.0211549 0.736753 0.0758957 0.0195602
0.0284606 0.122256 9.9991E-05 0.0685205 0.0105363 0.668359 0.0144274 0.0873405
9.9973E-05 0.0402578 0.00995553 0.0482959 9.9973E-05 0.736264 0.164927 9.9973E-05
0.0366275 0.0355164 0.0044875 9.9982E-05 0.00675678 0.913818 9.9982E-05 0.00259381
9.9955E-05 0.472182 9.9955E-05 9.9955E-05 9.9955E-05 0.483848 0.0434705 9.9955E-05
9.999E-05 0.251942 0.0902513 0.0404908 0.000816064 0.521327 0.0742647 0.0208084
9.9982E-05 0.175425 0.0880253 0.0622588 0.0555653 0.606253 0.0122729 9.9982E-05
9.9982E-05 0.272313 0.0721239 9.9982E-05 0.011447 0.587775 0.0224781 0.0336633
9.9973E-05 0.893854 9.9973E-05 0.0118457 0.029876 0.0358569 9.9973E-05 0.028267
9.9955E-05 0.918885 9.9955E-05 0.0386765 9.9955E-05 0.0419391 9.9955E-05 9.9955E-05
0.0557963 0.619776 9.9982E-05 0.0629542 0.0173637 0.189287 9.9982E-05 0.0546226
9.9964E-05 0.950852 0.0330441 0.000577025 9.9964E-05 0.0151274 9.9964E-05 9.9964E-05
9.9973E-05 0.690614 0.0563002 0.0597333 9.9973E-05 0.182848 9.9973E-05 0.0102053
9.9946E-05 0.979503 9.9946E-05 9.9946E-05 9.9946E-05 0.0198978 9.9946E-05 9.9946E-05
9.994E-05 0.9993 9.994E-05 9.994E-05 9.994E-05 9.994E-05 9.994E-05 9.994E-05
9.9982E-05 0.51161 0.00860537 0.0449158 9.9982E-05 0.385939 0.0195369 0.0291927
0.0679506 0.621799 0.0539006 0.0296875 9.9982E-05 0.139501 9.9982E-05 0.0869607
0.069437 0.447538 0.0284155 0.0229888 0.0177 0.373165 9.9991E-05 0.0406564
0.0543032 0.654004 0.0546543 0.0270814 0.0126256 0.197132 9.9982E-05 9.9982E-05
9.9973E-05 0.750449 0.00945288 0.0306402 9.9973E-05 0.169003 0.0401544 9.9973E-05
0.0290391 0.938519 9.9955E-05 9.9955E-05 9.9955E-05 0.0319423 9.9955E-05 9.9955E-05
0.0582098 0.588447 0.0534533 9.9982E-05 9.9982E-05 0.179464 0.108468 0.0117581
0.0533726 0.570703 9.9982E-05 9.9982E-05 0.0719074 0.183761 0.0808453 0.0392105
9.999E-05 0.671566 0.0143535 0.0864161 0.0148639 0.139616 0.0179805 0.0551042
0.0951326 0.508828 0.0786055 0.111543 9.9982E-05 0.146326 9.9982E-05 0.0593642
9.9982E-05 0.667572 0.0553786 9.9982E-05 0.0206578 0.237326 0.00206847 0.0167978
0.00406164 0.969203 9.9964E-05 0.0182015 9.9964E-05 0.00813363 9.9964E-05 9.9964E-05
0.0776246 0.621222 0.0992098 9.9973E-05 0.0392659 0.162377 9.9973E-05 9.9973E-05
9.9982E-05 0.5395 0.0805469 9.9982E-05 0.00380894 0.254122 0.0371527 0.0846699
0.0227393 0.714552 0.00626114 9.9973E-05 9.9973E-05 0.160556 9.9973E-05 0.0955912
0.00370095 0.737063 0.0451489 0.0765803 0.0129124 0.066545 0.0321526 0.0258966
9.9964E-05 0.880502 0.00843695 9.9964E-05 9.9964E-05 9.9964E-05 0.0740059 0.0366548
0.0243242 0.80956 0.0210831 9.9973E-05 9.9973E-05 0.124307 9.9973E-05 0.0204253
9.9955E-05 0.883958 9.9955E-05 0.0271106 9.9955E-05 9.9955E-05 0.0884313 9.9955E-05
9.9946E-05 0.982413 9.9946E-05 9.9946E-05 0.0169875 9.9946E-05 9.9946E-05 9.9946E-05
0.0317523 0.835388 9.9973E-05 0.049333 0.000618422 9.9973E-05 0.082608 9.9973E-05
0.0199224 0.62124 0.0508644 0.0219289 9.9973E-05 0.285744 9.9973E-05 9.9973E-05
9.99551E-05 0.916914 9.99551E-05 0.037584 9.99551E-05 9.99551E-05 0.0450022 9.99551E-05
0.0413281 0.763469 9.9973E-05 0.0673598 0.0580447 0.0694982 9.9973E-05 9.9973E-05
9.9982E-05 0.912292 9.9982E-05 0.0164639 0.0224331 0.00734489 0.0270328 0.014233
0.0742103 0.888169 0.0371211 9.9955E-05 9.9955E-05 9.9955E-05 9.9955E-05 9.9955E-05
0.0856478 0.910934 0.00291885 9.9955E-05 9.9955E-05 9.9955E-05 9.9955E-05 9.9955E-05
0.0467944 0.899902 9.9964E-05 9.9964E-05 9.9964E-05 9.9964E-05 0.0384843 0.014419
0.0170236 0.917894 0.0622886 9.9964E-05 9.9964E-05 9.9964E-05 0.00239423 9.9964E-05
9.9946E-05 0.993492 9.9946E-05 0.00590809 9.9946E-05 9.9946E-05 9.9946E-05 9.9946E-05
9.9964E-05 0.772381 9.9964E-05 9.9964E-05 0.0534819 9.9964E-05 0.152502 0.0212348
9.9973E-05 0.693418 0.0152014 9.9973E-05 0.0847159 9.9973E-05 0.0978074 0.108558
9.9973E-05 0.755363 0.0298534 9.9973E-05 0.10687 9.9973E-05 0.0777639 0.0298493
0.00215679 0.727957 0.00716079 0.0289509 0.081447 9.9991E-05 0.0592906 0.0929366
9.9973E-05 0.799174 0.00597506 9.9973E-05 0.12057 9.9973E-05 0.0481408 0.0258405
9.9982E-05 0.765508 0.0127169 0.0346349 0.081842 9.9982E-05 0.0541737 0.0509246
9.9982E-05 0.514241 0.0582907 9.9982E-05 0.122208 0.175382 0.0120394 0.117639
0.0343679 0.611476 0.0564878 9.9991E-05 0.176916 0.00285153 0.0288686 0.0889321
0.0158462 0.58927 0.0511067 0.0944125 0.155522 0.031939 9.9991E-05 0.0618034
0.0322999 0.541398 0.0533842 0.0116629 0.0423182 0.171303 0.0585532 0.0890804
0.0271331 0.604356 0.0761193 9.9982E-05 0.114557 0.0695425 9.9982E-05 0.108092
0.00299563 0.648493 0.0590478 0.0201675 0.109144 0.0329227 0.0715411 0.0556885
0.0317331 0.505704 0.127066 0.0831918 0.110773 9.9991E-05 0.0170749 0.124357
0.0405819 0.501051 9.9991E-05 0.0435049 0.102456 0.0344961 0.200311 0.0774997
0.0377336 0.50087 9.9991E-05 0.0572889 0.0878857 0.023396 0.175282 0.117444
0.0291884 0.384499 0.184305 0.09643 0.20409 0.0515272 9.9991E-05 0.0498606
9.994E-05 9.994E-05 9.994E-05 9.994E-05 0.9993 9.994E-05 9.994E-05 9.994E-05
0.0122575 0.0139445 9.9982E-05 0.00337704 0.95098 0.00907837 9.9982E-05 0.010163
0.042963 9.9973E-05 0.0144248 9.9973E-05 0.864565 0.00504065 0.0727063 9.9973E-05
9.99461E-05 9.99461E-05 9.99461E-05 0.0036468 0.995754 9.99461E-05 9.99461E-05 9.99461E-05
9.994E-05 9.994E-05 9.994E-05 9.994E-05 0.9993 9.994E-05 9.994E-05 9.994E-05
9.994E-05 9.994E-05 9.994E-05 9.994E-05 0.9993 9.994E-05 9.994E-05 9.994E-05
9.994E-05 9.994E-05 9.994E-05 9.994E-05 0.9993 9.994E-05 9.994E-05 9.994E-05
9.9973E-05 0.000608072 0.00427664 0.0113288 0.928452 0.0550345 9.9973E-05 9.9973E-05
0.000872645 9.9964E-05 0.00682619 9.9964E-05 0.976298 9.9964E-05 9.9964E-05 0.0156029
9.994E-05 9.994E-05 9.994E-05 9.994E-05 0.9993 9.994E-05 9.994E-05 9.994E-05
9.9991E-05 0.265673 0.119765 0.0537241 0.114745 0.105518 0.0901375 0.250337
9.9964E-05 0.0464003 9.9964E-05 0.0557456 0.886665 9.9964E-05 0.0107891 9.9964E-05
9.9946E-05 9.9946E-05 9.9946E-05 0.00345766 0.995943 9.9946E-05 9.9946E-05 9.9946E-05
9.9964E-05 0.0119245 0.00286299 9.9964E-05 0.977009 9.9964E-05 0.00780357 9.9964E-05
9.9982E-05 0.477824 0.125472 0.00394006 0.0986026 9.9982E-05 0.0360891 0.257873
9.9982E-05 0.478214 0.0740598 0.0382445 0.0986849 9.9982E-05 0.0824718 0.228125
0.0146424 0.426835 0.153564 0.0319746 0.110253 9.9991E-05 0.117879 0.144753
9.9982E-05 0.384514 0.116615 0.0320111 0.158133 9.9982E-05 0.0572377 0.25129
9.9982E-05 0.456855 0.0436596 0.0476597 0.12407 9.9982E-05 0.103113 0.224443
9.9982E-05 0.353574 0.0482756 9.9982E-05 0.0808763 0.138222 0.182813 0.196039
9.9991E-05 0.48556 0.0562027 0.0221028 0.122549 0.0250717 0.135476 0.152938
9.9973E-05 0.530878 0.0266279 9.9973E-05 0.131553 9.9973E-05 0.144308 0.166333
9.9982E-05 0.383841 0.0599139 0.0692567 0.236735 9.9982E-05 0.13443 0.115624
9.9982E-05 0.400378 0.0601046 0.0472202 0.202353 9.9982E-05 0.139221 0.150524
9.9991E-05 0.544428 0.0804006 0.0189626 0.111888 0.0224401 0.0971285 0.124652
9.9982E-05 0.421572 0.110153 0.0398693 0.211225 9.9982E-05 0.122167 0.0948138
0.026885 0.493035 0.0663308 0.0483001 0.0563855 9.9991E-05 0.121035 0.187929
0.0103645 0.439484 0.092889 0.0671859 0.116348 0.0233844 0.0627939 0.18755
9.9973E-05 9.9973E-05 0.0424246 0.0247987 9.9973E-05 0.0146321 0.00648282 0.911362
0.0239132 9.9982E-05 0.0499226 9.9982E-05 0.0123825 0.00797646 0.0262781 0.879327
9.994E-05 9.994E-05 9.994E-05 9.994E-05 9.994E-05 9.994E-05 9.994E-05 0.9993
9.9946E-05 0.00585091 9.9946E-05 9.9946E-05 9.9946E-05 9.9946E-05 9.9946E-05 0.993549
9.994E-05 9.994E-05 9.994E-05 9.994E-05 9.994E-05 9.994E-05 9.994E-05 0.9993
9.994E-05 9.994E-05 9.994E-05 9.994E-05 9.994E-05 9.994E-05 9.994E-05 0.9993
9.9955E-05 0.0156052 9.9955E-05 9.9955E-05 9.9955E-05 9.9955E-05 0.00426488 0.97963
0.0294599 0.125513 0.00171761 9.9982E-05 9.9982E-05 0.00667517 0.13096 0.705474
9.9946E-05 9.9946E-05 9.9946E-05 0.0052158 9.9946E-05 9.9946E-05 9.9946E-05 0.994185
9.9946E-05 9.9946E-05 0.00591694 9.9946E-05 9.9946E-05 9.9946E-05 9.9946E-05 0.993483
9.9964E-05 9.9964E-05 9.9964E-05 0.000825372 9.9964E-05 0.0407793 0.100088 0.857908
9.994E-05 9.994E-05 9.994E-05 9.994E-05 9.994E-05 9.994E-05 9.994E-05 0.9993
0.0179213 0.0717377 0.0289034 0.118646 0.0456087 9.9991E-05 0.0279247 0.689158
9.994E-05 9.994E-05 9.994E-05 0.9993 9.994E-05 9.994E-05 9.994E-05 9.994E-05
9.9982E-05 0.402469 0.0728268 0.096111 0.167226 9.9982E-05 0.091955 0.169212
9.994E-05 9.994E-05 9.994E-05 0.9993 9.994E-05 9.994E-05 9.994E-05 9.994E-05
9.994E-05 9.994E-05 9.994E-05 0.9993 9.994E-05 9.994E-05 9.994E-05 9.994E-05
0.00497941 9.9964E-05 9.9964E-05 0.954818 0.00383549 9.9964E-05 0.035967 9.9964E-05
9.9982E-05 0.0481632 0.0545539 0.776243 0.020679 0.0628954 9.9982E-05 0.0372657
9.994E-05 9.994E-05 9.994E-05 0.9993 9.994E-05 9.994E-05 9.994E-05 9.994E-05
9.99551E-05 0.0796679 9.99551E-05 0.904127 9.99551E-05 9.99551E-05 0.0157055 9.99551E-05
9.9946E-05 9.9946E-05 9.9946E-05 0.998899 9.9946E-05 9.9946E-05 0.000501521 9.9946E-05
9.9964E-05 9.9964E-05 0.00389095 0.951294 9.9964E-05 0.0107564 9.9964E-05 0.0336584
0.00328773 9.9964E-05 9.9964E-05 0.960042 9.9964E-05 0.0239113 0.0123587 9.9964E-05
9.9946E-05 9.9946E-05 9.9946E-05 0.996663 9.9946E-05 9.9946E-05 0.00273708 9.9946E-05
9.9955E-05 9.9955E-05 9.9955E-05 0.968226 0.0168336 9.9955E-05 9.9955E-05 0.0144403
9.9964E-05 9.9964E-05 0.0626466 0.825218 0.0655157 9.9964E-05 9.9964E-05 0.0462197
9.9964E-05 0.0216654 9.9964E-05 0.953201 9.9964E-05 0.00447135 0.0202624 9.9964E-05
0.0136796 9.9973E-05 9.9973E-05 0.911924 0.0272382 9.9973E-05 0.0172874 0.0295707
0.0118138 0.0449932 0.0654854 0.861081 9.9973E-05 9.9973E-05 0.0163265 9.9973E-05
0.0298413 0.0386774 0.0459909 0.857743 9.9982E-05 0.00873211 0.0188148 9.9982E-05
0.00573292 9.9982E-05 0.00465705 0.966135 0.00843194 9.9982E-05 0.00126352 0.0135798
0.0311325 0.356222 0.291458 0.0345223 0.102093 9.9991E-05 0.130932 0.0535403
0.0150493 0.273385 0.317324 0.0593282 0.111795 0.0291005 0.115918 0.0780988
0.0381688 0.28007 0.336987 0.0602213 0.105783 9.9991E-05 0.163795 0.0148753
0.0510185 0.443876 0.266644 0.0390152 0.0763434 9.9991E-05 0.112788 0.0102147
9.9964E-05 0.00243959 9.9964E-05 9.9964E-05 9.9964E-05 0.0207368 0.92567 0.0507542
9.994E-05 9.994E-05 9.994E-05 9.994E-05 9.994E-05 9.994E-05 0.9993 9.994E-05
9.9955E-05 9.9955E-05 0.00911632 0.010431 9.9955E-05 9.9955E-05 0.979953 9.9955E-05
9.994E-05 9.994E-05 9.994E-05 9.994E-05 9.994E-05 9.994E-05 0.9993 9.994E-05
0.00639641 9.9964E-05 0.00357649 0.0195893 9.9964E-05 9.9964E-05 0.970038 9.9964E-05
9.9973E-05 0.0139181 0.00459095 0.00690292 0.0173083 9.9973E-05 0.95698 9.9973E-05
9.9964E-05 9.9964E-05 0.0315887 9.9964E-05 0.0294339 0.000472474 0.938105 9.9964E-05
0.0428455 0.0118161 0.0105396 0.0235767 0.00143823 0.0942309 0.778339 0.0372143
0.0114648 0.0865188 9.9973E-05 9.9973E-05 9.9973E-05 0.0266575 0.872205 0.00285363
9.9946E-05 9.9946E-05 0.982482 9.9946E-05 9.9946E-05 9.9946E-05 9.9946E-05 0.0169181
9.994E-05 9.994E-05 0.9993 9.994E-05 9.994E-05 9.994E-05 9.994E-05 9.994E-05
9.994E-05 9.994E-05 0.9993 9.994E-05 9.994E-05 9.994E-05 9.994E-05 9.994E-05
9.994E-05 9.994E-05 0.9993 9.994E-05 9.994E-05 9.994E-05 9.994E-05 9.994E-05
9.994E-05 9.994E-05 0.9993 9.994E-05 9.994E-05 9.994E-05 9.994E-05 9.994E-05
0.0228479 0.0792807 0.871648 0.0036281 9.9973E-05 9.9973E-05 0.0222954 9.9973E-05
9.994E-05 9.994E-05 0.9993 9.994E-05 9.994E-05 9.994E-05 9.994E-05 9.994E-05
9.994E-05 9.994E-05 0.9993 9.994E-05 9.994E-05 9.994E-05 9.994E-05 9.994E-05
0.0075952 9.9946E-05 0.991805 9.9946E-05 9.9946E-05 9.9946E-05 9.9946E-05 9.9946E-05
9.9964E-05 9.9964E-05 0.965403 0.0149944 0.00430598 9.9964E-05 9.9964E-05 0.0148964
9.994E-05 9.994E-05 0.9993 9.994E-05 9.994E-05 9.994E-05 9.994E-05 9.994E-05
9.9946E-05 9.9946E-05 0.991571 9.9946E-05 9.9946E-05 9.9946E-05 9.9946E-05 0.00782895
