9.994E-05 9.994E-05 9.994E-05 9.994E-05 9.994E-05 0.9993 9.994E-05 9.994E-05
9.9964E-05 9.9964E-05 0.595632 0.0821687 9.9964E-05 0.251253 0.0705463 9.9964E-05
9.9964E-05 9.9964E-05 0.542653 0.141751 9.9964E-05 0.275029 0.0401675 9.9964E-05
0.0729792 9.9955E-05 0.737724 9.9955E-05 9.9955E-05 0.188797 9.9955E-05 9.9955E-05
0.096588 9.9973E-05 0.676525 9.9973E-05 0.0938366 0.0945333 9.9973E-05 0.0382175
0.196579 9.9982E-05 0.628708 0.0396628 0.0037171 0.119907 0.0112265 9.9982E-05
9.9946E-05 9.9946E-05 0.707635 9.9946E-05 9.9946E-05 0.291765 9.9946E-05 9.9946E-05
0.102503 0.00726677 0.5454 0.0544053 9.9982E-05 0.276904 0.013321 9.9982E-05
9.9973E-05 9.9973E-05 0.689373 0.0564405 9.9973E-05 0.170682 0.0331815 0.0500233
9.994E-05 9.994E-05 9.994E-05 9.994E-05 9.994E-05 0.9993 9.994E-05 9.994E-05
9.994E-05 9.994E-05 9.994E-05 9.994E-05 9.994E-05 0.9993 9.994E-05 9.994E-05
9.994E-05 9.994E-05 9.994E-05 9.994E-05 9.994E-05 0.9993 9.994E-05 9.994E-05
9.994E-05 9.994E-05 9.994E-05 9.994E-05 9.994E-05 0.9993 9.994E-05 9.994E-05
9.9946E-05 9.9946E-05 9.9946E-05 9.9946E-05 0.0307345 0.968666 9.9946E-05 9.9946E-05
0.0242079 9.9964E-05 9.9964E-05 0.000567106 0.0140326 0.960793 9.9964E-05 9.9964E-05
0.285315 0.00568694 0.522956 9.9973E-05 9.9973E-05 0.125916 9.9973E-05 0.0598265
0.157424 0.0328899 0.315132 0.0779854 0.0945068 0.219589 0.0588893 0.043583
0.125895 9.9964E-05 0.698499 9.9964E-05 9.9964E-05 0.168512 9.9964E-05 0.00669382
0.00752726 9.9973E-05 0.906329 9.9973E-05 0.0733597 9.9973E-05 0.0024516 0.0100327
0.032285 0.0412279 0.86776 9.9982E-05 0.0416287 9.9982E-05 0.0016596 0.0152386
9.9964E-05 9.9964E-05 0.89211 9.9964E-05 9.9964E-05 0.0419225 0.00380296 0.0617651
0.0355624 0.0534436 0.777399 0.0327555 0.10054 9.9973E-05 9.9973E-05 9.9973E-05
0.0114526 0.000105704 0.824288 0.0300044 0.120321 9.9982E-05 9.9982E-05 0.0136284
9.9973E-05 0.0375824 0.927225 0.00534948 0.0265223 9.9973E-05 0.00302081 9.9973E-05
0.0485564 0.0318873 0.862757 9.9973E-05 9.9973E-05 9.9973E-05 0.0177176 0.0387822
0.312788 0.0524001 0.563123 0.0197555 0.0230446 9.9982E-05 9.9982E-05 0.0286886
0.122454 0.0110987 0.697183 0.0589084 0.0262428 9.9982E-05 9.9982E-05 0.0839135
9.9955E-05 0.00306358 0.974579 0.021858 9.9955E-05 9.9955E-05 9.9955E-05 9.9955E-05
0.130523 0.0476849 0.735417 0.0139121 0.0136007 0.0374472 9.9991E-05 0.0213143
0.04912 9.9973E-05 0.908678 9.9973E-05 9.9973E-05 0.0239641 0.0132153 0.00472252
9.9982E-05 0.021782 0.908392 9.9982E-05 0.0321565 0.0191538 0.00679504 0.0115204
0.0901961 0.0615457 0.758261 0.0178099 9.9973E-05 9.9973E-05 9.9973E-05 0.071887
0.158467 9.9991E-05 0.659337 0.0808822 0.0370118 0.00411424 0.0181005 0.0419867
0.125235 0.114447 0.625962 0.0671784 0.0316927 0.0231573 0.00256182 0.00976608
9.9973E-05 0.0515107 0.761083 0.00387039 0.151318 9.9973E-05 9.9973E-05 0.0319183
9.9955E-05 9.9955E-05 0.93843 9.9955E-05 9.9955E-05 0.0305843 9.9955E-05 0.0304861
0.448816 9.9955E-05 0.491068 9.9955E-05 0.0596159 9.9955E-05 9.9955E-05 9.9955E-05
0.249095 0.0186907 0.568066 0.0336557 0.068499 0.00137258 0.00484971 0.0557708
0.290249 9.9991E-05 0.520374 0.0676836 0.0254076 0.00104017 0.0276967 0.0674488
0.327228 0.0193018 0.555924 9.9982E-05 0.042648 9.9982E-05 0.0078071 0.0468914
0.884089 0.068506 9.9964E-05 0.00240406 9.9964E-05 9.9964E-05 0.0446009 9.9964E-05
0.8415 0.035512 0.0234461 0.0374925 0.0218244 0.017706 9.9991E-05 0.022419
0.623345 0.0156012 0.196554 0.0958972 9.9982E-05 0.0372431 0.0311595 9.9982E-05
0.919918 9.9964E-05 0.0331098 0.0413642 9.9964E-05 9.9964E-05 9.9964E-05 0.00520843
0.700152 0.0189201 0.191094 0.051207 9.9973E-05 9.9973E-05 9.9973E-05 0.038327
0.994911 9.9946E-05 0.00448894 9.9946E-05 9.9946E-05 9.9946E-05 9.9946E-05 9.9946E-05
0.9993 9.994E-05 9.994E-05 9.994E-05 9.994E-05 9.994E-05 9.994E-05 9.994E-05
0.487415 0.0287206 0.341945 0.0423405 0.0488062 9.9982E-05 9.9982E-05 0.0505725
0.699794 0.0541852 0.0732042 0.0396718 0.0136289 0.0373201 9.9991E-05 0.0820955
0.484098 0.0698044 0.345827 0.0237879 9.9982E-05 0.066003 0.0102802 9.9982E-05
0.684151 9.9982E-05 0.192386 0.0428937 9.9982E-05 0.0431552 0.00281452 0.0343992
0.81115 9.9973E-05 0.102203 0.0250665 0.0525032 0.00877809 9.9973E-05 9.9973E-05
0.975308 9.9955E-05 9.9955E-05 0.0130725 9.9955E-05 0.0111196 9.9955E-05 9.9955E-05
0.66256 0.0109855 0.126312 9.9991E-05 0.0835039 0.0603856 0.0234333 0.0327199
0.652596 0.0551685 0.136588 9.9991E-05 0.0679934 0.0470343 0.0200326 0.0204867
0.674976 0.0379059 0.165981 0.0936829 9.9982E-05 9.9982E-05 0.0248178 0.0024357
0.499086 0.0671965 0.184358 0.0772804 0.00779768 0.100586 9.9991E-05 0.0635957
0.677959 0.0201743 0.227422 9.9973E-05 9.9973E-05 9.9973E-05 0.00501325 0.0691313
0.970365 9.9955E-05 0.0208205 9.9955E-05 9.9955E-05 0.00831453 9.9955E-05 9.9955E-05
0.592983 9.9991E-05 0.185114 0.0475623 0.00402347 0.0206985 0.0296424 0.119876
0.59222 0.077206 0.212077 9.9973E-05 0.00221031 9.9973E-05 9.9973E-05 0.115986
0.850003 0.0946009 0.00982252 9.9973E-05 9.9973E-05 0.0320119 9.9973E-05 0.0132615
0.768527 0.0276691 0.0205028 0.0715795 0.0160497 0.00796717 0.0716132 0.0160912
0.905206 9.99551E-05 9.99551E-05 9.99551E-05 0.0918611 9.99551E-05 9.99551E-05 0.00243356
0.81166 0.0289563 0.105695 9.9973E-05 9.9973E-05 0.0370455 9.9973E-05 0.0163437
0.913994 9.9955E-05 9.9955E-05 0.0290571 0.0564486 9.9955E-05 9.9955E-05 9.9955E-05
0.96135 9.9946E-05 9.9946E-05 9.9946E-05 9.9946E-05 9.9946E-05 0.0380503 9.9946E-05
0.795109 0.0263853 9.9982E-05 0.016543 0.0983925 0.0427577 0.0206131 9.9982E-05
0.685618 9.9964E-05 0.261009 0.0197622 9.9964E-05 9.9964E-05 9.9964E-05 0.033211
0.954911 9.99551E-05 9.99551E-05 0.0135955 0.030994 9.99551E-05 9.99551E-05 9.99551E-05
0.774003 0.0218251 0.0756337 0.0413151 9.9982E-05 0.0467792 0.0402436 9.9982E-05
0.747104 0.131195 0.0463151 0.0314554 9.9982E-05 9.9982E-05 0.0273457 0.0163852
0.917761 9.99461E-05 9.99461E-05 9.99461E-05 9.99461E-05 0.0816392 9.99461E-05 9.99461E-05
0.946532 9.9955E-05 9.9955E-05 9.9955E-05 9.9955E-05 0.0376622 9.9955E-05 0.0153059
0.821898 0.0545443 0.00116668 9.9982E-05 0.0323141 0.0372884 9.9982E-05 0.0525887
0.908826 9.9964E-05 9.9964E-05 9.9964E-05 0.00991127 0.00223102 9.9964E-05 0.0786318
0.955461 9.9955E-05 9.9955E-05 0.0314205 9.9955E-05 9.9955E-05 0.0126186 9.9955E-05
0.719894 0.00927059 9.9973E-05 9.9973E-05 0.119181 0.0497007 0.101654 9.9973E-05
0.680703 0.0128559 0.0666822 0.0686664 0.0304721 9.9991E-05 0.100117 0.040404
0.682657 0.0850706 9.9973E-05 9.9973E-05 0.0797058 9.9973E-05 0.127464 0.0248035
0.796964 0.0539572 9.9982E-05 0.0146969 0.0579951 9.9982E-05 0.0499953 0.0261915
0.776539 0.0058282 9.9973E-05 9.9973E-05 0.0769298 9.9973E-05 0.125901 0.0145024
0.744148 0.0705133 9.9982E-05 0.0123729 0.0482275 9.9982E-05 0.098708 0.0258301
0.538719 0.107217 0.182913 9.9982E-05 9.9982E-05 0.0160468 0.124217 0.0306876
0.616149 0.0425971 0.0231062 0.0670718 0.0234574 9.9991E-05 0.208876 0.0186422
0.551064 0.0606267 0.0799906 0.098661 9.9982E-05 9.9982E-05 0.176365 0.0330931
0.521006 0.0788731 0.150613 0.0688347 0.0440081 0.0355517 0.0746434 0.0264698
0.575415 0.110119 0.14163 9.9973E-05 9.9973E-05 9.9973E-05 0.130099 0.0424369
0.569597 0.105971 0.0566299 0.0134218 0.070078 9.9991E-05 0.154776 0.0294261
0.517901 0.143666 0.0168718 0.0640145 0.0107389 0.0146822 0.0905119 0.141613
0.539083 0.0358955 0.0335112 0.0403761 0.195724 0.0547783 0.100532 9.9991E-05
0.587461 0.0822981 0.00070404 0.0302246 0.174602 0.0496985 0.0749118 9.9991E-05
0.421781 0.0604903 0.0219882 0.0907198 9.9991E-05 0.0120823 0.225874 0.166965
9.9946E-05 0.0104893 9.9946E-05 9.9946E-05 9.9946E-05 9.9946E-05 0.988911 9.9946E-05
9.99691E-05 9.99691E-05 0.0135332 0.0130449 9.99691E-05 0.0378337 0.935188 9.99691E-05
0.0575883 9.9973E-05 0.0238658 9.9973E-05 0.0332472 0.00269927 0.8823 9.9973E-05
9.9946E-05 9.9946E-05 9.9946E-05 0.0385179 9.9946E-05 9.9946E-05 0.960882 9.9946E-05
9.994E-05 9.994E-05 9.994E-05 9.994E-05 9.994E-05 9.994E-05 0.9993 9.994E-05
9.994E-05 9.994E-05 9.994E-05 9.994E-05 9.994E-05 9.994E-05 0.9993 9.994E-05
9.994E-05 9.994E-05 9.994E-05 9.994E-05 9.994E-05 9.994E-05 0.9993 9.994E-05
0.00071957 9.9982E-05 0.0500098 0.0244864 0.0183656 9.9982E-05 0.877462 0.0287562
9.994E-05 9.994E-05 9.994E-05 9.994E-05 9.994E-05 9.994E-05 0.9993 9.994E-05
9.994E-05 9.994E-05 9.994E-05 9.994E-05 9.994E-05 9.994E-05 0.9993 9.994E-05
0.285223 0.246522 0.0589733 0.0528975 0.112911 9.9991E-05 0.126933 0.116441
0.0247385 9.9964E-05 9.9964E-05 9.9964E-05 0.0406892 9.9964E-05 0.917954 0.0162184
9.994E-05 9.994E-05 9.994E-05 9.994E-05 9.994E-05 9.994E-05 0.9993 9.994E-05
9.9955E-05 9.9955E-05 9.9955E-05 9.9955E-05 0.00535687 9.9955E-05 0.989116 0.00502751
0.527637 0.179251 9.9982E-05 0.0142795 0.0675556 9.9982E-05 0.139302 0.0717753
0.484067 0.226955 9.9982E-05 0.0311687 0.07568 9.9982E-05 0.106073 0.0758571
0.521405 0.181559 9.9991E-05 0.028209 0.120554 0.00369071 0.0927057 0.051776
0.479834 0.201233 9.9982E-05 0.0113251 0.0789553 9.9982E-05 0.166333 0.0621199
0.497998 0.204475 9.9973E-05 9.9973E-05 0.0982956 9.9973E-05 0.0867895 0.112141
0.467369 0.143521 0.13768 0.01069 0.163304 9.9991E-05 0.0619381 0.0153976
0.511921 0.134085 0.0382208 9.9991E-05 0.0991309 0.00139923 0.165828 0.0493159
0.469627 0.213205 9.9973E-05 9.9973E-05 0.140912 9.9973E-05 0.128585 0.0473708
0.405276 0.113155 9.9982E-05 0.0575471 0.169584 9.9982E-05 0.200213 0.054025
0.43533 0.142005 9.9982E-05 0.0260913 0.161415 9.9982E-05 0.195958 0.0390002
0.513484 0.132518 0.032847 0.0255495 0.0960458 9.9991E-05 0.115664 0.0837919
0.451968 0.0681373 0.00599068 0.0496307 0.203902 9.9991E-05 0.157346 0.0629248
0.534879 0.200919 9.9991E-05 0.0466013 0.106888 0.00474739 0.043524 0.0623418
0.45793 0.190352 0.0213305 0.050023 0.0775812 9.9991E-05 0.140614 0.0620698
9.9964E-05 0.946544 0.00347074 9.9964E-05 0.0487271 9.9964E-05 9.9964E-05 0.000858121
9.9982E-05 0.853242 0.0357839 9.9982E-05 0.0530453 0.0060219 0.0324955 0.019211
9.994E-05 0.9993 9.994E-05 9.994E-05 9.994E-05 9.994E-05 9.994E-05 9.994E-05
9.994E-05 0.9993 9.994E-05 9.994E-05 9.994E-05 9.994E-05 9.994E-05 9.994E-05
9.9946E-05 0.981388 9.9946E-05 9.9946E-05 9.9946E-05 9.9946E-05 0.0180125 9.9946E-05
9.9946E-05 0.99333 9.9946E-05 9.9946E-05 9.9946E-05 9.9946E-05 0.00607018 9.9946E-05
9.994E-05 0.9993 9.994E-05 9.994E-05 9.994E-05 9.994E-05 9.994E-05 9.994E-05
0.0347452 0.778862 9.9973E-05 0.00455392 0.115422 0.066117 9.9973E-05 9.9973E-05
9.9946E-05 0.987117 9.9946E-05 0.0122838 9.9946E-05 9.9946E-05 9.9946E-05 9.9946E-05
9.994E-05 0.9993 9.994E-05 9.994E-05 9.994E-05 9.994E-05 9.994E-05 9.994E-05
9.9973E-05 0.852856 9.9973E-05 0.00657502 0.0998601 0.0223161 0.0180934 9.9973E-05
9.9955E-05 0.9842 9.9955E-05 9.9955E-05 9.9955E-05 0.00130136 9.9955E-05 0.013999
0.184486 0.726243 9.9973E-05 0.0488449 0.0344095 9.9973E-05 9.9973E-05 0.00571637
9.994E-05 9.994E-05 9.994E-05 0.9993 9.994E-05 9.994E-05 9.994E-05 9.994E-05
0.483075 0.137194 9.9982E-05 0.0842716 0.0951021 9.9982E-05 0.170306 0.0298515
9.994E-05 9.994E-05 9.994E-05 0.9993 9.994E-05 9.994E-05 9.994E-05 9.994E-05
9.994E-05 9.994E-05 9.994E-05 0.9993 9.994E-05 9.994E-05 9.994E-05 9.994E-05
9.99461E-05 9.99461E-05 9.99461E-05 0.928197 0.0712031 9.99461E-05 9.99461E-05 9.99461E-05
0.101841 0.0233305 0.0187536 0.793568 9.9982E-05 9.9982E-05 0.0508489 0.0114579
9.994E-05 9.994E-05 9.994E-05 0.9993 9.994E-05 9.994E-05 9.994E-05 9.994E-05
0.0216259 0.0334388 9.9973E-05 0.874373 0.0700738 0.000188924 9.9973E-05 9.9973E-05
9.99461E-05 9.99461E-05 9.99461E-05 0.976678 9.99461E-05 9.99461E-05 0.0227226 9.99461E-05
0.0388027 0.0409889 9.9973E-05 0.90636 0.00204517 9.9973E-05 9.9973E-05 0.0115029
9.994E-05 9.994E-05 9.994E-05 0.9993 9.994E-05 9.994E-05 9.994E-05 9.994E-05
0.0055037 0.00463975 9.9973E-05 0.967545 9.9973E-05 9.9973E-05 0.00131227 0.0206995
9.99461E-05 9.99461E-05 9.99461E-05 0.992437 9.99461E-05 9.99461E-05 0.00696367 9.99461E-05
0.053931 0.0515027 9.9982E-05 0.810805 0.0216566 9.9982E-05 0.0239585 0.0379465
0.0165546 9.9973E-05 0.0138638 0.901512 0.037115 0.0306551 9.9973E-05 9.9973E-05
0.0537805 0.00319753 9.9991E-05 0.896039 0.00347424 0.00760455 0.0216476 0.0141565
0.0116624 0.0115268 9.9982E-05 0.887749 0.0495307 9.9982E-05 0.0112026 0.0281287
0.0362074 9.9973E-05 0.0258259 0.880379 9.9973E-05 0.0151928 9.9973E-05 0.0420952
0.0175808 0.0444274 0.0275919 0.879807 9.9973E-05 9.9973E-05 0.030293 9.9973E-05
0.352292 0.0905767 9.9991E-05 0.0357442 0.136162 0.0444525 0.0831569 0.257515
0.381297 0.0594215 9.9991E-05 0.0528062 0.165878 0.0454688 0.0496661 0.245363
0.334223 0.00240172 9.9991E-05 0.0560665 0.133067 0.0682073 0.109917 0.296017
0.434051 9.9982E-05 9.9982E-05 0.0660959 0.130692 0.0480255 0.0835534 0.237383
0.0110954 0.0641086 9.9964E-05 9.9964E-05 0.91911 9.9964E-05 9.9964E-05 0.00528592
9.994E-05 9.994E-05 9.994E-05 9.994E-05 0.9993 9.994E-05 9.994E-05 9.994E-05
0.0126428 9.9964E-05 9.9964E-05 9.9964E-05 0.974078 9.9964E-05 0.00301307 0.00986659
9.994E-05 9.994E-05 9.994E-05 9.994E-05 0.9993 9.994E-05 9.994E-05 9.994E-05
9.9946E-05 9.9946E-05 9.9946E-05 0.00138875 0.998012 9.9946E-05 9.9946E-05 9.9946E-05
9.9964E-05 9.9964E-05 9.9964E-05 0.0113585 0.952418 0.0165254 0.0192986 9.9964E-05
9.9955E-05 9.9955E-05 9.9955E-05 9.9955E-05 0.957833 9.9955E-05 0.0299987 0.0116685
9.9982E-05 0.0453962 0.0920298 0.0445603 0.764516 0.0151846 9.9982E-05 0.038113
0.0173658 0.0269788 0.0470156 9.9982E-05 0.878876 0.000764301 9.9982E-05 0.0287996
9.994E-05 9.994E-05 9.994E-05 9.994E-05 9.994E-05 9.994E-05 9.994E-05 0.9993
9.994E-05 9.994E-05 9.994E-05 9.994E-05 9.994E-05 9.994E-05 9.994E-05 0.9993
9.994E-05 9.994E-05 9.994E-05 9.994E-05 9.994E-05 9.994E-05 9.994E-05 0.9993
9.994E-05 9.994E-05 9.994E-05 9.994E-05 9.994E-05 9.994E-05 9.994E-05 0.9993
9.994E-05 9.994E-05 9.994E-05 9.994E-05 9.994E-05 9.994E-05 9.994E-05 0.9993
0.0514018 9.9982E-05 0.0212758 9.9982E-05 0.0269744 0.00961222 0.0367141 0.853822
9.994E-05 9.994E-05 9.994E-05 9.994E-05 9.994E-05 9.994E-05 9.994E-05 0.9993
9.994E-05 9.994E-05 9.994E-05 9.994E-05 9.994E-05 9.994E-05 9.994E-05 0.9993
9.994E-05 9.994E-05 9.994E-05 9.994E-05 9.994E-05 9.994E-05 9.994E-05 0.9993
0.0181758 0.00705292 9.9982E-05 0.00153116 9.9982E-05 0.0114194 0.011727 0.949894
9.994E-05 9.994E-05 9.994E-05 9.994E-05 9.994E-05 9.994E-05 9.994E-05 0.9993
9.9946E-05 9.9946E-05 9.9946E-05 9.9946E-05 0.0063169 9.9946E-05 9.9946E-05 0.993083
