9.994E-05 9.994E-05 9.994E-05 9.994E-05 9.994E-05 9.994E-05 9.994E-05 0.9993
9.9964E-05 0.558083 0.0784013 9.9964E-05 9.9964E-05 9.9964E-05 0.109268 0.253848
9.9964E-05 0.568345 0.0797168 9.9964E-05 9.9964E-05 9.9964E-05 0.0927227 0.258816
9.99551E-05 0.736555 9.99551E-05 0.0608405 9.99551E-05 9.99551E-05 9.99551E-05 0.202105
9.9973E-05 0.601083 9.9973E-05 0.164202 0.0716681 0.0440426 9.9973E-05 0.118705
9.9964E-05 0.59649 9.9964E-05 0.183413 9.9964E-05 9.9964E-05 0.0677509 0.151946
9.9955E-05 0.707394 9.9955E-05 9.9955E-05 9.9955E-05 9.9955E-05 0.00924171 0.282864
0.0360692 0.524992 0.0343491 0.0263374 9.9982E-05 9.9982E-05 0.0816252 0.296427
9.9973E-05 0.667493 0.0158 9.9973E-05 9.9973E-05 0.0207093 0.100715 0.194983
9.994E-05 9.994E-05 9.994E-05 9.994E-05 9.994E-05 9.994E-05 9.994E-05 0.9993
9.994E-05 9.994E-05 9.994E-05 9.994E-05 9.994E-05 9.994E-05 9.994E-05 0.9993
9.994E-05 9.994E-05 9.994E-05 9.994E-05 9.994E-05 9.994E-05 9.994E-05 0.9993
9.99452E-05 9.99452E-05 9.99452E-05 9.99452E-05 9.99452E-05 9.99452E-05 9.99452E-05 0.9993
9.9964E-05 0.0575424 9.9964E-05 9.9964E-05 0.0420447 0.0327732 9.9964E-05 0.86724
9.9955E-05 9.9955E-05 0.0356875 9.9955E-05 9.9955E-05 9.9955E-05 0.0206808 0.943132
0.00837173 0.365759 9.9982E-05 0.339073 9.9982E-05 0.0488417 0.0420967 0.195658
0.0501353 0.256516 0.0134455 0.208858 0.109101 0.0415707 0.0621988 0.258175
9.9964E-05 0.720272 9.9964E-05 0.102488 9.9964E-05 9.9964E-05 0.00229963 0.17454
9.9955E-05 0.900623 9.9955E-05 9.9955E-05 0.049008 0.0498696 9.9955E-05 9.9955E-05
0.0241596 0.920188 9.9964E-05 9.9964E-05 0.0485191 0.00673354 9.9964E-05 9.9964E-05
9.9964E-05 0.901183 0.0149634 9.9964E-05 9.9964E-05 0.0475623 9.9964E-05 0.035891
0.0534891 0.779329 0.0234718 9.9982E-05 0.0697059 0.00369919 0.0701045 9.9982E-05
0.00582708 0.805128 9.9973E-05 9.9973E-05 0.109547 0.0102133 0.0689846 9.9973E-05
9.9946E-05 0.943603 9.9946E-05 9.9946E-05 0.0557973 9.9946E-05 9.9946E-05 9.9946E-05
0.00281163 0.907741 0.0346939 0.0413507 9.9973E-05 0.013103 9.9973E-05 9.9973E-05
0.0903462 0.656783 9.9982E-05 0.182106 0.0142932 0.046333 0.00993922 9.9982E-05
9.9973E-05 0.647986 9.9973E-05 0.137388 0.0331742 0.0933653 0.0877861 9.9973E-05
0.012457 0.964325 9.9955E-05 9.9955E-05 9.9955E-05 9.9955E-05 0.0227184 9.9955E-05
0.0938241 0.762908 0.00214987 0.0582234 0.0465996 9.9982E-05 9.9982E-05 0.0360951
9.9973E-05 0.862352 0.00591181 0.051095 9.9973E-05 0.0166194 9.9973E-05 0.0637216
9.9964E-05 0.918211 9.9964E-05 9.9964E-05 0.0506753 0.0288996 9.9964E-05 0.00181448
0.0535628 0.844555 9.9973E-05 0.00656604 9.9973E-05 0.0595089 0.0355077 9.9973E-05
9.9982E-05 0.769019 0.0251683 0.12859 0.00972888 0.0180956 0.0491978 9.9982E-05
0.101232 0.611389 0.0385297 0.060872 0.0296647 0.026671 0.07843 0.0532111
0.000203856 0.782496 9.9964E-05 9.9964E-05 0.114144 9.9964E-05 0.102757 9.9964E-05
9.9955E-05 0.924592 9.9955E-05 0.019034 9.9955E-05 9.9955E-05 9.9955E-05 0.0558739
9.9955E-05 0.475002 9.9955E-05 0.473057 0.051441 9.9955E-05 9.9955E-05 9.9955E-05
0.0416382 0.563656 0.0218309 0.224013 0.0794393 0.0262788 0.0430439 9.9991E-05
9.9982E-05 0.548688 0.0424891 0.240126 0.00463223 0.110094 0.0537702 9.9982E-05
0.0273108 0.605832 0.00875999 0.268855 0.0265804 0.0624617 9.9982E-05 9.9982E-05
0.0191183 9.9964E-05 0.0407915 0.91156 9.9964E-05 9.9964E-05 0.0281302 9.9964E-05
9.9973E-05 0.0534585 9.9973E-05 0.814664 9.9973E-05 0.0579746 0.058064 0.0155389
0.0523599 0.224572 0.0402972 0.560022 9.9982E-05 9.9982E-05 0.074157 0.0483928
9.9955E-05 9.9955E-05 0.0149132 0.941644 9.9955E-05 9.9955E-05 0.0429427 9.9955E-05
0.0137558 0.155187 9.9973E-05 0.728696 9.9973E-05 0.0594007 0.0426607 9.9973E-05
9.994E-05 9.994E-05 9.994E-05 0.9993 9.994E-05 9.994E-05 9.994E-05 9.994E-05
9.9946E-05 9.9946E-05 9.9946E-05 0.994791 9.9946E-05 9.9946E-05 9.9946E-05 0.00460902
0.0375251 0.40677 9.9982E-05 0.506487 0.012465 0.00844799 0.0281046 9.9982E-05
0.0565813 0.130997 9.9982E-05 0.579973 9.9982E-05 0.0613637 0.0894454 0.0814392
0.047108 0.372343 0.0413684 0.426458 9.9982E-05 9.9982E-05 0.0260284 0.0864935
9.9973E-05 0.22068 9.9973E-05 0.66268 9.9973E-05 0.0298796 0.0391453 0.0473151
9.9973E-05 0.163003 9.9973E-05 0.776157 9.9973E-05 0.0126551 0.0398106 0.00807492
9.9946E-05 9.9946E-05 9.9946E-05 0.96115 9.9946E-05 9.9946E-05 9.9946E-05 0.0382499
0.0181211 0.170025 0.0164956 0.603732 0.0946416 0.0420628 9.9991E-05 0.0548224
0.030989 0.177375 0.0421694 0.615948 0.0798606 9.9991E-05 0.00737098 0.046187
0.0496231 0.155666 9.9964E-05 0.710734 9.9964E-05 9.9964E-05 0.0835768 9.9964E-05
0.0362275 0.161611 9.9991E-05 0.56389 0.00276215 0.0671329 0.0721918 0.0960848
0.0334659 0.175044 0.055942 0.640175 0.0131318 0.0820411 9.9982E-05 9.9982E-05
9.9955E-05 9.9955E-05 9.9955E-05 0.968652 9.9955E-05 0.00596233 9.9955E-05 0.0248859
9.9964E-05 0.21356 9.9964E-05 0.623693 9.9964E-05 0.126148 9.9964E-05 0.0361986
0.075523 0.169801 9.9973E-05 0.606752 0.0411766 0.106447 9.9973E-05 9.9973E-05
0.0912276 0.0999103 0.023662 0.757533 9.9973E-05 9.9973E-05 9.9973E-05 0.0273668
9.999E-05 0.10607 0.0510235 0.698704 0.0198761 0.0604539 0.0387628 0.0250099
9.99551E-05 9.99551E-05 9.99551E-05 0.942849 0.0555346 0.00111618 9.99551E-05 9.99551E-05
0.0309986 0.144615 9.9973E-05 0.791657 9.9973E-05 0.0132772 9.9973E-05 0.0191525
9.9964E-05 9.9964E-05 9.9964E-05 0.946652 0.00971523 9.9964E-05 0.0395993 0.00363332
9.9946E-05 9.9946E-05 0.0476846 0.951716 9.9946E-05 9.9946E-05 9.9946E-05 9.9946E-05
9.9973E-05 9.9973E-05 0.0143928 0.862208 0.0695291 9.9973E-05 0.0396343 0.0139362
9.9973E-05 0.27011 0.00330476 0.686105 9.9973E-05 0.0246358 0.0155447 9.9973E-05
9.99551E-05 9.99551E-05 9.99551E-05 0.973428 0.000706611 9.99551E-05 0.0253659 9.99551E-05
0.04123 0.142874 0.0290587 0.667103 9.9982E-05 9.9982E-05 0.0690711 0.0504627
0.0344462 0.0392959 0.0202793 0.816692 0.0430172 9.9982E-05 0.0460697 9.9982E-05
9.99461E-05 9.99461E-05 9.99461E-05 0.93362 9.99461E-05 9.99461E-05 9.99461E-05 0.0657805
9.9955E-05 9.9955E-05 9.9955E-05 0.909457 9.9955E-05 0.0532145 9.9955E-05 0.0368287
0.0719218 9.9973E-05 9.9973E-05 0.867064 0.0179623 9.9973E-05 0.00123415 0.0415176
9.9955E-05 9.9955E-05 9.9955E-05 0.922471 0.000375019 0.0766538 9.9955E-05 9.9955E-05
9.9955E-05 9.9955E-05 0.0477881 0.921817 9.9955E-05 9.9955E-05 0.0298949 9.9955E-05
0.0294639 0.0594028 0.102564 0.66399 0.127423 9.9991E-05 0.00374373 0.0133128
0.0676474 0.0186991 0.0915463 0.615301 0.0633768 0.0772288 0.0661005 9.9991E-05
0.0412759 9.9973E-05 0.128856 0.757325 0.0644373 0.00780576 9.9973E-05 9.9973E-05
0.0648917 9.9982E-05 0.0791008 0.767502 0.025258 0.0412986 0.0217493 9.9982E-05
0.00899765 9.9964E-05 0.132397 0.780412 0.0777938 9.9964E-05 9.9964E-05 9.9964E-05
0.0452298 9.9982E-05 0.0805383 0.779241 0.0273309 0.0435733 0.0238866 9.9982E-05
0.118062 0.126092 0.134739 0.506186 0.0270756 0.0775932 0.010153 9.9991E-05
0.0268498 0.0574212 0.233934 0.564943 0.093703 0.0176108 0.00543838 9.9991E-05
0.0794978 0.0320628 0.17779 0.570881 0.0237204 0.00121716 0.0942315 0.0205998
0.0859117 0.108932 0.101813 0.495968 0.023538 0.0305451 0.0848479 0.068444
0.116979 0.13652 0.123556 0.547421 9.9982E-05 0.0729605 9.9982E-05 0.00236344
0.0918078 9.9982E-05 0.166317 0.584512 0.0229617 0.0587905 0.0754112 9.9982E-05
0.11446 0.0520578 0.140391 0.508787 0.0071613 0.11252 0.0544299 0.0101936
0.0596864 9.9982E-05 0.0827846 0.535314 0.216128 9.9982E-05 0.0630554 0.0428311
0.112724 0.0136228 0.0602438 0.570426 0.171336 9.9991E-05 0.0301081 0.0414401
0.103985 0.036385 0.198294 0.429143 0.00814095 0.128158 0.08778 0.00811369
9.994E-05 9.994E-05 0.9993 9.994E-05 9.994E-05 9.994E-05 9.994E-05 9.994E-05
9.9955E-05 9.9955E-05 0.928702 0.0423544 9.9955E-05 9.9955E-05 9.9955E-05 0.0284437
9.9964E-05 0.0149533 0.859947 0.0434782 0.0812215 9.9964E-05 9.9964E-05 9.9964E-05
0.01684 9.9955E-05 0.974591 9.9955E-05 0.00806948 9.9955E-05 9.9955E-05 9.9955E-05
9.994E-05 9.994E-05 0.9993 9.994E-05 9.994E-05 9.994E-05 9.994E-05 9.994E-05
9.994E-05 9.994E-05 0.9993 9.994E-05 9.994E-05 9.994E-05 9.994E-05 9.994E-05
9.994E-05 9.994E-05 0.9993 9.994E-05 9.994E-05 9.994E-05 9.994E-05 9.994E-05
9.9964E-05 0.117919 0.873708 9.9964E-05 0.00599432 9.9964E-05 0.00197882 9.9964E-05
9.9955E-05 9.9955E-05 0.994551 9.9955E-05 9.9955E-05 9.9955E-05 0.00466469 0.000284227
9.9946E-05 9.9946E-05 0.997135 9.9946E-05 0.0022655 9.9946E-05 9.9946E-05 9.9946E-05
0.282874 0.0950918 0.0630222 0.297065 0.116348 0.087378 0.0581204 9.9991E-05
9.9964E-05 9.9964E-05 0.875996 0.0634478 0.0302909 0.0298652 9.9964E-05 9.9964E-05
9.9946E-05 9.9946E-05 0.979492 9.9946E-05 9.9946E-05 0.0199082 9.9946E-05 9.9946E-05
9.9946E-05 9.9946E-05 0.985322 9.9946E-05 9.9946E-05 0.014078 9.9946E-05 9.9946E-05
0.205961 9.9982E-05 0.121235 0.431686 0.11088 0.126834 0.00320292 9.9982E-05
0.171102 9.9982E-05 0.118626 0.495243 0.113529 0.0555921 0.0457084 9.9982E-05
0.178678 9.9991E-05 0.114776 0.460962 0.143591 0.0578077 0.0262863 0.017799
0.195188 9.9982E-05 0.148295 0.428139 0.101082 0.0755431 0.0515531 9.9982E-05
0.201482 9.9982E-05 0.0977049 0.46125 0.132144 0.0615272 0.0456916 9.9982E-05
0.205386 0.126511 0.103563 0.332256 0.148174 0.0496724 0.034338 9.9991E-05
0.099044 0.0743136 0.116686 0.480217 0.139774 0.0793853 9.9991E-05 0.0104798
0.192831 9.9973E-05 0.126602 0.481914 0.12745 0.0709036 9.9973E-05 9.9973E-05
0.107623 9.9982E-05 0.207733 0.411261 0.150473 0.0515807 0.0711296 9.9982E-05
0.140952 9.9991E-05 0.190743 0.40503 0.155522 0.0342192 0.0518614 0.0215721
0.128898 0.0542681 0.114937 0.445608 0.111176 0.0891646 0.055848 9.9991E-05
0.0909612 0.00354664 0.174469 0.454211 0.207136 0.0432031 0.0263736 9.9991E-05
0.166553 9.9982E-05 0.067722 0.503284 0.0918431 0.081021 0.0893774 9.9982E-05
0.20587 0.000953937 0.13148 0.483738 0.0869845 0.0535501 0.0373241 9.9991E-05
0.905407 9.9964E-05 9.9964E-05 9.9964E-05 0.0300784 0.00394358 0.0601707 9.9964E-05
0.837936 0.0185926 0.0381359 9.9982E-05 0.0290472 0.0606392 9.9982E-05 0.015449
0.9993 9.994E-05 9.994E-05 9.994E-05 9.994E-05 9.994E-05 9.994E-05 9.994E-05
0.973032 0.0171888 9.9955E-05 9.9955E-05 9.9955E-05 0.00927947 9.9955E-05 9.9955E-05
0.985058 9.9946E-05 9.9946E-05 9.9946E-05 9.9946E-05 0.014342 9.9946E-05 9.9946E-05
0.9993 9.994E-05 9.994E-05 9.994E-05 9.994E-05 9.994E-05 9.994E-05 9.994E-05
0.9993 9.994E-05 9.994E-05 9.994E-05 9.994E-05 9.994E-05 9.994E-05 9.994E-05
0.800452 0.0316906 0.000254641 0.0410594 0.0872089 0.00671779 9.9991E-05 0.0325163
0.966839 9.9946E-05 9.9946E-05 9.9946E-05 9.9946E-05 9.9946E-05 0.0325612 9.9946E-05
0.9993 9.994E-05 9.994E-05 9.994E-05 9.994E-05 9.994E-05 9.994E-05 9.994E-05
0.879201 9.9964E-05 0.0356324 9.9964E-05 0.0614463 9.9964E-05 9.9964E-05 0.0233207
0.997745 9.9955E-05 0.0011453 9.9955E-05 9.9955E-05 9.9955E-05 9.9955E-05 0.000609474
0.790111 9.9964E-05 9.9964E-05 0.0875578 0.0329036 9.9964E-05 0.089028 9.9964E-05
9.994E-05 9.994E-05 9.994E-05 9.994E-05 9.994E-05 9.994E-05 0.9993 9.994E-05
0.141951 9.9982E-05 0.18856 0.469293 0.0770044 0.0322763 0.0907147 9.9982E-05
9.994E-05 9.994E-05 9.994E-05 9.994E-05 9.994E-05 9.994E-05 0.9993 9.994E-05
9.994E-05 9.994E-05 9.994E-05 9.994E-05 9.994E-05 9.994E-05 0.9993 9.994E-05
9.9964E-05 9.9964E-05 0.0330808 9.9964E-05 0.0430834 9.9964E-05 0.917961 0.00547496
0.0599728 0.0569803 0.0143263 0.0918165 0.0111383 9.9982E-05 0.765566 9.9982E-05
9.9946E-05 9.9946E-05 9.9946E-05 9.9946E-05 9.9946E-05 9.9946E-05 0.995128 0.00427186
0.0195266 9.9982E-05 9.9982E-05 0.0123293 0.0557386 0.0125064 0.883831 0.0158679
9.994E-05 9.994E-05 9.994E-05 9.994E-05 9.994E-05 9.994E-05 0.9993 9.994E-05
9.9946E-05 0.0438825 9.9946E-05 9.9946E-05 9.9946E-05 9.9946E-05 0.955518 9.9946E-05
9.994E-05 9.994E-05 9.994E-05 9.994E-05 9.994E-05 9.994E-05 0.9993 9.994E-05
9.9955E-05 9.9955E-05 0.00102073 0.0438582 9.9955E-05 9.9955E-05 0.954621 9.9955E-05
0.0186787 9.9955E-05 0.00362518 9.9955E-05 9.9955E-05 9.9955E-05 0.977196 9.9955E-05
0.0687548 9.9964E-05 0.0485341 9.9964E-05 9.9964E-05 0.0470517 0.83526 9.9964E-05
9.9982E-05 0.0041914 9.9982E-05 0.0257762 0.0302043 0.0166502 0.920763 0.00221527
9.9973E-05 9.9973E-05 0.0349224 0.084251 0.0363091 9.9973E-05 0.836878 0.00733922
0.0111374 0.00620104 9.9982E-05 9.9982E-05 0.0324183 0.0610012 0.868367 0.0206749
9.9973E-05 0.00678328 9.9973E-05 0.0255073 9.9973E-05 0.0616805 0.883025 0.022704
0.0188045 0.0114787 9.9973E-05 0.0141008 9.9973E-05 9.9973E-05 0.954466 0.000850111
0.0276677 9.9991E-05 0.094451 0.445776 0.100221 0.263107 0.0427055 0.0259722
0.10805 9.9991E-05 0.0729936 0.373269 0.153511 0.241504 0.0412951 0.00927764
9.9982E-05 9.9982E-05 0.119477 0.411515 0.141786 0.258399 0.0414104 0.0272127
0.00870332 9.9991E-05 0.0474247 0.478866 0.132317 0.2705 0.0334469 0.0286431
0.00228505 0.0164362 0.00935828 9.9973E-05 0.9504 0.0212205 9.9973E-05 9.9973E-05
9.994E-05 9.994E-05 9.994E-05 9.994E-05 0.9993 9.994E-05 9.994E-05 9.994E-05
9.9955E-05 9.9955E-05 0.00263265 9.9955E-05 0.991913 0.00495431 9.9955E-05 9.9955E-05
9.994E-05 9.994E-05 9.994E-05 9.994E-05 0.9993 9.994E-05 9.994E-05 9.994E-05
0.000767671 9.9964E-05 9.9964E-05 9.9964E-05 0.987668 0.00326348 0.00790073 9.9964E-05
9.9982E-05 9.9982E-05 0.001265 0.00113969 0.96828 0.012996 0.0088739 0.00724502
0.0176686 9.9973E-05 0.013521 0.00397312 0.960313 9.9973E-05 0.00422422 9.9973E-05
0.0275137 0.0584149 9.9991E-05 0.12614 0.731717 0.00404912 0.0220656 0.03
0.0174337 0.0451335 9.9982E-05 0.0417421 0.825404 0.0457804 0.0243059 9.9982E-05
9.9946E-05 9.9946E-05 9.9946E-05 9.9946E-05 9.9946E-05 0.996266 9.9946E-05 0.00313443
9.994E-05 9.994E-05 9.994E-05 9.994E-05 9.994E-05 0.9993 9.994E-05 9.994E-05
9.994E-05 9.994E-05 9.994E-05 9.994E-05 9.994E-05 0.9993 9.994E-05 9.994E-05
9.9973E-05 0.0010187 9.9973E-05 9.9973E-05 0.000564033 0.989529 0.00573553 0.00285318
9.994E-05 9.994E-05 9.994E-05 9.994E-05 9.994E-05 0.9993 9.994E-05 9.994E-05
0.0187163 9.9973E-05 9.9973E-05 0.105404 0.0089991 0.865389 9.9973E-05 0.0011916
9.994E-05 9.994E-05 9.994E-05 9.994E-05 9.994E-05 0.9993 9.994E-05 9.994E-05
9.994E-05 9.994E-05 9.994E-05 9.994E-05 9.994E-05 0.9993 9.994E-05 9.994E-05
0.000766844 9.9955E-05 9.9955E-05 9.9955E-05 9.9955E-05 0.991327 9.9955E-05 0.00740595
0.0049741 9.9955E-05 9.9955E-05 0.0416799 9.9955E-05 0.952846 9.9955E-05 9.9955E-05
9.9946E-05 9.9946E-05 9.9946E-05 9.9946E-05 9.9946E-05 0.991799 9.9946E-05 0.00760109
9.994E-05 9.994E-05 9.994E-05 9.994E-05 9.994E-05 0.9993 9.994E-05 9.994E-05
