9.994E-05 9.994E-05 9.994E-05 0.9993 9.994E-05 9.994E-05 9.994E-05 9.994E-05
0.079425 0.0402721 9.9973E-05 0.259802 0.00189712 9.9973E-05 0.618304 9.9973E-05
0.0585648 0.0852845 9.9964E-05 0.260862 9.9964E-05 9.9964E-05 0.594889 9.9964E-05
9.9964E-05 9.9964E-05 9.9964E-05 0.18986 9.9964E-05 0.0240208 0.715719 0.070001
9.9982E-05 9.9982E-05 0.0393609 0.0806949 0.0179053 0.0623089 0.638464 0.161066
9.9964E-05 0.0331114 9.9964E-05 0.16303 9.9964E-05 9.9964E-05 0.625827 0.177631
9.9946E-05 9.9946E-05 9.9946E-05 0.251705 9.9946E-05 9.9946E-05 0.747696 9.9946E-05
0.00296919 0.0814529 9.9982E-05 0.296132 0.0033385 9.9982E-05 0.549258 0.06665
0.0239918 0.0480549 9.9973E-05 0.166751 9.9973E-05 0.0318399 0.729063 9.9973E-05
9.994E-05 9.994E-05 9.994E-05 0.9993 9.994E-05 9.994E-05 9.994E-05 9.994E-05
9.994E-05 9.994E-05 9.994E-05 0.9993 9.994E-05 9.994E-05 9.994E-05 9.994E-05
9.9946E-05 9.9946E-05 9.9946E-05 0.996934 9.9946E-05 0.00246596 9.9946E-05 9.9946E-05
9.994E-05 9.994E-05 9.994E-05 0.9993 9.994E-05 9.994E-05 9.994E-05 9.994E-05
9.9955E-05 9.9955E-05 0.0733886 0.913428 9.9955E-05 9.9955E-05 9.9955E-05 0.0126832
9.9946E-05 9.9946E-05 9.9946E-05 0.936829 0.0625714 9.9946E-05 9.9946E-05 9.9946E-05
9.9973E-05 0.0367797 9.9973E-05 0.159389 9.9973E-05 0.0491523 0.487315 0.267064
0.0182993 0.00100939 0.0509836 0.191908 0.0910993 0.0845941 0.391459 0.170647
0.0129775 0.0148636 9.9973E-05 0.152196 9.9973E-05 9.9973E-05 0.681418 0.138245
0.00409688 9.9964E-05 0.0569988 9.9964E-05 9.9964E-05 0.0469281 0.891576 9.9964E-05
9.9973E-05 9.9973E-05 0.078219 9.9973E-05 0.0183394 0.0199444 0.840608 0.042589
0.0334884 9.9964E-05 9.9964E-05 0.0436243 9.9964E-05 0.0904892 0.831998 9.9964E-05
9.9973E-05 0.0608004 0.0981975 9.9973E-05 0.000951898 9.9973E-05 0.767798 0.0719528
0.000857622 0.0419368 0.117704 9.9973E-05 9.9973E-05 0.0229157 0.816286 9.9973E-05
0.0119063 0.0346732 0.0382723 0.00167216 0.00280124 9.9982E-05 0.910475 9.9982E-05
9.9964E-05 9.9964E-05 9.9964E-05 9.9964E-05 0.0204485 0.0387225 0.878596 0.0618327
9.9964E-05 9.9964E-05 9.9964E-05 9.9964E-05 0.0339484 0.078772 0.585735 0.301145
9.9973E-05 0.0660656 0.0379487 9.9973E-05 9.9973E-05 0.0993544 0.674097 0.122235
9.9964E-05 0.0163958 9.9964E-05 9.9964E-05 0.0114986 9.9964E-05 0.924814 0.0468913
9.999E-05 0.0191643 0.0356835 0.0218991 0.0528358 0.0363782 0.758344 0.075595
0.000933324 9.9955E-05 9.9955E-05 0.0153318 9.9955E-05 9.9955E-05 0.983235 9.9955E-05
0.00695014 9.9973E-05 0.0607599 0.0125571 0.00446846 9.9973E-05 0.914965 9.9973E-05
9.9982E-05 0.0191951 0.0104379 9.9982E-05 0.0584573 0.0440489 0.814069 0.0535921
0.0250168 0.0330292 0.0232537 9.9991E-05 0.0484759 0.0557572 0.772868 0.0414994
9.9982E-05 0.0645094 0.0155302 0.0389023 0.157522 9.9982E-05 0.619363 0.103974
9.9973E-05 0.0755595 0.142039 9.9973E-05 0.0049292 0.0162643 0.760908 9.9973E-05
9.99485E-05 9.99485E-05 9.99485E-05 0.0190211 9.99485E-05 9.99485E-05 0.980379 9.99485E-05
9.9955E-05 9.9955E-05 0.0347618 9.9955E-05 9.9955E-05 9.9955E-05 0.486123 0.478616
9.9982E-05 0.0397776 0.0636002 9.9982E-05 0.0145449 0.0860996 0.538522 0.257255
0.0429941 0.0882092 9.9982E-05 0.00845846 9.9982E-05 0.113072 0.513542 0.233524
0.0598552 9.9982E-05 0.00952031 9.9982E-05 0.00903059 0.0806397 0.529746 0.311008
0.0657886 0.0159335 9.9973E-05 9.9973E-05 0.0345038 9.9973E-05 0.00382096 0.879653
9.9955E-05 0.044657 9.9955E-05 9.9955E-05 0.0539339 9.9955E-05 9.9955E-05 0.900909
0.028399 0.0723775 9.9982E-05 0.0511346 0.048764 9.9982E-05 0.200121 0.599004
0.0230041 0.0421902 9.9973E-05 9.9973E-05 0.0244817 9.9973E-05 0.0185106 0.891514
9.9973E-05 0.0897579 9.9973E-05 9.9973E-05 0.00981683 0.0542675 0.188192 0.657666
9.9946E-05 9.9946E-05 9.9946E-05 0.00876365 9.9946E-05 9.9946E-05 9.9946E-05 0.990637
9.994E-05 9.994E-05 9.994E-05 9.994E-05 9.994E-05 9.994E-05 9.994E-05 0.9993
9.9982E-05 0.069617 0.0307089 9.9982E-05 0.0125911 0.0291985 0.364559 0.493126
9.9982E-05 0.0273336 9.9982E-05 0.0557126 0.0261097 0.0689485 0.137339 0.684357
0.0264537 0.0187906 9.9982E-05 0.0752316 0.0544384 9.9982E-05 0.414264 0.410622
0.0233846 0.0222722 9.9982E-05 0.0464259 9.9982E-05 0.0594443 0.153656 0.694617
9.9982E-05 0.0418274 0.0210528 0.00202495 9.9982E-05 0.033285 0.185459 0.716151
9.9955E-05 9.9955E-05 9.9955E-05 0.0327861 9.9955E-05 0.0620378 9.9955E-05 0.904676
9.9982E-05 9.9982E-05 0.0906486 0.0370736 0.0834899 0.0408993 0.126894 0.620794
0.0519065 9.9991E-05 0.0447626 0.0598505 0.045897 0.0289398 0.197179 0.571365
9.9964E-05 0.0571681 9.9964E-05 9.9964E-05 0.0476587 9.9964E-05 0.104951 0.789822
9.999E-05 0.055317 0.0132427 0.0917336 0.0441435 0.106012 0.146175 0.543276
0.0361128 9.9973E-05 9.9973E-05 9.9973E-05 0.0553796 0.0646536 0.156743 0.686811
9.9964E-05 0.00721429 9.9964E-05 0.0149225 9.9964E-05 0.0269417 9.9964E-05 0.950522
0.00247668 0.0773661 9.9982E-05 0.0353741 9.9982E-05 0.129489 0.161491 0.593603
9.9973E-05 9.9973E-05 0.0128674 9.9973E-05 0.0568252 0.0814334 0.173532 0.675042
9.9973E-05 9.9973E-05 9.9973E-05 0.0288369 0.0517798 0.00243934 0.0152008 0.901443
0.0363758 0.0429175 9.9991E-05 0.0110363 0.0298812 0.0325922 0.125423 0.721674
0.0565252 0.0379814 0.0452131 9.99641E-05 9.99641E-05 9.99641E-05 9.99641E-05 0.85988
9.9973E-05 9.9973E-05 9.9973E-05 0.0239536 0.0316562 0.0420793 0.0534488 0.848562
9.9955E-05 0.0379851 0.0437295 9.9955E-05 9.9955E-05 9.9955E-05 9.9955E-05 0.917786
0.030874 9.9955E-05 9.9955E-05 9.9955E-05 9.9955E-05 0.00998944 9.9955E-05 0.958637
0.0445202 0.0370647 0.0669864 0.0201835 0.0465683 9.9982E-05 9.9982E-05 0.784477
0.00367685 0.00455904 0.00145769 9.9991E-05 0.0021073 0.0581388 0.273673 0.656287
9.99551E-05 0.00878238 0.00584692 9.99551E-05 9.99551E-05 9.99551E-05 9.99551E-05 0.984871
0.0649007 0.0463216 9.9973E-05 0.0452361 9.9973E-05 9.9973E-05 0.0636168 0.779625
0.0428565 0.00604001 0.00862953 9.9991E-05 0.0335661 0.00753148 0.0620438 0.839233
9.9946E-05 9.9946E-05 9.9946E-05 0.0643374 9.9946E-05 9.9946E-05 9.9946E-05 0.935063
9.9955E-05 9.9955E-05 9.9955E-05 0.0419321 9.9955E-05 0.0077117 9.9955E-05 0.949856
9.9973E-05 0.023927 0.003398 0.0473175 0.0851065 9.9973E-05 9.9973E-05 0.839951
9.9964E-05 9.9964E-05 0.00273172 9.9964E-05 9.9964E-05 0.0495157 0.0149141 0.932439
9.994E-05 9.994E-05 9.994E-05 9.994E-05 9.994E-05 9.994E-05 9.994E-05 0.9993
0.131175 9.9964E-05 0.100466 0.0284894 9.9964E-05 9.9964E-05 9.9964E-05 0.73947
0.0973982 0.034726 0.0936336 9.9991E-05 0.106834 0.0676253 0.0105165 0.589166
0.110339 0.0223936 0.0922932 9.9982E-05 0.0234599 0.0538327 9.9982E-05 0.697481
0.0961601 0.000302529 0.0510892 9.9982E-05 0.06464 0.0393302 9.9982E-05 0.748278
0.139537 0.0169941 0.0691473 9.9982E-05 0.0219361 0.0147712 9.9982E-05 0.737414
0.102148 0.0543348 0.0663749 9.9982E-05 0.0533581 0.052864 9.9982E-05 0.67072
0.154424 9.9973E-05 9.9973E-05 9.9973E-05 0.13785 0.0251927 0.145468 0.536766
0.21666 0.046675 0.0373632 9.9991E-05 0.0994683 0.0409488 0.108154 0.450631
0.140003 0.127159 0.00108221 0.0315508 0.0464119 0.0363205 0.0525655 0.564907
0.0541258 0.053545 0.0404428 0.0222963 0.128347 0.0508542 0.173168 0.47722
0.118538 9.9973E-05 9.9973E-05 9.9973E-05 0.120668 0.0571883 0.116793 0.586512
0.115411 0.0417572 0.0420185 0.0369048 0.0296734 0.0988117 9.9991E-05 0.635323
0.114713 0.0914896 0.0231534 0.00670559 0.134226 0.113908 0.0837229 0.432081
0.110368 0.0750299 0.188552 0.0531434 0.0304178 9.9991E-05 0.048793 0.493596
0.0526117 0.0789629 0.181322 0.0540877 0.0832408 9.9991E-05 0.00576768 0.543907
0.190659 0.102569 0.0117793 0.0208758 0.0403682 0.153726 0.0365969 0.443426
0.9993 9.994E-05 9.994E-05 9.994E-05 9.994E-05 9.994E-05 9.994E-05 9.994E-05
0.951385 9.9955E-05 9.9955E-05 0.0286786 0.0194372 9.9955E-05 9.9955E-05 9.9955E-05
0.834453 9.9982E-05 0.0258625 0.00301595 9.9982E-05 0.00406637 0.0647974 0.0676045
0.9993 9.994E-05 9.994E-05 9.994E-05 9.994E-05 9.994E-05 9.994E-05 9.994E-05
0.9993 9.994E-05 9.994E-05 9.994E-05 9.994E-05 9.994E-05 9.994E-05 9.994E-05
0.9993 9.994E-05 9.994E-05 9.994E-05 9.994E-05 9.994E-05 9.994E-05 9.994E-05
0.9993 9.994E-05 9.994E-05 9.994E-05 9.994E-05 9.994E-05 9.994E-05 9.994E-05
0.865726 9.9964E-05 0.00502103 9.9964E-05 9.9964E-05 0.0342671 0.0945857 9.9964E-05
0.997805 9.9946E-05 9.9946E-05 9.9946E-05 9.9946E-05 0.0015958 9.9946E-05 9.9946E-05
0.9993 9.994E-05 9.994E-05 9.994E-05 9.994E-05 9.994E-05 9.994E-05 9.994E-05
0.107257 0.0721723 0.0995507 9.9991E-05 0.307749 0.102626 0.0763371 0.234208
0.925199 0.0121793 0.0192989 9.9964E-05 9.9964E-05 9.9964E-05 9.9964E-05 0.0429233
0.9993 9.994E-05 9.994E-05 9.994E-05 9.994E-05 9.994E-05 9.994E-05 9.994E-05
0.998975 9.99547E-05 0.000424975 9.99547E-05 9.99547E-05 9.99547E-05 9.99547E-05 9.99547E-05
0.116477 9.9973E-05 0.076589 9.9973E-05 0.232372 0.11763 9.9973E-05 0.456632
0.136551 0.0515322 0.0732088 9.9982E-05 0.219617 0.0760461 9.9982E-05 0.442845
0.143732 0.0452235 0.107732 9.9991E-05 0.19355 0.0675809 0.00812884 0.433952
0.188087 0.0694582 0.0834687 9.9982E-05 0.209112 0.0655801 9.9982E-05 0.384094
0.174522 0.0508375 0.040524 9.9982E-05 0.211027 0.110865 9.9982E-05 0.412025
0.107475 0.00804513 0.162629 9.9991E-05 0.201658 0.0318749 0.158196 0.330022
0.162098 0.00746294 0.112043 0.00419498 0.164445 0.0464792 0.0217376 0.481539
0.168375 9.9973E-05 0.133514 9.9973E-05 0.190827 0.0517135 9.9973E-05 0.45527
0.233426 0.108167 0.115491 9.9982E-05 0.148192 0.0446443 9.9982E-05 0.349879
0.192719 0.0798997 0.125406 9.9991E-05 0.18035 0.0490511 0.00365265 0.368821
0.142973 0.0468705 0.102961 9.9991E-05 0.151472 0.0623232 0.0970274 0.396273
0.190971 0.0417088 0.171041 9.9991E-05 0.0882723 0.0681204 0.0154314 0.424356
0.0639364 0.0558574 0.0929492 9.9982E-05 0.1964 0.117569 9.9982E-05 0.473088
0.157317 0.0464072 0.0526129 9.9991E-05 0.209576 0.0823892 0.00673238 0.444866
9.9955E-05 9.9955E-05 0.0458892 9.9955E-05 0.937997 9.9955E-05 0.0156139 9.9955E-05
0.0353379 9.9973E-05 0.0246113 9.9973E-05 0.860084 0.0240129 0.0556536 9.9973E-05
9.994E-05 9.994E-05 9.994E-05 9.994E-05 0.9993 9.994E-05 9.994E-05 9.994E-05
0.00230631 0.024901 0.00505699 9.9982E-05 0.962987 0.00171291 0.00283605 9.9982E-05
9.994E-05 9.994E-05 9.994E-05 9.994E-05 0.9993 9.994E-05 9.994E-05 9.994E-05
9.994E-05 9.994E-05 9.994E-05 9.994E-05 0.9993 9.994E-05 9.994E-05 9.994E-05
9.9946E-05 9.9946E-05 0.00911079 9.9946E-05 0.99029 9.9946E-05 9.9946E-05 9.9946E-05
9.9991E-05 0.00295485 0.12716 0.0160123 0.684744 0.04284 0.00985211 0.116336
9.994E-05 9.994E-05 9.994E-05 9.994E-05 0.9993 9.994E-05 9.994E-05 9.994E-05
9.994E-05 9.994E-05 9.994E-05 9.994E-05 0.9993 9.994E-05 9.994E-05 9.994E-05
0.0122457 9.9964E-05 0.136212 0.0171074 0.834035 9.9964E-05 9.9964E-05 9.9964E-05
9.994E-05 9.994E-05 9.994E-05 9.994E-05 0.9993 9.994E-05 9.994E-05 9.994E-05
9.9982E-05 0.058888 0.0177827 9.9982E-05 0.746373 0.00993976 0.0222174 0.144599
9.994E-05 0.9993 9.994E-05 9.994E-05 9.994E-05 9.994E-05 9.994E-05 9.994E-05
0.172893 0.0757836 0.0939747 0.00625072 0.18778 0.0275462 9.9991E-05 0.435673
9.994E-05 0.9993 9.994E-05 9.994E-05 9.994E-05 9.994E-05 9.994E-05 9.994E-05
9.994E-05 0.9993 9.994E-05 9.994E-05 9.994E-05 9.994E-05 9.994E-05 9.994E-05
0.000908472 0.949433 0.0491589 9.99551E-05 9.99551E-05 9.99551E-05 9.99551E-05 9.99551E-05
0.0112253 0.748008 9.9991E-05 0.0151666 0.0829906 0.0353218 0.0509444 0.0562433
9.994E-05 0.9993 9.994E-05 9.994E-05 9.994E-05 9.994E-05 9.994E-05 9.994E-05
9.9964E-05 0.872048 0.0507297 0.0243448 9.9964E-05 9.9964E-05 9.9964E-05 0.0524771
9.99461E-05 0.994169 9.99461E-05 9.99461E-05 9.99461E-05 0.00523133 9.99461E-05 9.99461E-05
9.9973E-05 0.946215 9.9973E-05 9.9973E-05 0.0278162 0.0130339 0.0109586 0.00167664
9.994E-05 0.9993 9.994E-05 9.994E-05 9.994E-05 9.994E-05 9.994E-05 9.994E-05
9.9955E-05 0.970731 9.9955E-05 9.9955E-05 9.9955E-05 0.0137398 9.9955E-05 0.0150291
0.010326 0.976605 9.9955E-05 9.9955E-05 0.0125693 9.9955E-05 9.9955E-05 9.9955E-05
0.0443356 0.843388 9.9973E-05 9.9973E-05 0.0647517 0.0358278 9.9973E-05 0.0113974
9.9973E-05 0.944198 0.00241298 9.9973E-05 0.0273225 0.0151776 9.9973E-05 0.010589
0.00167537 0.884173 0.0273662 9.9982E-05 0.00232225 0.00749462 9.9982E-05 0.0767689
9.9964E-05 0.903758 0.0306294 9.9964E-05 0.0276165 0.037596 9.9964E-05 9.9964E-05
0.00803574 0.853498 9.9991E-05 0.0285851 0.0104631 0.0402512 0.00891623 0.0501502
9.9955E-05 0.964402 9.9955E-05 0.0139164 0.0211814 9.9955E-05 9.9955E-05 9.9955E-05
0.0483895 0.0317969 0.126322 0.0415248 0.0622683 0.306353 9.9991E-05 0.383246
0.0474959 0.037694 0.155452 0.0260502 0.076291 0.259624 0.00394875 0.393445
0.0879686 0.0625819 0.124289 0.0333047 0.029772 0.310802 9.9991E-05 0.351182
0.0468678 0.0247273 0.157964 0.0630767 0.00278663 0.263334 9.9991E-05 0.441144
0.00536281 0.00315292 0.921292 9.9982E-05 0.0557818 0.00727243 0.00693787 9.9982E-05
9.994E-05 9.994E-05 0.9993 9.994E-05 9.994E-05 9.994E-05 9.994E-05 9.994E-05
9.9955E-05 0.0045186 0.984036 9.9955E-05 9.9955E-05 0.0109455 9.9955E-05 9.9955E-05
9.994E-05 9.994E-05 0.9993 9.994E-05 9.994E-05 9.994E-05 9.994E-05 9.994E-05
0.00459103 9.9955E-05 0.99438 9.9955E-05 9.9955E-05 0.000529151 9.9955E-05 9.9955E-05
9.9955E-05 9.9955E-05 0.948927 9.9955E-05 9.9955E-05 0.0349969 9.9955E-05 0.0155764
0.00265413 0.0208093 0.949096 0.000103048 9.9973E-05 9.9973E-05 9.9973E-05 0.0270379
9.9973E-05 0.059334 0.735476 9.9973E-05 0.0926229 0.0339859 0.0782812 9.9973E-05
0.00521065 9.9991E-05 0.856247 0.0354937 0.0169854 0.0344927 0.00276101 0.0487099
9.9946E-05 9.9946E-05 9.9946E-05 0.000656964 9.9946E-05 0.998743 9.9946E-05 9.9946E-05
9.994E-05 9.994E-05 9.994E-05 9.994E-05 9.994E-05 0.9993 9.994E-05 9.994E-05
9.994E-05 9.994E-05 9.994E-05 9.994E-05 9.994E-05 0.9993 9.994E-05 9.994E-05
9.994E-05 9.994E-05 9.994E-05 9.994E-05 9.994E-05 0.9993 9.994E-05 9.994E-05
9.994E-05 9.994E-05 9.994E-05 9.994E-05 9.994E-05 0.9993 9.994E-05 9.994E-05
0.0483979 0.0216402 9.9964E-05 0.019842 9.9964E-05 0.90972 9.9964E-05 9.9964E-05
9.994E-05 9.994E-05 9.994E-05 9.994E-05 9.994E-05 0.9993 9.994E-05 9.994E-05
9.994E-05 9.994E-05 9.994E-05 9.994E-05 9.994E-05 0.9993 9.994E-05 9.994E-05
9.9955E-05 0.00550881 9.9955E-05 0.00217079 9.9955E-05 0.991821 9.9955E-05 9.9955E-05
0.0180947 0.0255512 9.9964E-05 9.9964E-05 9.9964E-05 0.943254 9.9964E-05 0.0127008
9.9955E-05 9.9955E-05 9.9955E-05 0.00189633 0.000476354 0.997128 9.9955E-05 9.9955E-05
9.9964E-05 9.9964E-05 0.0316262 9.9964E-05 0.00652156 0.955083 0.00636936 9.9964E-05
