9.9946E-05 9.9946E-05 0.248313 9.9946E-05 9.9946E-05 9.9946E-05 9.9946E-05 0.751087
9.9973E-05 9.9973E-05 0.63856 9.9973E-05 0.0126264 0.0191935 0.103014 0.226306
9.994E-05 9.994E-05 9.994E-05 9.994E-05 9.994E-05 9.994E-05 9.994E-05 0.9993
0.0769771 9.9982E-05 9.9982E-05 0.0522704 0.0317128 0.0592295 0.0750782 0.704532
9.9964E-05 0.028857 0.739529 9.9964E-05 9.9964E-05 0.106566 9.9964E-05 0.124649
0.0867467 9.9955E-05 0.218565 9.9955E-05 9.9955E-05 9.9955E-05 9.9955E-05 0.694188
9.9964E-05 9.9964E-05 0.865575 0.0401415 9.9964E-05 9.9964E-05 0.00545682 0.0884266
9.994E-05 9.994E-05 0.9993 9.994E-05 9.994E-05 9.994E-05 9.994E-05 9.994E-05
0.00929888 9.9973E-05 0.0218447 0.0353547 9.9973E-05 9.9973E-05 0.229939 0.703263
0.011905 0.0423709 0.650245 0.182159 0.038828 9.9982E-05 0.0742918 9.9982E-05
9.9946E-05 9.9946E-05 9.9946E-05 9.9946E-05 0.016205 0.983195 9.9946E-05 9.9946E-05
0.269573 9.9973E-05 0.0196975 0.00188735 0.0080557 0.700487 9.9973E-05 9.9973E-05
9.9946E-05 9.9946E-05 0.082906 9.9946E-05 9.9946E-05 0.916494 9.9946E-05 9.9946E-05
0.622699 9.9982E-05 9.9982E-05 0.0930408 0.0388218 0.109834 0.0917922 0.0436126
9.9964E-05 9.9964E-05 9.9964E-05 0.156765 0.0290242 0.794192 9.9964E-05 0.0196192
0.753343 0.0174958 0.0284052 9.9973E-05 0.00678912 0.193667 9.9973E-05 9.9973E-05
0.929009 9.9946E-05 9.9946E-05 9.9946E-05 9.9946E-05 0.0703913 9.9946E-05 9.9946E-05
0.739496 9.9964E-05 9.9964E-05 0.0822981 9.9964E-05 9.9964E-05 0.170892 0.00691338
0.238465 0.0204458 9.9973E-05 0.162866 0.0215974 0.556325 9.9973E-05 9.9973E-05
0.871324 9.9964E-05 9.9964E-05 0.0800799 9.9964E-05 0.0139813 9.9964E-05 0.0342153
0.665587 9.9973E-05 9.9973E-05 9.9973E-05 0.00663964 0.131515 0.109664 0.0862954
0.484294 9.9973E-05 0.406604 0.0224788 9.9973E-05 0.068666 9.9973E-05 0.0176572
0.827365 9.9964E-05 9.9964E-05 9.9964E-05 0.0247689 0.111107 9.9964E-05 0.0363588
0.986766 9.9946E-05 9.9946E-05 9.9946E-05 9.9946E-05 9.9946E-05 0.0126343 9.9946E-05
0.289434 9.9973E-05 9.9973E-05 0.186656 9.9973E-05 0.383089 0.139318 0.00120399
0.429447 9.9973E-05 0.109332 0.115599 9.9973E-05 0.165354 0.179968 9.9973E-05
0.03559 0.133744 9.9964E-05 0.275849 9.9964E-05 0.554417 9.9964E-05 9.9964E-05
0.036467 9.998E-05 9.998E-05 0.125439 0.00199479 0.485253 0.330149 0.0204979
0.105819 9.9973E-05 0.0259759 0.302197 9.9973E-05 0.361982 0.203728 9.9973E-05
9.9946E-05 9.9946E-05 9.9946E-05 9.9946E-05 9.9946E-05 0.864877 0.134523 9.9946E-05
9.9964E-05 0.17319 9.9964E-05 0.349346 9.9964E-05 9.9964E-05 0.337435 0.13963
0.0194873 0.373602 9.9991E-05 0.164289 0.000170689 0.0100991 0.172922 0.25933
9.9955E-05 9.9955E-05 9.9955E-05 0.885323 9.9955E-05 0.0374576 0.0767194 9.9955E-05
0.00347405 0.0830886 9.9955E-05 0.912938 9.9955E-05 9.9955E-05 9.9955E-05 9.9955E-05
9.9955E-05 9.9955E-05 9.9955E-05 0.799096 0.00812792 0.192276 9.9955E-05 9.9955E-05
9.9964E-05 0.00460373 9.9964E-05 0.813236 9.9964E-05 9.9964E-05 0.110605 0.0711551
0.0579329 0.0649046 0.20135 0.637999 9.9973E-05 9.9973E-05 9.9973E-05 0.037513
0.031356 9.9973E-05 0.0024465 0.741126 9.9973E-05 9.9973E-05 0.150959 0.0738127
9.9955E-05 0.134335 9.9955E-05 0.848057 0.0171084 9.9955E-05 9.9955E-05 9.9955E-05
9.9982E-05 0.0586658 9.9982E-05 0.52075 0.0273842 0.127086 0.256851 0.00906381
9.9964E-05 9.9964E-05 0.0390349 0.938954 0.00131999 9.9964E-05 0.0202908 9.9964E-05
0.0465736 0.0267852 0.00174481 0.422593 9.9991E-05 0.103684 0.343053 0.0554665
9.9946E-05 9.9946E-05 9.9946E-05 0.972912 9.9946E-05 9.9946E-05 0.0264884 9.9946E-05
9.9982E-05 0.0336912 0.03579 0.800299 0.0107971 0.05811 0.0611126 9.9982E-05
9.9955E-05 0.877139 9.9955E-05 9.9955E-05 9.9955E-05 0.0962261 9.9955E-05 0.0261352
9.9973E-05 0.672802 0.0372008 9.9973E-05 0.00730851 0.160053 0.122336 9.9973E-05
9.9973E-05 0.578897 0.03269 0.21406 0.0850808 9.9973E-05 0.0889718 9.9973E-05
9.9946E-05 0.940047 9.9946E-05 9.9946E-05 9.9946E-05 9.9946E-05 0.0593535 9.9946E-05
9.9964E-05 0.446303 0.139378 0.3681 9.9964E-05 0.0458189 9.9964E-05 9.9964E-05
9.998E-05 0.393788 0.0674127 0.251107 9.998E-05 0.0551079 0.178932 0.0534525
0.0187574 0.699503 9.9955E-05 9.9955E-05 9.9955E-05 9.9955E-05 0.28124 9.9955E-05
0.00437 0.99503 9.9946E-05 9.9946E-05 9.9946E-05 9.9946E-05 9.9946E-05 9.9946E-05
0.0252143 0.799655 9.9964E-05 9.9964E-05 0.0135253 9.9964E-05 0.161206 9.9964E-05
0.0547673 0.741071 9.9964E-05 0.109059 9.9964E-05 9.9964E-05 0.0947034 9.9964E-05
9.9955E-05 0.831704 9.9955E-05 0.10571 9.9955E-05 9.9955E-05 0.0620863 9.9955E-05
9.9955E-05 0.916115 0.0384555 9.9955E-05 0.04493 9.9955E-05 9.9955E-05 9.9955E-05
9.9973E-05 0.0164249 0.0601519 9.9973E-05 0.00554647 0.0311367 0.88644 9.9973E-05
0.00388591 0.0992098 0.0535613 0.0886294 9.9982E-05 0.0364911 0.718022 9.9982E-05
9.9964E-05 0.13677 9.9964E-05 9.9964E-05 9.9964E-05 0.088817 0.697371 0.0766423
9.9973E-05 0.0930688 0.190965 0.0912845 9.9973E-05 0.0312581 0.593123 9.9973E-05
0.080657 0.103332 9.9955E-05 9.9955E-05 9.9955E-05 9.9955E-05 0.815512 9.9955E-05
9.9973E-05 9.9973E-05 0.0211069 0.405457 0.0971558 9.9973E-05 0.46437 0.0116102
0.017699 9.9973E-05 0.00978043 0.136252 9.9973E-05 9.9973E-05 0.828988 0.00698018
9.99461E-05 9.99461E-05 9.99461E-05 9.99461E-05 0.0342848 9.99461E-05 0.965116 9.99461E-05
0.0260462 9.9964E-05 9.9964E-05 0.094278 0.00543446 9.9964E-05 0.873841 9.9964E-05
9.994E-05 9.994E-05 9.994E-05 9.994E-05 9.994E-05 9.994E-05 0.9993 9.994E-05
9.9946E-05 9.9946E-05 9.9946E-05 9.9946E-05 9.9946E-05 0.029995 0.969405 9.9946E-05
0.0103513 9.9964E-05 9.9964E-05 9.9964E-05 0.00626655 0.0390161 0.943966 9.9964E-05
9.9955E-05 9.9955E-05 9.9955E-05 9.9955E-05 0.012695 9.9955E-05 0.97879 0.00801565
9.994E-05 9.994E-05 9.994E-05 9.994E-05 9.994E-05 9.994E-05 0.9993 9.994E-05
0.0272654 9.9955E-05 9.9955E-05 9.9955E-05 0.0152813 9.9955E-05 0.956953 9.9955E-05
9.9964E-05 9.9964E-05 0.125357 0.178661 0.00852816 9.9964E-05 0.687054 9.9964E-05
9.9955E-05 0.037778 0.0349498 9.9955E-05 9.9955E-05 9.9955E-05 0.926772 9.9955E-05
0.0309607 0.014729 0.00591162 0.214967 0.0723561 9.998E-05 0.660875 9.998E-05
0.0212963 9.9991E-05 0.00805594 0.0733236 0.52797 0.0548542 0.306419 0.00798149
9.994E-05 9.994E-05 9.994E-05 9.994E-05 0.9993 9.994E-05 9.994E-05 9.994E-05
9.998E-05 0.0390453 0.0411769 0.103378 0.0361005 0.137491 0.642609 9.998E-05
