9.994E-05 9.994E-05 9.994E-05 9.994E-05 9.994E-05 0.9993 9.994E-05 9.994E-05
0.0906623 9.9964E-05 0.0908974 9.9964E-05 0.53919 0.27885 9.9964E-05 9.9964E-05
0.086892 9.9964E-05 0.0603637 9.9964E-05 0.610845 0.241499 9.9964E-05 9.9964E-05
9.99551E-05 9.99551E-05 9.99551E-05 9.99551E-05 0.790912 0.171905 0.0366824 9.99551E-05
9.9982E-05 0.0812483 9.9982E-05 0.020968 0.760925 0.0901314 0.041449 0.0050783
0.052862 9.9964E-05 9.9964E-05 9.9964E-05 0.649851 0.16446 0.132427 9.9964E-05
0.0138303 9.9964E-05 9.9964E-05 9.9964E-05 0.722674 0.249183 0.0139126 9.9964E-05
0.109239 9.9982E-05 0.0182419 9.9982E-05 0.585185 0.249144 0.0233871 0.0146027
0.0736358 0.040863 0.0247998 9.9973E-05 0.681446 0.178956 9.9973E-05 9.9973E-05
9.994E-05 9.994E-05 9.994E-05 9.994E-05 9.994E-05 0.9993 9.994E-05 9.994E-05
9.994E-05 9.994E-05 9.994E-05 9.994E-05 9.994E-05 0.9993 9.994E-05 9.994E-05
9.9955E-05 0.0028579 9.9955E-05 0.00245512 9.9955E-05 0.994187 9.9955E-05 9.9955E-05
9.9946E-05 9.9946E-05 0.0115448 9.9946E-05 9.9946E-05 0.987855 9.9946E-05 9.9946E-05
9.9964E-05 0.000276376 9.9964E-05 0.0663334 0.0202022 0.912788 9.9964E-05 9.9964E-05
0.00875749 9.9955E-05 9.9955E-05 9.9955E-05 9.9955E-05 0.946842 0.0439004 9.9955E-05
0.00534164 0.0309082 9.9973E-05 9.9973E-05 0.451458 0.161389 0.350603 9.9973E-05
0.0963572 0.00109404 0.00744222 0.114033 0.312003 0.241944 0.203131 0.0239943
9.9973E-05 0.0100941 0.00734109 9.9973E-05 0.740951 0.145701 0.0956128 9.9973E-05
9.9964E-05 0.0313369 0.00755023 0.0328795 0.927833 9.9964E-05 9.9964E-05 9.9964E-05
9.9964E-05 0.0122979 9.9964E-05 0.0426346 0.932548 9.9964E-05 9.9964E-05 0.0121193
9.9964E-05 0.0487438 0.0190148 9.9964E-05 0.886672 0.0451691 9.9964E-05 9.9964E-05
0.0613271 9.9982E-05 0.0225524 0.0820559 0.751082 9.9982E-05 0.0373272 0.0454554
0.0223384 9.9964E-05 9.9964E-05 0.0638214 0.880175 9.9964E-05 9.9964E-05 0.0332651
9.9964E-05 9.9964E-05 9.9964E-05 0.0386908 0.928129 0.00411768 9.9964E-05 0.0286626
9.9973E-05 9.9973E-05 0.0271321 0.0121732 0.853791 9.9973E-05 0.0914765 0.0151278
9.9973E-05 0.0268947 9.9973E-05 0.0400029 0.563977 9.9973E-05 0.306879 0.061947
0.0674563 0.0764441 9.9973E-05 0.0494395 0.654758 9.9973E-05 0.151602 9.9973E-05
0.0226019 9.9964E-05 0.00142801 9.9964E-05 0.947656 9.9964E-05 9.9964E-05 0.0279146
9.9982E-05 0.0272028 9.9982E-05 0.0454064 0.683842 0.0356799 0.173823 0.0338462
9.9946E-05 9.9946E-05 9.9946E-05 9.9946E-05 0.997758 9.9946E-05 0.00164194 9.9946E-05
9.9973E-05 0.0134853 9.9973E-05 0.0233159 0.90762 0.0142731 9.9973E-05 0.041006
0.00159142 0.049675 0.00885992 9.9982E-05 0.824581 9.9982E-05 0.0412609 0.0738317
0.0437313 0.0618685 0.0166496 0.00757685 0.712314 9.9982E-05 0.15766 9.9982E-05
0.074769 0.0246098 9.9982E-05 9.9982E-05 0.592379 0.0476288 0.122408 0.138005
0.0679599 9.9964E-05 9.9964E-05 0.117807 0.756852 9.9964E-05 9.9964E-05 0.0569811
9.9955E-05 9.9955E-05 9.9955E-05 9.9955E-05 0.969643 0.0268648 0.00299206 9.9955E-05
9.9955E-05 9.9955E-05 9.9955E-05 0.0388546 0.4663 9.9955E-05 0.494345 9.9955E-05
0.0112646 0.0467856 9.9991E-05 0.0973857 0.521405 0.00788398 0.294009 0.0211655
0.0595487 0.0998812 0.0504407 9.9982E-05 0.498034 0.0144117 0.277484 9.9982E-05
9.999E-05 0.0122387 0.0161756 0.0277734 0.482524 0.00377684 0.426971 0.0304407
9.9964E-05 9.9964E-05 0.0270966 9.9964E-05 0.00716033 9.9964E-05 0.939827 0.0255161
0.0534572 0.0222088 9.9973E-05 9.9973E-05 9.9973E-05 0.0029595 0.912592 0.0084828
0.0539827 9.9982E-05 0.0154963 9.9982E-05 0.147469 0.0687245 0.681172 0.0329557
0.0161581 0.015848 0.00448856 9.9973E-05 9.9973E-05 0.0123701 0.950835 9.9973E-05
0.0170716 0.0496363 9.9973E-05 9.9973E-05 0.217269 9.9973E-05 0.711352 0.00437104
0.0144153 9.9964E-05 9.9964E-05 9.9964E-05 0.0246973 0.0111343 0.949353 9.9964E-05
9.9964E-05 0.00500214 9.9964E-05 9.9964E-05 0.00809295 0.0151518 0.971353 9.9964E-05
0.0568845 0.0739836 9.9973E-05 0.0218181 0.343938 9.9973E-05 0.503076 9.9973E-05
0.0292437 0.0694025 9.9991E-05 0.00505218 0.147011 0.0802579 0.60652 0.0624127
0.000438916 9.9982E-05 0.0121529 9.9982E-05 0.425754 0.0894485 0.418734 0.0532716
0.0322347 0.0319186 0.00732525 9.9982E-05 0.198558 0.0289092 0.700855 9.9982E-05
0.0364785 0.0208252 9.9973E-05 0.00910715 0.188597 9.9973E-05 0.744692 9.9973E-05
9.9964E-05 0.0317813 9.9964E-05 9.9964E-05 0.0608918 0.0238226 0.883104 9.9964E-05
9.9982E-05 0.0298966 9.9982E-05 0.0894155 0.167072 0.0349695 0.670844 0.00760244
0.0244403 0.0116715 0.0209462 0.0377011 0.192411 0.0453032 0.582263 0.0852638
0.0853592 9.9964E-05 9.9964E-05 9.9964E-05 0.144667 9.9964E-05 0.738486 0.031088
0.0655588 0.0499653 0.0146837 0.0291684 0.188022 0.0744912 0.578011 9.9991E-05
0.00251823 0.0670868 0.011994 0.0311723 0.245255 9.9991E-05 0.604244 0.0376292
9.9955E-05 9.9955E-05 9.9955E-05 9.9955E-05 0.0953237 0.0200781 0.884099 9.9955E-05
0.0166425 0.0624795 9.9982E-05 0.0312734 0.206768 0.0314174 0.651219 9.9982E-05
9.9982E-05 0.0773455 9.9982E-05 0.0281259 0.205852 0.00493986 0.611624 0.0719125
9.9973E-05 9.9973E-05 9.9973E-05 0.0156419 0.0590676 0.0155208 0.764843 0.144627
0.0405863 0.0235298 0.0203764 0.0394832 0.0960965 0.0161113 0.763717 9.9991E-05
0.0490596 9.9973E-05 9.9973E-05 0.0558675 9.9973E-05 0.0126768 0.867792 0.0143038
9.9973E-05 0.0168282 9.9973E-05 9.9973E-05 0.0838236 0.0243674 0.844639 0.0300416
0.0408377 9.9964E-05 9.9964E-05 0.0442019 9.9964E-05 0.00975075 0.90481 9.9964E-05
9.9946E-05 9.9946E-05 0.00756504 9.9946E-05 9.9946E-05 9.9946E-05 0.991835 9.9946E-05
0.00351501 9.9973E-05 0.0447959 0.136299 9.9973E-05 0.0287674 0.786323 9.9973E-05
0.00100984 0.0195314 9.9973E-05 9.9973E-05 0.282784 9.9973E-05 0.691589 0.00478666
0.0303844 9.99641E-05 9.99641E-05 0.00630091 9.99641E-05 9.99641E-05 0.922232 0.0406823
0.0340099 9.9982E-05 0.0395333 9.9982E-05 0.133114 0.0353115 0.74671 0.0111212
0.00824013 9.9982E-05 0.0332617 0.00944361 0.025758 9.9982E-05 0.874166 0.0489308
9.9964E-05 0.0233153 9.9964E-05 9.9964E-05 0.00475773 0.091041 0.880486 9.9964E-05
9.9955E-05 0.0581753 9.9955E-05 9.9955E-05 9.9955E-05 0.050741 0.890584 9.9955E-05
0.0293174 9.9973E-05 9.9973E-05 0.0527245 9.9973E-05 0.0193482 0.85862 0.0396896
9.9955E-05 0.0405735 9.9955E-05 0.00135158 9.9955E-05 9.9955E-05 0.957575 9.9955E-05
0.00412899 9.9955E-05 0.000202874 9.9955E-05 9.9955E-05 9.9955E-05 0.995168 9.9955E-05
0.0224089 9.9991E-05 0.0679523 0.089801 0.0127263 0.0120359 0.742015 0.0529611
0.0186609 0.0519516 0.0361949 0.0635417 0.0119569 9.9991E-05 0.774657 0.0429367
9.9964E-05 9.9964E-05 0.0988529 0.0724751 9.9964E-05 9.9964E-05 0.798134 0.0301381
9.9973E-05 0.0407224 0.094088 0.0361822 9.9973E-05 9.9973E-05 0.774674 0.0540338
9.9964E-05 9.9964E-05 0.0609265 0.0510524 9.9964E-05 9.9964E-05 0.851775 0.0358466
0.0123762 9.9973E-05 0.0513181 0.0523133 9.9973E-05 9.9973E-05 0.856345 0.0273477
0.0236497 0.0519392 0.123749 9.9982E-05 0.101048 9.9982E-05 0.585539 0.113875
0.0484045 0.130209 0.187041 9.9982E-05 0.000426615 9.9982E-05 0.553832 0.0798865
0.0615562 0.0344607 0.152218 0.0357751 0.0366171 0.0266373 0.622475 0.0302598
0.0984897 0.0535914 0.0622905 0.0233528 0.19451 0.032395 0.474858 0.060512
9.9973E-05 0.0604049 0.164771 9.9973E-05 0.108392 9.9973E-05 0.555662 0.110469
0.00550366 0.0767492 0.112986 0.113841 0.026376 0.0207127 0.603718 0.0401137
0.0757042 0.123938 0.113403 0.0153049 0.034069 0.0160848 0.491313 0.130184
0.0799954 9.9991E-05 0.105202 0.1831 0.073581 0.0443221 0.511135 0.0025646
0.0845034 9.9991E-05 0.0874712 0.17739 0.0170579 0.0293768 0.533204 0.0708966
0.0883998 0.177312 0.17103 9.9991E-05 0.0373134 0.0338996 0.407804 0.0841417
0.00653455 9.9946E-05 0.992866 9.9946E-05 9.9946E-05 9.9946E-05 9.9946E-05 9.9946E-05
0.0207651 9.9973E-05 0.915331 9.9973E-05 0.00548308 0.0231114 9.9973E-05 0.0350091
0.0087483 9.9982E-05 0.842496 0.033864 0.020585 0.00963289 0.084474 9.9982E-05
9.994E-05 9.994E-05 0.9993 9.994E-05 9.994E-05 9.994E-05 9.994E-05 9.994E-05
9.994E-05 9.994E-05 0.9993 9.994E-05 9.994E-05 9.994E-05 9.994E-05 9.994E-05
9.9955E-05 0.00702318 0.98187 0.010607 9.9955E-05 9.9955E-05 9.9955E-05 9.9955E-05
9.9946E-05 9.9946E-05 0.997999 9.9946E-05 0.00140169 9.9946E-05 9.9946E-05 9.9946E-05
9.9964E-05 9.9964E-05 0.897637 0.00859276 0.0879007 0.00546987 9.9964E-05 9.9964E-05
9.994E-05 9.994E-05 0.9993 9.994E-05 9.994E-05 9.994E-05 9.994E-05 9.994E-05
9.994E-05 9.994E-05 0.9993 9.994E-05 9.994E-05 9.994E-05 9.994E-05 9.994E-05
0.0756061 0.101926 0.089855 0.0880064 0.079038 9.9991E-05 0.286199 0.279269
9.9964E-05 0.0240894 0.902198 0.0273975 9.9964E-05 9.9964E-05 0.0459154 9.9964E-05
9.9946E-05 0.000168197 0.999232 9.9946E-05 9.9946E-05 9.9946E-05 9.9946E-05 9.9946E-05
9.9955E-05 9.9955E-05 0.953415 0.033276 9.9955E-05 0.0128094 9.9955E-05 9.9955E-05
0.0141247 0.0845501 0.107297 0.0893147 9.9982E-05 9.9982E-05 0.517904 0.18661
0.042833 0.0487409 0.114539 0.0573577 9.9982E-05 9.9982E-05 0.560556 0.175774
0.0508428 0.0377744 0.0775876 0.121893 9.9982E-05 9.9982E-05 0.551388 0.160315
0.0502222 0.0388971 0.14232 0.0920264 9.9982E-05 9.9982E-05 0.470464 0.205871
0.0374162 0.0406765 0.124994 0.0978626 9.9982E-05 9.9982E-05 0.495882 0.202969
9.9982E-05 0.0230175 0.0722082 0.153289 0.123949 9.9982E-05 0.49127 0.136066
0.0414952 0.0251395 0.098732 0.172916 0.0458404 9.9991E-05 0.451862 0.163914
9.9973E-05 0.0354987 0.0929027 0.111337 9.9973E-05 9.9973E-05 0.604188 0.155774
0.0709464 0.0582755 0.191882 0.122385 9.9982E-05 9.9982E-05 0.445069 0.111243
0.0549045 0.0162709 0.166939 0.101448 0.00482891 0.0152229 0.533052 0.107334
0.0442489 0.0500663 0.130623 0.0811195 0.0760013 9.9991E-05 0.511258 0.106583
0.00751763 0.060962 0.189959 0.158413 9.9982E-05 9.9982E-05 0.525776 0.0571715
0.0573802 0.0837489 0.0713546 0.0803494 9.9982E-05 9.9982E-05 0.556971 0.149996
0.0323128 0.0748266 0.110005 0.0731241 0.0104026 9.9991E-05 0.513088 0.186141
0.0187799 9.9973E-05 9.9973E-05 0.0108875 0.0256438 9.9973E-05 0.0305065 0.913882
9.9964E-05 0.0440638 9.9964E-05 0.0519912 9.9964E-05 0.0276246 9.9964E-05 0.875921
9.994E-05 9.994E-05 9.994E-05 9.994E-05 9.994E-05 9.994E-05 9.994E-05 0.9993
9.994E-05 9.994E-05 9.994E-05 9.994E-05 9.994E-05 9.994E-05 9.994E-05 0.9993
9.994E-05 9.994E-05 9.994E-05 9.994E-05 9.994E-05 9.994E-05 9.994E-05 0.9993
9.9946E-05 9.9946E-05 0.00633045 9.9946E-05 9.9946E-05 9.9946E-05 9.9946E-05 0.99307
9.994E-05 9.994E-05 9.994E-05 9.994E-05 9.994E-05 9.994E-05 9.994E-05 0.9993
9.9964E-05 9.9964E-05 9.9964E-05 0.136853 0.0880453 0.0291859 9.9964E-05 0.745516
0.011467 9.9946E-05 9.9946E-05 9.9946E-05 9.9946E-05 9.9946E-05 9.9946E-05 0.987933
9.994E-05 9.994E-05 9.994E-05 9.994E-05 9.994E-05 9.994E-05 9.994E-05 0.9993
9.9964E-05 9.9964E-05 0.00432125 0.117807 9.9964E-05 0.00901194 9.9964E-05 0.86846
9.9955E-05 0.0081375 9.9955E-05 9.9955E-05 9.9955E-05 0.000633744 9.9955E-05 0.990729
0.1273 0.0458887 0.0229516 0.0466769 9.9982E-05 0.0186034 9.9982E-05 0.73838
0.9993 9.994E-05 9.994E-05 9.994E-05 9.994E-05 9.994E-05 9.994E-05 9.994E-05
0.0637409 0.0616033 0.14736 0.102289 9.9982E-05 9.9982E-05 0.476232 0.148575
0.996293 9.9946E-05 9.9946E-05 9.9946E-05 9.9946E-05 9.9946E-05 0.00310725 9.9946E-05
0.9993 9.994E-05 9.994E-05 9.994E-05 9.994E-05 9.994E-05 9.994E-05 9.994E-05
0.925486 9.9964E-05 0.00884165 0.0525581 9.9964E-05 0.0127148 9.9964E-05 9.9964E-05
0.766449 0.0448113 0.000375186 9.9982E-05 9.9982E-05 0.014195 0.129894 0.0440755
0.9993 9.994E-05 9.994E-05 9.994E-05 9.994E-05 9.994E-05 9.994E-05 9.994E-05
0.879497 9.9964E-05 9.9964E-05 0.0334415 9.9964E-05 9.9964E-05 0.0728866 0.0137751
0.979089 9.9955E-05 9.9955E-05 0.0136967 9.9955E-05 9.9955E-05 0.00671459 9.9955E-05
0.95402 9.9946E-05 9.9946E-05 9.9946E-05 0.0453802 9.9946E-05 9.9946E-05 9.9946E-05
0.9993 9.994E-05 9.994E-05 9.994E-05 9.994E-05 9.994E-05 9.994E-05 9.994E-05
0.970566 0.00781666 0.015337 9.9964E-05 9.9964E-05 9.9964E-05 0.00588061 9.9964E-05
0.953516 0.00583166 0.00729431 9.9964E-05 9.9964E-05 9.9964E-05 9.9964E-05 0.0329585
0.80314 0.0549534 0.0499604 9.9973E-05 0.0343241 9.9973E-05 9.9973E-05 0.0573221
0.924773 9.9964E-05 9.9964E-05 0.0398013 0.0117457 0.0232798 9.9964E-05 9.9964E-05
0.853901 9.9973E-05 0.0328365 0.0335887 9.9973E-05 9.9973E-05 0.0534735 0.0259002
0.865232 0.0318277 0.0136372 0.0322401 9.9991E-05 0.00710508 0.0218695 0.0279885
0.87444 0.0170701 9.9973E-05 0.025216 9.9973E-05 0.0336466 0.0493274 9.9973E-05
0.9379 0.033447 0.0194248 0.00882864 9.9964E-05 9.9964E-05 9.9964E-05 9.9964E-05
0.0254316 0.219376 0.062187 0.159678 9.9991E-05 0.0304112 0.455687 0.0471296
0.0280044 0.251774 0.0846267 0.145117 9.9991E-05 0.0368471 0.403822 0.0497086
0.0448867 0.238253 0.042405 0.155983 9.9991E-05 0.0472334 0.37801 0.0931288
0.0577184 0.240457 0.0587309 0.141739 9.9991E-05 0.0486306 0.421349 0.0312752
0.00192251 0.000402364 0.00433045 0.905229 0.0182867 0.0152497 9.9991E-05 0.0544795
9.994E-05 9.994E-05 9.994E-05 0.9993 9.994E-05 9.994E-05 9.994E-05 9.994E-05
0.00474819 0.00899736 0.00157899 0.984276 9.9964E-05 9.9964E-05 9.9964E-05 9.9964E-05
9.994E-05 9.994E-05 9.994E-05 0.9993 9.994E-05 9.994E-05 9.994E-05 9.994E-05
9.9946E-05 0.0063381 9.9946E-05 0.993062 9.9946E-05 9.9946E-05 9.9946E-05 9.9946E-05
0.0131593 9.9964E-05 9.9964E-05 0.941872 9.9964E-05 9.9964E-05 0.0314479 0.0131212
0.0140541 0.0330812 0.023423 0.896802 9.9982E-05 0.0268455 0.00559384 9.9982E-05
0.0107605 0.0428331 9.9991E-05 0.764998 0.040026 0.0148968 0.074136 0.0522497
0.0320314 9.9982E-05 9.9982E-05 0.786136 0.0364961 0.00514344 0.134326 0.00566639
9.9955E-05 0.984527 9.9955E-05 9.9955E-05 9.9955E-05 0.00482934 9.9955E-05 0.0101442
9.994E-05 0.9993 9.994E-05 9.994E-05 9.994E-05 9.994E-05 9.994E-05 9.994E-05
0.0109094 0.972601 9.9955E-05 0.0159901 9.9955E-05 9.9955E-05 9.9955E-05 9.9955E-05
9.994E-05 0.9993 9.994E-05 9.994E-05 9.994E-05 9.994E-05 9.994E-05 9.994E-05
9.99461E-05 0.999127 9.99461E-05 0.000273659 9.99461E-05 9.99461E-05 9.99461E-05 9.99461E-05
0.00100702 0.869286 0.0366995 0.0160372 0.0093431 0.00455303 0.0629738 9.9991E-05
9.9946E-05 0.995634 9.9946E-05 9.9946E-05 9.9946E-05 9.9946E-05 0.00376657 9.9946E-05
9.994E-05 0.9993 9.994E-05 9.994E-05 9.994E-05 9.994E-05 9.994E-05 9.994E-05
9.9946E-05 0.991105 9.9946E-05 9.9946E-05 0.00829556 9.9946E-05 9.9946E-05 9.9946E-05
0.0101602 0.955945 0.00492098 9.9964E-05 9.9964E-05 9.9964E-05 9.9964E-05 0.0285743
9.994E-05 0.9993 9.994E-05 9.994E-05 9.994E-05 9.994E-05 9.994E-05 9.994E-05
9.9946E-05 0.983484 9.9946E-05 9.9946E-05 9.9946E-05 9.9946E-05 9.9946E-05 0.0159163
