0.9995 9.996E-05 9.996E-05 9.996E-05 9.996E-05 9.996E-05
0.86832 9.9973E-05 9.9973E-05 9.9973E-05 0.017906 0.113474
0.775007 9.9964E-05 9.9964E-05 0.224593 9.9964E-05 9.9964E-05
0.572317 9.9982E-05 9.9982E-05 0.13186 0.241159 0.0544635
0.790179 0.0346507 9.9982E-05 9.9982E-05 0.0786858 0.0962847
0.859485 9.9964E-05 0.140115 9.9964E-05 9.9964E-05 9.9964E-05
0.911015 0.0885852 9.9964E-05 9.9964E-05 9.9964E-05 9.9964E-05
0.830752 0.0630389 0.105909 9.9973E-05 9.9973E-05 9.9973E-05
0.596581 0.260368 9.9982E-05 0.105891 0.0369605 9.9982E-05
0.527153 9.9982E-05 0.0888169 0.0801484 9.9982E-05 0.303682
9.9964E-05 9.9964E-05 0.00113521 9.9964E-05 0.998465 9.9964E-05
9.9964E-05 9.9964E-05 0.0315753 9.9964E-05 0.968025 9.9964E-05
0.14656 9.9964E-05 9.9964E-05 9.9964E-05 0.85304 9.9964E-05
0.0309123 9.9991E-05 0.704115 0.101295 0.0528539 0.110724
0.0311677 9.9991E-05 0.0321615 0.192459 0.734145 0.00996733
0.0081138 9.9973E-05 0.517502 9.9973E-05 0.474084 9.9973E-05
9.9964E-05 9.9964E-05 0.77493 9.9964E-05 0.224671 9.9964E-05
9.9982E-05 0.024417 0.632622 0.257946 9.9982E-05 0.084815
9.999E-05 0.00824765 0.223822 0.237059 0.50589 0.0248817
9.996E-05 9.996E-05 0.9995 9.996E-05 9.996E-05 9.996E-05
0.0177879 0.0321846 0.731562 0.0700565 0.0769884 0.0714206
0.326424 9.9991E-05 0.386734 0.143435 0.141489 0.00181844
0.0275166 9.9982E-05 0.770892 9.9982E-05 0.172932 0.0284596
9.996E-05 9.996E-05 0.9995 9.996E-05 9.996E-05 9.996E-05
9.9982E-05 9.9982E-05 0.330101 0.146307 0.403741 0.11965
0.0518571 9.9991E-05 0.45065 0.132903 0.260368 0.104123
9.9973E-05 0.17669 9.9973E-05 0.131866 0.691144 9.9973E-05
0.036838 0.0520278 9.9982E-05 9.9982E-05 0.6223 0.288634
9.9973E-05 9.9973E-05 9.9973E-05 0.152046 0.65176 0.195895
9.9964E-05 9.9964E-05 9.9964E-05 9.9964E-05 0.8313 0.168301
9.9973E-05 0.17908 9.9973E-05 0.681242 9.9973E-05 0.139378
0.12266 0.266103 9.9991E-05 0.479399 0.0308191 0.100918
9.9973E-05 9.9973E-05 9.9973E-05 0.893086 0.0533556 0.0532584
0.0215084 0.294115 0.00579437 0.663385 0.0150979 9.9991E-05
9.9973E-05 9.9973E-05 0.0145281 0.81324 0.171932 9.9973E-05
0.0173352 9.9964E-05 9.9964E-05 0.982265 9.9964E-05 9.9964E-05
0.254084 0.0378979 0.0614018 0.646416 9.9982E-05 9.9982E-05
9.9982E-05 9.9982E-05 0.0498651 0.846868 0.0530283 0.050039
9.9964E-05 0.010018 9.9964E-05 0.989582 9.9964E-05 9.9964E-05
0.0106291 9.9982E-05 9.9982E-05 0.554233 0.123868 0.31107
9.9964E-05 9.9964E-05 9.9964E-05 0.983269 9.9964E-05 0.0163308
0.0479366 0.132765 0.0198802 0.491399 0.0779584 0.230061
9.9973E-05 9.9973E-05 9.9973E-05 0.874938 0.0485597 0.0762018
9.9991E-05 0.185202 0.012558 0.611674 0.0727365 0.117729
9.9991E-05 0.675839 0.0110415 0.054655 0.130019 0.128346
0.00862269 0.910762 9.9991E-05 0.00973912 0.0454505 0.0253261
0.0353741 0.687161 9.9982E-05 0.133689 9.9982E-05 0.143576
9.9964E-05 0.940778 9.9964E-05 9.9964E-05 9.9964E-05 0.0588226
0.0921494 0.499741 0.0210009 0.311476 0.0555528 0.0200802
0.0848082 0.416198 9.9991E-05 0.338824 0.0190863 0.140983
9.9973E-05 0.818086 0.096774 9.9973E-05 9.9973E-05 0.0848398
9.996E-05 0.9995 9.996E-05 9.996E-05 9.996E-05 9.996E-05
9.9973E-05 0.832022 9.9973E-05 9.9973E-05 0.00995323 0.157725
9.9982E-05 0.833334 0.0186013 0.10455 9.9982E-05 0.0433145
9.9964E-05 0.958998 9.9964E-05 0.0406019 9.9964E-05 9.9964E-05
9.9973E-05 0.732842 9.9973E-05 9.9973E-05 0.0811986 0.18566
9.9982E-05 0.017912 0.0589908 0.148889 9.9982E-05 0.774009
9.9991E-05 0.231281 0.116757 0.0365273 0.0550539 0.560281
0.0346067 0.278369 9.9982E-05 9.9982E-05 0.0745431 0.612282
0.153197 0.0841209 9.9991E-05 0.0577869 0.0736544 0.631141
9.9973E-05 0.236743 0.0693461 9.9973E-05 9.9973E-05 0.693611
0.132102 0.028342 9.9991E-05 0.268821 0.000872385 0.569763
0.0216136 0.0644424 9.9991E-05 0.164643 0.0172252 0.731976
9.996E-05 9.996E-05 9.996E-05 9.996E-05 9.996E-05 0.9995
9.9973E-05 9.9973E-05 0.0364935 0.117518 9.9973E-05 0.845688
9.9964E-05 9.9964E-05 9.9964E-05 9.9964E-05 0.0548705 0.94473
9.996E-05 9.996E-05 9.996E-05 9.996E-05 9.996E-05 0.9995
9.9973E-05 0.083474 0.022819 9.9973E-05 9.9973E-05 0.893407
0.0142975 9.9964E-05 9.9964E-05 9.9964E-05 9.9964E-05 0.985303
9.9973E-05 0.0667659 0.00103179 9.9973E-05 9.9973E-05 0.931902
9.9973E-05 0.044523 9.9973E-05 0.0832015 9.9973E-05 0.871976
0.107756 0.0342745 9.9982E-05 0.14672 9.9982E-05 0.711049
0.012749 0.0680457 9.9973E-05 9.9973E-05 9.9973E-05 0.918905
9.9982E-05 0.031824 0.0559267 0.148438 9.9982E-05 0.763611
9.996E-05 9.996E-05 9.996E-05 9.996E-05 9.996E-05 0.9995
9.996E-05 9.996E-05 9.996E-05 9.996E-05 9.996E-05 0.9995
0.0236151 0.0128909 9.9991E-05 0.212385 0.027915 0.723094
