9.99101E-05 9.99101E-05 9.99101E-05 0.999001 9.99101E-05 9.99101E-05 9.99101E-05 9.99101E-05 9.99101E-05 9.99101E-05 9.99101E-05
0.0675795 9.9955E-05 9.9955E-05 0.643825 9.9955E-05 9.9955E-05 9.9955E-05 0.00832768 0.159274 0.107015 0.0134784
9.99101E-05 9.99101E-05 9.99101E-05 9.99101E-05 9.99101E-05 9.99101E-05 9.99101E-05 9.99101E-05 9.99101E-05 0.999001 9.99101E-05
9.9955E-05 9.9955E-05 9.9955E-05 9.9955E-05 9.9955E-05 0.0526283 0.00162634 0.00822301 0.00294845 0.859917 0.0741575
0.0037266 9.99191E-05 9.99191E-05 9.99191E-05 9.99191E-05 9.99191E-05 9.99191E-05 9.99191E-05 0.995374 9.99191E-05 9.99191E-05
9.9928E-05 9.9928E-05 9.9928E-05 0.844336 9.9928E-05 9.9928E-05 0.12244 9.9928E-05 9.9928E-05 0.0324245 9.9928E-05
9.9928E-05 9.9928E-05 9.9928E-05 0.93585 9.9928E-05 0.0600448 9.9928E-05 0.00330556 9.9928E-05 9.9928E-05 9.9928E-05
9.99101E-05 9.99101E-05 9.99101E-05 9.99101E-05 9.99101E-05 9.99101E-05 9.99101E-05 9.99101E-05 0.999001 9.99101E-05 9.99101E-05
9.9937E-05 9.9937E-05 0.499708 0.204678 9.9937E-05 9.9937E-05 9.9937E-05 9.9937E-05 0.202592 0.0923227 9.9937E-05
0.11305 0.164624 9.9973E-05 0.0163368 9.9973E-05 0.0248915 0.00165664 0.0437002 0.499865 0.135576 9.9973E-05
9.99463E-05 9.99463E-05 0.0387068 9.99463E-05 0.0410787 9.99463E-05 9.99463E-05 0.0235192 9.99463E-05 0.0306009 0.865495
9.99281E-05 9.99281E-05 9.99281E-05 9.99281E-05 0.973131 9.99281E-05 9.99281E-05 9.99281E-05 0.0169515 9.99281E-05 0.00911856
9.9946E-05 9.9946E-05 9.9946E-05 0.0117536 0.281233 9.9946E-05 9.9946E-05 9.9946E-05 0.0600411 0.0910403 0.555332
0.0791455 9.9946E-05 9.9946E-05 9.9946E-05 0.0756658 9.9946E-05 0.768492 0.016776 9.9946E-05 0.059321 9.9946E-05
9.9964E-05 0.0398668 9.9964E-05 0.0687537 0.527241 9.9964E-05 0.116156 0.0509892 9.9964E-05 0.0756532 0.12094
9.9946E-05 9.9946E-05 9.9946E-05 0.00306887 0.218924 9.9946E-05 0.583892 9.9946E-05 0.0378026 9.9946E-05 0.155712
9.9928E-05 9.9928E-05 0.00917968 9.9928E-05 9.9928E-05 9.9928E-05 0.0486028 9.9928E-05 9.9928E-05 9.9928E-05 0.941418
0.0604477 0.00104191 0.242181 9.9955E-05 9.9955E-05 0.00661924 0.676218 0.0129923 9.9955E-05 9.9955E-05 9.9955E-05
9.9973E-05 0.0756841 0.01312 9.9973E-05 0.49721 0.0374565 0.260151 0.0266398 9.9973E-05 0.0512962 0.0381432
9.9919E-05 9.9919E-05 9.9919E-05 9.9919E-05 9.9919E-05 9.9919E-05 0.991202 9.9919E-05 9.9919E-05 0.00789852 9.9919E-05
0.0928868 9.9955E-05 0.0116411 0.0523054 0.035783 9.9955E-05 0.762457 9.9955E-05 9.9955E-05 9.9955E-05 0.0444272
9.9964E-05 0.0710466 0.0319762 0.019531 0.0834237 9.9964E-05 0.274358 9.9964E-05 0.375604 9.9964E-05 0.143661
9.9919E-05 9.9919E-05 9.9919E-05 0.0137253 9.9919E-05 9.9919E-05 9.9919E-05 9.9919E-05 9.9919E-05 9.9919E-05 0.985375
0.0910799 9.99191E-05 9.99191E-05 9.99191E-05 9.99191E-05 9.99191E-05 0.908021 9.99191E-05 9.99191E-05 9.99191E-05 9.99191E-05
0.0892134 0.0323625 9.9955E-05 9.9955E-05 0.201501 9.9955E-05 0.5981 0.0271099 9.9955E-05 0.0512134 9.9955E-05
0.0825838 9.9937E-05 9.9937E-05 0.126622 0.498741 9.9937E-05 0.291354 9.9937E-05 9.9937E-05 9.9937E-05 9.9937E-05
9.9928E-05 9.9928E-05 0.198125 9.9928E-05 0.739831 0.0612444 9.9928E-05 9.9928E-05 9.9928E-05 9.9928E-05 9.9928E-05
0.330435 9.9955E-05 9.9955E-05 9.9955E-05 0.503956 9.9955E-05 9.9955E-05 0.00297357 0.087139 0.0700817 0.00491455
0.129823 0.0300832 9.9937E-05 0.0126539 0.826741 9.9937E-05 9.9937E-05 9.9937E-05 9.9937E-05 9.9937E-05 9.9937E-05
0.0884706 9.9937E-05 0.025213 9.9937E-05 0.864066 9.9937E-05 9.9937E-05 9.9937E-05 9.9937E-05 9.9937E-05 0.0215512
9.99101E-05 9.99101E-05 0.999001 9.99101E-05 9.99101E-05 9.99101E-05 9.99101E-05 9.99101E-05 9.99101E-05 9.99101E-05 9.99101E-05
9.99101E-05 9.99101E-05 0.999001 9.99101E-05 9.99101E-05 9.99101E-05 9.99101E-05 9.99101E-05 9.99101E-05 9.99101E-05 9.99101E-05
0.0535111 0.801345 9.9946E-05 9.9946E-05 0.114097 0.0212103 9.9946E-05 9.9946E-05 9.9946E-05 0.00923709 9.9946E-05
9.9928E-05 0.846279 9.9928E-05 9.9928E-05 9.9928E-05 0.147342 9.9928E-05 9.9928E-05 9.9928E-05 9.9928E-05 0.00557927
9.9946E-05 0.578216 0.130832 9.9946E-05 0.196827 9.9946E-05 0.0832156 0.0103102 9.9946E-05 9.9946E-05 9.9946E-05
9.9946E-05 0.893907 0.073744 0.0313074 9.9946E-05 9.9946E-05 9.9946E-05 0.000143127 9.9946E-05 9.9946E-05 0.000298365
9.9937E-05 0.693592 9.9937E-05 0.0688479 9.9937E-05 9.9937E-05 0.0647697 9.9937E-05 0.172091 9.9937E-05 9.9937E-05
0.057035 0.824963 0.0307008 9.9937E-05 9.9937E-05 9.9937E-05 9.9937E-05 9.9937E-05 9.9937E-05 9.9937E-05 0.0866016
9.9928E-05 0.941948 9.9928E-05 9.9928E-05 9.9928E-05 9.9928E-05 0.0326545 9.9928E-05 9.9928E-05 9.9928E-05 0.0245982
0.224598 0.582333 9.9964E-05 0.0186902 0.034543 0.0648568 9.9964E-05 0.0322501 9.9964E-05 9.9964E-05 0.042329
0.0217565 0.826753 0.117939 9.99371E-05 9.99371E-05 9.99371E-05 9.99371E-05 9.99371E-05 0.0328523 9.99371E-05 9.99371E-05
0.331161 0.440495 9.9964E-05 0.0360167 0.0899884 0.0257675 9.9964E-05 9.9964E-05 9.9964E-05 0.0603845 0.0157872
0.0734853 0.694447 0.0414705 9.9946E-05 0.185784 9.9946E-05 9.9946E-05 9.9946E-05 9.9946E-05 0.00421388 9.9946E-05
0.0772781 0.703219 9.9973E-05 0.0178274 0.0304454 0.120579 0.00908469 0.0406195 0.00064722 9.9973E-05 9.9973E-05
0.200266 0.223676 0.165982 9.9955E-05 9.9955E-05 0.259317 9.9955E-05 9.9955E-05 9.9955E-05 0.0107477 0.139512
0.0263271 9.9946E-05 0.0694168 0.0414069 0.199344 0.662906 9.9946E-05 9.9946E-05 9.9946E-05 9.9946E-05 9.9946E-05
0.00361468 9.99371E-05 9.99371E-05 9.99371E-05 9.99371E-05 0.865554 0.10151 0.0286209 9.99371E-05 9.99371E-05 9.99371E-05
0.0747384 9.9928E-05 0.0246055 9.9928E-05 9.9928E-05 0.899857 9.9928E-05 9.9928E-05 9.9928E-05 9.9928E-05 9.9928E-05
9.9946E-05 0.178606 9.9946E-05 9.9946E-05 0.266806 0.455063 9.9946E-05 9.9946E-05 0.0272509 0.0716741 9.9946E-05
0.14441 0.30088 9.9955E-05 9.9955E-05 0.00509047 0.41837 9.9955E-05 9.9955E-05 0.0274608 0.103288 9.9955E-05
0.165346 9.9937E-05 0.0741562 9.9937E-05 9.9937E-05 0.680174 0.0796248 9.9937E-05 9.9937E-05 9.9937E-05 9.9937E-05
9.99191E-05 9.99191E-05 9.99191E-05 9.99191E-05 9.99191E-05 0.982075 9.99191E-05 9.99191E-05 9.99191E-05 9.99191E-05 0.0170253
0.118025 9.99281E-05 9.99281E-05 9.99281E-05 9.99281E-05 0.838599 9.99281E-05 9.99281E-05 9.99281E-05 9.99281E-05 0.0425767
0.0678381 0.13795 9.9937E-05 9.9937E-05 9.9937E-05 0.730035 9.9937E-05 9.9937E-05 9.9937E-05 9.9937E-05 0.0634779
9.9928E-05 0.121886 9.9928E-05 9.9928E-05 9.9928E-05 0.857182 0.0201325 9.9928E-05 9.9928E-05 9.9928E-05 9.9928E-05
0.0915966 9.9946E-05 0.0517705 9.9946E-05 0.0272739 0.781136 9.9946E-05 0.0476229 9.9946E-05 9.9946E-05 9.9946E-05
0.776786 0.00194665 0.00281003 9.9973E-05 0.0749395 0.0580536 0.000615244 9.9973E-05 0.013568 0.0709808 9.9973E-05
0.581357 0.152084 0.0485658 9.9982E-05 0.0886457 0.0540316 0.0481318 9.9982E-05 0.00404281 0.00562048 0.0173212
0.742867 0.0155879 0.0681247 9.9955E-05 0.0519299 0.102362 9.9955E-05 9.9955E-05 9.9955E-05 0.018628 9.9955E-05
0.65984 0.0538852 0.0533131 0.0402094 0.0838736 9.9955E-05 9.9955E-05 9.9955E-05 0.108379 9.9955E-05 9.9955E-05
0.766679 9.9946E-05 0.0586722 0.00133108 9.9946E-05 0.100601 0.072117 9.9946E-05 9.9946E-05 9.9946E-05 9.9946E-05
0.416986 0.405867 9.99371E-05 0.0912964 9.99371E-05 9.99371E-05 9.99371E-05 0.0851509 9.99371E-05 9.99371E-05 9.99371E-05
0.833046 0.138772 9.9946E-05 0.00410282 9.9946E-05 9.9946E-05 9.9946E-05 9.9946E-05 0.0149293 9.9946E-05 0.00855015
0.991975 9.99281E-05 9.99281E-05 9.99281E-05 9.99281E-05 9.99281E-05 9.99281E-05 0.00157192 9.99281E-05 9.99281E-05 0.00565396
0.876915 0.0738594 9.9937E-05 9.9937E-05 9.9937E-05 9.9937E-05 0.0360907 0.012435 9.9937E-05 9.9937E-05 9.9937E-05
0.915914 9.99191E-05 9.99191E-05 9.99191E-05 0.0831866 9.99191E-05 9.99191E-05 9.99191E-05 9.99191E-05 9.99191E-05 9.99191E-05
0.998596 9.99191E-05 9.99191E-05 9.99191E-05 0.000504397 9.99191E-05 9.99191E-05 9.99191E-05 9.99191E-05 9.99191E-05 9.99191E-05
0.87951 9.9955E-05 0.0398926 9.9955E-05 0.0639221 9.9955E-05 0.00951596 0.00505997 0.00159921 9.9955E-05 9.9955E-05
0.947205 9.9928E-05 0.0517197 9.9928E-05 9.9928E-05 9.9928E-05 9.9928E-05 0.000275653 9.9928E-05 9.9928E-05 9.9928E-05
0.975824 9.9919E-05 9.9919E-05 9.9919E-05 9.9919E-05 9.9919E-05 9.9919E-05 9.9919E-05 9.9919E-05 0.023277 9.9919E-05
0.982982 9.99191E-05 9.99191E-05 9.99191E-05 9.99191E-05 0.0161186 9.99191E-05 9.99191E-05 9.99191E-05 9.99191E-05 9.99191E-05
0.678031 0.149903 0.0228599 0.0821153 9.9964E-05 0.0302371 9.9964E-05 0.00715674 0.0292969 9.9964E-05 9.9964E-05
0.964082 9.99371E-05 9.99371E-05 9.99371E-05 9.99371E-05 0.0192592 9.99371E-05 9.99371E-05 0.00334713 0.0126118 9.99371E-05
0.700708 0.0929675 9.9964E-05 0.0398114 0.00138657 0.0688109 0.0391694 0.0567461 9.9964E-05 9.9964E-05 9.9964E-05
0.282728 0.0389488 9.9964E-05 9.9964E-05 9.9964E-05 0.0633903 0.0629226 0.544746 0.00283533 9.9964E-05 0.0040294
9.99101E-05 9.99101E-05 9.99101E-05 9.99101E-05 9.99101E-05 9.99101E-05 9.99101E-05 0.999001 9.99101E-05 9.99101E-05 9.99101E-05
0.63746 0.122368 9.9964E-05 0.0205006 0.0802609 0.0441392 9.9964E-05 0.0663981 9.9964E-05 0.028474 9.9964E-05
