9.99201E-05 9.99201E-05 9.99201E-05 0.999101 9.99201E-05 9.99201E-05 9.99201E-05 9.99201E-05 9.99201E-05 9.99201E-05
9.9964E-05 9.9964E-05 0.00181403 0.0660386 0.569382 0.119891 9.9964E-05 9.9964E-05 0.082608 0.159866
9.99201E-05 9.99201E-05 9.99201E-05 9.99201E-05 9.99201E-05 9.99201E-05 9.99201E-05 9.99201E-05 0.999101 9.99201E-05
0.126873 9.9937E-05 9.9937E-05 9.9937E-05 9.9937E-05 9.9937E-05 0.0530587 9.9937E-05 0.819369 9.9937E-05
9.9964E-05 0.00381026 9.9964E-05 9.9964E-05 0.335273 0.0468766 0.0353383 9.9964E-05 0.0534352 0.524867
9.9936E-05 9.9936E-05 9.9936E-05 0.0263082 0.972892 9.9936E-05 9.9936E-05 9.9936E-05 9.9936E-05 9.9936E-05
9.9928E-05 9.9928E-05 0.00773386 9.9928E-05 0.991467 9.9928E-05 9.9928E-05 9.9928E-05 9.9928E-05 9.9928E-05
9.99201E-05 9.99201E-05 9.99201E-05 9.99201E-05 9.99201E-05 9.99201E-05 9.99201E-05 9.99201E-05 9.99201E-05 0.999101
9.9946E-05 9.9946E-05 9.9946E-05 9.9946E-05 0.552168 0.0754062 0.177153 9.9946E-05 0.194673 9.9946E-05
9.9955E-05 9.9955E-05 0.035757 0.0839788 9.9955E-05 0.165334 9.9955E-05 9.9955E-05 0.0955231 0.618908
0.0969649 0.848272 9.99371E-05 9.99371E-05 9.99371E-05 9.99371E-05 9.99371E-05 9.99371E-05 0.0540638 9.99371E-05
9.99281E-05 0.963986 9.99281E-05 9.99281E-05 9.99281E-05 9.99281E-05 9.99281E-05 9.99281E-05 9.99281E-05 0.0352141
9.9937E-05 0.781824 9.9937E-05 0.0323373 9.9937E-05 9.9937E-05 9.9937E-05 9.9937E-05 9.9937E-05 0.185139
0.354574 0.458787 0.0666284 9.9964E-05 0.0411823 9.9964E-05 9.9964E-05 0.0565116 0.021917 9.9964E-05
0.00753773 0.807628 0.0247659 0.00172019 9.9973E-05 0.010373 9.9973E-05 0.0473828 0.100293 9.9973E-05
0.599694 0.326869 0.00430996 0.0343665 0.0342603 9.9955E-05 9.9955E-05 9.9955E-05 9.9955E-05 9.9955E-05
0.988362 9.9928E-05 9.9928E-05 9.9928E-05 9.9928E-05 9.9928E-05 9.9928E-05 9.9928E-05 9.9928E-05 0.010839
0.755213 9.9946E-05 9.9946E-05 9.9946E-05 9.9946E-05 0.138565 9.9946E-05 0.0858687 0.0197531 9.9946E-05
0.0534946 0.714472 0.00153854 0.0181722 9.9964E-05 9.9964E-05 0.133284 0.0786384 9.9964E-05 9.9964E-05
0.882959 9.9946E-05 9.9946E-05 9.9946E-05 9.9946E-05 9.9946E-05 9.9946E-05 0.0268419 0.0372208 0.052379
0.604553 0.113126 0.011908 0.0382511 9.9991E-05 0.109187 0.0161723 0.0222118 0.067758 0.0167323
0.543628 0.0517362 9.9973E-05 0.000552742 0.165936 0.0755124 9.9973E-05 9.9973E-05 0.0095906 0.152745
0.769043 0.164815 0.00474878 0.0607935 9.9946E-05 9.9946E-05 9.9946E-05 9.9946E-05 9.9946E-05 9.9946E-05
0.968426 9.99281E-05 9.99281E-05 9.99281E-05 9.99281E-05 0.0307746 9.99281E-05 9.99281E-05 9.99281E-05 9.99281E-05
0.0571372 0.774112 9.9955E-05 0.00490061 9.9955E-05 0.104759 9.9955E-05 0.0585918 9.9955E-05 9.9955E-05
0.0807467 0.679967 9.9964E-05 0.0805319 9.9964E-05 0.137783 9.9964E-05 0.00366394 9.9964E-05 0.0169079
0.0273969 0.65458 0.0117512 9.9964E-05 9.9964E-05 0.0174773 0.287637 0.000757368 9.9964E-05 9.9964E-05
9.9964E-05 0.559238 0.0192499 9.9964E-05 9.9964E-05 0.295587 0.0299031 0.0413301 0.0542915 9.9964E-05
9.9946E-05 0.63082 9.9946E-05 9.9946E-05 0.0293108 0.224306 9.9946E-05 0.114963 9.9946E-05 9.9946E-05
9.99281E-05 0.872586 9.99281E-05 9.99281E-05 9.99281E-05 0.126614 9.99281E-05 9.99281E-05 9.99281E-05 9.99281E-05
9.9946E-05 9.9946E-05 9.9946E-05 9.9946E-05 9.9946E-05 0.335262 0.136616 0.439039 0.0884834 9.9946E-05
9.997E-05 0.148541 0.00461064 9.997E-05 0.0464857 0.142552 0.218792 0.351052 0.0876674 9.997E-05
9.9937E-05 0.0495968 9.9937E-05 9.9937E-05 9.9937E-05 0.0807677 9.9937E-05 0.868936 9.9937E-05 9.9937E-05
0.0233071 9.9937E-05 9.9937E-05 9.9937E-05 9.9937E-05 9.9937E-05 0.149979 0.826014 9.9937E-05 9.9937E-05
9.9937E-05 0.291834 0.00304112 9.9937E-05 9.9937E-05 9.9937E-05 9.9937E-05 0.704425 9.9937E-05 9.9937E-05
9.99281E-05 9.99281E-05 9.99281E-05 0.0499465 9.99281E-05 9.99281E-05 9.99281E-05 0.949254 9.99281E-05 9.99281E-05
0.0507803 9.9955E-05 9.9955E-05 0.0232494 9.9955E-05 9.9955E-05 9.9955E-05 0.689336 0.0101359 0.225998
0.0413938 0.017197 9.9955E-05 0.0804732 9.9955E-05 0.102625 9.9955E-05 0.757811 9.9955E-05 9.9955E-05
0.0469204 9.9946E-05 0.00340453 9.9946E-05 9.9946E-05 9.9946E-05 9.9946E-05 0.948932 0.000143662 9.9946E-05
0.00360529 0.115779 0.0187836 0.0269756 9.9982E-05 0.277734 0.00125842 0.548486 0.00717832 9.9982E-05
9.9946E-05 9.9946E-05 9.9946E-05 9.9946E-05 0.0495289 0.118262 9.9946E-05 0.823982 9.9946E-05 0.00762652
9.9973E-05 0.0864714 9.9973E-05 0.0926639 9.9973E-05 0.370205 0.136978 0.201668 0.0620471 0.049666
9.9946E-05 0.15226 9.9946E-05 9.9946E-05 9.9946E-05 0.0821763 9.9946E-05 0.763025 9.9946E-05 0.00193938
0.0508232 0.0514136 0.0096832 9.9973E-05 9.9973E-05 0.018526 0.0576012 0.807809 9.9973E-05 0.00384353
9.9973E-05 0.0768323 9.9973E-05 0.0071017 9.9973E-05 0.115191 0.64699 0.0444833 0.0697039 0.0393977
9.9964E-05 0.121289 9.9964E-05 9.9964E-05 0.000534468 0.020166 0.773595 0.0673809 9.9964E-05 0.0166342
9.99551E-05 9.99551E-05 0.0525611 0.0303747 9.99551E-05 9.99551E-05 0.766323 0.148372 9.99551E-05 0.00187034
9.9928E-05 9.9928E-05 9.9928E-05 9.9928E-05 9.9928E-05 0.0976591 0.901541 9.9928E-05 9.9928E-05 9.9928E-05
9.9955E-05 0.262479 9.9955E-05 9.9955E-05 9.9955E-05 9.9955E-05 0.516485 0.0611585 0.0766941 0.0826835
9.9973E-05 0.096631 9.9973E-05 0.0107421 9.9973E-05 0.0632024 0.400727 0.358289 0.00712621 0.0629821
9.9946E-05 9.9946E-05 0.0229007 9.9946E-05 0.0604463 0.105441 0.810613 9.9946E-05 9.9946E-05 9.9946E-05
9.9928E-05 9.9928E-05 9.9928E-05 0.0586245 9.9928E-05 9.9928E-05 0.940576 9.9928E-05 9.9928E-05 9.9928E-05
0.000183102 9.9955E-05 0.0102612 0.033698 9.9955E-05 0.120035 0.835323 9.9955E-05 9.9955E-05 9.9955E-05
0.0540789 9.9955E-05 9.9955E-05 0.00853043 9.9955E-05 0.0316162 0.833827 0.0714482 9.9955E-05 9.9955E-05
9.99626E-05 9.99626E-05 0.00759903 9.99626E-05 0.02395 9.99626E-05 0.90505 0.0474929 0.0154087 9.99626E-05
9.9946E-05 9.9946E-05 0.0705001 9.9946E-05 9.9946E-05 0.0973835 0.819805 9.9946E-05 0.0117119 9.9946E-05
0.00554764 0.072273 0.0245718 9.9964E-05 0.0291841 0.830234 9.9964E-05 9.9964E-05 9.9964E-05 0.0377899
0.0102567 0.0634248 9.9973E-05 9.9973E-05 0.000610409 0.66987 0.121383 0.0468517 9.9973E-05 0.0873042
0.0333385 0.0287233 9.9955E-05 9.9955E-05 9.9955E-05 0.668798 0.225145 9.9955E-05 0.0434956 9.9955E-05
9.9982E-05 0.0963607 0.00483888 0.0105742 0.0685779 0.562779 0.0490458 0.0914102 9.9982E-05 0.116213
0.0471648 9.9946E-05 9.9946E-05 9.9946E-05 9.9946E-05 0.798732 0.139069 9.9946E-05 9.9946E-05 0.014435
9.9964E-05 9.9964E-05 0.0819363 0.017249 9.9964E-05 0.464147 0.0021129 0.330349 0.103807 9.9964E-05
9.9955E-05 0.0116034 9.9955E-05 0.0487462 9.9955E-05 0.869097 9.9955E-05 0.0665142 9.9955E-05 0.00353965
9.99281E-05 9.99281E-05 0.0253822 9.99281E-05 9.99281E-05 0.973818 9.99281E-05 9.99281E-05 9.99281E-05 9.99281E-05
0.0444411 9.9946E-05 0.00457802 9.9946E-05 9.9946E-05 0.869156 9.9946E-05 0.0812249 9.9946E-05 9.9946E-05
9.99371E-05 9.99371E-05 9.99371E-05 0.000447429 9.99371E-05 0.993685 9.99371E-05 9.99371E-05 0.00516776 9.99371E-05
9.9937E-05 0.0317569 0.0075078 9.9937E-05 9.9937E-05 0.960036 9.9937E-05 9.9937E-05 9.9937E-05 9.9937E-05
0.00832468 0.00632659 9.9946E-05 9.9946E-05 9.9946E-05 0.936392 9.9946E-05 9.9946E-05 0.048357 9.9946E-05
9.9937E-05 9.9937E-05 9.9937E-05 0.00350504 9.9937E-05 0.991915 9.9937E-05 9.9937E-05 0.00388074 9.9937E-05
9.9937E-05 9.9937E-05 9.9937E-05 9.9937E-05 9.9937E-05 0.940092 0.0199756 9.9937E-05 0.0392326 9.9937E-05
0.00383444 9.99371E-05 9.99371E-05 9.99371E-05 9.99371E-05 0.853919 9.99371E-05 0.141547 9.99371E-05 9.99371E-05
9.995E-05 9.995E-05 0.00650432 9.995E-05 0.123831 0.663279 9.995E-05 0.1847 9.995E-05 0.0211863
9.99371E-05 9.99371E-05 9.99371E-05 9.99371E-05 9.99371E-05 0.94774 0.0136359 9.99371E-05 9.99371E-05 0.0379246
0.0136679 9.9973E-05 0.0652552 0.0421152 9.9973E-05 0.727253 0.0518989 0.0882336 9.9973E-05 0.0112758
0.0583065 0.0176675 0.563758 9.9982E-05 0.0145921 0.245278 9.9982E-05 0.0796525 0.0106281 0.00991731
9.99201E-05 9.99201E-05 0.999101 9.99201E-05 9.99201E-05 9.99201E-05 9.99201E-05 9.99201E-05 9.99201E-05 9.99201E-05
9.998E-05 0.0943861 0.0575679 0.0115927 9.998E-05 0.596149 0.0429986 0.131376 0.0482511 0.0174789
