9.99201E-05 9.99201E-05 9.99201E-05 9.99201E-05 9.99201E-05 9.99201E-05 0.999101 9.99201E-05 9.99201E-05 9.99201E-05
0.0714665 9.9946E-05 9.9946E-05 9.9946E-05 0.585536 9.9946E-05 0.265952 9.9946E-05 9.9946E-05 0.0764457
0.0586694 9.9946E-05 9.9946E-05 9.9946E-05 0.600905 9.9946E-05 0.249291 9.9946E-05 9.9946E-05 0.0905354
9.99371E-05 9.99371E-05 9.99371E-05 0.134399 0.653325 9.99371E-05 0.211576 9.99371E-05 9.99371E-05 9.99371E-05
9.9955E-05 9.9955E-05 9.9955E-05 0.0530051 0.713478 0.047448 0.0776157 0.107953 9.9955E-05 9.9955E-05
0.00947606 9.9964E-05 9.9964E-05 0.229889 0.528277 9.9964E-05 0.169812 0.0246687 9.9964E-05 0.0374768
9.9937E-05 0.0175071 9.9937E-05 9.9937E-05 0.712661 9.9937E-05 0.269132 9.9937E-05 9.9937E-05 9.9937E-05
0.0253786 9.9955E-05 9.9955E-05 0.119473 0.510377 9.9955E-05 0.258136 9.9955E-05 9.9955E-05 0.0861358
0.0187738 9.9964E-05 9.9964E-05 0.0287417 0.643885 0.0713567 0.172694 9.9964E-05 9.9964E-05 0.0641492
9.99201E-05 9.99201E-05 9.99201E-05 9.99201E-05 9.99201E-05 9.99201E-05 0.999101 9.99201E-05 9.99201E-05 9.99201E-05
9.99201E-05 9.99201E-05 9.99201E-05 9.99201E-05 9.99201E-05 9.99201E-05 0.999101 9.99201E-05 9.99201E-05 9.99201E-05
9.9937E-05 9.9937E-05 9.9937E-05 9.9937E-05 9.9937E-05 0.0109617 0.980151 9.9937E-05 0.00818822 9.9937E-05
9.9937E-05 9.9937E-05 0.00831161 9.9937E-05 9.9937E-05 9.9937E-05 0.973544 9.9937E-05 0.0174445 9.9937E-05
9.9946E-05 0.0195517 9.9946E-05 9.9946E-05 0.0204798 9.9946E-05 0.922945 0.0364242 9.9946E-05 9.9946E-05
9.9946E-05 0.0102901 9.9946E-05 0.0438508 9.9946E-05 9.9946E-05 0.927699 9.9946E-05 0.0175604 9.9946E-05
9.9964E-05 0.00768148 9.9964E-05 0.368794 0.408726 0.0105452 0.201719 9.9964E-05 9.9964E-05 0.00213431
0.100976 0.0615636 0.0552669 9.99823E-05 0.324179 0.0205544 0.255476 0.0659481 9.99823E-05 0.115836
9.9955E-05 9.9955E-05 0.0678134 0.0874812 0.639388 9.9955E-05 0.203279 9.9955E-05 9.9955E-05 0.00153848
0.00616688 9.99486E-05 9.99486E-05 0.0691021 0.879222 9.99486E-05 9.99486E-05 0.0449099 9.99486E-05 9.99486E-05
0.00122476 9.9964E-05 0.0270823 9.9964E-05 0.881412 0.0102548 9.9964E-05 0.0462246 0.0334015 9.9964E-05
0.0212007 9.9955E-05 0.0310337 9.9955E-05 0.889867 0.0223774 0.0350219 9.9955E-05 9.9955E-05 9.9955E-05
0.00958817 9.9964E-05 9.9964E-05 0.0358293 0.796297 9.9964E-05 9.9964E-05 0.094507 0.0283171 0.0350619
9.9964E-05 0.0238197 0.0543332 9.9964E-05 0.793927 9.9964E-05 9.9964E-05 0.0904968 0.00429129 0.0327317
0.0203883 9.9955E-05 0.00673283 9.9955E-05 0.932125 9.9955E-05 9.9955E-05 0.00901175 0.0312428 9.9955E-05
9.9964E-05 0.130482 0.0335876 9.9964E-05 0.789022 0.0259386 9.9964E-05 0.00616356 0.0144059 9.9964E-05
9.9964E-05 9.9964E-05 0.126633 0.156205 0.630038 0.0236307 9.9964E-05 0.00626153 0.0568317 9.9964E-05
9.9973E-05 9.9973E-05 0.0699793 0.0118232 0.677146 0.117449 9.9973E-05 0.0310397 0.0335549 0.0587073
9.9937E-05 9.9937E-05 9.9937E-05 0.124779 0.874247 9.9937E-05 9.9937E-05 9.9937E-05 9.9937E-05 0.000274781
9.9973E-05 0.0274762 0.0933397 0.048995 0.728284 0.0302034 0.0380806 9.9973E-05 0.0333208 9.9973E-05
9.9955E-05 9.9955E-05 0.0167104 0.00790417 0.924875 0.0214128 0.0285977 9.9955E-05 9.9955E-05 9.9955E-05
0.0168425 9.9964E-05 9.9964E-05 9.9964E-05 0.939017 0.0140613 0.0100632 0.000992614 0.0186237 9.9964E-05
9.9955E-05 0.0935237 0.00920546 9.9955E-05 0.787147 0.0219251 9.9955E-05 9.9955E-05 0.0876987 9.9955E-05
0.0127398 0.0161126 0.170185 9.9982E-05 0.707047 0.0295347 0.00791665 0.0285793 9.9982E-05 0.0276853
9.9991E-05 0.0331664 0.0834606 0.00289187 0.63323 0.0084314 0.0283862 0.00822951 0.122215 0.0798896
9.9964E-05 0.0551994 0.0200193 9.9964E-05 0.768319 9.9964E-05 9.9964E-05 0.145477 0.00185825 0.00872685
9.9955E-05 9.9955E-05 0.0191162 0.0309132 0.8965 0.00951392 0.0434568 9.9955E-05 9.9955E-05 9.9955E-05
9.9955E-05 0.115984 0.146802 0.213352 0.502183 9.9955E-05 9.9955E-05 0.0211801 9.9955E-05 9.9955E-05
9.9964E-05 9.9964E-05 0.250716 0.0659846 0.52904 0.0250954 9.9964E-05 0.0795523 9.9964E-05 0.0492114
0.0171349 0.0386453 0.25627 9.9973E-05 0.53801 0.0777468 9.9973E-05 0.00586643 9.9973E-05 0.0660272
9.9955E-05 0.0399219 0.33421 0.0962235 0.516289 0.0128554 9.9955E-05 9.9955E-05 9.9955E-05 9.9955E-05
0.026375 9.9955E-05 9.9955E-05 0.916453 9.9955E-05 0.00778719 9.9955E-05 9.9955E-05 0.0435953 0.00528944
9.9946E-05 9.9946E-05 0.0915561 0.821956 9.9946E-05 0.0138845 9.9946E-05 9.9946E-05 9.9946E-05 0.0720036
0.031822 9.9964E-05 9.9964E-05 0.691008 0.148247 9.9964E-05 0.0295922 9.9964E-05 0.0819246 0.0170068
9.9937E-05 9.9937E-05 9.9937E-05 0.925829 0.0472831 0.0261883 9.9937E-05 9.9937E-05 9.9937E-05 9.9937E-05
9.9982E-05 0.0911066 0.11919 0.323942 0.27567 0.0443829 9.9982E-05 0.0079452 0.0685431 0.0690206
9.99201E-05 0.999101 9.99201E-05 9.99201E-05 9.99201E-05 9.99201E-05 9.99201E-05 9.99201E-05 9.99201E-05 9.99201E-05
9.99201E-05 0.999101 9.99201E-05 9.99201E-05 9.99201E-05 9.99201E-05 9.99201E-05 9.99201E-05 9.99201E-05 9.99201E-05
0.0115901 0.0886212 0.0453966 0.3463 0.3989 0.00742663 9.9991E-05 0.0269728 0.0418428 0.0328505
9.999E-05 0.0929507 0.0983259 0.350066 0.197266 0.090354 0.0501825 0.0505656 0.0586487 0.0115401
0.0324926 0.0531653 9.9991E-05 0.314934 0.391623 0.00427425 0.103206 0.00303712 0.0703958 0.0267713
9.9973E-05 0.207572 0.33392 0.0996332 0.257391 0.0650059 0.00639481 9.9973E-05 9.9973E-05 0.0297826
9.9973E-05 0.163525 0.0396573 0.456528 0.200136 0.0198281 9.9973E-05 0.0604366 9.9973E-05 0.0595891
9.999E-05 0.869483 0.0675265 0.0116981 0.00203199 0.0125797 0.00899919 0.0114615 0.00491514 0.011205
9.9982E-05 0.128945 0.381571 0.106883 0.220593 0.0272322 0.0417273 0.0764403 0.0164088 9.9982E-05
9.999E-05 0.158638 0.36014 0.0958065 0.238677 0.0121872 0.029393 0.0495661 0.0553898 0.000102634
0.0134249 0.152521 0.0298432 0.482595 0.140121 0.00920944 9.9982E-05 9.9982E-05 0.0802909 0.0917948
0.00295965 0.186348 0.287434 0.153241 0.144378 0.0847008 0.0700502 9.9991E-05 0.0274757 0.0433133
9.9964E-05 0.0974279 0.154903 0.372479 0.197191 0.0624763 9.9964E-05 9.9964E-05 0.115124 9.9964E-05
9.99201E-05 0.999101 9.99201E-05 9.99201E-05 9.99201E-05 9.99201E-05 9.99201E-05 9.99201E-05 9.99201E-05 9.99201E-05
0.0319327 0.153559 0.291873 0.131256 0.243116 0.0940316 0.0230924 0.0139146 9.9991E-05 0.0171245
9.9964E-05 0.5103 0.064939 9.9964E-05 0.223356 0.0779076 9.9964E-05 0.0228566 0.100241 9.9964E-05
9.9973E-05 0.164739 0.076273 0.42362 0.135958 0.0185582 0.0366817 9.9973E-05 0.14387 9.9973E-05
0.0326416 0.0193325 0.102092 0.521843 0.169195 0.0689659 0.00342246 0.0379308 0.0265125 0.018064
0.0182585 0.0373431 9.9964E-05 0.831299 9.9964E-05 9.9964E-05 9.9964E-05 0.0754883 0.0211489 0.0160619
9.9973E-05 0.199505 0.113234 0.40217 0.144584 0.0171749 0.0118252 9.9973E-05 0.111207 9.9973E-05
9.9928E-05 9.9928E-05 9.9928E-05 0.958438 9.9928E-05 9.9928E-05 9.9928E-05 0.0407625 9.9928E-05 9.9928E-05
0.0207178 0.0302634 0.280904 0.65843 9.9955E-05 0.00918461 9.9955E-05 9.9955E-05 9.9955E-05 9.9955E-05
9.99281E-05 9.99281E-05 9.99281E-05 0.911479 9.99281E-05 9.99281E-05 9.99281E-05 0.0877211 9.99281E-05 9.99281E-05
9.9973E-05 0.00725993 0.0280231 0.515354 0.295588 0.0770009 9.9973E-05 9.9973E-05 0.0469558 0.0295182
9.99281E-05 9.99281E-05 9.99281E-05 0.990192 9.99281E-05 9.99281E-05 9.99281E-05 0.00900835 9.99281E-05 9.99281E-05
0.0716923 0.127902 9.9973E-05 0.549324 0.138743 9.9973E-05 0.0302228 9.9973E-05 0.031785 0.0500312
0.0132063 0.0993907 0.16049 0.519244 0.039771 0.0190157 9.9991E-05 0.0503467 0.0756332 0.0228026
9.9973E-05 0.00514994 9.9973E-05 0.880077 0.00227183 0.0293455 0.0751166 0.00529516 9.9973E-05 0.00244438
9.9964E-05 0.0380809 0.0148995 0.82885 0.0259 0.0583638 0.0335065 9.9964E-05 9.9964E-05 9.9964E-05
9.999E-05 0.055425 0.229345 0.480401 0.0191494 0.00340192 0.0321044 0.0751274 0.0723708 0.0325759
9.9964E-05 0.0948303 0.136256 0.630735 0.0298536 0.0890937 9.9964E-05 0.0188317 9.9964E-05 9.9964E-05
0.0177515 0.071949 0.0795307 0.793486 9.9964E-05 9.9964E-05 9.9964E-05 0.0201004 9.9964E-05 0.0167825
0.116004 9.9964E-05 0.127339 0.638888 0.0168686 9.9964E-05 9.9964E-05 0.0889728 0.0115272 9.9964E-05
0.0143553 9.9955E-05 0.888382 0.0278638 0.0359322 0.0329668 9.9955E-05 9.9955E-05 9.9955E-05 9.9955E-05
9.9928E-05 9.9928E-05 0.979127 0.0200739 9.9928E-05 9.9928E-05 9.9928E-05 9.9928E-05 9.9928E-05 9.9928E-05
9.99371E-05 0.0492419 0.934338 9.99371E-05 9.99371E-05 9.99371E-05 0.0157206 9.99371E-05 9.99371E-05 9.99371E-05
0.00100023 0.056177 0.918693 0.0235305 9.9946E-05 9.9946E-05 9.9946E-05 9.9946E-05 9.9946E-05 9.9946E-05
9.9955E-05 0.00633108 0.924709 0.048196 9.9955E-05 0.0112593 9.9955E-05 9.9955E-05 9.9955E-05 0.00900493
0.0633466 0.0122916 0.461164 0.25065 0.105809 0.0521202 9.9973E-05 9.9973E-05 0.0543185 9.9973E-05
0.0994815 0.00350733 0.543726 0.262966 0.0261188 9.9991E-05 0.0191315 0.0160842 0.0135596 0.0153253
0.0602786 0.00586357 0.647252 0.135189 0.0854523 9.9973E-05 0.00782838 9.9973E-05 9.9973E-05 0.0578359
0.0347413 0.0195581 0.435779 0.162419 0.134981 0.0418949 0.0556371 9.9991E-05 0.0470257 0.0678641
0.0526084 9.9964E-05 0.433839 0.261354 0.106482 0.0941574 9.9964E-05 9.9964E-05 0.0511594 9.9964E-05
0.0706292 9.9973E-05 0.560345 0.219706 0.0744994 0.0645641 9.9973E-05 0.00697482 0.00298179 9.9973E-05
0.0929175 0.00545208 0.325609 0.204839 0.0255106 0.128958 9.9982E-05 9.9982E-05 0.135277 0.0812369
0.106281 0.137217 0.322367 0.109706 0.0418589 9.9991E-05 0.0415066 0.162654 0.0282601 0.0500493
0.0610241 0.172397 0.382896 0.0847325 0.0161345 9.9991E-05 0.0540757 0.137404 0.0607173 0.0305194
0.169599 0.0728838 0.322749 0.0407728 0.0572234 0.152826 0.0299634 9.9991E-05 0.0827262 0.0711559
0.973221 9.9946E-05 0.0227642 9.9946E-05 9.9946E-05 9.9946E-05 9.9946E-05 9.9946E-05 0.00290781 0.00050727
0.911782 0.0295687 9.9973E-05 0.000587872 0.0118116 9.9973E-05 0.0114775 0.0140037 9.9973E-05 0.0204689
0.796163 9.9982E-05 0.0832596 0.0280277 0.0158607 0.025405 0.000311561 0.0396735 9.9982E-05 0.011099
0.995761 9.99281E-05 9.99281E-05 9.99281E-05 9.99281E-05 9.99281E-05 9.99281E-05 9.99281E-05 9.99281E-05 0.00343999
0.999101 9.99201E-05 9.99201E-05 9.99201E-05 9.99201E-05 9.99201E-05 9.99201E-05 9.99201E-05 9.99201E-05 9.99201E-05
0.999101 9.99201E-05 9.99201E-05 9.99201E-05 9.99201E-05 9.99201E-05 9.99201E-05 9.99201E-05 9.99201E-05 9.99201E-05
0.999101 9.99201E-05 9.99201E-05 9.99201E-05 9.99201E-05 9.99201E-05 9.99201E-05 9.99201E-05 9.99201E-05 9.99201E-05
0.881342 0.0111471 0.00405237 9.9955E-05 0.057022 9.9955E-05 9.9955E-05 0.0459368 9.9955E-05 9.9955E-05
0.978277 9.99281E-05 9.99281E-05 9.99281E-05 9.99281E-05 0.0209241 9.99281E-05 9.99281E-05 9.99281E-05 9.99281E-05
0.999101 9.99201E-05 9.99201E-05 9.99201E-05 9.99201E-05 9.99201E-05 9.99201E-05 9.99201E-05 9.99201E-05 9.99201E-05
0.0608668 9.9982E-05 0.431891 0.0152546 0.0635245 0.0661745 9.9982E-05 0.0492333 0.246621 0.0662345
0.877917 0.00468474 9.9955E-05 0.0738065 9.9955E-05 0.0177773 9.9955E-05 9.9955E-05 0.025315 9.9955E-05
0.970921 9.99371E-05 9.99371E-05 9.99371E-05 9.99371E-05 0.00741222 9.99371E-05 0.0209672 9.99371E-05 9.99371E-05
0.937767 9.9946E-05 0.0125283 9.9946E-05 9.9946E-05 0.0393987 9.9946E-05 0.0097063 9.9946E-05 9.9946E-05
9.99281E-05 9.99281E-05 0.990188 9.99281E-05 9.99281E-05 9.99281E-05 9.99281E-05 9.99281E-05 0.00901303 9.99281E-05
9.99201E-05 9.99201E-05 0.999101 9.99201E-05 9.99201E-05 9.99201E-05 9.99201E-05 9.99201E-05 9.99201E-05 9.99201E-05
9.99371E-05 9.99371E-05 0.970997 9.99371E-05 9.99371E-05 9.99371E-05 0.000459334 0.027844 9.99371E-05 9.99371E-05
9.9928E-05 9.9928E-05 0.994356 9.9928E-05 9.9928E-05 9.9928E-05 9.9928E-05 9.9928E-05 0.0048448 9.9928E-05
0.00923 9.9964E-05 0.822135 9.9964E-05 9.9964E-05 0.0130945 9.9964E-05 0.0309059 0.119074 0.00516034
0.0145423 9.9964E-05 0.736089 9.9964E-05 0.114422 0.0200315 9.9964E-05 0.0766197 0.0378962 9.9964E-05
0.0146024 0.0405483 0.755099 9.9991E-05 0.052607 0.00640143 0.0153729 0.0783122 0.0190814 0.0178753
0.0231493 9.9946E-05 0.804053 9.9946E-05 9.9946E-05 9.9946E-05 9.9946E-05 0.0524727 0.119725 9.9946E-05
0.0595687 9.99461E-05 0.89881 9.99461E-05 9.99461E-05 9.99461E-05 9.99461E-05 0.0338253 9.99461E-05 0.00719632
0.0361237 9.9946E-05 0.912912 9.9946E-05 9.9946E-05 9.9946E-05 9.9946E-05 0.0332594 9.9946E-05 0.0171054
0.00963361 9.9982E-05 0.755188 0.019468 0.0821802 0.0278314 9.9982E-05 0.0544844 0.0181922 0.0328221
0.0493208 9.9946E-05 0.857468 9.9946E-05 9.9946E-05 9.9946E-05 9.9946E-05 0.0699704 9.9946E-05 0.0226407
9.9982E-05 0.0220495 0.748787 0.0425134 9.9982E-05 0.0329744 0.00525763 0.0325094 0.0718163 0.0438923
0.0329067 9.9982E-05 0.736218 0.0770579 0.0147156 0.00762056 9.9982E-05 0.00205031 0.112082 0.0171493
0.0031638 9.9973E-05 9.9973E-05 0.0120775 0.040545 0.0132437 0.01046 9.9973E-05 0.919111 0.001099
0.0318939 0.0023954 9.9973E-05 9.9973E-05 0.0250423 0.0452213 0.00377898 0.0171616 0.874207 9.9973E-05
9.9928E-05 9.9928E-05 0.0302478 9.9928E-05 9.9928E-05 9.9928E-05 9.9928E-05 9.9928E-05 0.968953 9.9928E-05
9.9928E-05 0.00911721 9.9928E-05 9.9928E-05 9.9928E-05 9.9928E-05 9.9928E-05 9.9928E-05 0.990083 9.9928E-05
9.9928E-05 9.9928E-05 9.9928E-05 9.9928E-05 9.9928E-05 0.00183032 9.9928E-05 9.9928E-05 0.99737 9.9928E-05
0.0109284 9.9937E-05 0.0148374 9.9937E-05 9.9937E-05 9.9937E-05 9.9937E-05 9.9937E-05 0.973535 9.9937E-05
9.99201E-05 9.99201E-05 9.99201E-05 9.99201E-05 9.99201E-05 9.99201E-05 9.99201E-05 9.99201E-05 0.999101 9.99201E-05
9.99461E-05 9.99461E-05 9.99461E-05 0.094053 9.99461E-05 9.99461E-05 0.0429462 0.0875002 0.774901 9.99461E-05
9.99281E-05 9.99281E-05 9.99281E-05 9.99281E-05 9.99281E-05 9.99281E-05 9.99281E-05 9.99281E-05 0.993631 0.0055695
9.99201E-05 9.99201E-05 9.99201E-05 9.99201E-05 9.99201E-05 9.99201E-05 9.99201E-05 9.99201E-05 0.999101 9.99201E-05
0.027717 9.99461E-05 9.99461E-05 9.99461E-05 9.99461E-05 9.99461E-05 0.00962985 0.0916936 0.87036 9.99461E-05
9.9937E-05 9.9937E-05 0.0154581 9.9937E-05 9.9937E-05 0.00978729 9.9937E-05 9.9937E-05 0.974055 9.9937E-05
0.0317206 9.9964E-05 9.9964E-05 0.0909949 9.9964E-05 0.0125523 9.9964E-05 0.0593636 0.721202 0.0837669
9.99201E-05 9.99201E-05 9.99201E-05 9.99201E-05 9.99201E-05 9.99201E-05 9.99201E-05 9.99201E-05 9.99201E-05 0.999101
0.12006 0.0241502 0.574873 0.0573051 9.9982E-05 0.002304 9.9982E-05 0.0460027 0.074731 0.100374
9.99201E-05 9.99201E-05 9.99201E-05 9.99201E-05 9.99201E-05 9.99201E-05 9.99201E-05 9.99201E-05 9.99201E-05 0.999101
9.99201E-05 9.99201E-05 9.99201E-05 9.99201E-05 9.99201E-05 9.99201E-05 9.99201E-05 9.99201E-05 9.99201E-05 0.999101
9.99281E-05 9.99281E-05 9.99281E-05 9.99281E-05 9.99281E-05 9.99281E-05 9.99281E-05 0.0818239 9.99281E-05 0.917377
9.9973E-05 0.0380849 0.104731 0.0230911 0.000270079 9.9973E-05 0.0090655 9.9973E-05 0.00709088 0.817367
9.99201E-05 9.99201E-05 9.99201E-05 9.99201E-05 9.99201E-05 9.99201E-05 9.99201E-05 9.99201E-05 9.99201E-05 0.999101
9.99461E-05 9.99461E-05 0.118194 9.99461E-05 9.99461E-05 9.99461E-05 9.99461E-05 0.012537 0.0275974 0.841072
0.00660535 9.99371E-05 9.99371E-05 9.99371E-05 9.99371E-05 0.00807834 9.99371E-05 9.99371E-05 9.99371E-05 0.984617
9.99371E-05 0.0467448 9.99371E-05 9.99371E-05 0.0183447 9.99371E-05 9.99371E-05 9.99371E-05 9.99371E-05 0.934211
9.9946E-05 0.00246617 9.9946E-05 0.00687669 9.9946E-05 9.9946E-05 0.00185343 9.9946E-05 9.9946E-05 0.988204
9.9955E-05 0.0031747 0.00458532 0.000291958 9.9955E-05 0.000124529 9.9955E-05 9.9955E-05 9.9955E-05 0.991324
9.99201E-05 9.99201E-05 9.99201E-05 9.99201E-05 9.99201E-05 9.99201E-05 9.99201E-05 9.99201E-05 9.99201E-05 0.999101
0.0427908 0.00168885 9.9973E-05 0.0412616 0.0207971 0.020492 9.9973E-05 9.9973E-05 0.0495963 0.823073
9.9946E-05 9.9946E-05 9.9946E-05 9.9946E-05 9.9946E-05 0.0069307 0.023709 0.00521857 9.9946E-05 0.963542
0.0381007 0.0339067 0.0276955 0.00852616 9.9982E-05 0.019889 9.9982E-05 0.00188132 0.0134022 0.856398
9.9955E-05 9.9955E-05 9.9955E-05 0.0172324 9.9955E-05 0.0500599 0.00255734 0.0338744 9.9955E-05 0.895776
9.9955E-05 9.9955E-05 0.0399965 0.0197825 9.9955E-05 0.0318434 0.0148388 9.9955E-05 9.9955E-05 0.893039
9.9946E-05 0.0107551 0.0276874 9.9946E-05 9.9946E-05 9.9946E-05 9.9946E-05 9.9946E-05 0.00244447 0.958513
0.0362354 9.9982E-05 0.128837 0.263187 9.9982E-05 0.30236 0.0416753 0.129445 0.0728849 0.0251761
0.0392917 0.0274893 0.17448 0.221622 0.0218489 0.280276 0.0126865 0.120319 0.0487232 0.0532636
0.0892973 9.9973E-05 0.136944 0.322744 9.9973E-05 0.30044 0.0374024 0.085898 9.9973E-05 0.0269745
0.0342937 9.9973E-05 0.186973 0.319117 9.9973E-05 0.26389 0.0424406 0.0859437 9.9973E-05 0.0670418
9.9955E-05 9.9955E-05 9.9955E-05 0.00284923 0.0375146 9.9955E-05 0.00597477 0.929998 0.0231634 9.9955E-05
9.99201E-05 9.99201E-05 9.99201E-05 9.99201E-05 9.99201E-05 9.99201E-05 9.99201E-05 0.999101 9.99201E-05 9.99201E-05
0.00422469 0.00240606 9.9946E-05 9.9946E-05 9.9946E-05 9.9946E-05 9.9946E-05 0.988048 9.9946E-05 0.00472127
9.99201E-05 9.99201E-05 9.99201E-05 9.99201E-05 9.99201E-05 9.99201E-05 9.99201E-05 0.999101 9.99201E-05 9.99201E-05
0.00324229 9.9937E-05 9.9937E-05 9.9937E-05 9.9937E-05 0.0317734 9.9937E-05 0.964285 9.9937E-05 9.9937E-05
9.9937E-05 9.9937E-05 0.0398159 9.9937E-05 9.9937E-05 9.9937E-05 9.9937E-05 0.957947 9.9937E-05 0.00153718
0.00972987 9.9946E-05 0.0221206 9.9946E-05 9.9946E-05 9.9946E-05 0.00688228 0.960668 9.9946E-05 9.9946E-05
0.0239208 0.00456128 0.0565514 0.0468198 0.0413302 0.0365695 0.0164521 0.758479 0.00745354 0.00786204
0.00608969 9.9973E-05 9.9973E-05 0.051858 0.00586276 0.0452373 0.00548979 0.852042 9.9973E-05 0.0331205
9.99281E-05 9.99281E-05 0.00474174 9.99281E-05 9.99281E-05 0.994459 9.99281E-05 9.99281E-05 9.99281E-05 9.99281E-05
9.99201E-05 9.99201E-05 9.99201E-05 9.99201E-05 9.99201E-05 0.999101 9.99201E-05 9.99201E-05 9.99201E-05 9.99201E-05
9.99201E-05 9.99201E-05 9.99201E-05 9.99201E-05 9.99201E-05 0.999101 9.99201E-05 9.99201E-05 9.99201E-05 9.99201E-05
9.99281E-05 9.99281E-05 9.99281E-05 9.99281E-05 9.99281E-05 0.971183 9.99281E-05 9.99281E-05 9.99281E-05 0.0280174
9.99461E-05 9.99461E-05 0.0118886 9.99461E-05 9.99461E-05 0.980257 9.99461E-05 0.00538766 0.00186725 9.99461E-05
9.9982E-05 0.0023814 0.00252314 0.02171 0.0103289 0.866062 0.00893852 0.0406806 9.9982E-05 0.0471751
9.99201E-05 9.99201E-05 9.99201E-05 9.99201E-05 9.99201E-05 0.999101 9.99201E-05 9.99201E-05 9.99201E-05 9.99201E-05
9.99201E-05 9.99201E-05 9.99201E-05 9.99201E-05 9.99201E-05 0.999101 9.99201E-05 9.99201E-05 9.99201E-05 9.99201E-05
9.99201E-05 9.99201E-05 9.99201E-05 9.99201E-05 9.99201E-05 0.999101 9.99201E-05 9.99201E-05 9.99201E-05 9.99201E-05
9.9946E-05 0.00282345 9.9946E-05 0.000699216 9.9946E-05 0.971814 9.9946E-05 9.9946E-05 0.024064 9.9946E-05
9.9937E-05 9.9937E-05 9.9937E-05 9.9937E-05 9.9937E-05 0.994097 9.9937E-05 0.00164544 0.00355849 9.9937E-05
0.010902 0.00111059 9.9946E-05 9.9946E-05 9.9946E-05 0.970253 9.9946E-05 0.0171346 9.9946E-05 9.9946E-05
