9.99201E-05 9.99201E-05 9.99201E-05 9.99201E-05 9.99201E-05 9.99201E-05 9.99201E-05 9.99201E-05 0.999101 9.99201E-05
0.588684 9.9946E-05 9.9946E-05 9.9946E-05 0.0894688 9.9946E-05 0.0462899 9.9946E-05 0.274957 9.9946E-05
0.596921 9.9946E-05 9.9946E-05 9.9946E-05 0.069959 9.9946E-05 0.0943502 9.9946E-05 0.23817 9.9946E-05
0.750042 9.9955E-05 9.9955E-05 0.0145185 9.9955E-05 0.0198555 9.9955E-05 9.9955E-05 0.203414 0.0116711
0.633957 0.0669871 0.0524318 9.9964E-05 9.9964E-05 0.12306 9.9964E-05 0.034049 0.0891153 9.9964E-05
0.635622 9.99711E-05 9.99711E-05 0.0030671 9.99711E-05 0.159635 0.0398473 9.99711E-05 0.148558 0.012871
0.755618 9.9937E-05 9.9937E-05 0.000980391 9.9937E-05 9.9937E-05 9.9937E-05 9.9937E-05 0.242702 9.9937E-05
0.492215 0.0111696 9.9973E-05 0.0239578 0.0311047 0.108722 0.0874514 9.9973E-05 0.24508 9.9973E-05
0.651867 9.9964E-05 0.0503655 9.9964E-05 0.0047943 0.0492768 0.0707716 9.9964E-05 0.172525 9.9964E-05
9.99201E-05 9.99201E-05 9.99201E-05 9.99201E-05 9.99201E-05 9.99201E-05 9.99201E-05 9.99201E-05 0.999101 9.99201E-05
9.99201E-05 9.99201E-05 9.99201E-05 9.99201E-05 9.99201E-05 9.99201E-05 9.99201E-05 9.99201E-05 0.999101 9.99201E-05
9.99201E-05 9.99201E-05 9.99201E-05 9.99201E-05 9.99201E-05 9.99201E-05 9.99201E-05 9.99201E-05 0.999101 9.99201E-05
9.9928E-05 9.9928E-05 9.9928E-05 9.9928E-05 0.000314891 9.9928E-05 9.9928E-05 9.9928E-05 0.998886 9.9928E-05
9.9946E-05 0.034895 0.00371813 0.0436418 9.9946E-05 9.9946E-05 9.9946E-05 9.9946E-05 0.917145 9.9946E-05
9.9946E-05 0.0352996 9.9946E-05 0.0303963 9.9946E-05 9.9946E-05 9.9946E-05 0.00138022 0.932324 9.9946E-05
0.514673 9.9964E-05 0.0147531 0.0095641 9.9964E-05 0.258011 0.0593664 9.9964E-05 0.143233 9.9964E-05
0.327439 0.114466 0.0574145 0.0703427 0.0644616 0.000808389 0.0590682 0.060285 0.207182 0.0385336
0.697824 9.9946E-05 9.9946E-05 9.9946E-05 9.9946E-05 9.9946E-05 0.00438412 9.9946E-05 0.188232 0.10896
0.935994 0.0487901 0.0145166 9.99371E-05 9.99371E-05 9.99371E-05 9.99371E-05 9.99371E-05 9.99371E-05 9.99371E-05
0.927007 0.0415789 9.9946E-05 9.9946E-05 9.9946E-05 9.9946E-05 9.9946E-05 0.0177282 9.9946E-05 0.0130864
0.828842 9.9946E-05 0.0353061 9.9946E-05 9.9946E-05 9.9946E-05 9.9946E-05 9.9946E-05 0.0659566 0.0692954
0.747447 0.0912585 0.00142432 0.0104462 0.0093402 0.0786651 0.0456177 0.0156008 9.9982E-05 9.9982E-05
0.844145 0.113086 0.0126549 0.00962782 9.9955E-05 9.9955E-05 0.0199865 9.9955E-05 9.9955E-05 9.9955E-05
0.936409 0.0142409 9.9937E-05 9.9937E-05 9.9937E-05 9.9937E-05 9.9937E-05 0.0486501 9.9937E-05 9.9937E-05
0.837869 9.99461E-05 0.0269463 0.109146 0.0254388 9.99461E-05 9.99461E-05 9.99461E-05 9.99461E-05 9.99461E-05
0.612316 0.00751046 0.0483369 9.9964E-05 9.9964E-05 0.172246 9.9964E-05 0.0682963 9.9964E-05 0.0908937
0.684199 0.0152173 0.133025 9.9973E-05 9.9973E-05 0.0391042 0.0990833 0.0179735 9.9973E-05 0.0110982
0.890168 9.9955E-05 9.9955E-05 0.0139992 9.9955E-05 0.0663513 0.0249302 0.00405127 9.9955E-05 9.9955E-05
0.770927 0.0160803 0.00956936 9.9973E-05 9.9973E-05 0.0447499 9.9973E-05 0.0165294 0.0329179 0.108927
0.890052 9.9964E-05 0.0160054 9.9964E-05 0.00954752 0.0447583 9.9964E-05 9.9964E-05 0.0221173 0.0171193
0.813005 0.0649442 0.0447523 9.9964E-05 0.0284422 9.9964E-05 9.9964E-05 9.9964E-05 0.0451057 0.00335077
0.698028 9.9964E-05 0.0268026 0.0902478 9.9964E-05 9.9964E-05 0.0120408 0.0625259 9.9964E-05 0.109955
0.725035 0.00432768 0.000713475 0.00125868 0.00922618 9.9973E-05 0.0265902 9.9973E-05 9.9973E-05 0.232549
0.61212 0.000666638 0.00558511 0.0247203 0.00160391 0.0152216 0.0517609 0.082676 0.047073 0.158573
0.789614 0.156613 0.00767557 0.0454972 9.9946E-05 9.9946E-05 9.9946E-05 9.9946E-05 9.9946E-05 9.9946E-05
0.870824 9.9955E-05 0.0260925 9.9955E-05 9.9955E-05 0.0320215 9.9955E-05 9.9955E-05 0.0611107 0.00945147
0.514463 0.0363842 9.9955E-05 0.107999 9.9955E-05 0.144497 9.9955E-05 9.9955E-05 9.9955E-05 0.196157
0.54335 0.0494654 0.100784 9.9964E-05 9.9964E-05 0.0164339 0.0220644 9.9964E-05 9.9964E-05 0.267503
0.583663 9.9964E-05 0.0897311 0.0483195 0.0577767 9.9964E-05 0.0531127 9.9964E-05 9.9964E-05 0.166997
0.565328 0.0114457 0.0625466 0.0178412 9.9964E-05 9.9964E-05 9.9964E-05 0.0138736 9.9964E-05 0.328565
0.0494534 9.9991E-05 0.0259779 0.0265062 0.0511974 0.672034 0.014387 0.121525 0.0129794 0.0258389
0.0684416 0.0164382 0.0831603 9.9982E-05 9.9982E-05 0.695048 0.0171136 0.0810187 0.00935974 0.0292202
0.220178 9.9964E-05 9.9964E-05 9.9964E-05 0.027527 0.598258 0.0509827 0.0732942 0.0293607 9.9964E-05
0.0951521 9.9964E-05 0.034557 9.9964E-05 0.014239 0.766568 0.0264835 0.0626009 9.9964E-05 9.9964E-05
0.213288 9.9973E-05 0.053526 0.223277 9.9973E-05 0.242535 0.0466861 0.0202838 9.9973E-05 0.200105
9.99201E-05 9.99201E-05 9.99201E-05 0.999101 9.99201E-05 9.99201E-05 9.99201E-05 9.99201E-05 9.99201E-05 9.99201E-05
9.99201E-05 9.99201E-05 9.99201E-05 0.999101 9.99201E-05 9.99201E-05 9.99201E-05 9.99201E-05 9.99201E-05 9.99201E-05
0.41793 0.0225451 0.0261111 0.103705 9.9982E-05 0.258339 0.0880594 0.0654156 9.9982E-05 0.0176955
0.198548 0.00921999 0.0738251 0.138281 9.9991E-05 0.34923 0.0268493 0.0931333 0.0262532 0.0845598
0.412577 0.00972224 9.9982E-05 0.0753743 0.025754 0.246556 9.9982E-05 0.0891995 0.0848449 0.0557716
0.253662 9.9973E-05 0.0556447 0.224967 9.9973E-05 0.0947528 0.054757 9.9973E-05 0.0385135 0.277403
0.178272 9.9982E-05 0.0210697 0.211562 9.9982E-05 0.404187 0.0429293 0.0169454 0.00189724 0.122938
0.027873 0.0256547 0.0467956 0.851702 9.9964E-05 9.9964E-05 0.0170732 9.9964E-05 9.9964E-05 0.0305019
0.159198 0.0372513 0.0335156 0.17584 9.9982E-05 0.0765324 9.9982E-05 0.0224909 0.0700129 0.424959
0.178489 0.0245452 9.9991E-05 0.197815 0.0257203 0.0422174 0.0105535 0.0557047 0.0473209 0.417533
0.199518 9.9982E-05 0.0294661 0.179836 0.0131878 0.30445 0.0869059 0.100486 9.9982E-05 0.0859504
0.170711 9.9982E-05 0.0668676 0.164923 9.9982E-05 0.141704 0.0618233 0.100272 0.0945726 0.198927
0.232542 9.9982E-05 0.105689 0.178084 0.0228519 0.26437 0.00782019 0.012599 9.9982E-05 0.175845
9.99201E-05 9.99201E-05 9.99201E-05 0.999101 9.99201E-05 9.99201E-05 9.99201E-05 9.99201E-05 9.99201E-05 9.99201E-05
0.242952 9.9991E-05 0.111655 0.238694 0.0224718 0.115448 0.0329234 0.0264776 0.00610543 0.203173
0.147288 0.0320768 0.0546624 0.493689 0.0210476 0.0732913 0.0104257 0.109152 9.9991E-05 0.0582664
0.136295 9.9964E-05 9.9964E-05 0.163974 0.0548184 0.424611 9.9964E-05 0.11793 9.9964E-05 0.101972
0.166859 9.9991E-05 0.0591845 0.0122903 0.0483982 0.48416 0.0898258 0.00275367 0.00869538 0.127733
9.9946E-05 0.049869 0.0244834 0.016869 9.9946E-05 0.908179 9.9946E-05 9.9946E-05 9.9946E-05 9.9946E-05
0.190623 9.9964E-05 0.0457396 0.189641 9.9964E-05 0.352448 9.9964E-05 0.0990178 9.9964E-05 0.122131
9.9928E-05 0.0261247 9.9928E-05 9.9928E-05 9.9928E-05 0.973076 9.9928E-05 9.9928E-05 9.9928E-05 9.9928E-05
9.9946E-05 9.9946E-05 9.9946E-05 0.0466103 0.0317598 0.659874 9.9946E-05 9.9946E-05 9.9946E-05 0.261156
9.9946E-05 0.0898041 9.9946E-05 9.9946E-05 0.0154986 0.889687 0.00441087 9.9946E-05 9.9946E-05 9.9946E-05
0.330661 0.0312092 0.0265721 0.0224415 0.0148693 0.50953 0.015917 0.0138589 9.9991E-05 0.0348412
9.99201E-05 9.99201E-05 9.99201E-05 9.99201E-05 9.99201E-05 0.999101 9.99201E-05 9.99201E-05 9.99201E-05 9.99201E-05
0.141164 9.9982E-05 9.9982E-05 0.167791 0.0752355 0.457583 0.0572858 0.0566019 0.01907 0.0250686
0.0418923 0.0163374 0.00578875 0.078085 0.0196579 0.466845 0.0986901 0.0589493 9.9991E-05 0.213655
9.9937E-05 9.9937E-05 0.0214603 9.9937E-05 9.9937E-05 0.909531 9.9937E-05 9.9937E-05 0.0683094 9.9937E-05
9.9955E-05 9.9955E-05 0.0560307 0.0170196 9.9955E-05 0.851679 9.9955E-05 9.9955E-05 0.0360393 0.038732
0.00881883 0.00106832 9.9982E-05 0.0710181 9.9982E-05 0.478796 0.0115484 0.0906762 0.0545603 0.283314
0.0192999 0.0251241 0.0880947 0.0892047 9.9964E-05 0.63839 9.9964E-05 9.9964E-05 9.9964E-05 0.139486
0.0272843 0.00454226 0.0178989 0.127011 0.038773 0.64549 0.0459437 9.9982E-05 9.9982E-05 0.0928564
0.0622043 0.0658048 9.9973E-05 9.9973E-05 0.142757 0.4965 9.9973E-05 0.0366465 0.0108491 0.184938
0.0178963 9.9964E-05 0.0657316 9.9964E-05 0.0165152 0.0644438 0.00996005 9.9964E-05 9.9964E-05 0.825053
9.99201E-05 9.99201E-05 9.99201E-05 9.99201E-05 9.99201E-05 9.99201E-05 9.99201E-05 9.99201E-05 9.99201E-05 0.999101
9.9946E-05 9.9946E-05 9.9946E-05 0.0279719 9.9946E-05 9.9946E-05 0.0105214 9.9946E-05 0.00786203 0.953045
9.9946E-05 9.9946E-05 9.9946E-05 0.0220935 9.9946E-05 0.0315808 0.00973708 9.9946E-05 9.9946E-05 0.935989
9.9937E-05 0.00971611 9.9937E-05 9.9937E-05 9.9937E-05 0.0391328 9.9937E-05 9.9937E-05 9.9937E-05 0.950452
0.232761 0.000130396 0.0669166 0.0207249 0.05672 0.0367195 0.0623059 0.0636495 9.9991E-05 0.459972
0.0661222 0.00188239 0.0139552 0.0359349 0.144925 0.259166 0.021248 0.028563 0.0188554 0.409348
0.05845 9.9973E-05 9.9973E-05 0.0267921 0.1119 0.14726 0.092853 0.0507654 9.9973E-05 0.511679
0.152243 9.9991E-05 0.0373536 0.043875 0.0282694 0.0987283 0.0845499 0.031424 0.0439595 0.479497
0.147625 9.9964E-05 0.0673681 9.9964E-05 0.0993648 0.120961 9.9964E-05 0.054853 9.9964E-05 0.509428
0.06268 0.0721636 0.0550506 0.00979957 0.0666967 0.234128 0.0322194 0.012167 0.0138775 0.441218
0.0321927 9.9991E-05 0.146174 0.00827372 0.07551 0.208231 0.0777401 0.122366 0.00898675 0.320425
0.0713595 0.166818 9.9991E-05 0.126947 0.0623177 0.137735 0.0259849 0.08798 0.0371239 0.283634
0.0479989 0.182695 9.9991E-05 0.138535 0.0642059 0.133171 0.0515017 0.0983651 0.0181911 0.265236
0.0858412 9.9991E-05 0.150163 0.102711 0.152243 0.0572092 0.0726382 0.0527719 0.0407973 0.285525
9.99281E-05 0.0166849 9.99281E-05 9.99281E-05 0.982516 9.99281E-05 9.99281E-05 9.99281E-05 9.99281E-05 9.99281E-05
0.0236993 9.9955E-05 9.9955E-05 9.9955E-05 0.920369 0.0176514 0.0276492 9.9955E-05 0.0101314 9.9955E-05
0.0206886 0.0614076 9.9964E-05 9.9964E-05 0.845026 0.0219037 9.9964E-05 9.9964E-05 0.0200407 0.0305334
9.99201E-05 9.99201E-05 9.99201E-05 9.99201E-05 0.999101 9.99201E-05 9.99201E-05 9.99201E-05 9.99201E-05 9.99201E-05
9.99201E-05 9.99201E-05 9.99201E-05 9.99201E-05 0.999101 9.99201E-05 9.99201E-05 9.99201E-05 9.99201E-05 9.99201E-05
9.99201E-05 9.99201E-05 9.99201E-05 9.99201E-05 0.999101 9.99201E-05 9.99201E-05 9.99201E-05 9.99201E-05 9.99201E-05
9.99201E-05 9.99201E-05 9.99201E-05 9.99201E-05 0.999101 9.99201E-05 9.99201E-05 9.99201E-05 9.99201E-05 9.99201E-05
0.0435245 0.00669227 9.9955E-05 0.0461073 0.838443 9.9955E-05 9.9955E-05 9.9955E-05 9.9955E-05 0.064733
9.99281E-05 9.99281E-05 9.99281E-05 9.99281E-05 0.98719 9.99281E-05 9.99281E-05 0.0120103 9.99281E-05 9.99281E-05
9.99201E-05 9.99201E-05 9.99201E-05 9.99201E-05 0.999101 9.99201E-05 9.99201E-05 9.99201E-05 9.99201E-05 9.99201E-05
0.0444901 0.0353593 0.0856741 9.9991E-05 0.0848415 0.0657802 0.0917553 0.194141 0.00494535 0.392913
9.9973E-05 0.0374941 0.0234215 0.00771262 0.866915 0.0479907 0.0096708 9.9973E-05 9.9973E-05 0.00649575
9.9946E-05 9.9946E-05 0.0067079 9.9946E-05 0.977083 9.9946E-05 0.00971714 9.9946E-05 9.9946E-05 0.0058926
0.0025348 9.9955E-05 0.00258477 9.9955E-05 0.987299 9.9955E-05 9.9955E-05 0.00579897 9.9955E-05 0.00128311
9.99201E-05 9.99201E-05 9.99201E-05 9.99201E-05 9.99201E-05 9.99201E-05 9.99201E-05 9.99201E-05 9.99201E-05 0.999101
9.99201E-05 9.99201E-05 9.99201E-05 9.99201E-05 9.99201E-05 9.99201E-05 9.99201E-05 9.99201E-05 9.99201E-05 0.999101
9.99281E-05 9.99281E-05 0.00787525 9.99281E-05 9.99281E-05 9.99281E-05 9.99281E-05 9.99281E-05 9.99281E-05 0.991325
9.99201E-05 9.99201E-05 9.99201E-05 9.99201E-05 9.99201E-05 9.99201E-05 9.99201E-05 9.99201E-05 9.99201E-05 0.999101
9.9964E-05 0.0480496 0.00255972 9.9964E-05 0.0168803 9.9964E-05 0.0124567 0.0997525 9.9964E-05 0.819901
0.0256514 0.0937859 9.9955E-05 0.010435 9.9955E-05 9.9955E-05 9.9955E-05 0.0709064 9.9955E-05 0.798721
0.0954397 0.0332684 9.9973E-05 0.0134665 0.0485158 9.9973E-05 9.9973E-05 0.041529 0.00161005 0.765871
9.9946E-05 0.0487247 9.9946E-05 9.9946E-05 0.0289515 9.9946E-05 9.9946E-05 0.0891363 9.9946E-05 0.832588
9.9964E-05 0.0579223 0.0128179 9.9964E-05 0.0771898 9.9964E-05 0.0369537 0.0011691 9.9964E-05 0.813547
9.9946E-05 0.0439381 9.9946E-05 9.9946E-05 0.0520741 9.9946E-05 0.00754555 9.9946E-05 9.9946E-05 0.895843
0.0772351 0.037132 0.0438567 9.9973E-05 0.0159729 9.9973E-05 0.038626 0.0468191 9.9973E-05 0.740058
9.9937E-05 0.105931 9.9937E-05 9.9937E-05 0.0771043 9.9937E-05 9.9937E-05 9.9937E-05 9.9937E-05 0.816265
9.9973E-05 0.0527951 0.0288533 9.9973E-05 9.9973E-05 0.059349 0.0341272 0.11457 0.0211617 0.688843
0.0498529 0.0555926 0.0298034 9.9991E-05 0.0455406 0.0168919 0.0441608 0.130094 0.000803745 0.62716
9.9964E-05 0.0173903 0.0113019 9.9964E-05 0.0165685 0.00945947 0.00911849 0.935761 9.9964E-05 9.9964E-05
0.0103003 0.0162314 0.0694899 0.0152502 0.0148498 9.9973E-05 9.9973E-05 0.869208 0.00436992 9.9973E-05
9.99201E-05 9.99201E-05 9.99201E-05 9.99201E-05 9.99201E-05 9.99201E-05 9.99201E-05 0.999101 9.99201E-05 9.99201E-05
9.99281E-05 9.99281E-05 0.00218239 9.99281E-05 9.99281E-05 9.99281E-05 9.99281E-05 0.997018 9.99281E-05 9.99281E-05
9.9937E-05 9.9937E-05 0.0292222 0.00776598 9.9937E-05 9.9937E-05 9.9937E-05 0.962312 9.9937E-05 9.9937E-05
9.9937E-05 9.9937E-05 9.9937E-05 9.9937E-05 0.00565817 9.9937E-05 9.9937E-05 0.982645 9.9937E-05 0.0109972
9.99281E-05 9.99281E-05 9.99281E-05 0.0414523 9.99281E-05 9.99281E-05 9.99281E-05 0.957748 9.99281E-05 9.99281E-05
0.00794681 0.180437 0.00520426 9.9973E-05 9.9973E-05 0.0654537 0.00598842 0.719149 0.0155202 9.9973E-05
9.99201E-05 9.99201E-05 9.99201E-05 9.99201E-05 9.99201E-05 9.99201E-05 9.99201E-05 0.999101 9.99201E-05 9.99201E-05
9.99201E-05 9.99201E-05 9.99201E-05 9.99201E-05 9.99201E-05 9.99201E-05 9.99201E-05 0.999101 9.99201E-05 9.99201E-05
9.9955E-05 0.0819742 9.9955E-05 9.9955E-05 0.0459032 9.9955E-05 0.0102616 0.857581 0.0037798 9.9955E-05
9.99281E-05 9.99281E-05 9.99281E-05 9.99281E-05 0.0122955 9.99281E-05 9.99281E-05 0.986905 9.99281E-05 9.99281E-05
9.9955E-05 0.0567499 9.9955E-05 9.9955E-05 9.9955E-05 0.156582 0.0449119 0.690078 9.9955E-05 0.0511788
9.99201E-05 9.99201E-05 9.99201E-05 9.99201E-05 9.99201E-05 9.99201E-05 0.999101 9.99201E-05 9.99201E-05 9.99201E-05
9.9982E-05 0.0426853 0.0405441 0.032329 0.153104 0.0512901 0.0681564 0.0860053 9.9982E-05 0.525686
9.99281E-05 9.99281E-05 9.99281E-05 9.99281E-05 9.99281E-05 9.99281E-05 0.98674 9.99281E-05 9.99281E-05 0.0124606
9.99201E-05 9.99201E-05 9.99201E-05 9.99201E-05 9.99201E-05 9.99201E-05 0.999101 9.99201E-05 9.99201E-05 9.99201E-05
9.99461E-05 0.0517605 9.99461E-05 0.024378 0.00257883 9.99461E-05 0.920683 9.99461E-05 9.99461E-05 9.99461E-05
0.0333721 9.9973E-05 0.0122402 0.025088 9.9973E-05 0.0388013 0.798248 0.00987541 9.9973E-05 0.0820748
9.99201E-05 9.99201E-05 9.99201E-05 9.99201E-05 9.99201E-05 9.99201E-05 0.999101 9.99201E-05 9.99201E-05 9.99201E-05
9.9964E-05 0.0152302 9.9964E-05 9.9964E-05 9.9964E-05 0.0257525 0.871563 0.0465282 0.00570346 0.0348229
9.99371E-05 0.00800262 0.000177093 9.99371E-05 9.99371E-05 9.99371E-05 0.991121 9.99371E-05 9.99371E-05 9.99371E-05
0.00817146 9.9955E-05 0.00111571 0.0065996 9.9955E-05 9.9955E-05 0.936292 0.0473219 9.9955E-05 9.9955E-05
9.9937E-05 0.028354 9.9937E-05 9.9937E-05 9.9937E-05 9.9937E-05 0.968366 9.9937E-05 0.00258079 9.9937E-05
9.99201E-05 9.99201E-05 9.99201E-05 9.99201E-05 9.99201E-05 9.99201E-05 0.999101 9.99201E-05 9.99201E-05 9.99201E-05
9.99371E-05 9.99371E-05 9.99371E-05 9.99371E-05 0.0137046 9.99371E-05 0.973638 0.0119579 9.99371E-05 9.99371E-05
0.0279908 9.9973E-05 0.0345557 9.9973E-05 0.0547326 0.0261661 0.807592 0.0417132 9.9973E-05 0.00695011
0.0203382 0.0223546 0.0133077 9.9955E-05 9.9955E-05 9.9955E-05 0.934946 9.9955E-05 0.00855367 9.9955E-05
0.00380271 0.00170224 9.9982E-05 0.0012553 0.0163085 0.0773752 0.870378 0.0133778 0.0156008 9.9982E-05
9.9955E-05 0.0165894 0.0269163 9.9955E-05 9.9955E-05 9.9955E-05 0.894276 0.0157743 9.9955E-05 0.045944
0.0164082 0.0280609 9.99551E-05 9.99551E-05 9.99551E-05 0.0431516 0.892714 9.99551E-05 0.0191651 9.99551E-05
9.9946E-05 9.9946E-05 9.9946E-05 9.9946E-05 0.0102957 9.9946E-05 0.936196 0.0166476 9.9946E-05 0.0362614
9.9982E-05 0.0731011 0.255923 9.9982E-05 0.0907224 0.281775 0.0195906 0.0534079 0.0261271 0.199153
9.9973E-05 0.114964 0.295397 9.9973E-05 0.0500966 0.259624 9.9973E-05 0.0348866 0.0180871 0.226644
9.9982E-05 0.124633 0.272659 9.9982E-05 0.0334771 0.351944 0.054701 0.0271522 0.00622538 0.129009
9.9982E-05 0.105525 0.277612 9.9982E-05 0.0568097 0.332923 0.0411826 0.00289541 0.0322656 0.150587
0.0257236 0.893806 9.9964E-05 9.9964E-05 0.0256771 0.0230043 9.9964E-05 0.0308545 0.000534676 9.9964E-05
9.99201E-05 0.999101 9.99201E-05 9.99201E-05 9.99201E-05 9.99201E-05 9.99201E-05 9.99201E-05 9.99201E-05 9.99201E-05
9.9937E-05 0.968403 0.00457967 9.9937E-05 9.9937E-05 9.9937E-05 9.9937E-05 9.9937E-05 9.9937E-05 0.0263174
9.99201E-05 0.999101 9.99201E-05 9.99201E-05 9.99201E-05 9.99201E-05 9.99201E-05 9.99201E-05 9.99201E-05 9.99201E-05
9.9946E-05 0.982447 0.00664926 0.00387237 9.9946E-05 9.9946E-05 9.9946E-05 9.9946E-05 0.00643137 9.9946E-05
9.9946E-05 0.960561 0.0123453 9.9946E-05 0.00296919 9.9946E-05 9.9946E-05 9.9946E-05 9.9946E-05 0.0235246
9.9973E-05 0.914278 9.9973E-05 0.00208567 0.0334462 0.0262249 0.00341363 0.0040348 0.0162166 9.9973E-05
0.0215371 0.741322 0.0381018 9.9991E-05 0.0289201 0.00519361 0.0378086 0.0457148 0.0488133 0.0324888
0.0281181 0.828615 9.9964E-05 0.0100551 9.9964E-05 0.0250191 0.0738673 0.0339252 9.9964E-05 9.9964E-05
9.9937E-05 9.9937E-05 0.977347 9.9937E-05 9.9937E-05 9.9937E-05 9.9937E-05 0.00409149 9.9937E-05 0.0178617
9.99201E-05 9.99201E-05 0.999101 9.99201E-05 9.99201E-05 9.99201E-05 9.99201E-05 9.99201E-05 9.99201E-05 9.99201E-05
9.99281E-05 9.99281E-05 0.99675 0.00245102 9.99281E-05 9.99281E-05 9.99281E-05 9.99281E-05 9.99281E-05 9.99281E-05
9.99201E-05 9.99201E-05 0.999101 9.99201E-05 9.99201E-05 9.99201E-05 9.99201E-05 9.99201E-05 9.99201E-05 9.99201E-05
9.99201E-05 9.99201E-05 0.999101 9.99201E-05 9.99201E-05 9.99201E-05 9.99201E-05 9.99201E-05 9.99201E-05 9.99201E-05
9.9973E-05 0.0509956 0.871806 0.00139971 9.9973E-05 0.0384126 0.00936656 9.9973E-05 0.00438672 0.0233329
9.99201E-05 9.99201E-05 0.999101 9.99201E-05 9.99201E-05 9.99201E-05 9.99201E-05 9.99201E-05 9.99201E-05 9.99201E-05
9.99201E-05 9.99201E-05 0.999101 9.99201E-05 9.99201E-05 9.99201E-05 9.99201E-05 9.99201E-05 9.99201E-05 9.99201E-05
9.9955E-05 0.0064044 0.960778 9.9955E-05 0.00150468 9.9955E-05 0.0129958 9.9955E-05 0.017817 9.9955E-05
9.9946E-05 9.9946E-05 0.92805 0.018156 9.9946E-05 9.9946E-05 9.9946E-05 0.0497575 0.00343694 9.9946E-05
9.9937E-05 0.00244301 0.996408 9.9937E-05 9.9937E-05 9.9937E-05 0.000449821 9.9937E-05 9.9937E-05 9.9937E-05
9.99371E-05 0.00794059 0.979389 9.99371E-05 9.99371E-05 9.99371E-05 9.99371E-05 0.0119706 9.99371E-05 9.99371E-05
