9.99201E-05 9.99201E-05 9.99201E-05 9.99201E-05 9.99201E-05 9.99201E-05 9.99201E-05 9.99201E-05 0.999101 9.99201E-05
9.9946E-05 9.9946E-05 0.842538 9.9946E-05 9.9946E-05 0.0466424 9.9946E-05 0.0344173 0.0758022 9.9946E-05
9.9946E-05 9.9946E-05 0.807084 9.9946E-05 9.9946E-05 0.0188956 9.9946E-05 0.0998922 0.0735285 9.9946E-05
9.99201E-05 9.99201E-05 0.999101 9.99201E-05 9.99201E-05 9.99201E-05 9.99201E-05 9.99201E-05 9.99201E-05 9.99201E-05
0.0903703 0.0439202 0.649809 0.0236691 9.9964E-05 9.9964E-05 0.0204451 9.9964E-05 9.9964E-05 0.171386
9.9964E-05 9.9964E-05 0.596967 9.9964E-05 0.0983015 9.9964E-05 0.0588311 0.0435276 0.0367545 0.165219
9.9937E-05 9.9937E-05 0.494274 9.9937E-05 9.9937E-05 9.9937E-05 9.9937E-05 9.9937E-05 0.168143 0.336883
0.018693 0.0183559 0.518513 9.9982E-05 9.9982E-05 0.0241647 0.0525639 0.0795201 0.178056 0.109934
9.9964E-05 0.0500864 0.49139 9.9964E-05 9.9964E-05 9.9964E-05 0.0221859 0.0470783 0.0983797 0.29048
9.99201E-05 9.99201E-05 9.99201E-05 9.99201E-05 9.99201E-05 9.99201E-05 9.99201E-05 9.99201E-05 0.999101 9.99201E-05
9.99201E-05 9.99201E-05 9.99201E-05 9.99201E-05 9.99201E-05 9.99201E-05 9.99201E-05 9.99201E-05 0.999101 9.99201E-05
9.99281E-05 0.013442 9.99281E-05 9.99281E-05 9.99281E-05 9.99281E-05 9.99281E-05 9.99281E-05 0.985759 9.99281E-05
9.99281E-05 9.99281E-05 9.99281E-05 9.99281E-05 9.99281E-05 0.00724669 9.99281E-05 9.99281E-05 0.991954 9.99281E-05
9.9955E-05 0.00943598 9.9955E-05 0.0307764 9.9955E-05 9.9955E-05 0.00554544 9.9955E-05 0.925329 0.0284135
0.00822467 9.9964E-05 0.026501 9.9964E-05 9.9964E-05 0.0315787 0.0375279 0.00378179 0.891986 9.9964E-05
9.9964E-05 0.0278038 0.565352 9.9964E-05 9.9964E-05 9.9964E-05 0.272706 0.0104288 0.0673808 0.0559287
0.0548055 0.0697432 0.442485 0.0788185 0.0262874 0.0222559 0.102763 0.0587884 0.120413 0.0236407
9.99201E-05 9.99201E-05 0.999101 9.99201E-05 9.99201E-05 9.99201E-05 9.99201E-05 9.99201E-05 9.99201E-05 9.99201E-05
9.9964E-05 0.0264757 0.0911482 0.0363204 9.9964E-05 0.0043222 0.0260231 9.9964E-05 9.9964E-05 0.815311
0.0244704 9.99371E-05 9.99371E-05 0.0564557 9.99371E-05 9.99371E-05 9.99371E-05 9.99371E-05 9.99371E-05 0.918374
9.996E-05 0.0165165 0.0941417 9.996E-05 0.0728707 0.0208998 9.996E-05 9.996E-05 0.0267309 0.768441
0.0263815 9.9964E-05 0.0545261 0.100904 9.9964E-05 9.9964E-05 0.0306329 0.0586037 9.9964E-05 0.728552
9.9946E-05 9.9946E-05 0.0755945 0.0775554 9.9946E-05 9.9946E-05 9.9946E-05 0.0414899 9.9946E-05 0.804761
0.0380524 9.9937E-05 9.9937E-05 9.9937E-05 9.9937E-05 9.9937E-05 9.9937E-05 9.9937E-05 0.00986332 0.951385
0.00158397 9.9955E-05 9.9955E-05 9.9955E-05 9.9955E-05 0.00632231 0.00384945 9.9955E-05 0.0034804 0.984264
0.0345391 0.0277899 9.9973E-05 9.9973E-05 0.132614 9.9973E-05 0.0830307 0.00546814 0.0230694 0.693188
9.9946E-05 0.0975493 9.9946E-05 9.9946E-05 9.9946E-05 9.9946E-05 0.01486 0.0624506 9.9946E-05 0.82454
9.99461E-05 9.99461E-05 0.0422536 9.99461E-05 9.99461E-05 9.99461E-05 0.0460704 0.0110749 9.99461E-05 0.900001
0.0544012 0.00447553 9.9973E-05 9.9973E-05 0.0591211 9.9973E-05 0.051652 0.0179408 0.0483753 0.763734
9.9946E-05 9.9946E-05 0.131243 9.9946E-05 0.00855016 9.9946E-05 9.9946E-05 9.9946E-05 0.0240972 0.83551
9.99461E-05 9.99461E-05 9.99461E-05 0.00914372 9.99461E-05 0.0177915 9.99461E-05 9.99461E-05 0.0539731 0.918492
0.0398773 0.0174204 9.9964E-05 9.9964E-05 9.9964E-05 0.00107154 0.0495182 0.0170124 9.9964E-05 0.8747
9.9946E-05 9.9946E-05 9.9946E-05 9.9946E-05 0.150875 0.014244 9.9946E-05 0.0445186 9.9946E-05 0.789762
0.106205 9.9964E-05 9.9964E-05 9.9964E-05 0.165894 9.9964E-05 0.0284248 0.0296029 0.0721339 0.59734
9.9946E-05 9.9946E-05 0.0603532 0.101484 9.9946E-05 9.9946E-05 9.9946E-05 0.0517099 9.9946E-05 0.785853
9.9946E-05 9.9946E-05 0.167078 0.0136003 9.9946E-05 9.9946E-05 9.9946E-05 9.9946E-05 0.0102234 0.808498
9.9937E-05 9.9937E-05 9.9937E-05 9.9937E-05 0.153231 9.9937E-05 0.314187 9.9937E-05 9.9937E-05 0.531882
0.020707 0.0441785 0.0804572 0.0109301 0.321638 9.9973E-05 9.9973E-05 0.0381259 9.9973E-05 0.483664
9.9973E-05 0.0620986 0.034974 9.9973E-05 0.247772 0.0147599 9.9973E-05 0.0769726 0.00226517 0.560858
9.99461E-05 0.0144004 9.99461E-05 9.99461E-05 0.291251 9.99461E-05 0.0431141 9.99461E-05 9.99461E-05 0.650635
0.0796101 0.0272294 0.253894 9.9973E-05 0.0792653 0.0143033 0.503484 0.0419137 9.9973E-05 9.9973E-05
0.0631515 0.0614194 0.137064 9.9964E-05 0.150936 9.9964E-05 0.555713 0.0313159 9.9964E-05 9.9964E-05
0.0825438 9.9982E-05 0.243001 0.0197451 0.0244665 0.0208485 0.522936 0.0825942 9.9982E-05 0.00366476
0.0482677 0.00576237 0.219026 9.9973E-05 0.0993885 0.00501919 0.593516 0.0287209 9.9973E-05 9.9973E-05
0.0637017 0.0521586 0.0515489 9.997E-05 0.172727 9.997E-05 0.437211 0.0703445 9.997E-05 0.152008
9.9937E-05 0.0328584 9.9937E-05 9.9937E-05 9.9937E-05 9.9937E-05 0.948063 9.9937E-05 9.9937E-05 0.0183793
9.99201E-05 9.99201E-05 9.99201E-05 9.99201E-05 9.99201E-05 9.99201E-05 0.999101 9.99201E-05 9.99201E-05 9.99201E-05
0.0368677 0.0733664 9.9964E-05 9.9964E-05 0.0131391 9.9964E-05 0.43191 0.0472643 9.9964E-05 0.397053
0.0999954 0.0701101 0.0850982 0.0221816 0.0295015 9.9991E-05 0.519348 0.0408779 0.0646972 0.0680897
0.082652 0.0162256 0.134382 9.9991E-05 0.0425275 0.0349539 0.31546 0.00383846 0.0605311 0.30933
9.997E-05 0.0356634 0.0699821 9.997E-05 0.249214 9.997E-05 0.320962 0.0695195 0.0517776 0.202582
0.0237999 0.0400318 0.0253732 0.0322056 0.0560729 9.9982E-05 0.604941 0.0312142 9.9982E-05 0.186161
9.9937E-05 0.0523251 9.9937E-05 9.9937E-05 9.9937E-05 9.9937E-05 0.923459 9.9937E-05 9.9937E-05 0.0235161
0.0142652 0.0340577 0.0606849 0.0347005 0.335571 9.9982E-05 0.301893 9.9982E-05 0.0489287 0.169698
0.0125685 9.9982E-05 0.0310946 0.0219812 0.324951 0.0234554 0.389737 9.9982E-05 0.0458876 0.150126
0.0800325 9.9982E-05 0.131799 0.00558849 0.0906147 0.0237915 0.478427 0.100666 9.9982E-05 0.0888803
0.0318887 0.0624011 0.0295307 9.9982E-05 0.235429 9.9982E-05 0.350586 0.0455007 0.0865589 0.157904
0.0176911 0.130315 0.103843 0.00192023 0.181157 0.00358178 0.413948 9.9982E-05 9.9982E-05 0.147344
9.99201E-05 9.99201E-05 9.99201E-05 9.99201E-05 9.99201E-05 9.99201E-05 0.999101 9.99201E-05 9.99201E-05 9.99201E-05
9.9964E-05 0.120252 0.0740945 9.9964E-05 0.29306 9.9964E-05 0.354519 9.9964E-05 0.0202536 0.137422
0.0517669 0.0886038 0.000577455 0.0427174 9.9973E-05 9.9973E-05 0.552876 9.9973E-05 0.000525886 0.262633
0.127917 0.014522 0.0793425 0.00466386 0.0534868 0.025736 0.58807 9.9991E-05 0.0117715 0.0943903
0.0194611 0.0438934 0.00477048 0.0364284 0.157455 0.0207609 0.481649 0.0675643 0.0150061 0.153011
0.00436586 0.0139142 9.9964E-05 0.0756434 9.9964E-05 0.0402706 0.862755 0.00265157 9.9964E-05 9.9964E-05
0.0917211 0.071795 0.0562485 0.0125888 0.126955 9.9982E-05 0.538586 9.9982E-05 0.020859 0.0810471
0.0111923 9.9955E-05 9.9955E-05 0.0665758 9.9955E-05 0.00933725 0.900848 0.0115469 9.9955E-05 9.9955E-05
0.0104165 9.9955E-05 0.00539159 9.9955E-05 0.358356 0.02031 0.605026 9.9955E-05 9.9955E-05 9.9955E-05
9.9955E-05 9.9955E-05 9.9955E-05 0.12005 9.9955E-05 0.069228 0.783025 0.0178814 0.00931569 9.9955E-05
0.0332224 0.0525637 0.120469 0.00941073 0.121571 0.0073447 0.382566 0.0304238 9.9991E-05 0.242329
0.0147433 9.9946E-05 9.9946E-05 0.061672 9.9946E-05 0.000322414 0.922663 9.9946E-05 9.9946E-05 9.9946E-05
0.0381812 9.9982E-05 0.0507597 9.9982E-05 0.0750498 0.0576552 0.612924 0.0781054 0.0233156 0.0638091
0.0509062 0.0362608 0.0624301 0.0285936 0.277891 0.0257894 0.435601 0.0122475 9.9991E-05 0.0701804
9.996E-05 0.00345456 9.996E-05 9.996E-05 0.102978 9.996E-05 0.758995 0.00144331 0.0797923 0.0529367
9.9946E-05 0.0613165 9.9946E-05 9.9946E-05 0.131324 9.9946E-05 0.750453 9.9946E-05 0.0563072 9.9946E-05
0.0919364 0.0136652 9.9982E-05 0.0621772 0.364827 9.9982E-05 0.385126 0.0145979 0.0437973 0.0236725
9.9955E-05 0.0949841 9.9955E-05 9.9955E-05 0.237568 0.00100123 0.620906 9.9955E-05 9.9955E-05 0.0450408
0.0159784 9.9964E-05 0.0466379 0.00178475 0.196736 0.0100614 0.728401 9.9964E-05 9.9964E-05 9.9964E-05
0.0656981 9.998E-05 0.0667651 0.11891 0.243621 0.0769681 0.410559 0.00604949 0.0112293 9.998E-05
9.9955E-05 0.00626194 0.0168848 0.0178509 0.939557 9.9955E-05 9.9955E-05 0.0189451 9.9955E-05 9.9955E-05
9.9928E-05 9.9928E-05 9.9928E-05 9.9928E-05 0.998734 0.000466406 9.9928E-05 9.9928E-05 9.9928E-05 9.9928E-05
9.9937E-05 9.9937E-05 9.9937E-05 9.9937E-05 0.961624 9.9937E-05 0.0181539 9.9937E-05 0.019523 9.9937E-05
9.9937E-05 9.9937E-05 9.9937E-05 0.0168074 0.917155 9.9937E-05 0.0653383 9.9937E-05 9.9937E-05 9.9937E-05
9.99281E-05 9.99281E-05 9.99281E-05 9.99281E-05 0.967396 9.99281E-05 9.99281E-05 0.0318048 9.99281E-05 9.99281E-05
0.0965863 0.0169854 0.0148367 9.9973E-05 0.633544 0.0321682 0.0995897 9.9973E-05 9.9973E-05 0.10599
0.0222879 0.0441047 0.132146 0.0144881 0.495776 0.151249 0.132637 0.00711172 9.9982E-05 9.9982E-05
0.0082602 0.0154723 0.0903345 0.0125657 0.612009 0.0952229 0.100642 0.0589293 9.9991E-05 0.00646394
0.0487253 0.0574682 0.104335 9.9991E-05 0.441956 0.0366313 0.126842 0.0507844 0.0391174 0.0940404
0.0624337 0.0269525 0.0188003 9.9982E-05 0.556116 0.082602 0.12776 9.9982E-05 0.0221223 0.103014
0.0621081 0.0579539 0.0529992 0.0727945 0.490124 0.0859697 0.151484 0.00242403 0.024043 9.999E-05
0.102228 0.106344 9.9982E-05 0.00927666 0.368932 0.0759836 0.174871 0.0874394 9.9982E-05 0.0747249
0.0263538 9.9982E-05 0.161983 0.195634 0.183676 0.0831275 0.302994 0.0281238 0.0179082 9.9982E-05
0.0683653 9.9973E-05 0.155222 0.185505 0.194786 0.0653471 0.300369 0.0301055 9.9973E-05 9.9973E-05
0.0550532 0.162967 0.031692 9.9982E-05 0.297043 0.187698 0.15566 0.0741518 0.0355351 9.9982E-05
0.00581168 9.9946E-05 9.9946E-05 9.9946E-05 0.00768571 0.983821 0.00208148 9.9946E-05 9.9946E-05 9.9946E-05
0.0284081 9.9964E-05 9.9964E-05 9.9964E-05 0.0195024 0.889668 0.0353376 9.9964E-05 0.0237654 0.00291869
0.0729733 0.00064467 9.9982E-05 0.0375261 9.9982E-05 0.772059 0.0693419 0.00566776 0.00985235 0.0317348
9.99201E-05 9.99201E-05 9.99201E-05 9.99201E-05 9.99201E-05 0.999101 9.99201E-05 9.99201E-05 9.99201E-05 9.99201E-05
9.99201E-05 9.99201E-05 9.99201E-05 9.99201E-05 9.99201E-05 0.999101 9.99201E-05 9.99201E-05 9.99201E-05 9.99201E-05
9.99371E-05 0.0051355 9.99371E-05 0.0107775 9.99371E-05 0.983387 9.99371E-05 9.99371E-05 9.99371E-05 9.99371E-05
9.9946E-05 0.000369063 9.9946E-05 0.0173641 9.9946E-05 0.977704 9.9946E-05 9.9946E-05 9.9946E-05 0.00396343
9.9955E-05 9.9955E-05 0.070944 0.0714629 0.0159395 0.827184 9.9955E-05 9.9955E-05 9.9955E-05 0.0139696
9.99201E-05 9.99201E-05 9.99201E-05 9.99201E-05 9.99201E-05 0.999101 9.99201E-05 9.99201E-05 9.99201E-05 9.99201E-05
9.99201E-05 9.99201E-05 9.99201E-05 9.99201E-05 9.99201E-05 0.999101 9.99201E-05 9.99201E-05 9.99201E-05 9.99201E-05
0.239975 0.0993001 9.9982E-05 0.0210135 0.435636 0.0489303 9.9982E-05 0.0633819 0.00116052 0.0904029
0.0204364 0.00462851 9.995E-05 0.0117552 9.995E-05 0.905821 0.0568596 9.995E-05 9.995E-05 9.995E-05
9.99201E-05 9.99201E-05 9.99201E-05 9.99201E-05 9.99201E-05 0.999101 9.99201E-05 9.99201E-05 9.99201E-05 9.99201E-05
0.00302254 9.99371E-05 9.99371E-05 9.99371E-05 0.034348 0.96193 9.99371E-05 9.99371E-05 9.99371E-05 9.99371E-05
0.0213686 0.0158751 9.99371E-05 9.99371E-05 0.962057 9.99371E-05 9.99371E-05 9.99371E-05 9.99371E-05 9.99371E-05
9.99201E-05 9.99201E-05 9.99201E-05 9.99201E-05 0.999101 9.99201E-05 9.99201E-05 9.99201E-05 9.99201E-05 9.99201E-05
9.99201E-05 9.99201E-05 9.99201E-05 9.99201E-05 0.999101 9.99201E-05 9.99201E-05 9.99201E-05 9.99201E-05 9.99201E-05
9.99201E-05 9.99201E-05 9.99201E-05 9.99201E-05 0.999101 9.99201E-05 9.99201E-05 9.99201E-05 9.99201E-05 9.99201E-05
0.125427 0.0216428 9.997E-05 0.0207986 0.771668 0.0127141 0.0130273 0.0344224 9.997E-05 9.997E-05
0.0918424 9.9955E-05 0.0226385 0.0982544 0.67542 9.9955E-05 9.9955E-05 9.9955E-05 9.9955E-05 0.111345
0.0416662 9.996E-05 9.996E-05 0.040363 0.81828 0.0386136 0.035083 9.996E-05 9.996E-05 0.0255943
0.0816548 0.0159521 9.9964E-05 0.0473453 0.80405 0.00656479 0.0440335 9.9964E-05 9.9964E-05 9.9964E-05
9.9955E-05 0.00204725 9.9955E-05 0.0419227 0.840784 0.0996906 9.9955E-05 0.0150559 9.9955E-05 9.9955E-05
9.9946E-05 9.9946E-05 9.9946E-05 0.044218 0.896075 0.0459572 9.9946E-05 0.0131498 9.9946E-05 9.9946E-05
0.0510486 0.074906 0.0441179 9.9973E-05 0.774398 0.0207996 9.9973E-05 0.0316054 9.9973E-05 0.00282438
9.9955E-05 9.9955E-05 0.00724309 0.0938778 0.842437 0.0198045 9.9955E-05 0.0361377 9.9955E-05 9.9955E-05
0.0636558 0.0446798 9.9973E-05 0.0529131 0.673905 9.9973E-05 0.138667 0.0227238 0.00315562 9.9973E-05
0.138399 0.0420731 0.0777708 0.00397096 0.673226 0.0365094 0.00986399 0.0179867 9.9982E-05 9.9982E-05
9.99201E-05 9.99201E-05 9.99201E-05 9.99201E-05 9.99201E-05 9.99201E-05 9.99201E-05 0.999101 9.99201E-05 9.99201E-05
0.114602 0.0777557 0.0692887 0.0363475 0.471422 0.0862601 0.0408799 0.103244 9.9982E-05 9.9982E-05
9.99201E-05 9.99201E-05 9.99201E-05 9.99201E-05 9.99201E-05 9.99201E-05 9.99201E-05 0.999101 9.99201E-05 9.99201E-05
9.99201E-05 9.99201E-05 9.99201E-05 9.99201E-05 9.99201E-05 9.99201E-05 9.99201E-05 0.999101 9.99201E-05 9.99201E-05
9.99281E-05 9.99281E-05 9.99281E-05 0.0543211 9.99281E-05 9.99281E-05 9.99281E-05 0.94488 9.99281E-05 9.99281E-05
0.0288487 9.9955E-05 9.9955E-05 0.017832 9.9955E-05 0.0491361 9.9955E-05 0.757267 9.9955E-05 0.146416
9.99281E-05 9.99281E-05 9.99281E-05 9.99281E-05 9.99281E-05 9.99281E-05 9.99281E-05 0.997529 0.00167163 9.99281E-05
9.9955E-05 9.9955E-05 9.9955E-05 0.0582544 0.0387469 9.9955E-05 0.0202099 0.855717 9.9955E-05 0.0265726
0.00256621 0.00804012 9.996E-05 9.996E-05 0.00234426 0.0059439 0.0271307 0.953575 9.996E-05 9.996E-05
0.00379956 9.9955E-05 9.9955E-05 9.9955E-05 9.9955E-05 0.00832187 0.0331583 0.950887 9.9955E-05 0.00333369
9.99281E-05 0.00478258 9.99281E-05 9.99281E-05 9.99281E-05 9.99281E-05 9.99281E-05 0.994418 9.99281E-05 9.99281E-05
9.99371E-05 9.99371E-05 9.99371E-05 9.99371E-05 9.99371E-05 9.99371E-05 0.0184246 0.969352 0.0115238 9.99371E-05
0.0203796 9.99371E-05 9.99371E-05 9.99371E-05 0.0226918 9.99371E-05 9.99371E-05 0.956229 9.99371E-05 9.99371E-05
0.0390042 0.0609044 0.0367495 9.9955E-05 9.9955E-05 0.0588593 9.9955E-05 0.803983 9.9955E-05 9.9955E-05
0.00713125 9.9955E-05 9.9955E-05 0.0132994 9.9955E-05 9.9955E-05 9.9955E-05 0.941141 0.0144541 0.0234745
0.0322134 9.9964E-05 9.9964E-05 0.00994733 0.042307 0.00526871 0.0400002 0.869864 9.9964E-05 9.9964E-05
0.0419984 0.0216722 9.997E-05 0.0238011 0.0366952 0.00963389 9.997E-05 0.840746 0.0251533 9.997E-05
9.9973E-05 0.0212327 0.0135898 0.023708 0.000387662 9.9973E-05 0.055469 0.872684 0.0126291 9.9973E-05
9.9955E-05 0.0327215 9.9955E-05 9.9955E-05 0.0378996 0.00351851 9.9955E-05 0.924678 0.000682863 9.9955E-05
0.908845 0.00646521 9.9964E-05 0.0154256 0.0362105 9.9964E-05 9.9964E-05 0.0202071 9.9964E-05 0.012447
0.880525 0.0414096 0.00971699 0.0268438 9.9973E-05 0.033219 9.9973E-05 9.9973E-05 0.00755645 0.000429331
0.999101 9.99201E-05 9.99201E-05 9.99201E-05 9.99201E-05 9.99201E-05 9.99201E-05 9.99201E-05 9.99201E-05 9.99201E-05
0.991847 0.000631621 9.9937E-05 9.9937E-05 9.9937E-05 9.9937E-05 9.9937E-05 9.9937E-05 9.9937E-05 0.00682164
0.97105 0.0281509 9.9928E-05 9.9928E-05 9.9928E-05 9.9928E-05 9.9928E-05 9.9928E-05 9.9928E-05 9.9928E-05
0.999101 9.99201E-05 9.99201E-05 9.99201E-05 9.99201E-05 9.99201E-05 9.99201E-05 9.99201E-05 9.99201E-05 9.99201E-05
0.983695 9.99371E-05 9.99371E-05 0.00569003 9.99371E-05 9.99371E-05 0.00991581 9.99371E-05 9.99371E-05 9.99371E-05
0.792055 9.996E-05 0.0136069 0.0877204 9.996E-05 9.996E-05 0.0227464 9.996E-05 0.053811 0.0296607
0.999101 9.99201E-05 9.99201E-05 9.99201E-05 9.99201E-05 9.99201E-05 9.99201E-05 9.99201E-05 9.99201E-05 9.99201E-05
0.999101 9.99201E-05 9.99201E-05 9.99201E-05 9.99201E-05 9.99201E-05 9.99201E-05 9.99201E-05 9.99201E-05 9.99201E-05
0.855173 9.9955E-05 0.0308565 0.0622563 9.9955E-05 0.0394071 9.9955E-05 9.9955E-05 0.0118074 9.9955E-05
0.993876 9.99281E-05 9.99281E-05 9.99281E-05 0.00532484 9.99281E-05 9.99281E-05 9.99281E-05 9.99281E-05 9.99281E-05
0.7331 0.0844892 9.99758E-05 0.0502074 9.99758E-05 0.00101352 0.0223169 0.100612 0.00796081 9.99758E-05
0.0547263 0.260055 9.999E-05 0.122419 0.267465 0.0459751 0.118544 0.0552124 0.0541726 0.0213294
0.0683503 0.250308 9.999E-05 0.126931 0.302025 0.0611033 0.0943644 0.0221413 0.0586655 0.0160122
0.00940269 0.252494 9.9982E-05 0.0831635 0.302869 0.0765479 0.185715 0.0445792 0.0450284 9.9982E-05
9.9982E-05 0.218641 9.9982E-05 0.136643 0.293207 0.0537326 0.141525 0.0607641 0.0535689 0.0417184
0.0265646 9.9955E-05 0.0293837 0.897933 9.9955E-05 0.0345689 0.0110503 9.9955E-05 9.9955E-05 9.9955E-05
9.99201E-05 9.99201E-05 9.99201E-05 0.999101 9.99201E-05 9.99201E-05 9.99201E-05 9.99201E-05 9.99201E-05 9.99201E-05
9.9946E-05 0.013658 9.9946E-05 0.973282 9.9946E-05 9.9946E-05 9.9946E-05 0.011428 9.9946E-05 0.00103215
9.99201E-05 9.99201E-05 9.99201E-05 0.999101 9.99201E-05 9.99201E-05 9.99201E-05 9.99201E-05 9.99201E-05 9.99201E-05
0.00207141 0.0125823 9.9955E-05 0.939463 0.0218236 0.0235596 9.9955E-05 9.9955E-05 9.9955E-05 9.9955E-05
9.9964E-05 0.013014 9.9964E-05 0.951533 0.0174128 0.00413233 9.9964E-05 0.0121716 9.9964E-05 0.00133607
0.00293565 0.0348431 9.9964E-05 0.920823 0.0391257 0.00151067 9.9964E-05 9.9964E-05 0.000361594 9.9964E-05
0.00704121 0.0134037 0.0238981 0.744134 0.110499 9.999E-05 0.00839401 0.0255281 0.026999 0.0400032
9.997E-05 9.997E-05 0.039602 0.820284 0.0385555 9.997E-05 0.0554675 0.00875274 0.0153693 0.0216693
0.00317427 0.983119 0.000502989 0.00488103 9.9955E-05 9.9955E-05 0.00782264 9.9955E-05 9.9955E-05 9.9955E-05
9.99201E-05 0.999101 9.99201E-05 9.99201E-05 9.99201E-05 9.99201E-05 9.99201E-05 9.99201E-05 9.99201E-05 9.99201E-05
9.99201E-05 0.999101 9.99201E-05 9.99201E-05 9.99201E-05 9.99201E-05 9.99201E-05 9.99201E-05 9.99201E-05 9.99201E-05
9.99201E-05 0.999101 9.99201E-05 9.99201E-05 9.99201E-05 9.99201E-05 9.99201E-05 9.99201E-05 9.99201E-05 9.99201E-05
9.99201E-05 0.999101 9.99201E-05 9.99201E-05 9.99201E-05 9.99201E-05 9.99201E-05 9.99201E-05 9.99201E-05 9.99201E-05
9.9964E-05 0.847238 9.9964E-05 0.0404021 0.041483 9.9964E-05 0.036414 0.00979659 0.024267 9.9964E-05
9.99201E-05 0.999101 9.99201E-05 9.99201E-05 9.99201E-05 9.99201E-05 9.99201E-05 9.99201E-05 9.99201E-05 9.99201E-05
9.99201E-05 0.999101 9.99201E-05 9.99201E-05 9.99201E-05 9.99201E-05 9.99201E-05 9.99201E-05 9.99201E-05 9.99201E-05
9.99281E-05 0.985594 9.99281E-05 9.99281E-05 9.99281E-05 9.99281E-05 9.99281E-05 9.99281E-05 0.0136062 9.99281E-05
0.00589175 0.962482 9.9955E-05 9.9955E-05 9.9955E-05 0.00704429 0.0179645 9.9955E-05 0.00611728 9.9955E-05
9.99281E-05 0.99347 9.99281E-05 9.99281E-05 9.99281E-05 0.0057306 9.99281E-05 9.99281E-05 9.99281E-05 9.99281E-05
9.99201E-05 0.999101 9.99201E-05 9.99201E-05 9.99201E-05 9.99201E-05 9.99201E-05 9.99201E-05 9.99201E-05 9.99201E-05
