9.99201E-05 9.99201E-05 9.99201E-05 9.99201E-05 9.99201E-05 0.999101 9.99201E-05 9.99201E-05 9.99201E-05 9.99201E-05
0.10255 9.9946E-05 9.9946E-05 9.9946E-05 9.9946E-05 0.237841 0.0897261 9.9946E-05 0.569284 9.9946E-05
0.118442 9.9946E-05 9.9946E-05 9.9946E-05 9.9946E-05 0.230111 0.0441903 9.9946E-05 0.606657 9.9946E-05
9.99551E-05 0.0265693 9.99551E-05 0.00560192 0.0183439 0.209647 9.99551E-05 9.99551E-05 0.739339 9.99551E-05
9.9973E-05 0.0199574 0.0486273 0.00620698 0.0569119 0.144138 9.9973E-05 9.9973E-05 0.621677 0.102181
0.0419695 0.109559 9.9973E-05 0.0114331 0.00897632 0.158992 9.9973E-05 9.9973E-05 0.65953 0.00923994
9.99281E-05 9.99281E-05 9.99281E-05 9.99281E-05 9.99281E-05 0.306447 9.99281E-05 9.99281E-05 0.692753 9.99281E-05
0.0580529 0.0686022 9.9964E-05 0.0093876 9.9964E-05 0.277865 0.0219668 9.9964E-05 0.563726 9.9964E-05
0.0705491 0.090634 0.047127 9.9964E-05 9.9964E-05 0.150731 0.0135396 9.9964E-05 0.627019 9.9964E-05
9.99201E-05 9.99201E-05 9.99201E-05 9.99201E-05 9.99201E-05 0.999101 9.99201E-05 9.99201E-05 9.99201E-05 9.99201E-05
9.99201E-05 9.99201E-05 9.99201E-05 9.99201E-05 9.99201E-05 0.999101 9.99201E-05 9.99201E-05 9.99201E-05 9.99201E-05
9.99201E-05 9.99201E-05 9.99201E-05 9.99201E-05 9.99201E-05 0.999101 9.99201E-05 9.99201E-05 9.99201E-05 9.99201E-05
9.99201E-05 9.99201E-05 9.99201E-05 9.99201E-05 9.99201E-05 0.999101 9.99201E-05 9.99201E-05 9.99201E-05 9.99201E-05
9.9946E-05 9.9946E-05 9.9946E-05 0.0216348 9.9946E-05 0.91082 9.9946E-05 9.9946E-05 0.0112615 0.0556836
9.9937E-05 0.00261935 9.9937E-05 9.9937E-05 9.9937E-05 0.973248 9.9937E-05 0.0234333 9.9937E-05 9.9937E-05
0.0591854 0.254779 0.0235281 0.0100332 0.022513 0.198277 0.00386169 0.0049868 0.422736 9.9991E-05
0.0438904 0.019686 0.0118616 0.0789086 0.152389 0.216608 0.0777608 0.0371004 0.297196 0.0645997
9.9964E-05 0.0156661 9.9964E-05 0.00767415 0.0936693 0.172725 0.0193357 9.9964E-05 0.69053 9.9964E-05
9.9955E-05 0.0494164 0.0181984 9.9955E-05 9.9955E-05 9.9955E-05 0.00678502 9.9955E-05 0.838354 0.0867466
9.99371E-05 9.99371E-05 9.99371E-05 9.99371E-05 9.99371E-05 9.99371E-05 9.99371E-05 0.0249088 0.912623 0.0617689
9.9946E-05 9.9946E-05 0.0563901 9.9946E-05 0.0332347 0.0300102 9.9946E-05 9.9946E-05 0.879765 9.9946E-05
0.0528035 0.0167599 9.9964E-05 9.9964E-05 9.9964E-05 9.9964E-05 0.0116222 0.037954 0.78263 0.0978311
0.0114309 9.9955E-05 0.0250309 0.0238807 9.9955E-05 9.9955E-05 9.9955E-05 9.9955E-05 0.830755 0.108403
0.0148141 9.9955E-05 9.9955E-05 0.0038155 9.9955E-05 9.9955E-05 9.9955E-05 0.0238533 0.92357 0.0334475
9.9955E-05 9.9955E-05 0.00683222 0.0936313 9.9955E-05 9.9955E-05 0.0123835 0.020933 0.86572 9.9955E-05
9.9964E-05 0.141317 0.0613945 9.9964E-05 0.115501 9.9964E-05 9.9964E-05 0.040942 0.615481 0.0249644
0.0572749 0.03386 0.101806 9.9964E-05 0.0337284 9.9964E-05 9.9964E-05 9.9964E-05 0.746435 0.0264959
9.99371E-05 0.0430267 9.99371E-05 9.99371E-05 9.99371E-05 9.99371E-05 9.99371E-05 0.00947892 0.946795 9.99371E-05
9.9982E-05 0.00443255 0.0298905 0.0126175 0.0946364 0.0346507 9.9982E-05 0.0174154 0.792712 0.0134453
9.9937E-05 9.9937E-05 9.9937E-05 9.9937E-05 0.0448284 0.0189825 9.9937E-05 9.9937E-05 0.93549 9.9937E-05
9.9955E-05 9.9955E-05 0.0119737 9.9955E-05 9.9955E-05 0.015064 0.0228499 9.9955E-05 0.914252 0.0353602
0.00334826 9.9955E-05 0.0406653 0.111534 9.9955E-05 9.9955E-05 9.9955E-05 0.109108 0.734845 9.9955E-05
0.0263987 9.9955E-05 0.00391771 9.9955E-05 0.151825 9.9955E-05 9.9955E-05 9.9955E-05 0.765303 0.0520556
0.0734405 0.00292486 9.9982E-05 0.0245838 0.140229 0.0292857 9.9982E-05 0.0786824 0.649862 0.00079156
0.0190557 9.9955E-05 9.9955E-05 0.0440004 9.9955E-05 9.9955E-05 9.9955E-05 0.00669933 0.773423 0.156322
9.9946E-05 9.9946E-05 0.00717209 9.9946E-05 0.00689385 0.0178739 9.9946E-05 9.9946E-05 0.96746 9.9946E-05
9.9955E-05 0.216174 0.0120473 0.10644 0.187518 9.9955E-05 9.9955E-05 9.9955E-05 0.477321 9.9955E-05
0.00907672 0.0592345 0.0273972 9.9973E-05 0.254135 9.9973E-05 9.9973E-05 0.00556215 0.569569 0.0747255
0.0601619 0.00755594 0.0732646 0.0188148 0.165749 9.9973E-05 0.026742 9.9973E-05 0.647412 9.9973E-05
9.99371E-05 9.99371E-05 9.99371E-05 0.0313175 0.360512 9.99371E-05 9.99371E-05 9.99371E-05 0.607471 9.99371E-05
0.0255821 0.66542 0.0493429 9.9973E-05 0.0696726 9.9973E-05 0.0296453 0.0845615 0.0754758 9.9973E-05
0.0949278 0.619607 0.0928237 9.99697E-05 0.0928805 0.0473725 9.99697E-05 9.99697E-05 0.0519886 9.99697E-05
0.0677573 0.561284 9.9964E-05 9.9964E-05 9.9964E-05 0.0294449 0.0478948 0.0706109 0.222608 9.9964E-05
0.0547743 0.659917 0.0237172 0.034649 0.0786092 9.9982E-05 0.0147414 0.0198078 0.113584 9.9982E-05
0.0403423 0.174633 0.0603628 0.166456 0.182074 9.9973E-05 9.9973E-05 0.047148 0.328685 9.9973E-05
9.99201E-05 9.99201E-05 9.99201E-05 0.999101 9.99201E-05 9.99201E-05 9.99201E-05 9.99201E-05 9.99201E-05 9.99201E-05
9.99201E-05 9.99201E-05 9.99201E-05 0.999101 9.99201E-05 9.99201E-05 9.99201E-05 9.99201E-05 9.99201E-05 9.99201E-05
0.0550427 0.317104 0.0549274 0.10708 0.0112949 9.9991E-05 0.0054313 0.0198399 0.391255 0.0379252
0.0793646 0.245122 0.102683 0.123998 0.144537 0.047094 9.9982E-05 0.0546667 0.202335 9.9982E-05
0.0199979 0.248319 0.00385624 0.0608086 0.0538544 0.0759546 0.0316213 0.0665152 0.438973 9.9991E-05
0.0613245 0.112442 0.042111 0.185678 0.310216 0.00919391 9.9973E-05 9.9973E-05 0.278734 9.9973E-05
0.0355948 0.32663 0.0666908 0.174188 0.132702 9.9973E-05 9.9973E-05 9.9973E-05 0.243293 0.0206012
9.9964E-05 0.0113762 9.9964E-05 0.901163 0.0149748 0.0031649 9.9964E-05 0.00130715 9.9964E-05 0.0676141
9.997E-05 0.102727 0.0546481 0.0696776 0.420755 0.0393004 9.997E-05 9.997E-05 0.234733 0.0778596
9.999E-05 0.0304014 0.0584847 0.15895 0.403936 0.0433538 0.0120778 0.0118494 0.24608 0.0347667
0.0822286 0.351967 0.00242461 0.157425 0.0996059 9.998E-05 0.0315833 0.0744195 0.200146 9.998E-05
0.0417147 0.0864668 0.0352756 0.180484 0.253474 0.0800328 0.0294269 0.0386975 0.254328 9.9991E-05
9.998E-05 0.281304 0.0895852 0.141395 0.100995 9.998E-05 0.0158325 0.0353614 0.322717 0.0126097
9.99201E-05 9.99201E-05 9.99201E-05 0.999101 9.99201E-05 9.99201E-05 9.99201E-05 9.99201E-05 9.99201E-05 9.99201E-05
0.0139336 0.179162 0.12601 0.129738 0.230992 0.0326424 0.0205998 9.9982E-05 0.266722 9.9982E-05
9.9982E-05 0.0354799 0.0835027 0.507501 0.000143866 9.9982E-05 0.0101745 0.111039 0.20373 0.0482295
9.9973E-05 0.365714 0.0296571 0.153584 0.247074 0.0351174 9.9973E-05 0.049747 0.118806 9.9973E-05
0.0438595 0.426108 0.0721548 0.0792055 0.17588 0.0118368 0.0133155 0.017529 0.160011 9.9991E-05
9.9928E-05 0.914263 9.9928E-05 9.9928E-05 9.9928E-05 9.9928E-05 9.9928E-05 9.9928E-05 9.9928E-05 0.0849371
9.997E-05 0.329661 0.0546752 0.164285 0.209853 0.012411 9.997E-05 0.0402737 0.188541 9.997E-05
0.0129598 0.986241 9.9928E-05 9.9928E-05 9.9928E-05 9.9928E-05 9.9928E-05 9.9928E-05 9.9928E-05 9.9928E-05
9.9955E-05 0.625027 0.000833147 0.0712079 0.302203 9.9955E-05 0.000228869 9.9955E-05 9.9955E-05 9.9955E-05
9.9928E-05 0.916886 9.9928E-05 9.9928E-05 9.9928E-05 9.9928E-05 9.9928E-05 9.9928E-05 9.9928E-05 0.0823147
0.0432757 0.467251 0.030573 9.9982E-05 0.0529082 9.9982E-05 0.018164 0.0240723 0.346276 0.0172801
9.99201E-05 0.999101 9.99201E-05 9.99201E-05 9.99201E-05 9.99201E-05 9.99201E-05 9.99201E-05 9.99201E-05 9.99201E-05
0.0724208 0.446604 9.9982E-05 0.150825 0.0728095 0.0422624 0.0519424 0.0213736 0.141562 9.9982E-05
0.0754896 0.344873 0.0407886 0.119151 0.273684 9.9982E-05 0.0120672 0.05581 0.0779372 9.9982E-05
9.9955E-05 0.823649 0.0425925 0.0123691 0.0554295 0.0654597 9.9955E-05 9.9955E-05 9.9955E-05 9.9955E-05
9.9955E-05 0.806198 0.0604383 0.0450912 0.0445925 0.0431802 9.9955E-05 9.9955E-05 9.9955E-05 9.9955E-05
9.9973E-05 0.46689 0.0236172 0.0850746 0.262533 0.0571165 9.9973E-05 0.0902383 9.9973E-05 0.0142309
9.9955E-05 0.577742 0.074058 0.131869 0.209062 0.00676881 9.9955E-05 9.9955E-05 9.9955E-05 9.9955E-05
0.0360675 0.679637 0.00763691 0.0517114 0.181194 9.9982E-05 0.0111225 9.9982E-05 0.0244487 0.00798174
9.9982E-05 0.473939 9.9982E-05 0.0283591 0.140825 0.0163748 0.0645308 0.0984732 0.0410812 0.136217
9.9955E-05 0.054407 0.0202473 9.9955E-05 0.920818 9.9955E-05 9.9955E-05 0.00193226 0.0020953 9.9955E-05
9.9937E-05 0.0543196 9.9937E-05 9.9937E-05 0.933624 9.9937E-05 9.9937E-05 9.9937E-05 9.9937E-05 0.0113572
0.00337891 9.9946E-05 9.9946E-05 0.0194797 0.966468 0.0100737 9.9946E-05 9.9946E-05 9.9946E-05 9.9946E-05
9.9937E-05 0.0571046 9.9937E-05 0.0127106 0.929485 9.9937E-05 9.9937E-05 9.9937E-05 9.9937E-05 9.9937E-05
0.00262097 0.0557346 9.9955E-05 9.9955E-05 0.888852 9.9955E-05 9.9955E-05 9.9955E-05 0.0361467 0.0161465
0.00149414 0.145811 0.0320291 9.9982E-05 0.40982 0.0269793 0.0996627 0.0708568 0.213146 9.9982E-05
0.0261574 0.107819 0.0454663 0.0390168 0.514539 0.0353104 0.137559 9.9982E-05 0.0939314 9.9982E-05
0.10369 0.0843018 0.00230368 0.0172263 0.621658 0.00542862 0.0672038 0.026478 0.0683099 0.00339995
0.0657981 0.102404 9.9982E-05 0.0199374 0.469023 0.0590364 0.0371943 0.0634051 0.183002 9.9982E-05
9.9964E-05 0.152469 0.0439264 9.9964E-05 0.489533 9.9964E-05 0.0644953 0.0854286 0.163748 9.9964E-05
0.0950726 0.131261 0.0921517 0.0255154 0.461677 0.00202918 0.063865 0.0428201 0.0690148 0.0165938
0.0816513 0.17465 0.0994751 0.00933227 0.396225 0.0170796 0.0492813 0.0787193 0.0738362 0.0197503
0.0553117 0.120649 9.9991E-05 0.143608 0.296423 0.0431945 0.0727165 0.0433072 0.0648764 0.159814
0.0826524 0.148406 9.9991E-05 0.14066 0.294962 0.033987 0.0715776 0.0834963 0.0247364 0.119422
0.0923198 9.9982E-05 0.180132 0.121874 0.318055 0.0146065 0.198403 0.0288332 0.0455772 9.9982E-05
9.99281E-05 9.99281E-05 9.99281E-05 9.99281E-05 9.99281E-05 9.99281E-05 0.973537 0.0256637 9.99281E-05 9.99281E-05
0.0182065 0.0567679 9.9955E-05 9.9955E-05 0.00818856 9.9955E-05 0.914572 9.9955E-05 9.9955E-05 0.00176508
9.9955E-05 9.9955E-05 9.9955E-05 0.0371096 0.0444391 0.01573 0.842612 9.9955E-05 9.9955E-05 0.0596097
0.014789 9.99281E-05 9.99281E-05 9.99281E-05 9.99281E-05 9.99281E-05 0.984412 9.99281E-05 9.99281E-05 9.99281E-05
9.99201E-05 9.99201E-05 9.99201E-05 9.99201E-05 9.99201E-05 9.99201E-05 0.999101 9.99201E-05 9.99201E-05 9.99201E-05
9.99201E-05 9.99201E-05 9.99201E-05 9.99201E-05 9.99201E-05 9.99201E-05 0.999101 9.99201E-05 9.99201E-05 9.99201E-05
9.99201E-05 9.99201E-05 9.99201E-05 9.99201E-05 9.99201E-05 9.99201E-05 0.999101 9.99201E-05 9.99201E-05 9.99201E-05
9.99371E-05 9.99371E-05 9.99371E-05 9.99371E-05 9.99371E-05 9.99371E-05 0.886946 0.0147659 0.0975886 9.99371E-05
9.99371E-05 9.99371E-05 0.0169838 9.99371E-05 0.0148497 9.99371E-05 0.967467 9.99371E-05 9.99371E-05 9.99371E-05
9.99201E-05 9.99201E-05 9.99201E-05 9.99201E-05 9.99201E-05 9.99201E-05 0.999101 9.99201E-05 9.99201E-05 9.99201E-05
0.0619771 0.00949031 0.0716394 9.998E-05 0.415296 9.998E-05 0.0780826 0.213714 0.0610763 0.0885247
9.995E-05 0.0376651 0.0204483 0.0154025 9.995E-05 9.995E-05 0.87799 9.995E-05 9.995E-05 0.0479939
9.9937E-05 9.9937E-05 0.0127668 9.9937E-05 0.00580596 9.9937E-05 0.980728 9.9937E-05 9.9937E-05 9.9937E-05
9.9964E-05 0.0322221 0.049803 9.9964E-05 9.9964E-05 0.00567381 0.901928 9.9964E-05 0.00663165 0.00334124
9.99201E-05 9.99201E-05 9.99201E-05 9.99201E-05 0.999101 9.99201E-05 9.99201E-05 9.99201E-05 9.99201E-05 9.99201E-05
9.99201E-05 9.99201E-05 9.99201E-05 9.99201E-05 0.999101 9.99201E-05 9.99201E-05 9.99201E-05 9.99201E-05 9.99201E-05
9.99201E-05 9.99201E-05 9.99201E-05 9.99201E-05 0.999101 9.99201E-05 9.99201E-05 9.99201E-05 9.99201E-05 9.99201E-05
9.99201E-05 9.99201E-05 9.99201E-05 9.99201E-05 0.999101 9.99201E-05 9.99201E-05 9.99201E-05 9.99201E-05 9.99201E-05
9.9946E-05 9.9946E-05 9.9946E-05 9.9946E-05 0.833927 9.9946E-05 0.00172022 0.114798 9.9946E-05 0.0489555
9.9946E-05 9.9946E-05 9.9946E-05 9.9946E-05 0.760082 9.9946E-05 9.9946E-05 0.0200413 0.0893437 0.129933
9.9964E-05 9.9964E-05 9.9964E-05 0.0469841 0.814271 0.00777205 0.0647161 0.0416129 9.9964E-05 0.0242435
9.9955E-05 9.9955E-05 9.9955E-05 0.0152722 0.847636 9.9955E-05 0.0167717 0.0776694 9.9955E-05 0.0421513
0.0386585 9.9955E-05 9.9955E-05 9.9955E-05 0.872304 9.9955E-05 0.0819083 0.00413688 9.9955E-05 0.00249221
9.9937E-05 9.9937E-05 9.9937E-05 9.9937E-05 0.911329 9.9937E-05 0.0407946 9.9937E-05 9.9937E-05 0.0471768
0.0379891 9.9973E-05 0.0332306 9.9973E-05 0.814543 9.9973E-05 0.0306712 0.02867 0.0340146 0.0205812
0.0369583 9.9955E-05 9.9955E-05 0.014732 0.80615 9.9955E-05 0.0393298 9.9955E-05 9.9955E-05 0.102331
0.043999 0.0258063 0.0649039 0.0102645 0.720733 0.0338594 9.9982E-05 0.0585774 9.9982E-05 0.0416569
0.0531576 0.00569063 0.0488398 9.9982E-05 0.692553 0.0167271 0.0711449 0.104387 9.9982E-05 0.00729986
0.0334579 0.0289591 9.9955E-05 9.9955E-05 0.02364 9.9955E-05 0.00509369 0.90835 9.9955E-05 9.9955E-05
9.9964E-05 9.9964E-05 0.0416946 0.00766134 9.9964E-05 0.00796278 9.9964E-05 0.862575 0.0351265 0.0445804
9.99201E-05 9.99201E-05 9.99201E-05 9.99201E-05 9.99201E-05 9.99201E-05 9.99201E-05 0.999101 9.99201E-05 9.99201E-05
9.9937E-05 9.9937E-05 0.0239186 9.9937E-05 9.9937E-05 9.9937E-05 9.9937E-05 0.970186 0.00519607 9.9937E-05
9.99201E-05 9.99201E-05 9.99201E-05 9.99201E-05 9.99201E-05 9.99201E-05 9.99201E-05 0.999101 9.99201E-05 9.99201E-05
9.99201E-05 9.99201E-05 9.99201E-05 9.99201E-05 0.0216447 9.99201E-05 9.99201E-05 0.977556 9.99201E-05 9.99201E-05
9.99371E-05 9.99371E-05 9.99371E-05 0.0181206 9.99371E-05 0.00149306 9.99371E-05 0.979687 9.99371E-05 9.99371E-05
9.99461E-05 0.0929617 9.99461E-05 9.99461E-05 9.99461E-05 0.0275352 9.99461E-05 0.818133 9.99461E-05 0.0607706
9.99281E-05 9.99281E-05 0.0139987 9.99281E-05 9.99281E-05 9.99281E-05 9.99281E-05 0.985202 9.99281E-05 9.99281E-05
9.99201E-05 9.99201E-05 9.99201E-05 9.99201E-05 9.99201E-05 9.99201E-05 9.99201E-05 0.999101 9.99201E-05 9.99201E-05
9.99371E-05 9.99371E-05 9.99371E-05 9.99371E-05 9.99371E-05 9.99371E-05 0.0433846 0.855954 9.99371E-05 0.0999619
9.99201E-05 9.99201E-05 9.99201E-05 9.99201E-05 9.99201E-05 9.99201E-05 9.99201E-05 0.999101 9.99201E-05 9.99201E-05
0.0696249 0.0784768 0.0446336 9.9973E-05 0.034098 9.9973E-05 0.0147205 0.694439 9.9973E-05 0.0637077
0.999101 9.99201E-05 9.99201E-05 9.99201E-05 9.99201E-05 9.99201E-05 9.99201E-05 9.99201E-05 9.99201E-05 9.99201E-05
0.100725 0.0396747 0.0155941 0.044575 0.636719 9.9973E-05 0.0775902 0.084822 9.9973E-05 9.9973E-05
0.999101 9.99201E-05 9.99201E-05 9.99201E-05 9.99201E-05 9.99201E-05 9.99201E-05 9.99201E-05 9.99201E-05 9.99201E-05
0.999101 9.99201E-05 9.99201E-05 9.99201E-05 9.99201E-05 9.99201E-05 9.99201E-05 9.99201E-05 9.99201E-05 9.99201E-05
0.940504 9.99461E-05 9.99461E-05 0.0150401 9.99461E-05 9.99461E-05 0.00844544 9.99461E-05 9.99461E-05 0.0354107
0.72487 0.0333812 0.0144285 0.0429517 0.11084 9.9982E-05 0.0109531 0.00493367 0.0574423 9.9982E-05
0.999101 9.99201E-05 9.99201E-05 9.99201E-05 9.99201E-05 9.99201E-05 9.99201E-05 9.99201E-05 9.99201E-05 9.99201E-05
0.842119 0.0266263 9.999E-05 0.0124412 0.0543855 0.00315763 0.00531837 0.0160893 0.0103911 0.0293722
0.970968 9.99371E-05 9.99371E-05 9.99371E-05 9.99371E-05 9.99371E-05 9.99371E-05 9.99371E-05 0.013152 0.0151803
0.970416 9.99371E-05 9.99371E-05 0.0176862 9.99371E-05 9.99371E-05 9.99371E-05 9.99371E-05 0.0111978 9.99371E-05
0.999101 9.99201E-05 9.99201E-05 9.99201E-05 9.99201E-05 9.99201E-05 9.99201E-05 9.99201E-05 9.99201E-05 9.99201E-05
0.992249 9.99281E-05 0.0069515 9.99281E-05 9.99281E-05 9.99281E-05 9.99281E-05 9.99281E-05 9.99281E-05 9.99281E-05
0.96546 9.9946E-05 9.9946E-05 9.9946E-05 9.9946E-05 9.9946E-05 0.00685784 0.0263693 0.000713448 9.9946E-05
0.824931 9.99551E-05 0.101458 0.00919942 9.99551E-05 9.99551E-05 0.0127595 0.0511522 9.99551E-05 9.99551E-05
0.956991 0.0206617 9.9955E-05 9.9955E-05 9.9955E-05 0.00381203 9.9955E-05 0.0153646 9.9955E-05 0.00267136
0.823599 0.0293706 0.0117193 9.9973E-05 0.068419 9.9973E-05 0.017166 0.00843743 9.9973E-05 0.040989
0.868827 0.0327793 0.0197717 9.9955E-05 0.0617136 9.9955E-05 9.9955E-05 9.9955E-05 9.9955E-05 0.0164086
0.879164 0.0411638 0.0608708 9.9964E-05 9.9964E-05 0.000233887 0.00156925 9.9964E-05 9.9964E-05 0.016598
0.917648 0.0133128 0.0267788 9.9982E-05 0.0272514 0.00174646 9.9982E-05 0.00243638 0.00518922 0.0054371
0.00569393 0.221179 0.228848 9.9982E-05 0.321158 0.0335491 0.0302402 0.00469769 9.9982E-05 0.154434
0.0306473 0.171026 0.276982 9.999E-05 0.272435 0.0307452 0.0342947 0.030794 0.0456138 0.107363
0.0318095 0.210122 0.219202 9.9982E-05 0.32133 0.0379656 0.0612065 0.000877966 9.9982E-05 0.117286
0.0316799 0.263031 0.258 0.017061 0.206346 0.0509399 0.0312687 9.9982E-05 9.9982E-05 0.141474
9.9937E-05 0.0225263 9.9937E-05 9.9937E-05 9.9937E-05 9.9937E-05 9.9937E-05 0.0268776 9.9937E-05 0.949897
9.99201E-05 9.99201E-05 9.99201E-05 9.99201E-05 9.99201E-05 9.99201E-05 9.99201E-05 9.99201E-05 9.99201E-05 0.999101
0.00468558 9.9964E-05 0.0128642 9.9964E-05 0.0126477 9.9964E-05 0.0284506 0.0118654 9.9964E-05 0.929087
9.99201E-05 9.99201E-05 9.99201E-05 9.99201E-05 9.99201E-05 9.99201E-05 9.99201E-05 9.99201E-05 9.99201E-05 0.999101
0.00497753 9.9946E-05 0.00287519 9.9946E-05 9.9946E-05 9.9946E-05 0.00797896 9.9946E-05 9.9946E-05 0.983569
9.9946E-05 9.9946E-05 0.00900162 9.9946E-05 0.00290459 9.9946E-05 0.0158235 9.9946E-05 9.9946E-05 0.971671
9.9937E-05 9.9937E-05 9.9937E-05 9.9937E-05 9.9937E-05 9.9937E-05 0.0270753 0.00023622 9.9937E-05 0.971989
0.0110656 0.0437487 0.0434521 9.9982E-05 0.0904646 0.0168392 9.9982E-05 0.00717153 0.0360464 0.751012
0.0395565 0.066173 0.0208855 0.00988263 0.00377744 9.998E-05 9.998E-05 0.0124817 0.0437348 0.803308
9.99281E-05 9.99281E-05 0.994763 9.99281E-05 0.00443709 9.99281E-05 9.99281E-05 9.99281E-05 9.99281E-05 9.99281E-05
0.0010891 9.99281E-05 0.998111 9.99281E-05 9.99281E-05 9.99281E-05 9.99281E-05 9.99281E-05 9.99281E-05 9.99281E-05
9.99201E-05 9.99201E-05 0.999101 9.99201E-05 9.99201E-05 9.99201E-05 9.99201E-05 9.99201E-05 9.99201E-05 9.99201E-05
9.99219E-05 9.99219E-05 0.999101 9.99219E-05 9.99219E-05 9.99219E-05 9.99219E-05 9.99219E-05 9.99219E-05 9.99219E-05
9.99371E-05 9.99371E-05 0.972659 9.99371E-05 9.99371E-05 9.99371E-05 0.00522051 9.99371E-05 9.99371E-05 0.0214209
0.00542373 0.0647919 0.836438 0.00715266 0.0236451 0.0114075 9.998E-05 9.998E-05 0.023139 0.027802
9.99201E-05 9.99201E-05 0.999101 9.99201E-05 9.99201E-05 9.99201E-05 9.99201E-05 9.99201E-05 9.99201E-05 9.99201E-05
9.99201E-05 9.99201E-05 0.999101 9.99201E-05 9.99201E-05 9.99201E-05 9.99201E-05 9.99201E-05 9.99201E-05 9.99201E-05
0.000582099 9.9964E-05 0.978619 0.0113107 0.00168624 9.9964E-05 0.000766889 0.00663481 9.9964E-05 9.9964E-05
0.0122748 9.9964E-05 0.921863 0.00131786 0.0113753 9.9964E-05 0.00460216 0.0481667 9.9964E-05 9.9964E-05
9.99281E-05 9.99281E-05 0.990764 9.99281E-05 9.99281E-05 0.00843649 9.99281E-05 9.99281E-05 9.99281E-05 9.99281E-05
9.9955E-05 0.0127079 0.958911 9.9955E-05 9.9955E-05 9.9955E-05 0.00506145 9.9955E-05 0.0162843 0.006535
