9.99201E-05 0.999101 9.99201E-05 9.99201E-05 9.99201E-05 9.99201E-05 9.99201E-05 9.99201E-05 9.99201E-05 9.99201E-05
9.9946E-05 0.228753 9.9946E-05 0.0622421 9.9946E-05 0.645034 9.9946E-05 9.9946E-05 9.9946E-05 0.0633714
9.9946E-05 0.199939 9.9946E-05 0.0810533 9.9946E-05 0.674569 9.9946E-05 9.9946E-05 9.9946E-05 0.0438391
9.99461E-05 0.185378 9.99461E-05 9.99461E-05 9.99461E-05 0.68938 0.003705 0.120937 9.99461E-05 9.99461E-05
9.9973E-05 0.0980068 0.0235172 9.9973E-05 0.0163441 0.687514 0.0143554 0.117114 0.0428482 9.9973E-05
0.0590443 0.136295 9.9955E-05 0.0341503 9.9955E-05 0.640362 9.9955E-05 0.129648 9.9955E-05 9.9955E-05
0.00110497 0.247454 9.9946E-05 9.9946E-05 9.9946E-05 0.738503 9.9946E-05 0.0123386 9.9946E-05 9.9946E-05
9.9964E-05 0.23566 9.9964E-05 0.119219 9.9964E-05 0.545439 0.0058558 0.0638552 9.9964E-05 0.029572
0.0739391 0.149342 9.9964E-05 0.0679792 9.9964E-05 0.697406 9.9964E-05 0.00348966 0.00744439 9.9964E-05
9.99201E-05 0.999101 9.99201E-05 9.99201E-05 9.99201E-05 9.99201E-05 9.99201E-05 9.99201E-05 9.99201E-05 9.99201E-05
9.99201E-05 0.999101 9.99201E-05 9.99201E-05 9.99201E-05 9.99201E-05 9.99201E-05 9.99201E-05 9.99201E-05 9.99201E-05
9.99201E-05 0.999101 9.99201E-05 9.99201E-05 9.99201E-05 9.99201E-05 9.99201E-05 9.99201E-05 9.99201E-05 9.99201E-05
9.9928E-05 0.99772 9.9928E-05 9.9928E-05 9.9928E-05 9.9928E-05 9.9928E-05 9.9928E-05 9.9928E-05 0.00148027
9.9955E-05 0.915939 0.0684594 0.00737004 9.9955E-05 9.9955E-05 9.9955E-05 0.00436402 0.00336763 9.9955E-05
9.9928E-05 0.926857 9.9928E-05 9.9928E-05 9.9928E-05 9.9928E-05 9.9928E-05 0.0723438 9.9928E-05 9.9928E-05
0.0218066 0.171451 9.9973E-05 0.0243855 0.048079 0.471366 9.9973E-05 0.251169 0.0114433 9.9973E-05
9.9991E-05 0.178991 0.0754244 0.0913922 0.0531264 0.328765 0.0657901 0.151136 0.0284458 0.0268288
0.0194925 0.16287 9.9973E-05 0.0114315 9.9973E-05 0.707039 0.0192976 0.0737415 9.9973E-05 0.00582846
9.9955E-05 9.9955E-05 0.0679563 9.9955E-05 9.9955E-05 0.864678 0.0186551 0.0113057 0.0369051 9.9955E-05
9.9946E-05 9.9946E-05 0.0120148 9.9946E-05 0.026117 0.795426 0.165843 9.9946E-05 9.9946E-05 9.9946E-05
9.9946E-05 0.0165941 9.9946E-05 9.9946E-05 9.9946E-05 0.84321 0.0983728 9.9946E-05 0.0412239 9.9946E-05
9.9955E-05 9.9955E-05 0.0809462 0.058295 0.0378118 0.785308 9.9955E-05 0.0371392 9.9955E-05 9.9955E-05
9.9955E-05 9.9955E-05 0.081258 0.0219405 9.9955E-05 0.790653 0.0891618 9.9955E-05 0.0164868 9.9955E-05
9.9964E-05 0.00407166 0.0371126 0.00981728 0.0450352 0.872408 9.9964E-05 9.9964E-05 9.9964E-05 0.031155
0.00614875 9.9982E-05 0.0132233 9.9982E-05 0.0252385 0.815323 0.0232334 0.0921424 0.0169215 0.0075692
0.0954112 9.9982E-05 0.0105288 0.0454661 0.0751066 0.610236 0.0142811 0.101918 0.0468522 9.9982E-05
0.0043831 9.9973E-05 0.0296492 0.08555 9.9973E-05 0.669229 0.0881878 0.0229257 0.0997757 9.9973E-05
9.9946E-05 9.9946E-05 9.9946E-05 0.0375757 0.0215664 0.905095 9.9946E-05 0.0351631 9.9946E-05 9.9946E-05
0.0206527 0.0273456 9.9982E-05 0.00550525 0.0709967 0.731506 0.0847887 0.00309904 0.0559061 9.9982E-05
0.100528 0.0305382 9.9937E-05 9.9937E-05 9.9937E-05 0.868234 9.9937E-05 9.9937E-05 9.9937E-05 9.9937E-05
9.9955E-05 0.0355687 0.0396162 9.9955E-05 9.9955E-05 0.834971 0.0857305 9.9955E-05 9.9955E-05 0.00361341
9.9973E-05 9.9973E-05 9.9973E-05 0.00521391 0.0513352 0.724099 0.102283 0.0476447 0.056561 0.0125626
0.0772284 9.9973E-05 0.00640676 0.0368466 0.010773 0.713189 0.102111 9.9973E-05 0.053145 9.9973E-05
0.0881521 0.0249713 9.9982E-05 0.0958154 0.12154 0.546584 0.075434 0.0350487 0.0122544 9.9982E-05
9.9946E-05 9.9946E-05 0.120506 9.9946E-05 0.0416896 0.816264 0.0209406 9.9946E-05 9.9946E-05 9.9946E-05
0.115788 0.0191863 9.9937E-05 9.9937E-05 9.9937E-05 0.864326 9.9937E-05 9.9937E-05 9.9937E-05 9.9937E-05
0.0688537 9.9973E-05 0.0154229 0.0163249 9.9973E-05 0.438941 0.10065 0.344204 0.0153035 9.9973E-05
0.0910685 0.00416766 0.045856 0.0140254 0.00570598 0.535597 0.163391 0.0852813 0.0548074 9.9991E-05
0.0494664 0.0241576 9.9982E-05 0.047678 9.9982E-05 0.508696 0.147573 0.071949 0.103228 0.0470516
0.0417459 0.00106323 0.0185248 0.0193444 9.9982E-05 0.474895 0.289513 0.0967768 0.0579372 9.9982E-05
9.9955E-05 9.9955E-05 9.9955E-05 0.0394246 0.125361 0.0394522 9.9955E-05 0.733891 9.9955E-05 0.0613714
0.0629447 0.0331127 0.0262407 0.0232592 0.0652277 0.0559834 9.9991E-05 0.604308 0.115338 0.0134855
0.0461199 0.0312466 9.9973E-05 0.0524327 0.0673291 0.183688 9.9973E-05 0.564249 9.9973E-05 0.0546355
0.105935 9.9973E-05 9.9973E-05 0.000706851 0.0702 0.0486587 9.9973E-05 0.733196 0.0296352 0.0113684
0.119803 9.9973E-05 9.9973E-05 0.077002 0.0634843 0.235773 0.0494431 0.383704 0.07049 9.9973E-05
9.99201E-05 9.99201E-05 9.99201E-05 9.99201E-05 9.99201E-05 9.99201E-05 9.99201E-05 0.999101 9.99201E-05 9.99201E-05
9.99201E-05 9.99201E-05 9.99201E-05 9.99201E-05 9.99201E-05 9.99201E-05 9.99201E-05 0.999101 9.99201E-05 9.99201E-05
0.00772989 9.9982E-05 0.039764 0.0252189 0.0802235 0.385632 0.00516936 0.413151 0.0429116 9.9982E-05
0.0259401 0.0576323 9.9982E-05 0.061627 0.0676536 0.143939 0.0937088 0.467622 0.081677 9.9982E-05
0.0577868 0.0854476 9.9982E-05 0.00799976 0.0642764 0.42356 9.9982E-05 0.30342 0.0235964 0.0337129
0.00304064 0.0277028 9.9982E-05 0.0533058 9.9982E-05 0.228354 0.183809 0.425052 0.0578292 0.0207067
0.109931 9.9964E-05 0.0424553 0.0293521 0.0300479 0.190445 9.9964E-05 0.597369 9.9964E-05 9.9964E-05
9.9937E-05 9.9937E-05 9.9937E-05 0.014867 9.9937E-05 9.9937E-05 9.9937E-05 0.955525 0.0289089 9.9937E-05
0.196887 0.0492913 0.0827259 9.9982E-05 0.0356066 0.202622 0.107702 0.274482 0.0504829 9.9982E-05
0.154808 0.0535914 0.0221435 9.9991E-05 0.0313368 0.208236 0.21293 0.276176 0.0205507 0.0201276
0.0617382 9.9964E-05 9.9964E-05 0.0799874 0.0843961 0.157661 0.0582977 0.55752 9.9964E-05 9.9964E-05
9.9973E-05 0.0597177 9.9973E-05 0.0675704 0.0261912 0.172361 0.171135 0.371768 0.130956 9.9973E-05
0.036238 9.9991E-05 0.00289303 0.018243 0.0515133 0.225183 0.0860229 0.493096 0.0508005 0.0359103
9.99201E-05 9.99201E-05 9.99201E-05 9.99201E-05 9.99201E-05 9.99201E-05 9.99201E-05 0.999101 9.99201E-05 9.99201E-05
0.0358287 0.0250875 9.9982E-05 0.00611653 9.9982E-05 0.243306 0.0979661 0.459107 0.116286 0.016102
9.9964E-05 9.9964E-05 0.0107263 9.9964E-05 0.0830378 0.182961 0.0218472 0.556338 0.144689 9.9964E-05
9.9964E-05 9.9964E-05 9.9964E-05 9.9964E-05 0.0544278 0.03656 0.101361 0.742241 0.0040006 0.0610099
0.168155 9.9982E-05 0.00206195 0.051647 0.0440277 0.165418 9.9982E-05 0.484776 0.0383808 0.045333
0.0114758 9.9964E-05 0.120023 0.0298633 0.0173921 9.9964E-05 9.9964E-05 0.801278 9.9964E-05 0.0195675
9.9964E-05 0.0268585 9.9964E-05 9.9964E-05 0.0790368 0.119577 0.0905473 0.64669 0.0368905 9.9964E-05
9.9955E-05 9.9955E-05 0.0639281 0.0286433 0.0119099 9.9955E-05 9.9955E-05 0.882231 9.9955E-05 0.0127879
0.111291 9.9946E-05 9.9946E-05 9.9946E-05 9.9946E-05 9.9946E-05 0.142821 0.673172 9.9946E-05 0.0721166
9.9946E-05 9.9946E-05 0.135686 9.9946E-05 0.0570126 9.9946E-05 9.9946E-05 0.745796 9.9946E-05 0.0609055
0.0678784 9.9991E-05 0.0181779 0.0081933 0.0143445 0.238816 0.0295273 0.52321 0.0884782 0.0112744
0.0049382 9.9955E-05 0.050068 0.00307231 0.0155628 9.9955E-05 9.9955E-05 0.925859 9.9955E-05 9.9955E-05
0.0261996 0.0499413 9.9982E-05 0.0443836 0.017973 0.0825358 0.0117003 0.66776 9.9982E-05 0.0993069
0.138382 9.9991E-05 0.0473388 0.040313 0.0144676 0.0498344 0.114443 0.485448 0.0892845 0.0203885
9.9955E-05 0.0879669 9.9955E-05 0.0151477 9.9955E-05 9.9955E-05 0.0823731 0.75458 0.0594324 9.9955E-05
0.0423058 0.0182122 9.9973E-05 0.00886787 9.9973E-05 0.0156883 0.0984664 0.76017 0.0559896 9.9973E-05
0.128251 0.0656308 0.0424602 0.0303796 0.0996893 9.9973E-05 0.148093 0.485197 9.9973E-05 9.9973E-05
0.0920019 9.9964E-05 0.0228787 9.9964E-05 9.9964E-05 0.012133 0.149668 0.616315 0.106604 9.9964E-05
0.00452218 9.9982E-05 0.0199761 0.0488651 9.9982E-05 0.0163966 0.0584345 0.759734 0.00642614 0.0854452
0.0859176 0.025192 0.123826 9.9973E-05 0.0172225 9.9973E-05 0.11606 0.550899 9.9973E-05 0.080583
0.992249 9.9937E-05 9.9937E-05 0.00062793 0.00642329 9.9937E-05 9.9937E-05 9.9937E-05 9.9937E-05 9.9937E-05
0.999101 9.99201E-05 9.99201E-05 9.99201E-05 9.99201E-05 9.99201E-05 9.99201E-05 9.99201E-05 9.99201E-05 9.99201E-05
0.995588 0.00361252 9.9928E-05 9.9928E-05 9.9928E-05 9.9928E-05 9.9928E-05 9.9928E-05 9.9928E-05 9.9928E-05
0.999101 9.99201E-05 9.99201E-05 9.99201E-05 9.99201E-05 9.99201E-05 9.99201E-05 9.99201E-05 9.99201E-05 9.99201E-05
0.999101 9.99201E-05 9.99201E-05 9.99201E-05 9.99201E-05 9.99201E-05 9.99201E-05 9.99201E-05 9.99201E-05 9.99201E-05
0.305918 0.0173919 9.9982E-05 9.9982E-05 0.105949 0.23689 0.176147 0.0187934 0.0469664 0.0917449
0.197207 0.0224969 0.00204665 0.0496762 0.0951644 0.0065476 0.224838 0.255638 0.035257 0.111128
0.207509 9.9982E-05 9.9982E-05 0.134562 0.00427538 0.0190234 0.22075 0.236289 0.0597088 0.117683
0.238765 0.0295735 0.0169349 0.0730439 0.0681977 0.180357 0.187943 0.126464 0.0438378 0.0348835
0.272331 0.0325146 9.9982E-05 9.9982E-05 0.110805 0.15538 0.184576 0.103996 0.0549248 0.085272
0.161957 9.9982E-05 0.0359501 0.0684564 0.127136 9.9982E-05 0.193552 0.22089 0.0779282 0.113931
0.194187 0.0163838 9.9991E-05 0.112206 0.131891 0.0551958 0.113925 0.172022 0.113499 0.090591
9.9982E-05 0.0101423 0.182051 0.0656441 0.0264948 0.0273801 0.230365 0.375928 9.9982E-05 0.0817942
9.9982E-05 0.0113962 0.164429 0.0340387 0.085917 0.0341479 0.210914 0.376165 9.9982E-05 0.0827921
0.0162848 0.0266429 9.9991E-05 0.0944343 0.0357803 0.00467071 0.293383 0.205467 0.168402 0.154835
9.99281E-05 9.99281E-05 9.99281E-05 9.99281E-05 9.99281E-05 9.99281E-05 0.0197115 9.99281E-05 9.99281E-05 0.979489
9.99371E-05 0.0286192 9.99371E-05 0.0195968 9.99371E-05 9.99371E-05 9.99371E-05 9.99371E-05 9.99371E-05 0.951084
9.9973E-05 0.0169593 0.0621088 0.00394429 0.0173997 0.0440893 0.0148782 9.9973E-05 9.9973E-05 0.84032
0.00447168 9.99281E-05 9.99281E-05 9.99281E-05 9.99281E-05 9.99281E-05 9.99281E-05 9.99281E-05 9.99281E-05 0.994729
9.99201E-05 9.99201E-05 9.99201E-05 9.99201E-05 9.99201E-05 9.99201E-05 9.99201E-05 9.99201E-05 9.99201E-05 0.999101
9.99201E-05 9.99201E-05 9.99201E-05 9.99201E-05 9.99201E-05 9.99201E-05 9.99201E-05 9.99201E-05 9.99201E-05 0.999101
0.0087385 9.9955E-05 0.0237671 9.9955E-05 9.9955E-05 0.0201869 0.0023824 9.9955E-05 9.9955E-05 0.944425
0.039137 9.9964E-05 0.0212268 0.00192528 9.9964E-05 0.091653 9.9964E-05 0.0408513 9.9964E-05 0.804807
0.000610718 9.9946E-05 9.9946E-05 9.9946E-05 0.00925925 9.9946E-05 9.9946E-05 9.9946E-05 0.000176803 0.989354
9.99281E-05 9.99281E-05 0.000584784 9.99281E-05 9.99281E-05 9.99281E-05 9.99281E-05 9.99281E-05 9.99281E-05 0.998616
0.0938629 9.9982E-05 0.0678495 0.064861 0.236755 0.107326 0.277003 9.9982E-05 0.0790205 0.0731222
9.9946E-05 9.9946E-05 0.00524334 9.9946E-05 9.9946E-05 9.9946E-05 9.9946E-05 0.0432664 0.0654396 0.885451
0.0129011 9.99281E-05 9.99281E-05 9.99281E-05 9.99281E-05 9.99281E-05 9.99281E-05 9.99281E-05 9.99281E-05 0.9863
9.9946E-05 9.9946E-05 9.9946E-05 9.9946E-05 0.0121875 9.9946E-05 0.0125844 0.0199639 9.9946E-05 0.954665
9.99201E-05 9.99201E-05 9.99201E-05 9.99201E-05 9.99201E-05 9.99201E-05 0.999101 9.99201E-05 9.99201E-05 9.99201E-05
9.99201E-05 9.99201E-05 9.99201E-05 9.99201E-05 9.99201E-05 9.99201E-05 0.999101 9.99201E-05 9.99201E-05 9.99201E-05
9.99201E-05 9.99201E-05 9.99201E-05 9.99201E-05 9.99201E-05 9.99201E-05 0.999101 9.99201E-05 9.99201E-05 9.99201E-05
9.99201E-05 9.99201E-05 9.99201E-05 9.99201E-05 9.99201E-05 9.99201E-05 0.999101 9.99201E-05 9.99201E-05 9.99201E-05
0.0950087 9.9982E-05 0.0295269 0.0672737 0.126598 9.9982E-05 0.622624 0.0290422 0.0173235 0.0124034
0.105169 9.9964E-05 0.116162 9.9964E-05 0.0596486 0.118913 0.59548 9.9964E-05 0.00422681 9.9964E-05
0.0206533 0.00657385 0.0706881 0.00912822 0.0362971 0.0592381 0.729806 0.0282559 9.9991E-05 0.0392598
0.0550738 9.9964E-05 0.0475588 9.9964E-05 0.0496508 9.9964E-05 0.790979 0.0322915 9.9964E-05 0.024046
0.10336 9.9955E-05 0.0725813 0.0648671 9.9955E-05 9.9955E-05 0.650219 9.9955E-05 9.9955E-05 0.108472
0.106064 9.9964E-05 0.0787563 0.0333536 0.0145935 9.9964E-05 0.717474 9.9964E-05 9.9964E-05 0.0493581
0.192855 9.9991E-05 0.0348705 0.0607565 0.0622051 0.105325 0.435932 0.010456 0.0454843 0.0520157
0.090333 9.9964E-05 0.112032 0.0390088 9.9964E-05 0.0029045 0.681289 9.9964E-05 9.9964E-05 0.0740327
0.155747 0.0187856 0.0553231 0.0587482 0.103528 9.9982E-05 0.49446 0.0589701 0.0542381 9.9982E-05
0.0638557 0.0168162 0.00744494 0.0502624 0.142962 0.0213259 0.473976 0.098616 0.0605389 0.0642018
0.0284717 9.9955E-05 0.00563662 0.0300289 0.925563 9.9955E-05 9.9955E-05 9.9955E-05 9.9955E-05 0.00980009
9.9955E-05 9.9955E-05 0.00370051 9.9955E-05 0.890081 0.0287763 9.9955E-05 9.9955E-05 0.0410511 0.0358911
9.99201E-05 9.99201E-05 9.99201E-05 9.99201E-05 0.999101 9.99201E-05 9.99201E-05 9.99201E-05 9.99201E-05 9.99201E-05
9.99201E-05 9.99201E-05 9.99201E-05 9.99201E-05 0.999101 9.99201E-05 9.99201E-05 9.99201E-05 9.99201E-05 9.99201E-05
9.99201E-05 9.99201E-05 9.99201E-05 9.99201E-05 0.999101 9.99201E-05 9.99201E-05 9.99201E-05 9.99201E-05 9.99201E-05
9.99201E-05 9.99201E-05 9.99201E-05 9.99201E-05 0.999101 9.99201E-05 9.99201E-05 9.99201E-05 9.99201E-05 9.99201E-05
9.99281E-05 9.99281E-05 0.00439782 9.99281E-05 0.994803 9.99281E-05 9.99281E-05 9.99281E-05 9.99281E-05 9.99281E-05
0.0463256 0.0288657 0.0804749 9.9964E-05 0.728405 9.9964E-05 0.0248011 0.0907276 9.9964E-05 9.9964E-05
9.99201E-05 9.99201E-05 9.99201E-05 9.99201E-05 0.999101 9.99201E-05 9.99201E-05 9.99201E-05 9.99201E-05 9.99201E-05
9.99201E-05 9.99201E-05 9.99201E-05 9.99201E-05 0.999101 9.99201E-05 9.99201E-05 9.99201E-05 9.99201E-05 9.99201E-05
9.9955E-05 0.0177252 0.0615577 9.9955E-05 0.892571 0.00357455 9.9955E-05 9.9955E-05 9.9955E-05 0.024072
9.9937E-05 9.9937E-05 9.9937E-05 9.9937E-05 0.987885 9.9937E-05 9.9937E-05 9.9937E-05 0.00639209 0.00502355
0.0605403 9.9973E-05 0.0539771 0.127692 0.685992 9.9973E-05 0.0446659 0.010938 0.0158946 9.9973E-05
9.99201E-05 9.99201E-05 9.99201E-05 0.999101 9.99201E-05 9.99201E-05 9.99201E-05 9.99201E-05 9.99201E-05 9.99201E-05
0.140747 9.9982E-05 0.0570927 0.060006 0.119193 9.9982E-05 0.313375 0.159274 0.0409858 0.109126
9.99201E-05 9.99201E-05 9.99201E-05 0.999101 9.99201E-05 9.99201E-05 9.99201E-05 9.99201E-05 9.99201E-05 9.99201E-05
9.99201E-05 9.99201E-05 9.99201E-05 0.999101 9.99201E-05 9.99201E-05 9.99201E-05 9.99201E-05 9.99201E-05 9.99201E-05
9.99371E-05 9.99371E-05 0.0394552 0.945716 9.99371E-05 9.99371E-05 9.99371E-05 9.99371E-05 9.99371E-05 0.0141288
0.0471949 0.000569068 9.9982E-05 0.755981 0.055529 0.0428022 9.9982E-05 0.0450167 0.039345 0.0133623
9.99201E-05 9.99201E-05 9.99201E-05 0.999101 9.99201E-05 9.99201E-05 9.99201E-05 9.99201E-05 9.99201E-05 9.99201E-05
0.0836106 0.0188945 0.106123 0.790772 9.9946E-05 9.9946E-05 9.9946E-05 9.9946E-05 9.9946E-05 9.9946E-05
9.99371E-05 9.99371E-05 9.99371E-05 0.966705 9.99371E-05 0.017335 9.99371E-05 9.99371E-05 9.99371E-05 0.0152602
9.9946E-05 9.9946E-05 9.9946E-05 0.92119 0.0234916 0.0427978 9.9946E-05 9.9946E-05 0.0119209 9.9946E-05
9.99201E-05 9.99201E-05 9.99201E-05 0.999101 9.99201E-05 9.99201E-05 9.99201E-05 9.99201E-05 9.99201E-05 9.99201E-05
0.000912219 9.9964E-05 9.9964E-05 0.944683 9.9964E-05 0.0307211 0.0115684 0.000990254 0.0107252 9.9964E-05
9.99281E-05 9.99281E-05 9.99281E-05 0.994556 0.00464505 9.99281E-05 9.99281E-05 9.99281E-05 9.99281E-05 9.99281E-05
9.9955E-05 9.9955E-05 9.9955E-05 0.809111 0.0431314 9.9955E-05 0.0664638 9.9955E-05 0.0495073 0.0312868
9.9955E-05 0.00221444 9.9955E-05 0.946578 0.00696323 9.9955E-05 0.0399443 9.9955E-05 9.9955E-05 0.00380056
0.0560954 9.9955E-05 9.9955E-05 0.869855 0.0204777 9.9955E-05 9.9955E-05 0.0257536 9.9955E-05 0.0273183
0.0152475 9.9973E-05 0.0194097 0.879649 0.0156317 9.9973E-05 0.000387736 0.0428933 0.0264816 9.9973E-05
0.0238546 0.0183554 9.9964E-05 0.85727 9.9964E-05 0.0239896 9.9964E-05 0.0619909 0.0141396 9.9964E-05
0.00138918 9.9964E-05 0.0111886 0.89316 0.0130206 9.9964E-05 0.0612993 0.0195424 9.9964E-05 9.9964E-05
0.158814 0.0595526 0.118332 0.0562091 0.0835327 9.9991E-05 0.0544683 0.139243 0.263933 0.0658154
0.194163 0.0318592 0.116049 0.0563863 0.0640998 9.9991E-05 0.0966087 0.152686 0.22228 0.0657674
0.0825568 0.0357477 0.141933 0.0600602 0.0457025 0.00773008 0.0882661 0.169079 0.278358 0.0905663
0.217325 0.0393855 0.0891263 0.0718429 0.0220152 9.9991E-05 0.0268866 0.210192 0.249835 0.0732908
0.0125053 9.9946E-05 0.924224 9.9946E-05 0.0336321 0.0290389 9.9946E-05 9.9946E-05 9.9946E-05 9.9946E-05
9.99201E-05 9.99201E-05 0.999101 9.99201E-05 9.99201E-05 9.99201E-05 9.99201E-05 9.99201E-05 9.99201E-05 9.99201E-05
9.9964E-05 9.9964E-05 0.934446 0.00383692 0.010132 9.9964E-05 0.00775126 9.9964E-05 0.00993797 0.0334958
9.99201E-05 9.99201E-05 0.999101 9.99201E-05 9.99201E-05 9.99201E-05 9.99201E-05 9.99201E-05 9.99201E-05 9.99201E-05
0.00558553 9.9946E-05 0.953001 9.9946E-05 9.9946E-05 9.9946E-05 9.9946E-05 9.9946E-05 0.0265381 0.0142752
0.0133886 9.9946E-05 0.938809 9.9946E-05 9.9946E-05 9.9946E-05 0.0281204 9.9946E-05 0.0190821 9.9946E-05
0.00700469 9.9964E-05 0.946983 0.00382614 9.9964E-05 9.9964E-05 0.00472766 9.9964E-05 0.0192423 0.0178163
9.9973E-05 0.0256111 0.749056 0.0430745 0.00455697 0.142175 0.020787 9.9973E-05 0.0144395 9.9973E-05
0.0163554 9.9973E-05 0.813942 9.9973E-05 9.9973E-05 0.0590071 0.0430307 0.0381757 0.0179309 0.0112582
9.9937E-05 0.00110822 9.9937E-05 9.9937E-05 9.9937E-05 9.9937E-05 0.0112948 9.9937E-05 0.986897 9.9937E-05
9.99281E-05 9.99281E-05 0.00322181 9.99281E-05 9.99281E-05 9.99281E-05 9.99281E-05 9.99281E-05 0.995979 9.99281E-05
9.99201E-05 9.99201E-05 9.99201E-05 9.99201E-05 9.99201E-05 9.99201E-05 9.99201E-05 9.99201E-05 0.999101 9.99201E-05
9.99201E-05 9.99201E-05 9.99201E-05 9.99201E-05 9.99201E-05 9.99201E-05 9.99201E-05 9.99201E-05 0.999101 9.99201E-05
9.99281E-05 9.99281E-05 9.99281E-05 9.99281E-05 9.99281E-05 9.99281E-05 9.99281E-05 9.99281E-05 0.998407 0.000793348
0.0263154 0.0201718 0.0632262 9.9964E-05 9.9964E-05 9.9964E-05 0.0185797 0.00410827 0.867199 9.9964E-05
9.99201E-05 9.99201E-05 9.99201E-05 9.99201E-05 9.99201E-05 9.99201E-05 9.99201E-05 9.99201E-05 0.999101 9.99201E-05
9.99201E-05 9.99201E-05 9.99201E-05 9.99201E-05 9.99201E-05 9.99201E-05 9.99201E-05 9.99201E-05 0.999101 9.99201E-05
9.9946E-05 0.0213832 0.000888115 0.0377346 9.9946E-05 9.9946E-05 9.9946E-05 9.9946E-05 0.939394 9.9946E-05
9.9946E-05 9.9946E-05 9.9946E-05 0.0203342 0.0137691 9.9946E-05 9.9946E-05 0.00733624 0.957961 9.9946E-05
9.99281E-05 9.99281E-05 9.99281E-05 9.99281E-05 9.99281E-05 9.99281E-05 9.99281E-05 9.99281E-05 0.995657 0.00354325
9.99281E-05 9.99281E-05 9.99281E-05 9.99281E-05 9.99281E-05 9.99281E-05 9.99281E-05 9.99281E-05 0.996149 0.00305194
