9.99201E-05 9.99201E-05 9.99201E-05 9.99201E-05 9.99201E-05 9.99201E-05 9.99201E-05 9.99201E-05 0.999101 9.99201E-05
0.0728569 0.0146466 0.0733225 0.761766 9.9955E-05 9.9955E-05 9.9955E-05 9.9955E-05 0.0769078 9.9955E-05
9.9946E-05 9.9946E-05 0.0893479 0.792124 9.9946E-05 9.9946E-05 0.0246592 9.9946E-05 0.0932697 9.9946E-05
9.99201E-05 9.99201E-05 9.99201E-05 0.999101 9.99201E-05 9.99201E-05 9.99201E-05 9.99201E-05 9.99201E-05 9.99201E-05
9.9964E-05 0.0687578 9.9964E-05 0.605469 9.9964E-05 0.053489 0.249219 0.0160505 0.00661518 9.9964E-05
9.9964E-05 0.0280224 9.9964E-05 0.680521 0.0496896 9.9964E-05 0.1162 9.9964E-05 0.0401813 0.0849859
9.9937E-05 9.9937E-05 9.9937E-05 0.537529 9.9937E-05 9.9937E-05 0.293407 9.9937E-05 0.168364 9.9937E-05
0.0126218 9.9982E-05 0.0759272 0.523622 0.0700135 0.00103475 0.131064 0.00789238 0.177625 9.9982E-05
9.9964E-05 0.0553676 0.0478399 0.558522 0.0390854 9.9964E-05 0.232505 9.9964E-05 0.0662805 9.9964E-05
9.99201E-05 9.99201E-05 9.99201E-05 9.99201E-05 9.99201E-05 9.99201E-05 9.99201E-05 9.99201E-05 0.999101 9.99201E-05
0.00223406 9.99371E-05 9.99371E-05 9.99371E-05 9.99371E-05 0.00147019 9.99371E-05 9.99371E-05 0.995596 9.99371E-05
9.99201E-05 9.99201E-05 9.99201E-05 9.99201E-05 9.99201E-05 9.99201E-05 9.99201E-05 9.99201E-05 0.999101 9.99201E-05
0.00322519 9.99281E-05 9.99281E-05 9.99281E-05 9.99281E-05 9.99281E-05 9.99281E-05 9.99281E-05 0.995975 9.99281E-05
9.9955E-05 0.00342133 9.9955E-05 9.9955E-05 0.00341038 0.0503147 0.0260052 9.9955E-05 0.916349 9.9955E-05
9.9946E-05 9.9946E-05 0.00838731 0.0189325 0.030638 9.9946E-05 9.9946E-05 9.9946E-05 0.941443 9.9946E-05
9.997E-05 0.0461931 9.997E-05 0.569161 0.202418 9.997E-05 0.0299041 0.0192122 0.0548371 0.0779751
0.0232437 0.0454985 0.0818686 0.432005 0.0948195 0.0307374 0.0748035 0.0845461 0.0979793 0.0344988
9.99201E-05 9.99201E-05 9.99201E-05 0.999101 9.99201E-05 9.99201E-05 9.99201E-05 9.99201E-05 9.99201E-05 9.99201E-05
9.9955E-05 0.0203987 9.9955E-05 0.0683758 0.030585 0.0162979 0.863843 9.9955E-05 9.9955E-05 9.9955E-05
9.99371E-05 9.99371E-05 9.99371E-05 9.99371E-05 9.99371E-05 0.0195392 0.962129 9.99371E-05 9.99371E-05 0.0176319
0.0298689 0.0158058 9.9955E-05 0.105518 9.9955E-05 9.9955E-05 0.812183 9.9955E-05 0.036124 9.9955E-05
9.9964E-05 9.9964E-05 0.0605934 0.0652145 9.9964E-05 0.0858311 0.727549 0.0392409 9.9964E-05 0.0211709
9.9946E-05 9.9946E-05 0.0329164 0.0796967 9.9946E-05 0.0902663 0.796521 9.9946E-05 9.9946E-05 9.9946E-05
9.9937E-05 9.9937E-05 9.9937E-05 9.9937E-05 9.9937E-05 0.00394629 0.973423 9.9937E-05 0.0219313 9.9937E-05
0.0124088 9.9955E-05 9.9955E-05 9.9955E-05 0.0322368 9.9955E-05 0.937416 0.00262833 0.0148104 9.9955E-05
9.996E-05 0.0115072 9.996E-05 9.996E-05 0.0566824 9.996E-05 0.703236 0.0580032 0.0198686 0.150302
9.9946E-05 0.0701811 0.107557 9.9946E-05 9.9946E-05 0.00433412 0.817329 9.9946E-05 9.9946E-05 9.9946E-05
9.99461E-05 9.99461E-05 0.022306 0.0363351 9.99461E-05 9.99461E-05 0.931368 0.00939118 9.99461E-05 9.99461E-05
9.997E-05 0.0406401 0.00177376 9.997E-05 0.0365174 9.997E-05 0.776842 0.0234461 0.0280572 0.0924236
9.9946E-05 9.9946E-05 9.9946E-05 0.0688007 9.9946E-05 9.9946E-05 0.821175 9.9946E-05 0.0397082 0.0697166
9.99371E-05 9.99371E-05 9.99371E-05 9.99371E-05 9.99371E-05 0.0304404 0.923476 9.99371E-05 0.0453843 9.99371E-05
9.995E-05 0.0476871 0.0283413 9.995E-05 0.0132217 9.995E-05 0.871926 0.0383243 9.995E-05 9.995E-05
0.000660609 0.0262486 0.0572245 9.9973E-05 9.9973E-05 9.9973E-05 0.813948 0.0115251 0.021988 0.0681048
9.9973E-05 9.9973E-05 0.0714213 0.0211757 0.015667 9.9973E-05 0.64942 0.0967389 0.0278807 0.117397
9.995E-05 9.995E-05 0.0357233 0.115176 9.995E-05 0.102557 0.730974 0.0150708 9.995E-05 9.995E-05
9.9937E-05 9.9937E-05 9.9937E-05 0.0214163 9.9937E-05 9.9937E-05 0.895687 9.9937E-05 0.0821971 9.9937E-05
9.9964E-05 0.0142312 0.0110559 9.9964E-05 0.200638 0.0370255 0.576652 9.9964E-05 9.9964E-05 0.159997
9.9964E-05 0.0256982 0.0568968 0.0509683 9.9964E-05 0.060152 0.523358 9.9964E-05 9.9964E-05 0.282527
0.043274 0.0690656 0.0346324 0.0236198 0.010406 9.9973E-05 0.594867 9.9973E-05 9.9973E-05 0.223835
9.99371E-05 0.0675899 9.99371E-05 9.99371E-05 9.99371E-05 9.99371E-05 0.681821 9.99371E-05 9.99371E-05 0.24989
0.0590621 9.9964E-05 0.0352199 0.154663 0.608217 9.9964E-05 9.9964E-05 0.115804 9.9964E-05 0.0266349
0.0313447 0.0539788 0.029512 0.123659 0.638167 0.0317517 9.9982E-05 0.0187242 9.9982E-05 0.0726625
0.0350734 9.9973E-05 0.0645038 0.183947 0.512059 9.9973E-05 0.103261 0.0991297 0.00172532 9.9973E-05
0.0256667 0.0134463 0.00663589 0.17798 0.652289 0.00503279 9.9982E-05 0.0629999 9.9982E-05 0.0557494
9.9973E-05 0.0634498 0.0529591 0.0170303 0.398301 9.9973E-05 0.196413 0.0532242 9.9973E-05 0.218323
9.99201E-05 9.99201E-05 9.99201E-05 9.99201E-05 0.999101 9.99201E-05 9.99201E-05 9.99201E-05 9.99201E-05 9.99201E-05
9.99201E-05 9.99201E-05 9.99201E-05 9.99201E-05 0.999101 9.99201E-05 9.99201E-05 9.99201E-05 9.99201E-05 9.99201E-05
9.9973E-05 0.0520618 0.0505459 0.038534 0.379994 0.0222831 0.383228 0.073054 9.9973E-05 9.9973E-05
9.99884E-05 0.0897557 0.0412537 0.0926107 0.496651 9.99884E-05 0.0661443 0.0848984 0.0681931 0.0602927
0.0363 0.0117646 0.0323637 0.194747 0.330506 9.9991E-05 0.253939 0.0857922 0.0348527 0.0196354
9.9973E-05 0.0297043 0.0458186 0.0387771 0.382171 9.9973E-05 0.240684 9.9973E-05 0.0261987 0.236346
9.998E-05 0.0595297 0.036017 0.0394033 0.614063 0.0341991 0.143666 0.049189 9.998E-05 0.0237323
9.9964E-05 0.0333016 0.0268502 0.0376362 0.877428 9.9964E-05 0.00816242 9.9964E-05 0.0162213 9.9964E-05
0.000510059 0.0818728 9.9991E-05 0.0154599 0.230152 0.0618233 0.16095 0.0164196 0.0636096 0.369103
0.0159138 9.9991E-05 0.012889 0.0476654 0.21829 0.021651 0.190596 0.0211274 0.0647447 0.407023
9.9964E-05 9.9964E-05 0.1101 0.14438 0.563368 9.9964E-05 0.0421956 0.0651614 9.9964E-05 0.0743948
0.00513708 0.0866727 0.0807767 0.0757847 0.334193 0.0131901 0.14403 0.0140811 0.0627436 0.183391
0.0511754 0.0736225 9.9982E-05 0.0607762 0.388557 0.0132634 0.242052 0.0661248 9.9982E-05 0.104229
9.99213E-05 9.99213E-05 9.99213E-05 9.99213E-05 0.999101 9.99213E-05 9.99213E-05 9.99213E-05 9.99213E-05 9.99213E-05
9.9973E-05 0.0786841 0.0232335 0.0638336 0.323465 9.9973E-05 0.192274 9.9973E-05 0.029822 0.288388
9.9964E-05 0.0811257 9.9964E-05 9.9964E-05 0.59322 0.0331273 0.210457 0.0796487 0.00202186 9.9964E-05
9.9964E-05 9.9964E-05 9.9964E-05 9.9964E-05 0.615597 0.00294839 0.117329 0.113169 0.00949956 0.141057
0.0209888 0.0398973 0.0215407 9.9991E-05 0.525735 0.0162067 0.114685 0.0359506 0.00534812 0.219548
9.9946E-05 0.0215063 9.9946E-05 9.9946E-05 0.876833 0.0683678 9.9946E-05 0.0326934 9.9946E-05 9.9946E-05
0.0168303 0.0539573 9.9982E-05 0.0336409 0.620911 9.9982E-05 0.0790848 0.0878274 0.0153033 0.0922454
0.0341458 0.00776656 0.0110046 9.9964E-05 0.86719 0.0697086 9.9964E-05 0.00978453 9.9964E-05 9.9964E-05
0.0338465 0.00871557 9.9955E-05 9.9955E-05 0.624678 9.9955E-05 9.9955E-05 0.0119888 9.9955E-05 0.320271
0.0270468 9.9955E-05 9.9955E-05 9.9955E-05 0.859886 0.0426821 9.9955E-05 0.0657165 0.00416855 9.9955E-05
0.00144131 0.0343617 0.0211675 0.17357 0.402963 9.9982E-05 0.212579 0.0240257 9.9982E-05 0.129691
0.0101276 9.9946E-05 0.0249256 9.9946E-05 0.928909 0.0354381 9.9946E-05 9.9946E-05 9.9946E-05 9.9946E-05
0.0427725 9.9982E-05 0.0440345 0.0891815 0.637142 9.9982E-05 0.0598814 0.0154249 0.0273146 0.0840488
0.0409214 0.0239379 0.0513032 0.00307636 0.488888 0.026668 0.0422056 0.0765108 9.9991E-05 0.246389
9.9973E-05 0.00803533 0.00898895 9.9973E-05 0.782747 0.0216637 0.0249356 9.9973E-05 0.0955878 0.0577413
9.9955E-05 0.0274632 9.9955E-05 9.9955E-05 0.77554 9.9955E-05 0.0414226 9.9955E-05 0.0145136 0.140561
9.99802E-05 0.0123941 9.99802E-05 9.99802E-05 0.506339 0.0282347 0.0300347 0.0748572 0.0516654 0.296175
9.9964E-05 0.0749887 9.9964E-05 9.9964E-05 0.705816 0.00493816 0.0144446 9.9964E-05 0.00424284 0.19517
0.0431985 9.9955E-05 9.9955E-05 0.0615177 0.707907 0.0607816 9.9955E-05 9.9955E-05 9.9955E-05 0.126095
0.0988162 9.9982E-05 9.9982E-05 0.0485944 0.444697 0.0718121 0.0218578 0.0398758 0.0421077 0.232039
9.9964E-05 0.0272016 0.0701635 0.00401838 9.9964E-05 0.0302764 9.9964E-05 0.040255 9.9964E-05 0.827685
9.99201E-05 9.99201E-05 9.99201E-05 9.99201E-05 9.99201E-05 9.99201E-05 9.99201E-05 9.99201E-05 9.99201E-05 0.999101
9.99281E-05 9.99281E-05 9.99281E-05 9.99281E-05 9.99281E-05 9.99281E-05 9.99281E-05 9.99281E-05 0.0158168 0.983384
9.99281E-05 9.99281E-05 9.99281E-05 9.99281E-05 9.99281E-05 9.99281E-05 9.99281E-05 9.99281E-05 0.00263695 0.996564
9.99371E-05 9.99371E-05 0.0203742 9.99371E-05 0.0354338 9.99371E-05 9.99371E-05 9.99371E-05 9.99371E-05 0.943492
0.0619514 0.0617929 9.9982E-05 0.0240038 0.0683913 9.9982E-05 0.145632 0.112281 0.00158195 0.524166
0.154487 0.0381499 0.0413392 0.0765946 0.14211 0.000461899 0.00193149 0.0239757 9.9991E-05 0.520851
0.0944659 9.9964E-05 0.0871244 0.118234 0.118596 9.9964E-05 9.9964E-05 0.0200171 9.9964E-05 0.561163
0.0160081 0.0311559 0.0518882 0.0402372 0.140771 0.0210662 0.121758 0.0343604 0.0444023 0.498352
0.0855288 0.0562995 9.9982E-05 0.0161364 0.123629 9.9982E-05 0.162594 0.0800035 0.00320115 0.472407
0.0792578 0.0595447 0.0387351 0.0470319 0.184784 0.0483871 0.0240872 0.0185067 9.9991E-05 0.499565
0.0708345 0.105119 0.112547 9.9982E-05 0.200432 9.9982E-05 0.0387709 0.120906 0.0203413 0.33085
0.0867205 9.9973E-05 0.036637 0.176088 0.208079 0.187441 9.9973E-05 0.0507097 9.9973E-05 0.254024
0.0521698 9.9973E-05 0.037881 0.195921 0.168462 0.188148 9.9973E-05 0.0836085 9.9973E-05 0.273509
0.15777 0.126437 0.0263333 0.0418206 0.203192 0.0066229 0.0398664 0.0362608 0.00197096 0.359726
0.999101 9.99201E-05 9.99201E-05 9.99201E-05 9.99201E-05 9.99201E-05 9.99201E-05 9.99201E-05 9.99201E-05 9.99201E-05
0.942441 9.9955E-05 9.9955E-05 0.00605443 0.00328616 9.9955E-05 9.9955E-05 9.9955E-05 0.0213634 0.0263556
0.830974 0.0103428 0.00579545 9.9973E-05 0.0212342 0.0584756 0.0702583 9.9973E-05 0.0026199 9.9973E-05
0.978729 9.99371E-05 0.00313313 9.99371E-05 0.0174384 9.99371E-05 9.99371E-05 9.99371E-05 9.99371E-05 9.99371E-05
0.999101 9.99201E-05 9.99201E-05 9.99201E-05 9.99201E-05 9.99201E-05 9.99201E-05 9.99201E-05 9.99201E-05 9.99201E-05
0.987584 0.0116166 9.99281E-05 9.99281E-05 9.99281E-05 9.99281E-05 9.99281E-05 9.99281E-05 9.99281E-05 9.99281E-05
0.999101 9.99201E-05 9.99201E-05 9.99201E-05 9.99201E-05 9.99201E-05 9.99201E-05 9.99201E-05 9.99201E-05 9.99201E-05
0.90584 9.9964E-05 0.0339619 0.0260558 9.9964E-05 0.00569312 0.0107733 9.9964E-05 9.9964E-05 0.0172762
0.988939 0.00687224 9.99371E-05 9.99371E-05 9.99371E-05 9.99371E-05 9.99371E-05 0.00348894 9.99371E-05 9.99371E-05
0.999101 9.99201E-05 9.99201E-05 9.99201E-05 9.99201E-05 9.99201E-05 9.99201E-05 9.99201E-05 9.99201E-05 9.99201E-05
0.0250826 0.0937847 0.112157 9.9973E-05 9.9973E-05 0.0593288 0.0634027 0.199207 9.9973E-05 0.446737
0.881237 0.0144478 9.9955E-05 9.9955E-05 0.0651024 0.0336359 9.9955E-05 0.00507681 9.9955E-05 9.9955E-05
0.999101 9.99201E-05 9.99201E-05 9.99201E-05 9.99201E-05 9.99201E-05 9.99201E-05 9.99201E-05 9.99201E-05 9.99201E-05
0.927101 0.0119722 0.00857802 9.9964E-05 0.00172508 0.044718 9.9964E-05 9.9964E-05 0.00550584 9.9964E-05
9.99371E-05 0.00446697 9.99371E-05 9.99371E-05 9.99371E-05 9.99371E-05 9.99371E-05 0.0102868 9.99371E-05 0.984547
9.99201E-05 9.99201E-05 9.99201E-05 9.99201E-05 9.99201E-05 9.99201E-05 9.99201E-05 9.99201E-05 9.99201E-05 0.999101
9.99201E-05 9.99201E-05 9.99201E-05 9.99201E-05 9.99201E-05 9.99201E-05 9.99201E-05 9.99201E-05 9.99201E-05 0.999101
9.99201E-05 9.99201E-05 9.99201E-05 9.99201E-05 9.99201E-05 9.99201E-05 9.99201E-05 9.99201E-05 9.99201E-05 0.999101
0.00632853 0.0274984 0.0175421 9.9964E-05 9.9964E-05 0.0172648 9.9964E-05 0.104883 9.9964E-05 0.826083
9.9955E-05 0.0466117 9.9955E-05 9.9955E-05 9.9955E-05 0.0903667 0.109112 0.0550148 9.9955E-05 0.698395
0.032394 0.0205873 9.9964E-05 9.9964E-05 9.9964E-05 0.0676013 0.0759818 0.00853994 9.9964E-05 0.794496
0.0110551 0.0112793 9.9964E-05 9.9964E-05 9.9964E-05 0.056694 0.00198762 0.0774302 9.9964E-05 0.841154
0.118792 9.9955E-05 0.0415123 9.9955E-05 9.9955E-05 0.035898 9.9955E-05 0.00576737 9.9955E-05 0.79753
0.0888214 9.9946E-05 0.0067781 9.9946E-05 9.9946E-05 0.0233228 9.9946E-05 9.9946E-05 9.9946E-05 0.880478
0.0549625 0.0101662 0.0382082 0.0270256 9.9982E-05 0.0175393 0.0400634 0.0411857 9.9982E-05 0.770649
0.12329 0.0151846 9.9955E-05 9.9955E-05 9.9955E-05 0.0390347 0.000321313 9.9955E-05 9.9955E-05 0.821669
9.9973E-05 0.0454079 0.0148225 9.9973E-05 0.0453828 0.0318262 9.9973E-05 0.0386694 0.0230601 0.800531
0.0595195 0.0148832 0.00835635 0.0738325 0.00786988 0.0185324 9.9982E-05 0.109515 9.9982E-05 0.707291
9.99371E-05 0.0135386 9.99371E-05 9.99371E-05 9.99371E-05 9.99371E-05 9.99371E-05 0.934432 9.99371E-05 0.0513294
9.9964E-05 0.0505318 9.9964E-05 0.00992122 9.9964E-05 0.0572805 0.0380619 0.830009 0.013796 9.9964E-05
9.99201E-05 9.99201E-05 9.99201E-05 9.99201E-05 9.99201E-05 9.99201E-05 9.99201E-05 0.999101 9.99201E-05 9.99201E-05
9.993E-05 9.993E-05 9.993E-05 9.993E-05 9.993E-05 0.00469236 0.0126061 0.982002 9.993E-05 9.993E-05
9.9928E-05 0.0176546 9.9928E-05 9.9928E-05 9.9928E-05 9.9928E-05 9.9928E-05 0.981546 9.9928E-05 9.9928E-05
9.9937E-05 9.9937E-05 0.0100554 9.9937E-05 9.9937E-05 9.9937E-05 9.9937E-05 0.982094 9.9937E-05 0.00715152
9.99371E-05 0.00150746 9.99371E-05 9.99371E-05 9.99371E-05 0.00874068 9.99371E-05 0.989052 9.99371E-05 9.99371E-05
0.0026885 9.99551E-05 9.99551E-05 9.99551E-05 0.0418646 0.142532 9.99551E-05 0.779199 0.0332167 9.99551E-05
9.99201E-05 9.99201E-05 9.99201E-05 9.99201E-05 9.99201E-05 9.99201E-05 9.99201E-05 0.999101 9.99201E-05 9.99201E-05
9.9928E-05 9.9928E-05 9.9928E-05 9.9928E-05 9.9928E-05 9.9928E-05 9.9928E-05 0.996156 0.00304474 9.9928E-05
0.002705 9.9955E-05 9.9955E-05 0.00638756 9.9955E-05 0.0930998 9.9955E-05 0.87365 0.0236581 9.9955E-05
0.00559657 9.99281E-05 9.99281E-05 9.99281E-05 9.99281E-05 9.99281E-05 9.99281E-05 0.993604 9.99281E-05 9.99281E-05
0.0244538 0.00871085 0.0562685 9.9973E-05 0.100184 0.0566594 9.9973E-05 0.7341 9.9973E-05 0.0193238
9.99201E-05 9.99201E-05 0.999101 9.99201E-05 9.99201E-05 9.99201E-05 9.99201E-05 9.99201E-05 9.99201E-05 9.99201E-05
0.110753 0.0349443 0.0398286 0.0517613 0.0665741 0.0310072 9.9982E-05 0.0914145 9.9982E-05 0.573517
9.99371E-05 9.99371E-05 0.983274 9.99371E-05 0.00327934 9.99371E-05 9.99371E-05 9.99371E-05 9.99371E-05 0.0127471
9.99201E-05 9.99201E-05 0.999101 9.99201E-05 9.99201E-05 9.99201E-05 9.99201E-05 9.99201E-05 9.99201E-05 9.99201E-05
0.00485597 9.99371E-05 0.935286 9.99371E-05 9.99371E-05 0.0591584 9.99371E-05 9.99371E-05 9.99371E-05 9.99371E-05
0.0342515 9.995E-05 0.778205 9.995E-05 9.995E-05 0.0238434 0.088385 0.074815 9.995E-05 9.995E-05
9.99201E-05 9.99201E-05 0.999101 9.99201E-05 9.99201E-05 9.99201E-05 9.99201E-05 9.99201E-05 9.99201E-05 9.99201E-05
9.9973E-05 9.9973E-05 0.862654 0.00348453 9.9973E-05 0.0589382 0.000719232 0.0315269 0.0223269 0.0200502
0.00644333 0.0177953 0.958049 0.0171125 9.9946E-05 9.9946E-05 9.9946E-05 9.9946E-05 9.9946E-05 9.9946E-05
9.99371E-05 0.024518 0.962385 9.99371E-05 9.99371E-05 9.99371E-05 9.99371E-05 0.0123973 9.99371E-05 9.99371E-05
9.99371E-05 9.99371E-05 0.972418 9.99371E-05 9.99371E-05 9.99371E-05 0.0178961 9.99371E-05 0.00898644 9.99371E-05
9.9946E-05 9.9946E-05 0.97239 0.00363671 0.00692098 9.9946E-05 0.0164521 9.9946E-05 9.9946E-05 9.9946E-05
0.0225708 9.9946E-05 0.928201 9.9946E-05 9.9946E-05 9.9946E-05 9.9946E-05 0.0291179 9.9946E-05 0.0195109
0.0292457 0.0535615 0.769645 0.0502429 9.9973E-05 0.0201062 9.9973E-05 0.0598165 9.9973E-05 0.0170826
9.99371E-05 9.99371E-05 0.963191 9.99371E-05 9.99371E-05 0.0196912 9.99371E-05 9.99371E-05 0.0164186 9.99371E-05
9.99626E-05 9.99626E-05 0.860412 9.99626E-05 0.0568819 0.0563937 9.99626E-05 9.99626E-05 0.00431635 0.0214963
9.997E-05 0.00263102 0.868028 9.997E-05 0.0403999 0.043726 9.997E-05 0.0264087 0.00716093 0.0113452
9.9964E-05 0.0411426 0.898219 0.0197858 0.00421022 9.9964E-05 9.9964E-05 9.9964E-05 0.0159805 0.0202618
0.0120909 9.9937E-05 0.957395 9.9937E-05 9.9937E-05 9.9937E-05 9.9937E-05 9.9937E-05 9.9937E-05 0.0298143
0.0517265 0.271242 0.0590777 9.9982E-05 0.149835 0.122608 9.9982E-05 0.0244301 0.0444018 0.276479
0.0871855 0.222145 0.0177232 9.9982E-05 0.214605 0.142475 9.9982E-05 0.0221085 0.0287655 0.264792
0.0575276 0.290738 0.0540614 9.998E-05 0.184546 0.111568 9.998E-05 0.00917263 0.0490151 0.243172
0.0263766 0.270694 0.0610299 9.9982E-05 0.233962 0.121131 9.9982E-05 0.0123354 0.0519096 0.222362
0.0039241 0.00250362 9.9973E-05 9.9973E-05 0.00768015 0.912544 0.0477487 0.0242613 0.00103789 9.9973E-05
9.99201E-05 9.99201E-05 9.99201E-05 9.99201E-05 9.99201E-05 0.999101 9.99201E-05 9.99201E-05 9.99201E-05 9.99201E-05
9.9937E-05 9.9937E-05 0.00201656 9.9937E-05 9.9937E-05 0.972604 9.9937E-05 9.9937E-05 9.9937E-05 0.0246797
9.99201E-05 9.99201E-05 9.99201E-05 9.99201E-05 9.99201E-05 0.999101 9.99201E-05 9.99201E-05 9.99201E-05 9.99201E-05
0.00996137 0.000983292 0.00286886 9.9964E-05 0.0219663 0.959045 9.9964E-05 0.00477562 9.9964E-05 9.9964E-05
0.0122447 0.0252575 0.00137141 9.9964E-05 9.9964E-05 0.945489 9.9964E-05 0.0118677 9.9964E-05 0.00336942
0.00845103 0.00388043 9.9964E-05 0.0192151 0.00793737 0.957914 9.9964E-05 9.9964E-05 9.9964E-05 0.00220195
9.997E-05 0.0637202 0.0283949 9.997E-05 9.997E-05 0.719509 0.0462686 0.00395776 0.0016724 0.136178
9.9964E-05 9.9964E-05 0.0355793 9.9964E-05 9.9964E-05 0.852721 0.0629443 0.00115855 0.00850586 0.0386911
9.9946E-05 0.962723 9.9946E-05 0.00448967 9.9946E-05 0.00851646 9.9946E-05 9.9946E-05 9.9946E-05 0.0236707
9.99201E-05 0.999101 9.99201E-05 9.99201E-05 9.99201E-05 9.99201E-05 9.99201E-05 9.99201E-05 9.99201E-05 9.99201E-05
9.99201E-05 0.999101 9.99201E-05 9.99201E-05 9.99201E-05 9.99201E-05 9.99201E-05 9.99201E-05 9.99201E-05 9.99201E-05
9.99201E-05 0.999101 9.99201E-05 9.99201E-05 9.99201E-05 9.99201E-05 9.99201E-05 9.99201E-05 9.99201E-05 9.99201E-05
9.99201E-05 0.999101 9.99201E-05 9.99201E-05 9.99201E-05 9.99201E-05 9.99201E-05 9.99201E-05 9.99201E-05 9.99201E-05
9.9946E-05 0.845245 9.9946E-05 9.9946E-05 0.0468761 9.9946E-05 0.0413793 9.9946E-05 9.9946E-05 0.0658999
9.99201E-05 0.999101 9.99201E-05 9.99201E-05 9.99201E-05 9.99201E-05 9.99201E-05 9.99201E-05 9.99201E-05 9.99201E-05
9.99201E-05 0.999101 9.99201E-05 9.99201E-05 9.99201E-05 9.99201E-05 9.99201E-05 9.99201E-05 9.99201E-05 9.99201E-05
0.0114452 0.987755 9.99281E-05 9.99281E-05 9.99281E-05 9.99281E-05 9.99281E-05 9.99281E-05 9.99281E-05 9.99281E-05
9.99531E-05 0.934879 9.99531E-05 9.99531E-05 0.0254441 9.99531E-05 9.99531E-05 0.0325301 9.99531E-05 0.00654742
9.99201E-05 0.999101 9.99201E-05 9.99201E-05 9.99201E-05 9.99201E-05 9.99201E-05 9.99201E-05 9.99201E-05 9.99201E-05
0.00334852 0.982191 9.9946E-05 0.0132094 9.9946E-05 9.9946E-05 9.9946E-05 0.000651374 9.9946E-05 9.9946E-05
