0.999201 9.993E-05 9.993E-05 9.993E-05 9.993E-05 9.993E-05 9.993E-05 9.993E-05 9.993E-05
0.659306 9.9973E-05 0.108902 0.0490086 0.122461 0.025402 9.9973E-05 0.0346198 9.9973E-05
9.993E-05 9.993E-05 9.993E-05 0.999201 9.993E-05 9.993E-05 9.993E-05 9.993E-05 9.993E-05
9.9937E-05 0.0678168 9.9937E-05 0.931484 9.9937E-05 9.9937E-05 9.9937E-05 9.9937E-05 9.9937E-05
9.9937E-05 9.9937E-05 9.9937E-05 0.0290561 0.970244 9.9937E-05 9.9937E-05 9.9937E-05 9.9937E-05
0.833224 0.13345 9.9955E-05 0.0133079 0.0195181 9.9955E-05 9.9955E-05 9.9955E-05 9.9955E-05
0.855764 9.9964E-05 0.0324656 9.9964E-05 0.0204561 0.00462627 0.086288 9.9964E-05 9.9964E-05
9.993E-05 9.993E-05 9.993E-05 9.993E-05 0.999201 9.993E-05 9.993E-05 9.993E-05 9.993E-05
0.186743 9.9973E-05 9.9973E-05 0.257728 0.252144 9.9973E-05 0.156828 0.0442095 0.102048
0.397446 9.9982E-05 0.0612357 0.0793812 0.107619 0.0545067 0.0682039 9.9982E-05 0.231407
9.9955E-05 0.0929804 9.9955E-05 9.9955E-05 0.0512256 0.016134 9.9955E-05 0.83916 9.9955E-05
9.99371E-05 9.99371E-05 9.99371E-05 9.99371E-05 0.0227765 9.99371E-05 9.99371E-05 0.976524 9.99371E-05
0.0178842 9.9946E-05 9.9946E-05 9.9946E-05 0.0812919 9.9946E-05 9.9946E-05 0.900224 9.9946E-05
9.9982E-05 0.116066 9.9982E-05 0.0712024 0.0171166 0.0629147 0.0901172 0.641371 0.00101234
0.0574833 9.9964E-05 9.9964E-05 0.0822071 9.9964E-05 0.0820726 9.9964E-05 0.766509 0.0113285
0.0432373 0.413521 9.9946E-05 9.9946E-05 9.9946E-05 9.9946E-05 9.9946E-05 0.542642 9.9946E-05
9.993E-05 0.999201 9.993E-05 9.993E-05 9.993E-05 9.993E-05 9.993E-05 9.993E-05 9.993E-05
9.9973E-05 0.5128 0.133863 0.0277771 9.9973E-05 9.9973E-05 0.0960799 0.126306 0.102874
9.9946E-05 9.9946E-05 9.9946E-05 9.9946E-05 9.9946E-05 9.9946E-05 0.108235 0.842033 0.0491321
9.9955E-05 0.0854001 9.9955E-05 9.9955E-05 0.142703 9.9955E-05 9.9955E-05 0.741122 0.0302751
0.104618 0.183897 0.050831 9.9973E-05 9.9973E-05 9.9973E-05 0.0018145 0.518562 0.139978
0.130749 0.661222 0.0411158 0.0931282 0.039551 9.9973E-05 9.9973E-05 9.9973E-05 0.0339336
0.0285384 0.884484 9.9955E-05 9.9955E-05 9.9955E-05 0.0186333 9.9955E-05 0.0678444 9.9955E-05
9.9937E-05 0.985421 9.9937E-05 9.9937E-05 0.0138796 9.9937E-05 9.9937E-05 9.9937E-05 9.9937E-05
0.00837596 9.9946E-05 0.140703 9.9946E-05 9.9946E-05 9.9946E-05 9.9946E-05 0.850321 9.9946E-05
0.0929332 9.9964E-05 0.126222 9.9964E-05 0.00117616 9.9964E-05 9.9964E-05 0.704456 0.0748126
9.9955E-05 0.0742661 9.9955E-05 9.9955E-05 9.9955E-05 9.9955E-05 0.119042 0.473771 0.332421
9.9973E-05 0.0690007 0.327167 0.098653 9.9973E-05 0.00177534 9.9973E-05 0.408537 0.0945662
0.0237166 9.9955E-05 0.274697 9.9955E-05 9.9955E-05 9.9955E-05 9.9955E-05 0.548334 0.152753
9.99371E-05 9.99371E-05 0.305589 9.99371E-05 9.99371E-05 9.99371E-05 9.99371E-05 0.693711 9.99371E-05
9.9955E-05 9.9955E-05 0.247293 0.117934 9.9955E-05 9.9955E-05 0.0736027 9.9955E-05 0.56067
0.0979285 9.9973E-05 0.158383 0.0920623 9.9973E-05 9.9973E-05 0.0861933 0.0438827 0.52125
9.9955E-05 9.9955E-05 0.090717 9.9955E-05 9.9955E-05 9.9955E-05 0.000947496 0.0429916 0.864844
9.9937E-05 9.9937E-05 9.9937E-05 9.9937E-05 9.9937E-05 9.9937E-05 0.0339033 9.9937E-05 0.965397
9.9946E-05 9.9946E-05 9.9946E-05 9.9946E-05 9.9946E-05 0.00734329 9.9946E-05 0.253898 0.738159
0.0144809 9.9964E-05 0.077743 0.0481758 9.9964E-05 0.00199718 9.9964E-05 9.9964E-05 0.857203
0.105623 0.0163685 9.9964E-05 9.9964E-05 0.162575 9.9964E-05 9.9964E-05 0.0208285 0.694206
0.0059913 0.05277 0.134874 9.9955E-05 9.9955E-05 9.9955E-05 9.9955E-05 9.9955E-05 0.805865
9.9955E-05 9.9955E-05 9.9955E-05 0.049478 9.9955E-05 0.0364482 0.133046 9.9955E-05 0.780528
0.056147 0.00208924 0.219907 0.00848181 9.9991E-05 0.0275213 0.0576106 0.0983451 0.529798
9.99371E-05 9.99371E-05 9.99371E-05 9.99371E-05 0.033442 9.99371E-05 9.99371E-05 9.99371E-05 0.965858
0.00912252 9.9982E-05 0.245718 0.0184742 0.033293 9.9982E-05 0.199535 0.196121 0.297537
9.9955E-05 9.9955E-05 0.0900445 0.056507 0.00728596 9.9955E-05 9.9955E-05 9.9955E-05 0.845663
0.0297244 0.0848404 0.0598013 9.9973E-05 9.9973E-05 0.0238357 0.051661 9.9973E-05 0.749837
9.996E-05 9.996E-05 0.175277 0.0191837 9.996E-05 9.996E-05 0.545457 0.0707454 0.188937
0.0160481 9.9964E-05 0.0344196 9.9964E-05 9.9964E-05 9.9964E-05 0.676286 0.144085 0.128761
9.9955E-05 9.9955E-05 0.0515374 9.9955E-05 9.9955E-05 0.0508183 0.520629 9.9955E-05 0.376516
9.9937E-05 9.9937E-05 0.13494 9.9937E-05 9.9937E-05 9.9937E-05 0.86436 9.9937E-05 9.9937E-05
9.9964E-05 9.9964E-05 9.9964E-05 0.156558 0.0270562 9.9964E-05 0.549682 0.139656 0.126648
9.9973E-05 9.9973E-05 0.123137 0.0302035 0.0668469 9.9973E-05 0.289651 0.0156859 0.474176
9.9946E-05 0.0698871 0.111244 9.9946E-05 9.9946E-05 9.9946E-05 0.818269 9.9946E-05 9.9946E-05
9.9937E-05 9.9937E-05 9.9937E-05 9.9937E-05 0.00550656 9.9937E-05 0.993794 9.9937E-05 9.9937E-05
9.9946E-05 0.0626134 0.112491 9.9946E-05 9.9946E-05 9.9946E-05 0.824296 9.9946E-05 9.9946E-05
9.9964E-05 0.108338 0.0407875 9.9964E-05 9.9964E-05 0.00935595 0.688576 9.9964E-05 0.152543
9.9937E-05 9.9937E-05 9.9937E-05 9.9937E-05 9.9937E-05 9.9937E-05 0.782491 9.9937E-05 0.216809
9.9946E-05 9.9946E-05 0.00576513 9.9946E-05 9.9946E-05 0.0312899 0.962345 9.9946E-05 9.9946E-05
9.9964E-05 9.9964E-05 0.807226 0.0120596 0.0129469 9.9964E-05 0.138969 0.0283984 9.9964E-05
9.9973E-05 9.9973E-05 0.609522 0.00805184 0.0919757 9.9973E-05 0.15839 0.0389837 0.0927769
9.9973E-05 0.00240505 0.707199 0.0658252 0.051295 0.0126448 0.160331 9.9973E-05 9.9973E-05
0.0907173 0.0206744 0.637988 9.9982E-05 0.0136434 9.9982E-05 0.037783 0.020423 0.178571
0.0150868 0.0442981 0.785675 9.9973E-05 0.00395369 9.9973E-05 0.0803759 9.9973E-05 0.0703101
0.0367713 9.9955E-05 0.422039 9.9955E-05 9.9955E-05 0.0994758 9.9955E-05 9.9955E-05 0.441214
9.9964E-05 0.0695587 0.745439 0.0361083 0.014564 9.9964E-05 9.9964E-05 9.9964E-05 0.13393
9.99371E-05 9.99371E-05 0.961081 9.99371E-05 9.99371E-05 0.0382191 9.99371E-05 9.99371E-05 9.99371E-05
9.9955E-05 0.0382091 0.83934 9.9955E-05 9.9955E-05 0.0146936 9.9955E-05 9.9955E-05 0.107258
9.993E-05 9.993E-05 0.999201 9.993E-05 9.993E-05 9.993E-05 9.993E-05 9.993E-05 9.993E-05
9.9955E-05 9.9955E-05 0.946272 9.9955E-05 9.9955E-05 0.00383487 9.9955E-05 0.0464115 0.00298238
9.9946E-05 9.9946E-05 0.966059 9.9946E-05 0.013838 9.9946E-05 9.9946E-05 0.0195034 9.9946E-05
9.9937E-05 0.0202986 0.979002 9.9937E-05 9.9937E-05 9.9937E-05 9.9937E-05 9.9937E-05 9.9937E-05
9.9946E-05 9.9946E-05 0.990499 0.00506045 9.9946E-05 9.9946E-05 0.00384133 9.9946E-05 9.9946E-05
9.99371E-05 9.99371E-05 0.989534 9.99371E-05 9.99371E-05 9.99371E-05 9.99371E-05 9.99371E-05 0.00976601
0.0748289 9.9955E-05 0.564142 9.9955E-05 0.0619359 9.9955E-05 9.9955E-05 9.9955E-05 0.298593
9.9955E-05 9.9955E-05 0.862995 0.0266576 9.9955E-05 0.0192193 0.0906284 9.9955E-05 9.9955E-05
0.061887 0.0496529 0.711547 9.9964E-05 9.9964E-05 0.0424026 9.9964E-05 9.9964E-05 0.134111
9.9982E-05 0.0235959 0.289306 0.0224736 0.00799732 0.577553 0.053615 9.9982E-05 0.0252592
9.993E-05 9.993E-05 9.993E-05 9.993E-05 9.993E-05 0.999201 9.993E-05 9.993E-05 9.993E-05
0.0125878 9.9973E-05 0.467814 9.9973E-05 0.00296625 0.0827625 9.9973E-05 0.0830364 0.350533
