0.9998 9.999E-05 9.999E-05
0.683122 0.104304 0.212575
0.708287 0.126776 0.164938
0.786527 0.0272467 0.186226
0.524753 0.0311597 0.444087
0.64894 0.109106 0.241954
0.895289 0.0417123 0.0629989
0.709166 0.138413 0.152421
0.664605 0.0919708 0.243424
0.9998 9.999E-05 9.999E-05
0.9998 9.999E-05 9.999E-05
0.9998 9.999E-05 9.999E-05
0.9998 9.999E-05 9.999E-05
0.9998 9.999E-05 9.999E-05
0.9998 9.999E-05 9.999E-05
0.589685 0.11021 0.300105
0.553083 0.104029 0.342889
0.773695 0.0274063 0.198898
0.533041 0.028399 0.43856
0.463918 0.0654854 0.470597
0.623502 9.9991E-05 0.376398
0.421229 0.111406 0.467365
0.496981 0.0567374 0.446282
0.595863 0.0445799 0.359557
0.559901 9.9991E-05 0.439999
0.411552 0.0418644 0.546583
0.401254 0.100729 0.498017
0.548009 0.0988957 0.353095
0.467375 0.0595947 0.473031
0.618195 0.0183064 0.363499
0.59189 0.00584257 0.402268
0.43974 0.0504801 0.50978
0.41745 0.112631 0.469919
0.424163 0.127538 0.448299
0.511571 0.0606276 0.427801
0.644641 0.00645588 0.348903
0.381949 0.0699364 0.548115
0.364224 0.0806591 0.555117
0.349716 0.0926059 0.557678
0.367846 0.0146786 0.617476
0.185474 0.13387 0.680656
0.235422 0.130414 0.634164
0.323547 0.155882 0.520572
0.234705 0.111905 0.65339
0.229901 0.123367 0.646733
0.287621 0.152096 0.560283
0.305991 0.123216 0.570792
0.299923 0.0944223 0.605654
0.299263 0.0872318 0.613505
0.425642 0.0560148 0.518344
0.317975 0.0983905 0.583635
0.280566 0.126559 0.592875
0.301618 0.104292 0.59409
0.290807 0.00467922 0.704514
0.263755 0.0615693 0.674676
0.212323 0.171661 0.616015
0.29203 0.131453 0.576518
0.23831 0.00701302 0.754677
0.29869 0.174748 0.526563
0.311124 0.0630184 0.625858
0.252459 0.054368 0.693173
0.225113 0.0466617 0.728225
0.199724 0.115028 0.685247
0.120759 0.158708 0.720533
0.293415 9.9991E-05 0.706485
0.145763 0.176526 0.677711
0.137175 0.049994 0.812831
0.16569 0.122842 0.711469
0.275714 0.0696072 0.654679
0.141668 0.153355 0.704977
0.285008 0.130089 0.584903
0.134551 0.116346 0.749104
0.289735 0.0745667 0.635699
0.284127 0.0677632 0.648109
0.175875 0.103304 0.720821
0.213013 0.020302 0.766685
0.143021 0.099672 0.757307
0.142365 0.101554 0.756081
0.104333 0.066743 0.828924
0.0351474 0.0388423 0.92601
0.0599085 0.129925 0.810167
0.00987918 0.0764446 0.913676
0.0544208 0.0922338 0.853345
0.152134 0.0135445 0.834322
0.0811986 0.121725 0.797077
0.0717575 0.121699 0.806544
0.199283 0.101019 0.699698
0.145768 0.00268317 0.851549
0.140847 0.0489244 0.810229
0.0880735 0.121237 0.79069
0.139806 0.0976308 0.762563
0.15717 0.0942612 0.748569
0.088394 0.101798 0.809808
9.999E-05 9.999E-05 0.9998
9.999E-05 9.999E-05 0.9998
9.999E-05 9.999E-05 0.9998
9.9991E-05 0.00228049 0.99762
9.999E-05 9.999E-05 0.9998
9.999E-05 9.999E-05 0.9998
9.999E-05 9.999E-05 0.9998
9.999E-05 9.999E-05 0.9998
9.999E-05 9.999E-05 0.9998
9.999E-05 9.999E-05 0.9998
0.0326731 0.073794 0.893533
9.999E-05 9.999E-05 0.9998
9.999E-05 9.999E-05 0.9998
9.999E-05 9.999E-05 0.9998
9.9991E-05 0.00966203 0.990238
9.9991E-05 0.0451522 0.954748
9.9991E-05 0.0626118 0.937288
9.9991E-05 0.0510429 0.948857
9.9991E-05 0.0404817 0.959418
0.0385889 0.0232049 0.938206
0.0466523 0.0292794 0.924068
9.999E-05 9.999E-05 0.9998
9.9991E-05 0.0442556 0.955644
0.0442821 0.0331519 0.922566
0.0794738 0.0557616 0.864765
0.0309706 0.0465353 0.922494
0.0561221 0.101305 0.842573
0.0146101 0.05644 0.92895
9.999E-05 9.999E-05 0.9998
9.999E-05 9.999E-05 0.9998
9.999E-05 9.999E-05 0.9998
9.999E-05 9.999E-05 0.9998
9.9991E-05 0.00792724 0.991973
9.999E-05 9.999E-05 0.9998
9.9991E-05 0.00374974 0.99615
9.999E-05 9.999E-05 0.9998
9.999E-05 9.999E-05 0.9998
9.9991E-05 0.00212321 0.997777
9.999E-05 9.999E-05 0.9998
9.999E-05 9.999E-05 0.9998
9.9991E-05 0.0841314 0.915769
9.999E-05 0.9998 9.999E-05
9.9991E-05 0.110828 0.889072
9.999E-05 0.9998 9.999E-05
9.999E-05 0.9998 9.999E-05
0.00561192 0.939761 0.0546267
0.0632771 0.79014 0.146583
9.999E-05 0.9998 9.999E-05
0.0094777 0.911441 0.0790809
0.00988123 0.990019 9.9991E-05
9.9991E-05 0.996873 0.00302695
0.00734192 0.992558 9.9991E-05
9.999E-05 0.9998 9.999E-05
9.9991E-05 0.995103 0.00479699
9.9991E-05 0.804478 0.195422
9.9991E-05 0.921475 0.0784246
0.00890509 0.897757 0.0933377
0.0320661 0.884585 0.0833488
0.0544924 0.880637 0.0648706
9.9991E-05 0.984039 0.0158608
0.0948312 0.0590299 0.846139
0.123756 0.0734744 0.80277
0.117473 0.0546943 0.827833
0.106396 0.0628372 0.830767
0.0119869 0.0255385 0.962475
9.999E-05 9.999E-05 0.9998
9.9991E-05 0.0401299 0.95977
9.999E-05 9.999E-05 0.9998
0.00500479 0.0314434 0.963552
9.9991E-05 0.0208514 0.979049
9.9991E-05 0.0199372 0.979963
0.0496484 0.0582278 0.892124
0.0346404 0.0395034 0.925856
0.0440082 9.9991E-05 0.955892
0.044493 9.9991E-05 0.955407
0.040617 9.9991E-05 0.959283
0.0785679 9.9991E-05 0.921332
0.0291498 9.9991E-05 0.97075
0.0961179 9.9991E-05 0.903782
0.0411663 9.9991E-05 0.958734
0.0522075 9.9991E-05 0.947693
0.0899472 9.9991E-05 0.909953
0.0706151 9.9991E-05 0.929285
0.0431152 9.9991E-05 0.956785
0.0438981 9.9991E-05 0.956002
