9.999E-05 0.9998 9.999E-05
0.216066 0.674568 0.109366
0.156341 0.686259 0.1574
0.26012 0.737971 0.00190942
0.480351 0.519549 9.9991E-05
0.321932 0.582581 0.095487
0.139335 0.785393 0.0752722
0.261164 0.6467 0.0921357
0.27818 0.627715 0.0941043
9.999E-05 0.9998 9.999E-05
9.999E-05 0.9998 9.999E-05
9.999E-05 0.9998 9.999E-05
9.999E-05 0.9998 9.999E-05
9.999E-05 0.9998 9.999E-05
9.999E-05 0.9998 9.999E-05
0.468032 0.492521 0.0394474
0.438881 0.450994 0.110125
0.286339 0.673505 0.040156
0.527016 0.472884 9.9991E-05
0.551556 0.424067 0.0243762
0.464411 0.535489 9.9991E-05
0.488447 0.383787 0.127766
0.449583 0.476419 0.0739978
0.411557 0.525549 0.0628935
0.484226 0.515674 9.9991E-05
0.594849 0.376161 0.0289898
0.498941 0.395586 0.105473
0.373971 0.505357 0.120672
0.478576 0.45637 0.0650535
0.390769 0.575429 0.0338027
0.452968 0.546932 9.9991E-05
0.551894 0.387194 0.0609117
0.55262 0.385046 0.0623333
0.508755 0.397602 0.0936425
0.45722 0.456672 0.0861082
0.441192 0.558708 9.9991E-05
0.593455 0.345531 0.061014
0.606096 0.299421 0.0944832
0.594356 0.321113 0.0845311
0.652314 0.344621 0.00306512
0.715484 0.139574 0.144942
0.654489 0.206789 0.138722
0.578095 0.27136 0.150545
0.687178 0.181823 0.130998
0.606745 0.225011 0.168244
0.573247 0.306714 0.120039
0.620146 0.259482 0.120373
0.614668 0.26483 0.120501
0.643221 0.28178 0.0749989
0.574831 0.37121 0.0539591
0.630715 0.268335 0.10095
0.640866 0.243391 0.115743
0.643311 0.237285 0.119404
0.756713 0.203073 0.0402134
0.753318 0.223746 0.0229365
0.662868 0.191052 0.14608
0.627555 0.281251 0.0911936
0.720761 0.232965 0.0462742
0.631414 0.255499 0.113087
0.70962 0.256352 0.0340284
0.726345 0.221172 0.052483
0.823325 0.170334 0.00634081
0.700201 0.188104 0.111695
0.753105 0.120053 0.126841
0.784641 0.215259 9.9991E-05
0.708023 0.149708 0.142269
0.824685 0.114467 0.0608481
0.776902 0.120483 0.102615
0.621547 0.246484 0.131969
0.71693 0.145427 0.137643
0.59955 0.268954 0.131496
0.747513 0.13758 0.114907
0.63626 0.290057 0.0736837
0.704325 0.217366 0.0783092
0.76115 0.180743 0.0581066
0.800671 0.155768 0.0435617
0.747634 0.140926 0.11144
0.826146 0.130022 0.0438321
0.873986 0.0368202 0.0891933
0.959299 9.9991E-05 0.0406009
0.813472 0.0692957 0.117233
0.879749 0.0150145 0.105236
0.900543 0.00136523 0.0980922
0.80891 0.0930471 0.0980428
0.765441 0.144474 0.0900853
0.783996 0.0664827 0.149521
0.739189 0.17091 0.089901
0.892442 0.107458 9.9991E-05
0.878737 0.0596116 0.0616515
0.835866 0.0528166 0.111318
0.763258 0.128115 0.108627
0.78856 0.100731 0.110709
0.857274 0.0635285 0.079198
0.9998 9.999E-05 9.999E-05
0.9998 9.999E-05 9.999E-05
0.9998 9.999E-05 9.999E-05
0.9998 9.999E-05 9.999E-05
0.9998 9.999E-05 9.999E-05
0.9998 9.999E-05 9.999E-05
0.9998 9.999E-05 9.999E-05
0.9998 9.999E-05 9.999E-05
0.9998 9.999E-05 9.999E-05
0.9998 9.999E-05 9.999E-05
0.910374 0.0162728 0.0733537
0.9998 9.999E-05 9.999E-05
0.9998 9.999E-05 9.999E-05
0.9998 9.999E-05 9.999E-05
0.990714 9.9991E-05 0.00918579
0.964946 9.9991E-05 0.0349538
0.954805 9.9991E-05 0.045095
0.95834 9.9991E-05 0.0415597
0.992404 9.9991E-05 0.00749626
0.918922 0.0220634 0.0590147
0.935615 0.0444887 0.0198962
0.9998 9.999E-05 9.999E-05
0.908701 0.00867035 0.0826288
0.931942 0.00858185 0.0594765
0.899917 0.0408467 0.0592366
0.959873 0.0352071 0.00491947
0.878518 0.0233183 0.0981633
0.911995 0.0218467 0.0661588
0.9998 9.999E-05 9.999E-05
0.991451 9.9991E-05 0.00844865
0.9998 9.999E-05 9.999E-05
0.9998 9.999E-05 9.999E-05
0.991861 9.9991E-05 0.00803949
0.9998 9.999E-05 9.999E-05
0.9998 9.999E-05 9.999E-05
0.996245 0.00365496 9.9991E-05
0.991757 9.9991E-05 0.00814347
0.9998 9.999E-05 9.999E-05
0.9998 9.999E-05 9.999E-05
0.9998 9.999E-05 9.999E-05
0.913592 9.9991E-05 0.0863085
9.999E-05 9.999E-05 0.9998
0.873766 0.00449288 0.121741
9.999E-05 9.999E-05 0.9998
9.999E-05 9.999E-05 0.9998
9.999E-05 9.999E-05 0.9998
0.132412 0.0222327 0.845355
9.999E-05 9.999E-05 0.9998
0.116104 9.9991E-05 0.883796
9.999E-05 9.999E-05 0.9998
0.0072009 9.9991E-05 0.992699
9.999E-05 9.999E-05 0.9998
0.0277758 9.9991E-05 0.972124
0.00326146 9.9991E-05 0.996639
0.166747 9.9991E-05 0.833153
9.9991E-05 0.01797 0.98193
0.126775 0.00174656 0.871478
0.113162 9.9991E-05 0.886738
0.0631397 9.9991E-05 0.93676
0.0403668 9.9991E-05 0.959533
0.882843 0.0661553 0.0510021
0.81928 0.111811 0.0689091
0.811559 0.075973 0.112468
0.833266 0.10831 0.0584239
0.943281 0.0054609 0.0512577
0.9998 9.999E-05 9.999E-05
0.980507 9.9991E-05 0.0193935
0.9998 9.999E-05 9.999E-05
0.979142 9.9991E-05 0.020758
0.9998 9.999E-05 9.999E-05
0.995403 9.9991E-05 0.00449734
0.856456 0.0800197 0.0635246
0.912616 0.0565867 0.0307973
0.954913 0.0449871 9.9991E-05
0.954938 0.0449619 9.9991E-05
0.973388 0.0265122 9.9991E-05
0.935663 0.0642371 9.9991E-05
0.982278 0.017622 9.9991E-05
0.916062 0.0838384 9.9991E-05
0.972862 0.0270384 9.9991E-05
0.966649 0.0332509 9.9991E-05
0.961284 0.0386159 9.9991E-05
0.96092 0.0389804 9.9991E-05
0.973961 0.0259394 9.9991E-05
0.963787 0.0361131 9.9991E-05
