9.999E-05 9.999E-05 0.9998
0.266062 0.0762908 0.657647
0.161676 0.142809 0.695515
0.270924 0.0147084 0.714368
0.452679 9.9991E-05 0.547221
0.344478 0.0508589 0.604663
0.137303 0.0504857 0.812212
0.254383 0.0676836 0.677933
0.283869 0.0917593 0.624372
9.999E-05 9.999E-05 0.9998
9.999E-05 9.999E-05 0.9998
9.999E-05 9.999E-05 0.9998
9.999E-05 9.999E-05 0.9998
9.999E-05 9.999E-05 0.9998
9.999E-05 9.999E-05 0.9998
0.353267 0.0546418 0.592091
0.473396 0.0587739 0.46783
0.356302 0.0304242 0.613274
0.560545 9.9991E-05 0.439355
0.518681 0.0346295 0.44669
0.462679 9.9991E-05 0.537221
0.493571 0.109671 0.396757
0.496481 0.0612632 0.442256
0.442844 0.047036 0.51012
0.555656 9.9991E-05 0.444244
0.609387 0.0254666 0.365146
0.513174 0.113044 0.373782
0.383948 0.0681045 0.547947
0.507661 0.0419203 0.450419
0.422791 9.9991E-05 0.577109
0.474421 9.9991E-05 0.525479
0.568024 0.0355825 0.396393
0.549497 0.0586772 0.391825
0.519442 0.0937134 0.386844
0.504254 0.0762606 0.419485
0.420684 9.9991E-05 0.579216
0.61971 0.0503195 0.329971
0.634537 0.0540411 0.311422
0.577426 0.111061 0.311513
0.673614 9.9991E-05 0.326286
0.721159 0.101115 0.177725
0.727869 0.0995081 0.172623
0.535139 0.145704 0.319157
0.718262 0.103647 0.178091
0.670295 0.16063 0.169075
0.577037 0.150181 0.272782
0.677517 0.104241 0.218242
0.670521 0.063812 0.265667
0.622275 0.0988499 0.278875
0.566329 0.0672543 0.366417
0.610358 0.104052 0.285589
0.625554 0.134261 0.240185
0.614875 0.116948 0.268177
0.756891 0.0132353 0.229874
0.754515 0.0456198 0.199865
0.631575 0.167472 0.200954
0.586204 0.103792 0.310004
0.7854 0.0288874 0.185712
0.574448 0.139576 0.285976
0.675627 0.0678826 0.256491
0.740624 0.0544266 0.204949
0.750626 0.0590158 0.190358
0.691474 0.100778 0.207748
0.768349 0.137051 0.0946001
0.789654 0.0155259 0.194821
0.747488 0.128133 0.124379
0.800423 0.071921 0.127656
0.749744 0.130988 0.119268
0.678803 0.068243 0.252953
0.757489 0.135477 0.107034
0.636972 0.143975 0.219053
0.746123 0.11888 0.134997
0.657797 0.0751921 0.267011
0.670202 0.0855486 0.24425
0.74171 0.0922718 0.166018
0.807143 0.0454552 0.147402
0.739645 0.140938 0.119416
0.837719 0.0794721 0.0828092
0.977908 0.00603469 0.0160577
0.956626 0.0432739 9.9991E-05
0.862887 0.0746191 0.0624937
0.930584 0.066515 0.00290063
0.898068 0.0816721 0.0202597
0.883035 9.9991E-05 0.116865
0.83167 0.0585062 0.109824
0.797722 0.108112 0.0941661
0.744066 0.0803336 0.1756
0.896117 9.9991E-05 0.103784
0.903245 0.0367254 0.0600293
0.817841 0.122349 0.0598096
0.780989 0.0935833 0.125427
0.79503 0.0933963 0.111573
0.831176 0.0850345 0.0837892
0.9998 9.999E-05 9.999E-05
0.9998 9.999E-05 9.999E-05
0.9998 9.999E-05 9.999E-05
0.9998 9.999E-05 9.999E-05
0.9998 9.999E-05 9.999E-05
0.9998 9.999E-05 9.999E-05
0.9998 9.999E-05 9.999E-05
0.9998 9.999E-05 9.999E-05
0.9998 9.999E-05 9.999E-05
0.9998 9.999E-05 9.999E-05
0.903759 0.0707588 0.0254821
0.9998 9.999E-05 9.999E-05
0.9998 9.999E-05 9.999E-05
0.9998 9.999E-05 9.999E-05
0.998617 0.00128298 9.9991E-05
0.947443 0.0524574 9.9991E-05
0.964349 0.0355508 9.9991E-05
0.956864 0.0430358 9.9991E-05
0.945111 0.0547894 9.9991E-05
0.912822 0.0513008 0.0358768
0.935615 0.0336429 0.0307417
0.9998 9.999E-05 9.999E-05
0.933111 0.066789 9.9991E-05
0.956457 0.0316365 0.0119069
0.89478 0.0561511 0.0490687
0.933683 0.0281777 0.0381398
0.887426 0.0749399 0.0376343
0.957094 0.0348654 0.00804033
0.98569 0.0142104 9.9991E-05
0.9998 9.999E-05 9.999E-05
0.9998 9.999E-05 9.999E-05
0.9998 9.999E-05 9.999E-05
0.9998 9.999E-05 9.999E-05
0.9998 9.999E-05 9.999E-05
0.9998 9.999E-05 9.999E-05
0.964096 9.9991E-05 0.0358042
0.983085 0.0168146 9.9991E-05
0.9998 9.999E-05 9.999E-05
0.9998 9.999E-05 9.999E-05
0.9998 9.999E-05 9.999E-05
0.885227 0.114673 9.9991E-05
9.999E-05 0.9998 9.999E-05
0.907511 0.0899588 0.00253054
9.999E-05 0.9998 9.999E-05
9.999E-05 0.9998 9.999E-05
9.999E-05 0.9998 9.999E-05
0.160167 0.773417 0.0664168
9.999E-05 0.9998 9.999E-05
0.110333 0.8895 0.000166795
9.999E-05 0.9998 9.999E-05
9.999E-05 0.9998 9.999E-05
9.999E-05 0.9998 9.999E-05
0.00627784 0.993622 9.9991E-05
0.0257127 0.974187 9.9991E-05
0.1881 0.8118 9.9991E-05
0.066858 0.925197 0.00794493
0.0978618 0.902038 9.99955E-05
0.150999 0.848901 9.9991E-05
0.089181 0.885483 0.0253356
0.0859214 0.910154 0.0039246
0.850502 0.0877237 0.0617747
0.822873 0.103029 0.0740973
0.876503 0.0432258 0.0802716
0.800453 0.08728 0.112267
0.957316 0.0425839 9.9991E-05
0.9998 9.999E-05 9.999E-05
0.97989 0.0200102 9.9991E-05
0.988996 0.0109039 9.9991E-05
0.964019 0.0358808 9.9991E-05
0.97035 0.0295503 9.9991E-05
0.9998 9.999E-05 9.999E-05
0.926327 0.0240178 0.0496552
0.943523 0.0408386 0.015638
0.960559 9.9991E-05 0.0393408
0.976044 9.9991E-05 0.0238558
0.983798 9.9991E-05 0.0161016
0.949334 9.9991E-05 0.0505657
0.983944 9.9991E-05 0.0159559
0.900492 9.9991E-05 0.0994075
0.965786 9.9991E-05 0.0341143
0.960559 9.9991E-05 0.0393408
0.925222 9.9991E-05 0.0746779
0.959383 9.9991E-05 0.0405171
0.957721 9.9991E-05 0.0421786
0.958507 9.9991E-05 0.0413933
