0.9998 9.999E-05 9.999E-05
0.751371 0.113687 0.134942
0.790255 0.148818 0.0609274
0.860035 0.00482051 0.135144
0.633352 0.0143692 0.352279
0.682739 0.104556 0.212705
0.926135 0.073765 9.9991E-05
0.750161 0.0832159 0.166623
0.722976 0.105999 0.171025
0.9998 9.999E-05 9.999E-05
0.9998 9.999E-05 9.999E-05
0.9998 9.999E-05 9.999E-05
0.9998 9.999E-05 9.999E-05
0.9998 9.999E-05 9.999E-05
0.9998 9.999E-05 9.999E-05
0.657637 0.0776272 0.264736
0.512217 0.053415 0.434368
0.763157 0.036441 0.200402
0.575533 9.9991E-05 0.424367
0.528508 0.00400802 0.467484
0.642594 9.9991E-05 0.357306
0.493311 0.109078 0.397611
0.510706 0.0721486 0.417146
0.629831 0.0360164 0.334152
0.571104 0.000647458 0.428248
0.452269 0.0154422 0.532289
0.458218 0.126668 0.415115
0.633207 0.0929358 0.273857
0.526981 0.0670572 0.405962
0.694547 0.0226819 0.282771
0.618592 0.00971736 0.371691
0.512948 0.0580121 0.42904
0.5027 0.0813343 0.415966
0.495683 0.105354 0.398963
0.511635 0.0562331 0.432132
0.711416 9.9991E-05 0.288484
0.412579 0.0655806 0.52184
0.388187 0.0578879 0.553926
0.393 0.098025 0.508975
0.380332 0.00436132 0.615307
0.245883 0.110089 0.644028
0.218152 0.0730787 0.70877
0.391961 0.146913 0.461126
0.237423 0.128024 0.634553
0.269383 0.145831 0.584786
0.388935 0.152297 0.458769
0.337722 0.125751 0.536527
0.332496 0.116532 0.550972
0.341792 0.105226 0.552981
0.460911 0.0718033 0.467286
0.34671 0.101729 0.551561
0.306349 0.140846 0.552806
0.336832 0.137109 0.526059
0.294728 0.0342854 0.670987
0.305428 0.0245818 0.66999
0.254267 0.203934 0.5418
0.334198 0.138685 0.527117
0.27358 0.0821023 0.644318
0.383766 0.137737 0.478497
0.330937 0.077075 0.591988
0.296682 0.0781108 0.625207
0.266564 9.9991E-05 0.733336
0.244805 0.10549 0.649705
0.181535 0.123521 0.694945
0.301658 0.022135 0.676207
0.192214 0.156963 0.650823
0.150453 0.0631596 0.786387
0.196673 0.163105 0.640222
0.344138 0.0967772 0.559084
0.185296 0.140495 0.674209
0.29031 0.155102 0.554587
0.168267 0.105924 0.725809
0.36243 0.0834846 0.554085
0.302762 0.106499 0.590739
0.225345 0.0991677 0.675487
0.22793 0.0415449 0.730525
0.173921 0.144501 0.681579
0.188016 0.0673118 0.744672
0.101447 0.103503 0.79505
0.030865 0.0599994 0.909136
0.0684046 0.0725966 0.858999
0.0612499 0.0525474 0.886203
0.0972626 0.0988477 0.80389
0.169859 0.0319682 0.798173
0.130381 0.126154 0.743464
0.128309 0.133602 0.73809
0.228945 0.0971266 0.673928
0.169493 0.00233063 0.828176
0.14522 0.0850553 0.769725
0.0984245 0.132851 0.768724
0.178997 0.0900163 0.730987
0.15181 0.0882724 0.759918
0.103651 0.104259 0.79209
9.999E-05 9.999E-05 0.9998
9.999E-05 9.999E-05 0.9998
9.999E-05 9.999E-05 0.9998
9.999E-05 9.999E-05 0.9998
9.999E-05 9.999E-05 0.9998
9.999E-05 9.999E-05 0.9998
9.999E-05 9.999E-05 0.9998
9.999E-05 9.999E-05 0.9998
9.999E-05 9.999E-05 0.9998
9.999E-05 9.999E-05 0.9998
0.0465001 0.0616545 0.891845
9.999E-05 9.999E-05 0.9998
9.999E-05 9.999E-05 0.9998
9.999E-05 9.999E-05 0.9998
9.9991E-05 0.00594469 0.993955
9.9991E-05 0.0485963 0.951304
0.0107902 0.042894 0.946316
9.9991E-05 0.054949 0.944951
9.9991E-05 0.0414022 0.958498
0.068724 0.0310975 0.900179
0.0426237 0.0306408 0.926736
0.00722254 0.0273605 0.965417
0.00834934 0.0720783 0.919572
9.99924E-05 0.0622493 0.937651
0.0682683 0.0847905 0.846941
0.0578815 0.0129849 0.929134
0.049038 0.078226 0.872736
0.0264168 0.0913068 0.882276
9.999E-05 9.999E-05 0.9998
9.999E-05 9.999E-05 0.9998
9.999E-05 9.999E-05 0.9998
9.999E-05 9.999E-05 0.9998
9.999E-05 9.999E-05 0.9998
9.999E-05 9.999E-05 0.9998
9.9991E-05 0.0178762 0.982024
0.0289955 0.0399089 0.931096
9.9991E-05 0.0199069 0.979993
9.999E-05 9.999E-05 0.9998
9.999E-05 9.999E-05 0.9998
9.999E-05 9.999E-05 0.9998
9.9991E-05 0.132686 0.867214
9.999E-05 0.9998 9.999E-05
0.0166867 0.0874639 0.895849
9.999E-05 0.9998 9.999E-05
9.999E-05 0.9998 9.999E-05
0.0147624 0.985138 9.9991E-05
0.0480375 0.788348 0.163615
9.999E-05 0.9998 9.999E-05
9.9991E-05 0.850466 0.149435
9.999E-05 0.9998 9.999E-05
9.9991E-05 0.989828 0.0100723
9.999E-05 0.9998 9.999E-05
9.999E-05 0.9998 9.999E-05
9.999E-05 0.9998 9.999E-05
0.000156401 0.808497 0.191346
0.0334486 0.906915 0.0596365
9.9991E-05 0.910807 0.0890933
9.9991E-05 0.872631 0.127269
0.0248371 0.901952 0.0732107
9.9991E-05 0.985525 0.0143749
0.100343 0.0803246 0.819332
0.200988 0.0571656 0.741846
0.124715 0.0841629 0.791122
0.124819 0.0687139 0.806467
0.0365294 0.00631758 0.957153
9.9991E-05 0.018448 0.981452
9.9991E-05 0.0404748 0.959425
9.9991E-05 0.00838862 0.991511
0.0100372 0.0173957 0.972567
9.9991E-05 0.0326841 0.967216
9.9991E-05 0.0198351 0.980065
0.0622953 0.0220253 0.915679
0.0695396 0.0315451 0.898915
0.0841485 9.9991E-05 0.915751
0.0656761 9.9991E-05 0.934224
0.106383 9.9991E-05 0.893517
0.0992225 9.9991E-05 0.900677
0.0492973 9.9991E-05 0.950603
0.108895 9.9991E-05 0.891005
0.0829319 9.9991E-05 0.916968
0.0981321 9.9991E-05 0.901768
0.121316 9.9991E-05 0.878584
0.0998828 9.9991E-05 0.900017
0.0653977 9.9991E-05 0.934502
0.0885809 9.9991E-05 0.911319
