9.999E-05 0.9998 9.999E-05
0.278904 0.626262 0.0948343
0.249639 0.652384 0.0979779
0.392703 0.603984 0.00331273
0.574066 0.425834 9.9991E-05
0.465809 0.496547 0.0376447
0.294531 0.705369 9.9991E-05
0.378284 0.597932 0.0237838
0.392208 0.556422 0.0513704
9.999E-05 0.9998 9.999E-05
9.999E-05 0.9998 9.999E-05
9.999E-05 0.9998 9.999E-05
9.999E-05 0.9998 9.999E-05
9.999E-05 0.9998 9.999E-05
9.999E-05 0.9998 9.999E-05
0.552333 0.447567 9.9991E-05
0.522861 0.413375 0.0637648
0.453624 0.546276 9.9991E-05
0.635395 0.348932 0.0156732
0.666119 0.333781 9.9991E-05
0.554337 0.430263 0.0154004
0.69047 0.30943 9.9991E-05
0.648105 0.351795 9.9991E-05
0.636574 0.363326 9.9991E-05
0.614104 0.383929 0.0019667
0.720116 0.279784 9.9991E-05
0.751366 0.248534 9.9991E-05
0.605531 0.394369 9.9991E-05
0.64762 0.350085 0.00229576
0.529963 0.469937 9.9991E-05
0.559156 0.43025 0.0105939
0.675398 0.324502 9.9991E-05
0.689226 0.310674 9.9991E-05
0.677205 0.322695 9.9991E-05
0.707537 0.292363 9.9991E-05
0.509269 0.482845 0.00788557
0.752664 0.247236 9.9991E-05
0.776612 0.223288 9.9991E-05
0.718864 0.230339 0.050797
0.707426 0.268699 0.0238749
0.848877 0.0976846 0.0534379
0.834642 0.139529 0.0258286
0.739348 0.210147 0.0505047
0.888443 0.0912102 0.0203465
0.899994 0.0999061 9.9991E-05
0.875386 0.124514 9.9991E-05
0.90468 0.0952196 9.9991E-05
0.831398 0.168502 9.9991E-05
0.815403 0.184498 9.9991E-05
0.651319 0.328466 0.0202148
0.77843 0.203674 0.0178966
0.867004 0.132896 9.9991E-05
0.889707 0.110193 9.9991E-05
0.830668 0.139988 0.0293438
0.793647 0.169679 0.0366736
0.879425 0.101906 0.0186692
0.795979 0.18337 0.0206507
0.837697 0.150419 0.0118834
0.847969 0.151931 9.9991E-05
0.782191 0.196395 0.0214136
0.850706 0.123082 0.0262115
0.831482 0.11956 0.0489576
0.842977 0.116629 0.0403943
0.906368 0.0441426 0.0494891
0.841754 0.158146 9.9991E-05
0.9187 0.0617392 0.0195612
0.919984 0.0375244 0.0424916
0.858828 0.0645265 0.0766451
0.807647 0.177174 0.0151794
0.937291 0.0605505 0.00215848
0.741888 0.179914 0.0781985
0.94953 0.0395772 0.0108931
0.826844 0.173056 9.9991E-05
0.840981 0.158919 9.9991E-05
0.868881 0.112085 0.0190338
0.925908 0.0739923 9.9991E-05
0.907887 0.0590717 0.0330416
0.775179 0.0829958 0.141825
0.826584 0.0261214 0.147295
0.854961 9.9991E-05 0.144939
0.893491 0.0203592 0.0861499
0.856823 9.9991E-05 0.143077
0.887448 9.9991E-05 0.112452
0.780358 0.0940769 0.125565
0.72996 0.0407621 0.229278
0.781538 0.0587233 0.159739
0.760814 0.136567 0.102619
0.791147 0.0762389 0.132614
0.798095 0.0131684 0.188737
0.83663 0.0504122 0.112958
0.772257 0.104266 0.123477
0.808319 0.0790557 0.112626
0.745691 0.0557525 0.198556
9.999E-05 9.999E-05 0.9998
0.0238289 0.0340727 0.942098
0.0902094 0.0538084 0.855982
9.999E-05 9.999E-05 0.9998
9.999E-05 9.999E-05 0.9998
9.999E-05 9.999E-05 0.9998
9.999E-05 9.999E-05 0.9998
0.0881825 0.0299182 0.881899
9.999E-05 9.999E-05 0.9998
9.999E-05 9.999E-05 0.9998
0.854514 0.00738502 0.138101
0.106786 9.9991E-05 0.893114
9.999E-05 9.999E-05 0.9998
9.999E-05 9.999E-05 0.9998
0.904622 9.9991E-05 0.0952782
0.894062 9.9991E-05 0.105838
0.863768 9.9991E-05 0.136132
0.847584 9.9991E-05 0.152316
0.826757 9.9991E-05 0.173143
0.862981 0.0228118 0.114207
0.74825 0.023906 0.227844
0.860915 9.9991E-05 0.138985
0.734439 9.9991E-05 0.265461
0.764253 9.9991E-05 0.235647
0.85495 9.9991E-05 0.14495
0.757266 0.00220955 0.240524
0.931315 9.9991E-05 0.0685845
0.866133 9.9991E-05 0.133767
0.988525 9.9991E-05 0.0113748
0.924424 9.9991E-05 0.0754762
0.957068 9.9991E-05 0.0428317
0.973259 9.9991E-05 0.0266406
0.948907 9.9991E-05 0.0509928
0.940494 9.9991E-05 0.0594064
0.960789 9.9991E-05 0.0391112
0.912636 9.9991E-05 0.0872636
0.992145 9.9991E-05 0.00775534
0.972207 9.9991E-05 0.0276929
0.900541 9.9991E-05 0.099359
0.930745 9.9991E-05 0.0691549
0.912047 9.9991E-05 0.0878533
0.9998 9.999E-05 9.999E-05
0.832303 9.9991E-05 0.167597
0.9998 9.999E-05 9.999E-05
0.9998 9.999E-05 9.999E-05
0.9998 9.999E-05 9.999E-05
0.9998 9.999E-05 9.999E-05
0.9998 9.999E-05 9.999E-05
0.9998 9.999E-05 9.999E-05
0.9998 9.999E-05 9.999E-05
0.9998 9.999E-05 9.999E-05
0.9998 9.999E-05 9.999E-05
0.9998 9.999E-05 9.999E-05
0.9998 9.999E-05 9.999E-05
0.997131 9.9991E-05 0.00276937
0.9998 9.999E-05 9.999E-05
0.9998 9.999E-05 9.999E-05
0.9998 9.999E-05 9.999E-05
0.9998 9.999E-05 9.999E-05
0.9998 9.999E-05 9.999E-05
0.859375 0.0354322 0.105193
0.906768 0.0198635 0.0733683
0.838219 0.0646469 0.0971343
0.894888 0.0470213 0.0580904
0.82932 9.9991E-05 0.17058
0.738021 9.9991E-05 0.261879
0.801328 9.9991E-05 0.198572
0.770642 9.9991E-05 0.229258
0.777371 9.9991E-05 0.222529
0.776864 9.9991E-05 0.223036
0.762064 9.9991E-05 0.237836
0.757316 0.0787605 0.163923
0.839889 0.0190652 0.141046
0.983271 0.0166285 9.9991E-05
0.9998 9.999E-05 9.999E-05
0.9998 9.999E-05 9.999E-05
0.987616 0.0122844 9.9991E-05
0.9998 9.999E-05 9.999E-05
0.981803 0.0180972 9.9991E-05
0.997026 0.00287434 9.9991E-05
0.992862 0.00703763 9.9991E-05
0.989586 0.0103139 9.9991E-05
0.9998 9.999E-05 9.999E-05
0.990886 0.00901431 9.9991E-05
0.989704 0.0101957 9.9991E-05
