0.9998 9.999E-05 9.999E-05
0.877377 9.9991E-05 0.122523
0.809401 0.190499 9.9991E-05
0.683294 0.164434 0.152272
0.819081 0.154539 0.0263797
0.9998 9.999E-05 9.999E-05
0.897142 0.0998072 0.00305102
0.862879 0.137021 9.9991E-05
0.646109 0.33112 0.0227709
0.602182 0.24542 0.152398
0.799441 0.00793771 0.192621
0.845607 9.9991E-05 0.154293
0.995553 9.9991E-05 0.00434657
0.763378 0.000225329 0.236397
0.705172 9.9991E-05 0.294728
0.889997 0.0221412 0.0878617
0.865419 0.0135107 0.121071
0.548278 0.281149 0.170573
0.630135 0.156295 0.21357
0.846652 0.15141 0.00193721
0.803841 9.9991E-05 0.196059
0.813689 0.137289 0.0490225
0.884699 9.9991E-05 0.115201
0.766986 0.0766184 0.156395
0.68784 9.9991E-05 0.31206
0.613673 0.163261 0.223066
0.370307 0.523384 0.10631
0.465523 0.0489604 0.485516
0.531398 0.102329 0.366273
0.454265 0.0678174 0.477918
9.9991E-05 0.739956 0.259944
0.190813 0.72703 0.0821571
0.0626163 0.862197 0.0751869
0.0444177 0.955482 9.9991E-05
0.273502 0.6735 0.0529976
0.147285 0.848262 0.00445328
0.339828 0.660072 9.9991E-05
0.195576 0.726946 0.0774779
0.0398561 0.960044 9.9991E-05
0.142604 0.471879 0.385517
0.0706596 0.921166 0.00817425
0.189754 0.595759 0.214487
0.130331 0.768075 0.101594
0.139502 0.798491 0.0620066
0.013818 0.875739 0.110443
0.0504503 0.891528 0.0580214
9.9991E-05 0.836386 0.163514
9.9991E-05 0.876564 0.123336
0.126171 0.873729 9.9991E-05
0.0892932 0.813643 0.0970637
9.9991E-05 0.880086 0.119814
9.999E-05 0.9998 9.999E-05
9.9991E-05 0.797718 0.202182
9.9991E-05 0.860238 0.139662
9.999E-05 0.9998 9.999E-05
9.9991E-05 0.704104 0.295796
0.0541361 0.307915 0.637949
0.0440651 0.317048 0.638886
0.0432503 0.348078 0.608671
0.161885 0.268556 0.569558
9.9991E-05 0.246419 0.753481
0.0278806 0.35636 0.61576
0.0117054 0.277168 0.711127
9.999E-05 9.999E-05 0.9998
9.9991E-05 0.163347 0.836553
9.9991E-05 0.0280476 0.971852
9.9991E-05 0.0362802 0.96362
0.00103498 9.9991E-05 0.998865
9.9991E-05 0.069906 0.929994
9.9991E-05 0.110667 0.889233
9.9991E-05 0.042738 0.957162
0.0450179 0.376817 0.578165
9.9991E-05 0.121682 0.878218
0.00944023 0.259705 0.730855
0.00489461 9.9991E-05 0.995005
9.999E-05 9.999E-05 0.9998
0.0840112 0.231044 0.684945
