0.9998 9.999E-05 9.999E-05
0.676103 0.116919 0.206977
0.693915 0.144136 0.16195
0.713141 0.014292 0.272567
0.544646 9.9991E-05 0.455254
0.603773 0.106249 0.289979
0.823076 0.0308502 0.146074
0.649733 0.114866 0.235401
0.590236 0.134828 0.274936
0.9998 9.999E-05 9.999E-05
0.9998 9.999E-05 9.999E-05
0.9998 9.999E-05 9.999E-05
0.9998 9.999E-05 9.999E-05
0.9998 9.999E-05 9.999E-05
0.9998 9.999E-05 9.999E-05
0.550867 0.0490522 0.40008
0.506565 0.0924856 0.400949
0.639718 0.0215403 0.338742
0.450368 0.00687947 0.542752
0.413218 0.0648961 0.521886
0.528209 9.9991E-05 0.471691
0.37272 0.111081 0.5162
0.393396 0.0751134 0.531491
0.525677 0.0559359 0.418387
0.476567 9.9991E-05 0.523333
0.374594 0.0369473 0.588458
0.378858 0.0996573 0.521484
0.522594 0.102897 0.374509
0.428774 0.0459121 0.525314
0.572275 0.0421586 0.385566
0.516652 0.00519541 0.478152
0.404524 0.0554267 0.540049
0.377045 0.103138 0.519817
0.410708 0.0778088 0.511484
0.407293 0.063993 0.528714
0.621205 0.00338366 0.375411
0.335841 0.0635679 0.600591
0.307633 0.0682931 0.624074
0.337883 0.069307 0.59281
0.338075 9.9991E-05 0.661825
0.177299 0.0937587 0.728942
0.193242 0.106624 0.700134
0.277314 0.156684 0.566002
0.172674 0.115357 0.711969
0.174335 0.126044 0.69962
0.23909 0.15408 0.606831
0.248667 0.122277 0.629056
0.247406 0.106956 0.645638
0.265119 0.102951 0.63193
0.365544 0.0580315 0.576425
0.265318 0.100933 0.633749
0.240727 0.147779 0.611494
0.261359 0.0866415 0.652
0.210372 0.0264205 0.763208
0.22769 0.0369349 0.735375
0.216966 0.131156 0.651878
0.268344 0.104171 0.627485
0.222745 0.0572145 0.720041
0.257145 0.159186 0.583668
0.286007 0.0282822 0.68571
0.208321 0.028581 0.763098
0.196441 0.0285385 0.775021
0.191743 0.0865581 0.721699
0.107299 0.13734 0.755361
0.21879 9.9991E-05 0.78111
0.137163 0.158757 0.70408
0.117507 0.0907464 0.791746
0.163047 0.127421 0.709531
0.2342 0.098949 0.666851
0.108742 0.160571 0.730687
0.214722 0.162798 0.62248
0.137833 0.0634106 0.798757
0.26684 0.0630799 0.67008
0.250603 0.077132 0.672265
0.17794 0.052755 0.769305
0.156472 0.0711908 0.772337
0.127291 0.144832 0.727878
0.104132 0.0549363 0.840931
0.0478274 0.0543122 0.89786
9.9991E-05 0.0506628 0.949237
0.0512153 0.0761183 0.872666
9.9991E-05 0.0642522 0.935648
0.0268341 0.072141 0.901025
0.103661 0.0644375 0.831901
0.0903062 0.0633644 0.846329
0.0463662 0.124418 0.829216
0.159158 0.0975976 0.743245
0.105467 0.0213253 0.873208
0.0381922 0.0693098 0.892498
0.0667193 0.0974141 0.835867
0.124683 0.0525811 0.822736
0.100898 0.0820318 0.81707
0.0700557 0.0785507 0.851394
9.999E-05 9.999E-05 0.9998
9.999E-05 9.999E-05 0.9998
9.999E-05 9.999E-05 0.9998
9.999E-05 9.999E-05 0.9998
9.999E-05 9.999E-05 0.9998
9.999E-05 9.999E-05 0.9998
9.999E-05 9.999E-05 0.9998
9.999E-05 9.999E-05 0.9998
9.999E-05 9.999E-05 0.9998
9.999E-05 9.999E-05 0.9998
0.00797615 0.079654 0.91237
9.999E-05 9.999E-05 0.9998
9.999E-05 9.999E-05 0.9998
9.999E-05 9.999E-05 0.9998
9.9991E-05 0.0209411 0.978959
9.9991E-05 0.0632636 0.936636
0.00735255 0.0455502 0.947097
9.9991E-05 0.0833826 0.916517
9.9991E-05 0.0249736 0.974926
0.0175459 0.0152204 0.967234
0.0147721 9.99941E-05 0.985128
9.9991E-05 0.00993728 0.989963
9.9991E-05 0.0611955 0.938705
0.00532164 0.0450392 0.949639
0.0302433 0.0727933 0.896963
0.0499455 0.0569351 0.893119
0.050883 0.0955289 0.853588
0.0180435 0.0492485 0.932708
9.999E-05 0.9998 9.999E-05
9.9991E-05 0.091262 0.908638
9.999E-05 0.9998 9.999E-05
9.999E-05 0.9998 9.999E-05
0.00683014 0.949715 0.0434544
0.0282671 0.78163 0.190103
9.999E-05 0.9998 9.999E-05
9.9991E-05 0.853076 0.146824
9.9991E-05 0.991456 0.00844384
9.9991E-05 0.998102 0.00179759
9.999E-05 0.9998 9.999E-05
9.999E-05 0.9998 9.999E-05
9.9991E-05 0.972064 0.0278364
9.9991E-05 0.810197 0.189703
0.0245429 0.975357 9.9991E-05
0.0165126 0.900415 0.0830725
9.9991E-05 0.919398 0.0805023
0.0366506 0.864421 0.0989281
9.999E-05 0.9998 9.999E-05
9.999E-05 9.999E-05 0.9998
9.999E-05 9.999E-05 0.9998
9.999E-05 9.999E-05 0.9998
9.999E-05 9.999E-05 0.9998
9.999E-05 9.999E-05 0.9998
9.999E-05 9.999E-05 0.9998
9.999E-05 9.999E-05 0.9998
0.0114713 0.0145816 0.973947
9.9991E-05 0.0392913 0.960609
9.999E-05 9.999E-05 0.9998
9.999E-05 9.999E-05 0.9998
9.999E-05 9.999E-05 0.9998
9.9991E-05 0.0811772 0.918723
0.094271 0.0547198 0.851009
0.11 0.0378167 0.852184
0.0913715 0.0516788 0.85695
0.104196 0.070187 0.825617
9.999E-05 9.999E-05 0.9998
9.999E-05 9.999E-05 0.9998
9.9991E-05 0.0314026 0.968497
9.999E-05 9.999E-05 0.9998
9.9991E-05 0.00595476 0.993945
9.9991E-05 0.00645361 0.993446
9.999E-05 9.999E-05 0.9998
0.0765746 0.0514478 0.871978
0.0130698 0.0486731 0.938257
0.0586366 9.9991E-05 0.941263
0.0489409 9.9991E-05 0.950959
0.0348437 9.9991E-05 0.965056
0.0540075 9.9991E-05 0.945892
0.0215613 9.9991E-05 0.978339
0.0899711 9.9991E-05 0.909929
0.0308019 9.9991E-05 0.969098
0.0590628 9.9991E-05 0.940837
0.0586631 9.9991E-05 0.941237
0.0261935 9.9991E-05 0.973707
0.0321308 9.9991E-05 0.967769
0.0399576 9.9991E-05 0.959942
