9.99101E-05 9.99101E-05 9.99101E-05 0.999001 9.99101E-05 9.99101E-05 9.99101E-05 9.99101E-05 9.99101E-05 9.99101E-05 9.99101E-05
9.9955E-05 0.0735828 9.9955E-05 0.05627 9.9955E-05 0.0147427 9.9955E-05 9.9955E-05 0.0867392 0.000323577 0.767842
9.9919E-05 9.9919E-05 9.9919E-05 0.00630061 9.9919E-05 0.9928 9.9919E-05 9.9919E-05 9.9919E-05 9.9919E-05 9.9919E-05
0.0151338 9.9937E-05 9.9937E-05 9.9937E-05 9.9937E-05 0.854374 9.9937E-05 0.102112 9.9937E-05 0.0276809 9.9937E-05
0.0309226 0.0295644 9.9937E-05 9.9937E-05 9.9937E-05 9.9937E-05 9.9937E-05 9.9937E-05 9.9937E-05 0.013261 0.925552
9.9919E-05 9.9919E-05 9.9919E-05 0.0316587 9.9919E-05 9.9919E-05 9.9919E-05 9.9919E-05 9.9919E-05 9.9919E-05 0.967442
0.035474 0.0111569 9.9955E-05 0.0645279 9.9955E-05 9.9955E-05 0.0519794 9.9955E-05 9.9955E-05 0.00388898 0.832473
9.99101E-05 0.999001 9.99101E-05 9.99101E-05 9.99101E-05 9.99101E-05 9.99101E-05 9.99101E-05 9.99101E-05 9.99101E-05 9.99101E-05
9.9946E-05 0.0241631 9.9946E-05 9.9946E-05 0.211695 0.0750102 9.9946E-05 9.9946E-05 0.0726993 9.9946E-05 0.615832
0.0475298 0.526 9.9973E-05 0.0848179 0.0962371 0.142588 0.0158919 9.9973E-05 0.0485644 0.038072 9.9973E-05
9.9937E-05 9.9937E-05 0.347991 9.9937E-05 9.9937E-05 9.9937E-05 9.9937E-05 0.518566 9.9937E-05 0.0470048 0.0857387
9.99281E-05 0.00151981 0.765465 9.99281E-05 9.99281E-05 9.99281E-05 0.232216 9.99281E-05 9.99281E-05 9.99281E-05 9.99281E-05
9.9955E-05 9.9955E-05 0.631698 0.0131983 9.9955E-05 0.0179676 0.0593108 0.0635565 9.9955E-05 9.9955E-05 0.213769
9.9919E-05 9.9919E-05 9.9919E-05 9.9919E-05 9.9919E-05 9.9919E-05 0.972328 9.9919E-05 9.9919E-05 0.0267727 9.9919E-05
9.9928E-05 9.9928E-05 0.888314 9.9928E-05 9.9928E-05 0.0639553 9.9928E-05 9.9928E-05 9.9928E-05 0.0469314 9.9928E-05
9.9946E-05 0.000227948 0.573322 0.0153111 9.9946E-05 9.9946E-05 0.0668143 0.343725 9.9946E-05 9.9946E-05 9.9946E-05
9.99101E-05 9.99101E-05 9.99101E-05 9.99101E-05 9.99101E-05 9.99101E-05 9.99101E-05 0.999001 9.99101E-05 9.99101E-05 9.99101E-05
9.994E-05 9.994E-05 9.994E-05 9.994E-05 0.0307706 0.041883 0.303086 0.319007 0.304654 9.994E-05 9.994E-05
0.119835 9.99635E-05 0.587102 0.00336935 0.0144131 9.99635E-05 0.268915 9.99635E-05 9.99635E-05 0.00586523 9.99635E-05
9.99191E-05 9.99191E-05 9.99191E-05 9.99191E-05 9.99191E-05 0.0203191 0.978782 9.99191E-05 9.99191E-05 9.99191E-05 9.99191E-05
9.9955E-05 0.00547652 9.9955E-05 0.0287109 9.9955E-05 0.0122902 0.696204 0.10488 0.151938 9.9955E-05 9.9955E-05
0.00784448 0.325766 0.277138 9.9964E-05 0.00779027 0.031154 9.9964E-05 0.337751 0.012157 9.9964E-05 9.9964E-05
9.9937E-05 9.9937E-05 0.0926301 0.0894288 9.9937E-05 9.9937E-05 9.9937E-05 0.81572 9.9937E-05 0.00152112 9.9937E-05
9.9928E-05 9.9928E-05 9.9928E-05 9.9928E-05 9.9928E-05 9.9928E-05 0.0571638 0.926463 0.0155733 9.9928E-05 9.9928E-05
9.9937E-05 0.00825273 0.770404 9.9937E-05 9.9937E-05 0.0279708 0.192673 9.9937E-05 9.9937E-05 9.9937E-05 9.9937E-05
9.9946E-05 0.0165807 0.28407 0.0262694 9.9946E-05 9.9946E-05 0.522473 9.9946E-05 0.150007 9.9946E-05 9.9946E-05
0.0712602 9.9937E-05 0.683073 9.9937E-05 0.240268 9.9937E-05 9.9937E-05 9.9937E-05 0.00469942 9.9937E-05 9.9937E-05
0.0514012 9.9955E-05 0.624089 9.9955E-05 9.9955E-05 0.061637 9.9955E-05 9.9955E-05 0.227619 0.0160638 0.0186907
9.9937E-05 9.9937E-05 0.733022 0.0202922 0.0862502 9.9937E-05 9.9937E-05 9.9937E-05 0.159736 9.9937E-05 9.9937E-05
9.9919E-05 9.9919E-05 0.890575 9.9919E-05 9.9919E-05 9.9919E-05 9.9919E-05 9.9919E-05 0.108526 9.9919E-05 9.9919E-05
0.0610309 9.9937E-05 9.9937E-05 9.9937E-05 0.59089 0.105171 9.9937E-05 9.9937E-05 0.242209 9.9937E-05 9.9937E-05
0.0962088 9.9964E-05 0.000150783 0.0129398 0.492867 0.0776925 9.9964E-05 9.9964E-05 0.216183 9.9964E-05 0.103559
0.0729291 9.9946E-05 0.19231 9.9946E-05 0.640077 0.0231549 9.9946E-05 9.9946E-05 0.0709291 9.9946E-05 9.9946E-05
0.199626 0.00986318 0.0484147 9.9946E-05 0.703148 9.9946E-05 9.9946E-05 0.038348 9.9946E-05 9.9946E-05 9.9946E-05
9.9937E-05 9.9937E-05 0.152942 9.9937E-05 0.813249 9.9937E-05 0.0274105 9.9937E-05 9.9937E-05 0.005699 9.9937E-05
9.99191E-05 9.99191E-05 9.99191E-05 0.0131631 0.985938 9.99191E-05 9.99191E-05 9.99191E-05 9.99191E-05 9.99191E-05 9.99191E-05
0.0545146 0.152051 9.9964E-05 0.0221006 0.595466 0.0160193 0.0986632 9.9964E-05 9.9964E-05 9.9964E-05 0.0607853
9.9928E-05 9.9928E-05 9.9928E-05 0.0713886 0.836964 9.9928E-05 9.9928E-05 0.0908481 9.9928E-05 9.9928E-05 9.9928E-05
0.0310029 9.9937E-05 9.9937E-05 9.9937E-05 0.891651 9.9937E-05 0.0623954 9.9937E-05 9.9937E-05 0.0142515 9.9937E-05
0.0659106 9.9955E-05 0.185829 0.030547 0.462885 9.9955E-05 9.9955E-05 9.9955E-05 0.198277 0.0560511 9.9955E-05
9.9946E-05 0.0218918 9.9946E-05 9.9946E-05 0.916235 9.9946E-05 9.9946E-05 9.9946E-05 0.0298728 0.00670727 0.0246937
0.143766 0.00218889 0.0836531 0.111301 0.256994 0.058012 0.0506855 9.9973E-05 0.293099 9.9973E-05 9.9973E-05
9.9955E-05 0.0197673 0.12798 9.9955E-05 0.813701 0.000292837 9.9955E-05 9.9955E-05 0.0161607 0.0215985 9.9955E-05
0.250323 0.00992207 0.182638 9.9964E-05 0.484421 9.9964E-05 9.9964E-05 0.041389 0.00871674 0.0221902 9.9964E-05
0.559978 9.99461E-05 0.0112963 9.99461E-05 0.253613 0.0826486 9.99461E-05 9.99461E-05 0.0918653 9.99461E-05 9.99461E-05
0.800526 0.028159 0.169122 0.00149377 9.9937E-05 9.9937E-05 9.9937E-05 9.9937E-05 9.9937E-05 9.9937E-05 9.9937E-05
0.81696 9.99371E-05 9.99371E-05 9.99371E-05 0.0906133 9.99371E-05 9.99371E-05 9.99371E-05 9.99371E-05 0.0671167 0.02461
0.85156 9.9919E-05 9.9919E-05 9.9919E-05 9.9919E-05 9.9919E-05 9.9919E-05 9.9919E-05 0.147541 9.9919E-05 9.9919E-05
0.62105 0.00823258 0.253009 9.9937E-05 9.9937E-05 0.117008 9.9937E-05 9.9937E-05 9.9937E-05 9.9937E-05 9.9937E-05
0.485553 0.068953 9.9964E-05 9.9964E-05 0.248019 0.00395196 0.0541503 9.9964E-05 0.135306 9.9964E-05 0.0036668
0.865186 9.9937E-05 9.9937E-05 9.9937E-05 9.9937E-05 9.9937E-05 0.00479593 0.0427988 0.0865195 9.9937E-05 9.9937E-05
0.959135 9.9928E-05 9.9928E-05 0.0357494 9.9928E-05 9.9928E-05 0.00431581 9.9928E-05 9.9928E-05 9.9928E-05 9.9928E-05
0.84339 9.9946E-05 9.9946E-05 0.0359214 9.9946E-05 9.9946E-05 9.9946E-05 0.0191021 0.0957604 0.00522605 9.9946E-05
0.752532 9.9946E-05 9.9946E-05 9.9946E-05 0.107966 9.9946E-05 9.9946E-05 0.0393614 0.0969568 0.0025841 9.9946E-05
0.885016 9.9937E-05 9.9937E-05 9.9937E-05 0.106911 9.9937E-05 0.00292941 9.9937E-05 0.00444349 9.9937E-05 9.9937E-05
0.839021 9.9955E-05 9.9955E-05 0.00735794 9.9955E-05 0.0167147 9.9955E-05 9.9955E-05 0.096867 0.0385595 0.00098063
0.0525614 9.9964E-05 0.0480772 9.9964E-05 0.0555778 9.9964E-05 0.00378614 9.9964E-05 0.787327 0.0320478 0.0202232
9.9955E-05 0.00181618 0.0770962 9.9955E-05 9.9955E-05 0.0251262 9.9955E-05 0.0462961 0.754525 9.9955E-05 0.0946401
0.0949761 9.9955E-05 9.9955E-05 0.0300066 0.026179 9.9955E-05 9.9955E-05 0.0106822 0.773773 9.9955E-05 0.0638829
0.0617698 0.0832477 0.173292 9.9964E-05 0.0746861 9.9964E-05 9.9964E-05 9.9964E-05 0.518518 0.0237324 0.0643544
0.116276 0.00290163 9.9955E-05 0.00348147 0.043343 9.9955E-05 0.0322316 9.9955E-05 0.801266 9.9955E-05 9.9955E-05
9.9937E-05 9.9937E-05 9.9937E-05 0.016596 0.46074 9.9937E-05 9.9937E-05 9.9937E-05 0.407957 0.114007 9.9937E-05
0.107172 9.9973E-05 0.0227003 0.0249288 0.0746438 0.00994899 9.9973E-05 0.0144804 0.699426 9.9973E-05 0.0463991
9.99191E-05 9.99191E-05 9.99191E-05 9.99191E-05 9.99191E-05 9.99191E-05 9.99191E-05 9.99191E-05 0.980914 0.0181871 9.99191E-05
9.9937E-05 9.9937E-05 0.01668 9.9937E-05 0.140702 9.9937E-05 0.0707174 9.9937E-05 0.771201 9.9937E-05 9.9937E-05
9.99191E-05 9.99191E-05 0.0307546 9.99191E-05 9.99191E-05 9.99191E-05 9.99191E-05 9.99191E-05 0.968346 9.99191E-05 9.99191E-05
9.99191E-05 9.99191E-05 0.0269654 9.99191E-05 9.99191E-05 9.99191E-05 9.99191E-05 9.99191E-05 0.972135 9.99191E-05 9.99191E-05
9.9919E-05 9.9919E-05 0.0241234 9.9919E-05 9.9919E-05 9.9919E-05 9.9919E-05 9.9919E-05 0.974977 9.9919E-05 9.9919E-05
9.9946E-05 9.9946E-05 9.9946E-05 0.00942232 0.0468043 9.9946E-05 9.9946E-05 0.00254931 0.928219 0.0124058 9.9946E-05
0.0631211 9.9928E-05 9.9928E-05 9.9928E-05 9.9928E-05 0.0491966 9.9928E-05 9.9928E-05 0.886883 9.9928E-05 9.9928E-05
9.99371E-05 9.99371E-05 9.99371E-05 9.99371E-05 0.0604189 0.00345754 9.99371E-05 0.000719759 0.934704 9.99371E-05 9.99371E-05
0.0475048 0.113096 9.9955E-05 9.9955E-05 0.139196 9.9955E-05 0.123091 9.9955E-05 0.567167 0.00944609 9.9955E-05
0.0268441 0.0254409 9.9946E-05 9.9946E-05 9.9946E-05 0.0361249 9.9946E-05 9.9946E-05 0.908559 0.0024318 9.9946E-05
0.110487 9.9964E-05 0.0658498 0.0332963 0.0684293 9.9964E-05 0.0636164 9.9964E-05 0.599971 0.0579501 9.9964E-05
0.0967079 9.9973E-05 0.0143843 0.000992889 9.9973E-05 0.0159252 0.0232582 0.0399309 0.303853 0.504648 9.9973E-05
9.99101E-05 9.99101E-05 9.99101E-05 9.99101E-05 9.99101E-05 9.99101E-05 9.99101E-05 9.99101E-05 9.99101E-05 0.999001 9.99101E-05
0.0843501 9.9964E-05 0.168508 0.0374215 0.0686162 0.0115639 9.9964E-05 9.9964E-05 0.55238 0.0767607 9.9964E-05
