9.999E-05 0.9998 9.999E-05
0.209072 0.675357 0.115571
0.133787 0.684082 0.182131
0.316043 0.666687 0.0172703
0.453803 0.539681 0.00651613
0.313839 0.589881 0.0962801
0.0995296 0.828615 0.0718549
0.233792 0.649008 0.1172
0.286442 0.621841 0.0917173
9.999E-05 0.9998 9.999E-05
9.999E-05 0.9998 9.999E-05
9.999E-05 0.9998 9.999E-05
9.999E-05 0.9998 9.999E-05
9.999E-05 0.9998 9.999E-05
9.999E-05 0.9998 9.999E-05
0.36144 0.575402 0.0631582
0.43895 0.491632 0.0694182
0.30642 0.671315 0.0222649
0.540712 0.450619 0.00866881
0.584154 0.391588 0.0242584
0.450663 0.549237 9.9991E-05
0.496185 0.3997 0.104115
0.424711 0.44735 0.127939
0.401515 0.52071 0.0777751
0.520734 0.479166 9.9991E-05
0.62117 0.368699 0.0101313
0.496872 0.391478 0.111649
0.38616 0.514984 0.0988565
0.508256 0.444434 0.0473099
0.414231 0.585669 9.9991E-05
0.488586 0.511314 9.9991E-05
0.534404 0.374313 0.0912824
0.462538 0.414781 0.122681
0.514366 0.379023 0.106611
0.463905 0.424166 0.11193
0.397782 0.602118 9.9991E-05
0.599724 0.326131 0.0741448
0.645194 0.311523 0.0432835
0.585756 0.332833 0.0814108
0.671654 0.324678 0.00366822
0.7542 0.132501 0.113299
0.78698 0.140668 0.0723522
0.573557 0.302268 0.124174
0.708071 0.193169 0.0987595
0.696082 0.18526 0.118658
0.597016 0.249946 0.153038
0.667544 0.21434 0.118116
0.623101 0.257326 0.119574
0.629484 0.260187 0.110329
0.559539 0.386283 0.0541787
0.642157 0.288935 0.068908
0.640979 0.217373 0.141649
0.674823 0.263278 0.0618991
0.757195 0.230715 0.0120895
0.72278 0.23238 0.0448399
0.601111 0.20357 0.195318
0.651314 0.244782 0.103904
0.775968 0.191607 0.0324249
0.590479 0.261216 0.148306
0.685266 0.262793 0.0519408
0.749162 0.230202 0.0206355
0.744862 0.1908 0.0643384
0.670293 0.205669 0.124037
0.808062 0.0978699 0.0940677
0.776962 0.222938 9.9991E-05
0.727482 0.149913 0.122605
0.852275 0.119928 0.0277971
0.782639 0.110269 0.107092
0.687379 0.244748 0.0678729
0.793669 0.123589 0.0827418
0.650796 0.229798 0.119406
0.794543 0.106715 0.0987417
0.683494 0.2635 0.053006
0.678871 0.271157 0.049972
0.765733 0.160661 0.0736054
0.80155 0.148952 0.0494984
0.766812 0.10461 0.128579
0.760482 0.173808 0.0657096
0.900694 0.0245651 0.0747404
0.960741 9.9991E-05 0.0391595
0.848373 0.0726085 0.079018
0.900987 0.0531474 0.0458651
0.910732 9.9991E-05 0.0891677
0.861637 0.109086 0.0292768
0.874379 0.103289 0.022332
0.781973 0.103576 0.114451
0.73125 0.146447 0.122302
0.869589 0.101805 0.0286061
0.833518 0.0837487 0.0827331
0.82201 0.0540155 0.123974
0.7449 0.139587 0.115513
0.785391 0.105818 0.108791
0.886133 0.0609537 0.0529128
0.9998 9.999E-05 9.999E-05
0.9998 9.999E-05 9.999E-05
0.98802 9.9991E-05 0.0118803
0.9998 9.999E-05 9.999E-05
0.9998 9.999E-05 9.999E-05
0.9998 9.999E-05 9.999E-05
0.9998 9.999E-05 9.999E-05
0.9998 9.999E-05 9.999E-05
0.9998 9.999E-05 9.999E-05
0.9998 9.999E-05 9.999E-05
0.953704 0.0129548 0.0333414
0.9998 9.999E-05 9.999E-05
0.9998 9.999E-05 9.999E-05
0.9998 9.999E-05 9.999E-05
0.971754 0.00339463 0.0248513
0.935117 9.9991E-05 0.0647828
0.926924 9.9991E-05 0.0729757
0.9409 9.9991E-05 0.0589998
0.95728 0.0124852 0.0302347
0.944457 0.055443 9.9991E-05
0.939427 9.9991E-05 0.0604728
0.958178 9.9991E-05 0.041722
0.891787 0.0154304 0.0927828
0.930037 0.000360594 0.0696021
0.948137 0.0212379 0.0306247
0.959384 0.00495502 0.0356608
0.864797 0.0327464 0.102457
0.914189 0.0208599 0.0649511
0.9998 9.999E-05 9.999E-05
0.9998 9.999E-05 9.999E-05
0.9998 9.999E-05 9.999E-05
0.9998 9.999E-05 9.999E-05
0.992915 9.9991E-05 0.00698482
0.9998 9.999E-05 9.999E-05
0.9998 9.999E-05 9.999E-05
0.991566 0.00833378 9.9991E-05
0.961961 9.9991E-05 0.0379391
0.9998 9.999E-05 9.999E-05
0.976429 9.9991E-05 0.0234711
0.9998 9.999E-05 9.999E-05
0.921693 9.9991E-05 0.0782071
9.999E-05 9.999E-05 0.9998
0.899908 9.9991E-05 0.0999918
9.999E-05 9.999E-05 0.9998
9.999E-05 9.999E-05 0.9998
0.00762973 9.9991E-05 0.99227
0.15615 0.0167184 0.827131
9.999E-05 9.999E-05 0.9998
0.137719 0.00413062 0.85815
0.0237481 0.00565931 0.970593
0.0203643 9.9991E-05 0.979536
9.999E-05 9.999E-05 0.9998
9.999E-05 9.999E-05 0.9998
0.0172898 9.9991E-05 0.98261
0.223224 9.9991E-05 0.776677
0.0237659 9.9991E-05 0.976134
0.122009 9.9991E-05 0.877891
0.140517 0.00457969 0.854904
0.0511472 0.0495837 0.899269
0.0298154 9.9991E-05 0.970085
0.852288 0.0829195 0.064792
0.809457 0.097535 0.0930082
0.870902 0.0826982 0.0463996
0.823654 0.101659 0.0746867
0.990932 9.9991E-05 0.00896773
0.987646 9.9991E-05 0.0122537
0.954434 9.9991E-05 0.0454657
0.973656 9.9991E-05 0.0262438
0.96079 9.9991E-05 0.0391096
0.968365 9.9991E-05 0.0315347
0.98479 9.9991E-05 0.0151104
0.814707 0.0360685 0.149224
0.911375 0.0394844 0.0491402
0.969955 0.029945 9.9991E-05
0.963559 0.0363411 9.9991E-05
0.959279 0.0406214 9.9991E-05
0.945804 0.0540962 9.9991E-05
0.974902 0.0249975 9.9991E-05
0.911143 0.0887566 9.9991E-05
0.935561 0.0643391 9.9991E-05
0.965819 0.0340814 9.9991E-05
0.95462 0.0452805 9.9991E-05
0.962591 0.0373093 9.9991E-05
0.948097 0.0518028 9.9991E-05
0.961258 0.0386422 9.9991E-05
