9.999E-05 0.9998 9.999E-05
0.155073 0.672187 0.172741
0.173088 0.681181 0.145731
9.999E-05 0.737197 0.262703
0.0220908 0.603961 0.373948
0.0948845 0.611505 0.293611
0.0548045 0.837644 0.107551
0.0999527 0.688281 0.211766
0.0895361 0.607329 0.303135
9.999E-05 0.9998 9.999E-05
9.999E-05 0.9998 9.999E-05
9.999E-05 0.9998 9.999E-05
9.999E-05 0.9998 9.999E-05
9.999E-05 0.9998 9.999E-05
9.999E-05 0.9998 9.999E-05
0.071668 0.57161 0.356722
0.0729767 0.49225 0.434774
0.0438607 0.70054 0.255599
0.0041155 0.486498 0.509386
0.0344512 0.454258 0.511291
9.9991E-05 0.61474 0.38516
0.156565 0.408014 0.435421
0.0740089 0.465855 0.460136
0.0580319 0.549703 0.392266
9.9991E-05 0.511853 0.488047
0.0449862 0.400389 0.554624
0.101164 0.413249 0.485587
0.091141 0.540723 0.368136
0.0432375 0.47374 0.483023
0.0109523 0.61417 0.374878
9.9991E-05 0.53019 0.469711
0.0336607 0.456335 0.510004
0.0819538 0.417021 0.501025
0.120726 0.354117 0.525158
0.0974287 0.435742 0.46683
0.0139144 0.611901 0.374184
0.0586663 0.357028 0.584306
0.0818904 0.299393 0.618717
0.0749184 0.33015 0.594932
9.9991E-05 0.358664 0.641236
0.0938267 0.167493 0.73868
0.147821 0.148725 0.703454
0.144927 0.28786 0.567212
0.114747 0.174141 0.711112
0.131766 0.17904 0.689194
0.11713 0.305332 0.577537
0.102185 0.278774 0.619041
0.0995705 0.295129 0.605301
0.112052 0.293255 0.594693
0.0628548 0.377593 0.559552
0.138716 0.305473 0.555811
0.127312 0.251073 0.621615
0.132753 0.260711 0.606535
0.0174431 0.257449 0.725108
0.0636237 0.230732 0.705644
0.169742 0.2149 0.615358
0.128117 0.266197 0.605685
0.0779638 0.223139 0.698897
0.160269 0.258852 0.580879
0.0709405 0.263909 0.66515
0.0240578 0.242013 0.733929
0.000280096 0.19109 0.808629
0.120831 0.203126 0.676043
0.135715 0.115013 0.749272
0.00210469 0.258752 0.739144
0.167637 0.139076 0.693287
0.0823018 0.119103 0.798595
0.111162 0.150089 0.738749
0.0870377 0.237375 0.675587
0.154521 0.0868031 0.758676
0.130752 0.255196 0.614052
0.129092 0.123716 0.747192
0.0837314 0.303826 0.612442
0.0779651 0.275729 0.646306
0.0983959 0.192917 0.708687
0.0326137 0.177064 0.790323
0.123112 0.127542 0.749345
0.0761951 0.154308 0.769497
0.0580234 0.0251588 0.916818
0.0490995 0.0031511 0.947749
0.0856032 0.0736631 0.840734
0.0364268 9.9991E-05 0.963473
0.052378 0.0196359 0.927986
0.0418115 0.111139 0.84705
0.0720332 0.0742263 0.853741
0.119458 0.077192 0.80335
0.125473 0.189468 0.685059
0.00224236 0.134712 0.863046
0.021758 0.0149762 0.963266
0.10225 0.0661793 0.83157
0.0802518 0.168841 0.750908
0.124303 0.157864 0.717832
0.0846554 0.0693872 0.845957
9.999E-05 9.999E-05 0.9998
9.999E-05 9.999E-05 0.9998
9.999E-05 9.999E-05 0.9998
9.999E-05 9.999E-05 0.9998
9.999E-05 9.999E-05 0.9998
9.999E-05 9.999E-05 0.9998
9.999E-05 9.999E-05 0.9998
9.999E-05 9.999E-05 0.9998
9.999E-05 9.999E-05 0.9998
9.999E-05 9.999E-05 0.9998
0.0971602 0.0135189 0.889321
9.999E-05 9.999E-05 0.9998
9.999E-05 9.999E-05 0.9998
9.999E-05 9.999E-05 0.9998
0.0332735 9.9991E-05 0.966626
0.0876983 0.00502379 0.907278
0.0262449 0.00418203 0.969573
0.0248638 9.9991E-05 0.975036
0.0619684 9.9991E-05 0.937932
0.0519248 0.0560935 0.891982
0.0103882 0.0446525 0.944959
9.999E-05 9.999E-05 0.9998
0.055473 9.9991E-05 0.944427
0.050504 9.9991E-05 0.949396
0.0553862 0.050079 0.894535
0.0467001 0.0259858 0.927314
0.0737492 0.0167696 0.909481
0.0435354 0.0286407 0.927824
0.9998 9.999E-05 9.999E-05
0.0924114 9.9991E-05 0.907489
0.9998 9.999E-05 9.999E-05
0.9998 9.999E-05 9.999E-05
0.924937 0.026572 0.0484915
0.775813 0.0305244 0.193663
0.9998 9.999E-05 9.999E-05
0.878773 9.9991E-05 0.121127
0.961563 9.9991E-05 0.0383372
0.990055 9.9991E-05 0.00984485
0.9998 9.999E-05 9.999E-05
0.957786 9.9991E-05 0.042114
0.9998 9.999E-05 9.999E-05
0.845964 9.9991E-05 0.153936
0.934542 9.9991E-05 0.0653579
0.876638 9.9991E-05 0.123262
0.893798 0.00288879 0.103313
0.916756 0.0177695 0.0654742
0.987011 9.9991E-05 0.012889
0.0134017 9.9991E-05 0.986498
9.999E-05 9.999E-05 0.9998
9.999E-05 9.999E-05 0.9998
9.999E-05 9.999E-05 0.9998
9.999E-05 9.999E-05 0.9998
9.999E-05 9.999E-05 0.9998
9.999E-05 9.999E-05 0.9998
0.0199256 0.0179112 0.962163
0.0176998 9.9991E-05 0.9822
9.999E-05 9.999E-05 0.9998
9.999E-05 9.999E-05 0.9998
9.999E-05 9.999E-05 0.9998
0.0946302 9.9991E-05 0.90527
0.0622677 0.0791844 0.858548
0.0750134 0.111334 0.813653
0.0804573 0.0849229 0.83462
0.0696591 0.0949647 0.835376
0.00612523 0.0234548 0.97042
9.999E-05 9.999E-05 0.9998
0.0221784 9.9991E-05 0.977722
0.0188553 9.9991E-05 0.981045
0.00420294 9.9991E-05 0.995697
0.0202105 9.9991E-05 0.979689
0.0340123 9.9991E-05 0.965888
0.0580516 0.055809 0.886139
0.0310913 0.0381108 0.930798
9.9991E-05 0.0520421 0.947858
9.9991E-05 0.0477164 0.952184
9.9991E-05 0.0422249 0.957675
9.9991E-05 0.0532092 0.946691
9.9991E-05 0.0272444 0.972656
9.9991E-05 0.100548 0.899352
9.9991E-05 0.0277328 0.972167
9.9991E-05 0.0345528 0.965347
9.9991E-05 0.0779155 0.921984
9.9991E-05 0.0663608 0.933539
9.9991E-05 0.0278182 0.972082
9.9991E-05 0.0375788 0.962321
