0.9998 9.999E-05 9.999E-05
0.648036 0.121413 0.230551
0.661361 0.15426 0.184379
0.730425 0.0404241 0.229151
0.483383 9.9991E-05 0.516517
0.558525 0.0934946 0.347981
0.795608 0.078471 0.125921
0.669731 0.0944738 0.235795
0.583465 0.105695 0.310841
0.9998 9.999E-05 9.999E-05
0.9998 9.999E-05 9.999E-05
0.9998 9.999E-05 9.999E-05
0.9998 9.999E-05 9.999E-05
0.9998 9.999E-05 9.999E-05
0.9998 9.999E-05 9.999E-05
0.550318 0.0941663 0.355516
0.425998 0.0927808 0.481222
0.625308 0.0438293 0.330862
0.438535 0.00740449 0.554061
0.419585 0.00648632 0.573929
0.516242 9.9991E-05 0.483658
0.399484 0.0745818 0.525934
0.405496 0.0580846 0.53642
0.510927 0.0564954 0.432578
0.459784 9.9991E-05 0.540116
0.337528 0.0231449 0.639327
0.36351 0.119212 0.517278
0.499151 0.0877985 0.413051
0.42931 0.0204571 0.550233
0.568093 0.0013087 0.430599
0.501609 9.9991E-05 0.498291
0.376406 0.0432246 0.580369
0.351794 0.079383 0.568823
0.393956 0.0788784 0.527165
0.380062 0.0657356 0.554202
0.575606 9.9991E-05 0.424294
0.328599 0.0560401 0.615361
0.299467 0.0318912 0.668642
0.283907 0.0617539 0.654339
0.312561 9.9991E-05 0.687339
0.12739 0.105887 0.766723
0.185801 0.102227 0.711972
0.274905 0.169782 0.555312
0.175302 0.0772587 0.747439
0.175753 0.131975 0.692272
0.24304 0.13698 0.61998
0.21553 0.127843 0.656627
0.242715 0.105159 0.652126
0.252475 0.100548 0.646978
0.372406 0.0583903 0.569204
0.250315 0.0874322 0.662253
0.223509 0.136773 0.639717
0.238002 0.101958 0.660039
0.19776 0.0247696 0.777471
0.199997 0.0400767 0.759926
0.187718 0.14352 0.668762
0.272844 0.121214 0.605943
0.175282 0.0149509 0.809767
0.248406 0.134466 0.617128
0.241212 0.103156 0.655632
0.198562 0.0438819 0.757556
0.163868 0.0601622 0.77597
0.178798 0.0937181 0.727484
0.109885 0.117122 0.772993
0.205466 0.00718932 0.787344
0.139312 0.122542 0.738146
0.126852 0.0376291 0.835519
0.156992 0.0823 0.760708
0.244162 0.0534332 0.702404
0.140236 0.122622 0.737142
0.249071 0.117905 0.633024
0.101206 0.0561181 0.842676
0.253466 0.103284 0.643251
0.219469 0.0536035 0.726927
0.175628 0.0554204 0.768952
0.149068 9.9991E-05 0.850832
0.0946429 0.123806 0.781552
0.0971977 0.00796002 0.894842
0.0331524 0.113616 0.853231
9.9991E-05 0.0421047 0.957795
0.0740909 0.0626722 0.863237
9.9991E-05 0.0341517 0.965748
0.0121445 0.0869568 0.900899
0.122833 0.0384153 0.838752
0.0353964 0.105725 0.858878
0.052868 0.131018 0.816114
0.165124 0.0756802 0.759196
0.110585 0.0129621 0.876453
0.047316 0.0993576 0.853326
0.0500645 0.0879397 0.861996
0.127535 0.0848607 0.787604
0.0913784 0.0894324 0.819189
0.10663 0.0971621 0.796208
9.999E-05 9.999E-05 0.9998
9.999E-05 9.999E-05 0.9998
9.999E-05 9.999E-05 0.9998
9.999E-05 9.999E-05 0.9998
9.999E-05 9.999E-05 0.9998
9.999E-05 9.999E-05 0.9998
9.999E-05 9.999E-05 0.9998
9.999E-05 9.999E-05 0.9998
9.999E-05 9.999E-05 0.9998
9.999E-05 9.999E-05 0.9998
9.9991E-05 0.118176 0.881724
9.999E-05 9.999E-05 0.9998
9.999E-05 9.999E-05 0.9998
9.999E-05 9.999E-05 0.9998
9.9991E-05 0.0273681 0.972532
9.9991E-05 0.0521724 0.947728
9.9991E-05 0.0586093 0.941291
9.9991E-05 0.0447152 0.955185
9.9991E-05 0.0403859 0.959514
0.0291303 0.0101244 0.960745
0.0299744 0.0244094 0.945616
9.999E-05 9.999E-05 0.9998
9.9991E-05 0.0649954 0.934905
0.0071368 0.0426598 0.950203
0.022397 0.0457764 0.931827
0.0216764 0.0183949 0.959929
0.0449194 0.0592368 0.895844
0.00886849 0.0580493 0.933082
9.999E-05 9.999E-05 0.9998
9.999E-05 9.999E-05 0.9998
9.999E-05 9.999E-05 0.9998
9.999E-05 9.999E-05 0.9998
9.999E-05 9.999E-05 0.9998
9.9991E-05 0.00463485 0.995265
9.999E-05 9.999E-05 0.9998
9.9991E-05 0.0247114 0.975189
9.9991E-05 0.0364471 0.963453
9.999E-05 9.999E-05 0.9998
9.9991E-05 0.00795802 0.991942
9.999E-05 9.999E-05 0.9998
9.9991E-05 0.0663889 0.933511
9.999E-05 0.9998 9.999E-05
9.9991E-05 0.0913294 0.908571
9.999E-05 0.9998 9.999E-05
9.999E-05 0.9998 9.999E-05
9.9991E-05 0.984811 0.0150891
0.00521573 0.825304 0.16948
9.999E-05 0.9998 9.999E-05
9.9991E-05 0.881803 0.118097
9.999E-05 0.9998 9.999E-05
9.9991E-05 0.945696 0.0542036
9.999E-05 0.9998 9.999E-05
9.9991E-05 0.926941 0.0729595
9.999E-05 0.9998 9.999E-05
0.00767286 0.776212 0.216115
0.017056 0.957737 0.0252071
9.9991E-05 0.90458 0.0953197
0.00424766 0.888405 0.107347
0.0212374 0.888836 0.0899265
9.9991E-05 0.899884 0.100016
0.0548444 0.0387215 0.906434
0.0607962 0.0826174 0.856586
0.0735605 0.0483798 0.87806
0.0810285 0.0490401 0.869931
9.999E-05 9.999E-05 0.9998
9.999E-05 9.999E-05 0.9998
9.9991E-05 0.0188077 0.981092
9.9991E-05 0.0168828 0.983017
9.9991E-05 0.00892979 0.99097
9.9991E-05 0.0345786 0.965321
9.999E-05 9.999E-05 0.9998
0.051647 0.0213512 0.927002
0.0296029 0.0446569 0.92574
0.0540489 9.9991E-05 0.945851
0.0395551 9.9991E-05 0.960345
0.0346323 9.9991E-05 0.965268
0.0568297 9.9991E-05 0.94307
0.0109269 9.9991E-05 0.988973
0.0614092 9.9991E-05 0.938491
0.0434027 9.9991E-05 0.956497
0.0559585 9.9991E-05 0.943941
0.0464269 9.9991E-05 0.953473
0.0277005 9.9991E-05 0.9722
0.0490788 9.9991E-05 0.950821
0.0474963 9.9991E-05 0.952404
