9.999E-05 9.999E-05 0.9998
0.0808779 9.9991E-05 0.919022
0.0172491 9.9991E-05 0.982651
0.0712133 0.259345 0.669441
0.17098 9.9991E-05 0.82892
9.999E-05 0.0470592 0.952841
0.0532344 9.9991E-05 0.946666
0.0849038 0.0615133 0.853583
0.234074 0.0436159 0.72231
0.347183 9.9991E-05 0.652717
0.0456218 0.954278 9.9991E-05
0.0129154 0.986985 9.9991E-05
9.9991E-05 0.702336 0.297564
0.142385 0.717364 0.140251
0.130077 0.778088 0.0918345
9.999E-05 0.9998 9.999E-05
9.999E-05 0.9998 9.999E-05
0.220796 0.779104 9.9991E-05
0.168217 0.831683 9.9991E-05
9.9991E-05 0.933231 0.0666689
0.0900233 0.75076 0.159217
0.0873808 0.610208 0.302412
9.9991E-05 0.971557 0.0283426
0.054366 0.945534 9.9991E-05
0.229806 0.770094 9.9991E-05
0.344728 0.584164 0.071108
0.403095 0.596805 9.9991E-05
0.465782 0.442033 0.0921841
0.404363 0.541175 0.0544617
0.365217 0.634683 9.9991E-05
0.903035 9.9991E-05 0.0968649
0.722791 0.032888 0.244321
0.793019 0.20362 0.00336071
0.716116 0.24355 0.0403336
0.608119 0.391781 9.9991E-05
0.772588 0.0282211 0.199191
0.544598 0.127374 0.328028
0.696423 0.217085 0.0864917
0.770372 0.18383 0.0457979
0.737326 0.213787 0.048887
0.820064 0.00551192 0.174424
0.780303 0.127027 0.0926692
0.693036 0.189986 0.116978
0.745176 0.235851 0.0189728
0.930546 0.0693542 9.9991E-05
0.94717 0.0263218 0.026508
0.965691 9.9991E-05 0.0342094
0.9998 9.999E-05 9.999E-05
0.692234 0.132218 0.175548
0.833476 9.9991E-05 0.166425
0.9998 9.999E-05 9.999E-05
0.872224 0.0384399 0.0893359
0.973438 0.0264618 9.9991E-05
0.946375 0.0477079 0.00591725
0.973876 0.00530558 0.0208186
0.947579 9.9991E-05 0.0523214
0.98018 0.0197201 9.9991E-05
0.852485 0.0920862 0.0554287
0.884966 9.9991E-05 0.114934
0.873629 0.0106918 0.115679
0.966089 0.0338107 9.9991E-05
0.940641 9.9991E-05 0.059259
0.947488 0.00619656 0.0463154
0.9998 9.999E-05 9.999E-05
0.993919 0.00598067 9.9991E-05
0.9998 9.999E-05 9.999E-05
0.9998 9.999E-05 9.999E-05
0.976322 0.0235776 9.9991E-05
0.9998 9.999E-05 9.999E-05
0.9998 9.999E-05 9.999E-05
0.9998 9.999E-05 9.999E-05
0.880312 9.9991E-05 0.119588
0.9998 9.999E-05 9.999E-05
0.974062 0.0258384 9.9991E-05
0.968891 0.0310086 9.9991E-05
0.9998 9.999E-05 9.999E-05
0.889738 0.0941956 0.0160668
