9.999E-05 9.999E-05 0.9998
0.211033 0.11484 0.674127
0.155954 0.14586 0.698186
0.274819 0.0461389 0.679042
0.468797 9.9991E-05 0.531103
0.325781 0.0989806 0.575239
0.10103 0.091618 0.807352
0.252319 0.126483 0.621198
0.317378 0.0633033 0.619319
9.999E-05 9.999E-05 0.9998
9.999E-05 9.999E-05 0.9998
9.999E-05 9.999E-05 0.9998
9.999E-05 9.999E-05 0.9998
9.999E-05 9.999E-05 0.9998
9.999E-05 9.999E-05 0.9998
0.397874 0.0714509 0.530675
0.496877 0.0650318 0.438091
0.314912 0.0272382 0.657849
0.563698 0.00367247 0.432629
0.577234 0.0396639 0.383102
0.476352 9.9991E-05 0.523548
0.517905 0.080818 0.401277
0.525243 0.0496526 0.425104
0.483384 0.00368749 0.512929
0.50372 9.9991E-05 0.49618
0.59753 0.0210192 0.38145
0.523634 0.108497 0.367869
0.404879 0.080122 0.514999
0.510551 0.0604873 0.428961
0.409029 0.0283156 0.562655
0.514039 9.9991E-05 0.485861
0.581595 0.0511875 0.367217
0.510949 0.100506 0.388545
0.533691 0.0775263 0.388782
0.596213 0.0446026 0.359184
0.430078 9.9991E-05 0.569822
0.578179 0.0680267 0.353795
0.623311 0.0525708 0.324118
0.611132 0.0763399 0.312528
0.6511 0.0108079 0.338092
0.71829 0.142674 0.139036
0.759087 0.0828195 0.158093
0.508219 0.179843 0.311939
0.744458 0.0763099 0.179232
0.684147 0.142421 0.173432
0.608262 0.149986 0.241752
0.631521 0.129852 0.238627
0.625096 0.106982 0.267921
0.623584 0.0885683 0.287848
0.579938 0.0599512 0.360111
0.621772 0.121739 0.256489
0.671207 0.11733 0.211463
0.655406 0.125517 0.219076
0.736793 0.0279333 0.235273
0.749817 0.0419318 0.208251
0.646936 0.171584 0.18148
0.652952 0.10414 0.242908
0.776532 0.01772 0.205748
0.588293 0.150875 0.260832
0.668762 0.0367607 0.294477
0.740856 0.066766 0.192378
0.787547 0.00915307 0.2033
0.692189 0.114089 0.193722
0.76581 0.133762 0.100429
0.729782 0.0316908 0.238528
0.729451 0.148314 0.122235
0.843071 0.0726579 0.0842711
0.750889 0.134625 0.114486
0.687023 0.0631479 0.249829
0.720627 0.163519 0.115853
0.62276 0.130987 0.246253
0.797816 0.109272 0.0929116
0.636052 0.0877473 0.276201
0.737769 0.052211 0.21002
0.75822 0.0585929 0.183187
0.815224 0.0505049 0.134271
0.720874 0.162788 0.116338
0.825484 0.0535293 0.120987
0.855533 0.0999447 0.044522
0.985185 0.0147151 9.9991E-05
0.910681 0.0559253 0.0333941
0.929237 0.0647523 0.00601099
0.954585 0.0453145 9.9991E-05
0.887447 0.00619855 0.106354
0.818949 0.0774657 0.103586
0.761023 0.159219 0.0797577
0.735736 0.106742 0.157522
0.870722 0.0191742 0.110104
0.846424 0.0855166 0.0680594
0.808933 0.119361 0.0717063
0.787602 0.101298 0.1111
0.793876 0.079994 0.12613
0.818489 0.121872 0.0596398
0.9998 9.999E-05 9.999E-05
0.9998 9.999E-05 9.999E-05
0.9998 9.999E-05 9.999E-05
0.9998 9.999E-05 9.999E-05
0.9998 9.999E-05 9.999E-05
0.9998 9.999E-05 9.999E-05
0.9998 9.999E-05 9.999E-05
0.9998 9.999E-05 9.999E-05
0.9998 9.999E-05 9.999E-05
0.9998 9.999E-05 9.999E-05
0.913632 0.0586765 0.0276915
0.9998 9.999E-05 9.999E-05
0.9998 9.999E-05 9.999E-05
0.9998 9.999E-05 9.999E-05
0.9998 9.999E-05 9.999E-05
0.972445 0.0274548 9.9991E-05
0.98103 0.0155379 0.00343196
0.962737 0.037163 9.9991E-05
0.990214 0.00968602 9.9991E-05
0.916241 0.00551911 0.07824
0.922615 0.0332252 0.0441601
0.9998 9.999E-05 9.999E-05
0.940561 0.0593392 9.9991E-05
0.961763 0.038137 9.9991E-05
0.913886 0.0636052 0.0225085
0.955878 0.0217955 0.0223261
0.888311 0.0913305 0.0203588
0.907054 0.0699158 0.0230304
0.9874 0.0124995 9.9991E-05
0.9998 9.999E-05 9.999E-05
0.9998 9.999E-05 9.999E-05
0.9998 9.999E-05 9.999E-05
0.9998 9.999E-05 9.999E-05
0.9998 9.999E-05 9.999E-05
0.9998 9.999E-05 9.999E-05
0.9998 9.999E-05 9.999E-05
0.960097 0.0398026 9.9991E-05
0.99746 0.00244 9.9991E-05
0.999548 9.9991E-05 0.000352436
0.9998 9.999E-05 9.999E-05
0.921724 0.0781759 9.9991E-05
9.999E-05 0.9998 9.999E-05
0.898271 0.101629 9.9991E-05
9.999E-05 0.9998 9.999E-05
9.999E-05 0.9998 9.999E-05
9.999E-05 0.9998 9.999E-05
0.126668 0.839561 0.0337711
9.999E-05 0.9998 9.999E-05
0.0527607 0.947139 9.9991E-05
0.000696992 0.999203 9.9991E-05
0.0405502 0.95935 9.9991E-05
9.999E-05 0.9998 9.999E-05
9.999E-05 0.9998 9.999E-05
9.999E-05 0.9998 9.999E-05
0.158073 0.841827 9.9991E-05
0.034926 0.964974 9.9991E-05
0.0764352 0.923465 9.9991E-05
0.124916 0.874984 9.9991E-05
0.0785349 0.876909 0.0445565
0.0129602 0.985384 0.00165573
0.886122 0.0464135 0.067464
0.9313 9.9991E-05 0.0686004
0.819398 0.0819701 0.0986321
0.855533 0.0643107 0.0801559
0.97986 0.00626063 0.0138794
0.9998 9.999E-05 9.999E-05
0.966058 0.0338416 9.9991E-05
0.9998 9.999E-05 9.999E-05
0.992811 0.00708854 9.9991E-05
0.9998 9.999E-05 9.999E-05
0.9998 9.999E-05 9.999E-05
0.865166 0.0460722 0.0887618
0.953489 0.0228049 0.0237065
0.952389 9.9991E-05 0.0475111
0.950318 9.9991E-05 0.0495819
0.931132 9.9991E-05 0.0687685
0.932159 9.9991E-05 0.0677406
0.97653 9.9991E-05 0.0233695
0.885129 9.9991E-05 0.114771
0.960522 9.9991E-05 0.0393775
0.975029 9.9991E-05 0.0248708
0.945194 9.9991E-05 0.054706
0.946019 9.9991E-05 0.0538809
0.931988 9.9991E-05 0.0679122
0.954832 9.9991E-05 0.0450682
