9.999E-05 0.9998 9.999E-05
0.106081 0.6513 0.242619
0.172118 0.640766 0.187116
0.00573156 0.697947 0.296321
0.000658891 0.496527 0.502814
0.0973542 0.564046 0.3386
0.0549524 0.808256 0.136791
0.09785 0.640243 0.261907
0.0909882 0.584353 0.324658
9.999E-05 0.9998 9.999E-05
9.999E-05 0.9998 9.999E-05
9.999E-05 0.9998 9.999E-05
9.999E-05 0.9998 9.999E-05
9.999E-05 0.9998 9.999E-05
9.999E-05 0.9998 9.999E-05
0.0625656 0.558674 0.378761
0.0815689 0.427236 0.491196
0.0131769 0.648385 0.338438
9.9991E-05 0.422284 0.577616
0.0292039 0.40158 0.569216
9.9991E-05 0.530893 0.469007
0.101321 0.353099 0.54558
0.063152 0.429532 0.507316
0.0765504 0.485423 0.438026
9.9991E-05 0.460906 0.538994
0.0380262 0.347241 0.614733
0.138191 0.365277 0.496533
0.0859069 0.495652 0.418441
0.00220835 0.433399 0.564393
0.0352989 0.544114 0.420587
9.9991E-05 0.510528 0.489372
0.0291106 0.345641 0.625249
0.0859697 0.380648 0.533382
0.0932149 0.369039 0.537746
0.0877816 0.383523 0.528696
9.9991E-05 0.586327 0.413574
0.0750652 0.322766 0.602169
0.0516268 0.312799 0.635574
0.0728028 0.272101 0.655096
9.9991E-05 0.277225 0.722675
0.0989819 0.139601 0.761418
0.106661 0.148434 0.744906
0.120475 0.288098 0.591427
0.0948336 0.174112 0.731054
0.136544 0.168079 0.695377
0.156512 0.247847 0.595641
0.123573 0.227092 0.649336
0.104497 0.243068 0.652435
0.109299 0.249905 0.640795
0.0717219 0.356067 0.572212
0.0970585 0.277256 0.625685
0.115518 0.203566 0.680916
0.112306 0.243444 0.64425
0.0668061 0.179298 0.753896
0.056564 0.207946 0.73549
0.173785 0.183021 0.643194
0.111 0.263644 0.625356
0.0415356 0.183582 0.774883
0.111811 0.27566 0.61253
0.0611987 0.255734 0.683067
0.0460976 0.209498 0.744404
9.9991E-05 0.186446 0.813454
0.107644 0.156911 0.735446
0.0846039 0.0860571 0.829339
9.9991E-05 0.20914 0.79076
0.128536 0.109111 0.762353
0.0582133 0.1209 0.820886
0.121441 0.143813 0.734746
0.0695708 0.248817 0.681612
0.10217 0.112805 0.785026
0.123036 0.222462 0.654502
0.0976378 0.0969845 0.805378
0.0482291 0.28522 0.666551
0.0716998 0.227662 0.700638
0.0667481 0.15706 0.776192
0.0430193 0.168278 0.788703
0.129189 0.0973316 0.77348
0.0665983 0.144043 0.789359
0.108931 0.0444001 0.846669
0.0830167 9.9991E-05 0.916883
0.0631779 0.0291465 0.907676
0.0550157 9.9991E-05 0.944884
0.0853683 0.0155145 0.899117
0.00573847 0.134081 0.86018
0.0761155 0.087117 0.836768
0.122693 0.0363133 0.840994
0.0924532 0.154274 0.753273
9.9991E-05 0.0765712 0.923329
0.0116675 0.0492827 0.93905
0.10925 0.064891 0.825859
0.0730251 0.122771 0.804204
0.0806585 0.137964 0.781377
0.104133 0.070605 0.825262
9.999E-05 9.999E-05 0.9998
9.999E-05 9.999E-05 0.9998
9.999E-05 9.999E-05 0.9998
9.999E-05 9.999E-05 0.9998
9.999E-05 9.999E-05 0.9998
9.999E-05 9.999E-05 0.9998
9.999E-05 9.999E-05 0.9998
9.999E-05 9.999E-05 0.9998
9.999E-05 9.999E-05 0.9998
9.999E-05 9.999E-05 0.9998
0.090796 0.0162197 0.892984
9.999E-05 9.999E-05 0.9998
9.999E-05 9.999E-05 0.9998
9.999E-05 9.999E-05 0.9998
0.0404573 9.9991E-05 0.959443
0.0516223 9.9991E-05 0.948278
0.072018 9.9991E-05 0.927882
0.0452573 9.9991E-05 0.954643
0.0850047 9.9991E-05 0.914895
0.0384641 0.0309538 0.930582
0.0745916 0.0279585 0.89745
9.999E-05 9.999E-05 0.9998
0.0916996 9.9991E-05 0.9082
0.059471 9.9991E-05 0.940429
0.0549897 0.00344186 0.941568
0.0503684 0.0161063 0.933525
0.0762736 0.0271111 0.896615
0.0468615 0.0252729 0.927866
9.999E-05 9.999E-05 0.9998
9.999E-05 9.999E-05 0.9998
9.999E-05 9.999E-05 0.9998
9.999E-05 9.999E-05 0.9998
9.999E-05 9.999E-05 0.9998
9.999E-05 9.999E-05 0.9998
9.999E-05 9.999E-05 0.9998
0.00266644 9.9991E-05 0.997234
0.0137871 9.9991E-05 0.986113
9.999E-05 9.999E-05 0.9998
0.02688 9.9991E-05 0.97302
9.999E-05 9.999E-05 0.9998
0.0763165 9.9991E-05 0.923583
0.9998 9.999E-05 9.999E-05
0.113342 0.0146823 0.871976
0.9998 9.999E-05 9.999E-05
0.9998 9.999E-05 9.999E-05
0.988075 9.9991E-05 0.0118252
0.782736 0.0623644 0.1549
0.9998 9.999E-05 9.999E-05
0.897773 0.0290104 0.0732161
0.9998 9.999E-05 9.999E-05
0.990765 9.9991E-05 0.00913476
0.9998 9.999E-05 9.999E-05
0.9998 9.999E-05 9.999E-05
0.993824 9.9991E-05 0.00607555
0.811149 9.9991E-05 0.188751
0.968919 9.9991E-05 0.0309814
0.881381 9.9991E-05 0.118519
0.846991 0.0345904 0.118419
0.863647 0.0550423 0.0813106
0.954923 9.9991E-05 0.0449774
0.0406336 0.0610726 0.898294
0.0886834 0.0507174 0.860599
0.0454948 0.0650549 0.88945
0.0849555 0.0900244 0.82502
9.999E-05 9.999E-05 0.9998
9.999E-05 9.999E-05 0.9998
0.00187481 9.9991E-05 0.998025
9.999E-05 9.999E-05 0.9998
0.00886805 9.9991E-05 0.991032
0.00832703 9.9991E-05 0.991573
0.0281358 9.9991E-05 0.971764
9.9991E-05 0.0304653 0.969435
0.0473013 0.034902 0.917797
9.9991E-05 0.0368887 0.963011
9.9991E-05 0.0532666 0.946633
9.9991E-05 0.0548948 0.945005
9.9991E-05 0.0642091 0.935691
9.9991E-05 0.0200767 0.979823
9.9991E-05 0.0853783 0.914522
9.9991E-05 0.0553693 0.944531
9.9991E-05 0.0411875 0.958713
9.9991E-05 0.052476 0.947424
9.9991E-05 0.0301544 0.969746
9.9991E-05 0.0435109 0.956389
9.9991E-05 0.0388384 0.961062
