9.999E-05 9.999E-05 0.9998
0.198264 0.154917 0.646819
0.159225 0.175063 0.665713
0.257392 0.0222303 0.720378
0.430357 9.9991E-05 0.569543
0.334693 0.0737578 0.591549
0.136219 0.0820687 0.781713
0.241334 0.113712 0.644955
0.308096 0.0787839 0.61312
9.999E-05 9.999E-05 0.9998
9.999E-05 9.999E-05 0.9998
9.999E-05 9.999E-05 0.9998
9.999E-05 9.999E-05 0.9998
9.999E-05 9.999E-05 0.9998
9.999E-05 9.999E-05 0.9998
0.377122 0.0761608 0.546718
0.410479 0.112516 0.477005
0.328529 0.031033 0.640438
0.523792 0.00119664 0.475011
0.542604 0.0372791 0.420117
0.436888 9.9991E-05 0.563012
0.49664 0.107226 0.396133
0.510246 0.0614111 0.428343
0.451539 0.067346 0.481115
0.532498 9.9991E-05 0.467402
0.63596 0.0201113 0.343929
0.489604 0.118203 0.392193
0.431715 0.0906218 0.477663
0.506133 0.0308927 0.462974
0.428986 9.9991E-05 0.570914
0.458331 9.9991E-05 0.541569
0.585232 0.00882933 0.405938
0.482372 0.118391 0.399237
0.510072 0.100427 0.389502
0.470941 0.129577 0.399482
0.445071 9.9991E-05 0.554829
0.6135 0.0668652 0.319634
0.637385 0.0482163 0.314399
0.620766 0.0752132 0.30402
0.662345 9.9991E-05 0.337555
0.750757 0.0956597 0.153583
0.731635 0.105919 0.162446
0.54584 0.158658 0.295502
0.705961 0.0985852 0.195454
0.693502 0.125104 0.181393
0.668414 0.115761 0.215825
0.652631 0.130775 0.216593
0.663568 0.0941831 0.242248
0.63289 0.0999435 0.267167
0.59384 0.0478258 0.358334
0.57808 0.150864 0.271056
0.631065 0.151632 0.217303
0.656651 0.103714 0.239634
0.755545 0.0606541 0.183801
0.73296 0.0651707 0.20187
0.675993 0.166553 0.157454
0.638519 0.105384 0.256097
0.791631 0.0186803 0.189689
0.587645 0.178716 0.233639
0.736309 0.00570075 0.257991
0.737248 0.0336706 0.229082
0.772824 0.0127325 0.214444
0.730784 0.0947899 0.174427
0.806423 0.113787 0.0797899
0.764541 9.9991E-05 0.235359
0.689325 0.164608 0.146067
0.85532 0.0318354 0.112844
0.71293 0.114913 0.172157
0.729267 0.0447892 0.225944
0.751451 0.131922 0.116626
0.643068 0.124392 0.23254
0.784657 0.121367 0.0939762
0.612026 0.0725241 0.31545
0.699871 0.0573775 0.242751
0.721749 0.10156 0.17669
0.781855 0.0404891 0.177656
0.769388 0.128139 0.102473
0.796857 0.0537209 0.149423
0.913202 0.0491544 0.0376437
0.945575 0.0543253 9.9991E-05
0.860448 0.0890845 0.0504676
0.955186 0.0360303 0.00878395
0.927248 0.0491712 0.0235809
0.903979 0.00929961 0.0867214
0.887368 0.0578164 0.0548156
0.80623 0.123321 0.0704484
0.745682 0.083204 0.171114
0.892048 9.9991E-05 0.107852
0.89901 0.0381557 0.0628345
0.846378 0.0993891 0.0542325
0.776217 0.0980856 0.125697
0.76177 0.0918059 0.146424
0.843662 0.0646189 0.0917195
0.9998 9.999E-05 9.999E-05
0.9998 9.999E-05 9.999E-05
0.9998 9.999E-05 9.999E-05
0.9998 9.999E-05 9.999E-05
0.9998 9.999E-05 9.999E-05
0.9998 9.999E-05 9.999E-05
0.9998 9.999E-05 9.999E-05
0.9998 9.999E-05 9.999E-05
0.9998 9.999E-05 9.999E-05
0.9998 9.999E-05 9.999E-05
0.924465 0.075435 9.9991E-05
0.9998 9.999E-05 9.999E-05
0.9998 9.999E-05 9.999E-05
0.9998 9.999E-05 9.999E-05
0.997316 0.00258447 9.9991E-05
0.951006 0.0488944 9.9991E-05
0.949021 0.0508794 9.9991E-05
0.951036 0.0488643 9.9991E-05
0.937425 0.062475 9.9991E-05
0.939565 0.0183924 0.0420422
0.949806 0.0180062 0.0321882
0.998147 0.00175289 9.9991E-05
0.940763 0.0591368 9.9991E-05
0.942519 0.057381 9.9991E-05
0.929122 0.0347911 0.0360872
0.956771 0.0248338 0.0183955
0.922256 0.0667874 0.0109568
0.922677 0.0579305 0.0193925
0.9998 9.999E-05 9.999E-05
0.992993 0.00690719 9.9991E-05
0.9998 9.999E-05 9.999E-05
0.9998 9.999E-05 9.999E-05
0.9998 9.999E-05 9.999E-05
0.9998 9.999E-05 9.999E-05
0.9998 9.999E-05 9.999E-05
0.957385 9.9991E-05 0.0425153
0.969662 0.0302382 9.9991E-05
0.9998 9.999E-05 9.999E-05
0.974003 0.0258971 9.9991E-05
0.9998 9.999E-05 9.999E-05
0.896566 0.103334 9.9991E-05
9.999E-05 0.9998 9.999E-05
0.901569 0.0983309 9.9991E-05
9.999E-05 0.9998 9.999E-05
9.999E-05 0.9998 9.999E-05
0.0134978 0.985964 0.000538519
0.20217 0.783082 0.0147484
9.999E-05 0.9998 9.999E-05
0.0929048 0.906995 9.9991E-05
9.9991E-05 0.996835 0.00306537
0.00325482 0.996645 9.9991E-05
9.999E-05 0.9998 9.999E-05
0.00463289 0.995267 9.9991E-05
9.999E-05 0.9998 9.999E-05
0.164974 0.834926 9.9991E-05
0.0610828 0.93606 0.00285691
0.128554 0.871346 9.9991E-05
0.139689 0.860211 9.9991E-05
0.0947749 0.887014 0.0182112
0.0525215 0.947379 9.9991E-05
0.901311 0.0375409 0.061148
0.867508 0.0482809 0.0842112
0.869887 0.0845869 0.0455256
0.841552 0.0648771 0.0935708
0.976363 0.0235368 9.9991E-05
0.979243 0.0206575 9.9991E-05
0.94925 0.0506496 9.9991E-05
0.997276 0.00262355 9.9991E-05
0.984168 0.0157324 9.9991E-05
0.9814 0.0185001 9.9991E-05
0.969987 0.0299132 9.9991E-05
0.982407 9.9991E-05 0.0174933
0.939676 9.9991E-05 0.0602244
0.936225 9.9991E-05 0.0636749
0.953083 9.9991E-05 0.0468169
0.953608 9.9991E-05 0.0462916
0.95418 9.9991E-05 0.0457202
0.971649 9.9991E-05 0.0282514
0.932522 9.9991E-05 0.0673781
0.969508 9.9991E-05 0.0303923
0.954715 9.9991E-05 0.0451854
0.930066 9.9991E-05 0.0698344
0.949737 9.9991E-05 0.0501627
0.975066 9.9991E-05 0.0248338
0.952794 9.9991E-05 0.0471061
