9.98741E-05 9.98741E-05 9.98741E-05 9.98741E-05 9.98741E-05 9.98741E-05 9.98741E-05 9.98741E-05 9.98741E-05 9.98741E-05 9.98741E-05 9.98741E-05 9.98741E-05 9.98741E-05 0.998602
9.9928E-05 9.9928E-05 0.426631 9.9928E-05 9.9928E-05 9.9928E-05 0.110533 0.0183582 0.0464308 9.9928E-05 0.067269 9.9928E-05 9.9928E-05 0.060117 0.269861
9.98741E-05 9.98741E-05 9.98741E-05 9.98741E-05 9.98741E-05 9.98741E-05 9.98741E-05 0.998602 9.98741E-05 9.98741E-05 9.98741E-05 9.98741E-05 9.98741E-05 9.98741E-05 9.98741E-05
9.991E-05 9.991E-05 9.991E-05 0.0427317 0.000804499 0.015566 0.0358719 0.904027 9.991E-05 9.991E-05 9.991E-05 9.991E-05 9.991E-05 9.991E-05 9.991E-05
9.98831E-05 9.98831E-05 0.911747 9.98831E-05 0.0869542 9.98831E-05 9.98831E-05 9.98831E-05 9.98831E-05 9.98831E-05 9.98831E-05 9.98831E-05 9.98831E-05 9.98831E-05 9.98831E-05
0.0968226 9.9928E-05 9.9928E-05 0.0197611 9.9928E-05 9.9928E-05 0.0226023 0.0210248 9.9928E-05 9.9928E-05 9.9928E-05 0.0381346 9.9928E-05 0.06619 0.734665
9.98741E-05 9.98741E-05 9.98741E-05 9.98741E-05 9.98741E-05 9.98741E-05 9.98741E-05 9.98741E-05 9.98741E-05 9.98741E-05 9.98741E-05 9.98741E-05 9.98741E-05 0.998602 9.98741E-05
9.98741E-05 9.98741E-05 0.998602 9.98741E-05 9.98741E-05 9.98741E-05 9.98741E-05 9.98741E-05 9.98741E-05 9.98741E-05 9.98741E-05 9.98741E-05 9.98741E-05 9.98741E-05 9.98741E-05
0.0108293 0.0313122 0.276414 9.9937E-05 9.9937E-05 9.9937E-05 9.9937E-05 0.254205 9.9937E-05 0.136332 0.147357 9.9937E-05 9.9937E-05 0.0271301 0.115721
0.102407 0.0325233 0.334467 9.9937E-05 9.9937E-05 0.0281375 9.9937E-05 0.176956 0.128276 9.9937E-05 9.9937E-05 9.9937E-05 0.105885 9.9937E-05 0.0906492
9.98741E-05 9.98741E-05 9.98741E-05 9.98741E-05 9.98741E-05 9.98741E-05 0.998602 9.98741E-05 9.98741E-05 9.98741E-05 9.98741E-05 9.98741E-05 9.98741E-05 9.98741E-05 9.98741E-05
9.9874E-05 0.998602 9.9874E-05 9.9874E-05 9.9874E-05 9.9874E-05 9.9874E-05 9.9874E-05 9.9874E-05 9.9874E-05 9.9874E-05 9.9874E-05 9.9874E-05 9.9874E-05 9.9874E-05
9.9937E-05 0.131194 0.0809906 9.9937E-05 9.9937E-05 9.9937E-05 0.347877 0.00290172 0.0106216 0.00717046 9.9937E-05 0.298574 9.9937E-05 9.9937E-05 0.119972
9.98921E-05 9.98921E-05 9.98921E-05 9.98921E-05 9.98921E-05 0.0233097 9.98921E-05 9.98921E-05 0.0345645 9.98921E-05 9.98921E-05 0.940927 9.98921E-05 9.98921E-05 9.98921E-05
9.9937E-05 0.0133901 9.9937E-05 9.9937E-05 0.372785 0.0351885 0.154067 0.0500104 9.9937E-05 9.9937E-05 9.9937E-05 0.336967 0.000178326 9.9937E-05 0.0367142
0.0147814 0.138685 9.9937E-05 0.313669 0.0123279 9.9937E-05 0.171848 9.9937E-05 9.9937E-05 0.00217838 9.9937E-05 0.315808 9.9937E-05 9.9937E-05 0.030003
0.871038 0.03917 9.99011E-05 9.99011E-05 0.00978564 9.99011E-05 0.0789075 9.99011E-05 9.99011E-05 9.99011E-05 9.99011E-05 9.99011E-05 9.99011E-05 9.99011E-05 9.99011E-05
9.99011E-05 9.99011E-05 9.99011E-05 0.885722 9.99011E-05 9.99011E-05 9.99011E-05 9.99011E-05 0.0257651 9.99011E-05 0.0363152 0.0510987 9.99011E-05 9.99011E-05 9.99011E-05
9.9919E-05 0.0333982 9.9919E-05 9.9919E-05 0.344955 9.9919E-05 0.0139345 9.9919E-05 9.9919E-05 0.0344858 9.9919E-05 0.469117 0.10321 9.9919E-05 9.9919E-05
9.98741E-05 9.98741E-05 9.98741E-05 9.98741E-05 9.98741E-05 9.98741E-05 9.98741E-05 9.98741E-05 9.98741E-05 9.98741E-05 9.98741E-05 0.998602 9.98741E-05 9.98741E-05 9.98741E-05
0.492858 0.0121754 9.9964E-05 0.0231149 0.0569106 0.00296885 9.9964E-05 0.0238368 0.126682 9.9964E-05 0.00532894 0.17763 0.00590937 9.9964E-05 0.0721858
9.98831E-05 9.98831E-05 0.0624673 0.936234 9.98831E-05 9.98831E-05 9.98831E-05 9.98831E-05 9.98831E-05 9.98831E-05 9.98831E-05 9.98831E-05 9.98831E-05 9.98831E-05 9.98831E-05
9.98831E-05 9.98831E-05 9.98831E-05 0.0199995 9.98831E-05 9.98831E-05 0.978702 9.98831E-05 9.98831E-05 9.98831E-05 9.98831E-05 9.98831E-05 9.98831E-05 9.98831E-05 9.98831E-05
0.998602 9.98741E-05 9.98741E-05 9.98741E-05 9.98741E-05 9.98741E-05 9.98741E-05 9.98741E-05 9.98741E-05 9.98741E-05 9.98741E-05 9.98741E-05 9.98741E-05 9.98741E-05 9.98741E-05
9.991E-05 9.991E-05 9.991E-05 9.991E-05 0.163927 9.991E-05 9.991E-05 9.991E-05 0.138965 9.991E-05 9.991E-05 0.659348 0.030533 9.991E-05 0.00622852
0.0105496 0.211713 9.9937E-05 9.9937E-05 0.00187911 9.9937E-05 9.9937E-05 9.9937E-05 0.169931 9.9937E-05 0.047689 0.409566 9.9937E-05 0.141951 0.00602181
9.98921E-05 9.98921E-05 9.98921E-05 9.98921E-05 0.926062 9.98921E-05 9.98921E-05 9.98921E-05 9.98921E-05 0.0493527 0.0233863 9.98921E-05 9.98921E-05 9.98921E-05 9.98921E-05
9.9955E-05 0.0103301 0.039148 0.0624615 0.543886 0.00514059 0.0253816 0.0420312 0.249409 0.00833475 9.9955E-05 0.0133771 9.9955E-05 9.9955E-05 9.9955E-05
0.0606545 0.0874313 9.9937E-05 9.9937E-05 0.693746 9.9937E-05 9.9937E-05 9.9937E-05 0.000595018 9.9937E-05 0.0580727 9.9937E-05 0.0878362 0.00484394 0.00612099
9.98741E-05 9.98741E-05 9.98741E-05 9.98741E-05 0.998602 9.98741E-05 9.98741E-05 9.98741E-05 9.98741E-05 9.98741E-05 9.98741E-05 9.98741E-05 9.98741E-05 9.98741E-05 9.98741E-05
9.98741E-05 9.98741E-05 9.98741E-05 9.98741E-05 9.98741E-05 9.98741E-05 9.98741E-05 9.98741E-05 9.98741E-05 9.98741E-05 0.998602 9.98741E-05 9.98741E-05 9.98741E-05 9.98741E-05
9.99011E-05 0.0157094 9.99011E-05 9.99011E-05 9.99011E-05 9.99011E-05 9.99011E-05 9.99011E-05 9.99011E-05 9.99011E-05 0.963531 9.99011E-05 9.99011E-05 0.00923947 0.0104215
9.99011E-05 9.99011E-05 9.99011E-05 0.00348628 0.104368 9.99011E-05 9.99011E-05 9.99011E-05 0.0442019 9.99011E-05 9.99011E-05 9.99011E-05 0.846845 9.99011E-05 9.99011E-05
0.074462 9.99011E-05 9.99011E-05 9.99011E-05 9.99011E-05 9.99011E-05 9.99011E-05 9.99011E-05 9.99011E-05 0.0826895 9.99011E-05 9.99011E-05 0.835463 0.00628664 9.99011E-05
9.9919E-05 0.0251366 9.9919E-05 9.9919E-05 0.121675 9.9919E-05 0.0732325 9.9919E-05 9.9919E-05 9.9919E-05 0.131461 0.0257455 0.62185 9.9919E-05 9.9919E-05
9.99281E-05 0.00595576 9.99281E-05 0.0129881 9.99281E-05 9.99281E-05 9.99281E-05 0.0290265 9.99281E-05 9.99281E-05 0.00400876 9.99281E-05 0.906504 0.0309898 0.00972769
9.9946E-05 0.00331462 0.180609 0.0323752 9.9946E-05 0.00178929 9.9946E-05 0.027946 9.9946E-05 0.0113251 9.9946E-05 0.103694 0.622445 9.9946E-05 0.0159019
0.0351466 9.9928E-05 9.9928E-05 9.9928E-05 0.0511301 9.9928E-05 0.0547577 9.9928E-05 0.0505465 9.9928E-05 0.0232199 9.9928E-05 0.753847 9.9928E-05 0.0305529
9.9919E-05 9.9919E-05 9.9919E-05 9.9919E-05 9.9919E-05 0.00764531 0.002161 0.00319225 9.9919E-05 9.9919E-05 0.0304584 0.0227961 0.932848 9.9919E-05 9.9919E-05
9.9928E-05 9.9928E-05 9.9928E-05 0.0717004 0.0320713 0.0132636 0.0952975 9.9928E-05 0.248879 9.9928E-05 9.9928E-05 9.9928E-05 0.517999 9.9928E-05 0.0199904
0.0566215 9.99191E-05 0.00812654 9.99191E-05 9.99191E-05 9.99191E-05 9.99191E-05 9.99191E-05 0.027653 9.99191E-05 0.136103 9.99191E-05 0.712988 0.0576085 9.99191E-05
0.0164901 0.0236833 0.0145922 9.9973E-05 0.0525433 9.9973E-05 0.00455567 0.104645 0.359796 0.202278 0.0278677 0.033855 0.125702 9.9973E-05 0.0336927
0.00269481 0.0559625 9.9928E-05 9.9928E-05 0.0330108 9.9928E-05 9.9928E-05 9.9928E-05 0.0842621 0.032957 0.0223498 9.9928E-05 0.767964 9.9928E-05 9.9928E-05
0.0280421 0.0817851 9.9955E-05 9.9955E-05 0.0159847 0.0102425 0.00828047 9.9955E-05 0.0597274 0.0732218 9.9955E-05 9.9955E-05 0.703903 0.00245458 0.0158581
9.99191E-05 9.99191E-05 0.0189311 9.99191E-05 9.99191E-05 9.99191E-05 0.158099 0.00320203 9.99191E-05 0.634752 0.0494869 9.99191E-05 0.13463 9.99191E-05 9.99191E-05
9.9928E-05 0.00860294 9.9928E-05 9.9928E-05 0.12043 0.00337492 9.9928E-05 9.9928E-05 9.9928E-05 0.714274 0.0851709 0.0078551 9.9928E-05 0.0594921 9.9928E-05
0.0187778 9.99281E-05 9.99281E-05 9.99281E-05 9.99281E-05 0.0342251 9.99281E-05 9.99281E-05 0.0816616 0.563932 0.00688635 9.99281E-05 0.293521 0.000197482 9.99281E-05
9.98831E-05 9.98831E-05 9.98831E-05 9.98831E-05 9.98831E-05 9.98831E-05 9.98831E-05 9.98831E-05 0.132353 0.866348 9.98831E-05 9.98831E-05 9.98831E-05 9.98831E-05 9.98831E-05
9.9937E-05 0.11645 0.0209685 9.9937E-05 0.114156 9.9937E-05 9.9937E-05 0.10112 9.9937E-05 0.6095 9.9937E-05 0.00637176 0.0244833 9.9937E-05 0.00625142
9.9937E-05 0.00890991 0.0831183 9.9937E-05 9.9937E-05 9.9937E-05 9.9937E-05 9.9937E-05 0.130812 0.411879 0.00811077 0.0465127 0.295942 9.9937E-05 0.0140149
9.9919E-05 9.9919E-05 9.9919E-05 0.0185632 9.9919E-05 9.9919E-05 9.9919E-05 0.0310572 0.133308 0.778985 0.0247228 9.9919E-05 9.9919E-05 0.0124645 9.9919E-05
9.98831E-05 9.98831E-05 9.98831E-05 9.98831E-05 9.98831E-05 9.98831E-05 9.98831E-05 9.98831E-05 9.98831E-05 0.925004 9.98831E-05 9.98831E-05 9.98831E-05 9.98831E-05 0.0736973
9.99101E-05 9.99101E-05 9.99101E-05 9.99101E-05 9.99101E-05 0.00714835 0.00761596 9.99101E-05 0.205876 0.727114 9.99101E-05 9.99101E-05 9.99101E-05 9.99101E-05 0.0512472
0.0126737 9.9919E-05 9.9919E-05 0.0816873 9.9919E-05 9.9919E-05 0.0198537 9.9919E-05 0.0662459 0.763743 9.9919E-05 9.9919E-05 0.0548975 9.9919E-05 9.9919E-05
9.99011E-05 9.99011E-05 9.99011E-05 9.99011E-05 9.99011E-05 9.99011E-05 9.99011E-05 9.99011E-05 9.99011E-05 0.873886 0.0753278 0.041266 0.00842143 9.99011E-05 9.99011E-05
9.99191E-05 0.00240642 9.99191E-05 9.99191E-05 9.99191E-05 0.0562614 9.99191E-05 0.0118406 0.0548818 0.801165 9.99191E-05 9.99191E-05 9.99191E-05 0.0725457 9.99191E-05
0.0236568 9.99281E-05 0.0414112 9.99281E-05 0.129219 0.0151818 9.99281E-05 9.99281E-05 0.752694 0.0111806 0.0258576 9.99281E-05 9.99281E-05 9.99281E-05 9.99281E-05
0.018994 0.017781 0.0117911 0.00106292 0.076585 9.9955E-05 9.9955E-05 9.9955E-05 0.665771 0.103503 0.0735894 9.9955E-05 0.00971465 0.0207081 9.9955E-05
0.122231 9.9928E-05 9.9928E-05 0.010941 0.0162641 9.9928E-05 9.9928E-05 0.0503909 0.559011 0.1387 0.101663 9.9928E-05 9.9928E-05 9.9928E-05 9.9928E-05
9.9937E-05 0.0220237 0.130894 9.9937E-05 0.0939827 9.9937E-05 9.9937E-05 9.9937E-05 0.623417 0.000578029 0.0178892 9.9937E-05 0.0603369 0.0501783 9.9937E-05
0.0178416 9.9928E-05 9.9928E-05 9.9928E-05 9.9928E-05 0.000100678 9.9928E-05 9.9928E-05 0.782926 0.105999 0.0376786 0.0448021 9.9928E-05 0.00985229 9.9928E-05
9.99281E-05 9.99281E-05 0.0512779 9.99281E-05 9.99281E-05 0.0865548 0.00295029 0.0764183 0.421008 9.99281E-05 9.99281E-05 9.99281E-05 0.336227 9.99281E-05 0.0247649
9.99101E-05 0.0439562 0.0601241 9.99101E-05 9.99101E-05 9.99101E-05 0.0306884 9.99101E-05 0.779749 9.99101E-05 9.99101E-05 9.99101E-05 0.0844829 9.99101E-05 9.99101E-05
9.98832E-05 9.98832E-05 9.98832E-05 9.98832E-05 9.98832E-05 0.0319762 9.98832E-05 9.98832E-05 0.966725 9.98832E-05 9.98832E-05 9.98832E-05 9.98832E-05 9.98832E-05 9.98832E-05
9.9919E-05 0.0233378 9.9919E-05 0.00875471 9.9919E-05 0.0106141 9.9919E-05 9.9919E-05 0.819121 9.9919E-05 9.9919E-05 0.0580088 0.0792645 9.9919E-05 9.9919E-05
9.98921E-05 0.0208667 9.98921E-05 9.98921E-05 9.98921E-05 9.98921E-05 9.98921E-05 9.98921E-05 0.94906 9.98921E-05 9.98921E-05 9.98921E-05 9.98921E-05 9.98921E-05 0.0288743
9.98921E-05 0.0220595 9.98921E-05 9.98921E-05 0.0039496 9.98921E-05 9.98921E-05 9.98921E-05 0.972792 9.98921E-05 9.98921E-05 9.98921E-05 9.98921E-05 9.98921E-05 9.98921E-05
9.99011E-05 9.99011E-05 9.99011E-05 0.0505898 0.0334135 9.99011E-05 9.99011E-05 9.99011E-05 0.897849 9.99011E-05 0.0170493 9.99011E-05 9.99011E-05 9.99011E-05 9.99011E-05
9.98831E-05 9.98831E-05 9.98831E-05 0.0896704 9.98831E-05 9.98831E-05 9.98831E-05 9.98831E-05 0.909031 9.98831E-05 9.98831E-05 9.98831E-05 9.98831E-05 9.98831E-05 9.98831E-05
9.98921E-05 9.98921E-05 9.98921E-05 9.98921E-05 9.98921E-05 9.98921E-05 9.98921E-05 0.0282193 0.965706 0.00487601 9.98921E-05 9.98921E-05 9.98921E-05 9.98921E-05 9.98921E-05
9.98832E-05 9.98832E-05 9.98832E-05 9.98832E-05 9.98832E-05 9.98832E-05 9.98832E-05 9.98832E-05 0.795833 9.98832E-05 9.98832E-05 9.98832E-05 0.202868 9.98832E-05 9.98832E-05
9.99191E-05 9.99191E-05 0.0553929 9.99191E-05 9.99191E-05 9.99191E-05 9.99191E-05 9.99191E-05 0.637384 9.99191E-05 0.0729948 0.0034384 0.111314 0.118577 9.99191E-05
9.99191E-05 9.99191E-05 0.0276971 9.99191E-05 9.99191E-05 0.00442313 9.99191E-05 0.00337626 0.947748 0.00407765 9.99191E-05 9.99191E-05 9.99191E-05 0.0117788 9.99191E-05
9.9928E-05 9.9928E-05 9.9928E-05 9.9928E-05 9.9928E-05 0.0699311 9.9928E-05 9.9928E-05 0.656787 0.0234138 0.0746412 0.0349501 0.0988539 9.9928E-05 0.0406239
9.9955E-05 9.9955E-05 9.9955E-05 0.0245118 0.0819527 0.550272 9.9955E-05 0.0109518 0.207125 9.9955E-05 0.00732128 0.0726176 0.018148 0.0252879 0.00131209
9.98741E-05 9.98741E-05 9.98741E-05 9.98741E-05 9.98741E-05 0.998602 9.98741E-05 9.98741E-05 9.98741E-05 9.98741E-05 9.98741E-05 9.98741E-05 9.98741E-05 9.98741E-05 9.98741E-05
0.00644938 9.993E-05 9.993E-05 9.993E-05 0.0291753 0.0665793 0.0447724 0.0117291 0.631632 9.993E-05 9.993E-05 9.993E-05 0.180005 9.993E-05 0.0289575
