0.9995 9.996E-05 9.996E-05 9.996E-05 9.996E-05 9.996E-05
0.833076 0.018637 0.045954 0.102134 9.9982E-05 9.9982E-05
0.666129 0.00822584 9.9973E-05 0.325346 9.9973E-05 9.9973E-05
0.286946 0.0506503 9.9982E-05 0.591328 0.0708761 9.9982E-05
0.73531 0.0193768 0.0179928 0.00790625 0.219314 9.9991E-05
0.856759 9.9973E-05 9.9973E-05 0.0684591 9.9973E-05 0.0744822
0.82091 9.9982E-05 0.0537571 9.9982E-05 0.0407448 0.0843877
0.77892 9.9973E-05 9.9973E-05 9.9973E-05 0.0216639 0.199116
0.541388 9.9982E-05 0.0109491 0.23641 0.211054 9.9982E-05
0.581477 0.0771676 0.156592 9.9991E-05 0.121394 0.0632704
0.00333594 0.0149967 9.9982E-05 0.650604 9.9982E-05 0.330863
9.9964E-05 9.9964E-05 9.9964E-05 0.0233775 9.9964E-05 0.976223
0.0887356 9.9964E-05 9.9964E-05 9.9964E-05 9.9964E-05 0.910865
9.999E-05 0.042761 0.00782701 0.156883 0.132634 0.659795
0.0296792 0.0900483 0.00050043 0.661945 9.9991E-05 0.217727
9.9964E-05 9.9964E-05 9.9964E-05 0.918168 9.9964E-05 0.0814325
9.996E-05 9.996E-05 9.996E-05 9.996E-05 9.996E-05 0.9995
9.9982E-05 0.0131418 0.112477 0.859563 0.0146175 9.9982E-05
9.9982E-05 9.9982E-05 0.0410812 0.305777 0.0975466 0.555396
9.9964E-05 9.9964E-05 9.9964E-05 0.971921 9.9964E-05 0.0276795
0.0071711 9.9982E-05 0.0937066 0.463142 9.9982E-05 0.435781
0.083713 9.9964E-05 9.9964E-05 0.915887 9.9964E-05 9.9964E-05
9.9964E-05 9.9964E-05 9.9964E-05 0.518216 9.9964E-05 0.481384
9.9973E-05 9.9973E-05 0.0921 9.9973E-05 0.0222237 0.885376
9.9973E-05 9.9973E-05 0.119455 0.676284 9.9973E-05 0.203961
0.123452 9.9982E-05 0.26214 0.00667096 9.9982E-05 0.607536
9.9964E-05 9.9964E-05 9.9964E-05 0.743269 0.256331 9.9964E-05
9.9982E-05 0.0197162 0.294749 0.654341 0.0309936 9.9982E-05
0.0247453 9.9982E-05 0.344412 0.5325 9.9982E-05 0.0981424
9.9964E-05 9.9964E-05 0.259233 0.740367 9.9964E-05 9.9964E-05
9.9973E-05 9.9973E-05 0.313587 0.150293 0.53582 9.9973E-05
0.18836 0.0113183 0.199825 0.243931 0.356466 9.9991E-05
9.9973E-05 9.9973E-05 0.108634 0.267734 0.623332 9.9973E-05
0.0363339 9.9973E-05 9.9973E-05 9.9973E-05 0.871211 0.0921555
9.9982E-05 0.00896328 0.0328317 0.550046 0.407959 9.9982E-05
0.0419468 0.00604472 0.154805 9.9991E-05 0.64431 0.152794
0.244263 9.9973E-05 9.9973E-05 0.252045 0.503393 9.9973E-05
0.0251723 9.9982E-05 0.270346 9.9982E-05 0.482815 0.221467
9.9973E-05 0.0174588 9.9973E-05 0.160445 0.821796 9.9973E-05
0.0200228 0.0275521 0.238099 0.302969 0.411258 9.9991E-05
0.0609239 9.9982E-05 0.11281 9.9982E-05 0.662637 0.163429
0.0627637 9.9991E-05 0.356209 0.157157 0.280222 0.143548
0.00750088 9.9982E-05 0.249698 0.269712 0.472889 9.9982E-05
9.9973E-05 0.0229722 9.9973E-05 9.9973E-05 0.809113 0.167615
0.0201945 9.9991E-05 0.291381 0.085671 0.573007 0.029647
0.0354337 9.9982E-05 0.252934 9.9982E-05 0.636169 0.0752629
9.9982E-05 0.0281021 0.0364315 9.9982E-05 0.927262 0.00800475
9.9964E-05 9.9964E-05 0.238226 9.9964E-05 0.761374 9.9964E-05
0.107118 9.9973E-05 9.9973E-05 0.140341 0.752242 9.9973E-05
0.115917 9.9973E-05 0.16532 9.9973E-05 0.718463 9.9973E-05
9.9973E-05 9.9973E-05 0.285966 0.00320742 0.710527 9.9973E-05
9.9964E-05 0.012103 9.9964E-05 9.9964E-05 0.987497 9.9964E-05
9.9982E-05 0.0053563 0.281101 9.9982E-05 0.669613 0.043729
9.9982E-05 0.00451664 0.130565 0.0469122 0.817807 9.9982E-05
9.9964E-05 9.9964E-05 0.0392038 9.9964E-05 0.960396 9.9964E-05
9.9973E-05 0.0457885 0.178733 9.9973E-05 0.775178 9.9973E-05
0.029393 9.9982E-05 0.776732 0.0618379 0.131837 9.9982E-05
9.9982E-05 9.9982E-05 0.667533 0.0413739 0.136989 0.153905
0.0216763 0.0117589 0.763225 0.0867022 0.116537 9.9991E-05
0.164693 9.9982E-05 0.682575 0.0330421 0.11949 9.9982E-05
0.00831073 9.9991E-05 0.864458 0.00493582 0.101246 0.0209488
0.066722 0.118524 0.471061 9.9991E-05 0.31503 0.028563
0.0197201 9.9982E-05 0.854373 9.9982E-05 0.0688138 0.0568932
9.9964E-05 0.0375533 0.962047 9.9964E-05 9.9964E-05 9.9964E-05
9.9982E-05 0.00307146 0.86239 0.0741137 0.060225 9.9982E-05
9.9964E-05 9.9964E-05 0.993754 9.9964E-05 9.9964E-05 0.00584591
9.996E-05 9.996E-05 0.9995 9.996E-05 9.996E-05 9.996E-05
9.9964E-05 9.9964E-05 0.922228 0.0773718 9.9964E-05 9.9964E-05
9.9964E-05 9.9964E-05 0.999261 0.000338954 9.9964E-05 9.9964E-05
9.996E-05 9.996E-05 0.9995 9.996E-05 9.996E-05 9.996E-05
9.9964E-05 0.00443894 0.995161 9.9964E-05 9.9964E-05 9.9964E-05
0.133785 0.00608668 0.668862 9.9991E-05 0.150701 0.0404651
0.0193462 0.0186638 0.928027 9.9982E-05 0.0337631 9.9982E-05
9.9982E-05 0.053536 0.716805 0.10203 0.127429 9.9982E-05
9.9991E-05 0.609225 0.216181 0.0352338 0.11924 0.0200201
9.996E-05 0.9995 9.996E-05 9.996E-05 9.996E-05 9.996E-05
0.0174499 0.055099 0.65902 0.0619066 0.166452 0.0400725
