9.996E-05 0.9995 9.996E-05 9.996E-05 9.996E-05 9.996E-05
9.9973E-05 0.895796 9.9973E-05 9.9973E-05 0.0885686 0.0153359
0.211879 0.734728 0.0530936 9.9973E-05 9.9973E-05 9.9973E-05
0.416153 0.43411 0.0589888 0.0405091 9.9991E-05 0.0501396
0.194441 0.750033 0.0552266 9.9973E-05 9.9973E-05 9.9973E-05
0.00878195 0.862146 9.9973E-05 0.128772 9.9973E-05 9.9973E-05
9.9982E-05 0.860783 0.0397738 0.0660842 0.0331585 9.9982E-05
9.9982E-05 0.839092 0.0102137 0.101204 0.0492903 9.9982E-05
9.9973E-05 0.639239 0.329538 9.9973E-05 0.0309226 9.9973E-05
9.9982E-05 0.64008 9.9982E-05 0.0586897 0.252514 0.0485159
0.441086 9.9973E-05 9.9973E-05 0.553915 9.9973E-05 0.00469953
0.634883 9.9964E-05 9.9964E-05 0.364717 9.9964E-05 9.9964E-05
0.0717998 0.187149 9.99742E-05 0.740751 9.99742E-05 9.99742E-05
0.132994 0.00110323 0.0424699 0.716194 0.0615411 0.0456976
0.774604 0.0259961 9.9982E-05 0.163396 9.9982E-05 0.0358038
0.33859 9.9964E-05 9.9964E-05 0.66101 9.9964E-05 9.9964E-05
9.996E-05 9.996E-05 9.996E-05 0.9995 9.996E-05 9.996E-05
0.124176 9.9982E-05 0.164315 0.565486 0.145823 9.9982E-05
0.370188 9.9991E-05 0.0241195 0.573035 0.0154431 0.017114
9.9964E-05 9.9964E-05 0.0833821 0.916218 9.9964E-05 9.9964E-05
9.999E-05 0.065558 0.0847297 0.714567 0.133291 0.00175438
0.560987 0.281249 9.9973E-05 0.157464 9.9973E-05 9.9973E-05
9.9982E-05 0.00554969 9.9982E-05 0.977385 0.00386179 0.0130034
9.9964E-05 9.9964E-05 9.9964E-05 0.884262 0.115338 9.9964E-05
0.770123 9.9973E-05 9.9973E-05 0.209943 0.0196343 9.9973E-05
0.202619 0.0818282 9.9982E-05 0.540812 0.17454 9.9982E-05
0.78848 9.9964E-05 0.211121 9.9964E-05 9.9964E-05 9.9964E-05
0.821077 0.0035523 9.9982E-05 9.9982E-05 0.154932 0.0202384
0.873893 9.9964E-05 9.9964E-05 9.9964E-05 0.125707 9.9964E-05
0.9995 9.996E-05 9.996E-05 9.996E-05 9.996E-05 9.996E-05
0.0720108 0.00997239 0.641937 9.9982E-05 0.27588 9.9982E-05
0.0339736 0.196411 0.546254 9.9982E-05 0.223161 9.9982E-05
0.413251 9.9973E-05 0.562204 9.9973E-05 0.0242452 9.9973E-05
0.193705 0.00543697 0.793878 9.9982E-05 9.9982E-05 0.00677988
0.485118 9.9982E-05 0.43807 0.0639887 0.0126236 9.9982E-05
9.9982E-05 0.0626792 0.717668 0.100903 0.11855 9.9982E-05
0.251741 0.230725 0.395099 0.078619 0.0407289 0.00308733
0.0413594 0.0415652 0.529681 0.161222 0.226072 9.9991E-05
0.160452 9.9973E-05 0.831167 0.00808139 9.9973E-05 9.9973E-05
0.339947 0.0219082 0.328402 9.9991E-05 0.306388 0.00325475
9.9973E-05 0.0887711 0.78071 9.9973E-05 0.130219 9.9973E-05
0.185563 0.0786805 0.314205 0.0851327 0.327579 0.00883973
0.301441 0.033125 0.399064 9.9982E-05 0.26617 9.9982E-05
0.326619 0.0166229 0.632868 9.9982E-05 9.9982E-05 0.0236898
0.00970179 9.9982E-05 0.757606 0.0555174 0.176975 9.9982E-05
0.0800954 0.052869 0.782018 9.9982E-05 0.0848175 9.9982E-05
9.9973E-05 9.9973E-05 0.855993 9.9973E-05 0.0808633 0.062844
9.9964E-05 9.9964E-05 0.797717 9.9964E-05 0.201883 9.9964E-05
0.423631 0.0263302 0.549739 9.9973E-05 9.9973E-05 9.9973E-05
0.0916171 0.050139 0.657361 0.00819311 0.192589 9.9991E-05
9.9964E-05 9.9964E-05 0.735525 9.9964E-05 0.264076 9.9964E-05
9.9964E-05 9.9964E-05 0.95701 0.0425902 9.9964E-05 9.9964E-05
9.9982E-05 0.0236521 0.714013 9.9982E-05 0.257624 0.00451019
9.9982E-05 9.9982E-05 0.874178 0.00398741 0.119401 0.00223302
9.9964E-05 9.9964E-05 0.868126 9.9964E-05 0.131474 9.9964E-05
9.9973E-05 9.9973E-05 0.776181 9.9973E-05 0.192937 0.0305826
9.9991E-05 0.0211739 0.14081 0.0464228 0.78479 0.00670361
0.26152 0.0356404 0.112988 9.9982E-05 0.589651 9.9982E-05
0.0609872 0.0318787 0.221419 9.9991E-05 0.682612 0.00300314
0.199365 0.103193 9.9973E-05 9.9973E-05 0.697142 9.9973E-05
9.9973E-05 9.9973E-05 0.103491 0.0432697 0.852939 9.9973E-05
9.9982E-05 0.146461 0.26305 9.9982E-05 0.48964 0.100649
0.0521811 9.9982E-05 0.087036 0.0271713 0.833412 9.9982E-05
9.9964E-05 9.9964E-05 9.9964E-05 9.9964E-05 0.976581 0.0230191
0.0984353 9.9982E-05 0.040162 9.9982E-05 0.859839 0.00136404
9.996E-05 9.996E-05 9.996E-05 9.996E-05 0.9995 9.996E-05
9.996E-05 9.996E-05 9.996E-05 9.996E-05 0.9995 9.996E-05
0.0755116 9.9964E-05 9.9964E-05 9.9964E-05 0.924089 9.9964E-05
9.996E-05 9.996E-05 9.996E-05 9.996E-05 0.9995 9.996E-05
9.996E-05 9.996E-05 9.996E-05 9.996E-05 0.9995 9.996E-05
0.0121817 9.9977E-05 9.9977E-05 0.00794837 0.97957 9.9977E-05
9.9982E-05 0.0963635 0.131409 9.9982E-05 0.760192 0.0118356
9.9964E-05 9.9964E-05 0.0166392 9.9964E-05 0.982961 9.9964E-05
0.123391 9.9991E-05 0.157528 0.000575008 0.655629 0.0627763
9.9973E-05 9.9973E-05 9.9973E-05 0.107343 0.361511 0.530847
9.996E-05 9.996E-05 9.996E-05 9.996E-05 9.996E-05 0.9995
0.0945037 0.0373904 0.127244 9.9991E-05 0.6966 0.0441618
