9.996E-05 9.996E-05 9.996E-05 0.9995 9.996E-05 9.996E-05
9.9982E-05 0.0804033 0.0751188 0.373136 9.9982E-05 0.471142
9.9982E-05 0.0821382 0.0665431 0.360154 9.9982E-05 0.490964
9.99641E-05 9.99641E-05 9.99641E-05 0.255289 9.99641E-05 0.744311
9.9964E-05 9.9964E-05 9.9964E-05 0.147861 9.9964E-05 0.851739
9.9973E-05 0.0039902 9.9973E-05 0.220901 9.9973E-05 0.774809
9.9973E-05 0.00522176 9.9973E-05 0.332066 9.9973E-05 0.662412
9.9973E-05 0.0793908 9.9973E-05 0.328651 9.9973E-05 0.591658
9.9973E-05 0.0342635 9.9973E-05 0.264407 9.9973E-05 0.70103
9.996E-05 9.996E-05 9.996E-05 0.9995 9.996E-05 9.996E-05
9.996E-05 9.996E-05 9.996E-05 0.9995 9.996E-05 9.996E-05
9.9964E-05 9.9964E-05 9.9964E-05 0.992863 0.00673744 9.9964E-05
9.996E-05 9.996E-05 9.996E-05 0.9995 9.996E-05 9.996E-05
9.9973E-05 9.9973E-05 0.00709911 0.955301 0.0373002 9.9973E-05
9.9964E-05 9.9964E-05 0.0213729 0.978227 9.9964E-05 9.9964E-05
0.0278438 9.9982E-05 9.9982E-05 0.238939 0.0185591 0.714458
0.0565032 0.0715323 0.0456569 0.288797 0.0761741 0.461336
9.9964E-05 9.9964E-05 9.9964E-05 0.221167 9.9964E-05 0.778433
9.99641E-05 9.99641E-05 9.99641E-05 0.0216513 9.99641E-05 0.977949
9.996E-05 9.996E-05 9.996E-05 9.996E-05 9.996E-05 0.9995
9.9973E-05 9.9973E-05 9.9973E-05 0.136873 0.014736 0.848091
9.9982E-05 0.0427489 0.00601903 0.0402624 9.9982E-05 0.91077
9.9982E-05 0.0118338 9.9982E-05 0.0324837 0.00405735 0.951425
9.9964E-05 9.9964E-05 9.9964E-05 0.09461 9.9964E-05 0.90499
9.9964E-05 9.9964E-05 9.9964E-05 0.0326145 9.9964E-05 0.966986
0.0309205 9.9982E-05 9.9982E-05 0.0177095 0.0368444 0.914326
9.999E-05 0.0234108 0.00163302 0.02893 0.0486345 0.897292
9.9964E-05 9.9964E-05 9.9964E-05 0.0382213 9.9964E-05 0.961379
9.9973E-05 9.9973E-05 9.9973E-05 0.0795312 0.0131676 0.907001
9.9964E-05 9.9964E-05 9.9964E-05 0.132131 9.9964E-05 0.86747
9.99641E-05 9.99641E-05 9.99641E-05 0.109374 9.99641E-05 0.890226
9.9973E-05 9.9973E-05 9.9973E-05 0.0297229 0.00322147 0.966756
9.999E-05 0.0209624 0.0187129 0.0372478 0.00543094 0.917546
0.0896836 0.0693368 0.00171056 0.0824765 0.00623024 0.750562
9.9973E-05 0.0265816 9.9973E-05 0.0199778 9.9973E-05 0.953141
9.9964E-05 9.9964E-05 9.9964E-05 0.115616 9.9964E-05 0.883985
9.996E-05 9.996E-05 9.996E-05 9.996E-05 9.996E-05 0.9995
0.0159757 0.0165016 9.9991E-05 0.0257375 0.0754685 0.866217
9.9991E-05 0.049682 0.056176 0.0275941 0.0803599 0.786088
0.0473023 9.9991E-05 0.0341059 0.0155995 0.0488329 0.854059
0.188523 0.0168677 0.0960421 9.9982E-05 9.9982E-05 0.698367
0.129962 0.0230752 0.022788 9.9991E-05 0.0624363 0.761639
0.118382 0.0923098 0.0538344 0.0573828 9.9991E-05 0.677991
0.17205 0.0185108 0.0240597 9.9991E-05 0.0345877 0.750692
0.0483177 0.0734179 9.9982E-05 9.9982E-05 0.0687167 0.809348
9.9973E-05 0.049122 9.9973E-05 9.9973E-05 0.0206575 0.929921
0.0521089 0.0442581 9.9982E-05 9.9982E-05 0.0104897 0.892943
0.0209497 0.0534841 9.9982E-05 9.9982E-05 0.0437787 0.881588
0.102619 0.0598891 9.9991E-05 0.0540127 0.103924 0.679455
0.0443099 9.9991E-05 0.0373516 0.109529 0.0354404 0.773269
0.00968973 0.0800634 0.0505985 0.0040479 0.0039741 0.851626
0.0618616 0.0498561 9.9982E-05 9.9982E-05 0.0611944 0.826888
0.0449136 0.0277524 9.9982E-05 9.9982E-05 0.0506103 0.876524
0.0711517 0.0195518 0.0511234 0.0104856 0.133347 0.714341
0.0974955 0.0278411 0.084517 0.0262217 0.0603292 0.703595
0.125888 0.100768 0.0154742 9.9982E-05 9.9982E-05 0.75767
0.0793711 0.0594132 0.0146066 0.0761388 0.0561045 0.714366
0.121466 9.9982E-05 0.00432936 9.9982E-05 0.0925027 0.781502
9.9973E-05 0.0587426 9.9973E-05 9.9973E-05 0.0567808 0.884177
0.0269137 0.0107547 0.0394455 0.0389733 0.103586 0.780327
0.102118 9.9973E-05 9.9973E-05 9.9973E-05 0.127803 0.769779
0.184395 9.9973E-05 0.0650346 9.9973E-05 9.9973E-05 0.750271
0.056117 0.0750116 0.0698283 9.9991E-05 0.0583533 0.74059
0.118894 0.121547 0.0263948 9.9991E-05 0.0793357 0.653728
0.122039 9.9982E-05 0.0108158 9.9982E-05 0.0614518 0.805493
0.079119 0.0883847 0.0480963 9.9991E-05 0.0385388 0.745761
0.115112 9.9982E-05 0.1014 9.9982E-05 0.043707 0.739582
0.167098 0.0883345 0.0686611 0.014109 0.0453106 0.616487
0.0455994 0.0289957 9.9982E-05 9.9982E-05 0.051924 0.873281
0.135343 0.10168 0.0200826 9.9991E-05 0.0344874 0.708307
0.0626748 0.0414966 0.0962086 0.00735717 9.9991E-05 0.792163
0.132575 0.0676137 0.0780372 9.9991E-05 0.0406379 0.681036
0.0438863 0.0413116 0.00699083 0.0373384 0.0670302 0.803443
0.0319627 0.0285164 0.0232998 9.9991E-05 0.14691 0.769212
0.186893 0.0492461 0.0353277 0.0313056 0.102402 0.594826
0.091653 0.027193 0.0578828 9.9991E-05 0.125818 0.697353
0.0501056 0.0805696 0.0529358 9.9982E-05 9.9982E-05 0.816189
0.121973 0.0685184 0.17991 9.9991E-05 0.028569 0.60093
0.213496 0.120835 0.1327 9.9991E-05 0.120992 0.411876
0.17638 0.0691157 0.191692 9.9991E-05 0.104882 0.45783
0.209672 0.0941017 0.101437 9.9991E-05 0.150876 0.443814
0.18934 0.0893111 0.129332 9.9991E-05 0.12809 0.463827
0.172746 0.095266 0.158002 9.9991E-05 0.105808 0.468077
0.271841 9.9991E-05 0.133973 0.00621703 0.112729 0.47514
0.141211 0.0676059 0.233173 0.0117769 0.100996 0.445238
0.0881575 0.110532 0.215022 0.00531469 0.101482 0.479492
0.115161 0.117409 0.103238 0.0313768 0.072176 0.560639
0.210643 0.0193481 0.175952 9.9991E-05 0.105047 0.48891
0.0971863 0.114811 0.207907 9.9991E-05 0.151611 0.428385
0.201152 0.11256 0.117815 9.9991E-05 0.142738 0.425636
0.0870797 0.0902598 0.20488 0.0238697 0.0501401 0.543771
0.154937 0.100871 0.173712 0.0308406 0.00417652 0.535463
0.137323 0.0953415 0.225153 0.0169981 0.185675 0.33951
9.996E-05 9.996E-05 0.9995 9.996E-05 9.996E-05 9.996E-05
0.00388174 9.9973E-05 0.969456 0.0263628 9.9973E-05 9.9973E-05
9.9973E-05 9.9973E-05 0.881951 9.9973E-05 0.00876768 0.108982
9.996E-05 9.996E-05 0.9995 9.996E-05 9.996E-05 9.996E-05
9.996E-05 9.996E-05 0.9995 9.996E-05 9.996E-05 9.996E-05
9.996E-05 9.996E-05 0.9995 9.996E-05 9.996E-05 9.996E-05
9.996E-05 9.996E-05 0.9995 9.996E-05 9.996E-05 9.996E-05
9.9982E-05 0.00826502 0.967126 0.0178164 9.9982E-05 0.00659219
9.996E-05 9.996E-05 0.9995 9.996E-05 9.996E-05 9.996E-05
9.996E-05 9.996E-05 0.9995 9.996E-05 9.996E-05 9.996E-05
0.334088 0.0875959 0.0850414 9.9991E-05 0.131709 0.361466
9.9982E-05 9.9982E-05 0.941557 0.00605663 0.0273153 0.0248707
9.996E-05 9.996E-05 0.9995 9.996E-05 9.996E-05 9.996E-05
9.9973E-05 9.9973E-05 0.982404 0.0123793 9.9973E-05 0.00491658
0.285135 0.0603679 0.17947 9.9991E-05 0.221378 0.25355
0.287488 0.0818846 0.177752 9.9991E-05 0.127244 0.325531
0.270604 0.0936088 0.170438 9.9991E-05 0.162728 0.302521
0.327732 0.0765085 0.208063 9.9991E-05 0.123816 0.263781
0.289211 0.0776058 0.191371 9.9991E-05 0.157765 0.283948
0.241215 0.0102102 0.119416 9.9991E-05 0.131793 0.497265
0.231806 0.061648 0.195862 9.9991E-05 0.11688 0.393705
0.289199 0.0120305 0.131718 9.9991E-05 0.172396 0.394557
0.205032 0.103511 0.274081 9.9991E-05 0.124176 0.293099
0.212471 0.0993486 0.266785 9.9991E-05 0.0995289 0.321766
0.191205 0.101159 0.195889 9.9991E-05 0.112896 0.398752
0.184784 0.0544831 0.259251 9.9991E-05 0.160814 0.340568
0.251662 0.102932 0.128675 9.9991E-05 0.197292 0.319339
0.295355 0.0469129 0.169896 9.9991E-05 0.136966 0.35077
0.94918 0.0366929 9.9973E-05 9.9973E-05 9.9973E-05 0.0138275
0.896976 9.9973E-05 9.9973E-05 0.00781472 0.0949089 9.9973E-05
0.9995 9.996E-05 9.996E-05 9.996E-05 9.996E-05 9.996E-05
0.9995 9.996E-05 9.996E-05 9.996E-05 9.996E-05 9.996E-05
0.9995 9.996E-05 9.996E-05 9.996E-05 9.996E-05 9.996E-05
0.9995 9.996E-05 9.996E-05 9.996E-05 9.996E-05 9.996E-05
0.9995 9.996E-05 9.996E-05 9.996E-05 9.996E-05 9.996E-05
0.800303 9.9991E-05 0.0163468 0.0596501 0.0301354 0.0934649
0.995296 0.00430418 9.9964E-05 9.9964E-05 9.9964E-05 9.9964E-05
0.9995 9.996E-05 9.996E-05 9.996E-05 9.996E-05 9.996E-05
0.924444 9.9973E-05 0.0594143 0.0158419 9.9973E-05 9.9973E-05
0.9995 9.996E-05 9.996E-05 9.996E-05 9.996E-05 9.996E-05
0.793133 0.119762 0.00205109 0.0101549 0.0372854 0.0376134
9.996E-05 0.9995 9.996E-05 9.996E-05 9.996E-05 9.996E-05
0.218484 0.126282 0.205575 9.9991E-05 0.139345 0.310214
9.996E-05 0.9995 9.996E-05 9.996E-05 9.996E-05 9.996E-05
9.996E-05 0.9995 9.996E-05 9.996E-05 9.996E-05 9.996E-05
0.00148962 0.959778 0.0325227 0.00601007 9.9982E-05 9.9982E-05
0.0120641 0.857527 0.00306061 9.9991E-05 0.0308414 0.0964066
9.996E-05 0.9995 9.996E-05 9.996E-05 9.996E-05 9.996E-05
0.0374655 0.855882 9.9982E-05 0.0349107 9.9982E-05 0.0715421
9.9964E-05 0.999441 9.9964E-05 9.9964E-05 9.9964E-05 0.000158685
0.0225286 0.972721 9.9982E-05 9.9982E-05 0.00242148 0.00212892
9.996E-05 0.9995 9.996E-05 9.996E-05 9.996E-05 9.996E-05
0.00449201 0.935576 0.00997226 9.9982E-05 9.9982E-05 0.0497595
0.0579942 0.939105 9.9973E-05 9.9973E-05 9.9973E-05 0.0026009
0.0566662 0.80501 0.0538297 9.9982E-05 0.0842939 9.9982E-05
9.9973E-05 0.939452 9.9973E-05 0.0113398 9.9973E-05 0.0489081
0.0369242 0.884658 0.0393826 9.9982E-05 0.038835 9.9982E-05
0.0352936 0.914944 9.9991E-05 0.00520519 0.0384377 0.00601919
9.9982E-05 0.893452 0.0343764 0.0433904 0.0285812 9.9982E-05
9.9964E-05 0.987807 9.9964E-05 0.0117932 9.9964E-05 9.9964E-05
0.12261 0.050334 0.122148 0.00455964 0.334873 0.365476
0.103453 0.0252206 0.118077 0.0193496 0.423572 0.310328
0.08845 0.0905304 0.0870557 0.0193587 0.363394 0.351211
0.135392 0.0890251 0.0967613 0.034054 0.345287 0.299481
0.0517265 0.0403653 0.230667 9.9991E-05 0.447515 0.229627
0.0139688 0.113366 0.26969 9.9991E-05 0.581698 0.0211772
0.0237095 0.109342 0.267121 9.9991E-05 0.482378 0.117349
0.0217401 0.0997882 0.245878 9.9991E-05 0.540083 0.0924108
0.0295927 0.112781 0.251992 9.9991E-05 0.50417 0.101365
0.0621848 0.1114 0.21099 9.9991E-05 0.448519 0.166807
0.0231436 0.0839142 0.254303 9.9991E-05 0.470731 0.167808
0.0806137 0.130988 0.177514 0.024287 0.339356 0.247241
0.00519408 0.110233 0.213649 9.9991E-05 0.360613 0.31021
9.996E-05 9.996E-05 9.996E-05 9.996E-05 0.9995 9.996E-05
9.996E-05 9.996E-05 9.996E-05 9.996E-05 0.9995 9.996E-05
9.996E-05 9.996E-05 9.996E-05 9.996E-05 0.9995 9.996E-05
9.996E-05 9.996E-05 9.996E-05 9.996E-05 0.9995 9.996E-05
9.996E-05 9.996E-05 9.996E-05 9.996E-05 0.9995 9.996E-05
9.9973E-05 9.9973E-05 9.9973E-05 0.00718256 0.921406 0.0711114
9.996E-05 9.996E-05 9.996E-05 9.996E-05 0.9995 9.996E-05
9.996E-05 9.996E-05 9.996E-05 9.996E-05 0.9995 9.996E-05
9.996E-05 9.996E-05 9.996E-05 9.996E-05 0.9995 9.996E-05
0.0117315 9.9964E-05 9.9964E-05 9.9964E-05 0.987869 9.9964E-05
9.996E-05 9.996E-05 9.996E-05 9.996E-05 0.9995 9.996E-05
9.996E-05 9.996E-05 9.996E-05 9.996E-05 0.9995 9.996E-05
