9.996E-05 9.996E-05 0.9995 9.996E-05 9.996E-05 9.996E-05
0.0894201 0.463852 0.391133 0.0553954 9.9982E-05 9.9982E-05
0.084734 0.425823 0.374687 0.114556 9.9982E-05 9.9982E-05
9.9964E-05 0.742599 0.257002 9.9964E-05 9.9964E-05 9.9964E-05
9.9973E-05 0.785616 0.157347 9.9973E-05 9.9973E-05 0.0567378
9.9964E-05 0.762607 0.236993 9.9964E-05 9.9964E-05 9.9964E-05
9.9964E-05 0.646466 0.353134 9.9964E-05 9.9964E-05 9.9964E-05
9.9973E-05 0.535643 0.388952 0.0751056 9.9973E-05 9.9973E-05
0.000875117 0.734272 0.257379 0.00727366 9.9982E-05 9.9982E-05
9.996E-05 9.996E-05 0.9995 9.996E-05 9.996E-05 9.996E-05
9.996E-05 9.996E-05 0.9995 9.996E-05 9.996E-05 9.996E-05
9.996E-05 9.996E-05 0.9995 9.996E-05 9.996E-05 9.996E-05
9.996E-05 9.996E-05 0.9995 9.996E-05 9.996E-05 9.996E-05
9.9982E-05 0.0288675 0.912568 0.00117125 9.9982E-05 0.057193
0.0125953 9.9973E-05 0.967256 0.0198492 9.9973E-05 9.9973E-05
9.9982E-05 0.716269 0.222842 0.0418388 0.0188498 9.9982E-05
0.0384122 0.611122 0.241806 0.0363783 9.9991E-05 0.072181
9.9964E-05 0.777218 0.222382 9.9964E-05 9.9964E-05 9.9964E-05
9.99641E-05 0.967576 0.0320239 9.99641E-05 9.99641E-05 9.99641E-05
9.99641E-05 0.95283 9.99641E-05 9.99641E-05 9.99641E-05 0.0467701
9.9964E-05 0.856694 0.142906 9.9964E-05 9.9964E-05 9.9964E-05
9.9982E-05 0.892484 0.0279796 0.00980189 9.9982E-05 0.0695349
9.9973E-05 0.852432 0.0487239 9.9973E-05 9.9973E-05 0.0985439
9.9964E-05 0.919043 0.0805575 9.9964E-05 9.9964E-05 9.9964E-05
9.99641E-05 0.926514 0.0730858 9.99641E-05 9.99641E-05 9.99641E-05
9.9973E-05 0.923893 0.0174119 9.9973E-05 0.0583956 9.9973E-05
9.999E-05 0.900775 0.0275289 0.0335854 0.0114963 0.0265148
9.9964E-05 0.946096 0.0535037 9.9964E-05 9.9964E-05 9.9964E-05
9.9982E-05 0.897301 0.0885408 9.9982E-05 0.0124717 0.00148642
9.9964E-05 0.879873 0.119727 9.9964E-05 9.9964E-05 9.9964E-05
9.9973E-05 0.828879 0.118778 9.9973E-05 9.9973E-05 0.0520432
0.0078898 0.958423 0.0333873 9.9973E-05 9.9973E-05 9.9973E-05
0.0226691 0.852963 0.060348 0.0270582 0.0224304 0.0145314
0.0177133 0.717373 0.100826 0.0737067 0.0688071 0.0215745
9.9982E-05 0.810341 0.0339627 0.0169145 9.9982E-05 0.138581
9.9964E-05 0.872361 0.127239 9.9964E-05 9.9964E-05 9.9964E-05
9.9973E-05 0.958121 9.9973E-05 0.0132577 9.9973E-05 0.028321
0.0213377 0.795263 0.0295494 9.9991E-05 0.085164 0.0685856
0.0543992 0.787731 0.0560434 0.0710393 0.0306866 9.9991E-05
0.00828338 0.815874 0.0381728 9.9991E-05 0.10024 0.0373298
0.0746438 0.727162 9.9982E-05 0.0615309 0.136463 9.9982E-05
9.9991E-05 0.752729 0.00826011 0.0923814 0.110476 0.0360541
0.0556303 0.742423 0.0349429 0.127487 0.039417 9.9991E-05
0.0750125 0.725535 9.9991E-05 0.0866187 0.112022 0.00071217
9.9973E-05 0.780143 9.9973E-05 0.0795089 0.140048 9.9973E-05
9.9973E-05 0.930782 9.9973E-05 0.0612278 0.00769052 9.9973E-05
9.9973E-05 0.899682 9.9973E-05 0.0412239 0.0587945 9.9973E-05
9.9982E-05 0.868821 9.9982E-05 0.0445452 0.0538792 0.0325543
9.9991E-05 0.705367 0.0494295 0.0563513 0.180059 0.00869342
0.0273873 0.796206 0.0991483 0.0189494 0.0582091 9.9991E-05
0.0439916 0.777612 0.0436362 0.0645512 0.0701085 9.9991E-05
9.9982E-05 0.830033 9.9982E-05 0.073156 0.0752809 0.0213302
9.9982E-05 0.789271 9.9982E-05 0.0677801 0.140712 0.00203759
0.029989 0.700221 0.0243958 0.021728 0.0991251 0.124541
0.0603106 0.682222 0.0384077 0.0115884 0.143201 0.0642705
0.00455656 0.790315 9.9982E-05 0.105733 0.0991956 9.9982E-05
9.9991E-05 0.610342 0.0752223 0.0475736 0.249312 0.0174499
0.0570437 0.75875 9.9982E-05 9.9982E-05 0.160063 0.0239431
9.9982E-05 0.86249 9.9982E-05 0.0508885 0.0748033 0.0116185
0.0169894 0.74889 0.082346 0.00777087 0.143904 9.9991E-05
9.9982E-05 0.752305 9.9982E-05 0.00596862 0.164105 0.0774218
0.0397143 0.705375 9.9982E-05 9.9982E-05 0.236245 0.0184661
0.0370212 0.687786 0.017693 0.0817797 0.161485 0.0142351
0.0504424 0.578631 9.9991E-05 0.0857716 0.187555 0.0975002
9.9973E-05 0.833218 9.9973E-05 9.9973E-05 0.159252 0.00723018
0.026491 0.697605 9.9991E-05 0.102584 0.072693 0.100527
0.091278 0.692513 9.9991E-05 0.00942486 0.189503 0.0171812
0.0928351 0.586848 9.9991E-05 0.0781695 0.104124 0.137922
0.0287222 0.819663 9.9991E-05 0.0240066 0.0963932 0.0311152
0.0536226 0.703034 9.9991E-05 0.0745284 0.065243 0.103472
0.111018 0.794156 0.019695 0.0722055 0.00282495 9.9991E-05
0.0735525 0.664391 9.9982E-05 0.0479698 0.213886 9.9982E-05
9.9991E-05 0.745787 0.0431952 0.0578661 0.101137 0.0519147
9.9982E-05 0.7633 0.0164677 0.0250729 0.194959 9.9982E-05
0.0418084 0.593782 0.0224385 0.0699837 0.215348 0.0566388
0.036086 0.735635 9.9991E-05 0.0203214 0.146291 0.0615663
0.0541494 0.775079 9.9982E-05 0.117244 0.0533279 9.9982E-05
0.132469 0.631085 9.9991E-05 0.0237321 0.0825477 0.130066
0.131615 0.408899 9.9991E-05 0.0787863 0.288597 0.092004
0.204586 0.454059 9.9991E-05 0.0396427 0.197488 0.104124
0.117249 0.416949 9.9991E-05 0.061389 0.311375 0.0929366
0.187488 0.447771 9.9991E-05 0.0411751 0.240013 0.0834524
0.15025 0.496893 9.9991E-05 0.0428969 0.24427 0.0655901
0.151012 0.571641 9.9991E-05 0.0310667 0.226376 0.0198053
0.265132 0.400005 9.9991E-05 0.0628057 0.210801 0.0611563
0.160036 0.475436 9.9991E-05 0.14125 0.168658 0.0545198
0.101973 0.602941 0.0392225 0.0559183 0.199845 9.9991E-05
0.1657 0.549338 9.9973E-05 9.9973E-05 0.284662 9.9973E-05
0.138072 0.506913 9.9991E-05 0.00956686 0.225134 0.120215
0.140163 0.410271 9.9991E-05 0.102104 0.333872 0.0134895
0.165947 0.477596 0.0174646 0.100524 0.0266745 0.211794
0.108083 0.490385 0.0193353 0.088271 0.0936445 0.200282
0.196478 0.356499 0.0161782 0.0948141 0.317939 0.0180918
0.9995 9.996E-05 9.996E-05 9.996E-05 9.996E-05 9.996E-05
0.936112 0.0213776 0.0132196 9.9982E-05 0.0290911 9.9982E-05
0.857849 0.0740079 0.000735481 9.9982E-05 9.9982E-05 0.0672077
0.9995 9.996E-05 9.996E-05 9.996E-05 9.996E-05 9.996E-05
0.9995 9.996E-05 9.996E-05 9.996E-05 9.996E-05 9.996E-05
0.9995 9.996E-05 9.996E-05 9.996E-05 9.996E-05 9.996E-05
0.9995 9.996E-05 9.996E-05 9.996E-05 9.996E-05 9.996E-05
0.883646 0.111801 9.9982E-05 0.00169957 9.9982E-05 0.00265401
0.9995 9.996E-05 9.996E-05 9.996E-05 9.996E-05 9.996E-05
0.9995 9.996E-05 9.996E-05 9.996E-05 9.996E-05 9.996E-05
0.136928 0.256128 9.9991E-05 0.121318 0.436118 0.049407
0.943951 0.00892044 9.9982E-05 0.0215722 9.9982E-05 0.0253568
0.9995 9.996E-05 9.996E-05 9.996E-05 9.996E-05 9.996E-05
0.9995 9.996E-05 9.996E-05 9.996E-05 9.996E-05 9.996E-05
0.164281 0.298098 9.9991E-05 0.0581806 0.424544 0.0547972
0.178947 0.237347 9.9991E-05 0.0886217 0.423755 0.0712291
0.170183 0.289386 9.9991E-05 0.102436 0.336419 0.101476
0.190068 0.237825 9.9991E-05 0.0998044 0.394648 0.0775555
0.200053 0.238819 9.9991E-05 0.0615577 0.405386 0.0940855
0.126587 0.396148 9.9991E-05 0.0324256 0.298615 0.146125
0.214486 0.364446 9.9991E-05 0.0684279 0.265429 0.0871114
0.18732 0.276951 9.9991E-05 0.04251 0.371101 0.122018
0.240842 0.236646 9.9991E-05 0.113583 0.268709 0.14012
0.237241 0.265898 9.9991E-05 0.0775974 0.302943 0.116221
0.134571 0.391742 9.9991E-05 0.0857716 0.276338 0.111478
0.234077 0.328049 9.9991E-05 0.0787758 0.190269 0.16873
0.0927331 0.298197 9.9991E-05 0.10757 0.389977 0.111423
0.178022 0.329479 9.9991E-05 0.0660415 0.393103 0.0332543
0.0170504 9.9973E-05 9.9973E-05 0.0939513 0.888698 9.9973E-05
0.0661513 9.9973E-05 9.9973E-05 0.0451196 0.888429 9.9973E-05
0.00175984 9.9973E-05 9.9973E-05 0.000601156 0.997339 9.9973E-05
0.0134487 9.9973E-05 9.9973E-05 0.00816734 0.978084 9.9973E-05
0.029306 9.9973E-05 9.9973E-05 0.00197773 0.968416 9.9973E-05
0.0451607 9.9964E-05 9.9964E-05 9.9964E-05 0.954439 9.9964E-05
0.044576 0.000665595 9.9973E-05 9.9973E-05 0.954458 9.9973E-05
0.00314685 0.0207556 0.0369416 0.044206 0.7559 0.13905
9.9964E-05 9.9964E-05 9.9964E-05 0.0504669 0.949133 9.9964E-05
0.00725703 9.9973E-05 9.9973E-05 0.0180964 0.974347 9.9973E-05
0.0987317 9.9982E-05 9.9982E-05 0.0128871 0.769834 0.118347
0.0453299 9.9973E-05 9.9973E-05 0.0010178 0.953352 9.9973E-05
0.0379545 0.080939 9.9991E-05 0.101961 0.755294 0.0237519
9.996E-05 9.996E-05 9.996E-05 0.9995 9.996E-05 9.996E-05
0.199856 0.291825 9.9991E-05 0.116547 0.298469 0.0932037
9.996E-05 9.996E-05 9.996E-05 0.9995 9.996E-05 9.996E-05
9.996E-05 9.996E-05 9.996E-05 0.9995 9.996E-05 9.996E-05
0.0098576 9.9973E-05 9.9973E-05 0.946661 9.9973E-05 0.0431816
0.0121254 0.123253 0.0139609 0.779897 0.0565161 0.0142477
9.996E-05 9.996E-05 9.996E-05 0.9995 9.996E-05 9.996E-05
0.00205886 0.0251222 9.9982E-05 0.901387 9.9982E-05 0.0712318
9.9964E-05 9.9964E-05 9.9964E-05 0.995036 9.9964E-05 0.00456376
9.9973E-05 0.0301345 9.9973E-05 0.955963 0.0136021 9.9973E-05
9.9964E-05 9.9964E-05 0.0019866 0.997614 9.9964E-05 9.9964E-05
9.9964E-05 9.9964E-05 9.9964E-05 0.983468 0.0161323 9.9964E-05
9.9973E-05 0.00359488 9.9973E-05 0.967455 0.0286503 9.9973E-05
0.0322958 9.9973E-05 9.9973E-05 0.860133 0.107271 9.9973E-05
9.9973E-05 9.9973E-05 0.0424353 0.955642 9.9973E-05 0.00162273
0.022667 9.9973E-05 9.9973E-05 0.907978 9.9973E-05 0.0690553
9.9991E-05 0.00723865 0.0175059 0.895254 0.0426848 0.0372162
9.9991E-05 0.0693668 0.00771331 0.862022 0.0474345 0.0133636
9.9982E-05 0.00483563 0.0166628 0.960506 0.0177957 9.9982E-05
0.0739171 0.265714 0.0363972 0.0581295 0.426116 0.139727
0.0222481 0.283701 0.0583442 0.092451 0.371552 0.171703
0.0786689 0.281384 0.0524797 0.0724673 0.366793 0.148206
0.10095 0.318445 0.0621104 0.0469041 0.325446 0.146145
0.00302531 9.9982E-05 9.9982E-05 0.00655558 0.0649551 0.925264
9.996E-05 9.996E-05 9.996E-05 9.996E-05 9.996E-05 0.9995
0.00216554 9.9964E-05 9.9964E-05 9.9964E-05 9.9964E-05 0.997435
9.996E-05 9.996E-05 9.996E-05 9.996E-05 9.996E-05 0.9995
9.996E-05 9.996E-05 9.996E-05 9.996E-05 9.996E-05 0.9995
9.9982E-05 0.0150953 9.9982E-05 0.0194685 0.0254663 0.93977
0.00625818 0.00994057 0.00405064 9.9982E-05 9.9982E-05 0.979551
0.0318394 0.075121 0.0139204 0.032211 0.119347 0.727562
0.000905215 0.0611023 9.9982E-05 9.9982E-05 0.0529754 0.884817
9.9973E-05 9.9973E-05 0.0388655 9.9973E-05 0.94146 0.0193745
9.9973E-05 9.9973E-05 0.054021 9.9973E-05 0.914202 0.0314772
9.9973E-05 9.9973E-05 0.0274498 9.9973E-05 0.96265 0.00960019
9.9973E-05 9.9973E-05 0.0320502 9.9973E-05 0.96583 0.0018201
9.9973E-05 9.9973E-05 0.0264367 9.9973E-05 0.919034 0.0542295
9.9973E-05 9.9973E-05 0.0576324 9.9973E-05 0.853187 0.0888808
9.9973E-05 9.9973E-05 0.0552073 9.9973E-05 0.942955 0.00153758
9.9973E-05 9.9973E-05 0.0384471 9.9973E-05 0.935439 0.0258139
9.9973E-05 9.9973E-05 0.0522758 9.9973E-05 0.919832 0.0275923
9.9973E-05 9.9973E-05 0.0556574 9.9973E-05 0.932542 0.0115011
9.9964E-05 9.9964E-05 0.0432181 9.9964E-05 0.956382 9.9964E-05
9.9973E-05 9.9973E-05 0.042763 9.9973E-05 0.865309 0.0916285
