0.9995 9.996E-05 9.996E-05 9.996E-05 9.996E-05 9.996E-05
0.375663 9.9991E-05 0.128123 0.012199 0.427597 0.0563185
0.361536 9.9982E-05 0.056416 9.9982E-05 0.457453 0.124396
0.290254 9.99641E-05 9.99641E-05 9.99641E-05 0.709346 9.99641E-05
0.179435 9.9973E-05 9.9973E-05 0.0475208 0.772744 9.9973E-05
0.201574 9.9973E-05 9.9973E-05 9.9973E-05 0.765077 0.0330492
0.363421 9.9964E-05 9.9964E-05 9.9964E-05 0.636179 9.9964E-05
0.331578 9.9973E-05 9.9973E-05 9.9973E-05 0.608755 0.0593673
0.271313 9.9982E-05 9.9982E-05 0.0325763 0.667209 0.0287017
0.9995 9.996E-05 9.996E-05 9.996E-05 9.996E-05 9.996E-05
0.9995 9.996E-05 9.996E-05 9.996E-05 9.996E-05 9.996E-05
0.9995 9.996E-05 9.996E-05 9.996E-05 9.996E-05 9.996E-05
0.9995 9.996E-05 9.996E-05 9.996E-05 9.996E-05 9.996E-05
0.96519 9.9964E-05 9.9964E-05 0.0344106 9.9964E-05 9.9964E-05
0.998684 9.9964E-05 0.00091617 9.9964E-05 9.9964E-05 9.9964E-05
0.197496 0.0291609 9.9982E-05 9.9982E-05 0.714471 0.0586713
0.261849 0.0174225 0.0581451 0.0665445 0.534845 0.0611943
0.259485 9.9964E-05 9.9964E-05 9.9964E-05 0.740115 9.9964E-05
0.0188251 9.9973E-05 9.9973E-05 0.0175314 0.963344 9.9973E-05
9.996E-05 9.996E-05 9.996E-05 9.996E-05 0.9995 9.996E-05
0.136216 9.9973E-05 9.9973E-05 0.0015226 0.861961 9.9973E-05
0.0133431 9.9982E-05 0.035073 9.9982E-05 0.924626 0.0267582
0.0215349 9.9973E-05 9.9973E-05 0.031225 0.94694 9.9973E-05
0.0722435 9.9964E-05 9.9964E-05 9.9964E-05 0.927357 9.9964E-05
0.03693 9.99641E-05 9.99641E-05 9.99641E-05 0.96267 9.99641E-05
0.0163382 0.0541363 9.9982E-05 0.0241498 0.905176 9.9982E-05
0.0472024 9.9982E-05 9.9982E-05 0.0917485 0.832625 0.0282243
0.0367864 9.99641E-05 9.99641E-05 9.99641E-05 0.962814 9.99641E-05
0.0846474 0.011681 9.9991E-05 0.000126527 0.890799 0.012646
0.120224 9.9964E-05 9.9964E-05 9.9964E-05 0.879376 9.9964E-05
0.123785 9.99641E-05 9.99641E-05 9.99641E-05 0.875815 9.99641E-05
0.0446911 0.00108741 0.00828064 0.0308645 0.914976 9.9991E-05
0.0387911 9.9991E-05 0.0232741 0.0332782 0.882005 0.0225514
0.0828998 0.095906 0.00499998 9.9991E-05 0.770702 0.0453923
0.0154366 9.9991E-05 0.00750229 0.0330553 0.909665 0.0342404
0.145251 9.9964E-05 9.9964E-05 9.9964E-05 0.854349 9.9964E-05
9.9964E-05 9.9964E-05 9.9964E-05 0.0326549 0.966945 9.9964E-05
0.00459672 0.0090518 0.0205732 0.105537 0.847735 0.0125059
0.0337987 9.9991E-05 0.0436685 0.068247 0.804233 0.0499527
0.0211822 0.0140025 0.0261641 0.0459363 0.892615 9.9991E-05
9.9982E-05 0.102647 0.0893483 9.9982E-05 0.73999 0.0678152
9.9991E-05 0.0817107 0.00611014 0.0622167 0.727554 0.122309
0.0608268 0.078956 0.060506 9.9991E-05 0.719365 0.0802462
9.9991E-05 0.0860667 0.0397887 0.0252819 0.772307 0.0764557
9.9982E-05 0.0763114 9.9982E-05 0.0696311 0.78201 0.0718478
9.9973E-05 9.9973E-05 9.9973E-05 0.0344454 0.906011 0.0592437
9.9982E-05 0.0033084 9.9982E-05 0.00981257 0.955676 0.0310035
9.9982E-05 0.034353 9.9982E-05 0.0351061 0.886952 0.0433887
0.0617268 0.114247 9.9991E-05 0.0635358 0.703282 0.0571083
0.125397 0.0710626 0.0298924 9.9991E-05 0.723104 0.0504445
0.0296357 0.025691 0.0483739 0.0413478 0.802919 0.0520329
9.9991E-05 0.0734169 0.0033863 0.0513434 0.817125 0.0546289
9.9982E-05 0.0277568 9.9982E-05 0.0529513 0.852332 0.0667595
0.0463312 0.12236 0.0158823 0.0906913 0.724635 9.9991E-05
0.0332049 0.124902 0.0672694 0.0735575 0.700966 9.9991E-05
9.9991E-05 0.130832 0.0386982 0.0269359 0.675059 0.128374
0.0895344 0.188977 9.9991E-05 0.0651148 0.572917 0.0833569
9.9982E-05 0.0678389 0.0754574 0.10566 0.750844 9.9982E-05
9.9973E-05 9.9973E-05 9.9973E-05 0.0131808 0.922255 0.0642645
0.0628691 9.9991E-05 0.0951554 0.0861226 0.733084 0.0226685
0.00224779 0.064624 9.9982E-05 0.111628 0.821301 9.9982E-05
9.9991E-05 0.148354 0.128479 0.0201833 0.686947 0.0159374
0.0286551 0.0992418 0.0995519 0.0475093 0.65291 0.072132
9.9991E-05 0.0903205 0.0789177 0.0737163 0.667521 0.0894241
0.00320177 0.122871 0.00636529 0.0760627 0.791399 9.9991E-05
9.9991E-05 0.0658941 0.0590667 0.0624437 0.709461 0.103035
9.9991E-05 0.125445 0.0969063 0.0331279 0.69701 0.0474108
0.0106967 0.11662 0.0587029 0.0902999 0.614509 0.109172
9.9991E-05 0.044285 0.069459 0.0534781 0.795036 0.0376424
9.9991E-05 0.130205 0.0680434 0.00567124 0.696334 0.0996457
0.0249423 0.10806 0.109044 9.9991E-05 0.674787 0.0830663
9.9991E-05 0.0795469 0.0857794 0.0823255 0.648801 0.103447
0.044613 0.0371537 0.0220522 0.0733125 0.784814 0.0380542
0.0150662 0.0298468 9.9991E-05 0.138061 0.788933 0.0279931
0.00839409 0.205664 0.025981 0.0646002 0.632093 0.0632677
9.9991E-05 0.0637314 0.0290877 0.149897 0.730687 0.0264963
9.9982E-05 0.0482103 0.0735972 9.9982E-05 0.79822 0.079772
9.9991E-05 0.120083 0.150174 0.0368941 0.664212 0.0285371
9.9991E-05 0.201914 0.151218 0.178272 0.40839 0.0601065
9.9991E-05 0.20109 0.156622 0.133927 0.462521 0.0457397
9.9991E-05 0.186262 0.0927093 0.119312 0.524642 0.0769744
9.9991E-05 0.181524 0.19153 0.117281 0.444042 0.0655239
9.9991E-05 0.178217 0.129914 0.119323 0.494188 0.078258
0.0139709 0.276227 0.171721 0.0271994 0.510782 9.9991E-05
9.9991E-05 0.10849 0.265291 0.0391161 0.557473 0.0295297
9.9991E-05 0.127338 0.212785 0.0429469 0.50409 0.11274
0.0564503 0.152691 0.0843566 0.0726951 0.526289 0.107518
9.9982E-05 0.210566 0.162675 0.0767311 0.549828 9.9982E-05
9.9991E-05 0.161514 0.207559 0.104607 0.455264 0.070956
0.00212036 0.161102 0.164403 0.153846 0.409276 0.109253
0.0126329 0.126761 0.203112 0.0444828 0.516781 0.0962305
0.00458856 0.159407 0.171563 0.0165721 0.568745 0.0791245
0.00486837 0.112363 0.236682 0.198574 0.33862 0.108893
9.996E-05 9.996E-05 0.9995 9.996E-05 9.996E-05 9.996E-05
0.026576 0.0218991 0.951225 9.9973E-05 9.9973E-05 9.9973E-05
0.00259289 9.9973E-05 0.905823 9.9973E-05 0.0912837 9.9973E-05
9.9964E-05 9.9964E-05 0.994837 9.9964E-05 9.9964E-05 0.00476314
9.996E-05 9.996E-05 0.9995 9.996E-05 9.996E-05 9.996E-05
9.996E-05 9.996E-05 0.9995 9.996E-05 9.996E-05 9.996E-05
9.996E-05 9.996E-05 0.9995 9.996E-05 9.996E-05 9.996E-05
9.9973E-05 0.00046134 0.917553 9.9973E-05 0.0816859 9.9973E-05
9.996E-05 9.996E-05 0.9995 9.996E-05 9.996E-05 9.996E-05
9.996E-05 9.996E-05 0.9995 9.996E-05 9.996E-05 9.996E-05
0.0116207 0.329244 0.114561 0.1901 0.26734 0.0871343
0.00889406 9.9973E-05 0.99044 0.000366492 9.9973E-05 9.9973E-05
9.996E-05 9.996E-05 0.9995 9.996E-05 9.996E-05 9.996E-05
9.996E-05 9.996E-05 0.9995 9.996E-05 9.996E-05 9.996E-05
0.00222472 0.353855 0.138913 0.194584 0.254888 0.055536
9.9991E-05 0.350038 0.13635 0.170974 0.266833 0.0757057
9.9991E-05 0.317101 0.162024 0.180735 0.27591 0.0641301
9.9991E-05 0.316666 0.196137 0.149661 0.263322 0.074113
9.9991E-05 0.329013 0.164221 0.167819 0.276742 0.0621062
9.9991E-05 0.237209 0.153358 0.208511 0.384351 0.0164709
9.9991E-05 0.221767 0.271476 0.0966798 0.384672 0.0253047
9.9991E-05 0.330438 0.175373 0.164183 0.317958 0.0119472
9.9991E-05 0.175981 0.259198 0.147174 0.350186 0.0673604
9.9991E-05 0.189055 0.267209 0.142523 0.334736 0.066378
9.9991E-05 0.235093 0.141762 0.168852 0.394902 0.0592912
9.9991E-05 0.16198 0.2215 0.160665 0.389897 0.0658571
0.015846 0.300722 0.0933581 0.15805 0.338336 0.0936883
9.9991E-05 0.284349 0.198533 0.126022 0.314714 0.076282
9.996E-05 9.996E-05 9.996E-05 9.996E-05 9.996E-05 0.9995
9.9991E-05 0.262958 0.242779 0.106611 0.280875 0.106678
9.996E-05 9.996E-05 9.996E-05 9.996E-05 9.996E-05 0.9995
9.996E-05 9.996E-05 9.996E-05 9.996E-05 9.996E-05 0.9995
0.00732012 9.9973E-05 0.0584068 9.9973E-05 9.9973E-05 0.933973
9.9982E-05 0.112956 9.9982E-05 0.0216757 0.0737143 0.791454
9.996E-05 9.996E-05 9.996E-05 9.996E-05 9.996E-05 0.9995
0.0111707 9.9991E-05 0.0291608 0.0618651 0.00796781 0.889736
0.00814048 9.9982E-05 9.9982E-05 0.00951919 0.00648765 0.975653
9.9973E-05 0.00734555 9.9973E-05 9.9973E-05 0.0301532 0.962201
0.0223173 9.9964E-05 9.9964E-05 9.9964E-05 9.9964E-05 0.977283
9.9964E-05 9.9964E-05 9.9964E-05 9.9964E-05 0.0090197 0.99058
0.0057651 0.020285 9.9982E-05 9.9982E-05 0.00979848 0.963951
9.9982E-05 0.0973508 0.0311742 0.058775 9.9982E-05 0.8125
0.0136955 0.00719186 0.00102514 0.0190099 0.003586 0.955492
0.00870036 0.041571 0.0597533 9.9991E-05 0.0169398 0.872936
0.00860751 0.001803 0.00991738 0.0655976 0.026057 0.888018
0.0120992 0.0133241 0.0117747 0.0161268 0.0736624 0.873013
0.00508888 0.0214339 9.9982E-05 9.9982E-05 0.0153087 0.957968
9.9973E-05 0.978339 9.9973E-05 0.0183563 0.00300447 9.9973E-05
9.9973E-05 0.887612 0.0174107 0.094677 9.9973E-05 9.9973E-05
9.996E-05 0.9995 9.996E-05 9.996E-05 9.996E-05 9.996E-05
9.9964E-05 0.979342 9.9964E-05 9.9964E-05 0.0202579 9.9964E-05
9.996E-05 0.9995 9.996E-05 9.996E-05 9.996E-05 9.996E-05
9.996E-05 0.9995 9.996E-05 9.996E-05 9.996E-05 9.996E-05
9.996E-05 0.9995 9.996E-05 9.996E-05 9.996E-05 9.996E-05
0.0392264 0.850045 0.0123296 0.0747206 0.0235788 9.9991E-05
9.996E-05 0.9995 9.996E-05 9.996E-05 9.996E-05 9.996E-05
9.996E-05 0.9995 9.996E-05 9.996E-05 9.996E-05 9.996E-05
0.0457174 0.929078 0.0249052 9.9973E-05 9.9973E-05 9.9973E-05
9.996E-05 0.9995 9.996E-05 9.996E-05 9.996E-05 9.996E-05
9.9991E-05 0.768446 0.00238568 0.0522819 0.0831824 0.0936045
0.0181207 0.11964 0.128393 0.352599 0.303286 0.0779616
0.00587371 0.186506 0.0686282 0.394082 0.293698 0.0512129
0.0161483 0.138973 0.138551 0.367052 0.260601 0.0786737
0.0190684 0.116661 0.115057 0.371348 0.268986 0.10888
0.00186818 0.107316 0.26171 0.397985 0.155323 0.0757973
9.99731E-05 9.99731E-05 0.269117 0.599905 9.99731E-05 0.130679
9.9991E-05 0.044887 0.248645 0.449917 0.145233 0.111218
9.9991E-05 0.00219428 0.262571 0.543813 0.0777264 0.113596
9.9991E-05 0.00983636 0.275946 0.470493 0.120654 0.12297
9.9991E-05 0.0198133 0.240011 0.501178 0.100064 0.138834
9.9991E-05 0.0282427 0.27915 0.444164 0.14453 0.103813
0.012763 0.0654437 0.167418 0.372183 0.2569 0.125292
9.9991E-05 0.0101823 0.19299 0.397973 0.326229 0.0725264
9.9964E-05 0.0047865 9.9964E-05 0.994814 9.9964E-05 9.9964E-05
9.996E-05 9.996E-05 9.996E-05 0.9995 9.996E-05 9.996E-05
9.996E-05 9.996E-05 9.996E-05 0.9995 9.996E-05 9.996E-05
9.996E-05 9.996E-05 9.996E-05 0.9995 9.996E-05 9.996E-05
9.996E-05 9.996E-05 9.996E-05 0.9995 9.996E-05 9.996E-05
0.0230694 9.9973E-05 9.9973E-05 0.925718 0.0509128 9.9973E-05
9.996E-05 9.996E-05 9.996E-05 0.9995 9.996E-05 9.996E-05
9.996E-05 9.996E-05 9.996E-05 0.9995 9.996E-05 9.996E-05
9.996E-05 9.996E-05 9.996E-05 0.9995 9.996E-05 9.996E-05
0.0041027 9.9973E-05 9.9973E-05 0.993428 9.9973E-05 0.00216984
9.996E-05 9.996E-05 9.996E-05 0.9995 9.996E-05 9.996E-05
9.996E-05 9.996E-05 9.996E-05 0.9995 9.996E-05 9.996E-05
