9.996E-05 9.996E-05 9.996E-05 0.9995 9.996E-05 9.996E-05
0.0803393 9.9982E-05 0.0671436 0.374538 0.477779 9.9982E-05
0.0918934 9.9982E-05 0.0530075 0.343288 0.511611 9.9982E-05
9.99641E-05 9.99641E-05 9.99641E-05 0.265843 0.733758 9.99641E-05
9.9973E-05 0.0578501 9.9973E-05 0.171319 0.770531 9.9973E-05
0.00604083 9.9973E-05 9.9973E-05 0.205193 0.788466 9.9973E-05
9.9964E-05 9.9964E-05 9.9964E-05 0.376042 0.623558 9.9964E-05
0.0464049 9.9973E-05 9.9973E-05 0.335157 0.618138 9.9973E-05
0.0388515 9.9982E-05 0.00675703 0.263268 0.690923 9.9982E-05
9.996E-05 9.996E-05 9.996E-05 0.9995 9.996E-05 9.996E-05
9.996E-05 9.996E-05 9.996E-05 0.9995 9.996E-05 9.996E-05
9.996E-05 9.996E-05 9.996E-05 0.9995 9.996E-05 9.996E-05
9.9964E-05 9.9964E-05 0.00133233 0.998268 9.9964E-05 9.9964E-05
9.9973E-05 0.0537169 9.9973E-05 0.885914 0.060069 9.9973E-05
0.0292779 9.9973E-05 9.9973E-05 0.953934 9.9973E-05 0.016488
0.0573571 0.0298365 9.99895E-05 0.196847 0.715759 9.99895E-05
0.0401681 0.0532306 0.0584216 0.245017 0.558486 0.0446771
9.9964E-05 9.9964E-05 9.9964E-05 0.237668 0.761932 9.9964E-05
9.9964E-05 0.00753193 9.9964E-05 9.9964E-05 0.992068 9.9964E-05
9.996E-05 9.996E-05 9.996E-05 9.996E-05 0.9995 9.996E-05
9.9964E-05 9.9964E-05 9.9964E-05 0.141573 0.858027 9.9964E-05
0.0378237 9.9982E-05 0.0442956 0.043192 0.874489 9.9982E-05
9.9982E-05 0.0111764 0.00163569 0.0349304 0.952058 9.9982E-05
9.9964E-05 9.9964E-05 9.9964E-05 0.0648234 0.934777 9.9964E-05
9.99641E-05 9.99641E-05 9.99641E-05 0.0561862 0.943414 9.99641E-05
9.9982E-05 0.0741478 9.9982E-05 0.030177 0.859491 0.0359839
0.0405734 0.0725496 9.9982E-05 0.0555088 0.831168 9.9982E-05
9.9964E-05 9.9964E-05 9.9964E-05 0.0768456 0.922755 9.9964E-05
0.00785288 9.9982E-05 9.9982E-05 0.0938808 0.894206 0.00386068
9.9964E-05 9.9964E-05 9.9964E-05 0.120343 0.879257 9.9964E-05
9.99641E-05 9.99641E-05 9.99641E-05 0.0714774 0.928123 9.99641E-05
9.9982E-05 0.0134883 9.9982E-05 0.047508 0.934961 0.00384323
0.0337202 9.9973E-05 9.9973E-05 0.0372228 0.928757 9.9973E-05
0.0589123 9.9982E-05 9.9982E-05 0.0930696 0.789928 0.0578903
9.9973E-05 0.0161369 9.9973E-05 0.0466569 0.936906 9.9973E-05
9.9964E-05 9.9964E-05 9.9964E-05 0.131951 0.867649 9.9964E-05
9.996E-05 9.996E-05 9.996E-05 9.996E-05 0.9995 9.996E-05
0.0552163 0.030122 0.0149999 0.013922 0.88564 9.9991E-05
0.0316788 0.0821951 0.0355869 0.0435338 0.80657 0.000435014
9.9991E-05 0.0322162 0.0175809 0.0192243 0.907089 0.0237895
0.0818793 0.00169082 0.0757051 9.9991E-05 0.715335 0.125289
0.0935027 0.109274 0.0134637 9.9991E-05 0.667302 0.116357
0.124874 9.9991E-05 0.057796 0.0635875 0.689778 0.0638648
0.0717416 0.0257249 0.0390668 9.9991E-05 0.760231 0.103136
0.060034 0.0851168 9.9982E-05 9.9982E-05 0.780274 0.0743756
0.0380272 0.0565431 9.9973E-05 9.9973E-05 0.90513 9.9973E-05
0.0369077 0.03628 9.9982E-05 9.9982E-05 0.902809 0.0238033
0.0273059 0.0280476 9.9982E-05 9.9982E-05 0.876669 0.0677774
0.0635127 0.0835903 9.9991E-05 0.0665613 0.669814 0.116421
0.0207811 9.9991E-05 0.0519236 0.101495 0.771304 0.0543964
0.0381752 0.0512154 0.0514228 0.0435306 0.799596 0.0160599
0.107816 0.0597602 9.9982E-05 9.9982E-05 0.814193 0.0180303
0.0596483 0.0503096 9.9982E-05 9.9982E-05 0.850586 0.0392562
0.0166912 0.122006 0.086563 0.00594765 0.707208 0.0615839
9.9991E-05 0.0580398 0.0826955 0.0357936 0.719146 0.104225
0.107138 0.024656 0.0159711 9.9991E-05 0.722946 0.129189
0.0702637 0.0695595 0.00862578 0.0652495 0.722859 0.0634424
9.9982E-05 0.100192 0.0466208 9.9982E-05 0.774679 0.0783076
0.0534772 0.0869793 9.9982E-05 9.9982E-05 0.856195 0.00314821
0.0327504 0.103573 0.00932976 0.0449019 0.782003 0.0274417
0.00762618 0.159648 9.9982E-05 9.9982E-05 0.744211 0.0883147
9.9973E-05 9.9973E-05 0.0883887 9.9973E-05 0.708843 0.202469
0.0440796 0.0594445 0.0913575 0.013938 0.726565 0.0646155
0.0873824 0.0771173 0.0437701 9.9991E-05 0.663473 0.128157
9.9982E-05 0.0324358 0.0096489 9.9982E-05 0.847601 0.110114
0.106973 0.0639806 0.0198362 9.9991E-05 0.738056 0.0710544
0.0105592 0.0593647 0.126977 9.9991E-05 0.717553 0.0854459
0.102681 0.0495108 0.0652972 0.0152672 0.640497 0.126747
0.0308848 0.0556354 9.9982E-05 9.9982E-05 0.845294 0.0679862
0.0811102 9.9982E-05 0.0521245 9.9982E-05 0.742913 0.123652
0.0866277 9.9991E-05 0.111424 0.0263138 0.713517 0.0620175
0.0532425 0.0618579 0.0764678 9.9991E-05 0.698051 0.11028
0.0417888 0.0699366 0.00261886 0.0426999 0.81887 0.0240858
0.0114597 0.115834 0.00971089 0.00639395 0.821496 0.0351054
0.058031 0.05231 0.0311393 0.0112267 0.64149 0.205803
0.0185096 0.135433 0.0312267 9.9991E-05 0.75042 0.0643104
0.0963102 0.0340128 0.0846604 9.9991E-05 0.768937 0.0159794
0.0617953 9.9982E-05 0.190661 9.9982E-05 0.622169 0.125175
0.107011 0.157473 0.172804 9.9991E-05 0.387706 0.174906
0.0703545 0.121535 0.18185 9.9991E-05 0.415474 0.210687
0.0957098 0.141079 0.12202 9.9991E-05 0.435115 0.205977
0.0724987 0.100869 0.213185 9.9991E-05 0.454286 0.159061
0.0694858 0.118432 0.16962 9.9991E-05 0.464807 0.177556
0.0123415 0.0967732 0.110155 0.0106625 0.564486 0.205582
0.0319766 0.0414007 0.262717 0.00553291 0.513222 0.14515
0.115034 0.0652559 0.210338 9.9991E-05 0.485588 0.123684
0.100442 0.0614489 0.107309 0.0448832 0.540059 0.145857
9.9991E-05 0.114254 0.138822 0.00036484 0.566663 0.179797
0.0901098 0.143296 0.19422 9.9991E-05 0.42274 0.149533
0.122938 0.150325 0.14238 9.9991E-05 0.452251 0.132006
0.117738 0.0675515 0.165869 0.0157965 0.498101 0.134945
0.101076 9.9991E-05 0.143604 0.0136588 0.57611 0.165451
0.0871927 0.160797 0.234217 9.9991E-05 0.376275 0.141418
9.996E-05 9.996E-05 0.9995 9.996E-05 9.996E-05 9.996E-05
0.00253753 9.99822E-05 0.960394 0.00768586 0.0291829 9.99822E-05
0.0143712 0.0324278 0.930197 0.00547242 0.0174318 9.9991E-05
9.996E-05 9.996E-05 0.9995 9.996E-05 9.996E-05 9.996E-05
9.996E-05 9.996E-05 0.9995 9.996E-05 9.996E-05 9.996E-05
9.996E-05 9.996E-05 0.9995 9.996E-05 9.996E-05 9.996E-05
9.996E-05 9.996E-05 0.9995 9.996E-05 9.996E-05 9.996E-05
0.0181298 9.9982E-05 0.933506 0.0323686 0.0157958 9.9982E-05
9.996E-05 9.996E-05 0.9995 9.996E-05 9.996E-05 9.996E-05
9.996E-05 9.996E-05 0.9995 9.996E-05 9.996E-05 9.996E-05
0.092767 0.156704 0.0967154 9.9991E-05 0.298223 0.35549
0.00392264 0.0271814 0.964745 0.00394291 9.9991E-05 0.000108227
9.996E-05 9.996E-05 0.9995 9.996E-05 9.996E-05 9.996E-05
9.996E-05 9.996E-05 0.9995 9.996E-05 9.996E-05 9.996E-05
0.0377824 0.161493 0.172765 0.00818657 0.292798 0.326975
0.0897093 0.113813 0.185215 9.9991E-05 0.347805 0.263357
0.0692629 0.114136 0.194463 0.0278721 0.349636 0.244629
0.089147 0.147804 0.198279 9.9991E-05 0.308084 0.256586
0.0606031 0.129854 0.194185 9.9991E-05 0.294852 0.320406
0.0436778 0.11535 0.14936 9.9991E-05 0.414262 0.27725
0.0446018 0.136425 0.195855 9.9991E-05 0.388969 0.234049
0.0600764 0.116618 0.212974 9.9991E-05 0.315519 0.294713
0.0973042 0.121791 0.296205 9.9991E-05 0.30738 0.177221
0.0819275 0.115814 0.280184 9.9991E-05 0.311911 0.210063
0.0660034 0.141788 0.182234 9.9991E-05 0.418433 0.191441
0.079249 0.174003 0.304548 9.9991E-05 0.309672 0.132427
0.11367 0.147074 0.120103 0.00516199 0.345271 0.268721
0.0776949 0.0986161 0.180396 9.9991E-05 0.374997 0.268196
0.00828673 0.0269612 9.9982E-05 9.9982E-05 0.0176658 0.946886
0.0117272 0.0614362 0.0301424 0.0179764 9.9991E-05 0.878618
9.996E-05 9.996E-05 9.996E-05 9.996E-05 9.996E-05 0.9995
9.996E-05 9.996E-05 9.996E-05 9.996E-05 9.996E-05 0.9995
9.996E-05 9.996E-05 9.996E-05 9.996E-05 9.996E-05 0.9995
9.996E-05 9.996E-05 9.996E-05 9.996E-05 9.996E-05 0.9995
9.996E-05 9.996E-05 9.996E-05 9.996E-05 9.996E-05 0.9995
9.9991E-05 0.0944952 0.0205494 0.0191975 0.0860386 0.779619
9.996E-05 9.996E-05 9.996E-05 9.996E-05 9.996E-05 0.9995
9.996E-05 9.996E-05 9.996E-05 9.996E-05 9.996E-05 0.9995
9.9973E-05 9.9973E-05 0.0471221 0.0423785 9.9973E-05 0.910199
9.9964E-05 9.9964E-05 9.9964E-05 0.00141493 9.9964E-05 0.998185
0.0955332 0.00528738 0.0356793 9.9991E-05 0.0502638 0.813136
0.9995 9.996E-05 9.996E-05 9.996E-05 9.996E-05 9.996E-05
0.116331 0.115359 0.252509 9.9991E-05 0.305932 0.209769
0.9995 9.996E-05 9.996E-05 9.996E-05 9.996E-05 9.996E-05
0.9995 9.996E-05 9.996E-05 9.996E-05 9.996E-05 9.996E-05
0.941882 9.9973E-05 0.042092 0.0157261 9.9973E-05 9.9973E-05
0.749164 0.0400651 0.0282548 9.9991E-05 0.142245 0.040171
0.9995 9.996E-05 9.996E-05 9.996E-05 9.996E-05 9.996E-05
0.884446 0.0273187 9.9982E-05 9.9982E-05 0.00946412 0.0785714
0.9995 9.996E-05 9.996E-05 9.996E-05 9.996E-05 9.996E-05
0.956183 9.9973E-05 9.9973E-05 9.9973E-05 0.0383257 0.00519096
0.9995 9.996E-05 9.996E-05 9.996E-05 9.996E-05 9.996E-05
0.9995 9.996E-05 9.996E-05 9.996E-05 9.996E-05 9.996E-05
0.966582 9.9982E-05 9.9982E-05 0.00533375 0.0048117 0.0230725
0.841389 0.040279 0.0281236 9.9982E-05 9.9982E-05 0.0900086
0.986298 9.9964E-05 9.9964E-05 0.0133017 9.9964E-05 9.9964E-05
0.87382 0.0163513 0.0369196 9.9991E-05 0.0470879 0.025721
0.858655 0.0661093 9.9982E-05 0.0317665 9.9982E-05 0.0432695
0.918761 0.0289021 0.0130576 0.0137291 0.0254506 9.9991E-05
0.945769 9.9982E-05 0.0251799 9.9982E-05 0.0245838 0.0042673
0.0686198 0.381106 0.132277 0.0080181 0.307407 0.102572
0.058843 0.362618 0.0730023 0.00334853 0.403598 0.0985899
0.110358 0.3494 0.164439 0.0151072 0.271172 0.0895238
0.0854776 0.363564 0.0818223 0.0222445 0.372429 0.0744631
0.100822 0.365926 0.243486 9.9991E-05 0.216355 0.0733118
0.0948629 0.518812 0.334783 9.99821E-05 0.051342 9.99821E-05
0.112143 0.423803 0.275279 9.9991E-05 0.17971 0.00896558
0.0946569 0.48063 0.308888 9.9991E-05 0.111029 0.00469694
0.118672 0.433773 0.260759 9.9991E-05 0.132094 0.0546015
0.101476 0.441125 0.278233 9.9991E-05 0.154695 0.0243714
0.0983701 0.406214 0.301676 9.9991E-05 0.140094 0.0535462
0.166835 0.253437 0.22123 0.0066581 0.33308 0.0187595
0.124213 0.396924 0.238375 9.9991E-05 0.233087 0.00730153
9.996E-05 0.9995 9.996E-05 9.996E-05 9.996E-05 9.996E-05
9.996E-05 0.9995 9.996E-05 9.996E-05 9.996E-05 9.996E-05
9.996E-05 0.9995 9.996E-05 9.996E-05 9.996E-05 9.996E-05
9.996E-05 0.9995 9.996E-05 9.996E-05 9.996E-05 9.996E-05
9.996E-05 0.9995 9.996E-05 9.996E-05 9.996E-05 9.996E-05
9.9982E-05 0.934607 9.9982E-05 0.000163479 0.0579156 0.00711426
9.996E-05 0.9995 9.996E-05 9.996E-05 9.996E-05 9.996E-05
9.996E-05 0.9995 9.996E-05 9.996E-05 9.996E-05 9.996E-05
9.996E-05 0.9995 9.996E-05 9.996E-05 9.996E-05 9.996E-05
9.9964E-05 0.998643 9.9964E-05 9.9964E-05 9.9964E-05 0.000956843
9.996E-05 0.9995 9.996E-05 9.996E-05 9.996E-05 9.996E-05
9.996E-05 0.9995 9.996E-05 9.996E-05 9.996E-05 9.996E-05
