0.9995 9.996E-05 9.996E-05 9.996E-05 9.996E-05 9.996E-05
0.396437 9.9982E-05 0.453696 0.0599663 0.0897008 9.9982E-05
0.426815 9.9982E-05 0.398289 0.117076 0.0576206 9.9982E-05
0.284834 9.99641E-05 0.714766 9.99641E-05 9.99641E-05 9.99641E-05
0.177052 0.0822685 0.74038 9.9973E-05 9.9973E-05 9.9973E-05
0.185357 9.9973E-05 0.808364 9.9973E-05 0.00597894 9.9973E-05
0.394533 9.9964E-05 0.605068 9.9964E-05 9.9964E-05 9.9964E-05
0.349031 9.99764E-05 0.558239 0.0924302 9.99764E-05 9.99764E-05
0.268533 0.00368941 0.674575 0.0399609 0.0131422 9.9991E-05
0.9995 9.996E-05 9.996E-05 9.996E-05 9.996E-05 9.996E-05
0.9995 9.996E-05 9.996E-05 9.996E-05 9.996E-05 9.996E-05
0.9995 9.996E-05 9.996E-05 9.996E-05 9.996E-05 9.996E-05
0.999044 9.9964E-05 9.9964E-05 9.9964E-05 9.9964E-05 0.000556337
0.984554 0.0128864 0.00225976 9.9973E-05 9.9973E-05 9.9973E-05
0.962398 0.0032925 9.9982E-05 9.9982E-05 0.0317164 0.00239347
0.176464 9.9964E-05 0.823136 9.9964E-05 9.9964E-05 9.9964E-05
0.311352 0.0733522 0.46897 0.0534853 0.0656721 0.0271683
0.282742 9.9964E-05 0.716859 9.9964E-05 9.9964E-05 9.9964E-05
9.996E-05 9.996E-05 0.9995 9.996E-05 9.996E-05 9.996E-05
9.996E-05 9.996E-05 0.9995 9.996E-05 9.996E-05 9.996E-05
0.15526 9.9964E-05 0.84434 9.9964E-05 9.9964E-05 9.9964E-05
0.0335335 9.9973E-05 0.940632 0.0255341 9.9973E-05 9.9973E-05
0.0587175 0.0272904 0.911181 0.00261068 9.9982E-05 9.9982E-05
0.100099 9.9964E-05 0.899501 9.9964E-05 9.9964E-05 9.9964E-05
0.0711236 9.9964E-05 0.928477 9.9964E-05 9.9964E-05 9.9964E-05
0.0125721 0.0265204 0.908051 0.0216821 9.9991E-05 0.0310745
0.070133 0.0794112 0.80538 0.0448762 9.9982E-05 9.9982E-05
0.0561863 9.99641E-05 0.943414 9.99641E-05 9.99641E-05 9.99641E-05
0.113954 9.9973E-05 0.884338 0.00140774 9.9973E-05 9.9973E-05
0.138208 9.9964E-05 0.861393 9.9964E-05 9.9964E-05 9.9964E-05
0.128006 9.99641E-05 0.871594 9.99641E-05 9.99641E-05 9.99641E-05
0.0366042 0.0374755 0.902239 9.9982E-05 9.9982E-05 0.0234812
0.0656949 0.0259991 0.869883 0.0254792 0.0128441 9.9991E-05
0.0891959 9.9982E-05 0.774196 0.0724506 9.9982E-05 0.0639579
0.0426617 0.00763037 0.949408 9.9973E-05 9.9973E-05 9.9973E-05
0.133564 9.9964E-05 0.866037 9.9964E-05 9.9964E-05 9.9964E-05
9.9964E-05 0.00482032 0.99478 9.9964E-05 9.9964E-05 9.9964E-05
0.0470175 0.0899268 0.808105 0.021243 0.00249526 0.0312124
0.0546671 0.0560373 0.805271 0.0422769 0.0416479 9.9991E-05
0.0330099 0.0443208 0.877482 9.9991E-05 0.0218873 0.0231995
9.9991E-05 0.030458 0.728202 0.0581998 0.0715069 0.111533
9.9982E-05 0.0815252 0.69724 0.0817267 9.9982E-05 0.139308
0.0217103 9.9991E-05 0.726543 0.0916468 0.0471395 0.112861
9.9991E-05 0.03573 0.825293 0.0516599 0.019579 0.067638
9.9982E-05 0.0593629 0.774959 0.0637476 9.9982E-05 0.101731
9.9973E-05 0.0204502 0.942952 0.0362977 9.9973E-05 9.9973E-05
9.9982E-05 0.0158915 0.895805 0.0585839 9.9982E-05 0.0295199
9.9982E-05 0.0232407 0.870326 0.0960025 9.9982E-05 0.0102306
0.0617454 0.0932328 0.676045 0.0295279 9.9991E-05 0.139349
0.114877 0.00206535 0.788416 0.0423567 0.0205565 0.0317286
0.0472186 0.0663093 0.768392 0.0663346 0.0516457 9.9991E-05
9.9982E-05 0.048541 0.805132 0.0747047 9.9982E-05 0.0714227
9.9982E-05 0.0837321 0.798531 0.0903154 9.9982E-05 0.0272215
0.0433494 0.104618 0.6962 9.9991E-05 0.0695096 0.0862232
0.0484515 0.0552708 0.713096 0.00423166 0.0842466 0.094703
9.9982E-05 9.9982E-05 0.748439 0.117591 0.0457656 0.088004
0.0894899 0.0894937 0.629873 0.0765123 0.0400729 0.074558
9.9991E-05 0.0798502 0.807935 0.00279867 0.0770028 0.0323138
9.9973E-05 0.0275083 0.90975 0.0624423 9.9973E-05 9.9973E-05
0.0137653 0.165703 0.71391 0.0142019 0.0177127 0.0747072
9.9982E-05 0.128127 0.768981 0.0240498 9.9982E-05 0.078642
0.0042364 0.0398332 0.725926 0.0105376 0.0464691 0.172997
9.9991E-05 0.0573708 0.676221 0.0865762 0.150298 0.0294342
9.9991E-05 0.114775 0.708717 0.0721309 0.0423287 0.0619491
0.0103266 0.027233 0.766838 9.9991E-05 0.0251761 0.170326
9.9991E-05 0.0334848 0.770402 0.0986083 0.0297607 0.0676441
9.9991E-05 0.0225089 0.703262 0.0549358 0.136724 0.0824695
0.0121299 0.0291684 0.666955 0.0935102 0.106614 0.0916225
9.9991E-05 0.0313192 0.898604 0.0145345 0.00543139 0.0500111
9.9973E-05 9.9973E-05 0.725575 0.13548 9.9973E-05 0.138645
0.0329912 9.9991E-05 0.738073 0.0704551 0.0985368 0.059844
9.9991E-05 0.0553519 0.661021 0.0974376 0.0929095 0.0931803
0.0584306 0.0262801 0.847235 0.0300236 0.0202432 0.0177875
0.0181271 0.0967897 0.853264 0.00239508 0.0185463 0.010878
0.0271455 0.103287 0.60755 0.0485927 0.028664 0.184761
9.9982E-05 0.166233 0.716814 9.9982E-05 0.0471827 0.06957
9.9982E-05 9.9982E-05 0.761 0.104258 0.0794171 0.0551254
0.00791309 0.0257276 0.650281 0.0212102 0.170589 0.124278
9.9991E-05 0.119004 0.473693 0.0507724 0.191434 0.164996
9.9991E-05 0.125085 0.456473 0.0490726 0.184795 0.184474
9.9991E-05 0.0900266 0.454099 0.101736 0.115408 0.238631
9.9991E-05 0.126854 0.479196 0.0409476 0.172221 0.180681
9.9991E-05 0.106327 0.500887 0.0769234 0.128609 0.187154
9.9991E-05 0.0274399 0.598459 0.0231959 0.172026 0.178779
9.9991E-05 0.112846 0.473974 0.0589384 0.268803 0.0853381
9.9991E-05 0.0705653 0.462307 0.125618 0.203109 0.1383
0.0295285 0.104334 0.524357 0.0763954 0.117315 0.148071
9.9991E-05 0.0765254 0.564167 0.00216192 0.186372 0.170674
9.9991E-05 0.125325 0.466081 0.0542539 0.219202 0.135038
0.0109423 0.172486 0.388738 0.0837161 0.156825 0.187292
0.0197901 0.0251188 0.539045 0.0958328 0.197312 0.122901
0.012708 0.007531 0.558264 0.0852454 0.210614 0.125638
0.0241299 0.203035 0.295683 0.129739 0.269159 0.0782542
9.996E-05 9.996E-05 9.996E-05 9.996E-05 0.9995 9.996E-05
0.015435 9.9991E-05 0.00457356 0.0124955 0.949008 0.018388
0.0268375 0.00129202 0.0378621 9.9982E-05 0.933808 9.9982E-05
9.996E-05 9.996E-05 9.996E-05 9.996E-05 0.9995 9.996E-05
9.996E-05 9.996E-05 9.996E-05 9.996E-05 0.9995 9.996E-05
9.996E-05 9.996E-05 9.996E-05 9.996E-05 0.9995 9.996E-05
9.996E-05 9.996E-05 9.996E-05 9.996E-05 0.9995 9.996E-05
0.0169719 9.9982E-05 0.0219685 0.0418713 0.918988 9.9982E-05
9.996E-05 9.996E-05 9.996E-05 9.996E-05 0.9995 9.996E-05
9.996E-05 9.996E-05 9.996E-05 9.996E-05 0.9995 9.996E-05
0.00326986 0.174741 0.325714 0.0718198 0.144964 0.279492
9.9982E-05 0.00380043 0.0108742 9.9982E-05 0.956804 0.0283218
9.996E-05 9.996E-05 9.996E-05 9.996E-05 0.9995 9.996E-05
9.996E-05 9.996E-05 9.996E-05 9.996E-05 0.9995 9.996E-05
9.9991E-05 0.173086 0.290345 0.0576533 0.199471 0.279344
9.9991E-05 0.152513 0.313371 0.0740209 0.165045 0.29495
9.9991E-05 0.161079 0.318955 0.068395 0.176631 0.27484
9.9991E-05 0.154042 0.276376 0.0547667 0.221372 0.293342
9.9991E-05 0.177492 0.33142 0.0479812 0.143322 0.299685
9.9991E-05 0.118535 0.510369 0.0324911 0.146065 0.192439
9.9991E-05 0.108092 0.468185 0.00774175 0.219466 0.196415
9.9991E-05 0.157475 0.338276 0.0182245 0.216218 0.269707
9.9991E-05 0.130965 0.305438 0.117462 0.28167 0.164365
9.9991E-05 0.128971 0.34084 0.0747948 0.242686 0.212607
9.9991E-05 0.165895 0.424486 0.0602015 0.163236 0.186081
9.9991E-05 0.16822 0.334612 0.0869307 0.229566 0.180571
0.0161146 0.170395 0.357964 0.111148 0.114224 0.230155
9.9991E-05 0.107321 0.361409 0.0673901 0.204242 0.259537
9.9964E-05 9.9964E-05 9.9964E-05 0.0194365 9.9964E-05 0.980164
0.0250328 0.0681607 9.9991E-05 0.0186002 0.0178103 0.870296
9.996E-05 9.996E-05 9.996E-05 9.996E-05 9.996E-05 0.9995
9.996E-05 9.996E-05 9.996E-05 9.996E-05 9.996E-05 0.9995
9.996E-05 9.996E-05 9.996E-05 9.996E-05 9.996E-05 0.9995
9.996E-05 9.996E-05 9.996E-05 9.996E-05 9.996E-05 0.9995
9.996E-05 9.996E-05 9.996E-05 9.996E-05 9.996E-05 0.9995
0.0551315 0.0289009 0.071217 9.9991E-05 0.0132216 0.831429
9.9964E-05 9.9964E-05 9.9964E-05 0.00115588 9.9964E-05 0.998444
9.996E-05 9.996E-05 9.996E-05 9.996E-05 9.996E-05 0.9995
0.0329798 9.9973E-05 9.9973E-05 9.9973E-05 0.0529107 0.91381
9.996E-05 9.996E-05 9.996E-05 9.996E-05 9.996E-05 0.9995
0.0207341 0.0422159 0.0331947 0.0802507 0.0347956 0.788809
9.996E-05 9.996E-05 9.996E-05 0.9995 9.996E-05 9.996E-05
9.9991E-05 0.11504 0.259611 0.151257 0.239328 0.234664
9.996E-05 9.996E-05 9.996E-05 0.9995 9.996E-05 9.996E-05
9.996E-05 9.996E-05 9.996E-05 0.9995 9.996E-05 9.996E-05
9.9964E-05 9.9964E-05 9.9964E-05 0.948881 0.0507187 9.9964E-05
9.9991E-05 0.010141 0.0924972 0.829388 0.0150458 0.0528276
9.996E-05 9.996E-05 9.996E-05 0.9995 9.996E-05 9.996E-05
9.9991E-05 0.00200924 0.0615262 0.890975 0.0255915 0.0197978
9.996E-05 9.996E-05 9.996E-05 0.9995 9.996E-05 9.996E-05
9.9982E-05 0.016838 0.035891 0.920852 9.9982E-05 0.0262187
9.996E-05 9.996E-05 9.996E-05 0.9995 9.996E-05 9.996E-05
9.9982E-05 0.0178707 9.9982E-05 0.976359 0.00306528 0.00250542
9.9973E-05 9.9973E-05 9.9973E-05 0.968659 0.0198378 0.0112032
9.9991E-05 0.0595676 0.024636 0.829341 0.0595757 0.0267794
0.0097978 0.0173826 0.00708565 0.965534 9.9982E-05 9.9982E-05
0.00112136 9.9982E-05 9.9982E-05 0.907662 0.0215771 0.0694395
9.9991E-05 0.0272396 0.00877801 0.883701 0.0335659 0.0466154
0.0303955 0.033004 0.0464797 0.88797 9.9991E-05 0.00205117
9.9982E-05 0.00487409 0.0351244 0.911839 9.9982E-05 0.0479623
0.0166759 0.373505 0.28105 0.0709635 0.119167 0.138639
0.0195818 0.318771 0.402075 0.043786 0.106096 0.10969
0.0155662 0.321225 0.307399 0.0845897 0.19829 0.0729304
0.0396169 0.340685 0.370858 0.0812099 0.122245 0.0453841
9.9991E-05 0.352582 0.207851 0.099598 0.270877 0.0689926
9.9991E-05 0.496943 0.104608 0.104111 0.266827 0.0274098
9.9991E-05 0.403164 0.209297 0.06731 0.2608 0.0593295
9.9982E-05 0.475314 0.138933 0.108149 0.277403 9.9982E-05
9.9991E-05 0.427757 0.149848 0.109516 0.270332 0.0424469
9.9991E-05 0.437934 0.143357 0.117336 0.272669 0.0286043
9.9991E-05 0.426946 0.205599 0.0746398 0.271381 0.0213339
0.00931786 0.359934 0.189325 0.113687 0.221062 0.106673
9.9991E-05 0.353872 0.314524 0.079026 0.197162 0.0553168
9.996E-05 0.9995 9.996E-05 9.996E-05 9.996E-05 9.996E-05
9.996E-05 0.9995 9.996E-05 9.996E-05 9.996E-05 9.996E-05
9.996E-05 0.9995 9.996E-05 9.996E-05 9.996E-05 9.996E-05
9.996E-05 0.9995 9.996E-05 9.996E-05 9.996E-05 9.996E-05
9.996E-05 0.9995 9.996E-05 9.996E-05 9.996E-05 9.996E-05
0.0228015 0.932708 0.0441903 9.9973E-05 9.9973E-05 9.9973E-05
9.996E-05 0.9995 9.996E-05 9.996E-05 9.996E-05 9.996E-05
9.996E-05 0.9995 9.996E-05 9.996E-05 9.996E-05 9.996E-05
9.996E-05 0.9995 9.996E-05 9.996E-05 9.996E-05 9.996E-05
9.9973E-05 0.996567 9.9973E-05 0.000505555 9.9973E-05 0.00262756
9.996E-05 0.9995 9.996E-05 9.996E-05 9.996E-05 9.996E-05
9.996E-05 0.9995 9.996E-05 9.996E-05 9.996E-05 9.996E-05
