9.996E-05 9.996E-05 9.996E-05 9.996E-05 0.9995 9.996E-05
0.0528914 9.9991E-05 0.00491136 0.481531 0.372142 0.088424
0.128165 9.9982E-05 9.9982E-05 0.43265 0.372169 0.066816
9.99641E-05 9.99641E-05 9.99641E-05 0.718594 0.281006 9.99641E-05
9.9973E-05 9.9973E-05 0.0644797 0.733324 0.201897 9.9973E-05
9.9973E-05 9.9973E-05 9.9973E-05 0.771974 0.213601 0.014126
9.9964E-05 9.9964E-05 9.9964E-05 0.592876 0.406724 9.9964E-05
0.0636039 9.9973E-05 9.9973E-05 0.564413 0.371683 9.9973E-05
0.0309745 9.9991E-05 0.0103013 0.686033 0.272158 0.000433552
9.996E-05 9.996E-05 9.996E-05 9.996E-05 0.9995 9.996E-05
9.996E-05 9.996E-05 9.996E-05 9.996E-05 0.9995 9.996E-05
9.996E-05 9.996E-05 9.996E-05 9.996E-05 0.9995 9.996E-05
9.996E-05 9.996E-05 9.996E-05 9.996E-05 0.9995 9.996E-05
0.0134646 9.9973E-05 0.0382414 9.9973E-05 0.947994 9.9973E-05
0.0190944 0.00856657 9.9973E-05 9.9973E-05 0.972039 9.9973E-05
9.9973E-05 9.9973E-05 0.0290588 0.734441 0.2362 9.9973E-05
0.123908 0.0461787 0.0616316 0.471983 0.279156 0.0171426
9.9964E-05 9.9964E-05 9.9964E-05 0.758731 0.240869 9.9964E-05
9.99641E-05 9.99641E-05 9.99641E-05 0.970619 0.0289814 9.99641E-05
9.99641E-05 9.99641E-05 9.99641E-05 0.975611 0.0239896 9.99641E-05
9.9973E-05 9.9973E-05 0.0106585 0.81345 0.175591 9.9973E-05
0.0607935 9.9982E-05 9.9982E-05 0.886183 0.0454996 0.00732433
0.00370099 9.9982E-05 0.0150586 0.904839 0.0762013 9.9982E-05
9.9964E-05 9.9964E-05 9.9964E-05 0.890005 0.109596 9.9964E-05
9.99641E-05 9.99641E-05 9.99641E-05 0.920893 0.0787076 9.99641E-05
9.9982E-05 0.019098 0.0777709 0.863595 0.0393357 9.9982E-05
0.0137931 9.9982E-05 0.0856205 0.863718 0.0366687 9.9982E-05
9.99641E-05 9.99641E-05 9.99641E-05 0.960849 0.0387508 9.99641E-05
9.9982E-05 0.00787575 0.0104273 0.847819 0.133678 9.9982E-05
9.9964E-05 9.9964E-05 9.9964E-05 0.836968 0.162632 9.9964E-05
9.99641E-05 9.99641E-05 9.99641E-05 0.879608 0.119992 9.99641E-05
9.9973E-05 9.9973E-05 9.9973E-05 0.947457 0.0465865 0.00565677
9.9973E-05 9.9973E-05 0.0222831 0.950917 0.0265 9.9973E-05
0.0475912 0.0419921 9.9982E-05 0.81131 0.0989063 9.9982E-05
0.020275 9.9982E-05 0.0690624 0.850412 0.0600505 9.9982E-05
9.9964E-05 9.9964E-05 9.9964E-05 0.854078 0.145523 9.9964E-05
9.996E-05 9.996E-05 9.996E-05 0.9995 9.996E-05 9.996E-05
0.0277176 9.9991E-05 0.082855 0.838007 0.0227235 0.0285973
0.0809688 9.9991E-05 0.0339133 0.780626 0.0561705 0.048221
9.9991E-05 0.018365 0.040386 0.874005 0.0299605 0.0371834
0.106608 0.134038 9.9982E-05 0.713339 9.9982E-05 0.0458151
0.0971729 0.0653631 0.0471734 0.750365 9.9991E-05 0.0398259
0.109764 0.105195 9.9991E-05 0.693053 0.0420582 0.0498295
0.0407835 0.119063 0.0533691 0.753859 9.9991E-05 0.0328245
0.0704288 0.072531 0.0508664 0.805974 9.9982E-05 9.9982E-05
0.0473675 9.9973E-05 0.00276895 0.949564 9.9973E-05 9.9973E-05
0.0211464 0.0209084 0.0204333 0.937312 9.9982E-05 9.9982E-05
0.0460171 0.040743 9.9973E-05 0.91294 9.9973E-05 9.9973E-05
0.0684983 0.106479 0.084013 0.701611 0.0392993 9.9991E-05
0.0480382 0.057206 9.9991E-05 0.763846 0.109872 0.0209376
0.0582272 0.0317653 0.0661636 0.76378 0.0499137 0.0301502
0.056301 0.0425518 0.0278363 0.873111 9.9982E-05 9.9982E-05
0.0417035 0.0325865 0.0441013 0.881409 9.9982E-05 9.9982E-05
9.9991E-05 0.0519366 0.0978345 0.788286 0.0356427 0.0261999
0.059298 0.0937793 0.0659441 0.669421 0.0509536 0.0606037
0.101505 0.103878 0.00734435 0.772155 9.9991E-05 0.0150175
0.0950046 0.0820524 0.0969748 0.626058 0.0830997 0.01681
9.9982E-05 0.0352994 0.0820246 0.85248 9.9982E-05 0.0299961
0.0713749 9.9973E-05 0.0142292 0.914096 9.9973E-05 9.9973E-05
0.0474185 0.000140505 0.0823908 0.780725 0.0529747 0.0363508
9.9973E-05 0.099321 0.0801455 0.820234 9.9973E-05 9.9973E-05
9.9982E-05 0.112697 0.0438591 0.793247 9.9982E-05 0.0499972
0.11854 0.0862046 0.0766353 0.66639 9.9991E-05 0.0521307
0.0548191 0.0934275 0.0837417 0.715216 9.9991E-05 0.0526955
9.9982E-05 0.0969649 0.0433189 0.846841 9.9982E-05 0.012675
0.0635206 0.0807255 0.0745822 0.755612 9.9991E-05 0.0254598
0.0163976 0.0901301 0.0548703 0.733565 9.9991E-05 0.104937
0.0981447 0.0711832 0.0665527 0.70248 9.9991E-05 0.0615398
0.037793 0.0132041 0.0580986 0.883291 9.9991E-05 0.0075136
0.108501 0.103382 0.0209441 0.74329 9.9991E-05 0.0237839
0.114181 0.0765086 9.9991E-05 0.7112 0.00904095 0.08897
0.0661698 0.102087 0.0523471 0.72481 9.9991E-05 0.0544858
0.0337637 0.0473227 0.0882685 0.794285 0.0255154 0.0108446
0.0327623 0.0351797 0.0680154 0.863843 9.9982E-05 9.9982E-05
0.0609475 0.200046 0.0654919 0.641738 0.00564594 0.0261306
0.0155326 0.0418414 0.129966 0.781778 9.9991E-05 0.030783
0.0800147 0.0263565 0.032122 0.81502 9.9991E-05 0.0463867
0.0659539 0.0984166 0.00257765 0.688404 9.9991E-05 0.144548
0.0371132 0.214672 0.16272 0.449887 9.9991E-05 0.135507
0.0420377 0.163371 0.154902 0.468629 9.9991E-05 0.17096
0.0641872 0.2085 0.124316 0.491602 9.9991E-05 0.111295
0.043997 0.17005 0.109448 0.506506 9.9991E-05 0.169899
0.0910636 0.15904 0.10544 0.513932 9.9991E-05 0.130424
9.9982E-05 0.139271 0.0683941 0.62106 9.9982E-05 0.171075
0.111433 0.121434 0.0276499 0.546395 9.9991E-05 0.192988
0.140268 0.131813 0.0343896 0.511019 9.9991E-05 0.18241
0.0785183 0.144827 0.0788021 0.570353 0.042808 0.0846924
9.9991E-05 0.19412 0.0254314 0.592558 0.00887127 0.17892
0.0966076 0.159698 0.0702872 0.488687 0.0101741 0.174547
0.0990047 0.181715 0.17302 0.428135 9.9991E-05 0.118025
0.0908195 0.112084 0.0611613 0.516594 0.0374212 0.18192
0.0856585 0.175655 0.0381746 0.50717 0.039887 0.153455
0.0891491 0.0870869 0.233792 0.363915 0.0221944 0.203862
9.996E-05 9.996E-05 9.996E-05 9.996E-05 9.996E-05 0.9995
0.0199661 0.0439812 9.9973E-05 9.9973E-05 9.9973E-05 0.935753
0.0134932 0.0150686 0.0592475 0.012835 9.9991E-05 0.899256
9.996E-05 9.996E-05 9.996E-05 9.996E-05 9.996E-05 0.9995
9.996E-05 9.996E-05 9.996E-05 9.996E-05 9.996E-05 0.9995
9.996E-05 9.996E-05 9.996E-05 9.996E-05 9.996E-05 0.9995
9.996E-05 9.996E-05 9.996E-05 9.996E-05 9.996E-05 0.9995
9.9964E-05 9.9964E-05 9.9964E-05 0.0387305 9.9964E-05 0.96087
9.996E-05 9.996E-05 9.996E-05 9.996E-05 9.996E-05 0.9995
9.996E-05 9.996E-05 9.996E-05 9.996E-05 9.996E-05 0.9995
0.102177 0.295503 0.177311 0.282595 0.0148506 0.127564
0.0205329 0.0047141 9.9982E-05 0.0889674 9.9982E-05 0.885586
9.996E-05 9.996E-05 9.996E-05 9.996E-05 9.996E-05 0.9995
9.996E-05 9.996E-05 9.996E-05 9.996E-05 9.996E-05 0.9995
0.0849854 0.300885 0.173312 0.306017 0.00274469 0.132056
0.065019 0.266896 0.137642 0.38584 9.9991E-05 0.144502
0.0819239 0.25917 0.193429 0.315289 9.9991E-05 0.150089
0.0834904 0.301466 0.157923 0.26336 9.9991E-05 0.193661
0.0721289 0.285241 0.154848 0.321166 9.9991E-05 0.166516
0.00445451 0.261182 0.170789 0.432606 9.9991E-05 0.130868
0.046376 0.20152 0.151029 0.368639 9.9991E-05 0.232336
0.0108809 0.281573 0.128158 0.395086 9.9991E-05 0.184202
0.117363 0.213837 0.143061 0.253895 9.9991E-05 0.271745
0.0924038 0.237804 0.14141 0.273916 9.9991E-05 0.254366
0.0690665 0.162842 0.168439 0.446561 9.9991E-05 0.152991
0.0710505 0.163334 0.187337 0.377514 9.9991E-05 0.200665
0.0928862 0.255705 0.188673 0.360777 9.9991E-05 0.101859
0.100294 0.239389 0.135295 0.371201 9.9991E-05 0.15372
0.0340945 0.923703 0.0389536 9.9982E-05 9.9982E-05 0.00304904
9.9982E-05 0.885407 0.0763444 9.9982E-05 0.0188647 0.0191837
9.996E-05 0.9995 9.996E-05 9.996E-05 9.996E-05 9.996E-05
9.996E-05 0.9995 9.996E-05 9.996E-05 9.996E-05 9.996E-05
9.996E-05 0.9995 9.996E-05 9.996E-05 9.996E-05 9.996E-05
9.996E-05 0.9995 9.996E-05 9.996E-05 9.996E-05 9.996E-05
9.996E-05 0.9995 9.996E-05 9.996E-05 9.996E-05 9.996E-05
9.9982E-05 0.753069 0.110947 0.112722 0.0230632 9.9982E-05
9.996E-05 0.9995 9.996E-05 9.996E-05 9.996E-05 9.996E-05
9.996E-05 0.9995 9.996E-05 9.996E-05 9.996E-05 9.996E-05
0.0322101 0.878146 0.00500147 9.9991E-05 0.0351458 0.0493971
9.996E-05 0.9995 9.996E-05 9.996E-05 9.996E-05 9.996E-05
0.0994142 0.807244 0.0167908 0.0527902 0.0071909 0.0165697
0.9995 9.996E-05 9.996E-05 9.996E-05 9.996E-05 9.996E-05
0.154779 0.211405 0.114971 0.284564 9.9991E-05 0.234181
0.9995 9.996E-05 9.996E-05 9.996E-05 9.996E-05 9.996E-05
0.9995 9.996E-05 9.996E-05 9.996E-05 9.996E-05 9.996E-05
0.962728 9.9964E-05 9.9964E-05 9.9964E-05 9.9964E-05 0.0368724
0.805267 0.0255445 0.0472274 0.121761 9.9982E-05 9.9982E-05
0.9995 9.996E-05 9.996E-05 9.996E-05 9.996E-05 9.996E-05
0.885906 0.0310767 0.0141151 0.0245884 9.9991E-05 0.0442138
0.9995 9.996E-05 9.996E-05 9.996E-05 9.996E-05 9.996E-05
0.966993 0.0271604 9.9973E-05 0.00554718 9.9973E-05 9.9973E-05
0.967369 9.9973E-05 9.9973E-05 0.0302056 0.00212525 9.9973E-05
0.9995 9.996E-05 9.996E-05 9.996E-05 9.996E-05 9.996E-05
0.974563 0.0215781 9.9973E-05 9.9973E-05 9.9973E-05 0.00355928
0.843705 0.0459862 0.0675311 0.0281304 9.9991E-05 0.0145475
0.935015 9.9964E-05 9.9964E-05 0.0645855 9.9964E-05 9.9964E-05
0.918056 9.9982E-05 9.9982E-05 0.046143 0.00477731 0.0308235
0.886667 0.0404588 0.0664052 9.9991E-05 0.00200881 0.00435962
0.838983 0.0177141 0.0191875 0.0791277 0.0308491 0.014139
0.970305 0.0268781 0.00251695 9.9973E-05 9.9973E-05 9.9973E-05
0.0590472 0.136885 0.3602 0.293767 0.0275571 0.122544
0.102704 0.105808 0.350861 0.325245 9.9991E-05 0.115282
0.109001 0.121883 0.377911 0.245518 0.0196844 0.126004
0.147007 0.098957 0.337323 0.319536 0.0210046 0.0761733
0.120178 0.0543072 0.495062 0.0587409 0.0492524 0.222459
0.0773452 9.99821E-05 0.656319 0.00310305 9.99821E-05 0.263033
0.101905 0.0424152 0.54437 0.0691617 0.00152148 0.240626
0.0928046 9.9982E-05 0.678497 9.9982E-05 0.0170147 0.211484
0.110102 0.0471233 0.556019 0.0818533 0.000312328 0.20459
0.0977607 0.0464881 0.513573 0.0941248 9.9991E-05 0.247954
0.098269 0.0246431 0.525247 0.0714087 9.9991E-05 0.280332
0.0574431 0.0905576 0.43224 0.182008 0.0237049 0.214046
0.121356 0.0208942 0.481872 0.196919 0.01021 0.168749
9.996E-05 9.996E-05 0.9995 9.996E-05 9.996E-05 9.996E-05
9.996E-05 9.996E-05 0.9995 9.996E-05 9.996E-05 9.996E-05
9.996E-05 9.996E-05 0.9995 9.996E-05 9.996E-05 9.996E-05
9.996E-05 9.996E-05 0.9995 9.996E-05 9.996E-05 9.996E-05
9.996E-05 9.996E-05 0.9995 9.996E-05 9.996E-05 9.996E-05
9.9964E-05 9.9964E-05 0.889775 0.109825 9.9964E-05 9.9964E-05
9.996E-05 9.996E-05 0.9995 9.996E-05 9.996E-05 9.996E-05
9.996E-05 9.996E-05 0.9995 9.996E-05 9.996E-05 9.996E-05
9.996E-05 9.996E-05 0.9995 9.996E-05 9.996E-05 9.996E-05
9.9964E-05 0.0086071 0.990993 9.9964E-05 9.9964E-05 9.9964E-05
9.996E-05 9.996E-05 0.9995 9.996E-05 9.996E-05 9.996E-05
9.996E-05 9.996E-05 0.9995 9.996E-05 9.996E-05 9.996E-05
