9.996E-05 9.996E-05 0.9995 9.996E-05 9.996E-05 9.996E-05
9.9973E-05 0.107133 0.85018 0.0423873 9.9973E-05 9.9973E-05
9.9964E-05 9.9964E-05 0.737252 9.9964E-05 0.262348 9.9964E-05
0.112158 0.0662019 0.476681 9.9991E-05 0.160527 0.184332
0.175417 0.0128374 0.8047 0.00684566 9.9982E-05 9.9982E-05
9.9964E-05 9.9964E-05 0.906832 9.9964E-05 9.9964E-05 0.0927678
0.0465657 9.9991E-05 0.872809 0.0363759 0.0318722 0.0122773
0.0518073 0.0787341 0.830234 0.000113363 9.9991E-05 0.0390108
0.133941 9.9973E-05 0.699034 9.9973E-05 0.166725 9.9973E-05
9.999E-05 0.16318 0.540759 0.0415005 0.23716 0.0173003
0.0245783 9.9982E-05 9.9982E-05 0.0420953 0.0296268 0.9035
0.00705586 9.9973E-05 9.9973E-05 9.9973E-05 0.0158008 0.976843
9.9964E-05 9.9964E-05 0.169009 9.9964E-05 9.9964E-05 0.830591
0.0304804 0.0246615 0.0304583 0.0509671 0.149253 0.71418
0.0298533 0.0104064 0.0469203 0.05228 0.224659 0.635881
0.0168074 9.9973E-05 0.0731712 9.9973E-05 9.9973E-05 0.909721
9.996E-05 9.996E-05 9.996E-05 9.996E-05 9.996E-05 0.9995
0.0224203 0.207493 9.9982E-05 9.9982E-05 0.0848614 0.685025
0.0932242 0.0472348 9.9991E-05 0.0144885 0.0267576 0.818195
0.017069 9.9982E-05 0.0687561 9.9982E-05 0.0453136 0.868661
9.9982E-05 0.0914826 0.0626953 9.9982E-05 0.0676186 0.778004
9.9973E-05 0.104629 0.359869 9.9973E-05 9.9973E-05 0.535202
9.9973E-05 9.9973E-05 0.0266577 0.0173709 9.9973E-05 0.955671
9.9964E-05 0.13793 9.9964E-05 9.9964E-05 9.9964E-05 0.86167
9.9973E-05 0.160931 9.9973E-05 9.9973E-05 0.14556 0.693209
0.0798291 0.187617 0.116843 9.9991E-05 0.0264732 0.589137
0.21914 0.0700306 9.9982E-05 9.9982E-05 0.152671 0.557959
9.999E-05 0.386485 0.0382011 0.00717747 0.0932716 0.474765
9.9982E-05 0.277875 0.00468894 9.9982E-05 0.20134 0.515895
9.9973E-05 0.331816 9.9973E-05 9.9973E-05 0.0276121 0.640272
0.0965107 0.340638 9.9973E-05 9.9973E-05 0.562551 9.9973E-05
0.236971 0.149768 0.146653 9.9991E-05 0.427254 0.039254
0.090183 0.0396634 9.9982E-05 9.9982E-05 0.823269 0.0466843
0.0769319 9.9964E-05 9.9964E-05 9.9964E-05 0.922668 9.9964E-05
9.9973E-05 0.0541576 9.9973E-05 9.9973E-05 0.767619 0.177924
9.996E-05 9.996E-05 9.996E-05 9.996E-05 0.9995 9.996E-05
0.0962108 0.0519575 0.23457 9.9991E-05 0.594518 0.0226434
9.9982E-05 0.131224 0.014725 9.9982E-05 0.806238 0.0476135
0.0300531 9.9973E-05 9.9973E-05 0.00508301 0.964564 9.9973E-05
9.9991E-05 0.314963 0.0274113 0.0257796 0.570126 0.0616205
9.9964E-05 9.9964E-05 0.00312035 9.9964E-05 0.99648 9.9964E-05
0.0293738 0.342789 0.070353 0.00535141 0.393905 0.158228
9.9964E-05 0.0624347 9.9964E-05 9.9964E-05 0.937165 9.9964E-05
0.0958183 0.0681114 9.9991E-05 0.0136707 0.753866 0.0684337
0.416199 0.217762 9.9982E-05 9.9982E-05 0.30524 0.0605998
0.735603 0.100734 0.05267 0.0224805 0.0208068 0.0677062
0.607448 0.0809121 9.9982E-05 0.0276399 0.2838 9.9982E-05
0.970646 0.0289545 9.9964E-05 9.9964E-05 9.9964E-05 9.9964E-05
0.655766 9.9982E-05 0.0911202 9.9982E-05 0.153828 0.0990856
0.400848 0.155828 0.0628063 9.9982E-05 0.380317 9.9982E-05
0.792517 0.207083 9.9964E-05 9.9964E-05 9.9964E-05 9.9964E-05
0.9995 9.996E-05 9.996E-05 9.996E-05 9.996E-05 9.996E-05
0.807549 0.192051 9.9964E-05 9.9964E-05 9.9964E-05 9.9964E-05
0.7047 0.175395 9.9982E-05 9.9982E-05 0.0679609 0.0517445
0.887326 9.9964E-05 9.9964E-05 9.9964E-05 0.112274 9.9964E-05
0.898304 9.9973E-05 0.00270479 0.098691 9.9973E-05 9.9973E-05
0.10304 0.865089 0.0219872 9.9991E-05 0.00856179 0.00122148
0.114123 0.812409 0.0215041 9.9982E-05 9.9982E-05 0.0517634
0.139824 0.714666 0.0727725 9.9982E-05 9.9982E-05 0.0725375
0.112181 0.687124 0.159238 9.9982E-05 0.0412575 9.9982E-05
0.102962 0.855656 0.01622 9.9982E-05 9.9982E-05 0.0249623
9.9982E-05 0.489381 0.00819173 0.0696636 0.432564 9.9982E-05
0.0155537 0.860615 9.9973E-05 9.9973E-05 0.123532 9.9973E-05
9.9964E-05 0.956517 9.9964E-05 0.0430829 9.9964E-05 9.9964E-05
9.9982E-05 0.882453 9.9982E-05 0.00904168 0.0472535 0.0610515
9.996E-05 0.9995 9.996E-05 9.996E-05 9.996E-05 9.996E-05
9.9964E-05 0.973037 9.9964E-05 9.9964E-05 0.0265633 9.9964E-05
9.9964E-05 0.980728 9.9964E-05 9.9964E-05 9.9964E-05 0.0188718
9.9964E-05 0.990054 9.9964E-05 0.00954649 9.9964E-05 9.9964E-05
0.011997 0.987603 9.9964E-05 9.9964E-05 9.9964E-05 9.9964E-05
9.9964E-05 0.988861 9.9964E-05 0.0107388 9.9964E-05 9.9964E-05
9.9973E-05 0.747823 0.0737426 9.9973E-05 0.178134 9.9973E-05
0.0359642 0.952433 0.00657244 0.00483007 9.9982E-05 9.9982E-05
0.0415436 0.681754 9.9991E-05 0.0466188 0.208101 0.0218832
9.9991E-05 0.332597 0.00753609 0.512896 0.109035 0.0378368
9.996E-05 9.996E-05 9.996E-05 0.9995 9.996E-05 9.996E-05
0.0264841 0.745457 0.0183427 0.0480121 0.157476 0.0042282
