9.98921E-05 9.98921E-05 9.98921E-05 9.98921E-05 9.98921E-05 9.98921E-05 9.98921E-05 9.98921E-05 9.98921E-05 9.98921E-05 9.98921E-05 9.98921E-05 0.998801
9.9946E-05 9.9946E-05 9.9946E-05 9.9946E-05 9.9946E-05 0.0344068 9.9946E-05 0.104117 0.0310648 0.202181 0.0387184 0.0127529 0.576159
9.98921E-05 9.98921E-05 9.98921E-05 9.98921E-05 9.98921E-05 0.998801 9.98921E-05 9.98921E-05 9.98921E-05 9.98921E-05 9.98921E-05 9.98921E-05 9.98921E-05
0.0453055 9.9928E-05 0.0351454 9.9928E-05 9.9928E-05 0.857321 9.9928E-05 0.0475592 9.9928E-05 9.9928E-05 0.0138699 9.9928E-05 9.9928E-05
9.99011E-05 9.99011E-05 9.99011E-05 9.99011E-05 9.99011E-05 9.99011E-05 9.99011E-05 0.0244063 9.99011E-05 0.974495 9.99011E-05 9.99011E-05 9.99011E-05
9.9928E-05 9.9928E-05 0.0412239 9.9928E-05 0.0248442 9.9928E-05 0.067972 9.9928E-05 9.9928E-05 0.0594491 9.9928E-05 9.9928E-05 0.805711
0.0277161 9.9946E-05 9.9946E-05 9.9946E-05 0.0805912 9.9946E-05 9.9946E-05 9.9946E-05 0.0371256 0.0494796 0.0155772 0.0533634 0.735547
9.98921E-05 9.98921E-05 9.98921E-05 9.98921E-05 9.98921E-05 9.98921E-05 9.98921E-05 9.98921E-05 9.98921E-05 0.998801 9.98921E-05 9.98921E-05 9.98921E-05
9.9919E-05 9.9919E-05 9.9919E-05 9.9919E-05 9.9919E-05 0.0905975 9.9919E-05 9.9919E-05 9.9919E-05 0.24172 9.9919E-05 0.490272 0.176511
0.0294218 0.103978 0.0719639 0.0374589 0.0192492 0.0862251 0.00394209 9.9991E-05 0.1374 0.0568256 0.0028975 0.021699 0.428839
9.99191E-05 9.99191E-05 0.0375676 9.99191E-05 9.99191E-05 9.99191E-05 0.0554488 0.885256 9.99191E-05 0.0208279 9.99191E-05 9.99191E-05 9.99191E-05
9.99011E-05 9.99011E-05 9.99011E-05 9.99011E-05 0.997982 9.99011E-05 9.99011E-05 9.99011E-05 9.99011E-05 9.99011E-05 0.000919216 9.99011E-05 9.99011E-05
9.9892E-05 9.9892E-05 9.9892E-05 9.9892E-05 9.9892E-05 9.9892E-05 0.998801 9.9892E-05 9.9892E-05 9.9892E-05 9.9892E-05 9.9892E-05 9.9892E-05
9.9892E-05 9.9892E-05 9.9892E-05 0.998801 9.9892E-05 9.9892E-05 9.9892E-05 9.9892E-05 9.9892E-05 9.9892E-05 9.9892E-05 9.9892E-05 9.9892E-05
9.9955E-05 0.141337 9.9955E-05 0.0146488 0.0581629 0.0759469 0.102391 0.530821 9.9955E-05 9.9955E-05 0.0574314 9.9955E-05 0.0187615
9.9928E-05 9.9928E-05 0.126595 0.0316219 0.22298 9.9928E-05 0.0915115 0.526492 9.9928E-05 9.9928E-05 9.9928E-05 9.9928E-05 9.9928E-05
9.9919E-05 9.9919E-05 0.818538 9.9919E-05 9.9919E-05 9.9919E-05 0.122328 0.055001 9.9919E-05 9.9919E-05 9.9919E-05 0.00323399 9.9919E-05
0.0252867 0.0564273 0.197376 0.0831411 0.254061 0.0131352 9.9973E-05 0.181838 0.0855899 9.9973E-05 0.000694183 0.10215 9.9973E-05
0.0549071 0.155371 0.0311024 0.0378102 0.351705 9.9964E-05 0.143239 0.216547 0.00334384 9.9964E-05 0.00557511 9.9964E-05 9.9964E-05
9.98921E-05 9.98921E-05 9.98921E-05 9.98921E-05 0.998801 9.98921E-05 9.98921E-05 9.98921E-05 9.98921E-05 9.98921E-05 9.98921E-05 9.98921E-05 9.98921E-05
9.994E-05 9.994E-05 0.164682 0.0323762 0.542607 9.994E-05 0.0112348 9.994E-05 0.0843579 9.994E-05 0.0252795 9.994E-05 0.138863
9.99101E-05 9.99101E-05 9.99101E-05 9.99101E-05 9.99101E-05 9.99101E-05 9.99101E-05 0.735942 9.99101E-05 0.21786 9.99101E-05 9.99101E-05 0.0451993
9.9928E-05 9.9928E-05 0.127644 0.0850731 9.9928E-05 9.9928E-05 0.0251407 0.710043 9.9928E-05 9.9928E-05 9.9928E-05 9.9928E-05 0.0512996
9.9892E-05 9.9892E-05 0.998801 9.9892E-05 9.9892E-05 9.9892E-05 9.9892E-05 9.9892E-05 9.9892E-05 9.9892E-05 9.9892E-05 9.9892E-05 9.9892E-05
9.9928E-05 0.209898 9.9928E-05 0.288635 9.9928E-05 9.9928E-05 0.0904137 0.385983 0.0242709 9.9928E-05 9.9928E-05 9.9928E-05 9.9928E-05
9.9937E-05 9.9937E-05 9.9937E-05 0.414124 0.173355 9.9937E-05 0.111474 9.9937E-05 0.15911 9.9937E-05 9.9937E-05 0.0559408 0.0852974
0.132013 0.0615359 9.9928E-05 9.9928E-05 0.0114315 9.9928E-05 9.9928E-05 0.661371 9.9928E-05 9.9928E-05 9.9928E-05 0.132849 9.9928E-05
9.9955E-05 0.0239998 9.9955E-05 0.0143424 9.9955E-05 0.0764096 0.022339 0.55322 0.297662 0.0025253 0.00900232 9.9955E-05 9.9955E-05
9.9937E-05 0.142258 9.9937E-05 0.010109 0.0972813 9.9937E-05 9.9937E-05 0.481661 0.115415 9.9937E-05 9.9937E-05 0.152576 9.9937E-05
9.99101E-05 9.99101E-05 9.99101E-05 9.99101E-05 9.99101E-05 9.99101E-05 9.99101E-05 0.852746 0.118521 9.99101E-05 9.99101E-05 0.0277341 9.99101E-05
9.9901E-05 9.9901E-05 9.9901E-05 9.9901E-05 9.9901E-05 9.9901E-05 9.9901E-05 9.9901E-05 0.0278009 9.9901E-05 9.9901E-05 0.9711 9.9901E-05
9.9892E-05 9.9892E-05 9.9892E-05 9.9892E-05 9.9892E-05 9.9892E-05 9.9892E-05 9.9892E-05 9.9892E-05 9.9892E-05 9.9892E-05 0.998801 9.9892E-05
9.99191E-05 0.89434 9.99191E-05 9.99191E-05 9.99191E-05 0.00980298 9.99191E-05 0.0388657 0.0560922 9.99191E-05 9.99191E-05 9.99191E-05 9.99191E-05
0.138709 0.783102 0.0771893 9.991E-05 9.991E-05 9.991E-05 9.991E-05 9.991E-05 9.991E-05 9.991E-05 9.991E-05 9.991E-05 9.991E-05
9.9946E-05 0.607451 9.9946E-05 0.0266887 0.213638 9.9946E-05 9.9946E-05 0.0519211 0.0322016 9.9946E-05 0.00229597 0.0652034 9.9946E-05
9.99191E-05 0.740994 9.99191E-05 0.00520811 9.99191E-05 9.99191E-05 9.99191E-05 9.99191E-05 9.99191E-05 9.99191E-05 0.000499589 0.252399 9.99191E-05
9.9919E-05 0.67078 9.9919E-05 9.9919E-05 0.120573 0.0136818 9.9919E-05 9.9919E-05 9.9919E-05 0.194066 9.9919E-05 9.9919E-05 9.9919E-05
9.99281E-05 0.805218 9.99281E-05 9.99281E-05 9.99281E-05 9.99281E-05 9.99281E-05 0.0667904 0.0620583 9.99281E-05 9.99281E-05 0.0576214 0.00751247
0.0197648 0.9722 9.99101E-05 9.99101E-05 9.99101E-05 9.99101E-05 9.99101E-05 9.99101E-05 9.99101E-05 9.99101E-05 0.00703631 9.99101E-05 9.99101E-05
9.9946E-05 0.518536 9.9946E-05 9.9946E-05 9.9946E-05 0.0120019 0.00343746 0.156682 0.294115 9.9946E-05 0.00571371 9.9946E-05 0.00891386
9.99191E-05 0.767741 0.0293842 9.99191E-05 9.99191E-05 9.99191E-05 0.000845431 9.99191E-05 9.99191E-05 9.99191E-05 9.99191E-05 0.20113 9.99191E-05
0.161222 0.382059 9.9973E-05 0.0919584 9.9973E-05 0.0683266 0.0179508 0.0156491 0.228906 0.00136243 9.9973E-05 0.0217138 0.0105516
0.00647516 0.640166 9.9946E-05 9.9946E-05 0.0772745 0.00946955 9.9946E-05 9.9946E-05 0.238746 0.024433 9.9946E-05 0.00283652 9.9946E-05
0.0422244 0.829374 0.12163 9.9919E-05 9.9919E-05 9.9919E-05 9.9919E-05 9.9919E-05 9.9919E-05 9.9919E-05 0.00587281 9.9919E-05 9.9919E-05
0.519318 0.0377558 9.99371E-05 9.99371E-05 9.99371E-05 0.0133829 0.102466 9.99371E-05 0.136037 9.99371E-05 9.99371E-05 0.190341 9.99371E-05
0.674321 9.9955E-05 9.9955E-05 0.0320338 0.0522695 9.9955E-05 0.0883307 9.9955E-05 0.0678723 9.9955E-05 0.0372035 0.0432222 0.00424703
0.869945 0.0518226 0.0198723 9.99281E-05 9.99281E-05 9.99281E-05 9.99281E-05 9.99281E-05 9.99281E-05 9.99281E-05 0.0237628 0.0337974 9.99281E-05
0.833385 9.991E-05 9.991E-05 9.991E-05 9.991E-05 9.991E-05 9.991E-05 9.991E-05 0.143773 9.991E-05 9.991E-05 0.0218428 9.991E-05
0.499354 0.183949 9.9928E-05 9.9928E-05 0.147487 0.121494 9.9928E-05 9.9928E-05 9.9928E-05 0.0469166 9.9928E-05 9.9928E-05 9.9928E-05
0.286406 0.228887 9.9937E-05 0.0475449 9.9937E-05 0.0611617 9.9937E-05 9.9937E-05 0.270372 0.10493 9.9937E-05 9.9937E-05 9.9937E-05
0.793504 9.9946E-05 0.000235321 0.0349852 9.9946E-05 0.00116467 9.9946E-05 0.0311418 0.12228 9.9946E-05 9.9946E-05 0.0160898 9.9946E-05
0.952231 9.99101E-05 9.99101E-05 0.0297116 9.99101E-05 9.99101E-05 9.99101E-05 9.99101E-05 9.99101E-05 0.017058 9.99101E-05 9.99101E-05 9.99101E-05
0.702887 9.99281E-05 9.99281E-05 9.99281E-05 9.99281E-05 9.99281E-05 0.0260268 0.027952 0.212654 9.99281E-05 9.99281E-05 0.0296805 9.99281E-05
0.74449 0.073624 9.9928E-05 9.9928E-05 9.9928E-05 9.9928E-05 9.9928E-05 0.0991407 0.0774837 9.9928E-05 0.00446201 9.9928E-05 9.9928E-05
0.908637 0.0528968 9.9919E-05 9.9919E-05 0.00651757 9.9919E-05 9.9919E-05 9.9919E-05 9.9919E-05 9.9919E-05 9.9919E-05 0.0310498 9.9919E-05
0.757886 9.99191E-05 9.99191E-05 9.99191E-05 9.99191E-05 0.0700884 9.99191E-05 9.99191E-05 0.132584 9.99191E-05 0.0385423 9.99191E-05 9.99191E-05
9.9946E-05 9.9946E-05 0.0166632 9.9946E-05 0.0339759 0.00520357 0.0035296 0.0248906 0.82924 0.0858974 9.9946E-05 9.9946E-05 9.9946E-05
0.0160593 9.99371E-05 9.99371E-05 9.99371E-05 0.0426713 9.99371E-05 0.00863848 0.0851493 0.811431 0.0353507 9.99371E-05 9.99371E-05 9.99371E-05
0.0465084 9.9946E-05 9.9946E-05 9.9946E-05 9.9946E-05 0.0156178 0.00597533 9.9946E-05 0.772922 0.0758142 9.9946E-05 0.0681096 0.0144532
9.9937E-05 0.109035 9.9937E-05 9.9937E-05 9.9937E-05 9.9937E-05 9.9937E-05 0.0879682 0.638557 0.0518286 9.9937E-05 0.0535109 0.0584003
0.122832 9.9928E-05 0.0332264 0.0453902 9.9928E-05 9.9928E-05 9.9928E-05 9.9928E-05 0.778726 9.9928E-05 9.9928E-05 0.0190258 9.9928E-05
9.9928E-05 0.404374 9.9928E-05 9.9928E-05 9.9928E-05 0.0678671 0.00795352 9.9928E-05 0.428167 9.9928E-05 0.0908395 9.9928E-05 9.9928E-05
0.0384142 0.0329543 0.0381069 9.9946E-05 0.0132783 0.00336778 9.9946E-05 9.9946E-05 0.842527 9.9946E-05 9.9946E-05 9.9946E-05 0.0307523
9.99102E-05 9.99102E-05 9.99102E-05 9.99102E-05 9.99102E-05 9.99102E-05 9.99102E-05 9.99102E-05 0.932251 9.99102E-05 0.0443122 0.0224375 9.99102E-05
9.9937E-05 0.126404 9.9937E-05 0.0475648 0.00081536 9.9937E-05 9.9937E-05 0.055575 0.753884 9.9937E-05 0.0150575 9.9937E-05 9.9937E-05
9.98921E-05 9.98921E-05 9.98921E-05 9.98921E-05 9.98921E-05 9.98921E-05 9.98921E-05 9.98921E-05 0.998801 9.98921E-05 9.98921E-05 9.98921E-05 9.98921E-05
9.99101E-05 0.000395317 9.99101E-05 9.99101E-05 9.99101E-05 9.99101E-05 0.0040451 9.99101E-05 0.99456 9.99101E-05 9.99101E-05 9.99101E-05 9.99101E-05
9.99191E-05 9.99191E-05 9.99191E-05 0.033821 9.99191E-05 0.00399826 9.99191E-05 0.0309754 0.930306 9.99191E-05 9.99191E-05 9.99191E-05 9.99191E-05
9.99101E-05 9.99101E-05 9.99101E-05 9.99101E-05 9.99101E-05 9.99101E-05 9.99101E-05 9.99101E-05 0.945403 0.0313761 0.0222217 9.99101E-05 9.99101E-05
9.99011E-05 9.99011E-05 9.99011E-05 9.99011E-05 9.99011E-05 0.0197907 9.99011E-05 9.99011E-05 0.97911 9.99011E-05 9.99011E-05 9.99011E-05 9.99011E-05
9.99191E-05 9.99191E-05 0.000846211 9.99191E-05 9.99191E-05 9.99191E-05 9.99191E-05 9.99191E-05 0.923607 9.99191E-05 0.00550921 0.0691385 9.99191E-05
0.0102892 0.0513701 9.9946E-05 0.154583 9.9946E-05 9.9946E-05 9.9946E-05 9.9946E-05 0.431694 0.0753499 0.0465049 0.229609 9.9946E-05
0.0166004 9.99191E-05 9.99191E-05 9.99191E-05 9.99191E-05 0.0190124 9.99191E-05 9.99191E-05 0.928616 0.0348719 9.99191E-05 9.99191E-05 9.99191E-05
0.0394607 0.127241 9.9946E-05 0.0648773 9.9946E-05 9.9946E-05 9.9946E-05 9.9946E-05 0.668981 9.9946E-05 0.063594 0.00330625 0.0319401
0.0391445 0.0117259 0.0138957 0.0103058 9.9973E-05 0.0258815 9.9973E-05 0.0449128 0.294557 0.0194915 0.53247 0.00731488 9.9973E-05
9.9892E-05 9.9892E-05 9.9892E-05 9.9892E-05 9.9892E-05 9.9892E-05 9.9892E-05 9.9892E-05 9.9892E-05 9.9892E-05 0.998801 9.9892E-05 9.9892E-05
0.00535299 0.219025 9.9946E-05 9.9946E-05 9.9946E-05 9.9946E-05 0.0682253 0.037655 0.593646 9.9946E-05 0.053782 9.9946E-05 0.0217135
