9.994E-05 9.994E-05 9.994E-05 9.994E-05 0.9993 9.994E-05 9.994E-05 9.994E-05
0.0539775 0.617303 0.0795673 9.9964E-05 0.248752 9.9964E-05 9.9964E-05 9.9964E-05
0.0628445 0.558239 0.123853 9.9964E-05 0.254663 9.9964E-05 9.9964E-05 9.9964E-05
9.99551E-05 0.760938 9.99551E-05 9.99551E-05 0.194864 9.99551E-05 9.99551E-05 0.0436976
9.9982E-05 0.709415 9.9982E-05 0.0312482 0.107995 0.0837233 0.0432412 0.0241769
9.9964E-05 0.618975 0.0318953 9.9964E-05 0.152237 9.9964E-05 9.9964E-05 0.196493
9.9946E-05 0.727836 9.9946E-05 9.9946E-05 0.271564 9.9946E-05 9.9946E-05 9.9946E-05
0.0174309 0.550431 0.0610119 9.9973E-05 0.282793 9.9973E-05 9.9973E-05 0.0880336
9.9964E-05 0.616643 0.12095 9.9964E-05 0.213764 9.9964E-05 0.0482434 9.9964E-05
9.994E-05 9.994E-05 9.994E-05 9.994E-05 0.9993 9.994E-05 9.994E-05 9.994E-05
9.994E-05 9.994E-05 9.994E-05 9.994E-05 0.9993 9.994E-05 9.994E-05 9.994E-05
9.9946E-05 9.9946E-05 9.9946E-05 9.9946E-05 0.993852 0.00554786 9.9946E-05 9.9946E-05
9.994E-05 9.994E-05 9.994E-05 9.994E-05 0.9993 9.994E-05 9.994E-05 9.994E-05
9.9955E-05 0.00903771 9.9955E-05 9.9955E-05 0.924886 0.0655769 9.9955E-05 9.9955E-05
9.9964E-05 0.0118147 0.0152529 9.9964E-05 0.948566 0.0239669 9.9964E-05 9.9964E-05
9.9973E-05 0.438878 9.9973E-05 0.0232953 0.174172 9.9973E-05 0.0371214 0.326233
0.0433975 0.33113 0.0831502 0.0436332 0.194165 0.0960548 0.109517 0.0989519
0.00316768 0.702623 0.0249946 9.9982E-05 0.188215 0.00929621 9.9982E-05 0.0715034
9.9964E-05 0.905048 9.9964E-05 9.9964E-05 9.9964E-05 0.0513979 0.0423397 0.000814805
9.9964E-05 0.838495 9.9964E-05 0.0341616 9.9964E-05 0.0996831 0.0272608 9.9964E-05
0.0401371 0.874887 9.9964E-05 9.9964E-05 0.0534625 9.9964E-05 0.0311132 9.9964E-05
0.000599855 0.81304 0.0604097 0.0290849 9.9982E-05 0.069846 9.9982E-05 0.02682
9.9973E-05 0.815028 9.9973E-05 0.00789643 9.9973E-05 0.140013 0.0317595 0.00500353
9.9964E-05 0.939999 0.00374355 0.0150596 9.9964E-05 0.0407984 9.9964E-05 9.9964E-05
0.006854 0.946089 9.9973E-05 0.0207736 9.9973E-05 9.9973E-05 0.0184442 0.00753915
9.9973E-05 0.636794 9.9973E-05 0.0906424 9.9973E-05 0.00766779 0.0158824 0.248714
9.9973E-05 0.745092 0.0583093 9.9973E-05 9.9973E-05 0.0225263 0.118936 0.0548357
9.9946E-05 0.960929 0.0384716 9.9946E-05 9.9946E-05 9.9946E-05 9.9946E-05 9.9946E-05
9.999E-05 0.705027 0.0179973 0.0206867 0.0443284 0.0222354 0.0367318 0.152893
0.000949777 0.990383 9.9955E-05 9.9955E-05 0.0081671 9.9955E-05 9.9955E-05 9.9955E-05
0.0101193 0.908496 9.9973E-05 0.0227515 9.9973E-05 0.0241236 0.0342101 9.9973E-05
9.9964E-05 0.788041 9.9964E-05 0.103607 9.9964E-05 9.9964E-05 0.050643 0.0573087
0.0166222 0.74153 0.0336368 0.0227454 9.9991E-05 0.00660309 0.0352334 0.143529
0.0126311 0.601272 0.0855297 0.11309 0.0575719 0.000385607 9.9991E-05 0.12942
9.9964E-05 0.79214 0.0224921 0.0124719 9.9964E-05 0.172497 9.9964E-05 9.9964E-05
9.9964E-05 0.926446 9.9964E-05 9.9964E-05 0.010474 9.9964E-05 0.00212689 0.0605536
9.9964E-05 0.458316 0.00029253 9.9964E-05 9.9964E-05 0.0553087 9.9964E-05 0.485683
0.0246293 0.503198 0.0333906 0.0048646 9.9991E-05 0.112981 0.0757624 0.245074
0.0523181 0.560805 0.0609533 9.9973E-05 9.9973E-05 9.9973E-05 0.0915426 0.234082
0.0581936 0.524071 9.9982E-05 0.00914397 9.9982E-05 0.0332904 0.071781 0.30332
0.0519746 0.0323489 0.0252394 0.0500729 9.9973E-05 9.9973E-05 9.9973E-05 0.840064
9.9982E-05 0.135365 0.0182054 9.9982E-05 0.0112459 0.015845 0.0824839 0.736655
9.9973E-05 0.22608 0.037282 0.0461279 0.027648 9.9973E-05 9.9973E-05 0.662562
0.00571022 0.093779 0.0195371 9.9973E-05 9.9973E-05 9.9973E-05 0.0119028 0.868771
9.9973E-05 0.251946 0.0383568 0.00850898 9.9973E-05 9.9973E-05 0.0322494 0.668639
9.9946E-05 9.9946E-05 9.9946E-05 9.9946E-05 0.00747995 9.9946E-05 9.9946E-05 0.99192
9.994E-05 9.994E-05 9.994E-05 9.994E-05 9.994E-05 9.994E-05 9.994E-05 0.9993
9.9982E-05 0.335854 0.036322 0.0112103 9.9982E-05 0.0367919 0.0246788 0.554943
9.999E-05 0.0856414 0.0337062 0.0660445 0.105375 0.00898043 0.0681018 0.63205
0.0157206 0.359891 0.0154171 0.0723383 0.096119 9.9982E-05 9.9982E-05 0.440314
9.9973E-05 0.193138 0.0395456 9.9973E-05 0.0293627 9.9973E-05 0.0479405 0.689713
9.9982E-05 0.161861 0.0295255 0.0187957 0.00890092 9.9982E-05 0.00353862 0.777178
9.9955E-05 9.9955E-05 9.9955E-05 9.9955E-05 0.0272804 9.9955E-05 0.0306935 0.941526
0.00399621 0.143519 9.9991E-05 0.0494809 0.0454821 0.0746967 0.0160342 0.666691
0.0350454 0.147518 9.9991E-05 0.0494164 0.0602287 0.0515369 0.0107096 0.645445
9.9964E-05 0.169785 0.0943049 0.0473788 9.9964E-05 9.9964E-05 9.9964E-05 0.688132
9.9982E-05 0.171761 0.0481099 0.070118 0.0868778 9.9982E-05 0.076573 0.54636
0.0331679 0.20467 9.9973E-05 9.9973E-05 9.9973E-05 0.0371883 0.108192 0.616482
9.99461E-05 9.99461E-05 0.0151145 9.99461E-05 9.99461E-05 9.99461E-05 9.99461E-05 0.984286
0.00146053 0.216501 0.023748 9.9982E-05 0.0388652 9.9982E-05 0.125905 0.593321
9.9973E-05 0.182641 9.9973E-05 0.0434644 9.9973E-05 0.00307804 0.0803505 0.690167
0.00889603 0.0479098 9.9973E-05 0.0702096 0.0131089 9.9973E-05 9.9973E-05 0.859576
0.0323527 0.0850348 0.0376278 0.0209062 0.0218717 9.9991E-05 0.0127692 0.789338
9.99551E-05 9.99551E-05 9.99551E-05 9.99551E-05 9.99551E-05 0.0355327 0.0360702 0.927897
9.9973E-05 0.0975847 9.9973E-05 0.0458236 0.0352578 9.9973E-05 0.0264391 0.794595
9.9955E-05 9.9955E-05 0.0143633 9.9955E-05 9.9955E-05 0.00707949 9.9955E-05 0.978057
0.0233525 9.9946E-05 9.9946E-05 9.9946E-05 9.9946E-05 9.9946E-05 9.9946E-05 0.976048
0.00794299 9.9982E-05 0.0398523 0.0175698 0.00612825 0.0933103 9.9982E-05 0.834996
9.9964E-05 0.236113 0.0190948 9.9964E-05 9.9964E-05 9.9964E-05 0.0357961 0.708597
9.994E-05 9.994E-05 9.994E-05 9.994E-05 9.994E-05 9.994E-05 9.994E-05 0.9993
0.0369688 0.044633 9.9973E-05 0.022659 0.0490855 9.9973E-05 9.9973E-05 0.846354
0.0566226 0.0174531 0.0185753 0.062306 9.9991E-05 0.00654298 0.01035 0.82805
9.9946E-05 9.9946E-05 9.9946E-05 9.9946E-05 0.073594 9.9946E-05 9.9946E-05 0.925806
9.9955E-05 9.9955E-05 9.9955E-05 9.9955E-05 0.0685736 9.9955E-05 0.0166762 0.91425
9.9982E-05 9.9982E-05 0.0223266 0.0696951 0.056602 0.0202557 0.012853 0.818068
9.9955E-05 9.9955E-05 9.9955E-05 9.9955E-05 9.9955E-05 0.0286453 0.0994191 0.871436
0.0086147 9.9946E-05 9.9946E-05 9.9946E-05 9.9946E-05 9.9946E-05 9.9946E-05 0.990786
0.108464 0.052015 0.00654631 0.00176321 0.0165481 0.0864428 9.9991E-05 0.728121
0.0614091 0.0294361 0.0388012 0.0740029 9.9991E-05 0.0981162 0.0326772 0.665457
0.0864026 9.9982E-05 0.0047831 0.0759373 9.9982E-05 0.118014 0.0147081 0.699955
0.0383477 9.9991E-05 0.0203776 0.126864 0.00854772 0.0694328 0.0156336 0.720696
0.098575 9.9973E-05 0.00447071 0.0460932 9.9973E-05 0.104631 9.9973E-05 0.74593
0.0775046 9.9982E-05 0.0106601 0.0542472 9.9982E-05 0.0759961 0.00386882 0.777523
0.11188 0.12145 9.9973E-05 0.113806 9.9973E-05 9.9973E-05 0.037959 0.614604
0.160328 0.0231478 0.0530578 0.0576205 0.0456869 0.0340401 9.9991E-05 0.626019
0.162584 0.0469209 0.0880628 0.0407676 0.0563744 9.9991E-05 0.000566797 0.604623
0.0707592 0.128367 0.0919542 0.0711796 0.0524922 0.0384379 0.0156759 0.531134
0.146027 0.0507616 9.9982E-05 0.123826 0.00629194 9.9982E-05 0.0174966 0.655397
0.149994 0.0150216 0.0443946 0.045716 9.9991E-05 0.02861 0.0791291 0.637035
0.127135 0.033309 0.104431 0.100009 9.9991E-05 0.0348407 0.150342 0.449833
0.0805032 0.00983841 0.0465473 0.0337497 0.0359112 0.204938 9.9991E-05 0.588412
0.0708068 0.0138717 0.0465983 0.0808995 0.0354724 0.159548 9.9991E-05 0.592703
0.205893 0.0119039 0.0987327 0.0586673 0.0287152 9.9991E-05 0.162909 0.433079
0.9993 9.994E-05 9.994E-05 9.994E-05 9.994E-05 9.994E-05 9.994E-05 9.994E-05
0.93611 0.0311207 9.9964E-05 0.0127134 0.0196558 9.9964E-05 9.9964E-05 9.9964E-05
0.850247 9.9973E-05 9.9973E-05 9.9973E-05 0.00290497 0.00853574 0.0145181 0.123495
0.989542 9.9946E-05 0.0098586 9.9946E-05 9.9946E-05 9.9946E-05 9.9946E-05 9.9946E-05
0.9993 9.994E-05 9.994E-05 9.994E-05 9.994E-05 9.994E-05 9.994E-05 9.994E-05
0.9993 9.994E-05 9.994E-05 9.994E-05 9.994E-05 9.994E-05 9.994E-05 9.994E-05
0.9993 9.994E-05 9.994E-05 9.994E-05 9.994E-05 9.994E-05 9.994E-05 9.994E-05
0.929567 0.0605318 0.00940121 9.9955E-05 9.9955E-05 9.9955E-05 9.9955E-05 9.9955E-05
0.97877 9.9946E-05 9.9946E-05 9.9946E-05 9.9946E-05 9.9946E-05 0.0206301 9.9946E-05
0.9993 9.994E-05 9.994E-05 9.994E-05 9.994E-05 9.994E-05 9.994E-05 9.994E-05
0.100578 0.0841531 0.0639902 0.312292 9.9991E-05 0.096595 0.12131 0.22098
0.899695 9.9973E-05 9.9973E-05 9.9973E-05 0.00377132 0.0258425 0.0434636 0.026928
0.9993 9.994E-05 9.994E-05 9.994E-05 9.994E-05 9.994E-05 9.994E-05 9.994E-05
0.99035 9.9973E-05 9.9973E-05 9.9973E-05 0.000311603 0.00180894 0.00613797 0.00109108
0.103356 9.9982E-05 0.0107731 0.249793 9.9982E-05 0.0881646 0.0812735 0.466439
0.127862 9.9982E-05 0.0357881 0.229893 9.9982E-05 0.0795661 0.039842 0.486849
0.141939 0.0171039 0.0292038 0.199177 0.0169845 0.0955503 0.00753906 0.492502
0.162367 9.9982E-05 0.0463675 0.233098 9.9982E-05 0.0484877 0.0653929 0.444086
0.137601 9.9982E-05 0.0140598 0.218896 9.9982E-05 0.105512 0.0540977 0.469634
0.118063 0.17496 9.99864E-05 0.193581 9.99864E-05 0.19158 0.0465766 0.275039
0.178403 0.059159 9.9991E-05 0.182481 0.00626515 0.101396 0.0151805 0.457015
0.110019 0.0200025 9.9982E-05 0.21339 9.9982E-05 0.123118 0.00482498 0.528446
0.209192 0.00526481 0.115806 0.120934 9.9991E-05 0.15371 0.0451706 0.349822
0.193076 9.9982E-05 0.0463159 0.13244 9.9982E-05 0.161463 0.0184596 0.448045
0.106818 0.0694416 0.0555162 0.13184 9.9991E-05 0.0634265 0.0923473 0.48051
0.168049 0.000892782 0.0100458 0.0860555 9.9991E-05 0.205931 0.053644 0.475281
0.0554058 9.9991E-05 0.0463545 0.180164 0.00543456 0.145041 0.0733275 0.494173
0.12952 0.009402 0.0430205 0.219652 0.00386682 0.064737 0.0425061 0.487296
0.0158547 9.9973E-05 9.9973E-05 0.896634 9.9973E-05 0.0157726 0.0140296 0.0574091
9.9973E-05 0.00881235 9.9973E-05 0.862981 0.00133151 0.0518731 0.0747019 9.9973E-05
9.994E-05 9.994E-05 9.994E-05 0.9993 9.994E-05 9.994E-05 9.994E-05 9.994E-05
9.9964E-05 0.00313203 0.00399978 0.972074 9.9964E-05 9.9964E-05 0.0203945 9.9964E-05
9.9946E-05 9.9946E-05 9.9946E-05 0.971829 9.9946E-05 9.9946E-05 0.0275709 9.9946E-05
9.994E-05 9.994E-05 9.994E-05 0.9993 9.994E-05 9.994E-05 9.994E-05 9.994E-05
9.9955E-05 9.9955E-05 9.9955E-05 0.989444 9.9955E-05 0.00399725 9.9955E-05 0.00605915
9.9982E-05 9.9982E-05 0.0137008 0.741204 0.0158431 0.100734 0.0428482 0.0854704
9.994E-05 9.994E-05 9.994E-05 0.9993 9.994E-05 9.994E-05 9.994E-05 9.994E-05
9.994E-05 9.994E-05 9.994E-05 0.9993 9.994E-05 9.994E-05 9.994E-05 9.994E-05
0.045646 9.9964E-05 9.9964E-05 0.844407 0.0209607 0.0885861 9.9964E-05 9.9964E-05
0.0139605 9.9955E-05 9.9955E-05 0.965612 0.0199279 9.9955E-05 9.9955E-05 9.9955E-05
9.9982E-05 0.0396048 0.125045 0.654488 9.9982E-05 0.0912492 0.0569153 0.0324975
9.994E-05 9.994E-05 0.9993 9.994E-05 9.994E-05 9.994E-05 9.994E-05 9.994E-05
0.183188 9.9982E-05 0.0681938 0.175674 9.9982E-05 0.075931 0.0515649 0.445249
9.994E-05 9.994E-05 0.9993 9.994E-05 9.994E-05 9.994E-05 9.994E-05 9.994E-05
9.994E-05 9.994E-05 0.9993 9.994E-05 9.994E-05 9.994E-05 9.994E-05 9.994E-05
9.99551E-05 9.99551E-05 0.89539 0.0153453 9.99551E-05 0.0887648 9.99551E-05 9.99551E-05
9.9982E-05 0.0555622 0.81458 0.00042956 0.00555011 9.9982E-05 0.0161615 0.107516
9.994E-05 9.994E-05 0.9993 9.994E-05 9.994E-05 9.994E-05 9.994E-05 9.994E-05
0.022948 9.9964E-05 0.903947 9.9964E-05 9.9964E-05 0.036751 9.9964E-05 0.0359544
9.9946E-05 9.9946E-05 0.988514 9.9946E-05 9.9946E-05 9.9946E-05 0.0108862 9.9946E-05
9.99461E-05 9.99461E-05 0.940924 0.0584765 9.99461E-05 9.99461E-05 9.99461E-05 9.99461E-05
9.994E-05 9.994E-05 0.9993 9.994E-05 9.994E-05 9.994E-05 9.994E-05 9.994E-05
0.0214277 9.9964E-05 0.957808 9.9964E-05 9.9964E-05 9.9964E-05 0.00783199 0.0125325
9.9955E-05 0.0257194 0.969202 9.9955E-05 9.9955E-05 9.9955E-05 9.9955E-05 0.00457884
0.0445772 9.9982E-05 0.809883 0.063408 9.9982E-05 0.0136824 0.0615791 0.00667051
9.9973E-05 0.0150573 0.920151 9.9973E-05 0.0115035 0.0430286 9.9973E-05 0.00995979
0.00649225 9.9964E-05 0.857089 9.9964E-05 9.9964E-05 0.0167499 9.9964E-05 0.119269
9.99863E-05 9.99863E-05 0.831145 0.0174919 0.0143272 0.0388273 0.0246935 0.0733149
9.9973E-05 9.9973E-05 0.907343 9.9973E-05 0.0184042 0.0175542 0.0322561 0.0241423
0.00432864 9.9964E-05 0.929359 0.0479906 9.9964E-05 9.9964E-05 0.0179222 9.9964E-05
0.0822803 9.9991E-05 0.0225351 0.0163562 0.0421013 0.112668 0.274617 0.449343
0.0549203 0.0238214 0.0980513 0.106303 0.0152112 0.0936006 0.19527 0.412822
0.0909558 9.9982E-05 0.0631882 9.9982E-05 0.0279221 0.106581 0.232379 0.478773
0.0487358 9.9991E-05 0.0451549 0.0117292 0.0340476 0.111357 0.253433 0.495443
9.9973E-05 0.0263303 9.9973E-05 0.0265485 0.0259073 0.916486 9.9973E-05 0.0044284
9.994E-05 9.994E-05 9.994E-05 9.994E-05 9.994E-05 0.9993 9.994E-05 9.994E-05
9.9946E-05 9.9946E-05 9.9946E-05 9.9946E-05 9.9946E-05 0.98188 0.01752 9.9946E-05
9.994E-05 9.994E-05 9.994E-05 9.994E-05 9.994E-05 0.9993 9.994E-05 9.994E-05
9.994E-05 9.994E-05 9.994E-05 9.994E-05 9.994E-05 0.9993 9.994E-05 9.994E-05
0.0334028 9.9964E-05 9.9964E-05 0.0196153 9.9964E-05 0.925055 0.0215272 9.9964E-05
0.0163352 9.9973E-05 0.0083976 9.9973E-05 9.9973E-05 0.960601 0.0138988 0.00046754
9.9982E-05 0.0775128 0.0329972 0.0650788 9.9982E-05 0.75157 0.0105433 0.0620974
0.0317548 0.0239667 0.0102546 9.9991E-05 0.0162785 0.840757 0.00324188 0.0736465
0.00198787 9.9964E-05 9.9964E-05 0.00220594 9.9964E-05 9.9964E-05 0.958718 0.036688
9.994E-05 9.994E-05 9.994E-05 9.994E-05 9.994E-05 9.994E-05 0.9993 9.994E-05
9.994E-05 9.994E-05 9.994E-05 9.994E-05 9.994E-05 9.994E-05 0.9993 9.994E-05
9.9955E-05 9.9955E-05 0.00256921 9.9955E-05 0.000953626 9.9955E-05 0.995977 9.9955E-05
9.994E-05 9.994E-05 9.994E-05 9.994E-05 9.994E-05 9.994E-05 0.9993 9.994E-05
0.00530959 9.9982E-05 0.000384151 9.9982E-05 0.0210548 0.0276624 0.864746 0.080643
9.994E-05 9.994E-05 9.994E-05 9.994E-05 9.994E-05 9.994E-05 0.9993 9.994E-05
9.9946E-05 0.00824009 9.9946E-05 9.9946E-05 9.9946E-05 9.9946E-05 0.99116 9.9946E-05
9.99461E-05 9.99461E-05 9.99461E-05 9.99461E-05 0.00396497 9.99461E-05 0.995435 9.99461E-05
9.9964E-05 9.9964E-05 0.0151705 0.0222211 9.9964E-05 9.9964E-05 0.929533 0.0326751
9.9955E-05 9.9955E-05 9.9955E-05 0.0029052 9.9955E-05 0.00639726 0.990198 9.9955E-05
9.9946E-05 9.9946E-05 9.9946E-05 9.9946E-05 9.9946E-05 0.00492089 0.994479 9.9946E-05
