9.994E-05 0.9993 9.994E-05 9.994E-05 9.994E-05 9.994E-05 9.994E-05 9.994E-05
0.00840794 0.168047 0.0664694 9.9964E-05 9.9964E-05 9.9964E-05 0.756676 9.9964E-05
9.9946E-05 0.915332 9.9946E-05 9.9946E-05 9.9946E-05 0.084068 9.9946E-05 9.9946E-05
0.0505046 0.395489 0.0183474 0.0473563 9.9991E-05 0.280906 0.0867759 0.12052
0.00780206 9.9955E-05 0.0235385 9.9955E-05 9.9955E-05 9.9955E-05 0.96816 9.9955E-05
9.9955E-05 0.12777 9.9955E-05 9.9955E-05 9.9955E-05 9.9955E-05 0.863146 0.00858363
9.9955E-05 0.159143 9.9955E-05 9.9955E-05 0.122963 9.9955E-05 0.717395 9.9955E-05
0.00236551 9.9955E-05 9.9955E-05 0.00618415 9.9955E-05 9.9955E-05 0.990951 9.9955E-05
9.9964E-05 9.9964E-05 0.0843323 0.137102 9.9964E-05 0.0223189 0.755847 9.9964E-05
0.0312255 0.626031 0.0445542 0.0105421 0.242081 9.9982E-05 0.0453668 9.9982E-05
0.0453448 9.9964E-05 9.9964E-05 0.101543 9.9964E-05 9.9964E-05 0.0285109 0.824202
9.9946E-05 9.9946E-05 9.9946E-05 9.9946E-05 0.118608 9.9946E-05 9.9946E-05 0.880792
9.9946E-05 0.23503 9.9946E-05 9.9946E-05 9.9946E-05 9.9946E-05 9.9946E-05 0.76437
0.0571571 9.9964E-05 9.9964E-05 9.9964E-05 9.9964E-05 0.0947963 0.0717647 0.775882
0.0713844 0.0526531 0.0542159 9.9973E-05 9.9973E-05 0.0467668 9.9973E-05 0.77468
0.00406821 0.0112511 0.00650336 0.058467 9.9982E-05 9.9982E-05 0.00244693 0.917063
9.994E-05 9.994E-05 9.994E-05 9.994E-05 9.994E-05 9.994E-05 9.994E-05 0.9993
9.9973E-05 0.047811 0.334 9.9973E-05 0.0155233 0.0350302 9.9973E-05 0.567335
0.0111336 9.9982E-05 0.0612973 0.0390755 0.0849481 0.0734418 9.9982E-05 0.729904
9.9973E-05 0.0378532 9.9973E-05 0.0107973 9.9973E-05 0.124896 0.00165817 0.824496
9.9964E-05 0.125086 0.113009 9.9964E-05 0.0900802 9.9964E-05 9.9964E-05 0.671425
9.9973E-05 9.9973E-05 0.0411645 0.037515 9.9973E-05 0.038861 0.370598 0.511562
0.00357164 0.0652847 9.9964E-05 0.0535312 9.9964E-05 9.9964E-05 9.9964E-05 0.877213
9.9964E-05 9.9964E-05 0.0998241 0.0165628 9.9964E-05 9.9964E-05 0.0101776 0.873036
9.9964E-05 0.04016 0.174089 9.9964E-05 9.9964E-05 0.062999 9.9964E-05 0.722352
9.9973E-05 0.0676296 0.178811 9.9973E-05 0.0766994 0.0242607 9.9973E-05 0.6523
9.9964E-05 9.9964E-05 0.136654 0.235454 9.9964E-05 0.0950098 9.9964E-05 0.532482
0.0221968 9.9982E-05 0.380724 9.9982E-05 0.0330552 0.0281481 0.0953529 0.440323
9.9973E-05 9.9973E-05 0.379705 9.9973E-05 0.0602617 0.0224283 0.00754749 0.529757
9.9955E-05 0.00712868 0.451705 9.9955E-05 9.9955E-05 9.9955E-05 9.9955E-05 0.540667
9.9964E-05 0.112877 0.249328 9.9964E-05 0.44729 0.190105 9.9964E-05 9.9964E-05
9.9973E-05 0.209283 0.117955 9.9973E-05 0.542829 0.0917445 9.9973E-05 0.0378886
9.9955E-05 9.9955E-05 0.187842 9.9955E-05 0.0692512 0.742407 9.9955E-05 9.9955E-05
9.9964E-05 9.9964E-05 9.9964E-05 0.138939 0.192789 0.628197 9.9964E-05 0.0396751
9.9946E-05 9.9946E-05 9.9946E-05 9.9946E-05 9.9946E-05 0.831775 9.9946E-05 0.167625
9.994E-05 9.994E-05 9.994E-05 9.994E-05 9.994E-05 0.9993 9.994E-05 9.994E-05
9.9946E-05 9.9946E-05 9.9946E-05 9.9946E-05 9.9946E-05 0.793759 0.205641 9.9946E-05
9.9973E-05 0.033079 0.146315 0.03302 9.9973E-05 0.769156 9.9973E-05 0.0181306
0.00249598 9.9955E-05 9.9955E-05 0.136417 9.9955E-05 0.860588 9.9955E-05 9.9955E-05
0.0178343 0.0661985 0.343043 0.177326 9.9982E-05 0.387792 9.9982E-05 0.00760651
9.9964E-05 9.9964E-05 0.0190616 9.9964E-05 0.171 0.805102 0.0044367 9.9964E-05
0.00264052 0.0765001 0.352405 9.9982E-05 0.125707 0.321965 9.9982E-05 0.120582
0.00819823 9.9973E-05 0.0909771 9.9973E-05 0.0324933 0.851613 9.9973E-05 0.0164189
0.0370283 9.9982E-05 0.0233588 9.9982E-05 0.218864 0.538428 0.00897681 0.173143
9.9973E-05 0.0214141 0.11967 0.527507 0.129275 0.201834 9.9973E-05 9.9973E-05
0.00556157 9.9973E-05 9.9973E-05 0.00692015 0.878386 9.9973E-05 0.00819804 0.100634
0.0386692 9.9964E-05 9.9964E-05 0.143512 0.793383 9.9964E-05 9.9964E-05 0.0240358
9.9955E-05 9.9955E-05 0.0973673 0.0342235 0.867909 9.9955E-05 9.9955E-05 9.9955E-05
9.999E-05 0.00615702 0.0475919 0.10338 0.479352 0.144928 0.108773 0.109718
9.9955E-05 9.9955E-05 9.9955E-05 9.9955E-05 0.522493 0.370571 0.106436 9.9955E-05
9.9955E-05 9.9955E-05 0.157412 0.719418 0.12267 9.9955E-05 9.9955E-05 9.9955E-05
9.9946E-05 9.9946E-05 9.9946E-05 0.97859 0.0208099 9.9946E-05 9.9946E-05 9.9946E-05
9.9946E-05 9.9946E-05 0.13431 0.865091 9.9946E-05 9.9946E-05 9.9946E-05 9.9946E-05
9.9955E-05 9.9955E-05 0.0107912 0.923766 9.9955E-05 0.0649429 9.9955E-05 9.9955E-05
9.994E-05 9.994E-05 9.994E-05 9.994E-05 0.9993 9.994E-05 9.994E-05 9.994E-05
0.0317146 0.00718564 9.9955E-05 9.9955E-05 0.9606 9.9955E-05 9.9955E-05 9.9955E-05
9.9955E-05 0.0662731 0.842146 9.9955E-05 9.9955E-05 0.091081 9.9955E-05 9.9955E-05
9.997E-05 9.997E-05 0.694853 9.997E-05 0.107388 0.0940592 0.0450644 0.058336
0.0190616 9.9973E-05 0.695601 0.018956 0.195926 9.9973E-05 0.0701555 9.9973E-05
9.9973E-05 9.9973E-05 0.71898 9.9973E-05 0.0399137 0.0442245 0.173943 0.0226393
9.9955E-05 9.9955E-05 0.798124 0.174523 0.0268535 9.9955E-05 9.9955E-05 9.9955E-05
0.111155 0.0246399 0.456414 9.9973E-05 0.0420532 0.365438 9.9973E-05 9.9973E-05
9.9982E-05 0.0423694 0.800763 0.0497524 0.0506828 0.0296489 0.0265836 9.9982E-05
0.0310176 9.99551E-05 0.887967 9.99551E-05 0.0805153 9.99551E-05 9.99551E-05 9.99551E-05
0.005063 9.9973E-05 0.894 0.0111629 9.9973E-05 0.0418105 9.9973E-05 0.047664
9.994E-05 9.994E-05 0.9993 9.994E-05 9.994E-05 9.994E-05 9.994E-05 9.994E-05
0.00451234 9.9946E-05 0.994888 9.9946E-05 9.9946E-05 9.9946E-05 9.9946E-05 9.9946E-05
9.994E-05 9.994E-05 0.9993 9.994E-05 9.994E-05 9.994E-05 9.994E-05 9.994E-05
0.00111605 9.9946E-05 0.998284 9.9946E-05 9.9946E-05 9.9946E-05 9.9946E-05 9.9946E-05
9.9946E-05 9.9946E-05 0.969665 9.9946E-05 0.0297357 9.9946E-05 9.9946E-05 9.9946E-05
9.99491E-05 9.99491E-05 0.937029 9.99491E-05 9.99491E-05 0.0623711 9.99491E-05 9.99491E-05
0.0388194 9.9973E-05 0.578202 9.9973E-05 0.0526402 0.182342 0.147697 9.9973E-05
0.0299192 9.9964E-05 0.918958 9.9964E-05 0.0462599 9.9964E-05 0.00446275 9.9964E-05
0.077254 9.9964E-05 0.636997 0.152564 9.9964E-05 0.132785 9.9964E-05 9.9964E-05
0.563556 0.00797615 0.204792 0.0693973 0.0804161 0.00515717 0.0251005 0.0436044
0.9993 9.994E-05 9.994E-05 9.994E-05 9.994E-05 9.994E-05 9.994E-05 9.994E-05
0.0615463 0.0674479 0.525387 0.150952 9.9982E-05 0.187974 9.9982E-05 0.00649294
