9.994E-05 9.994E-05 9.994E-05 9.994E-05 9.994E-05 0.9993 9.994E-05 9.994E-05
0.58104 0.0910196 9.9973E-05 9.9973E-05 0.0845338 0.241822 9.9973E-05 0.00128443
0.615099 0.0468414 9.9964E-05 9.9964E-05 0.0970342 0.240626 9.9964E-05 9.9964E-05
0.768852 9.99551E-05 0.0195611 9.99551E-05 9.99551E-05 0.211087 9.99551E-05 9.99551E-05
0.727188 9.9973E-05 9.9973E-05 0.0439205 9.9973E-05 0.122394 0.0271813 0.0790162
0.631728 9.9964E-05 0.191572 9.9964E-05 0.0286391 0.147661 9.9964E-05 9.9964E-05
0.743372 9.9946E-05 9.9946E-05 9.9946E-05 9.9946E-05 0.256028 9.9946E-05 9.9946E-05
0.48029 0.021038 0.103031 9.9982E-05 0.0852082 0.295216 9.9982E-05 0.015017
0.671823 0.041565 0.0396949 9.9982E-05 0.0587206 0.166053 9.9982E-05 0.0219436
9.994E-05 9.994E-05 9.994E-05 9.994E-05 9.994E-05 0.9993 9.994E-05 9.994E-05
9.994E-05 9.994E-05 9.994E-05 9.994E-05 9.994E-05 0.9993 9.994E-05 9.994E-05
9.994E-05 9.994E-05 9.994E-05 9.994E-05 9.994E-05 0.9993 9.994E-05 9.994E-05
9.9955E-05 0.00447479 9.9955E-05 9.9955E-05 9.9955E-05 0.992505 0.00252036 9.9955E-05
0.0273138 9.9964E-05 0.0118206 0.0360351 9.9964E-05 0.924431 9.9964E-05 9.9964E-05
9.9982E-05 0.0178992 0.0232553 0.021398 0.00862004 0.895975 0.032653 9.9982E-05
0.458656 9.9964E-05 0.333303 9.9964E-05 0.0305257 0.177116 9.9964E-05 9.9964E-05
0.392044 0.00724293 0.123898 0.0982396 0.0997046 0.204253 0.0257402 0.048878
0.723496 0.0218687 0.0258216 9.9973E-05 0.0355874 0.192926 9.9973E-05 9.9973E-05
0.886605 0.000628352 0.00707218 0.0502016 9.9973E-05 9.9973E-05 9.9973E-05 0.0551931
0.907967 0.00883291 9.9955E-05 0.0827 9.9955E-05 9.9955E-05 9.9955E-05 9.9955E-05
0.90442 0.00271603 9.9964E-05 9.9964E-05 9.9964E-05 0.0250725 9.9964E-05 0.0673916
0.75572 9.9973E-05 0.0367399 0.0853166 0.0829163 9.9973E-05 0.0390075 9.9973E-05
0.879928 9.9964E-05 9.9964E-05 0.083568 0.0161731 9.9964E-05 9.9964E-05 0.0199314
0.935776 9.9964E-05 0.00707864 0.0224284 9.9964E-05 9.9964E-05 0.0343167 9.9964E-05
0.88859 9.9964E-05 0.066491 9.9964E-05 9.9964E-05 9.9964E-05 0.0311514 0.0133674
0.610928 9.9973E-05 0.258704 0.00770751 9.9973E-05 9.9973E-05 0.064931 0.0574299
0.676731 9.99749E-05 0.0934756 0.0228386 0.0767039 9.99749E-05 9.99749E-05 0.129951
0.897599 9.9964E-05 0.0675994 9.9964E-05 0.0181491 9.9964E-05 0.0162526 9.9964E-05
0.778976 9.9991E-05 0.0922403 0.0289601 0.0119051 0.0304727 0.0340408 0.0233051
0.963937 9.9955E-05 0.0164314 9.9955E-05 9.9955E-05 0.0191322 9.9955E-05 9.9955E-05
0.890088 0.0255913 9.9982E-05 0.0444253 9.9982E-05 0.0278281 0.000160806 0.0117068
0.819372 9.9973E-05 0.0729881 0.0125262 9.9973E-05 9.9973E-05 0.0562542 0.0385594
0.771241 9.9982E-05 0.107001 0.0174178 0.0316322 9.9982E-05 0.0149711 0.0575368
0.57071 0.000437564 0.160324 0.0389981 0.0679232 0.0383091 0.0751202 0.0481782
0.771428 9.9955E-05 9.9955E-05 0.201041 0.0270319 9.9955E-05 9.9955E-05 9.9955E-05
0.933475 0.00569391 0.0395882 9.9973E-05 9.9973E-05 0.0200809 0.00086234 9.9973E-05
0.447498 9.9955E-05 0.529885 0.0221171 9.9955E-05 9.9955E-05 9.9955E-05 9.9955E-05
0.564387 9.9982E-05 0.241066 0.0761151 0.0420357 9.9982E-05 0.00730055 0.0688951
0.510582 0.0406609 0.277654 0.00353627 0.0788969 0.00332951 9.9991E-05 0.0852403
0.565508 0.0165673 0.278098 0.0404159 9.9982E-05 9.9982E-05 0.0300411 0.0691701
0.0644906 0.0268194 0.790201 9.9991E-05 0.0398363 0.00686362 0.0574023 0.014287
0.0962296 9.9982E-05 0.770984 0.0101082 0.0179819 9.9982E-05 0.0288505 0.0756459
0.231745 0.0303599 0.545363 9.9982E-05 0.0694853 0.0573447 0.0655026 9.9982E-05
0.0793004 9.9982E-05 0.84464 9.9982E-05 0.0292075 0.0147708 0.0133292 0.0185519
0.199289 9.9973E-05 0.658284 9.9973E-05 0.0525169 9.9973E-05 0.0304572 0.0591535
9.994E-05 9.994E-05 0.9993 9.994E-05 9.994E-05 9.994E-05 9.994E-05 9.994E-05
9.994E-05 9.994E-05 0.9993 9.994E-05 9.994E-05 9.994E-05 9.994E-05 9.994E-05
0.363153 9.9982E-05 0.508771 0.046185 0.0315364 9.9982E-05 0.0236493 0.0265055
0.0899632 9.9991E-05 0.712834 0.00891821 0.0367735 0.0845138 0.0319269 0.0349706
0.369483 0.026288 0.438916 9.9991E-05 0.023632 0.0868737 0.0504888 0.00421894
0.128933 0.0540977 0.675538 9.9982E-05 0.0328077 0.0604203 9.9982E-05 0.0480032
0.191259 9.9973E-05 0.73036 0.0362819 0.0399744 9.9973E-05 9.9973E-05 0.00182498
9.9955E-05 9.9955E-05 0.937842 9.9955E-05 0.0103496 0.051309 9.9955E-05 9.9955E-05
0.101166 9.9982E-05 0.726512 0.0796089 9.9982E-05 0.0512269 0.0133956 0.0278912
0.161622 0.0209201 0.627689 0.0480523 0.0136282 0.0402493 0.053258 0.0345816
0.150958 9.9964E-05 0.735452 9.9964E-05 0.0764408 9.9964E-05 0.0367493 9.9964E-05
0.199244 0.0414528 0.48535 0.00281156 0.0729994 0.0737327 0.0272701 0.0971392
0.183354 0.0330631 0.714332 0.012008 0.00150686 9.9982E-05 9.9982E-05 0.0555358
9.99461E-05 9.99461E-05 0.981857 9.99461E-05 9.99461E-05 0.0175433 9.99461E-05 9.99461E-05
0.128631 0.00117396 0.716481 9.9991E-05 0.0433969 0.0358344 0.00409641 0.070287
0.151055 9.9973E-05 0.720687 0.0135277 9.9973E-05 9.9973E-05 0.0507479 0.0636822
0.0411687 9.9964E-05 0.85801 9.9964E-05 9.9964E-05 0.0182245 0.0821965 9.9964E-05
0.0877748 0.0246708 0.695532 0.0309115 0.0729506 0.0120326 0.0174574 0.0586706
9.9964E-05 0.00728732 0.926159 0.0649481 9.9964E-05 9.9964E-05 9.9964E-05 0.00120526
0.0718651 9.9964E-05 0.896207 9.9964E-05 9.9964E-05 0.025423 0.00610465 9.9964E-05
9.9955E-05 9.9955E-05 0.903546 0.058068 0.0378865 9.9955E-05 9.9955E-05 9.9955E-05
9.9946E-05 0.0588695 0.940531 9.9946E-05 9.9946E-05 9.9946E-05 9.9946E-05 9.9946E-05
9.9991E-05 0.0140523 0.814949 0.0705728 0.0433323 0.00968179 0.0364625 0.0108487
0.319324 0.00555734 0.674505 9.9964E-05 9.9964E-05 9.9964E-05 9.9964E-05 0.000213183
9.9955E-05 9.9955E-05 0.947911 0.0322007 0.0193883 9.9955E-05 9.9955E-05 9.9955E-05
0.0732292 0.0524806 0.76231 9.9973E-05 0.0612061 0.0504746 9.9973E-05 9.9973E-05
9.9973E-05 0.0102358 0.916484 0.0218679 0.0397483 9.9973E-05 9.9973E-05 0.0113639
9.9946E-05 9.9946E-05 0.904864 9.9946E-05 9.9946E-05 0.0945364 9.9946E-05 9.9946E-05
9.9955E-05 9.9955E-05 0.863604 9.9955E-05 9.9955E-05 0.050917 9.9955E-05 0.0849791
9.9991E-05 0.00609615 0.744229 0.0440761 0.0474111 0.0609328 0.0968572 0.000297362
9.9955E-05 9.9955E-05 0.939927 0.00116437 9.9955E-05 9.9955E-05 9.9955E-05 0.0584089
9.9955E-05 0.0400584 0.949047 9.9955E-05 0.0103952 9.9955E-05 9.9955E-05 9.9955E-05
9.9973E-05 0.0907753 0.747346 0.127347 0.00540586 0.0288267 9.9973E-05 9.9973E-05
0.0378582 0.0966599 0.673639 0.0666599 0.0144411 9.9991E-05 0.065096 0.0455454
9.9973E-05 0.104377 0.734769 0.0873137 9.9973E-05 9.9973E-05 0.0594862 0.0137535
9.9982E-05 0.0657783 0.699802 0.100601 0.0335122 0.0328237 0.0672831 9.9982E-05
9.9982E-05 0.093955 0.762719 0.0837503 0.00466325 9.9982E-05 0.0502344 0.00447836
9.9982E-05 0.0801677 0.710911 0.0657669 0.0321363 9.9982E-05 0.0587899 0.0520286
0.16867 0.133309 0.512214 0.0339215 0.0077755 9.9991E-05 0.0928543 0.0511555
0.0912633 0.223321 0.509101 0.0237485 0.0285725 0.0113674 0.0666284 0.0459976
0.0486627 0.129482 0.585447 0.0134202 0.0933214 0.0016632 0.0984178 0.0295864
0.151476 0.0661654 0.528814 0.0193781 0.0979549 0.0101053 0.0802688 0.0458382
0.128736 0.100813 0.609467 9.9973E-05 9.9973E-05 9.9973E-05 0.104696 0.0559873
0.0488956 0.138194 0.556507 0.101421 0.0167355 9.9991E-05 0.0604155 0.077731
0.018062 0.094063 0.506016 0.0207467 0.0859661 0.00780258 0.145994 0.12135
0.0316091 0.0994197 0.521383 0.196644 0.042783 0.0373695 0.0706924 9.9991E-05
0.0354035 0.0865554 0.51436 0.171848 0.0569946 0.0371645 0.0975741 9.9991E-05
0.0425727 0.214895 0.418231 9.9991E-05 0.0613138 0.0352408 0.0647134 0.162934
9.994E-05 0.9993 9.994E-05 9.994E-05 9.994E-05 9.994E-05 9.994E-05 9.994E-05
9.9964E-05 0.908437 0.0206786 9.9964E-05 0.0150272 0.055457 9.9964E-05 9.9964E-05
9.9982E-05 0.849375 0.0320727 0.079279 0.00765687 0.0247352 9.9982E-05 0.00668091
9.994E-05 0.9993 9.994E-05 9.994E-05 9.994E-05 9.994E-05 9.994E-05 9.994E-05
9.994E-05 0.9993 9.994E-05 9.994E-05 9.994E-05 9.994E-05 9.994E-05 9.994E-05
9.994E-05 0.9993 9.994E-05 9.994E-05 9.994E-05 9.994E-05 9.994E-05 9.994E-05
9.9946E-05 0.995634 9.9946E-05 9.9946E-05 9.9946E-05 9.9946E-05 0.00376599 9.9946E-05
0.0457617 0.910782 9.9955E-05 0.0429566 9.9955E-05 9.9955E-05 9.9955E-05 9.9955E-05
9.994E-05 0.9993 9.994E-05 9.994E-05 9.994E-05 9.994E-05 9.994E-05 9.994E-05
9.994E-05 0.9993 9.994E-05 9.994E-05 9.994E-05 9.994E-05 9.994E-05 9.994E-05
0.0945859 0.104744 0.21807 0.0794976 0.101604 9.9991E-05 0.312479 0.0889179
9.9955E-05 0.868684 0.103045 0.0277713 9.9955E-05 9.9955E-05 9.9955E-05 9.9955E-05
9.9955E-05 0.966623 9.9955E-05 9.9955E-05 0.00137278 9.9955E-05 9.9955E-05 0.0315047
9.9955E-05 0.976133 9.9955E-05 9.9955E-05 9.9955E-05 0.00402144 9.9955E-05 0.0193457
9.9982E-05 0.0921688 0.45073 0.0869548 0.0201164 9.9982E-05 0.284715 0.0651143
9.9982E-05 0.118479 0.487205 0.0647967 0.0457747 9.9982E-05 0.234859 0.048686
9.9982E-05 0.163373 0.428352 0.143221 0.0299584 9.9982E-05 0.189261 0.0456345
0.00841681 0.149228 0.467653 0.0373888 0.0379197 9.9991E-05 0.227368 0.0719253
9.9982E-05 0.122382 0.425749 0.12082 0.0285869 9.9982E-05 0.241919 0.0603431
0.138878 0.119011 0.36159 0.142751 0.0205553 9.9991E-05 0.180681 0.0364346
0.0483291 0.153425 0.522928 0.1161 9.9991E-05 0.00306929 0.142571 0.0134783
9.9973E-05 0.14908 0.458505 0.125591 9.9973E-05 9.9973E-05 0.240326 0.0261986
9.9982E-05 0.191305 0.447126 0.10587 0.0484836 9.9982E-05 0.121994 0.0850212
9.9991E-05 0.193389 0.419284 0.133679 0.0550747 0.00663971 0.149561 0.0422729
0.0629286 0.107575 0.487533 0.115442 0.0307014 9.9991E-05 0.130641 0.0650799
0.00740659 0.187647 0.450574 0.152465 0.0339343 9.9991E-05 0.105074 0.0627984
0.0250638 0.0750866 0.469805 0.120661 0.0424945 0.00902956 0.174347 0.0835127
0.00565074 0.139473 0.474656 0.0613712 0.0668273 9.9991E-05 0.182961 0.0689615
0.0129925 9.9973E-05 9.9973E-05 0.0532719 0.000365897 9.9973E-05 0.915975 0.0170943
0.0104667 0.0244446 9.9973E-05 0.0353745 9.9973E-05 9.9973E-05 0.875087 0.0543274
9.994E-05 9.994E-05 9.994E-05 9.994E-05 9.994E-05 9.994E-05 0.9993 9.994E-05
0.0115795 9.9964E-05 9.9964E-05 0.00155017 9.9964E-05 9.9964E-05 0.979 0.00747005
9.994E-05 9.994E-05 9.994E-05 9.994E-05 9.994E-05 9.994E-05 0.9993 9.994E-05
9.9946E-05 0.0040822 9.9946E-05 9.9946E-05 9.9946E-05 9.9946E-05 0.995318 9.9946E-05
9.9955E-05 9.9955E-05 0.0141747 0.0135823 9.9955E-05 9.9955E-05 0.971743 9.9955E-05
9.9982E-05 9.9982E-05 0.0466009 0.121696 0.0322513 0.0347851 0.714337 0.0501295
9.994E-05 9.994E-05 9.994E-05 9.994E-05 9.994E-05 9.994E-05 0.9993 9.994E-05
9.994E-05 9.994E-05 9.994E-05 9.994E-05 9.994E-05 9.994E-05 0.9993 9.994E-05
9.9955E-05 9.9955E-05 9.9955E-05 0.0559814 9.9955E-05 0.0539146 0.889604 9.9955E-05
9.9946E-05 9.9946E-05 9.9946E-05 9.9946E-05 9.9946E-05 9.9946E-05 0.994308 0.00509189
9.9964E-05 9.9964E-05 0.20687 0.0243392 0.129565 9.9964E-05 0.638825 9.9964E-05
9.994E-05 9.994E-05 9.994E-05 9.994E-05 0.9993 9.994E-05 9.994E-05 9.994E-05
9.9982E-05 0.208524 0.440853 0.0765058 0.0595662 9.9982E-05 0.164341 0.0500102
9.994E-05 9.994E-05 9.994E-05 9.994E-05 0.9993 9.994E-05 9.994E-05 9.994E-05
9.994E-05 9.994E-05 9.994E-05 9.994E-05 0.9993 9.994E-05 9.994E-05 9.994E-05
9.99551E-05 0.0188039 9.99551E-05 0.0563223 0.924374 9.99551E-05 9.99551E-05 9.99551E-05
0.0374077 0.0343617 0.0877836 0.0174241 0.783102 9.9982E-05 0.0397209 9.9982E-05
9.994E-05 9.994E-05 9.994E-05 9.994E-05 0.9993 9.994E-05 9.994E-05 9.994E-05
0.0117728 9.9982E-05 0.0472109 0.0247905 0.847031 0.016977 0.052018 9.9982E-05
0.0161116 9.99461E-05 9.99461E-05 9.99461E-05 0.983289 9.99461E-05 9.99461E-05 9.99461E-05
9.99461E-05 9.99461E-05 9.99461E-05 9.99461E-05 0.970531 9.99461E-05 0.0288693 9.99461E-05
9.994E-05 9.994E-05 9.994E-05 9.994E-05 0.9993 9.994E-05 9.994E-05 9.994E-05
9.9955E-05 9.9955E-05 9.9955E-05 9.9955E-05 0.991349 0.00343815 9.9955E-05 0.00471267
9.9973E-05 0.0128147 0.0165371 9.9973E-05 0.912969 9.9973E-05 0.0388332 0.0185458
9.9973E-05 0.0737546 9.9973E-05 0.00594352 0.842957 9.9973E-05 0.0324451 0.0445998
0.00523119 9.9982E-05 0.059555 0.022936 0.878061 0.0276606 9.9982E-05 0.00635633
9.9973E-05 0.0199606 0.0440733 0.0278853 0.888405 9.9973E-05 0.0193761 9.9973E-05
9.9982E-05 9.9982E-05 0.0335053 0.0607378 0.819272 0.00452993 0.0175534 0.0642013
9.9991E-05 0.020295 0.0751125 0.00630944 0.823973 0.010197 0.00711864 0.0568946
9.9982E-05 0.000358955 0.0172724 0.0227625 0.955859 9.9982E-05 0.00140816 0.00213861
9.9991E-05 0.0688882 0.462095 0.103027 0.021625 0.0293808 0.0941782 0.220706
0.0251112 0.0822337 0.426656 0.138295 0.0403104 9.9991E-05 0.0404505 0.246844
9.9991E-05 0.0973656 0.426646 0.133998 0.0639723 0.0214297 0.00259277 0.253896
9.9991E-05 0.0584289 0.464504 0.148919 0.0376367 0.0361844 0.00997672 0.244251
0.00337004 9.9973E-05 9.9973E-05 0.932932 0.00279932 9.9973E-05 0.0520072 0.00859116
9.994E-05 9.994E-05 9.994E-05 0.9993 9.994E-05 9.994E-05 9.994E-05 9.994E-05
9.9946E-05 9.9946E-05 9.9946E-05 0.98311 9.9946E-05 9.9946E-05 9.9946E-05 0.0162904
9.994E-05 9.994E-05 9.994E-05 0.9993 9.994E-05 9.994E-05 9.994E-05 9.994E-05
9.994E-05 9.994E-05 9.994E-05 0.9993 9.994E-05 9.994E-05 9.994E-05 9.994E-05
9.9973E-05 0.0340998 0.0119116 0.938045 9.9973E-05 9.9973E-05 0.0107925 0.00485119
9.9982E-05 0.00689605 0.0178216 0.957067 0.00549826 0.00879454 9.9982E-05 0.00372297
0.0222631 9.9991E-05 0.0806954 0.760327 0.0333658 0.0225528 0.0650536 0.0156426
0.0491498 0.0323854 0.0393293 0.840986 0.0253873 0.012562 9.9982E-05 9.9982E-05
9.9946E-05 9.9946E-05 9.9946E-05 9.9946E-05 0.00900267 9.9946E-05 9.9946E-05 0.990398
9.994E-05 9.994E-05 9.994E-05 9.994E-05 9.994E-05 9.994E-05 9.994E-05 0.9993
9.994E-05 9.994E-05 9.994E-05 9.994E-05 9.994E-05 9.994E-05 9.994E-05 0.9993
9.994E-05 9.994E-05 9.994E-05 9.994E-05 9.994E-05 9.994E-05 9.994E-05 0.9993
9.994E-05 9.994E-05 9.994E-05 9.994E-05 9.994E-05 9.994E-05 9.994E-05 0.9993
9.9973E-05 0.012456 9.9973E-05 0.0696574 0.000164872 0.0679596 9.9973E-05 0.849462
9.9946E-05 9.9946E-05 9.9946E-05 9.9946E-05 0.0032964 9.9946E-05 9.9946E-05 0.996104
9.994E-05 9.994E-05 9.994E-05 9.994E-05 9.994E-05 9.994E-05 9.994E-05 0.9993
0.00263389 9.9964E-05 9.9964E-05 9.9964E-05 0.00563386 0.00998155 9.9964E-05 0.981351
9.9955E-05 9.9955E-05 0.0556565 9.9955E-05 9.9955E-05 9.9955E-05 0.0461425 0.897701
9.994E-05 9.994E-05 9.994E-05 9.994E-05 9.994E-05 9.994E-05 9.994E-05 0.9993
9.994E-05 9.994E-05 9.994E-05 9.994E-05 9.994E-05 9.994E-05 9.994E-05 0.9993
