9.994E-05 9.994E-05 9.994E-05 0.9993 9.994E-05 9.994E-05 9.994E-05 9.994E-05
0.0895671 9.9964E-05 0.598765 0.245797 9.9964E-05 9.9964E-05 9.9964E-05 0.0654713
0.119718 9.9964E-05 0.615804 0.230616 9.9964E-05 9.9964E-05 9.9964E-05 0.0334632
9.99551E-05 0.0831903 0.721418 0.194892 9.99551E-05 9.99551E-05 9.99551E-05 9.99551E-05
9.9982E-05 0.0271712 0.751607 0.0887335 0.0740171 0.0499211 0.0083504 9.9982E-05
0.00389184 0.206882 0.584762 0.182335 0.00665395 9.9982E-05 9.9982E-05 0.015274
9.9946E-05 9.9946E-05 0.747502 0.251898 9.9946E-05 9.9946E-05 9.9946E-05 9.9946E-05
0.0748238 0.0441533 0.580763 0.272054 9.9982E-05 9.9982E-05 0.000273366 0.027733
0.077627 0.0102863 0.680758 0.178212 9.9982E-05 9.9982E-05 0.0222419 0.0306748
9.994E-05 9.994E-05 9.994E-05 0.9993 9.994E-05 9.994E-05 9.994E-05 9.994E-05
9.994E-05 9.994E-05 9.994E-05 0.9993 9.994E-05 9.994E-05 9.994E-05 9.994E-05
9.994E-05 9.994E-05 9.994E-05 0.9993 9.994E-05 9.994E-05 9.994E-05 9.994E-05
9.9946E-05 9.9946E-05 9.9946E-05 0.995163 0.00423703 9.9946E-05 9.9946E-05 9.9946E-05
9.9955E-05 9.9955E-05 9.9955E-05 0.908266 0.066437 9.9955E-05 0.0247969 9.9955E-05
0.0115672 0.0275762 9.9973E-05 0.911231 0.0466554 0.00267047 9.9973E-05 9.9973E-05
0.0559569 0.252877 0.546664 0.144102 9.9964E-05 9.9964E-05 9.9964E-05 9.9964E-05
0.00713052 0.147866 0.322158 0.202876 0.140815 0.0648799 0.0253366 0.0889383
0.0144613 0.0857898 0.693747 0.19805 9.9982E-05 0.00517764 9.9982E-05 0.00257375
9.9955E-05 9.9955E-05 0.943908 9.9955E-05 0.0358134 9.9955E-05 0.0197788 9.9955E-05
9.9964E-05 0.0216609 0.905361 9.9964E-05 0.0658458 0.00673289 9.9964E-05 9.9964E-05
9.9964E-05 9.9964E-05 0.885937 0.0429992 9.9964E-05 9.9964E-05 0.0508629 0.0198006
0.0650986 0.0828684 0.768445 9.9973E-05 0.0746567 9.9973E-05 9.9973E-05 0.00863137
0.0226581 9.9973E-05 0.850561 9.9973E-05 0.112382 9.9973E-05 0.00914009 0.00495833
9.9955E-05 9.9955E-05 0.966738 9.9955E-05 0.00908757 0.0236743 9.9955E-05 9.9955E-05
9.9964E-05 0.135329 0.849393 9.9964E-05 9.9964E-05 9.9964E-05 0.00797343 0.00690461
0.0190764 0.311646 0.584394 9.9982E-05 0.0108316 0.0371379 0.0367133 9.9982E-05
0.0799781 0.100159 0.67831 9.9973E-05 0.0439057 9.9973E-05 0.0973467 9.9973E-05
0.0309635 0.0402172 0.928319 9.9955E-05 9.9955E-05 9.9955E-05 9.9955E-05 9.9955E-05
9.9982E-05 0.114747 0.728037 0.0510997 0.0381154 0.0427769 0.0250241 9.9982E-05
0.00697575 0.0211307 0.903038 0.027583 0.00109396 9.9982E-05 0.0399789 9.9982E-05
9.9973E-05 9.9973E-05 0.882098 0.0260568 0.0560993 0.0147128 0.0207329 9.9973E-05
0.0297285 0.109682 0.746916 9.9982E-05 9.9982E-05 0.0408004 0.0626476 0.0100263
0.0202772 0.128963 0.763458 9.9991E-05 0.0320188 0.0124848 0.029545 0.0131529
0.0489785 0.192931 0.614737 0.0358694 9.9991E-05 0.0925475 0.00456539 0.0102704
0.0175815 9.9964E-05 0.774305 9.9964E-05 0.206613 0.00110012 9.9964E-05 9.9964E-05
0.0136479 0.0927127 0.846588 0.0436046 9.9973E-05 9.9973E-05 0.00314649 9.9973E-05
9.9955E-05 0.507547 0.481698 9.9955E-05 0.0102545 9.9955E-05 9.9955E-05 9.9955E-05
0.0359391 0.341678 0.481894 0.002805 0.0493191 0.00651332 0.0817519 9.9991E-05
0.0664807 0.295075 0.492013 9.9973E-05 9.9973E-05 9.9973E-05 0.0993768 0.0467546
9.9982E-05 0.351107 0.52434 9.9982E-05 0.0273618 0.0201454 0.0392648 0.0375813
0.019585 0.829195 0.0684643 9.9973E-05 9.9973E-05 0.0532789 9.9973E-05 0.0291773
0.0099413 0.830717 0.0527511 9.9982E-05 9.9982E-05 0.065741 0.0194217 0.0212284
0.0872533 0.575657 0.217217 0.0355252 9.9982E-05 0.05885 9.9982E-05 0.0252969
0.0252709 0.880423 0.0929795 9.9964E-05 9.9964E-05 0.000927127 9.9964E-05 9.9964E-05
0.0595879 0.704004 0.195825 9.9964E-05 9.9964E-05 9.9964E-05 0.0401829 9.9964E-05
9.9946E-05 0.957714 0.041686 9.9946E-05 9.9946E-05 9.9946E-05 9.9946E-05 9.9946E-05
9.9955E-05 0.969141 0.0130437 0.0173151 9.9955E-05 9.9955E-05 9.9955E-05 9.9955E-05
0.0438026 0.494142 0.387636 9.9982E-05 0.0341662 0.030074 0.00997934 9.9982E-05
0.0207853 0.580968 0.166768 0.0756864 9.9982E-05 0.090106 0.0654867 9.9982E-05
0.0501622 0.314422 0.410353 0.0996992 0.013159 0.092476 9.9991E-05 0.0196293
0.0473332 0.600702 0.248396 0.0267661 9.9982E-05 9.9982E-05 0.0541084 0.0224944
0.0590753 0.735141 0.182907 0.00394345 0.00986511 9.9982E-05 0.00886854 9.9982E-05
0.0158715 0.935269 0.0199939 0.0256129 9.9973E-05 9.9973E-05 0.00295276 9.9973E-05
9.999E-05 0.649617 0.149716 0.0482633 0.101628 0.0172502 0.0237065 0.00971878
9.9991E-05 0.574935 0.191779 0.0553187 0.0708528 0.0463933 0.0252603 0.035361
0.105258 0.622746 0.210554 9.9973E-05 9.9973E-05 0.0589004 9.9973E-05 0.00224166
0.0641636 0.603774 0.187168 0.0619196 9.9982E-05 0.0187669 0.0640077 9.9982E-05
9.9973E-05 0.673904 0.210754 9.9973E-05 9.9973E-05 0.0294758 0.059366 0.0262005
9.9955E-05 0.952474 0.0115774 0.0354485 9.9955E-05 9.9955E-05 9.9955E-05 9.9955E-05
0.0227115 0.576031 0.212233 0.0397014 9.9991E-05 0.0040058 0.117066 0.0281514
9.9973E-05 0.588333 0.224965 9.9973E-05 0.0439767 0.0422171 0.100208 9.9973E-05
9.9982E-05 0.758424 0.10802 0.0116922 0.0301465 0.0851291 0.00638867 9.9982E-05
0.0218184 0.812346 0.031617 0.045623 0.0332179 9.9982E-05 9.9982E-05 0.0551777
0.0209408 0.934999 9.99551E-05 9.99551E-05 0.0435607 9.99551E-05 9.99551E-05 9.99551E-05
9.9973E-05 0.763695 0.160254 0.0100259 9.9973E-05 0.0542115 0.011514 9.9973E-05
0.0463989 0.889102 9.9955E-05 9.9955E-05 0.0639997 9.9955E-05 9.9955E-05 9.9955E-05
9.9946E-05 0.990054 9.9946E-05 9.9946E-05 9.9946E-05 9.9946E-05 9.9946E-05 0.00934636
0.0630368 0.799209 9.9982E-05 0.0014461 0.108276 0.0188855 9.9982E-05 0.00894645
0.0177639 0.665812 0.260445 0.00726507 0.0138953 9.9982E-05 0.0346185 9.9982E-05
0.0349918 0.942517 9.9955E-05 9.9955E-05 0.021991 9.9955E-05 9.9955E-05 9.9955E-05
0.0591833 0.743693 0.0975706 0.0510534 9.9973E-05 9.9973E-05 9.9973E-05 0.0481999
0.0225772 0.869545 0.0485652 9.9991E-05 0.000957139 0.0186059 0.000915124 0.0387343
9.99461E-05 0.914438 9.99461E-05 0.0849625 9.99461E-05 9.99461E-05 9.99461E-05 9.99461E-05
9.9955E-05 0.890927 9.9955E-05 0.0617548 9.9955E-05 9.9955E-05 0.0468184 9.9955E-05
0.0144636 0.832975 9.9982E-05 0.0425882 0.0519037 0.0436655 0.0142044 9.9982E-05
9.9964E-05 0.932008 9.9964E-05 0.00418099 0.000368908 9.9964E-05 0.0630424 9.9964E-05
0.00895383 0.94553 9.9955E-05 9.9955E-05 9.9955E-05 9.9955E-05 9.9955E-05 0.0450163
9.9973E-05 0.772382 0.0296866 0.00491965 0.12459 9.9973E-05 9.9973E-05 0.068122
0.00677518 0.754126 9.9991E-05 0.0079988 0.087968 0.0242858 0.0396921 0.0790546
0.0167694 0.749996 9.9982E-05 9.9982E-05 0.134435 0.021214 0.00220286 0.0751829
0.0040723 0.814504 9.9982E-05 9.9982E-05 0.0567948 0.028583 0.0161441 0.0797014
9.9955E-05 0.798141 9.9955E-05 9.9955E-05 0.112279 9.9955E-05 9.9955E-05 0.0890804
0.0206014 0.820679 9.9982E-05 9.9982E-05 0.0816502 0.0202808 0.00427638 0.0523121
0.0293216 0.666423 0.0677096 0.00832475 0.00702197 0.0684655 0.0151449 0.137588
9.9982E-05 0.671343 9.9982E-05 0.0147035 0.0338113 0.0736275 0.0283605 0.177954
0.0704706 0.608375 0.0754648 9.9991E-05 0.017741 0.0478588 0.0131239 0.166865
0.0831466 0.508853 0.158521 0.0438877 9.9991E-05 0.0802776 0.0316757 0.0935382
9.9982E-05 0.634073 0.0811208 0.0119389 9.9982E-05 0.109932 0.044794 0.117941
0.100635 0.542559 9.9982E-05 9.9982E-05 0.0980711 0.0413199 0.0891649 0.12805
0.0864031 0.529368 0.014644 0.0112242 0.00596048 0.14274 0.112495 0.0971656
0.0508687 0.547392 0.0232182 0.0543109 0.167505 0.0408241 9.9991E-05 0.115782
0.0590765 0.544708 0.0289905 0.0276461 0.127066 0.0793754 9.9991E-05 0.133037
0.0684841 0.438346 0.00451719 0.018412 0.0051725 0.0907134 0.196721 0.177633
9.994E-05 9.994E-05 9.994E-05 9.994E-05 9.994E-05 9.994E-05 9.994E-05 0.9993
0.0154061 9.9964E-05 0.0180327 0.0170898 9.9964E-05 9.9964E-05 9.9964E-05 0.949071
9.9964E-05 0.0871729 0.0273373 9.9964E-05 0.0873687 9.9964E-05 9.9964E-05 0.797721
9.994E-05 9.994E-05 9.994E-05 9.994E-05 9.994E-05 9.994E-05 9.994E-05 0.9993
9.994E-05 9.994E-05 9.994E-05 9.994E-05 9.994E-05 9.994E-05 9.994E-05 0.9993
9.994E-05 9.994E-05 9.994E-05 9.994E-05 9.994E-05 9.994E-05 9.994E-05 0.9993
9.994E-05 9.994E-05 9.994E-05 9.994E-05 9.994E-05 9.994E-05 9.994E-05 0.9993
0.00820336 0.0307851 0.0316501 9.9973E-05 0.0121407 9.9973E-05 9.9973E-05 0.916921
9.9946E-05 9.9946E-05 9.9946E-05 9.9946E-05 9.9946E-05 9.9946E-05 0.0128513 0.986549
9.9946E-05 9.9946E-05 9.9946E-05 9.9946E-05 9.9946E-05 9.9946E-05 0.00397191 0.995428
0.0547335 0.410094 0.0400129 9.9991E-05 0.0614037 0.252592 0.0794891 0.101574
9.9964E-05 0.0772002 9.9964E-05 9.9964E-05 0.0304014 0.00568898 9.9964E-05 0.88631
9.994E-05 9.994E-05 9.994E-05 9.994E-05 9.994E-05 9.994E-05 9.994E-05 0.9993
9.9964E-05 9.9964E-05 9.9964E-05 0.00663757 0.00153275 9.9964E-05 0.0336701 0.95776
9.9973E-05 0.484408 9.9973E-05 9.9973E-05 0.0941976 0.205929 0.0873023 0.127863
0.0687816 0.510066 0.0124595 9.9991E-05 0.0654189 0.160972 0.0674534 0.114749
0.0520603 0.527831 9.9991E-05 0.00520628 0.0855745 0.160425 0.0740049 0.0947979
0.0398242 0.562696 9.9982E-05 9.9982E-05 0.0515942 0.146863 0.044134 0.154689
0.00529665 0.552857 9.9982E-05 9.9982E-05 0.0730418 0.182646 0.0880708 0.0978876
9.9982E-05 0.364238 0.10844 9.9982E-05 0.157836 0.18136 0.0922013 0.0957253
0.0408534 0.54914 0.0294667 9.9991E-05 0.094811 0.112026 0.0160096 0.157593
0.000877703 0.555585 9.9982E-05 9.9982E-05 0.122698 0.180159 0.0386153 0.101865
0.0633483 0.441681 9.9982E-05 9.9982E-05 0.160234 0.101738 0.0453592 0.187439
0.0504476 0.463918 9.9982E-05 9.9982E-05 0.129105 0.121346 0.0325306 0.202453
0.0440431 0.446429 0.111174 9.9991E-05 0.101467 0.0994865 0.0870863 0.110213
0.0269818 0.499344 9.9982E-05 9.9982E-05 0.209394 0.100476 0.0220895 0.141515
0.0655318 0.565489 9.9991E-05 0.0159 0.1098 0.149105 0.0410891 0.0529842
0.045297 0.565384 0.00158063 9.9991E-05 0.0725228 0.146879 0.0594682 0.108768
0.00665229 9.9973E-05 0.0181692 9.9973E-05 0.0193904 0.943693 0.0117954 9.9973E-05
9.9982E-05 9.9982E-05 0.0273963 0.00705269 0.040376 0.873665 0.0448011 0.00650853
9.994E-05 9.994E-05 9.994E-05 9.994E-05 9.994E-05 0.9993 9.994E-05 9.994E-05
9.9955E-05 0.0228475 0.0311272 9.9955E-05 9.9955E-05 0.945525 9.9955E-05 9.9955E-05
9.994E-05 9.994E-05 9.994E-05 9.994E-05 9.994E-05 0.9993 9.994E-05 9.994E-05
9.994E-05 9.994E-05 9.994E-05 9.994E-05 9.994E-05 0.9993 9.994E-05 9.994E-05
9.994E-05 9.994E-05 9.994E-05 9.994E-05 9.994E-05 0.9993 9.994E-05 9.994E-05
9.9973E-05 0.0409989 0.015256 0.0701897 0.0672982 0.805957 9.9973E-05 9.9973E-05
9.994E-05 9.994E-05 9.994E-05 9.994E-05 9.994E-05 0.9993 9.994E-05 9.994E-05
9.994E-05 9.994E-05 9.994E-05 9.994E-05 9.994E-05 0.9993 9.994E-05 9.994E-05
9.9964E-05 9.9964E-05 9.9964E-05 0.0207759 0.0669195 0.829697 9.9964E-05 0.0822077
9.9946E-05 9.9946E-05 9.9946E-05 0.00696252 9.9946E-05 0.992438 9.9946E-05 9.9946E-05
0.0510955 0.212362 9.9964E-05 9.9964E-05 9.9964E-05 0.733354 0.00278824 9.9964E-05
0.9993 9.994E-05 9.994E-05 9.994E-05 9.994E-05 9.994E-05 9.994E-05 9.994E-05
0.069095 0.46782 9.9982E-05 9.9982E-05 0.0765606 0.152146 0.0653837 0.168795
0.9993 9.994E-05 9.994E-05 9.994E-05 9.994E-05 9.994E-05 9.994E-05 9.994E-05
0.9993 9.994E-05 9.994E-05 9.994E-05 9.994E-05 9.994E-05 9.994E-05 9.994E-05
0.948117 9.99551E-05 9.99551E-05 9.99551E-05 0.029848 9.99551E-05 9.99551E-05 0.0215353
0.792968 0.0781684 9.9973E-05 0.0171805 9.9973E-05 0.094945 0.0164386 9.9973E-05
0.9993 9.994E-05 9.994E-05 9.994E-05 9.994E-05 9.994E-05 9.994E-05 9.994E-05
0.910775 0.0336042 0.0110171 9.9964E-05 0.0442037 9.9964E-05 9.9964E-05 9.9964E-05
0.99769 9.99461E-05 0.00171075 9.99461E-05 9.99461E-05 9.99461E-05 9.99461E-05 9.99461E-05
0.930092 0.0263712 0.0221871 9.9964E-05 9.9964E-05 0.0209502 9.9964E-05 9.9964E-05
0.990375 9.9946E-05 9.9946E-05 0.0090258 9.9946E-05 9.9946E-05 9.9946E-05 9.9946E-05
0.971025 0.0235469 9.9955E-05 0.00492797 9.9955E-05 9.9955E-05 9.9955E-05 9.9955E-05
0.948992 9.9964E-05 9.9964E-05 9.9964E-05 9.9964E-05 0.0261077 0.0010074 0.0234928
0.831808 0.058686 9.9982E-05 9.9982E-05 0.019654 0.0287373 0.0385586 0.0223561
0.947954 0.00905868 9.9964E-05 9.9964E-05 0.0345756 9.9964E-05 0.00801171 9.9964E-05
0.883364 0.0395577 9.9973E-05 9.9973E-05 0.0232372 9.9973E-05 0.0290762 0.024465
0.892349 0.0130487 9.9982E-05 0.00268161 0.0313817 0.041179 0.0191603 9.9982E-05
0.875409 0.0328 9.9982E-05 0.0302039 0.0183696 9.9982E-05 0.0299497 0.0130674
0.926595 0.0226627 9.9964E-05 0.00290932 9.9964E-05 0.0474331 9.9964E-05 9.9964E-05
0.0646312 0.392268 9.9991E-05 0.0358251 0.141159 0.0579143 0.23725 0.0708528
0.123405 0.426455 9.9991E-05 0.0287884 0.0962903 0.036689 0.222505 0.0657675
0.0435862 0.396012 9.9991E-05 0.0470355 0.150734 0.0626713 0.253254 0.0466069
0.0617871 0.432511 9.9991E-05 0.0440451 0.133804 0.0122929 0.244766 0.0706947
0.00381909 9.9982E-05 0.0240062 0.000170462 0.902914 0.0443984 0.0244917 9.9982E-05
9.994E-05 9.994E-05 9.994E-05 9.994E-05 0.9993 9.994E-05 9.994E-05 9.994E-05
9.994E-05 9.994E-05 9.994E-05 9.994E-05 0.9993 9.994E-05 9.994E-05 9.994E-05
9.994E-05 9.994E-05 9.994E-05 9.994E-05 0.9993 9.994E-05 9.994E-05 9.994E-05
9.994E-05 9.994E-05 9.994E-05 9.994E-05 0.9993 9.994E-05 9.994E-05 9.994E-05
0.0484772 0.0184838 9.9982E-05 9.9982E-05 0.872756 0.0113708 0.0195818 0.0291304
9.9955E-05 9.9955E-05 9.9955E-05 9.9955E-05 0.96292 9.9955E-05 0.0315502 0.0050304
9.9973E-05 9.9973E-05 0.07247 0.017594 0.813603 0.0581549 0.0378782 9.9973E-05
9.9982E-05 0.0379914 0.0676508 0.000127266 0.872332 0.0093932 9.9982E-05 0.0123058
9.9955E-05 0.000774801 9.9955E-05 9.9955E-05 9.9955E-05 0.0197751 0.97895 9.9955E-05
9.994E-05 9.994E-05 9.994E-05 9.994E-05 9.994E-05 9.994E-05 0.9993 9.994E-05
9.994E-05 9.994E-05 9.994E-05 9.994E-05 9.994E-05 9.994E-05 0.9993 9.994E-05
9.9946E-05 9.9946E-05 9.9946E-05 9.9946E-05 0.00735653 9.9946E-05 0.992044 9.9946E-05
9.994E-05 9.994E-05 9.994E-05 9.994E-05 9.994E-05 9.994E-05 0.9993 9.994E-05
0.0253547 0.0565775 0.0437366 9.9982E-05 0.000170039 9.9982E-05 0.846996 0.0269648
9.994E-05 9.994E-05 9.994E-05 9.994E-05 9.994E-05 9.994E-05 0.9993 9.994E-05
9.994E-05 9.994E-05 9.994E-05 9.994E-05 9.994E-05 9.994E-05 0.9993 9.994E-05
0.0132711 0.00142982 9.9982E-05 0.00417155 0.00179806 0.00683468 0.972295 9.9982E-05
0.00650255 0.0220709 9.9964E-05 9.9964E-05 9.9964E-05 0.0382496 0.932777 9.9964E-05
9.994E-05 9.994E-05 9.994E-05 9.994E-05 9.994E-05 9.994E-05 0.9993 9.994E-05
9.9946E-05 9.9946E-05 0.0135395 9.9946E-05 9.9946E-05 9.9946E-05 0.985861 9.9946E-05
