9.994E-05 9.994E-05 9.994E-05 9.994E-05 0.9993 9.994E-05 9.994E-05 9.994E-05
0.790906 9.9973E-05 9.9973E-05 0.0422363 0.0822904 9.9973E-05 0.0487477 0.0355201
0.823787 9.9964E-05 9.9964E-05 0.0692055 0.0478475 9.9964E-05 9.9964E-05 0.0587605
0.9993 9.994E-05 9.994E-05 9.994E-05 9.994E-05 9.994E-05 9.994E-05 9.994E-05
0.618637 0.202596 0.0387935 9.9973E-05 9.9973E-05 0.129856 0.00981757 9.9973E-05
0.518954 0.137831 9.9973E-05 9.9973E-05 0.0860142 0.251651 9.9973E-05 0.00524945
0.551859 0.284667 9.9955E-05 9.9955E-05 0.162975 9.9955E-05 9.9955E-05 9.9955E-05
0.565194 0.215374 9.9973E-05 9.9973E-05 0.134536 0.0313252 9.9973E-05 0.0532709
0.561234 0.247487 0.0366654 0.00978298 0.0611006 0.0371718 0.00206001 0.044498
9.9946E-05 9.9946E-05 9.9946E-05 9.9946E-05 0.992259 9.9946E-05 0.00714099 9.9946E-05
9.994E-05 9.994E-05 9.994E-05 9.994E-05 0.9993 9.994E-05 9.994E-05 9.994E-05
0.00464323 9.9946E-05 9.9946E-05 9.9946E-05 0.994757 9.9946E-05 9.9946E-05 9.9946E-05
9.994E-05 9.994E-05 9.994E-05 9.994E-05 0.9993 9.994E-05 9.994E-05 9.994E-05
9.9955E-05 0.0412529 0.0331427 9.9955E-05 0.925105 9.9955E-05 9.9955E-05 9.9955E-05
0.0398663 9.9973E-05 9.9973E-05 9.9973E-05 0.927314 0.0176427 0.0129415 0.00193563
0.52592 0.0554838 0.0366987 9.9973E-05 0.0817504 0.299847 9.9973E-05 9.9973E-05
0.418294 0.153852 0.0846285 0.0731323 0.10357 0.0606687 0.0511986 0.0546563
0.995099 9.9946E-05 9.9946E-05 9.9946E-05 9.9946E-05 0.00430114 9.9946E-05 9.9946E-05
0.0671171 0.904574 0.0086028 0.0193064 9.9964E-05 9.9964E-05 9.9964E-05 9.9964E-05
9.994E-05 0.9993 9.994E-05 9.994E-05 9.994E-05 9.994E-05 9.994E-05 9.994E-05
0.0975814 0.850454 9.9964E-05 0.0313779 0.0201863 9.9964E-05 9.9964E-05 9.9964E-05
0.0685767 0.796498 9.9973E-05 0.0355013 9.9973E-05 9.9973E-05 0.0330955 0.0660282
0.0320354 0.848861 0.0571858 0.0179432 9.9973E-05 9.9973E-05 9.9973E-05 0.0436747
9.9964E-05 0.946226 9.9964E-05 9.9964E-05 0.0397775 9.9964E-05 0.010577 0.00301939
9.9955E-05 0.97654 9.9955E-05 9.9955E-05 0.01639 9.9955E-05 0.00657069 9.9955E-05
9.9973E-05 0.659852 0.0188151 9.9973E-05 0.00738116 0.261937 0.0517155 9.9973E-05
9.9973E-05 0.803125 0.0900651 9.9973E-05 0.00175171 0.0247981 9.9973E-05 0.0799596
0.0768388 0.891463 9.9955E-05 9.9955E-05 9.9955E-05 9.9955E-05 9.9955E-05 0.0311986
0.0110796 0.752808 0.032213 9.9991E-05 0.0688964 0.102853 0.0220611 0.00998841
0.106705 0.851464 9.9955E-05 9.9955E-05 0.0413315 9.9955E-05 9.9955E-05 9.9955E-05
9.9955E-05 0.90015 9.9955E-05 9.9955E-05 0.0756874 9.9955E-05 0.0236624 9.9955E-05
9.9982E-05 0.884653 0.0424827 0.0142003 9.9982E-05 0.00606234 0.0433064 0.00909515
9.9982E-05 0.844773 0.017937 9.9982E-05 0.011782 0.0631925 0.0102887 0.0518265
9.9982E-05 0.63801 9.9982E-05 0.0125417 0.059517 0.104852 0.132501 0.0523783
0.0627774 0.842775 0.0383858 9.9973E-05 9.9973E-05 9.9973E-05 0.00680543 0.048956
0.0895079 0.808936 9.9964E-05 9.9964E-05 0.069587 0.0315691 9.9964E-05 9.9964E-05
9.9946E-05 0.586957 9.9946E-05 9.9946E-05 9.9946E-05 0.412443 9.9946E-05 9.9946E-05
0.026745 0.546558 0.12576 9.9991E-05 0.000389325 0.258036 0.0110722 0.0313397
9.9982E-05 0.573164 0.057768 0.0355609 0.003787 0.277848 9.9982E-05 0.0516727
9.9982E-05 0.643819 0.0329544 0.0335941 0.00355439 0.263354 0.0225242 9.9982E-05
0.165486 9.9973E-05 9.9973E-05 0.0506858 9.9973E-05 0.711879 0.0485585 0.0230906
0.154767 9.9973E-05 0.0102571 9.9973E-05 9.9973E-05 0.633598 0.101662 0.0994165
0.213973 0.0660229 9.9991E-05 0.0454919 0.00742765 0.570748 0.0250824 0.0711538
0.187523 9.9964E-05 9.9964E-05 9.9964E-05 9.9964E-05 0.774776 0.0283365 0.00896378
0.071084 0.19792 0.0333581 9.9973E-05 9.9973E-05 0.656242 9.9973E-05 0.0410968
9.9946E-05 9.9946E-05 9.9946E-05 9.9946E-05 0.00099792 0.998402 9.9946E-05 9.9946E-05
9.9946E-05 9.9946E-05 9.9946E-05 9.9946E-05 0.00370104 0.995699 9.9946E-05 9.9946E-05
0.00350082 0.418806 9.9973E-05 9.9973E-05 9.9973E-05 0.538831 0.0161512 0.0224107
0.101446 0.0693128 0.0709155 9.9991E-05 0.0399028 0.636162 0.0462851 0.0358751
0.182242 0.227499 0.0222096 0.0164572 0.0645725 0.397492 0.0524485 0.0370784
0.0678402 0.20678 0.00815979 9.9982E-05 0.0484887 0.638207 9.9982E-05 0.0303251
0.0538187 0.167434 0.0166589 9.9973E-05 9.9973E-05 0.720082 9.9973E-05 0.0417072
0.0204288 0.0128588 0.0336311 9.9973E-05 0.0242665 0.908515 9.9973E-05 9.9973E-05
9.9982E-05 0.198547 0.059787 0.0199236 0.0295567 0.672661 0.019325 9.9982E-05
9.9991E-05 0.180853 0.0129084 0.0348975 0.048171 0.664683 0.0438309 0.0145567
0.121828 0.0401863 0.0124823 0.00584531 9.9991E-05 0.729414 0.0153838 0.07476
0.0584416 0.143695 0.0385167 9.9991E-05 0.076486 0.555023 0.0707002 0.0570377
0.0817778 0.196749 0.0526083 0.00770283 9.9982E-05 0.651665 0.00929743 9.9982E-05
0.00354743 0.0084728 9.9964E-05 9.9964E-05 0.0131481 0.974432 9.9964E-05 9.9964E-05
0.0665155 0.184329 0.0514467 9.9982E-05 0.0413155 0.655025 0.00116803 9.9982E-05
0.000650423 0.168446 0.100776 9.9982E-05 0.00129603 0.666502 0.0621294 9.9982E-05
0.112096 0.00140535 9.9982E-05 0.00100688 0.00308421 0.822984 0.0592237 9.9982E-05
9.9982E-05 0.0903128 0.025498 0.0183659 0.0151899 0.785427 9.9982E-05 0.0650069
9.9973E-05 9.9973E-05 0.0117649 0.0162187 0.00352579 0.927881 9.9973E-05 0.0403097
0.0961643 0.074808 0.032684 9.9973E-05 9.9973E-05 0.792698 0.00334557 9.9973E-05
0.0130374 9.9973E-05 0.00610525 0.0141958 9.9973E-05 0.919034 9.9973E-05 0.0473272
9.9946E-05 9.9946E-05 9.9946E-05 0.0135748 9.9946E-05 0.985826 9.9946E-05 9.9946E-05
9.99551E-05 9.99551E-05 9.99551E-05 0.0399987 9.99551E-05 0.908757 9.99551E-05 0.0507441
0.128412 0.150889 0.026146 0.0209291 9.9991E-05 0.659739 0.00209672 0.0116885
9.99461E-05 9.99461E-05 9.99461E-05 9.99461E-05 9.99461E-05 0.967188 9.99461E-05 0.0322124
0.135803 0.0130553 9.9982E-05 0.041275 0.0340479 0.738384 9.9982E-05 0.0372348
0.0112675 0.0300375 0.00816612 0.0466317 9.9991E-05 0.797149 0.0441232 0.0625251
9.99461E-05 9.99461E-05 9.99461E-05 9.99461E-05 0.0757628 0.923637 9.99461E-05 9.99461E-05
9.99461E-05 9.99461E-05 9.99461E-05 9.99461E-05 0.0376282 0.961772 9.99461E-05 9.99461E-05
9.9982E-05 0.0293917 0.00216112 9.9982E-05 0.0500915 0.828385 0.0758278 0.0139428
9.9964E-05 9.9964E-05 0.0724245 9.9964E-05 0.00309077 0.922475 9.9964E-05 0.00160973
0.0213105 9.9946E-05 9.9946E-05 9.9946E-05 9.9946E-05 0.97809 9.9946E-05 9.9946E-05
0.0941079 9.9982E-05 0.0188096 0.137679 9.9982E-05 0.678958 0.022804 0.0474417
0.0168092 0.0410599 0.0421888 0.109946 9.9982E-05 0.728418 0.0613781 9.9982E-05
9.9964E-05 9.9964E-05 0.0187512 0.130316 9.9964E-05 0.838153 0.0123799 9.9964E-05
9.9973E-05 9.9973E-05 0.0464962 0.0508723 9.9973E-05 0.85141 0.049406 0.0015155
9.9955E-05 9.9955E-05 9.9955E-05 0.118508 9.9955E-05 0.879445 0.00154639 9.9955E-05
9.9973E-05 9.9973E-05 0.0265881 0.086884 9.9973E-05 0.815662 0.0201029 0.0504634
0.0459834 0.166845 0.0269702 0.078923 9.9991E-05 0.538376 0.136993 0.00580938
0.124554 9.9991E-05 0.040264 0.242832 0.0220859 0.423851 0.101038 0.0452746
0.037717 9.9982E-05 9.9982E-05 0.147677 0.0319083 0.611392 0.0849494 0.0861555
0.0862856 0.186193 0.0415578 0.0759685 0.0281395 0.445821 0.0814516 0.0545834
0.000481434 0.0843364 0.0102025 0.123366 0.00514979 0.66339 0.112974 9.9991E-05
0.0816178 9.9982E-05 0.106249 0.172423 9.9982E-05 0.465708 0.11249 0.0613119
9.9991E-05 0.0356113 0.106721 0.0920315 0.0222483 0.511069 0.13821 0.0940081
0.115892 9.9991E-05 0.0185708 0.155187 0.0049769 0.596639 0.0604104 0.0482238
0.122984 9.9973E-05 9.9973E-05 0.109822 9.9973E-05 0.595579 0.107445 0.063871
9.9991E-05 0.0151033 0.188603 0.197345 0.0402202 0.386187 0.0596016 0.11284
9.994E-05 9.994E-05 9.994E-05 0.9993 9.994E-05 9.994E-05 9.994E-05 9.994E-05
0.0206458 9.9964E-05 9.9964E-05 0.952292 0.0209904 9.9964E-05 9.9964E-05 0.00567169
9.9982E-05 0.00876132 0.00430439 0.879304 0.0160026 0.0881806 0.00324731 9.9982E-05
9.994E-05 9.994E-05 9.994E-05 0.9993 9.994E-05 9.994E-05 9.994E-05 9.994E-05
9.994E-05 9.994E-05 9.994E-05 0.9993 9.994E-05 9.994E-05 9.994E-05 9.994E-05
9.994E-05 9.994E-05 9.994E-05 0.9993 9.994E-05 9.994E-05 9.994E-05 9.994E-05
9.994E-05 9.994E-05 9.994E-05 0.9993 9.994E-05 9.994E-05 9.994E-05 9.994E-05
0.0666877 0.0175495 9.9964E-05 0.901061 9.9964E-05 0.0143016 9.9964E-05 9.9964E-05
9.994E-05 9.994E-05 9.994E-05 0.9993 9.994E-05 9.994E-05 9.994E-05 9.994E-05
9.994E-05 9.994E-05 9.994E-05 0.9993 9.994E-05 9.994E-05 9.994E-05 9.994E-05
9.9982E-05 0.155744 0.147961 0.120767 9.9982E-05 0.223792 0.28468 0.0668554
9.9955E-05 9.9955E-05 0.00362467 0.941501 9.9955E-05 0.054375 9.9955E-05 9.9955E-05
9.994E-05 9.994E-05 9.994E-05 0.9993 9.994E-05 9.994E-05 9.994E-05 9.994E-05
0.00160019 9.9946E-05 9.9946E-05 0.9978 9.9946E-05 9.9946E-05 9.9946E-05 9.9946E-05
9.9973E-05 9.9973E-05 0.12213 0.103762 9.9973E-05 0.472549 0.252876 0.0483829
9.9982E-05 0.00238214 0.0569107 0.14062 9.9982E-05 0.545045 0.185756 0.0690861
9.9982E-05 9.9982E-05 0.0621433 0.161249 0.000152255 0.540275 0.187671 0.0483094
9.9973E-05 9.9973E-05 0.0728632 0.173426 9.9973E-05 0.515857 0.185129 0.0524255
9.9982E-05 0.0128201 0.1151 0.133315 9.9982E-05 0.504733 0.192203 0.0416296
9.9982E-05 0.213295 0.0655343 0.0900997 9.9982E-05 0.421616 0.206849 0.00240564
9.9973E-05 0.118256 0.0443144 0.17084 9.9973E-05 0.528361 0.137929 9.9973E-05
9.9973E-05 0.0206513 0.100891 0.170226 9.9973E-05 0.50494 0.202991 9.9973E-05
9.9982E-05 0.0460987 0.0823275 0.238151 9.9982E-05 0.440321 0.1374 0.0555008
9.9991E-05 0.010423 0.0461234 0.234671 0.00199028 0.500344 0.120635 0.0857143
9.9982E-05 0.0711609 0.149849 0.142111 9.9982E-05 0.466127 0.127064 0.0434886
9.9982E-05 0.0873138 0.0985452 0.214083 9.9982E-05 0.471776 0.0987338 0.0293477
9.9973E-05 9.9973E-05 0.0946675 0.0489857 9.9973E-05 0.630784 0.127976 0.0972873
0.0174607 9.9982E-05 0.0930697 0.137092 9.9982E-05 0.505373 0.189212 0.057593
9.9964E-05 9.9964E-05 0.0111478 9.9964E-05 9.9964E-05 0.0229915 0.914238 0.0512234
0.030272 0.0111334 0.027047 0.0198344 9.9973E-05 9.9973E-05 0.911413 9.9973E-05
9.994E-05 9.994E-05 9.994E-05 9.994E-05 9.994E-05 9.994E-05 0.9993 9.994E-05
9.9946E-05 9.9946E-05 0.0274246 9.9946E-05 9.9946E-05 9.9946E-05 0.971976 9.9946E-05
9.994E-05 9.994E-05 9.994E-05 9.994E-05 9.994E-05 9.994E-05 0.9993 9.994E-05
9.994E-05 9.994E-05 9.994E-05 9.994E-05 9.994E-05 9.994E-05 0.9993 9.994E-05
9.994E-05 9.994E-05 9.994E-05 9.994E-05 9.994E-05 9.994E-05 0.9993 9.994E-05
0.0248085 0.0902203 0.0267856 0.00495094 0.034479 0.00279192 0.764484 0.0514801
9.9946E-05 9.9946E-05 9.9946E-05 9.9946E-05 9.9946E-05 9.9946E-05 0.992342 0.00705874
9.994E-05 9.994E-05 9.994E-05 9.994E-05 9.994E-05 9.994E-05 0.9993 9.994E-05
0.045535 9.9964E-05 9.9964E-05 0.0307733 9.9964E-05 9.9964E-05 0.906323 0.0169685
9.994E-05 9.994E-05 9.994E-05 9.994E-05 9.994E-05 9.994E-05 0.9993 9.994E-05
9.9991E-05 0.00125373 0.0950927 0.012541 0.00692955 0.101084 0.705685 0.0773143
9.994E-05 9.994E-05 9.994E-05 9.994E-05 9.994E-05 9.994E-05 9.994E-05 0.9993
0.0397691 9.9982E-05 0.105511 0.202724 9.9982E-05 0.456892 0.131025 0.0638796
9.9955E-05 9.9955E-05 0.00811374 9.9955E-05 0.000347582 9.9955E-05 9.9955E-05 0.991039
9.994E-05 9.994E-05 9.994E-05 9.994E-05 9.994E-05 9.994E-05 9.994E-05 0.9993
9.9973E-05 9.9973E-05 0.00426483 0.0113911 0.00458834 9.9973E-05 0.0451945 0.934261
9.9982E-05 0.0950032 0.0200586 0.0164707 9.9982E-05 0.0378251 0.0429873 0.787455
9.994E-05 9.994E-05 9.994E-05 9.994E-05 9.994E-05 9.994E-05 9.994E-05 0.9993
0.00114887 0.0780177 9.9982E-05 0.00856392 9.9982E-05 0.0176632 0.00397696 0.890429
9.99461E-05 9.99461E-05 9.99461E-05 0.0460622 9.99461E-05 9.99461E-05 9.99461E-05 0.953338
9.9964E-05 0.011621 0.000499972 9.9964E-05 9.9964E-05 9.9964E-05 0.0108066 0.976673
9.9946E-05 9.9946E-05 9.9946E-05 9.9946E-05 0.00180016 9.9946E-05 9.9946E-05 0.9976
9.994E-05 9.994E-05 9.994E-05 9.994E-05 9.994E-05 9.994E-05 9.994E-05 0.9993
0.00388055 0.0120846 9.9973E-05 0.0175999 9.9973E-05 9.9973E-05 0.0162566 0.949878
0.0357557 9.9973E-05 0.0756468 0.00756667 9.9973E-05 9.9973E-05 0.0595574 0.821174
9.9964E-05 0.0177412 9.9964E-05 9.9964E-05 0.0119382 0.0636109 9.9964E-05 0.90631
9.9964E-05 9.9964E-05 9.9964E-05 0.0494863 9.9964E-05 0.0635841 0.0176423 0.868887
0.000508359 9.9991E-05 0.0591811 0.0214276 0.0140782 0.0918948 0.0047598 0.80805
0.0539377 9.9964E-05 0.0525668 9.9964E-05 9.9964E-05 0.01418 9.9964E-05 0.878916
9.9973E-05 0.020175 0.0279549 9.9973E-05 9.9973E-05 0.00694799 0.0331577 0.911464
9.9982E-05 9.9982E-05 0.312802 0.0774104 0.0521113 0.437164 0.088004 0.0323074
9.9982E-05 9.9982E-05 0.286598 0.0624311 0.0313791 0.496037 0.0443859 0.0789699
9.9982E-05 9.9982E-05 0.323075 0.103087 0.0507118 0.454139 0.0347645 0.0340235
9.9982E-05 9.9982E-05 0.33674 0.10015 0.0639873 0.444494 0.0118313 0.0425968
9.9973E-05 0.193811 0.425456 0.240079 9.9973E-05 9.9973E-05 0.0830906 0.0572638
9.99731E-05 0.124137 0.551051 0.241316 9.99731E-05 9.99731E-05 0.0344396 0.0487564
9.9982E-05 0.151458 0.447515 0.239008 9.9982E-05 0.0127854 0.0743954 0.0746374
9.9973E-05 0.163629 0.485813 0.230647 9.9973E-05 9.9973E-05 0.0672129 0.0523975
9.9982E-05 0.13963 0.479488 0.238931 9.9982E-05 0.00132858 0.0554835 0.0849397
9.9973E-05 0.16036 0.46765 0.246247 9.9973E-05 9.9973E-05 0.053437 0.0720061
9.9982E-05 0.166401 0.465522 0.231719 9.9982E-05 0.0013029 0.0683449 0.0665099
9.9991E-05 0.202198 0.366905 0.151891 0.0104941 0.105626 0.127802 0.0349837
9.9982E-05 0.212785 0.364554 0.163702 9.9982E-05 0.135276 0.0420537 0.08143
0.0141164 9.9964E-05 0.976027 9.9964E-05 9.9964E-05 0.0073326 0.00212461 9.9964E-05
9.994E-05 9.994E-05 0.9993 9.994E-05 9.994E-05 9.994E-05 9.994E-05 9.994E-05
9.994E-05 9.994E-05 0.9993 9.994E-05 9.994E-05 9.994E-05 9.994E-05 9.994E-05
9.994E-05 9.994E-05 0.9993 9.994E-05 9.994E-05 9.994E-05 9.994E-05 9.994E-05
9.994E-05 9.994E-05 0.9993 9.994E-05 9.994E-05 9.994E-05 9.994E-05 9.994E-05
9.9955E-05 9.9955E-05 0.9334 9.9955E-05 9.9955E-05 0.0440485 9.9955E-05 0.0220516
9.994E-05 9.994E-05 0.9993 9.994E-05 9.994E-05 9.994E-05 9.994E-05 9.994E-05
9.994E-05 9.994E-05 0.9993 9.994E-05 9.994E-05 9.994E-05 9.994E-05 9.994E-05
9.9946E-05 9.9946E-05 0.995374 9.9946E-05 0.00402628 9.9946E-05 9.9946E-05 9.9946E-05
9.99575E-05 9.99575E-05 0.965385 9.99575E-05 9.99575E-05 9.99575E-05 0.0228813 0.0112336
9.994E-05 9.994E-05 0.9993 9.994E-05 9.994E-05 9.994E-05 9.994E-05 9.994E-05
0.0134974 9.9946E-05 0.985903 9.9946E-05 9.9946E-05 9.9946E-05 9.9946E-05 9.9946E-05
