9.994E-05 9.994E-05 9.994E-05 9.994E-05 9.994E-05 9.994E-05 9.994E-05 0.9993
9.9973E-05 9.9973E-05 0.0920494 0.00190216 9.9973E-05 0.609579 0.0395392 0.25663
9.9964E-05 9.9964E-05 0.0544906 9.9964E-05 9.9964E-05 0.602516 0.100538 0.242056
0.079129 9.9964E-05 0.010322 9.9964E-05 9.9964E-05 0.701978 9.9964E-05 0.208171
0.135337 0.0313221 9.9982E-05 0.0532806 0.0297773 0.666567 9.9982E-05 0.0835162
0.173216 9.9964E-05 9.9964E-05 9.9964E-05 9.9964E-05 0.644114 0.0260242 0.156246
9.9955E-05 9.9955E-05 9.9955E-05 9.9955E-05 9.9955E-05 0.755158 0.0055066 0.238836
0.0102426 0.0332894 0.00404862 9.9982E-05 9.9982E-05 0.584537 0.0892358 0.278447
0.11655 0.000420698 0.013003 0.000408084 9.9991E-05 0.659294 0.0377029 0.172521
9.994E-05 9.994E-05 9.994E-05 9.994E-05 9.994E-05 9.994E-05 9.994E-05 0.9993
9.994E-05 9.994E-05 9.994E-05 9.994E-05 9.994E-05 9.994E-05 9.994E-05 0.9993
9.9946E-05 9.9946E-05 9.9946E-05 9.9946E-05 0.00468137 9.9946E-05 9.9946E-05 0.994719
9.9946E-05 0.00215989 9.9946E-05 9.9946E-05 9.9946E-05 9.9946E-05 9.9946E-05 0.99724
9.9964E-05 9.9964E-05 9.9964E-05 0.00860787 0.0621833 0.0294743 9.9964E-05 0.899335
0.00546341 0.0141828 9.9964E-05 9.9964E-05 0.0153584 9.9964E-05 9.9964E-05 0.964596
0.278245 9.9973E-05 9.9973E-05 0.034226 9.9973E-05 0.442399 0.0572825 0.187547
0.145569 0.0363296 9.9991E-05 0.0347921 0.110915 0.385148 0.0433366 0.243809
0.0491638 0.0379828 0.0311589 9.9982E-05 9.9982E-05 0.7251 0.014212 0.142183
0.00622979 9.9964E-05 9.9964E-05 0.0362401 0.0591392 0.897991 9.9964E-05 9.9964E-05
0.0409459 9.9964E-05 9.9964E-05 0.000597168 0.070958 0.887099 9.9964E-05 9.9964E-05
9.9964E-05 9.9964E-05 0.0147416 0.0613097 9.9964E-05 0.901704 9.9964E-05 0.0218448
0.0789917 0.00194361 9.9973E-05 9.9973E-05 0.0943376 0.749958 0.0744696 9.9973E-05
9.9982E-05 0.0216214 0.019751 0.040055 0.0347729 0.830906 0.0526939 9.9982E-05
9.9964E-05 0.0298507 9.9964E-05 9.9964E-05 0.0337861 0.933199 0.00276471 9.9964E-05
0.0636161 0.0267985 9.9973E-05 0.0138986 0.00531582 0.890071 9.9973E-05 9.9973E-05
0.237059 0.0659094 9.9973E-05 0.0767041 0.00380851 0.616219 9.9973E-05 9.9973E-05
0.124147 9.9973E-05 9.9973E-05 0.105375 0.0221671 0.65335 0.0946613 9.9973E-05
0.104466 9.9955E-05 9.9955E-05 9.9955E-05 9.9955E-05 0.869582 0.0254524 9.9955E-05
0.179528 0.0284198 0.00822746 0.0257505 0.0220394 0.712647 9.9991E-05 0.0232886
9.9964E-05 9.9964E-05 0.0210821 0.019472 9.9964E-05 0.91963 9.9964E-05 0.0394157
9.9964E-05 9.9964E-05 9.9964E-05 0.018567 0.0525139 0.927757 9.9964E-05 0.000762458
0.0620332 0.0702633 9.9982E-05 0.0742106 0.0089069 0.782702 0.00168369 9.9982E-05
9.9982E-05 0.0660705 0.0108338 0.0323876 0.048764 0.77475 0.066994 9.9982E-05
0.0900753 0.122687 9.9982E-05 9.9982E-05 0.0232528 0.658139 0.0688231 0.0368219
9.9973E-05 0.0384902 9.9973E-05 0.01138 0.0765078 0.800566 0.0727562 9.9973E-05
0.0515942 9.9982E-05 0.00934001 0.00281217 9.9982E-05 0.890981 0.00044628 0.0446261
0.467184 9.9964E-05 9.9964E-05 0.019062 0.0422067 0.471148 9.9964E-05 9.9964E-05
0.283997 9.9973E-05 9.9973E-05 0.0789307 0.0884207 0.50396 0.0443918 9.9973E-05
0.19381 9.9991E-05 0.0482483 0.0786693 0.0137377 0.599644 0.060128 0.0056628
0.281167 0.014598 0.00450044 0.0341669 0.101578 0.556818 9.9991E-05 0.00707124
0.922035 0.0348779 0.0312849 9.9964E-05 9.9964E-05 0.0114027 9.9964E-05 9.9964E-05
0.88714 0.0118214 9.9982E-05 0.0638493 0.00117538 9.9982E-05 0.00713106 0.0286832
0.612394 0.0286645 0.0127242 9.9982E-05 9.9982E-05 0.214254 0.0511355 0.0806276
0.964972 9.9955E-05 9.9955E-05 9.9955E-05 9.9955E-05 0.0218078 0.0127202 9.9955E-05
0.687507 0.017796 9.9973E-05 0.0636108 9.9973E-05 0.190099 0.0406873 9.9973E-05
0.968345 9.9946E-05 9.9946E-05 9.9946E-05 9.9946E-05 0.0310558 9.9946E-05 9.9946E-05
0.9993 9.994E-05 9.994E-05 9.994E-05 9.994E-05 9.994E-05 9.994E-05 9.994E-05
0.535843 0.008998 9.9982E-05 0.0225468 0.014387 0.388999 0.0290267 9.9982E-05
0.564284 0.0728945 9.9982E-05 0.0648712 9.9982E-05 0.179822 0.042469 0.0754591
0.478065 0.0208455 0.0383768 9.9982E-05 9.9982E-05 0.359002 0.0191193 0.0843915
0.618749 9.9982E-05 0.0237656 0.0703494 9.9982E-05 0.218641 0.0377916 0.0305036
0.745381 9.9982E-05 9.9982E-05 0.00812411 0.00472708 0.207231 0.030138 0.00419908
0.839887 9.9973E-05 9.9973E-05 0.0752378 9.9973E-05 0.0457168 0.00680978 0.0320485
0.636369 0.00945201 9.9991E-05 0.0355931 0.0961214 0.162823 0.0157739 0.0437682
0.568399 0.0389935 0.0516801 0.0425336 0.0699152 0.168939 9.9991E-05 0.0594399
0.707329 0.0301942 0.0048336 9.9973E-05 9.9973E-05 0.165984 0.0913597 9.9973E-05
0.482844 0.0514476 0.0203502 0.0690104 0.00849321 0.20292 0.0756813 0.0892529
0.715669 0.0155765 9.9973E-05 0.0722226 0.00183718 0.194395 9.9973E-05 9.9973E-05
0.942951 9.9955E-05 9.9955E-05 9.9955E-05 9.9955E-05 0.0293654 9.9955E-05 0.0271839
0.619518 9.9973E-05 0.0333774 0.115776 9.9973E-05 0.197403 9.9973E-05 0.0336253
0.62889 0.0504941 9.9964E-05 0.0884807 9.9964E-05 0.231735 9.9964E-05 9.9964E-05
0.842248 0.0855191 9.9973E-05 0.0231004 9.9973E-05 0.0173784 9.9973E-05 0.0314541
0.760088 0.075737 0.00022176 0.0400862 0.0243485 0.0736396 0.0171102 0.0087683
0.83677 9.9973E-05 0.0142558 9.9973E-05 0.113972 9.9973E-05 0.028105 0.00659747
0.85385 0.0182237 9.9973E-05 0.00844391 9.9973E-05 0.0937319 9.9973E-05 0.0254502
0.894953 9.9973E-05 9.9973E-05 9.9973E-05 0.0861617 0.00390841 0.014122 0.000554671
0.973474 9.9946E-05 0.0259265 9.9946E-05 9.9946E-05 9.9946E-05 9.9946E-05 9.9946E-05
0.761795 0.023049 0.0883637 9.9982E-05 0.0548934 9.9982E-05 0.0304785 0.0412206
0.697287 9.9955E-05 9.9955E-05 0.0545676 9.9955E-05 0.247646 9.9955E-05 9.9955E-05
0.952152 9.99551E-05 9.99551E-05 9.99551E-05 0.0370146 9.99551E-05 0.0103332 9.99551E-05
0.781734 9.9973E-05 0.0496849 9.9973E-05 9.9973E-05 0.0952781 0.0179121 0.0550914
0.844722 0.0139292 0.0324265 9.9982E-05 0.0586679 0.0147621 0.035292 9.9982E-05
0.896776 9.9946E-05 9.9946E-05 9.9946E-05 9.9946E-05 9.9946E-05 9.9946E-05 0.102625
0.91095 9.9955E-05 9.9955E-05 0.0383574 9.9955E-05 9.9955E-05 9.9955E-05 0.050193
0.783348 0.0810371 9.9973E-05 9.9973E-05 0.0689262 9.9973E-05 0.0194126 0.046976
0.91211 9.9964E-05 9.9964E-05 0.0617783 0.0193552 9.9964E-05 9.9964E-05 0.00635648
0.937096 9.9973E-05 0.0116039 0.000856555 0.0212321 9.9973E-05 0.0289115 9.9973E-05
0.75492 0.0215652 0.0783365 9.9973E-05 0.121354 9.9973E-05 9.9973E-05 0.0235251
0.619981 0.0949723 0.108411 0.0598505 0.0631931 0.0168321 0.0366594 9.9991E-05
0.712847 0.0722063 0.096087 0.0352908 0.0832693 9.9973E-05 9.9973E-05 9.9973E-05
0.725278 0.123106 0.0582304 0.0365038 0.0332851 9.9991E-05 0.0212336 0.00226363
0.694835 0.0538442 0.106803 0.0524266 0.0735873 9.9982E-05 0.0183042 9.9982E-05
0.717018 0.0627214 0.100386 0.0310314 0.0657771 9.9982E-05 0.0228668 9.9982E-05
0.468594 0.0998041 0.144697 0.0911215 0.0136415 0.157022 0.0250199 9.9991E-05
0.663843 0.033316 0.161088 9.9982E-05 0.0743822 0.0535496 0.0136213 9.9982E-05
0.566393 0.0853919 0.168438 0.0304362 0.00816888 0.0505203 0.0881089 0.00254276
0.491378 0.102684 0.0671773 0.0592123 0.0125465 0.154126 0.0729785 0.0398967
0.600997 0.125979 0.112149 0.071324 9.9973E-05 0.0892508 9.9973E-05 9.9973E-05
0.621921 0.0483118 0.121236 0.0395062 0.0575607 0.0608986 0.0217753 0.0287904
0.469949 0.124409 0.120563 0.107285 0.0172592 0.0346473 0.110512 0.0153753
0.54202 0.0114219 0.127749 9.9991E-05 0.192282 0.0175183 0.065741 0.043168
0.557938 0.0830094 0.0845535 9.9991E-05 0.196026 0.0155156 0.0255524 0.0373048
0.42268 0.0467053 0.185747 0.208082 9.9991E-05 0.0342729 0.0859249 0.016488
9.9946E-05 0.012317 0.987083 9.9946E-05 9.9946E-05 9.9946E-05 9.9946E-05 9.9946E-05
0.0167867 0.00654637 0.926232 9.9982E-05 9.9982E-05 0.0103649 0.0157549 0.0241149
9.9982E-05 0.0240043 0.86529 0.00118907 0.0370711 0.039273 9.9982E-05 0.0329727
9.994E-05 9.994E-05 0.9993 9.994E-05 9.994E-05 9.994E-05 9.994E-05 9.994E-05
9.994E-05 9.994E-05 0.9993 9.994E-05 9.994E-05 9.994E-05 9.994E-05 9.994E-05
9.994E-05 9.994E-05 0.9993 9.994E-05 9.994E-05 9.994E-05 9.994E-05 9.994E-05
9.994E-05 9.994E-05 0.9993 9.994E-05 9.994E-05 9.994E-05 9.994E-05 9.994E-05
9.9955E-05 9.9955E-05 0.837195 9.9955E-05 0.0473167 0.114988 9.9955E-05 9.9955E-05
9.994E-05 9.994E-05 0.9993 9.994E-05 9.994E-05 9.994E-05 9.994E-05 9.994E-05
9.994E-05 9.994E-05 0.9993 9.994E-05 9.994E-05 9.994E-05 9.994E-05 9.994E-05
0.166987 0.283271 0.102913 0.109744 0.0856123 0.100792 0.15058 9.9991E-05
0.0267357 9.9982E-05 0.884394 0.0318748 0.0456145 9.9982E-05 0.00748513 0.0036959
9.9946E-05 9.9946E-05 0.995484 0.00391646 9.9946E-05 9.9946E-05 9.9946E-05 9.9946E-05
9.9946E-05 9.9946E-05 0.990275 0.00912531 9.9946E-05 9.9946E-05 9.9946E-05 9.9946E-05
0.46599 0.21162 0.127905 0.0749193 0.0686496 9.9982E-05 0.0507168 9.9982E-05
0.502325 0.201868 0.1273 0.0656538 0.0371007 9.9982E-05 0.0655533 9.9982E-05
0.495066 0.171447 0.139124 0.0555456 0.0991551 9.9982E-05 0.0394628 9.9982E-05
0.509264 0.16587 0.16298 0.0665069 0.0390982 9.9982E-05 0.0560822 9.9982E-05
0.456971 0.199462 0.119335 0.0987646 0.0670397 9.9982E-05 0.058228 9.9982E-05
0.376374 0.176017 0.076433 0.067942 0.156825 0.146208 9.9982E-05 9.9982E-05
0.462074 0.154442 0.151422 0.0321123 0.111336 0.0666895 0.017914 0.00401081
0.482297 0.236616 0.128208 0.0329288 0.11965 9.9973E-05 9.9973E-05 9.9973E-05
0.38591 0.105124 0.223435 0.0733787 0.142402 9.9982E-05 0.0695495 9.9982E-05
0.403357 0.136906 0.200156 0.0351962 0.161658 9.9982E-05 0.0625268 9.9982E-05
0.387728 0.133547 0.146108 0.0515147 0.0802621 0.136676 0.0640633 9.9991E-05
0.467172 0.040283 0.18809 0.0545669 0.230163 0.00766157 0.0119635 9.9991E-05
0.527051 0.149104 0.0555945 0.0769329 0.137703 9.9982E-05 0.0534152 9.9982E-05
0.481277 0.176857 0.133547 0.0583577 0.038556 0.0681016 0.0405734 0.0027297
9.994E-05 9.994E-05 9.994E-05 9.994E-05 9.994E-05 9.994E-05 0.9993 9.994E-05
0.483607 0.146737 0.191171 0.0414356 0.0607986 9.9982E-05 0.0760513 9.9982E-05
9.994E-05 9.994E-05 9.994E-05 9.994E-05 9.994E-05 9.994E-05 0.9993 9.994E-05
9.994E-05 9.994E-05 9.994E-05 9.994E-05 9.994E-05 9.994E-05 0.9993 9.994E-05
9.99551E-05 9.99551E-05 0.0212681 9.99551E-05 0.072978 9.99551E-05 0.905254 9.99551E-05
0.0707189 0.0197886 0.0331805 9.9982E-05 0.0321679 0.0543042 0.78964 9.9982E-05
9.994E-05 9.994E-05 9.994E-05 9.994E-05 9.994E-05 9.994E-05 0.9993 9.994E-05
0.109975 0.00368178 9.9964E-05 9.9964E-05 0.040232 9.9964E-05 0.845712 9.9964E-05
9.9964E-05 9.9964E-05 0.0181218 0.00616164 0.0207358 9.9964E-05 0.954581 9.9964E-05
9.9964E-05 0.00490031 9.9964E-05 0.00636764 9.9964E-05 9.9964E-05 0.986638 0.00169465
9.994E-05 9.994E-05 9.994E-05 9.994E-05 9.994E-05 9.994E-05 0.9993 9.994E-05
9.9973E-05 0.0057731 0.000732016 0.0251998 9.9973E-05 9.9973E-05 0.959432 0.00856265
9.9964E-05 0.032557 9.9964E-05 9.9964E-05 0.0167819 0.0125296 0.937732 9.9964E-05
0.00469468 0.0597993 0.0506228 0.0356344 0.0007983 9.9982E-05 0.848251 9.9982E-05
9.9964E-05 9.9964E-05 9.9964E-05 9.9964E-05 0.0177648 0.0109411 0.965565 0.00532885
0.106213 0.0473081 0.00270073 9.9982E-05 0.00856473 9.9982E-05 0.833924 0.00108977
0.0811687 0.0133486 9.9982E-05 0.000342722 0.0492436 9.9982E-05 0.852091 0.00360576
0.0347267 9.9973E-05 9.9973E-05 0.057204 0.00933912 9.9973E-05 0.871682 0.0267478
0.014718 0.0194255 0.00872204 0.0151864 9.9973E-05 9.9973E-05 0.941648 9.9973E-05
9.9964E-05 0.897175 9.9964E-05 9.9964E-05 0.0227395 0.03755 0.0421354 9.9964E-05
9.9973E-05 0.847698 0.0213209 0.0793725 0.00653359 0.044775 9.9973E-05 9.9973E-05
9.994E-05 0.9993 9.994E-05 9.994E-05 9.994E-05 9.994E-05 9.994E-05 9.994E-05
9.994E-05 0.9993 9.994E-05 9.994E-05 9.994E-05 9.994E-05 9.994E-05 9.994E-05
9.9946E-05 0.977217 9.9946E-05 0.0221828 9.9946E-05 9.9946E-05 9.9946E-05 9.9946E-05
9.994E-05 0.9993 9.994E-05 9.994E-05 9.994E-05 9.994E-05 9.994E-05 9.994E-05
9.9946E-05 0.994548 0.00485206 9.9946E-05 9.9946E-05 9.9946E-05 9.9946E-05 9.9946E-05
0.028103 0.749729 9.9973E-05 9.9973E-05 0.124382 0.0342549 9.9973E-05 0.0632313
9.9946E-05 0.998583 9.9946E-05 9.9946E-05 9.9946E-05 9.9946E-05 0.000817415 9.9946E-05
9.994E-05 0.9993 9.994E-05 9.994E-05 9.994E-05 9.994E-05 9.994E-05 9.994E-05
9.9964E-05 0.905611 0.00901363 9.9964E-05 0.069993 9.9964E-05 9.9964E-05 0.0149824
9.9955E-05 0.98791 0.010927 9.9955E-05 0.000663084 9.9955E-05 9.9955E-05 9.9955E-05
0.056171 0.771476 0.0336477 9.9982E-05 0.0575476 9.9982E-05 0.0737277 0.00722978
0.363455 0.0695805 0.0749318 0.288563 0.108636 9.9991E-05 0.0587355 0.0359978
0.395902 0.0883982 0.0383772 0.251283 0.121533 0.0463032 0.0515988 0.00660433
0.387822 9.9982E-05 0.0827338 0.290626 0.121206 9.9982E-05 0.0719784 0.0454336
0.379771 0.0211501 0.0864074 0.290301 0.117374 9.9991E-05 0.0366772 0.0682192
9.9964E-05 0.0316467 9.9964E-05 9.9964E-05 0.952565 0.0147494 9.9964E-05 0.000638765
9.994E-05 9.994E-05 9.994E-05 9.994E-05 0.9993 9.994E-05 9.994E-05 9.994E-05
9.9955E-05 9.9955E-05 0.000152248 9.9955E-05 0.986094 9.9955E-05 0.0132536 9.9955E-05
9.994E-05 9.994E-05 9.994E-05 9.994E-05 0.9993 9.994E-05 9.994E-05 9.994E-05
9.9955E-05 9.9955E-05 0.0215553 9.9955E-05 0.972285 9.9955E-05 9.9955E-05 0.0056596
0.0165036 9.9955E-05 0.0213795 9.9955E-05 0.961617 9.9955E-05 9.9955E-05 9.9955E-05
9.9973E-05 0.00179195 9.9973E-05 0.0155605 0.942948 0.015164 9.9973E-05 0.0242354
0.0374205 0.0369929 0.026747 0.0248198 0.742603 0.0653928 0.053838 0.0121864
0.107308 9.9964E-05 9.9964E-05 9.9964E-05 0.842914 0.0338707 9.9964E-05 0.0155075
9.994E-05 9.994E-05 9.994E-05 0.9993 9.994E-05 9.994E-05 9.994E-05 9.994E-05
9.994E-05 9.994E-05 9.994E-05 0.9993 9.994E-05 9.994E-05 9.994E-05 9.994E-05
9.994E-05 9.994E-05 9.994E-05 0.9993 9.994E-05 9.994E-05 9.994E-05 9.994E-05
9.994E-05 9.994E-05 9.994E-05 0.9993 9.994E-05 9.994E-05 9.994E-05 9.994E-05
9.994E-05 9.994E-05 9.994E-05 0.9993 9.994E-05 9.994E-05 9.994E-05 9.994E-05
0.0668746 9.9973E-05 9.9973E-05 0.848937 0.0430727 0.0163166 9.9973E-05 0.024499
9.994E-05 9.994E-05 9.994E-05 0.9993 9.994E-05 9.994E-05 9.994E-05 9.994E-05
9.994E-05 9.994E-05 9.994E-05 0.9993 9.994E-05 9.994E-05 9.994E-05 9.994E-05
9.9955E-05 9.9955E-05 9.9955E-05 0.980747 0.0172337 9.9955E-05 0.00151977 9.9955E-05
9.9955E-05 0.0272721 0.00764246 0.964586 9.9955E-05 9.9955E-05 9.9955E-05 9.9955E-05
9.9946E-05 9.9946E-05 9.9946E-05 0.997262 9.9946E-05 9.9946E-05 0.00213798 9.9946E-05
0.0149831 0.00516434 0.00212021 0.964614 0.0128184 9.9973E-05 9.9973E-05 9.9973E-05
