9.994E-05 9.994E-05 9.994E-05 9.994E-05 9.994E-05 9.994E-05 9.994E-05 0.9993
9.9973E-05 9.9973E-05 0.0191776 0.537642 0.0969957 0.0810485 9.9973E-05 0.264836
9.9964E-05 9.9964E-05 9.9964E-05 0.577995 0.0649708 0.110449 9.9964E-05 0.246185
9.99551E-05 0.0579602 9.99551E-05 0.754005 9.99551E-05 9.99551E-05 9.99551E-05 0.187535
0.000441794 0.113127 0.102591 0.622386 9.9982E-05 9.9982E-05 0.0457836 0.115471
9.9982E-05 0.224057 9.9982E-05 0.557514 0.00189619 0.0448571 0.00803453 0.163441
9.9946E-05 9.9946E-05 9.9946E-05 0.727729 9.9946E-05 9.9946E-05 9.9946E-05 0.271671
0.0233208 0.0370824 9.9991E-05 0.569922 0.0192523 0.0527062 0.00245013 0.295166
9.9973E-05 9.9973E-05 0.0297583 0.695304 0.0380812 0.0688934 9.9973E-05 0.167663
9.994E-05 9.994E-05 9.994E-05 9.994E-05 9.994E-05 9.994E-05 9.994E-05 0.9993
9.994E-05 9.994E-05 9.994E-05 9.994E-05 9.994E-05 9.994E-05 9.994E-05 0.9993
9.994E-05 9.994E-05 9.994E-05 9.994E-05 9.994E-05 9.994E-05 9.994E-05 0.9993
9.994E-05 9.994E-05 9.994E-05 9.994E-05 9.994E-05 9.994E-05 9.994E-05 0.9993
9.9946E-05 9.9946E-05 9.9946E-05 9.9946E-05 9.9946E-05 9.9946E-05 0.0453422 0.954058
9.9955E-05 9.9955E-05 9.9955E-05 9.9955E-05 9.9955E-05 0.0224416 0.0209813 0.956077
9.9982E-05 0.297968 0.00848322 0.464296 0.00728653 0.0553901 9.9982E-05 0.166376
9.999E-05 0.234747 0.068342 0.363172 0.0412736 0.0329554 0.0411521 0.218258
9.9964E-05 0.120933 0.00217969 0.704132 9.9964E-05 9.9964E-05 9.9964E-05 0.172355
9.9955E-05 9.9955E-05 0.0693108 0.868417 9.9955E-05 9.9955E-05 0.0617727 9.9955E-05
9.9964E-05 0.0444338 0.00102332 0.892982 9.9964E-05 9.9964E-05 0.0611606 9.9964E-05
9.9964E-05 9.9964E-05 0.0731136 0.847283 0.04487 9.9964E-05 9.9964E-05 0.0343332
0.0526104 9.9973E-05 9.9973E-05 0.794524 0.0224653 0.0621278 0.0679727 9.9973E-05
9.9973E-05 9.9973E-05 0.0467055 0.779466 0.000636255 0.0548454 0.118047 9.9973E-05
0.0298452 9.9955E-05 9.9955E-05 0.947124 9.9955E-05 0.0225312 9.9955E-05 9.9955E-05
0.0175145 0.0244604 0.0264949 0.904894 0.0263364 9.9973E-05 9.9973E-05 9.9973E-05
0.0601831 0.246143 0.0204584 0.668739 9.9973E-05 9.9973E-05 0.0041762 9.9973E-05
0.00365041 0.0392313 0.122914 0.722594 9.9982E-05 0.0876314 0.0237781 9.9982E-05
0.00426672 0.0349703 9.9964E-05 0.937352 9.9964E-05 0.023011 9.9964E-05 9.9964E-05
0.0365868 0.093992 0.0197523 0.769654 9.9991E-05 0.0229642 0.0218939 0.0350572
9.9955E-05 0.0171722 9.9955E-05 0.947578 9.9955E-05 9.9955E-05 9.9955E-05 0.0347502
0.00217097 9.9973E-05 0.0149266 0.933255 9.9973E-05 9.9973E-05 0.0325094 0.0168386
0.0887396 0.00389124 0.0408882 0.827172 0.00506356 0.0267203 0.0074249 9.9991E-05
0.0136526 0.0497019 0.0435083 0.807713 0.0178579 0.0594552 0.00801138 9.9991E-05
0.135194 0.115474 0.0107842 0.628451 0.00627103 0.0749463 0.00799202 0.0208872
9.9955E-05 9.9955E-05 9.9955E-05 0.783776 9.9955E-05 0.0253413 0.190383 9.9955E-05
9.9946E-05 9.9946E-05 9.9946E-05 0.963584 9.9946E-05 9.9946E-05 9.9946E-05 0.0358162
9.9964E-05 0.440192 9.9964E-05 0.515643 9.9964E-05 0.0159004 0.0278655 9.9964E-05
0.00452554 0.218013 0.0834737 0.597175 9.9982E-05 0.0185019 0.078111 9.9982E-05
9.9973E-05 0.205759 0.101332 0.577807 0.0629337 0.0518693 9.9973E-05 9.9973E-05
0.0463479 0.283189 0.0420755 0.578915 0.0259267 9.9982E-05 0.0233459 9.9982E-05
0.0586633 0.801763 9.9973E-05 0.0803814 0.0354599 0.0234321 9.9973E-05 9.9973E-05
0.0427846 0.794858 0.00328049 0.118453 0.000997631 0.0143083 0.025218 9.9991E-05
0.0353049 0.600831 9.9982E-05 0.228546 0.0209304 0.0525726 9.9982E-05 0.0616153
0.050779 0.803649 0.0277854 0.0862442 9.9982E-05 0.0309136 9.9982E-05 0.000429187
0.0255454 0.664157 0.0567102 0.187843 9.9973E-05 0.0654449 9.9973E-05 9.9973E-05
9.9946E-05 0.94256 9.9946E-05 0.0568399 9.9946E-05 9.9946E-05 9.9946E-05 9.9946E-05
9.994E-05 0.9993 9.994E-05 9.994E-05 9.994E-05 9.994E-05 9.994E-05 9.994E-05
0.00791799 0.528276 0.034278 0.381913 9.9982E-05 0.038025 0.00939007 9.9982E-05
0.0437734 0.665262 0.0718592 0.123098 9.9973E-05 9.9973E-05 9.9973E-05 0.0957078
0.0332689 0.450002 0.013372 0.381196 0.0199843 0.00245173 0.00663963 0.0930857
9.9982E-05 0.680625 0.0416411 0.1682 0.00413558 0.0458006 9.9982E-05 0.059398
9.9982E-05 0.756508 0.00992937 0.178898 9.9982E-05 0.0359163 0.0134582 0.00509048
9.9955E-05 0.970397 9.9955E-05 9.9955E-05 9.9955E-05 0.0173618 9.9955E-05 0.011741
0.0115386 0.655595 0.0485632 0.175489 9.9982E-05 9.9982E-05 0.0630626 0.0455523
0.0364579 0.666923 0.0388759 0.137024 0.0269449 9.9991E-05 0.0365254 0.0571488
0.0401841 0.757563 9.9964E-05 0.128332 9.9964E-05 0.0735209 9.9964E-05 9.9964E-05
0.0223337 0.636589 0.026649 0.177295 9.9991E-05 0.0528375 0.00761754 0.076579
0.0344953 0.617991 0.0639353 0.225868 0.0574102 9.9973E-05 9.9973E-05 9.9973E-05
9.9964E-05 0.929484 9.9964E-05 0.0379928 9.9964E-05 0.0206966 9.9964E-05 0.0114266
9.9982E-05 0.696132 0.0620866 0.150519 0.0200113 9.9982E-05 0.000293704 0.0707575
0.0510854 0.652854 0.0827357 0.212913 9.9973E-05 9.9973E-05 0.000112238 9.9973E-05
0.022188 0.891124 0.0047082 0.0502071 0.0136872 9.9982E-05 9.9982E-05 0.0178856
9.9982E-05 0.830734 0.0423627 0.0703467 0.0224996 0.0263317 0.00752576 9.9982E-05
9.9964E-05 0.859522 0.0176957 9.9964E-05 9.9964E-05 0.0529002 0.0694819 9.9964E-05
0.0188571 0.82833 9.9964E-05 0.124945 9.9964E-05 9.9964E-05 9.9964E-05 0.0274678
9.9964E-05 0.938633 9.9964E-05 9.9964E-05 9.9964E-05 0.0341324 0.0234231 0.00341126
9.9946E-05 0.991745 9.9946E-05 9.9946E-05 0.00765568 9.9946E-05 9.9946E-05 9.9946E-05
0.0121752 0.871256 9.9973E-05 9.9973E-05 9.9973E-05 0.0228412 0.069539 0.0238888
9.9964E-05 0.638921 0.0216619 0.303789 9.9964E-05 0.035229 9.9964E-05 9.9964E-05
9.99551E-05 0.987339 9.99551E-05 9.99551E-05 9.99551E-05 0.00987584 0.00228559 9.99551E-05
0.0251988 0.704869 9.9982E-05 0.0943722 0.0587984 0.0561177 9.9982E-05 0.0604435
0.0426921 0.820808 0.00150489 0.0454982 0.0305966 0.0295052 0.029295 9.9991E-05
9.9955E-05 0.909118 0.00744381 9.9955E-05 9.9955E-05 9.9955E-05 9.9955E-05 0.0829388
9.9955E-05 0.880258 0.0674683 9.9955E-05 9.9955E-05 9.9955E-05 9.9955E-05 0.0517735
0.032015 0.88362 0.00411051 9.9982E-05 9.9982E-05 0.00196372 0.040129 0.0379613
9.9973E-05 0.887109 0.0858716 0.0010345 9.9973E-05 9.9973E-05 0.0103755 0.0153098
9.9955E-05 0.937255 9.9955E-05 9.9955E-05 0.0107088 0.0515369 9.9955E-05 9.9955E-05
0.0270066 0.785322 9.9973E-05 9.9973E-05 0.0742491 9.9973E-05 0.0745908 0.0385313
0.0346976 0.682112 0.0751737 9.9982E-05 0.0845467 0.0616839 0.0615863 9.9982E-05
0.0514126 0.734148 0.044164 9.9982E-05 0.0923997 0.0154855 0.0621901 9.9982E-05
0.0563639 0.756778 0.0751994 9.9982E-05 0.0633864 0.0242363 0.0238364 9.9982E-05
0.0269532 0.78689 0.0243964 9.9973E-05 0.0950061 9.9973E-05 0.0664544 9.9973E-05
0.0461193 0.801835 0.0637658 9.9973E-05 0.0620736 9.9973E-05 0.0259063 9.9973E-05
0.10757 0.531904 0.0469531 0.148078 0.123789 9.9982E-05 0.0415049 9.9982E-05
0.0638675 0.562098 0.0404477 0.0378402 0.17956 0.0373929 0.0437465 0.035047
0.00245479 0.611531 0.0459705 0.0496349 0.157519 0.117077 0.0157119 9.9991E-05
0.0868313 0.53694 0.0176914 0.149899 0.0700376 0.0730791 0.0302714 0.0352501
0.131674 0.598495 0.0749573 0.0974592 0.0928549 9.9982E-05 9.9982E-05 0.0043593
0.0779708 0.672016 0.0617443 9.9982E-05 0.109037 0.0361473 0.0428845 9.9982E-05
0.122362 0.461282 0.126326 0.0741978 0.113402 0.0922209 0.00377826 0.00643171
0.0389798 0.590272 9.9982E-05 9.9982E-05 0.0948147 0.0432737 0.19092 0.04154
0.0595681 0.645066 9.9982E-05 9.9982E-05 0.0655707 0.0340389 0.168936 0.0266204
0.0421066 0.414103 0.181119 0.0176266 0.202904 0.110075 0.011541 0.0205245
9.9955E-05 9.9955E-05 9.9955E-05 0.032035 0.963512 0.00395304 9.9955E-05 9.9955E-05
0.0129718 9.9982E-05 9.9982E-05 0.0126965 0.930993 0.0141924 0.00907597 0.0198708
0.0116513 0.0446362 9.9982E-05 9.9982E-05 0.864827 0.00421408 0.0547844 0.0196872
9.994E-05 9.994E-05 9.994E-05 9.994E-05 0.9993 9.994E-05 9.994E-05 9.994E-05
9.994E-05 9.994E-05 9.994E-05 9.994E-05 0.9993 9.994E-05 9.994E-05 9.994E-05
9.994E-05 9.994E-05 9.994E-05 9.994E-05 0.9993 9.994E-05 9.994E-05 9.994E-05
9.9946E-05 9.9946E-05 9.9946E-05 0.00171005 0.99769 9.9946E-05 9.9946E-05 9.9946E-05
9.9955E-05 0.0128227 9.9955E-05 0.0893179 0.89736 9.9955E-05 9.9955E-05 9.9955E-05
9.9946E-05 9.9946E-05 0.0122063 9.9946E-05 0.987194 9.9946E-05 9.9946E-05 9.9946E-05
9.994E-05 9.994E-05 9.994E-05 9.994E-05 0.9993 9.994E-05 9.994E-05 9.994E-05
0.284054 0.319818 0.0830623 0.065037 0.101521 0.0686065 0.077801 9.9991E-05
9.9964E-05 0.0511788 0.0119315 9.9964E-05 0.91951 9.9964E-05 0.0169803 9.9964E-05
9.994E-05 9.994E-05 9.994E-05 9.994E-05 0.9993 9.994E-05 9.994E-05 9.994E-05
9.9973E-05 9.9973E-05 0.0137089 9.9973E-05 0.964272 0.000484052 0.0173378 0.00389751
0.169713 0.548143 0.0957032 9.9982E-05 0.103794 0.0168663 0.065581 9.9982E-05
0.173222 0.580868 0.0522688 9.9982E-05 0.0833704 0.0198504 0.0902205 9.9982E-05
0.13404 0.63096 0.0664714 9.9991E-05 0.0890293 0.0117191 0.0666039 0.00107671
0.172621 0.468378 0.0728415 9.9982E-05 0.164045 0.0762138 0.0457009 9.9982E-05
0.172059 0.464493 0.0479426 0.0176495 0.142093 0.0829942 0.0726686 9.9991E-05
0.133605 0.424237 0.0347725 0.179333 0.118554 9.9982E-05 0.109299 9.9982E-05
0.131824 0.575466 0.0387467 0.00812862 0.134463 0.0193132 0.0919575 9.9991E-05
0.159105 0.5907 0.0376067 9.9973E-05 0.115025 9.9973E-05 0.0972635 9.9973E-05
0.0683467 0.507861 0.0647706 9.9982E-05 0.204768 0.0489379 0.105117 9.9982E-05
0.0901665 0.480104 0.030622 9.9982E-05 0.222415 0.0405783 0.135913 9.9982E-05
0.100061 0.499643 0.0840887 0.0524776 0.0939469 0.0658917 0.103792 9.9991E-05
0.072854 0.604952 0.0231408 9.9982E-05 0.182186 0.00021552 0.116452 9.9982E-05
0.149172 0.560591 0.0746136 9.9991E-05 0.0614694 0.0477198 0.10348 0.00285335
0.181342 0.548419 0.0471457 9.9982E-05 0.137383 0.0381097 0.0474012 9.9982E-05
0.930545 9.9973E-05 0.000265675 0.0134428 9.9973E-05 0.00132381 0.0541226 9.9973E-05
0.857612 9.9982E-05 0.0623721 0.0290144 0.0142676 9.9982E-05 0.0360363 0.000497935
0.9993 9.994E-05 9.994E-05 9.994E-05 9.994E-05 9.994E-05 9.994E-05 9.994E-05
0.972062 9.9946E-05 0.0273385 9.9946E-05 9.9946E-05 9.9946E-05 9.9946E-05 9.9946E-05
0.9993 9.994E-05 9.994E-05 9.994E-05 9.994E-05 9.994E-05 9.994E-05 9.994E-05
0.9993 9.994E-05 9.994E-05 9.994E-05 9.994E-05 9.994E-05 9.994E-05 9.994E-05
0.956489 9.9946E-05 9.9946E-05 9.9946E-05 9.9946E-05 9.9946E-05 0.0429117 9.9946E-05
0.789483 0.0240371 0.0338807 9.9973E-05 9.9973E-05 9.9973E-05 0.0987945 0.0535049
0.9993 9.994E-05 9.994E-05 9.994E-05 9.994E-05 9.994E-05 9.994E-05 9.994E-05
0.9993 9.994E-05 9.994E-05 9.994E-05 9.994E-05 9.994E-05 9.994E-05 9.994E-05
0.867154 9.9964E-05 9.9964E-05 9.9964E-05 0.0386664 9.9964E-05 0.0667449 0.0270348
0.993743 9.9946E-05 9.9946E-05 9.9946E-05 9.9946E-05 9.9946E-05 9.9946E-05 0.00565758
0.748777 0.08379 9.9982E-05 0.0116167 0.0108265 0.116974 0.0278157 9.9982E-05
9.994E-05 9.994E-05 9.994E-05 9.994E-05 9.994E-05 0.9993 9.994E-05 9.994E-05
0.143489 0.492513 0.040628 9.9982E-05 0.189323 0.081008 0.0528391 9.9982E-05
9.994E-05 9.994E-05 9.994E-05 9.994E-05 9.994E-05 0.9993 9.994E-05 9.994E-05
9.994E-05 9.994E-05 9.994E-05 9.994E-05 9.994E-05 0.9993 9.994E-05 9.994E-05
9.99551E-05 9.99551E-05 9.99551E-05 9.99551E-05 0.0140224 0.913463 0.0720149 9.99551E-05
0.0352339 0.0543942 0.0781925 0.041799 0.0134273 0.761483 0.000727919 0.0147427
9.994E-05 9.994E-05 9.994E-05 9.994E-05 9.994E-05 0.9993 9.994E-05 9.994E-05
0.0200169 0.0720883 0.0178461 9.9973E-05 9.9973E-05 0.851475 0.0382737 9.9973E-05
9.9946E-05 9.9946E-05 9.9946E-05 9.9946E-05 9.9946E-05 0.984189 0.0152109 9.9946E-05
0.0523882 9.9955E-05 9.9955E-05 9.9955E-05 9.9955E-05 0.945435 9.9955E-05 0.00167702
9.9946E-05 9.9946E-05 9.9946E-05 0.0184754 9.9946E-05 0.980925 9.9946E-05 9.9946E-05
9.9964E-05 0.00639412 0.00942313 9.9964E-05 9.9964E-05 0.979392 0.00439135 9.9964E-05
0.0286909 9.9964E-05 9.9964E-05 0.0106284 0.019454 0.940827 9.9964E-05 9.9964E-05
0.0454982 0.0228497 0.0452754 0.0123603 0.056699 0.784048 0.0331691 9.9991E-05
0.0222917 0.0167851 0.0062153 0.00318453 9.9991E-05 0.901004 0.0342622 0.0161571
0.0089071 0.120831 9.9982E-05 9.9982E-05 0.0193203 0.817383 0.0318569 0.00150176
9.9973E-05 0.0219406 0.0228929 9.9973E-05 9.9973E-05 0.914544 0.0397572 0.000565073
9.9982E-05 0.0206306 0.0464688 0.0187387 9.9982E-05 0.877564 0.0191692 0.0172286
0.036256 0.0138955 9.9964E-05 9.9964E-05 9.9964E-05 0.940085 9.9964E-05 0.00936345
0.0644323 0.380008 0.266783 9.9991E-05 0.0503322 0.0588129 0.123006 0.0565246
0.0846948 0.377878 0.259158 9.9991E-05 0.077777 0.0543501 0.0927475 0.0532944
9.9982E-05 0.369016 0.280961 9.9982E-05 0.0899765 0.0709483 0.134722 0.0541762
9.9982E-05 0.373401 0.277668 9.9982E-05 0.0788885 0.0676785 0.129845 0.0723189
0.0412963 9.9955E-05 9.9955E-05 0.00620524 9.9955E-05 9.9955E-05 0.951999 9.9955E-05
9.994E-05 9.994E-05 9.994E-05 9.994E-05 9.994E-05 9.994E-05 0.9993 9.994E-05
9.9955E-05 9.9955E-05 9.9955E-05 9.9955E-05 9.9955E-05 0.0291221 0.969033 0.00134485
9.994E-05 9.994E-05 9.994E-05 9.994E-05 9.994E-05 9.994E-05 0.9993 9.994E-05
0.0158818 9.9964E-05 9.9964E-05 9.9964E-05 0.0087674 9.9964E-05 0.970124 0.00482716
0.00417393 9.9973E-05 9.9973E-05 9.9973E-05 0.0158574 0.00947413 0.970055 0.000139869
9.9955E-05 9.9955E-05 0.0390687 9.9955E-05 0.026544 9.9955E-05 0.933888 9.9955E-05
0.0587192 0.105391 0.0662932 0.0279229 9.9991E-05 0.00610932 0.698527 0.0369375
9.9973E-05 0.0629152 9.9973E-05 0.101378 9.9973E-05 0.0297194 0.789836 0.0158519
9.994E-05 9.994E-05 0.9993 9.994E-05 9.994E-05 9.994E-05 9.994E-05 9.994E-05
9.994E-05 9.994E-05 0.9993 9.994E-05 9.994E-05 9.994E-05 9.994E-05 9.994E-05
9.994E-05 9.994E-05 0.9993 9.994E-05 9.994E-05 9.994E-05 9.994E-05 9.994E-05
0.00450179 9.9955E-05 0.994153 9.9955E-05 9.9955E-05 9.9955E-05 0.000845117 9.9955E-05
9.994E-05 9.994E-05 0.9993 9.994E-05 9.994E-05 9.994E-05 9.994E-05 9.994E-05
0.00651439 0.113223 0.866168 9.9964E-05 9.9964E-05 9.9964E-05 9.9964E-05 0.0136952
9.994E-05 9.994E-05 0.9993 9.994E-05 9.994E-05 9.994E-05 9.994E-05 9.994E-05
9.994E-05 9.994E-05 0.9993 9.994E-05 9.994E-05 9.994E-05 9.994E-05 9.994E-05
9.9946E-05 9.9946E-05 0.985724 9.9946E-05 9.9946E-05 0.0136762 9.9946E-05 9.9946E-05
0.023267 0.0307398 0.945493 9.9955E-05 9.9955E-05 9.9955E-05 9.9955E-05 9.9955E-05
9.994E-05 9.994E-05 0.9993 9.994E-05 9.994E-05 9.994E-05 9.994E-05 9.994E-05
9.994E-05 9.994E-05 0.9993 9.994E-05 9.994E-05 9.994E-05 9.994E-05 9.994E-05
