9.98831E-05 0.998702 9.98831E-05 9.98831E-05 9.98831E-05 9.98831E-05 9.98831E-05 9.98831E-05 9.98831E-05 9.98831E-05 9.98831E-05 9.98831E-05 9.98831E-05 9.98831E-05
0.0281061 0.0324647 0.0251687 0.0949499 9.9946E-05 9.9946E-05 0.217087 0.0245353 9.9946E-05 9.9946E-05 9.9946E-05 0.0570389 9.9946E-05 0.520049
9.98831E-05 9.98831E-05 9.98831E-05 9.98831E-05 9.98831E-05 9.98831E-05 9.98831E-05 9.98831E-05 9.98831E-05 9.98831E-05 9.98831E-05 0.998702 9.98831E-05 9.98831E-05
9.9928E-05 9.9928E-05 0.0328254 0.00696706 9.9928E-05 9.9928E-05 9.9928E-05 9.9928E-05 9.9928E-05 0.0225675 0.0999593 0.793973 0.0429085 9.9928E-05
9.99191E-05 9.99191E-05 9.99191E-05 0.140255 9.99191E-05 9.99191E-05 0.217014 9.99191E-05 9.99191E-05 0.0818411 9.99191E-05 0.0552468 9.99191E-05 0.504744
9.98831E-05 9.98831E-05 9.98831E-05 9.98831E-05 9.98831E-05 9.98831E-05 9.98831E-05 9.98831E-05 9.98831E-05 9.98831E-05 9.98831E-05 9.98831E-05 9.98831E-05 0.998702
0.0226103 9.99101E-05 0.00252402 9.99101E-05 9.99101E-05 9.99101E-05 0.00872596 9.99101E-05 9.99101E-05 9.99101E-05 9.99101E-05 9.99101E-05 9.99101E-05 0.965141
9.9883E-05 9.9883E-05 9.9883E-05 9.9883E-05 9.9883E-05 9.9883E-05 0.998702 9.9883E-05 9.9883E-05 9.9883E-05 9.9883E-05 9.9883E-05 9.9883E-05 9.9883E-05
9.9928E-05 0.0136316 9.9928E-05 9.9928E-05 9.9928E-05 9.9928E-05 0.108805 0.296591 0.0884425 9.9928E-05 9.9928E-05 0.182689 9.9928E-05 0.309041
0.115797 0.0390941 0.0219249 9.9937E-05 9.9937E-05 9.9937E-05 0.748098 0.0183468 0.0254721 9.9937E-05 9.9937E-05 0.0305676 9.9937E-05 9.9937E-05
9.98921E-05 9.98921E-05 9.98921E-05 9.98921E-05 0.0327293 9.98921E-05 9.98921E-05 9.98921E-05 9.98921E-05 9.98921E-05 9.98921E-05 9.98921E-05 0.966072 9.98921E-05
9.9883E-05 9.9883E-05 9.9883E-05 9.9883E-05 9.9883E-05 9.9883E-05 9.9883E-05 9.9883E-05 0.998702 9.9883E-05 9.9883E-05 9.9883E-05 9.9883E-05 9.9883E-05
9.9919E-05 9.9919E-05 9.9919E-05 9.9919E-05 9.9919E-05 9.9919E-05 0.0572712 9.9919E-05 0.100689 9.9919E-05 9.9919E-05 0.132625 0.642037 0.0664789
9.9937E-05 9.9937E-05 0.0143521 9.9937E-05 9.9937E-05 0.148466 0.0840052 9.9937E-05 0.0606632 0.0131455 0.653333 0.0253349 9.9937E-05 9.9937E-05
9.995E-05 9.995E-05 0.0573243 0.446911 0.0118014 0.0401267 9.995E-05 9.995E-05 0.100072 9.995E-05 0.09557 0.0753754 0.163609 0.00871035
9.9928E-05 0.00084064 0.00240435 0.236188 9.9928E-05 9.9928E-05 9.9928E-05 9.9928E-05 0.0678935 9.9928E-05 0.546125 9.9928E-05 0.145748 9.9928E-05
9.98921E-05 9.98921E-05 9.98921E-05 9.98921E-05 9.98921E-05 9.98921E-05 9.98921E-05 9.98921E-05 9.98921E-05 9.98921E-05 0.246122 9.98921E-05 0.752679 9.98921E-05
0.150244 9.9928E-05 0.000409818 0.0703993 9.9928E-05 0.00145179 9.9928E-05 0.117977 9.9928E-05 9.9928E-05 0.658719 9.9928E-05 9.9928E-05 9.9928E-05
0.0113341 9.9946E-05 0.0121997 9.9946E-05 9.9946E-05 0.0800644 9.9946E-05 9.9946E-05 0.105318 0.129443 0.301082 0.0212913 0.338668 9.9946E-05
9.98901E-05 9.98901E-05 9.98901E-05 9.98901E-05 0.0504843 9.98901E-05 9.98901E-05 9.98901E-05 9.98901E-05 9.98901E-05 0.906724 0.0416927 9.98901E-05 9.98901E-05
0.130836 0.0835569 9.9928E-05 0.0394249 9.9928E-05 9.9928E-05 9.9928E-05 0.0147957 0.0088926 9.9928E-05 0.721694 9.9928E-05 9.9928E-05 9.9928E-05
9.99011E-05 0.041484 9.99011E-05 0.799974 9.99011E-05 9.99011E-05 0.157443 9.99011E-05 9.99011E-05 9.99011E-05 9.99011E-05 9.99011E-05 9.99011E-05 9.99011E-05
9.98921E-05 0.0308657 9.98921E-05 9.98921E-05 9.98921E-05 9.98921E-05 9.98921E-05 9.98921E-05 9.98921E-05 9.98921E-05 9.98921E-05 9.98921E-05 0.967936 9.98921E-05
9.98831E-05 9.98831E-05 9.98831E-05 9.98831E-05 9.98831E-05 9.98831E-05 9.98831E-05 9.98831E-05 9.98831E-05 9.98831E-05 0.998702 9.98831E-05 9.98831E-05 9.98831E-05
0.124708 9.9946E-05 0.00406253 0.238747 0.00231793 0.00645621 9.9946E-05 9.9946E-05 9.9946E-05 9.9946E-05 0.557324 0.0571758 0.00860839 9.9946E-05
0.162601 0.0810042 0.00132796 9.9955E-05 9.9955E-05 0.0238653 9.9955E-05 0.0969015 0.197375 0.00848088 0.408294 9.9955E-05 9.9955E-05 0.0196493
9.991E-05 9.991E-05 9.991E-05 0.689892 9.991E-05 9.991E-05 9.991E-05 0.115435 0.103293 0.0903808 9.991E-05 9.991E-05 9.991E-05 9.991E-05
0.247643 9.9955E-05 0.00157516 0.590923 0.00817563 9.9955E-05 9.9955E-05 9.9955E-05 0.0217409 0.0196905 0.0161147 0.070507 0.0231308 9.9955E-05
0.212527 0.0193358 0.00484663 0.410106 9.9964E-05 0.0796995 9.9964E-05 0.0411444 0.174014 9.9964E-05 0.0306321 0.00150632 9.9964E-05 0.0257888
9.98831E-05 9.98831E-05 9.98831E-05 0.998702 9.98831E-05 9.98831E-05 9.98831E-05 9.98831E-05 9.98831E-05 9.98831E-05 9.98831E-05 9.98831E-05 9.98831E-05 9.98831E-05
0.0561446 9.9892E-05 9.9892E-05 9.9892E-05 9.9892E-05 9.9892E-05 9.9892E-05 0.942657 9.9892E-05 9.9892E-05 9.9892E-05 9.9892E-05 9.9892E-05 9.9892E-05
9.98831E-05 9.98831E-05 9.98831E-05 9.98831E-05 9.98831E-05 9.98831E-05 9.98831E-05 0.998702 9.98831E-05 9.98831E-05 9.98831E-05 9.98831E-05 9.98831E-05 9.98831E-05
0.117804 9.9919E-05 9.9919E-05 9.9919E-05 9.9919E-05 0.799338 9.9919E-05 9.9919E-05 0.0266824 0.0191586 9.9919E-05 0.0361176 9.9919E-05 9.9919E-05
9.99101E-05 9.99101E-05 9.99101E-05 9.99101E-05 0.0245764 0.888585 9.99101E-05 9.99101E-05 9.99101E-05 0.0256694 0.0601701 9.99101E-05 9.99101E-05 9.99101E-05
9.9919E-05 9.9919E-05 9.9919E-05 0.298307 9.9919E-05 0.559586 9.9919E-05 0.111216 9.9919E-05 9.9919E-05 0.0206556 9.9919E-05 0.00933552 9.9919E-05
9.99011E-05 0.0145263 9.99011E-05 9.99011E-05 0.00209963 0.982275 9.99011E-05 9.99011E-05 9.99011E-05 9.99011E-05 9.99011E-05 9.99011E-05 9.99011E-05 9.99011E-05
9.9937E-05 0.0666952 9.9937E-05 0.0391781 0.00148534 0.680134 0.15043 9.9937E-05 9.9937E-05 9.9937E-05 9.9937E-05 0.0351606 9.9937E-05 0.0262178
0.0597464 0.0179405 9.99191E-05 9.99191E-05 9.99191E-05 0.734394 9.99191E-05 0.0449638 9.99191E-05 9.99191E-05 9.99191E-05 9.99191E-05 0.142056 9.99191E-05
9.98921E-05 9.98921E-05 0.00802878 9.98921E-05 9.98921E-05 0.990773 9.98921E-05 9.98921E-05 9.98921E-05 9.98921E-05 9.98921E-05 9.98921E-05 9.98921E-05 9.98921E-05
0.121573 0.0121816 0.0640208 0.273333 9.9928E-05 0.495405 9.9928E-05 9.9928E-05 9.9928E-05 0.0326876 9.9928E-05 9.9928E-05 9.9928E-05 9.9928E-05
9.98921E-05 9.98921E-05 9.98921E-05 9.98921E-05 9.98921E-05 0.792304 9.98921E-05 0.206497 9.98921E-05 9.98921E-05 9.98921E-05 9.98921E-05 9.98921E-05 9.98921E-05
0.339757 0.0911135 9.9955E-05 0.0132899 0.0338827 0.235195 0.0210026 9.9955E-05 0.139456 0.0931608 9.9955E-05 0.0326432 9.9955E-05 9.9955E-05
0.0932297 9.9928E-05 9.9928E-05 0.0170494 9.9928E-05 0.636655 9.9928E-05 0.158281 0.0752616 9.9928E-05 9.9928E-05 0.0187242 9.9928E-05 9.9928E-05
0.0213104 9.9937E-05 0.029724 9.9937E-05 0.0274982 0.769914 9.9937E-05 9.9937E-05 0.103166 0.0174079 9.9937E-05 9.9937E-05 0.03028 9.9937E-05
9.98831E-05 9.98831E-05 9.98831E-05 9.98831E-05 0.998702 9.98831E-05 9.98831E-05 9.98831E-05 9.98831E-05 9.98831E-05 9.98831E-05 9.98831E-05 9.98831E-05 9.98831E-05
0.0364125 9.9946E-05 0.0130563 0.126066 9.9946E-05 0.00403414 0.0474087 0.0787718 0.0278276 0.665823 9.9946E-05 9.9946E-05 9.9946E-05 9.9946E-05
0.128421 9.99281E-05 0.0518696 9.99281E-05 9.99281E-05 0.141514 9.99281E-05 0.181761 9.99281E-05 0.423829 0.0718054 9.99281E-05 9.99281E-05 9.99281E-05
0.151458 9.991E-05 9.991E-05 9.991E-05 0.0446946 9.991E-05 9.991E-05 0.036073 9.991E-05 0.766776 9.991E-05 9.991E-05 9.991E-05 9.991E-05
9.9937E-05 9.9937E-05 0.00108208 0.0439216 9.9937E-05 0.254349 9.9937E-05 9.9937E-05 0.128649 0.445185 9.9937E-05 0.0795074 9.9937E-05 0.0466065
0.0943163 0.0272264 9.9928E-05 9.9928E-05 0.161649 0.365764 9.9928E-05 9.9928E-05 9.9928E-05 0.294389 9.9928E-05 0.0558552 9.9928E-05 9.9928E-05
0.058388 9.9937E-05 9.9937E-05 0.0139693 9.9937E-05 9.9937E-05 9.9937E-05 0.0383685 9.9937E-05 0.858245 0.00405146 0.00757269 0.0187053 9.9937E-05
9.98921E-05 0.0552939 9.98921E-05 9.98921E-05 9.98921E-05 9.98921E-05 9.98921E-05 9.98921E-05 9.98921E-05 0.943507 9.98921E-05 9.98921E-05 9.98921E-05 9.98921E-05
0.146764 0.0157964 9.99281E-05 9.99281E-05 0.0365369 9.99281E-05 0.0319694 9.99281E-05 9.99281E-05 0.754968 0.0131663 9.99281E-05 9.99281E-05 9.99281E-05
9.9919E-05 9.9919E-05 9.9919E-05 0.157051 0.0481333 0.0543759 9.9919E-05 9.9919E-05 9.9919E-05 0.691632 9.9919E-05 9.9919E-05 0.0479085 9.9919E-05
9.99191E-05 9.99191E-05 9.99191E-05 9.99191E-05 9.99191E-05 0.0791263 0.00464645 0.0179193 9.99191E-05 0.873732 9.99191E-05 0.0236769 9.99191E-05 9.99191E-05
0.0217795 0.0203801 0.0256682 9.99371E-05 9.99371E-05 9.99371E-05 9.99371E-05 9.99371E-05 0.00669812 0.919448 9.99371E-05 0.00437038 9.99371E-05 0.00095632
0.769811 9.99281E-05 0.0192346 0.0783463 9.99281E-05 9.99281E-05 9.99281E-05 9.99281E-05 9.99281E-05 0.0719714 9.99281E-05 0.0306649 9.99281E-05 0.0291723
0.688726 9.9955E-05 9.9955E-05 0.0268549 9.9955E-05 0.00247078 0.000940713 0.0293502 0.0184334 0.120014 0.003004 9.9955E-05 9.9955E-05 0.109706
0.688433 0.00321625 9.9928E-05 0.125772 9.9928E-05 9.9928E-05 9.9928E-05 0.0735814 9.9928E-05 0.103527 9.9928E-05 9.9928E-05 9.9928E-05 0.00467104
0.602335 0.00268467 9.9946E-05 0.138884 0.00277136 0.117294 0.0874239 0.0125513 9.9946E-05 9.9946E-05 9.9946E-05 9.9946E-05 9.9946E-05 0.0354557
0.79225 0.00382969 9.9946E-05 9.9946E-05 0.076158 0.0173292 0.0499954 9.9946E-05 0.0158675 0.0239037 0.0200671 9.9946E-05 9.9946E-05 9.9946E-05
0.511183 9.99281E-05 0.0917741 9.99281E-05 0.0083728 0.299669 0.0290326 9.99281E-05 9.99281E-05 9.99281E-05 9.99281E-05 0.0591699 9.99281E-05 9.99281E-05
0.757241 0.0264675 9.9955E-05 0.0147932 0.0256993 0.0876223 9.9955E-05 9.9955E-05 0.0495577 0.0071037 9.9955E-05 0.0205668 0.0104491 9.9955E-05
0.958404 9.99012E-05 0.0200311 9.99012E-05 9.99012E-05 9.99012E-05 9.99012E-05 0.0204657 9.99012E-05 9.99012E-05 9.99012E-05 9.99012E-05 9.99012E-05 9.99012E-05
0.868375 9.9937E-05 0.0136795 0.0160389 9.9937E-05 0.0572248 9.9937E-05 0.0184957 0.0184287 9.9937E-05 0.00705814 9.9937E-05 9.9937E-05 9.9937E-05
0.954104 9.99101E-05 9.99101E-05 9.99101E-05 9.99101E-05 0.0126497 9.99101E-05 9.99101E-05 0.00908416 9.99101E-05 9.99101E-05 9.99101E-05 0.0231628 9.99101E-05
0.998194 9.98921E-05 9.98921E-05 9.98921E-05 0.000607642 9.98921E-05 9.98921E-05 9.98921E-05 9.98921E-05 9.98921E-05 9.98921E-05 9.98921E-05 9.98921E-05 9.98921E-05
0.948348 9.99011E-05 9.99011E-05 0.0487695 9.99011E-05 9.99011E-05 9.99011E-05 9.99011E-05 9.99011E-05 9.99011E-05 9.99011E-05 0.00178362 9.99011E-05 9.99011E-05
0.979453 0.0183972 9.99011E-05 9.99011E-05 9.99011E-05 0.00105117 9.99011E-05 9.99011E-05 9.99011E-05 9.99011E-05 9.99011E-05 9.99011E-05 9.99011E-05 9.99011E-05
0.975835 9.98921E-05 9.98921E-05 9.98921E-05 9.98921E-05 9.98921E-05 9.98921E-05 9.98921E-05 9.98921E-05 9.98921E-05 9.98921E-05 0.0229661 9.98921E-05 9.98921E-05
0.893528 9.99012E-05 9.99012E-05 9.99012E-05 9.99012E-05 9.99012E-05 9.99012E-05 0.0428146 9.99012E-05 9.99012E-05 0.0625589 9.99012E-05 9.99012E-05 9.99012E-05
0.57008 9.99281E-05 0.0134019 9.99281E-05 9.99281E-05 0.219523 0.0820722 0.0805213 9.99281E-05 9.99281E-05 9.99281E-05 9.99281E-05 9.99281E-05 0.0336026
0.855887 9.99101E-05 0.00146905 9.99101E-05 0.0792812 9.99101E-05 0.062364 9.99101E-05 9.99101E-05 9.99101E-05 9.99101E-05 9.99101E-05 9.99101E-05 9.99101E-05
0.62183 0.0545106 0.0579886 0.0054148 0.0643617 0.135747 9.9946E-05 9.9946E-05 9.9946E-05 0.051613 0.00793524 9.9946E-05 9.9946E-05 9.9946E-05
0.288032 9.9946E-05 0.561195 9.9946E-05 0.00893769 9.9946E-05 9.9946E-05 9.9946E-05 0.040057 0.0472961 0.0126096 0.0337144 0.00755877 9.9946E-05
9.98831E-05 9.98831E-05 0.998702 9.98831E-05 9.98831E-05 9.98831E-05 9.98831E-05 9.98831E-05 9.98831E-05 9.98831E-05 9.98831E-05 9.98831E-05 9.98831E-05 9.98831E-05
0.573372 0.024812 0.065108 0.0242058 9.9955E-05 0.210519 0.0324177 9.9955E-05 9.9955E-05 0.0325165 9.9955E-05 0.00414383 0.0324054 9.9955E-05
