0.9996 9.997E-05 9.997E-05 9.997E-05 9.997E-05
0.85921 0.109545 0.0310455 9.9982E-05 9.9982E-05
0.89245 0.00872472 9.9982E-05 9.9982E-05 0.098625
0.577507 9.9991E-05 0.0500702 0.233365 0.138958
0.886626 0.0513381 0.0111327 9.9991E-05 0.0508032
0.909552 9.9973E-05 9.9973E-05 0.0901485 9.9973E-05
0.893452 0.0361252 0.0225359 9.9991E-05 0.0477873
0.871684 0.0187127 0.0177065 0.0487689 0.0431279
0.692274 0.0876688 9.9982E-05 9.9982E-05 0.219857
0.592315 0.127039 0.0421431 0.0466573 0.191846
9.9982E-05 9.9982E-05 0.0525871 0.929598 0.017615
9.9973E-05 0.00838153 9.9973E-05 0.991319 9.9973E-05
0.152978 9.9973E-05 9.9973E-05 0.846722 9.9973E-05
0.0855519 0.0651207 0.0684619 0.780765 9.9991E-05
0.0832818 0.0202002 0.0540057 0.697959 0.144553
0.0482037 9.9973E-05 9.9973E-05 0.951496 9.9973E-05
9.997E-05 9.997E-05 9.997E-05 0.9996 9.997E-05
9.9982E-05 0.195717 9.9982E-05 0.729449 0.0746343
9.9991E-05 0.0685885 0.00905457 0.843858 0.078399
0.0350396 9.9982E-05 9.9982E-05 0.937166 0.0275943
0.0483607 0.143173 9.9982E-05 0.808266 9.9982E-05
0.342125 0.00702566 9.9982E-05 0.65065 9.9982E-05
0.0176027 9.9982E-05 0.010697 0.9715 9.9982E-05
9.9973E-05 0.124744 9.9973E-05 0.874956 9.9973E-05
9.9982E-05 0.158229 0.0103072 0.831264 9.9982E-05
0.117813 0.248141 9.9991E-05 0.595497 0.0384491
9.9991E-05 0.0670901 0.0104019 0.576717 0.345691
0.046524 0.362856 0.0217415 0.487642 0.0812374
0.0664748 0.364286 9.9991E-05 0.525688 0.0434511
0.00945511 0.301635 9.9982E-05 0.68871 9.9982E-05
9.9973E-05 0.291449 9.9973E-05 9.9973E-05 0.708251
0.182221 0.153533 9.9991E-05 0.0581989 0.605947
9.9982E-05 0.139261 9.9982E-05 0.115517 0.745022
9.9973E-05 9.9973E-05 9.9973E-05 0.0907819 0.908918
9.9991E-05 0.123104 0.0119033 0.341385 0.523507
0.0793239 0.0421091 9.9991E-05 0.0405714 0.837896
0.255254 0.0125471 9.9991E-05 0.125507 0.606592
0.102694 0.203478 9.9991E-05 0.160137 0.533591
9.9982E-05 9.9982E-05 0.030994 0.0892836 0.879522
0.0713961 0.17927 0.0286074 0.138691 0.582036
0.103782 0.0197908 0.00210678 0.0577209 0.8166
0.131635 0.433907 9.9991E-05 0.0886125 0.345746
0.0575489 0.198444 0.00773006 0.166308 0.569969
0.0091932 0.0583752 0.0231373 0.13331 0.775984
9.9973E-05 0.0837606 9.9973E-05 9.9973E-05 0.915939
9.9991E-05 0.133119 0.00641213 0.0530717 0.807298
9.9982E-05 0.00155526 0.064053 9.9982E-05 0.934192
9.9973E-05 0.0468659 9.9973E-05 9.9973E-05 0.952834
0.092684 9.9991E-05 0.00888488 0.0923902 0.805941
0.125633 0.181049 9.9991E-05 0.0167255 0.676493
9.9973E-05 0.242663 9.9973E-05 9.9973E-05 0.757037
9.997E-05 9.997E-05 9.997E-05 9.997E-05 0.9996
9.9982E-05 0.243351 0.0142495 9.9982E-05 0.7422
9.9982E-05 0.0994388 9.9982E-05 0.0115608 0.888801
9.997E-05 9.997E-05 9.997E-05 9.997E-05 0.9996
0.0458996 0.0580486 0.066541 9.9991E-05 0.829411
0.0492555 0.902793 0.00451631 9.9991E-05 0.0433352
9.9982E-05 0.638113 9.9982E-05 0.0683701 0.293317
0.0306273 0.793994 9.9982E-05 9.9982E-05 0.175179
0.201393 0.659819 9.9982E-05 9.9982E-05 0.138588
9.9982E-05 0.869443 9.9982E-05 0.0115197 0.118838
0.0874912 0.578618 0.0758521 9.9991E-05 0.257938
0.039301 0.853687 9.9982E-05 9.9982E-05 0.106812
9.9973E-05 0.95694 0.0427604 9.9973E-05 9.9973E-05
9.9982E-05 0.972593 9.9982E-05 0.0206381 0.00656938
9.997E-05 0.9996 9.997E-05 9.997E-05 9.997E-05
9.997E-05 0.9996 9.997E-05 9.997E-05 9.997E-05
9.9973E-05 0.925541 9.9973E-05 0.0741595 9.9973E-05
9.9973E-05 0.980403 0.0192968 9.9973E-05 9.9973E-05
9.997E-05 0.9996 9.997E-05 9.997E-05 9.997E-05
9.9973E-05 0.993849 0.00585087 9.9973E-05 9.9973E-05
0.108965 0.77587 0.00398843 9.9991E-05 0.111076
9.997E-05 0.9996 9.997E-05 9.997E-05 9.997E-05
9.9991E-05 0.698425 0.0537579 0.0218031 0.225914
9.9991E-05 0.39529 0.505355 0.054391 0.0448644
9.997E-05 9.997E-05 0.9996 9.997E-05 9.997E-05
0.0259917 0.638196 0.0283476 0.0457234 0.261742
