9.997E-05 9.997E-05 9.997E-05 9.997E-05 0.9996
0.0487889 0.492589 9.9991E-05 0.0849765 0.373546
0.115555 0.456306 9.9991E-05 0.044159 0.383879
9.9973E-05 0.71997 9.9973E-05 9.9973E-05 0.27973
9.9982E-05 0.797172 0.0147982 9.9982E-05 0.18783
9.9973E-05 0.821006 9.9973E-05 9.9973E-05 0.178694
9.9973E-05 0.61475 9.9973E-05 9.9973E-05 0.38495
0.0620179 0.583429 9.9982E-05 9.9982E-05 0.354353
0.000536732 0.707256 9.9991E-05 0.0222696 0.269837
9.997E-05 9.997E-05 9.997E-05 9.997E-05 0.9996
9.997E-05 9.997E-05 9.997E-05 9.997E-05 0.9996
9.997E-05 9.997E-05 9.997E-05 9.997E-05 0.9996
9.9973E-05 9.9973E-05 9.9973E-05 0.0116613 0.988039
9.9982E-05 0.0114833 0.00383398 9.9982E-05 0.984483
0.0252459 9.9982E-05 9.9982E-05 0.0159932 0.958561
9.9973E-05 0.811906 9.9973E-05 9.9973E-05 0.187794
0.1051 0.370699 0.164141 0.0680701 0.29199
9.9973E-05 0.741441 9.9973E-05 9.9973E-05 0.258259
9.9973E-05 0.979683 9.9973E-05 9.9973E-05 0.0200166
9.997E-05 0.9996 9.997E-05 9.997E-05 9.997E-05
9.9973E-05 0.854487 9.9973E-05 9.9973E-05 0.145213
0.0309931 0.934042 9.9982E-05 9.9982E-05 0.034765
9.9982E-05 0.928554 0.00351314 9.9982E-05 0.0677327
9.9973E-05 0.904157 9.9973E-05 9.9973E-05 0.0955433
9.9973E-05 0.936679 9.9973E-05 9.9973E-05 0.0630211
9.9982E-05 0.876687 0.0952426 9.9982E-05 0.0278706
0.0495277 0.853862 0.0310486 9.9991E-05 0.0654613
9.9973E-05 0.942552 9.9973E-05 9.9973E-05 0.0571483
0.00267594 0.855021 0.0177687 9.9991E-05 0.124435
9.9973E-05 0.878642 9.9973E-05 9.9973E-05 0.121058
9.9973E-05 0.869002 9.9973E-05 9.9973E-05 0.130698
9.9991E-05 0.964762 0.00953574 0.000573892 0.0250283
0.0222824 0.884917 9.9991E-05 0.0345949 0.0581058
0.0628534 0.762303 0.0817876 9.9991E-05 0.0929558
0.0180477 0.941155 9.9982E-05 9.9982E-05 0.0405977
9.9973E-05 0.852034 9.9973E-05 9.9973E-05 0.147666
9.9973E-05 0.995216 0.0044844 9.9973E-05 9.9973E-05
0.0039839 0.832927 0.114277 0.0156218 0.0331904
0.0325704 0.83653 0.0332705 0.0642735 0.033356
9.9991E-05 0.907516 0.0577592 0.00983641 0.024788
0.0477706 0.684712 0.168377 0.099041 9.9991E-05
0.0466617 0.638794 0.314344 9.9982E-05 9.9982E-05
0.126472 0.767133 9.9991E-05 0.0875789 0.0187161
0.0619889 0.736819 0.167707 0.0333851 9.9991E-05
0.0873287 0.754299 0.158173 9.9982E-05 9.9982E-05
0.0354498 0.96425 9.9973E-05 9.9973E-05 9.9973E-05
0.037391 0.922792 0.0396167 9.9982E-05 9.9982E-05
0.0290931 0.921646 0.0490605 9.9982E-05 9.9982E-05
0.0959091 0.673314 0.214223 9.9991E-05 0.0164538
0.0418465 0.75424 0.0718634 0.0445225 0.0875276
0.0609611 0.818709 0.0315774 0.0552781 0.0334744
0.0717143 0.806686 0.121399 9.9982E-05 9.9982E-05
0.0300748 0.832608 0.137117 9.9982E-05 9.9982E-05
0.0174572 0.690724 0.2106 0.0509912 0.030228
0.00307013 0.688436 0.211484 0.0592959 0.0377145
0.111161 0.745607 0.0949304 0.0482021 9.9991E-05
0.0551003 0.704924 0.15115 0.0155469 0.0732785
9.9982E-05 0.768702 0.176778 0.0543196 9.9982E-05
0.101583 0.893674 0.00454241 9.9982E-05 9.9982E-05
0.0497708 0.736508 0.166543 0.0221805 0.0249971
9.9973E-05 0.745419 0.254281 9.9973E-05 9.9973E-05
0.0207482 0.598359 0.261696 0.104876 0.0143207
0.0755098 0.69434 0.112402 0.117648 9.9991E-05
0.0648452 0.631353 0.270379 0.0333228 9.9991E-05
9.9991E-05 0.768012 0.197222 0.0148093 0.0198572
0.0966754 0.703302 0.164222 0.0357006 9.9991E-05
0.019675 0.701251 0.168589 0.110385 9.9991E-05
0.0772643 0.543886 0.280646 0.0981041 9.9991E-05
0.0428787 0.842651 0.0893345 0.0169429 0.0081933
0.100338 0.663226 0.223031 0.013305 9.9991E-05
0.0775842 0.733185 0.0725947 0.0928461 0.0237899
0.094367 0.662838 0.169462 0.0732323 9.9991E-05
0.0685076 0.776574 0.101055 9.9991E-05 0.0537636
0.0290197 0.738759 0.178478 9.9991E-05 0.0536435
0.0574447 0.559289 0.334617 0.0329413 0.0157086
9.9982E-05 0.708054 0.228355 0.0633909 9.9982E-05
0.118142 0.701435 0.0739329 0.106391 9.9991E-05
0.0122404 0.641358 0.197464 0.148838 9.9991E-05
0.0329875 0.512715 0.283344 0.170853 9.9991E-05
0.0566958 0.431126 0.305696 0.206382 9.9991E-05
0.106984 0.428108 0.325245 0.139563 9.9991E-05
0.0593783 0.423527 0.340963 0.176031 9.9991E-05
0.0593239 0.481293 0.317439 0.141844 9.9991E-05
0.0085025 0.559481 0.24758 0.184336 9.9991E-05
0.0384803 0.46975 0.226813 0.264856 9.9991E-05
0.12205 0.470099 0.207702 0.200049 9.9991E-05
0.0868771 0.509595 0.236898 0.118487 0.0481421
0.00513299 0.535847 0.28314 0.17578 9.9991E-05
0.0561708 0.397956 0.357779 0.187994 9.9991E-05
0.10587 0.360522 0.40326 0.130248 9.9991E-05
0.0883765 0.49192 0.223236 0.178951 0.0175165
0.0742357 0.537037 0.207223 0.164704 0.0168005
0.120909 0.298582 0.321808 0.236782 0.0219185
9.997E-05 9.997E-05 9.997E-05 0.9996 9.997E-05
0.0177159 9.9982E-05 9.9982E-05 0.942259 0.0398248
0.0115438 0.0551783 0.00574751 0.92743 9.9991E-05
0.0129678 9.9973E-05 9.9973E-05 0.986732 9.9973E-05
9.997E-05 9.997E-05 9.997E-05 0.9996 9.997E-05
9.997E-05 9.997E-05 9.997E-05 0.9996 9.997E-05
9.997E-05 9.997E-05 9.997E-05 0.9996 9.997E-05
0.0149227 0.0211188 9.9991E-05 0.942066 0.0217927
9.997E-05 9.997E-05 9.997E-05 0.9996 9.997E-05
9.997E-05 9.997E-05 9.997E-05 0.9996 9.997E-05
0.094306 0.261387 0.517061 0.127146 9.9991E-05
0.000587536 0.0262236 9.9991E-05 0.972572 0.00051718
9.997E-05 9.997E-05 9.997E-05 0.9996 9.997E-05
9.997E-05 9.997E-05 9.997E-05 0.9996 9.997E-05
0.0470735 0.24841 0.510142 0.194275 9.9991E-05
0.075157 0.286578 0.512256 0.125908 9.9991E-05
0.0628259 0.249561 0.527151 0.160363 9.9991E-05
0.0675186 0.25497 0.459434 0.217978 9.9991E-05
0.0282385 0.30466 0.52351 0.143492 9.9991E-05
0.0293307 0.450957 0.437171 0.0824421 9.9991E-05
0.0132237 0.404907 0.386495 0.195275 9.9991E-05
0.0286629 0.293393 0.503127 0.174717 9.9991E-05
0.0894649 0.240293 0.414678 0.255464 9.9991E-05
0.0784394 0.270401 0.416181 0.234879 9.9991E-05
0.060992 0.374457 0.429325 0.135126 9.9991E-05
0.0798257 0.291967 0.398523 0.229585 9.9991E-05
0.101931 0.311331 0.472979 0.113659 9.9991E-05
0.073297 0.308197 0.446703 0.171703 9.9991E-05
0.0147978 9.9982E-05 0.970597 0.014405 9.9982E-05
0.035178 9.9982E-05 0.937308 0.0273138 9.9982E-05
9.997E-05 9.997E-05 0.9996 9.997E-05 9.997E-05
9.997E-05 9.997E-05 0.9996 9.997E-05 9.997E-05
9.9973E-05 9.9973E-05 0.968039 0.0316613 9.9973E-05
0.01036 9.9982E-05 0.980862 0.00857765 9.9982E-05
0.0109469 9.9973E-05 0.988753 9.9973E-05 9.9973E-05
0.0127278 0.0763675 0.884214 0.01789 0.00880074
0.0320587 9.9973E-05 0.967641 9.9973E-05 9.9973E-05
0.00857128 9.9973E-05 0.991129 9.9973E-05 9.9973E-05
0.0113231 9.9991E-05 0.866971 0.119011 0.00259563
0.00245336 9.9982E-05 0.993269 0.0040778 9.9982E-05
0.0931823 0.040865 0.841756 0.0240969 9.9991E-05
0.9996 9.997E-05 9.997E-05 9.997E-05 9.997E-05
0.113378 0.265269 0.395084 0.226169 9.9991E-05
0.9996 9.997E-05 9.997E-05 9.997E-05 9.997E-05
0.9996 9.997E-05 9.997E-05 9.997E-05 9.997E-05
0.971182 9.9982E-05 9.9982E-05 0.0276926 0.000925463
0.808749 0.11936 0.0403164 0.0314747 9.9991E-05
0.9996 9.997E-05 9.997E-05 9.997E-05 9.997E-05
0.912028 9.9982E-05 0.0670004 9.9982E-05 0.0207719
0.9996 9.997E-05 9.997E-05 9.997E-05 9.997E-05
0.929401 0.0668566 0.00354244 9.9982E-05 9.9982E-05
0.9996 9.997E-05 9.997E-05 9.997E-05 9.997E-05
0.987525 9.9973E-05 0.0121752 9.9973E-05 9.9973E-05
0.963739 9.9982E-05 0.014763 0.0212976 9.9982E-05
0.822776 9.9982E-05 0.129621 0.0474037 9.9982E-05
0.941449 9.9991E-05 0.0191527 0.0142992 0.0249994
0.912285 0.0100915 0.017506 0.0482998 0.011818
0.916552 0.00516505 0.0780826 9.9982E-05 9.9982E-05
0.871505 0.0475139 0.0448447 0.0168491 0.0192873
0.906336 0.0315172 0.0619466 9.9982E-05 9.9982E-05
0.0702092 0.195075 0.58361 0.104969 0.0461371
0.0702236 0.219697 0.544654 0.101753 0.0636719
0.0833185 0.185055 0.531469 0.142406 0.0577517
0.0776884 0.220306 0.512844 0.120297 0.0688655
0.0444965 0.0992042 0.679251 0.164003 0.0130459
0.0748289 9.99821E-05 0.763134 0.161837 9.99821E-05
0.076888 0.0647823 0.684446 0.154417 0.0194669
0.0973279 0.0355199 0.697734 0.161241 0.00817735
0.0886786 0.0277486 0.683389 0.193728 0.00645673
0.0985346 0.0370112 0.647713 0.190344 0.0263978
0.0576319 0.0809091 0.64921 0.20227 0.00997973
0.121685 0.169689 0.585833 0.10493 0.0178619
0.0673248 0.201252 0.571973 0.140014 0.0194368
9.9973E-05 9.9973E-05 0.944489 9.9973E-05 0.0552113
9.9973E-05 9.9973E-05 0.98042 9.9973E-05 0.0192797
9.9973E-05 9.9973E-05 0.967309 9.9973E-05 0.0323907
9.9973E-05 9.9973E-05 0.956069 9.9973E-05 0.0436309
9.9973E-05 9.9973E-05 0.992193 9.9973E-05 0.00750689
9.9982E-05 0.04493 0.888885 9.9982E-05 0.0659854
9.9973E-05 9.9973E-05 0.972741 9.9973E-05 0.0269589
9.9973E-05 9.9973E-05 0.985118 9.9973E-05 0.0145821
9.9973E-05 9.9973E-05 0.956146 9.9973E-05 0.0435541
9.9973E-05 9.9973E-05 0.948643 9.9973E-05 0.0510575
9.9973E-05 9.9973E-05 0.969863 9.9973E-05 0.0298375
9.9973E-05 9.9973E-05 0.984405 9.9973E-05 0.015295
