9.997E-05 0.9996 9.997E-05 9.997E-05 9.997E-05
0.0314429 0.49209 0.273731 0.103246 0.0994915
9.999E-05 0.49607 0.223121 0.0843672 0.196342
9.9973E-05 0.420239 0.579461 9.9973E-05 9.9973E-05
0.0858361 0.332051 0.581913 9.9982E-05 9.9982E-05
9.9982E-05 0.378179 0.558489 9.9982E-05 0.0631317
9.9982E-05 0.583635 0.404409 9.9982E-05 0.0117566
0.0320318 0.465718 0.41099 0.00265218 0.0886087
0.0303925 0.424677 0.474631 0.00666241 0.0636374
9.997E-05 0.9996 9.997E-05 9.997E-05 9.997E-05
9.997E-05 0.9996 9.997E-05 9.997E-05 9.997E-05
9.997E-05 0.9996 9.997E-05 9.997E-05 9.997E-05
9.997E-05 0.9996 9.997E-05 9.997E-05 9.997E-05
0.0164045 0.983296 9.9973E-05 9.9973E-05 9.9973E-05
9.997E-05 0.9996 9.997E-05 9.997E-05 9.997E-05
0.00931659 0.364034 0.597121 9.9991E-05 0.0294287
0.0871069 0.361688 0.44205 0.0240605 0.0850942
9.9973E-05 0.384115 0.615585 9.9973E-05 9.9973E-05
0.0274165 0.186185 0.786198 9.9982E-05 9.9982E-05
9.99731E-05 0.166865 0.832835 9.99731E-05 9.99731E-05
0.0382963 0.323914 0.63759 9.9982E-05 9.9982E-05
9.9982E-05 0.19919 0.741777 9.9982E-05 0.0588336
0.0571167 0.212624 0.668637 9.9991E-05 0.0615217
9.9982E-05 0.255527 0.739246 9.9982E-05 0.00502663
9.9973E-05 0.255781 0.743919 9.9973E-05 9.9973E-05
0.0616416 0.147943 0.790215 9.9982E-05 9.9982E-05
0.0977304 0.190967 0.67824 9.9991E-05 0.0329624
9.9982E-05 0.191642 0.775399 9.9982E-05 0.0327586
0.0139035 0.248952 0.736945 9.9982E-05 9.9982E-05
9.9973E-05 0.321844 0.677856 9.9973E-05 9.9973E-05
0.0268617 0.291157 0.681782 9.9982E-05 9.9982E-05
0.0312989 0.204762 0.763739 9.9982E-05 9.9982E-05
0.0505922 0.180888 0.761097 9.9991E-05 0.00732303
9.9991E-05 0.257165 0.687352 0.00504329 0.0503398
0.0545409 0.175246 0.66825 9.9991E-05 0.101863
9.9973E-05 0.328848 0.670852 9.9973E-05 9.9973E-05
9.9973E-05 0.111006 0.888694 9.9973E-05 9.9973E-05
0.0628199 0.120322 0.790457 9.9991E-05 0.0263013
0.0646578 0.162753 0.675668 0.0345583 0.0623627
9.9973E-05 0.154308 0.845392 9.9973E-05 9.9973E-05
9.9991E-05 0.0282978 0.890929 0.0327762 0.0478965
0.0780953 0.00384807 0.854457 9.9991E-05 0.0634993
9.9991E-05 0.119528 0.755911 0.0133129 0.111148
0.000750043 0.0220392 0.925227 9.9991E-05 0.0518839
0.0388881 9.9982E-05 0.899199 9.9982E-05 0.061713
0.00657919 0.035897 0.918402 9.9991E-05 0.0390213
9.9982E-05 0.0222073 0.974001 9.9982E-05 0.00359141
0.0166138 0.0802029 0.867227 9.9991E-05 0.0358564
0.0372482 0.104221 0.821966 9.9991E-05 0.0364647
0.00314168 0.188927 0.762972 9.9991E-05 0.0448587
0.0378776 0.121597 0.786287 9.9991E-05 0.0541385
0.00587977 0.0529618 0.894744 9.9991E-05 0.0463142
0.0119852 0.0659077 0.875797 9.9991E-05 0.0462097
0.0635612 0.0938987 0.829336 0.0131042 9.9991E-05
0.0554674 0.0917266 0.802547 0.0380581 0.012201
0.0167817 0.0345785 0.832657 9.9991E-05 0.115883
0.0648386 0.114605 0.708576 9.9991E-05 0.11188
0.0571644 0.0576224 0.871129 9.9991E-05 0.0139841
9.9982E-05 0.0624562 0.854347 9.9982E-05 0.082997
0.125102 0.113404 0.731024 0.0166891 0.0137815
0.0517239 0.0488603 0.899216 9.9982E-05 9.9982E-05
9.9982E-05 0.0624587 0.892479 0.0448625 9.9982E-05
0.0386118 0.0476937 0.807145 0.0407655 0.0657845
0.0778269 0.00624207 0.794661 0.00950429 0.111766
0.0222914 0.0651609 0.912348 9.9982E-05 9.9982E-05
0.030941 0.00251615 0.868733 0.0215756 0.0762339
9.9982E-05 9.9982E-05 0.940317 0.055926 0.0035575
0.0376922 0.0469164 0.802099 0.0446315 0.0686608
0.0318371 0.0881238 0.837385 9.9991E-05 0.0425539
9.9973E-05 9.9973E-05 0.924993 9.9973E-05 0.0747073
9.9991E-05 0.0967917 0.76374 0.0666078 0.0727604
0.051784 9.9991E-05 0.86908 0.00685429 0.0721817
0.0793969 0.123399 0.783737 9.9991E-05 0.0133673
0.0388856 0.0829321 0.847105 9.9991E-05 0.0309777
0.0182359 0.0384447 0.917642 9.9991E-05 0.0255771
0.0925472 0.0214211 0.885832 9.9982E-05 9.9982E-05
9.9973E-05 9.9973E-05 0.921442 9.9973E-05 0.0782582
0.00554391 0.016925 0.813183 0.123838 0.0405096
0.0851031 9.9991E-05 0.757998 0.12484 0.0319597
0.0738901 9.9991E-05 0.752452 0.149918 0.0236403
0.0278361 0.0247774 0.804849 0.133018 0.00951972
0.0365059 9.9991E-05 0.768672 0.176981 0.017741
0.0668011 9.9991E-05 0.778553 0.110099 0.0444463
9.9991E-05 0.0256512 0.829966 0.0882503 0.0560329
0.0314963 0.00369242 0.694284 0.192459 0.0780686
0.0419405 0.00795887 0.702892 0.143284 0.103925
0.0899263 0.0788098 0.757754 0.0400653 0.0334448
0.0234874 0.0179336 0.831489 0.12699 9.9991E-05
0.0348717 0.015618 0.685718 0.157626 0.106166
0.13319 0.0147385 0.66661 0.113923 0.0715394
0.0497636 0.0749329 0.645813 0.141357 0.0881331
9.9991E-05 0.042983 0.721181 0.160132 0.0756042
0.167043 0.0399675 0.529715 0.182594 0.0806802
9.997E-05 9.997E-05 9.997E-05 0.9996 9.997E-05
9.9973E-05 9.9973E-05 0.0605681 0.939132 9.9973E-05
0.0229049 9.99977E-05 0.0665106 0.900145 0.0103396
9.997E-05 9.997E-05 9.997E-05 0.9996 9.997E-05
9.997E-05 9.997E-05 9.997E-05 0.9996 9.997E-05
9.997E-05 9.997E-05 9.997E-05 0.9996 9.997E-05
9.997E-05 9.997E-05 9.997E-05 0.9996 9.997E-05
9.9982E-05 0.013768 0.0348029 0.951229 9.9982E-05
0.00684003 0.00605673 9.9982E-05 0.986903 9.9982E-05
9.997E-05 9.997E-05 9.997E-05 0.9996 9.997E-05
0.135807 9.9991E-05 0.700817 0.118744 0.0445322
0.018142 9.9991E-05 0.0639927 0.887378 0.0303869
9.997E-05 9.997E-05 9.997E-05 0.9996 9.997E-05
9.9973E-05 9.9973E-05 9.9973E-05 0.99941 0.000290022
0.134124 9.9991E-05 0.765058 0.0917308 0.00898762
0.0679247 9.9991E-05 0.805185 0.105501 0.0212894
0.126602 9.9991E-05 0.68503 0.134858 0.0534107
0.0822922 9.9991E-05 0.733195 0.156781 0.0276318
0.106681 9.9991E-05 0.72446 0.132744 0.0360152
0.0470077 9.9982E-05 0.861655 0.0911377 9.9982E-05
0.0513602 9.9982E-05 0.75339 0.19505 9.9982E-05
0.0835602 9.9982E-05 0.780071 0.136169 9.9982E-05
0.0847925 9.9991E-05 0.65251 0.232362 0.0302357
0.0665481 9.9991E-05 0.678144 0.229928 0.0252801
0.123074 9.9991E-05 0.730798 0.119896 0.0261321
0.0912493 9.9991E-05 0.665035 0.205135 0.0384808
0.115031 9.9991E-05 0.732573 0.0856544 0.0666421
0.0903571 9.9991E-05 0.757045 0.103656 0.0488423
0.00353678 9.9991E-05 0.92226 0.0400372 0.0340661
0.0603094 9.9982E-05 0.885472 0.0540185 9.9982E-05
9.9973E-05 9.9973E-05 0.999377 0.000322948 9.9973E-05
9.997E-05 9.997E-05 0.9996 9.997E-05 9.997E-05
9.9973E-05 9.9973E-05 0.992405 0.00729498 9.9973E-05
9.9973E-05 9.9973E-05 0.976193 0.0235068 9.9973E-05
9.9973E-05 9.9973E-05 0.930542 0.0691583 9.9973E-05
0.079375 9.9982E-05 0.898366 0.0220589 9.9982E-05
9.997E-05 9.997E-05 0.9996 9.997E-05 9.997E-05
9.9973E-05 9.9973E-05 0.99173 0.00797044 9.9973E-05
9.9982E-05 9.9982E-05 0.916084 0.0650737 0.0186423
0.00336644 9.9982E-05 0.938015 0.058419 9.9982E-05
9.9982E-05 9.9982E-05 0.936199 0.0309915 0.0326096
9.997E-05 9.997E-05 9.997E-05 9.997E-05 0.9996
0.0680557 9.9991E-05 0.632016 0.192426 0.107402
9.997E-05 9.997E-05 9.997E-05 9.997E-05 0.9996
9.997E-05 9.997E-05 9.997E-05 9.997E-05 0.9996
9.9973E-05 9.9973E-05 9.9973E-05 0.0253033 0.974397
9.9982E-05 0.0122486 0.172935 9.9982E-05 0.814616
9.997E-05 9.997E-05 9.997E-05 9.997E-05 0.9996
9.9973E-05 9.9973E-05 0.108449 9.9973E-05 0.891251
9.9973E-05 9.9973E-05 9.9973E-05 0.00529319 0.994407
9.9973E-05 9.9973E-05 0.0431282 9.9973E-05 0.956572
9.9973E-05 9.9973E-05 0.0165902 9.9973E-05 0.98311
0.00653783 0.000286909 9.9982E-05 9.9982E-05 0.992975
9.9982E-05 0.00436221 9.9982E-05 0.0256993 0.969739
0.0530769 9.9991E-05 0.106653 0.0143723 0.825798
0.00986854 9.9982E-05 0.0438306 9.9982E-05 0.946101
0.0366367 0.0121992 0.0129727 0.0260762 0.912115
0.0720149 9.9991E-05 0.0337149 0.00471679 0.889453
0.0188223 0.0600817 0.0395975 0.00700753 0.874491
9.9982E-05 9.9982E-05 0.00625136 0.0156716 0.977877
0.371818 0.0307197 0.449361 0.0810813 0.0670195
0.303743 0.0171557 0.538358 0.0936706 0.0470718
0.377541 0.020441 0.403523 0.0997475 0.0987481
0.342072 0.0297178 0.482986 0.0422493 0.102975
0.492141 9.9991E-05 0.218776 0.158577 0.130406
0.609786 9.9991E-05 0.0382255 0.244566 0.107323
0.506716 9.9991E-05 0.156375 0.229136 0.107673
0.557959 9.9991E-05 0.106923 0.221928 0.11309
0.509297 9.9991E-05 0.206612 0.178253 0.105738
0.46346 9.9991E-05 0.202895 0.238722 0.0948225
0.444244 9.9991E-05 0.220335 0.24985 0.0854712
0.388249 0.0245981 0.294036 0.162655 0.130462
0.425323 0.00278568 0.274221 0.183428 0.114242
0.9996 9.997E-05 9.997E-05 9.997E-05 9.997E-05
0.9996 9.997E-05 9.997E-05 9.997E-05 9.997E-05
0.9996 9.997E-05 9.997E-05 9.997E-05 9.997E-05
0.9996 9.997E-05 9.997E-05 9.997E-05 9.997E-05
0.9996 9.997E-05 9.997E-05 9.997E-05 9.997E-05
0.925581 0.0044971 0.0697216 9.9982E-05 9.9982E-05
0.9996 9.997E-05 9.997E-05 9.997E-05 9.997E-05
0.9996 9.997E-05 9.997E-05 9.997E-05 9.997E-05
0.9996 9.997E-05 9.997E-05 9.997E-05 9.997E-05
0.969793 9.9973E-05 0.0299067 9.9973E-05 9.9973E-05
0.9996 9.997E-05 9.997E-05 9.997E-05 9.997E-05
0.9996 9.997E-05 9.997E-05 9.997E-05 9.997E-05
