9.997E-05 9.997E-05 9.997E-05 9.997E-05 0.9996
0.501934 9.9991E-05 0.0840702 0.0542734 0.359623
0.503404 9.9991E-05 0.0795564 0.055743 0.361197
0.725313 9.9973E-05 9.9973E-05 9.9973E-05 0.274387
0.81601 0.0397884 9.9982E-05 9.9982E-05 0.144002
0.779279 9.9982E-05 9.9982E-05 0.00874695 0.211775
0.652463 9.9973E-05 9.9973E-05 9.9973E-05 0.347237
0.586379 9.9982E-05 9.9982E-05 0.0845572 0.328864
0.695363 9.9991E-05 0.0120834 0.0336166 0.258837
9.997E-05 9.997E-05 9.997E-05 9.997E-05 0.9996
9.997E-05 9.997E-05 9.997E-05 9.997E-05 0.9996
9.997E-05 9.997E-05 9.997E-05 9.997E-05 0.9996
9.997E-05 9.997E-05 9.997E-05 9.997E-05 0.9996
0.0393222 9.9982E-05 9.9982E-05 0.0111218 0.949356
9.9982E-05 9.9982E-05 0.00496004 0.0304287 0.964411
0.791353 9.9982E-05 9.9982E-05 0.0043845 0.204062
0.509081 0.0996713 0.0818446 0.0683111 0.241092
0.785232 9.9973E-05 9.9973E-05 9.9973E-05 0.214468
0.993011 9.9973E-05 9.9973E-05 9.9973E-05 0.00668901
0.9996 9.997E-05 9.997E-05 9.997E-05 9.997E-05
0.862286 9.9973E-05 9.9973E-05 9.9973E-05 0.137414
0.875908 0.000624129 0.0135865 0.0433371 0.0665442
0.953572 9.9973E-05 9.9973E-05 9.9973E-05 0.0461278
0.907487 9.9973E-05 9.9973E-05 9.9973E-05 0.0922135
0.958381 9.9973E-05 9.9973E-05 9.9973E-05 0.041319
0.927219 0.0505811 9.9991E-05 0.0150633 0.00703682
0.902826 9.9982E-05 9.9982E-05 0.0490568 0.0479173
0.957148 9.9973E-05 9.9973E-05 9.9973E-05 0.0425524
0.8618 0.0376977 9.9991E-05 0.0122221 0.0881805
0.886563 9.9973E-05 9.9973E-05 9.9973E-05 0.113137
0.884664 9.9973E-05 9.9973E-05 9.9973E-05 0.115036
0.966701 9.9982E-05 0.00351999 9.9982E-05 0.0295786
0.93444 9.9991E-05 0.000406918 0.0165386 0.0485141
0.744319 0.0807835 9.9991E-05 0.0835155 0.0912823
0.868849 0.0950731 9.9991E-05 0.00768576 0.0282922
0.874158 9.9973E-05 9.9973E-05 9.9973E-05 0.125543
0.9996 9.997E-05 9.997E-05 9.997E-05 9.997E-05
0.798878 0.127106 9.9991E-05 0.0398999 0.0340157
0.772627 0.0792219 0.0465433 0.0637727 0.0378356
0.830249 0.0950711 0.0468374 9.9991E-05 0.0277426
0.702977 0.0992739 0.129281 0.0683673 9.9991E-05
0.667082 0.221164 0.0180704 0.0911916 0.00249126
0.673329 0.0545302 0.0798532 0.137608 0.0546794
0.725621 0.174474 0.041751 0.0580538 9.9991E-05
0.781959 0.167624 9.9982E-05 0.0502166 9.9982E-05
0.939637 0.00968165 9.9982E-05 0.0504811 9.9982E-05
0.871169 0.0856727 9.9982E-05 0.0429581 9.9982E-05
0.889128 0.043745 9.9982E-05 0.0669275 9.9982E-05
0.661767 0.205517 9.9991E-05 0.0837548 0.0488617
0.78564 0.0660661 0.026979 0.00575863 0.115557
0.835914 0.00287491 0.0486948 0.0876632 0.024853
0.798244 0.112708 9.9982E-05 0.0888482 9.9982E-05
0.837172 0.12693 9.9982E-05 0.0356987 9.9982E-05
0.702424 0.209331 0.0429087 0.0283012 0.0170345
0.665322 0.23041 0.0512696 0.0192807 0.0337177
0.758279 0.107348 0.0240476 0.110225 9.9991E-05
0.605179 0.218265 0.021963 0.0657809 0.0888126
0.818535 0.170595 0.0106699 9.9982E-05 9.9982E-05
0.866247 0.0331863 9.9982E-05 0.100367 9.9982E-05
0.76457 0.148714 0.0216682 0.0320811 0.0329664
0.761185 0.238515 9.9973E-05 9.9973E-05 9.9973E-05
0.693808 0.273646 0.0199353 0.0125101 9.9991E-05
0.673485 0.145751 0.0691668 0.111497 9.9991E-05
0.611716 0.219588 0.0628868 0.10571 9.9991E-05
0.823217 0.176483 9.9973E-05 9.9973E-05 9.9973E-05
0.712762 0.149889 0.0380489 0.0991992 9.9991E-05
0.720401 0.170966 0.084324 0.0242081 9.9991E-05
0.588005 0.262772 0.0739941 0.0515698 0.0236594
0.85696 0.107954 9.9982E-05 0.0348867 9.9982E-05
0.6654 0.172698 0.0516886 0.110114 9.9991E-05
0.797897 0.0342217 0.0896586 0.0728838 0.00533913
0.623029 0.22319 0.0857113 0.067969 9.9991E-05
0.802309 0.138108 0.0145386 0.00653339 0.0385113
0.725179 0.219966 9.9991E-05 0.0286931 0.0260613
0.547258 0.281561 0.0423181 0.0887599 0.0401023
0.704833 0.241068 0.0367706 0.0172293 9.9991E-05
0.73563 0.144888 0.0701112 0.0492709 9.9991E-05
0.613549 0.156751 0.175545 0.0421036 0.012051
0.405383 0.362916 0.100315 0.131286 9.9991E-05
0.408589 0.334352 0.185851 0.071108 9.9991E-05
0.449122 0.347662 0.139952 0.0631637 9.9991E-05
0.439193 0.371668 0.135393 0.0536461 9.9991E-05
0.435356 0.343822 0.125373 0.0953489 9.9991E-05
0.514257 0.2671 0.190585 0.0279581 9.9991E-05
0.449416 0.318673 0.216782 0.0150295 9.9991E-05
0.450936 0.203004 0.194033 0.151927 9.9991E-05
0.569877 0.200873 0.0871955 0.0997329 0.0423213
0.573768 0.240373 0.166107 0.0196516 9.9991E-05
0.409737 0.301098 0.158579 0.130487 9.9991E-05
0.410002 0.352463 0.118919 0.118516 9.9991E-05
0.505868 0.169616 0.198936 0.106323 0.0192574
0.501918 0.243079 0.146931 0.0829103 0.0251621
0.336768 0.350913 0.196009 0.0923513 0.0239591
9.997E-05 9.997E-05 0.9996 9.997E-05 9.997E-05
0.0264706 0.00198325 0.940656 0.00141579 0.0294744
0.0875784 0.00366802 0.905932 9.9991E-05 0.00272206
9.997E-05 9.997E-05 0.9996 9.997E-05 9.997E-05
9.997E-05 9.997E-05 0.9996 9.997E-05 9.997E-05
9.997E-05 9.997E-05 0.9996 9.997E-05 9.997E-05
9.997E-05 9.997E-05 0.9996 9.997E-05 9.997E-05
0.0874683 0.00621652 0.906115 9.9982E-05 9.9982E-05
9.997E-05 9.997E-05 0.9996 9.997E-05 9.997E-05
9.997E-05 9.997E-05 0.9996 9.997E-05 9.997E-05
0.277685 0.524637 0.0941981 0.10338 9.9991E-05
0.021712 0.0134697 0.964618 9.9982E-05 9.9982E-05
9.997E-05 9.997E-05 0.9996 9.997E-05 9.997E-05
9.9982E-05 9.9982E-05 0.997776 0.000106973 0.00191702
0.224223 0.58343 0.146682 0.0455653 9.9991E-05
0.314607 0.46638 0.155813 0.0630993 9.9991E-05
0.291861 0.501887 0.134962 0.0711898 9.9991E-05
0.238805 0.482543 0.179247 0.0993054 9.9991E-05
0.263293 0.51142 0.138942 0.0862455 9.9991E-05
0.466569 0.424269 0.108962 9.9982E-05 9.9982E-05
0.369474 0.43279 0.153679 0.0439569 9.9991E-05
0.339622 0.495239 0.145479 0.0195606 9.9991E-05
0.269156 0.372419 0.26156 0.0967645 9.9991E-05
0.300938 0.386939 0.235024 0.0769985 9.9991E-05
0.381319 0.416008 0.137753 0.0648206 9.9991E-05
0.287636 0.408489 0.227049 0.0767263 9.9991E-05
0.310452 0.501664 0.0893872 0.0983968 9.9991E-05
0.314323 0.457817 0.165683 0.0620765 9.9991E-05
9.9982E-05 0.946646 0.0180442 0.0351097 9.9982E-05
9.9982E-05 0.962156 0.0092894 0.0283546 9.9982E-05
9.997E-05 0.9996 9.997E-05 9.997E-05 9.997E-05
9.997E-05 0.9996 9.997E-05 9.997E-05 9.997E-05
9.9973E-05 0.978789 9.9973E-05 0.0209111 9.9973E-05
9.9982E-05 0.974613 0.0164284 0.00875898 9.9982E-05
9.9982E-05 0.984599 0.0140478 0.00115361 9.9982E-05
0.0504524 0.86835 9.9991E-05 0.0584944 0.0226033
9.9973E-05 0.958317 9.9973E-05 0.0413828 9.9973E-05
9.997E-05 0.9996 9.997E-05 9.997E-05 9.997E-05
9.9982E-05 0.913225 0.0422205 0.0443541 9.9982E-05
9.9982E-05 0.960207 0.0266512 0.0129413 9.9982E-05
0.0293197 0.868568 0.00558526 0.0964269 9.9991E-05
9.997E-05 9.997E-05 9.997E-05 0.9996 9.997E-05
0.260421 0.456327 0.18243 0.100723 9.9991E-05
0.00780928 9.9973E-05 9.9973E-05 0.991891 9.9973E-05
9.997E-05 9.997E-05 9.997E-05 0.9996 9.997E-05
9.9982E-05 9.9982E-05 0.0386924 0.946073 0.0150343
0.0934269 0.0866794 0.0390335 0.778409 0.00245076
9.997E-05 9.997E-05 9.997E-05 0.9996 9.997E-05
0.0994325 0.0108087 9.9991E-05 0.885694 0.00396457
9.997E-05 9.997E-05 9.997E-05 0.9996 9.997E-05
0.046439 0.00838423 9.9982E-05 0.944977 9.9982E-05
9.997E-05 9.997E-05 9.997E-05 0.9996 9.997E-05
0.0392591 9.9973E-05 9.9973E-05 0.960441 9.9973E-05
9.9973E-05 9.9973E-05 9.9973E-05 0.996328 0.00337245
9.9982E-05 0.140985 0.0735048 0.785311 9.9982E-05
0.0120998 0.0112774 9.9991E-05 0.947053 0.0294695
9.9991E-05 0.0611585 0.0273501 0.903175 0.00821641
0.00980747 0.0732944 0.0169076 0.886464 0.0135264
0.0228673 0.0454027 9.9991E-05 0.886494 0.0451361
9.9973E-05 0.0446186 9.9973E-05 0.955081 9.9973E-05
0.245508 0.525521 0.095526 0.106317 0.0271278
0.308095 0.521682 0.0742379 0.0762937 0.0196911
0.31272 0.474646 0.0792144 0.0886326 0.0447877
0.218358 0.540361 0.0895976 0.102922 0.0487611
0.128412 0.655801 0.161608 0.0350741 0.0191049
9.9991E-05 0.755733 0.165611 0.0596302 0.0189257
0.0463564 0.68406 0.180868 0.0813475 0.00736743
9.9982E-05 0.749248 0.186073 0.0644788 9.9982E-05
0.0109806 0.687246 0.181414 0.092328 0.0280317
0.0881222 0.644459 0.193344 0.0505395 0.0235356
0.0645547 0.653995 0.169543 0.0799905 0.0319166
0.0822139 0.668028 0.111534 0.0844224 0.0538024
0.176142 0.548446 0.16418 0.105988 0.00524378
9.9973E-05 0.982627 9.9973E-05 9.9973E-05 0.0170735
9.9973E-05 0.976907 9.9973E-05 9.9973E-05 0.0227931
9.9973E-05 0.971093 9.9973E-05 9.9973E-05 0.0286074
9.9973E-05 0.96476 9.9973E-05 9.9973E-05 0.0349404
9.9973E-05 0.996737 9.9973E-05 9.9973E-05 0.00296313
0.0371938 0.913661 9.9982E-05 9.9982E-05 0.0489453
9.9973E-05 0.984016 9.9973E-05 9.9973E-05 0.0156845
9.9973E-05 0.960988 9.9973E-05 9.9973E-05 0.0387125
9.9973E-05 0.952164 9.9973E-05 9.9973E-05 0.0475365
9.9973E-05 0.964206 9.9973E-05 9.9973E-05 0.0354942
9.9973E-05 0.982987 9.9973E-05 9.9973E-05 0.0167133
9.9973E-05 0.967307 9.9973E-05 9.9973E-05 0.0323927
