9.997E-05 9.997E-05 9.997E-05 9.997E-05 0.9996
0.102441 0.304639 9.9991E-05 0.0771001 0.515721
0.0758288 0.259644 9.9991E-05 0.157053 0.507373
9.9973E-05 0.54943 9.9973E-05 9.9973E-05 0.45027
9.9982E-05 0.658522 0.0265237 9.9982E-05 0.314755
9.9982E-05 0.544576 9.9982E-05 0.0608458 0.394378
9.9973E-05 0.471359 9.9973E-05 9.9973E-05 0.528341
0.0133571 0.390634 9.9991E-05 0.0809073 0.515002
9.999E-05 0.508113 0.0182829 0.0489185 0.424585
9.997E-05 9.997E-05 9.997E-05 9.997E-05 0.9996
9.997E-05 9.997E-05 9.997E-05 9.997E-05 0.9996
9.997E-05 9.997E-05 9.997E-05 9.997E-05 0.9996
9.997E-05 9.997E-05 9.997E-05 9.997E-05 0.9996
9.9973E-05 9.9973E-05 0.036223 9.9973E-05 0.963477
0.00967328 9.9991E-05 0.0174723 0.000822398 0.971932
9.999E-05 0.592379 0.041058 0.030701 0.335762
0.0841166 0.438022 0.0775276 0.0418589 0.358475
9.9973E-05 0.598356 9.9973E-05 9.9973E-05 0.401344
9.9982E-05 0.793434 0.0323901 9.9982E-05 0.173976
9.9982E-05 0.847571 0.00520871 9.9982E-05 0.14702
9.9982E-05 0.669824 0.0628272 9.9982E-05 0.267148
9.999E-05 0.790232 0.00851361 0.037734 0.163421
9.9991E-05 0.749729 0.0494652 0.0108037 0.189902
9.9982E-05 0.764477 9.9982E-05 0.00225604 0.233067
9.9973E-05 0.803461 9.9973E-05 9.9973E-05 0.196239
9.9982E-05 0.84631 0.00375653 9.9982E-05 0.149734
9.9991E-05 0.715308 0.0827194 0.0324463 0.169426
9.9982E-05 0.764281 9.9982E-05 0.00970109 0.225818
9.9982E-05 0.774588 0.00940594 9.9982E-05 0.215806
9.9973E-05 0.697647 9.9973E-05 9.9973E-05 0.302053
0.00719505 0.718272 0.00890466 9.9991E-05 0.265528
9.9982E-05 0.804202 0.0366739 9.9982E-05 0.158924
9.9991E-05 0.781659 0.0182642 0.0200609 0.179915
9.9982E-05 0.776939 9.9982E-05 0.0388002 0.18406
9.9991E-05 0.771952 0.020989 0.0321548 0.174804
9.9973E-05 0.67248 9.9973E-05 9.9973E-05 0.32722
9.9982E-05 0.890708 0.0147983 9.9982E-05 0.0942936
0.0302064 0.741109 0.0834632 0.0240702 0.121151
0.0347071 0.689719 0.0929446 0.0557626 0.126867
9.9982E-05 0.79738 0.0775076 9.9982E-05 0.124912
0.0481187 0.901126 9.9991E-05 0.0248758 0.0257795
0.0252399 0.884307 0.0643942 0.0215707 0.00448838
0.0295778 0.746971 9.9991E-05 0.0870612 0.13629
0.0543579 0.874709 9.9991E-05 0.0457706 0.0250624
9.9991E-05 0.8806 0.0390364 0.0587533 0.0215098
9.9982E-05 0.929925 9.9982E-05 0.0367763 0.033099
9.9973E-05 0.970425 9.9973E-05 9.9973E-05 0.0292748
9.9991E-05 0.881305 0.0127816 0.0410397 0.0647737
9.9991E-05 0.808733 0.0846438 0.012848 0.0936749
0.0051576 0.761287 9.9991E-05 0.0309713 0.202484
0.0448878 0.770452 0.0286659 0.0337839 0.12221
9.9991E-05 0.883159 0.0299526 0.0307558 0.0560327
9.9991E-05 0.896673 0.0351649 0.0287663 0.039296
0.0254085 0.771685 0.116311 0.00339784 0.0831977
0.0470526 0.803444 0.0344459 0.0123742 0.102683
9.9982E-05 0.886452 9.9982E-05 0.0727691 0.040579
9.9991E-05 0.752996 0.0438277 0.0831116 0.119965
0.0153907 0.839864 0.0799245 0.0277403 0.0370804
9.9982E-05 0.895802 9.9982E-05 0.0710652 0.0329328
0.0172651 0.755188 0.101601 0.0222796 0.103666
9.9991E-05 0.859559 0.0979454 0.00651274 0.0358825
0.00657696 0.933807 9.9982E-05 9.9982E-05 0.0594156
0.0602696 0.779862 0.065171 0.0491968 0.0455005
0.02215 0.810276 0.0832732 0.0570789 0.0272219
9.9982E-05 0.92273 0.0280228 9.9982E-05 0.0490469
0.0106779 0.867849 0.0341027 0.0803352 0.0070354
0.065042 0.888691 0.0460669 9.9982E-05 9.9982E-05
0.0660491 0.860232 9.9991E-05 0.0511249 0.0224939
9.9991E-05 0.880964 0.0178435 0.0239557 0.0771368
9.9973E-05 0.938664 9.9973E-05 0.0610364 9.9973E-05
0.0985023 0.738873 9.9991E-05 0.0611172 0.101407
0.0334141 0.866724 0.0345398 0.065222 9.9991E-05
9.9991E-05 0.87328 0.0173986 0.0219021 0.0873196
9.9982E-05 0.85215 0.0802328 9.9982E-05 0.0674171
9.9991E-05 0.852672 0.0728366 0.0322049 0.042187
9.9982E-05 0.902813 0.0858018 9.9982E-05 0.0111856
0.0277468 0.899682 9.9982E-05 0.0723714 9.9982E-05
0.162799 0.78027 0.0103158 0.0272253 0.0193895
0.101459 0.796932 0.0488945 0.0526145 9.9991E-05
0.142604 0.76447 0.0789852 0.0138406 9.9991E-05
0.082238 0.82126 0.0491266 0.0472759 9.9991E-05
0.185235 0.686154 0.0857802 0.0427299 9.9991E-05
0.138707 0.728327 0.104298 0.0285679 9.9991E-05
0.101582 0.81462 0.041722 9.9991E-05 0.0419755
0.1811 0.704153 0.072004 0.0306027 0.0121412
0.134454 0.658706 0.0341994 0.120361 0.0522796
0.042174 0.740009 0.0652919 0.0877633 0.0647623
0.154124 0.788853 0.0306736 9.9991E-05 0.0262494
0.144335 0.639849 0.142495 0.0638966 0.00942486
0.127322 0.62289 0.141696 0.0919 0.0161915
0.158795 0.652359 0.026734 0.0913504 0.0707617
0.124624 0.728813 0.0295263 0.0846929 0.0323436
0.200915 0.483331 0.194844 0.0963992 0.0245105
0.9996 9.997E-05 9.997E-05 9.997E-05 9.997E-05
0.951277 0.0027511 9.9991E-05 0.0245126 0.0213596
0.854503 0.0939855 0.0230589 0.0113454 0.0171072
0.9996 9.997E-05 9.997E-05 9.997E-05 9.997E-05
0.9996 9.997E-05 9.997E-05 9.997E-05 9.997E-05
0.9996 9.997E-05 9.997E-05 9.997E-05 9.997E-05
0.9996 9.997E-05 9.997E-05 9.997E-05 9.997E-05
0.907337 0.0923631 9.9973E-05 9.9973E-05 9.9973E-05
0.9996 9.997E-05 9.997E-05 9.997E-05 9.997E-05
0.9996 9.997E-05 9.997E-05 9.997E-05 9.997E-05
0.167227 0.637662 0.112874 0.082137 9.9991E-05
0.932317 0.0224935 0.0306324 0.0144566 9.9991E-05
0.9996 9.997E-05 9.997E-05 9.997E-05 9.997E-05
0.9996 9.997E-05 9.997E-05 9.997E-05 9.997E-05
0.215308 0.68891 0.0955821 9.99865E-05 9.99865E-05
0.153622 0.715061 0.0872918 0.0439255 9.9991E-05
0.174864 0.66265 0.137621 0.0247652 9.9991E-05
0.197463 0.676696 0.0589786 0.0667623 9.9991E-05
0.138741 0.742586 0.0883278 0.0302455 9.9991E-05
0.154385 0.790878 0.0545367 9.9982E-05 9.9982E-05
0.20493 0.720236 0.0584649 0.0162685 9.9991E-05
0.174366 0.753685 0.071749 9.9982E-05 9.9982E-05
0.228256 0.57622 0.105432 0.0899915 9.9991E-05
0.246526 0.602628 0.0919228 0.0588235 9.9991E-05
0.138106 0.689324 0.111734 0.0607352 9.9991E-05
0.224682 0.588784 0.0923712 0.0940628 9.9991E-05
0.0683882 0.694483 0.141662 0.0953673 9.9991E-05
0.141896 0.743119 0.0810977 0.0337873 9.9991E-05
0.0229208 0.976779 9.9973E-05 9.9973E-05 9.9973E-05
0.0472972 0.921256 0.0312473 9.9982E-05 9.9982E-05
0.00122309 0.998477 9.9973E-05 9.9973E-05 9.9973E-05
0.0700498 0.917132 9.9982E-05 0.0126178 9.9982E-05
0.0234732 0.976227 9.9973E-05 9.9973E-05 9.9973E-05
0.0405245 0.959176 9.9973E-05 9.9973E-05 9.9973E-05
0.0208841 0.978816 9.9973E-05 9.9973E-05 9.9973E-05
0.061978 0.848545 0.0892213 0.000155607 9.9991E-05
9.9973E-05 0.996181 9.9973E-05 0.00351935 9.9973E-05
0.0505839 0.949116 9.9973E-05 9.9973E-05 9.9973E-05
0.0938785 0.872322 0.0261329 0.00756661 9.9991E-05
0.0681161 0.928692 0.00299237 9.9982E-05 9.9982E-05
0.0390062 0.902988 9.9982E-05 0.0578061 9.9982E-05
9.997E-05 9.997E-05 9.997E-05 0.9996 9.997E-05
0.224701 0.601962 0.0643234 0.108913 9.9991E-05
9.997E-05 9.997E-05 9.997E-05 0.9996 9.997E-05
9.997E-05 9.997E-05 9.997E-05 0.9996 9.997E-05
0.0183475 9.9973E-05 9.9973E-05 0.981353 9.9973E-05
0.0376736 0.223051 0.0134364 0.725739 9.9991E-05
9.997E-05 9.997E-05 9.997E-05 0.9996 9.997E-05
9.9973E-05 0.129012 9.9973E-05 0.870688 9.9973E-05
9.997E-05 9.997E-05 9.997E-05 0.9996 9.997E-05
9.9973E-05 0.0652595 9.9973E-05 0.934441 9.9973E-05
9.997E-05 9.997E-05 9.997E-05 0.9996 9.997E-05
9.9973E-05 0.00991187 9.9973E-05 0.989788 9.9973E-05
0.0138845 0.0121498 9.9982E-05 0.973766 9.9982E-05
0.042848 0.0941693 0.0222196 0.840663 9.9991E-05
9.9982E-05 9.9982E-05 0.0111866 0.9624 0.0262138
9.9991E-05 0.0306568 0.0584434 0.898508 0.0122921
0.0105201 0.0402571 0.0543928 0.89473 9.9991E-05
9.9991E-05 0.0928938 0.0188067 0.853545 0.0346546
0.034104 9.9982E-05 0.0251351 0.940561 9.9982E-05
0.103197 0.42406 0.411053 0.0463567 0.0153333
0.0783522 0.412848 0.380868 0.0981319 0.0298001
0.121479 0.363405 0.391577 0.0909278 0.0326104
0.158328 0.350945 0.379017 0.0690193 0.0426908
0.21142 0.222173 0.474531 0.0917756 9.9991E-05
0.191255 0.0259874 0.642162 0.140496 9.9991E-05
0.209262 0.138317 0.554969 0.097352 9.9991E-05
0.210661 0.0799675 0.623996 0.0852758 9.9991E-05
0.21554 0.142719 0.547667 0.0939743 9.9991E-05
0.178337 0.19098 0.526563 0.10402 9.9991E-05
0.209434 0.204827 0.494163 0.0914755 9.9991E-05
0.141101 0.294413 0.448152 0.112757 0.00357681
0.172708 0.207555 0.519622 0.0982333 0.00188153
9.997E-05 9.997E-05 0.9996 9.997E-05 9.997E-05
9.997E-05 9.997E-05 0.9996 9.997E-05 9.997E-05
9.997E-05 9.997E-05 0.9996 9.997E-05 9.997E-05
9.997E-05 9.997E-05 0.9996 9.997E-05 9.997E-05
9.997E-05 9.997E-05 0.9996 9.997E-05 9.997E-05
9.9973E-05 0.0708663 0.928834 9.9973E-05 9.9973E-05
9.997E-05 9.997E-05 0.9996 9.997E-05 9.997E-05
9.997E-05 9.997E-05 0.9996 9.997E-05 9.997E-05
9.997E-05 9.997E-05 0.9996 9.997E-05 9.997E-05
9.9973E-05 0.00222147 0.997479 9.9973E-05 9.9973E-05
9.997E-05 9.997E-05 0.9996 9.997E-05 9.997E-05
9.997E-05 9.997E-05 0.9996 9.997E-05 9.997E-05
