9.997E-05 9.997E-05 9.997E-05 9.997E-05 0.9996
0.489202 0.0971328 0.0810046 9.9991E-05 0.332561
0.473956 0.124478 0.0585221 9.9991E-05 0.342943
0.743646 9.9973E-05 9.9973E-05 9.9973E-05 0.256054
0.790877 9.9991E-05 0.00893052 0.0260055 0.174087
0.771522 0.025486 9.9982E-05 9.9982E-05 0.202792
0.626601 9.9973E-05 9.9973E-05 9.9973E-05 0.373099
0.572325 0.0725279 9.9982E-05 9.9982E-05 0.354947
0.683984 0.0407271 0.0181741 9.9991E-05 0.257015
9.997E-05 9.997E-05 9.997E-05 9.997E-05 0.9996
9.997E-05 9.997E-05 9.997E-05 9.997E-05 0.9996
9.997E-05 9.997E-05 9.997E-05 9.997E-05 0.9996
9.997E-05 9.997E-05 9.997E-05 9.997E-05 0.9996
0.068615 0.0223526 9.9991E-05 0.00884949 0.900083
0.00518505 0.0256798 0.00272742 0.0134688 0.952939
0.741434 0.0423938 9.9991E-05 0.0134485 0.202624
0.435534 0.105989 0.0476896 0.128204 0.282584
0.777151 9.9973E-05 9.9973E-05 9.9973E-05 0.222549
0.9996 9.997E-05 9.997E-05 9.997E-05 9.997E-05
0.9996 9.997E-05 9.997E-05 9.997E-05 9.997E-05
0.875957 9.9973E-05 9.9973E-05 9.9973E-05 0.123743
0.893102 0.0497853 0.032283 0.0035964 0.021233
0.964621 0.00568644 9.9982E-05 9.9982E-05 0.0294931
0.922695 9.9973E-05 9.9973E-05 9.9973E-05 0.0770048
0.966101 9.9973E-05 9.9973E-05 9.9973E-05 0.0335986
0.884481 9.9982E-05 9.9982E-05 0.0893793 0.0259401
0.86925 0.0420639 9.9991E-05 0.0409764 0.04761
0.931567 9.9973E-05 9.9973E-05 9.9973E-05 0.0681333
0.888022 9.9982E-05 9.9982E-05 0.0107952 0.100983
0.876677 9.9973E-05 9.9973E-05 9.9973E-05 0.123023
0.918136 9.9973E-05 9.9973E-05 9.9973E-05 0.0815642
0.949712 9.9982E-05 0.0037897 9.9982E-05 0.0462986
0.905869 0.0359806 0.0304122 9.9991E-05 0.0276378
0.797022 0.0589723 0.0157012 0.0324894 0.0958153
0.878283 0.066589 9.9982E-05 9.9982E-05 0.0549276
0.870644 9.9973E-05 9.9973E-05 9.9973E-05 0.129056
0.982333 0.0127248 0.00474183 9.9982E-05 9.9982E-05
0.886906 9.9991E-05 0.00856113 0.0957794 0.00865347
0.835921 0.0282509 0.0481209 0.0542431 0.0334645
0.891564 9.9991E-05 0.0319482 0.0564872 0.0199002
0.729619 0.0431871 0.0602149 0.166879 9.9991E-05
0.645503 0.0777935 0.0167841 0.259819 9.9991E-05
0.737986 0.115417 0.0755336 0.017801 0.0532624
0.791565 0.0458087 0.0762936 0.0862331 9.9991E-05
0.74623 0.067914 9.9982E-05 0.185656 9.9982E-05
0.914647 0.0501686 9.9982E-05 0.0349846 9.9982E-05
0.878143 0.0482509 9.9982E-05 0.0734065 9.9982E-05
0.900946 0.0232484 9.9982E-05 0.0756057 9.9982E-05
0.625977 0.107901 9.9991E-05 0.211743 0.0542789
0.74924 0.0112126 0.0571767 0.0715932 0.110778
0.756006 0.0503794 0.050268 0.0994568 0.0438899
0.82 0.0799219 9.9982E-05 0.0998778 9.9982E-05
0.815874 0.0353623 9.9982E-05 0.148564 9.9982E-05
0.668716 9.9991E-05 0.0594326 0.260604 0.011147
0.665645 0.0364304 0.0760678 0.204595 0.0172619
0.734695 0.114834 0.0248279 0.125544 9.9991E-05
0.657333 0.0758754 0.00510937 0.197679 0.0640031
0.785989 0.00930714 0.0624435 0.14216 9.9991E-05
0.849678 0.0742235 9.9982E-05 0.0758988 9.9982E-05
0.760963 0.00658848 9.9991E-05 0.21335 0.0189984
0.689922 0.00490994 0.0222948 0.282773 9.9991E-05
0.690499 9.9982E-05 0.0325648 0.276736 9.9982E-05
0.643796 0.0780093 0.0783536 0.199741 9.9991E-05
0.607484 0.115078 0.030542 0.246796 9.9991E-05
0.813357 9.9973E-05 9.9973E-05 0.186343 9.9973E-05
0.670333 0.0960958 0.0435868 0.189884 9.9991E-05
0.692992 0.0200553 0.0985463 0.188307 9.9991E-05
0.623596 0.0897847 0.0635888 0.222931 9.9991E-05
0.849016 0.0373656 0.0267628 0.0867553 9.9991E-05
0.677583 0.115885 0.0220678 0.184364 9.9991E-05
0.71363 0.106171 0.0959553 0.0585111 0.0257326
0.634168 0.0998573 0.0570392 0.208836 9.9991E-05
0.800739 0.044774 0.0168465 0.105159 0.0324807
0.793029 0.0162096 9.9991E-05 0.17964 0.0110214
0.611472 0.051913 0.0152747 0.31462 0.00672006
0.704406 0.00847582 0.0104614 0.276557 9.9991E-05
0.742887 0.0966103 0.0647447 0.0956578 9.9991E-05
0.629356 0.05701 0.185943 0.127591 9.9991E-05
0.414786 0.119475 0.138005 0.327634 9.9991E-05
0.413734 0.0517066 0.189977 0.344483 9.9991E-05
0.458851 0.0782668 0.11154 0.351242 9.9991E-05
0.445195 0.0452775 0.190551 0.318876 9.9991E-05
0.472909 0.061868 0.128274 0.336849 9.9991E-05
0.503961 0.0205694 0.166358 0.309012 9.9991E-05
0.491917 0.0769264 0.23056 0.200496 9.9991E-05
0.451457 0.118156 0.205675 0.22273 0.00198211
0.498914 0.0976243 0.122014 0.236791 0.0446565
0.568818 9.9982E-05 0.148088 0.282894 9.9982E-05
0.386608 0.0618909 0.178597 0.372805 9.9991E-05
0.409974 0.0987168 0.134552 0.342268 0.0144896
0.434398 0.113825 0.161887 0.268266 0.021623
0.516693 0.0878279 0.121094 0.267774 0.00661031
0.350661 0.0968251 0.220347 0.332067 9.9991E-05
9.997E-05 9.997E-05 0.9996 9.997E-05 9.997E-05
9.9973E-05 0.0441941 0.955506 9.9973E-05 9.9973E-05
0.0560599 9.9991E-05 0.926489 0.0169867 0.000364586
9.997E-05 9.997E-05 0.9996 9.997E-05 9.997E-05
9.997E-05 9.997E-05 0.9996 9.997E-05 9.997E-05
9.997E-05 9.997E-05 0.9996 9.997E-05 9.997E-05
9.997E-05 9.997E-05 0.9996 9.997E-05 9.997E-05
0.0392348 9.9982E-05 0.937801 9.9982E-05 0.0227638
9.997E-05 9.997E-05 0.9996 9.997E-05 9.997E-05
9.997E-05 9.997E-05 0.9996 9.997E-05 9.997E-05
0.275305 0.0966656 0.0941941 0.528048 0.0057867
0.0188791 9.9991E-05 0.947679 0.020153 0.0131888
9.997E-05 9.997E-05 0.9996 9.997E-05 9.997E-05
9.997E-05 9.997E-05 0.9996 9.997E-05 9.997E-05
0.211829 0.0616677 0.150038 0.576365 9.9991E-05
0.23795 0.0817078 0.148068 0.532174 9.9991E-05
0.244977 0.0850612 0.159628 0.500491 0.00984277
0.263373 0.0746341 0.172237 0.489656 9.9991E-05
0.268715 0.0697167 0.165214 0.496254 9.9991E-05
0.405143 0.0148071 0.178914 0.401037 9.9991E-05
0.3956 0.0644296 0.140238 0.399632 9.9991E-05
0.273033 0.022173 0.18541 0.519284 9.9991E-05
0.241088 0.0930131 0.264739 0.40106 9.9991E-05
0.266178 0.0739442 0.252271 0.407507 9.9991E-05
0.359696 0.0416108 0.152511 0.446083 9.9991E-05
0.263779 0.0583706 0.273464 0.404287 9.9991E-05
0.29631 0.109955 0.0975502 0.496085 9.9991E-05
0.357938 0.0682557 0.157637 0.41607 9.9991E-05
9.9973E-05 0.0624206 9.9973E-05 0.937279 9.9973E-05
9.9982E-05 0.0127169 0.0478188 0.939264 9.9982E-05
9.9982E-05 0.00361561 0.00672467 0.98946 9.9982E-05
0.00312899 9.9973E-05 9.9973E-05 0.996571 9.9973E-05
9.9982E-05 0.029576 0.00513037 0.965094 9.9982E-05
9.9982E-05 0.0162744 0.0118348 0.971691 9.9982E-05
9.997E-05 9.997E-05 9.997E-05 0.9996 9.997E-05
0.0360317 9.9991E-05 0.0206747 0.935707 0.00748699
9.9973E-05 0.0321916 9.9973E-05 0.967508 9.9973E-05
9.9973E-05 0.0211001 9.9973E-05 0.9786 9.9973E-05
9.9991E-05 0.0308616 0.08311 0.885331 0.000597255
9.9973E-05 9.9973E-05 0.0131474 0.986553 9.9973E-05
0.0430473 0.102791 0.0150791 0.838982 9.9991E-05
9.997E-05 0.9996 9.997E-05 9.997E-05 9.997E-05
0.26954 0.1672 0.229529 0.333631 9.9991E-05
9.997E-05 0.9996 9.997E-05 9.997E-05 9.997E-05
9.997E-05 0.9996 9.997E-05 9.997E-05 9.997E-05
9.9982E-05 0.964088 0.0222303 9.9982E-05 0.0134819
0.0671527 0.814179 0.0262353 0.0923326 9.9991E-05
9.997E-05 0.9996 9.997E-05 9.997E-05 9.997E-05
0.0112158 0.910319 9.9982E-05 0.0782654 9.9982E-05
0.000840181 0.991964 0.0065402 9.9991E-05 0.000555482
0.0310126 0.960606 0.00412885 0.00415256 9.9991E-05
9.9973E-05 0.993899 9.9973E-05 9.9973E-05 0.00580146
9.9973E-05 0.997744 9.9973E-05 9.9973E-05 0.00195647
9.9991E-05 0.967626 0.00923704 0.0164204 0.00661637
9.9982E-05 0.851574 0.0435724 0.104654 9.9982E-05
9.9991E-05 0.956414 0.00397884 0.0150863 0.0244211
0.0487931 0.869109 0.0135458 0.0598156 0.00873606
9.9982E-05 0.840115 9.9982E-05 0.145125 0.0145605
0.00701121 0.919803 0.0109939 0.0398029 0.0223889
0.0370882 0.944826 0.0131601 0.00482589 9.9991E-05
0.20643 0.0835916 0.0593328 0.60611 0.044535
0.276869 0.0430401 0.0572745 0.601521 0.021296
0.153021 0.10117 0.150205 0.525387 0.0702173
0.272236 0.0875756 0.0714775 0.517384 0.0513262
0.0816254 0.0379085 0.161522 0.702774 0.0161701
9.99821E-05 0.0497982 0.178304 0.771697 9.99821E-05
0.0248908 0.074211 0.196575 0.701354 0.00296986
0.017844 0.068141 0.180896 0.733019 9.9991E-05
0.0137942 0.0805403 0.149398 0.740827 0.01544
0.0786486 0.0644065 0.174584 0.682261 9.9991E-05
0.0802589 0.0753409 0.176502 0.667798 9.9991E-05
0.0976152 0.0695064 0.181442 0.579296 0.0721405
0.118805 0.097889 0.136603 0.646603 9.9991E-05
9.9973E-05 9.9973E-05 9.9973E-05 0.979045 0.0206551
9.9973E-05 9.9973E-05 9.9973E-05 0.998534 0.00116593
9.9973E-05 9.9973E-05 9.9973E-05 0.984266 0.0154341
9.9973E-05 9.9973E-05 9.9973E-05 0.970117 0.029583
9.9973E-05 9.9973E-05 9.9973E-05 0.996974 0.00272639
0.00695534 9.9982E-05 9.9982E-05 0.940072 0.0527729
9.9973E-05 9.9973E-05 9.9973E-05 0.977454 0.0222458
9.9973E-05 9.9973E-05 9.9973E-05 0.986881 0.0128187
9.9973E-05 9.9973E-05 9.9973E-05 0.942273 0.0574267
9.9973E-05 9.9973E-05 9.9973E-05 0.972293 0.0274076
9.9973E-05 9.9973E-05 9.9973E-05 0.959 0.0407005
9.9973E-05 9.9973E-05 9.9973E-05 0.981678 0.018022
