9.997E-05 9.997E-05 9.997E-05 9.997E-05 0.9996
0.220009 0.0297779 0.0898471 0.143682 0.516684
0.21529 9.9991E-05 0.127583 0.107554 0.549473
0.494374 9.9973E-05 9.9973E-05 9.9973E-05 0.505326
0.575959 0.0992217 9.9982E-05 9.9982E-05 0.324619
0.568063 0.0235728 0.0421201 9.9991E-05 0.366144
0.422162 9.9982E-05 0.0014019 9.9982E-05 0.576236
0.438746 9.9982E-05 0.0708809 9.9982E-05 0.490173
0.487535 0.0289041 0.0388266 0.0164088 0.428326
9.997E-05 9.997E-05 9.997E-05 9.997E-05 0.9996
9.997E-05 9.997E-05 9.997E-05 9.997E-05 0.9996
9.997E-05 9.997E-05 9.997E-05 9.997E-05 0.9996
9.997E-05 9.997E-05 9.997E-05 9.997E-05 0.9996
9.997E-05 9.997E-05 9.997E-05 9.997E-05 0.9996
9.9973E-05 9.9973E-05 9.9973E-05 0.00983488 0.989865
0.614172 9.9982E-05 0.0298538 9.9982E-05 0.355774
0.493093 0.0749821 0.0454575 0.0676774 0.31879
0.540972 9.9982E-05 9.9982E-05 0.00130237 0.457526
0.734813 0.042643 9.9991E-05 0.0189588 0.203485
0.764665 0.0499526 9.9982E-05 9.9982E-05 0.185183
0.608724 0.0539948 9.9982E-05 9.9982E-05 0.337081
0.739653 9.9991E-05 0.0548461 0.00969855 0.195702
0.753869 0.0366679 0.0289277 9.9991E-05 0.180435
0.732389 9.9973E-05 9.9973E-05 9.9973E-05 0.267311
0.758067 9.9973E-05 9.9973E-05 9.9973E-05 0.241633
0.847263 9.9973E-05 9.9973E-05 9.9973E-05 0.152437
0.63659 0.116269 0.045399 9.9991E-05 0.201642
0.725042 9.9982E-05 0.0162844 9.9982E-05 0.258474
0.711735 0.0214707 9.9982E-05 9.9982E-05 0.266594
0.677864 9.9973E-05 9.9973E-05 9.9973E-05 0.321836
0.667323 0.0153351 9.9982E-05 9.9982E-05 0.317142
0.745195 0.0513645 0.0116746 9.9991E-05 0.191666
0.742478 0.0265873 0.0497622 9.9991E-05 0.181073
0.742094 9.9982E-05 0.03954 9.9982E-05 0.218166
0.737096 0.00218854 0.0691027 9.9991E-05 0.191513
0.687713 9.9973E-05 9.9973E-05 9.9973E-05 0.311987
0.854015 9.9982E-05 0.0167628 9.9982E-05 0.129023
0.763052 0.109741 0.00466412 9.9991E-05 0.122443
0.689325 0.107279 0.0309106 0.0171904 0.155295
0.809883 0.0408138 9.9982E-05 9.9982E-05 0.149103
0.89521 9.9991E-05 0.0454032 0.0233916 0.0358955
0.884003 9.9982E-05 0.0775379 9.9982E-05 0.038259
0.757502 9.9991E-05 0.0890932 0.0130602 0.140245
0.890117 9.9991E-05 0.0578488 0.00761736 0.044317
0.874324 0.0390011 0.0594764 9.9991E-05 0.0270983
0.839323 0.0489195 0.0262334 9.9991E-05 0.085424
0.908013 0.00354403 0.023247 9.9991E-05 0.0650961
0.791304 0.0656342 0.0653536 9.9991E-05 0.0776077
0.774644 0.0437104 0.0370114 9.9991E-05 0.144534
0.747215 9.9991E-05 0.0256736 0.0105932 0.216419
0.810854 0.0371714 0.0321171 0.00635009 0.113508
0.846599 0.0183071 0.058425 9.9991E-05 0.0765691
0.81646 0.00563608 0.10235 9.9991E-05 0.0754537
0.809019 0.0862786 9.9982E-05 9.9982E-05 0.104503
0.831081 0.0149127 9.9991E-05 0.0413785 0.112528
0.847272 9.9991E-05 0.087569 0.00276523 0.0622938
0.736833 0.0462618 0.0695461 9.9991E-05 0.147259
0.847358 0.0739821 9.9991E-05 0.00202339 0.076537
0.8437 0.0460897 0.0345386 9.9991E-05 0.0755721
0.744332 0.0822486 0.00541153 0.0394383 0.12857
0.840571 0.101574 0.000903667 9.9991E-05 0.0568513
0.928027 9.9982E-05 9.9982E-05 0.0136386 0.0581346
0.789966 0.0436819 0.0386906 0.0704469 0.0572147
0.894272 9.9982E-05 0.0948208 0.0107073 9.9982E-05
0.907861 0.00841544 9.9982E-05 9.9982E-05 0.0835234
0.86233 0.00819313 0.0705087 0.0363393 0.0226285
0.927669 9.9982E-05 0.0252207 0.0469104 9.9982E-05
0.842788 9.9991E-05 0.0649692 0.0440973 0.0480457
0.865064 0.0148545 0.0404297 9.9991E-05 0.0795521
0.893639 9.9982E-05 0.0904479 9.9982E-05 0.0157131
0.792569 9.9991E-05 0.0677922 0.0453002 0.0942381
0.869511 0.0227031 0.0673082 0.0384408 0.00203662
0.802922 0.0276849 0.0313755 9.9991E-05 0.137918
0.847371 0.055061 9.9982E-05 9.9982E-05 0.0973678
0.922063 9.9982E-05 0.02372 9.9982E-05 0.0540169
0.88117 0.088253 9.9982E-05 9.9982E-05 0.0303771
0.936372 9.9991E-05 0.0605208 0.00166409 0.00134301
0.835614 9.9991E-05 0.0232474 0.115166 0.0258727
0.770974 0.0513291 0.0732596 0.104337 9.9991E-05
0.815414 0.0905326 0.00145125 0.0925022 9.9991E-05
0.879554 0.0543915 0.0318388 0.0341157 9.9991E-05
0.790733 0.0383778 0.0661731 0.102452 0.00226433
0.846553 0.0455007 0.0174168 0.09043 9.9991E-05
0.862153 0.0100365 9.9991E-05 0.114933 0.0127779
0.647856 0.0439467 0.0341525 0.196247 0.0777986
0.680709 0.0387184 0.0691608 0.19037 0.021041
0.682016 0.0592225 0.0990873 0.0369376 0.122737
0.844114 0.0396993 9.9991E-05 0.0937373 0.0223497
0.675936 0.0843917 0.0752522 0.16432 9.9991E-05
0.709368 0.140997 0.065044 0.080948 0.00364364
0.710558 0.0026842 0.0736482 0.154852 0.0582578
0.771957 9.9991E-05 0.0450344 0.140785 0.0421239
0.504805 0.158498 0.112748 0.208699 0.01525
9.997E-05 9.997E-05 9.997E-05 0.9996 9.997E-05
0.0617649 9.9991E-05 0.00359161 0.928093 0.00645034
0.0538672 0.0108301 0.0299346 0.883908 0.0214599
9.9973E-05 9.9973E-05 0.0276119 0.972088 9.9973E-05
9.997E-05 9.997E-05 9.997E-05 0.9996 9.997E-05
9.997E-05 9.997E-05 9.997E-05 0.9996 9.997E-05
9.997E-05 9.997E-05 9.997E-05 0.9996 9.997E-05
9.9982E-05 9.9982E-05 0.046491 0.898705 0.0546037
9.997E-05 9.997E-05 9.997E-05 0.9996 9.997E-05
9.997E-05 9.997E-05 9.997E-05 0.9996 9.997E-05
0.73422 0.0837907 0.0711882 0.110701 9.9991E-05
0.0566869 9.9973E-05 9.9973E-05 0.943013 9.9973E-05
9.997E-05 9.997E-05 9.997E-05 0.9996 9.997E-05
9.997E-05 9.997E-05 9.997E-05 0.9996 9.997E-05
0.778797 0.120965 9.9982E-05 0.100038 9.9982E-05
0.827267 0.0352751 0.0371076 0.100251 9.9991E-05
0.772093 0.0341922 0.0458657 0.147749 9.9991E-05
0.751144 0.0517623 0.0407118 0.156282 9.9991E-05
0.752252 0.0672629 0.0331004 0.147285 9.9991E-05
0.788636 0.0902187 9.9982E-05 0.120945 9.9982E-05
0.698289 0.0527574 0.0517499 0.197104 9.9991E-05
0.817916 0.0416952 9.9982E-05 0.140188 9.9982E-05
0.66795 0.0665833 0.0344735 0.230893 9.9991E-05
0.690271 0.0506235 0.0375053 0.2215 9.9991E-05
0.76274 0.0825278 0.0460113 0.108621 9.9991E-05
0.693783 0.094287 0.0255786 0.186251 9.9991E-05
0.799693 0.092931 0.0536532 0.0536227 9.9991E-05
0.743538 0.0665645 0.0477563 0.142041 9.9991E-05
9.997E-05 9.997E-05 0.9996 9.997E-05 9.997E-05
0.639673 0.035418 0.11899 0.205819 9.9991E-05
9.997E-05 9.997E-05 0.9996 9.997E-05 9.997E-05
9.997E-05 9.997E-05 0.9996 9.997E-05 9.997E-05
9.9982E-05 9.9982E-05 0.946389 0.0437062 0.00970533
0.185774 0.00411953 0.7761 0.00442024 0.0295868
9.997E-05 9.997E-05 0.9996 9.997E-05 9.997E-05
0.131862 9.9973E-05 0.867838 9.9973E-05 9.9973E-05
0.0274249 9.9982E-05 0.966861 0.0055139 9.9982E-05
0.0482286 9.9973E-05 0.951471 9.9973E-05 9.9973E-05
0.0127906 0.0379964 0.949013 9.9982E-05 9.9982E-05
9.9973E-05 0.0245443 0.975156 9.9973E-05 9.9973E-05
0.0175087 9.9982E-05 0.981225 0.00106664 9.9982E-05
0.0767862 0.0792402 0.821511 0.0223623 9.9991E-05
0.00785266 0.00730189 0.962387 0.0223588 9.9991E-05
0.110351 9.9991E-05 0.842595 0.0199433 0.0270103
0.0514715 0.062829 0.870658 0.012772 0.00226969
0.0833508 0.0105208 0.86484 0.00737372 0.0339151
0.0716714 9.9982E-05 0.90668 0.0214486 9.9982E-05
0.963271 0.00998102 9.9982E-05 0.0265476 9.9982E-05
0.8568 0.0645492 9.9982E-05 0.0784511 9.9982E-05
0.99038 9.9973E-05 9.9973E-05 0.00932004 9.9973E-05
0.9996 9.997E-05 9.997E-05 9.997E-05 9.997E-05
0.94135 0.0135576 9.9982E-05 0.0448928 9.9982E-05
0.980957 9.9973E-05 9.9973E-05 0.0187426 9.9973E-05
0.971568 9.9973E-05 9.9973E-05 0.0281322 9.9973E-05
0.941244 9.9973E-05 9.9973E-05 0.0584561 9.9973E-05
0.9996 9.997E-05 9.997E-05 9.997E-05 9.997E-05
0.9996 9.997E-05 9.997E-05 9.997E-05 9.997E-05
0.912141 9.9973E-05 9.9973E-05 0.0875592 9.9973E-05
0.968757 0.0176227 9.9982E-05 0.0134198 9.9982E-05
0.856363 0.0544113 0.0682039 0.0209213 9.9991E-05
0.488955 0.304837 0.0823648 0.109163 0.0146796
0.525851 0.320195 0.0622899 0.0298594 0.0618042
0.397591 0.311735 0.0815853 0.166432 0.0426572
0.453687 0.366101 0.0600159 0.0925523 0.0276444
0.405874 0.269215 0.0712113 0.2536 9.9991E-05
0.170961 0.459825 0.101991 0.267123 9.9991E-05
0.307076 0.347781 0.0896288 0.255414 9.9991E-05
0.274348 0.39044 0.0824421 0.25267 9.9991E-05
0.314647 0.364639 0.0773599 0.243254 9.9991E-05
0.313433 0.359626 0.0716594 0.255182 9.9991E-05
0.356413 0.315673 0.0873577 0.240456 9.9991E-05
0.352339 0.341227 0.0877102 0.194055 0.0246696
0.448478 0.30442 0.0796351 0.153772 0.0136947
0.0313511 0.968349 9.9973E-05 9.9973E-05 9.9973E-05
9.997E-05 0.9996 9.997E-05 9.997E-05 9.997E-05
9.997E-05 0.9996 9.997E-05 9.997E-05 9.997E-05
9.997E-05 0.9996 9.997E-05 9.997E-05 9.997E-05
9.997E-05 0.9996 9.997E-05 9.997E-05 9.997E-05
0.0328928 0.922942 0.00986483 9.9991E-05 0.0342001
9.997E-05 0.9996 9.997E-05 9.997E-05 9.997E-05
9.997E-05 0.9996 9.997E-05 9.997E-05 9.997E-05
9.997E-05 0.9996 9.997E-05 9.997E-05 9.997E-05
9.9973E-05 0.989896 0.00980408 9.9973E-05 9.9973E-05
9.997E-05 0.9996 9.997E-05 9.997E-05 9.997E-05
9.997E-05 0.9996 9.997E-05 9.997E-05 9.997E-05
