9.999E-05 0.9998 9.999E-05
9.999E-05 0.965548 0.0343521
0.150975 0.848925 9.9991E-05
0.202648 0.797252 9.9991E-05
0.0431746 0.839254 0.117571
9.999E-05 0.9998 9.999E-05
0.112892 0.887008 9.9991E-05
0.0529394 0.946961 9.9991E-05
0.371604 0.628296 9.999E-05
9.9991E-05 0.651948 0.347952
0.0870288 0.783018 0.129953
9.9991E-05 0.790554 0.209346
9.9991E-05 0.960793 0.039107
0.0513266 0.770292 0.178381
0.0455655 0.725079 0.229356
9.9991E-05 0.948082 0.0518178
9.9991E-05 0.836055 0.163845
0.179224 0.551187 0.269589
0.168848 0.635644 0.195509
0.11396 0.88594 9.9991E-05
9.9991E-05 0.779329 0.220571
0.0124403 0.867312 0.120247
9.9991E-05 0.865644 0.134256
0.0359327 0.702043 0.262025
0.0046261 0.714769 0.280605
0.0769633 0.651194 0.271843
0.458888 0.426754 0.114358
0.0051735 0.460123 0.534703
0.0911985 0.51854 0.390262
0.0287876 0.482872 0.48834
0.850471 9.9991E-05 0.149429
0.716065 0.177412 0.106524
0.755804 0.0953261 0.14887
0.990498 0.00940223 9.9991E-05
0.775336 0.212864 0.0118001
0.881933 0.0683483 0.0497187
0.661091 0.338809 9.9991E-05
0.763893 0.133769 0.102338
0.969516 0.0303841 9.9991E-05
0.500642 0.129308 0.37005
0.950927 0.00664594 0.0424267
0.453479 0.17099 0.375531
0.852324 0.108455 0.0392209
0.758944 0.109037 0.132019
0.775103 0.117753 0.107144
0.841739 0.0220093 0.136252
0.812306 9.9991E-05 0.187594
0.831345 9.9991E-05 0.168555
0.778561 0.156187 0.0652523
0.801779 0.0866722 0.111548
0.787665 9.9991E-05 0.212235
0.9998 9.999E-05 9.999E-05
0.663608 9.9991E-05 0.336292
0.896396 9.9991E-05 0.103504
0.9998 9.999E-05 9.999E-05
0.59102 9.9991E-05 0.40888
0.105416 0.0853418 0.809243
0.172633 0.131604 0.695763
0.246681 9.9991E-05 0.753219
0.227314 0.115654 0.657033
0.258365 9.9991E-05 0.741535
0.422069 0.0146344 0.563297
0.163165 0.0398659 0.796969
9.999E-05 9.999E-05 0.9998
0.0967424 9.9991E-05 0.903158
9.999E-05 9.999E-05 0.9998
9.999E-05 9.999E-05 0.9998
9.999E-05 9.999E-05 0.9998
9.999E-05 9.999E-05 0.9998
9.999E-05 9.999E-05 0.9998
0.0576971 9.9991E-05 0.942203
0.382033 0.0298516 0.588116
0.0427254 9.9991E-05 0.957175
0.205904 0.0113571 0.782739
9.999E-05 9.999E-05 0.9998
9.999E-05 9.999E-05 0.9998
0.129774 0.0769737 0.793252
