0.999001 9.99101E-05 9.99101E-05 9.99101E-05 9.99101E-05 9.99101E-05 9.99101E-05 9.99101E-05 9.99101E-05 9.99101E-05 9.99101E-05
0.107392 0.0820642 9.9955E-05 9.9955E-05 9.9955E-05 0.0232082 0.0613696 9.9955E-05 0.640044 0.0854219 9.9955E-05
0.00126212 9.9919E-05 9.9919E-05 9.9919E-05 9.9919E-05 9.9919E-05 9.9919E-05 9.9919E-05 9.9919E-05 0.997839 9.9919E-05
9.9946E-05 9.9946E-05 9.9946E-05 0.0452423 0.00447195 0.0107514 9.9946E-05 0.0377433 9.9946E-05 0.901191 9.9946E-05
9.9928E-05 0.135047 9.9928E-05 9.9928E-05 0.0756567 9.9928E-05 9.9928E-05 9.9928E-05 0.788497 9.9928E-05 9.9928E-05
9.99101E-05 0.999001 9.99101E-05 9.99101E-05 9.99101E-05 9.99101E-05 9.99101E-05 9.99101E-05 9.99101E-05 9.99101E-05 9.99101E-05
9.99191E-05 0.989279 9.99191E-05 9.99191E-05 9.99191E-05 0.00982179 9.99191E-05 9.99191E-05 9.99191E-05 9.99191E-05 9.99191E-05
9.99101E-05 9.99101E-05 9.99101E-05 9.99101E-05 9.99101E-05 9.99101E-05 9.99101E-05 9.99101E-05 0.999001 9.99101E-05 9.99101E-05
9.9955E-05 0.487325 0.338861 0.0521135 9.9955E-05 9.9955E-05 9.9955E-05 9.9955E-05 0.0101509 0.098909 0.012141
0.0650087 9.9973E-05 0.0509642 9.9973E-05 0.00805957 0.0237093 0.0454521 9.9973E-05 0.614629 0.044568 0.147309
9.99371E-05 9.99371E-05 9.99371E-05 0.0432419 0.00848471 0.0214479 9.99371E-05 0.926126 9.99371E-05 9.99371E-05 9.99371E-05
9.99191E-05 9.99191E-05 9.99191E-05 9.99191E-05 9.99191E-05 9.99191E-05 9.99191E-05 0.960659 0.0384422 9.99191E-05 9.99191E-05
0.0130159 0.0470445 9.9937E-05 9.9937E-05 9.9937E-05 9.9937E-05 9.9937E-05 0.803882 0.135358 9.9937E-05 9.9937E-05
9.9964E-05 9.9964E-05 9.9964E-05 0.586621 9.9964E-05 0.0376792 0.00123635 0.114287 0.00840131 0.117901 0.133474
9.9955E-05 0.0845146 9.9955E-05 9.9955E-05 9.9955E-05 0.042004 0.0155628 0.768196 9.9955E-05 0.0786586 0.0105642
0.0212554 9.9946E-05 9.9946E-05 0.399211 9.9946E-05 0.00017364 9.9946E-05 0.575794 9.9946E-05 0.00296597 9.9946E-05
9.99101E-05 9.99101E-05 9.99101E-05 0.999001 9.99101E-05 9.99101E-05 9.99101E-05 9.99101E-05 9.99101E-05 9.99101E-05 9.99101E-05
9.9955E-05 9.9955E-05 0.128495 0.637714 0.0296262 0.000865308 0.0904469 9.9955E-05 9.9955E-05 9.9955E-05 0.112353
9.9937E-05 9.9937E-05 9.9937E-05 0.0639438 0.0607421 9.9937E-05 9.9937E-05 0.748965 9.9937E-05 9.9937E-05 0.12565
9.9937E-05 9.9937E-05 0.0322204 0.821671 9.9937E-05 9.9937E-05 9.9937E-05 9.9937E-05 0.0138583 0.131551 9.9937E-05
0.0214383 0.00862823 0.00433321 0.665251 9.9973E-05 9.9973E-05 0.0444461 0.072289 9.9973E-05 0.0416013 0.141713
9.9946E-05 9.9946E-05 0.0808823 0.283347 0.00530831 9.9946E-05 9.9946E-05 0.260401 0.369462 9.9946E-05 9.9946E-05
0.0549269 9.9937E-05 9.9937E-05 0.915454 9.9937E-05 0.0285057 9.9937E-05 0.00041384 9.9937E-05 9.9937E-05 9.9937E-05
9.99191E-05 9.99191E-05 9.99191E-05 0.912598 9.99191E-05 9.99191E-05 0.0865029 9.99191E-05 9.99191E-05 9.99191E-05 9.99191E-05
9.9946E-05 9.9946E-05 9.9946E-05 0.128175 9.9946E-05 9.9946E-05 0.111874 0.626104 9.9946E-05 0.0318592 0.101388
0.0792967 0.0510958 0.060525 0.102307 9.9964E-05 9.9964E-05 0.142222 0.489323 9.9964E-05 9.9964E-05 0.0748313
9.9946E-05 9.9946E-05 0.230805 9.9946E-05 0.0350616 9.9946E-05 0.0276019 0.609267 9.9946E-05 9.9946E-05 0.0966655
9.9964E-05 9.9964E-05 0.0204982 9.9964E-05 9.9964E-05 0.0232652 0.302564 0.540441 0.0277236 0.0754504 0.0096581
9.9946E-05 0.0141532 0.1104 9.9946E-05 9.9946E-05 9.9946E-05 0.183254 0.598888 9.9946E-05 9.9946E-05 0.0927053
9.99281E-05 9.99281E-05 0.040378 9.99281E-05 9.99281E-05 9.99281E-05 0.117888 0.840934 9.99281E-05 9.99281E-05 9.99281E-05
9.99101E-05 9.99101E-05 0.999001 9.99101E-05 9.99101E-05 9.99101E-05 9.99101E-05 9.99101E-05 9.99101E-05 9.99101E-05 9.99101E-05
0.0124166 9.9919E-05 0.986684 9.9919E-05 9.9919E-05 9.9919E-05 9.9919E-05 9.9919E-05 9.9919E-05 9.9919E-05 9.9919E-05
9.993E-05 9.993E-05 9.993E-05 9.993E-05 9.993E-05 9.993E-05 0.0665111 0.0233918 9.993E-05 0.0316446 0.877753
9.99191E-05 0.0190762 9.99191E-05 9.99191E-05 9.99191E-05 9.99191E-05 9.99191E-05 9.99191E-05 9.99191E-05 9.99191E-05 0.980025
9.9946E-05 9.9946E-05 0.135407 0.0008294 9.9946E-05 9.9946E-05 9.9946E-05 0.186617 9.9946E-05 0.0049613 0.671586
0.0360644 0.047971 0.0166717 9.9964E-05 0.000533114 0.0102633 0.0516124 9.9964E-05 9.9964E-05 9.9964E-05 0.836484
9.9955E-05 0.0286274 9.9955E-05 0.0444036 0.0165121 9.9955E-05 9.9955E-05 9.9955E-05 0.173601 0.015881 0.720475
0.0568312 9.9946E-05 0.0250814 0.108373 9.9946E-05 9.9946E-05 0.145457 9.9946E-05 9.9946E-05 9.9946E-05 0.663659
9.99191E-05 9.99191E-05 9.99191E-05 9.99191E-05 0.00440579 9.99191E-05 9.99191E-05 9.99191E-05 9.99191E-05 9.99191E-05 0.994695
0.028723 9.9973E-05 9.9973E-05 9.9973E-05 0.0548707 0.0310813 0.16327 0.0600487 0.00345969 0.00630055 0.651946
9.9937E-05 9.9937E-05 0.21051 9.9937E-05 9.9937E-05 9.9937E-05 0.00208669 9.9937E-05 0.0519689 9.9937E-05 0.734734
0.11554 9.9964E-05 0.00553325 9.9964E-05 0.134334 9.9964E-05 0.330867 0.0965012 9.9964E-05 0.0266062 0.290218
9.9946E-05 0.00124496 9.9946E-05 9.9946E-05 9.9946E-05 9.9946E-05 0.159792 0.0668811 9.9946E-05 0.0463415 0.725141
9.9937E-05 0.034816 9.9937E-05 9.9937E-05 9.9937E-05 0.0172582 9.9937E-05 0.0368412 9.9937E-05 9.9937E-05 0.910385
9.99461E-05 9.99461E-05 0.0798627 9.99461E-05 0.352976 9.99461E-05 0.0832607 0.146273 9.99461E-05 9.99461E-05 0.337028
9.9964E-05 0.0113383 0.0935634 9.9964E-05 0.655755 0.0295323 0.0798515 0.0675367 0.0620228 9.9964E-05 9.9964E-05
9.9955E-05 0.00672279 0.0224826 9.9955E-05 0.554523 0.0642016 0.0679751 9.9955E-05 9.9955E-05 9.9955E-05 0.283595
9.9928E-05 9.9928E-05 0.062592 9.9928E-05 0.879615 9.9928E-05 0.0569937 9.9928E-05 9.9928E-05 9.9928E-05 9.9928E-05
9.9937E-05 9.9937E-05 9.9937E-05 9.9937E-05 0.435695 9.9937E-05 9.9937E-05 0.156046 9.9937E-05 0.174489 0.233071
9.9964E-05 9.9964E-05 0.075185 9.9964E-05 0.318754 9.9964E-05 0.0992641 0.0197738 0.043044 0.0563953 0.387184
9.9937E-05 0.0144056 0.054008 9.9937E-05 0.850899 9.9937E-05 0.0799874 9.9937E-05 9.9937E-05 9.9937E-05 9.9937E-05
0.00929839 9.99281E-05 9.99281E-05 0.000241472 0.989661 9.99281E-05 9.99281E-05 9.99281E-05 9.99281E-05 9.99281E-05 9.99281E-05
0.00927867 9.99371E-05 9.99371E-05 0.0366305 0.8314 9.99371E-05 0.121991 9.99371E-05 9.99371E-05 9.99371E-05 9.99371E-05
9.9946E-05 9.9946E-05 9.9946E-05 0.0318944 0.717156 0.000341139 0.074906 9.9946E-05 9.9946E-05 9.9946E-05 0.175102
9.9937E-05 9.9937E-05 9.9937E-05 9.9937E-05 0.926746 9.9937E-05 0.0276367 9.9937E-05 9.9937E-05 0.0103717 0.0345461
0.0088145 9.9946E-05 9.9946E-05 9.9946E-05 0.911372 0.0244047 0.0474139 0.00739484 9.9946E-05 9.9946E-05 9.9946E-05
9.9955E-05 9.9955E-05 0.040527 9.9955E-05 0.0775753 0.0110199 0.687492 0.0804878 0.102398 9.9955E-05 9.9955E-05
9.9955E-05 0.0989788 0.0377082 0.0475912 0.149642 9.9955E-05 0.64045 0.0251303 9.9955E-05 9.9955E-05 9.9955E-05
0.00349487 9.9946E-05 0.245084 9.9946E-05 0.048798 0.0110126 0.691011 9.9946E-05 9.9946E-05 9.9946E-05 9.9946E-05
0.0367312 0.0152598 0.047223 9.9964E-05 9.9964E-05 9.9964E-05 0.601413 0.0722617 0.0967342 9.9964E-05 0.129978
9.9946E-05 9.9946E-05 0.00606211 0.086705 0.107712 9.9946E-05 0.796853 9.9946E-05 9.9946E-05 9.9946E-05 0.00206808
0.0111127 9.9955E-05 9.9955E-05 9.9955E-05 9.9955E-05 0.0672703 0.546379 9.9955E-05 0.040735 0.0562448 0.277758
0.02878 9.9955E-05 9.9955E-05 9.9955E-05 0.0872266 9.9955E-05 0.729321 9.9955E-05 0.00408601 0.0108855 0.139201
9.99281E-05 9.99281E-05 9.99281E-05 9.99281E-05 9.99281E-05 0.00915052 0.966925 9.99281E-05 0.0231247 9.99281E-05 9.99281E-05
0.00587013 9.9946E-05 9.9946E-05 0.0322824 9.9946E-05 0.00632264 0.868017 9.9946E-05 9.9946E-05 9.9946E-05 0.0869085
9.99191E-05 9.99191E-05 9.99191E-05 9.99191E-05 9.99191E-05 9.99191E-05 0.957463 0.0416378 9.99191E-05 9.99191E-05 9.99191E-05
9.9937E-05 9.9937E-05 9.9937E-05 9.9937E-05 9.9937E-05 0.00345469 0.935669 0.0342345 9.9937E-05 9.9937E-05 0.0259425
9.9928E-05 9.9928E-05 9.9928E-05 9.9928E-05 9.9928E-05 9.9928E-05 0.943986 0.0492029 9.9928E-05 0.00601132 9.9928E-05
9.9937E-05 9.9937E-05 9.9937E-05 0.00053555 9.9937E-05 0.0202531 0.968746 9.9937E-05 9.9937E-05 0.00976581 9.9937E-05
9.9928E-05 0.0062023 9.9928E-05 9.9928E-05 0.00309608 9.9928E-05 0.989902 9.9928E-05 9.9928E-05 9.9928E-05 9.9928E-05
9.99102E-05 9.99102E-05 9.99102E-05 9.99102E-05 9.99102E-05 9.99102E-05 0.999001 9.99102E-05 9.99102E-05 9.99102E-05 9.99102E-05
9.996E-05 0.0115447 0.0447735 9.996E-05 0.0237584 0.0127962 0.615391 9.996E-05 0.136112 9.996E-05 0.155225
9.99281E-05 9.99281E-05 9.99281E-05 9.99281E-05 9.99281E-05 9.99281E-05 0.940294 9.99281E-05 0.0526937 0.00621249 9.99281E-05
0.0410119 9.9955E-05 9.9955E-05 0.0173929 0.0575223 0.0510607 0.611206 9.9955E-05 9.9955E-05 9.9955E-05 0.221306
9.9955E-05 9.9955E-05 0.0209309 0.0770197 0.0268296 0.567381 0.288114 9.9955E-05 0.0192252 9.9955E-05 9.9955E-05
9.99101E-05 9.99101E-05 9.99101E-05 9.99101E-05 9.99101E-05 0.999001 9.99101E-05 9.99101E-05 9.99101E-05 9.99101E-05 9.99101E-05
0.000192969 9.9973E-05 9.9973E-05 9.9973E-05 0.0189326 0.0546025 0.627198 0.0479721 0.0283685 0.0212803 0.201153
