9.995E-05 0.9994 9.995E-05 9.995E-05 9.995E-05 9.995E-05 9.995E-05
9.9973E-05 0.380004 9.9973E-05 0.486839 0.0808162 0.0520404 9.9973E-05
9.9973E-05 0.385239 9.9973E-05 0.443515 0.0737733 0.0971729 9.9973E-05
9.99551E-05 0.281913 9.99551E-05 0.717588 9.99551E-05 9.99551E-05 9.99551E-05
0.0546165 0.138714 9.9973E-05 0.797932 9.9973E-05 9.9973E-05 0.00843746
0.0188179 0.21205 9.9982E-05 0.737171 0.00312365 0.0286381 9.9982E-05
9.9955E-05 0.38819 9.9955E-05 0.61131 9.9955E-05 9.9955E-05 9.9955E-05
9.9982E-05 0.353444 9.9982E-05 0.499776 0.0371642 0.0822189 0.0271969
9.9964E-05 0.279898 9.9964E-05 0.683543 9.9964E-05 0.0361587 9.9964E-05
9.995E-05 0.9994 9.995E-05 9.995E-05 9.995E-05 9.995E-05 9.995E-05
9.995E-05 0.9994 9.995E-05 9.995E-05 9.995E-05 9.995E-05 9.995E-05
9.995E-05 0.9994 9.995E-05 9.995E-05 9.995E-05 9.995E-05 9.995E-05
9.995E-05 0.9994 9.995E-05 9.995E-05 9.995E-05 9.995E-05 9.995E-05
0.0332358 0.952042 9.9964E-05 9.9964E-05 9.9964E-05 9.9964E-05 0.0143222
0.0227223 0.930423 0.031171 9.9973E-05 9.9973E-05 0.0153834 9.9973E-05
9.9973E-05 0.249444 0.00936654 0.688362 9.9973E-05 9.9973E-05 0.0525276
0.11535 0.253979 0.019057 0.50811 0.0267684 0.0548602 0.0218747
9.9964E-05 0.277394 9.9964E-05 0.721385 0.000821047 9.9964E-05 9.9964E-05
0.00384063 0.0167857 9.99641E-05 0.978974 9.99641E-05 9.99641E-05 9.99641E-05
0.0351367 9.99551E-05 9.99551E-05 0.964363 9.99551E-05 9.99551E-05 9.99551E-05
9.99551E-05 0.120478 9.99551E-05 0.879022 9.99551E-05 9.99551E-05 9.99551E-05
0.0659567 0.0364744 9.9973E-05 0.858174 9.9973E-05 0.0390946 9.9973E-05
0.0725398 0.0487846 9.9964E-05 0.878276 9.9964E-05 9.9964E-05 9.9964E-05
0.000819943 0.0969655 9.9964E-05 0.901815 9.9964E-05 9.9964E-05 9.9964E-05
9.99551E-05 0.0479312 9.99551E-05 0.951569 9.99551E-05 9.99551E-05 9.99551E-05
9.9982E-05 0.0226311 0.0297399 0.881687 9.9982E-05 0.000562629 0.0651799
0.0181638 0.0660045 9.9982E-05 0.839215 9.9982E-05 0.0367631 0.0396531
9.99551E-05 0.0515731 9.99551E-05 0.947927 9.99551E-05 9.99551E-05 9.99551E-05
0.00431006 0.077818 9.9973E-05 0.90503 9.9973E-05 0.0125417 9.9973E-05
9.9955E-05 0.116339 9.9955E-05 0.883161 9.9955E-05 9.9955E-05 9.9955E-05
0.0339815 0.120239 9.9973E-05 0.837505 0.00797469 9.9973E-05 9.9973E-05
9.99641E-05 0.0448516 9.99641E-05 0.935828 0.0189206 9.99641E-05 9.99641E-05
0.00343579 0.0314498 9.9991E-05 0.947064 0.0138059 0.00244481 0.00169934
9.9973E-05 0.11367 0.0766446 0.742453 9.9973E-05 0.0669327 9.9973E-05
0.109607 0.0349738 9.9973E-05 0.854364 9.9973E-05 0.00075545 9.9973E-05
9.9955E-05 0.10649 9.9955E-05 0.89301 9.9955E-05 9.9955E-05 9.9955E-05
0.00339354 9.9964E-05 9.9964E-05 0.973286 9.9964E-05 9.9964E-05 0.0229202
0.0646762 0.0176491 9.9991E-05 0.834214 0.0172674 0.00871189 0.0573813
9.9982E-05 0.0278258 9.9982E-05 0.796858 0.0763752 0.0409946 0.057746
0.0204701 9.9973E-05 0.010179 0.928734 0.040317 9.9973E-05 9.9973E-05
9.9982E-05 9.9982E-05 0.0934468 0.69033 0.0631985 0.0804929 0.0723316
0.00956249 9.9991E-05 0.05284 0.81669 0.0528593 0.0388097 0.0291385
0.00105962 0.0296235 0.0777182 0.738491 0.0483159 0.104692 9.9991E-05
9.9982E-05 9.9982E-05 0.0641853 0.799317 0.0393515 0.0646144 0.032332
9.9973E-05 9.9973E-05 0.0873248 0.726634 9.9973E-05 0.0917501 0.0939915
9.9964E-05 9.9964E-05 9.9964E-05 0.917266 9.9964E-05 0.0644597 0.0178741
9.9973E-05 9.9973E-05 0.0179051 0.900825 9.9973E-05 0.0497562 0.0312142
0.0183697 9.9982E-05 0.0226606 0.843765 9.9982E-05 0.0662603 0.0487442
9.9982E-05 0.0730153 0.105404 0.670026 9.9982E-05 0.0516431 0.0997114
9.9982E-05 0.117711 0.0779609 0.753775 0.0400947 0.010258 9.9982E-05
9.9991E-05 0.0346045 0.0203515 0.781724 0.0487886 0.0459167 0.0685149
0.0392517 0.00048786 0.0529847 0.834137 9.9982E-05 0.072939 9.9982E-05
0.0251184 9.9973E-05 9.9973E-05 0.867205 9.9973E-05 0.0592533 0.0481236
0.0773587 0.0393374 0.0739466 0.738649 0.0187256 0.0332817 0.0187007
0.0523883 0.0371541 0.0715636 0.744826 0.0627785 0.0251266 0.00616313
9.9973E-05 9.9973E-05 0.0902427 0.750928 0.044099 0.11443 9.9973E-05
0.0235073 0.0547603 0.0714712 0.688287 0.0252081 0.0610665 0.0757001
0.0534292 9.9982E-05 0.0946097 0.707153 0.0377199 9.9982E-05 0.106888
9.9964E-05 9.9964E-05 9.9964E-05 0.917594 9.9964E-05 0.0455667 0.0364392
0.028157 0.0686333 0.00938967 0.707343 0.0539868 0.0357964 0.096694
0.0497497 9.9973E-05 0.0582354 0.807521 9.9973E-05 9.9973E-05 0.0841938
9.9982E-05 0.0139154 0.117967 0.815748 0.0287433 9.9982E-05 0.023426
0.0405358 0.00266944 0.0784797 0.661078 0.0562838 0.0926698 0.0682838
0.118532 9.9991E-05 0.0751595 0.673068 0.0183215 0.0980232 0.0167962
9.9973E-05 9.9973E-05 0.146497 0.754366 0.0182545 9.9973E-05 0.080583
0.0887008 9.9991E-05 0.0891819 0.685737 0.0201011 0.084513 0.031666
0.0358757 9.9991E-05 0.126186 0.642198 0.096801 0.0711597 0.0276796
0.129408 9.9991E-05 0.102533 0.655289 0.00998138 0.085383 0.0173058
0.00316724 0.0154429 0.0371465 0.868043 0.024869 0.00486444 0.0464672
0.0803115 9.9973E-05 0.121332 0.674215 9.9973E-05 0.123841 9.9973E-05
9.9982E-05 0.0254137 0.0582391 0.734882 0.0822952 0.0989701 9.9982E-05
0.0455145 9.9991E-05 0.115133 0.699001 0.0410163 0.0472682 0.0519676
0.00770079 0.045215 0.0599595 0.769825 9.9991E-05 0.0583845 0.0588156
9.9991E-05 0.0257012 0.027552 0.809032 0.00170594 0.0319199 0.103989
0.0740219 0.0356476 0.154958 0.618238 0.0185617 0.0409774 0.0575958
0.0255334 9.9982E-05 0.0544239 0.766224 0.0317104 9.9982E-05 0.121908
0.0322806 9.9991E-05 0.0762619 0.76605 0.0607682 0.0332039 0.031335
0.156285 0.0180777 0.0909733 0.592935 0.119815 0.0218135 9.9991E-05
0.0690864 9.9991E-05 0.133523 0.40957 0.145103 0.1431 0.0995172
0.0720046 9.9991E-05 0.122314 0.460563 0.201114 0.0778335 0.06607
0.0568662 9.9991E-05 0.186892 0.461768 0.115282 0.0827963 0.0962958
0.0783521 9.9991E-05 0.143973 0.457982 0.172235 0.0588997 0.0884578
0.0750337 9.9991E-05 0.140187 0.481491 0.157952 0.0721299 0.0731062
0.0261228 9.9991E-05 0.162654 0.518741 0.165463 0.0476227 0.0792964
0.050519 9.9991E-05 0.107631 0.446382 0.266424 0.0579992 0.0709443
0.0648589 9.9991E-05 0.105916 0.463489 0.197538 0.108247 0.0598504
0.043855 0.0457981 0.136399 0.498762 0.0985745 0.0907545 0.0858573
9.9982E-05 9.9982E-05 0.166811 0.545303 0.201227 0.00473876 0.081721
0.104639 0.00210645 0.104245 0.427882 0.165395 0.127631 0.0681021
0.0151387 9.9991E-05 0.18488 0.384793 0.137675 0.125715 0.151699
0.171656 0.0293759 0.0442891 0.515002 0.141876 0.0725734 0.0252277
0.184871 0.00780278 0.157318 0.518983 0.112254 0.0186713 9.9991E-05
9.9991E-05 0.00140098 0.0997204 0.358199 0.222025 0.120903 0.197651
9.9955E-05 9.9955E-05 9.9955E-05 9.9955E-05 0.986737 0.0127629 9.9955E-05
9.9964E-05 0.0330238 0.0258809 9.9964E-05 0.940695 9.9964E-05 9.9964E-05
0.0378701 0.00934783 0.0281086 0.0764372 0.806076 0.0145214 0.0276385
9.995E-05 9.995E-05 9.995E-05 9.995E-05 0.9994 9.995E-05 9.995E-05
9.995E-05 9.995E-05 9.995E-05 9.995E-05 0.9994 9.995E-05 9.995E-05
9.995E-05 9.995E-05 9.995E-05 9.995E-05 0.9994 9.995E-05 9.995E-05
0.016874 9.9955E-05 9.9955E-05 9.9955E-05 0.982626 9.9955E-05 9.9955E-05
0.0332934 0.0326823 9.9964E-05 9.9964E-05 0.933624 9.9964E-05 9.9964E-05
9.995E-05 9.995E-05 9.995E-05 9.995E-05 0.9994 9.995E-05 9.995E-05
9.995E-05 9.995E-05 9.995E-05 9.995E-05 0.9994 9.995E-05 9.995E-05
0.0660059 9.9991E-05 0.329078 0.257946 0.113323 0.0961151 0.137433
0.034908 9.9982E-05 0.000349464 0.0327022 0.915728 9.9982E-05 0.0161124
9.995E-05 9.995E-05 9.995E-05 9.995E-05 0.9994 9.995E-05 9.995E-05
9.995E-05 9.995E-05 9.995E-05 9.995E-05 0.9994 9.995E-05 9.995E-05
0.112318 9.9991E-05 0.240328 0.287944 0.151544 0.0615156 0.14625
0.093666 9.9991E-05 0.261943 0.292795 0.176881 0.074205 0.10041
0.095192 9.9991E-05 0.25437 0.302727 0.159486 0.0725992 0.115525
0.0889739 9.9991E-05 0.211557 0.281274 0.200774 0.101213 0.116108
0.10694 9.9991E-05 0.231827 0.37052 0.16238 0.0375909 0.0906425
0.146559 9.9991E-05 0.206499 0.458953 0.121116 0.00198968 0.0647839
0.142884 9.9991E-05 0.213867 0.413916 0.149522 0.0299373 0.0497748
0.124985 9.9991E-05 0.242748 0.32294 0.173919 0.0304066 0.104901
0.151524 9.9991E-05 0.137174 0.283103 0.272573 0.0851154 0.0704109
0.172322 9.9991E-05 0.156471 0.307003 0.217894 0.0786826 0.0675283
0.0893336 9.9991E-05 0.192787 0.396581 0.156005 0.0711992 0.0939949
0.191596 9.9991E-05 0.100558 0.357744 0.200258 0.0753192 0.0744234
0.123007 9.9991E-05 0.240835 0.349591 0.0957239 0.0910195 0.0997238
0.103107 9.9991E-05 0.243265 0.34093 0.162173 0.0658617 0.0845638
9.995E-05 9.995E-05 9.995E-05 9.995E-05 9.995E-05 0.9994 9.995E-05
0.070813 9.9991E-05 0.234418 0.250971 0.191355 0.131012 0.121331
9.995E-05 9.995E-05 9.995E-05 9.995E-05 9.995E-05 0.9994 9.995E-05
9.995E-05 9.995E-05 9.995E-05 9.995E-05 9.995E-05 0.9994 9.995E-05
0.0542463 9.99551E-05 9.99551E-05 9.99551E-05 9.99551E-05 0.945254 9.99551E-05
0.0164691 0.0242108 0.065927 0.0788281 0.00772856 0.806736 9.9991E-05
9.9964E-05 0.00789613 0.00332606 9.9964E-05 9.9964E-05 0.988378 9.9964E-05
0.0219673 9.9982E-05 0.00669002 0.10861 9.9982E-05 0.85717 0.00536271
0.0224268 0.00201285 9.9982E-05 9.9982E-05 0.00183731 0.973408 0.000115385
9.9964E-05 9.9964E-05 0.0248685 9.9964E-05 9.9964E-05 0.959145 0.0155865
9.9955E-05 0.00132692 9.9955E-05 9.9955E-05 9.9955E-05 0.998173 9.9955E-05
9.9973E-05 0.000490624 0.000168901 0.0264543 9.9973E-05 0.972586 9.9973E-05
9.9964E-05 0.000335316 9.9964E-05 0.0369684 9.9964E-05 0.962296 9.9964E-05
0.0300905 9.9991E-05 0.0680037 0.0336554 0.0356941 0.770837 0.0616191
0.00541805 0.00613823 9.9973E-05 0.017851 9.9973E-05 0.970293 9.9973E-05
0.0244089 9.9985E-05 0.025259 0.00343572 0.00494338 0.941753 9.9985E-05
0.0405394 0.00568234 0.01445 0.0197912 9.9991E-05 0.890288 0.0291495
0.0112453 0.0568075 9.9982E-05 9.9982E-05 0.0249244 0.879423 0.0273999
0.00648903 9.9973E-05 9.9973E-05 9.9973E-05 0.0234074 0.952577 0.0172266
0.0246226 9.9973E-05 0.913518 0.00787062 9.9973E-05 0.0536886 9.9973E-05
0.0512794 0.0200918 0.897668 9.9973E-05 9.9973E-05 9.9973E-05 0.0306611
9.995E-05 9.995E-05 0.9994 9.995E-05 9.995E-05 9.995E-05 9.995E-05
9.995E-05 9.995E-05 0.9994 9.995E-05 9.995E-05 9.995E-05 9.995E-05
9.9964E-05 9.9964E-05 0.978381 9.9964E-05 9.9964E-05 0.0148965 0.0063224
9.995E-05 9.995E-05 0.9994 9.995E-05 9.995E-05 9.995E-05 9.995E-05
9.995E-05 9.995E-05 0.9994 9.995E-05 9.995E-05 9.995E-05 9.995E-05
0.130868 0.0512091 0.799071 0.0185518 9.9973E-05 9.9973E-05 9.9973E-05
9.995E-05 9.995E-05 0.9994 9.995E-05 9.995E-05 9.995E-05 9.995E-05
9.995E-05 9.995E-05 0.9994 9.995E-05 9.995E-05 9.995E-05 9.995E-05
0.0572966 0.0492613 0.867863 9.9973E-05 0.025279 9.9973E-05 9.9973E-05
9.9955E-05 9.9955E-05 0.994793 9.9955E-05 0.00470769 9.9955E-05 9.9955E-05
0.0908078 9.9982E-05 0.756462 0.0347518 0.0281622 0.0896166 9.9982E-05
0.149755 0.025271 0.106405 0.280777 0.0769837 0.0452978 0.31551
0.158713 9.9991E-05 0.102792 0.323482 0.0290464 0.0533209 0.332546
0.15437 0.0101158 0.063841 0.276861 0.130561 0.0917545 0.272497
0.141771 0.0287634 0.0552604 0.315795 0.106789 0.0792412 0.27238
0.901683 9.9964E-05 0.0869649 9.9964E-05 0.010952 9.9964E-05 9.9964E-05
0.9994 9.995E-05 9.995E-05 9.995E-05 9.995E-05 9.995E-05 9.995E-05
0.995083 9.9964E-05 9.9964E-05 9.9964E-05 9.9964E-05 0.00304239 0.00147453
0.9994 9.995E-05 9.995E-05 9.995E-05 9.995E-05 9.995E-05 9.995E-05
0.983459 9.9964E-05 9.9964E-05 9.9964E-05 9.9964E-05 0.00778535 0.00835606
0.949341 9.9973E-05 0.00130246 9.9973E-05 9.9973E-05 0.0264741 0.0225823
0.944012 0.0247109 9.9982E-05 0.0153637 9.9982E-05 0.00704976 0.00866407
0.774151 0.00554447 0.06034 0.0739991 9.99937E-05 0.0276636 0.0582014
0.885787 0.010386 9.9982E-05 0.0946255 0.00122048 0.00778114 9.9982E-05
9.9955E-05 0.000227866 9.9955E-05 9.9955E-05 9.9955E-05 9.9955E-05 0.999272
9.995E-05 9.995E-05 9.995E-05 9.995E-05 9.995E-05 9.995E-05 0.9994
9.995E-05 9.995E-05 9.995E-05 9.995E-05 9.995E-05 9.995E-05 0.9994
9.995E-05 9.995E-05 9.995E-05 9.995E-05 9.995E-05 9.995E-05 0.9994
9.995E-05 9.995E-05 9.995E-05 9.995E-05 9.995E-05 9.995E-05 0.9994
0.0129521 0.0113099 9.9982E-05 0.0814887 9.9982E-05 0.0177175 0.876332
9.995E-05 9.995E-05 9.995E-05 9.995E-05 9.995E-05 9.995E-05 0.9994
9.995E-05 9.995E-05 9.995E-05 9.995E-05 9.995E-05 9.995E-05 0.9994
9.9955E-05 0.00384388 9.9955E-05 9.9955E-05 9.9955E-05 9.9955E-05 0.995656
0.00221267 9.9973E-05 0.00852372 9.9973E-05 9.9973E-05 0.000785232 0.988178
9.995E-05 9.995E-05 9.995E-05 9.995E-05 9.995E-05 9.995E-05 0.9994
9.9955E-05 9.9955E-05 9.9955E-05 9.9955E-05 0.00207457 9.9955E-05 0.997426
