9.995E-05 9.995E-05 9.995E-05 0.9994 9.995E-05 9.995E-05 9.995E-05
0.0585782 0.5119 9.9973E-05 0.363256 0.0659651 9.9973E-05 9.9973E-05
0.1275 0.46532 9.9973E-05 0.35897 0.0479105 9.9973E-05 9.9973E-05
9.99551E-05 0.712748 9.99551E-05 0.286752 9.99551E-05 9.99551E-05 9.99551E-05
9.9973E-05 0.737162 0.0246636 0.156204 9.9973E-05 9.9973E-05 0.0816705
0.0150274 0.754739 9.9973E-05 0.220802 9.9973E-05 9.9973E-05 0.00913145
9.9955E-05 0.644404 9.9955E-05 0.355097 9.9955E-05 9.9955E-05 9.9955E-05
0.109095 0.516047 9.9973E-05 0.336724 0.0378347 9.9973E-05 9.9973E-05
0.00911033 0.690607 0.00709653 0.275465 0.0175209 9.9982E-05 9.9982E-05
9.995E-05 9.995E-05 9.995E-05 0.9994 9.995E-05 9.995E-05 9.995E-05
9.995E-05 9.995E-05 9.995E-05 0.9994 9.995E-05 9.995E-05 9.995E-05
9.995E-05 9.995E-05 9.995E-05 0.9994 9.995E-05 9.995E-05 9.995E-05
9.995E-05 9.995E-05 9.995E-05 0.9994 9.995E-05 9.995E-05 9.995E-05
9.9955E-05 9.9955E-05 9.9955E-05 0.946035 9.9955E-05 9.9955E-05 0.0534656
9.9973E-05 0.0159931 9.9973E-05 0.955469 0.0164961 0.0117422 9.9973E-05
0.0558884 0.729614 0.00778647 0.206411 9.9973E-05 9.9973E-05 9.9973E-05
0.0315752 0.547774 0.0487202 0.252522 0.0277682 0.0173827 0.0742579
9.99551E-05 0.722441 9.99551E-05 0.277059 9.99551E-05 9.99551E-05 9.99551E-05
9.99641E-05 0.972794 9.99641E-05 0.000598146 9.99641E-05 9.99641E-05 0.0262076
9.995E-05 0.9994 9.995E-05 9.995E-05 9.995E-05 9.995E-05 9.995E-05
9.9964E-05 0.883566 0.00456132 0.111473 9.9964E-05 9.9964E-05 9.9964E-05
0.0250932 0.87947 9.9973E-05 0.0301303 9.9973E-05 9.9973E-05 0.065007
9.9973E-05 0.878151 9.9973E-05 0.0504286 0.000925463 9.9973E-05 0.0701953
9.9964E-05 0.910313 9.9964E-05 0.0831928 9.9964E-05 9.9964E-05 0.0060939
9.99551E-05 0.959996 9.99551E-05 0.0395039 9.99551E-05 9.99551E-05 9.99551E-05
9.9982E-05 0.902498 0.0199319 0.0291205 9.9982E-05 0.0320836 0.0161657
0.0568116 0.786169 0.0843943 0.0367699 9.9982E-05 9.9982E-05 0.0356554
9.99551E-05 0.96147 9.99551E-05 0.0380301 9.99551E-05 9.99551E-05 9.99551E-05
9.9973E-05 0.849748 9.9973E-05 0.103227 9.9973E-05 0.016493 0.0302316
9.9955E-05 0.856988 9.9955E-05 0.142512 9.9955E-05 9.9955E-05 9.9955E-05
9.9973E-05 0.819883 9.9973E-05 0.113485 0.00232839 9.9973E-05 0.0640044
9.9973E-05 0.966232 0.0273024 0.000461297 9.9973E-05 9.9973E-05 0.00570447
0.018584 0.884866 0.0389251 0.0404074 0.00668572 9.9991E-05 0.0104315
0.0974548 0.728242 9.9973E-05 0.0792992 9.9973E-05 0.0947044 9.9973E-05
9.9964E-05 0.827805 9.9964E-05 0.0571514 9.9964E-05 9.9964E-05 0.114644
9.9955E-05 0.835089 9.9955E-05 0.164411 9.9955E-05 9.9955E-05 9.9955E-05
0.0119047 0.905436 9.9964E-05 9.9964E-05 9.9964E-05 9.9964E-05 0.0822598
0.00258631 0.824606 0.0967473 0.013506 9.9982E-05 9.9982E-05 0.0623541
0.0499639 0.812512 0.0500655 0.0294257 0.0578334 9.9982E-05 9.9982E-05
9.999E-05 0.865775 0.0586284 0.00538619 0.0275358 0.019194 0.0233804
0.0693346 0.703975 0.0106343 9.9982E-05 0.0885247 0.127332 9.9982E-05
0.106429 0.649369 0.0685814 9.9991E-05 0.0575038 0.0968868 0.0211296
0.0967587 0.686456 9.9982E-05 0.0559576 0.0490979 0.11153 9.9982E-05
0.0472817 0.768453 0.0436583 9.9982E-05 0.0342732 0.106133 9.9982E-05
0.0756438 0.794198 0.0622706 9.9982E-05 9.9982E-05 0.055043 0.0126444
0.0738615 0.913233 0.012506 9.9964E-05 9.9964E-05 9.9964E-05 9.9964E-05
0.0448679 0.91472 0.0131817 9.9973E-05 9.9973E-05 0.0269304 9.9973E-05
0.0671562 0.846555 0.0239288 9.9982E-05 9.9982E-05 0.0407344 0.0214262
0.0494465 0.661052 0.120566 0.0435165 9.9982E-05 0.125219 9.9982E-05
0.0174181 0.768636 0.0130256 0.105976 0.0469908 0.0478537 9.9991E-05
0.0608722 0.821009 0.0579615 0.0207997 0.0358963 0.00336178 9.9991E-05
0.0774774 0.827782 0.0217787 9.9982E-05 9.9982E-05 0.0520687 0.0206934
0.0522695 0.821854 0.0913229 9.9973E-05 9.9973E-05 0.0342535 9.9973E-05
9.9991E-05 0.689927 0.081031 0.035817 0.0458858 0.0777027 0.0695368
0.0161487 0.722876 0.0329495 0.0311587 0.0534727 0.088718 0.0546765
0.134638 0.74789 9.9973E-05 9.9973E-05 0.0251806 0.0919911 9.9973E-05
0.148205 0.631683 0.103598 0.0438136 0.0388194 0.0312849 0.00259671
0.0214347 0.818098 0.059275 9.9991E-05 0.0570125 0.0366394 0.00743998
0.0998612 0.89398 0.00575894 9.9964E-05 9.9964E-05 9.9964E-05 9.9964E-05
0.0408982 0.762234 0.117208 0.0116246 0.0563651 0.0115694 9.9991E-05
0.00846396 0.739584 0.118685 9.9991E-05 0.00467983 0.11558 0.0129075
0.00789798 0.770416 0.0339146 9.9982E-05 0.0227975 0.164774 9.9982E-05
0.0730879 0.703392 0.0449975 9.9982E-05 0.0920982 0.0862243 9.9982E-05
0.0717705 0.661927 0.00718698 9.9991E-05 0.0446753 0.10017 0.114171
9.9973E-05 0.78527 0.0799449 0.00240438 9.9973E-05 0.132081 9.9973E-05
0.0735583 0.718628 0.0209186 9.9991E-05 0.0285938 0.0785886 0.0796123
0.0119431 0.715218 0.0508492 9.9982E-05 0.130333 0.091457 9.9982E-05
0.0695223 0.590462 0.0121197 0.0114699 0.0328995 0.132104 0.151422
0.0375926 0.815512 0.0803647 9.9982E-05 0.0443573 0.0219735 9.9982E-05
0.13831 0.664606 9.9982E-05 0.00172116 9.9982E-05 0.112707 0.0824557
0.0786175 0.742347 9.9982E-05 0.0265278 0.0968715 0.0554359 9.9982E-05
0.0846867 0.602528 0.0606283 9.9991E-05 0.0528767 0.135893 0.063287
0.0533482 0.758895 0.0694716 0.0482518 0.00128311 0.0409402 0.0278101
0.0676332 0.735091 0.111282 9.9991E-05 0.00308469 0.0550747 0.0277347
0.0722792 0.591453 0.0568459 0.024994 0.0268944 0.162615 0.0649187
9.9982E-05 0.65917 0.150194 9.9982E-05 0.049772 0.0693329 0.0713311
0.0698301 0.778721 9.9982E-05 9.9982E-05 0.0688582 0.0264505 0.0559405
0.0478646 0.54211 0.0105523 0.00782066 0.110716 0.118269 0.162667
0.0233486 0.424459 0.0893881 9.9991E-05 0.160616 0.169939 0.132149
0.0394567 0.410523 0.0895261 9.9991E-05 0.16116 0.177213 0.122021
0.0811214 0.432568 0.136629 0.00458011 0.108527 0.147603 0.0889716
0.0444413 0.441079 0.0749982 9.9991E-05 0.165845 0.139939 0.133597
0.10744 0.414857 0.0936192 9.9991E-05 0.152378 0.105331 0.126275
9.9982E-05 0.623478 0.011491 9.9982E-05 0.141789 0.183315 0.0397273
0.0853932 0.42088 0.073849 0.00116791 0.21854 0.146554 0.0536148
0.159146 0.422906 0.0608951 9.9991E-05 0.192572 0.103319 0.0610617
0.082724 0.477441 0.0907948 0.0505858 0.125941 0.145641 0.0268719
9.9973E-05 0.570434 0.0795159 9.9973E-05 0.176149 0.173601 9.9973E-05
0.0705281 0.466247 0.0842467 9.9991E-05 0.169307 0.115631 0.0939406
0.137373 0.377714 0.152383 0.00874815 0.117703 0.17367 0.0324084
0.0871707 0.457018 9.9991E-05 0.0114129 0.131248 0.095774 0.217277
0.080855 0.462539 9.9991E-05 0.0431867 0.119499 0.134825 0.158996
0.122854 0.340748 0.168563 0.0176797 0.203124 0.112638 0.0343943
9.995E-05 9.995E-05 9.995E-05 9.995E-05 0.9994 9.995E-05 9.995E-05
9.9955E-05 9.9955E-05 9.9955E-05 0.0263561 0.973144 9.9955E-05 9.9955E-05
0.00253617 0.0548703 0.00489545 0.0230697 0.852685 9.9991E-05 0.061843
9.995E-05 9.995E-05 9.995E-05 9.995E-05 0.9994 9.995E-05 9.995E-05
9.995E-05 9.995E-05 9.995E-05 9.995E-05 0.9994 9.995E-05 9.995E-05
9.995E-05 9.995E-05 9.995E-05 9.995E-05 0.9994 9.995E-05 9.995E-05
9.9964E-05 9.9964E-05 0.00462691 9.9964E-05 0.990565 9.9964E-05 0.00440823
9.9964E-05 0.0823277 9.9964E-05 9.9964E-05 0.917151 9.9964E-05 0.000121656
9.995E-05 9.995E-05 9.995E-05 9.995E-05 0.9994 9.995E-05 9.995E-05
9.995E-05 9.995E-05 9.995E-05 9.995E-05 0.9994 9.995E-05 9.995E-05
0.0676246 0.246516 0.12652 9.9991E-05 0.0958625 0.375432 0.0879458
9.9982E-05 0.0112161 0.0394216 9.9982E-05 0.9139 0.0129127 0.0223493
9.995E-05 9.995E-05 9.995E-05 9.995E-05 0.9994 9.995E-05 9.995E-05
0.0190181 9.9955E-05 9.9955E-05 9.9955E-05 0.980482 9.9955E-05 9.9955E-05
0.0167553 0.265657 0.15407 9.9991E-05 0.107125 0.304098 0.152195
0.0812401 0.315889 0.0814568 9.9991E-05 0.148543 0.257672 0.115099
0.0560448 0.293847 0.0983442 9.9991E-05 0.146576 0.266598 0.13849
0.0465455 0.289524 0.0853986 9.9991E-05 0.192962 0.277177 0.108294
0.0750281 0.323308 0.0689641 9.9991E-05 0.112137 0.305363 0.115099
0.0134955 0.425652 0.0324562 9.9991E-05 0.0849873 0.215575 0.227734
0.0452483 0.363551 0.0402287 9.9991E-05 0.169564 0.219485 0.161822
0.010555 0.309815 0.0752177 9.9991E-05 0.153704 0.283236 0.167372
0.100957 0.224072 0.126656 9.9991E-05 0.247178 0.139428 0.161609
0.0623949 0.297203 0.068259 9.9991E-05 0.176286 0.209576 0.186181
0.0956934 0.364376 0.0910148 9.9991E-05 0.14491 0.180505 0.123401
0.0629397 0.286933 0.0547016 9.9991E-05 0.188856 0.186175 0.220296
0.0795824 0.321129 0.100446 0.00117737 0.0977985 0.270458 0.12941
0.0436468 0.383821 0.0761963 9.9991E-05 0.141833 0.278532 0.0758715
0.0305793 9.9973E-05 9.9973E-05 9.9973E-05 0.0102793 0.934496 0.024345
9.9982E-05 9.9982E-05 0.0228381 0.0297211 0.0105493 0.899092 0.0375998
9.995E-05 9.995E-05 9.995E-05 9.995E-05 9.995E-05 0.9994 9.995E-05
9.9955E-05 9.9955E-05 0.00287167 9.9955E-05 9.9955E-05 0.996629 9.9955E-05
9.995E-05 9.995E-05 9.995E-05 9.995E-05 9.995E-05 0.9994 9.995E-05
9.995E-05 9.995E-05 9.995E-05 9.995E-05 9.995E-05 0.9994 9.995E-05
9.9955E-05 9.9955E-05 9.9955E-05 9.9955E-05 9.9955E-05 0.998387 0.00111283
9.9973E-05 0.0211081 9.9973E-05 0.059445 9.9973E-05 0.833191 0.085956
9.995E-05 9.995E-05 9.995E-05 9.995E-05 9.995E-05 0.9994 9.995E-05
9.995E-05 9.995E-05 9.995E-05 9.995E-05 9.995E-05 0.9994 9.995E-05
9.9973E-05 9.9973E-05 9.9973E-05 0.0438412 0.0184974 0.900589 0.0367721
9.995E-05 9.995E-05 9.995E-05 9.995E-05 9.995E-05 0.9994 9.995E-05
0.118626 0.0364341 0.0414731 9.9982E-05 9.9982E-05 0.774874 0.0283928
0.9994 9.995E-05 9.995E-05 9.995E-05 9.995E-05 9.995E-05 9.995E-05
0.0997423 0.284652 0.0674378 9.9991E-05 0.190904 0.246871 0.110293
0.993047 9.9955E-05 9.9955E-05 9.9955E-05 9.9955E-05 0.00645294 9.9955E-05
0.9994 9.995E-05 9.995E-05 9.995E-05 9.995E-05 9.995E-05 9.995E-05
0.953303 9.9955E-05 9.9955E-05 9.9955E-05 9.9955E-05 9.9955E-05 0.0461976
0.79595 0.0835277 0.0366628 0.0150203 0.0686396 9.9982E-05 9.9982E-05
0.9994 9.995E-05 9.995E-05 9.995E-05 9.995E-05 9.995E-05 9.995E-05
0.833931 0.0723931 9.9973E-05 9.9973E-05 9.9973E-05 0.0286462 0.0647301
0.962948 9.9964E-05 9.9964E-05 9.9964E-05 0.0153929 9.9964E-05 0.0212592
0.949472 0.00805098 0.00365067 9.9973E-05 9.9973E-05 0.0385268 9.9973E-05
0.9994 9.995E-05 9.995E-05 9.995E-05 9.995E-05 9.995E-05 9.995E-05
0.948478 0.0352107 0.0071554 0.000343078 0.00861326 9.9982E-05 9.9982E-05
0.994607 0.00379214 0.00120141 9.9964E-05 9.9964E-05 9.9964E-05 9.9964E-05
0.839514 9.9973E-05 0.0675701 9.9973E-05 0.0516123 0.0410039 9.9973E-05
0.970068 9.9973E-05 0.0100644 0.00324688 9.9973E-05 9.9973E-05 0.0163209
0.92697 9.9973E-05 9.9973E-05 0.0109525 0.0246542 0.0371231 9.9973E-05
0.883532 0.00205859 0.057132 0.00142306 9.9991E-05 0.022856 0.0328984
0.867066 0.0175636 0.0493285 0.0274411 9.9982E-05 0.038401 9.9982E-05
0.912529 9.9973E-05 0.0052133 9.9973E-05 9.9973E-05 0.045925 0.0360328
0.0922012 0.234519 0.299882 0.0345659 0.0873193 0.108842 0.142671
0.0737172 0.285011 0.338511 0.0216456 0.0703777 0.0833432 0.127395
0.0217724 0.324294 0.302841 0.0309964 0.135408 0.049387 0.135301
0.083519 0.234245 0.303965 0.0428863 0.109096 0.0650884 0.1612
9.9964E-05 0.00473747 9.9964E-05 9.9964E-05 9.9964E-05 0.0467151 0.948148
9.995E-05 9.995E-05 9.995E-05 9.995E-05 9.995E-05 9.995E-05 0.9994
9.9964E-05 9.9964E-05 0.0038822 9.9964E-05 0.00427412 9.9964E-05 0.991444
9.995E-05 9.995E-05 9.995E-05 9.995E-05 9.995E-05 9.995E-05 0.9994
9.9955E-05 9.9955E-05 0.00449512 9.9955E-05 9.9955E-05 9.9955E-05 0.995005
0.000165378 9.9964E-05 0.00994179 9.9964E-05 9.9964E-05 9.9964E-05 0.989493
0.00115555 0.00628596 0.00626656 9.9973E-05 9.9973E-05 9.9973E-05 0.985992
0.0728253 0.056069 0.0791057 0.0381011 9.9982E-05 9.9982E-05 0.753699
9.9982E-05 0.0892504 0.0366692 0.0205003 0.00144566 9.9982E-05 0.851934
9.995E-05 9.995E-05 0.9994 9.995E-05 9.995E-05 9.995E-05 9.995E-05
9.995E-05 9.995E-05 0.9994 9.995E-05 9.995E-05 9.995E-05 9.995E-05
9.995E-05 9.995E-05 0.9994 9.995E-05 9.995E-05 9.995E-05 9.995E-05
9.9955E-05 9.9955E-05 0.998795 9.9955E-05 9.9955E-05 9.9955E-05 0.000705631
9.995E-05 9.995E-05 0.9994 9.995E-05 9.995E-05 9.995E-05 9.995E-05
9.9973E-05 0.0659362 0.903104 0.0169016 9.9973E-05 9.9973E-05 0.013758
9.995E-05 9.995E-05 0.9994 9.995E-05 9.995E-05 9.995E-05 9.995E-05
9.995E-05 9.995E-05 0.9994 9.995E-05 9.995E-05 9.995E-05 9.995E-05
9.9955E-05 9.9955E-05 0.976116 0.0233839 9.9955E-05 9.9955E-05 9.9955E-05
9.9955E-05 9.9955E-05 0.989958 9.9955E-05 9.9955E-05 0.00954218 9.9955E-05
9.995E-05 9.995E-05 0.9994 9.995E-05 9.995E-05 9.995E-05 9.995E-05
9.995E-05 9.995E-05 0.9994 9.995E-05 9.995E-05 9.995E-05 9.995E-05
