9.995E-05 9.995E-05 9.995E-05 0.9994 9.995E-05 9.995E-05 9.995E-05
0.0190404 9.9973E-05 9.9973E-05 0.851754 0.0385132 0.0903922 9.9973E-05
9.9964E-05 0.169943 9.9964E-05 0.826471 9.9964E-05 9.9964E-05 0.00318606
0.0301894 0.11989 0.0429776 0.575394 0.0643022 0.0463761 0.120871
0.0192809 9.9982E-05 0.0805888 0.794165 9.9982E-05 0.0934749 0.0122908
9.9964E-05 9.9964E-05 9.9964E-05 0.848305 0.150787 9.9964E-05 0.00050795
9.9973E-05 0.0366318 9.9973E-05 0.838756 0.0462494 0.0780624 9.9973E-05
9.9964E-05 9.9964E-05 0.13073 0.748248 0.120622 9.9964E-05 9.9964E-05
9.9973E-05 0.157646 0.056474 0.655005 9.9973E-05 0.130576 9.9973E-05
0.0618294 0.0886539 0.0593626 0.648932 0.0312254 0.109897 9.9991E-05
0.0076147 9.9964E-05 9.9964E-05 9.9964E-05 0.145041 9.9964E-05 0.846944
9.995E-05 9.995E-05 9.995E-05 9.995E-05 9.995E-05 9.995E-05 0.9994
9.9955E-05 9.9955E-05 9.9955E-05 0.109077 9.9955E-05 9.9955E-05 0.890423
0.0671075 0.0756195 9.9982E-05 0.0334702 0.428218 9.9982E-05 0.395384
0.0200433 9.9973E-05 9.9973E-05 0.0267352 9.9973E-05 0.0157426 0.937179
9.9955E-05 9.9955E-05 9.9955E-05 9.9955E-05 0.655116 9.9955E-05 0.344384
9.995E-05 9.995E-05 9.995E-05 9.995E-05 0.9994 9.995E-05 9.995E-05
0.0184002 0.213346 9.9973E-05 9.9973E-05 0.705616 0.0623379 9.9973E-05
0.0032008 0.0947308 0.0650555 9.9991E-05 0.0715174 0.0441529 0.721243
9.9964E-05 9.9964E-05 9.9964E-05 0.0230642 0.87523 9.9964E-05 0.101306
9.9982E-05 0.0604263 9.9982E-05 0.0810156 0.620763 0.124211 0.113384
9.9964E-05 9.9964E-05 9.9964E-05 0.253249 0.678577 0.0677736 9.9964E-05
0.0133198 9.9982E-05 0.00152006 9.9982E-05 0.913212 0.0100546 0.0616938
9.9955E-05 9.9955E-05 9.9955E-05 9.9955E-05 0.934345 0.0651547 9.9955E-05
9.9973E-05 0.0603958 9.9973E-05 9.9973E-05 0.179729 0.125414 0.634161
9.9982E-05 0.0253961 9.9982E-05 0.0689091 0.137964 0.134697 0.632833
0.0044835 0.127357 0.224127 9.9982E-05 0.0468288 9.9982E-05 0.597004
0.000533229 0.0182411 0.0567522 0.0209959 9.9991E-05 0.331189 0.572189
9.9964E-05 0.14311 9.9964E-05 9.9964E-05 9.9964E-05 0.214577 0.641913
9.9955E-05 9.9955E-05 9.9955E-05 9.9955E-05 9.9955E-05 0.170897 0.828603
9.9973E-05 0.711969 0.0448722 0.0147851 9.9973E-05 0.228074 9.9973E-05
0.0359423 0.58334 0.0954798 0.0862275 0.0146953 0.0749036 0.109412
9.9964E-05 0.84217 9.9964E-05 9.9964E-05 9.9964E-05 0.0365473 0.120883
9.9955E-05 0.937465 0.0620356 9.9955E-05 9.9955E-05 9.9955E-05 9.9955E-05
9.9955E-05 0.701003 9.9955E-05 9.9955E-05 9.9955E-05 9.9955E-05 0.298497
9.9955E-05 0.954778 9.9955E-05 0.0447221 9.9955E-05 9.9955E-05 9.9955E-05
9.99831E-05 0.502797 0.0890103 0.200316 0.160588 0.0470889 9.99831E-05
9.9965E-05 0.766892 9.9965E-05 9.9965E-05 0.1372 0.0955076 9.9965E-05
0.00355142 0.98045 9.9964E-05 9.9964E-05 0.015599 9.9964E-05 9.9964E-05
0.0139167 0.495207 0.0254009 0.00600638 0.0448823 0.248113 0.166474
9.995E-05 0.9994 9.995E-05 9.995E-05 9.995E-05 9.995E-05 9.995E-05
9.9982E-05 0.153395 0.190746 0.0858927 9.9982E-05 0.364863 0.204903
9.9964E-05 0.76432 9.9964E-05 9.9964E-05 9.9964E-05 0.100402 0.134878
0.00688492 0.677741 0.103793 0.0128187 9.9991E-05 0.0436981 0.154964
9.9973E-05 0.0478652 0.711131 9.9973E-05 9.9973E-05 0.177074 0.0636294
9.9973E-05 0.0923468 0.7545 0.0158609 9.9973E-05 9.9973E-05 0.136992
0.0315628 0.479664 0.361922 9.9973E-05 9.9973E-05 0.126551 9.9973E-05
9.9964E-05 0.0484787 0.803783 9.9964E-05 9.9964E-05 0.147338 9.9964E-05
9.9973E-05 0.132176 0.476646 0.129874 9.9973E-05 9.9973E-05 0.261004
9.9982E-05 0.283156 0.373225 0.111915 9.9982E-05 0.174096 0.0574075
0.01078 0.00493633 0.796837 9.9982E-05 0.0110103 0.176236 9.9982E-05
9.995E-05 9.995E-05 0.9994 9.995E-05 9.995E-05 9.995E-05 9.995E-05
0.0219921 9.9964E-05 0.799874 9.9964E-05 9.9964E-05 0.177734 9.9964E-05
9.9973E-05 0.0723675 0.855688 9.9973E-05 0.0527656 0.0188789 9.9973E-05
9.9964E-05 0.238612 0.756452 9.9964E-05 9.9964E-05 0.00453639 9.9964E-05
0.0633981 9.9973E-05 0.915493 9.9973E-05 9.9973E-05 0.010745 0.0100641
0.034779 0.123545 9.9991E-05 0.0189295 0.0525934 0.739217 0.0308357
9.9991E-05 0.108533 0.00768201 0.107514 0.0345515 0.68164 0.0599797
9.9964E-05 9.9964E-05 0.0982038 9.9964E-05 0.0722191 0.829177 9.9964E-05
0.0187732 0.0756236 0.0162404 0.148749 0.0355081 0.676701 0.0284044
9.9964E-05 9.9964E-05 0.0897263 9.9964E-05 0.0863499 0.823524 9.9964E-05
0.0844635 0.2249 0.0248952 0.117693 9.9982E-05 0.547848 9.9982E-05
9.9973E-05 0.0729742 0.0202586 0.0410347 9.9973E-05 0.865432 9.9973E-05
0.025689 9.99551E-05 9.99551E-05 9.99551E-05 9.99551E-05 0.973811 9.99551E-05
0.00603087 0.0912312 9.9973E-05 9.9973E-05 0.0283421 0.874096 9.9973E-05
9.995E-05 9.995E-05 9.995E-05 9.995E-05 9.995E-05 0.9994 9.995E-05
0.018243 9.9964E-05 9.9964E-05 9.9964E-05 9.9964E-05 0.964287 0.0170705
9.9964E-05 9.9964E-05 9.9964E-05 9.9964E-05 0.0497558 0.934812 0.0150326
9.995E-05 9.995E-05 9.995E-05 9.995E-05 9.995E-05 0.9994 9.995E-05
9.995E-05 9.995E-05 9.995E-05 9.995E-05 9.995E-05 0.9994 9.995E-05
0.0103869 0.0637829 9.9964E-05 9.9964E-05 9.9964E-05 0.92543 9.9964E-05
0.00999426 0.218714 9.9973E-05 0.0793227 9.9973E-05 0.691669 9.9973E-05
9.9955E-05 9.9955E-05 0.0089278 9.9955E-05 9.9955E-05 0.990572 9.9955E-05
0.0733663 0.0968851 0.0862118 0.0231585 9.9982E-05 0.720178 9.9982E-05
0.53615 0.0507088 9.9982E-05 9.9982E-05 0.0834006 0.308969 0.0205719
0.9994 9.995E-05 9.995E-05 9.995E-05 9.995E-05 9.995E-05 9.995E-05
0.0459822 0.141502 0.00791509 0.00530263 9.9991E-05 0.690289 0.108909
