9.995E-05 9.995E-05 9.995E-05 0.9994 9.995E-05 9.995E-05 9.995E-05
9.9973E-05 9.9973E-05 0.633561 0.255466 0.0561215 0.0545517 9.9973E-05
9.9973E-05 9.9973E-05 0.607554 0.256518 0.0886717 0.0469566 9.9973E-05
9.9964E-05 9.9964E-05 0.70268 0.21783 9.9964E-05 9.9964E-05 0.0790893
0.0877191 0.0398711 0.653551 0.0983916 9.9982E-05 9.9982E-05 0.120267
9.9973E-05 9.9973E-05 0.543769 0.173157 0.0108471 9.9973E-05 0.271926
9.9964E-05 9.9964E-05 0.741296 0.251119 9.9964E-05 9.9964E-05 0.00718559
9.999E-05 0.00479845 0.538592 0.262002 0.0907302 0.0188022 0.0849757
0.0646734 9.9973E-05 0.689543 0.191302 0.0541815 9.9973E-05 9.9973E-05
9.995E-05 9.995E-05 9.995E-05 0.9994 9.995E-05 9.995E-05 9.995E-05
9.995E-05 9.995E-05 9.995E-05 0.9994 9.995E-05 9.995E-05 9.995E-05
9.9955E-05 9.9955E-05 9.9955E-05 0.994283 9.9955E-05 0.00521746 9.9955E-05
9.9964E-05 0.00973628 9.9964E-05 0.982891 9.9964E-05 0.00697239 9.9964E-05
0.0185698 9.9973E-05 0.0458702 0.926248 9.9973E-05 9.9973E-05 0.00901249
9.9973E-05 0.015691 0.0278203 0.942534 9.9973E-05 0.0136551 9.9973E-05
9.9964E-05 9.9964E-05 0.418353 0.184561 9.9964E-05 9.9964E-05 0.396686
0.061017 0.00212501 0.352812 0.237754 0.0905313 0.0655776 0.190183
9.9973E-05 9.9973E-05 0.667688 0.204255 0.00025958 9.9973E-05 0.127497
0.0527583 0.00422461 0.909599 9.9982E-05 9.9982E-05 0.0140241 0.0191942
0.024594 0.041464 0.926612 9.9973E-05 9.9973E-05 0.00703015 9.9973E-05
0.0279389 9.9973E-05 0.907695 0.0457559 9.9973E-05 0.0183098 9.9973E-05
0.0161005 0.0390896 0.840984 9.9991E-05 0.0588239 0.0274452 0.0174571
0.0491103 0.00286225 0.865189 9.9982E-05 0.0481539 0.034485 9.9982E-05
9.9964E-05 0.052464 0.944906 9.9964E-05 9.9964E-05 0.00223057 9.9964E-05
0.0343985 0.0140037 0.842861 9.9982E-05 9.9982E-05 0.0222632 0.0862732
0.0165445 0.0539096 0.633717 9.9973E-05 9.9973E-05 9.9973E-05 0.295529
0.174819 0.0207405 0.683095 9.9982E-05 0.0640148 9.9982E-05 0.0571302
9.9973E-05 0.0264678 0.944832 9.9973E-05 0.00516563 9.9973E-05 0.023235
0.032816 0.0274294 0.763576 0.057068 0.00549636 9.9991E-05 0.113514
0.000857131 9.9973E-05 0.958619 0.0252682 9.9973E-05 9.9973E-05 0.0149559
0.0113264 0.0170194 0.948444 0.0202743 9.9982E-05 0.00273628 9.9982E-05
0.0377735 0.10691 0.845592 9.9973E-05 9.9973E-05 9.9973E-05 0.0094244
0.056166 0.0315531 0.727938 9.9991E-05 0.0368341 0.0166995 0.13071
0.033563 0.135579 0.668709 0.0277158 0.0599832 9.9991E-05 0.0743502
0.0456114 0.0458421 0.842866 9.9973E-05 0.0653803 9.9973E-05 9.9973E-05
0.00248795 9.9973E-05 0.9182 0.0456428 9.9973E-05 9.9973E-05 0.0333691
9.9955E-05 9.9955E-05 0.505456 9.9955E-05 9.9955E-05 9.9955E-05 0.494045
0.0818559 0.0238591 0.530299 9.9991E-05 0.0296768 0.0152766 0.318932
0.0878649 9.9982E-05 0.528211 9.9982E-05 0.0407999 0.0694415 0.273483
0.0655901 0.0338245 0.547101 9.9982E-05 9.9982E-05 0.0314106 0.321873
9.9982E-05 0.0264279 0.0225006 9.9982E-05 0.0287838 0.00323055 0.918857
0.0250414 0.0405727 0.00827963 0.00177792 9.9982E-05 9.9982E-05 0.924128
9.999E-05 0.0338876 0.14503 0.0751541 0.0082629 0.0189663 0.718599
9.9964E-05 9.9964E-05 0.082256 0.0124915 9.9964E-05 9.9964E-05 0.904853
0.025445 0.0567862 0.245382 9.9982E-05 0.0520017 9.9982E-05 0.620185
9.9964E-05 9.9964E-05 0.0225407 0.0104145 9.9964E-05 9.9964E-05 0.966645
9.9955E-05 9.9955E-05 0.00478465 9.9955E-05 9.9955E-05 9.9955E-05 0.994716
0.00860838 0.0633236 0.407177 9.9982E-05 0.0411637 9.9982E-05 0.479527
0.0713946 0.0782682 0.161139 0.0609585 0.0164318 9.9991E-05 0.611708
9.9991E-05 0.051808 0.388705 0.105103 0.021534 0.0067069 0.426043
0.029982 9.9991E-05 0.217418 0.0446939 0.00642256 0.00915874 0.692224
0.0155785 9.9973E-05 0.173342 9.9973E-05 0.0338897 9.9973E-05 0.776889
9.9964E-05 9.9964E-05 0.0338563 0.0360521 9.9964E-05 9.9964E-05 0.929692
0.0448374 0.0463524 0.172661 0.033365 9.9991E-05 0.0189105 0.683773
0.0172747 0.0705479 0.209547 0.0406185 0.00320675 0.0379148 0.62089
9.9973E-05 0.0181581 0.162622 9.9973E-05 0.111748 9.9973E-05 0.707172
0.0693365 0.0700523 0.1749 0.0747826 0.0430475 9.9991E-05 0.567781
0.0841589 9.9964E-05 0.299168 9.9964E-05 9.9964E-05 9.9964E-05 0.616273
0.0297054 9.9973E-05 0.0457237 9.9973E-05 0.000687287 9.9973E-05 0.923584
0.110757 9.9991E-05 0.229557 0.0334372 0.00371574 0.00588138 0.616552
0.1387 0.0180949 0.218083 0.0033119 9.9982E-05 9.9982E-05 0.62161
9.9973E-05 0.073485 0.044949 0.0158847 9.9973E-05 9.9973E-05 0.865381
0.0383559 9.9991E-05 0.0966329 0.0225357 0.0319765 0.0496945 0.760705
9.9973E-05 0.0298492 9.9973E-05 9.9973E-05 0.0184013 0.0215925 0.929857
9.9973E-05 0.073427 0.129087 0.0338655 9.9973E-05 9.9973E-05 0.763321
9.9964E-05 9.9964E-05 9.9964E-05 0.00202233 0.0361349 9.9964E-05 0.961443
9.9955E-05 9.9955E-05 9.9955E-05 9.9955E-05 9.9955E-05 0.00106575 0.998434
9.9973E-05 0.0219283 9.9973E-05 0.0127565 9.9973E-05 0.0139808 0.951034
0.0589076 9.9973E-05 0.257892 9.9973E-05 0.0135506 9.9973E-05 0.66935
9.9964E-05 0.00580181 9.9964E-05 9.9964E-05 0.0187839 9.9964E-05 0.975014
9.9982E-05 9.9982E-05 0.10827 0.0426334 0.0311252 0.0396122 0.778159
9.9982E-05 0.0186546 0.0520636 9.9982E-05 0.00500063 0.0072749 0.916806
9.9964E-05 9.9964E-05 0.0478657 0.0713851 9.9964E-05 9.9964E-05 0.880349
9.9955E-05 9.9955E-05 9.9955E-05 0.0586053 9.9955E-05 9.9955E-05 0.940895
0.0278438 0.0606218 0.00209683 0.0397309 0.019948 9.9991E-05 0.849659
0.0424527 9.9964E-05 0.0527101 9.9964E-05 9.9964E-05 9.9964E-05 0.904437
9.9955E-05 9.9955E-05 9.9955E-05 9.9955E-05 0.00907698 9.9955E-05 0.990423
9.9991E-05 0.0597305 0.00679323 0.00837058 0.0134661 0.124511 0.787029
0.0944249 0.0447442 0.0176795 9.9991E-05 0.00130638 0.0868437 0.754901
0.0366079 0.0301517 9.9973E-05 9.9973E-05 9.9973E-05 0.105592 0.827349
0.0248699 0.0545619 9.9982E-05 9.9982E-05 0.0213768 0.0602819 0.838709
0.00126085 9.9973E-05 9.9973E-05 9.9973E-05 0.0130658 0.095757 0.889616
0.0634372 0.0420769 9.9982E-05 9.9982E-05 0.0031223 0.093743 0.797421
9.9991E-05 0.10385 0.124495 0.0123492 0.0509669 0.171942 0.536297
0.0250733 0.0296778 0.0298449 9.9991E-05 0.0275724 0.25279 0.634942
0.0442214 0.0233967 9.9991E-05 0.0194646 0.0862225 0.146967 0.679627
0.0438142 0.0954543 0.121644 0.0383082 0.0494935 0.0759968 0.575289
0.0349125 0.114052 0.0884879 0.021315 9.9991E-05 0.108569 0.632563
0.0413781 0.0307237 0.0294846 0.0013946 0.0649021 0.155217 0.6769
0.126186 0.141933 0.0156572 9.9991E-05 0.0908555 0.101827 0.523441
0.0364526 0.0440666 0.0419989 0.0389297 0.0556181 0.149623 0.633311
9.9991E-05 0.0489328 0.0509413 0.0114995 0.0476843 0.11145 0.729392
0.15908 0.111248 9.9991E-05 0.038406 0.0924342 0.205339 0.393393
9.995E-05 9.995E-05 9.995E-05 9.995E-05 9.995E-05 0.9994 9.995E-05
9.9964E-05 9.9964E-05 9.9964E-05 0.0216108 0.0152373 0.962752 9.9964E-05
0.0248192 9.9982E-05 9.9982E-05 0.026918 0.0229482 0.863386 0.0617284
9.995E-05 9.995E-05 9.995E-05 9.995E-05 9.995E-05 0.9994 9.995E-05
9.995E-05 9.995E-05 9.995E-05 9.995E-05 9.995E-05 0.9994 9.995E-05
9.995E-05 9.995E-05 9.995E-05 9.995E-05 9.995E-05 0.9994 9.995E-05
9.995E-05 9.995E-05 9.995E-05 9.995E-05 9.995E-05 0.9994 9.995E-05
9.9964E-05 9.9964E-05 0.0735006 0.00470529 9.9964E-05 0.921394 9.9964E-05
9.9955E-05 9.9955E-05 9.9955E-05 9.9955E-05 0.00622925 0.993271 9.9955E-05
9.995E-05 9.995E-05 9.995E-05 9.995E-05 9.995E-05 0.9994 9.995E-05
0.129754 0.310634 0.0963045 9.9991E-05 0.0515858 0.113083 0.298538
9.9955E-05 9.9955E-05 9.9955E-05 9.9955E-05 9.9955E-05 0.934586 0.0649139
9.995E-05 9.995E-05 9.995E-05 9.995E-05 9.995E-05 0.9994 9.995E-05
0.0259427 9.9955E-05 9.9955E-05 9.9955E-05 9.9955E-05 0.973558 9.9955E-05
0.105598 0.22708 9.9982E-05 9.9982E-05 0.046435 0.107965 0.512722
0.0628288 0.213898 9.9982E-05 9.9982E-05 0.0632398 0.135991 0.523842
0.0886933 0.24352 0.0230541 0.00577084 0.0582922 0.142981 0.437689
0.0641642 0.209495 0.0072727 9.9991E-05 0.0592653 0.195209 0.464494
0.118131 0.209624 9.9982E-05 9.9982E-05 0.0626927 0.1305 0.478853
0.126103 0.235647 0.0942119 9.9991E-05 0.0353119 0.147805 0.360822
0.0890632 0.120528 0.0339644 9.9991E-05 0.0347855 0.169548 0.552011
0.100808 0.185425 9.9982E-05 9.9982E-05 0.000470915 0.169917 0.54318
0.0865358 0.120378 9.9982E-05 9.9982E-05 0.0908244 0.270134 0.431927
0.0904897 0.155044 0.0112106 9.9991E-05 0.0544992 0.211959 0.476698
0.154363 0.0916476 0.0754711 9.9991E-05 0.0364341 0.123672 0.518312
0.100517 0.100085 9.9982E-05 9.9982E-05 0.061304 0.23947 0.498424
0.120379 0.168517 9.9982E-05 9.9982E-05 0.127283 0.0778864 0.505735
0.0696605 0.179368 9.9982E-05 9.9982E-05 0.0414542 0.141721 0.567597
9.9964E-05 0.921085 0.0751269 9.9964E-05 9.9964E-05 9.9964E-05 0.00338856
0.0391803 0.889389 0.0460549 0.00316917 0.00512219 0.0169847 9.9991E-05
9.995E-05 0.9994 9.995E-05 9.995E-05 9.995E-05 9.995E-05 9.995E-05
9.995E-05 0.9994 9.995E-05 9.995E-05 9.995E-05 9.995E-05 9.995E-05
9.995E-05 0.9994 9.995E-05 9.995E-05 9.995E-05 9.995E-05 9.995E-05
9.9955E-05 0.983931 9.9955E-05 9.9955E-05 9.9955E-05 0.0155688 9.9955E-05
9.995E-05 0.9994 9.995E-05 9.995E-05 9.995E-05 9.995E-05 9.995E-05
0.0535231 0.78657 0.017083 0.0465451 9.9982E-05 9.9982E-05 0.0960792
9.995E-05 0.9994 9.995E-05 9.995E-05 9.995E-05 9.995E-05 9.995E-05
9.995E-05 0.9994 9.995E-05 9.995E-05 9.995E-05 9.995E-05 9.995E-05
9.9964E-05 0.924276 9.9964E-05 0.0144589 9.9964E-05 0.0608649 9.9964E-05
9.995E-05 0.9994 9.995E-05 9.995E-05 9.995E-05 9.995E-05 9.995E-05
0.0455999 0.732219 9.9982E-05 0.00250373 0.0909388 9.9982E-05 0.128538
9.995E-05 9.995E-05 9.995E-05 9.995E-05 0.9994 9.995E-05 9.995E-05
0.0753502 0.153412 9.9982E-05 9.9982E-05 0.0987545 0.189289 0.482994
9.995E-05 9.995E-05 9.995E-05 9.995E-05 0.9994 9.995E-05 9.995E-05
9.995E-05 9.995E-05 9.995E-05 9.995E-05 0.9994 9.995E-05 9.995E-05
0.00425812 0.0240804 0.00285073 9.9982E-05 0.938568 0.0300429 9.9982E-05
0.0313902 0.0648273 0.00144977 0.0106878 0.791246 9.9991E-05 0.100299
9.995E-05 9.995E-05 9.995E-05 9.995E-05 0.9994 9.995E-05 9.995E-05
9.9973E-05 0.0388343 9.9973E-05 9.9973E-05 0.844172 0.018602 0.098092
0.00545668 9.9964E-05 0.0194689 9.9964E-05 0.974675 9.9964E-05 9.9964E-05
9.9964E-05 0.0240259 9.9964E-05 9.9964E-05 0.965475 0.0100993 9.9964E-05
9.995E-05 9.995E-05 9.995E-05 9.995E-05 0.9994 9.995E-05 9.995E-05
9.9955E-05 9.9955E-05 9.9955E-05 9.9955E-05 0.985928 9.9955E-05 0.0135723
0.0005979 0.0034094 9.9964E-05 9.9964E-05 0.995593 9.9964E-05 9.9964E-05
0.00796547 0.0299475 0.0192194 9.9991E-05 0.840599 0.0287072 0.0734614
0.00240891 9.9982E-05 0.0112469 0.0195083 0.952241 9.9982E-05 0.0143948
0.0136245 9.9982E-05 9.9982E-05 0.00219685 0.893506 0.00776577 0.0827071
0.0192476 0.038942 9.9991E-05 0.018334 0.885434 0.0116325 0.0263098
0.0492523 0.000773218 0.0529785 0.00337619 0.889126 0.00332711 0.00116641
9.9964E-05 0.0012631 9.9964E-05 0.0048318 0.993505 9.9964E-05 9.9964E-05
0.33883 0.0492486 9.9991E-05 0.0330533 0.0453819 0.0674127 0.465974
0.304216 9.9991E-05 0.00865312 0.0363826 0.0477591 0.104586 0.498304
0.308176 9.9982E-05 9.9982E-05 0.0259166 0.0347244 0.102457 0.528526
0.28647 9.9982E-05 9.9982E-05 0.0431258 0.0506573 0.0566315 0.562916
0.389828 0.0527955 0.0715299 9.9991E-05 0.0944507 0.224932 0.166363
0.526938 0.0313162 0.00791923 9.9991E-05 0.0969902 0.310664 0.0260719
0.426614 0.0356463 0.0263321 9.9991E-05 0.080848 0.287665 0.142795
0.479296 0.0193653 0.00521399 9.9991E-05 0.0996309 0.278724 0.117669
0.474388 0.0467071 9.9982E-05 9.9982E-05 0.0863312 0.261767 0.130606
0.450663 0.040978 9.9982E-05 9.9982E-05 0.0922082 0.260938 0.155014
0.462851 0.0376101 0.0184198 9.9991E-05 0.0848951 0.286205 0.109919
0.394122 0.126042 0.123682 0.0142549 0.0571178 0.142862 0.141919
0.371335 0.0467821 0.0876891 9.9991E-05 0.0970152 0.204793 0.192286
0.9994 9.995E-05 9.995E-05 9.995E-05 9.995E-05 9.995E-05 9.995E-05
0.9994 9.995E-05 9.995E-05 9.995E-05 9.995E-05 9.995E-05 9.995E-05
0.9994 9.995E-05 9.995E-05 9.995E-05 9.995E-05 9.995E-05 9.995E-05
0.9994 9.995E-05 9.995E-05 9.995E-05 9.995E-05 9.995E-05 9.995E-05
0.9994 9.995E-05 9.995E-05 9.995E-05 9.995E-05 9.995E-05 9.995E-05
0.924161 9.9973E-05 9.9973E-05 0.0205439 0.000984194 9.9973E-05 0.0540107
0.9994 9.995E-05 9.995E-05 9.995E-05 9.995E-05 9.995E-05 9.995E-05
0.9994 9.995E-05 9.995E-05 9.995E-05 9.995E-05 9.995E-05 9.995E-05
0.9994 9.995E-05 9.995E-05 9.995E-05 9.995E-05 9.995E-05 9.995E-05
0.993758 0.0057422 9.9955E-05 9.9955E-05 9.9955E-05 9.9955E-05 9.9955E-05
0.9994 9.995E-05 9.995E-05 9.995E-05 9.995E-05 9.995E-05 9.995E-05
0.9994 9.995E-05 9.995E-05 9.995E-05 9.995E-05 9.995E-05 9.995E-05
