9.995E-05 9.995E-05 9.995E-05 9.995E-05 9.995E-05 0.9994 9.995E-05
9.9973E-05 0.0357428 9.9973E-05 0.50845 0.089361 0.366146 9.9973E-05
9.9973E-05 0.102294 9.9973E-05 0.464426 0.059484 0.373496 9.9973E-05
9.99551E-05 9.99551E-05 9.99551E-05 0.707057 9.99551E-05 0.292443 9.99551E-05
9.9973E-05 9.9973E-05 0.0022985 0.760418 9.9973E-05 0.180496 0.0564876
9.9973E-05 0.035727 9.9973E-05 0.73843 9.9973E-05 0.223122 0.00242146
9.9955E-05 9.9955E-05 9.9955E-05 0.666575 9.9955E-05 0.332925 9.9955E-05
9.9973E-05 0.0693904 9.9973E-05 0.601012 0.00663475 0.322663 9.9973E-05
9.9982E-05 0.0377139 0.00409572 0.688842 0.00130052 0.267848 9.9982E-05
9.995E-05 9.995E-05 9.995E-05 9.995E-05 9.995E-05 0.9994 9.995E-05
9.995E-05 9.995E-05 9.995E-05 9.995E-05 9.995E-05 0.9994 9.995E-05
9.995E-05 9.995E-05 9.995E-05 9.995E-05 9.995E-05 0.9994 9.995E-05
9.995E-05 9.995E-05 9.995E-05 9.995E-05 9.995E-05 0.9994 9.995E-05
9.9964E-05 9.9964E-05 0.0103562 9.9964E-05 9.9964E-05 0.962833 0.0264109
9.9973E-05 0.00212737 0.00849041 9.9973E-05 9.9973E-05 0.953438 0.0356446
0.00682613 0.0359447 0.0545295 0.672827 9.9982E-05 0.229673 9.9982E-05
0.0241142 0.0742774 0.0449937 0.475037 0.0453502 0.270019 0.0662089
9.9955E-05 9.9955E-05 9.9955E-05 0.746251 9.9955E-05 0.253249 9.9955E-05
9.99641E-05 9.99641E-05 9.99641E-05 0.963059 9.99641E-05 0.0266234 0.00991764
9.99551E-05 9.99551E-05 9.99551E-05 0.996879 9.99551E-05 9.99551E-05 0.00262114
9.9964E-05 9.9964E-05 0.00474069 0.861886 9.9964E-05 0.132974 9.9964E-05
9.9973E-05 0.0328825 9.9973E-05 0.832032 9.9973E-05 0.0200064 0.114779
9.9973E-05 9.9973E-05 0.00849639 0.853558 9.9973E-05 0.0560957 0.0815504
9.9955E-05 9.9955E-05 9.9955E-05 0.924588 9.9955E-05 0.0749119 9.9955E-05
9.99551E-05 9.99551E-05 9.99551E-05 0.930412 9.99551E-05 0.069088 9.99551E-05
0.0385946 0.00829004 0.031191 0.885387 9.9991E-05 0.0153107 0.0211263
9.9982E-05 0.0460432 0.0741452 0.831633 9.9982E-05 0.0285117 0.0194674
9.99551E-05 9.99551E-05 9.99551E-05 0.946435 9.99551E-05 0.0530651 9.99551E-05
9.9964E-05 9.9964E-05 9.9964E-05 0.88193 9.9964E-05 0.0864331 0.0312369
9.9955E-05 9.9955E-05 9.9955E-05 0.902393 9.9955E-05 0.0971077 9.9955E-05
9.9973E-05 9.9973E-05 9.9973E-05 0.8209 0.0041785 0.112455 0.0621674
9.9982E-05 0.0057668 0.0337103 0.934872 9.9982E-05 0.0183697 0.00708113
0.0113004 0.0182996 9.9991E-05 0.895663 0.0128652 0.0504514 0.0113208
0.0999977 0.0490628 0.00157928 0.756792 0.00144996 0.0826639 0.00845441
9.9964E-05 9.9964E-05 9.9964E-05 0.822447 9.9964E-05 0.0466016 0.130552
9.9955E-05 9.9955E-05 9.9955E-05 0.877797 9.9955E-05 0.121703 9.9955E-05
9.9955E-05 9.9955E-05 9.9955E-05 0.952214 9.9955E-05 9.9955E-05 0.0472862
9.9991E-05 0.0362417 0.0945658 0.769537 0.0167042 0.0307775 0.0520742
9.9982E-05 0.0313816 0.0557257 0.851815 0.0394387 0.0214392 9.9982E-05
0.000646576 9.9991E-05 0.0117554 0.891755 0.00422384 0.0251604 0.0663588
0.17983 0.0613914 0.033639 0.625722 0.0992172 9.9982E-05 9.9982E-05
0.0937459 0.0907311 0.0976369 0.647791 0.0698953 9.9982E-05 9.9982E-05
0.102829 0.11957 9.9982E-05 0.655143 0.0643329 0.0579254 9.9982E-05
0.077317 0.0575189 0.0431318 0.75409 0.0677421 9.9982E-05 9.9982E-05
0.0513812 0.0831003 0.0656024 0.799616 9.9973E-05 9.9973E-05 9.9973E-05
9.9964E-05 0.0865501 0.0532882 0.859762 9.9964E-05 9.9964E-05 9.9964E-05
0.0336787 0.0232525 0.0400199 0.902749 9.9973E-05 9.9973E-05 9.9973E-05
0.0333883 0.0692882 0.0139817 0.826558 0.0040385 9.9991E-05 0.0526457
0.112531 0.0884515 0.100124 0.659611 9.9991E-05 0.0345079 0.00467546
0.0634981 0.0147356 0.0323435 0.745272 0.048081 0.09597 9.9991E-05
0.00718788 0.0535823 0.0923945 0.787606 0.0322307 0.0268989 9.9991E-05
0.0507612 0.0643586 0.0445 0.825347 9.9982E-05 9.9982E-05 0.0148332
0.0293568 0.0493742 0.0766953 0.844274 9.9973E-05 9.9973E-05 9.9973E-05
0.0906871 9.9991E-05 0.0665724 0.672575 0.050504 0.030279 0.0892823
0.116518 0.0405196 0.0401996 0.664307 0.0652629 0.0218771 0.0513158
0.111895 0.121014 0.0150684 0.716827 0.0349952 9.9982E-05 9.9982E-05
0.113895 0.0720437 0.122509 0.609284 0.023323 0.0588449 9.9991E-05
0.0799833 0.0175076 0.0893418 0.779405 0.0313613 9.9991E-05 0.00230148
9.9964E-05 0.0502102 0.039546 0.909844 9.9964E-05 9.9964E-05 9.9964E-05
0.0133077 0.0432404 0.125383 0.713479 0.0450795 0.0561815 0.00332808
0.118574 9.9982E-05 0.089425 0.766862 0.000475929 9.9982E-05 0.0244633
0.13828 0.0189513 0.0132938 0.76547 0.044132 9.9991E-05 0.019773
0.0730505 0.109565 0.0660275 0.670416 0.0619063 9.9991E-05 0.0189354
0.0827316 0.109174 0.0121145 0.619586 0.0714686 9.9991E-05 0.104826
0.110789 9.9982E-05 0.0498908 0.821752 0.00950066 9.9982E-05 0.00786705
0.086559 0.103917 0.0314178 0.627641 0.0438395 9.9991E-05 0.106526
0.0859732 0.0607479 0.0311988 0.714307 0.107135 9.9991E-05 0.000537726
0.0396054 0.0882588 0.0183088 0.631182 0.0359868 9.9991E-05 0.186558
0.019103 0.0492441 0.0225723 0.858634 0.0382235 9.9991E-05 0.0121234
0.0966516 0.140879 9.9982E-05 0.647695 0.0212464 9.9982E-05 0.0933277
0.0545428 0.104934 9.9982E-05 0.751225 0.0829721 0.00612672 9.9982E-05
0.14831 0.0844572 0.0013905 0.636887 0.0845785 9.9991E-05 0.044277
0.0518655 0.0694539 0.0513142 0.748698 9.9991E-05 0.0538238 0.0247446
0.0202965 0.0582925 0.131079 0.779354 9.9982E-05 0.0107783 9.9982E-05
0.157128 0.0658824 0.06012 0.650809 0.0038964 0.00390354 0.0582598
0.0400903 0.0633029 0.119035 0.685819 0.0363406 9.9991E-05 0.0553121
0.0595856 0.0865889 0.00126927 0.735288 0.0969054 9.9991E-05 0.0202629
0.125518 0.084512 9.9982E-05 0.594661 0.105575 9.9982E-05 0.0895338
0.13124 0.0667725 0.094814 0.493684 0.14202 9.9991E-05 0.0713689
0.161543 0.0703201 0.0605851 0.390574 0.172305 9.9991E-05 0.144573
0.184957 0.074751 0.065174 0.470969 0.110911 9.9991E-05 0.0931387
0.159768 0.0661322 0.0654889 0.441801 0.15028 9.9991E-05 0.116431
0.160632 0.0353329 0.0589091 0.504087 0.123068 9.9991E-05 0.117871
0.171847 0.0117042 0.0522315 0.602424 0.161593 9.9982E-05 9.9982E-05
0.110727 0.0720251 0.0701037 0.504857 0.21717 0.0164649 0.00865234
0.1387 0.12902 0.0475894 0.462885 0.191322 9.9991E-05 0.0303842
0.14195 0.0860716 0.0723601 0.503007 0.12978 0.0348594 0.0319723
0.160029 9.9973E-05 0.0927653 0.541685 0.205221 9.9973E-05 9.9973E-05
0.101949 0.115811 0.0838892 0.439727 0.146374 9.9991E-05 0.112151
0.176943 0.118936 0.193171 0.338468 0.133442 9.9991E-05 0.0389403
0.108977 0.0662426 0.0417991 0.435418 0.13712 0.0210656 0.189377
0.154945 0.0588702 9.9991E-05 0.419685 0.104673 0.0318426 0.229884
0.100964 0.115939 0.166352 0.35623 0.229797 0.00251336 0.0282043
9.995E-05 9.995E-05 9.995E-05 9.995E-05 0.9994 9.995E-05 9.995E-05
9.9973E-05 0.0184184 9.9973E-05 0.0206205 0.946275 0.0143863 9.9973E-05
9.9975E-05 9.9975E-05 9.9975E-05 0.0378947 0.888504 0.0209799 0.0523215
9.995E-05 9.995E-05 9.995E-05 9.995E-05 0.9994 9.995E-05 9.995E-05
9.9955E-05 9.9955E-05 0.0113722 9.9955E-05 0.988128 9.9955E-05 9.9955E-05
9.995E-05 9.995E-05 9.995E-05 9.995E-05 0.9994 9.995E-05 9.995E-05
9.995E-05 9.995E-05 9.995E-05 9.995E-05 0.9994 9.995E-05 9.995E-05
9.9982E-05 0.000720578 0.0625925 9.9982E-05 0.894022 0.0164162 0.026049
0.000136151 9.9955E-05 9.9955E-05 9.9955E-05 0.999364 9.9955E-05 9.9955E-05
9.995E-05 9.995E-05 9.995E-05 9.995E-05 0.9994 9.995E-05 9.995E-05
0.286339 0.085956 0.107525 0.268218 0.133852 9.9991E-05 0.11801
9.9964E-05 9.9964E-05 9.9964E-05 0.0581037 0.915089 9.9964E-05 0.0264079
9.995E-05 9.995E-05 9.995E-05 9.995E-05 0.9994 9.995E-05 9.995E-05
9.995E-05 9.995E-05 9.995E-05 9.995E-05 0.9994 9.995E-05 9.995E-05
0.287283 0.057431 0.105771 0.308435 0.140237 9.9991E-05 0.100743
0.274377 0.0867937 0.0661708 0.31396 0.151263 9.9991E-05 0.107336
0.269599 0.0596687 0.0967139 0.301443 0.100094 9.9991E-05 0.172381
0.271523 0.0893869 0.0726671 0.27975 0.179913 9.9991E-05 0.10666
0.285392 0.0757702 0.106022 0.250362 0.188645 9.9991E-05 0.0937092
0.21863 0.0429338 0.0793067 0.370753 0.0910109 9.9991E-05 0.197265
0.17934 0.015291 0.0275315 0.436303 0.173979 9.9991E-05 0.167455
0.283449 9.9982E-05 0.0438595 0.325262 0.170634 9.9982E-05 0.176595
0.162162 0.0867611 0.0681781 0.298889 0.222436 9.9991E-05 0.161474
0.172502 0.0907857 0.0822819 0.275076 0.203228 9.9991E-05 0.176027
0.193904 0.0682666 0.0924382 0.379732 0.142292 9.9991E-05 0.123267
0.122081 0.0382504 0.0622078 0.343496 0.22673 9.9991E-05 0.207135
0.255378 0.0777489 0.10365 0.345651 0.0967388 9.9991E-05 0.120733
0.229911 0.0848415 0.065003 0.391661 0.145514 9.9991E-05 0.0829701
0.940327 0.0254571 9.9973E-05 9.9973E-05 0.0179907 9.9973E-05 0.0159257
0.885574 9.9982E-05 0.0645171 9.9982E-05 0.0270024 0.0149968 0.00771006
0.9994 9.995E-05 9.995E-05 9.995E-05 9.995E-05 9.995E-05 9.995E-05
0.9994 9.995E-05 9.995E-05 9.995E-05 9.995E-05 9.995E-05 9.995E-05
0.994708 0.00479185 9.9955E-05 9.9955E-05 9.9955E-05 9.9955E-05 9.9955E-05
0.9994 9.995E-05 9.995E-05 9.995E-05 9.995E-05 9.995E-05 9.995E-05
0.990562 9.9955E-05 9.9955E-05 9.9955E-05 9.9955E-05 9.9955E-05 0.00893849
0.753866 9.9982E-05 0.0607373 0.00897855 9.9982E-05 0.0502309 0.125988
0.9994 9.995E-05 9.995E-05 9.995E-05 9.995E-05 9.995E-05 9.995E-05
0.9994 9.995E-05 9.995E-05 9.995E-05 9.995E-05 9.995E-05 9.995E-05
0.847327 0.00306329 9.9982E-05 9.9982E-05 0.0324616 0.0141549 0.102793
0.9994 9.995E-05 9.995E-05 9.995E-05 9.995E-05 9.995E-05 9.995E-05
0.7663 0.056238 9.9973E-05 0.128785 9.9973E-05 9.9973E-05 0.0483771
9.995E-05 0.9994 9.995E-05 9.995E-05 9.995E-05 9.995E-05 9.995E-05
0.202701 0.116629 0.0373918 0.285867 0.213784 9.9991E-05 0.143527
9.995E-05 0.9994 9.995E-05 9.995E-05 9.995E-05 9.995E-05 9.995E-05
9.995E-05 0.9994 9.995E-05 9.995E-05 9.995E-05 9.995E-05 9.995E-05
9.9964E-05 0.917677 9.9964E-05 9.9964E-05 0.00976088 9.9964E-05 0.0721626
0.0339508 0.777164 0.0176698 0.147609 0.023407 9.9982E-05 9.9982E-05
9.995E-05 0.9994 9.995E-05 9.995E-05 9.995E-05 9.995E-05 9.995E-05
0.0172073 0.890915 0.0145884 0.0149458 9.9982E-05 9.9982E-05 0.0621433
9.9955E-05 0.985236 9.9955E-05 9.9955E-05 9.9955E-05 9.9955E-05 0.0142645
0.0235165 0.938478 9.9973E-05 0.0187681 0.0189374 9.9973E-05 9.9973E-05
9.995E-05 0.9994 9.995E-05 9.995E-05 9.995E-05 9.995E-05 9.995E-05
9.9955E-05 0.986732 0.0127679 9.9955E-05 9.9955E-05 9.9955E-05 9.9955E-05
0.0280244 0.971476 9.9955E-05 9.9955E-05 9.9955E-05 9.9955E-05 9.9955E-05
0.0623404 0.809561 0.0798858 0.0175077 0.0305056 9.9982E-05 9.9982E-05
9.9964E-05 0.930421 9.9964E-05 9.9964E-05 9.9964E-05 0.0167452 0.052434
0.0136276 0.92195 9.9982E-05 9.9982E-05 0.00502705 0.0126978 0.0464974
0.0226928 0.892706 0.023876 0.0148589 9.9991E-05 0.0202274 0.0255386
9.9973E-05 0.867038 0.0466911 0.0782082 9.9973E-05 9.9973E-05 0.00776235
0.0524737 0.946691 9.9964E-05 9.9964E-05 0.000435189 9.9964E-05 9.9964E-05
0.087997 0.0516872 0.276655 0.309589 0.100993 9.9991E-05 0.172979
0.053485 0.0532121 0.329246 0.28947 0.108142 0.00332962 0.163115
0.0514861 0.104015 0.296484 0.277238 0.0678285 0.00182454 0.201124
0.0244801 0.0717593 0.299769 0.317565 0.105689 0.0145334 0.166205
0.0449309 9.9955E-05 9.9955E-05 9.9955E-05 9.9955E-05 9.9955E-05 0.954569
9.995E-05 9.995E-05 9.995E-05 9.995E-05 9.995E-05 9.995E-05 0.9994
9.995E-05 9.995E-05 9.995E-05 9.995E-05 9.995E-05 9.995E-05 0.9994
9.995E-05 9.995E-05 9.995E-05 9.995E-05 9.995E-05 9.995E-05 0.9994
9.9964E-05 0.00967569 0.000123356 9.9964E-05 9.9964E-05 9.9964E-05 0.989801
9.9955E-05 9.9955E-05 0.0187322 9.9955E-05 9.9955E-05 9.9955E-05 0.980768
9.9955E-05 9.9955E-05 9.9955E-05 9.9955E-05 0.0153283 9.9955E-05 0.984172
0.025135 0.0192023 0.0377274 0.128596 9.9991E-05 0.0219671 0.767273
9.9982E-05 0.0220209 9.9982E-05 0.0915806 0.00979663 0.0057412 0.870661
0.0218587 9.9955E-05 0.977642 9.9955E-05 9.9955E-05 9.9955E-05 9.9955E-05
9.995E-05 9.995E-05 0.9994 9.995E-05 9.995E-05 9.995E-05 9.995E-05
9.9955E-05 0.00568537 0.993815 9.9955E-05 9.9955E-05 9.9955E-05 9.9955E-05
9.995E-05 9.995E-05 0.9994 9.995E-05 9.995E-05 9.995E-05 9.995E-05
9.995E-05 9.995E-05 0.9994 9.995E-05 9.995E-05 9.995E-05 9.995E-05
9.9991E-05 0.0136346 0.913988 0.0180588 0.0132368 0.0208276 0.0201539
9.995E-05 9.995E-05 0.9994 9.995E-05 9.995E-05 9.995E-05 9.995E-05
9.995E-05 9.995E-05 0.9994 9.995E-05 9.995E-05 9.995E-05 9.995E-05
9.9973E-05 0.0138343 0.969436 9.9973E-05 0.00770701 9.9973E-05 0.00872252
0.0294574 0.0114457 0.939889 0.0177434 0.00126399 9.9982E-05 9.9982E-05
9.9955E-05 9.9955E-05 0.98302 9.9955E-05 9.9955E-05 9.9955E-05 0.0164806
0.00939201 9.9955E-05 0.990108 9.9955E-05 9.9955E-05 9.9955E-05 9.9955E-05
