9.995E-05 9.995E-05 9.995E-05 9.995E-05 9.995E-05 9.995E-05 0.9994
0.080579 9.9973E-05 9.9973E-05 9.9973E-05 0.480755 0.0774799 0.360886
0.0672449 9.9973E-05 9.9973E-05 9.9973E-05 0.428301 0.111596 0.392558
9.99551E-05 9.99551E-05 9.99551E-05 9.99551E-05 0.730621 9.99551E-05 0.268879
9.9973E-05 0.0364791 9.9973E-05 0.0501766 0.768826 9.9973E-05 0.144218
9.9964E-05 9.9964E-05 9.9964E-05 9.9964E-05 0.738147 0.0160314 0.245422
9.9955E-05 9.9955E-05 9.9955E-05 9.9955E-05 0.612857 9.9955E-05 0.386643
0.00201273 9.9973E-05 9.9973E-05 9.9973E-05 0.540706 0.0814167 0.375564
0.00325287 9.9973E-05 9.9973E-05 9.9973E-05 0.713964 0.0439016 0.238582
9.995E-05 9.995E-05 9.995E-05 9.995E-05 9.995E-05 9.995E-05 0.9994
9.995E-05 9.995E-05 9.995E-05 9.995E-05 9.995E-05 9.995E-05 0.9994
9.995E-05 9.995E-05 9.995E-05 9.995E-05 9.995E-05 9.995E-05 0.9994
9.995E-05 9.995E-05 9.995E-05 9.995E-05 9.995E-05 9.995E-05 0.9994
9.9964E-05 0.00452676 9.9964E-05 0.0541957 9.9964E-05 9.9964E-05 0.940878
9.9973E-05 9.9973E-05 0.00701294 0.0005784 9.9973E-05 0.0128261 0.979283
9.9973E-05 0.0386732 9.9973E-05 9.9973E-05 0.746081 0.000778746 0.214167
0.00932139 0.0755284 0.0419125 0.0469499 0.500337 0.0775832 0.248367
9.99551E-05 9.99551E-05 9.99551E-05 9.99551E-05 0.73851 9.99551E-05 0.26099
9.99551E-05 9.99551E-05 9.99551E-05 9.99551E-05 0.979843 9.99551E-05 0.0196569
9.99551E-05 9.99551E-05 9.99551E-05 0.0442336 0.955267 9.99551E-05 9.99551E-05
0.00603427 0.00302538 9.9973E-05 9.9973E-05 0.864679 9.9973E-05 0.125962
9.9973E-05 9.9973E-05 9.9973E-05 0.0870553 0.878569 0.00403962 0.0300361
9.9964E-05 9.9964E-05 9.9964E-05 0.070798 0.870186 9.9964E-05 0.0586161
9.9964E-05 9.9964E-05 9.9964E-05 0.0261241 0.888944 9.9964E-05 0.0845322
9.99551E-05 9.99551E-05 9.99551E-05 9.99551E-05 0.955572 9.99551E-05 0.0439287
9.9982E-05 0.0104902 0.0397784 0.0179918 0.887983 9.9982E-05 0.0435563
9.9982E-05 0.0377887 9.9982E-05 0.0326182 0.859779 0.0448949 0.0247195
9.99551E-05 9.99551E-05 9.99551E-05 9.99551E-05 0.955687 9.99551E-05 0.0438131
9.9973E-05 0.0200116 9.9973E-05 0.0127905 0.900421 9.9973E-05 0.0664766
9.9955E-05 9.9955E-05 9.9955E-05 9.9955E-05 0.887403 9.9955E-05 0.112097
9.99641E-05 9.99641E-05 9.99641E-05 0.0253853 0.863616 9.99641E-05 0.110599
9.99641E-05 0.0187158 9.99641E-05 9.99641E-05 0.936835 9.99641E-05 0.0440495
9.9982E-05 0.00414555 9.9982E-05 0.00166612 0.922295 0.0189312 0.0527618
0.0154387 0.0115827 0.0594875 0.0179552 0.755165 0.0602546 0.0801161
9.9964E-05 9.9964E-05 9.9964E-05 0.0896268 0.838186 9.9964E-05 0.0717875
9.9955E-05 9.9955E-05 9.9955E-05 9.9955E-05 0.87956 9.9955E-05 0.11994
9.9973E-05 0.00423311 9.9973E-05 0.0531065 0.933147 0.00921362 9.9973E-05
0.0363899 0.0364847 9.9991E-05 0.0597478 0.795295 0.0675857 0.00439678
0.0528272 0.0669905 9.9982E-05 9.9982E-05 0.806575 0.0612447 0.0121625
0.007532 0.0655141 0.0127188 0.0186822 0.876832 9.9991E-05 0.0186207
0.0769243 0.0530464 0.149158 9.9982E-05 0.672508 0.0481632 9.9982E-05
0.0190456 0.0370465 0.13987 0.0187631 0.702885 0.0822906 9.9991E-05
0.0542843 9.9982E-05 0.1291 9.9982E-05 0.67606 0.0917498 0.0486057
0.0466012 0.030145 0.0922057 9.9982E-05 0.771648 0.0592006 9.9982E-05
9.9973E-05 0.0806782 0.0543636 9.9973E-05 0.779893 0.0847654 9.9973E-05
9.9964E-05 0.0834642 9.9964E-05 9.9964E-05 0.86245 0.0536858 9.9964E-05
9.9973E-05 0.0270443 0.0550559 9.9973E-05 0.903714 0.013886 9.9973E-05
9.9982E-05 0.0108085 0.0365459 0.0224915 0.890546 0.039408 9.9982E-05
9.9991E-05 0.0977493 0.116762 0.023587 0.670714 0.0538272 0.0372609
0.0483921 0.00733207 0.0357922 0.0246908 0.763642 0.0163125 0.103838
0.0574997 0.0702786 0.035548 9.9991E-05 0.763126 0.0501778 0.0232697
9.9982E-05 0.0645099 0.0375167 0.0704848 0.770047 0.0572415 9.9982E-05
9.9973E-05 0.0996435 0.0244804 9.9973E-05 0.833693 0.0418829 9.9973E-05
0.0261719 0.0941263 0.0940651 0.0998934 0.621182 0.0183385 0.0462229
0.083669 0.0577409 0.095178 0.0506092 0.644757 0.0248035 0.0432424
0.0436406 9.9982E-05 0.107018 0.0117934 0.703317 0.134031 9.9982E-05
0.0186926 0.114281 0.0682009 0.0461897 0.565192 0.0940709 0.0933732
0.0316802 0.0694775 0.0474003 0.0131325 0.776373 0.0618369 9.9991E-05
9.9964E-05 0.0610985 9.9964E-05 9.9964E-05 0.889194 0.049308 9.9964E-05
0.0545525 0.0961625 0.0773569 9.9991E-05 0.732139 0.010703 0.0289861
9.9982E-05 0.107648 0.107783 0.0345348 0.747916 0.00191873 9.9982E-05
0.0649012 0.038484 0.212755 9.9973E-05 0.683559 9.9973E-05 9.9973E-05
0.0827253 0.0739747 0.0256233 0.0264234 0.686782 0.100809 0.00366245
9.9982E-05 0.157661 0.0713875 0.0824246 0.60078 0.0875464 9.9982E-05
0.0076723 0.0529145 0.124013 0.0101637 0.805037 9.9982E-05 9.9982E-05
0.0487693 0.0729014 0.0632039 0.0790103 0.636178 0.0998369 9.9991E-05
0.106954 0.055611 0.14458 9.9982E-05 0.671225 0.0214299 9.9982E-05
0.070875 0.0534721 0.115916 0.119369 0.567619 0.0660814 0.00666746
0.0343123 0.0611901 0.0289424 9.9982E-05 0.822603 0.0527522 9.9982E-05
0.0253946 9.9982E-05 0.0918234 0.0795488 0.682525 0.120508 9.9982E-05
0.0664513 9.9982E-05 0.0584565 9.9982E-05 0.764795 0.0940711 0.0160261
0.0689042 0.0603563 0.126559 0.0318265 0.652923 0.0593307 9.9991E-05
0.0194963 0.0565479 0.0184935 0.0233505 0.737135 0.0787331 0.0662437
0.00243724 0.0837873 0.0553166 0.0101442 0.798266 0.0343741 0.0156744
0.0209914 0.0156573 0.199193 0.0474565 0.616006 0.0788479 0.0218477
0.0416912 0.138129 0.0633405 0.0355648 0.695747 0.0254275 9.9991E-05
0.0577493 0.0306044 0.0725373 0.0526992 0.742946 0.0433643 9.9991E-05
0.124434 9.9991E-05 0.127169 0.127507 0.580027 0.0342024 0.00656106
0.152949 0.0897178 0.136564 0.0838153 0.431393 0.105461 9.9991E-05
0.158542 0.06584 0.164292 0.113406 0.411067 0.0867531 9.9991E-05
0.0883323 0.138341 0.2004 0.0679566 0.437729 0.0671403 9.9991E-05
0.186041 0.0918382 0.145434 0.095367 0.421319 0.0599008 9.9991E-05
0.148658 0.034452 0.138711 0.076729 0.518077 0.0832736 9.9991E-05
0.185353 0.0434715 0.142662 9.9982E-05 0.612116 0.016197 9.9982E-05
0.213589 0.0564406 0.081968 0.0333567 0.449432 0.103756 0.0614574
0.187189 0.0544476 0.127082 0.0514989 0.435652 0.14403 9.9991E-05
0.102028 0.0745497 0.124353 0.0451549 0.533274 0.0860238 0.034617
0.168436 0.102075 0.153223 9.9982E-05 0.568135 0.00793127 9.9982E-05
0.153133 0.0490967 0.0775303 0.0857091 0.531766 0.102664 9.9991E-05
0.136292 0.182334 0.183815 0.0166728 0.362884 0.117902 9.9991E-05
0.132156 9.9991E-05 0.103227 0.211327 0.459219 0.0739209 0.0200514
0.115597 9.9991E-05 0.167993 0.191785 0.424521 0.0811481 0.0188569
0.221778 0.20392 0.109936 0.0303345 0.358288 0.07489 0.000854165
0.9994 9.995E-05 9.995E-05 9.995E-05 9.995E-05 9.995E-05 9.995E-05
0.982473 9.9955E-05 9.9955E-05 9.9955E-05 9.9955E-05 9.9955E-05 0.0170277
0.852358 0.00240842 9.9991E-05 0.0593272 0.0534746 0.030735 0.00159681
0.9994 9.995E-05 9.995E-05 9.995E-05 9.995E-05 9.995E-05 9.995E-05
0.9994 9.995E-05 9.995E-05 9.995E-05 9.995E-05 9.995E-05 9.995E-05
0.9994 9.995E-05 9.995E-05 9.995E-05 9.995E-05 9.995E-05 9.995E-05
0.9994 9.995E-05 9.995E-05 9.995E-05 9.995E-05 9.995E-05 9.995E-05
0.96296 9.9955E-05 9.9955E-05 9.9955E-05 0.0365407 9.9955E-05 9.9955E-05
0.983335 0.0161654 9.9955E-05 9.9955E-05 9.9955E-05 9.9955E-05 9.9955E-05
0.9994 9.995E-05 9.995E-05 9.995E-05 9.995E-05 9.995E-05 9.995E-05
0.111284 0.140888 0.30213 0.105778 0.255561 0.0842602 9.9991E-05
0.892435 0.0162372 9.9982E-05 0.0652187 0.0150261 0.0108834 9.9982E-05
0.9994 9.995E-05 9.995E-05 9.995E-05 9.995E-05 9.995E-05 9.995E-05
0.975251 0.0105096 9.9964E-05 0.0138395 9.9964E-05 9.9964E-05 9.9964E-05
0.122286 0.123815 0.265963 0.0753504 0.339416 0.0730701 9.9991E-05
0.121763 0.107015 0.278706 0.0724114 0.325992 0.0940127 9.9991E-05
0.153483 0.102027 0.266572 0.12444 0.282505 0.0708727 9.9991E-05
0.201663 0.102003 0.274623 0.0575772 0.254708 0.109326 9.9991E-05
0.126056 0.12778 0.301536 0.0688763 0.289789 0.0858629 9.9991E-05
0.105609 0.0723367 0.203061 0.167556 0.425239 0.0260988 9.9991E-05
0.159247 0.0664393 0.17153 0.164969 0.415903 0.0218105 9.9991E-05
0.143089 0.0627035 0.292007 0.123756 0.333982 0.0443631 9.9991E-05
0.23853 0.0630911 0.175218 0.170176 0.243607 0.109278 9.9991E-05
0.233994 0.0422101 0.212383 0.150813 0.256207 0.104293 9.9991E-05
0.138062 0.0793557 0.21053 0.109163 0.385238 0.0775518 9.9991E-05
0.216238 0.0921972 0.142151 0.209947 0.265539 0.0738281 9.9991E-05
0.0983646 0.11296 0.253799 0.129048 0.304943 0.100785 9.9991E-05
0.13044 0.0781313 0.257262 0.0732393 0.363729 0.0970981 9.9991E-05
9.9982E-05 0.0170826 0.915127 0.0298022 0.0148141 0.0229742 9.9982E-05
9.9982E-05 0.076492 0.852568 0.032758 0.0320448 9.9982E-05 0.00593767
9.995E-05 9.995E-05 0.9994 9.995E-05 9.995E-05 9.995E-05 9.995E-05
9.995E-05 9.995E-05 0.9994 9.995E-05 9.995E-05 9.995E-05 9.995E-05
0.00638321 9.9955E-05 0.993117 9.9955E-05 9.9955E-05 9.9955E-05 9.9955E-05
9.995E-05 9.995E-05 0.9994 9.995E-05 9.995E-05 9.995E-05 9.995E-05
9.995E-05 9.995E-05 0.9994 9.995E-05 9.995E-05 9.995E-05 9.995E-05
9.9973E-05 9.9973E-05 0.806662 0.121746 0.0358001 9.9973E-05 0.0354912
9.995E-05 9.995E-05 0.9994 9.995E-05 9.995E-05 9.995E-05 9.995E-05
9.995E-05 9.995E-05 0.9994 9.995E-05 9.995E-05 9.995E-05 9.995E-05
0.0254105 9.9973E-05 0.891643 0.0788128 9.9973E-05 9.9973E-05 0.00383422
9.995E-05 9.995E-05 0.9994 9.995E-05 9.995E-05 9.995E-05 9.995E-05
0.00041221 0.0161992 0.72335 0.033855 0.0615569 0.160274 0.004352
9.995E-05 9.995E-05 9.995E-05 9.995E-05 9.995E-05 0.9994 9.995E-05
0.206923 0.0940995 0.221517 0.0788594 0.278988 0.119513 9.9991E-05
9.995E-05 9.995E-05 9.995E-05 9.995E-05 9.995E-05 0.9994 9.995E-05
9.995E-05 9.995E-05 9.995E-05 9.995E-05 9.995E-05 0.9994 9.995E-05
0.00591054 9.9964E-05 9.9964E-05 0.0510934 9.9964E-05 0.942596 9.9964E-05
0.0299938 0.00537319 0.0450884 9.9982E-05 0.132215 0.787129 9.9982E-05
9.995E-05 9.995E-05 9.995E-05 9.995E-05 9.995E-05 0.9994 9.995E-05
0.0039373 9.9982E-05 0.0315655 0.0237881 0.0371969 0.903312 9.9982E-05
0.031292 9.9964E-05 9.9964E-05 9.9964E-05 0.0200007 0.948307 9.9964E-05
9.9955E-05 9.9955E-05 0.0372278 9.9955E-05 9.9955E-05 0.962272 9.9955E-05
9.9964E-05 9.9964E-05 9.9964E-05 0.00854976 9.9964E-05 0.987718 0.00333245
9.995E-05 9.995E-05 9.995E-05 9.995E-05 9.995E-05 0.9994 9.995E-05
0.0242849 9.9973E-05 0.00786054 9.9973E-05 0.00658183 0.960973 9.9973E-05
0.0422497 0.0749048 0.0835408 0.0284352 9.9982E-05 0.770669 9.9982E-05
9.9973E-05 0.00450481 9.9973E-05 0.0183282 9.9973E-05 0.968822 0.00804468
0.02512 9.9982E-05 0.00614516 0.0576631 0.0199365 0.890935 9.9982E-05
9.9991E-05 0.0143036 0.0446752 0.0655119 0.0153671 0.84817 0.0118719
9.9973E-05 0.0473773 9.9973E-05 0.0125642 9.9973E-05 0.90072 0.0390381
9.9973E-05 9.9973E-05 0.020275 0.0124892 0.00711217 0.959824 9.9973E-05
0.105546 0.315919 0.134642 0.156806 0.173512 0.0749143 0.0386593
0.0920971 0.267366 0.0810992 0.208442 0.228314 0.104837 0.0178446
0.128189 0.307797 0.0458415 0.169416 0.234055 0.0900492 0.0246516
0.151609 0.326774 0.0535858 0.131214 0.195343 0.0940126 0.0474612
9.9964E-05 9.9964E-05 0.0371606 0.935797 9.9964E-05 9.9964E-05 0.0266425
9.995E-05 9.995E-05 9.995E-05 0.9994 9.995E-05 9.995E-05 9.995E-05
9.9955E-05 0.0102648 9.9955E-05 0.989235 9.9955E-05 9.9955E-05 9.9955E-05
9.995E-05 9.995E-05 9.995E-05 0.9994 9.995E-05 9.995E-05 9.995E-05
0.0233657 0.00554567 0.00243886 0.94803 9.9982E-05 0.0204201 9.9982E-05
9.9955E-05 0.0131171 9.9955E-05 0.986383 9.9955E-05 9.9955E-05 9.9955E-05
0.00215466 0.0101316 9.9964E-05 0.987314 9.9964E-05 9.9964E-05 9.9964E-05
9.9982E-05 0.0446028 0.0629978 0.735119 0.137728 9.9982E-05 0.0193532
9.9973E-05 0.0212714 9.9973E-05 0.934042 0.0293781 9.9973E-05 0.0150086
9.9955E-05 0.993557 0.00594283 9.9955E-05 9.9955E-05 9.9955E-05 9.9955E-05
9.995E-05 0.9994 9.995E-05 9.995E-05 9.995E-05 9.995E-05 9.995E-05
9.995E-05 0.9994 9.995E-05 9.995E-05 9.995E-05 9.995E-05 9.995E-05
9.9964E-05 0.981801 9.9964E-05 0.00492201 9.9964E-05 0.0128772 9.9964E-05
9.995E-05 0.9994 9.995E-05 9.995E-05 9.995E-05 9.995E-05 9.995E-05
0.0277077 0.897216 0.0359544 9.9973E-05 0.0388217 9.9973E-05 9.9973E-05
9.995E-05 0.9994 9.995E-05 9.995E-05 9.995E-05 9.995E-05 9.995E-05
9.995E-05 0.9994 9.995E-05 9.995E-05 9.995E-05 9.995E-05 9.995E-05
9.9955E-05 0.992457 9.9955E-05 9.9955E-05 9.9955E-05 9.9955E-05 0.00704282
9.99736E-05 0.962832 0.032829 9.99736E-05 0.00225959 0.00177961 9.99736E-05
9.995E-05 0.9994 9.995E-05 9.995E-05 9.995E-05 9.995E-05 9.995E-05
9.995E-05 0.9994 9.995E-05 9.995E-05 9.995E-05 9.995E-05 9.995E-05
