9.995E-05 9.995E-05 9.995E-05 0.9994 9.995E-05 9.995E-05 9.995E-05
0.0765996 0.00470948 0.0727981 0.350815 9.9982E-05 0.494878 9.9982E-05
0.0454477 9.9973E-05 0.108781 0.361607 9.9973E-05 0.483864 9.9973E-05
9.99551E-05 9.99551E-05 9.99551E-05 0.278532 9.99551E-05 0.720969 9.99551E-05
9.9973E-05 0.0598624 9.9973E-05 0.153534 9.9973E-05 0.747359 0.038945
9.9964E-05 9.9964E-05 0.00778422 0.227701 9.9964E-05 0.764115 9.9964E-05
9.9955E-05 9.9955E-05 9.9955E-05 0.380807 9.9955E-05 0.618693 9.9955E-05
0.00870898 9.9973E-05 0.0495517 0.359043 9.9973E-05 0.582396 9.9973E-05
9.9973E-05 9.9973E-05 0.0574049 0.252433 9.9973E-05 0.648779 0.0410833
9.995E-05 9.995E-05 9.995E-05 0.9994 9.995E-05 9.995E-05 9.995E-05
9.995E-05 9.995E-05 9.995E-05 0.9994 9.995E-05 9.995E-05 9.995E-05
9.995E-05 9.995E-05 9.995E-05 0.9994 9.995E-05 9.995E-05 9.995E-05
9.995E-05 9.995E-05 9.995E-05 0.9994 9.995E-05 9.995E-05 9.995E-05
9.9964E-05 0.073038 0.00806206 0.9185 9.9964E-05 9.9964E-05 9.9964E-05
9.9964E-05 0.000538169 9.9964E-05 0.968188 0.0308743 9.9964E-05 9.9964E-05
9.9973E-05 9.9973E-05 0.000865603 0.205966 9.9973E-05 0.780062 0.0128071
0.0674613 0.0794125 0.10137 0.237828 9.9991E-05 0.458312 0.055517
9.9955E-05 9.9955E-05 9.9955E-05 0.235853 9.9955E-05 0.763647 9.9955E-05
9.99551E-05 0.0487369 9.99551E-05 9.99551E-05 9.99551E-05 0.950763 9.99551E-05
9.99551E-05 0.036415 9.99551E-05 9.99551E-05 9.99551E-05 0.963085 9.99551E-05
9.9964E-05 9.9964E-05 9.9964E-05 0.111288 9.9964E-05 0.84939 0.0389226
9.9973E-05 0.0817511 0.0214237 0.0384327 9.9973E-05 0.858093 9.9973E-05
9.9964E-05 0.0579607 9.9964E-05 0.0500215 9.9964E-05 0.891618 9.9964E-05
9.9955E-05 9.9955E-05 9.9955E-05 0.0839654 9.9955E-05 0.915535 9.9955E-05
9.99551E-05 9.99551E-05 9.99551E-05 0.083234 9.99551E-05 0.916266 9.99551E-05
9.9982E-05 0.0277182 9.9982E-05 0.0163633 0.0266083 0.890256 0.0388541
9.9982E-05 0.0152192 0.0718454 0.0581842 9.9982E-05 0.771921 0.0826299
9.99551E-05 9.99551E-05 9.99551E-05 0.0336584 9.99551E-05 0.965842 9.99551E-05
9.9964E-05 0.0207969 9.9964E-05 0.0958088 9.9964E-05 0.882994 9.9964E-05
9.9955E-05 9.9955E-05 9.9955E-05 0.114642 9.9955E-05 0.884858 9.9955E-05
9.99641E-05 0.025568 9.99641E-05 0.101314 9.99641E-05 0.872718 9.99641E-05
9.9982E-05 0.00971218 9.9982E-05 0.0526633 0.00700371 0.891039 0.039382
0.0177443 0.0316464 0.0192826 0.0619226 9.9982E-05 0.869204 9.9982E-05
9.9982E-05 0.00221923 0.0676162 0.0966015 0.0590395 0.774324 9.9982E-05
9.9973E-05 0.124792 0.0538783 0.0243297 9.9973E-05 0.7967 9.9973E-05
9.9955E-05 9.9955E-05 9.9955E-05 0.118628 9.9955E-05 0.880873 9.9955E-05
9.99661E-05 0.0209851 0.00644029 9.99661E-05 9.99661E-05 0.972175 9.99661E-05
0.0292719 0.0783611 0.00737068 0.014289 0.00206796 0.822349 0.0462903
0.0618394 9.9982E-05 0.0430531 0.0166102 9.9982E-05 0.803976 0.0743214
0.0396926 9.9982E-05 9.9982E-05 0.0206703 0.010032 0.884944 0.0444611
0.0667523 9.9982E-05 0.0683776 9.9982E-05 0.109678 0.735474 0.0195185
0.0885343 0.0010171 0.0151756 9.9991E-05 0.124568 0.704323 0.0662815
0.0417726 9.9982E-05 0.0876079 0.0646941 0.130477 0.675249 9.9982E-05
0.0758492 9.9982E-05 0.0492205 9.9982E-05 0.064872 0.759348 0.0505104
9.9973E-05 9.9973E-05 0.0758909 9.9973E-05 0.0594401 0.792239 0.0721304
9.9964E-05 9.9964E-05 0.055836 9.9964E-05 9.9964E-05 0.907221 0.036543
9.9973E-05 9.9973E-05 0.0476277 9.9973E-05 0.0221 0.892844 0.0371282
9.9982E-05 0.031221 0.0337288 9.9982E-05 0.0239455 0.88257 0.0283344
9.9982E-05 9.9982E-05 0.0535054 0.0394143 0.120862 0.678522 0.107497
0.0451851 9.9982E-05 0.0214309 0.0803939 0.0759914 0.776799 9.9982E-05
0.0429878 9.9982E-05 0.0760612 9.9982E-05 0.0258923 0.783377 0.0714812
9.9982E-05 0.0283279 0.0469003 9.9982E-05 0.0385666 0.829662 0.0563431
9.9982E-05 0.0304561 0.0558196 9.9982E-05 0.0577032 0.810914 0.0449067
0.0412885 0.109074 0.0335042 0.0121771 0.0593654 0.664937 0.0796533
0.0679789 0.0660245 0.0354179 0.029707 0.0817416 0.66556 0.0535697
0.0258868 9.9982E-05 0.106581 9.9982E-05 0.111408 0.742072 0.0138521
9.9991E-05 0.000438397 0.0760282 0.0517872 0.0750246 0.724067 0.0725551
0.0555561 0.00301075 9.9982E-05 9.9982E-05 0.0590778 0.825378 0.0567774
9.9973E-05 9.9973E-05 0.0564705 9.9973E-05 9.9973E-05 0.893969 0.0491611
0.0720984 9.9982E-05 0.0533421 0.0231905 9.9982E-05 0.728141 0.123028
9.9982E-05 0.00299137 0.0107103 9.9982E-05 0.061614 0.814296 0.110189
0.0907201 9.9973E-05 9.9973E-05 9.9973E-05 0.131978 0.723599 0.0534033
0.0729103 0.00838322 0.0751333 9.9991E-05 0.0693387 0.718762 0.0553724
0.0076379 0.141741 0.0549655 9.9991E-05 0.0499499 0.659605 0.0860007
0.0228414 9.9973E-05 9.9973E-05 9.9973E-05 0.0796061 0.809755 0.087498
0.0429372 0.110515 0.0784546 9.9991E-05 0.0716093 0.680249 0.0161348
0.0844556 9.9982E-05 0.0446701 9.9982E-05 0.108868 0.706029 0.055777
0.0396745 0.15153 0.0563182 0.0111096 0.126758 0.614509 9.9991E-05
0.0340691 0.00538942 0.0220222 9.9991E-05 0.0279775 0.859686 0.0507556
0.00884628 0.111188 0.0796988 9.9982E-05 0.127292 0.672776 9.9982E-05
0.0993625 9.9982E-05 0.0744891 0.00646182 0.063531 0.755956 9.9982E-05
0.0869023 0.0331413 0.0582761 9.9991E-05 0.105591 0.679933 0.0360556
0.0180693 0.024558 0.0549071 0.0391451 0.0607699 0.703261 0.0992902
0.00787415 9.9991E-05 0.0523986 0.018799 0.0471093 0.779761 0.0939578
0.00220164 0.119408 0.0358589 0.0162782 0.184193 0.607003 0.0350572
0.0311186 0.0608872 9.9982E-05 9.9982E-05 0.0532033 0.748729 0.105862
0.0506703 0.0418227 0.0743732 9.9991E-05 0.0885983 0.73368 0.0107552
0.133776 0.139209 0.0420007 0.0114734 0.112691 0.531762 0.0290879
0.114635 0.136621 0.0528622 9.9991E-05 0.164925 0.446341 0.0845164
0.148688 0.134583 0.0544878 9.9991E-05 0.177223 0.412049 0.0728702
0.113118 0.107132 0.0804812 0.00476797 0.174725 0.44287 0.0769053
0.127514 0.138348 0.0830034 9.9991E-05 0.204509 0.389308 0.0572171
0.117778 0.113373 0.0874877 9.9991E-05 0.18866 0.410896 0.0817062
0.141942 9.9982E-05 0.0117144 9.9982E-05 0.208263 0.606506 0.031375
0.217986 0.0669653 0.0454981 9.9991E-05 0.104056 0.51261 0.0527845
0.169224 0.0420047 0.117429 9.9991E-05 0.133314 0.459838 0.07809
0.0902357 0.0554202 0.0978479 0.0351496 0.159922 0.522957 0.0384679
0.164816 9.9973E-05 9.9973E-05 9.9973E-05 0.175895 0.580938 0.0780511
0.150984 0.116664 0.0871737 0.00848947 0.155709 0.417915 0.0630648
0.1352 0.0286829 0.118635 0.00163035 0.16754 0.399113 0.149199
0.109273 0.21028 0.0682152 0.0189632 0.110379 0.482789 9.9991E-05
0.0777696 0.224232 0.103072 0.0155199 0.134428 0.444878 9.9991E-05
0.233915 9.9991E-05 0.123592 0.000241299 0.0730833 0.339156 0.229912
0.9994 9.995E-05 9.995E-05 9.995E-05 9.995E-05 9.995E-05 9.995E-05
0.927133 0.00861716 0.00961734 0.0425324 0.0119003 9.9982E-05 9.9982E-05
0.880396 0.029367 9.9973E-05 0.0119825 9.9973E-05 0.0779547 9.9973E-05
0.991493 9.9955E-05 0.00800699 9.9955E-05 9.9955E-05 9.9955E-05 9.9955E-05
0.9994 9.995E-05 9.995E-05 9.995E-05 9.995E-05 9.995E-05 9.995E-05
0.9994 9.995E-05 9.995E-05 9.995E-05 9.995E-05 9.995E-05 9.995E-05
0.9994 9.995E-05 9.995E-05 9.995E-05 9.995E-05 9.995E-05 9.995E-05
0.921496 9.9973E-05 0.0123565 9.9973E-05 0.00707268 0.0587752 9.9973E-05
0.984298 9.9955E-05 9.9955E-05 9.9955E-05 9.9955E-05 9.9955E-05 0.0152018
0.9994 9.995E-05 9.995E-05 9.995E-05 9.995E-05 9.995E-05 9.995E-05
0.119181 0.106107 0.104844 9.9991E-05 0.314167 0.262117 0.0934845
0.938786 0.0490355 9.9964E-05 9.9964E-05 9.9964E-05 9.9964E-05 0.0117787
0.998896 9.9955E-05 9.9955E-05 9.9955E-05 0.000604006 9.9955E-05 9.9955E-05
0.938029 0.0135977 9.9973E-05 0.00522366 9.9973E-05 9.9973E-05 0.0428498
0.140809 0.101716 0.0521946 9.9991E-05 0.29952 0.229248 0.176412
0.154702 0.0941824 0.0837547 9.9991E-05 0.28254 0.289221 0.0954993
0.134733 0.117373 0.0789332 0.00708714 0.254203 0.30768 0.0999898
0.186873 0.0676599 0.0859821 9.9991E-05 0.272914 0.249225 0.137246
0.142365 0.139332 0.0935292 9.9991E-05 0.261022 0.266771 0.0968811
0.112063 0.200368 0.0595887 9.9991E-05 0.213054 0.350719 0.0641081
0.19568 0.0885799 0.0584058 9.9991E-05 0.226399 0.368783 0.062051
0.144669 0.151009 0.0240171 9.9991E-05 0.316959 0.295654 0.0675911
0.258381 0.1212 0.100269 9.9991E-05 0.183228 0.274165 0.0626565
0.217154 0.175482 0.0642228 9.9991E-05 0.196228 0.284642 0.0621707
0.136114 0.0822943 0.0601543 9.9991E-05 0.18935 0.391661 0.140326
0.224135 0.20518 0.0794285 9.9991E-05 0.139676 0.296431 0.0550496
0.0935497 0.151754 0.107869 9.9991E-05 0.237702 0.295061 0.113965
0.14867 0.120054 0.0921497 0.000367246 0.249192 0.300027 0.0895404
9.9964E-05 0.0160658 9.9964E-05 9.9964E-05 0.922498 9.9964E-05 0.061036
9.9973E-05 0.0183918 9.9973E-05 0.0256672 0.889694 9.9973E-05 0.0659471
9.995E-05 9.995E-05 9.995E-05 9.995E-05 0.9994 9.995E-05 9.995E-05
9.9955E-05 9.9955E-05 9.9955E-05 9.9955E-05 0.980418 9.9955E-05 0.0190823
9.995E-05 9.995E-05 9.995E-05 9.995E-05 0.9994 9.995E-05 9.995E-05
9.995E-05 9.995E-05 9.995E-05 9.995E-05 0.9994 9.995E-05 9.995E-05
9.995E-05 9.995E-05 9.995E-05 9.995E-05 0.9994 9.995E-05 9.995E-05
9.9973E-05 0.100874 9.9973E-05 0.0471221 0.798594 0.0531102 9.9973E-05
9.995E-05 9.995E-05 9.995E-05 9.995E-05 0.9994 9.995E-05 9.995E-05
9.995E-05 9.995E-05 9.995E-05 9.995E-05 0.9994 9.995E-05 9.995E-05
0.0314303 0.0753281 9.9973E-05 0.0128193 0.880122 9.9973E-05 9.9973E-05
0.00716056 9.9955E-05 9.9955E-05 9.9955E-05 0.99234 9.9955E-05 9.9955E-05
0.0161585 0.0482128 0.0995653 9.9991E-05 0.725082 0.10845 0.00243149
9.995E-05 9.995E-05 0.9994 9.995E-05 9.995E-05 9.995E-05 9.995E-05
0.170572 0.0698802 0.134223 9.9991E-05 0.229314 0.32187 0.0740399
9.995E-05 9.995E-05 0.9994 9.995E-05 9.995E-05 9.995E-05 9.995E-05
9.995E-05 9.995E-05 0.9994 9.995E-05 9.995E-05 9.995E-05 9.995E-05
9.99551E-05 0.0537581 0.945742 9.99551E-05 9.99551E-05 9.99551E-05 9.99551E-05
9.9973E-05 9.9973E-05 0.763486 9.9973E-05 0.0861206 0.12325 0.026843
9.995E-05 9.995E-05 0.9994 9.995E-05 9.995E-05 9.995E-05 9.995E-05
0.040215 0.079335 0.82042 9.9982E-05 0.000513124 0.0593173 9.9982E-05
9.9964E-05 0.00499543 0.982559 9.9964E-05 9.9964E-05 9.9964E-05 0.0120461
9.9973E-05 9.9973E-05 0.967012 9.9973E-05 0.00410784 0.0159444 0.0126354
9.995E-05 9.995E-05 0.9994 9.995E-05 9.995E-05 9.995E-05 9.995E-05
9.995E-05 9.995E-05 0.9994 9.995E-05 9.995E-05 9.995E-05 9.995E-05
0.00766785 9.9964E-05 0.957778 9.9964E-05 9.9964E-05 0.0341546 9.9964E-05
0.0271539 9.9982E-05 0.824666 9.9982E-05 0.0266232 0.06519 0.056167
9.9964E-05 0.0335349 0.952869 0.0131967 9.9964E-05 9.9964E-05 9.9964E-05
0.0290657 0.0699914 0.828988 0.0164022 0.0468142 9.9991E-05 0.00863859
9.9982E-05 0.0207975 0.871892 0.0133246 0.0314382 9.9982E-05 0.0623477
0.00648145 0.0343428 0.877506 0.0276136 9.9991E-05 0.0357745 0.018182
0.0110902 0.00268279 0.965173 0.0041737 0.0123192 9.9991E-05 0.00446123
0.0685096 0.16276 0.0831293 0.0304967 0.122737 0.237027 0.295339
0.0703223 0.136098 0.0868032 9.9991E-05 0.0928427 0.340823 0.273011
0.110847 0.168202 0.0842682 0.0298442 0.074561 0.210115 0.322163
0.0585101 0.138519 0.0785037 0.0212128 0.0915646 0.292665 0.319025
0.00254114 0.949884 9.9982E-05 0.00150535 0.0292537 9.9982E-05 0.0166157
9.995E-05 0.9994 9.995E-05 9.995E-05 9.995E-05 9.995E-05 9.995E-05
0.00833183 0.972844 0.0140042 9.9973E-05 9.9973E-05 9.9973E-05 0.00452006
9.995E-05 0.9994 9.995E-05 9.995E-05 9.995E-05 9.995E-05 9.995E-05
9.9955E-05 0.995956 9.9955E-05 9.9955E-05 9.9955E-05 9.9955E-05 0.00354428
0.00505587 0.983143 9.9964E-05 9.9964E-05 9.9964E-05 9.9964E-05 0.0114017
9.9973E-05 0.989773 0.00143732 0.000750921 9.9973E-05 9.9973E-05 0.0077385
0.0368233 0.777936 0.00686393 0.0419111 0.0278459 0.0911377 0.0174818
9.9973E-05 0.812286 0.0600327 0.0126521 9.9973E-05 0.114729 9.9973E-05
9.9964E-05 9.9964E-05 9.9964E-05 0.00341131 9.9964E-05 0.0051288 0.99106
9.995E-05 9.995E-05 9.995E-05 9.995E-05 9.995E-05 9.995E-05 0.9994
9.995E-05 9.995E-05 9.995E-05 9.995E-05 9.995E-05 9.995E-05 0.9994
9.995E-05 9.995E-05 9.995E-05 9.995E-05 9.995E-05 9.995E-05 0.9994
9.995E-05 9.995E-05 9.995E-05 9.995E-05 9.995E-05 9.995E-05 0.9994
0.0212097 0.0695627 0.0246829 9.9982E-05 9.9982E-05 0.059923 0.824422
9.995E-05 9.995E-05 9.995E-05 9.995E-05 9.995E-05 9.995E-05 0.9994
9.995E-05 9.995E-05 9.995E-05 9.995E-05 9.995E-05 9.995E-05 0.9994
9.9964E-05 9.9964E-05 0.00914285 9.9964E-05 0.00536752 9.9964E-05 0.98509
9.9964E-05 9.9964E-05 0.0240249 9.9964E-05 0.0272566 9.9964E-05 0.948319
9.995E-05 9.995E-05 9.995E-05 9.995E-05 9.995E-05 9.995E-05 0.9994
9.9955E-05 9.9955E-05 9.9955E-05 9.9955E-05 9.9955E-05 0.019642 0.979858
