9.999E-05 0.9998 9.999E-05
0.0942039 0.721362 0.184434
0.184538 0.775206 0.0402561
0.0199624 0.830461 0.149577
0.0053235 0.628976 0.3657
0.106643 0.69161 0.201747
0.0535125 0.92609 0.0203973
0.0923695 0.729144 0.178486
0.0965282 0.703633 0.199839
9.999E-05 0.9998 9.999E-05
9.999E-05 0.9998 9.999E-05
9.999E-05 0.9998 9.999E-05
9.999E-05 0.9998 9.999E-05
9.999E-05 0.9998 9.999E-05
9.999E-05 0.9998 9.999E-05
0.0949282 0.601582 0.30349
0.0833371 0.555265 0.361398
0.0364559 0.799321 0.164223
0.000227325 0.576702 0.42307
0.0201001 0.552846 0.427054
0.0146358 0.612165 0.373199
0.122574 0.505539 0.371887
0.0691768 0.529342 0.401481
0.0727246 0.636406 0.29087
9.9991E-05 0.598089 0.401811
0.0483615 0.458202 0.493436
0.117187 0.445241 0.437572
0.108174 0.580513 0.311313
0.0334848 0.54246 0.424055
0.0211037 0.712624 0.266273
9.9991E-05 0.646773 0.353127
0.0455104 0.493973 0.460517
0.10527 0.499523 0.395207
0.121451 0.478849 0.399701
0.0970648 0.475922 0.427013
0.00969242 0.724398 0.26591
0.0502958 0.404576 0.545128
0.0561415 0.401728 0.54213
0.102758 0.374345 0.522897
9.9991E-05 0.428859 0.571041
0.0966253 0.232382 0.670993
0.157684 0.230285 0.612032
0.144987 0.370737 0.484277
0.113793 0.255286 0.630921
0.131358 0.24956 0.619081
0.153375 0.368855 0.477769
0.141879 0.345864 0.512257
0.155284 0.358059 0.486657
0.115631 0.337404 0.546964
0.090975 0.470725 0.4383
0.0950446 0.325109 0.579847
0.149716 0.290011 0.560273
0.141898 0.331015 0.527086
0.0471606 0.302238 0.650601
0.037253 0.273621 0.689126
0.164791 0.258573 0.576635
0.0770104 0.341234 0.581756
0.0561391 0.290208 0.653653
0.155851 0.367813 0.476337
0.0854735 0.296033 0.618494
0.0340345 0.330579 0.635387
0.0224503 0.279296 0.698254
0.115857 0.256478 0.627666
0.141389 0.234792 0.623819
0.0214719 0.309646 0.668883
0.184177 0.220589 0.595235
0.0725662 0.173348 0.754086
0.154748 0.245167 0.600085
0.0931492 0.338953 0.567898
0.164309 0.208745 0.626946
0.15702 0.338613 0.504367
0.120549 0.217479 0.661971
0.0784045 0.341185 0.58041
0.0408808 0.3227 0.636419
0.0819055 0.211219 0.706875
0.0643177 0.228643 0.707039
0.127763 0.18359 0.688646
0.0554559 0.218784 0.72576
0.0960638 0.0733118 0.830624
0.090453 0.041465 0.868082
0.0958948 0.0655235 0.838582
0.0553513 0.0673108 0.877338
0.0976945 0.0485877 0.853718
0.0204691 0.176365 0.803166
0.0737023 0.143217 0.783081
0.132357 0.128511 0.739133
0.0911623 0.236309 0.672529
0.0261094 0.154389 0.819501
0.105209 0.0866242 0.808167
0.125114 0.0998264 0.77506
0.10527 0.164059 0.730671
0.10991 0.17267 0.71742
0.106165 0.130659 0.763175
9.999E-05 9.999E-05 0.9998
9.999E-05 9.999E-05 0.9998
9.999E-05 9.999E-05 0.9998
9.999E-05 9.999E-05 0.9998
9.999E-05 9.999E-05 0.9998
9.999E-05 9.999E-05 0.9998
9.999E-05 9.999E-05 0.9998
0.0187117 9.9991E-05 0.981188
9.999E-05 9.999E-05 0.9998
9.999E-05 9.999E-05 0.9998
0.103114 0.0463562 0.85053
9.999E-05 9.999E-05 0.9998
9.999E-05 9.999E-05 0.9998
9.999E-05 9.999E-05 0.9998
0.0372735 9.9991E-05 0.962627
0.0866807 9.9991E-05 0.913219
0.0854945 0.0383032 0.876202
0.106306 0.000621528 0.893073
0.0613801 9.9991E-05 0.93852
0.0240291 0.0864507 0.88952
0.0560599 0.0642456 0.879695
9.9991E-05 0.0200861 0.979814
0.081533 0.00294749 0.91552
0.101221 0.0267215 0.872057
0.0816196 0.0800016 0.838379
0.0481818 0.0539438 0.897874
0.0766792 0.0706788 0.852642
0.0533493 0.0554941 0.891157
9.999E-05 9.999E-05 0.9998
9.999E-05 9.999E-05 0.9998
9.999E-05 9.999E-05 0.9998
9.999E-05 9.999E-05 0.9998
9.999E-05 9.999E-05 0.9998
9.999E-05 9.999E-05 0.9998
9.999E-05 9.999E-05 0.9998
0.0464859 0.0409501 0.912564
0.0246899 9.9991E-05 0.97521
9.999E-05 9.999E-05 0.9998
0.00743737 9.9991E-05 0.992463
9.999E-05 9.999E-05 0.9998
0.113121 9.9991E-05 0.886779
0.9998 9.999E-05 9.999E-05
0.087059 0.0718936 0.841047
0.9998 9.999E-05 9.999E-05
0.9998 9.999E-05 9.999E-05
0.993337 9.9991E-05 0.00656257
0.79871 0.0390761 0.162214
0.9998 9.999E-05 9.999E-05
0.886799 9.9991E-05 0.113101
0.9998 9.999E-05 9.999E-05
0.992438 0.00528013 0.00228237
0.9998 9.999E-05 9.999E-05
0.991215 0.00742351 0.00136174
0.990673 0.00922712 9.9991E-05
0.831434 9.9991E-05 0.168466
0.977837 9.9991E-05 0.0220635
0.888934 0.00495101 0.106115
0.892318 9.9991E-05 0.107582
0.915818 0.0548698 0.0293124
0.969312 9.9991E-05 0.0305876
0.0821064 0.141448 0.776445
0.0828937 0.12211 0.794996
0.0833253 0.114772 0.801903
0.10311 0.102491 0.794399
0.0135598 9.9991E-05 0.98634
9.999E-05 9.999E-05 0.9998
0.0534924 9.9991E-05 0.946408
0.0206916 9.9991E-05 0.979208
9.999E-05 9.999E-05 0.9998
0.0188357 9.9991E-05 0.981064
0.0610234 0.000111138 0.938865
0.0760583 0.0611138 0.862828
0.0505464 0.0616487 0.887805
9.9991E-05 0.0994149 0.900485
9.9991E-05 0.0784252 0.921475
9.9991E-05 0.104154 0.895746
9.9991E-05 0.108536 0.891364
9.9991E-05 0.0642063 0.935694
9.9991E-05 0.102381 0.897519
9.9991E-05 0.0629846 0.936915
9.9991E-05 0.0739496 0.92595
9.9991E-05 0.114759 0.885141
9.9991E-05 0.0692487 0.930651
9.9991E-05 0.0775209 0.922379
9.9991E-05 0.0829587 0.916941
