9.999E-05 9.999E-05 0.9998
0.108623 0.227854 0.663523
0.166315 0.180991 0.652694
0.041174 0.244003 0.714823
0.0262827 0.403078 0.570639
0.0987253 0.266949 0.634326
0.0493129 0.148391 0.802296
0.136876 0.191858 0.671266
0.104771 0.253123 0.642106
9.999E-05 9.999E-05 0.9998
9.999E-05 9.999E-05 0.9998
9.999E-05 9.999E-05 0.9998
9.999E-05 9.999E-05 0.9998
9.999E-05 9.999E-05 0.9998
9.999E-05 9.999E-05 0.9998
0.109438 0.322873 0.567689
0.12594 0.355534 0.518527
0.0515992 0.207988 0.740413
9.9991E-05 0.570734 0.429166
0.0224467 0.52149 0.456063
9.9991E-05 0.440259 0.559641
0.106552 0.485308 0.40814
0.0736074 0.465682 0.46071
0.0451642 0.416906 0.53793
9.9991E-05 0.505228 0.494673
0.0320685 0.579354 0.388577
0.0843116 0.513641 0.402047
0.0863607 0.370026 0.543614
0.0545638 0.498794 0.446642
0.0226331 0.384444 0.592923
9.9991E-05 0.456709 0.543191
0.0482688 0.521317 0.430414
0.101131 0.476144 0.422725
0.103471 0.504189 0.392341
0.0826695 0.479155 0.438176
0.0162979 0.392154 0.591548
0.037914 0.638756 0.32333
0.0554455 0.639537 0.305018
0.0916856 0.594925 0.313389
0.00320674 0.643688 0.353105
0.139344 0.73306 0.127596
0.17707 0.668576 0.154354
0.135019 0.555239 0.309743
0.142293 0.669567 0.188141
0.115646 0.675874 0.20848
0.138086 0.579183 0.282731
0.122318 0.612809 0.264873
0.107438 0.637501 0.255062
0.107409 0.599327 0.293265
0.079895 0.502313 0.417792
0.123365 0.585448 0.291187
0.110212 0.665444 0.224344
0.116694 0.628636 0.25467
0.0078775 0.745169 0.246954
0.046551 0.701514 0.251935
0.184991 0.596929 0.21808
0.129013 0.578926 0.292061
0.0523585 0.748909 0.198733
0.130156 0.589162 0.280681
0.0502981 0.64474 0.304962
0.0658328 0.686854 0.247313
0.064813 0.734153 0.201034
0.108377 0.695465 0.196158
0.148443 0.736912 0.114645
9.9991E-05 0.759988 0.239912
0.161242 0.698607 0.14015
0.0500162 0.851419 0.0985648
0.181919 0.686245 0.131835
0.0766411 0.678676 0.244682
0.156272 0.733862 0.109866
0.133468 0.60894 0.257592
0.114975 0.748577 0.136449
0.0871878 0.625825 0.286987
0.0867103 0.622494 0.290796
0.0778783 0.750805 0.171317
0.0556561 0.78859 0.155754
0.0943237 0.817881 0.0877953
0.100796 0.781824 0.11738
0.0826401 0.902629 0.0147311
0.0718907 0.928009 9.9991E-05
0.0523831 0.903374 0.0442429
0.0404228 0.956198 0.00337931
0.072716 0.917959 0.00932462
0.00584508 0.86326 0.130895
0.0294379 0.93097 0.039592
0.0940375 0.8245 0.081462
0.0934518 0.6961 0.210448
0.0150883 0.849715 0.135196
0.127442 0.830806 0.0417518
0.127044 0.826737 0.0462188
0.0928999 0.788409 0.118691
0.0862979 0.78417 0.129532
0.10301 0.837349 0.0596413
9.999E-05 0.9998 9.999E-05
9.999E-05 0.9998 9.999E-05
9.999E-05 0.9998 9.999E-05
9.999E-05 0.9998 9.999E-05
9.999E-05 0.9998 9.999E-05
9.999E-05 0.9998 9.999E-05
9.999E-05 0.9998 9.999E-05
0.0115152 0.988385 9.9991E-05
9.999E-05 0.9998 9.999E-05
9.999E-05 0.9998 9.999E-05
0.102047 0.870541 0.0274119
9.999E-05 0.9998 9.999E-05
9.999E-05 0.9998 9.999E-05
9.999E-05 0.9998 9.999E-05
0.0931303 0.90677 9.9991E-05
0.0676311 0.932269 9.9991E-05
0.0428052 0.957095 9.9991E-05
0.0484401 0.95146 9.9991E-05
0.0367032 0.963197 9.9991E-05
0.0213127 0.921066 0.0576217
0.0442007 0.934367 0.0214325
0.0494792 0.950421 9.9991E-05
0.0813267 0.918573 9.9991E-05
0.0529558 0.946944 9.9991E-05
0.0592536 0.894216 0.0465303
0.0390028 0.940026 0.020971
0.106551 0.867678 0.0257714
0.0472757 0.927253 0.0254709
0.9998 9.999E-05 9.999E-05
0.0952348 0.904665 9.9991E-05
0.9998 9.999E-05 9.999E-05
0.9998 9.999E-05 9.999E-05
0.974026 0.00871526 0.0172587
0.789463 0.171602 0.0389357
0.9998 9.999E-05 9.999E-05
0.939872 0.0600283 9.9991E-05
0.9998 9.999E-05 9.999E-05
0.9998 9.999E-05 9.999E-05
0.9998 9.999E-05 9.999E-05
0.981096 0.0188039 9.9991E-05
0.976438 0.0234622 9.9991E-05
0.826821 0.173079 9.9991E-05
0.975282 0.00150101 0.0232169
0.871108 0.128792 9.9991E-05
0.861016 0.137106 0.00187756
0.909829 0.0517647 0.038406
0.977747 0.0221534 9.9991E-05
9.999E-05 0.9998 9.999E-05
0.0163625 0.983537 9.9991E-05
9.999E-05 0.9998 9.999E-05
9.999E-05 0.9998 9.999E-05
9.999E-05 0.9998 9.999E-05
9.999E-05 0.9998 9.999E-05
9.999E-05 0.9998 9.999E-05
9.9991E-05 0.9726 0.0273005
9.999E-05 0.9998 9.999E-05
0.00232623 0.997574 9.9991E-05
0.0325578 0.967342 9.9991E-05
9.999E-05 0.9998 9.999E-05
0.0984982 0.901402 9.9991E-05
0.0346344 0.886858 0.0785075
0.0375816 0.882784 0.0796343
0.0199802 0.919696 0.0603234
0.0664052 0.838303 0.0952919
0.0159273 0.983973 9.9991E-05
9.999E-05 0.9998 9.999E-05
0.0316506 0.966857 0.00149199
9.999E-05 0.9998 9.999E-05
0.0331236 0.966776 9.9991E-05
0.0238346 0.976065 9.9991E-05
0.0222212 0.977679 9.9991E-05
0.0587269 0.880342 0.0609309
0.0437413 0.90933 0.0469289
9.9991E-05 0.954118 0.0457816
9.9991E-05 0.986376 0.0135242
9.9991E-05 0.956274 0.0436263
9.9991E-05 0.923274 0.076626
9.9991E-05 0.984498 0.0154024
9.9991E-05 0.928998 0.0709019
9.9991E-05 0.963282 0.0366181
9.9991E-05 0.949112 0.0507876
9.9991E-05 0.944013 0.055887
9.9991E-05 0.974001 0.0258992
9.9991E-05 0.956053 0.0438469
9.9991E-05 0.96618 0.03372
