9.999E-05 0.9998 9.999E-05
0.110006 0.689552 0.200442
0.163855 0.702913 0.133233
9.999E-05 0.783541 0.216359
0.0357632 0.525396 0.438841
0.101137 0.613252 0.285611
0.0688126 0.809514 0.121674
0.0811729 0.673602 0.245225
0.0828653 0.618584 0.29855
9.999E-05 0.9998 9.999E-05
9.999E-05 0.9998 9.999E-05
9.999E-05 0.9998 9.999E-05
9.999E-05 0.9998 9.999E-05
9.999E-05 0.9998 9.999E-05
9.999E-05 0.9998 9.999E-05
0.0669201 0.593151 0.339929
0.0582121 0.478372 0.463416
0.0331309 0.681805 0.285065
9.9991E-05 0.497995 0.501905
0.00533727 0.446209 0.548454
9.9991E-05 0.572087 0.427813
0.104505 0.414849 0.480647
0.0442067 0.4539 0.501894
0.0378881 0.539847 0.422265
9.9991E-05 0.514504 0.485396
0.0301332 0.38908 0.580787
0.0770388 0.410564 0.512397
0.0886692 0.547371 0.36396
0.0262855 0.487546 0.486169
9.9991E-05 0.570203 0.429697
9.9991E-05 0.540336 0.459564
0.0423956 0.403645 0.553959
0.0868439 0.399167 0.513989
0.0643784 0.408002 0.527619
0.0612561 0.432867 0.505877
9.9991E-05 0.582496 0.417404
0.015553 0.344952 0.639495
0.0561723 0.314888 0.62894
0.0572139 0.369634 0.573152
9.9991E-05 0.352595 0.647305
0.0445331 0.201799 0.753668
0.103734 0.209466 0.6868
0.13452 0.295156 0.570324
0.099408 0.230054 0.670538
0.142289 0.216458 0.641253
0.122085 0.309664 0.568251
0.134339 0.259437 0.606224
0.110873 0.302183 0.586944
0.101129 0.299017 0.599854
0.0651412 0.411191 0.523668
0.103657 0.301685 0.594658
0.124637 0.244345 0.631018
0.0519124 0.27687 0.671218
9.9991E-05 0.228619 0.771281
0.052028 0.241616 0.706356
0.218531 0.231252 0.550217
0.130385 0.288374 0.58124
0.0150669 0.235691 0.749242
0.164579 0.325407 0.510013
0.0546369 0.276607 0.668756
0.0486033 0.264091 0.687306
0.035355 0.244191 0.720454
0.130983 0.186115 0.682902
0.122533 0.110051 0.767416
9.9991E-05 0.272038 0.727862
0.139351 0.143562 0.717087
0.0832256 0.125054 0.79172
0.13803 0.17729 0.68468
0.0675673 0.292574 0.639859
0.14722 0.112808 0.739972
0.15067 0.276248 0.573082
0.105609 0.154932 0.73946
0.092736 0.307846 0.599418
0.055996 0.242938 0.701066
0.0618733 0.188511 0.749616
0.0326205 0.188838 0.778542
0.0873333 0.126 0.786667
0.0807195 0.169499 0.749781
0.0402096 0.029844 0.929946
0.0511703 9.9991E-05 0.94873
0.0752417 0.0862191 0.838539
0.0955492 9.9991E-05 0.904351
0.0773704 0.0244837 0.898146
0.00481482 0.111717 0.883469
0.053392 0.122033 0.824575
0.115527 0.0725309 0.811942
0.0816742 0.209035 0.709291
9.9991E-05 0.117437 0.882464
0.081653 0.0960337 0.822313
0.125565 0.0838546 0.790581
0.0929347 0.138333 0.768733
0.0958636 0.143857 0.760279
0.113418 0.0904879 0.796094
9.999E-05 9.999E-05 0.9998
9.999E-05 9.999E-05 0.9998
9.999E-05 9.999E-05 0.9998
9.999E-05 9.999E-05 0.9998
9.999E-05 9.999E-05 0.9998
9.999E-05 9.999E-05 0.9998
9.999E-05 9.999E-05 0.9998
9.999E-05 9.999E-05 0.9998
9.999E-05 9.999E-05 0.9998
9.999E-05 9.999E-05 0.9998
0.0830479 0.00228936 0.914663
9.999E-05 9.999E-05 0.9998
9.999E-05 9.999E-05 0.9998
9.999E-05 9.999E-05 0.9998
0.018544 9.9991E-05 0.981356
0.038103 9.9991E-05 0.961797
0.0401968 9.9991E-05 0.959703
0.0581663 9.9991E-05 0.941734
0.0389393 9.9991E-05 0.960961
0.00363165 0.0641788 0.93219
0.00458553 0.0987485 0.896666
0.0082656 9.9991E-05 0.991634
0.0709482 9.9991E-05 0.928952
0.0321078 9.9991E-05 0.967792
0.0603978 0.0224566 0.917146
0.0428003 0.0285966 0.928603
0.110758 0.0182318 0.87101
0.0387759 0.0202248 0.940999
0.0243688 9.9991E-05 0.975531
9.999E-05 9.999E-05 0.9998
9.999E-05 9.999E-05 0.9998
9.999E-05 9.999E-05 0.9998
9.999E-05 9.999E-05 0.9998
9.999E-05 9.999E-05 0.9998
0.0077643 9.9991E-05 0.992136
0.00642756 0.0339914 0.959581
0.014517 9.9991E-05 0.985383
9.999E-05 9.999E-05 0.9998
9.999E-05 9.999E-05 0.9998
9.999E-05 9.999E-05 0.9998
0.11601 9.9991E-05 0.88389
0.9998 9.999E-05 9.999E-05
0.0879642 0.000716302 0.911319
0.9998 9.999E-05 9.999E-05
0.9998 9.999E-05 9.999E-05
0.993307 9.9991E-05 0.00659329
0.793868 0.0597495 0.146383
0.9998 9.999E-05 9.999E-05
0.898828 0.0336307 0.0675412
0.9998 9.999E-05 9.999E-05
0.950344 9.9991E-05 0.0495559
0.9998 9.999E-05 9.999E-05
0.9998 9.999E-05 9.999E-05
0.951146 9.9991E-05 0.0487545
0.811333 9.9991E-05 0.188567
0.969397 9.9991E-05 0.0305025
0.940703 9.9991E-05 0.059197
0.908663 0.0128717 0.0784656
0.875898 0.0163244 0.107777
0.905175 9.9991E-05 0.0947249
0.0460197 0.0787754 0.875205
0.0535756 0.0901767 0.856248
0.0469075 0.0808156 0.872277
0.0613668 0.115034 0.823599
0.0217268 0.0119427 0.96633
9.999E-05 9.999E-05 0.9998
0.0329808 9.9991E-05 0.966919
9.999E-05 9.999E-05 0.9998
0.00583221 9.9991E-05 0.994068
9.999E-05 9.999E-05 0.9998
0.0158171 9.9991E-05 0.984083
0.00850176 0.0973472 0.894151
0.0370268 0.0424614 0.920512
9.9991E-05 0.0211151 0.978785
9.9991E-05 0.0531307 0.946769
9.9991E-05 0.0312118 0.968688
9.9991E-05 0.0524118 0.947488
9.9991E-05 0.0256996 0.9742
9.9991E-05 0.0839503 0.91595
9.9991E-05 0.0336928 0.966207
9.9991E-05 0.0546817 0.945218
9.9991E-05 0.0626636 0.937236
9.9991E-05 0.0583684 0.941532
0.0113994 0.0334688 0.955132
9.9991E-05 0.0325781 0.967322
