9.999E-05 0.9998 9.999E-05
0.0786195 0.691889 0.229492
0.148376 0.696598 0.155026
0.0139163 0.754902 0.231181
9.9991E-05 0.525727 0.474173
0.104532 0.589522 0.305947
0.0604232 0.813873 0.125704
0.11142 0.686637 0.201943
0.0817678 0.667652 0.250581
9.999E-05 0.9998 9.999E-05
9.999E-05 0.9998 9.999E-05
9.999E-05 0.9998 9.999E-05
9.999E-05 0.9998 9.999E-05
9.999E-05 0.9998 9.999E-05
9.999E-05 0.9998 9.999E-05
0.0868703 0.538361 0.374768
0.068791 0.507447 0.423762
0.0483265 0.666233 0.285441
9.9991E-05 0.454467 0.545433
0.052129 0.43237 0.515501
9.9991E-05 0.57643 0.42347
0.101239 0.420795 0.477966
0.0744 0.433604 0.491996
0.0758482 0.524214 0.399938
9.9991E-05 0.528555 0.471345
0.0509516 0.39612 0.552928
0.156441 0.401463 0.442096
0.0685673 0.52575 0.405683
0.0438018 0.478003 0.478195
0.0109239 0.594229 0.394847
9.9991E-05 0.542788 0.457112
0.0532467 0.412909 0.533844
0.0259989 0.408407 0.565594
0.107239 0.385505 0.507257
0.0749304 0.46039 0.46468
9.9991E-05 0.650791 0.349109
0.0442456 0.329496 0.626259
0.0654072 0.323836 0.610757
0.116163 0.309335 0.574502
9.9991E-05 0.375201 0.624699
0.117681 0.153944 0.728376
0.155761 0.207627 0.636612
0.1607 0.290116 0.549184
0.102817 0.179912 0.717271
0.182746 0.19335 0.623904
0.121605 0.244034 0.634361
0.0874789 0.247688 0.664833
0.112233 0.27158 0.616186
0.0858112 0.284955 0.629234
0.0560193 0.394039 0.549942
0.0976407 0.294884 0.607475
0.12755 0.247214 0.625236
0.0757549 0.306779 0.617467
0.0383113 0.226969 0.73472
0.0304566 0.244088 0.725455
0.168185 0.21324 0.618575
0.132741 0.314326 0.552933
0.0133043 0.237994 0.748702
0.126704 0.26311 0.610186
0.0667697 0.252125 0.681106
0.0363307 0.244592 0.719077
0.0405451 0.221631 0.737824
0.133714 0.166122 0.700164
0.141373 0.117989 0.740638
0.0126036 0.230802 0.756594
0.168221 0.132053 0.699725
0.0682301 0.110002 0.821768
0.10625 0.150764 0.742985
0.0696172 0.282567 0.647816
0.148584 0.147841 0.703575
0.133376 0.248102 0.618522
0.108928 0.118607 0.772465
0.107236 0.293625 0.599139
0.066764 0.279004 0.654232
0.0776651 0.197849 0.724486
0.0356062 0.176503 0.78789
0.155289 0.134373 0.710338
0.0894656 0.195258 0.715276
0.0216179 0.0391142 0.939268
0.0280592 9.9991E-05 0.971841
0.0523014 0.0446747 0.903024
0.0531981 0.000175406 0.946626
0.0464284 0.0374334 0.916138
0.0693726 0.161057 0.76957
0.0542556 0.121966 0.823778
0.081282 0.0830524 0.835666
0.115748 0.171188 0.713064
9.9991E-05 0.128589 0.871311
0.0788367 0.0698359 0.851327
0.111614 0.0647029 0.823684
0.0892829 0.127937 0.78278
0.117651 0.15232 0.730028
0.105759 0.0958413 0.7984
9.999E-05 9.999E-05 0.9998
9.999E-05 9.999E-05 0.9998
9.999E-05 9.999E-05 0.9998
9.999E-05 9.999E-05 0.9998
9.999E-05 9.999E-05 0.9998
9.999E-05 9.999E-05 0.9998
9.999E-05 9.999E-05 0.9998
9.999E-05 9.999E-05 0.9998
9.999E-05 9.999E-05 0.9998
9.999E-05 9.999E-05 0.9998
0.0883334 0.029016 0.882651
9.999E-05 9.999E-05 0.9998
9.999E-05 9.999E-05 0.9998
9.999E-05 9.999E-05 0.9998
0.0339738 9.9991E-05 0.965926
0.070678 9.9991E-05 0.929222
0.0678373 0.0386565 0.893506
0.0644286 9.9991E-05 0.935471
0.0458312 9.9991E-05 0.954069
9.9991E-05 0.0659751 0.933925
0.00249597 0.0210209 0.976483
9.999E-05 9.999E-05 0.9998
0.0603206 9.9991E-05 0.939579
0.0524425 0.006045 0.941512
0.0475344 0.0402485 0.912217
0.0562788 9.9991E-05 0.943621
0.0958433 0.0517804 0.852376
0.0613286 0.045618 0.893053
0.00322961 9.9991E-05 0.99667
9.999E-05 9.999E-05 0.9998
9.999E-05 9.999E-05 0.9998
9.999E-05 9.999E-05 0.9998
9.999E-05 9.999E-05 0.9998
9.999E-05 9.999E-05 0.9998
9.999E-05 9.999E-05 0.9998
9.9991E-05 0.0150359 0.984864
0.0112342 9.9991E-05 0.988666
9.999E-05 9.999E-05 0.9998
9.9991E-05 0.0343356 0.965564
9.999E-05 9.999E-05 0.9998
0.0779094 9.9991E-05 0.921991
0.9998 9.999E-05 9.999E-05
0.0860723 9.9991E-05 0.913828
0.9998 9.999E-05 9.999E-05
0.9998 9.999E-05 9.999E-05
0.933808 9.9991E-05 0.0660924
0.761248 0.0257037 0.213048
0.9998 9.999E-05 9.999E-05
0.914974 0.0260024 0.0590241
0.9998 9.999E-05 9.999E-05
0.957951 9.9991E-05 0.0419487
0.9998 9.999E-05 9.999E-05
0.998292 9.9991E-05 0.00160752
0.982151 9.9991E-05 0.0177489
0.824787 9.9991E-05 0.175113
0.924298 0.00867727 0.0670248
0.908366 9.9991E-05 0.0915341
0.874986 0.0455674 0.0794462
0.86268 0.0238009 0.113519
0.970895 9.9991E-05 0.0290053
0.0590616 0.0813204 0.859618
0.0513261 0.0988513 0.849823
0.0551339 0.0918005 0.853066
0.0894931 0.101279 0.809227
0.0272929 9.9991E-05 0.972607
9.999E-05 9.999E-05 0.9998
0.01014 9.9991E-05 0.98976
0.00215237 9.9991E-05 0.997748
0.00740748 0.00550518 0.987087
0.0211975 9.9991E-05 0.978702
0.0152917 9.9991E-05 0.984608
0.0775069 0.0197407 0.902752
0.0645268 0.0369996 0.898474
9.9991E-05 0.0464042 0.953496
9.9991E-05 0.0307181 0.969182
9.9991E-05 0.0476016 0.952298
9.9991E-05 0.0532478 0.946652
9.9991E-05 0.0115087 0.988391
9.9991E-05 0.102797 0.897103
9.9991E-05 0.0479611 0.951939
9.9991E-05 0.0381418 0.961758
9.9991E-05 0.0598127 0.940087
9.9991E-05 0.0504775 0.949423
9.9991E-05 0.024866 0.975034
9.9991E-05 0.0476629 0.952237
