9.999E-05 0.9998 9.999E-05
0.0882768 0.667403 0.24432
0.136328 0.66187 0.201802
0.01096 0.74108 0.24796
0.0255913 0.545221 0.429188
0.0828285 0.613266 0.303905
0.0655729 0.848132 0.0862954
0.0939704 0.666438 0.239591
0.168097 0.623212 0.20869
9.999E-05 0.9998 9.999E-05
9.999E-05 0.9998 9.999E-05
9.999E-05 0.9998 9.999E-05
9.999E-05 0.9998 9.999E-05
9.999E-05 0.9998 9.999E-05
9.999E-05 0.9998 9.999E-05
0.0331996 0.590306 0.376495
0.0649899 0.499231 0.435779
0.0616595 0.672647 0.265694
0.030544 0.472715 0.496741
0.0347105 0.413858 0.551431
9.9991E-05 0.579548 0.420352
0.10613 0.412818 0.481052
0.0607941 0.417778 0.521428
0.0607281 0.49938 0.439892
9.9991E-05 0.482877 0.517023
0.0458972 0.386648 0.567454
0.111213 0.357221 0.531566
0.0759737 0.497686 0.42634
0.0997752 0.449572 0.450652
0.0631946 0.556574 0.380231
9.9991E-05 0.511983 0.487917
0.0604252 0.435293 0.504282
0.0870688 0.399508 0.513424
0.136552 0.376724 0.486723
0.123747 0.422056 0.454197
0.00399487 0.575098 0.420907
0.0546333 0.322943 0.622424
0.0626416 0.339917 0.597442
0.0631927 0.314082 0.622725
9.9991E-05 0.342408 0.657492
0.0959599 0.153226 0.750814
0.0767981 0.17542 0.747782
0.131748 0.29835 0.569902
0.0907412 0.230437 0.678821
0.124074 0.180875 0.695051
0.11696 0.289098 0.593942
0.118369 0.264892 0.616739
0.104268 0.280922 0.61481
0.110918 0.307509 0.581573
0.0741888 0.400863 0.524949
0.0796082 0.262891 0.657501
0.0997259 0.259495 0.640779
0.108639 0.268616 0.622745
0.00359239 0.231726 0.764682
0.069797 0.230173 0.70003
0.179257 0.192811 0.627932
0.136202 0.263994 0.599804
0.0386828 0.219345 0.741972
0.114518 0.301396 0.584087
0.0618873 0.278695 0.659417
0.0387661 0.24226 0.718974
0.0356369 0.245987 0.718376
0.14559 0.187014 0.667397
0.138008 0.119646 0.742347
9.9991E-05 0.248408 0.751492
0.154309 0.132014 0.713678
0.0495674 0.126027 0.824405
0.131363 0.111282 0.757356
0.0874129 0.279303 0.633284
0.129708 0.126174 0.744118
0.135097 0.242285 0.622618
0.107616 0.134165 0.758219
0.0877786 0.298669 0.613553
0.0837514 0.255891 0.660357
0.0654466 0.186212 0.748342
0.0548451 0.214859 0.730296
0.130744 0.15201 0.717246
0.113684 0.113914 0.772402
0.106059 0.0529722 0.840969
0.0535181 9.9991E-05 0.946382
0.0760913 0.101286 0.822623
0.069452 0.0132772 0.917271
0.0498797 0.0143193 0.935801
0.0242424 0.127154 0.848604
0.052404 0.105795 0.841801
0.129539 0.0622435 0.808218
0.100025 0.196664 0.703311
0.0161279 0.122668 0.861204
0.0609826 0.0808454 0.858172
0.0869514 0.0584964 0.854552
0.124969 0.136867 0.738163
0.112199 0.121753 0.766049
0.0757096 0.0866322 0.837658
9.999E-05 9.999E-05 0.9998
9.999E-05 9.999E-05 0.9998
9.999E-05 9.999E-05 0.9998
9.999E-05 9.999E-05 0.9998
9.999E-05 9.999E-05 0.9998
9.999E-05 9.999E-05 0.9998
9.999E-05 9.999E-05 0.9998
9.999E-05 9.999E-05 0.9998
9.999E-05 9.999E-05 0.9998
9.999E-05 9.999E-05 0.9998
0.0560163 0.0282938 0.91569
9.999E-05 9.999E-05 0.9998
9.999E-05 9.999E-05 0.9998
9.999E-05 9.999E-05 0.9998
0.041524 9.9991E-05 0.958376
0.0799586 9.9991E-05 0.919941
0.0507816 0.0132205 0.935998
0.00669063 9.9991E-05 0.993209
0.0210859 9.9991E-05 0.978814
0.0068422 0.0514665 0.941691
0.0503433 0.0555715 0.894085
9.999E-05 9.999E-05 0.9998
0.0739256 9.9991E-05 0.925974
0.0616958 9.9991E-05 0.938204
0.0675353 0.0153985 0.917066
0.0407105 0.0380185 0.921271
0.0879304 0.0433396 0.86873
0.0416978 0.0145982 0.943704
0.064103 9.9991E-05 0.935797
9.999E-05 9.999E-05 0.9998
9.999E-05 9.999E-05 0.9998
9.999E-05 9.999E-05 0.9998
9.999E-05 9.999E-05 0.9998
9.999E-05 9.999E-05 0.9998
9.999E-05 9.999E-05 0.9998
9.9991E-05 0.00601527 0.993885
0.0283016 9.9991E-05 0.971598
9.999E-05 9.999E-05 0.9998
9.999E-05 9.999E-05 0.9998
9.999E-05 9.999E-05 0.9998
0.101683 9.9991E-05 0.898217
0.9998 9.999E-05 9.999E-05
0.11385 0.0167267 0.869424
0.9998 9.999E-05 9.999E-05
0.9998 9.999E-05 9.999E-05
0.955048 9.9991E-05 0.0448518
0.880781 0.0572799 0.0619392
0.9998 9.999E-05 9.999E-05
0.930347 9.9991E-05 0.0695526
0.9998 9.999E-05 9.999E-05
0.9998 9.999E-05 9.999E-05
0.9998 9.999E-05 9.999E-05
0.990504 9.9991E-05 0.00939558
0.956576 9.9991E-05 0.0433236
0.843508 9.9991E-05 0.156392
0.921877 0.0214814 0.0566413
0.895089 9.9991E-05 0.104811
0.862585 0.000357992 0.137057
0.812735 0.040937 0.146328
0.934709 9.9991E-05 0.0651909
0.0583056 0.0747074 0.866987
0.0158942 0.0856766 0.898429
0.0345647 0.0579411 0.907494
0.084914 0.10882 0.806266
0.0163056 9.9991E-05 0.983594
0.00805225 9.9991E-05 0.991848
0.0152359 9.9991E-05 0.984664
0.0219503 9.9991E-05 0.97795
0.0718514 9.9991E-05 0.928049
0.0344532 9.9991E-05 0.965447
0.0104244 9.9991E-05 0.989476
0.0423334 0.00359958 0.954067
0.0625528 0.0274704 0.909977
9.9991E-05 0.043026 0.956874
9.9991E-05 0.0671008 0.932799
9.9991E-05 0.0468441 0.953056
9.9991E-05 0.0607228 0.939177
9.9991E-05 0.0409578 0.958942
9.9991E-05 0.0616505 0.938249
9.9991E-05 0.06209 0.93781
9.9991E-05 0.0538271 0.946073
9.9991E-05 0.0672626 0.932637
9.9991E-05 0.0518636 0.948036
9.9991E-05 0.0558574 0.944043
9.9991E-05 0.0565418 0.943358
