0.9998 9.999E-05 9.999E-05
0.675134 0.121362 0.203504
0.707788 0.113722 0.17849
0.71309 0.0117221 0.275187
0.546529 0.0203346 0.433136
0.575765 0.0910756 0.333159
0.817794 0.0467781 0.135428
0.644722 0.122098 0.23318
0.606255 0.120997 0.272748
0.9998 9.999E-05 9.999E-05
0.9998 9.999E-05 9.999E-05
0.9998 9.999E-05 9.999E-05
0.9998 9.999E-05 9.999E-05
0.9998 9.999E-05 9.999E-05
0.9998 9.999E-05 9.999E-05
0.57547 0.0776641 0.346866
0.483848 0.099336 0.416816
0.679747 0.019681 0.300572
0.459996 9.9991E-05 0.539904
0.4348 0.0162443 0.548956
0.559308 9.9991E-05 0.440592
0.422126 0.0938028 0.484071
0.444324 0.0910366 0.464639
0.504401 0.0309279 0.464671
0.485549 9.9991E-05 0.514351
0.349554 0.0259518 0.624494
0.428592 0.103002 0.468406
0.519254 0.100649 0.380096
0.460736 0.0296724 0.509592
0.613778 9.9991E-05 0.386122
0.481155 0.00438646 0.514459
0.40281 0.0671485 0.530042
0.423562 0.0855898 0.490849
0.392096 0.124395 0.48351
0.430961 0.0983001 0.470739
0.598748 9.9991E-05 0.401152
0.3342 0.0471024 0.618697
0.306187 0.0678868 0.625926
0.33889 0.0761109 0.584999
0.379416 9.9991E-05 0.620484
0.172181 0.0984515 0.729368
0.174153 0.130245 0.695602
0.308244 0.172945 0.518811
0.176908 0.130658 0.692433
0.208452 0.132348 0.6592
0.259164 0.122681 0.618155
0.24627 0.111796 0.641933
0.274166 0.0965138 0.62932
0.2912 0.0734745 0.635326
0.37124 0.0860548 0.542706
0.307672 0.0873411 0.604987
0.249737 0.14378 0.606483
0.279148 0.128324 0.592529
0.263557 0.0335342 0.702909
0.254708 0.0254896 0.719803
0.208447 0.160135 0.631418
0.283849 0.146516 0.569635
0.209948 9.9991E-05 0.789952
0.254178 0.122201 0.623621
0.309546 0.0456994 0.644754
0.214136 0.0345323 0.751331
0.184622 0.0370696 0.778308
0.209356 0.107815 0.682829
0.12126 0.134345 0.744395
0.208018 0.0256416 0.766341
0.155444 0.145625 0.698932
0.101096 0.0498914 0.849013
0.173472 0.13427 0.692258
0.270387 0.0720738 0.657539
0.14173 0.148416 0.709855
0.264797 0.131522 0.603681
0.142679 0.123289 0.734032
0.282773 0.0897177 0.627509
0.239122 0.106648 0.65423
0.196652 0.0991984 0.70415
0.147505 0.0422355 0.810259
0.139425 0.134588 0.725987
0.137801 0.0671411 0.795058
0.0456275 0.0794925 0.87488
9.9991E-05 0.0357033 0.964197
0.0562028 0.0625525 0.881245
0.0194193 0.0558188 0.924762
0.021752 0.0743968 0.903851
0.119564 0.000602212 0.879834
0.0679847 0.0672418 0.864773
0.0883688 0.133804 0.777828
0.211249 0.106898 0.681853
0.125433 0.0331257 0.841441
0.0629933 0.0822473 0.854759
0.0773952 0.0971437 0.825461
0.119563 0.0554438 0.824994
0.113993 0.0706788 0.815328
0.0737821 0.132206 0.794012
9.999E-05 9.999E-05 0.9998
9.999E-05 9.999E-05 0.9998
9.999E-05 9.999E-05 0.9998
9.999E-05 9.999E-05 0.9998
9.999E-05 9.999E-05 0.9998
9.999E-05 9.999E-05 0.9998
9.999E-05 9.999E-05 0.9998
9.9991E-05 0.00789603 0.992004
9.999E-05 9.999E-05 0.9998
9.999E-05 9.999E-05 0.9998
0.0215979 0.070215 0.908187
9.999E-05 9.999E-05 0.9998
9.999E-05 9.999E-05 0.9998
9.999E-05 9.999E-05 0.9998
9.9991E-05 0.00761742 0.992283
9.9991E-05 0.0541157 0.945784
0.000757179 0.0388742 0.960369
9.9991E-05 0.0385858 0.961314
9.9991E-05 0.0588402 0.94106
0.038655 0.0147075 0.946638
0.0403403 0.0376522 0.922007
0.0142811 0.00211475 0.983604
9.9991E-05 0.0812273 0.918673
9.9991E-05 0.064392 0.935508
0.0312927 0.0643552 0.904352
0.0322921 0.0499215 0.917786
0.0390404 0.0963162 0.864643
0.018131 0.0792728 0.902596
9.9991E-05 0.00387212 0.996028
9.999E-05 9.999E-05 0.9998
9.999E-05 9.999E-05 0.9998
9.999E-05 9.999E-05 0.9998
9.999E-05 9.999E-05 0.9998
9.999E-05 9.999E-05 0.9998
9.999E-05 9.999E-05 0.9998
0.0260897 0.0462603 0.92765
9.9991E-05 0.0228875 0.977013
9.999E-05 9.999E-05 0.9998
9.9991E-05 0.0144561 0.985444
9.999E-05 9.999E-05 0.9998
9.9991E-05 0.0748394 0.925061
9.999E-05 0.9998 9.999E-05
9.99983E-05 0.10514 0.89476
9.999E-05 0.9998 9.999E-05
9.999E-05 0.9998 9.999E-05
0.00843292 0.977349 0.0142185
0.0374242 0.829733 0.132843
9.999E-05 0.9998 9.999E-05
9.9991E-05 0.885862 0.114038
9.999E-05 0.9998 9.999E-05
9.999E-05 0.9998 9.999E-05
9.999E-05 0.9998 9.999E-05
9.999E-05 0.9998 9.999E-05
9.9991E-05 0.98806 0.0118405
9.9991E-05 0.800255 0.199645
0.0327418 0.960897 0.00636137
9.9991E-05 0.876667 0.123233
0.0012584 0.894614 0.104127
0.066022 0.840569 0.0934086
9.9991E-05 0.948119 0.0517809
0.08062 0.0360465 0.883333
0.0802144 0.036709 0.883077
0.0633266 0.0664433 0.87023
0.0973458 0.049592 0.853062
9.9991E-05 0.00201668 0.997883
9.999E-05 9.999E-05 0.9998
9.9991E-05 0.0172037 0.982696
9.9991E-05 0.00689124 0.993009
9.9991E-05 0.0548296 0.94507
9.999E-05 9.999E-05 0.9998
9.9991E-05 0.0100854 0.989815
0.00754792 0.035742 0.95671
0.0157833 0.0136791 0.970538
0.0481454 9.9991E-05 0.951755
0.0357709 9.9991E-05 0.964129
0.0469617 9.9991E-05 0.952938
0.0672185 9.9991E-05 0.932681
0.0513553 9.9991E-05 0.948545
0.112325 0.0060594 0.881616
0.0490194 9.9991E-05 0.950881
0.0310177 9.9991E-05 0.968882
0.0417147 9.9991E-05 0.958185
0.0650408 9.9991E-05 0.934859
0.0564426 9.9991E-05 0.943457
0.0656651 9.9991E-05 0.934235
