9.999E-05 9.999E-05 0.9998
0.0981979 9.9991E-05 0.901702
9.999E-05 0.110999 0.888901
0.0619087 0.14429 0.793801
9.9991E-05 0.166276 0.833624
9.999E-05 9.999E-05 0.9998
9.999E-05 0.142694 0.857206
9.999E-05 0.139332 0.860568
9.9991E-05 0.370935 0.628965
0.191124 0.2166 0.592276
0.188846 9.9991E-05 0.811054
0.159384 9.9991E-05 0.840516
0.0310611 9.9991E-05 0.968839
0.163339 0.107276 0.729384
0.267955 9.9991E-05 0.731945
0.135061 9.9991E-05 0.864839
0.126564 9.9991E-05 0.873336
0.213868 0.20369 0.582442
0.154681 0.245735 0.599584
9.9991E-05 0.0983785 0.901522
0.138172 0.080352 0.781475
0.0114433 0.108947 0.87961
0.0874043 9.9991E-05 0.912496
0.226872 0.0710143 0.702114
0.295448 9.9991E-05 0.704452
0.198173 0.177808 0.624019
0.191972 0.35712 0.450908
0.432994 0.0819156 0.48509
0.405697 0.0767576 0.517546
0.453194 0.00957417 0.537232
0.15841 0.784826 0.0567649
0.143849 0.603047 0.253103
0.0800038 0.804609 0.115387
9.9991E-05 0.949413 0.0504871
0.0964471 0.631228 0.272325
0.0623244 0.848518 0.0891571
9.9991E-05 0.760358 0.239542
0.131966 0.6008 0.267234
9.9991E-05 0.969139 0.0307607
0.303258 0.548022 0.14872
0.0311099 0.945243 0.0236467
0.294254 0.520953 0.184793
0.0586641 0.759461 0.181875
0.0310093 0.85844 0.110551
0.177506 0.822394 9.9991E-05
0.057819 0.904109 0.0380722
0.0504008 0.949499 9.9991E-05
0.0312893 0.968611 9.9991E-05
9.9991E-05 0.803275 0.196625
0.0467568 0.871051 0.0821922
0.100685 0.899215 9.9991E-05
9.999E-05 0.9998 9.999E-05
0.128623 0.871277 9.9991E-05
0.0454624 0.954438 9.9991E-05
9.999E-05 0.9998 9.999E-05
0.1524 0.8475 9.9991E-05
0.677565 0.180209 0.142226
0.435093 0.33774 0.227166
0.742214 0.181462 0.0763239
0.591957 0.275816 0.132227
0.822485 0.173875 0.00363957
0.612134 0.381944 0.00592235
0.622855 0.293068 0.0840771
0.9998 9.999E-05 9.999E-05
0.849802 0.133333 0.0168646
0.9998 9.999E-05 9.999E-05
0.918467 0.0814332 9.9991E-05
0.974393 9.9991E-05 0.025507
0.9998 9.999E-05 9.999E-05
0.917251 0.0826486 9.9991E-05
0.893733 0.106167 9.9991E-05
0.562464 0.410027 0.0275089
0.883094 0.116806 9.9991E-05
0.693436 0.290615 0.0159492
0.9998 9.999E-05 9.999E-05
0.9998 9.999E-05 9.999E-05
0.738134 0.217281 0.044585
