9.99011E-05 9.99011E-05 9.99011E-05 9.99011E-05 9.99011E-05 0.998901 9.99011E-05 9.99011E-05 9.99011E-05 9.99011E-05 9.99011E-05 9.99011E-05
9.9937E-05 0.0339707 9.9937E-05 0.00841986 9.9937E-05 0.733624 9.9937E-05 9.9937E-05 9.9937E-05 0.107723 9.9937E-05 0.115563
9.99191E-05 9.99191E-05 9.99191E-05 9.99191E-05 9.99191E-05 0.305841 9.99191E-05 9.99191E-05 0.476984 9.99191E-05 9.99191E-05 0.216275
0.154875 9.9946E-05 9.9946E-05 0.040686 9.9946E-05 9.9946E-05 0.0135145 9.9946E-05 0.127803 9.9946E-05 0.178988 0.483534
9.9919E-05 9.9919E-05 9.9919E-05 9.9919E-05 9.9919E-05 9.9919E-05 9.9919E-05 0.0146764 9.9919E-05 9.9919E-05 0.100076 0.884348
0.0485246 9.9928E-05 9.9928E-05 9.9928E-05 0.0164779 0.844794 9.9928E-05 9.9928E-05 9.9928E-05 9.9928E-05 0.0894043 9.9928E-05
9.9937E-05 0.0344013 9.9937E-05 0.00460539 9.9937E-05 0.893479 9.9937E-05 0.0450088 9.9937E-05 0.0218061 9.9937E-05 9.9937E-05
9.99011E-05 9.99011E-05 9.99011E-05 9.99011E-05 9.99011E-05 9.99011E-05 9.99011E-05 9.99011E-05 9.99011E-05 9.99011E-05 9.99011E-05 0.998901
9.9937E-05 0.206974 9.9937E-05 9.9937E-05 9.9937E-05 0.00427048 0.0565916 9.9937E-05 0.0984579 9.9937E-05 9.9937E-05 0.633006
9.9928E-05 9.9928E-05 0.260286 0.00214494 0.0514979 9.9928E-05 9.9928E-05 9.9928E-05 9.9928E-05 9.9928E-05 9.9928E-05 0.685272
9.9928E-05 9.9928E-05 9.9928E-05 9.9928E-05 0.00726387 9.9928E-05 9.9928E-05 0.0232386 9.9928E-05 9.9928E-05 0.965371 0.00332708
0.0998531 9.99191E-05 9.99191E-05 0.000558008 9.99191E-05 9.99191E-05 9.99191E-05 9.99191E-05 9.99191E-05 9.99191E-05 0.89869 9.99191E-05
9.99101E-05 9.99101E-05 9.99101E-05 9.99101E-05 9.99101E-05 0.113416 9.99101E-05 9.99101E-05 9.99101E-05 9.99101E-05 0.885585 9.99101E-05
0.115577 0.0138427 9.9946E-05 0.040941 9.9946E-05 9.9946E-05 0.799185 9.9946E-05 9.9946E-05 0.0271059 0.00274795 9.9946E-05
0.0549244 9.9937E-05 9.9937E-05 0.0380586 0.117761 0.0848008 9.9937E-05 9.9937E-05 9.9937E-05 9.9937E-05 0.703756 9.9937E-05
9.9937E-05 9.9937E-05 9.9937E-05 0.00260325 9.9937E-05 0.0413286 0.344467 9.9937E-05 0.0117846 9.9937E-05 0.599117 9.9937E-05
9.99191E-05 0.0686782 9.99191E-05 9.99191E-05 9.99191E-05 9.99191E-05 0.331331 9.99191E-05 9.99191E-05 9.99191E-05 0.599091 9.99191E-05
0.01905 9.9937E-05 0.258789 9.9937E-05 9.9937E-05 9.9937E-05 0.47305 9.9937E-05 0.159541 9.9937E-05 0.0888706 9.9937E-05
0.10033 9.9937E-05 0.207071 9.9937E-05 9.9937E-05 9.9937E-05 0.246116 0.0102659 9.9937E-05 9.9937E-05 0.435518 9.9937E-05
9.99101E-05 9.99101E-05 9.99101E-05 9.99101E-05 9.99101E-05 9.99101E-05 0.946532 9.99101E-05 0.0524685 9.99101E-05 9.99101E-05 9.99101E-05
0.0556059 9.9955E-05 0.10213 0.0104968 9.9955E-05 0.0798877 0.732499 9.9955E-05 0.00348482 0.0153957 9.9955E-05 9.9955E-05
0.14197 9.9937E-05 9.9937E-05 9.9937E-05 9.9937E-05 0.147761 9.9937E-05 9.9937E-05 0.0681398 9.9937E-05 0.554904 0.0865257
9.99281E-05 9.99281E-05 9.99281E-05 0.0170705 9.99281E-05 0.0668261 0.0322755 9.99281E-05 9.99281E-05 9.99281E-05 0.883028 9.99281E-05
9.99011E-05 9.99011E-05 9.99011E-05 9.99011E-05 9.99011E-05 9.99011E-05 0.998901 9.99011E-05 9.99011E-05 9.99011E-05 9.99011E-05 9.99011E-05
0.22467 9.9928E-05 9.9928E-05 9.9928E-05 9.9928E-05 9.9928E-05 0.233063 9.9928E-05 9.9928E-05 0.115614 0.425853 9.9928E-05
9.994E-05 9.994E-05 9.994E-05 9.994E-05 0.104487 0.121018 0.46323 9.994E-05 0.0145898 0.187193 0.108882 9.994E-05
0.105081 0.00215785 9.9955E-05 9.9955E-05 0.125923 9.9955E-05 9.9955E-05 0.115968 0.142391 0.0533413 0.454639 9.9955E-05
0.170057 9.9955E-05 0.217737 0.000654208 9.9955E-05 9.9955E-05 9.9955E-05 9.9955E-05 0.012019 0.125466 0.465237 0.0083304
0.150805 9.9928E-05 0.365603 9.9928E-05 9.9928E-05 9.9928E-05 9.9928E-05 9.9928E-05 0.0383057 9.9928E-05 0.444486 9.9928E-05
9.9928E-05 9.9928E-05 9.9928E-05 9.9928E-05 0.016382 9.9928E-05 9.9928E-05 9.9928E-05 0.0707124 0.224715 0.687391 9.9928E-05
9.991E-05 9.991E-05 0.076427 9.991E-05 9.991E-05 9.991E-05 9.991E-05 9.991E-05 0.922574 9.991E-05 9.991E-05 9.991E-05
9.9901E-05 9.9901E-05 9.9901E-05 9.9901E-05 9.9901E-05 9.9901E-05 9.9901E-05 9.9901E-05 0.998901 9.9901E-05 9.9901E-05 9.9901E-05
0.932675 9.9919E-05 0.0568504 9.9919E-05 9.9919E-05 9.9919E-05 9.9919E-05 0.00957545 9.9919E-05 9.9919E-05 9.9919E-05 9.9919E-05
0.141328 9.9937E-05 0.0219809 9.9937E-05 0.810491 9.9937E-05 0.0217579 0.00374259 9.9937E-05 9.9937E-05 9.9937E-05 9.9937E-05
0.852773 9.9928E-05 9.9928E-05 9.9928E-05 9.9928E-05 9.9928E-05 0.0104641 9.9928E-05 0.085301 9.9928E-05 0.0506622 9.9928E-05
9.99011E-05 0.998901 9.99011E-05 9.99011E-05 9.99011E-05 9.99011E-05 9.99011E-05 9.99011E-05 9.99011E-05 9.99011E-05 9.99011E-05 9.99011E-05
0.832076 9.9928E-05 9.9928E-05 9.9928E-05 9.9928E-05 0.132467 0.0178326 9.9928E-05 9.9928E-05 9.9928E-05 9.9928E-05 0.0168246
9.9919E-05 0.886942 0.0518601 9.9919E-05 9.9919E-05 9.9919E-05 9.9919E-05 9.9919E-05 9.9919E-05 9.9919E-05 0.0602987 9.9919E-05
0.782919 0.114711 9.9928E-05 9.9928E-05 0.0274365 9.9928E-05 9.9928E-05 0.0741335 9.9928E-05 9.9928E-05 9.9928E-05 9.9928E-05
0.568999 9.9946E-05 9.9946E-05 0.00789746 9.9946E-05 9.9946E-05 9.9946E-05 0.0449232 9.9946E-05 0.272523 0.090406 0.0146522
0.313264 0.457435 9.9928E-05 9.9928E-05 9.9928E-05 9.9928E-05 9.9928E-05 0.0614224 0.167079 9.9928E-05 9.9928E-05 9.9928E-05
0.136974 0.0798036 0.466924 9.9964E-05 0.0521821 9.9964E-05 0.07131 0.0752375 9.9964E-05 0.038663 9.9964E-05 0.0785053
0.737428 0.0190969 0.0461986 0.00233391 0.0945818 9.9955E-05 9.9955E-05 9.9955E-05 0.0528409 0.0470207 9.9955E-05 9.9955E-05
0.110992 9.9928E-05 9.9928E-05 0.0194066 0.809285 9.9928E-05 9.9928E-05 9.9928E-05 9.9928E-05 9.9928E-05 0.0595176 9.9928E-05
9.99011E-05 9.99011E-05 9.99011E-05 9.99011E-05 0.998901 9.99011E-05 9.99011E-05 9.99011E-05 9.99011E-05 9.99011E-05 9.99011E-05 9.99011E-05
0.113102 9.9937E-05 0.189682 9.9937E-05 9.9937E-05 0.0331051 9.9937E-05 0.560891 0.10252 9.9937E-05 9.9937E-05 9.9937E-05
0.0837145 0.00807544 9.9946E-05 0.0490716 0.028044 9.9946E-05 9.9946E-05 0.668148 9.9946E-05 0.162347 9.9946E-05 9.9946E-05
9.9919E-05 9.9919E-05 9.9919E-05 9.9919E-05 9.9919E-05 9.9919E-05 9.9919E-05 0.850644 0.0115866 0.13687 9.9919E-05 9.9919E-05
0.540485 9.9955E-05 0.0112369 0.00321703 9.9955E-05 9.9955E-05 0.00615992 0.382371 0.00338617 9.9955E-05 9.9955E-05 0.0526448
0.329758 9.9946E-05 9.9946E-05 9.9946E-05 0.175196 9.9946E-05 9.9946E-05 0.329084 0.0304191 0.12081 9.9946E-05 0.0141325
9.9937E-05 9.9937E-05 0.358742 9.9937E-05 0.0268737 9.9937E-05 0.0316318 0.576437 0.00561687 9.9937E-05 9.9937E-05 9.9937E-05
9.99191E-05 9.99191E-05 9.99191E-05 9.99191E-05 9.99191E-05 9.99191E-05 0.00473669 0.974145 9.99191E-05 9.99191E-05 9.99191E-05 0.0202189
9.99281E-05 9.99281E-05 9.99281E-05 9.99281E-05 0.0243635 0.0255547 9.99281E-05 0.747431 9.99281E-05 0.201852 9.99281E-05 9.99281E-05
0.00489206 0.0442945 0.212908 9.9946E-05 0.0652167 9.9946E-05 9.9946E-05 0.633124 9.9946E-05 9.9946E-05 0.0389651 9.9946E-05
0.0292142 9.9937E-05 0.0298063 9.9937E-05 9.9937E-05 9.9937E-05 9.9937E-05 0.912414 0.0247659 0.00309971 9.9937E-05 9.9937E-05
9.9946E-05 9.9946E-05 9.9946E-05 0.0338576 9.9946E-05 0.00772415 9.9946E-05 0.795653 0.00502314 0.153075 0.00406734 9.9946E-05
0.022054 9.9946E-05 9.9946E-05 9.9946E-05 9.9946E-05 0.00534778 0.0275272 0.0449266 0.140123 0.759422 9.9946E-05 9.9946E-05
9.9937E-05 9.9937E-05 9.9937E-05 9.9937E-05 9.9937E-05 9.9937E-05 9.9937E-05 0.196658 0.149718 0.561986 0.0281247 0.0628144
0.00162805 9.9964E-05 0.291692 9.9964E-05 9.9964E-05 0.0352704 9.9964E-05 0.0294728 0.0985753 0.494926 0.045675 0.00236064
0.100531 9.9955E-05 9.9955E-05 9.9955E-05 0.025792 0.0759827 9.9955E-05 9.9955E-05 0.00415266 0.707334 0.0532513 0.0324569
9.9937E-05 9.9937E-05 0.601301 9.9937E-05 0.0178863 9.9937E-05 0.027536 0.0207382 9.9937E-05 0.331839 9.9937E-05 9.9937E-05
9.9928E-05 0.529133 0.127039 0.0889833 9.9928E-05 9.9928E-05 9.9928E-05 9.9928E-05 9.9928E-05 0.254045 9.9928E-05 9.9928E-05
9.99101E-05 9.99101E-05 0.996994 9.99101E-05 9.99101E-05 9.99101E-05 9.99101E-05 9.99101E-05 9.99101E-05 0.00200721 9.99101E-05 9.99101E-05
9.99191E-05 9.99191E-05 0.492539 0.0192381 9.99191E-05 9.99191E-05 9.99191E-05 9.99191E-05 9.99191E-05 0.487323 9.99191E-05 9.99191E-05
0.107087 0.0231004 0.19013 0.00653011 9.9946E-05 9.9946E-05 0.00406031 9.9946E-05 9.9946E-05 0.668493 9.9946E-05 9.9946E-05
9.99281E-05 0.00776403 0.0559629 9.99281E-05 9.99281E-05 9.99281E-05 9.99281E-05 9.99281E-05 9.99281E-05 0.925011 0.0104629 9.99281E-05
9.99101E-05 9.99101E-05 9.99101E-05 9.99101E-05 0.0125771 9.99101E-05 9.99101E-05 9.99101E-05 9.99101E-05 0.986424 9.99101E-05 9.99101E-05
9.9928E-05 9.9928E-05 9.9928E-05 9.9928E-05 9.9928E-05 9.9928E-05 9.9928E-05 9.9928E-05 0.00202209 0.958917 0.0381093 0.000152489
9.99011E-05 9.99011E-05 9.99011E-05 9.99011E-05 9.99011E-05 9.99011E-05 9.99011E-05 9.99011E-05 9.99011E-05 0.998901 9.99011E-05 9.99011E-05
9.9937E-05 9.9937E-05 9.9937E-05 9.9937E-05 9.9937E-05 9.9937E-05 9.9937E-05 0.0087644 0.00474708 0.955199 0.00719629 0.0233934
0.0317874 9.99191E-05 9.99191E-05 9.99191E-05 0.00625375 9.99191E-05 9.99191E-05 9.99191E-05 9.99191E-05 0.96106 9.99191E-05 9.99191E-05
0.171419 0.133206 0.032012 0.01973 9.9955E-05 0.0587224 9.9955E-05 9.9955E-05 0.00433534 0.580075 9.9955E-05 9.9955E-05
9.99201E-05 9.99201E-05 9.99201E-05 0.00548762 0.0972525 9.99201E-05 9.99201E-05 9.99201E-05 9.99201E-05 0.868496 9.99201E-05 0.0279649
0.0218023 9.9928E-05 0.937779 0.0361827 9.9928E-05 9.9928E-05 9.9928E-05 9.9928E-05 0.00343626 9.9928E-05 9.9928E-05 9.9928E-05
0.0190702 9.9955E-05 0.122508 0.513363 0.0277975 9.9955E-05 0.0345052 9.9955E-05 9.9955E-05 0.238612 0.0436437 9.9955E-05
9.9901E-05 9.9901E-05 9.9901E-05 0.998901 9.9901E-05 9.9901E-05 9.9901E-05 9.9901E-05 9.9901E-05 9.9901E-05 9.9901E-05 9.9901E-05
9.9928E-05 9.9928E-05 0.946349 0.0313508 0.00893131 0.0125694 9.9928E-05 9.9928E-05 9.9928E-05 9.9928E-05 9.9928E-05 9.9928E-05
