9.99101E-05 9.99101E-05 9.99101E-05 9.99101E-05 9.99101E-05 9.99101E-05 9.99101E-05 9.99101E-05 0.999001 9.99101E-05 9.99101E-05
9.9946E-05 9.9946E-05 0.108826 0.0267081 9.9946E-05 9.9946E-05 0.0226882 0.0231879 0.81799 9.9946E-05 9.9946E-05
9.99101E-05 9.99101E-05 9.99101E-05 9.99101E-05 9.99101E-05 9.99101E-05 9.99101E-05 9.99101E-05 9.99101E-05 9.99101E-05 0.999001
9.9937E-05 9.9937E-05 9.9937E-05 9.9937E-05 0.0485563 9.9937E-05 9.9937E-05 0.0224061 9.9937E-05 0.0906823 0.837656
9.9946E-05 0.03646 0.0532505 9.9946E-05 9.9946E-05 0.142372 9.9946E-05 9.9946E-05 0.649613 9.9946E-05 0.117705
9.9928E-05 9.9928E-05 9.9928E-05 0.100922 0.019157 9.9928E-05 9.9928E-05 9.9928E-05 0.879121 9.9928E-05 9.9928E-05
0.0205891 9.9928E-05 9.9928E-05 9.9928E-05 9.9928E-05 0.096928 9.9928E-05 9.9928E-05 0.881683 9.9928E-05 9.9928E-05
9.9937E-05 9.9937E-05 9.9937E-05 9.9937E-05 0.097998 0.0514857 9.9937E-05 0.0031632 0.846654 9.9937E-05 9.9937E-05
0.164153 0.0657057 9.9955E-05 9.9955E-05 9.9955E-05 0.094209 0.0314736 9.9955E-05 0.316995 9.9955E-05 0.326964
0.0368109 9.9964E-05 0.110237 9.9964E-05 0.169715 9.9964E-05 0.101735 0.0549452 0.456491 9.9964E-05 0.0696669
9.9937E-05 9.9937E-05 9.9937E-05 0.821994 9.9937E-05 9.9937E-05 9.9937E-05 0.0147024 9.9937E-05 0.139344 0.0232599
9.99191E-05 9.99191E-05 9.99191E-05 0.93359 9.99191E-05 0.0655107 9.99191E-05 9.99191E-05 9.99191E-05 9.99191E-05 9.99191E-05
9.99101E-05 9.99101E-05 9.99101E-05 0.999001 9.99101E-05 9.99101E-05 9.99101E-05 9.99101E-05 9.99101E-05 9.99101E-05 9.99101E-05
9.9955E-05 9.9955E-05 9.9955E-05 0.0375002 0.74971 0.0599551 0.00603519 0.0543323 9.9955E-05 9.9955E-05 0.0919675
9.9946E-05 0.234251 9.9946E-05 0.491503 9.9946E-05 9.9946E-05 0.154753 0.0532006 9.9946E-05 9.9946E-05 0.0656922
0.0206935 0.167195 9.9955E-05 0.733978 0.0548364 9.9955E-05 9.9955E-05 9.9955E-05 9.9955E-05 0.00249718 0.0203009
9.99191E-05 0.138708 9.99191E-05 9.99191E-05 0.860393 9.99191E-05 9.99191E-05 9.99191E-05 9.99191E-05 9.99191E-05 9.99191E-05
0.0987467 0.392758 0.00676305 9.9955E-05 0.459413 9.9955E-05 9.9955E-05 0.00558975 9.9955E-05 0.0362298 9.9955E-05
0.000832462 0.376527 9.9973E-05 0.224692 0.286264 0.0440552 0.0171372 0.0219685 9.9973E-05 0.0282233 9.9973E-05
0.00341065 9.9937E-05 9.9937E-05 0.0316119 0.886559 9.9937E-05 9.9937E-05 9.9937E-05 9.9937E-05 9.9937E-05 0.0777184
9.9964E-05 9.9964E-05 0.110685 0.286191 0.487985 9.9964E-05 0.0391802 9.9964E-05 0.014746 0.0330724 0.0277407
9.9955E-05 0.593754 9.9955E-05 0.0403272 0.0116726 9.9955E-05 9.9955E-05 9.9955E-05 0.333115 0.0122814 0.00835
9.9937E-05 9.9937E-05 9.9937E-05 0.922085 9.9937E-05 9.9937E-05 9.9937E-05 0.00439524 0.00187081 0.0709499 9.9937E-05
9.99101E-05 9.99101E-05 9.99101E-05 9.99101E-05 0.999001 9.99101E-05 9.99101E-05 9.99101E-05 9.99101E-05 9.99101E-05 9.99101E-05
0.0271601 0.23127 0.128103 0.218208 0.294802 9.9973E-05 0.0767263 0.00912043 9.9973E-05 9.9973E-05 0.0143102
0.14505 0.0295672 0.132206 0.475154 0.11404 9.9964E-05 0.03975 9.9964E-05 0.0638327 9.9964E-05 9.9964E-05
0.0350552 0.859094 9.9928E-05 9.9928E-05 9.9928E-05 9.9928E-05 9.9928E-05 9.9928E-05 9.9928E-05 0.105051 9.9928E-05
9.9955E-05 0.543208 0.331349 0.0522098 9.9955E-05 9.9955E-05 9.9955E-05 9.9955E-05 0.00772284 0.00881596 0.0561941
0.0566107 0.764948 0.0490771 0.0317493 9.9955E-05 0.0817309 0.0153841 9.9955E-05 9.9955E-05 9.9955E-05 9.9955E-05
9.99101E-05 0.999001 9.99101E-05 9.99101E-05 9.99101E-05 9.99101E-05 9.99101E-05 9.99101E-05 9.99101E-05 9.99101E-05 9.99101E-05
0.979192 9.9919E-05 9.9919E-05 9.9919E-05 9.9919E-05 9.9919E-05 9.9919E-05 9.9919E-05 9.9919E-05 0.0199089 9.9919E-05
0.997675 9.9919E-05 9.9919E-05 9.9919E-05 9.9919E-05 9.9919E-05 9.9919E-05 9.9919E-05 0.00142577 9.9919E-05 9.9919E-05
9.9937E-05 0.115505 0.0934115 9.9937E-05 9.9937E-05 0.046798 0.743586 9.9937E-05 9.9937E-05 9.9937E-05 9.9937E-05
9.9937E-05 0.0667265 9.9937E-05 9.9937E-05 9.9937E-05 0.0233436 0.846818 9.9937E-05 9.9937E-05 0.0624127 9.9937E-05
0.0308265 0.169318 9.9946E-05 0.160829 9.9946E-05 9.9946E-05 0.616911 9.9946E-05 9.9946E-05 9.9946E-05 0.0215154
0.0433601 9.99281E-05 9.99281E-05 9.99281E-05 9.99281E-05 9.99281E-05 0.955665 9.99281E-05 0.000175884 9.99281E-05 9.99281E-05
9.9946E-05 9.9946E-05 9.9946E-05 9.9946E-05 0.028959 0.0929925 0.584877 9.9946E-05 0.239623 9.9946E-05 0.052949
0.0314866 0.105302 0.0361705 9.9937E-05 9.9937E-05 9.9937E-05 0.826342 9.9937E-05 9.9937E-05 9.9937E-05 9.9937E-05
9.9919E-05 9.9919E-05 9.9919E-05 9.9919E-05 9.9919E-05 9.9919E-05 0.94155 9.9919E-05 9.9919E-05 0.0575511 9.9919E-05
9.9964E-05 0.061285 0.246667 0.0974711 9.9964E-05 0.030162 0.5132 0.0279107 9.9964E-05 0.0229046 9.9964E-05
0.159632 9.99281E-05 9.99281E-05 9.99281E-05 9.99281E-05 0.0145695 0.824999 9.99281E-05 9.99281E-05 9.99281E-05 9.99281E-05
9.9982E-05 0.159811 0.252515 9.9982E-05 0.0144263 0.102827 0.290113 0.00530639 0.0217441 0.0479756 0.105082
0.0444331 9.9955E-05 0.18734 0.0698403 9.9955E-05 0.0468568 0.631974 9.9955E-05 9.9955E-05 9.9955E-05 0.0190565
9.9946E-05 0.029703 9.9946E-05 0.0872888 9.9946E-05 0.0886476 0.768656 9.9946E-05 9.9946E-05 0.0251045 9.9946E-05
0.153566 9.99461E-05 0.0664444 0.0899774 9.99461E-05 9.99461E-05 0.201266 9.99461E-05 9.99461E-05 0.488146 9.99461E-05
0.0848519 0.0114239 0.123942 0.0615876 9.9964E-05 0.326841 9.9964E-05 0.00664444 9.9964E-05 0.384309 9.9964E-05
9.99371E-05 9.99371E-05 9.99371E-05 9.99371E-05 0.0113745 0.841139 0.136385 0.0104021 9.99371E-05 9.99371E-05 9.99371E-05
9.9919E-05 9.9919E-05 0.0427804 9.9919E-05 9.9919E-05 0.95632 9.9919E-05 9.9919E-05 9.9919E-05 9.9919E-05 9.9919E-05
9.9928E-05 0.228068 9.9928E-05 9.9928E-05 9.9928E-05 0.622849 9.9928E-05 9.9928E-05 9.9928E-05 9.9928E-05 0.148284
0.0291978 9.9955E-05 0.0762466 0.0643127 9.9955E-05 0.489074 0.269195 9.9955E-05 9.9955E-05 9.9955E-05 0.071475
0.00573691 9.9955E-05 0.0649326 9.9955E-05 9.9955E-05 0.0032839 9.9955E-05 0.00207336 9.9955E-05 0.920016 0.00345755
9.99191E-05 9.99191E-05 9.99191E-05 9.99191E-05 9.99191E-05 0.161006 9.99191E-05 9.99191E-05 9.99191E-05 0.838095 9.99191E-05
9.99191E-05 9.99191E-05 0.0900598 9.99191E-05 9.99191E-05 9.99191E-05 9.99191E-05 9.99191E-05 9.99191E-05 0.909041 9.99191E-05
9.9928E-05 9.9928E-05 0.0322958 9.9928E-05 9.9928E-05 9.9928E-05 0.0669627 9.9928E-05 9.9928E-05 0.899942 9.9928E-05
0.0310678 9.9946E-05 9.9946E-05 9.9946E-05 0.0135262 0.856981 0.0400244 9.9946E-05 9.9946E-05 0.0578008 9.9946E-05
9.9928E-05 9.9928E-05 9.9928E-05 0.0249119 9.9928E-05 0.877091 9.9928E-05 0.0971976 9.9928E-05 9.9928E-05 9.9928E-05
0.0757314 0.0179918 0.722862 9.9973E-05 0.0355777 0.0551185 9.9973E-05 9.9973E-05 0.0022748 0.0766651 0.0134791
0.0884693 0.0669328 0.65887 9.9973E-05 0.059254 0.0649372 0.0207417 9.9973E-05 0.0122533 9.9973E-05 0.0282412
0.0415413 0.0445128 0.649318 9.9964E-05 9.9964E-05 0.0438365 9.9964E-05 9.9964E-05 0.0331569 0.183226 0.00400913
0.0628555 0.114712 0.531882 9.9964E-05 9.9964E-05 0.0229305 0.12091 9.9964E-05 0.139652 0.00665906 9.9964E-05
0.0769483 9.9937E-05 0.693256 9.9937E-05 0.09659 9.9937E-05 9.9937E-05 9.9937E-05 9.9937E-05 0.132506 9.9937E-05
9.9937E-05 9.9937E-05 0.466416 9.9937E-05 9.9937E-05 9.9937E-05 0.445332 0.0739647 9.9937E-05 9.9937E-05 0.0135871
9.9937E-05 9.9937E-05 0.754765 0.00650472 9.9937E-05 9.9937E-05 0.126351 9.9937E-05 9.9937E-05 0.11168 9.9937E-05
0.0124111 9.99371E-05 0.937961 0.0297923 9.99371E-05 9.99371E-05 9.99371E-05 0.0191362 9.99371E-05 9.99371E-05 9.99371E-05
9.9937E-05 0.0400248 0.814375 9.9937E-05 9.9937E-05 9.9937E-05 0.141555 0.00334592 9.9937E-05 9.9937E-05 9.9937E-05
9.99281E-05 9.99281E-05 0.929929 0.0239585 9.99281E-05 9.99281E-05 9.99281E-05 9.99281E-05 9.99281E-05 0.0453127 9.99281E-05
9.9928E-05 9.9928E-05 0.961464 0.0216947 9.9928E-05 9.9928E-05 9.9928E-05 9.9928E-05 9.9928E-05 9.9928E-05 0.0160415
9.9937E-05 0.0253556 0.967756 9.9937E-05 9.9937E-05 9.9937E-05 9.9937E-05 9.9937E-05 9.9937E-05 0.000872066 0.00531701
9.99191E-05 9.99191E-05 0.988581 9.99191E-05 9.99191E-05 9.99191E-05 9.99191E-05 0.0105194 9.99191E-05 9.99191E-05 9.99191E-05
9.9937E-05 9.9937E-05 0.928089 9.9937E-05 9.9937E-05 0.0402913 9.9937E-05 9.9937E-05 9.9937E-05 0.00978996 0.0211299
9.99191E-05 9.99191E-05 0.855726 9.99191E-05 9.99191E-05 9.99191E-05 0.143375 9.99191E-05 9.99191E-05 9.99191E-05 9.99191E-05
0.0347694 9.9946E-05 0.550068 9.9946E-05 9.9946E-05 9.9946E-05 0.29729 0.0329887 0.0842847 9.9946E-05 9.9946E-05
9.9928E-05 9.9928E-05 0.905181 9.9928E-05 9.9928E-05 0.0589447 9.9928E-05 9.9928E-05 9.9928E-05 9.9928E-05 0.035075
0.0286989 0.0590185 0.552932 9.9964E-05 9.9964E-05 9.9964E-05 0.0313998 0.0613552 0.0346168 0.231579 9.9964E-05
9.9973E-05 9.9973E-05 0.31246 0.0375147 0.0170535 9.9973E-05 0.00441838 0.527036 0.00660146 0.0569668 0.0376499
9.99101E-05 9.99101E-05 9.99101E-05 9.99101E-05 9.99101E-05 9.99101E-05 9.99101E-05 0.999001 9.99101E-05 9.99101E-05 9.99101E-05
9.997E-05 0.0942968 0.558808 9.997E-05 9.997E-05 0.00649212 0.12418 0.0725554 0.0464993 0.0876511 0.00921682
