9.98742E-05 9.98742E-05 9.98742E-05 9.98742E-05 9.98742E-05 9.98742E-05 9.98742E-05 9.98742E-05 9.98742E-05 9.98742E-05 9.98742E-05 9.98742E-05 0.998602 9.98742E-05 9.98742E-05
9.9937E-05 0.337442 9.9937E-05 9.9937E-05 9.9937E-05 0.032903 9.9937E-05 9.9937E-05 0.0215394 0.0516906 0.0123784 9.9937E-05 0.447543 0.0833343 0.0124697
9.98741E-05 9.98741E-05 9.98741E-05 9.98741E-05 9.98741E-05 9.98741E-05 9.98741E-05 9.98741E-05 9.98741E-05 9.98741E-05 9.98741E-05 9.98741E-05 9.98741E-05 0.998602 9.98741E-05
9.991E-05 9.991E-05 9.991E-05 9.991E-05 0.0755608 9.991E-05 0.0450003 9.991E-05 9.991E-05 0.022561 9.991E-05 9.991E-05 9.991E-05 0.850652 0.00522664
9.99011E-05 0.897958 9.99011E-05 9.99011E-05 9.99011E-05 9.99011E-05 0.00103989 0.0211776 9.99011E-05 9.99011E-05 9.99011E-05 9.99011E-05 9.99011E-05 0.0787256 9.99011E-05
0.0733967 9.9901E-05 9.9901E-05 0.00371597 0.0306889 9.9901E-05 9.9901E-05 9.9901E-05 9.9901E-05 9.9901E-05 9.9901E-05 9.9901E-05 0.8911 9.9901E-05 9.9901E-05
9.9919E-05 0.0906148 9.9919E-05 0.0124993 9.9919E-05 0.0405378 9.9919E-05 0.0988763 9.9919E-05 9.9919E-05 9.9919E-05 9.9919E-05 0.748054 9.9919E-05 0.00851816
9.98741E-05 0.998602 9.98741E-05 9.98741E-05 9.98741E-05 9.98741E-05 9.98741E-05 9.98741E-05 9.98741E-05 9.98741E-05 9.98741E-05 9.98741E-05 9.98741E-05 9.98741E-05 9.98741E-05
0.0352639 0.100315 9.9928E-05 9.9928E-05 9.9928E-05 0.0370902 9.9928E-05 9.9928E-05 0.282477 0.0655762 9.9928E-05 9.9928E-05 0.33983 0.138649 9.9928E-05
0.167447 0.43499 0.0208681 9.9928E-05 9.9928E-05 0.0420285 9.9928E-05 9.9928E-05 9.9928E-05 9.9928E-05 0.141089 9.9928E-05 9.9928E-05 0.155541 0.0372372
9.98921E-05 9.98921E-05 9.98921E-05 0.00381882 9.98921E-05 9.98921E-05 9.98921E-05 0.00764913 9.98921E-05 0.987333 9.98921E-05 9.98921E-05 9.98921E-05 9.98921E-05 9.98921E-05
0.0225344 0.0242107 9.99011E-05 0.919868 0.0322877 9.99011E-05 9.99011E-05 9.99011E-05 9.99011E-05 9.99011E-05 9.99011E-05 9.99011E-05 9.99011E-05 9.99011E-05 9.99011E-05
9.99101E-05 9.99101E-05 9.99101E-05 0.461984 0.351417 9.99101E-05 9.99101E-05 9.99101E-05 9.99101E-05 0.0078887 9.99101E-05 9.99101E-05 0.150574 0.0271365 9.99101E-05
9.98921E-05 9.98921E-05 9.98921E-05 9.98921E-05 9.98921E-05 0.0614844 9.98921E-05 9.98921E-05 9.98921E-05 9.98921E-05 9.98921E-05 0.915653 9.98921E-05 9.98921E-05 0.0216639
9.9928E-05 9.9928E-05 0.0442725 0.593495 9.9928E-05 9.9928E-05 9.9928E-05 9.9928E-05 9.9928E-05 0.0923577 9.9928E-05 0.125392 0.0776704 0.0212738 0.0447388
0.14002 0.0181448 9.9928E-05 0.097544 9.9928E-05 9.9928E-05 9.9928E-05 9.9928E-05 9.9928E-05 0.319572 9.9928E-05 0.394749 0.0270889 9.9928E-05 0.00208213
9.9874E-05 9.9874E-05 9.9874E-05 9.9874E-05 0.998602 9.9874E-05 9.9874E-05 9.9874E-05 9.9874E-05 9.9874E-05 9.9874E-05 9.9874E-05 9.9874E-05 9.9874E-05 9.9874E-05
0.00446143 9.9928E-05 9.9928E-05 9.9928E-05 0.129177 0.0898904 9.9928E-05 9.9928E-05 0.285288 0.0141092 9.9928E-05 0.474796 9.9928E-05 9.9928E-05 0.00147759
0.0435569 9.98921E-05 9.98921E-05 0.892177 9.98921E-05 9.98921E-05 9.98921E-05 9.98921E-05 9.98921E-05 9.98921E-05 9.98921E-05 0.0630676 9.98921E-05 9.98921E-05 9.98921E-05
9.98741E-05 9.98741E-05 9.98741E-05 9.98741E-05 9.98741E-05 9.98741E-05 9.98741E-05 9.98741E-05 9.98741E-05 9.98741E-05 9.98741E-05 0.998602 9.98741E-05 9.98741E-05 9.98741E-05
0.744309 9.9919E-05 9.9919E-05 0.167965 9.9919E-05 9.9919E-05 9.9919E-05 0.0120107 0.0439192 9.9919E-05 0.00972774 9.9919E-05 0.0211691 9.9919E-05 9.9919E-05
9.99011E-05 0.321204 9.99011E-05 9.99011E-05 9.99011E-05 0.0586034 9.99011E-05 9.99011E-05 0.0723003 0.546794 9.99011E-05 9.99011E-05 9.99011E-05 9.99011E-05 9.99011E-05
9.98741E-05 9.98741E-05 9.98741E-05 9.98741E-05 9.98741E-05 9.98741E-05 9.98741E-05 9.98741E-05 9.98741E-05 0.998602 9.98741E-05 9.98741E-05 9.98741E-05 9.98741E-05 9.98741E-05
0.998602 9.98741E-05 9.98741E-05 9.98741E-05 9.98741E-05 9.98741E-05 9.98741E-05 9.98741E-05 9.98741E-05 9.98741E-05 9.98741E-05 9.98741E-05 9.98741E-05 9.98741E-05 9.98741E-05
9.991E-05 9.991E-05 9.991E-05 0.358692 9.991E-05 0.115461 9.991E-05 9.991E-05 9.991E-05 0.0642819 9.991E-05 0.425673 9.991E-05 0.0348922 9.991E-05
0.071641 9.9928E-05 9.9928E-05 0.434012 9.9928E-05 0.0839797 9.9928E-05 0.0093733 9.9928E-05 9.9928E-05 0.0283341 0.265039 0.106822 9.9928E-05 9.9928E-05
9.9919E-05 9.9919E-05 0.0672169 0.504514 0.101114 0.0149554 0.116175 9.9919E-05 0.195126 9.9919E-05 9.9919E-05 9.9919E-05 9.9919E-05 9.9919E-05 9.9919E-05
9.9928E-05 0.0245903 9.9928E-05 0.517423 9.9928E-05 0.264624 0.0224688 9.9928E-05 9.9928E-05 0.0998647 9.9928E-05 9.9928E-05 9.9928E-05 0.0621715 0.00805819
9.9892E-05 9.9892E-05 9.9892E-05 0.772485 9.9892E-05 0.0787645 9.9892E-05 9.9892E-05 0.147552 9.9892E-05 9.9892E-05 9.9892E-05 9.9892E-05 9.9892E-05 9.9892E-05
9.98831E-05 9.98831E-05 9.98831E-05 0.918601 9.98831E-05 0.0801006 9.98831E-05 9.98831E-05 9.98831E-05 9.98831E-05 9.98831E-05 9.98831E-05 9.98831E-05 9.98831E-05 9.98831E-05
9.98741E-05 9.98741E-05 9.98741E-05 9.98741E-05 9.98741E-05 9.98741E-05 9.98741E-05 9.98741E-05 0.998602 9.98741E-05 9.98741E-05 9.98741E-05 9.98741E-05 9.98741E-05 9.98741E-05
9.98741E-05 9.98741E-05 9.98741E-05 9.98741E-05 9.98741E-05 9.98741E-05 9.98741E-05 9.98741E-05 0.998602 9.98741E-05 9.98741E-05 9.98741E-05 9.98741E-05 9.98741E-05 9.98741E-05
9.9919E-05 9.9919E-05 0.639146 0.113835 9.9919E-05 0.10519 0.0290272 0.070037 9.9919E-05 9.9919E-05 9.9919E-05 9.9919E-05 9.9919E-05 0.0418656 9.9919E-05
0.0144067 9.99011E-05 0.835182 9.99011E-05 0.0614548 9.99011E-05 9.99011E-05 0.0878575 9.99011E-05 9.99011E-05 9.99011E-05 9.99011E-05 9.99011E-05 9.99011E-05 9.99011E-05
9.9901E-05 9.9901E-05 0.589229 0.161679 9.9901E-05 9.9901E-05 9.9901E-05 9.9901E-05 0.151038 0.0969557 9.9901E-05 9.9901E-05 9.9901E-05 9.9901E-05 9.9901E-05
9.98831E-05 9.98831E-05 0.957852 9.98831E-05 9.98831E-05 9.98831E-05 9.98831E-05 9.98831E-05 9.98831E-05 9.98831E-05 0.0408498 9.98831E-05 9.98831E-05 9.98831E-05 9.98831E-05
0.00423229 0.283883 0.629124 9.991E-05 9.991E-05 9.991E-05 0.0294017 9.991E-05 9.991E-05 9.991E-05 9.991E-05 0.0523602 9.991E-05 9.991E-05 9.991E-05
9.99101E-05 9.99101E-05 0.758184 9.99101E-05 0.0779913 0.0960157 9.99101E-05 9.99101E-05 0.0596325 0.00717737 9.99101E-05 9.99101E-05 9.99101E-05 9.99101E-05 9.99101E-05
9.9919E-05 9.9919E-05 0.822069 9.9919E-05 9.9919E-05 9.9919E-05 0.0731473 0.0137829 9.9919E-05 0.0298366 9.9919E-05 0.0348168 9.9919E-05 9.9919E-05 0.0254481
9.9928E-05 9.9928E-05 0.480788 0.0469047 9.9928E-05 0.249829 0.124066 9.9928E-05 9.9928E-05 0.0638234 9.9928E-05 9.9928E-05 0.0161597 9.9928E-05 0.0176295
0.0303573 9.98921E-05 0.625191 9.98921E-05 9.98921E-05 9.98921E-05 9.98921E-05 9.98921E-05 0.343253 9.98921E-05 9.98921E-05 9.98921E-05 9.98921E-05 9.98921E-05 9.98921E-05
9.9955E-05 0.00117195 0.345869 0.133567 9.9955E-05 0.318287 0.0243067 0.00877045 9.9955E-05 9.9955E-05 0.0788428 0.00937408 0.0301083 0.049203 9.9955E-05
9.9928E-05 9.9928E-05 0.583351 0.17161 9.9928E-05 0.0850439 9.9928E-05 0.00815179 0.114606 9.9928E-05 0.0169527 9.9928E-05 9.9928E-05 0.0194859 9.9928E-05
0.0337493 9.9937E-05 0.77117 0.0446396 9.9937E-05 0.0164901 0.0818563 0.00932298 9.9937E-05 0.0377415 9.9937E-05 9.9937E-05 9.9937E-05 9.9937E-05 0.00433067
9.98741E-05 9.98741E-05 9.98741E-05 9.98741E-05 9.98741E-05 9.98741E-05 9.98741E-05 9.98741E-05 9.98741E-05 9.98741E-05 0.998602 9.98741E-05 9.98741E-05 9.98741E-05 9.98741E-05
0.0205533 0.0010032 9.9928E-05 0.0950254 9.9928E-05 0.0144866 0.70489 9.9928E-05 0.160402 9.9928E-05 9.9928E-05 9.9928E-05 0.00284043 9.9928E-05 9.9928E-05
9.98741E-05 9.98741E-05 9.98741E-05 9.98741E-05 9.98741E-05 9.98741E-05 9.98741E-05 0.998602 9.98741E-05 9.98741E-05 9.98741E-05 9.98741E-05 9.98741E-05 9.98741E-05 9.98741E-05
9.99011E-05 9.99011E-05 9.99011E-05 9.99011E-05 9.99011E-05 0.209632 0.705317 9.99011E-05 0.080333 9.99011E-05 0.00361923 9.99011E-05 9.99011E-05 9.99011E-05 9.99011E-05
9.9919E-05 0.0844833 0.027317 0.414605 9.9919E-05 9.9919E-05 0.399916 0.0427208 9.9919E-05 9.9919E-05 9.9919E-05 9.9919E-05 9.9919E-05 0.0300579 9.9919E-05
0.0309141 0.0454427 0.386768 9.9946E-05 9.9946E-05 0.100632 0.316796 0.0215016 9.9946E-05 9.9946E-05 0.0575207 0.00301733 9.9946E-05 0.0368078 9.9946E-05
9.991E-05 9.991E-05 9.991E-05 9.991E-05 9.991E-05 0.0668437 0.829953 9.991E-05 0.0268363 9.991E-05 0.0508093 0.0245586 9.991E-05 9.991E-05 9.991E-05
9.98921E-05 9.98921E-05 9.98921E-05 9.98921E-05 9.98921E-05 9.98921E-05 0.932811 9.98921E-05 9.98921E-05 9.98921E-05 9.98921E-05 0.0530199 0.0129708 9.98921E-05 9.98921E-05
9.99101E-05 9.99101E-05 9.99101E-05 9.99101E-05 0.0525116 0.174216 0.759175 9.99101E-05 9.99101E-05 0.00583127 9.99101E-05 9.99101E-05 9.99101E-05 9.99101E-05 0.00726686
0.033537 9.9919E-05 0.0572167 9.9919E-05 9.9919E-05 0.0328669 0.837576 9.9919E-05 9.9919E-05 0.0358032 9.9919E-05 9.9919E-05 9.9919E-05 9.9919E-05 0.00210059
9.99101E-05 9.99101E-05 0.0846233 9.99101E-05 9.99101E-05 9.99101E-05 0.785307 0.0926744 0.0287711 9.99101E-05 0.00762524 9.99101E-05 9.99101E-05 9.99101E-05 9.99101E-05
9.99101E-05 9.99101E-05 9.99101E-05 9.99101E-05 9.99101E-05 0.0301017 0.868862 0.024457 9.99101E-05 9.99101E-05 9.99101E-05 9.99101E-05 9.99101E-05 0.0224983 0.0530818
0.00667982 0.0568356 9.9937E-05 0.0499837 0.0158575 0.629683 0.0858867 9.9937E-05 0.132188 9.9937E-05 9.9937E-05 9.9937E-05 9.9937E-05 9.9937E-05 0.0221868
0.00015761 0.0733848 9.9928E-05 0.0163393 9.9928E-05 0.388182 0.234741 9.9928E-05 0.284929 9.9928E-05 9.9928E-05 9.9928E-05 9.9928E-05 9.9928E-05 0.0014672
0.0359963 0.0204961 9.9928E-05 9.9928E-05 0.0112873 0.648842 0.198382 9.9928E-05 0.0685812 9.9928E-05 9.9928E-05 9.9928E-05 9.9928E-05 0.0156166 9.9928E-05
9.9928E-05 0.129523 0.0739516 0.0454806 9.9928E-05 0.607156 0.066879 9.9928E-05 9.9928E-05 0.035741 9.9928E-05 9.9928E-05 0.0404698 9.9928E-05 9.9928E-05
0.0284886 9.9928E-05 9.9928E-05 9.9928E-05 9.9928E-05 0.67756 0.0684132 0.0634209 0.0835961 9.9928E-05 0.0434519 0.0342695 9.9928E-05 9.9928E-05 9.9928E-05
0.00910467 9.99191E-05 0.425892 9.99191E-05 9.99191E-05 0.409315 9.99191E-05 0.00932034 9.99191E-05 9.99191E-05 9.99191E-05 9.99191E-05 9.99191E-05 0.0529868 0.0924817
9.9937E-05 0.0192831 0.0377568 9.9937E-05 9.9937E-05 0.778704 9.9937E-05 0.0563706 9.9937E-05 0.00597067 0.0791958 9.9937E-05 0.00237396 0.019645 9.9937E-05
9.98922E-05 9.98922E-05 9.98922E-05 9.98922E-05 9.98922E-05 0.911758 9.98922E-05 0.0547693 9.98922E-05 9.98922E-05 9.98922E-05 9.98922E-05 9.98922E-05 9.98922E-05 0.0322736
9.9937E-05 9.9937E-05 0.0467169 0.0105109 0.0319222 0.817071 9.9937E-05 0.0364701 0.00950112 9.9937E-05 9.9937E-05 0.0244709 9.9937E-05 9.9937E-05 0.0226373
0.0328749 9.98921E-05 9.98921E-05 0.000223722 9.98921E-05 0.965703 9.98921E-05 9.98921E-05 9.98921E-05 9.98921E-05 9.98921E-05 9.98921E-05 9.98921E-05 9.98921E-05 9.98921E-05
9.98741E-05 9.98741E-05 9.98741E-05 9.98741E-05 9.98741E-05 0.998602 9.98741E-05 9.98741E-05 9.98741E-05 9.98741E-05 9.98741E-05 9.98741E-05 9.98741E-05 9.98741E-05 9.98741E-05
9.98831E-05 9.98831E-05 9.98831E-05 9.98831E-05 9.98831E-05 0.981674 9.98831E-05 9.98831E-05 9.98831E-05 9.98831E-05 9.98831E-05 9.98831E-05 9.98831E-05 0.0170278 9.98831E-05
9.98741E-05 9.98741E-05 9.98741E-05 9.98741E-05 9.98741E-05 0.998602 9.98741E-05 9.98741E-05 9.98741E-05 9.98741E-05 9.98741E-05 9.98741E-05 9.98741E-05 9.98741E-05 9.98741E-05
9.98921E-05 9.98921E-05 9.98921E-05 9.98921E-05 9.98921E-05 0.976986 9.98921E-05 9.98921E-05 9.98921E-05 0.00856818 9.98921E-05 9.98921E-05 9.98921E-05 0.0132472 9.98921E-05
9.99191E-05 9.99191E-05 9.99191E-05 9.99191E-05 0.0228132 0.849555 9.99191E-05 0.0296231 0.0825135 9.99191E-05 0.0110166 9.99191E-05 9.99191E-05 9.99191E-05 0.00357897
9.99281E-05 0.0656265 0.165889 9.99281E-05 9.99281E-05 0.631397 9.99281E-05 0.0670142 0.0333782 9.99281E-05 9.99281E-05 9.99281E-05 0.0260192 9.99281E-05 0.00987632
9.98921E-05 0.0364396 9.98921E-05 9.98921E-05 9.98921E-05 0.916093 9.98921E-05 9.98921E-05 9.98921E-05 9.98921E-05 0.0462686 9.98921E-05 9.98921E-05 9.98921E-05 9.98921E-05
9.995E-05 9.995E-05 0.0756466 0.094509 9.995E-05 0.462694 0.103045 0.0302076 0.0153638 9.995E-05 0.0924947 0.00579548 0.0383222 9.995E-05 0.081421
9.9937E-05 9.9937E-05 0.00864703 9.9937E-05 0.00254249 0.220687 0.0734352 0.0220321 9.9937E-05 0.0598585 0.0474738 9.9937E-05 9.9937E-05 9.9937E-05 0.564624
9.98741E-05 9.98741E-05 9.98741E-05 9.98741E-05 9.98741E-05 9.98741E-05 9.98741E-05 9.98741E-05 9.98741E-05 9.98741E-05 9.98741E-05 9.98741E-05 9.98741E-05 9.98741E-05 0.998602
0.000718753 9.9955E-05 0.0943128 0.152857 9.9955E-05 0.513063 0.00921564 0.0626114 9.9955E-05 9.9955E-05 0.0403869 9.9955E-05 0.0458137 0.0144051 0.0661165
