9.999E-05 9.999E-05 0.9998
0.279128 0.11576 0.605113
0.349828 0.0733747 0.576797
0.404041 9.9991E-05 0.595859
0.555409 9.9991E-05 0.444491
0.510876 9.9991E-05 0.489024
0.292359 9.9991E-05 0.707541
0.383164 0.0162956 0.600541
0.530339 0.0308497 0.438811
9.999E-05 9.999E-05 0.9998
9.999E-05 9.999E-05 0.9998
9.999E-05 9.999E-05 0.9998
9.999E-05 9.999E-05 0.9998
9.999E-05 9.999E-05 0.9998
9.999E-05 9.999E-05 0.9998
0.561039 9.9991E-05 0.438861
0.53879 0.0887581 0.372451
0.415578 0.0132596 0.571162
0.724493 0.000122967 0.275384
0.692342 9.9991E-05 0.307558
0.557045 0.0315687 0.411386
0.712386 9.9991E-05 0.287514
0.670028 9.9991E-05 0.329872
0.58406 9.9991E-05 0.41584
0.600318 0.0143826 0.3853
0.719087 9.9991E-05 0.280813
0.731374 9.9991E-05 0.268526
0.597715 9.9991E-05 0.402185
0.628487 9.9991E-05 0.371413
0.533461 9.9991E-05 0.466439
0.573211 9.9991E-05 0.426689
0.694009 0.0137805 0.29221
0.67378 0.013828 0.312392
0.705777 0.0197605 0.274462
0.699355 9.9991E-05 0.300545
0.513815 9.9991E-05 0.486085
0.772293 9.9991E-05 0.227607
0.753326 0.0185938 0.22808
0.703423 0.0318506 0.264727
0.705349 0.0258086 0.268842
0.882653 0.034579 0.0827678
0.910406 0.010319 0.0792745
0.703478 0.0675966 0.228925
0.855538 0.0352845 0.109177
0.912763 9.9991E-05 0.0871369
0.875361 9.9991E-05 0.124539
0.880478 9.9991E-05 0.119422
0.838677 9.9991E-05 0.161223
0.820423 9.9991E-05 0.179477
0.675622 0.0379699 0.286408
0.78505 0.0153702 0.19958
0.884854 9.9991E-05 0.115046
0.853421 9.9991E-05 0.146479
0.807997 0.0522908 0.139712
0.788796 0.0417562 0.169447
0.89922 9.9991E-05 0.10068
0.765774 0.0153346 0.218892
0.83464 0.0382651 0.127095
0.847008 9.9991E-05 0.152892
0.777595 0.027555 0.19485
0.899781 9.9991E-05 0.100119
0.830451 0.02314 0.146409
0.821409 0.0504004 0.128191
0.938719 0.0218919 0.0393891
0.809408 0.0288178 0.161774
0.94068 0.00454263 0.0547771
0.907275 0.0419389 0.0507859
0.894611 0.030983 0.0744056
0.848556 9.9991E-05 0.151344
0.930621 0.0244047 0.0449748
0.759694 0.0674622 0.172844
0.912795 0.0359873 0.0512179
0.816463 9.9991E-05 0.183437
0.847278 9.9991E-05 0.152622
0.888409 9.9991E-05 0.111491
0.904454 9.9991E-05 0.0954465
0.927977 0.0219193 0.0501034
0.815776 0.0832709 0.100953
0.856906 0.109554 0.0335405
0.871357 0.128543 9.9991E-05
0.89791 0.0906935 0.0113967
0.853883 0.141318 0.00479922
0.903828 0.0960719 9.9991E-05
0.798875 0.101395 0.09973
0.7557 0.186432 0.0578678
0.797594 0.163946 0.0384608
0.815814 0.0670704 0.117116
0.810891 0.102339 0.0867693
0.795424 0.165971 0.0386054
0.864393 0.114767 0.0208401
0.762714 0.148763 0.0885225
0.80856 0.129658 0.0617816
0.757892 0.190627 0.0514808
9.999E-05 0.9998 9.999E-05
0.0115951 0.968256 0.0201486
0.125988 0.873912 9.9991E-05
9.999E-05 0.9998 9.999E-05
9.999E-05 0.9998 9.999E-05
9.999E-05 0.9998 9.999E-05
9.999E-05 0.9998 9.999E-05
0.0576013 0.937225 0.00517378
9.999E-05 0.9998 9.999E-05
9.999E-05 0.9998 9.999E-05
0.889711 0.108648 0.00164183
0.0992181 0.900682 9.9991E-05
9.999E-05 0.9998 9.999E-05
0.0261132 0.956898 0.0169886
0.880094 0.119806 9.9991E-05
0.856264 0.143636 9.9991E-05
0.870378 0.129522 9.9991E-05
0.853921 0.145979 9.9991E-05
0.849409 0.150491 9.9991E-05
0.845158 0.143618 0.0112237
0.836593 0.159836 0.00357167
0.823339 0.176561 9.9991E-05
0.76449 0.23541 9.9991E-05
0.736751 0.233548 0.0297008
0.827328 0.166899 0.00577316
0.795577 0.200637 0.00378522
0.897505 0.0959381 0.00655718
0.846378 0.152172 0.00145051
0.936337 0.0635634 9.9991E-05
0.918096 0.0818036 9.9991E-05
0.987837 0.0120626 9.9991E-05
0.938536 0.0613639 9.9991E-05
0.942335 0.0575653 9.9991E-05
0.956367 0.0435328 9.9991E-05
0.939602 0.0602983 9.9991E-05
0.929979 0.0699208 9.9991E-05
0.971621 0.0282787 9.9991E-05
0.966921 0.0329793 9.9991E-05
0.874378 0.125522 9.9991E-05
0.940554 0.0593462 9.9991E-05
0.934854 0.0650463 9.9991E-05
0.9998 9.999E-05 9.999E-05
0.805125 0.194775 9.9991E-05
0.9998 9.999E-05 9.999E-05
0.9998 9.999E-05 9.999E-05
0.981226 0.018674 9.9991E-05
0.972599 9.9991E-05 0.0273006
0.9998 9.999E-05 9.999E-05
0.9998 9.999E-05 9.999E-05
0.9998 9.999E-05 9.999E-05
0.9998 9.999E-05 9.999E-05
0.9998 9.999E-05 9.999E-05
0.9998 9.999E-05 9.999E-05
0.9998 9.999E-05 9.999E-05
0.997457 0.00244337 9.9991E-05
0.9998 9.999E-05 9.999E-05
0.9998 9.999E-05 9.999E-05
0.9998 9.999E-05 9.999E-05
0.9998 9.999E-05 9.999E-05
0.9998 9.999E-05 9.999E-05
0.831415 0.104485 0.0641003
0.883113 0.055419 0.0614678
0.825765 0.111452 0.0627827
0.845915 0.0734352 0.0806496
0.83358 0.16632 9.9991E-05
0.812453 0.187447 9.9991E-05
0.832457 0.167443 9.9991E-05
0.823676 0.176224 9.9991E-05
0.842524 0.157376 9.9991E-05
0.806044 0.193856 9.9991E-05
0.821508 0.178392 9.9991E-05
0.887355 0.0941475 0.0184972
0.828804 0.171096 9.9991E-05
0.997081 9.9991E-05 0.00281941
0.989853 9.9991E-05 0.0100465
0.9998 9.999E-05 9.999E-05
0.98609 9.9991E-05 0.0138103
0.9998 9.999E-05 9.999E-05
0.942698 9.9991E-05 0.0572022
0.984356 9.9991E-05 0.0155444
0.9998 9.999E-05 9.999E-05
0.975926 9.9991E-05 0.0239741
0.9998 9.999E-05 9.999E-05
0.9998 9.999E-05 9.999E-05
0.994224 9.9991E-05 0.00567644
