9.999E-05 0.9998 9.999E-05
0.100417 0.794343 0.105239
0.14551 0.788768 0.0657224
0.0288524 0.843929 0.127219
9.9991E-05 0.685175 0.314725
0.104496 0.712189 0.183315
0.0353571 0.964543 9.9991E-05
0.0818318 0.773024 0.145144
0.0794358 0.742849 0.177716
9.999E-05 0.9998 9.999E-05
9.999E-05 0.9998 9.999E-05
9.999E-05 0.9998 9.999E-05
9.999E-05 0.9998 9.999E-05
9.999E-05 0.9998 9.999E-05
9.999E-05 0.9998 9.999E-05
0.0421356 0.680932 0.276932
0.113283 0.542851 0.343866
0.0402544 0.772839 0.186907
0.0207189 0.562785 0.416496
0.0288355 0.500962 0.470203
0.0193562 0.658494 0.322149
0.128007 0.498506 0.373487
0.101794 0.520055 0.378151
0.0455067 0.654051 0.300443
9.9991E-05 0.572817 0.427083
0.0532908 0.441821 0.504888
0.116275 0.484931 0.398794
0.0713013 0.643526 0.285173
0.0406397 0.561829 0.397531
0.0356111 0.708497 0.255891
9.9991E-05 0.645508 0.354392
0.0469814 0.527996 0.425023
0.066762 0.480245 0.452993
0.0869341 0.505465 0.407601
0.0738102 0.502136 0.424054
0.0210043 0.68021 0.298785
0.0590561 0.443993 0.496951
0.069588 0.382768 0.547644
0.084153 0.432896 0.482951
0.00344036 0.422041 0.574519
0.135651 0.236849 0.6275
0.195135 0.235473 0.569392
0.125569 0.39868 0.475752
0.109107 0.264873 0.62602
0.153493 0.282684 0.563823
0.138654 0.368471 0.492875
0.114934 0.327534 0.557532
0.103081 0.371432 0.525488
0.0984262 0.372661 0.528913
0.0334028 0.474185 0.492413
0.0877741 0.33073 0.581496
0.150277 0.292403 0.55732
0.121945 0.321757 0.556298
0.0371964 0.295855 0.666949
0.0490162 0.309251 0.641733
0.186127 0.259456 0.554417
0.144851 0.301935 0.553214
0.0715295 0.288636 0.639834
0.163507 0.378866 0.457628
0.107074 0.32608 0.566846
0.0383538 0.284534 0.677112
0.0683456 0.275747 0.655907
0.113454 0.244419 0.642127
0.137672 0.154995 0.707333
0.00830943 0.329315 0.662376
0.158883 0.182918 0.658199
0.116693 0.140997 0.74231
0.098296 0.173886 0.727818
0.0842337 0.31277 0.602996
0.155991 0.171351 0.672659
0.159739 0.309187 0.531073
0.101018 0.200203 0.698779
0.105265 0.359231 0.535503
0.115443 0.287498 0.597059
0.0647334 0.209468 0.725798
0.0566553 0.247924 0.695421
0.187098 0.170639 0.642263
0.0920304 0.173228 0.734742
0.127217 0.0433976 0.829385
0.0644532 0.0181432 0.917404
0.0959068 0.0954292 0.808664
0.0629668 0.0530841 0.883949
0.0772798 0.0465728 0.876147
0.0147103 0.180667 0.804622
0.0839491 0.142043 0.774008
0.136247 0.101621 0.762132
0.112026 0.213189 0.674784
0.00609543 0.150336 0.843568
0.0737114 0.0606336 0.865655
0.136404 0.108398 0.755197
0.0899203 0.189439 0.720641
0.117384 0.147007 0.735609
0.0852086 0.13327 0.781522
9.999E-05 9.999E-05 0.9998
9.999E-05 9.999E-05 0.9998
9.999E-05 9.999E-05 0.9998
9.999E-05 9.999E-05 0.9998
9.999E-05 9.999E-05 0.9998
9.999E-05 9.999E-05 0.9998
9.999E-05 9.999E-05 0.9998
9.999E-05 9.999E-05 0.9998
9.999E-05 9.999E-05 0.9998
9.999E-05 9.999E-05 0.9998
0.0820246 0.0678033 0.850172
9.999E-05 9.999E-05 0.9998
9.999E-05 9.999E-05 0.9998
9.999E-05 9.999E-05 0.9998
0.0256726 0.0237838 0.950544
0.0663128 0.0280419 0.905645
0.0663854 0.0330806 0.900534
0.0806966 9.9991E-05 0.919203
0.0617511 9.9991E-05 0.938149
0.0108074 0.0970988 0.892094
0.0511829 0.0516294 0.897188
0.0186927 0.051101 0.930206
0.0502545 0.0137902 0.935955
0.0810397 0.00635104 0.912609
0.0818832 0.076399 0.841718
0.0896808 0.0480312 0.862288
0.101134 0.061981 0.836885
0.0705354 0.0356822 0.893782
0.0071318 9.9991E-05 0.992768
0.00485876 9.9991E-05 0.995041
9.999E-05 9.999E-05 0.9998
9.999E-05 9.999E-05 0.9998
9.999E-05 9.999E-05 0.9998
9.999E-05 9.999E-05 0.9998
9.999E-05 9.999E-05 0.9998
9.9991E-05 0.0468758 0.953024
0.0198225 9.9991E-05 0.980078
9.999E-05 9.999E-05 0.9998
0.0444972 9.9991E-05 0.955403
9.999E-05 9.999E-05 0.9998
0.095638 9.9991E-05 0.904262
0.9998 9.999E-05 9.999E-05
0.126344 0.031672 0.841984
0.9998 9.999E-05 9.999E-05
0.9998 9.999E-05 9.999E-05
0.9998 9.999E-05 9.999E-05
0.823183 0.0622846 0.114532
0.9998 9.999E-05 9.999E-05
0.913891 0.0190005 0.0671087
0.9998 9.999E-05 9.999E-05
0.961117 9.9991E-05 0.0387828
0.9998 9.999E-05 9.999E-05
0.975775 9.9991E-05 0.0241254
0.9998 9.999E-05 9.999E-05
0.841921 0.00301327 0.155066
0.974784 0.0114956 0.0137208
0.861032 9.9991E-05 0.138868
0.893981 0.0152068 0.0908121
0.896929 9.9991E-05 0.102971
0.943598 9.9991E-05 0.0563024
0.042594 0.147918 0.809488
0.0307935 0.117006 0.8522
0.0499242 0.114736 0.83534
0.0604547 0.16039 0.779155
0.0815743 0.0105845 0.907841
0.0397805 9.9991E-05 0.960119
0.042543 9.9991E-05 0.957357
0.0138214 9.9991E-05 0.986079
0.031226 9.9991E-05 0.968674
0.0522988 9.9991E-05 0.947601
0.0420108 0.0104185 0.947571
0.05315 0.0899575 0.856893
0.0376795 0.0896603 0.87266
9.9991E-05 0.0508553 0.949045
9.9991E-05 0.09897 0.90093
9.9991E-05 0.0700632 0.929837
9.9991E-05 0.118478 0.881422
9.9991E-05 0.0898934 0.910007
9.9991E-05 0.11805 0.88185
9.9991E-05 0.0906505 0.909249
9.9991E-05 0.0909975 0.908902
9.9991E-05 0.109156 0.890744
9.9991E-05 0.0856211 0.914279
9.9991E-05 0.0618711 0.938029
9.9991E-05 0.0841377 0.915762
