9.999E-05 0.9998 9.999E-05
0.261365 0.632189 0.106446
0.181857 0.676351 0.141792
0.24516 0.713983 0.0408566
0.490861 0.509039 9.9991E-05
0.316959 0.592344 0.0906965
0.100362 0.834155 0.0654832
0.2119 0.655597 0.132503
0.294613 0.595733 0.109653
9.999E-05 0.9998 9.999E-05
9.999E-05 0.9998 9.999E-05
9.999E-05 0.9998 9.999E-05
9.999E-05 0.9998 9.999E-05
9.999E-05 0.9998 9.999E-05
9.999E-05 0.9998 9.999E-05
0.400446 0.505184 0.0943699
0.443204 0.469201 0.0875955
0.344266 0.640372 0.0153622
0.538022 0.461878 9.9991E-05
0.541181 0.414139 0.0446793
0.449433 0.550467 9.9991E-05
0.426662 0.434566 0.138772
0.523424 0.398573 0.0780032
0.416066 0.509038 0.0748959
0.535724 0.464176 9.9991E-05
0.574464 0.373708 0.0518278
0.514177 0.393733 0.0920908
0.377473 0.527484 0.095043
0.516049 0.430314 0.0536376
0.355229 0.592488 0.052283
0.492971 0.506929 9.9991E-05
0.541509 0.417494 0.0409967
0.511549 0.401391 0.0870602
0.516662 0.372364 0.110974
0.493856 0.396967 0.109177
0.403401 0.596499 9.9991E-05
0.604525 0.315359 0.0801161
0.62666 0.290741 0.082599
0.589929 0.298239 0.111832
0.660683 0.339217 9.9991E-05
0.788915 0.132297 0.0787875
0.772154 0.136368 0.0914783
0.547867 0.287256 0.164877
0.732495 0.160054 0.107451
0.697448 0.19391 0.108642
0.591211 0.27373 0.135059
0.593906 0.248839 0.157255
0.601945 0.250957 0.147098
0.656955 0.274941 0.068104
0.530364 0.389523 0.0801124
0.616352 0.269471 0.114177
0.637735 0.228543 0.133722
0.596613 0.236623 0.166765
0.77855 0.191214 0.0302361
0.73227 0.216488 0.051242
0.651366 0.184024 0.16461
0.623543 0.24777 0.128687
0.748689 0.209435 0.0418758
0.570112 0.275689 0.154199
0.6897 0.256215 0.0540846
0.725856 0.224712 0.049432
0.755298 0.21795 0.0267517
0.671588 0.18851 0.139901
0.753512 0.105508 0.140981
0.761948 0.237952 9.9991E-05
0.683325 0.16493 0.151745
0.850092 0.106289 0.0436184
0.666122 0.14031 0.193568
0.67703 0.257605 0.0653655
0.6879 0.119435 0.192665
0.610201 0.222357 0.167442
0.77381 0.110594 0.115596
0.672275 0.263612 0.0641124
0.641838 0.260163 0.0979991
0.696608 0.167094 0.136297
0.793966 0.172537 0.0334964
0.765269 0.13164 0.10309
0.801954 0.120359 0.0776869
0.880511 0.0283526 0.0911365
0.929011 9.9991E-05 0.0708893
0.856132 0.0750916 0.0687765
0.884498 0.058851 0.0566512
0.890419 0.0374282 0.0721529
0.841386 0.145397 0.0132173
0.867464 0.0519358 0.0805998
0.819336 0.0656686 0.114996
0.678542 0.185638 0.13582
0.866799 0.123067 0.0101343
0.844461 0.0778563 0.0776822
0.842606 0.065499 0.0918949
0.772019 0.11928 0.108701
0.754162 0.106674 0.139164
0.828552 0.0640261 0.107422
0.9998 9.999E-05 9.999E-05
0.9998 9.999E-05 9.999E-05
0.9998 9.999E-05 9.999E-05
0.9998 9.999E-05 9.999E-05
0.9998 9.999E-05 9.999E-05
0.9998 9.999E-05 9.999E-05
0.9998 9.999E-05 9.999E-05
0.9998 9.999E-05 9.999E-05
0.9998 9.999E-05 9.999E-05
0.9998 9.999E-05 9.999E-05
0.907545 0.0163519 0.0761034
0.9998 9.999E-05 9.999E-05
0.9998 9.999E-05 9.999E-05
0.9998 9.999E-05 9.999E-05
0.962498 9.9991E-05 0.0374018
0.922673 9.9991E-05 0.0772268
0.910707 0.0317742 0.0575185
0.954091 9.9991E-05 0.0458086
0.987365 9.9991E-05 0.0125352
0.933364 0.0460894 0.0205462
0.940401 0.0274066 0.032192
0.9998 9.999E-05 9.999E-05
0.949308 9.9991E-05 0.0505917
0.891888 0.0308634 0.0772491
0.935958 0.0212929 0.0427495
0.954367 9.9991E-05 0.0455325
0.880767 0.0378419 0.0813909
0.910076 0.0313155 0.0586083
0.9998 9.999E-05 9.999E-05
0.9998 9.999E-05 9.999E-05
0.9998 9.999E-05 9.999E-05
0.9998 9.999E-05 9.999E-05
0.9998 9.999E-05 9.999E-05
0.9998 9.999E-05 9.999E-05
0.9998 9.999E-05 9.999E-05
0.93802 0.0465429 0.0154374
0.989537 9.9991E-05 0.0103631
0.9998 9.999E-05 9.999E-05
0.99235 9.9991E-05 0.00755017
0.9998 9.999E-05 9.999E-05
0.876699 9.9991E-05 0.123201
9.999E-05 9.999E-05 0.9998
0.897237 9.9991E-05 0.102663
9.999E-05 9.999E-05 0.9998
9.999E-05 9.999E-05 0.9998
0.0220393 9.9991E-05 0.977861
0.150364 0.000572184 0.849064
9.999E-05 9.999E-05 0.9998
0.102683 9.9991E-05 0.897217
9.999E-05 9.999E-05 0.9998
0.0315639 9.9991E-05 0.968336
9.999E-05 9.999E-05 0.9998
9.999E-05 9.999E-05 0.9998
9.999E-05 9.999E-05 0.9998
0.139788 9.9991E-05 0.860112
0.0105571 0.0115805 0.977862
0.0938024 0.00644571 0.899752
0.112802 9.9991E-05 0.887099
0.0437939 0.0369022 0.919304
0.0315634 9.9991E-05 0.968337
0.881302 0.0717162 0.0469822
0.857849 0.0656331 0.0765184
0.85144 0.0760324 0.0725275
0.843249 0.0839842 0.0727669
0.968466 0.0118422 0.0196915
0.961593 9.9991E-05 0.0383075
0.985735 9.9991E-05 0.0141653
0.937797 9.9991E-05 0.0621031
0.979642 9.9991E-05 0.0202582
0.945629 9.9991E-05 0.0542711
0.997972 9.9991E-05 0.00192808
0.84125 0.0937544 0.0649953
0.905897 0.0491971 0.044906
0.941113 0.0587873 9.9991E-05
0.958554 0.0413458 9.9991E-05
0.963163 0.0367367 9.9991E-05
0.955215 0.0446852 9.9991E-05
0.992975 0.00692469 9.9991E-05
0.932387 0.0675128 9.9991E-05
0.950295 0.0496055 9.9991E-05
0.941535 0.0583651 9.9991E-05
0.922783 0.0771172 9.9991E-05
0.967143 0.0327574 9.9991E-05
0.950978 0.0489224 9.9991E-05
0.954909 0.0449907 9.9991E-05
