9.999E-05 9.999E-05 0.9998
0.109513 9.9991E-05 0.890387
9.999E-05 0.168748 0.831152
0.0280434 0.205933 0.766024
9.9991E-05 0.165383 0.834517
9.999E-05 9.999E-05 0.9998
0.0549192 0.0408754 0.904205
9.999E-05 0.0384916 0.961408
0.0591748 0.214101 0.726724
0.218577 0.108056 0.673367
0.118103 0.0133126 0.868585
0.0993012 0.0357813 0.864918
0.0491622 9.9991E-05 0.950738
0.221552 9.9991E-05 0.778348
0.262303 9.9991E-05 0.737597
0.0649046 9.9991E-05 0.934995
0.0600902 0.0295855 0.910324
0.229108 0.222155 0.548737
0.161403 0.143455 0.695142
9.9991E-05 0.0752216 0.924678
0.167777 0.0418536 0.79037
0.0754857 0.0442021 0.880312
0.0784578 9.9991E-05 0.921442
0.183224 0.0040029 0.812773
0.309116 9.9991E-05 0.690784
0.234032 0.0995997 0.666368
0.11549 0.453713 0.430796
0.385784 0.102706 0.51151
0.330692 0.124981 0.544327
0.45567 9.9991E-05 0.54423
0.236637 0.760098 0.00326464
0.0495623 0.776126 0.174312
0.0730312 0.814672 0.112296
9.9991E-05 0.95398 0.0459202
9.9991E-05 0.740235 0.259665
9.9991E-05 0.863121 0.136779
9.9991E-05 0.703415 0.296485
0.0457184 0.801197 0.153085
9.9991E-05 0.912308 0.0875921
0.312514 0.524406 0.16308
0.0677773 0.929516 0.00270702
0.329727 0.464904 0.205369
0.138316 0.746449 0.115235
9.9991E-05 0.81473 0.18517
0.296951 0.649344 0.0537056
0.10447 0.89543 9.9991E-05
0.117621 0.882279 9.9991E-05
0.18732 0.81258 9.9991E-05
0.00365126 0.820882 0.175467
0.0874054 0.830871 0.0817238
0.076967 0.922933 9.9991E-05
9.999E-05 0.9998 9.999E-05
0.203411 0.796489 9.9991E-05
0.0612453 0.938655 9.9991E-05
9.999E-05 0.9998 9.999E-05
0.25335 0.74655 9.9991E-05
0.759474 0.169194 0.0713325
0.511263 0.388809 0.0999277
0.640096 0.289787 0.0701169
0.578495 0.261022 0.160483
0.77557 0.22433 9.9991E-05
0.626543 0.356784 0.0166737
0.71917 0.264813 0.0160168
0.9998 9.999E-05 9.999E-05
0.817514 0.148916 0.0335702
0.9998 9.999E-05 9.999E-05
0.992699 0.00720072 9.9991E-05
0.9998 9.999E-05 9.999E-05
0.9998 9.999E-05 9.999E-05
0.964549 0.0353511 9.9991E-05
0.889883 0.110017 9.9991E-05
0.598113 0.322023 0.0798645
0.938272 0.0616285 9.9991E-05
0.69726 0.246399 0.0563404
0.9998 9.999E-05 9.999E-05
0.9998 9.999E-05 9.999E-05
0.628653 0.241509 0.129838
