9.999E-05 9.999E-05 0.9998
0.0967802 0.286947 0.616273
0.0845255 0.286676 0.628799
9.999E-05 0.396252 0.603648
0.0182364 0.535266 0.446497
0.03646 0.422847 0.540693
9.9991E-05 0.278135 0.721765
9.999E-05 0.373545 0.626355
0.00734724 0.445261 0.547391
9.999E-05 9.999E-05 0.9998
9.999E-05 9.999E-05 0.9998
9.999E-05 9.999E-05 0.9998
9.999E-05 9.999E-05 0.9998
9.999E-05 9.999E-05 0.9998
9.999E-05 9.999E-05 0.9998
9.9991E-05 0.5089 0.491
0.0389414 0.575881 0.385178
9.9991E-05 0.437279 0.562621
9.9991E-05 0.628337 0.371563
9.9991E-05 0.676369 0.323531
0.040658 0.50411 0.455232
0.00325641 0.689722 0.307021
9.9991E-05 0.66747 0.33243
9.9991E-05 0.582844 0.417056
9.9991E-05 0.601765 0.398135
9.9991E-05 0.756481 0.243419
9.9991E-05 0.728042 0.271858
9.9991E-05 0.616799 0.383101
9.9991E-05 0.62566 0.37424
9.9991E-05 0.498666 0.501234
9.9991E-05 0.573584 0.426316
9.9991E-05 0.69938 0.30052
9.9991E-05 0.679729 0.320171
0.0153988 0.681485 0.303116
9.9991E-05 0.728694 0.271206
9.9991E-05 0.489977 0.509923
9.9991E-05 0.780908 0.218992
0.00822813 0.760363 0.231409
0.027251 0.749717 0.223032
0.0177562 0.729013 0.253231
0.0698635 0.841241 0.0888954
9.9991E-05 0.888741 0.111159
0.0388503 0.732104 0.229046
0.00393011 0.882228 0.113842
9.9991E-05 0.922459 0.0774412
9.9991E-05 0.879718 0.120182
9.9991E-05 0.881551 0.118349
9.9991E-05 0.823528 0.176372
9.9991E-05 0.801181 0.198719
9.9991E-05 0.683753 0.316147
9.9991E-05 0.821638 0.178262
9.9991E-05 0.848185 0.151715
9.9991E-05 0.834932 0.164968
0.0369085 0.823831 0.139261
0.0594358 0.771878 0.168686
0.00324785 0.876814 0.119938
9.9991E-05 0.792021 0.207879
0.0398007 0.826777 0.133423
9.9991E-05 0.871096 0.128804
0.0153933 0.817299 0.167307
9.9991E-05 0.875537 0.124363
0.0223267 0.871532 0.106142
0.0538815 0.800994 0.145125
0.056081 0.889307 0.0546116
0.00490326 0.838873 0.156224
0.00100157 0.933791 0.0652079
0.0637599 0.891601 0.044639
0.0326225 0.903932 0.0634451
0.0179601 0.806552 0.175488
0.025687 0.920352 0.0539605
0.0615122 0.771405 0.167083
0.0457232 0.893237 0.0610396
0.0186912 0.795475 0.185834
9.9991E-05 0.829949 0.169951
0.0227904 0.87271 0.104499
0.00426807 0.914965 0.0807671
0.0324297 0.915986 0.0515842
0.146515 0.749405 0.10408
0.141056 0.844115 0.014829
0.139724 0.860176 9.9991E-05
0.0772786 0.868848 0.0538739
0.144479 0.840383 0.0151376
0.122425 0.877475 9.9991E-05
0.167583 0.775032 0.0573845
0.233448 0.706732 0.0598205
0.149721 0.796054 0.0542246
0.0865603 0.778305 0.135135
0.148763 0.77105 0.0801869
0.172 0.826927 0.00107314
0.109371 0.869254 0.0213751
0.153464 0.738684 0.107851
0.113527 0.809648 0.0768245
0.204418 0.743224 0.0523579
0.9998 9.999E-05 9.999E-05
0.918481 0.0563318 0.0251868
0.856135 0.143765 9.9991E-05
0.9998 9.999E-05 9.999E-05
0.9998 9.999E-05 9.999E-05
0.9998 9.999E-05 9.999E-05
0.9998 9.999E-05 9.999E-05
0.93459 9.9991E-05 0.0653097
0.9998 9.999E-05 9.999E-05
0.9998 9.999E-05 9.999E-05
0.0960456 0.903854 9.9991E-05
0.915201 0.084699 9.9991E-05
0.9998 9.999E-05 9.999E-05
0.9998 9.999E-05 9.999E-05
0.11062 0.88928 9.9991E-05
0.113297 0.886603 9.9991E-05
0.140156 0.859744 9.9991E-05
0.15175 0.84815 9.9991E-05
0.136145 0.863755 9.9991E-05
0.0941388 0.883132 0.0227295
0.20637 0.76529 0.0283393
0.176144 0.823756 9.9991E-05
0.234134 0.765766 9.9991E-05
0.2348 0.7651 9.9991E-05
0.128729 0.871171 9.9991E-05
0.210576 0.789324 9.9991E-05
0.0700451 0.926639 0.00331562
0.128267 0.871633 9.9991E-05
0.00878917 0.991111 9.9991E-05
0.0703044 0.929596 9.9991E-05
0.0397343 0.960166 9.9991E-05
0.0146021 0.985298 9.9991E-05
0.0647329 0.935167 9.9991E-05
0.0418454 0.958055 9.9991E-05
0.0205268 0.979373 9.9991E-05
0.051668 0.935058 0.0132739
0.0192723 0.980628 9.9991E-05
0.0466187 0.953281 9.9991E-05
0.110262 0.889638 9.9991E-05
0.0556641 0.944236 9.9991E-05
0.0536602 0.94624 9.9991E-05
9.999E-05 0.9998 9.999E-05
0.178226 0.821674 9.9991E-05
9.999E-05 0.9998 9.999E-05
9.999E-05 0.9998 9.999E-05
0.0423883 0.957512 9.9991E-05
9.999E-05 0.9998 9.999E-05
9.999E-05 0.9998 9.999E-05
9.999E-05 0.9998 9.999E-05
9.999E-05 0.9998 9.999E-05
9.999E-05 0.9998 9.999E-05
9.999E-05 0.9998 9.999E-05
9.999E-05 0.9998 9.999E-05
9.999E-05 0.9998 9.999E-05
9.999E-05 0.9998 9.999E-05
9.999E-05 0.9998 9.999E-05
9.999E-05 0.9998 9.999E-05
9.999E-05 0.9998 9.999E-05
9.999E-05 0.9998 9.999E-05
9.999E-05 0.9998 9.999E-05
0.0953397 0.846761 0.0578989
0.0754634 0.853785 0.0707517
0.149565 0.793446 0.0569895
0.0834482 0.851418 0.0651335
0.147662 0.852238 9.9991E-05
0.197897 0.802003 9.9991E-05
0.211131 0.788769 9.9991E-05
0.196537 0.803363 9.9991E-05
0.16858 0.83132 9.9991E-05
0.169716 0.830184 9.9991E-05
0.198253 0.801647 9.9991E-05
0.118004 0.846174 0.0358217
0.177148 0.781969 0.0408833
9.999E-05 0.9998 9.999E-05
9.999E-05 0.9998 9.999E-05
9.999E-05 0.9998 9.999E-05
9.999E-05 0.9998 9.999E-05
9.999E-05 0.9998 9.999E-05
9.9991E-05 0.981297 0.0186029
9.999E-05 0.9998 9.999E-05
9.9991E-05 0.99674 0.00316039
9.9991E-05 0.996524 0.00337636
9.9991E-05 0.990637 0.0092628
9.999E-05 0.9998 9.999E-05
9.9991E-05 0.99498 0.0049202
