9.999E-05 9.999E-05 0.9998
0.064798 0.239911 0.695291
0.150796 0.153582 0.695622
0.0264401 0.23737 0.73619
0.0281082 0.390372 0.58152
0.0850876 0.306741 0.608171
0.0190548 0.130677 0.850268
0.110754 0.239206 0.65004
0.103237 0.255956 0.640807
9.999E-05 9.999E-05 0.9998
9.999E-05 9.999E-05 0.9998
9.999E-05 9.999E-05 0.9998
9.999E-05 9.999E-05 0.9998
9.999E-05 9.999E-05 0.9998
9.999E-05 9.999E-05 0.9998
0.0294521 0.402115 0.568433
0.0439435 0.45114 0.504917
0.0255261 0.271006 0.703468
9.99975E-05 0.521816 0.478084
0.0205518 0.565227 0.414221
9.9991E-05 0.426 0.5739
0.117029 0.447949 0.435022
0.0371661 0.521532 0.441302
0.0277871 0.436706 0.535507
9.99984E-05 0.54925 0.45065
0.0578185 0.558413 0.383768
0.10893 0.477128 0.413943
0.0696835 0.374018 0.556298
0.035632 0.456086 0.508282
9.9991E-05 0.404058 0.595842
9.9991E-05 0.428286 0.571614
0.0187175 0.546242 0.43504
0.053975 0.570141 0.375884
0.110354 0.493242 0.396403
0.0472824 0.531794 0.420923
0.00659689 0.381925 0.611478
0.091276 0.552545 0.356179
0.0415486 0.634001 0.32445
0.0701861 0.582301 0.347513
9.9991E-05 0.64227 0.35763
0.132232 0.702097 0.165671
0.113798 0.681406 0.204796
0.178147 0.484631 0.337223
0.152708 0.641539 0.205753
0.149106 0.63824 0.212654
0.155563 0.562788 0.281648
0.139924 0.580433 0.279643
0.145202 0.579336 0.275462
0.0942211 0.608181 0.297598
0.0927414 0.514505 0.392754
0.0768323 0.623719 0.299449
0.0954449 0.631824 0.272731
0.154172 0.54383 0.301997
0.0228821 0.750023 0.227095
0.0394443 0.729979 0.230577
0.170049 0.619445 0.210506
0.159993 0.567313 0.272694
0.0378465 0.708788 0.253366
0.158128 0.57421 0.267662
0.0454507 0.665277 0.289272
0.0735614 0.689673 0.236766
0.053949 0.718281 0.22777
0.103757 0.658709 0.237534
0.114785 0.763854 0.121361
9.9991E-05 0.741328 0.258572
0.164624 0.686893 0.148483
0.0614611 0.827956 0.110582
0.136187 0.710495 0.153318
0.0897629 0.648375 0.261862
0.151095 0.686566 0.162339
0.167791 0.55615 0.276058
0.0652339 0.799401 0.135366
0.0993857 0.606198 0.294417
0.0979319 0.653908 0.24816
0.0742224 0.746008 0.17977
0.0370499 0.771856 0.191094
0.0962383 0.774142 0.12962
0.121507 0.73894 0.139553
0.0621179 0.897151 0.0407315
0.0396186 0.954752 0.00562956
0.0966835 0.840664 0.0626526
0.0617031 0.914121 0.0241755
0.0420093 0.957891 9.9991E-05
0.0202932 0.847089 0.132617
0.100279 0.759649 0.140072
0.13298 0.740468 0.126551
0.0847295 0.714766 0.200505
0.0361369 0.859514 0.10435
0.175505 0.784396 0.0400991
0.100116 0.820236 0.0796487
0.0837174 0.778863 0.137419
0.0709477 0.7913 0.137753
0.112136 0.80063 0.0872346
9.999E-05 0.9998 9.999E-05
9.999E-05 0.9998 9.999E-05
9.999E-05 0.9998 9.999E-05
0.0014854 0.998415 9.9991E-05
9.999E-05 0.9998 9.999E-05
9.999E-05 0.9998 9.999E-05
9.999E-05 0.9998 9.999E-05
9.999E-05 0.9998 9.999E-05
9.999E-05 0.9998 9.999E-05
9.999E-05 0.9998 9.999E-05
0.0735264 0.906072 0.0204018
9.999E-05 0.9998 9.999E-05
9.999E-05 0.9998 9.999E-05
9.999E-05 0.9998 9.999E-05
0.0313735 0.968527 9.9991E-05
0.0621908 0.937709 9.9991E-05
0.0311721 0.968728 9.9991E-05
0.0405541 0.959346 9.9991E-05
0.0591586 0.940741 9.9991E-05
0.0449524 0.936628 0.0184191
0.0152932 0.930946 0.0537609
9.9991E-05 0.985563 0.0143368
0.0622853 0.937615 9.9991E-05
0.0707291 0.929171 9.9991E-05
0.0483362 0.897021 0.0546429
0.0308961 0.969004 9.9991E-05
0.101209 0.853168 0.0456224
0.0668556 0.901163 0.0319818
0.026536 0.973364 9.9991E-05
9.9991E-05 0.982745 0.0171553
9.999E-05 0.9998 9.999E-05
9.999E-05 0.9998 9.999E-05
9.999E-05 0.9998 9.999E-05
0.00646525 0.993435 9.9991E-05
9.999E-05 0.9998 9.999E-05
9.9991E-05 0.993365 0.00653532
0.033698 0.966202 9.9991E-05
9.999E-05 0.9998 9.999E-05
0.019788 0.967661 0.0125506
9.999E-05 0.9998 9.999E-05
0.109848 0.890052 9.9991E-05
0.9998 9.999E-05 9.999E-05
0.134097 0.859381 0.00652234
0.9998 9.999E-05 9.999E-05
0.9998 9.999E-05 9.999E-05
0.958313 0.0414481 0.000238504
0.823733 0.136858 0.039409
0.9998 9.999E-05 9.999E-05
0.898439 0.0888236 0.0127373
0.9998 9.999E-05 9.999E-05
0.960601 0.0392987 9.9991E-05
0.996138 9.9991E-05 0.00376198
0.972231 0.0276695 9.9991E-05
0.994878 0.00502247 9.9991E-05
0.871384 0.128516 9.9991E-05
0.962517 0.0373834 9.9991E-05
0.923779 0.0761214 9.9991E-05
0.919513 0.0663963 0.0140907
0.895827 0.0866406 0.0175326
0.957791 0.0421087 9.9991E-05
0.0679899 0.853969 0.0780415
0.0714056 0.857944 0.0706506
0.0945768 0.843194 0.0622288
0.0575932 0.826434 0.115972
0.0247022 0.968326 0.00697225
0.00492306 0.994977 9.9991E-05
0.00464123 0.995259 9.9991E-05
0.0187223 0.981178 9.9991E-05
0.00767229 0.992228 9.9991E-05
0.0369116 0.962988 9.9991E-05
0.0104142 0.989486 9.9991E-05
0.0506111 0.920333 0.0290555
0.0911746 0.866662 0.042163
9.9991E-05 0.970103 0.0297974
9.9991E-05 0.9625 0.0374
9.9991E-05 0.963085 0.0368155
9.9991E-05 0.929084 0.0708163
9.999E-05 0.9998 9.999E-05
9.9991E-05 0.953562 0.0463376
9.9991E-05 0.965561 0.034339
9.9991E-05 0.961137 0.038763
9.9991E-05 0.929373 0.0705275
9.9991E-05 0.972159 0.0277408
9.9991E-05 0.961036 0.0388644
9.9991E-05 0.949488 0.0504124
