9.999E-05 9.999E-05 0.9998
0.110554 0.202179 0.687268
0.140408 0.176465 0.683127
0.0195318 0.247281 0.733188
0.0837222 0.340073 0.576205
0.110013 0.281149 0.608838
0.0567515 0.0978232 0.845425
0.106794 0.246951 0.646255
0.0906948 0.272285 0.63702
9.999E-05 9.999E-05 0.9998
9.999E-05 9.999E-05 0.9998
9.999E-05 9.999E-05 0.9998
9.999E-05 9.999E-05 0.9998
9.999E-05 9.999E-05 0.9998
9.999E-05 9.999E-05 0.9998
0.0822258 0.341843 0.575932
0.102469 0.394292 0.503238
0.0849395 0.249624 0.665437
0.0171291 0.526205 0.456666
0.0295103 0.56474 0.405749
0.00671127 0.430289 0.563
0.102673 0.462426 0.434901
0.0664011 0.449541 0.484058
0.0357183 0.423004 0.541278
9.9991E-05 0.483682 0.516218
0.0384379 0.576808 0.384754
0.115165 0.47874 0.406095
0.0694691 0.388183 0.542348
0.0352418 0.503647 0.461111
0.0393663 0.465412 0.495221
9.9991E-05 0.448625 0.551275
0.051018 0.545386 0.403596
0.0643829 0.521935 0.413682
0.112745 0.500463 0.386792
0.125043 0.454751 0.420206
0.0272252 0.390693 0.582082
0.0584552 0.586483 0.355062
0.0648411 0.628511 0.306648
0.0702205 0.621529 0.30825
9.9991E-05 0.614247 0.385653
0.130468 0.714546 0.154986
0.126076 0.716743 0.157182
0.107078 0.568383 0.32454
0.153764 0.636916 0.20932
0.128657 0.664505 0.206838
0.147511 0.587904 0.264585
0.114409 0.610042 0.27555
0.0740161 0.638194 0.287789
0.100328 0.620589 0.279083
0.0774383 0.531794 0.390768
0.0793587 0.61978 0.300861
0.10449 0.649974 0.245536
0.112222 0.634628 0.25315
0.0358467 0.732443 0.23171
0.0642065 0.703533 0.23226
0.163885 0.640117 0.195998
0.137637 0.586684 0.275679
0.0763847 0.712864 0.210751
0.197927 0.533732 0.26834
0.0319218 0.667395 0.300683
0.0447781 0.703367 0.251855
0.0572952 0.681349 0.261356
0.0955731 0.70903 0.195396
0.133821 0.702228 0.163951
0.00995822 0.705213 0.284829
0.152187 0.692306 0.155507
0.0554105 0.828109 0.116481
0.126746 0.718074 0.15518
0.113957 0.619344 0.266699
0.156675 0.721903 0.121422
0.113797 0.637119 0.249084
0.0963387 0.783563 0.120098
0.0506277 0.644026 0.305346
0.0630967 0.685387 0.251516
0.0937082 0.716095 0.190197
0.0273939 0.790057 0.182549
0.206805 0.668217 0.124978
0.0597392 0.793112 0.147148
0.0449983 0.913242 0.0417601
0.0315864 0.968314 9.9991E-05
0.0854351 0.844774 0.0697909
0.0481755 0.943854 0.00797029
0.0681807 0.913579 0.0182403
0.0228896 0.812614 0.164497
0.0443393 0.840138 0.115523
0.12562 0.779785 0.0945948
0.094622 0.743141 0.162237
0.000420647 0.874995 0.124585
0.0528482 0.886718 0.0604338
0.123765 0.80419 0.0720455
0.122054 0.745798 0.132147
0.109559 0.765315 0.125126
0.123009 0.809404 0.0675865
9.999E-05 0.9998 9.999E-05
9.999E-05 0.9998 9.999E-05
9.999E-05 0.9998 9.999E-05
9.999E-05 0.9998 9.999E-05
9.999E-05 0.9998 9.999E-05
9.999E-05 0.9998 9.999E-05
9.999E-05 0.9998 9.999E-05
9.999E-05 0.9998 9.999E-05
9.999E-05 0.9998 9.999E-05
9.999E-05 0.9998 9.999E-05
0.0733542 0.919792 0.00685405
9.999E-05 0.9998 9.999E-05
9.999E-05 0.9998 9.999E-05
9.999E-05 0.9998 9.999E-05
9.999E-05 0.9998 9.999E-05
0.0580254 0.941875 9.9991E-05
0.0269557 0.966258 0.00678625
0.0351976 0.964702 9.9991E-05
0.0525066 0.947393 9.9991E-05
0.00720435 0.913948 0.0788473
0.00525923 0.931439 0.0633015
9.999E-05 0.9998 9.999E-05
0.0788098 0.92109 9.9991E-05
0.0345947 0.956707 0.00869875
0.0811277 0.902743 0.0161297
0.0417301 0.948822 0.00944792
0.0860127 0.879973 0.0340147
0.0301838 0.950404 0.0194125
0.9998 9.999E-05 9.999E-05
0.102897 0.897003 9.9991E-05
0.9998 9.999E-05 9.999E-05
0.9998 9.999E-05 9.999E-05
0.9998 9.999E-05 9.999E-05
0.821734 0.155255 0.02301
0.9998 9.999E-05 9.999E-05
0.941006 0.0588941 9.9991E-05
0.9976 0.00229975 9.9991E-05
0.96261 0.0372895 9.9991E-05
0.9998 9.999E-05 9.999E-05
0.98235 9.9991E-05 0.0175504
0.979897 0.0200029 9.9991E-05
0.817495 0.182405 9.9991E-05
0.964949 0.0187627 0.0162882
0.895394 0.0862067 0.0183996
0.885238 0.114662 9.9991E-05
0.86267 0.119961 0.0173689
0.946085 0.0538146 9.9991E-05
0.033819 0.966081 9.9991E-05
9.999E-05 0.9998 9.999E-05
9.999E-05 0.9998 9.999E-05
9.999E-05 0.9998 9.999E-05
9.999E-05 0.9998 9.999E-05
9.999E-05 0.9998 9.999E-05
9.999E-05 0.9998 9.999E-05
0.00172086 0.974942 0.0233372
0.0354095 0.96449 9.9991E-05
9.999E-05 0.9998 9.999E-05
9.999E-05 0.9998 9.999E-05
9.999E-05 0.9998 9.999E-05
0.112168 0.887732 9.9991E-05
0.032862 0.875876 0.0912616
0.0312914 0.870457 0.0982515
0.068548 0.830496 0.100956
0.0533126 0.850173 0.0965144
0.014289 0.952468 0.0332434
0.0110926 0.988807 9.9991E-05
0.0117844 0.988116 9.9991E-05
9.999E-05 0.9998 9.999E-05
0.0266038 0.973296 9.9991E-05
0.0360185 0.963881 9.9991E-05
9.999E-05 0.9998 9.999E-05
0.026252 0.940219 0.0335294
0.0331738 0.916313 0.050513
9.9991E-05 0.956105 0.0437949
9.9991E-05 0.959479 0.0404214
9.9991E-05 0.976186 0.0237137
9.9991E-05 0.951861 0.0480386
9.999E-05 0.9998 9.999E-05
9.9991E-05 0.919662 0.0802384
9.9991E-05 0.921521 0.0783786
9.9991E-05 0.96217 0.03773
9.9991E-05 0.93921 0.0606901
9.9991E-05 0.9696 0.0303003
9.9991E-05 0.9626 0.0373
9.9991E-05 0.958856 0.0410438
