9.98831E-05 9.98831E-05 9.98831E-05 0.998702 9.98831E-05 9.98831E-05 9.98831E-05 9.98831E-05 9.98831E-05 9.98831E-05 9.98831E-05 9.98831E-05 9.98831E-05 9.98831E-05
9.9919E-05 0.120388 9.9919E-05 0.0430837 9.9919E-05 9.9919E-05 9.9919E-05 9.9919E-05 9.9919E-05 0.024697 9.9919E-05 0.578193 0.232739 9.9919E-05
9.98831E-05 9.98831E-05 9.98831E-05 9.98831E-05 9.98831E-05 9.98831E-05 9.98831E-05 9.98831E-05 9.98831E-05 9.98831E-05 9.98831E-05 9.98831E-05 9.98831E-05 0.998702
0.0155816 9.9928E-05 9.9928E-05 9.9928E-05 9.9928E-05 0.0171652 9.9928E-05 9.9928E-05 0.100651 9.9928E-05 0.0701157 9.9928E-05 0.0302116 0.765475
9.99101E-05 0.0128823 9.99101E-05 9.99101E-05 9.99101E-05 9.99101E-05 0.000153567 9.99101E-05 9.99101E-05 0.973099 9.99101E-05 9.99101E-05 9.99101E-05 0.0128656
9.98831E-05 9.98831E-05 9.98831E-05 9.98831E-05 9.98831E-05 9.98831E-05 9.98831E-05 9.98831E-05 9.98831E-05 9.98831E-05 9.98831E-05 0.998702 9.98831E-05 9.98831E-05
0.015676 9.99101E-05 9.99101E-05 9.99101E-05 9.99101E-05 0.0121683 9.99101E-05 0.0250405 9.99101E-05 9.99101E-05 9.99101E-05 0.946116 9.99101E-05 9.99101E-05
9.98921E-05 9.98921E-05 9.98921E-05 9.98921E-05 9.98921E-05 9.98921E-05 9.98921E-05 9.98921E-05 9.98921E-05 0.997086 0.0017153 9.98921E-05 9.98921E-05 9.98921E-05
9.9946E-05 9.9946E-05 0.00245824 0.0131978 0.0211558 0.200574 9.9946E-05 0.0139945 9.9946E-05 0.0966543 9.9946E-05 0.501532 9.9946E-05 0.149834
9.9883E-05 9.9883E-05 9.9883E-05 9.9883E-05 9.9883E-05 9.9883E-05 9.9883E-05 9.9883E-05 9.9883E-05 9.9883E-05 9.9883E-05 9.9883E-05 0.998702 9.9883E-05
9.98831E-05 0.998702 9.98831E-05 9.98831E-05 9.98831E-05 9.98831E-05 9.98831E-05 9.98831E-05 9.98831E-05 9.98831E-05 9.98831E-05 9.98831E-05 9.98831E-05 9.98831E-05
9.98831E-05 9.98831E-05 9.98831E-05 9.98831E-05 0.998702 9.98831E-05 9.98831E-05 9.98831E-05 9.98831E-05 9.98831E-05 9.98831E-05 9.98831E-05 9.98831E-05 9.98831E-05
9.9937E-05 0.00137079 9.9937E-05 0.0232869 0.834607 9.9937E-05 9.9937E-05 9.9937E-05 9.9937E-05 0.0116572 9.9937E-05 0.00886028 0.0521289 0.0673897
0.0254818 9.9937E-05 9.9937E-05 9.9937E-05 0.0177025 9.9937E-05 0.0148388 0.0247022 9.9937E-05 0.0653312 0.804882 9.9937E-05 9.9937E-05 0.0463623
0.0574635 0.0836449 0.0634383 9.9946E-05 0.566064 9.9946E-05 9.9946E-05 9.9946E-05 0.0154429 9.9946E-05 0.111061 9.9946E-05 0.0369962 0.0652899
0.00201105 0.0564631 9.9928E-05 0.0267795 0.0925814 9.9928E-05 9.9928E-05 9.9928E-05 0.458405 9.9928E-05 0.36296 9.9928E-05 9.9928E-05 9.9928E-05
9.99101E-05 0.0642799 9.99101E-05 9.99101E-05 0.293915 9.99101E-05 9.99101E-05 9.99101E-05 0.0440518 9.99101E-05 0.596754 9.99101E-05 9.99101E-05 9.99101E-05
0.0037826 9.9937E-05 0.0291875 9.9937E-05 9.9937E-05 0.133889 9.9937E-05 0.109058 0.087451 9.9937E-05 0.61381 9.9937E-05 9.9937E-05 0.0221232
0.00463132 0.0232762 0.0859451 0.000933287 0.585075 0.0312045 9.9946E-05 9.9946E-05 9.9946E-05 9.9946E-05 0.262613 9.9946E-05 9.9946E-05 0.00572133
9.98921E-05 9.98921E-05 9.98921E-05 9.98921E-05 9.98921E-05 9.98921E-05 9.98921E-05 9.98921E-05 9.98921E-05 9.98921E-05 0.957716 9.98921E-05 9.98921E-05 0.0410853
9.9946E-05 0.00748202 9.9946E-05 0.0214111 0.0927556 9.9946E-05 9.9946E-05 0.0930976 9.9946E-05 9.9946E-05 0.650881 0.00479329 0.0953594 0.0336202
9.991E-05 9.991E-05 0.0211792 9.991E-05 9.991E-05 9.991E-05 9.991E-05 0.00449907 0.896154 0.0771688 9.991E-05 9.991E-05 9.991E-05 9.991E-05
9.98831E-05 9.98831E-05 9.98831E-05 9.98831E-05 9.98831E-05 9.98831E-05 9.98831E-05 9.98831E-05 0.998702 9.98831E-05 9.98831E-05 9.98831E-05 9.98831E-05 9.98831E-05
9.98921E-05 9.98921E-05 9.98921E-05 9.98921E-05 9.98921E-05 9.98921E-05 0.0293182 9.98921E-05 9.98921E-05 9.98921E-05 0.969483 9.98921E-05 9.98921E-05 9.98921E-05
0.00564727 0.098209 9.9946E-05 9.9946E-05 0.137289 9.9946E-05 0.00766306 0.179064 9.9946E-05 9.9946E-05 0.475598 9.9946E-05 0.0567368 0.0391928
9.9928E-05 9.9928E-05 9.9928E-05 0.0195404 0.284139 9.9928E-05 0.145284 0.0992251 9.9928E-05 9.9928E-05 0.395457 0.0555554 9.9928E-05 9.9928E-05
9.99011E-05 9.99011E-05 9.99011E-05 9.99011E-05 0.671477 0.129683 0.197741 9.99011E-05 9.99011E-05 9.99011E-05 9.99011E-05 9.99011E-05 9.99011E-05 9.99011E-05
0.0208166 0.0205007 9.9946E-05 9.9946E-05 0.533811 0.0216038 9.9946E-05 0.239478 0.113069 0.019022 9.9946E-05 9.9946E-05 9.9946E-05 0.0310993
9.9919E-05 9.9919E-05 0.0546155 9.9919E-05 0.638109 9.9919E-05 0.0325693 0.240024 9.9919E-05 9.9919E-05 9.9919E-05 0.033783 9.9919E-05 9.9919E-05
9.98921E-05 9.98921E-05 9.98921E-05 9.98921E-05 0.877955 9.98921E-05 9.98921E-05 0.120846 9.98921E-05 9.98921E-05 9.98921E-05 9.98921E-05 9.98921E-05 9.98921E-05
9.9928E-05 9.9928E-05 0.147448 9.9928E-05 0.0307741 0.198816 0.162482 0.327559 9.9928E-05 9.9928E-05 9.9928E-05 9.9928E-05 9.9928E-05 0.132122
9.9928E-05 9.9928E-05 9.9928E-05 9.9928E-05 0.0354167 0.251866 0.309027 0.183088 9.9928E-05 9.9928E-05 9.9928E-05 0.107689 9.9928E-05 0.112114
9.991E-05 9.991E-05 0.725805 9.991E-05 0.155564 0.00588149 9.991E-05 0.111751 9.991E-05 9.991E-05 9.991E-05 9.991E-05 9.991E-05 9.991E-05
9.98921E-05 9.98921E-05 9.98921E-05 9.98921E-05 9.98921E-05 0.0794252 0.919376 9.98921E-05 9.98921E-05 9.98921E-05 9.98921E-05 9.98921E-05 9.98921E-05 9.98921E-05
9.9928E-05 0.066166 0.0619265 9.9928E-05 0.089733 9.9928E-05 0.752145 9.9928E-05 0.0167041 9.9928E-05 0.0125257 9.9928E-05 9.9928E-05 9.9928E-05
9.98831E-05 9.98831E-05 0.998702 9.98831E-05 9.98831E-05 9.98831E-05 9.98831E-05 9.98831E-05 9.98831E-05 9.98831E-05 9.98831E-05 9.98831E-05 9.98831E-05 9.98831E-05
9.9946E-05 9.9946E-05 0.494957 0.0333256 9.9946E-05 0.00526933 0.13932 9.9946E-05 0.0888565 0.21691 0.00892219 9.9946E-05 9.9946E-05 0.0118404
9.991E-05 9.991E-05 0.878481 0.0592304 9.991E-05 9.991E-05 9.991E-05 9.991E-05 0.0367799 9.991E-05 9.991E-05 9.991E-05 0.0245101 9.991E-05
0.0132422 0.0889119 0.8149 9.9928E-05 9.9928E-05 0.044932 0.0347273 9.9928E-05 9.9928E-05 9.9928E-05 0.00248691 9.9928E-05 9.9928E-05 9.9928E-05
0.0249302 0.0403629 0.464624 0.00421418 0.0345312 0.125396 0.0165132 0.164299 0.0652468 9.9964E-05 9.9964E-05 9.9964E-05 0.0594826 9.9964E-05
9.99101E-05 9.99101E-05 0.678858 9.99101E-05 9.99101E-05 9.99101E-05 0.268958 9.99101E-05 9.99101E-05 9.99101E-05 9.99101E-05 0.0341081 0.0170762 9.99101E-05
0.00335094 0.036707 0.121343 0.133595 0.101279 0.0554225 0.0922099 0.346212 9.9982E-05 0.017641 0.0793565 9.9982E-05 0.00595511 0.00672752
0.00574751 9.9901E-05 9.9901E-05 9.9901E-05 9.9901E-05 9.9901E-05 0.969274 9.9901E-05 9.9901E-05 9.9901E-05 9.9901E-05 9.9901E-05 9.9901E-05 0.0238792
0.0119538 0.0178441 9.9928E-05 9.9928E-05 9.9928E-05 0.00750245 0.8909 9.9928E-05 0.0346174 9.9928E-05 9.9928E-05 9.9928E-05 0.0363828 9.9928E-05
9.99281E-05 0.0291984 9.99281E-05 0.00726628 9.99281E-05 0.167291 0.548647 0.172346 9.99281E-05 9.99281E-05 9.99281E-05 9.99281E-05 0.0744513 9.99281E-05
0.00643783 9.9946E-05 0.0172429 0.00211979 0.144476 0.66936 9.9946E-05 0.116351 9.9946E-05 9.9946E-05 9.9946E-05 0.0154585 0.0279548 9.9946E-05
0.0648881 9.99281E-05 9.99281E-05 9.99281E-05 9.99281E-05 0.603438 0.127072 0.110279 9.99281E-05 9.99281E-05 0.0916562 9.99281E-05 0.00186803 9.99281E-05
9.99011E-05 9.99011E-05 9.99011E-05 9.99011E-05 9.99011E-05 0.88258 0.0259232 0.0903983 9.99011E-05 9.99011E-05 9.99011E-05 9.99011E-05 9.99011E-05 9.99011E-05
9.99201E-05 9.99201E-05 0.0767119 9.99201E-05 0.233276 0.539579 0.0581557 9.99201E-05 9.99201E-05 0.0504325 9.99201E-05 9.99201E-05 9.99201E-05 0.0410462
9.9937E-05 9.9937E-05 0.0255694 0.0190592 9.9937E-05 0.188731 0.541412 0.113736 9.9937E-05 0.0950106 9.9937E-05 9.9937E-05 9.9937E-05 0.0157822
9.99101E-05 9.99101E-05 9.99101E-05 9.99101E-05 9.99101E-05 0.901942 9.99101E-05 0.034085 0.0606665 9.99101E-05 9.99101E-05 9.99101E-05 0.00230756 9.99101E-05
9.991E-05 0.00462327 9.991E-05 0.0539395 9.991E-05 0.899015 9.991E-05 9.991E-05 9.991E-05 0.0414232 9.991E-05 9.991E-05 9.991E-05 9.991E-05
0.00927616 0.00707688 9.9937E-05 0.00623881 9.9937E-05 0.829332 9.9937E-05 0.110597 0.0172037 9.9937E-05 0.0195752 9.9937E-05 9.9937E-05 9.9937E-05
9.991E-05 9.991E-05 0.108315 9.991E-05 9.991E-05 0.720235 0.0260959 9.991E-05 0.144356 9.991E-05 9.991E-05 9.991E-05 9.991E-05 9.991E-05
9.99011E-05 9.99011E-05 0.132328 9.99011E-05 9.99011E-05 0.852698 0.013875 9.99011E-05 9.99011E-05 9.99011E-05 9.99011E-05 9.99011E-05 9.99011E-05 9.99011E-05
0.0724128 0.00729787 9.9919E-05 9.9919E-05 9.9919E-05 0.80147 9.9919E-05 9.9919E-05 9.9919E-05 9.9919E-05 9.9919E-05 9.9919E-05 0.0543392 0.0635807
0.0146873 9.9946E-05 0.0669527 9.9946E-05 0.0248418 0.0332747 0.0043858 0.809144 9.9946E-05 9.9946E-05 0.00330794 0.0428059 9.9946E-05 9.9946E-05
9.99201E-05 9.99201E-05 0.113546 9.99201E-05 0.167787 0.10377 9.99201E-05 0.554703 9.99201E-05 0.053218 0.00617578 9.99201E-05 9.99201E-05 9.99201E-05
9.9919E-05 9.9919E-05 9.9919E-05 9.9919E-05 0.0364477 0.258168 9.9919E-05 0.634048 9.9919E-05 0.00748968 9.9919E-05 0.0629476 9.9919E-05 9.9919E-05
9.994E-05 9.994E-05 0.08091 0.031796 0.0299483 9.994E-05 0.0957852 0.563094 0.0708402 0.0985111 9.994E-05 0.0285155 9.994E-05 9.994E-05
9.9919E-05 9.9919E-05 9.9919E-05 0.0262339 9.9919E-05 0.15619 9.9919E-05 0.743081 9.9919E-05 9.9919E-05 0.0709734 0.00262176 9.9919E-05 9.9919E-05
0.0623305 9.99191E-05 0.335861 9.99191E-05 9.99191E-05 0.0225408 9.99191E-05 0.289771 9.99191E-05 9.99191E-05 9.99191E-05 9.99191E-05 0.288598 9.99191E-05
9.99191E-05 9.99191E-05 9.99191E-05 0.0172805 9.99191E-05 9.99191E-05 0.0764495 0.77802 0.0537331 9.99191E-05 9.99191E-05 9.99191E-05 0.0736181 9.99191E-05
0.0108236 9.98922E-05 9.98922E-05 9.98922E-05 9.98922E-05 9.98922E-05 9.98922E-05 0.987978 9.98922E-05 9.98922E-05 9.98922E-05 9.98922E-05 9.98922E-05 9.98922E-05
0.0335367 0.00197412 0.142416 9.9928E-05 9.9928E-05 9.9928E-05 9.9928E-05 0.76563 0.0202016 9.9928E-05 9.9928E-05 9.9928E-05 0.0354424 9.9928E-05
9.98921E-05 9.98921E-05 9.98921E-05 9.98921E-05 0.0244275 9.98921E-05 9.98921E-05 0.974374 9.98921E-05 9.98921E-05 9.98921E-05 9.98921E-05 9.98921E-05 9.98921E-05
9.99011E-05 0.0167432 9.99011E-05 9.99011E-05 9.99011E-05 9.99011E-05 9.99011E-05 0.973396 9.99011E-05 9.99011E-05 9.99011E-05 9.99011E-05 0.00876218 9.99011E-05
0.00580554 9.99101E-05 9.99101E-05 9.99101E-05 9.99101E-05 9.99101E-05 9.99101E-05 0.94515 0.0421796 9.99101E-05 9.99101E-05 9.99101E-05 9.99101E-05 0.00586558
0.00552766 9.99011E-05 9.99011E-05 0.00608032 9.99011E-05 9.99011E-05 9.99011E-05 0.987293 9.99011E-05 9.99011E-05 9.99011E-05 9.99011E-05 9.99011E-05 9.99011E-05
9.98921E-05 9.98921E-05 9.98921E-05 9.98921E-05 9.98921E-05 0.000127077 9.98921E-05 0.998674 9.98921E-05 9.98921E-05 9.98921E-05 9.98921E-05 9.98921E-05 9.98921E-05
9.99101E-05 9.99101E-05 0.0404342 9.99101E-05 9.99101E-05 9.99101E-05 0.0997008 0.82752 9.99101E-05 9.99101E-05 0.031346 9.99101E-05 9.99101E-05 9.99101E-05
0.00427831 9.99281E-05 0.183707 9.99281E-05 9.99281E-05 9.99281E-05 0.037752 0.654635 9.99281E-05 0.00455069 9.99281E-05 0.114278 9.99281E-05 9.99281E-05
0.0071595 9.99011E-05 9.99011E-05 9.99011E-05 9.99011E-05 9.99011E-05 9.99011E-05 0.980027 9.99011E-05 0.0117146 9.99011E-05 9.99011E-05 9.99011E-05 9.99011E-05
0.0527922 9.9946E-05 0.0618463 0.0489206 9.9946E-05 0.0344699 0.104584 0.655444 0.00897519 9.9946E-05 0.0323677 9.9946E-05 9.9946E-05 9.9946E-05
0.515312 0.0130852 0.0377143 9.9964E-05 9.9964E-05 0.0256142 0.0155787 0.292974 0.0408827 0.00202631 0.0108775 9.9964E-05 0.0455351 9.9964E-05
0.998702 9.98831E-05 9.98831E-05 9.98831E-05 9.98831E-05 9.98831E-05 9.98831E-05 9.98831E-05 9.98831E-05 9.98831E-05 9.98831E-05 9.98831E-05 9.98831E-05 9.98831E-05
0.0526009 0.0248319 0.0287447 0.0412531 0.0505376 0.0708105 0.147928 0.561725 9.9964E-05 9.9964E-05 9.9964E-05 9.9964E-05 0.0193768 0.0017919
