9.996E-05 9.996E-05 9.996E-05 9.996E-05 9.996E-05 0.9995
0.00611248 0.0257017 0.113868 0.110567 0.0476145 0.696136
9.9982E-05 9.9982E-05 0.122254 0.149196 0.028044 0.700306
0.0535701 0.0701452 0.0525455 0.0186658 0.0506097 0.754464
0.100515 0.233504 0.0311671 9.9991E-05 0.121193 0.513521
0.0261685 0.12768 0.0536463 0.0976078 0.0527848 0.642113
0.0188367 0.0274818 9.9991E-05 0.0567292 0.0522563 0.844596
0.13084 0.035769 0.0300802 0.0959003 9.9991E-05 0.70731
0.0282287 0.066802 0.0721936 0.108212 0.09962 0.624944
9.996E-05 9.996E-05 9.996E-05 9.996E-05 9.996E-05 0.9995
9.996E-05 9.996E-05 9.996E-05 9.996E-05 9.996E-05 0.9995
9.996E-05 9.996E-05 9.996E-05 9.996E-05 9.996E-05 0.9995
9.996E-05 9.996E-05 9.996E-05 9.996E-05 9.996E-05 0.9995
9.996E-05 9.996E-05 9.996E-05 9.996E-05 9.996E-05 0.9995
9.996E-05 9.996E-05 9.996E-05 9.996E-05 9.996E-05 0.9995
0.153246 0.063692 0.0269564 0.0765761 0.0826065 0.596923
0.12511 0.0695228 0.0518247 0.130539 0.0972009 0.525803
0.0905717 0.111884 0.057867 0.0217798 0.0623986 0.655499
0.0552699 0.271891 0.0442889 0.0350753 0.134811 0.458664
0.122347 0.290045 9.9991E-05 0.0381961 0.0900588 0.459253
0.0409372 0.163716 0.0537232 0.0300258 0.141195 0.570403
0.0940784 0.254554 0.0154631 0.112639 0.111974 0.411292
0.0400619 0.290706 0.00336966 0.0991994 0.141373 0.42529
0.104408 0.250745 0.00279361 0.0672329 0.000166549 0.574653
0.131267 0.179302 0.00976915 9.9991E-05 0.136577 0.542984
0.175709 0.200952 9.9991E-05 0.077647 0.181711 0.363881
0.03936 0.220023 9.9991E-05 0.161075 0.226644 0.352798
0.137258 0.212121 9.9991E-05 0.097333 0.0119296 0.541259
0.17382 0.180366 9.9991E-05 0.080106 0.113148 0.452461
0.110005 0.115692 0.0267621 0.0226245 0.120885 0.604032
0.0838272 0.251223 0.0241972 9.9991E-05 0.113178 0.527474
0.138797 0.18798 0.0365456 0.073007 0.166555 0.397115
0.157477 0.197563 0.0449493 0.10217 0.108133 0.389708
0.21589 0.095767 0.0127438 0.15782 0.0941459 0.423634
0.0738784 0.32828 9.9991E-05 0.103058 0.0812612 0.413423
0.0911254 0.140216 0.0155046 0.032868 0.125704 0.594582
0.137161 0.251154 9.9991E-05 0.0646249 0.173497 0.373463
0.114772 0.257927 0.0288095 0.0697596 0.189751 0.338982
0.078976 0.121398 0.084779 0.127217 0.259571 0.32806
0.183817 0.204435 0.0468557 0.0284605 0.190444 0.345987
0.361099 0.00900844 0.112313 0.147333 0.171089 0.199158
0.32803 0.0749643 0.032462 0.175223 0.205259 0.184061
0.341598 0.0793594 0.0709288 0.160132 0.00338387 0.344598
0.324272 0.0503536 0.0633603 0.138508 0.19771 0.225796
0.228134 0.11804 9.9991E-05 0.212272 0.257996 0.183458
0.223985 0.065848 9.9991E-05 0.164541 0.284911 0.260615
0.243173 0.0376056 9.9991E-05 0.166228 0.309251 0.243643
0.246878 0.175911 9.9991E-05 0.159042 0.145104 0.272965
0.316753 0.0825856 9.9991E-05 0.114733 0.229994 0.255834
0.220271 0.0961324 0.0798559 0.0932047 0.116225 0.39431
0.190683 0.0637301 0.0744822 0.14039 0.244001 0.286713
0.259203 0.161145 9.9991E-05 0.161846 0.166358 0.251348
0.24536 0.0881256 9.9991E-05 0.143432 0.251825 0.271157
0.213889 0.264031 0.0213467 0.0880357 0.193666 0.219032
0.230168 0.19549 0.111192 0.0715638 0.150468 0.24112
0.370016 0.0686721 0.0568607 0.17266 0.100064 0.231727
0.199042 0.0862794 0.0718278 0.165938 0.191592 0.285321
0.223893 0.128149 0.0695624 0.0737587 0.235449 0.269187
0.205401 0.0931516 9.9991E-05 0.15694 0.240251 0.304157
0.236769 0.0644239 0.0582051 0.0997603 0.246273 0.294568
0.27132 0.140905 9.9991E-05 0.0967391 0.282744 0.208192
0.427657 0.018627 0.0796438 0.092341 0.144387 0.237344
0.234264 0.123784 0.0820731 0.157964 0.199169 0.202746
0.31042 0.266439 0.0236204 0.152383 0.106935 0.140202
0.359022 0.0711348 0.0259547 0.0510046 0.203587 0.289297
0.29945 0.262031 0.0162917 0.162228 0.0977212 0.162278
0.312093 0.095104 0.119667 0.112932 0.188774 0.171429
0.342488 0.319623 0.0517673 0.110059 0.020935 0.155128
0.211675 0.121109 0.0401771 0.118126 0.218673 0.290239
0.371226 0.275944 0.00969531 0.161962 0.0623778 0.118794
0.302861 0.0428715 0.114147 0.146373 0.0923054 0.301442
0.299472 0.11459 0.117339 0.107258 0.220658 0.140682
0.222874 0.130317 0.0451178 0.114276 0.200876 0.286539
0.242856 0.0857597 0.020734 0.155158 0.250541 0.244951
0.326091 0.182315 0.0497561 0.0793392 0.179002 0.183497
0.303581 0.116863 0.0511431 0.0484178 0.314906 0.16509
0.276363 0.151821 0.0788562 0.171966 0.16976 0.151235
0.280217 0.274533 0.134509 0.0901322 0.0509384 0.169671
0.250822 0.209272 0.169776 0.130311 0.176473 0.0633453
0.281291 0.240125 0.166305 0.097917 0.188612 0.02575
0.275524 0.210622 0.120831 0.11306 0.193835 0.0861278
0.261622 0.212474 0.188321 0.11703 0.176825 0.0437291
0.316738 0.203545 0.138064 0.121243 0.178404 0.0420059
0.306241 0.137084 0.132135 0.0462346 0.221593 0.156713
0.207138 0.12279 0.256323 0.0893594 0.206337 0.118052
0.241185 0.0945445 0.194384 0.199227 0.137899 0.13276
0.243571 0.113352 0.120476 0.149601 0.182024 0.190975
0.354725 0.0536447 0.172681 0.0539949 0.216926 0.148028
0.275607 0.168652 0.195904 0.060691 0.182802 0.116344
0.28979 0.0754509 0.136897 0.142971 0.246418 0.108473
0.186229 0.282107 0.157963 0.126538 0.068263 0.1789
0.308963 0.283514 0.114845 0.12418 0.0206433 0.147855
0.185515 0.0432777 0.238601 0.146391 0.281415 0.104801
9.996E-05 9.996E-05 0.9995 9.996E-05 9.996E-05 9.996E-05
9.9973E-05 9.9973E-05 0.959539 0.0190403 9.9973E-05 0.0211204
9.9982E-05 0.0756774 0.875598 0.00901675 9.9982E-05 0.0395075
9.996E-05 9.996E-05 0.9995 9.996E-05 9.996E-05 9.996E-05
9.996E-05 9.996E-05 0.9995 9.996E-05 9.996E-05 9.996E-05
9.996E-05 9.996E-05 0.9995 9.996E-05 9.996E-05 9.996E-05
9.996E-05 9.996E-05 0.9995 9.996E-05 9.996E-05 9.996E-05
9.9973E-05 0.0108737 0.944435 9.9973E-05 9.9973E-05 0.0443913
9.9964E-05 9.9964E-05 0.998037 9.9964E-05 0.00156334 9.9964E-05
9.996E-05 9.996E-05 0.9995 9.996E-05 9.996E-05 9.996E-05
0.389671 0.156474 0.10819 0.138784 0.180453 0.0264275
9.9973E-05 0.0391674 0.94599 9.9973E-05 0.0145427 9.9973E-05
9.996E-05 9.996E-05 0.9995 9.996E-05 9.996E-05 9.996E-05
9.996E-05 9.996E-05 0.9995 9.996E-05 9.996E-05 9.996E-05
0.355942 0.166689 0.170633 0.0651278 0.216368 0.0252401
0.346059 0.167201 0.154829 0.113758 0.176151 0.0420032
0.320699 0.218654 0.138572 0.0889452 0.167245 0.0658848
0.346202 0.15291 0.197891 0.119945 0.172166 0.010886
0.386821 0.188349 0.153369 0.119452 0.151908 9.9991E-05
0.277851 0.290834 0.168727 0.0498342 0.117657 0.0950975
0.303781 0.270708 0.178827 0.0691631 0.108287 0.0692339
0.368901 0.288864 0.145855 0.021099 0.170204 0.00507791
0.236332 0.229208 0.253888 0.115262 0.148211 0.0171007
0.281205 0.205736 0.23785 0.0847044 0.139662 0.0508422
0.276923 0.218003 0.156362 0.0907921 0.190861 0.0670591
0.206649 0.262931 0.20513 0.0742805 0.174806 0.0762035
0.352478 0.191705 0.107376 0.101244 0.168791 0.0784068
0.329508 0.151828 0.197613 0.0848677 0.186292 0.049891
0.99848 0.00112001 9.9964E-05 9.9964E-05 9.9964E-05 9.9964E-05
0.913229 0.0475546 0.00413188 9.9982E-05 0.0348843 9.9982E-05
0.9995 9.996E-05 9.996E-05 9.996E-05 9.996E-05 9.996E-05
0.9995 9.996E-05 9.996E-05 9.996E-05 9.996E-05 9.996E-05
0.9995 9.996E-05 9.996E-05 9.996E-05 9.996E-05 9.996E-05
0.9995 9.996E-05 9.996E-05 9.996E-05 9.996E-05 9.996E-05
0.9995 9.996E-05 9.996E-05 9.996E-05 9.996E-05 9.996E-05
0.885018 0.0875188 9.9973E-05 9.9973E-05 9.9973E-05 0.0271628
0.9995 9.996E-05 9.996E-05 9.996E-05 9.996E-05 9.996E-05
0.9995 9.996E-05 9.996E-05 9.996E-05 9.996E-05 9.996E-05
0.912945 0.0274162 0.0593388 9.9973E-05 9.9973E-05 9.9973E-05
0.9995 9.996E-05 9.996E-05 9.996E-05 9.996E-05 9.996E-05
0.909336 0.0495308 9.9973E-05 0.0408328 9.9973E-05 9.9973E-05
9.996E-05 9.996E-05 9.996E-05 0.9995 9.996E-05 9.996E-05
0.325974 0.196865 0.21506 0.149553 0.075299 0.0372489
9.996E-05 9.996E-05 9.996E-05 0.9995 9.996E-05 9.996E-05
9.996E-05 9.996E-05 9.996E-05 0.9995 9.996E-05 9.996E-05
9.9973E-05 0.0484829 0.00519132 0.946026 9.9973E-05 9.9973E-05
0.0690051 9.9991E-05 0.0386367 0.854599 0.0174041 0.0202549
9.996E-05 9.996E-05 9.996E-05 0.9995 9.996E-05 9.996E-05
0.0382508 0.0588163 9.9973E-05 0.902633 9.9973E-05 9.9973E-05
9.996E-05 9.996E-05 9.996E-05 0.9995 9.996E-05 9.996E-05
0.0341407 9.9973E-05 0.0137544 0.951805 9.9973E-05 9.9973E-05
9.996E-05 9.996E-05 9.996E-05 0.9995 9.996E-05 9.996E-05
0.0183872 0.0279164 0.00279825 0.93188 0.0189183 9.9991E-05
9.996E-05 9.996E-05 9.996E-05 0.9995 9.996E-05 9.996E-05
0.099317 9.9991E-05 0.0600102 0.780515 0.0551764 0.00488165
9.9964E-05 0.0398199 9.9964E-05 0.95978 9.9964E-05 9.9964E-05
0.0191658 0.0524848 9.9982E-05 0.913378 9.9982E-05 0.0147712
9.9982E-05 0.0399163 0.00506017 0.908402 0.0464219 9.9982E-05
9.9982E-05 0.0283033 9.9982E-05 0.856899 0.112063 0.00253538
9.9973E-05 0.0234076 9.9973E-05 0.967492 9.9973E-05 0.00880099
0.163496 0.207063 0.0946535 0.0810313 0.401991 0.0517651
0.156364 0.229906 0.0980067 0.0747814 0.382492 0.0584496
0.0820305 0.269375 0.111045 0.092487 0.375796 0.0692664
0.0957105 0.200422 0.121854 0.103809 0.3989 0.0793043
9.996E-05 0.9995 9.996E-05 9.996E-05 9.996E-05 9.996E-05
9.996E-05 0.9995 9.996E-05 9.996E-05 9.996E-05 9.996E-05
9.996E-05 0.9995 9.996E-05 9.996E-05 9.996E-05 9.996E-05
9.996E-05 0.9995 9.996E-05 9.996E-05 9.996E-05 9.996E-05
9.996E-05 0.9995 9.996E-05 9.996E-05 9.996E-05 9.996E-05
9.996E-05 0.9995 9.996E-05 9.996E-05 9.996E-05 9.996E-05
9.996E-05 0.9995 9.996E-05 9.996E-05 9.996E-05 9.996E-05
9.9982E-05 0.873434 9.9982E-05 0.0285559 0.0637703 0.0340399
9.9973E-05 0.975356 9.9973E-05 0.0202124 9.9973E-05 0.00413194
9.9964E-05 9.9964E-05 0.00202766 9.9964E-05 0.997572 9.9964E-05
9.996E-05 9.996E-05 9.996E-05 9.996E-05 0.9995 9.996E-05
9.996E-05 9.996E-05 9.996E-05 9.996E-05 0.9995 9.996E-05
9.996E-05 9.996E-05 9.996E-05 9.996E-05 0.9995 9.996E-05
9.996E-05 9.996E-05 9.996E-05 9.996E-05 0.9995 9.996E-05
9.9982E-05 0.00881948 0.00801748 0.0301965 0.952767 9.9982E-05
9.996E-05 9.996E-05 9.996E-05 9.996E-05 0.9995 9.996E-05
9.996E-05 9.996E-05 9.996E-05 9.996E-05 0.9995 9.996E-05
9.996E-05 9.996E-05 9.996E-05 9.996E-05 0.9995 9.996E-05
0.0544647 9.9964E-05 9.9964E-05 9.9964E-05 0.945135 9.9964E-05
9.996E-05 9.996E-05 9.996E-05 9.996E-05 0.9995 9.996E-05
9.996E-05 9.996E-05 9.996E-05 9.996E-05 0.9995 9.996E-05
