9.996E-05 9.996E-05 9.996E-05 9.996E-05 0.9995 9.996E-05
0.49145 9.9982E-05 0.0761213 0.0406297 0.391599 9.9982E-05
0.405306 9.9982E-05 0.0566688 0.120496 0.417329 9.9982E-05
0.680829 9.99641E-05 9.99641E-05 9.99641E-05 0.318771 9.99641E-05
0.701698 0.0286743 9.9982E-05 9.9982E-05 0.198811 0.0706173
0.724052 9.9982E-05 9.9982E-05 0.0363696 0.230807 0.008572
0.595271 9.9964E-05 9.9964E-05 9.9964E-05 0.404329 9.9964E-05
0.567097 9.9982E-05 0.00725868 0.0712812 0.354163 9.9982E-05
0.677885 9.9982E-05 0.0127054 0.0280182 0.281191 9.9982E-05
9.996E-05 9.996E-05 9.996E-05 9.996E-05 0.9995 9.996E-05
9.996E-05 9.996E-05 9.996E-05 9.996E-05 0.9995 9.996E-05
9.996E-05 9.996E-05 9.996E-05 9.996E-05 0.9995 9.996E-05
9.996E-05 9.996E-05 9.996E-05 9.996E-05 0.9995 9.996E-05
9.9964E-05 9.9964E-05 9.9964E-05 9.9964E-05 0.922413 0.077187
9.9982E-05 0.00847209 9.9982E-05 0.00492645 0.957074 0.0293278
0.720393 0.0258399 0.0135756 9.9982E-05 0.239991 9.9982E-05
0.516788 0.0410481 0.0365466 0.0332019 0.249455 0.122961
0.707614 9.9964E-05 9.9964E-05 9.9964E-05 0.291986 9.9964E-05
0.904553 9.9973E-05 9.9973E-05 9.9973E-05 0.0482844 0.0468628
0.972604 9.99641E-05 9.99641E-05 9.99641E-05 9.99641E-05 0.0269957
0.849297 9.9964E-05 9.9964E-05 9.9964E-05 0.150303 9.9964E-05
0.85919 9.9982E-05 0.00973388 9.9982E-05 0.0607762 0.0700996
0.857168 9.9973E-05 9.9973E-05 9.9973E-05 0.0724469 0.0700851
0.869843 9.9964E-05 9.9964E-05 9.9964E-05 0.129757 9.9964E-05
0.926638 9.99641E-05 9.99641E-05 9.99641E-05 0.0729621 9.99641E-05
0.86218 0.0737803 9.9982E-05 9.9982E-05 0.0433762 0.0204631
0.841308 0.0213808 9.9991E-05 0.0369891 0.0799197 0.0203024
0.918831 9.99641E-05 9.99641E-05 9.99641E-05 0.0807692 9.99641E-05
0.838412 0.0144988 9.9982E-05 9.9982E-05 0.117565 0.0293245
0.854594 9.9964E-05 9.9964E-05 9.9964E-05 0.145007 9.9964E-05
0.841395 9.9973E-05 9.9973E-05 9.9973E-05 0.133527 0.0247783
0.932002 0.0307109 9.9973E-05 9.9973E-05 0.0369873 9.9973E-05
0.854052 9.9991E-05 0.0243867 0.0186674 0.0624809 0.0403131
0.778859 0.0903829 9.9982E-05 0.0394351 0.0911226 9.9982E-05
0.751672 9.9982E-05 9.9982E-05 0.0123043 0.0708042 0.165019
0.82797 9.9964E-05 9.9964E-05 9.9964E-05 0.17163 9.9964E-05
0.974796 9.9964E-05 9.9964E-05 9.9964E-05 9.9964E-05 0.0248039
0.823239 0.0321854 0.00874329 0.0236919 0.0372121 0.0749282
0.795115 0.0241038 0.0574368 0.05862 0.0490582 0.0156659
0.858503 0.0622101 0.0170351 9.9991E-05 0.0236306 0.038521
0.720035 0.129737 0.0908856 0.0591426 9.9982E-05 9.9982E-05
0.689428 0.247047 0.00678224 0.0565426 9.9982E-05 9.9982E-05
0.769988 0.00875439 0.0637692 0.108482 0.0489059 9.9991E-05
0.810245 0.11244 0.0426453 0.0344706 9.9982E-05 9.9982E-05
0.79833 0.125689 9.9973E-05 0.0756805 9.9973E-05 9.9973E-05
0.963836 9.9964E-05 9.9964E-05 0.035764 9.9964E-05 9.9964E-05
0.97871 0.00920955 9.9973E-05 0.01178 9.9973E-05 9.9973E-05
0.889406 0.0539149 9.9991E-05 0.0216665 9.9991E-05 0.0348123
0.740768 0.166473 9.9991E-05 0.0384489 0.0436103 0.0105998
0.733751 0.0821338 0.0553528 9.9991E-05 0.126493 0.00216994
0.847325 0.0437954 0.0368023 0.0520205 0.0199565 9.9991E-05
0.805658 0.0242978 9.9982E-05 0.0670111 9.9982E-05 0.102833
0.880952 0.0832845 9.9973E-05 0.0354635 9.9973E-05 9.9973E-05
0.725217 0.146512 0.00720556 9.9991E-05 0.0360422 0.084924
0.677216 0.134564 0.0632177 0.0102846 0.0442765 0.0704418
0.760698 0.104958 0.0131308 0.121013 9.9982E-05 9.9982E-05
0.662318 0.162597 0.0123252 0.0793703 0.0831215 0.000267871
0.804611 0.148098 0.0248476 0.00299779 9.9991E-05 0.019345
0.953641 9.9964E-05 9.9964E-05 0.045959 9.9964E-05 9.9964E-05
0.735252 0.15319 0.0144517 0.0173423 0.0796646 9.9991E-05
0.796545 0.181136 0.00954382 9.9982E-05 9.9982E-05 0.0125754
0.72262 0.16297 0.022455 9.9982E-05 9.9982E-05 0.0917549
0.721369 0.0879728 0.0650653 0.0728473 9.9991E-05 0.0526453
0.656053 0.111311 0.0567036 0.0846883 9.9991E-05 0.0911439
0.877852 0.104917 0.0169315 9.9973E-05 9.9973E-05 9.9973E-05
0.715999 0.0581356 0.0168216 0.114793 9.9991E-05 0.094151
0.724332 0.175039 0.0871226 0.0133068 9.9982E-05 9.9982E-05
0.605585 0.145013 0.0471397 0.0559653 9.9991E-05 0.146196
0.835983 0.0878437 0.0283728 0.026558 9.9991E-05 0.0211423
0.710811 0.0743245 9.9982E-05 0.109839 9.9982E-05 0.104825
0.794373 0.0471547 0.0690055 0.0661361 0.0232304 9.9991E-05
0.667874 0.184865 0.0400682 0.059272 9.9991E-05 0.0478199
0.819544 0.0487031 0.015658 0.0391374 0.041201 0.0357568
0.829164 0.109039 9.9982E-05 0.0553703 0.0062272 9.9982E-05
0.664791 0.18617 0.0301256 0.0623956 0.0246795 0.0318376
0.764966 0.171215 0.00635812 9.9982E-05 9.9982E-05 0.057261
0.7868 0.0435217 0.0741127 0.0953659 9.9982E-05 9.9982E-05
0.558818 0.0754144 0.131833 0.0351769 0.0228039 0.175954
0.408201 0.238262 0.154629 0.108927 9.9991E-05 0.0898814
0.426061 0.285968 0.172507 0.0278617 9.9991E-05 0.0875015
0.452589 0.248667 0.117133 0.0882131 9.9991E-05 0.0932971
0.441187 0.246319 0.140134 0.0605806 9.9991E-05 0.11168
0.491706 0.243672 0.108607 0.0618364 9.9991E-05 0.0940788
0.551009 0.279033 0.152663 0.0124087 0.00478573 9.9991E-05
0.46753 0.139336 0.23448 0.0757735 0.0282832 0.0545975
0.458189 0.165869 0.19246 0.134239 9.9991E-05 0.049143
0.565799 0.210694 0.0859146 0.102631 0.0251225 0.00983907
0.570102 0.238511 0.191088 9.9973E-05 9.9973E-05 9.9973E-05
0.483047 0.225209 0.122874 0.0395588 0.00192684 0.127385
0.408242 0.323179 0.121428 0.105844 9.9991E-05 0.0412076
0.513728 0.0531261 0.116695 0.0754689 0.00519635 0.235785
0.520482 0.0966664 0.101335 0.0804898 9.9991E-05 0.200927
0.348507 0.304714 0.23411 0.104691 9.9991E-05 0.00787815
9.996E-05 9.996E-05 0.9995 9.996E-05 9.996E-05 9.996E-05
0.00586835 0.0107002 0.95563 0.0120165 0.0156854 9.9991E-05
0.0526415 9.9982E-05 0.8872 9.9982E-05 0.0124386 0.0475198
9.9964E-05 9.9964E-05 0.992721 0.00687961 9.9964E-05 9.9964E-05
9.9964E-05 9.9964E-05 0.999105 9.9964E-05 0.000495381 9.9964E-05
9.996E-05 9.996E-05 0.9995 9.996E-05 9.996E-05 9.996E-05
9.9973E-05 9.9973E-05 0.985381 0.00431901 9.9973E-05 0.00999972
0.079684 0.0091783 0.877717 0.0332206 9.9982E-05 9.9982E-05
9.996E-05 9.996E-05 0.9995 9.996E-05 9.996E-05 9.996E-05
9.996E-05 9.996E-05 0.9995 9.996E-05 9.996E-05 9.996E-05
0.246007 0.440004 0.132057 0.0795929 9.9991E-05 0.102239
0.0307788 0.0280778 0.903306 9.9982E-05 9.9982E-05 0.0376378
9.996E-05 9.996E-05 0.9995 9.996E-05 9.996E-05 9.996E-05
9.9964E-05 9.9964E-05 0.981039 9.9964E-05 9.9964E-05 0.0185609
0.25133 0.500267 0.122839 0.0443652 9.9991E-05 0.081098
0.337382 0.36251 0.177583 0.0618272 9.9991E-05 0.0605981
0.265399 0.389467 0.126441 0.0823979 9.9991E-05 0.136195
0.258287 0.394702 0.186379 0.0561293 9.9991E-05 0.104402
0.338002 0.332941 0.132627 0.0879859 9.9991E-05 0.108344
0.423732 0.271912 0.112924 0.0245172 9.9991E-05 0.166815
0.396628 0.228772 0.16094 0.0502778 9.9991E-05 0.163282
0.329016 0.344886 0.135694 0.00783942 9.9991E-05 0.182464
0.268601 0.275571 0.220758 0.088933 9.9991E-05 0.146037
0.284914 0.302896 0.197024 0.0795 9.9991E-05 0.135567
0.378055 0.299754 0.133393 0.0701264 9.9991E-05 0.118572
0.299487 0.231144 0.18068 0.0705656 9.9991E-05 0.218023
0.304823 0.391634 0.0399223 0.0765235 0.0112804 0.175817
0.354324 0.334847 0.138785 0.0755527 9.9991E-05 0.0963911
9.9982E-05 0.899863 0.0617986 0.0357024 9.9982E-05 0.00243594
9.9982E-05 0.876485 0.0581248 0.0345982 9.9982E-05 0.0305915
9.9964E-05 0.985053 0.0145472 9.9964E-05 9.9964E-05 9.9964E-05
9.9973E-05 0.977193 0.0114484 0.0110589 9.9973E-05 9.9973E-05
9.9973E-05 0.954783 0.0432643 0.00165291 9.9973E-05 9.9973E-05
9.9964E-05 0.96313 0.0364699 9.9964E-05 9.9964E-05 9.9964E-05
9.9973E-05 0.958566 0.0354857 0.00564869 9.9973E-05 9.9973E-05
0.0482871 0.75429 0.0477018 0.0273967 0.0131994 0.109125
9.9964E-05 0.969813 9.9964E-05 0.029787 9.9964E-05 9.9964E-05
9.9973E-05 0.971065 0.00660603 0.0220295 9.9973E-05 9.9973E-05
9.9982E-05 0.860814 0.0487892 0.0218773 9.9982E-05 0.0683194
9.9964E-05 0.963332 0.0362685 9.9964E-05 9.9964E-05 9.9964E-05
0.0395646 0.831908 0.0273917 0.0943775 9.9991E-05 0.00665813
9.996E-05 9.996E-05 9.996E-05 0.9995 9.996E-05 9.996E-05
0.271726 0.302794 0.218877 0.101416 9.9991E-05 0.105087
9.996E-05 9.996E-05 9.996E-05 0.9995 9.996E-05 9.996E-05
9.996E-05 9.996E-05 9.996E-05 0.9995 9.996E-05 9.996E-05
9.9964E-05 9.9964E-05 9.9964E-05 0.969102 9.9964E-05 0.0304984
0.169114 0.060947 0.0382098 0.731529 9.9982E-05 9.9982E-05
9.996E-05 9.996E-05 9.996E-05 0.9995 9.996E-05 9.996E-05
0.00294657 0.0218223 9.9982E-05 0.899895 9.9982E-05 0.0751362
9.9964E-05 9.9964E-05 9.9964E-05 0.985682 9.9964E-05 0.0139184
0.0464884 0.0137206 0.00784629 0.931745 9.9982E-05 9.9982E-05
9.9964E-05 9.9964E-05 9.9964E-05 0.996095 0.00350499 9.9964E-05
0.00800419 9.9964E-05 9.9964E-05 0.991596 9.9964E-05 9.9964E-05
9.9973E-05 0.0199627 9.9973E-05 0.978111 0.00162617 9.9973E-05
0.0128522 0.0950824 0.0374968 0.81692 9.9991E-05 0.0375488
9.9973E-05 9.9973E-05 9.9973E-05 0.958458 0.00891588 0.0323265
0.0124261 0.0252413 9.9991E-05 0.905163 0.0216443 0.0354258
9.9982E-05 0.111043 9.9982E-05 0.879259 0.00118856 0.00831013
0.0129586 9.9982E-05 9.9982E-05 0.914581 0.0440773 0.0281829
9.9964E-05 0.0125027 9.9964E-05 0.987097 9.9964E-05 9.9964E-05
0.261135 0.44955 0.0806198 0.0368264 0.0244647 0.147404
0.264112 0.488967 0.0752174 0.0196999 0.040994 0.11101
0.206309 0.45948 0.0788382 0.0672137 0.0580154 0.130144
0.238036 0.43344 0.0772987 0.0645653 0.0521209 0.134539
0.0137598 0.0205903 9.9991E-05 0.00549485 0.0171462 0.942909
9.996E-05 9.996E-05 9.996E-05 9.996E-05 9.996E-05 0.9995
9.996E-05 9.996E-05 9.996E-05 9.996E-05 9.996E-05 0.9995
9.996E-05 9.996E-05 9.996E-05 9.996E-05 9.996E-05 0.9995
9.996E-05 9.996E-05 9.996E-05 9.996E-05 9.996E-05 0.9995
9.9973E-05 0.00104579 0.00979407 9.9973E-05 9.9973E-05 0.98886
9.9973E-05 9.9973E-05 0.00629303 9.9973E-05 0.00441838 0.988989
0.0748948 0.0630214 9.9991E-05 0.0537385 0.0355807 0.772665
0.127499 9.9982E-05 0.00465296 0.0240029 9.9982E-05 0.843645
9.9973E-05 0.910527 9.9973E-05 9.9973E-05 0.0549006 0.0342728
9.9973E-05 0.927682 9.9973E-05 9.9973E-05 0.0516976 0.0203209
9.9973E-05 0.944335 9.9973E-05 9.9973E-05 0.0509792 0.00438551
9.9964E-05 0.952531 9.9964E-05 9.9964E-05 0.0470693 9.9964E-05
9.9973E-05 0.959782 9.9973E-05 9.9973E-05 0.0338165 0.00610204
0.0154005 0.839985 9.9991E-05 0.0133979 0.0409649 0.0901517
9.9964E-05 0.949854 9.9964E-05 9.9964E-05 0.049746 9.9964E-05
9.9964E-05 0.976022 9.9964E-05 9.9964E-05 0.0235786 9.9964E-05
9.9973E-05 0.916636 9.9973E-05 9.9973E-05 0.0532428 0.029821
9.9973E-05 0.943517 9.9973E-05 9.9973E-05 0.0476131 0.00857005
9.9973E-05 0.92683 9.9973E-05 9.9973E-05 0.0508059 0.0220641
9.9973E-05 0.935855 9.9973E-05 9.9973E-05 0.0350257 0.0288194
