9.996E-05 9.996E-05 9.996E-05 0.9995 9.996E-05 9.996E-05
9.9982E-05 9.9982E-05 0.0875253 0.41054 0.0595622 0.442172
9.9982E-05 9.9982E-05 0.130723 0.442451 0.058885 0.367741
9.9964E-05 9.9964E-05 9.9964E-05 0.324117 9.9964E-05 0.675483
0.0120092 9.9973E-05 9.9973E-05 0.18543 9.9973E-05 0.802261
9.9964E-05 9.9964E-05 9.9964E-05 0.260408 9.9964E-05 0.739192
9.9964E-05 9.9964E-05 9.9964E-05 0.397861 9.9964E-05 0.60174
9.9982E-05 9.9982E-05 0.090059 0.379328 0.000971471 0.529442
9.9973E-05 9.9973E-05 0.0412404 0.297957 9.9973E-05 0.660503
9.996E-05 9.996E-05 9.996E-05 0.9995 9.996E-05 9.996E-05
9.996E-05 9.996E-05 9.996E-05 0.9995 9.996E-05 9.996E-05
9.996E-05 9.996E-05 9.996E-05 0.9995 9.996E-05 9.996E-05
9.9964E-05 9.9964E-05 9.9964E-05 0.998647 0.000953113 9.9964E-05
0.0162194 9.9973E-05 9.9973E-05 0.947281 9.9973E-05 0.0361998
9.9982E-05 0.000919796 0.00908516 0.957305 0.0324902 9.9982E-05
0.0324331 0.000900868 9.9982E-05 0.254343 9.9982E-05 0.712123
0.0640579 9.9991E-05 0.110664 0.300786 0.102736 0.421656
9.9964E-05 9.9964E-05 9.9964E-05 0.317274 9.9964E-05 0.682326
9.99641E-05 9.99641E-05 9.99641E-05 0.0385863 9.99641E-05 0.961014
9.996E-05 9.996E-05 9.996E-05 9.996E-05 9.996E-05 0.9995
0.03647 9.9973E-05 9.9973E-05 0.171049 9.9973E-05 0.792181
9.9973E-05 9.9973E-05 0.0315819 0.071183 9.9973E-05 0.896935
9.9973E-05 9.9973E-05 0.0500038 0.0538041 9.9973E-05 0.895892
9.9964E-05 9.9964E-05 9.9964E-05 0.104314 9.9964E-05 0.895286
9.99641E-05 9.99641E-05 9.99641E-05 0.0646907 9.99641E-05 0.934909
0.0322979 0.0213719 9.9982E-05 0.0290411 9.9982E-05 0.917089
0.0574064 9.9982E-05 0.0394831 0.0624539 9.9982E-05 0.840457
9.9964E-05 9.9964E-05 9.9964E-05 0.0881886 9.9964E-05 0.911412
9.9973E-05 9.9973E-05 0.0103337 0.124896 9.9973E-05 0.864471
9.9964E-05 9.9964E-05 9.9964E-05 0.179887 9.9964E-05 0.819713
0.00497581 9.9973E-05 9.9973E-05 0.135206 9.9973E-05 0.859518
0.00220837 9.9991E-05 0.0112833 0.0615981 0.00615645 0.918654
9.9973E-05 9.9973E-05 0.0166167 0.0871233 9.9973E-05 0.89596
9.9982E-05 0.0469244 0.0713882 0.102931 9.9982E-05 0.778557
9.9973E-05 9.9973E-05 0.0200568 0.0762898 9.9973E-05 0.903353
9.9964E-05 9.9964E-05 9.9964E-05 0.174761 9.9964E-05 0.824839
0.00244456 9.9964E-05 9.9964E-05 9.9964E-05 9.9964E-05 0.997156
0.0556295 9.9991E-05 0.0393417 0.0436303 0.0346766 0.826622
0.032796 9.9991E-05 0.0412092 0.0400499 0.0554154 0.83043
0.0171444 0.00253734 9.9991E-05 0.0294437 0.0141924 0.936582
9.9982E-05 0.0974704 0.0815575 9.9982E-05 0.0824795 0.738293
0.0644843 0.0473278 0.108048 9.9991E-05 0.0186326 0.761408
9.9991E-05 0.0875787 0.0924562 0.0587078 0.0264498 0.734707
0.0028968 0.0639501 0.0739175 9.9991E-05 0.0161125 0.843023
0.112587 0.0711119 0.091613 9.9982E-05 9.9982E-05 0.724488
0.0156832 9.9973E-05 0.029886 9.9973E-05 9.9973E-05 0.954131
0.0341685 0.00676205 0.014534 9.9982E-05 9.9982E-05 0.944335
0.0375145 0.0378957 0.0753766 9.99874E-05 9.99874E-05 0.849013
0.068548 0.0678721 0.039906 0.0725467 9.9991E-05 0.751027
9.9991E-05 0.0480141 0.0130859 0.126164 0.0208716 0.791764
0.0598929 0.0250557 0.0436819 0.0286786 0.0290637 0.813627
0.0459287 0.0251249 0.0799259 9.9982E-05 9.9982E-05 0.84882
0.0327415 0.0898013 9.9973E-05 9.9973E-05 9.9973E-05 0.877157
0.147917 0.0683442 9.9991E-05 0.034022 0.0329688 0.716648
0.0620327 0.0818707 0.0252233 0.0556804 0.0811497 0.694043
9.9982E-05 0.0816899 0.131295 9.9982E-05 0.0407171 0.746098
0.132108 0.0964436 0.0944351 0.0535394 0.0313978 0.592076
0.0990582 0.0706316 9.9982E-05 9.9982E-05 0.050165 0.779945
0.0441575 9.9973E-05 0.0410901 9.9973E-05 9.9973E-05 0.914452
0.11131 0.021847 0.00289148 0.0370519 0.0243191 0.80258
0.0505695 0.117814 9.9973E-05 9.9973E-05 9.9973E-05 0.831317
0.118768 0.173324 9.9991E-05 0.00765823 0.0136428 0.686507
0.0630088 0.0347281 0.0605353 9.9991E-05 0.0798943 0.761733
0.124901 0.0502939 0.02871 9.9991E-05 0.0471363 0.748858
0.0198961 0.134804 9.9982E-05 0.00457601 9.9982E-05 0.840524
0.0742174 0.0742841 0.0846425 9.9991E-05 0.0190413 0.747715
0.0375086 0.115372 9.9982E-05 9.9982E-05 0.0882916 0.758627
0.057882 0.0994274 0.0871866 9.9991E-05 0.043654 0.71175
0.0382384 0.0111026 0.0424636 0.0112345 0.012072 0.884889
0.0561434 0.133717 0.0544684 9.9991E-05 0.0220799 0.733492
9.9991E-05 0.0766218 0.0549139 0.026178 0.0596 0.782586
0.0536975 0.108827 0.0883796 9.9991E-05 0.0666777 0.682318
0.0614688 0.0361398 9.9991E-05 0.0562372 0.00331888 0.842735
0.0634285 0.0156771 0.0183323 0.0198465 9.9991E-05 0.882616
0.0578285 0.208933 0.0526336 0.0265921 0.020889 0.633124
0.145271 0.0673463 0.0202698 9.9991E-05 0.0137555 0.753258
0.0410443 0.0754659 0.0628268 9.9991E-05 0.0375843 0.782979
0.0664074 0.0720305 0.00598819 0.0103213 0.127022 0.718231
0.13862 0.126487 0.0816399 9.9991E-05 0.129829 0.523324
0.126407 0.148627 0.0510504 9.9991E-05 0.166635 0.507181
0.16047 0.150254 0.0823279 9.9991E-05 0.0959656 0.510883
0.149223 0.132292 0.0786669 9.9991E-05 0.138987 0.500731
0.105724 0.0995247 0.116415 9.9991E-05 0.161226 0.51701
0.063895 0.158865 9.9982E-05 9.9982E-05 0.144674 0.632366
0.109205 0.0929243 0.0336273 0.015189 0.230049 0.519005
0.0298695 0.138061 0.101142 0.00125562 0.20467 0.525002
0.0828133 0.121992 0.0735482 0.0293522 0.110934 0.58136
0.0525012 0.176965 9.9982E-05 9.9982E-05 0.149367 0.620966
0.112962 0.143079 0.0378106 9.9991E-05 0.159723 0.546325
0.148265 0.176604 0.0888999 9.9991E-05 0.129423 0.456707
0.0529443 0.130674 0.0918041 0.0361777 0.146659 0.541741
0.0135291 0.158318 0.0679621 0.00583663 0.162842 0.591512
0.199606 0.130221 0.0846653 0.0274446 0.214016 0.344047
9.996E-05 9.996E-05 9.996E-05 9.996E-05 0.9995 9.996E-05
9.9973E-05 0.0081783 9.9973E-05 0.0228788 0.968643 9.9973E-05
9.9973E-05 9.9973E-05 0.0152936 9.9973E-05 0.885119 0.0992878
9.996E-05 9.996E-05 9.996E-05 9.996E-05 0.9995 9.996E-05
9.996E-05 9.996E-05 9.996E-05 9.996E-05 0.9995 9.996E-05
9.996E-05 9.996E-05 9.996E-05 9.996E-05 0.9995 9.996E-05
9.996E-05 9.996E-05 9.996E-05 9.996E-05 0.9995 9.996E-05
9.9973E-05 9.9973E-05 9.9973E-05 0.0212151 0.956683 0.0218022
9.996E-05 9.996E-05 9.996E-05 9.996E-05 0.9995 9.996E-05
9.996E-05 9.996E-05 9.996E-05 9.996E-05 0.9995 9.996E-05
0.15382 0.339596 0.0427323 9.9991E-05 0.142105 0.321646
9.9982E-05 0.0183499 0.0194414 0.0249397 0.937069 9.9982E-05
9.996E-05 9.996E-05 9.996E-05 9.996E-05 0.9995 9.996E-05
9.996E-05 9.996E-05 9.996E-05 9.996E-05 0.9995 9.996E-05
0.200614 0.304006 0.0528792 9.9991E-05 0.0909748 0.351426
0.12688 0.297574 0.113438 9.9991E-05 0.151416 0.310592
0.211005 0.225999 0.0752029 9.9991E-05 0.155341 0.332351
0.158201 0.255096 0.0785319 9.9991E-05 0.204471 0.303599
0.134414 0.282995 0.029963 9.9991E-05 0.187922 0.364606
0.160947 0.200833 0.0267437 9.9991E-05 0.165846 0.44553
0.11243 0.209404 0.0782302 9.9991E-05 0.197461 0.402375
0.116037 0.290188 0.0206454 9.9991E-05 0.17859 0.394439
0.123815 0.175836 0.107061 9.9991E-05 0.227406 0.365782
0.10725 0.204943 0.0828028 9.9991E-05 0.262662 0.342242
0.152781 0.182848 0.0481596 9.9991E-05 0.151517 0.464594
0.131937 0.143816 0.0541878 9.9991E-05 0.261567 0.408392
0.182692 0.234194 0.0744856 9.9991E-05 0.110305 0.398222
0.126476 0.269833 0.0470662 9.9991E-05 0.164797 0.391728
0.0299485 0.953823 0.0159291 9.9973E-05 9.9973E-05 9.9973E-05
0.070605 0.909501 9.9982E-05 0.0176188 0.00207521 9.9982E-05
9.996E-05 0.9995 9.996E-05 9.996E-05 9.996E-05 9.996E-05
9.996E-05 0.9995 9.996E-05 9.996E-05 9.996E-05 9.996E-05
9.9964E-05 0.999488 0.000112397 9.9964E-05 9.9964E-05 9.9964E-05
9.996E-05 0.9995 9.996E-05 9.996E-05 9.996E-05 9.996E-05
9.996E-05 0.9995 9.996E-05 9.996E-05 9.996E-05 9.996E-05
0.0599553 0.799588 0.0180129 0.0532979 0.0174476 0.0516983
9.996E-05 0.9995 9.996E-05 9.996E-05 9.996E-05 9.996E-05
9.996E-05 0.9995 9.996E-05 9.996E-05 9.996E-05 9.996E-05
9.9973E-05 0.903778 9.9973E-05 0.0360434 0.0598786 9.9973E-05
9.996E-05 0.9995 9.996E-05 9.996E-05 9.996E-05 9.996E-05
0.0523343 0.813126 0.100278 0.00749693 0.0266642 9.9991E-05
9.996E-05 9.996E-05 0.9995 9.996E-05 9.996E-05 9.996E-05
0.104326 0.234445 0.0988769 9.9991E-05 0.207326 0.354925
9.996E-05 9.996E-05 0.9995 9.996E-05 9.996E-05 9.996E-05
9.996E-05 9.996E-05 0.9995 9.996E-05 9.996E-05 9.996E-05
9.99673E-05 9.99673E-05 0.948519 9.99673E-05 0.0510807 9.99673E-05
9.9973E-05 9.9973E-05 0.732689 9.9973E-05 0.00318165 0.26383
9.996E-05 9.996E-05 0.9995 9.996E-05 9.996E-05 9.996E-05
9.9973E-05 0.0183714 0.885719 9.9973E-05 9.9973E-05 0.0956093
9.9964E-05 9.9964E-05 0.963137 9.9964E-05 0.0364628 9.9964E-05
9.9964E-05 0.0371293 0.962471 9.9964E-05 9.9964E-05 9.9964E-05
9.9964E-05 9.9964E-05 0.997008 0.002592 9.9964E-05 9.9964E-05
0.00991486 9.9973E-05 0.974382 9.9973E-05 0.0154028 9.9973E-05
9.9973E-05 0.0187404 0.955778 9.9973E-05 9.9973E-05 0.0251818
0.0668004 0.0926446 0.751383 0.0166893 0.0293283 0.0431548
0.00833194 9.9982E-05 0.93328 0.00759639 9.9982E-05 0.0505918
0.0176087 0.05047 0.860084 9.9982E-05 9.9982E-05 0.0716371
0.0946218 0.0182113 0.853344 0.00178343 9.9991E-05 0.0319389
0.0285589 9.9982E-05 0.930214 0.0152734 9.9982E-05 0.0257542
0.0165591 9.9991E-05 0.967922 0.00166552 0.00166575 0.0120875
0.363288 0.0931138 0.0748975 0.0199052 0.113341 0.335455
0.3547 0.137556 0.0888102 9.9991E-05 0.0515092 0.367325
0.401929 0.0368282 0.0582908 0.0297268 0.122882 0.350343
0.396702 0.0865316 0.092316 0.019247 0.0666502 0.338553
0.477653 0.0594532 0.081133 9.9991E-05 0.186392 0.195269
0.611093 0.0178233 0.0997983 9.99821E-05 0.271086 9.99821E-05
0.511138 0.0300442 0.100623 9.9991E-05 0.229068 0.129028
0.597191 0.0214451 0.0900514 9.9991E-05 0.260574 0.0306386
0.492705 0.0448255 0.10245 9.9991E-05 0.212526 0.147395
0.471747 0.0191932 0.098377 9.9991E-05 0.229373 0.181209
0.529534 0.0343491 0.0830489 9.9991E-05 0.228271 0.124698
0.396315 0.0858467 0.0860129 9.9991E-05 0.148745 0.28298
0.480491 0.0453675 0.0774559 9.9991E-05 0.186072 0.210514
0.9995 9.996E-05 9.996E-05 9.996E-05 9.996E-05 9.996E-05
0.9995 9.996E-05 9.996E-05 9.996E-05 9.996E-05 9.996E-05
0.9995 9.996E-05 9.996E-05 9.996E-05 9.996E-05 9.996E-05
0.9995 9.996E-05 9.996E-05 9.996E-05 9.996E-05 9.996E-05
0.9995 9.996E-05 9.996E-05 9.996E-05 9.996E-05 9.996E-05
0.937927 9.9973E-05 9.9973E-05 0.00874015 9.9973E-05 0.0530333
0.997674 9.9964E-05 9.9964E-05 0.00192574 9.9964E-05 9.9964E-05
0.9995 9.996E-05 9.996E-05 9.996E-05 9.996E-05 9.996E-05
0.9995 9.996E-05 9.996E-05 9.996E-05 9.996E-05 9.996E-05
0.988492 0.0111081 9.9964E-05 9.9964E-05 9.9964E-05 9.9964E-05
0.9995 9.996E-05 9.996E-05 9.996E-05 9.996E-05 9.996E-05
0.9995 9.996E-05 9.996E-05 9.996E-05 9.996E-05 9.996E-05
