9.996E-05 9.996E-05 9.996E-05 9.996E-05 9.996E-05 0.9995
0.48996 9.9982E-05 0.0843902 9.9982E-05 0.0557148 0.369735
0.438687 9.9982E-05 0.0872805 9.9982E-05 0.1139 0.359933
0.673426 9.99641E-05 9.99641E-05 9.99641E-05 9.99641E-05 0.326174
0.820324 9.9964E-05 9.9964E-05 9.9964E-05 9.9964E-05 0.179277
0.751798 9.9964E-05 9.9964E-05 9.9964E-05 9.9964E-05 0.247802
0.622089 9.9964E-05 9.9964E-05 9.9964E-05 9.9964E-05 0.377511
0.574312 9.9973E-05 9.9973E-05 9.9973E-05 0.0465853 0.378803
0.708304 0.0125257 9.9982E-05 9.9982E-05 0.015682 0.263288
9.996E-05 9.996E-05 9.996E-05 9.996E-05 9.996E-05 0.9995
9.996E-05 9.996E-05 9.996E-05 9.996E-05 9.996E-05 0.9995
9.996E-05 9.996E-05 9.996E-05 9.996E-05 9.996E-05 0.9995
9.996E-05 9.996E-05 9.996E-05 9.996E-05 9.996E-05 0.9995
0.0267271 0.0266943 9.9982E-05 0.0088046 9.9982E-05 0.937574
9.9964E-05 9.9964E-05 9.9964E-05 9.9964E-05 0.0107693 0.988831
0.757554 9.9973E-05 9.9973E-05 9.9973E-05 0.0173132 0.224833
0.540813 0.109528 0.0272746 0.00454419 0.0959164 0.221924
0.749834 9.9964E-05 9.9964E-05 9.9964E-05 9.9964E-05 0.249767
0.958243 9.9964E-05 9.9964E-05 9.9964E-05 9.9964E-05 0.0413574
0.9995 9.996E-05 9.996E-05 9.996E-05 9.996E-05 9.996E-05
0.867098 9.9964E-05 9.9964E-05 9.9964E-05 9.9964E-05 0.132502
0.889834 0.00167485 0.0203512 9.9991E-05 0.0270647 0.0609749
0.931661 9.9964E-05 9.9964E-05 9.9964E-05 9.9964E-05 0.0679392
0.902484 9.9964E-05 9.9964E-05 9.9964E-05 9.9964E-05 0.0971162
0.945658 9.99641E-05 9.99641E-05 9.99641E-05 9.99641E-05 0.0539419
0.864882 0.0647462 9.9982E-05 0.0366853 9.9982E-05 0.0334865
0.846642 0.0513169 9.9982E-05 9.9982E-05 0.0690171 0.0328242
0.939186 9.99641E-05 9.99641E-05 9.99641E-05 9.99641E-05 0.0604146
0.876807 9.9973E-05 9.9973E-05 0.00822959 9.9973E-05 0.114663
0.884613 9.9964E-05 9.9964E-05 9.9964E-05 9.9964E-05 0.114987
0.866517 9.99641E-05 9.99641E-05 9.99641E-05 9.99641E-05 0.133083
0.939716 0.0135599 9.9982E-05 0.0269898 9.9982E-05 0.0195348
0.883221 0.037726 0.00067564 9.9991E-05 0.0406523 0.0376254
0.796005 9.9982E-05 9.9982E-05 0.0647723 0.0309801 0.108043
0.867169 0.0557522 9.9982E-05 9.9982E-05 0.0469474 0.0299312
0.868558 9.9964E-05 9.9964E-05 9.9964E-05 9.9964E-05 0.131042
0.9995 9.996E-05 9.996E-05 9.996E-05 9.996E-05 9.996E-05
0.858579 0.0882308 0.00729246 9.9991E-05 0.0153668 0.030431
0.762607 0.139237 0.0427948 9.9991E-05 0.0163013 0.0389602
0.827469 0.076692 0.05063 0.0332553 9.9991E-05 0.0118535
0.719522 0.0142557 0.0686841 0.126182 0.0712561 9.9991E-05
0.722695 0.0617879 0.00622514 0.10013 0.0764083 0.032753
0.773997 9.9991E-05 0.0291508 0.0837254 0.0741802 0.0388465
0.781994 0.0131261 0.0539338 0.0919065 0.0589399 9.9991E-05
0.807972 0.0481597 9.9982E-05 0.0693011 0.074367 9.9982E-05
0.93183 0.0297044 9.9973E-05 9.9973E-05 0.038166 9.9973E-05
0.967037 0.00561616 9.9973E-05 9.9973E-05 0.0270466 9.9973E-05
0.869446 0.0532047 9.9982E-05 0.0223002 0.0548491 9.9982E-05
0.710195 0.084145 9.9991E-05 0.101323 0.0483755 0.0558618
0.748601 9.9991E-05 0.0240299 0.0785658 0.0192213 0.129482
0.814632 0.0452382 0.0452863 0.00619829 0.0482808 0.0403648
0.828041 0.0651983 9.9982E-05 0.0634893 0.043071 9.9982E-05
0.875405 0.0450594 9.9982E-05 0.0529123 0.0264235 9.9982E-05
0.737176 0.105968 0.0307208 0.0817097 0.0164759 0.0279497
0.677206 0.0618978 0.0978135 0.116959 0.0145294 0.0315944
0.730015 0.0304383 0.0435897 0.0974489 0.0984078 9.9991E-05
0.659345 0.0732376 0.0688647 0.041772 0.0797628 0.0770176
0.774377 0.0878767 0.0622574 0.0715045 0.00388494 9.9991E-05
0.928719 0.0199251 9.9973E-05 9.9973E-05 0.0510563 9.9973E-05
0.764969 0.143187 0.0374229 9.9991E-05 0.0112428 0.0430774
0.835215 0.0802538 9.9982E-05 0.069707 0.014624 9.9982E-05
0.765892 0.0351181 0.0377672 0.161023 9.9982E-05 9.9982E-05
0.675319 0.108672 0.0426731 0.085883 0.0873525 9.9991E-05
0.715352 0.0781124 0.0580964 0.061914 0.0864254 9.9991E-05
0.864523 0.0437656 9.9973E-05 0.091412 9.9973E-05 9.9973E-05
0.691905 0.0611875 0.0198157 0.0953404 0.131651 9.9991E-05
0.790313 0.0311902 0.0869972 0.0661846 0.0252149 9.9991E-05
0.586375 0.13956 0.0538137 0.0912229 0.115714 0.0133145
0.823513 0.0338573 0.0527033 0.0123879 0.06453 0.0130083
0.732523 9.9982E-05 0.0341752 0.122203 0.110899 9.9982E-05
0.774634 9.9991E-05 0.0803229 0.0563573 0.0642638 0.0243216
0.651434 0.0509962 0.0716368 0.139338 0.0864954 9.9991E-05
0.802757 0.0999329 9.9991E-05 0.0288918 0.00910177 0.0592162
0.837393 0.0986411 9.9991E-05 0.0358821 0.00392205 0.0240616
0.666699 0.111279 0.0285668 0.122893 0.0298671 0.0406948
0.769816 0.138403 0.0358699 0.0386357 0.0171758 9.9991E-05
0.78062 9.9982E-05 0.0761369 0.0582637 0.0847791 9.9982E-05
0.57839 0.0624795 0.175544 0.1224 0.0610855 9.9991E-05
0.501744 0.135403 0.144375 0.147614 0.0707632 9.9991E-05
0.504924 0.12608 0.151345 0.153519 0.0640324 9.9991E-05
0.488266 0.130664 0.136101 0.145745 0.0779535 0.0212706
0.506273 0.0732378 0.213091 0.154408 0.0528899 9.9991E-05
0.460488 0.139561 0.143505 0.179965 0.0763804 9.9991E-05
0.549874 0.0605986 0.149022 0.163056 0.062512 0.0149376
0.481237 0.0676274 0.230762 0.132725 0.0677522 0.0198974
0.4432 0.0410561 0.21433 0.144466 0.156848 9.9991E-05
0.584586 0.0780191 0.0923366 0.114457 0.107855 0.0227472
0.520715 0.0927196 0.186435 0.199262 9.9991E-05 0.000768169
0.514707 0.0913828 0.222128 0.124538 0.0471444 9.9991E-05
0.440304 0.136153 0.142797 0.17576 0.10408 0.00090565
0.581025 0.0400112 0.184661 0.0899344 0.0802361 0.0241319
0.59011 0.0031278 0.199716 0.123058 0.0731561 0.0108319
0.35138 0.183418 0.201577 0.14315 0.0993068 0.0211682
9.996E-05 9.996E-05 0.9995 9.996E-05 9.996E-05 9.996E-05
9.9973E-05 9.9973E-05 0.97849 0.00904658 9.9973E-05 0.0121633
0.00582971 0.0222369 0.925988 9.9991E-05 0.0210508 0.0247945
9.996E-05 9.996E-05 0.9995 9.996E-05 9.996E-05 9.996E-05
9.996E-05 9.996E-05 0.9995 9.996E-05 9.996E-05 9.996E-05
9.996E-05 9.996E-05 0.9995 9.996E-05 9.996E-05 9.996E-05
9.996E-05 9.996E-05 0.9995 9.996E-05 9.996E-05 9.996E-05
0.0222681 0.0134906 0.957804 0.00623689 9.9982E-05 9.9982E-05
9.996E-05 9.996E-05 0.9995 9.996E-05 9.996E-05 9.996E-05
9.996E-05 9.996E-05 0.9995 9.996E-05 9.996E-05 9.996E-05
0.33008 0.147878 0.142141 0.302023 0.077779 9.9991E-05
0.0561613 0.0252776 0.918261 9.9973E-05 9.9973E-05 9.9973E-05
9.996E-05 9.996E-05 0.9995 9.996E-05 9.996E-05 9.996E-05
9.996E-05 9.996E-05 0.9995 9.996E-05 9.996E-05 9.996E-05
0.264058 0.229331 0.141783 0.306742 0.0579856 9.9991E-05
0.362155 0.130474 0.166598 0.265608 0.0750653 9.9991E-05
0.352471 0.145002 0.198917 0.247143 0.0563664 9.9991E-05
0.301402 0.123654 0.236295 0.258687 0.0798628 9.9991E-05
0.326144 0.172641 0.167125 0.260908 0.0730817 9.9991E-05
0.428901 0.142776 0.167487 0.243088 0.0176466 9.9991E-05
0.448469 0.0524477 0.210997 0.211606 0.0763796 9.9991E-05
0.37438 0.135836 0.203287 0.272745 0.0136518 9.9991E-05
0.276179 0.154891 0.292233 0.173393 0.103204 9.9991E-05
0.318005 0.114012 0.298976 0.180313 0.0885947 9.9991E-05
0.439817 0.123368 0.173134 0.181256 0.0823248 9.9991E-05
0.441135 0.101216 0.284248 0.124244 0.0490568 9.9991E-05
0.372354 0.141844 0.138589 0.266935 0.0801786 9.9991E-05
0.403316 0.104971 0.17801 0.247039 0.0665634 9.9991E-05
9.9973E-05 0.00877743 9.9973E-05 0.977164 0.0137584 9.9973E-05
9.9973E-05 0.0803464 9.9973E-05 0.912185 9.9973E-05 0.00716849
9.996E-05 9.996E-05 9.996E-05 0.9995 9.996E-05 9.996E-05
9.9964E-05 9.9964E-05 9.9964E-05 0.995206 0.00439409 9.9964E-05
9.996E-05 9.996E-05 9.996E-05 0.9995 9.996E-05 9.996E-05
9.996E-05 9.996E-05 9.996E-05 0.9995 9.996E-05 9.996E-05
9.996E-05 9.996E-05 9.996E-05 0.9995 9.996E-05 9.996E-05
0.0784634 0.0264465 0.0346626 0.826102 0.00201655 0.0323092
9.996E-05 9.996E-05 9.996E-05 0.9995 9.996E-05 9.996E-05
9.996E-05 9.996E-05 9.996E-05 0.9995 9.996E-05 9.996E-05
9.9982E-05 9.9982E-05 0.069657 0.880619 0.0120855 0.0374387
9.996E-05 9.996E-05 9.996E-05 0.9995 9.996E-05 9.996E-05
0.0982369 0.0296119 0.00754189 0.794813 0.0683579 0.00143814
9.996E-05 9.996E-05 9.996E-05 9.996E-05 0.9995 9.996E-05
0.367513 0.0760121 0.2036 0.243684 0.109092 9.9991E-05
9.996E-05 9.996E-05 9.996E-05 9.996E-05 0.9995 9.996E-05
9.996E-05 9.996E-05 9.996E-05 9.996E-05 0.9995 9.996E-05
9.9964E-05 9.9964E-05 0.0262525 9.9964E-05 0.973348 9.9964E-05
0.118364 0.0803418 9.9982E-05 0.0574644 0.74363 9.9982E-05
9.9964E-05 9.9964E-05 9.9964E-05 9.9964E-05 0.996287 0.00331309
0.0779455 0.0283446 9.9973E-05 9.9973E-05 0.89341 9.9973E-05
9.9964E-05 9.9964E-05 0.00396971 9.9964E-05 0.99563 9.9964E-05
9.9964E-05 9.9964E-05 9.9964E-05 0.0389826 0.960618 9.9964E-05
9.996E-05 9.996E-05 9.996E-05 9.996E-05 0.9995 9.996E-05
9.9964E-05 0.00444578 9.9964E-05 9.9964E-05 0.995154 9.9964E-05
9.9964E-05 9.9964E-05 9.9964E-05 0.0284632 0.971137 9.9964E-05
0.0349577 0.0627382 0.0200123 0.0642429 0.817949 9.9991E-05
0.0113339 0.024913 0.00267851 9.9982E-05 0.960875 9.9982E-05
0.0816821 9.9991E-05 0.0335486 0.0082764 0.871379 0.00501409
0.0547566 0.0608685 9.9982E-05 0.0393191 0.844856 9.9982E-05
0.033975 0.0812071 9.9991E-05 0.0100707 0.848904 0.0257434
0.0121841 9.9973E-05 9.9973E-05 0.0531568 0.934359 9.9973E-05
0.307605 0.431529 0.0844128 0.116866 0.0503158 0.00927083
0.28808 0.434789 0.0834253 0.118842 0.0465579 0.0283058
0.298612 0.427825 0.13797 0.0490291 0.0740129 0.0125518
0.32433 0.396376 0.09015 0.0979852 0.0738654 0.0172939
0.175318 0.462375 0.222469 0.0539048 0.0858333 9.9991E-05
0.00133852 0.602327 0.290054 9.99821E-05 0.106081 9.99821E-05
0.154576 0.513969 0.221936 0.00589495 0.103523 9.9991E-05
0.06215 0.572558 0.272311 9.9982E-05 0.0927814 9.9982E-05
0.093089 0.558364 0.211583 0.0300014 0.106862 9.9991E-05
0.0931184 0.516386 0.277773 0.0217169 0.0909063 9.9991E-05
0.209458 0.486256 0.224365 9.9982E-05 0.0797209 9.9982E-05
0.219164 0.4052 0.183717 0.0161793 0.141629 0.0341109
0.250681 0.458663 0.196059 9.9991E-05 0.0836297 0.0108677
9.9964E-05 0.998518 9.9964E-05 0.00108248 9.9964E-05 9.9964E-05
9.996E-05 0.9995 9.996E-05 9.996E-05 9.996E-05 9.996E-05
9.996E-05 0.9995 9.996E-05 9.996E-05 9.996E-05 9.996E-05
9.996E-05 0.9995 9.996E-05 9.996E-05 9.996E-05 9.996E-05
9.996E-05 0.9995 9.996E-05 9.996E-05 9.996E-05 9.996E-05
0.0498285 0.928303 9.9973E-05 0.0215688 9.9973E-05 9.9973E-05
9.996E-05 0.9995 9.996E-05 9.996E-05 9.996E-05 9.996E-05
9.996E-05 0.9995 9.996E-05 9.996E-05 9.996E-05 9.996E-05
9.996E-05 0.9995 9.996E-05 9.996E-05 9.996E-05 9.996E-05
9.9964E-05 0.96481 9.9964E-05 0.0347899 9.9964E-05 9.9964E-05
9.996E-05 0.9995 9.996E-05 9.996E-05 9.996E-05 9.996E-05
9.996E-05 0.9995 9.996E-05 9.996E-05 9.996E-05 9.996E-05
