0.0371815 0.962419 9.9964E-05 9.9964E-05 9.9964E-05 9.9964E-05
0.119757 0.73956 0.0212904 0.119192 9.9982E-05 9.9982E-05
0.9995 9.996E-05 9.996E-05 9.996E-05 9.996E-05 9.996E-05
0.879126 9.9982E-05 0.0145557 0.0285073 0.0776114 9.9982E-05
0.0181357 0.842437 9.9982E-05 0.0808009 9.9982E-05 0.0584267
9.9964E-05 0.952119 9.9964E-05 9.9964E-05 0.0474816 9.9964E-05
9.9964E-05 0.97406 9.9964E-05 9.9964E-05 9.9964E-05 0.0255401
9.9982E-05 0.890572 0.0159275 9.9982E-05 0.0741008 0.0192002
0.253746 0.462268 9.9973E-05 9.9973E-05 9.9973E-05 0.283686
0.281607 0.334774 0.0384499 0.294421 0.0506472 9.9991E-05
0.0278979 9.9973E-05 0.0400424 9.9973E-05 0.93176 9.9973E-05
9.9973E-05 9.9973E-05 0.0117361 0.0189203 0.969044 9.9973E-05
0.104742 0.162497 9.9982E-05 0.0328236 0.699737 9.9982E-05
0.0822143 0.0139799 0.0312263 0.0447233 0.723886 0.10397
0.0891016 9.9991E-05 0.0658212 0.0552786 0.732894 0.0568043
0.0276128 9.99811E-05 0.00311167 9.99811E-05 0.968976 9.99811E-05
9.996E-05 9.996E-05 9.996E-05 9.996E-05 0.9995 9.996E-05
0.0499063 9.9982E-05 9.9982E-05 0.177295 0.634556 0.138043
9.9973E-05 9.9973E-05 0.019446 9.9973E-05 0.780476 0.199778
0.0809299 9.9964E-05 9.9964E-05 9.9964E-05 0.91867 9.9964E-05
0.0327602 0.0408979 9.9982E-05 0.179868 0.746274 9.9982E-05
9.9973E-05 0.350901 9.9973E-05 0.124211 0.524588 9.9973E-05
9.9973E-05 0.0287749 0.0284997 9.9973E-05 0.942425 9.9973E-05
9.9973E-05 0.0184576 9.9973E-05 0.0866495 0.894593 9.9973E-05
0.0706704 9.9982E-05 0.00147033 0.229312 0.698347 9.9982E-05
9.9982E-05 0.0869305 9.9982E-05 0.249772 0.574396 0.0887025
9.9973E-05 9.9973E-05 9.9973E-05 0.051939 0.519021 0.42874
0.0573141 0.0417063 9.9991E-05 0.350754 0.413498 0.136628
9.9991E-05 0.0391621 0.00792702 0.360228 0.504323 0.0882603
0.0216304 9.9973E-05 9.9973E-05 0.413015 0.565054 9.9973E-05
0.172512 9.9973E-05 9.9973E-05 0.250017 9.9973E-05 0.577171
0.224714 0.00369486 0.00390896 0.143372 0.0375306 0.58678
0.0755762 9.9973E-05 9.9973E-05 9.9973E-05 0.0545868 0.869537
9.9964E-05 9.9964E-05 9.9964E-05 9.9964E-05 0.111605 0.887995
0.0332883 9.9991E-05 0.000352851 0.0949828 0.356158 0.515118
0.0772742 0.0396944 9.9982E-05 0.014105 9.9982E-05 0.868726
0.03481 0.236045 9.9982E-05 9.9982E-05 0.116864 0.612081
0.0117111 9.9982E-05 9.9982E-05 0.0825056 0.228362 0.677222
0.0571989 9.9982E-05 0.022635 9.9982E-05 0.0993946 0.820572
0.0255774 0.0387733 0.0494132 0.334158 0.161514 0.390564
9.9973E-05 0.10507 9.9973E-05 9.9973E-05 0.0154743 0.879156
0.083856 0.0492962 9.9991E-05 0.273934 0.0830204 0.509794
0.0357515 9.9991E-05 0.00496994 0.119281 0.12629 0.713608
9.9991E-05 0.0116698 0.0277488 0.0433362 0.140948 0.776197
0.0376859 9.9982E-05 9.9982E-05 0.127028 0.0392047 0.795881
9.9982E-05 0.0424896 0.00552372 9.9982E-05 0.0400278 0.911759
9.9982E-05 0.00972542 0.0552456 0.084739 9.9982E-05 0.85009
9.9964E-05 9.9964E-05 9.9964E-05 0.101448 9.9964E-05 0.898152
0.0328144 0.0828142 0.0100724 9.9991E-05 0.109017 0.765182
0.0309971 0.0694471 9.9982E-05 0.219402 9.9982E-05 0.679954
9.9964E-05 9.9964E-05 9.9964E-05 0.123041 9.9964E-05 0.876559
9.9973E-05 0.0239652 0.0121041 9.9973E-05 9.9973E-05 0.963631
9.9973E-05 9.9973E-05 0.00385995 0.22452 9.9973E-05 0.77132
9.9973E-05 9.9973E-05 0.00486665 0.0999864 9.9973E-05 0.894847
9.996E-05 9.996E-05 9.996E-05 9.996E-05 9.996E-05 0.9995
0.0363718 0.00948955 0.0322239 0.239009 9.9991E-05 0.682806
9.9973E-05 0.0340911 9.9973E-05 0.893825 9.9973E-05 0.071784
0.000364763 0.0434196 9.9991E-05 0.686775 0.0743022 0.195039
0.00805012 0.106487 0.00654785 0.777318 9.9991E-05 0.101496
9.9973E-05 0.179781 9.9973E-05 0.711625 9.9973E-05 0.108295
9.9973E-05 9.9973E-05 9.9973E-05 0.742497 0.0623618 0.194841
0.101695 0.015565 0.0729795 0.59819 9.9991E-05 0.211471
0.0578462 9.9973E-05 9.9973E-05 0.798147 9.9973E-05 0.143707
9.9964E-05 9.9964E-05 0.0255826 0.974018 9.9964E-05 9.9964E-05
9.9982E-05 9.9982E-05 0.00902668 0.921987 0.0400513 0.0287352
9.996E-05 9.996E-05 9.996E-05 0.9995 9.996E-05 9.996E-05
9.996E-05 9.996E-05 9.996E-05 0.9995 9.996E-05 9.996E-05
0.0179338 9.9973E-05 9.9973E-05 0.958986 0.0227801 9.9973E-05
9.9964E-05 9.9964E-05 0.0038616 0.995739 9.9964E-05 9.9964E-05
0.000395154 9.9964E-05 9.9964E-05 0.999205 9.9964E-05 9.9964E-05
9.9964E-05 9.9964E-05 0.0233358 0.976264 9.9964E-05 9.9964E-05
9.9982E-05 0.12692 0.023874 0.607059 9.9982E-05 0.241947
0.0272054 9.9973E-05 0.0139183 0.958576 9.9973E-05 9.9973E-05
9.9982E-05 0.0337885 0.073155 0.568374 9.9982E-05 0.324482
0.050575 0.0118082 0.560484 0.274216 0.0235242 0.0793924
9.996E-05 9.996E-05 0.9995 9.996E-05 9.996E-05 9.996E-05
9.9991E-05 0.0421736 0.0834742 0.513823 0.0092743 0.351155
