9.996E-05 9.996E-05 0.9995 9.996E-05 9.996E-05 9.996E-05
0.486286 0.0850486 0.389335 9.9982E-05 0.0391297 9.9982E-05
0.438986 0.121567 0.368415 9.9982E-05 0.0708315 9.9982E-05
0.701085 9.9964E-05 0.298515 9.9964E-05 9.9964E-05 9.9964E-05
0.771413 9.9982E-05 0.189227 0.00533444 9.9982E-05 0.0338258
0.768812 0.00547389 0.216205 9.9982E-05 0.0093089 9.9982E-05
0.632046 9.9964E-05 0.367554 9.9964E-05 9.9964E-05 9.9964E-05
0.593877 0.0532674 0.352556 9.9973E-05 9.9973E-05 9.9973E-05
0.646797 0.054044 0.271473 9.9982E-05 0.0274861 9.9982E-05
9.996E-05 9.996E-05 0.9995 9.996E-05 9.996E-05 9.996E-05
9.996E-05 9.996E-05 0.9995 9.996E-05 9.996E-05 9.996E-05
9.996E-05 9.996E-05 0.9995 9.996E-05 9.996E-05 9.996E-05
9.996E-05 9.996E-05 0.9995 9.996E-05 9.996E-05 9.996E-05
0.00496109 9.9973E-05 0.930092 9.9973E-05 9.9973E-05 0.0646467
9.9973E-05 0.0435499 0.944615 0.0115356 9.9973E-05 9.9973E-05
0.760911 0.000911865 0.237878 9.9973E-05 9.9973E-05 9.9973E-05
0.560301 0.0612526 0.256798 0.0373141 0.0313556 0.0529783
0.726742 9.9964E-05 0.272858 9.9964E-05 9.9964E-05 9.9964E-05
0.945281 9.9973E-05 0.0214482 9.9973E-05 9.9973E-05 0.0329707
0.9995 9.996E-05 9.996E-05 9.996E-05 9.996E-05 9.996E-05
0.887044 9.9964E-05 0.112556 9.9964E-05 9.9964E-05 9.9964E-05
0.905647 0.0446137 0.0329592 9.9982E-05 0.0165802 9.9982E-05
0.948371 9.9964E-05 0.0512293 9.9964E-05 9.9964E-05 9.9964E-05
0.884017 9.9964E-05 0.115583 9.9964E-05 9.9964E-05 9.9964E-05
0.960154 9.9964E-05 0.0394461 9.9964E-05 9.9964E-05 9.9964E-05
0.903198 9.9982E-05 0.0441672 0.0375872 9.9982E-05 0.014848
0.833065 0.0579047 0.032145 9.9982E-05 9.9982E-05 0.0766851
0.948489 9.9964E-05 0.0511111 9.9964E-05 9.9964E-05 9.9964E-05
0.884801 9.9982E-05 0.101926 0.000908649 9.9982E-05 0.0121639
0.837187 9.9964E-05 0.162414 9.9964E-05 9.9964E-05 9.9964E-05
0.87591 9.99641E-05 0.123691 9.99641E-05 9.99641E-05 9.99641E-05
0.92874 9.9973E-05 0.0553709 9.9973E-05 9.9973E-05 0.0155891
0.933082 9.9973E-05 0.0457998 9.9973E-05 0.0208187 9.9973E-05
0.755623 0.052653 0.1098 0.07702 0.0048035 9.9991E-05
0.927274 0.0249934 0.0474327 9.9973E-05 9.9973E-05 9.9973E-05
0.843596 9.9964E-05 0.156004 9.9964E-05 9.9964E-05 9.9964E-05
0.9995 9.996E-05 9.996E-05 9.996E-05 9.996E-05 9.996E-05
0.849611 0.0348882 0.0220483 9.9991E-05 0.0165422 0.0768106
0.797707 0.0686226 0.0270101 9.9991E-05 0.0544875 0.052073
0.941936 9.9991E-05 0.012801 0.0153437 0.0165659 0.013253
0.727889 0.0677892 9.9982E-05 0.140267 0.0638547 9.9982E-05
0.632886 0.030611 9.9991E-05 0.150291 0.0536239 0.132488
0.733544 0.0927187 0.0310796 0.120751 0.0218074 9.9991E-05
0.731073 0.0749009 9.9991E-05 0.145898 0.0359373 0.0120905
0.806524 0.0771208 9.9982E-05 0.0793943 9.9982E-05 0.0367605
0.940794 0.0111878 9.9973E-05 9.9973E-05 9.9973E-05 0.0477182
0.918208 0.0495023 9.9973E-05 9.9973E-05 9.9973E-05 0.0319895
0.897522 0.0334311 9.9982E-05 0.0282569 9.9982E-05 0.0405902
0.692867 0.0298404 0.0477821 0.118468 9.9991E-05 0.110943
0.763472 0.0259562 0.0826423 0.0651356 0.0399555 0.0228382
0.810748 0.0456823 0.0282661 0.0250414 0.0361447 0.0541179
0.845229 0.0769091 9.9982E-05 0.0372963 9.9982E-05 0.0403651
0.873892 0.0837035 9.9973E-05 9.9973E-05 9.9973E-05 0.0421048
0.712686 9.9991E-05 0.0171754 0.0972824 0.0243302 0.148426
0.701296 0.0442877 0.0291724 0.077975 0.0588244 0.0884445
0.753509 0.1058 9.9991E-05 0.0788485 0.0553884 0.00635327
0.678335 0.0762103 0.0711846 0.0728262 0.0139409 0.0875033
0.7512 0.00247892 9.9991E-05 0.0988836 0.0604603 0.0868773
0.900256 0.0560192 9.9973E-05 9.9973E-05 9.9973E-05 0.0434251
0.795483 0.00580452 0.0226329 9.9991E-05 0.0241423 0.151838
0.82759 0.000996549 9.9982E-05 0.0632766 9.9982E-05 0.107937
0.776912 9.9991E-05 0.00395775 0.15078 0.0405576 0.027693
0.68917 0.0957097 9.9991E-05 0.0562176 0.0935229 0.0652803
0.612945 0.0948648 9.9991E-05 0.14376 0.0736085 0.0747209
0.812737 9.9982E-05 0.00219744 0.0846651 9.9982E-05 0.100201
0.695564 0.107876 9.9991E-05 0.100179 0.0368085 0.059473
0.718645 0.0346078 9.9991E-05 0.0882448 0.112924 0.0454792
0.589578 0.0932088 9.9991E-05 0.147561 0.0353994 0.134153
0.833777 0.0540782 9.9991E-05 0.0279969 0.0275383 0.0565097
0.631214 0.113698 9.9982E-05 0.225258 0.0296301 9.9982E-05
0.747284 0.0811972 0.0158578 0.0848575 0.0707038 9.9991E-05
0.692446 0.0739835 9.9991E-05 0.0983555 0.0783711 0.0567433
0.7797 0.0410638 0.0606412 0.0158813 9.9991E-05 0.102613
0.830048 0.0143916 0.016318 0.0513785 9.9991E-05 0.0877635
0.590628 0.0530037 0.0219811 0.203144 0.0327438 0.0984991
0.723876 0.0349482 9.9991E-05 0.077748 0.0388027 0.124525
0.727382 0.0750816 9.9991E-05 0.0538706 0.059086 0.0844802
0.617738 0.0412021 0.00543413 0.0972811 0.171222 0.0671225
0.451216 0.0590749 9.9991E-05 0.145099 0.20481 0.139699
0.464583 0.0368254 9.9991E-05 0.130572 0.210144 0.157775
0.501187 0.0969319 9.9991E-05 0.182738 0.0998971 0.119146
0.438017 0.0551444 9.9991E-05 0.14698 0.232262 0.127497
0.535881 0.0497872 9.9991E-05 0.159373 0.157911 0.0969477
0.556898 9.9982E-05 9.9982E-05 0.180146 0.175888 0.0868677
0.552306 0.0305288 0.00710974 0.128747 0.235024 0.0462851
0.494679 0.131403 0.0181117 0.123354 0.177229 0.0552232
0.553539 0.0792807 0.051935 0.130422 0.125894 0.0589286
0.577202 9.9982E-05 9.9982E-05 0.181047 0.146032 0.0955195
0.43323 0.0412605 9.9991E-05 0.188832 0.17813 0.158446
0.483968 0.0934282 9.9991E-05 0.162313 0.115272 0.144919
0.500724 0.101633 0.0288327 0.0826572 0.173018 0.113134
0.542466 0.100226 0.00869536 0.146035 0.159675 0.0429034
0.366645 0.12006 0.00485525 0.0876817 0.228308 0.19245
9.996E-05 9.996E-05 9.996E-05 9.996E-05 0.9995 9.996E-05
9.9973E-05 0.0261495 0.016223 9.9973E-05 0.957328 9.9973E-05
0.10094 9.9982E-05 0.0261372 9.9982E-05 0.868445 0.00427776
9.996E-05 9.996E-05 9.996E-05 9.996E-05 0.9995 9.996E-05
9.996E-05 9.996E-05 9.996E-05 9.996E-05 0.9995 9.996E-05
9.996E-05 9.996E-05 9.996E-05 9.996E-05 0.9995 9.996E-05
9.9964E-05 0.00517182 9.9964E-05 9.9964E-05 0.994428 9.9964E-05
0.0747696 9.9973E-05 0.00990825 9.9973E-05 0.915022 9.9973E-05
9.996E-05 9.996E-05 9.996E-05 9.996E-05 0.9995 9.996E-05
9.996E-05 9.996E-05 9.996E-05 9.996E-05 0.9995 9.996E-05
0.291037 0.0887633 9.9991E-05 0.347464 0.129122 0.143514
9.9973E-05 9.9973E-05 0.0376458 9.9973E-05 0.906301 0.0557537
9.996E-05 9.996E-05 9.996E-05 9.996E-05 0.9995 9.996E-05
9.996E-05 9.996E-05 9.996E-05 9.996E-05 0.9995 9.996E-05
0.284571 0.0705666 9.9991E-05 0.325681 0.141371 0.177711
0.294931 0.116301 9.9991E-05 0.258157 0.177036 0.153476
0.323802 0.0656885 9.9991E-05 0.264896 0.175984 0.16953
0.292929 0.0633835 9.9991E-05 0.253743 0.206159 0.183686
0.313622 0.0913128 9.9991E-05 0.293486 0.150227 0.151251
0.520998 0.0359591 9.9991E-05 0.162348 0.150202 0.130393
0.401181 0.050908 9.9991E-05 0.206672 0.209224 0.131914
0.325319 0.0281559 9.9991E-05 0.273496 0.198068 0.174861
0.319408 0.099295 9.9991E-05 0.173313 0.281421 0.126463
0.296732 0.10864 9.9991E-05 0.227979 0.250039 0.116511
0.419943 0.0955806 9.9991E-05 0.199821 0.134569 0.149987
0.357877 0.0855733 9.9991E-05 0.170382 0.235002 0.151066
0.325756 0.0889177 9.9991E-05 0.277305 0.13535 0.172572
0.351404 0.0727053 0.00395808 0.268165 0.167234 0.136534
9.996E-05 0.9995 9.996E-05 9.996E-05 9.996E-05 9.996E-05
0.331487 0.123679 9.9991E-05 0.214822 0.218512 0.1114
9.996E-05 0.9995 9.996E-05 9.996E-05 9.996E-05 9.996E-05
9.996E-05 0.9995 9.996E-05 9.996E-05 9.996E-05 9.996E-05
9.9973E-05 0.931651 0.0201377 9.9973E-05 0.0479118 9.9973E-05
0.116509 0.732642 0.0177367 0.0993078 0.0337048 9.9991E-05
9.996E-05 0.9995 9.996E-05 9.996E-05 9.996E-05 9.996E-05
0.0355836 0.891364 9.9991E-05 0.0077966 0.0308774 0.0342779
0.0245689 0.975031 9.9964E-05 9.9964E-05 9.9964E-05 9.9964E-05
9.9964E-05 0.97277 9.9964E-05 0.0268302 9.9964E-05 9.9964E-05
9.9964E-05 0.995553 0.00404678 9.9964E-05 9.9964E-05 9.9964E-05
9.9964E-05 0.953889 9.9964E-05 0.0457109 9.9964E-05 9.9964E-05
9.996E-05 0.9995 9.996E-05 9.996E-05 9.996E-05 9.996E-05
0.0388174 0.864915 9.9991E-05 0.0442043 0.0278537 0.02411
0.00432994 0.915165 0.00130688 0.0396351 9.9991E-05 0.0394632
0.0477607 0.891731 0.000616182 0.0303995 0.000587745 0.0289053
9.9991E-05 0.86394 0.0173095 0.0483822 0.00888518 0.0613828
9.9982E-05 0.899156 0.0320985 9.9982E-05 0.00610847 0.0624372
0.0283099 0.97129 9.9964E-05 9.9964E-05 9.9964E-05 9.9964E-05
0.028013 0.0181533 9.9982E-05 0.940208 9.9982E-05 0.013426
9.9982E-05 9.9982E-05 0.0205009 0.905276 0.0117228 0.0623006
9.996E-05 9.996E-05 9.996E-05 0.9995 9.996E-05 9.996E-05
9.996E-05 9.996E-05 9.996E-05 0.9995 9.996E-05 9.996E-05
9.996E-05 9.996E-05 9.996E-05 0.9995 9.996E-05 9.996E-05
9.996E-05 9.996E-05 9.996E-05 0.9995 9.996E-05 9.996E-05
9.9964E-05 0.00160795 9.9964E-05 0.997992 9.9964E-05 9.9964E-05
0.0458313 0.0191768 0.0551773 0.840932 0.00811912 0.0307634
9.996E-05 9.996E-05 9.996E-05 0.9995 9.996E-05 9.996E-05
9.996E-05 9.996E-05 9.996E-05 0.9995 9.996E-05 9.996E-05
9.9973E-05 9.9973E-05 0.0340766 0.85657 0.109054 9.9973E-05
9.996E-05 9.996E-05 9.996E-05 0.9995 9.996E-05 9.996E-05
0.0290024 0.104674 9.9991E-05 0.763381 0.0437626 0.05908
0.250419 0.0957207 0.0283797 0.0761334 0.147681 0.401666
0.275768 0.0614033 0.00834783 0.167569 0.135023 0.351888
0.284055 0.0948831 0.0270358 0.0954038 0.132893 0.365729
0.339296 0.0744756 0.0257152 0.0814388 0.0824012 0.396673
0.151628 0.049196 9.9991E-05 0.0928246 0.20975 0.496501
9.99731E-05 0.0766798 9.99731E-05 9.99731E-05 0.262696 0.660325
0.0717647 0.11031 9.9991E-05 0.0105416 0.246282 0.561001
0.0217838 0.0938013 9.9991E-05 0.020203 0.258244 0.605868
0.0480143 0.0993528 0.0076771 0.039996 0.237688 0.567272
0.0999039 0.110171 9.9991E-05 0.0231568 0.245147 0.521522
0.0853692 0.128263 9.9991E-05 0.0092485 0.257655 0.519365
0.196541 0.130601 0.00994767 0.0947141 0.18444 0.383756
0.201384 0.102376 9.9991E-05 0.0275572 0.19536 0.473222
9.9973E-05 9.9973E-05 0.0118716 0.0279492 9.9973E-05 0.959879
9.996E-05 9.996E-05 9.996E-05 9.996E-05 9.996E-05 0.9995
9.996E-05 9.996E-05 9.996E-05 9.996E-05 9.996E-05 0.9995
9.996E-05 9.996E-05 9.996E-05 9.996E-05 9.996E-05 0.9995
9.996E-05 9.996E-05 9.996E-05 9.996E-05 9.996E-05 0.9995
0.0146141 9.9973E-05 0.0239903 9.9973E-05 9.9973E-05 0.961096
9.996E-05 9.996E-05 9.996E-05 9.996E-05 9.996E-05 0.9995
9.996E-05 9.996E-05 9.996E-05 9.996E-05 9.996E-05 0.9995
9.996E-05 9.996E-05 9.996E-05 9.996E-05 9.996E-05 0.9995
9.996E-05 9.996E-05 9.996E-05 9.996E-05 9.996E-05 0.9995
9.996E-05 9.996E-05 9.996E-05 9.996E-05 9.996E-05 0.9995
9.996E-05 9.996E-05 9.996E-05 9.996E-05 9.996E-05 0.9995
