9.996E-05 9.996E-05 9.996E-05 0.9995 9.996E-05 9.996E-05
0.528726 0.0540399 9.9982E-05 0.35379 9.9982E-05 0.0632445
0.495851 0.10234 9.9982E-05 0.345283 9.9982E-05 0.0563255
0.722555 9.99641E-05 9.99641E-05 0.277045 9.99641E-05 9.99641E-05
0.810923 9.9973E-05 0.0415835 0.147194 9.9973E-05 9.9973E-05
0.763596 9.9964E-05 9.9964E-05 0.236005 9.9964E-05 9.9964E-05
0.655636 9.9964E-05 9.9964E-05 0.343964 9.9964E-05 9.9964E-05
0.630929 0.0554559 9.9973E-05 0.313315 9.9973E-05 9.9973E-05
0.699188 0.0589106 9.9973E-05 0.241601 9.9973E-05 9.9973E-05
9.996E-05 9.996E-05 9.996E-05 0.9995 9.996E-05 9.996E-05
9.996E-05 9.996E-05 9.996E-05 0.9995 9.996E-05 9.996E-05
9.996E-05 9.996E-05 9.996E-05 0.9995 9.996E-05 9.996E-05
9.9964E-05 9.9964E-05 9.9964E-05 0.986559 9.9964E-05 0.0130415
0.00420708 9.9982E-05 0.0404389 0.952514 0.0026405 9.9982E-05
9.9982E-05 0.0124173 9.9982E-05 0.95369 0.0165677 0.0171252
0.746157 0.0228026 0.0313624 0.199478 9.9982E-05 9.9982E-05
0.591468 0.0211211 0.0310752 0.222769 0.106998 0.0265686
0.73472 9.9964E-05 9.9964E-05 0.26488 9.9964E-05 9.9964E-05
0.990728 9.9964E-05 9.9964E-05 0.00887183 9.9964E-05 9.9964E-05
0.9995 9.996E-05 9.996E-05 9.996E-05 9.996E-05 9.996E-05
0.861041 9.9964E-05 9.9964E-05 0.138559 9.9964E-05 9.9964E-05
0.906032 0.0551522 9.9973E-05 0.0385156 9.9973E-05 9.9973E-05
0.90575 9.9982E-05 0.033057 0.0506356 9.9982E-05 0.0103577
0.927301 9.9964E-05 9.9964E-05 0.0722988 9.9964E-05 9.9964E-05
0.968667 9.99641E-05 9.99641E-05 0.0309327 9.99641E-05 9.99641E-05
0.925045 9.9982E-05 0.0274985 0.00903138 0.0382247 9.9982E-05
0.849563 0.0377571 0.0717394 0.0407403 9.9982E-05 9.9982E-05
0.97069 9.9964E-05 9.9964E-05 0.0289098 9.9964E-05 9.9964E-05
0.882608 9.9973E-05 0.0276216 0.0894705 9.9973E-05 9.9973E-05
0.875905 9.9964E-05 9.9964E-05 0.123695 9.9964E-05 9.9964E-05
0.89115 9.99641E-05 9.99641E-05 0.10845 9.99641E-05 9.99641E-05
0.956418 9.9982E-05 0.0101296 0.0307465 0.00250562 9.9982E-05
0.914263 0.0145382 9.9982E-05 0.0673246 9.9982E-05 0.00367398
0.749043 0.0540684 9.9982E-05 0.0885298 0.108158 9.9982E-05
0.877043 0.0303104 0.0437487 0.048698 9.9982E-05 9.9982E-05
0.895748 9.9964E-05 9.9964E-05 0.103853 9.9964E-05 9.9964E-05
0.998412 9.9964E-05 0.00118838 9.9964E-05 9.9964E-05 9.9964E-05
0.836564 0.0223256 0.100156 0.030443 9.9991E-05 0.0104112
0.852538 0.0280516 0.0687064 0.0178555 9.9991E-05 0.0327486
0.90513 9.9991E-05 0.0215717 0.0307468 0.00143792 0.0410136
0.71818 0.0718735 0.0292875 9.9991E-05 0.126755 0.0538046
0.730835 0.084002 0.0451125 9.9991E-05 0.130802 0.00914858
0.707108 0.113348 9.9991E-05 0.0525222 0.0947926 0.032129
0.770362 0.0766609 0.0367268 9.9991E-05 0.0974428 0.0187075
0.787444 0.0894277 0.0557453 9.9982E-05 0.0671834 9.9982E-05
0.888191 0.0738977 0.0376117 9.9973E-05 9.9973E-05 9.9973E-05
0.889562 0.0501391 0.00847333 9.9982E-05 0.0516255 9.9982E-05
0.862571 0.0515074 0.0458563 9.9991E-05 0.0387115 0.00125402
0.70687 0.038589 0.098303 0.0407618 0.115377 9.9991E-05
0.757178 0.00483801 0.02484 0.0991165 0.0715171 0.0425106
0.784651 0.0417397 0.0554272 0.033455 0.0460021 0.0387254
0.816439 0.0671721 0.0486401 9.9982E-05 0.0675492 9.9982E-05
0.853831 0.0392295 0.0500705 9.9982E-05 0.0566688 9.9982E-05
0.694216 0.00212355 0.10699 0.0411248 0.0703973 0.0851485
0.743692 0.0321268 0.0303442 0.018543 0.0999169 0.0753769
0.706759 0.126483 0.0199184 9.9991E-05 0.122807 0.023933
0.64516 0.0917785 0.0769991 0.0797745 0.0954732 0.0108148
0.773558 9.9991E-05 0.0815282 0.00178601 0.0599652 0.0830629
0.886366 0.0762096 0.0371247 9.9973E-05 9.9973E-05 9.9973E-05
0.641847 0.0481456 0.144727 0.0402843 0.0611875 0.0638093
0.779512 0.0283814 0.0839597 9.9982E-05 0.107947 9.9982E-05
0.716232 0.0291324 0.0175956 9.9991E-05 0.180322 0.0566175
0.762189 0.0592427 0.061588 9.9991E-05 0.0654163 0.0514639
0.685839 0.0400349 0.118066 9.9991E-05 0.0769016 0.0790591
0.815238 9.9982E-05 0.0600894 9.9982E-05 0.115357 0.00911544
0.738406 0.107384 0.0522429 9.9991E-05 0.0670666 0.0348005
0.728183 0.0373824 0.0281708 9.9991E-05 0.0995891 0.106575
0.685013 0.116367 0.032077 9.9991E-05 0.0727558 0.0936871
0.855413 0.00794527 0.0677589 0.00574522 0.040881 0.0222566
0.761649 0.0988573 9.9982E-05 9.9982E-05 0.107483 0.0318109
0.713417 0.124666 9.9991E-05 0.0126605 0.0839429 0.0652135
0.622487 0.13828 0.0983265 9.9991E-05 0.0871006 0.0537058
0.802143 0.0633448 0.0628809 0.0487631 0.0227681 9.9991E-05
0.786271 0.034268 0.106696 0.0137268 0.0589382 9.9991E-05
0.615955 0.0697259 0.0459437 0.018562 0.174567 0.0752465
0.76983 0.00550292 0.147788 9.9982E-05 0.0766787 9.9982E-05
0.741569 0.0814064 0.0115565 9.9991E-05 0.0798457 0.0855228
0.642752 0.0113506 0.0341177 9.9991E-05 0.133274 0.178405
0.439676 0.112579 0.118536 9.9991E-05 0.178986 0.150123
0.470662 0.0695711 0.119399 9.9991E-05 0.177142 0.163126
0.438345 0.105189 0.125699 9.9991E-05 0.202398 0.12827
0.474232 0.0708934 0.124684 9.9991E-05 0.142458 0.187633
0.505868 0.0728041 0.103814 9.9991E-05 0.176379 0.141035
0.562365 0.0402488 0.0646193 9.9991E-05 0.163366 0.169301
0.501499 0.0426826 0.0705015 9.9991E-05 0.150973 0.234244
0.534324 0.122299 0.0438647 9.9991E-05 0.112265 0.187146
0.5707 0.0808085 0.0599721 0.036654 0.155612 0.0962533
0.571441 9.9982E-05 0.100587 9.9982E-05 0.219793 0.107979
0.463942 0.0669179 0.131398 0.00464786 0.140023 0.193072
0.417888 0.104094 0.162624 9.9991E-05 0.186111 0.129183
0.524259 0.0885297 0.0619083 0.00944683 0.139786 0.17607
0.534232 0.0920201 0.00289387 0.0175886 0.222168 0.131098
0.346754 0.0894608 0.213939 0.0177323 0.114453 0.21766
9.996E-05 9.996E-05 9.996E-05 9.996E-05 9.996E-05 0.9995
9.9973E-05 0.00620171 9.9973E-05 0.0246295 9.9973E-05 0.968869
0.0829075 9.9964E-05 9.9964E-05 9.9964E-05 9.9964E-05 0.916693
9.996E-05 9.996E-05 9.996E-05 9.996E-05 9.996E-05 0.9995
9.996E-05 9.996E-05 9.996E-05 9.996E-05 9.996E-05 0.9995
9.996E-05 9.996E-05 9.996E-05 9.996E-05 9.996E-05 0.9995
9.996E-05 9.996E-05 9.996E-05 9.996E-05 9.996E-05 0.9995
0.0394711 0.0172575 9.9973E-05 9.9973E-05 9.9973E-05 0.942971
9.996E-05 9.996E-05 9.996E-05 9.996E-05 9.996E-05 0.9995
9.996E-05 9.996E-05 9.996E-05 9.996E-05 9.996E-05 0.9995
0.255695 0.0869525 0.171968 9.9991E-05 0.367075 0.118209
0.0263078 9.9982E-05 0.0115154 0.00621697 9.9982E-05 0.95576
9.996E-05 9.996E-05 9.996E-05 9.996E-05 9.996E-05 0.9995
9.996E-05 9.996E-05 9.996E-05 9.996E-05 9.996E-05 0.9995
0.31065 0.0505892 0.18083 9.9991E-05 0.294666 0.163165
0.318092 0.0914816 0.124609 9.9991E-05 0.303901 0.161816
0.327449 0.0745345 0.142175 9.9991E-05 0.26511 0.190632
0.327416 0.0573167 0.148561 9.9991E-05 0.259104 0.207502
0.32295 0.11072 0.124008 9.9991E-05 0.251666 0.190556
0.479628 0.040537 0.133265 9.9991E-05 0.187035 0.159435
0.354539 0.0625434 0.152926 9.9991E-05 0.22004 0.209851
0.354637 0.041464 0.141807 9.9991E-05 0.280032 0.18196
0.294735 0.113975 0.118788 9.9991E-05 0.193935 0.278467
0.360973 0.0984116 0.0836678 9.9991E-05 0.184399 0.272449
0.43005 0.0495471 0.164528 9.9991E-05 0.213106 0.142669
0.34436 0.0973745 0.123638 9.9991E-05 0.171831 0.262696
0.362003 0.080657 0.146475 9.9991E-05 0.273397 0.137367
0.369159 0.0683383 0.106742 9.9991E-05 0.268985 0.186676
9.9973E-05 0.0188877 0.0191891 9.9973E-05 0.961623 9.9973E-05
0.0117156 9.9991E-05 0.10218 0.0186215 0.842218 0.0251647
9.996E-05 9.996E-05 9.996E-05 9.996E-05 0.9995 9.996E-05
9.996E-05 9.996E-05 9.996E-05 9.996E-05 0.9995 9.996E-05
9.996E-05 9.996E-05 9.996E-05 9.996E-05 0.9995 9.996E-05
9.996E-05 9.996E-05 9.996E-05 9.996E-05 0.9995 9.996E-05
9.996E-05 9.996E-05 9.996E-05 9.996E-05 0.9995 9.996E-05
0.0558062 9.9991E-05 0.108392 0.0225605 0.801865 0.0112769
9.996E-05 9.996E-05 9.996E-05 9.996E-05 0.9995 9.996E-05
9.996E-05 9.996E-05 9.996E-05 9.996E-05 0.9995 9.996E-05
9.9982E-05 0.0197861 9.9982E-05 0.0223438 0.923546 0.0341238
9.9964E-05 9.9964E-05 0.0010984 9.9964E-05 0.998502 9.9964E-05
0.0949453 0.0707502 0.0232957 9.9991E-05 0.782329 0.0285802
9.996E-05 0.9995 9.996E-05 9.996E-05 9.996E-05 9.996E-05
0.300293 0.135998 0.121908 9.9991E-05 0.221326 0.220376
9.996E-05 0.9995 9.996E-05 9.996E-05 9.996E-05 9.996E-05
9.996E-05 0.9995 9.996E-05 9.996E-05 9.996E-05 9.996E-05
9.9973E-05 0.964777 9.9973E-05 0.00429713 9.9973E-05 0.0306256
0.118784 0.812307 0.00484271 9.9991E-05 0.0420033 0.0219633
9.996E-05 0.9995 9.996E-05 9.996E-05 9.996E-05 9.996E-05
0.0659038 0.873701 0.0124181 9.9982E-05 9.9982E-05 0.0477776
0.00748025 0.976084 9.9973E-05 9.9973E-05 9.9973E-05 0.0161354
0.0181511 0.979064 9.9973E-05 9.9973E-05 0.00248491 9.9973E-05
9.996E-05 0.9995 9.996E-05 9.996E-05 9.996E-05 9.996E-05
0.0175506 0.962558 9.9973E-05 9.9973E-05 0.0195918 9.9973E-05
0.00474032 0.942131 9.9982E-05 0.0040422 0.0488865 9.9982E-05
0.00528886 0.835953 0.0765593 0.00167537 0.0564383 0.0240847
0.00425875 0.946597 0.0249838 0.0206072 0.00345304 9.9991E-05
9.9991E-05 0.897922 0.0444675 0.0160192 0.0319513 0.00954042
0.0511662 0.850673 0.0542552 0.00155012 0.0395068 0.00284821
0.00435004 0.894718 0.0599361 0.0349138 0.00598207 9.9991E-05
9.9973E-05 0.975742 9.9973E-05 9.9973E-05 0.00979821 0.0141597
0.276007 0.0783305 0.399031 0.0164102 0.115217 0.115004
0.32113 0.0239089 0.372117 0.041555 0.0892548 0.152034
0.305281 0.0585234 0.385051 0.0302092 0.0629218 0.158013
0.276366 0.11231 0.369339 0.0489325 0.0885418 0.10451
0.112675 0.0996557 0.477835 9.9991E-05 0.0609141 0.248821
9.99821E-05 0.117608 0.619896 9.99821E-05 0.00434504 0.25795
0.0660072 0.129951 0.498367 0.00761905 0.0651417 0.232914
0.00286558 0.113863 0.58168 9.9991E-05 0.048111 0.25338
0.0259185 0.110352 0.538055 9.9991E-05 0.0874202 0.238155
0.101671 0.0997031 0.530688 9.9991E-05 0.0358638 0.231975
0.0698538 0.109762 0.515616 9.9991E-05 0.0680184 0.236649
0.133867 0.104539 0.469067 0.0116917 0.10563 0.175205
0.186369 0.100773 0.473291 9.9991E-05 0.0551608 0.184306
9.996E-05 9.996E-05 0.9995 9.996E-05 9.996E-05 9.996E-05
9.996E-05 9.996E-05 0.9995 9.996E-05 9.996E-05 9.996E-05
9.996E-05 9.996E-05 0.9995 9.996E-05 9.996E-05 9.996E-05
9.996E-05 9.996E-05 0.9995 9.996E-05 9.996E-05 9.996E-05
9.996E-05 9.996E-05 0.9995 9.996E-05 9.996E-05 9.996E-05
0.0393527 9.9973E-05 0.957909 0.00243794 9.9973E-05 9.9973E-05
9.996E-05 9.996E-05 0.9995 9.996E-05 9.996E-05 9.996E-05
9.996E-05 9.996E-05 0.9995 9.996E-05 9.996E-05 9.996E-05
9.996E-05 9.996E-05 0.9995 9.996E-05 9.996E-05 9.996E-05
9.9964E-05 9.9964E-05 0.967078 9.9964E-05 0.0325224 9.9964E-05
9.996E-05 9.996E-05 0.9995 9.996E-05 9.996E-05 9.996E-05
9.996E-05 9.996E-05 0.9995 9.996E-05 9.996E-05 9.996E-05
