9.996E-05 9.996E-05 9.996E-05 0.9995 9.996E-05 9.996E-05
0.530082 0.0478986 0.0727558 0.349063 9.99833E-05 9.99833E-05
0.433565 0.136895 0.0535519 0.375788 9.9982E-05 9.9982E-05
0.696402 9.99641E-05 9.99641E-05 0.303198 9.99641E-05 9.99641E-05
0.756052 9.9973E-05 9.9973E-05 0.162013 0.0816353 9.9973E-05
0.779837 9.9964E-05 9.9964E-05 0.219763 9.9964E-05 9.9964E-05
0.626045 9.9964E-05 9.9964E-05 0.373555 9.9964E-05 9.9964E-05
0.545981 0.0955723 9.9973E-05 0.358147 9.9973E-05 9.9973E-05
0.677922 0.0462917 9.9982E-05 0.260707 0.0148799 9.9982E-05
9.996E-05 9.996E-05 9.996E-05 0.9995 9.996E-05 9.996E-05
9.996E-05 9.996E-05 9.996E-05 0.9995 9.996E-05 9.996E-05
9.996E-05 9.996E-05 9.996E-05 0.9995 9.996E-05 9.996E-05
9.9973E-05 9.9973E-05 0.00545205 0.993497 9.9973E-05 0.000750825
9.9973E-05 0.000811592 9.9973E-05 0.950194 0.048694 9.9973E-05
9.9964E-05 9.9964E-05 0.00489799 0.994702 9.9964E-05 9.9964E-05
0.715569 0.00718445 9.9982E-05 0.218605 9.9982E-05 0.0584413
0.486193 0.0532981 0.0852328 0.280021 0.0281528 0.0671017
0.726507 9.9964E-05 9.9964E-05 0.273093 9.9964E-05 9.9964E-05
0.970472 9.9973E-05 9.9973E-05 0.0234453 0.00578319 9.9973E-05
0.9995 9.996E-05 9.996E-05 9.996E-05 9.996E-05 9.996E-05
0.879067 9.99641E-05 9.99641E-05 0.120533 9.99641E-05 9.99641E-05
0.970522 0.00565231 9.9973E-05 0.0235259 9.9973E-05 9.9973E-05
0.913016 0.0122229 0.00262213 0.0531604 0.0188784 9.9991E-05
0.905172 9.9964E-05 9.9964E-05 0.094428 9.9964E-05 9.9964E-05
0.961426 9.9964E-05 9.9964E-05 0.0381738 9.9964E-05 9.9964E-05
0.923657 0.00782188 9.9991E-05 0.0285309 0.00343883 0.0364511
0.855773 0.0298037 9.9982E-05 0.0439346 0.0702891 9.9982E-05
0.956419 9.9964E-05 9.9964E-05 0.0431813 9.9964E-05 9.9964E-05
0.900027 9.9982E-05 9.9982E-05 0.0918791 0.000764615 0.00712893
0.874219 9.9964E-05 9.9964E-05 0.125381 9.9964E-05 9.9964E-05
0.858488 9.9973E-05 9.9973E-05 0.131565 0.00964698 9.9973E-05
0.938875 9.9973E-05 9.9973E-05 0.0556616 0.00516322 9.9973E-05
0.864592 0.00879835 0.0331884 0.0542207 0.0391009 9.9991E-05
0.745209 0.0616779 9.9991E-05 0.106837 0.0121451 0.0740315
0.901234 0.0402036 9.9982E-05 0.0444909 0.0138716 9.9982E-05
0.867785 9.9964E-05 9.9964E-05 0.131816 9.9964E-05 9.9964E-05
0.976321 9.9964E-05 9.9964E-05 9.9964E-05 0.0232789 9.9964E-05
0.837633 0.00804471 0.032833 0.0132935 0.101562 0.00663351
0.787345 0.0531453 0.0523024 0.024045 0.0830626 9.9991E-05
0.795971 9.9991E-05 0.0363745 0.0192466 0.120795 0.0275131
0.72592 0.0473281 0.0613854 9.9991E-05 0.031428 0.133839
0.71466 0.0888306 0.0504157 0.0350684 0.0144693 0.0965557
0.700376 0.0973433 0.0466346 0.0557121 9.9991E-05 0.0998343
0.776593 0.0788986 0.0454962 9.9991E-05 0.0144175 0.0844952
0.799619 0.0905612 9.9982E-05 9.9982E-05 0.0525243 0.0570951
0.882319 0.0796469 9.9982E-05 9.9982E-05 0.0356956 0.00213811
0.915565 0.0460942 9.9982E-05 9.9982E-05 0.0140592 0.0240819
0.821638 0.0429811 0.00618365 9.9991E-05 0.044321 0.0847761
0.70663 0.0536778 9.9991E-05 0.0503193 0.0818833 0.10739
0.732657 0.0353934 0.0379715 0.124963 9.9991E-05 0.0689159
0.806339 0.0550295 0.0285022 0.0163339 0.0467436 0.0470523
0.827738 0.0698476 9.9982E-05 9.9982E-05 0.0559329 0.0462811
0.839904 0.0375784 9.9982E-05 9.9982E-05 0.0441654 0.0781518
0.648814 9.9991E-05 0.0312949 0.0148078 0.180516 0.124467
0.707346 9.9991E-05 0.0833014 0.0454047 0.0397832 0.124065
0.729695 0.121883 0.0219917 9.9991E-05 0.0150394 0.111291
0.64716 0.0908946 0.00781181 0.0727789 0.074465 0.10689
0.71144 0.0119309 0.0495302 9.9991E-05 0.135895 0.0911048
0.861912 0.0591079 9.99733E-05 9.99733E-05 0.0786803 9.99733E-05
0.753013 9.9991E-05 0.0195582 0.0257919 0.123999 0.0775381
0.781086 9.9973E-05 9.9973E-05 9.9973E-05 0.0895391 0.129075
0.769692 9.9982E-05 0.0478152 0.00900698 9.9982E-05 0.173286
0.693783 0.0856173 0.046143 9.9991E-05 0.113894 0.0604623
0.676554 0.0644142 0.0461148 9.9991E-05 0.0966143 0.116203
0.828751 9.9973E-05 9.9973E-05 9.9973E-05 0.0692153 0.101734
0.71569 0.053545 0.0521813 9.9991E-05 0.0806944 0.0977896
0.70696 0.026159 0.0848734 9.9991E-05 0.0487861 0.133121
0.6837 0.0554179 0.0474817 0.00541987 0.0568661 0.151115
0.841285 0.0620585 0.0185301 9.9991E-05 0.0378546 0.0401723
0.776976 0.0587901 0.00761621 9.9982E-05 9.9982E-05 0.156418
0.790949 0.0726167 0.0353537 0.0338822 9.9991E-05 0.067098
0.625055 0.085731 0.0705758 9.9991E-05 0.0914348 0.127104
0.756898 0.0575423 9.9991E-05 0.0554928 0.112008 0.0179591
0.801805 0.0223325 9.9991E-05 0.0134804 0.102279 0.0600029
0.578072 0.076361 0.0385363 0.0229293 0.0746679 0.209434
0.747614 9.9982E-05 0.0558025 9.9982E-05 0.136352 0.0600307
0.738364 0.081507 0.0829871 9.9991E-05 0.0230327 0.0740092
0.581462 0.0293582 0.169637 9.9991E-05 0.0921819 0.127261
0.533798 0.0876091 0.130883 9.9991E-05 0.0807973 0.166813
0.463791 0.038228 0.180765 9.9991E-05 0.128451 0.188665
0.481845 0.0708049 0.105343 0.00846463 0.109431 0.224112
0.458808 0.0420131 0.178629 9.9991E-05 0.127156 0.193295
0.47314 0.0826756 0.128377 9.9991E-05 0.116378 0.19933
0.600215 9.9982E-05 0.108727 9.9982E-05 0.0837851 0.207073
0.464778 0.0393896 0.237123 0.00476576 0.131904 0.12204
0.444972 0.123694 0.167518 9.9991E-05 0.126899 0.136817
0.539351 0.0846292 0.094476 0.0227545 0.103616 0.155174
0.579328 9.9982E-05 0.142461 9.9982E-05 0.0816877 0.196323
0.414431 0.129767 0.184653 9.9991E-05 0.149778 0.121271
0.410024 0.0975111 0.139744 9.9991E-05 0.181265 0.171356
0.516764 0.0836333 0.175736 0.0204912 0.0540716 0.149304
0.535744 0.0670645 0.178022 0.0135353 0.0229828 0.182651
0.298288 0.148325 0.194405 0.0342974 0.219988 0.104696
9.996E-05 9.996E-05 0.9995 9.996E-05 9.996E-05 9.996E-05
9.9973E-05 9.9973E-05 0.934051 0.0371766 9.9973E-05 0.0284729
0.0702978 0.0242282 0.848644 0.0179601 0.0312069 0.00766264
9.996E-05 9.996E-05 0.9995 9.996E-05 9.996E-05 9.996E-05
9.996E-05 9.996E-05 0.9995 9.996E-05 9.996E-05 9.996E-05
9.996E-05 9.996E-05 0.9995 9.996E-05 9.996E-05 9.996E-05
9.996E-05 9.996E-05 0.9995 9.996E-05 9.996E-05 9.996E-05
0.0143276 0.0444347 0.940938 9.9973E-05 9.9973E-05 9.9973E-05
9.9964E-05 9.9964E-05 0.984391 9.9964E-05 9.9964E-05 0.0152096
9.996E-05 9.996E-05 0.9995 9.996E-05 9.996E-05 9.996E-05
0.265428 0.0918084 0.116242 9.9991E-05 0.19498 0.331442
0.00560184 0.0342713 0.903488 9.9991E-05 0.0532232 0.00331523
9.996E-05 9.996E-05 0.9995 9.996E-05 9.996E-05 9.996E-05
9.9973E-05 9.9973E-05 0.987437 0.0013279 9.9973E-05 0.0109352
0.277001 0.0607751 0.129833 9.9991E-05 0.181852 0.350439
0.296558 0.0998007 0.136951 9.9991E-05 0.143033 0.323558
0.270458 0.0943463 0.170202 9.9991E-05 0.170545 0.294348
0.296524 0.0986641 0.17371 9.9991E-05 0.13289 0.298112
0.298686 0.0665285 0.158507 9.9991E-05 0.140921 0.335257
0.388808 0.0587183 0.11063 9.9991E-05 0.193274 0.24847
0.375751 0.0540473 0.172867 9.9991E-05 0.162853 0.234381
0.366089 0.017524 0.14957 9.9991E-05 0.177521 0.289196
0.325614 0.0764518 0.246038 9.9991E-05 0.154427 0.197369
0.323759 0.0672518 0.217504 9.9991E-05 0.165793 0.225592
0.409055 0.0859278 0.121443 9.9991E-05 0.179395 0.204079
0.393664 0.051932 0.209191 9.9991E-05 0.160296 0.184818
0.340111 0.0851229 0.12991 0.000854004 0.169417 0.274585
0.315667 0.0834718 0.16276 9.9991E-05 0.13473 0.303271
9.996E-05 0.9995 9.996E-05 9.996E-05 9.996E-05 9.996E-05
0.313868 0.113612 0.203686 9.9991E-05 0.126474 0.242261
9.996E-05 0.9995 9.996E-05 9.996E-05 9.996E-05 9.996E-05
9.996E-05 0.9995 9.996E-05 9.996E-05 9.996E-05 9.996E-05
9.9982E-05 0.954264 0.0249351 9.9982E-05 0.0109509 0.0096499
0.103943 0.769887 0.000896706 0.0274987 0.0976744 9.9991E-05
9.996E-05 0.9995 9.996E-05 9.996E-05 9.996E-05 9.996E-05
0.0300125 0.863612 0.0223139 0.0215261 9.9991E-05 0.0624359
9.9973E-05 0.97699 0.00905742 9.9973E-05 0.0136524 9.9973E-05
0.0531832 0.926805 9.9973E-05 9.9973E-05 9.9973E-05 0.0197115
9.996E-05 0.9995 9.996E-05 9.996E-05 9.996E-05 9.996E-05
9.9964E-05 0.998895 9.9964E-05 9.9964E-05 0.000704649 9.9964E-05
9.9973E-05 0.979569 0.0102879 9.9973E-05 9.9973E-05 0.00984287
9.9982E-05 0.830627 0.0245605 9.9982E-05 0.0668342 0.0777782
0.0134175 0.953756 9.9982E-05 0.00133839 0.0312878 9.9982E-05
0.0340776 0.872684 0.0229273 9.9991E-05 0.0368743 0.033337
0.0195109 0.886583 0.0263661 0.0075948 0.0529779 0.00696763
0.0647619 0.833224 0.00223585 0.0249314 0.0670834 0.00776384
9.9973E-05 0.962744 9.9973E-05 0.00569758 9.9973E-05 0.0312581
9.996E-05 9.996E-05 9.996E-05 9.996E-05 9.996E-05 0.9995
0.00435063 0.00837396 0.0231026 0.0312389 0.0485039 0.88443
9.996E-05 9.996E-05 9.996E-05 9.996E-05 9.996E-05 0.9995
9.9964E-05 9.9964E-05 9.9964E-05 9.9964E-05 0.00176241 0.997838
9.996E-05 9.996E-05 9.996E-05 9.996E-05 9.996E-05 0.9995
9.996E-05 9.996E-05 9.996E-05 9.996E-05 9.996E-05 0.9995
9.996E-05 9.996E-05 9.996E-05 9.996E-05 9.996E-05 0.9995
0.0584352 9.9991E-05 0.0041398 0.0373639 0.0455867 0.854374
9.996E-05 9.996E-05 9.996E-05 9.996E-05 9.996E-05 0.9995
9.996E-05 9.996E-05 9.996E-05 9.996E-05 9.996E-05 0.9995
9.9982E-05 0.010089 0.0750466 0.0172317 9.9982E-05 0.897433
9.996E-05 9.996E-05 9.996E-05 9.996E-05 9.996E-05 0.9995
0.0801452 0.0579279 9.9982E-05 9.9982E-05 0.0649364 0.796791
0.219575 0.0935617 0.0985288 0.0310907 0.425469 0.131775
0.3274 0.0718458 0.0920216 0.028962 0.368386 0.111385
0.303809 0.0950142 0.113309 0.00970138 0.427573 0.0505936
0.298213 0.0898491 0.11313 0.0411673 0.368392 0.0892489
0.178323 0.0729425 0.200015 9.9991E-05 0.50289 0.0457292
9.99821E-05 0.0936654 0.210325 9.99821E-05 0.693771 0.0020389
0.110322 0.0904255 0.210856 9.9991E-05 0.533855 0.0544424
0.0559758 0.0977722 0.218459 9.9991E-05 0.625704 0.00198896
0.0628532 0.0818519 0.239435 9.9991E-05 0.572212 0.0435486
0.0906423 0.0974002 0.226878 9.9991E-05 0.536097 0.0488824
0.129735 0.069045 0.220956 9.9991E-05 0.521591 0.0585732
0.164907 0.1092 0.171116 0.0191845 0.461443 0.0741489
0.218488 0.106916 0.183966 0.016514 0.452292 0.0218233
9.996E-05 9.996E-05 9.996E-05 9.996E-05 0.9995 9.996E-05
9.996E-05 9.996E-05 9.996E-05 9.996E-05 0.9995 9.996E-05
9.996E-05 9.996E-05 9.996E-05 9.996E-05 0.9995 9.996E-05
9.996E-05 9.996E-05 9.996E-05 9.996E-05 0.9995 9.996E-05
9.996E-05 9.996E-05 9.996E-05 9.996E-05 0.9995 9.996E-05
0.0291712 9.9973E-05 9.9973E-05 0.00876988 0.961759 9.9973E-05
9.996E-05 9.996E-05 9.996E-05 9.996E-05 0.9995 9.996E-05
9.996E-05 9.996E-05 9.996E-05 9.996E-05 0.9995 9.996E-05
9.996E-05 9.996E-05 9.996E-05 9.996E-05 0.9995 9.996E-05
0.0035469 0.00644847 9.9982E-05 9.9982E-05 0.970673 0.019132
9.996E-05 9.996E-05 9.996E-05 9.996E-05 0.9995 9.996E-05
9.996E-05 9.996E-05 9.996E-05 9.996E-05 0.9995 9.996E-05
