9.996E-05 9.996E-05 9.996E-05 9.996E-05 0.9995 9.996E-05
0.0895684 9.9982E-05 9.9982E-05 0.0580032 0.390397 0.461831
0.0760053 9.9982E-05 9.9982E-05 0.128021 0.375438 0.420336
9.9964E-05 9.9964E-05 9.9964E-05 9.9964E-05 0.318928 0.680672
9.9982E-05 0.0273785 0.0173706 9.9982E-05 0.161477 0.793574
9.9973E-05 9.9973E-05 9.9973E-05 0.0072119 0.219276 0.773212
9.9964E-05 9.9964E-05 9.9964E-05 9.9964E-05 0.392284 0.607316
0.00499328 9.9982E-05 9.9982E-05 0.0784744 0.386692 0.529641
9.9973E-05 9.9973E-05 9.9973E-05 0.0576668 0.27187 0.670164
9.996E-05 9.996E-05 9.996E-05 9.996E-05 0.9995 9.996E-05
9.996E-05 9.996E-05 9.996E-05 9.996E-05 0.9995 9.996E-05
9.996E-05 9.996E-05 9.996E-05 9.996E-05 0.9995 9.996E-05
9.996E-05 9.996E-05 9.996E-05 9.996E-05 0.9995 9.996E-05
9.9973E-05 0.0434076 9.9973E-05 0.0251566 0.931136 9.9973E-05
9.9973E-05 0.012643 0.00355738 9.9973E-05 0.9835 9.9973E-05
9.9973E-05 9.9973E-05 0.0587413 9.9973E-05 0.241826 0.699133
0.0458807 0.11885 0.0875818 0.0819973 0.296993 0.368697
9.9964E-05 9.9964E-05 9.9964E-05 9.9964E-05 0.274254 0.725346
9.9973E-05 0.0498274 9.9973E-05 9.9973E-05 0.0357709 0.914102
9.9973E-05 0.00601706 9.9973E-05 9.9973E-05 0.00131822 0.992365
0.0124381 9.9973E-05 9.9973E-05 9.9973E-05 0.116473 0.870789
9.9982E-05 0.0893222 9.9982E-05 0.0627491 0.0447369 0.802992
9.9973E-05 0.0686027 9.9973E-05 9.9973E-05 0.0736157 0.857482
9.9964E-05 9.9964E-05 9.9964E-05 9.9964E-05 0.0684465 0.931154
9.99641E-05 9.99641E-05 9.99641E-05 9.99641E-05 0.0608069 0.938793
9.9982E-05 0.00221132 0.0573149 9.9982E-05 0.0221048 0.918169
9.999E-05 0.0186751 0.0294664 0.0234035 0.0573349 0.87102
9.9964E-05 9.9964E-05 9.9964E-05 9.9964E-05 0.0600014 0.939599
9.9982E-05 0.00532526 9.9982E-05 0.00113232 0.0943706 0.898972
9.9964E-05 9.9964E-05 9.9964E-05 9.9964E-05 0.165314 0.834287
9.9973E-05 0.0296961 9.9973E-05 9.9973E-05 0.128616 0.841388
0.00159722 0.00558954 0.0301195 9.9991E-05 0.0444827 0.918111
0.0209422 0.0351534 9.9982E-05 9.9982E-05 0.0522959 0.891409
9.9982E-05 9.9982E-05 0.065874 0.0255462 0.0931416 0.815238
9.9973E-05 0.130187 9.9973E-05 9.9973E-05 0.0481393 0.821374
9.9964E-05 9.9964E-05 9.9964E-05 9.9964E-05 0.113021 0.886579
9.9964E-05 0.00779612 9.9964E-05 9.9964E-05 9.9964E-05 0.991804
0.0083935 0.103323 0.0412949 0.0159996 0.0280307 0.802959
0.0647029 0.0109923 0.0477748 0.0328539 0.0436276 0.800048
0.0169089 0.0262877 0.0543493 9.9991E-05 0.0314647 0.870889
0.0904097 9.9982E-05 0.157134 0.0721766 9.9982E-05 0.68008
9.9973E-05 9.9973E-05 0.213306 0.0747128 9.9973E-05 0.711681
0.0394348 0.0126585 0.0379209 0.106537 0.0643903 0.739058
0.0271481 9.9982E-05 0.0924578 0.0537221 9.9982E-05 0.826472
9.9982E-05 0.00275389 0.095075 0.106278 9.9982E-05 0.795694
9.9973E-05 9.9973E-05 0.00229745 0.0545011 9.9973E-05 0.942901
9.9973E-05 9.9973E-05 0.0138941 0.0631556 9.9973E-05 0.92265
9.9982E-05 0.0216865 0.0375611 0.0364656 9.9982E-05 0.904087
9.9982E-05 9.9982E-05 0.165146 0.0545138 0.0144847 0.765656
0.033577 9.9991E-05 0.0526512 0.0118767 0.0998896 0.801905
0.0193212 9.9991E-05 0.0393199 0.0832949 0.0186163 0.839348
9.9982E-05 0.0216097 0.0893842 0.0740744 9.9982E-05 0.814732
9.9973E-05 9.9973E-05 0.160357 0.0931351 9.9973E-05 0.746208
0.0246096 0.0991838 0.148491 9.9991E-05 0.052439 0.675177
0.0889937 0.111068 0.0724541 0.0115767 0.0464973 0.669411
0.0500767 9.9982E-05 0.0800997 0.084524 9.9982E-05 0.7851
0.0297818 0.0239294 0.16634 0.0788609 0.0541374 0.646951
0.0231463 0.00564885 0.142721 9.9982E-05 9.9982E-05 0.828284
9.9973E-05 9.9973E-05 0.0127201 0.0929142 9.9973E-05 0.894066
0.0399362 0.0148849 0.0519699 0.0342415 0.0422076 0.81676
9.9973E-05 0.0278339 0.167064 9.9973E-05 9.9973E-05 0.804803
0.0549214 9.9973E-05 0.184762 9.9973E-05 9.9973E-05 0.760017
0.0579183 0.0338969 0.0964145 0.11016 0.000416762 0.701193
0.069604 0.0980019 0.131961 0.0931634 9.9991E-05 0.60717
0.0195428 9.9973E-05 0.164143 9.9973E-05 9.9973E-05 0.816015
0.0311102 0.0771731 0.107618 0.109875 9.9991E-05 0.674124
0.0880563 0.00293807 0.151627 0.0173063 9.9991E-05 0.739973
0.0845047 0.154342 0.15401 0.0969813 9.9991E-05 0.510062
0.0261813 0.0155131 0.0447055 0.0512249 9.9991E-05 0.862275
0.0231764 0.0891482 0.0887069 0.0829572 9.9991E-05 0.715911
0.0946799 9.9991E-05 0.0530893 0.0809883 0.0258477 0.745295
0.0615726 0.0299088 0.16986 0.093795 9.9991E-05 0.644763
0.0091013 0.0196 0.0628002 0.0486398 0.0339341 0.825925
9.9982E-05 9.9982E-05 0.112862 0.0403499 0.0103053 0.836283
0.0159667 0.0925254 0.203043 0.0571231 0.0185082 0.612834
0.020415 0.0449281 0.139988 0.0252228 9.9991E-05 0.769346
0.0658654 9.9982E-05 0.0275607 0.0849558 9.9982E-05 0.821418
0.135828 0.156419 9.9982E-05 0.0743553 9.9982E-05 0.633198
0.170398 0.116036 0.202468 0.0290613 9.9991E-05 0.481936
0.137085 0.110556 0.22178 0.0459823 9.9991E-05 0.484497
0.158881 0.0437991 0.234191 0.0627435 9.9991E-05 0.500285
0.158196 0.0809875 0.245691 0.0510954 9.9991E-05 0.46393
0.116833 0.0638169 0.225319 0.081838 9.9991E-05 0.512092
0.164941 0.0266593 0.198411 0.00378435 9.9991E-05 0.606105
0.29449 0.030191 0.172189 0.045272 9.9991E-05 0.457757
0.218101 0.017396 0.208684 0.112738 9.9991E-05 0.442981
0.100647 0.0470341 0.215707 0.0730686 0.0391647 0.524379
0.189687 9.9973E-05 0.2449 9.9973E-05 9.9973E-05 0.565113
0.173265 0.0932261 0.237001 0.0414231 9.9991E-05 0.454985
0.119197 0.0531389 0.350191 0.114964 0.00478819 0.357721
0.137099 0.19836 0.076851 0.0781894 0.0122317 0.49727
0.138582 0.218217 0.0582818 0.065988 9.9991E-05 0.518832
0.206649 0.0227017 0.324508 0.0900369 0.0166825 0.339422
0.9995 9.996E-05 9.996E-05 9.996E-05 9.996E-05 9.996E-05
0.949485 0.00609093 0.0198682 9.9991E-05 0.0133333 0.0111221
0.898455 0.0489884 9.9973E-05 9.9973E-05 9.9973E-05 0.0522571
0.9995 9.996E-05 9.996E-05 9.996E-05 9.996E-05 9.996E-05
0.999387 9.9964E-05 9.9964E-05 0.00021303 9.9964E-05 9.9964E-05
0.9995 9.996E-05 9.996E-05 9.996E-05 9.996E-05 9.996E-05
0.996634 9.9964E-05 9.9964E-05 0.00296653 9.9964E-05 9.9964E-05
0.890657 9.9973E-05 0.0482133 9.9973E-05 9.9973E-05 0.06083
0.9995 9.996E-05 9.996E-05 9.996E-05 9.996E-05 9.996E-05
0.9995 9.996E-05 9.996E-05 9.996E-05 9.996E-05 9.996E-05
0.11334 0.0768915 0.395059 0.095623 9.9991E-05 0.318986
0.934075 0.0506749 0.0149504 9.9973E-05 9.9973E-05 9.9973E-05
0.9995 9.996E-05 9.996E-05 9.996E-05 9.996E-05 9.996E-05
0.9995 9.996E-05 9.996E-05 9.996E-05 9.996E-05 9.996E-05
0.152907 0.124398 0.337252 0.0712976 9.9991E-05 0.314045
0.143353 0.0927711 0.322715 0.060606 9.9991E-05 0.380455
0.175317 0.124672 0.344457 0.0802687 9.9991E-05 0.275185
0.234344 0.0742446 0.331478 0.0350057 9.9991E-05 0.324828
0.144352 0.15287 0.377428 0.0707123 9.9991E-05 0.254537
0.101281 0.188918 0.281344 0.0199925 9.9991E-05 0.408364
0.203121 0.149673 0.245263 0.0380454 9.9991E-05 0.363798
0.169335 0.164831 0.320537 0.000847935 9.9991E-05 0.344348
0.238666 0.166226 0.223276 0.0865691 9.9991E-05 0.285163
0.229616 0.165018 0.225381 0.0653514 9.9991E-05 0.314533
0.139907 0.102036 0.262432 0.0505818 9.9991E-05 0.444943
0.215466 0.183321 0.236507 0.0516262 9.9991E-05 0.31298
0.116268 0.0965785 0.344222 0.116658 9.9991E-05 0.326173
0.16516 0.0870294 0.34029 0.0560009 9.9991E-05 0.35142
0.0640364 9.9973E-05 0.843954 0.0917094 9.9973E-05 9.9973E-05
0.0514167 0.00196698 0.933676 0.011248 0.00159267 9.99934E-05
0.0194321 9.9964E-05 0.980168 9.9964E-05 9.9964E-05 9.9964E-05
0.00659983 9.9973E-05 0.985521 0.00757956 9.9973E-05 9.9973E-05
0.035351 9.9973E-05 0.953554 0.0107947 9.9973E-05 9.9973E-05
0.0324537 9.9964E-05 0.967146 9.9964E-05 9.9964E-05 9.9964E-05
0.0233272 9.9973E-05 0.959594 0.016779 9.9973E-05 9.9973E-05
9.9991E-05 0.0965759 0.738921 0.0604824 0.0106644 0.0932561
0.0122449 9.9973E-05 0.935778 0.051677 9.9973E-05 9.9973E-05
0.0102718 9.9973E-05 0.986469 0.00295951 9.9973E-05 9.9973E-05
0.076854 0.0692266 0.811509 0.0422108 9.9982E-05 9.9982E-05
0.0406158 9.9964E-05 0.958984 9.9964E-05 9.9964E-05 9.9964E-05
0.0426659 0.101085 0.653415 0.143529 9.9991E-05 0.0592047
9.996E-05 9.996E-05 9.996E-05 0.9995 9.996E-05 9.996E-05
0.212797 0.0461339 0.32112 0.112415 9.9991E-05 0.307434
9.996E-05 9.996E-05 9.996E-05 0.9995 9.996E-05 9.996E-05
9.996E-05 9.996E-05 9.996E-05 0.9995 9.996E-05 9.996E-05
0.0141578 0.0628562 9.9973E-05 0.922686 9.9973E-05 9.9973E-05
0.0218384 9.9982E-05 0.0329922 0.772196 9.9982E-05 0.172773
9.996E-05 9.996E-05 9.996E-05 0.9995 9.996E-05 9.996E-05
0.007277 0.0490225 0.0343836 0.884097 0.0152863 0.00993334
9.9973E-05 0.0153188 9.9973E-05 0.96611 0.0182715 9.9973E-05
0.0128954 9.9973E-05 0.029238 0.957567 9.9973E-05 9.9973E-05
9.996E-05 9.996E-05 9.996E-05 0.9995 9.996E-05 9.996E-05
9.9973E-05 9.9973E-05 0.00842949 0.990705 0.000565368 9.9973E-05
9.9964E-05 9.9964E-05 0.0170941 0.982506 9.9964E-05 9.9964E-05
0.0420198 0.0167426 0.0746619 0.837806 9.9991E-05 0.02867
9.9973E-05 0.0165248 9.9973E-05 0.939385 9.9973E-05 0.04379
0.0327061 0.0033631 0.0327197 0.855908 9.9991E-05 0.0752032
9.9982E-05 0.0546855 0.0770518 0.847345 0.020718 9.9982E-05
0.0247012 0.0172484 9.9991E-05 0.904013 0.035207 0.0187301
9.9973E-05 0.0479197 9.9973E-05 0.951283 0.000496954 9.9973E-05
0.0875977 0.139091 0.401768 0.0609582 0.0318214 0.278763
0.0619454 0.191277 0.365339 0.0347513 0.0190804 0.327608
0.093355 0.171616 0.35066 0.0740196 0.0498681 0.260481
0.0650583 0.165937 0.378153 0.0653237 0.0339789 0.291549
9.9973E-05 0.934595 9.9973E-05 0.0265482 9.9973E-05 0.0385567
9.996E-05 0.9995 9.996E-05 9.996E-05 9.996E-05 9.996E-05
9.996E-05 0.9995 9.996E-05 9.996E-05 9.996E-05 9.996E-05
9.996E-05 0.9995 9.996E-05 9.996E-05 9.996E-05 9.996E-05
9.996E-05 0.9995 9.996E-05 9.996E-05 9.996E-05 9.996E-05
0.00634657 0.968904 0.0190839 0.0054652 9.9982E-05 9.9982E-05
0.00451675 0.961391 0.0125737 0.0141144 9.9991E-05 0.00730374
0.0183989 0.749166 0.0300999 0.0195544 0.0411031 0.141677
9.9982E-05 0.866691 0.0017039 0.00614551 9.9982E-05 0.12526
9.9973E-05 0.0035254 0.952113 9.9973E-05 0.0440613 9.9973E-05
9.9973E-05 0.0468736 0.929164 9.9973E-05 0.0236626 9.9973E-05
9.9964E-05 9.9964E-05 0.954344 9.9964E-05 0.0452557 9.9964E-05
9.9973E-05 0.010199 0.953123 9.9973E-05 0.0363784 9.9973E-05
9.9973E-05 0.0150181 0.957452 9.9973E-05 0.0272297 9.9973E-05
9.9982E-05 0.0563758 0.798084 9.9982E-05 0.0567376 0.0886024
9.9964E-05 9.9964E-05 0.938509 9.9964E-05 0.0610916 9.9964E-05
9.9973E-05 0.0257675 0.928533 9.9973E-05 0.0453993 9.9973E-05
9.9973E-05 0.00269567 0.940841 9.9973E-05 0.0561637 9.9973E-05
9.9973E-05 0.0149988 0.92218 9.9973E-05 0.0625214 9.9973E-05
9.9973E-05 0.00335789 0.9736 9.9973E-05 0.0227419 9.9973E-05
9.9973E-05 0.047301 0.916093 9.9973E-05 0.0363061 9.9973E-05
