9.996E-05 9.996E-05 9.996E-05 9.996E-05 0.9995 9.996E-05
0.509025 9.9982E-05 9.9982E-05 0.0824477 0.352931 0.0553955
0.48934 9.9982E-05 9.9982E-05 0.0669337 0.361964 0.0815626
0.766989 9.99641E-05 9.99641E-05 9.99641E-05 0.232611 9.99641E-05
0.854896 9.9964E-05 9.9964E-05 9.9964E-05 0.144704 9.9964E-05
0.762073 9.9973E-05 9.9973E-05 9.9973E-05 0.232901 0.00472607
0.600976 9.9964E-05 9.9964E-05 9.9964E-05 0.398624 9.9964E-05
0.636405 9.9973E-05 9.9973E-05 9.9973E-05 0.341826 0.0214685
0.730012 9.9973E-05 9.9973E-05 9.9973E-05 0.24743 0.0222577
9.996E-05 9.996E-05 9.996E-05 9.996E-05 0.9995 9.996E-05
9.996E-05 9.996E-05 9.996E-05 9.996E-05 0.9995 9.996E-05
9.996E-05 9.996E-05 9.996E-05 9.996E-05 0.9995 9.996E-05
9.996E-05 9.996E-05 9.996E-05 9.996E-05 0.9995 9.996E-05
9.9964E-05 0.0635479 9.9964E-05 9.9964E-05 0.936052 9.9964E-05
9.9973E-05 9.9973E-05 0.00254132 9.9973E-05 0.967064 0.0300946
0.712992 0.00228608 9.9991E-05 0.0155085 0.218503 0.0506104
0.587481 0.0676964 9.9991E-05 0.00800188 0.2274 0.10932
0.760805 9.9964E-05 9.9964E-05 9.9964E-05 0.238795 9.9964E-05
0.964715 0.00946965 9.9973E-05 9.9973E-05 0.0255154 9.9973E-05
0.9995 9.996E-05 9.996E-05 9.996E-05 9.996E-05 9.996E-05
0.906816 9.9964E-05 9.9964E-05 9.9964E-05 0.0927841 9.9964E-05
0.897689 9.9982E-05 9.9982E-05 0.0142922 0.0351562 0.0526628
0.94131 9.9973E-05 9.9973E-05 9.9973E-05 0.0502112 0.00817909
0.920009 9.9964E-05 9.9964E-05 9.9964E-05 0.0795913 9.9964E-05
0.946915 9.99641E-05 9.99641E-05 9.99641E-05 0.0526856 9.99641E-05
0.911416 0.0379179 0.0119938 9.9982E-05 0.0384723 9.9982E-05
0.851062 0.0751279 9.9982E-05 9.9982E-05 0.0292816 0.0443286
0.958918 9.99641E-05 9.99641E-05 9.99641E-05 0.0406825 9.99641E-05
0.903407 9.9964E-05 9.9964E-05 9.9964E-05 0.0961927 9.9964E-05
0.851579 9.9964E-05 9.9964E-05 9.9964E-05 0.148021 9.9964E-05
0.869996 9.9964E-05 9.9964E-05 9.9964E-05 0.129604 9.9964E-05
0.925675 0.0253631 0.011806 0.00559758 0.0314586 9.9991E-05
0.912386 0.00589552 9.9991E-05 0.0142182 0.0601025 0.00729775
0.815966 9.9991E-05 0.0488933 0.0139899 0.0896973 0.0313537
0.916234 0.018012 9.9982E-05 9.9982E-05 0.0252216 0.0403324
0.861467 9.9964E-05 9.9964E-05 9.9964E-05 0.138133 9.9964E-05
0.9995 9.996E-05 9.996E-05 9.996E-05 9.996E-05 9.996E-05
0.857395 0.0896406 0.00270285 0.0260471 0.0154852 0.00872931
0.795195 0.0515875 9.9991E-05 0.0419348 0.0716244 0.0395579
0.884055 0.0324106 0.0299064 0.0402482 0.01328 9.9991E-05
0.710632 0.061889 0.0890674 0.0520973 9.9991E-05 0.0862138
0.662514 0.0402439 0.10947 0.0647729 9.9991E-05 0.122899
0.736963 9.9991E-05 0.0774 0.0638387 0.0419913 0.079707
0.776508 0.0188828 0.0981574 0.0445581 9.9991E-05 0.0617939
0.790097 0.0774744 0.065194 9.9982E-05 9.9982E-05 0.0670344
0.906238 0.0530801 9.9973E-05 9.9973E-05 9.9973E-05 0.0403817
0.915684 0.0372325 0.0289878 9.9982E-05 9.9982E-05 0.0178961
0.920605 0.024155 0.0200371 9.9982E-05 9.9982E-05 0.0350033
0.685065 0.110001 0.103497 9.9991E-05 0.0279897 0.0733475
0.70073 9.9991E-05 0.0858788 0.0524433 0.122726 0.0381218
0.811255 0.0343099 0.0205633 0.0479013 0.0323152 0.0536554
0.823674 0.063272 0.0402023 0.000265984 0.00476417 0.0678212
0.8167 0.0694004 0.0319084 9.9991E-05 0.00780503 0.074086
0.756948 0.0969648 0.0592598 0.051456 0.0257331 0.00963809
0.682294 0.0858509 0.0898305 0.0828372 0.0556107 0.00357717
0.75364 0.0290576 0.0917544 0.0210182 9.9991E-05 0.10443
0.614852 0.110602 0.0487366 0.01557 0.102813 0.107426
0.768648 0.119506 0.0750403 0.0366061 9.9982E-05 9.9982E-05
0.910017 0.00440336 9.9973E-05 9.9973E-05 9.9973E-05 0.0852793
0.798362 0.0525334 0.0395213 0.0564101 0.0323552 0.0208186
0.76799 0.136967 0.0947423 9.9973E-05 9.9973E-05 9.9973E-05
0.72823 0.0446945 0.172243 0.0536707 0.00106179 9.9991E-05
0.696466 0.118152 0.0337052 0.0798312 9.9991E-05 0.0717457
0.624221 0.125127 0.12245 0.0497861 9.9991E-05 0.0783154
0.768474 0.0636516 0.167575 9.9973E-05 9.9973E-05 9.9973E-05
0.715823 0.0629889 0.0770809 0.0532501 9.9991E-05 0.0907573
0.73061 0.0600079 0.0777653 0.108797 9.9991E-05 0.0227199
0.666787 0.0852922 0.100848 0.0617796 9.9991E-05 0.0851935
0.88254 0.0535605 0.0208481 0.0125801 0.00472507 0.025746
0.739501 0.00205546 0.106038 0.0488788 9.9991E-05 0.103427
0.747465 9.9991E-05 0.0680627 0.0810753 0.0282614 0.0750361
0.684811 0.0840306 0.0776892 0.0942781 9.9991E-05 0.0590907
0.76769 0.100215 0.0431538 9.9991E-05 0.0437662 0.0450751
0.770333 0.128494 0.0666263 9.9991E-05 0.0113923 0.0230537
0.577424 0.148308 0.158044 0.0155618 0.0264911 0.0741709
0.715283 0.186508 0.0717731 0.0200717 9.9991E-05 0.00626439
0.714856 0.0513295 0.0833544 0.0406332 9.9991E-05 0.109727
0.623278 0.00371911 0.127597 0.184538 9.9991E-05 0.0607689
0.468711 0.164935 0.127876 0.172654 9.9991E-05 0.0657239
0.478143 0.146393 0.149026 0.180648 9.9991E-05 0.0456903
0.519693 0.139879 0.199191 0.0936742 9.9991E-05 0.0474617
0.476619 0.134918 0.113679 0.19185 9.9991E-05 0.0828346
0.489691 0.171007 0.148398 0.117352 9.9991E-05 0.0734526
0.573779 0.092274 0.160057 0.170623 9.9991E-05 0.0031669
0.465842 0.0418765 0.136572 0.236181 0.00219746 0.117331
0.481699 0.0433294 0.179004 0.183062 9.9991E-05 0.112805
0.538443 0.0588326 0.171695 0.11234 0.0162913 0.102397
0.618224 0.0290213 0.192886 0.159669 9.9982E-05 9.9982E-05
0.396259 0.136075 0.219876 0.163794 9.9991E-05 0.0838963
0.417464 0.180573 0.188179 0.115497 9.9991E-05 0.0981874
0.581482 0.0418703 0.108525 0.167901 0.0146356 0.0855861
0.606004 0.00497689 0.150172 0.127526 0.0146431 0.0966775
0.321963 0.205435 0.0914147 0.236752 0.0170949 0.12734
9.996E-05 9.996E-05 9.996E-05 0.9995 9.996E-05 9.996E-05
0.000885469 9.9973E-05 9.9973E-05 0.984454 0.0143604 9.9973E-05
0.0732645 0.000841128 9.9982E-05 0.922592 0.00310283 9.9982E-05
9.996E-05 9.996E-05 9.996E-05 0.9995 9.996E-05 9.996E-05
9.996E-05 9.996E-05 9.996E-05 0.9995 9.996E-05 9.996E-05
9.996E-05 9.996E-05 9.996E-05 0.9995 9.996E-05 9.996E-05
9.9964E-05 9.9964E-05 9.9964E-05 0.998051 0.00154865 9.9964E-05
0.0651639 9.9973E-05 9.9973E-05 0.926111 0.00842477 9.9973E-05
9.9982E-05 0.0112312 0.0117036 0.973951 0.00291427 9.9982E-05
9.996E-05 9.996E-05 9.996E-05 0.9995 9.996E-05 9.996E-05
0.300926 0.159607 0.330746 0.112589 9.9991E-05 0.0960328
0.0563029 0.0223216 9.9973E-05 0.921076 9.9973E-05 9.9973E-05
9.9964E-05 9.9964E-05 9.9964E-05 0.998137 9.9964E-05 0.00146301
9.996E-05 9.996E-05 9.996E-05 0.9995 9.996E-05 9.996E-05
0.30227 0.208275 0.305996 0.148138 9.9991E-05 0.0352204
0.342248 0.153431 0.286863 0.143041 9.9991E-05 0.0743181
0.303827 0.201759 0.280788 0.144872 9.9991E-05 0.0686544
0.31712 0.134879 0.244277 0.221915 9.9991E-05 0.0817083
0.359748 0.154268 0.267314 0.136024 9.9991E-05 0.0825462
0.482244 0.141365 0.196268 0.136533 9.9991E-05 0.0434893
0.354498 0.138035 0.239063 0.191179 9.9991E-05 0.0771254
0.312267 0.186844 0.293472 0.171261 9.9991E-05 0.0360555
0.324148 0.140871 0.178548 0.27097 9.9991E-05 0.0853627
0.301773 0.127244 0.199642 0.26458 9.9991E-05 0.106661
0.422974 0.204225 0.15987 0.122383 9.9991E-05 0.0904478
0.374776 0.16412 0.138558 0.268448 9.9991E-05 0.0539983
0.318869 0.207243 0.253035 0.108013 9.9991E-05 0.11274
0.357041 0.146959 0.289006 0.159108 9.9991E-05 0.0477864
0.0410423 0.0497232 0.87015 0.00799584 9.9991E-05 0.0309889
9.9991E-05 0.0381759 0.912576 0.0257365 0.0128848 0.0105269
9.996E-05 9.996E-05 0.9995 9.996E-05 9.996E-05 9.996E-05
9.996E-05 9.996E-05 0.9995 9.996E-05 9.996E-05 9.996E-05
9.996E-05 9.996E-05 0.9995 9.996E-05 9.996E-05 9.996E-05
9.996E-05 9.996E-05 0.9995 9.996E-05 9.996E-05 9.996E-05
9.996E-05 9.996E-05 0.9995 9.996E-05 9.996E-05 9.996E-05
0.0376848 0.052314 0.8284 0.0146977 0.0668038 9.9991E-05
9.9964E-05 0.00647797 0.993122 9.9964E-05 9.9964E-05 9.9964E-05
9.996E-05 9.996E-05 0.9995 9.996E-05 9.996E-05 9.996E-05
9.9973E-05 9.9973E-05 0.896158 0.0478916 0.0556508 9.9973E-05
9.996E-05 9.996E-05 0.9995 9.996E-05 9.996E-05 9.996E-05
0.0192864 0.0572998 0.776474 0.0228834 0.00890826 0.115148
9.996E-05 9.996E-05 9.996E-05 9.996E-05 9.996E-05 0.9995
0.289429 0.12672 0.242375 0.230542 9.9991E-05 0.110835
9.996E-05 9.996E-05 9.996E-05 9.996E-05 9.996E-05 0.9995
9.996E-05 9.996E-05 9.996E-05 9.996E-05 9.996E-05 0.9995
9.9964E-05 9.9964E-05 9.9964E-05 0.0135825 9.9964E-05 0.986018
0.144894 0.0101648 0.0249373 0.0300287 9.9991E-05 0.789875
9.996E-05 9.996E-05 9.996E-05 9.996E-05 9.996E-05 0.9995
0.0786063 0.0603867 0.00248189 9.9982E-05 9.9982E-05 0.858325
0.0128534 0.0022227 9.9982E-05 0.00930775 9.9982E-05 0.975416
0.0628607 9.9973E-05 0.0107719 9.9973E-05 9.9973E-05 0.926067
0.00145785 9.9973E-05 9.9973E-05 9.9973E-05 0.020792 0.97745
0.0297069 9.9964E-05 9.9964E-05 9.9964E-05 9.9964E-05 0.969893
9.9982E-05 9.9982E-05 0.0143473 0.00404094 0.0101531 0.971259
0.00909254 0.0650517 0.0382386 0.0308822 9.9991E-05 0.856635
0.0238931 9.9973E-05 9.9973E-05 0.00547692 9.9973E-05 0.97033
0.00408463 0.0373963 0.00805135 0.00442919 0.0119668 0.934072
9.9991E-05 0.0603812 0.0299658 0.00539416 0.0290144 0.875144
0.0113557 0.057288 9.9982E-05 9.9982E-05 0.0212225 0.909934
0.00669669 0.0191834 0.0117215 0.00677263 0.00397237 0.951653
0.244653 0.393091 0.12616 0.148756 0.0224481 0.0648919
0.356907 0.366495 0.127637 0.0838981 9.9991E-05 0.0649631
0.300659 0.34691 0.0632985 0.173292 0.0293043 0.0865365
0.325653 0.34696 0.0919003 0.0837163 0.027709 0.124061
0.127522 0.513178 0.0346899 0.218394 9.9991E-05 0.106116
9.99731E-05 0.712871 9.99731E-05 0.215199 9.99731E-05 0.0716305
0.0815495 0.575748 0.0149443 0.222462 9.9991E-05 0.105196
0.0823159 0.580969 9.9982E-05 0.200268 9.9982E-05 0.136247
0.056621 0.577382 0.0186742 0.24881 9.9991E-05 0.0984128
0.110917 0.568647 9.9982E-05 0.206591 9.9982E-05 0.113645
0.10006 0.556385 0.00271644 0.244122 9.9991E-05 0.0966156
0.279153 0.393104 0.082562 0.157603 0.00693591 0.0806415
0.196901 0.480181 0.028001 0.19441 9.9991E-05 0.100407
9.996E-05 0.9995 9.996E-05 9.996E-05 9.996E-05 9.996E-05
9.996E-05 0.9995 9.996E-05 9.996E-05 9.996E-05 9.996E-05
9.996E-05 0.9995 9.996E-05 9.996E-05 9.996E-05 9.996E-05
9.996E-05 0.9995 9.996E-05 9.996E-05 9.996E-05 9.996E-05
9.996E-05 0.9995 9.996E-05 9.996E-05 9.996E-05 9.996E-05
0.0349502 0.955238 9.9973E-05 9.9973E-05 0.00951164 9.9973E-05
9.996E-05 0.9995 9.996E-05 9.996E-05 9.996E-05 9.996E-05
9.996E-05 0.9995 9.996E-05 9.996E-05 9.996E-05 9.996E-05
9.996E-05 0.9995 9.996E-05 9.996E-05 9.996E-05 9.996E-05
9.9973E-05 0.983633 0.00844832 9.9973E-05 0.00761861 9.9973E-05
9.996E-05 0.9995 9.996E-05 9.996E-05 9.996E-05 9.996E-05
9.996E-05 0.9995 9.996E-05 9.996E-05 9.996E-05 9.996E-05
