9.996E-05 9.996E-05 9.996E-05 0.9995 9.996E-05 9.996E-05
0.059418 9.9982E-05 9.9982E-05 0.396542 0.495076 0.0487639
0.0626033 9.9982E-05 9.9982E-05 0.363005 0.491924 0.0822672
9.99641E-05 9.99641E-05 9.99641E-05 0.289726 0.709874 9.99641E-05
9.9973E-05 9.9973E-05 0.0477603 0.174175 0.777765 9.9973E-05
9.9973E-05 9.9973E-05 9.9973E-05 0.205824 0.751387 0.0424895
9.9964E-05 9.9964E-05 9.9964E-05 0.381026 0.618575 9.9964E-05
0.00730359 9.9982E-05 9.9982E-05 0.353019 0.560651 0.0788259
9.9982E-05 9.9982E-05 0.00786402 0.288024 0.644763 0.0591491
9.996E-05 9.996E-05 9.996E-05 0.9995 9.996E-05 9.996E-05
9.996E-05 9.996E-05 9.996E-05 0.9995 9.996E-05 9.996E-05
9.996E-05 9.996E-05 9.996E-05 0.9995 9.996E-05 9.996E-05
9.996E-05 9.996E-05 9.996E-05 0.9995 9.996E-05 9.996E-05
9.9964E-05 9.9964E-05 0.0411425 0.958458 9.9964E-05 9.9964E-05
0.00247917 0.0103094 9.9982E-05 0.982642 9.9982E-05 0.00436928
0.00633008 0.0166872 9.9991E-05 0.221069 0.727802 0.0280125
0.102693 9.9991E-05 0.0492836 0.258291 0.543867 0.0457656
9.9964E-05 9.9964E-05 9.9964E-05 0.254731 0.74487 9.9964E-05
9.99641E-05 9.99641E-05 9.99641E-05 0.0186616 0.980939 9.99641E-05
9.996E-05 9.996E-05 9.996E-05 9.996E-05 0.9995 9.996E-05
9.9964E-05 9.9964E-05 9.9964E-05 0.15782 0.841781 9.9964E-05
9.9973E-05 9.9973E-05 9.9973E-05 0.0250573 0.960066 0.0145768
9.9964E-05 9.9964E-05 9.9964E-05 0.0253123 0.974288 9.9964E-05
9.9964E-05 9.9964E-05 9.9964E-05 0.107335 0.892266 9.9964E-05
9.99641E-05 9.99641E-05 9.99641E-05 0.0448679 0.954732 9.99641E-05
9.9973E-05 9.9973E-05 0.0244206 0.0297919 0.945488 9.9973E-05
9.9982E-05 9.9982E-05 0.0923008 0.0198021 0.865893 0.0218046
9.9964E-05 9.9964E-05 9.9964E-05 0.0526487 0.946951 9.9964E-05
9.9973E-05 0.00124972 9.9973E-05 0.105904 0.892546 9.9973E-05
9.9964E-05 9.9964E-05 9.9964E-05 0.138715 0.860885 9.9964E-05
9.99641E-05 9.99641E-05 9.99641E-05 0.0996959 0.899904 9.99641E-05
0.00470789 0.00433102 0.0190053 0.0632725 0.908583 9.9991E-05
0.000255685 0.00124685 0.0138349 0.0329879 0.951575 9.9991E-05
9.9982E-05 0.0586442 9.9982E-05 0.106276 0.799703 0.0351771
9.9982E-05 9.9982E-05 0.0392059 0.0234663 0.925447 0.0116805
9.9964E-05 9.9964E-05 9.9964E-05 0.143184 0.856416 9.9964E-05
9.996E-05 9.996E-05 9.996E-05 9.996E-05 0.9995 9.996E-05
9.9982E-05 9.9982E-05 0.0770851 0.00660986 0.891935 0.0241699
0.0334675 9.9991E-05 0.0680216 0.0286778 0.830592 0.0391411
0.00698769 9.9982E-05 0.0491761 0.0358593 0.907777 9.9982E-05
0.0634822 0.142263 9.9982E-05 9.9982E-05 0.679884 0.11417
0.0060809 0.0787868 0.095881 9.9991E-05 0.720642 0.0985089
0.0366873 0.0878664 9.9991E-05 0.076496 0.702244 0.0966065
0.0419701 0.0939883 0.0423124 9.9991E-05 0.734161 0.0874682
9.9982E-05 0.0617299 0.0697856 9.9982E-05 0.786106 0.0821788
9.9973E-05 9.9973E-05 0.0240814 9.9973E-05 0.931578 0.0440407
9.9982E-05 0.0205376 0.0195472 9.9982E-05 0.932514 0.0272017
9.9982E-05 0.0422766 0.0320594 9.9982E-05 0.878649 0.0468156
9.9991E-05 0.114734 0.0816756 0.0588276 0.701192 0.0434703
0.00941148 0.0414592 9.9991E-05 0.103797 0.839501 0.00573103
9.9991E-05 0.00741313 0.107512 0.0206988 0.814168 0.0501081
9.9982E-05 0.0492735 0.0609554 9.9982E-05 0.824494 0.0650768
9.9982E-05 0.0146094 0.0865804 9.9982E-05 0.843983 0.0546272
0.0080801 0.125163 0.124925 0.0159785 0.725753 9.9991E-05
0.0696245 0.0880517 0.0515682 0.0292077 0.748303 0.0132448
0.0304288 0.0801682 9.9982E-05 9.9982E-05 0.795193 0.0940099
0.0235284 0.064459 0.0755177 0.068917 0.673269 0.0943093
0.0697249 0.0620575 0.0881251 9.9982E-05 0.779892 9.9982E-05
9.9973E-05 9.9973E-05 0.0382786 9.9973E-05 0.921621 0.0398005
0.0205225 9.9982E-05 0.112295 0.0106372 0.856345 9.9982E-05
0.00351614 0.110058 0.116302 9.9982E-05 0.769924 9.9982E-05
0.0268633 0.18919 0.0132906 9.9982E-05 0.770456 9.9982E-05
0.119884 0.0414613 0.0878758 9.9991E-05 0.680848 0.0698304
0.0459525 0.10063 0.0986755 9.9991E-05 0.627983 0.126659
0.00539353 0.118112 0.0482697 9.9982E-05 0.828025 9.9982E-05
0.0534059 0.0846197 0.0722114 9.9991E-05 0.662838 0.126825
0.0970839 0.069304 0.046872 9.9991E-05 0.761403 0.0252374
0.0623799 0.123929 0.0386237 0.0196418 0.657571 0.0978543
9.9982E-05 0.0209498 0.0776009 9.9982E-05 0.855246 0.0460034
0.03205 0.103388 0.0473574 9.9991E-05 0.711621 0.105484
0.10601 0.071167 9.9991E-05 0.0267461 0.715494 0.0804838
0.0739884 0.123345 0.0363849 9.9991E-05 0.686284 0.0798977
0.0386954 9.9991E-05 0.0984663 0.0271288 0.811258 0.0243514
9.9982E-05 0.0189891 0.125931 9.9982E-05 0.819555 0.0353252
0.00380902 0.226132 0.074151 0.0216248 0.617657 0.0566264
0.0331487 0.0868778 0.14711 9.9991E-05 0.720204 0.0125592
0.0752029 0.066864 0.00698569 9.9991E-05 0.725818 0.12503
0.124629 0.137917 0.0660426 9.9991E-05 0.613638 0.0576738
0.131729 0.212039 0.107495 9.9991E-05 0.521968 0.0266693
0.168716 0.160897 0.137301 9.9991E-05 0.495497 0.0374902
0.109369 0.24149 0.124702 9.9991E-05 0.456228 0.0681104
0.187657 0.168481 0.116385 9.9991E-05 0.486272 0.0411058
0.170541 0.131776 0.121072 9.9991E-05 0.527155 0.0493554
0.14723 0.143853 0.0693002 9.9982E-05 0.639417 9.9982E-05
0.206688 0.11211 0.040948 9.9991E-05 0.545433 0.0947207
0.188307 0.0794102 0.077669 9.9991E-05 0.509917 0.144597
0.111585 0.150897 0.0837243 0.025284 0.536724 0.0917864
0.131887 0.17109 0.0920075 9.9991E-05 0.603625 0.00128977
0.156252 0.126371 0.143247 9.9991E-05 0.489024 0.0850068
0.11681 0.190864 0.169493 9.9991E-05 0.405226 0.117507
0.177512 0.100311 0.0345419 0.0232974 0.552937 0.111401
0.175964 0.14227 0.0123107 0.0120802 0.562095 0.0952802
0.196139 0.108467 0.201106 0.00837377 0.346734 0.139181
0.9995 9.996E-05 9.996E-05 9.996E-05 9.996E-05 9.996E-05
0.957614 9.9964E-05 9.9964E-05 0.0419864 9.9964E-05 9.9964E-05
0.915148 9.9973E-05 9.9973E-05 0.00627394 0.0782784 9.9973E-05
0.9995 9.996E-05 9.996E-05 9.996E-05 9.996E-05 9.996E-05
0.9995 9.996E-05 9.996E-05 9.996E-05 9.996E-05 9.996E-05
0.9995 9.996E-05 9.996E-05 9.996E-05 9.996E-05 9.996E-05
0.9995 9.996E-05 9.996E-05 9.996E-05 9.996E-05 9.996E-05
0.972872 9.9973E-05 9.9973E-05 0.0178595 0.0089681 9.9973E-05
0.9995 9.996E-05 9.996E-05 9.996E-05 9.996E-05 9.996E-05
0.9995 9.996E-05 9.996E-05 9.996E-05 9.996E-05 9.996E-05
0.119796 0.306997 0.184953 9.9991E-05 0.298872 0.0892817
0.948215 9.9982E-05 0.0240868 0.00148445 0.0260134 9.9982E-05
0.9995 9.996E-05 9.996E-05 9.996E-05 9.996E-05 9.996E-05
0.9995 9.996E-05 9.996E-05 9.996E-05 9.996E-05 9.996E-05
0.154284 0.287978 0.170309 9.9991E-05 0.30143 0.0858989
0.161271 0.282736 0.117051 9.9991E-05 0.341828 0.0970137
0.156049 0.278508 0.110485 0.00273903 0.364548 0.0876717
0.195878 0.247539 0.17012 9.9991E-05 0.318417 0.0679458
0.17589 0.284787 0.140168 9.9991E-05 0.315496 0.083558
0.14091 0.21489 0.0645975 9.9991E-05 0.57283 0.006673
0.210802 0.229199 0.0989788 9.9991E-05 0.412377 0.0485424
0.190616 0.303531 0.111453 9.9991E-05 0.384303 0.00999724
0.277497 0.173199 0.121782 9.9991E-05 0.331819 0.0956016
0.245103 0.188631 0.145086 9.9991E-05 0.343878 0.0772027
0.121142 0.192731 0.151368 9.9991E-05 0.439168 0.0954908
0.246223 0.162066 0.120682 9.9991E-05 0.424495 0.0464345
0.129228 0.283549 0.127349 9.9991E-05 0.347068 0.112706
0.171993 0.279786 0.0978078 9.9991E-05 0.390946 0.0593676
0.00982071 0.980612 0.00608779 9.9982E-05 0.00328 9.9982E-05
0.00677175 0.910386 0.0754341 0.00720865 9.9982E-05 9.9982E-05
9.996E-05 0.9995 9.996E-05 9.996E-05 9.996E-05 9.996E-05
9.9973E-05 0.983535 0.0124728 9.9973E-05 0.00369235 9.9973E-05
9.996E-05 0.9995 9.996E-05 9.996E-05 9.996E-05 9.996E-05
9.996E-05 0.9995 9.996E-05 9.996E-05 9.996E-05 9.996E-05
9.996E-05 0.9995 9.996E-05 9.996E-05 9.996E-05 9.996E-05
9.9982E-05 0.82803 0.0690775 0.0302482 0.0724442 9.9982E-05
9.996E-05 0.9995 9.996E-05 9.996E-05 9.996E-05 9.996E-05
9.996E-05 0.9995 9.996E-05 9.996E-05 9.996E-05 9.996E-05
0.0239979 0.920941 9.9982E-05 0.0332954 9.9982E-05 0.0215656
9.996E-05 0.9995 9.996E-05 9.996E-05 9.996E-05 9.996E-05
0.03499 0.786869 0.0080559 9.9991E-05 0.0577883 0.112197
9.996E-05 9.996E-05 9.996E-05 9.996E-05 9.996E-05 0.9995
0.218353 0.210191 0.115792 9.9991E-05 0.354611 0.100953
9.996E-05 9.996E-05 9.996E-05 9.996E-05 9.996E-05 0.9995
9.996E-05 9.996E-05 9.996E-05 9.996E-05 9.996E-05 0.9995
0.0141892 9.9982E-05 0.0103248 0.0202835 9.9982E-05 0.955003
9.9982E-05 0.122366 0.043668 9.9982E-05 0.0713823 0.762384
9.996E-05 9.996E-05 9.996E-05 9.996E-05 9.996E-05 0.9995
9.9973E-05 0.00768087 9.9973E-05 9.9973E-05 0.0442298 0.947789
9.996E-05 9.996E-05 9.996E-05 9.996E-05 9.996E-05 0.9995
9.9973E-05 0.0132006 9.9973E-05 9.9973E-05 0.0327714 0.953728
9.996E-05 9.996E-05 9.996E-05 9.996E-05 9.996E-05 0.9995
9.996E-05 9.996E-05 9.996E-05 9.996E-05 9.996E-05 0.9995
0.0117664 0.0146266 9.9982E-05 9.9982E-05 0.028788 0.944619
0.045494 0.0623026 0.105351 9.9991E-05 0.0249677 0.761784
9.9973E-05 9.9973E-05 9.9973E-05 0.0116661 0.0390522 0.948982
0.0217942 0.0243263 0.00709567 0.0114026 9.9991E-05 0.935281
0.0492982 0.0433974 0.00998306 9.9991E-05 0.0432693 0.853952
9.9991E-05 0.0136831 0.046403 0.0394909 0.027728 0.872595
0.0135135 9.9973E-05 0.0228223 9.9973E-05 9.9973E-05 0.963364
0.105714 0.139674 0.343338 0.0187566 0.295989 0.0965288
0.0569041 0.0905284 0.324284 0.0067627 0.460066 0.0614547
0.12515 0.101119 0.389363 0.017503 0.278359 0.0885054
0.116226 0.0904237 0.370943 0.0224047 0.328408 0.0715943
0.27071 0.0559401 0.450827 9.9991E-05 0.12434 0.0980836
0.256037 0.0108569 0.592327 9.9991E-05 0.044512 0.0961665
0.264855 0.0238541 0.496197 9.9991E-05 0.112983 0.102011
0.251188 0.0294274 0.506011 9.9991E-05 0.132761 0.0805122
0.259262 0.0344643 0.521744 0.00854222 0.0731389 0.102849
0.239753 0.0547928 0.471461 9.9991E-05 0.178245 0.0556491
0.273127 0.0255341 0.461283 9.9991E-05 0.158041 0.0819149
0.176311 0.0462899 0.378159 0.0443604 0.237974 0.116906
0.181832 0.0201856 0.402189 0.0161425 0.29525 0.0844004
9.9964E-05 9.9964E-05 0.997005 0.00259544 9.9964E-05 9.9964E-05
9.996E-05 9.996E-05 0.9995 9.996E-05 9.996E-05 9.996E-05
9.996E-05 9.996E-05 0.9995 9.996E-05 9.996E-05 9.996E-05
9.996E-05 9.996E-05 0.9995 9.996E-05 9.996E-05 9.996E-05
9.996E-05 9.996E-05 0.9995 9.996E-05 9.996E-05 9.996E-05
9.9973E-05 0.00139936 0.891281 9.9973E-05 0.10702 9.9973E-05
9.996E-05 9.996E-05 0.9995 9.996E-05 9.996E-05 9.996E-05
9.996E-05 9.996E-05 0.9995 9.996E-05 9.996E-05 9.996E-05
9.996E-05 9.996E-05 0.9995 9.996E-05 9.996E-05 9.996E-05
9.9964E-05 0.0402987 0.959301 9.9964E-05 9.9964E-05 9.9964E-05
9.996E-05 9.996E-05 0.9995 9.996E-05 9.996E-05 9.996E-05
9.996E-05 9.996E-05 0.9995 9.996E-05 9.996E-05 9.996E-05
