9.996E-05 9.996E-05 9.996E-05 9.996E-05 0.9995 9.996E-05
0.512785 9.9982E-05 9.9982E-05 0.0678921 0.365783 0.0533398
0.496364 9.9982E-05 9.9982E-05 0.041453 0.363262 0.0987217
0.690131 9.99641E-05 9.99641E-05 9.99641E-05 0.309469 9.99641E-05
0.745038 9.9973E-05 0.0925316 9.9973E-05 0.16213 9.9973E-05
0.759449 9.9973E-05 9.9973E-05 9.9973E-05 0.228307 0.0119435
0.64184 9.9964E-05 9.9964E-05 9.9964E-05 0.35776 9.9964E-05
0.579188 9.9982E-05 9.9982E-05 0.00117603 0.365371 0.0540656
0.715574 9.9982E-05 9.9982E-05 0.0150553 0.237538 0.0316319
9.996E-05 9.996E-05 9.996E-05 9.996E-05 0.9995 9.996E-05
9.996E-05 9.996E-05 9.996E-05 9.996E-05 0.9995 9.996E-05
9.996E-05 9.996E-05 9.996E-05 9.996E-05 0.9995 9.996E-05
9.996E-05 9.996E-05 9.996E-05 9.996E-05 0.9995 9.996E-05
9.9973E-05 0.0122566 0.0351762 9.9973E-05 0.952267 9.9973E-05
9.9982E-05 9.9982E-05 0.0313733 0.0104563 0.95193 0.00604071
0.741622 9.9973E-05 9.9973E-05 9.9973E-05 0.220518 0.0375601
0.524717 0.0343438 0.0770804 0.06498 0.212642 0.0862372
0.701507 9.9964E-05 9.9964E-05 9.9964E-05 0.298094 9.9964E-05
0.990671 9.9964E-05 9.9964E-05 9.9964E-05 0.00892959 9.9964E-05
0.995725 9.99641E-05 9.99641E-05 9.99641E-05 0.00387532 9.99641E-05
0.876293 9.9964E-05 9.9964E-05 9.9964E-05 0.123307 9.9964E-05
0.871746 9.9982E-05 9.9982E-05 0.018612 0.0544734 0.054969
0.947477 9.9973E-05 9.9973E-05 9.9973E-05 0.0516639 0.000558673
0.914197 9.9964E-05 9.9964E-05 9.9964E-05 0.0854027 9.9964E-05
0.93534 9.99641E-05 9.99641E-05 9.99641E-05 0.0642602 9.99641E-05
0.919182 0.0205189 0.0276331 9.9982E-05 0.0324662 9.9982E-05
0.844049 9.9982E-05 0.0630779 9.9982E-05 0.0580629 0.0346103
0.938402 9.99641E-05 9.99641E-05 9.99641E-05 0.0611977 9.99641E-05
0.914007 9.9964E-05 9.9964E-05 9.9964E-05 0.0855932 9.9964E-05
0.857594 9.9964E-05 9.9964E-05 9.9964E-05 0.142006 9.9964E-05
0.900885 9.9973E-05 0.00541516 9.9973E-05 0.0934003 9.9973E-05
0.926971 0.0143889 0.0309991 9.9982E-05 0.0274409 9.9982E-05
0.889675 9.9982E-05 0.043808 9.9982E-05 0.0462251 0.0200922
0.809471 0.0522836 9.9982E-05 9.9982E-05 0.0985633 0.0394821
0.880994 9.9982E-05 0.0632816 9.9982E-05 0.0492701 0.00625476
0.848742 9.9964E-05 9.9964E-05 9.9964E-05 0.150858 9.9964E-05
0.99333 9.9964E-05 0.00627002 9.9964E-05 9.9964E-05 9.9964E-05
0.832951 0.0233985 0.0832245 0.0125851 0.0349583 0.0128826
0.826103 9.9991E-05 0.0761165 0.0477775 0.0157024 0.034201
0.924071 0.0259345 0.00563703 0.0303023 0.0139555 9.9991E-05
0.726868 0.136381 9.9982E-05 0.0603916 9.9982E-05 0.0761601
0.700063 0.111829 0.126216 0.0103975 9.9991E-05 0.0513947
0.767737 0.074802 9.9991E-05 0.0399662 0.0426056 0.0747896
0.759954 0.0926684 0.0396846 0.0429895 9.9991E-05 0.0646037
0.722163 0.0976699 0.114269 9.9982E-05 9.9982E-05 0.0656977
0.943067 9.9973E-05 0.019758 9.9973E-05 9.9973E-05 0.0368752
0.938337 0.0159811 0.0201375 9.9982E-05 9.9982E-05 0.0253449
0.874544 0.0395721 0.0536597 9.9982E-05 9.9982E-05 0.032024
0.687374 0.0823297 0.144866 9.9991E-05 0.0558729 0.0294566
0.745953 0.0948302 9.9991E-05 0.0135672 0.119419 0.0261303
0.855343 0.0225699 0.0539881 0.0137924 0.0321124 0.0221946
0.809035 0.0399793 0.0528817 9.9982E-05 9.9982E-05 0.0979037
0.905694 0.00780826 0.0678427 9.9982E-05 9.9982E-05 0.018455
0.788555 0.0477684 0.103998 0.039284 0.0202942 9.9991E-05
0.66622 0.0903338 0.0636015 0.0970058 0.0420438 0.0407956
0.750796 0.0969166 0.0299375 0.0336685 9.9991E-05 0.0885815
0.684679 0.0450366 0.114517 0.0158183 0.0657919 0.0741565
0.773691 0.0530799 0.0975388 0.048958 9.9991E-05 0.0266326
0.916526 9.9964E-05 9.9964E-05 9.9964E-05 9.9964E-05 0.0830744
0.745715 0.0474672 0.135141 0.0152975 0.0461821 0.0101974
0.791171 0.0923107 0.112646 9.9991E-05 0.00193103 0.00184107
0.838121 0.127499 9.9973E-05 0.0340801 9.9973E-05 9.9973E-05
0.743244 0.0583789 0.0680196 0.0922454 9.9991E-05 0.0380124
0.709705 0.104019 0.0567488 0.0322152 9.9991E-05 0.0972122
0.84159 0.114576 0.043534 9.9973E-05 9.9973E-05 9.9973E-05
0.732666 0.0755245 0.0499455 0.0172452 9.9991E-05 0.124519
0.718144 0.119057 0.0355819 0.0946142 9.9991E-05 0.0325033
0.616626 0.122095 0.0621049 0.100513 9.9991E-05 0.0985613
0.825247 0.0397208 0.0627495 0.0264092 0.000203886 0.0456699
0.690248 0.116146 9.9982E-05 0.071015 9.9982E-05 0.122392
0.769357 0.0936072 9.9982E-05 0.0699234 9.9982E-05 0.0669128
0.667241 0.105495 0.0648034 0.05311 9.9991E-05 0.10925
0.71777 0.05474 0.0840427 0.0156477 0.0511213 0.0766788
0.767451 0.0517792 0.115241 9.9991E-05 0.0107796 0.0546492
0.654173 0.174535 0.0837578 9.9991E-05 0.0361293 0.0513053
0.740662 0.0711365 0.15529 0.0287546 9.9991E-05 0.0040566
0.822878 0.0894192 0.00681359 0.0348994 9.9991E-05 0.0458898
0.602059 0.136475 0.0343272 0.167895 9.9991E-05 0.0591443
0.46436 0.197166 0.134135 0.150181 9.9991E-05 0.0540587
0.428979 0.196519 0.128837 0.170188 9.9991E-05 0.0753765
0.480557 0.224917 0.0877624 0.117499 9.9991E-05 0.0891656
0.444478 0.175649 0.125892 0.165275 9.9991E-05 0.0886067
0.47311 0.1698 0.11309 0.132657 9.9991E-05 0.111243
0.60729 0.186387 0.0418572 0.162032 9.9991E-05 0.00233343
0.499587 0.149753 0.0450497 0.246806 9.9991E-05 0.0587045
0.533711 0.111515 0.0540357 0.192748 9.9991E-05 0.10789
0.548196 0.132706 0.097169 0.0958083 0.0364973 0.0896233
0.589264 0.218738 0.0581813 0.133618 9.9982E-05 9.9982E-05
0.5053 0.154858 0.108219 0.169267 9.9991E-05 0.0622559
0.423606 0.206982 0.138972 0.141059 0.000277803 0.0891031
0.524401 0.0878085 0.0852963 0.221925 0.0243876 0.0561813
0.539303 0.125847 0.0560843 0.162393 0.0282968 0.0880756
0.363402 0.124568 0.18216 0.226002 0.00355615 0.100312
9.996E-05 9.996E-05 9.996E-05 0.9995 9.996E-05 9.996E-05
9.9982E-05 0.0270535 9.9982E-05 0.951329 0.0169459 0.00447144
0.0573707 9.9973E-05 0.0216735 0.920656 9.9973E-05 9.9973E-05
9.996E-05 9.996E-05 9.996E-05 0.9995 9.996E-05 9.996E-05
9.996E-05 9.996E-05 9.996E-05 0.9995 9.996E-05 9.996E-05
9.996E-05 9.996E-05 9.996E-05 0.9995 9.996E-05 9.996E-05
9.996E-05 9.996E-05 9.996E-05 0.9995 9.996E-05 9.996E-05
9.9973E-05 9.9973E-05 9.9973E-05 0.957372 0.0254436 0.0168848
9.9964E-05 9.9964E-05 0.00229022 0.99731 9.9964E-05 9.9964E-05
9.996E-05 9.996E-05 9.996E-05 0.9995 9.996E-05 9.996E-05
0.296073 0.322774 0.169692 0.120317 9.9991E-05 0.0910437
9.9964E-05 9.9964E-05 0.0565137 0.943086 9.9964E-05 9.9964E-05
9.996E-05 9.996E-05 9.996E-05 0.9995 9.996E-05 9.996E-05
9.996E-05 9.996E-05 9.996E-05 0.9995 9.996E-05 9.996E-05
0.25681 0.29217 0.207706 0.179403 9.9991E-05 0.0638115
0.287268 0.262748 0.181324 0.172624 9.9991E-05 0.0959352
0.36566 0.249455 0.15352 0.169567 9.9991E-05 0.0616984
0.339131 0.270604 0.112331 0.205332 9.9991E-05 0.0725028
0.356086 0.266598 0.158396 0.171068 9.9991E-05 0.0477527
0.425459 0.208303 0.158448 0.146316 9.9991E-05 0.0613735
0.396441 0.221887 0.166139 0.165419 9.9991E-05 0.0500149
0.35558 0.269363 0.158119 0.207035 9.9991E-05 0.00980304
0.22946 0.202308 0.153429 0.308977 9.9991E-05 0.105726
0.293212 0.188364 0.136277 0.279813 9.9991E-05 0.102233
0.436501 0.202968 0.171751 0.154209 9.9991E-05 0.0344704
0.332935 0.174323 0.154564 0.247586 9.9991E-05 0.0904914
0.36941 0.23574 0.183015 0.135132 0.00164717 0.0750562
0.371953 0.266778 0.11735 0.166648 9.9991E-05 0.0771702
0.000491721 0.931405 0.028336 9.9982E-05 9.9982E-05 0.0395678
9.9982E-05 0.893368 0.0842359 0.0115898 0.0106066 9.9982E-05
9.996E-05 0.9995 9.996E-05 9.996E-05 9.996E-05 9.996E-05
9.996E-05 0.9995 9.996E-05 9.996E-05 9.996E-05 9.996E-05
9.996E-05 0.9995 9.996E-05 9.996E-05 9.996E-05 9.996E-05
9.996E-05 0.9995 9.996E-05 9.996E-05 9.996E-05 9.996E-05
9.996E-05 0.9995 9.996E-05 9.996E-05 9.996E-05 9.996E-05
0.110321 0.743934 0.106911 9.9982E-05 0.038634 9.9982E-05
9.996E-05 0.9995 9.996E-05 9.996E-05 9.996E-05 9.996E-05
9.996E-05 0.9995 9.996E-05 9.996E-05 9.996E-05 9.996E-05
9.9991E-05 0.871323 0.0148844 0.0731605 0.0261415 0.0143901
9.9964E-05 0.997747 9.9964E-05 9.9964E-05 0.00185308 9.9964E-05
0.0879964 0.725497 0.0390534 0.0180559 0.0224115 0.106986
9.996E-05 9.996E-05 9.996E-05 9.996E-05 9.996E-05 0.9995
0.338932 0.23215 0.0927677 0.217177 9.9991E-05 0.118873
9.996E-05 9.996E-05 9.996E-05 9.996E-05 9.996E-05 0.9995
9.996E-05 9.996E-05 9.996E-05 9.996E-05 9.996E-05 0.9995
9.9964E-05 9.9964E-05 9.9964E-05 0.0253538 9.9964E-05 0.974246
0.120512 0.0916068 9.9982E-05 9.9982E-05 0.00724622 0.780435
9.996E-05 9.996E-05 9.996E-05 9.996E-05 9.996E-05 0.9995
9.9982E-05 0.0392662 0.0655067 9.9982E-05 0.00890519 0.886122
0.00774433 9.9973E-05 9.9973E-05 9.9973E-05 0.00372659 0.988229
9.9964E-05 0.0159626 9.9964E-05 9.9964E-05 9.9964E-05 0.983637
9.996E-05 9.996E-05 9.996E-05 9.996E-05 9.996E-05 0.9995
9.996E-05 9.996E-05 9.996E-05 9.996E-05 9.996E-05 0.9995
9.9964E-05 0.0312479 9.9964E-05 9.9964E-05 9.9964E-05 0.968352
0.0223703 0.0741918 0.0425957 0.0435995 9.9991E-05 0.817143
0.033851 0.00908133 9.9982E-05 9.9982E-05 0.0237627 0.933105
0.067351 0.0309376 0.0158862 0.0207812 9.9991E-05 0.864944
0.0516132 0.00515248 0.053035 9.9991E-05 0.00601174 0.884088
0.110209 9.9973E-05 0.0697358 9.9973E-05 9.9973E-05 0.819755
9.9973E-05 0.0370105 9.9973E-05 0.0148788 9.9973E-05 0.947811
0.288893 0.111034 0.376934 0.1234 0.0205986 0.0791395
0.342264 0.111655 0.334154 0.105389 9.9991E-05 0.106439
0.284484 0.0735204 0.361767 0.149374 0.0282087 0.102646
0.31902 0.0672625 0.36788 0.114494 0.0436376 0.0877058
0.0978276 0.0850816 0.543921 0.196067 9.9991E-05 0.0770024
9.99731E-05 9.99731E-05 0.677826 0.213694 9.99731E-05 0.10818
0.0803647 0.00420108 0.564955 0.212338 9.9991E-05 0.138042
0.031779 0.00444605 0.644945 0.226469 9.9991E-05 0.0922607
0.0595657 0.0169321 0.568486 0.223017 9.9991E-05 0.131899
0.066852 0.0175125 0.560226 0.235157 9.9991E-05 0.120152
0.120984 0.0362717 0.537097 0.198744 9.9991E-05 0.106803
0.13877 0.0881956 0.482502 0.166213 0.0337911 0.0905272
0.19267 0.0245813 0.49846 0.176723 0.00680579 0.100761
9.996E-05 9.996E-05 0.9995 9.996E-05 9.996E-05 9.996E-05
9.996E-05 9.996E-05 0.9995 9.996E-05 9.996E-05 9.996E-05
9.996E-05 9.996E-05 0.9995 9.996E-05 9.996E-05 9.996E-05
9.996E-05 9.996E-05 0.9995 9.996E-05 9.996E-05 9.996E-05
9.996E-05 9.996E-05 0.9995 9.996E-05 9.996E-05 9.996E-05
0.0722298 9.9964E-05 0.92737 9.9964E-05 9.9964E-05 9.9964E-05
9.996E-05 9.996E-05 0.9995 9.996E-05 9.996E-05 9.996E-05
9.996E-05 9.996E-05 0.9995 9.996E-05 9.996E-05 9.996E-05
9.996E-05 9.996E-05 0.9995 9.996E-05 9.996E-05 9.996E-05
9.996E-05 9.996E-05 0.9995 9.996E-05 9.996E-05 9.996E-05
9.996E-05 9.996E-05 0.9995 9.996E-05 9.996E-05 9.996E-05
9.996E-05 9.996E-05 0.9995 9.996E-05 9.996E-05 9.996E-05
