9.996E-05 9.996E-05 9.996E-05 9.996E-05 0.9995 9.996E-05
0.0417393 0.0803809 9.9982E-05 0.0680069 0.809673 9.9982E-05
9.996E-05 0.9995 9.996E-05 9.996E-05 9.996E-05 9.996E-05
0.0290889 0.842761 9.9973E-05 9.9973E-05 9.9973E-05 0.127851
0.00493365 0.0127714 0.0635906 0.071309 0.847295 9.9991E-05
9.9973E-05 0.0475082 9.9973E-05 9.9973E-05 0.881296 0.0708959
9.997E-05 9.997E-05 9.997E-05 0.123392 0.813331 0.0629773
9.9964E-05 9.9964E-05 0.135874 9.9964E-05 0.863726 9.9964E-05
9.9973E-05 0.487934 9.9973E-05 0.145537 0.366229 9.9973E-05
0.0574441 0.185226 0.119836 0.181624 0.455769 9.9991E-05
0.0368154 0.00633027 9.9973E-05 9.9973E-05 9.9973E-05 0.956554
9.9964E-05 9.9964E-05 0.00924242 9.9964E-05 9.9964E-05 0.990358
9.9973E-05 0.0427688 9.9973E-05 9.9973E-05 0.163217 0.793714
0.0174233 0.125334 0.0916652 9.9982E-05 9.9982E-05 0.765377
0.0747787 0.0946752 9.9991E-05 0.0124769 0.0337742 0.784195
9.9964E-05 9.9964E-05 9.9964E-05 9.9964E-05 0.0195476 0.980053
9.996E-05 9.996E-05 9.996E-05 9.996E-05 9.996E-05 0.9995
9.9982E-05 0.1167 0.104736 0.205029 9.9982E-05 0.573334
0.00521013 9.9982E-05 0.165158 0.0116354 9.9982E-05 0.817797
9.997E-05 0.165372 0.0243096 9.997E-05 9.997E-05 0.810019
9.999E-05 0.175229 0.033059 0.0994422 0.0157812 0.676389
9.9973E-05 9.9973E-05 9.9973E-05 0.115631 0.285827 0.598242
9.9964E-05 9.9964E-05 9.9964E-05 9.9964E-05 0.0233902 0.97621
9.998E-05 9.998E-05 0.0747915 0.073477 0.0183411 0.83319
0.00637929 0.0270119 0.0353067 0.160798 0.0109319 0.759572
0.000630457 9.9991E-05 0.0520496 0.219551 0.0802231 0.647446
9.9973E-05 9.9973E-05 0.308813 0.114295 9.9973E-05 0.576592
0.0136921 0.0206052 0.0811872 0.323243 0.0519358 0.509337
9.9982E-05 9.9982E-05 0.163323 0.307036 0.0134677 0.515973
9.9964E-05 9.9964E-05 9.9964E-05 0.301568 9.9964E-05 0.698032
9.997E-05 0.289653 0.294892 0.415155 9.997E-05 9.997E-05
9.9973E-05 0.284061 0.378444 0.337195 9.9973E-05 9.9973E-05
9.9982E-05 0.0293248 0.754313 0.166896 9.9982E-05 0.0492664
9.9973E-05 9.9973E-05 0.983071 9.9973E-05 0.0125467 0.00408244
9.9973E-05 0.00383127 0.716747 9.9973E-05 9.9973E-05 0.279122
9.9982E-05 0.117729 0.804543 0.0672241 0.0103033 9.9982E-05
9.9973E-05 9.9973E-05 0.677377 9.9973E-05 0.273626 0.0486971
9.9991E-05 0.0129396 0.723928 0.101905 0.0149225 0.146205
0.00405265 0.0139556 0.948944 9.9982E-05 9.9982E-05 0.0328482
0.0344828 9.9982E-05 0.481886 0.322365 9.9982E-05 0.161066
9.9982E-05 0.0199431 0.921243 0.0222743 0.03634 9.9982E-05
9.999E-05 0.0440052 0.439991 0.367717 0.0770286 0.0711584
0.0142594 0.0668949 0.773364 0.0895602 9.9991E-05 0.0558212
0.0308135 9.9982E-05 0.835403 9.9982E-05 0.016221 0.117363
9.9973E-05 0.0309716 0.745002 0.223727 9.9973E-05 9.9973E-05
0.00189981 9.9982E-05 0.604359 0.288219 0.105322 9.9982E-05
0.0489192 9.997E-05 0.762476 0.188305 9.997E-05 9.997E-05
9.9964E-05 9.9964E-05 0.631783 0.367818 9.9964E-05 9.9964E-05
9.9982E-05 9.9982E-05 0.681271 0.121646 0.0518687 0.145014
9.998E-05 0.0122319 0.667171 0.234737 0.0856605 9.998E-05
9.9973E-05 0.0175917 0.619278 0.36283 9.9973E-05 9.9973E-05
0.0125915 9.9982E-05 0.833116 0.0804407 0.0736523 9.9982E-05
0.0155001 9.9982E-05 0.484433 0.499629 0.000237524 9.9982E-05
9.9964E-05 9.9964E-05 0.763602 0.235998 9.9964E-05 9.9964E-05
0.00192319 9.9973E-05 0.77648 0.221297 9.9973E-05 9.9973E-05
0.0654992 0.0203033 0.524126 0.389872 9.9982E-05 9.9982E-05
0.0126099 9.9991E-05 0.0071646 0.884186 0.0532699 0.0426691
9.9982E-05 0.0371203 9.9982E-05 0.793757 0.0650242 0.103898
9.9973E-05 0.0529579 9.9973E-05 0.849542 0.0972006 9.9973E-05
9.9973E-05 9.9973E-05 9.9973E-05 0.775207 0.170479 0.0540145
9.9982E-05 9.9982E-05 0.085203 0.862785 0.000982955 0.0508295
0.11021 0.0664743 0.343864 0.475741 0.00361003 9.9991E-05
9.9982E-05 9.9982E-05 0.0710851 0.886506 0.0255594 0.0166498
0.0368225 9.9964E-05 9.9964E-05 0.962778 9.9964E-05 9.9964E-05
0.00802796 9.9982E-05 0.030569 0.918673 9.9982E-05 0.0425297
9.996E-05 9.996E-05 9.996E-05 0.9995 9.996E-05 9.996E-05
0.0247076 9.9964E-05 9.9964E-05 0.974893 9.9964E-05 9.9964E-05
0.00482175 0.0151273 9.9982E-05 0.97017 9.9982E-05 0.00968127
9.9964E-05 0.00179332 9.9964E-05 0.997807 9.9964E-05 9.9964E-05
9.996E-05 9.996E-05 9.996E-05 0.9995 9.996E-05 9.996E-05
9.9964E-05 9.9964E-05 0.011468 0.988132 9.9964E-05 9.9964E-05
0.0366957 9.998E-05 0.182749 0.672907 0.107448 9.998E-05
0.00884036 9.9964E-05 9.9964E-05 0.99076 9.9964E-05 9.9964E-05
0.0620747 9.9991E-05 0.199346 0.682045 0.0438674 0.0125663
0.559156 0.00965956 0.00644661 0.316781 9.9991E-05 0.107857
0.9995 9.996E-05 9.996E-05 9.996E-05 9.996E-05 9.996E-05
0.0489383 0.0260304 0.23788 0.626163 0.0107386 0.05025
