9.996E-05 9.996E-05 9.996E-05 0.9995 9.996E-05 9.996E-05
9.9982E-05 0.524544 0.0812021 0.368843 0.025211 9.9982E-05
9.9982E-05 0.48744 0.0528195 0.377614 0.081926 9.9982E-05
9.9973E-05 0.696814 9.9973E-05 0.302297 0.000589353 9.9973E-05
0.0880069 0.752498 9.9973E-05 0.159195 9.9973E-05 9.9973E-05
9.9973E-05 0.785217 9.9973E-05 0.205612 0.00887056 9.9973E-05
9.9964E-05 0.655652 9.9964E-05 0.343949 9.9964E-05 9.9964E-05
9.9973E-05 0.604463 9.9973E-05 0.340591 0.0546462 9.9973E-05
0.00335139 0.731836 9.9982E-05 0.210995 0.0536173 9.9982E-05
9.996E-05 9.996E-05 9.996E-05 0.9995 9.996E-05 9.996E-05
9.996E-05 9.996E-05 9.996E-05 0.9995 9.996E-05 9.996E-05
9.996E-05 9.996E-05 9.996E-05 0.9995 9.996E-05 9.996E-05
9.996E-05 9.996E-05 9.996E-05 0.9995 9.996E-05 9.996E-05
0.000451237 0.0174222 9.9973E-05 0.981827 9.9973E-05 9.9973E-05
9.9982E-05 0.00618226 0.00759434 0.977007 9.9982E-05 0.00901611
9.9973E-05 0.696054 9.9973E-05 0.261921 0.0417247 9.9973E-05
0.0471658 0.535758 0.0603875 0.208879 0.0883785 0.0594312
9.9964E-05 0.734241 9.9964E-05 0.265359 9.9964E-05 9.9964E-05
0.014922 0.972874 9.9973E-05 0.0119041 9.9973E-05 9.9973E-05
9.996E-05 0.9995 9.996E-05 9.996E-05 9.996E-05 9.996E-05
9.9964E-05 0.881873 9.9964E-05 0.117727 9.9964E-05 9.9964E-05
9.9982E-05 0.94124 0.00139043 0.0219665 0.0352033 9.9982E-05
9.9973E-05 0.953386 0.00740717 0.0389071 9.9973E-05 9.9973E-05
9.9964E-05 0.925307 9.9964E-05 0.0742934 9.9964E-05 9.9964E-05
9.9964E-05 0.95788 9.9964E-05 0.0417198 9.9964E-05 9.9964E-05
0.0276661 0.926306 9.9982E-05 0.0241608 9.9982E-05 0.0216676
0.0456671 0.885557 9.9982E-05 0.0311315 0.0374444 9.9982E-05
9.9964E-05 0.938504 9.9964E-05 0.0610961 9.9964E-05 9.9964E-05
0.0309596 0.866286 9.9973E-05 0.102454 9.9973E-05 9.9973E-05
9.9964E-05 0.867803 9.9964E-05 0.131797 9.9964E-05 9.9964E-05
9.99641E-05 0.908249 9.99641E-05 0.0913507 9.99641E-05 9.99641E-05
0.0193884 0.949937 9.9973E-05 0.0303746 9.9973E-05 9.9973E-05
9.9982E-05 0.871981 0.0368415 0.055856 0.0351216 9.9982E-05
9.9982E-05 0.775831 9.9982E-05 0.0832701 0.0489435 0.0917554
0.0531551 0.857402 9.9982E-05 0.0578058 0.0314367 9.9982E-05
9.9964E-05 0.879171 9.9964E-05 0.12043 9.9964E-05 9.9964E-05
9.996E-05 0.9995 9.996E-05 9.996E-05 9.996E-05 9.996E-05
0.11466 0.836399 0.0216881 0.0239875 0.00316591 9.9991E-05
0.0948807 0.807833 0.047769 0.00407197 0.0453451 9.9991E-05
0.02106 0.895174 0.0175853 0.0447109 9.9991E-05 0.0213694
0.0219031 0.69793 0.0605762 9.9991E-05 0.0865138 0.132977
0.106561 0.649353 0.015843 9.9991E-05 0.0762103 0.151933
9.9991E-05 0.669912 0.0515297 0.0551796 0.0981841 0.125095
0.0108256 0.809296 0.0303299 9.9991E-05 0.0590566 0.0903915
0.0562494 0.74273 9.9982E-05 9.9982E-05 0.114508 0.0863131
0.0263218 0.923244 9.9982E-05 9.9982E-05 0.0471055 0.0031284
0.00645467 0.90107 9.9982E-05 9.9982E-05 0.0581287 0.0341468
0.0509398 0.85786 9.9982E-05 9.9982E-05 0.0689289 0.0220715
0.0870197 0.666468 9.9991E-05 0.0514669 0.0689658 0.12598
9.9991E-05 0.759852 0.0319172 0.0900655 0.0427715 0.0752939
0.0276637 0.77937 0.0501187 0.0265427 0.0923326 0.023972
0.0603736 0.780525 9.9982E-05 9.9982E-05 0.100127 0.0587746
0.075469 0.811498 9.9982E-05 9.9982E-05 0.0561015 0.0567315
0.128853 0.756646 0.0439651 0.0162931 9.9991E-05 0.0541435
0.0809569 0.689663 0.0680152 0.0477839 0.0328028 0.0807779
0.0275477 0.657561 0.0478385 9.9991E-05 0.114207 0.152746
0.124042 0.645123 0.0112599 0.0770146 0.0761863 0.0663735
0.110583 0.748317 0.0333072 9.9991E-05 0.0229653 0.0847275
0.0811219 0.858064 9.9982E-05 9.9982E-05 0.0602721 0.000342279
0.119776 0.705883 0.0360358 0.048924 0.0618397 0.0275408
0.0854355 0.797658 9.9982E-05 9.9982E-05 0.00120164 0.115505
0.00347352 0.80549 0.0197326 9.9982E-05 9.9982E-05 0.171104
0.0797554 0.665685 0.0411994 0.012361 0.11975 0.0812492
0.0722013 0.624848 0.00839058 9.9991E-05 0.103997 0.190463
0.0507714 0.846519 9.9973E-05 9.9973E-05 9.9973E-05 0.102409
0.0408198 0.703704 0.0357628 9.9991E-05 0.0879119 0.131701
0.0611135 0.703311 0.101491 9.9991E-05 0.00978352 0.1242
0.066401 0.629171 0.0542601 9.9991E-05 0.0787305 0.171338
0.0314175 0.881741 0.020839 9.9991E-05 0.0160123 0.0498906
0.010269 0.669544 0.0276028 9.9991E-05 0.099576 0.192908
9.9991E-05 0.727923 0.0921907 0.021855 0.0764685 0.0814627
0.0522921 0.693324 0.0871362 9.9991E-05 0.042233 0.124915
0.0831699 0.845093 0.014143 0.0366165 0.0208772 9.9991E-05
0.116594 0.775073 9.9991E-05 0.0276116 0.0453218 0.0352998
0.0683895 0.628167 0.00502352 0.0167907 0.0837133 0.197916
0.133564 0.745212 0.0737287 9.9991E-05 0.00532944 0.0420667
0.0452401 0.735874 0.0753383 9.9991E-05 0.127633 0.0158143
0.051412 0.573841 0.205126 9.9991E-05 0.0623452 0.107176
0.127856 0.449721 0.135435 9.9991E-05 0.118632 0.168257
0.104679 0.438766 0.175118 9.9991E-05 0.0639584 0.217379
0.092147 0.480171 0.0971163 9.9991E-05 0.086045 0.244421
0.123798 0.459488 0.174845 9.9991E-05 0.0439689 0.1978
0.133588 0.433323 0.144204 9.9991E-05 0.103347 0.185438
0.0837289 0.598017 0.123505 0.000287963 0.00263902 0.191822
0.0794893 0.499623 0.235055 9.9991E-05 0.043007 0.142725
0.0705015 0.481289 0.192069 9.9991E-05 0.11536 0.14068
0.0921991 0.503162 0.108628 0.0206645 0.113999 0.161347
0.0478775 0.551955 0.141211 9.9991E-05 0.00499353 0.253864
0.0962806 0.448824 0.136328 9.9991E-05 0.0785658 0.239902
0.172256 0.327902 0.154607 0.000115815 0.128995 0.216125
0.0809209 0.551695 0.170389 9.9991E-05 0.0811054 0.11579
0.0494992 0.553729 0.131974 0.00312998 0.0788111 0.182857
0.186268 0.372441 0.220399 0.00836137 0.112434 0.100098
9.996E-05 9.996E-05 0.9995 9.996E-05 9.996E-05 9.996E-05
9.9982E-05 0.0155484 0.944687 0.0198794 9.9982E-05 0.0196855
9.9991E-05 0.0252167 0.916591 0.0205717 0.0172378 0.0202831
9.996E-05 9.996E-05 0.9995 9.996E-05 9.996E-05 9.996E-05
9.996E-05 9.996E-05 0.9995 9.996E-05 9.996E-05 9.996E-05
9.996E-05 9.996E-05 0.9995 9.996E-05 9.996E-05 9.996E-05
9.996E-05 9.996E-05 0.9995 9.996E-05 9.996E-05 9.996E-05
9.9982E-05 0.0545487 0.920593 0.0238338 0.0008247 9.9982E-05
9.996E-05 9.996E-05 0.9995 9.996E-05 9.996E-05 9.996E-05
9.996E-05 9.996E-05 0.9995 9.996E-05 9.996E-05 9.996E-05
0.139943 0.278603 0.123889 9.9991E-05 0.0808693 0.376596
0.00345912 0.00549828 0.970346 9.9991E-05 0.00866128 0.0119358
9.9964E-05 9.9964E-05 0.989339 9.9964E-05 0.010261 9.9964E-05
9.996E-05 9.996E-05 0.9995 9.996E-05 9.996E-05 9.996E-05
0.181824 0.274002 0.156271 9.9991E-05 0.074597 0.313206
0.140309 0.298746 0.158602 9.9991E-05 0.0786555 0.323587
0.170566 0.30781 0.175867 9.9991E-05 0.0563017 0.289356
0.170752 0.292886 0.177573 9.9991E-05 0.0678494 0.29084
0.140928 0.305472 0.150739 9.9991E-05 0.0832585 0.319503
0.15897 0.437928 0.14149 9.9991E-05 0.0232082 0.238304
0.0888998 0.402911 0.231741 9.9991E-05 0.0607602 0.215587
0.147795 0.328548 0.196876 9.9991E-05 0.00185895 0.324823
0.123342 0.240629 0.281617 9.9991E-05 0.133831 0.220482
0.121518 0.29047 0.25782 0.00342291 0.0891856 0.237582
0.138195 0.426635 0.149824 9.9991E-05 0.0712474 0.213999
0.160541 0.363194 0.241149 9.9991E-05 0.0817452 0.153271
0.133843 0.372631 0.0865812 9.9991E-05 0.109791 0.297053
0.107817 0.361173 0.17704 9.9991E-05 0.0676621 0.286208
0.00617031 9.9973E-05 9.9973E-05 9.9973E-05 0.00441876 0.989111
0.0323458 9.9982E-05 0.00986051 0.0474632 9.9982E-05 0.910131
9.996E-05 9.996E-05 9.996E-05 9.996E-05 9.996E-05 0.9995
9.996E-05 9.996E-05 9.996E-05 9.996E-05 9.996E-05 0.9995
9.996E-05 9.996E-05 9.996E-05 9.996E-05 9.996E-05 0.9995
9.996E-05 9.996E-05 9.996E-05 9.996E-05 9.996E-05 0.9995
9.996E-05 9.996E-05 9.996E-05 9.996E-05 9.996E-05 0.9995
0.0276072 0.0309932 9.9982E-05 0.0711602 9.9982E-05 0.870039
0.00256676 9.9973E-05 9.9973E-05 9.9973E-05 0.00169994 0.995433
9.996E-05 9.996E-05 9.996E-05 9.996E-05 9.996E-05 0.9995
9.9982E-05 9.9982E-05 0.0306296 0.0494837 0.0217358 0.897951
9.996E-05 9.996E-05 9.996E-05 9.996E-05 9.996E-05 0.9995
0.0489399 0.0294432 0.0182441 9.9991E-05 0.0609968 0.842276
9.996E-05 9.996E-05 9.996E-05 9.996E-05 0.9995 9.996E-05
0.118793 0.290107 0.221136 9.9991E-05 0.113388 0.256476
9.996E-05 9.996E-05 9.996E-05 9.996E-05 0.9995 9.996E-05
9.996E-05 9.996E-05 9.996E-05 9.996E-05 0.9995 9.996E-05
9.9973E-05 9.9973E-05 0.0374792 0.0190861 0.943135 9.9973E-05
0.0577002 0.0615973 0.0217829 9.9991E-05 0.775873 0.0829468
9.996E-05 9.996E-05 9.996E-05 9.996E-05 0.9995 9.996E-05
0.0859353 0.0210148 9.9982E-05 9.9982E-05 0.8549 0.0379495
9.9964E-05 9.9964E-05 0.0103729 9.9964E-05 0.989227 9.9964E-05
9.9973E-05 0.00561932 9.9973E-05 9.9973E-05 0.905684 0.0883971
9.9973E-05 9.9973E-05 0.00352841 0.0132275 0.982944 9.9973E-05
0.0133255 0.00997806 9.9973E-05 9.9973E-05 0.976396 9.9973E-05
9.9964E-05 9.9964E-05 9.9964E-05 9.9964E-05 0.987522 0.0120783
0.0658305 9.9982E-05 0.0134881 9.9982E-05 0.823381 0.0971004
0.0132108 9.9973E-05 9.9973E-05 0.0245088 0.961981 9.9973E-05
0.0203637 0.059527 0.0309639 9.9991E-05 0.87631 0.012735
0.0130984 0.0206143 0.0116688 0.00131968 0.910343 0.0429555
0.0296591 0.00712812 0.0130388 0.0513077 0.898766 9.9991E-05
9.9982E-05 9.9982E-05 0.000185482 0.0211165 0.926806 0.051692
0.367393 0.302538 0.129877 0.0229614 0.0575969 0.119633
0.340307 0.337719 0.121181 9.9991E-05 0.0721633 0.128531
0.35806 0.278932 0.174957 0.00132936 0.0879998 0.098722
0.371718 0.349369 0.090697 0.018628 0.0979024 0.0716853
0.415432 0.0979882 0.237963 9.9991E-05 0.106476 0.14204
0.544658 0.0293778 0.265418 9.9991E-05 0.10221 0.0582371
0.450773 0.130322 0.222912 9.9991E-05 0.102251 0.0936417
0.526116 0.0761764 0.242292 9.9991E-05 0.0987777 0.056538
0.483184 0.101032 0.230836 9.9991E-05 0.101706 0.0831419
0.459869 0.13834 0.245176 9.9991E-05 0.0903305 0.066184
0.430353 0.167768 0.249152 9.9991E-05 0.0805096 0.0721181
0.347086 0.242188 0.169574 0.0184546 0.0894367 0.133261
0.380032 0.255199 0.18618 9.9991E-05 0.0845799 0.093909
0.9995 9.996E-05 9.996E-05 9.996E-05 9.996E-05 9.996E-05
0.9995 9.996E-05 9.996E-05 9.996E-05 9.996E-05 9.996E-05
0.9995 9.996E-05 9.996E-05 9.996E-05 9.996E-05 9.996E-05
0.9995 9.996E-05 9.996E-05 9.996E-05 9.996E-05 9.996E-05
0.9995 9.996E-05 9.996E-05 9.996E-05 9.996E-05 9.996E-05
0.90717 0.0924306 9.9964E-05 9.9964E-05 9.9964E-05 9.9964E-05
0.9995 9.996E-05 9.996E-05 9.996E-05 9.996E-05 9.996E-05
0.9995 9.996E-05 9.996E-05 9.996E-05 9.996E-05 9.996E-05
0.995081 9.9964E-05 9.9964E-05 0.00451875 9.9964E-05 9.9964E-05
0.98113 9.9964E-05 9.9964E-05 9.9964E-05 9.9964E-05 0.0184703
0.9995 9.996E-05 9.996E-05 9.996E-05 9.996E-05 9.996E-05
0.9995 9.996E-05 9.996E-05 9.996E-05 9.996E-05 9.996E-05
