9.995E-05 0.9994 9.995E-05 9.995E-05 9.995E-05 9.995E-05 9.995E-05
0.0186068 0.200212 0.038332 0.0206985 9.9982E-05 9.9982E-05 0.72195
9.995E-05 9.995E-05 0.9994 9.995E-05 9.995E-05 9.995E-05 9.995E-05
0.0104736 9.9982E-05 0.895139 0.0134788 0.0718107 9.9982E-05 0.00889775
0.9994 9.995E-05 9.995E-05 9.995E-05 9.995E-05 9.995E-05 9.995E-05
0.181476 0.797964 0.00372327 9.9973E-05 0.0165371 9.9973E-05 9.9973E-05
9.9964E-05 0.815263 9.9964E-05 0.023516 9.9964E-05 0.160821 9.9964E-05
9.995E-05 9.995E-05 9.995E-05 9.995E-05 9.995E-05 9.995E-05 0.9994
0.867809 9.9964E-05 0.0272336 9.9964E-05 9.9964E-05 0.104557 9.9964E-05
9.9973E-05 9.9973E-05 0.0504665 0.0816425 9.9973E-05 0.00784246 0.859749
0.221184 9.9964E-05 9.9964E-05 0.0292939 0.749122 9.9964E-05 9.9964E-05
0.164326 9.9955E-05 9.9955E-05 9.9955E-05 0.835175 9.9955E-05 9.9955E-05
9.9973E-05 0.297659 0.0363996 0.00912752 0.656514 9.9973E-05 9.9973E-05
0.00919672 9.9991E-05 0.0539096 0.107487 0.746325 0.0534067 0.0295752
9.9973E-05 0.0409803 0.110452 0.13918 0.709088 9.9973E-05 9.9973E-05
0.0101748 0.0201652 0.0176025 9.9982E-05 0.948073 9.9982E-05 0.00378492
9.995E-05 9.995E-05 9.995E-05 9.995E-05 0.9994 9.995E-05 9.995E-05
9.9973E-05 9.9973E-05 0.0442198 0.16609 0.621382 0.168008 9.9973E-05
9.9982E-05 0.0187935 0.0139372 0.0681214 0.759224 0.139724 9.9982E-05
9.9964E-05 9.9964E-05 0.016299 9.9964E-05 0.92394 9.9964E-05 0.0593615
9.999E-05 0.109727 0.0390035 0.0956758 0.686954 0.0467628 0.0217764
9.9955E-05 9.9955E-05 9.9955E-05 9.9955E-05 0.488534 9.9955E-05 0.510966
9.9955E-05 0.123179 9.9955E-05 9.9955E-05 0.876321 9.9955E-05 9.9955E-05
0.00867218 9.9973E-05 9.9973E-05 0.0392997 0.881446 9.9973E-05 0.0702819
9.9964E-05 9.9964E-05 0.104501 0.234209 0.660889 9.9964E-05 9.9964E-05
9.9973E-05 0.118166 9.9973E-05 0.179328 0.598871 0.103335 9.9973E-05
0.134573 9.9964E-05 9.9964E-05 9.9964E-05 0.443239 0.421788 9.9964E-05
0.0964883 9.9982E-05 0.0871919 0.384566 0.384964 0.0465896 9.9982E-05
9.999E-05 0.0685156 0.0173646 0.310251 0.500694 0.0982974 0.00477823
9.9973E-05 9.9973E-05 0.133005 0.360977 0.462689 0.0430294 9.9973E-05
9.9964E-05 9.9964E-05 0.16042 0.0772909 9.9964E-05 0.76189 9.9964E-05
9.9973E-05 0.0944849 0.154821 0.132853 9.9973E-05 0.617542 9.9973E-05
9.9973E-05 9.9973E-05 0.0520913 0.0985175 0.152422 0.696669 9.9973E-05
9.9964E-05 9.9964E-05 9.9964E-05 9.9964E-05 0.107281 0.872473 0.0198455
0.00523138 9.9973E-05 0.119954 9.9973E-05 0.228693 0.645822 9.9973E-05
9.9973E-05 0.0790161 0.0780663 9.9973E-05 0.0091666 0.833451 9.9973E-05
9.9973E-05 9.9973E-05 0.088856 9.9973E-05 0.0719626 0.473775 0.365106
9.9964E-05 9.9964E-05 9.9964E-05 9.9964E-05 0.156148 0.753633 0.089819
9.9964E-05 9.9964E-05 0.0875288 9.9964E-05 0.115322 0.796749 9.9964E-05
9.9982E-05 0.0475375 0.0208927 0.365915 0.0629144 0.50254 9.9982E-05
9.9964E-05 9.9964E-05 9.9964E-05 0.0225116 9.9964E-05 0.815235 0.161853
0.0312269 0.0375068 0.0301448 0.239776 0.124461 0.535755 0.00112931
9.9982E-05 9.9982E-05 0.123912 0.107439 0.0852785 0.642889 0.0402812
9.9964E-05 9.9964E-05 9.9964E-05 9.9964E-05 0.165098 0.764923 0.0695795
0.0126656 9.9982E-05 0.036348 0.186891 0.105257 0.658639 9.9982E-05
0.00047973 0.0663026 9.9973E-05 0.0598818 9.9973E-05 0.873036 9.9973E-05
9.99551E-05 9.99551E-05 9.99551E-05 0.15683 9.99551E-05 0.84267 9.99551E-05
9.9955E-05 9.9955E-05 9.9955E-05 0.043117 9.9955E-05 0.956383 9.9955E-05
9.9991E-05 0.0478033 0.142911 0.0117964 0.0233453 0.772654 0.00138993
0.100733 9.9982E-05 0.063133 0.122726 9.9982E-05 0.685647 0.02756
0.0075164 9.9964E-05 9.9964E-05 0.026784 9.9964E-05 0.9653 9.9964E-05
9.9955E-05 0.0435998 9.9955E-05 9.9955E-05 9.9955E-05 0.9559 9.9955E-05
9.9964E-05 0.026387 9.9964E-05 0.179229 9.9964E-05 0.793985 9.9964E-05
9.995E-05 9.995E-05 9.995E-05 9.995E-05 9.995E-05 0.9994 9.995E-05
0.00420899 9.9955E-05 9.9955E-05 9.9955E-05 9.9955E-05 0.995291 9.9955E-05
0.0738616 9.9964E-05 9.9964E-05 0.261785 9.9964E-05 0.663954 9.9964E-05
9.9982E-05 0.00151475 0.0290092 0.827712 0.026666 0.114898 9.9982E-05
0.0276267 9.9982E-05 9.9982E-05 0.579691 0.105596 0.251345 0.0355415
0.153211 9.9964E-05 9.9964E-05 0.701652 9.9964E-05 0.144737 9.9964E-05
0.00385791 0.0473191 9.9982E-05 0.627859 9.9982E-05 0.138282 0.182481
9.9982E-05 0.01995 9.9982E-05 0.734988 0.00261822 0.226187 0.0160563
9.9973E-05 9.9973E-05 0.0010252 0.57683 9.9973E-05 0.337508 0.0843369
0.0755833 9.9973E-05 9.9973E-05 0.626761 9.9973E-05 0.275286 0.0220703
9.9955E-05 9.9955E-05 9.9955E-05 0.998719 9.9955E-05 9.9955E-05 0.000780854
9.9964E-05 9.9964E-05 9.9964E-05 0.82162 0.0513909 0.126589 9.9964E-05
0.0175499 9.9955E-05 9.9955E-05 0.98195 9.9955E-05 9.9955E-05 9.9955E-05
9.995E-05 9.995E-05 9.995E-05 0.9994 9.995E-05 9.995E-05 9.995E-05
0.0366591 9.9964E-05 0.0355502 0.927391 9.9964E-05 9.9964E-05 9.9964E-05
9.995E-05 9.995E-05 9.995E-05 0.9994 9.995E-05 9.995E-05 9.995E-05
0.0502879 9.9964E-05 0.023169 0.926143 9.9964E-05 9.9964E-05 9.9964E-05
9.9955E-05 9.9955E-05 9.9955E-05 0.964193 9.9955E-05 0.0353076 9.9955E-05
9.9964E-05 9.9964E-05 9.9964E-05 0.575659 9.9964E-05 0.215004 0.208937
9.9964E-05 9.9964E-05 9.9964E-05 0.968182 9.9964E-05 0.0027552 0.028663
9.9973E-05 0.0446876 9.9973E-05 0.688592 0.0173503 0.24907 9.9973E-05
9.9955E-05 9.9955E-05 9.9955E-05 0.958597 0.0409027 9.9955E-05 9.9955E-05
9.995E-05 9.995E-05 9.995E-05 0.9994 9.995E-05 9.995E-05 9.995E-05
9.9991E-05 0.0575513 0.0216209 0.600016 0.0242861 0.262264 0.034162
