9.993E-05 9.993E-05 9.993E-05 9.993E-05 9.993E-05 9.993E-05 9.993E-05 0.999201 9.993E-05
9.9955E-05 0.096683 9.9955E-05 0.0791439 9.9955E-05 0.561145 9.9955E-05 0.262528 9.9955E-05
9.9955E-05 0.119357 9.9955E-05 0.0370166 9.9955E-05 0.611755 9.9955E-05 0.231372 9.9955E-05
0.0214384 9.9964E-05 9.9964E-05 9.9964E-05 0.0031497 0.730525 0.0629049 0.181582 9.9964E-05
9.9973E-05 0.012281 9.9973E-05 9.9973E-05 0.0767677 0.652884 0.09237 0.0897291 0.0756687
0.052291 0.0254818 9.9973E-05 9.9973E-05 9.9973E-05 0.565808 0.173055 0.174117 0.00894699
9.9946E-05 9.9946E-05 9.9946E-05 9.9946E-05 9.9946E-05 0.733434 0.00613368 0.259832 9.9946E-05
9.9964E-05 0.048476 9.9964E-05 0.00829933 9.9964E-05 0.527524 0.147606 0.267695 9.9964E-05
9.9973E-05 0.0518736 9.9973E-05 0.027961 0.0321023 0.697592 0.0281433 0.162028 9.9973E-05
9.993E-05 9.993E-05 9.993E-05 9.993E-05 9.993E-05 9.993E-05 9.993E-05 0.999201 9.993E-05
9.993E-05 9.993E-05 9.993E-05 9.993E-05 9.993E-05 9.993E-05 9.993E-05 0.999201 9.993E-05
9.993E-05 9.993E-05 9.993E-05 9.993E-05 9.993E-05 9.993E-05 9.993E-05 0.999201 9.993E-05
9.9937E-05 9.9937E-05 9.9937E-05 9.9937E-05 9.9937E-05 9.9937E-05 9.9937E-05 0.991222 0.00807888
9.9946E-05 9.9946E-05 9.9946E-05 9.9946E-05 0.03941 9.9946E-05 9.9946E-05 0.913326 0.0466646
9.9955E-05 9.9955E-05 0.0138331 9.9955E-05 9.9955E-05 9.9955E-05 0.0504593 0.900504 0.034704
9.9973E-05 9.9973E-05 0.115356 0.00496402 0.0392748 0.494286 0.152624 0.193196 9.9973E-05
0.0527052 0.0927631 0.0225123 0.0140893 0.0863212 0.299528 0.168211 0.201127 0.0627432
0.0653846 9.9955E-05 9.9955E-05 9.9955E-05 9.9955E-05 0.726301 0.0256733 0.182142 9.9955E-05
9.9955E-05 9.9955E-05 9.9955E-05 9.9955E-05 0.0451583 0.89774 0.0088755 9.9955E-05 0.0477266
0.0502997 9.9946E-05 9.9946E-05 9.9946E-05 9.9946E-05 0.918687 9.9946E-05 9.9946E-05 0.0304141
0.0567198 9.9964E-05 9.9964E-05 0.0262499 0.0291029 0.852109 9.9964E-05 0.0354187 9.9964E-05
0.0212069 0.0471447 0.0222168 9.9973E-05 9.9973E-05 0.823477 0.00061822 9.9973E-05 0.0850369
9.9964E-05 0.0324543 9.9964E-05 0.00464444 0.0170228 0.824587 9.9964E-05 9.9964E-05 0.120892
9.9946E-05 9.9946E-05 0.0415287 9.9946E-05 9.9946E-05 0.94532 9.9946E-05 9.9946E-05 0.0125514
0.0173169 9.9973E-05 0.00151247 0.0237227 0.0230676 0.84733 0.0867502 9.9973E-05 9.9973E-05
0.141243 0.0110341 0.0451195 9.9982E-05 0.0314768 0.661629 0.099739 9.9982E-05 0.00955794
0.0687043 0.106499 9.9964E-05 9.9964E-05 0.097059 0.701256 9.9964E-05 9.9964E-05 0.0260812
9.9955E-05 0.0192801 0.00811221 9.9955E-05 9.9955E-05 0.918712 0.0533954 9.9955E-05 9.9955E-05
0.11252 9.9982E-05 0.0267446 9.9982E-05 0.038367 0.747513 0.0170058 0.0264422 0.0312079
0.0577713 9.9955E-05 9.9955E-05 9.9955E-05 0.0114348 0.926782 9.9955E-05 0.00351255 9.9955E-05
0.00170998 9.9973E-05 0.000636797 9.9973E-05 0.0134556 0.871115 9.9973E-05 0.0437603 0.0690229
9.9964E-05 0.0305626 0.0718728 9.9964E-05 0.0882719 0.767707 0.041186 9.9964E-05 9.9964E-05
0.185596 0.0117947 0.00583435 9.9964E-05 0.0217364 0.774639 9.9964E-05 9.9964E-05 9.9964E-05
0.162975 0.0471791 0.0807453 9.9973E-05 9.9973E-05 0.639307 0.0358939 0.0336004 9.9973E-05
9.9955E-05 0.0622826 9.9955E-05 9.9955E-05 9.9955E-05 0.758676 0.0346677 9.9955E-05 0.143874
0.0660242 9.9955E-05 9.9955E-05 9.9955E-05 0.00326386 0.868586 9.9955E-05 0.0616262 9.9955E-05
0.203603 9.9955E-05 9.9955E-05 9.9955E-05 9.9955E-05 0.502621 0.286532 9.9955E-05 0.00674387
0.340373 0.0126629 9.9982E-05 9.9982E-05 0.0655393 0.537303 0.00448574 0.00169591 0.0377402
0.249418 0.0490555 9.9973E-05 0.0330179 0.081409 0.546161 0.0406387 9.9973E-05 9.9973E-05
0.384688 9.9964E-05 9.9964E-05 9.9964E-05 0.0124727 0.570594 0.0255182 9.9964E-05 0.00632765
9.9973E-05 0.0888999 0.119336 0.0728362 0.0190683 0.131609 0.567951 9.9973E-05 9.9973E-05
0.120345 0.0250044 0.0722509 0.0538815 9.9982E-05 0.120588 0.593679 0.0140509 9.9982E-05
9.9973E-05 0.0893269 0.0734972 0.0715711 9.9973E-05 0.222018 0.529399 0.0138883 9.9973E-05
0.0797455 0.0265414 0.0583589 0.0418724 0.0356411 0.0907191 0.666922 9.9982E-05 9.9982E-05
0.156425 0.0603371 0.0495873 9.9973E-05 0.059484 0.256618 0.417248 9.9973E-05 9.9973E-05
9.993E-05 9.993E-05 9.993E-05 9.993E-05 9.993E-05 9.993E-05 0.999201 9.993E-05 9.993E-05
9.993E-05 9.993E-05 9.993E-05 9.993E-05 9.993E-05 9.993E-05 0.999201 9.993E-05 9.993E-05
0.0333872 0.0418739 0.0529037 9.9982E-05 0.0450153 0.385859 0.409953 9.9982E-05 0.0308081
0.0963487 0.0491683 0.0789034 9.9991E-05 0.069483 0.191786 0.447782 0.0637252 0.00270398
9.999E-05 0.0211272 0.110011 0.0415926 0.0231293 0.417872 0.279574 0.0924054 0.0141882
0.264812 0.045826 9.9982E-05 0.0181228 0.0386443 0.269796 0.341181 0.021419 9.9982E-05
0.104789 0.0446547 0.0183593 9.9982E-05 0.0230677 0.203278 0.591896 9.9982E-05 0.0137549
9.9955E-05 9.9955E-05 9.9955E-05 9.9955E-05 0.0759581 0.0437444 0.865981 9.9955E-05 0.0138171
0.324755 0.00136772 0.0196794 0.0274611 0.0210839 0.158138 0.303555 0.0552164 0.0887433
0.347747 9.9991E-05 0.0198121 0.0305037 0.0178412 0.168696 0.323899 0.0580865 0.0333142
0.0342432 0.108494 0.0753104 0.0604757 9.9982E-05 0.205937 0.50707 0.00826958 9.9982E-05
0.248788 0.0554344 0.0354941 9.9991E-05 0.0654057 0.194165 0.32432 0.0687489 0.00754464
0.116353 9.9982E-05 0.0476215 0.0196055 0.0890036 0.24692 0.471806 9.9982E-05 0.00849025
9.9937E-05 9.9937E-05 9.9937E-05 9.9937E-05 9.9937E-05 9.9937E-05 0.981212 0.0180882 9.9937E-05
0.254142 9.9973E-05 9.9973E-05 0.0042405 0.0916481 0.269298 0.370394 0.00997716 9.9973E-05
9.9964E-05 9.9964E-05 0.0694015 9.9964E-05 0.108584 0.170728 0.596838 9.9964E-05 0.0540479
0.129394 9.9991E-05 0.101202 0.0310585 0.00116288 0.0743104 0.636603 0.00974019 0.0164283
0.234784 0.031442 9.9991E-05 0.0612537 0.0307119 0.0601558 0.549512 0.00452804 0.0275121
9.9946E-05 9.9946E-05 9.9946E-05 0.0194664 9.9946E-05 9.9946E-05 0.858728 9.9946E-05 0.121206
0.11866 9.9982E-05 0.0504122 9.9982E-05 0.0319066 0.135889 0.646051 0.00526604 0.0116152
9.9955E-05 9.9955E-05 9.9955E-05 0.0199104 0.00397469 9.9955E-05 0.903343 9.9955E-05 0.0722723
0.339104 9.9964E-05 0.00420575 0.00515604 0.00570572 9.9964E-05 0.645429 9.9964E-05 9.9964E-05
9.9955E-05 9.9955E-05 0.031668 0.0462898 9.9955E-05 9.9955E-05 0.800836 9.9955E-05 0.120706
0.26183 9.9973E-05 0.0166754 0.00395567 0.0477631 0.258922 0.410554 9.9973E-05 9.9973E-05
9.9955E-05 9.9955E-05 0.0407181 0.038036 9.9955E-05 9.9955E-05 0.886405 9.9955E-05 0.0343412
0.116656 0.0559971 0.033195 0.049482 9.9982E-05 0.07159 0.629592 0.0432879 9.9982E-05
0.28779 0.0957177 0.0597748 0.0183156 0.0456246 0.020492 0.471843 9.9991E-05 0.000342336
0.105608 9.9955E-05 9.9955E-05 9.9955E-05 0.0396983 9.9955E-05 0.769043 0.0851514 9.9955E-05
0.13217 0.0344543 9.9964E-05 9.9964E-05 0.0418397 9.9964E-05 0.736832 0.0543045 9.9964E-05
0.356251 0.0262662 0.094473 9.9991E-05 0.0301164 0.00690253 0.415662 0.0354136 0.0348158
0.335251 0.00646846 9.9964E-05 9.9964E-05 0.0620114 9.9964E-05 0.594678 0.00119064 9.9964E-05
0.169237 0.0129951 0.00477668 0.0283475 0.00449754 9.9973E-05 0.779847 9.9973E-05 9.9973E-05
0.169226 0.00577282 0.0247782 0.13319 9.9982E-05 0.0441649 0.542327 9.9982E-05 0.0803413
0.974115 0.0140807 9.99461E-05 9.99461E-05 0.0112045 9.99461E-05 9.99461E-05 9.99461E-05 9.99461E-05
0.999201 9.993E-05 9.993E-05 9.993E-05 9.993E-05 9.993E-05 9.993E-05 9.993E-05 9.993E-05
0.985647 9.99461E-05 0.00371083 9.99461E-05 9.99461E-05 9.99461E-05 9.99461E-05 0.010042 9.99461E-05
0.988076 9.9937E-05 9.9937E-05 9.9937E-05 9.9937E-05 9.9937E-05 9.9937E-05 9.9937E-05 0.011224
0.999201 9.993E-05 9.993E-05 9.993E-05 9.993E-05 9.993E-05 9.993E-05 9.993E-05 9.993E-05
0.586544 0.0270848 0.0835217 0.046918 9.9982E-05 0.190112 0.060337 0.00528279 9.9982E-05
0.505259 0.00530581 0.0195016 0.141568 0.00255998 0.0189265 0.220635 0.0390855 0.0471589
0.572516 0.086756 0.0229253 0.117706 0.0151911 0.0705305 0.114175 9.9982E-05 9.9982E-05
0.443194 0.0821194 0.0575113 0.0362573 0.0282213 0.181856 0.123174 0.0475669 9.9991E-05
0.56737 9.9982E-05 0.0840702 0.0524361 0.0563382 0.137226 0.0968185 0.00554092 9.9982E-05
0.55794 0.066598 0.0154535 0.0723347 0.0523967 0.116699 0.0511524 0.000549216 0.0668763
0.360582 0.0765695 0.122408 0.0698182 0.124661 0.0455606 0.177566 0.0152802 0.0075542
0.212706 0.0593289 0.0254098 0.0899243 9.9991E-05 0.04071 0.336251 0.0535639 0.182006
0.209585 0.0363561 0.0805835 0.064747 9.9991E-05 0.0452435 0.370113 0.0270881 0.166184
0.333886 0.0538204 0.0359019 0.179011 0.183073 0.0213861 0.159709 0.0331128 9.9991E-05
9.9946E-05 0.0397776 0.00179561 0.957827 9.9946E-05 9.9946E-05 9.9946E-05 9.9946E-05 9.9946E-05
9.9973E-05 0.0208313 9.9973E-05 0.913448 9.9973E-05 0.0337053 0.00795558 0.0117138 0.0120462
0.0503857 9.9982E-05 9.9982E-05 0.773594 0.00146566 0.0371843 0.00526718 0.0155507 0.116352
9.993E-05 9.993E-05 9.993E-05 0.999201 9.993E-05 9.993E-05 9.993E-05 9.993E-05 9.993E-05
9.993E-05 9.993E-05 9.993E-05 0.999201 9.993E-05 9.993E-05 9.993E-05 9.993E-05 9.993E-05
9.993E-05 9.993E-05 9.993E-05 0.999201 9.993E-05 9.993E-05 9.993E-05 9.993E-05 9.993E-05
9.993E-05 9.993E-05 9.993E-05 0.999201 9.993E-05 9.993E-05 9.993E-05 9.993E-05 9.993E-05
9.9955E-05 0.0142853 9.9955E-05 0.887454 0.00299143 0.094769 9.9955E-05 9.9955E-05 9.9955E-05
9.99371E-05 9.99371E-05 0.000289074 0.999011 9.99371E-05 9.99371E-05 9.99371E-05 9.99371E-05 9.99371E-05
9.9937E-05 9.9937E-05 9.9937E-05 0.99489 9.9937E-05 9.9937E-05 9.9937E-05 9.9937E-05 0.00441027
0.376891 0.0452277 0.270985 0.0503906 0.064732 0.10124 0.0209784 0.0026337 0.0669214
0.0155081 9.9964E-05 9.9964E-05 0.896089 0.00821435 9.9964E-05 0.0752849 9.9964E-05 0.0045036
9.99371E-05 0.00521844 9.99371E-05 0.994082 9.99371E-05 9.99371E-05 9.99371E-05 9.99371E-05 9.99371E-05
0.00118113 9.9964E-05 0.0371611 0.952958 9.9964E-05 0.00177729 9.9964E-05 9.9964E-05 0.00652288
0.965901 9.99371E-05 0.0333991 9.99371E-05 9.99371E-05 9.99371E-05 9.99371E-05 9.99371E-05 9.99371E-05
0.999201 9.993E-05 9.993E-05 9.993E-05 9.993E-05 9.993E-05 9.993E-05 9.993E-05 9.993E-05
0.990103 9.9937E-05 9.9937E-05 9.9937E-05 9.9937E-05 9.9937E-05 9.9937E-05 9.9937E-05 0.00919724
0.994086 0.00521476 9.9937E-05 9.9937E-05 9.9937E-05 9.9937E-05 9.9937E-05 9.9937E-05 9.9937E-05
0.8739 9.9955E-05 0.0864697 9.9955E-05 0.0277284 9.9955E-05 9.9955E-05 9.9955E-05 0.0114026
0.722295 9.9973E-05 0.0283645 0.0439019 0.0079022 0.117754 9.9973E-05 9.9973E-05 0.0794817
0.729127 9.9982E-05 0.0327332 0.0461205 9.9982E-05 0.0637439 0.042689 0.00547884 0.0799078
0.781659 9.9973E-05 0.0583918 0.00607216 0.00193088 9.9973E-05 0.0688692 9.9973E-05 0.0827766
0.790397 0.0378921 0.00153723 0.0947732 9.9964E-05 9.9964E-05 9.9964E-05 9.9964E-05 0.0750004
0.866663 0.0141119 0.0160094 0.0479109 9.9973E-05 9.9973E-05 9.9973E-05 0.00554286 0.0494621
0.669808 0.0305039 0.0546407 0.0541029 0.080392 0.0907065 9.9982E-05 9.9982E-05 0.0196465
0.792034 0.0303404 9.9964E-05 0.0731242 9.9964E-05 9.9964E-05 9.9964E-05 0.00385416 0.100247
0.672828 0.0644452 0.0758919 9.9982E-05 0.0183109 9.9982E-05 0.0629792 0.0129844 0.0923603
0.695505 0.0435215 0.0905832 0.0539585 0.0317693 0.0187062 0.0553406 9.9991E-05 0.0105157
9.9964E-05 0.0119453 0.944361 0.00624595 9.9964E-05 0.0119495 0.0250981 9.9964E-05 9.9964E-05
9.9973E-05 9.9973E-05 0.860646 0.0238285 0.0322402 0.017579 9.9973E-05 0.0167584 0.0486483
9.993E-05 9.993E-05 0.999201 9.993E-05 9.993E-05 9.993E-05 9.993E-05 9.993E-05 9.993E-05
9.9955E-05 9.9955E-05 0.966348 0.0137853 0.00832226 9.9955E-05 0.0110447 9.9955E-05 9.9955E-05
9.9937E-05 9.9937E-05 0.996551 9.9937E-05 0.00274967 9.9937E-05 9.9937E-05 9.9937E-05 9.9937E-05
0.0107908 0.00320443 0.985405 9.9946E-05 9.9946E-05 9.9946E-05 9.9946E-05 9.9946E-05 9.9946E-05
9.993E-05 9.993E-05 0.999201 9.993E-05 9.993E-05 9.993E-05 9.993E-05 9.993E-05 9.993E-05
9.9973E-05 9.9973E-05 0.823974 9.9973E-05 0.00562311 0.0173385 0.0214954 0.0473879 0.0838816
9.9937E-05 0.000964194 0.998336 9.9937E-05 9.9937E-05 9.9937E-05 9.9937E-05 9.9937E-05 9.9937E-05
9.993E-05 9.993E-05 0.999201 9.993E-05 9.993E-05 9.993E-05 9.993E-05 9.993E-05 9.993E-05
9.9973E-05 0.00183806 0.82099 0.042805 9.9973E-05 0.0156344 9.9973E-05 0.0281307 0.0903019
9.9946E-05 9.9946E-05 0.996029 0.00252117 0.000850337 9.9946E-05 9.9946E-05 9.9946E-05 9.9946E-05
0.0857849 0.0874713 0.687745 9.9973E-05 0.0271816 9.9973E-05 0.0599766 9.9973E-05 0.0515404
9.993E-05 0.999201 9.993E-05 9.993E-05 9.993E-05 9.993E-05 9.993E-05 9.993E-05 9.993E-05
0.62666 0.0707338 0.0814126 0.107416 9.9973E-05 9.9973E-05 0.0620521 9.9973E-05 0.0514258
9.993E-05 0.999201 9.993E-05 9.993E-05 9.993E-05 9.993E-05 9.993E-05 9.993E-05 9.993E-05
9.993E-05 0.999201 9.993E-05 9.993E-05 9.993E-05 9.993E-05 9.993E-05 9.993E-05 9.993E-05
9.99461E-05 0.937769 9.99461E-05 0.0202136 9.99461E-05 9.99461E-05 9.99461E-05 9.99461E-05 0.0414182
0.0196919 0.813411 0.0685399 9.9982E-05 0.0145685 0.0218964 0.0569797 0.00471285 9.9982E-05
9.993E-05 0.999201 9.993E-05 9.993E-05 9.993E-05 9.993E-05 9.993E-05 9.993E-05 9.993E-05
0.0776837 0.90798 9.99551E-05 9.99551E-05 9.99551E-05 9.99551E-05 0.00924731 0.00458884 9.99551E-05
9.9946E-05 0.983767 9.9946E-05 9.9946E-05 9.9946E-05 0.0107933 9.9946E-05 9.9946E-05 0.0048402
0.00180597 0.925576 0.00787484 9.9973E-05 0.000856405 0.00380474 0.0597823 9.9973E-05 9.9973E-05
9.9946E-05 0.985418 9.9946E-05 9.9946E-05 9.9946E-05 0.00581715 9.9946E-05 0.00816473 9.9946E-05
9.9946E-05 0.961909 0.0267801 9.9946E-05 9.9946E-05 9.9946E-05 0.0107112 9.9946E-05 9.9946E-05
0.0290525 0.926628 0.0273305 0.00378807 9.9964E-05 9.9964E-05 9.9964E-05 0.0128015 9.9964E-05
0.00284467 0.814859 0.0467523 0.0233367 0.0407569 9.9982E-05 0.0344659 9.9982E-05 0.0367845
9.99461E-05 0.963654 9.99461E-05 9.99461E-05 9.99461E-05 9.99461E-05 9.99461E-05 0.0222672 0.0134791
0.0173677 0.897609 9.9973E-05 0.0107704 0.044916 9.9973E-05 0.0023195 9.9973E-05 0.0267176
0.00275116 0.89686 0.0158045 9.9982E-05 0.0330692 9.9982E-05 0.0250403 0.00731189 0.0189632
9.9982E-05 0.844681 0.00429003 0.00167999 0.0473054 9.9982E-05 0.0710981 0.0133361 0.0174091
0.0143587 0.9104 0.0420422 0.0104157 9.9964E-05 9.9964E-05 9.9964E-05 9.9964E-05 0.022384
0.364726 0.040005 0.0349158 0.0451882 0.250724 9.9991E-05 0.100088 0.0390442 0.12521
0.323239 0.0414747 0.0573349 0.00685784 0.283017 0.0429931 0.139183 0.00992438 0.0959763
0.3095 0.0291492 0.0272547 0.0668067 0.251989 9.9991E-05 0.161994 0.0389302 0.114276
0.308533 0.0508535 0.0151916 0.0534139 0.247554 0.0219826 0.152793 0.0478994 0.101779
9.9955E-05 9.9955E-05 0.0329757 0.0218905 9.9955E-05 9.9955E-05 0.0505751 9.9955E-05 0.894059
9.993E-05 9.993E-05 9.993E-05 9.993E-05 9.993E-05 9.993E-05 9.993E-05 9.993E-05 0.999201
9.993E-05 9.993E-05 9.993E-05 9.993E-05 9.993E-05 9.993E-05 9.993E-05 9.993E-05 0.999201
9.993E-05 9.993E-05 9.993E-05 9.993E-05 9.993E-05 9.993E-05 9.993E-05 9.993E-05 0.999201
9.9955E-05 0.00303414 9.9955E-05 0.00195347 0.00719387 9.9955E-05 9.9955E-05 9.9955E-05 0.987319
0.0629755 0.00425603 0.00415345 0.0303115 0.0431226 0.00860753 0.000614311 0.00448166 0.841477
0.0191495 9.9964E-05 9.9964E-05 0.0236873 0.000853988 9.9964E-05 9.9964E-05 0.00293102 0.952978
0.0608476 0.0246361 0.021091 0.0300593 0.0108403 0.0975434 9.9991E-05 0.0157565 0.739126
9.9973E-05 0.0204305 0.018837 9.9973E-05 0.0311135 0.0642107 9.9973E-05 0.0151608 0.849947
0.0429889 9.9946E-05 9.9946E-05 9.9946E-05 0.947398 9.9946E-05 9.9946E-05 0.00901321 9.9946E-05
9.993E-05 9.993E-05 9.993E-05 9.993E-05 0.999201 9.993E-05 9.993E-05 9.993E-05 9.993E-05
9.993E-05 9.993E-05 9.993E-05 9.993E-05 0.999201 9.993E-05 9.993E-05 9.993E-05 9.993E-05
9.993E-05 9.993E-05 9.993E-05 9.993E-05 0.999201 9.993E-05 9.993E-05 9.993E-05 9.993E-05
9.993E-05 9.993E-05 9.993E-05 9.993E-05 0.999201 9.993E-05 9.993E-05 9.993E-05 9.993E-05
0.043541 9.9973E-05 9.9973E-05 9.9973E-05 0.819812 0.0146686 0.0950181 0.006798 0.019862
9.993E-05 9.993E-05 9.993E-05 9.993E-05 0.999201 9.993E-05 9.993E-05 9.993E-05 9.993E-05
9.993E-05 9.993E-05 9.993E-05 9.993E-05 0.999201 9.993E-05 9.993E-05 9.993E-05 9.993E-05
9.9946E-05 0.0240008 0.0238253 9.9946E-05 0.951574 9.9946E-05 9.9946E-05 9.9946E-05 9.9946E-05
9.9955E-05 0.0035807 0.0457091 9.9955E-05 0.947678 9.9955E-05 0.00253196 9.9955E-05 9.9955E-05
9.993E-05 9.993E-05 9.993E-05 9.993E-05 0.999201 9.993E-05 9.993E-05 9.993E-05 9.993E-05
9.9946E-05 9.9946E-05 0.00974392 9.9946E-05 0.985711 0.00394533 9.9946E-05 9.9946E-05 9.9946E-05
