9.993E-05 9.993E-05 9.993E-05 9.993E-05 9.993E-05 9.993E-05 0.999201 9.993E-05 9.993E-05
9.9955E-05 9.9955E-05 9.9955E-05 9.9955E-05 9.9955E-05 0.0787894 0.255534 0.107111 0.558065
9.9955E-05 9.9955E-05 9.9955E-05 9.9955E-05 9.9955E-05 0.0959065 0.257085 0.065324 0.581185
9.9964E-05 9.9964E-05 9.9964E-05 0.0603868 9.9964E-05 0.00890403 0.209876 0.035924 0.684509
0.0652259 0.0136028 9.9973E-05 0.161468 0.00198884 9.9973E-05 0.100794 9.9973E-05 0.656621
0.00638559 9.9973E-05 0.0139401 0.202781 9.9973E-05 0.0548565 0.153338 9.9973E-05 0.568399
9.9937E-05 9.9937E-05 9.9937E-05 9.9937E-05 9.9937E-05 9.9937E-05 0.28136 9.9937E-05 0.71794
9.9982E-05 0.0069268 9.9982E-05 0.114395 0.0179676 0.0545451 0.291937 0.00647029 0.507559
9.9964E-05 9.9964E-05 9.9964E-05 0.056352 9.9964E-05 0.0519162 0.156355 0.0295169 0.70546
9.993E-05 9.993E-05 9.993E-05 9.993E-05 9.993E-05 9.993E-05 0.999201 9.993E-05 9.993E-05
9.993E-05 9.993E-05 9.993E-05 9.993E-05 9.993E-05 9.993E-05 0.999201 9.993E-05 9.993E-05
9.993E-05 9.993E-05 9.993E-05 9.993E-05 9.993E-05 9.993E-05 0.999201 9.993E-05 9.993E-05
9.993E-05 9.993E-05 9.993E-05 9.993E-05 9.993E-05 9.993E-05 0.999201 9.993E-05 9.993E-05
0.0190566 9.9955E-05 9.9955E-05 9.9955E-05 0.0141275 0.0134221 0.952894 9.9955E-05 9.9955E-05
9.9946E-05 9.9946E-05 9.9946E-05 0.029026 9.9946E-05 0.00294266 0.967432 9.9946E-05 9.9946E-05
9.9964E-05 0.0435468 9.9964E-05 0.402709 9.9964E-05 0.00731424 0.130769 9.9964E-05 0.415261
0.0796399 0.0658286 0.00131767 0.105032 0.0320137 0.0560668 0.224917 0.0445359 0.390648
9.9955E-05 9.9955E-05 0.0603594 0.0553733 9.9955E-05 9.9955E-05 0.176338 9.9955E-05 0.707429
0.0671256 0.0525462 9.9964E-05 0.0461349 9.9964E-05 9.9964E-05 9.9964E-05 0.0178121 0.815981
0.0605276 0.0141675 0.0742969 0.00743752 9.9964E-05 9.9964E-05 9.9964E-05 9.9964E-05 0.843171
9.9964E-05 0.0386095 0.0916285 9.9964E-05 9.9964E-05 9.9964E-05 0.025618 0.00544117 0.838303
0.0868363 9.9982E-05 0.00567222 0.0449304 0.0226671 0.0638004 9.9982E-05 0.00979353 0.7661
0.138924 0.0232917 0.0457154 9.9964E-05 9.9964E-05 0.036025 9.9964E-05 9.9964E-05 0.755644
0.0232895 9.9955E-05 9.9955E-05 9.9955E-05 0.0504288 0.00968927 9.9955E-05 9.9955E-05 0.916093
9.9973E-05 0.0134646 0.0614238 0.0525189 0.0112752 9.9973E-05 9.9973E-05 0.00348554 0.857532
0.0142087 0.0364057 0.150711 0.10395 0.0649207 0.00403551 9.9982E-05 9.9982E-05 0.625569
0.0351441 0.100264 0.0701071 0.0185598 9.9973E-05 0.0698716 9.9973E-05 9.9973E-05 0.705753
9.9955E-05 9.9955E-05 9.9955E-05 0.147059 0.021562 0.00402942 9.9955E-05 9.9955E-05 0.826849
0.0224513 0.0288014 0.151404 0.0301727 0.0313711 0.00287345 0.033014 9.9991E-05 0.699812
9.9964E-05 0.00686436 0.0187829 9.9964E-05 0.00634589 9.9964E-05 0.010731 9.9964E-05 0.956876
0.0439561 0.0205921 0.023348 9.99771E-05 0.000492562 9.99771E-05 0.0368228 9.99771E-05 0.874489
0.0150283 0.0593678 9.9973E-05 0.0384577 0.0909113 9.9973E-05 9.9973E-05 0.00317636 0.792759
0.0156058 9.9964E-05 0.16729 9.9964E-05 9.9964E-05 0.0593455 9.9964E-05 0.0288828 0.728476
0.0196271 9.9973E-05 0.19693 9.9973E-05 0.103555 0.0496201 0.027645 9.9973E-05 0.602323
0.164797 9.9946E-05 9.9946E-05 9.9946E-05 9.9946E-05 0.0606076 9.9946E-05 9.9946E-05 0.773995
9.9946E-05 0.0294647 9.9946E-05 9.9946E-05 9.9946E-05 9.9946E-05 0.0184437 9.9946E-05 0.951492
0.0255493 0.00335887 0.154978 0.326336 9.9964E-05 9.9964E-05 9.9964E-05 9.9964E-05 0.489378
0.0585852 0.0521873 0.256899 0.0787392 9.9973E-05 0.00566772 9.9973E-05 9.9973E-05 0.547621
9.9973E-05 0.091774 0.236255 0.0420388 9.9973E-05 0.0444089 9.9973E-05 0.0271191 0.558105
9.9964E-05 0.0581659 0.351376 0.0337248 0.0169608 9.9964E-05 9.9964E-05 9.9964E-05 0.539372
9.9982E-05 0.0172767 0.0794553 0.722951 0.0499404 0.0603028 9.9982E-05 0.0527822 0.0170916
9.999E-05 0.0594317 0.010215 0.688336 0.0892949 0.0740363 0.0393422 0.0207289 0.0185149
9.9973E-05 9.9973E-05 9.9973E-05 0.589005 0.0731172 0.068069 0.0174742 0.0504135 0.201621
9.9982E-05 0.0237094 0.0828656 0.705529 0.047522 0.0612562 9.9982E-05 0.0223979 0.0565196
9.9973E-05 0.0588825 0.152116 0.442537 0.0550203 0.0824876 9.9973E-05 9.9973E-05 0.208656
9.993E-05 9.993E-05 9.993E-05 0.999201 9.993E-05 9.993E-05 9.993E-05 9.993E-05 9.993E-05
9.993E-05 9.993E-05 9.993E-05 0.999201 9.993E-05 9.993E-05 9.993E-05 9.993E-05 9.993E-05
0.0403452 0.0359804 0.0244346 0.42892 0.0385074 0.0659222 9.9991E-05 0.00327505 0.362515
0.0198533 0.10811 0.0922279 0.490582 0.0552374 0.0428283 0.057383 9.9991E-05 0.133679
9.9982E-05 0.0673913 9.9982E-05 0.316376 0.0739526 0.0239993 0.0849328 0.0271108 0.406038
9.9982E-05 0.0171282 0.287694 0.397561 9.9982E-05 0.0450061 0.0675833 0.0124559 0.172371
0.0209453 0.0286649 0.0997783 0.537678 0.0342424 0.0679628 9.9982E-05 9.9982E-05 0.210529
9.9964E-05 0.0274204 9.9964E-05 0.919033 0.000500577 0.0369688 0.0156775 9.9964E-05 9.9964E-05
0.0603368 0.0512552 0.383152 0.251405 0.0200174 9.9982E-05 0.0292218 9.9982E-05 0.204412
0.0374062 0.00419174 0.372767 0.26715 0.0494406 9.9991E-05 0.0637639 0.0201573 0.185023
0.00485563 0.0151533 0.0155559 0.565605 0.119772 0.109127 9.9991E-05 0.0477741 0.122057
0.0272045 0.0697261 0.217916 0.296846 0.0867192 0.0599302 0.0706852 9.9991E-05 0.170873
9.9973E-05 0.0946256 0.120711 0.473386 0.0278764 9.9973E-05 9.9973E-05 0.0116534 0.271448
9.9937E-05 9.9937E-05 9.9937E-05 0.994458 9.9937E-05 9.9937E-05 0.00484228 9.9937E-05 9.9937E-05
9.9973E-05 0.0375768 0.318661 0.395844 0.0227361 9.9973E-05 0.0614705 9.9973E-05 0.163412
0.03157 0.145029 9.9964E-05 0.602121 0.0902673 9.9964E-05 9.9964E-05 9.9964E-05 0.130612
9.9964E-05 9.9964E-05 0.0927512 0.698009 0.14688 9.9964E-05 0.0396835 0.0222762 9.9964E-05
0.0282177 0.0589147 0.125479 0.532718 0.0320032 0.0434215 9.9991E-05 0.0776661 0.101479
0.070817 9.9964E-05 0.00493494 0.884495 9.9964E-05 0.0161006 9.9964E-05 0.0232527 9.9964E-05
9.9973E-05 0.0167691 0.139249 0.662482 0.0655931 9.9973E-05 0.0120795 9.9973E-05 0.103527
0.0813917 9.9955E-05 9.9955E-05 0.895176 9.9955E-05 0.0210031 9.9955E-05 0.00192952 9.9955E-05
9.9946E-05 9.9946E-05 0.351878 0.619579 9.9946E-05 9.9946E-05 9.9946E-05 0.0279441 9.9946E-05
0.114586 9.9973E-05 9.9973E-05 0.774886 0.0508496 0.0253955 0.00117021 0.0328129 9.9973E-05
9.9982E-05 0.0183512 0.078814 0.538617 0.0100952 0.0542084 9.9982E-05 0.0726632 0.227051
0.0435985 9.9955E-05 9.9955E-05 0.920998 0.025989 9.9955E-05 9.9955E-05 0.00891456 9.9955E-05
9.9982E-05 9.9982E-05 0.0086076 0.701573 0.0473921 0.0377598 0.0420917 0.089375 0.0730011
0.0103709 0.00237989 0.235841 0.486506 0.0777854 0.0421369 9.9991E-05 0.0576928 0.0871877
0.0367632 0.0371854 0.0656485 0.792292 9.9964E-05 9.9964E-05 0.067711 9.9964E-05 9.9964E-05
9.9955E-05 0.0852443 0.148272 0.730403 9.9955E-05 9.9955E-05 0.0355811 9.9955E-05 9.9955E-05
0.0646245 9.9973E-05 0.346835 0.521125 0.0360678 0.000974348 0.0300729 9.9973E-05 9.9973E-05
0.00872009 0.091153 0.235702 0.657773 9.9964E-05 9.9964E-05 0.00625235 9.9964E-05 9.9964E-05
0.0285846 9.9973E-05 0.183311 0.727022 9.9973E-05 0.0171517 9.9973E-05 0.027628 0.0160025
0.119359 9.9973E-05 0.206287 0.49924 0.0392813 9.9973E-05 0.0262872 0.109246 9.9973E-05
0.00615568 9.9955E-05 0.974462 0.0170197 9.9955E-05 9.9955E-05 9.9955E-05 9.9955E-05 0.00186303
9.993E-05 9.993E-05 0.999201 9.993E-05 9.993E-05 9.993E-05 9.993E-05 9.993E-05 9.993E-05
9.99371E-05 9.99371E-05 0.991573 9.99371E-05 9.99371E-05 9.99371E-05 0.0077278 9.99371E-05 9.99371E-05
9.993E-05 9.993E-05 0.999201 9.993E-05 9.993E-05 9.993E-05 9.993E-05 9.993E-05 9.993E-05
9.993E-05 9.993E-05 0.999201 9.993E-05 9.993E-05 9.993E-05 9.993E-05 9.993E-05 9.993E-05
9.9982E-05 0.0259977 0.442493 0.113309 0.0965041 0.0130255 9.9982E-05 0.0882562 0.220215
9.9991E-05 0.0384001 0.402383 0.271775 0.0149796 0.0900148 0.0158272 0.1382 0.0283203
9.9991E-05 0.00713685 0.539563 0.181119 0.00062946 0.108988 0.00885962 0.129628 0.023976
0.0144319 0.0258859 0.48529 0.143856 0.0417593 0.0794237 0.0411169 0.0266351 0.141601
9.9982E-05 0.0314934 0.550443 0.120655 0.0877291 9.9982E-05 0.00590961 0.0543292 0.149241
0.0582254 0.0522601 0.600629 0.210988 0.0109845 0.00100272 0.0304866 0.0353234 9.9991E-05
0.030703 0.0955868 0.341313 0.212256 0.132206 0.0621427 0.00745346 0.0530715 0.065267
0.210427 9.9991E-05 0.206154 0.320225 0.0771229 0.0503536 0.055116 0.067427 0.0130744
0.196066 9.9991E-05 0.166762 0.390919 0.0707261 0.0636343 0.0364301 0.0701528 0.00521054
0.00740829 0.185692 0.317847 0.15229 0.0357519 0.0968741 0.0276046 0.164812 0.0117208
9.9937E-05 9.9937E-05 9.9937E-05 9.9937E-05 9.9937E-05 0.0122258 9.9937E-05 0.987075 9.9937E-05
9.9964E-05 9.9964E-05 0.0116453 0.0262886 0.0064172 9.9964E-05 0.0280708 0.927178 9.9964E-05
0.0867534 9.9973E-05 0.00414242 0.0614971 0.0231214 9.9973E-05 0.00480329 0.819383 9.9973E-05
9.993E-05 9.993E-05 9.993E-05 9.993E-05 9.993E-05 9.993E-05 9.993E-05 0.999201 9.993E-05
9.993E-05 9.993E-05 9.993E-05 9.993E-05 9.993E-05 9.993E-05 9.993E-05 0.999201 9.993E-05
9.993E-05 9.993E-05 9.993E-05 9.993E-05 9.993E-05 9.993E-05 9.993E-05 0.999201 9.993E-05
9.9946E-05 9.9946E-05 9.9946E-05 9.9946E-05 0.0029975 9.9946E-05 9.9946E-05 0.988495 0.00790803
9.9946E-05 9.9946E-05 9.9946E-05 9.9946E-05 9.9946E-05 0.0175357 9.9946E-05 0.887725 0.0941401
9.99371E-05 0.0203751 9.99371E-05 9.99371E-05 9.99371E-05 9.99371E-05 9.99371E-05 0.978925 9.99371E-05
9.993E-05 9.993E-05 9.993E-05 9.993E-05 9.993E-05 9.993E-05 9.993E-05 0.999201 9.993E-05
0.0405853 0.0691324 0.37629 0.00618674 0.25216 0.0796692 0.00195672 0.0567198 0.1173
0.0142138 9.9964E-05 9.9964E-05 0.0466816 9.9964E-05 0.00458168 0.0140484 0.920075 9.9964E-05
9.99371E-05 0.00935065 9.99371E-05 9.99371E-05 9.99371E-05 9.99371E-05 9.99371E-05 0.98995 9.99371E-05
0.010542 9.9964E-05 0.0293886 0.00337439 9.9964E-05 0.00457276 9.9964E-05 0.951722 9.9964E-05
9.99371E-05 9.99371E-05 0.964183 9.99371E-05 0.0351176 9.99371E-05 9.99371E-05 9.99371E-05 9.99371E-05
9.993E-05 9.993E-05 0.999201 9.993E-05 9.993E-05 9.993E-05 9.993E-05 9.993E-05 9.993E-05
9.993E-05 9.993E-05 0.999201 9.993E-05 9.993E-05 9.993E-05 9.993E-05 9.993E-05 9.993E-05
9.9955E-05 9.9955E-05 0.93801 9.9955E-05 0.0156913 0.0315743 9.9955E-05 0.0142244 9.9955E-05
0.0389191 0.00126409 0.814142 9.9973E-05 0.0947465 0.0266162 9.9973E-05 0.0240122 9.9973E-05
0.0878138 0.0104458 0.660423 9.9982E-05 0.0781702 0.00448676 9.9982E-05 0.0224725 0.135988
0.0513977 0.00459166 0.809278 0.00438422 0.0614507 9.9991E-05 0.0203556 0.0422007 0.00624183
0.0161355 0.00698733 0.883952 9.9964E-05 0.0838487 9.9964E-05 9.9964E-05 0.00867689 9.9964E-05
0.00854547 0.0300993 0.828148 9.9973E-05 9.9973E-05 0.0425834 0.0139772 0.0763467 9.9973E-05
0.037463 9.9964E-05 0.900676 9.9964E-05 9.9964E-05 0.0137195 0.00402126 0.04372 9.9964E-05
0.0467558 0.0208547 0.774053 9.9982E-05 0.0396621 0.0336347 9.9982E-05 0.020017 0.0648232
0.0755191 9.9964E-05 0.874703 9.9964E-05 9.9964E-05 0.0144704 0.00567684 0.029231 9.9964E-05
0.047757 0.0475353 0.747173 0.0357009 0.0678773 0.0403538 0.0134027 9.9982E-05 9.9982E-05
9.9982E-05 0.0306624 0.705183 9.9982E-05 0.147482 0.0276386 0.0147216 0.0286479 0.0454642
0.0400503 9.99461E-05 9.99461E-05 9.99461E-05 0.934864 0.0244862 9.99461E-05 9.99461E-05 9.99461E-05
0.0419651 0.0853798 9.9973E-05 9.9973E-05 0.832873 9.9973E-05 0.00410253 0.00730932 0.02807
9.993E-05 9.993E-05 9.993E-05 9.993E-05 0.999201 9.993E-05 9.993E-05 9.993E-05 9.993E-05
9.9946E-05 0.0211805 9.9946E-05 0.00726311 0.970957 9.9946E-05 9.9946E-05 9.9946E-05 9.9946E-05
9.993E-05 9.993E-05 9.993E-05 9.993E-05 0.999201 9.993E-05 9.993E-05 9.993E-05 9.993E-05
9.993E-05 9.993E-05 9.993E-05 9.993E-05 0.999201 9.993E-05 9.993E-05 9.993E-05 9.993E-05
9.9946E-05 9.9946E-05 0.0383711 0.0141293 0.9469 9.9946E-05 9.9946E-05 9.9946E-05 9.9946E-05
0.132439 9.9955E-05 9.9955E-05 0.0814757 0.759696 9.9955E-05 0.0258893 9.9955E-05 9.9955E-05
9.9946E-05 0.021079 9.9946E-05 9.9946E-05 0.971154 0.00716714 9.9946E-05 9.9946E-05 9.9946E-05
9.993E-05 9.993E-05 9.993E-05 9.993E-05 0.999201 9.993E-05 9.993E-05 9.993E-05 9.993E-05
0.0852039 9.9964E-05 9.9964E-05 9.9964E-05 0.839742 0.00526612 0.0263701 0.0430185 9.9964E-05
9.993E-05 9.993E-05 9.993E-05 9.993E-05 0.999201 9.993E-05 9.993E-05 9.993E-05 9.993E-05
0.0991689 9.9973E-05 0.0423057 0.0535699 0.717812 0.081329 0.00551498 9.9973E-05 9.9973E-05
9.993E-05 9.993E-05 9.993E-05 9.993E-05 9.993E-05 0.999201 9.993E-05 9.993E-05 9.993E-05
0.0276261 0.0219131 0.564637 0.0846745 0.101492 0.0808616 9.9982E-05 0.118596 9.9982E-05
9.993E-05 9.993E-05 9.993E-05 9.993E-05 9.993E-05 0.999201 9.993E-05 9.993E-05 9.993E-05
9.993E-05 9.993E-05 9.993E-05 9.993E-05 9.993E-05 0.999201 9.993E-05 9.993E-05 9.993E-05
0.0563652 9.99461E-05 9.99461E-05 9.99461E-05 9.99461E-05 0.919574 9.99461E-05 0.0234609 9.99461E-05
9.9991E-05 0.00433541 0.00155016 0.0965949 0.061126 0.730784 0.00466631 0.0528881 0.0479553
9.993E-05 9.993E-05 9.993E-05 9.993E-05 9.993E-05 0.999201 9.993E-05 9.993E-05 9.993E-05
0.0553774 9.9964E-05 0.0794581 9.9964E-05 0.00460466 0.855415 9.9964E-05 9.9964E-05 0.00474514
0.0019539 9.9964E-05 9.9964E-05 0.00843255 9.9964E-05 0.97269 9.9964E-05 0.0120029 0.00452079
9.99371E-05 9.99371E-05 9.99371E-05 9.99371E-05 0.0278551 0.971445 9.99371E-05 9.99371E-05 9.99371E-05
9.99371E-05 9.99371E-05 9.99371E-05 9.99371E-05 9.99371E-05 0.981056 9.99371E-05 9.99371E-05 0.0182444
9.993E-05 9.993E-05 9.993E-05 9.993E-05 9.993E-05 0.999201 9.993E-05 9.993E-05 9.993E-05
0.0130769 9.9973E-05 9.9973E-05 9.9973E-05 0.0248029 0.921138 0.00188887 0.023012 0.0157811
9.9964E-05 0.0786292 9.9964E-05 0.0461584 0.0662872 0.767644 9.9964E-05 0.040881 9.9964E-05
0.0236076 0.00113693 9.9964E-05 9.9964E-05 0.0122381 0.943233 0.0193843 9.9964E-05 9.9964E-05
0.0354033 0.0201897 9.9982E-05 0.061267 0.00675248 0.854245 0.00645945 0.0154829 9.9982E-05
0.00597791 0.00985942 0.0401689 9.9973E-05 0.00923986 0.933249 0.00120468 9.9973E-05 9.9973E-05
0.0198482 0.0484814 9.9982E-05 0.0275954 0.0168613 0.843388 9.9982E-05 0.0349969 0.00862863
0.00319541 0.00215556 0.0253851 9.9964E-05 9.9964E-05 0.967394 0.00147022 9.9964E-05 9.9964E-05
0.111294 0.256064 0.300112 0.168597 0.0564298 0.0155391 0.0508625 0.0410021 9.9991E-05
0.119431 0.266235 0.315813 0.180374 0.00409783 0.0378841 0.0358564 0.0402092 9.9991E-05
0.12891 0.232804 0.31531 0.120118 0.0172485 0.0342846 0.0504219 0.100803 9.9991E-05
0.156825 0.258524 0.241037 0.179251 0.0236019 0.0510352 0.051665 0.0379602 9.9991E-05
0.927523 9.9955E-05 9.9955E-05 9.9955E-05 0.0345837 9.9955E-05 9.9955E-05 0.00987516 0.027518
0.999201 9.993E-05 9.993E-05 9.993E-05 9.993E-05 9.993E-05 9.993E-05 9.993E-05 9.993E-05
0.978295 0.00585195 9.9946E-05 9.9946E-05 9.9946E-05 0.0152536 9.9946E-05 9.9946E-05 9.9946E-05
0.999201 9.993E-05 9.993E-05 9.993E-05 9.993E-05 9.993E-05 9.993E-05 9.993E-05 9.993E-05
0.963371 9.99582E-05 0.0270923 9.99582E-05 9.99582E-05 0.00327241 9.99582E-05 0.005764 9.99582E-05
0.957467 0.0202722 9.9955E-05 9.9955E-05 9.9955E-05 0.00570475 9.9955E-05 0.0160559 9.9955E-05
0.905721 0.0243454 0.0629528 9.9955E-05 9.9955E-05 9.9955E-05 9.9955E-05 0.00648051 9.9955E-05
0.725734 0.0510649 0.0271862 9.9982E-05 0.0794758 0.00811162 0.019935 9.9982E-05 0.0882923
0.791986 9.9982E-05 0.0538454 0.0678631 0.00348811 0.0122503 0.00856742 9.9982E-05 0.0617998
9.9946E-05 0.980202 0.0157121 9.9946E-05 9.9946E-05 9.9946E-05 0.00348618 9.9946E-05 9.9946E-05
9.993E-05 0.999201 9.993E-05 9.993E-05 9.993E-05 9.993E-05 9.993E-05 9.993E-05 9.993E-05
9.993E-05 0.999201 9.993E-05 9.993E-05 9.993E-05 9.993E-05 9.993E-05 9.993E-05 9.993E-05
0.0152549 0.983569 9.9946E-05 9.9946E-05 0.000576546 9.9946E-05 9.9946E-05 9.9946E-05 9.9946E-05
9.99461E-05 0.968926 9.99461E-05 9.99461E-05 0.0184624 9.99461E-05 9.99461E-05 0.0120115 9.99461E-05
9.9955E-05 0.828792 0.0658854 0.0930621 9.9955E-05 0.0117611 9.9955E-05 9.9955E-05 9.9955E-05
9.993E-05 0.999201 9.993E-05 9.993E-05 9.993E-05 9.993E-05 9.993E-05 9.993E-05 9.993E-05
9.993E-05 0.999201 9.993E-05 9.993E-05 9.993E-05 9.993E-05 9.993E-05 9.993E-05 9.993E-05
0.00249636 0.986928 9.9946E-05 9.9946E-05 9.9946E-05 0.009976 9.9946E-05 9.9946E-05 9.9946E-05
9.9964E-05 0.942681 0.00922294 0.00111717 0.0253237 0.0212553 9.9964E-05 9.9964E-05 9.9964E-05
9.993E-05 0.999201 9.993E-05 9.993E-05 9.993E-05 9.993E-05 9.993E-05 9.993E-05 9.993E-05
9.99371E-05 0.99803 9.99371E-05 9.99371E-05 9.99371E-05 9.99371E-05 9.99371E-05 0.00127009 9.99371E-05
