9.993E-05 9.993E-05 9.993E-05 9.993E-05 0.999201 9.993E-05 9.993E-05 9.993E-05 9.993E-05
9.9964E-05 0.51615 9.9964E-05 0.101364 0.278094 0.017606 0.0863856 9.9964E-05 9.9964E-05
9.9955E-05 0.567305 9.9955E-05 0.111118 0.245558 9.9955E-05 0.0755194 9.9955E-05 9.9955E-05
9.9964E-05 0.691059 0.0130331 9.9964E-05 0.206445 9.9964E-05 9.9964E-05 0.0153663 0.0736964
0.0409285 0.631161 0.0535997 9.9982E-05 0.100452 0.00256029 9.9982E-05 0.0731791 0.0979201
9.9964E-05 0.582558 9.9964E-05 0.0706066 0.151688 9.9964E-05 9.9964E-05 0.0549911 0.139757
9.9937E-05 0.715262 9.9937E-05 9.9937E-05 0.284038 9.9937E-05 9.9937E-05 9.9937E-05 9.9937E-05
9.9964E-05 0.559606 9.9964E-05 0.0796205 0.267501 9.9964E-05 0.00400671 9.9964E-05 0.0888659
9.9964E-05 0.672869 0.0476009 0.0837937 0.173833 9.9964E-05 0.021504 9.9964E-05 9.9964E-05
9.993E-05 9.993E-05 9.993E-05 9.993E-05 0.999201 9.993E-05 9.993E-05 9.993E-05 9.993E-05
9.993E-05 9.993E-05 9.993E-05 9.993E-05 0.999201 9.993E-05 9.993E-05 9.993E-05 9.993E-05
9.993E-05 9.993E-05 9.993E-05 9.993E-05 0.999201 9.993E-05 9.993E-05 9.993E-05 9.993E-05
9.993E-05 9.993E-05 9.993E-05 9.993E-05 0.999201 9.993E-05 9.993E-05 9.993E-05 9.993E-05
0.0585468 9.9946E-05 9.9946E-05 9.9946E-05 0.912978 9.9946E-05 9.9946E-05 9.9946E-05 0.027876
0.012676 9.9964E-05 9.9964E-05 0.000640276 0.94873 0.0146195 9.9964E-05 9.9964E-05 0.022934
9.9973E-05 0.463905 0.070552 0.0564914 0.184308 0.00189586 9.9973E-05 9.9973E-05 0.222548
0.0059414 0.482228 0.0512286 0.10734 0.183452 0.0273013 0.0507638 0.004118 0.0876266
0.0186387 0.680252 0.0153692 0.0254818 0.163266 9.9982E-05 9.9982E-05 0.0214133 0.075379
0.0529664 0.915869 0.0149478 9.9964E-05 9.9964E-05 9.9964E-05 0.0090658 9.9964E-05 0.00675136
0.0525879 0.9346 9.9946E-05 9.9946E-05 9.9946E-05 0.0122121 9.9946E-05 9.9946E-05 9.9946E-05
9.9964E-05 0.883857 0.00453319 9.9964E-05 0.0149137 9.9964E-05 0.0311867 0.0651094 9.9964E-05
0.0981911 0.772867 9.9964E-05 0.0612556 9.9964E-05 0.0219896 0.0452967 9.9964E-05 9.9964E-05
0.0794686 0.837744 0.0404905 0.0224141 9.9964E-05 9.9964E-05 9.9964E-05 0.0194824 9.9964E-05
0.0371835 0.899017 9.9955E-05 9.9955E-05 9.9955E-05 0.0618937 9.9955E-05 9.9955E-05 0.00140624
0.000190777 0.862674 0.0119535 9.9982E-05 9.9982E-05 0.0256228 0.00974135 0.0265055 0.0631118
0.00268322 0.626731 0.0398545 9.9973E-05 9.9973E-05 0.0538066 9.9973E-05 0.168454 0.108171
9.9955E-05 0.688823 0.0873504 0.0990522 9.9955E-05 9.9955E-05 9.9955E-05 0.124275 9.9955E-05
9.9955E-05 0.892249 9.9955E-05 0.0346295 9.9955E-05 9.9955E-05 0.000867807 9.9955E-05 0.071754
0.0102034 0.739225 0.0345162 9.9982E-05 0.0327837 0.0140403 9.9982E-05 0.119404 0.0496268
9.9946E-05 0.917653 9.9946E-05 9.9946E-05 0.0379964 9.9946E-05 9.9946E-05 0.0437513 9.9946E-05
0.00563429 0.891993 9.9964E-05 9.9964E-05 0.0439356 9.9964E-05 0.00394079 0.054096 9.9964E-05
0.00715185 0.76183 0.0613602 0.0329412 9.9982E-05 0.0659447 0.0074594 9.9982E-05 0.0631126
9.9964E-05 0.746178 0.0129371 0.0332894 9.9964E-05 9.9964E-05 0.00798193 0.199213 9.9964E-05
0.000871216 0.604242 9.9991E-05 0.0586567 0.0478602 0.11907 0.00952365 0.156231 0.00344549
0.134751 0.812785 9.9955E-05 0.0207406 9.9955E-05 0.0312246 9.9955E-05 9.9955E-05 9.9955E-05
9.9955E-05 0.877639 0.00244476 9.9955E-05 0.0401766 9.9955E-05 9.9955E-05 0.0792395 9.9955E-05
0.00566019 0.524075 9.9964E-05 0.00896242 9.9964E-05 9.9964E-05 9.9964E-05 0.204871 0.256031
0.0318626 0.540506 0.073886 0.0447173 9.9973E-05 9.9973E-05 9.9973E-05 0.293524 0.0152043
9.9973E-05 0.528312 0.105901 0.046745 9.9973E-05 9.9973E-05 0.00978556 0.257264 0.0516924
0.011376 0.545669 0.0386997 9.9973E-05 9.9973E-05 9.9973E-05 0.00566743 0.39197 0.00631827
9.9982E-05 0.131004 0.0229481 0.0317074 9.9982E-05 0.0988664 0.0550955 0.0895666 0.570612
0.0660629 0.0755981 0.0980368 0.0996221 0.0103686 0.0830235 9.9991E-05 0.0625675 0.50462
9.9973E-05 0.220672 9.9973E-05 0.0792937 0.0504456 0.0936628 0.050434 9.9973E-05 0.505192
9.9982E-05 0.108524 0.0218296 0.0436334 9.9982E-05 0.075341 0.0285955 0.0980465 0.62383
9.9973E-05 0.22865 0.0474397 0.0669955 9.9973E-05 0.0278991 9.9973E-05 0.195097 0.433618
9.993E-05 9.993E-05 9.993E-05 9.993E-05 9.993E-05 9.993E-05 9.993E-05 9.993E-05 0.999201
9.993E-05 9.993E-05 9.993E-05 9.993E-05 9.993E-05 9.993E-05 9.993E-05 9.993E-05 0.999201
0.0243206 0.419932 0.0138618 0.0251943 9.9982E-05 0.0837987 9.9982E-05 0.0256978 0.406995
9.9982E-05 0.173336 0.0833702 0.0507335 0.0450863 0.0715409 9.9982E-05 0.0437762 0.531957
0.000603747 0.412361 0.00833855 0.0226222 0.0701448 0.0714641 0.0412335 0.0100362 0.363196
9.9973E-05 0.225161 0.0430573 0.065767 0.0420188 9.9973E-05 9.9973E-05 0.227989 0.395707
0.0214081 0.189977 0.0198085 0.032546 9.9982E-05 0.0219416 9.9982E-05 0.0605274 0.653591
9.9946E-05 9.9946E-05 0.0112599 9.9946E-05 0.0289483 9.9946E-05 9.9946E-05 9.9946E-05 0.959192
0.0875434 0.205041 0.0262741 9.9982E-05 0.03282 0.0243144 9.9982E-05 0.362515 0.261292
0.0395553 0.183169 9.9991E-05 0.00860397 0.0420876 0.0269253 0.001363 0.415809 0.282387
9.9982E-05 0.173504 0.0142971 0.0807598 9.9982E-05 0.0702074 0.0450951 0.0707685 0.545168
9.9982E-05 0.154069 0.0931195 0.0578962 0.0764291 0.0654069 9.9982E-05 0.192126 0.360753
0.000878315 0.208338 0.11394 9.9982E-05 9.9982E-05 0.0535348 0.0272897 0.151981 0.443838
9.993E-05 9.993E-05 9.993E-05 9.993E-05 9.993E-05 9.993E-05 9.993E-05 9.993E-05 0.999201
9.9964E-05 0.255133 0.111435 9.9964E-05 0.0505964 9.9964E-05 9.9964E-05 0.214869 0.367566
0.0472449 0.141287 0.0822254 9.9982E-05 0.000559133 0.0561427 9.9982E-05 0.0758222 0.596519
9.9964E-05 0.0579723 9.9964E-05 9.9964E-05 9.9964E-05 0.157333 0.0188356 0.0502178 0.715241
0.00410026 0.0814289 0.0460249 0.102865 0.00763271 9.9991E-05 0.0440958 0.194898 0.518854
0.0958408 9.9964E-05 0.00706834 0.0258412 9.9964E-05 9.9964E-05 0.046336 9.9964E-05 0.824514
9.9964E-05 0.152643 0.0614791 9.9964E-05 9.9964E-05 0.0844024 9.9964E-05 0.0437335 0.657343
0.0579466 9.9964E-05 9.9964E-05 0.0444146 9.9964E-05 0.0150615 0.0424566 9.9964E-05 0.839721
9.9946E-05 9.9946E-05 9.9946E-05 9.9946E-05 9.9946E-05 9.9946E-05 0.0273418 0.272805 0.699253
0.0962815 9.9964E-05 9.9964E-05 0.0165547 9.9964E-05 0.0456662 0.0508042 9.9964E-05 0.790294
0.0264495 0.281036 0.0562417 0.0190721 9.9991E-05 0.0343562 0.00585927 0.141429 0.435456
0.0390878 9.9964E-05 9.9964E-05 0.00666186 9.9964E-05 0.0353706 0.0387027 9.9964E-05 0.879777
9.9982E-05 0.161559 9.9982E-05 0.03285 0.0430738 0.0176629 0.0812614 0.0555761 0.607817
0.0139881 0.0393055 0.0140656 0.0346414 9.9991E-05 0.0246642 0.0115765 0.334699 0.52696
0.00568496 9.9973E-05 0.0525199 9.9973E-05 0.0697486 9.9973E-05 0.0146231 0.0403826 0.816741
9.9955E-05 9.9955E-05 0.0882817 9.9955E-05 0.0312541 9.9955E-05 9.9955E-05 0.0530642 0.8269
0.0670573 9.9982E-05 0.0162856 0.00530345 0.0395398 0.103212 9.9982E-05 0.306696 0.461706
0.00155663 0.000736523 0.107925 9.9964E-05 9.9964E-05 9.9964E-05 9.9964E-05 0.179404 0.709978
0.00459138 0.0271362 9.9973E-05 0.0380624 9.9973E-05 9.9973E-05 0.029 0.17019 0.73072
0.110724 0.0253097 9.9991E-05 0.00874187 0.0124444 0.037768 0.0913889 0.202346 0.511177
9.9955E-05 0.0939683 0.0119383 9.9955E-05 9.9955E-05 9.9955E-05 0.00853812 0.885055 9.9955E-05
0.00978921 9.9937E-05 9.9937E-05 9.9937E-05 9.9937E-05 9.9937E-05 9.9937E-05 0.989511 9.9937E-05
9.99371E-05 9.99371E-05 9.99371E-05 9.99371E-05 0.0118409 9.99371E-05 9.99371E-05 0.98746 9.99371E-05
9.9937E-05 9.9937E-05 9.9937E-05 9.9937E-05 9.9937E-05 9.9937E-05 9.9937E-05 0.959657 0.0396432
9.9946E-05 9.9946E-05 9.9946E-05 0.0250318 9.9946E-05 9.9946E-05 9.9946E-05 0.956848 0.0175208
9.9982E-05 0.140672 0.0348134 9.9982E-05 0.0235255 0.0715707 0.0529694 0.551688 0.124561
0.0180517 0.0839169 0.0257812 0.0133063 0.0163277 0.0790288 0.130583 0.443194 0.189811
9.9991E-05 0.0207666 0.00665402 0.0796697 0.0392001 0.0378739 0.129441 0.543627 0.142668
9.9991E-05 0.157602 0.024713 0.0620744 0.0476457 0.0566758 0.028364 0.495675 0.12715
9.9973E-05 0.113137 0.0254658 9.9973E-05 9.9973E-05 0.0690147 0.0677179 0.571649 0.152716
0.0372865 9.9991E-05 0.0612626 0.071071 0.00717175 0.0730596 0.0728209 0.397447 0.279781
0.00111422 0.0166551 0.112291 0.0959479 0.019631 0.108894 0.080603 0.366099 0.198765
0.196062 0.00640264 9.9991E-05 0.0482026 0.0535021 0.0565286 0.0940358 0.193091 0.352076
0.182358 0.0100244 9.9991E-05 0.0624023 0.0360386 0.0917335 0.0852676 0.183393 0.348682
9.9991E-05 0.0405151 0.18284 0.0710859 0.0231809 0.0454442 0.184767 0.28246 0.169608
9.9955E-05 9.9955E-05 9.9955E-05 0.00896726 9.9955E-05 0.00470342 0.977038 0.00879128 9.9955E-05
0.0428006 9.9973E-05 9.9973E-05 0.00495378 0.0220447 0.0122241 0.910708 9.9973E-05 0.0069693
0.0612993 0.0213773 9.9973E-05 9.9973E-05 0.0109206 9.9973E-05 0.783395 0.0901252 0.0325823
9.993E-05 9.993E-05 9.993E-05 9.993E-05 9.993E-05 9.993E-05 0.999201 9.993E-05 9.993E-05
9.993E-05 9.993E-05 9.993E-05 9.993E-05 9.993E-05 9.993E-05 0.999201 9.993E-05 9.993E-05
9.993E-05 9.993E-05 9.993E-05 9.993E-05 9.993E-05 9.993E-05 0.999201 9.993E-05 9.993E-05
9.993E-05 9.993E-05 9.993E-05 9.993E-05 9.993E-05 9.993E-05 0.999201 9.993E-05 9.993E-05
9.9946E-05 0.105391 9.9946E-05 9.9946E-05 9.9946E-05 0.0117466 0.882262 9.9946E-05 9.9946E-05
9.9946E-05 9.9946E-05 0.00229566 9.9946E-05 9.9946E-05 9.9946E-05 0.969941 0.0271639 9.9946E-05
9.993E-05 9.993E-05 9.993E-05 9.993E-05 9.993E-05 9.993E-05 0.999201 9.993E-05 9.993E-05
0.0546846 0.0900889 0.085241 0.063779 9.9982E-05 0.23516 0.0555154 0.415331 9.9982E-05
0.0333223 9.9964E-05 0.0130116 9.9964E-05 9.9964E-05 0.00886712 0.908799 9.9964E-05 0.0356006
9.993E-05 9.993E-05 9.993E-05 9.993E-05 9.993E-05 9.993E-05 0.999201 9.993E-05 9.993E-05
9.9955E-05 9.9955E-05 0.00400144 9.9955E-05 9.9955E-05 9.9955E-05 0.974665 0.02034 0.000493334
9.9946E-05 9.9946E-05 0.0121738 9.9946E-05 9.9946E-05 0.0050296 9.9946E-05 0.982197 9.9946E-05
9.993E-05 9.993E-05 9.993E-05 9.993E-05 9.993E-05 9.993E-05 9.993E-05 0.999201 9.993E-05
9.993E-05 9.993E-05 9.993E-05 9.993E-05 9.993E-05 9.993E-05 9.993E-05 0.999201 9.993E-05
9.993E-05 9.993E-05 9.993E-05 9.993E-05 9.993E-05 9.993E-05 9.993E-05 0.999201 9.993E-05
0.0761256 9.9973E-05 0.013772 0.0142492 9.9973E-05 0.0843986 9.9973E-05 0.807749 0.00340524
0.0610836 0.080187 0.0515916 9.9973E-05 9.9973E-05 0.11696 0.0103856 0.679492 9.9973E-05
0.0629111 0.0685111 0.0204906 9.9973E-05 9.9973E-05 0.0636376 0.029397 0.754753 9.9973E-05
0.0662506 9.9964E-05 0.0149991 9.9964E-05 9.9964E-05 0.131425 0.0300891 0.756836 9.9964E-05
0.0440284 9.9955E-05 9.9955E-05 0.0237509 9.9955E-05 9.9955E-05 0.0927291 0.838992 9.9955E-05
0.0329084 9.9955E-05 9.9955E-05 0.0228204 9.9955E-05 9.9955E-05 0.067035 0.876736 9.9955E-05
0.0444139 0.0364875 0.0782804 0.0205975 9.9982E-05 0.0551802 0.0128859 0.751955 9.9982E-05
0.133084 9.9964E-05 0.0329425 0.00201612 9.9964E-05 9.9964E-05 0.0296791 0.801878 9.9964E-05
0.0610145 9.9982E-05 0.0230302 0.0385926 0.0189132 0.0854284 9.9982E-05 0.682953 0.0898681
0.0252422 0.00748304 0.036548 0.0479907 9.9991E-05 0.131232 0.0409652 0.656436 0.0540033
0.00870627 9.9973E-05 0.0261723 0.0716753 9.9973E-05 0.885702 0.000175121 0.007269 9.9973E-05
0.0184226 0.0350325 0.0504576 9.9964E-05 0.0202969 0.875391 9.9964E-05 9.9964E-05 9.9964E-05
9.993E-05 9.993E-05 9.993E-05 9.993E-05 9.993E-05 0.999201 9.993E-05 9.993E-05 9.993E-05
9.9937E-05 9.9937E-05 0.0270544 9.9937E-05 9.9937E-05 0.972246 9.9937E-05 9.9937E-05 9.9937E-05
9.9937E-05 9.9937E-05 0.0158558 9.9937E-05 9.9937E-05 0.983445 9.9937E-05 9.9937E-05 9.9937E-05
9.993E-05 9.993E-05 9.993E-05 9.993E-05 9.993E-05 0.999201 9.993E-05 9.993E-05 9.993E-05
9.99371E-05 9.99371E-05 9.99371E-05 9.99371E-05 9.99371E-05 0.993155 0.00614572 9.99371E-05 9.99371E-05
0.0851883 9.9964E-05 9.9964E-05 9.9964E-05 0.0342599 0.744073 0.0295097 9.9964E-05 0.106569
0.00377162 9.9946E-05 9.9946E-05 0.0140331 9.9946E-05 0.981596 9.9946E-05 9.9946E-05 9.9946E-05
9.993E-05 9.993E-05 9.993E-05 9.993E-05 9.993E-05 0.999201 9.993E-05 9.993E-05 9.993E-05
0.112008 9.9964E-05 9.9964E-05 0.00131029 0.00911024 0.841426 0.035745 9.9964E-05 9.9964E-05
9.9946E-05 9.9946E-05 9.9946E-05 9.9946E-05 9.9946E-05 0.966962 0.00280194 0.0296366 9.9946E-05
0.11153 9.9964E-05 9.9964E-05 0.0782091 9.9964E-05 0.693573 9.9964E-05 0.0235564 0.0927318
9.993E-05 9.993E-05 9.993E-05 0.999201 9.993E-05 9.993E-05 9.993E-05 9.993E-05 9.993E-05
0.0133632 9.9982E-05 0.0273034 0.0791508 9.9982E-05 0.0618607 0.127063 0.588959 0.1021
9.9955E-05 9.9955E-05 0.00214705 0.976907 9.9955E-05 0.00208408 0.0183623 9.9955E-05 9.9955E-05
9.993E-05 9.993E-05 9.993E-05 0.999201 9.993E-05 9.993E-05 9.993E-05 9.993E-05 9.993E-05
0.0602254 0.00708115 9.9964E-05 0.924389 0.00739305 0.000511578 9.9964E-05 9.9964E-05 9.9964E-05
0.0364798 0.0461216 0.0319317 0.783692 9.9982E-05 9.9982E-05 0.00737279 0.00234697 0.0918548
9.993E-05 9.993E-05 9.993E-05 0.999201 9.993E-05 9.993E-05 9.993E-05 9.993E-05 9.993E-05
0.0356958 9.9964E-05 9.9964E-05 0.867974 0.00263861 0.039176 9.9964E-05 0.0541159 9.9964E-05
9.9955E-05 9.9955E-05 0.011541 0.947353 0.00277816 9.9955E-05 0.0378277 9.9955E-05 9.9955E-05
9.9955E-05 9.9955E-05 9.9955E-05 0.98497 9.9955E-05 0.00188643 0.00429018 0.00835352 9.9955E-05
9.993E-05 9.993E-05 9.993E-05 0.999201 9.993E-05 9.993E-05 9.993E-05 9.993E-05 9.993E-05
9.99371E-05 9.99371E-05 0.00564508 0.993655 9.99371E-05 9.99371E-05 9.99371E-05 9.99371E-05 9.99371E-05
9.9946E-05 9.9946E-05 9.9946E-05 0.925319 9.9946E-05 0.0526414 0.02144 9.9946E-05 9.9946E-05
9.9973E-05 9.9973E-05 0.0686056 0.817883 9.9973E-05 0.0419744 0.0139272 0.0310555 0.0262546
0.0153029 9.9982E-05 9.9982E-05 0.894959 0.0062305 0.00781579 0.0100191 0.00605045 0.0594218
0.0188411 9.9982E-05 9.9982E-05 0.867095 0.000461329 0.0193406 0.0101804 0.0209651 0.0629169
0.0401095 0.00737737 0.0408579 0.822394 0.00700005 0.0275962 9.9991E-05 0.0147789 0.0397865
0.0229028 9.9964E-05 0.0190197 0.884083 0.0172029 9.9964E-05 9.9964E-05 9.9964E-05 0.0563918
0.0117772 0.0197529 0.00529311 0.904337 9.9973E-05 0.0233187 9.9973E-05 0.0352212 9.9973E-05
0.176278 9.9991E-05 0.229994 0.03143 0.0440806 0.0469549 0.0563539 0.273797 0.141012
0.0838984 0.0816987 0.241996 0.0439159 9.9991E-05 0.0329316 0.0782473 0.251581 0.185631
0.127476 9.9982E-05 0.255164 0.0481849 0.0480101 9.9982E-05 0.0634268 0.268208 0.189329
0.103091 9.9991E-05 0.270685 0.0567244 0.0516917 0.0179073 0.0660378 0.211206 0.222557
0.948815 9.9946E-05 9.9946E-05 9.9946E-05 9.9946E-05 0.0434309 0.00715493 9.9946E-05 9.9946E-05
0.999201 9.993E-05 9.993E-05 9.993E-05 9.993E-05 9.993E-05 9.993E-05 9.993E-05 9.993E-05
0.977936 9.9946E-05 9.9946E-05 9.9946E-05 9.9946E-05 9.9946E-05 0.00844837 0.0130161 9.9946E-05
0.999201 9.993E-05 9.993E-05 9.993E-05 9.993E-05 9.993E-05 9.993E-05 9.993E-05 9.993E-05
0.953792 9.9946E-05 0.0315611 9.9946E-05 9.9946E-05 9.9946E-05 0.0140469 9.9946E-05 9.9946E-05
0.961892 9.9955E-05 0.0248773 0.000214101 9.9955E-05 9.9955E-05 0.0125168 9.9955E-05 9.9955E-05
0.908821 9.9964E-05 0.0280497 0.017155 9.9964E-05 9.9964E-05 0.0308116 9.9964E-05 0.0147633
0.736176 0.0967219 0.0198546 9.9973E-05 0.0411161 0.0367499 9.9973E-05 0.0690816 9.9973E-05
0.859938 0.0732689 9.9973E-05 0.0315903 0.0101551 9.9973E-05 9.9973E-05 0.00156347 0.0231846
9.9955E-05 9.9955E-05 0.938982 9.9955E-05 9.9955E-05 0.0204363 9.9955E-05 0.0297877 0.0102944
0.00734651 9.99371E-05 0.991954 9.99371E-05 9.99371E-05 9.99371E-05 9.99371E-05 9.99371E-05 9.99371E-05
9.993E-05 9.993E-05 0.999201 9.993E-05 9.993E-05 9.993E-05 9.993E-05 9.993E-05 9.993E-05
9.993E-05 9.993E-05 0.999201 9.993E-05 9.993E-05 9.993E-05 9.993E-05 9.993E-05 9.993E-05
9.993E-05 9.993E-05 0.999201 9.993E-05 9.993E-05 9.993E-05 9.993E-05 9.993E-05 9.993E-05
0.00395981 0.0301277 0.88001 0.00265515 0.0428637 9.9973E-05 9.9973E-05 0.0400832 9.9973E-05
9.993E-05 9.993E-05 0.999201 9.993E-05 9.993E-05 9.993E-05 9.993E-05 9.993E-05 9.993E-05
9.9946E-05 9.9946E-05 0.970642 9.9946E-05 9.9946E-05 0.0171557 9.9946E-05 0.0116031 9.9946E-05
9.9946E-05 9.9946E-05 0.990427 0.00295125 0.00602222 9.9946E-05 9.9946E-05 9.9946E-05 9.9946E-05
9.9946E-05 9.9946E-05 0.938342 0.0473188 9.9946E-05 0.0137399 9.9946E-05 9.9946E-05 9.9946E-05
0.00620312 9.9946E-05 0.987604 9.9946E-05 9.9946E-05 0.00559319 9.9946E-05 9.9946E-05 9.9946E-05
9.993E-05 9.993E-05 0.999201 9.993E-05 9.993E-05 9.993E-05 9.993E-05 9.993E-05 9.993E-05
