9.993E-05 9.993E-05 9.993E-05 9.993E-05 9.993E-05 9.993E-05 0.999201 9.993E-05 9.993E-05
9.9964E-05 0.836773 9.9964E-05 0.0488085 9.9964E-05 0.0440931 0.0604018 0.00952373 9.9964E-05
9.9964E-05 0.837551 9.9964E-05 0.0180688 9.9964E-05 0.0770291 0.0581459 9.9964E-05 0.00880578
9.993E-05 0.999201 9.993E-05 9.993E-05 9.993E-05 9.993E-05 9.993E-05 9.993E-05 9.993E-05
0.0265905 0.61617 0.0535796 9.9982E-05 0.0505642 9.9982E-05 0.0139013 0.0718391 0.167156
9.997E-05 0.558633 0.172126 9.997E-05 0.00775906 0.0119309 0.0571022 9.997E-05 0.192149
9.9946E-05 0.524568 9.9946E-05 9.9946E-05 9.9946E-05 9.9946E-05 0.147603 9.9946E-05 0.327229
9.9964E-05 0.544933 0.0355003 9.9964E-05 9.9964E-05 0.0611864 0.183306 9.9964E-05 0.174674
9.9973E-05 0.522798 0.0631724 9.9973E-05 9.9973E-05 0.0195299 0.0863303 0.0267554 0.281114
9.993E-05 9.993E-05 9.993E-05 9.993E-05 9.993E-05 9.993E-05 0.999201 9.993E-05 9.993E-05
9.993E-05 9.993E-05 9.993E-05 9.993E-05 9.993E-05 9.993E-05 0.999201 9.993E-05 9.993E-05
9.9937E-05 9.9937E-05 9.9937E-05 9.9937E-05 9.9937E-05 9.9937E-05 0.981208 0.0180923 9.9937E-05
9.9937E-05 9.9937E-05 9.9937E-05 9.9937E-05 9.9937E-05 0.0029983 0.996302 9.9937E-05 9.9937E-05
9.9946E-05 9.9946E-05 9.9946E-05 9.9946E-05 0.0461689 9.9946E-05 0.905926 9.9946E-05 0.0473059
9.9955E-05 0.040046 9.9955E-05 0.0184482 0.0124029 9.9955E-05 0.928603 9.9955E-05 9.9955E-05
9.997E-05 0.608112 0.234313 9.997E-05 9.997E-05 0.00809277 0.0496963 0.0436459 0.0558404
0.0372347 0.428643 0.148612 0.0435043 0.100161 0.016161 0.116369 0.0722869 0.0370282
9.993E-05 0.999201 9.993E-05 9.993E-05 9.993E-05 9.993E-05 9.993E-05 9.993E-05 9.993E-05
9.995E-05 0.0537072 9.995E-05 9.995E-05 0.0133929 9.995E-05 9.995E-05 0.0305452 0.901855
0.00668417 9.9946E-05 9.9946E-05 9.9946E-05 0.0288677 9.9946E-05 9.9946E-05 9.9946E-05 0.963848
9.9955E-05 0.096541 9.9955E-05 9.9955E-05 9.9955E-05 9.9955E-05 0.026536 0.0236434 0.85278
9.9973E-05 0.0414199 0.0447117 0.000931789 0.0895136 0.0717933 9.9973E-05 9.9973E-05 0.75133
9.9973E-05 0.0154031 9.9973E-05 9.9973E-05 0.0145194 0.0148211 0.00828831 0.0420605 0.904608
9.9937E-05 9.9937E-05 9.9937E-05 9.9937E-05 9.9937E-05 9.9937E-05 0.0252357 9.9937E-05 0.974065
9.99371E-05 9.99371E-05 0.00274405 9.99371E-05 9.99371E-05 9.99371E-05 9.99371E-05 9.99371E-05 0.996556
0.0448255 9.9964E-05 0.178169 9.9964E-05 9.9964E-05 9.9964E-05 0.00622758 0.0471951 0.723183
9.997E-05 9.997E-05 0.0589388 9.997E-05 0.0160217 0.0642836 0.00893056 0.0835181 0.768007
9.9955E-05 0.0505317 0.0395182 9.9955E-05 9.9955E-05 0.0100747 9.9955E-05 9.9955E-05 0.899376
0.0485385 0.00817492 0.0641576 0.014895 0.00275846 0.00692098 0.0437749 0.0249573 0.785822
9.9964E-05 0.246185 9.9964E-05 0.0101245 9.9964E-05 9.9964E-05 0.0222005 0.00134195 0.719748
9.99461E-05 9.99461E-05 9.99461E-05 9.99461E-05 0.00530203 9.99461E-05 0.0105303 9.99461E-05 0.983568
0.0558377 9.99551E-05 9.99551E-05 9.99551E-05 9.99551E-05 0.0147961 9.99551E-05 0.0518305 0.877036
0.0179096 9.9973E-05 9.9973E-05 9.9973E-05 0.0213016 0.0644331 0.026501 0.0339501 0.835605
0.106542 9.9982E-05 0.0530814 0.0220532 0.00194015 0.0813839 0.0508813 9.9982E-05 0.683918
9.9955E-05 0.016604 9.9955E-05 9.9955E-05 0.0801779 0.037362 9.9955E-05 9.9955E-05 0.865356
9.996E-05 0.232324 0.0104719 9.996E-05 9.996E-05 9.996E-05 0.0471983 0.00668875 0.702917
9.9946E-05 9.9946E-05 0.443651 9.9946E-05 0.0320183 9.9946E-05 9.9946E-05 9.9946E-05 0.523731
0.0438459 0.0717372 0.164642 9.9982E-05 0.0689445 0.0368627 9.9982E-05 0.0876839 0.526083
9.998E-05 0.000925718 0.150952 0.0459247 0.014621 0.0489274 9.998E-05 0.0695234 0.668926
0.0407726 9.9982E-05 0.225675 0.0243836 0.0221799 9.9982E-05 0.000334012 0.0482531 0.638202
0.080233 0.197216 0.700112 0.0201176 9.9964E-05 0.00192104 9.9964E-05 9.9964E-05 9.9964E-05
0.0178553 0.193679 0.691568 0.038036 0.0127222 0.0230948 9.9982E-05 0.0228444 9.9982E-05
0.0480346 0.311144 0.531728 0.0262533 9.9982E-05 0.0312722 0.00417387 9.9982E-05 0.0471942
0.00831108 0.226604 0.758092 9.9955E-05 9.9955E-05 0.00649254 9.9955E-05 9.9955E-05 9.9955E-05
0.0327145 0.0210412 0.562361 9.9973E-05 9.9973E-05 0.0889106 9.9973E-05 0.0711809 0.223492
9.9937E-05 9.9937E-05 0.987911 9.9937E-05 9.9937E-05 9.9937E-05 9.9937E-05 9.9937E-05 0.0113889
9.993E-05 9.993E-05 0.999201 9.993E-05 9.993E-05 9.993E-05 9.993E-05 9.993E-05 9.993E-05
0.0293832 9.9973E-05 0.496598 9.9973E-05 0.0224786 0.042988 9.9973E-05 0.00246217 0.40579
0.0600328 0.0621567 0.526295 9.9991E-05 0.0130186 0.0666916 0.0526958 0.0593287 0.159681
0.0576475 0.149124 0.379508 0.0414471 9.9973E-05 9.9973E-05 0.0581085 9.9973E-05 0.313865
9.9982E-05 0.0238459 0.5032 0.0390694 9.9982E-05 0.0554995 0.0297698 0.0589639 0.289451
9.998E-05 0.011166 0.656289 9.998E-05 0.0061164 0.0486573 0.00290481 0.0404302 0.234236
9.996E-05 0.0355012 0.897453 9.996E-05 9.996E-05 9.996E-05 0.036946 0.0139037 0.0157966
0.0386796 9.9982E-05 0.543831 0.0222109 0.0905309 9.9982E-05 0.0549772 0.0169686 0.232602
0.0493938 9.9982E-05 0.477212 0.0682662 0.0602888 9.9982E-05 0.063399 0.026036 0.255205
0.053749 0.169694 0.620249 9.9982E-05 0.0105167 0.0778067 9.9982E-05 0.00562821 0.062157
0.0758984 0.0239129 0.432463 0.0165929 9.9991E-05 0.0470903 0.0665188 0.085482 0.251941
0.0494022 0.024147 0.530831 0.0283842 9.9982E-05 0.0608351 9.9982E-05 0.0625239 0.243677
9.9946E-05 9.9946E-05 0.964949 9.9946E-05 9.9946E-05 9.9946E-05 0.0155458 9.9946E-05 0.0189051
9.998E-05 0.0113065 0.538552 9.998E-05 0.0202228 0.0479587 0.0228194 0.055048 0.303893
0.050925 9.9955E-05 0.551995 9.9955E-05 9.9955E-05 9.9955E-05 9.9955E-05 0.124412 0.272168
0.0522527 0.0222291 0.85782 9.9973E-05 0.0179409 9.9973E-05 0.0317746 9.9973E-05 0.0176832
9.998E-05 0.0304437 0.791414 0.000537503 0.0209688 0.00475275 9.998E-05 0.0496896 0.101994
9.99461E-05 9.99461E-05 0.880953 9.99461E-05 0.0925593 0.0258879 9.99461E-05 9.99461E-05 9.99461E-05
0.0113449 0.0685793 0.864939 9.9973E-05 9.9973E-05 9.9973E-05 0.00484507 0.00662346 0.0433686
9.9946E-05 9.9946E-05 0.931532 9.9946E-05 0.0574476 0.0104209 9.9946E-05 9.9946E-05 9.9946E-05
9.9937E-05 9.9937E-05 0.981398 0.0179027 9.9937E-05 9.9937E-05 9.9937E-05 9.9937E-05 9.9937E-05
0.0236808 9.9964E-05 0.8273 0.0281515 0.0913139 9.9964E-05 0.0291535 9.9964E-05 9.9964E-05
9.996E-05 0.0931074 0.653883 9.996E-05 0.0156673 9.996E-05 9.996E-05 0.0453887 0.191554
9.99461E-05 9.99461E-05 0.951525 9.99461E-05 0.0261959 0.0216796 9.99461E-05 9.99461E-05 9.99461E-05
0.0180551 0.0568684 0.748886 0.0559009 9.998E-05 0.0410894 0.0440944 9.998E-05 0.0349055
0.0318542 0.0320154 0.825086 0.038084 0.0211101 0.0428364 9.9982E-05 0.00881356 9.9982E-05
9.9946E-05 9.9946E-05 0.886533 9.9946E-05 9.9946E-05 9.9946E-05 0.10697 9.9946E-05 0.00589679
9.99371E-05 9.99371E-05 0.934134 9.99371E-05 9.99371E-05 9.99371E-05 0.0651665 9.99371E-05 9.99371E-05
0.0417218 9.9964E-05 0.799483 9.9964E-05 0.0789688 0.0152721 0.0641545 9.9964E-05 9.9964E-05
9.9955E-05 9.9955E-05 0.902774 9.9955E-05 0.0124138 9.9955E-05 9.9955E-05 0.0584032 0.0259095
9.9937E-05 9.9937E-05 0.986986 0.0123143 9.9937E-05 9.9937E-05 9.9937E-05 9.9937E-05 9.9937E-05
0.0240981 0.0181072 0.728596 0.0876991 0.116644 9.9973E-05 0.0245562 9.9973E-05 9.9973E-05
0.0900535 0.0381652 0.569623 0.122681 0.0978163 0.0167216 9.9982E-05 0.0647392 9.9982E-05
0.0933319 9.9973E-05 0.665005 0.108376 0.0677126 0.00382142 9.9973E-05 0.0614525 9.9973E-05
0.13504 9.997E-05 0.679633 0.0787513 0.0314377 0.0371057 9.997E-05 0.037732 9.997E-05
0.0919455 9.9973E-05 0.645405 0.113355 0.050723 0.0140543 9.9973E-05 0.0842171 9.9973E-05
0.0757806 9.998E-05 0.661872 0.113159 0.0613381 0.0286076 9.998E-05 0.0310051 0.0280377
0.1256 0.0641608 0.384898 0.108828 9.998E-05 0.00189253 9.998E-05 0.0784562 0.235964
0.0566221 0.0825672 0.573599 0.202386 0.000413777 9.998E-05 9.998E-05 0.058577 0.0256348
0.0588855 0.0950779 0.566164 0.152869 0.0205981 0.0685344 9.9982E-05 0.0376704 9.9982E-05
0.1204 0.0710903 0.481577 0.0673991 9.999E-05 0.0616812 0.0299219 0.0717721 0.0960583
0.132121 0.00157172 0.51611 0.123145 9.997E-05 9.997E-05 9.997E-05 0.082741 0.144012
0.0750517 0.0554236 0.540203 0.100021 0.0814978 0.0387003 9.999E-05 0.0665875 0.0424156
0.142456 9.999E-05 0.440177 0.112091 0.0262578 0.0954845 0.0163546 0.10156 0.0655196
0.0678854 0.183814 0.379824 0.118544 0.185927 0.0482964 0.00861509 0.00699488 9.999E-05
0.0999538 0.181325 0.448512 0.0710888 0.174369 0.0244521 9.997E-05 9.997E-05 9.997E-05
0.0562797 9.999E-05 0.381352 0.194289 0.0165176 0.0875512 0.0242882 0.163325 0.0762975
0.0141381 9.9937E-05 9.9937E-05 0.985162 9.9937E-05 9.9937E-05 9.9937E-05 9.9937E-05 9.9937E-05
9.9955E-05 0.025889 0.00741633 0.961222 9.9955E-05 9.9955E-05 0.00497302 9.9955E-05 9.9955E-05
0.00263273 9.997E-05 0.0605003 0.85235 0.0364818 9.997E-05 0.0126604 9.997E-05 0.0350753
9.99461E-05 9.99461E-05 9.99461E-05 0.990756 9.99461E-05 0.00746476 0.00118004 9.99461E-05 9.99461E-05
9.993E-05 9.993E-05 9.993E-05 0.999201 9.993E-05 9.993E-05 9.993E-05 9.993E-05 9.993E-05
9.993E-05 9.993E-05 9.993E-05 0.999201 9.993E-05 9.993E-05 9.993E-05 9.993E-05 9.993E-05
9.993E-05 9.993E-05 9.993E-05 0.999201 9.993E-05 9.993E-05 9.993E-05 9.993E-05 9.993E-05
9.9964E-05 0.0348526 9.9964E-05 0.87976 0.0203298 0.0214257 9.9964E-05 9.9964E-05 0.0432317
9.99371E-05 9.99371E-05 9.99371E-05 0.989654 9.99371E-05 9.99371E-05 9.99371E-05 0.00964606 9.99371E-05
9.993E-05 9.993E-05 9.993E-05 0.999201 9.993E-05 9.993E-05 9.993E-05 9.993E-05 9.993E-05
0.285601 9.998E-05 0.144474 0.100982 0.0686776 0.141301 9.998E-05 0.124586 0.134179
0.0319727 9.9964E-05 0.01437 0.88125 0.0189754 9.9964E-05 9.9964E-05 0.0530322 9.9964E-05
9.9937E-05 9.9937E-05 9.9937E-05 0.985074 9.9937E-05 9.9937E-05 9.9937E-05 0.0142267 9.9937E-05
9.9937E-05 9.9937E-05 9.9937E-05 0.992878 9.9937E-05 0.00642247 9.9937E-05 9.9937E-05 9.9937E-05
0.232231 9.998E-05 0.431214 0.0937269 0.0903756 0.0455789 9.998E-05 0.105581 0.00109366
0.19652 9.998E-05 0.41956 0.132833 0.069264 0.0414893 9.998E-05 0.0632915 0.0768427
0.17709 9.9991E-05 0.38442 0.114925 0.111632 0.0575024 0.000393015 0.119646 0.0342913
0.184009 9.998E-05 0.37371 0.158393 0.0565261 0.0950147 9.998E-05 0.0798898 0.0522568
0.248882 9.9982E-05 0.354343 0.134924 0.0838895 0.0874937 9.9982E-05 0.0758045 0.0144628
0.232281 9.998E-05 0.266812 0.090587 0.133125 0.00979922 9.998E-05 0.0763677 0.190828
0.164357 9.9973E-05 0.4113 0.154546 0.0976101 9.9973E-05 9.9973E-05 0.0415804 0.130307
0.222282 9.997E-05 0.433761 0.133289 0.129889 9.997E-05 9.997E-05 0.041891 0.0385877
0.106442 9.998E-05 0.324918 0.241148 0.142445 0.0712415 9.998E-05 0.0730717 0.0405347
0.154552 9.998E-05 0.351912 0.206541 0.126899 0.0561263 9.998E-05 0.0505903 0.0531791
0.168427 9.9982E-05 0.38305 0.102961 0.102835 0.0636061 9.9982E-05 0.0916531 0.0872677
0.104321 9.998E-05 0.367267 0.186384 0.165652 0.0387265 9.998E-05 0.063103 0.0743464
0.190185 9.9982E-05 0.449123 0.0567721 0.132704 0.0731815 0.0165422 0.0812925 9.9982E-05
0.184935 0.0562257 0.437298 0.131441 0.0473881 0.066768 9.9982E-05 0.075744 9.9982E-05
9.993E-05 9.993E-05 9.993E-05 9.993E-05 9.993E-05 0.999201 9.993E-05 9.993E-05 9.993E-05
0.147761 0.0394476 0.408454 0.150443 0.103388 0.0590606 9.998E-05 0.0912466 9.998E-05
9.993E-05 9.993E-05 9.993E-05 9.993E-05 9.993E-05 0.999201 9.993E-05 9.993E-05 9.993E-05
9.993E-05 9.993E-05 9.993E-05 9.993E-05 9.993E-05 0.999201 9.993E-05 9.993E-05 9.993E-05
9.99461E-05 9.99461E-05 9.99461E-05 0.00865906 0.0587574 0.931984 9.99461E-05 9.99461E-05 9.99461E-05
0.0664356 9.998E-05 0.0518802 9.998E-05 0.0330593 0.762564 0.00296652 0.0245292 0.0583651
9.993E-05 9.993E-05 9.993E-05 9.993E-05 9.993E-05 0.999201 9.993E-05 9.993E-05 9.993E-05
0.0491281 9.99551E-05 0.0278444 9.99551E-05 0.0286446 0.893883 9.99551E-05 9.99551E-05 9.99551E-05
9.997E-05 0.0131298 9.997E-05 0.0057767 0.0109857 0.960232 9.997E-05 0.00136265 0.00821363
0.0228286 9.9946E-05 9.9946E-05 9.9946E-05 9.9946E-05 0.956258 9.9946E-05 9.9946E-05 0.0203138
9.993E-05 9.993E-05 9.993E-05 9.993E-05 9.993E-05 0.999201 9.993E-05 9.993E-05 9.993E-05
9.9955E-05 9.9955E-05 9.9955E-05 9.9955E-05 9.9955E-05 0.965898 0.00973104 0.00694293 0.0169279
0.0501573 0.00279225 9.9955E-05 9.9955E-05 9.9955E-05 0.914769 9.9955E-05 9.9955E-05 0.0317819
0.0385637 0.0377585 9.997E-05 0.0347832 0.0217304 0.838853 9.997E-05 0.0280115 9.997E-05
9.9955E-05 9.9955E-05 0.00493267 9.9955E-05 0.00162282 0.975636 0.0173091 9.9955E-05 9.9955E-05
0.0175243 9.9964E-05 0.0862698 0.00975628 0.0210563 0.864994 9.9964E-05 9.9964E-05 9.9964E-05
0.0153947 0.00782651 0.108587 9.998E-05 0.0216979 0.819969 0.00142275 0.0249017 9.998E-05
9.9973E-05 0.0549872 9.9973E-05 0.0299766 0.0037254 0.845419 0.0239669 0.0416248 9.9973E-05
0.00707965 9.9955E-05 9.9955E-05 0.0323582 9.9955E-05 0.957893 9.9955E-05 9.9955E-05 0.00216932
0.900044 9.9955E-05 0.0590128 9.9955E-05 9.9955E-05 0.0158723 9.9955E-05 0.0245711 9.9955E-05
0.857294 0.0240446 9.9964E-05 0.0383784 0.00192427 9.9964E-05 9.9964E-05 0.0779585 9.9964E-05
0.999201 9.993E-05 9.993E-05 9.993E-05 9.993E-05 9.993E-05 9.993E-05 9.993E-05 9.993E-05
0.980294 9.9937E-05 9.9937E-05 9.9937E-05 9.9937E-05 9.9937E-05 9.9937E-05 0.0190064 9.9937E-05
0.999201 9.993E-05 9.993E-05 9.993E-05 9.993E-05 9.993E-05 9.993E-05 9.993E-05 9.993E-05
0.999201 9.993E-05 9.993E-05 9.993E-05 9.993E-05 9.993E-05 9.993E-05 9.993E-05 9.993E-05
0.998181 9.99371E-05 9.99371E-05 9.99371E-05 0.00111987 9.99371E-05 9.99371E-05 9.99371E-05 9.99371E-05
0.702145 0.0147513 0.0888311 9.997E-05 0.133589 0.0103375 0.0500467 9.997E-05 9.997E-05
0.992122 9.9937E-05 9.9937E-05 9.9937E-05 9.9937E-05 0.007178 9.9937E-05 9.9937E-05 9.9937E-05
0.999201 9.993E-05 9.993E-05 9.993E-05 9.993E-05 9.993E-05 9.993E-05 9.993E-05 9.993E-05
0.886837 0.0511759 9.9955E-05 9.9955E-05 0.0465163 9.9955E-05 0.0149706 9.9955E-05 9.9955E-05
0.999201 9.993E-05 9.993E-05 9.993E-05 9.993E-05 9.993E-05 9.993E-05 9.993E-05 9.993E-05
0.750215 0.0611233 0.0544976 0.0079236 0.0581213 0.0678194 9.997E-05 9.997E-05 9.997E-05
0.0397129 9.9982E-05 0.354083 0.0735038 0.115986 0.0850388 0.042897 0.288579 9.9982E-05
0.0661944 9.999E-05 0.370801 0.0462545 0.138206 0.0519937 0.0368176 0.255748 0.0338846
0.0139874 9.998E-05 0.359259 0.0962146 0.112502 0.0728362 0.0553921 0.289609 9.998E-05
0.00734116 9.9982E-05 0.411551 0.0583955 0.137316 0.0360401 0.055181 0.293975 9.9982E-05
0.0143925 0.0220641 9.996E-05 9.996E-05 0.925612 9.996E-05 9.996E-05 0.00810477 0.029427
9.993E-05 9.993E-05 9.993E-05 9.993E-05 0.999201 9.993E-05 9.993E-05 9.993E-05 9.993E-05
9.9946E-05 9.9946E-05 9.9946E-05 0.00196753 0.985283 0.0121495 9.9946E-05 9.9946E-05 9.9946E-05
9.993E-05 9.993E-05 9.993E-05 9.993E-05 0.999201 9.993E-05 9.993E-05 9.993E-05 9.993E-05
9.9946E-05 9.9946E-05 9.9946E-05 0.00397415 0.985113 9.9946E-05 0.0103132 9.9946E-05 9.9946E-05
9.996E-05 9.996E-05 9.996E-05 0.018222 0.966857 0.00847217 9.996E-05 0.00112129 0.00492816
0.00477208 9.9964E-05 9.9964E-05 9.9964E-05 0.947722 0.00523556 9.9964E-05 0.0281754 0.0136955
0.0880093 0.0366937 9.998E-05 9.998E-05 0.710734 0.0288902 0.0422803 0.0714829 0.0217099
9.9964E-05 0.0118755 0.109255 9.9964E-05 0.812917 9.9964E-05 0.00431015 9.9964E-05 0.0612424
9.9937E-05 9.9937E-05 9.9937E-05 9.9937E-05 9.9937E-05 0.0008207 9.9937E-05 0.99848 9.9937E-05
9.993E-05 9.993E-05 9.993E-05 9.993E-05 9.993E-05 9.993E-05 9.993E-05 0.999201 9.993E-05
9.993E-05 9.993E-05 9.993E-05 9.993E-05 9.993E-05 9.993E-05 9.993E-05 0.999201 9.993E-05
9.9937E-05 9.9937E-05 9.9937E-05 9.9937E-05 9.9937E-05 9.9937E-05 0.000689502 0.998611 9.9937E-05
9.993E-05 9.993E-05 9.993E-05 9.993E-05 9.993E-05 9.993E-05 9.993E-05 0.999201 9.993E-05
0.0125365 9.998E-05 0.0457116 9.998E-05 0.0238607 0.0102007 0.0138062 0.848304 0.0453807
9.993E-05 9.993E-05 9.993E-05 9.993E-05 9.993E-05 9.993E-05 9.993E-05 0.999201 9.993E-05
9.993E-05 9.993E-05 9.993E-05 9.993E-05 9.993E-05 9.993E-05 9.993E-05 0.999201 9.993E-05
9.99371E-05 9.99371E-05 9.99371E-05 9.99371E-05 9.99371E-05 9.99371E-05 0.0109071 0.988393 9.99371E-05
9.995E-05 9.995E-05 0.0644601 0.00765418 9.995E-05 9.995E-05 0.00706167 0.920324 9.995E-05
9.993E-05 9.993E-05 9.993E-05 9.993E-05 9.993E-05 9.993E-05 9.993E-05 0.999201 9.993E-05
9.9964E-05 0.0120356 9.9964E-05 0.0179324 0.00220948 9.9964E-05 9.9964E-05 0.959248 0.00817486
