9.993E-05 9.993E-05 9.993E-05 9.993E-05 9.993E-05 9.993E-05 9.993E-05 9.993E-05 0.999201
0.00537019 9.9955E-05 9.9955E-05 9.9955E-05 9.9955E-05 0.0643508 0.126325 9.9955E-05 0.803454
0.999201 9.993E-05 9.993E-05 9.993E-05 9.993E-05 9.993E-05 9.993E-05 9.993E-05 9.993E-05
0.874602 9.9946E-05 0.0370615 0.0877369 9.9946E-05 9.9946E-05 9.9946E-05 9.9946E-05 9.9946E-05
9.993E-05 9.993E-05 9.993E-05 9.993E-05 9.993E-05 0.999201 9.993E-05 9.993E-05 9.993E-05
9.9955E-05 0.0294974 9.9955E-05 0.0272539 9.9955E-05 0.162931 9.9955E-05 9.9955E-05 0.779818
9.9973E-05 0.0269296 0.000322111 9.9973E-05 9.9973E-05 0.0634622 0.00206629 0.0754926 0.831427
9.993E-05 9.993E-05 9.993E-05 9.993E-05 9.993E-05 0.999201 9.993E-05 9.993E-05 9.993E-05
0.111626 9.9955E-05 9.9955E-05 9.9955E-05 0.208064 0.636326 9.9955E-05 9.9955E-05 0.0434836
0.335893 9.9973E-05 0.0278726 9.9973E-05 9.9973E-05 0.19132 0.17021 0.136656 0.137748
9.9955E-05 0.507958 0.0694022 0.367997 9.9955E-05 0.0541429 9.9955E-05 9.9955E-05 9.9955E-05
9.99371E-05 0.987525 9.99371E-05 9.99371E-05 9.99371E-05 0.011775 9.99371E-05 9.99371E-05 9.99371E-05
0.00452428 0.772902 9.9946E-05 9.9946E-05 9.9946E-05 9.9946E-05 9.9946E-05 9.9946E-05 0.221974
0.0223648 0.806304 0.037779 0.0549556 9.9964E-05 0.0781968 9.9964E-05 9.9964E-05 9.9964E-05
0.0697128 0.848569 0.0412267 9.9955E-05 9.9955E-05 9.9955E-05 9.9955E-05 9.9955E-05 0.0399921
9.9946E-05 0.334551 9.9946E-05 0.621257 9.9946E-05 9.9946E-05 9.9946E-05 9.9946E-05 0.0435926
9.993E-05 9.993E-05 9.993E-05 0.999201 9.993E-05 9.993E-05 9.993E-05 9.993E-05 9.993E-05
0.0154271 9.9955E-05 9.9955E-05 0.584938 0.196216 9.9955E-05 0.202919 9.9955E-05 9.9955E-05
9.9946E-05 0.904391 0.00838223 9.9946E-05 9.9946E-05 9.9946E-05 9.9946E-05 0.0866269 9.9946E-05
0.197774 0.252286 9.9955E-05 0.511648 0.0377928 9.9955E-05 9.9955E-05 9.9955E-05 9.9955E-05
0.0513348 0.285993 9.9973E-05 0.418681 0.0177838 9.9973E-05 0.164177 9.9973E-05 0.0617299
9.9964E-05 9.9964E-05 9.9964E-05 0.600743 0.0224913 0.300567 0.070093 9.9964E-05 0.00570642
9.9946E-05 9.9946E-05 0.0167961 0.901689 9.9946E-05 9.9946E-05 9.9946E-05 9.9946E-05 0.080915
9.9937E-05 9.9937E-05 9.9937E-05 0.944768 9.9937E-05 9.9937E-05 0.0545325 9.9937E-05 9.9937E-05
9.9955E-05 0.885259 9.9955E-05 0.0625979 9.9955E-05 9.9955E-05 0.0384445 9.9955E-05 0.0131983
9.9955E-05 0.715062 9.9955E-05 0.0197501 9.9955E-05 9.9955E-05 0.168017 9.9955E-05 0.0966712
9.9964E-05 0.514606 9.9964E-05 0.0537771 0.309053 9.9964E-05 0.0485822 0.0735825 9.9964E-05
0.0751053 0.55125 0.0032982 9.9973E-05 9.9973E-05 0.00669056 0.33665 0.0267057 9.9973E-05
9.9955E-05 0.635383 9.9955E-05 9.9955E-05 0.0102107 9.9955E-05 0.3351 9.9955E-05 0.0188069
9.9937E-05 0.673224 9.9937E-05 9.9937E-05 9.9937E-05 9.9937E-05 0.326076 9.9937E-05 9.9937E-05
0.0361681 9.9946E-05 9.9946E-05 9.9946E-05 0.728198 9.9946E-05 0.235034 9.9946E-05 9.9946E-05
0.0122583 9.9973E-05 9.9973E-05 9.9973E-05 0.654764 0.0166614 0.178734 0.00987844 0.127405
9.9955E-05 0.0963426 9.9955E-05 9.9955E-05 0.584446 9.9955E-05 0.21585 0.102861 9.9955E-05
9.9964E-05 0.020491 9.9964E-05 0.0451872 0.715379 0.00690259 9.9964E-05 0.21164 9.9964E-05
9.9937E-05 0.180908 9.9937E-05 9.9937E-05 0.818392 9.9937E-05 9.9937E-05 9.9937E-05 9.9937E-05
9.99371E-05 9.99371E-05 9.99371E-05 9.99371E-05 0.979496 9.99371E-05 9.99371E-05 9.99371E-05 0.0198047
0.032043 9.9973E-05 9.9973E-05 0.0544787 0.623631 0.169593 9.9973E-05 0.0498981 0.0700567
9.9955E-05 9.9955E-05 9.9955E-05 0.0850687 0.903828 9.9955E-05 0.00930749 9.9955E-05 0.00129636
0.043179 9.9973E-05 0.0395787 0.0098847 0.750389 9.9973E-05 0.0747085 0.08196 9.9973E-05
0.0822647 0.0250837 0.051008 0.0557308 0.372347 9.9991E-05 0.282718 0.0787724 0.0519752
9.9937E-05 9.9937E-05 0.011814 9.9937E-05 0.987486 9.9937E-05 9.9937E-05 9.9937E-05 9.9937E-05
0.0150458 0.195333 9.9973E-05 9.9973E-05 0.309134 9.9973E-05 0.302844 0.139646 0.0376963
9.9955E-05 0.0108789 9.9955E-05 9.9955E-05 0.942582 9.9955E-05 0.038728 0.00731127 9.9955E-05
9.9982E-05 0.107562 0.0343381 0.0156781 0.59792 0.0219433 0.0542659 0.168093 9.9982E-05
0.0429321 0.0357014 9.9973E-05 0.00387354 0.157718 9.9973E-05 0.327888 0.431587 9.9973E-05
9.9964E-05 0.134233 9.9964E-05 9.9964E-05 0.0136383 9.9964E-05 0.0563446 0.715582 0.079803
9.99551E-05 9.99551E-05 0.0547479 9.99551E-05 0.0392463 9.99551E-05 9.99551E-05 0.861687 0.0438191
9.9946E-05 9.9946E-05 9.9946E-05 9.9946E-05 0.031197 9.9946E-05 0.0805618 0.887642 9.9946E-05
0.0827254 0.232417 9.9964E-05 9.9964E-05 0.0304062 0.0359398 9.9964E-05 0.618112 9.9964E-05
9.9964E-05 0.0569148 9.9964E-05 9.9964E-05 0.321118 0.0694163 0.180067 0.372084 9.9964E-05
0.00429643 9.9946E-05 9.9946E-05 9.9946E-05 9.9946E-05 9.9946E-05 0.181876 0.813228 9.9946E-05
9.993E-05 9.993E-05 9.993E-05 9.993E-05 9.993E-05 9.993E-05 9.993E-05 0.999201 9.993E-05
9.9946E-05 9.9946E-05 9.9946E-05 0.0470924 9.9946E-05 9.9946E-05 0.145663 0.806645 9.9946E-05
9.9955E-05 9.9955E-05 0.0234048 0.0840055 0.121681 9.9955E-05 9.9955E-05 0.770409 9.9955E-05
9.9937E-05 9.9937E-05 9.9937E-05 9.9937E-05 0.131394 9.9937E-05 9.9937E-05 0.867907 9.9937E-05
0.0315482 9.9955E-05 0.0126458 9.9955E-05 9.9955E-05 9.9955E-05 0.230885 0.724421 9.9955E-05
0.0648813 0.00365901 0.00974582 0.0163929 0.0191509 0.00432071 0.840514 0.0412355 9.9991E-05
9.9964E-05 0.0475658 9.9964E-05 0.12621 0.0083797 0.144398 0.673047 9.9964E-05 9.9964E-05
9.9964E-05 9.9964E-05 0.00192853 9.9964E-05 9.9964E-05 0.036384 0.888806 0.0606733 0.0118082
9.9973E-05 0.023711 9.9973E-05 0.0582801 9.9973E-05 0.133352 0.709841 0.034785 0.0397312
9.9955E-05 9.9955E-05 9.9955E-05 9.9955E-05 0.0710709 0.00852327 0.822903 0.0970033 9.9955E-05
0.0142184 9.9955E-05 0.113002 9.9955E-05 0.517527 9.9955E-05 0.354753 9.9955E-05 9.9955E-05
9.9955E-05 9.9955E-05 9.9955E-05 9.9955E-05 0.0843418 0.0743587 0.783061 0.0577388 9.9955E-05
9.99371E-05 9.99371E-05 0.0254566 9.99371E-05 9.99371E-05 9.99371E-05 0.973844 9.99371E-05 9.99371E-05
9.9955E-05 9.9955E-05 0.0133412 0.0476458 0.0870218 9.9955E-05 0.851491 9.9955E-05 9.9955E-05
9.9946E-05 0.010177 9.9946E-05 9.9946E-05 0.00927045 9.9946E-05 0.979953 9.9946E-05 9.9946E-05
9.9955E-05 0.0196856 0.00340811 9.9955E-05 0.0330764 9.9955E-05 0.94333 9.9955E-05 9.9955E-05
0.00653541 9.9946E-05 9.9946E-05 0.0134299 9.9946E-05 9.9946E-05 0.979435 9.9946E-05 9.9946E-05
9.9946E-05 9.9946E-05 0.0171996 0.0164843 9.9946E-05 9.9946E-05 0.965716 9.9946E-05 9.9946E-05
0.0215841 9.9937E-05 9.9937E-05 9.9937E-05 9.9937E-05 9.9937E-05 0.977716 9.9937E-05 9.9937E-05
9.9955E-05 9.9955E-05 0.00784606 0.00455849 0.00673526 9.9955E-05 0.98036 9.9955E-05 9.9955E-05
9.9964E-05 0.0158414 0.00459032 9.9964E-05 0.145139 0.15185 0.682179 9.9964E-05 9.9964E-05
0.0303756 9.9955E-05 0.0020651 9.9955E-05 9.9955E-05 0.00385511 0.963204 9.9955E-05 9.9955E-05
9.9973E-05 0.0660724 0.0665316 9.9973E-05 0.139798 9.9973E-05 0.625784 0.0892135 0.0123005
0.00805059 9.9982E-05 0.476621 0.0316594 0.0639782 0.036839 0.315447 0.0672049 9.9982E-05
9.993E-05 9.993E-05 0.999201 9.993E-05 9.993E-05 9.993E-05 9.993E-05 9.993E-05 9.993E-05
9.9973E-05 0.0706256 0.0460145 9.9973E-05 0.180297 9.9973E-05 0.593648 0.0426308 0.0664843
