9.993E-05 9.993E-05 9.993E-05 0.999201 9.993E-05 9.993E-05 9.993E-05 9.993E-05 9.993E-05
0.0797508 0.0863074 9.9955E-05 0.249644 9.9955E-05 9.9955E-05 9.9955E-05 9.9955E-05 0.583798
0.119323 0.0883355 9.9955E-05 0.244801 9.9955E-05 9.9955E-05 9.9955E-05 9.9955E-05 0.54704
9.99461E-05 9.99461E-05 9.99461E-05 0.186447 9.99461E-05 9.99461E-05 0.0744395 9.99461E-05 0.738513
9.9964E-05 9.9964E-05 0.0557717 0.076528 9.9964E-05 0.0443034 9.9964E-05 0.0776164 0.745381
0.0224772 0.0200162 9.9973E-05 0.145805 0.0371362 9.9973E-05 0.153759 9.9973E-05 0.620506
9.9937E-05 9.9937E-05 9.9937E-05 0.248527 9.9937E-05 9.9937E-05 9.9937E-05 9.9937E-05 0.750774
0.0481643 9.9955E-05 9.9955E-05 0.277345 9.9955E-05 9.9955E-05 0.132079 9.9955E-05 0.541912
0.0880499 0.0102346 9.9973E-05 0.173421 9.9973E-05 9.9973E-05 0.0477594 0.0540759 0.626159
9.993E-05 9.993E-05 9.993E-05 0.999201 9.993E-05 9.993E-05 9.993E-05 9.993E-05 9.993E-05
9.993E-05 9.993E-05 9.993E-05 0.999201 9.993E-05 9.993E-05 9.993E-05 9.993E-05 9.993E-05
9.9937E-05 0.00568983 9.9937E-05 0.993611 9.9937E-05 9.9937E-05 9.9937E-05 9.9937E-05 9.9937E-05
9.993E-05 9.993E-05 9.993E-05 0.999201 9.993E-05 9.993E-05 9.993E-05 9.993E-05 9.993E-05
0.00337613 9.9955E-05 0.0602542 0.913063 9.9955E-05 9.9955E-05 9.9955E-05 9.9955E-05 0.0228069
9.9964E-05 0.00122023 0.0440836 0.934864 9.9964E-05 0.0060139 0.0134181 9.9964E-05 9.9964E-05
0.0285456 9.9973E-05 9.9973E-05 0.175922 9.9973E-05 0.0174637 0.28733 0.0242524 0.466186
0.0893586 0.0409654 0.0901995 0.223297 0.0499325 0.0312555 0.0873847 0.0900726 0.297534
9.9955E-05 9.9955E-05 9.9955E-05 0.18045 0.0414219 9.9955E-05 0.0700969 9.9955E-05 0.707532
9.9964E-05 0.000154731 0.0467324 9.9964E-05 9.9964E-05 9.9964E-05 0.00742656 0.039749 0.905537
9.9946E-05 9.9946E-05 0.0583057 9.9946E-05 0.0526329 9.9946E-05 9.9946E-05 9.9946E-05 0.888462
9.9964E-05 0.036868 9.9964E-05 0.043075 0.0341489 9.9964E-05 9.9964E-05 0.00849333 0.877015
0.0721075 0.014307 0.0679988 9.9991E-05 0.0133806 0.0167264 0.00142974 0.00398881 0.809961
0.00916352 0.0276724 0.116607 9.9973E-05 0.0362224 9.9973E-05 9.9973E-05 0.0240616 0.785973
0.0191171 0.0032917 0.0281561 9.9964E-05 9.9964E-05 0.0452773 9.9964E-05 9.9964E-05 0.903758
9.9964E-05 0.00334015 9.9964E-05 9.9964E-05 9.9964E-05 0.00460641 0.0406308 0.0513564 0.899666
9.9973E-05 9.9973E-05 0.00413307 9.9973E-05 0.137639 0.0566416 0.116972 0.0403984 0.643916
0.0606971 9.9973E-05 0.0286336 9.9973E-05 0.032041 9.9973E-05 0.0685793 0.115168 0.694581
0.0329299 9.9946E-05 9.9946E-05 9.9946E-05 9.9946E-05 9.9946E-05 0.0226768 9.9946E-05 0.943794
0.00205211 9.9991E-05 0.0436466 0.0359104 0.0699618 0.033959 0.0361145 0.0145645 0.763691
9.9946E-05 9.9946E-05 9.9946E-05 0.0202018 0.0591111 9.9946E-05 9.9946E-05 9.9946E-05 0.920087
9.9982E-05 0.00326703 0.0247238 0.00221757 0.00388943 0.0239307 9.9982E-05 0.0341565 0.907615
9.9982E-05 0.0193374 0.00256253 9.9982E-05 0.00755066 0.0867293 0.0713192 0.0554572 0.756844
0.0378065 9.9964E-05 0.00478921 9.9964E-05 0.202392 9.9964E-05 9.9964E-05 0.0265519 0.728061
0.0581942 0.00305485 0.00965992 0.0334605 0.109022 0.116818 0.050993 0.00113466 0.617663
0.0656287 9.9955E-05 0.137474 9.9955E-05 9.9955E-05 0.000418498 9.9955E-05 9.9955E-05 0.795979
9.9955E-05 9.9955E-05 9.9955E-05 0.0333592 0.0674367 9.9955E-05 9.9955E-05 0.00797387 0.89073
9.9964E-05 9.9964E-05 0.048656 9.9964E-05 0.149127 9.9964E-05 0.332983 0.0417846 0.42705
0.0391926 9.9973E-05 0.0492499 9.9973E-05 0.290814 9.9973E-05 0.0367213 0.0980358 0.485686
0.0485418 0.03071 9.9973E-05 9.9973E-05 0.217519 9.9973E-05 0.0622671 0.0924825 0.54818
9.9964E-05 9.9964E-05 0.0246448 9.9964E-05 0.353607 9.9964E-05 0.0459743 0.049937 0.525437
0.0534953 0.0802877 9.9973E-05 9.9973E-05 0.053817 0.104581 0.684488 9.9973E-05 0.0230307
0.0425918 0.0103183 0.0512013 9.999E-05 9.999E-05 0.077102 0.748225 0.0195525 0.0508094
0.0368008 0.0571123 9.9973E-05 0.0287885 9.9973E-05 0.08322 0.607489 9.9973E-05 0.18629
0.0232825 0.0226273 9.9982E-05 9.9982E-05 0.0504223 0.0430906 0.764299 0.0242542 0.0718239
0.0501759 9.9973E-05 9.9973E-05 9.9973E-05 0.18199 0.0579798 0.427726 0.0812486 0.200579
9.993E-05 9.993E-05 9.993E-05 9.993E-05 9.993E-05 9.993E-05 0.999201 9.993E-05 9.993E-05
9.9937E-05 9.9937E-05 9.9937E-05 9.9937E-05 9.9937E-05 9.9937E-05 0.993629 0.00567158 9.9937E-05
0.0341312 9.9973E-05 0.0703536 9.9973E-05 9.9973E-05 0.064035 0.435284 0.0215191 0.374378
0.0385026 9.9991E-05 0.0160699 0.0656706 0.0376522 0.093448 0.463753 0.110926 0.173877
0.0189394 0.0340048 9.9982E-05 0.0744752 0.060416 0.0829994 0.325767 9.9982E-05 0.403198
0.0371824 9.9973E-05 9.9973E-05 0.0330103 0.227192 9.9973E-05 0.453151 0.0580711 0.191093
0.0381836 9.9991E-05 0.033699 0.00999844 0.0697613 0.0273473 0.57822 0.00591048 0.23678
0.0217468 9.9955E-05 9.9955E-05 0.00780818 9.9955E-05 9.9955E-05 0.925155 0.0447907 9.9955E-05
9.9982E-05 9.9982E-05 0.0605759 0.0620964 0.422025 0.0126349 0.258511 0.0158429 0.168114
9.999E-05 0.00835435 0.0311821 0.06188 0.353108 0.0297114 0.276279 0.0183249 0.221061
0.0832585 0.00585539 9.9982E-05 9.9982E-05 0.0459697 0.075908 0.588835 0.0204728 0.179501
0.0671657 9.9991E-05 0.00225126 0.0684205 0.187614 0.0419038 0.364306 0.0660041 0.202235
9.9982E-05 0.0358246 0.0162009 9.9982E-05 0.0812102 0.0805978 0.499796 0.0897521 0.196418
9.9937E-05 9.9937E-05 9.9937E-05 9.9937E-05 9.9937E-05 9.9937E-05 0.998724 0.000576032 9.9937E-05
0.0148001 0.019274 9.9991E-05 0.0364457 0.184056 0.0399179 0.418396 0.0778914 0.209119
9.9973E-05 9.9973E-05 0.00637677 9.9973E-05 0.0349967 0.0598947 0.576353 0.0971357 0.224944
9.9982E-05 0.0279122 9.9982E-05 0.0179864 0.144722 0.112129 0.656359 0.0130929 0.0275986
0.0496673 0.0477467 9.9991E-05 0.0250405 0.150816 0.0221578 0.583538 0.0318179 0.0891151
9.9946E-05 9.9946E-05 0.0703252 9.9946E-05 9.9946E-05 0.0345442 0.894531 9.9946E-05 9.9946E-05
9.9982E-05 0.00392344 9.9982E-05 0.0252555 0.114535 0.088693 0.596242 0.0401026 0.131049
0.0190731 9.99493E-05 0.0371874 9.99493E-05 9.99493E-05 9.99493E-05 0.94314 9.99493E-05 9.99493E-05
9.9946E-05 0.0262481 9.9946E-05 9.9946E-05 0.276403 9.9946E-05 0.696749 9.9946E-05 9.9946E-05
0.0141007 0.0358732 0.105151 0.000277014 9.9973E-05 0.0227947 0.821503 9.9973E-05 9.9973E-05
0.0146849 9.9973E-05 9.9973E-05 9.9973E-05 0.10573 0.00902361 0.523959 0.0745694 0.271732
9.9955E-05 0.000208177 0.00159402 9.9955E-05 9.9955E-05 0.0017525 0.995946 9.9955E-05 9.9955E-05
0.0321948 0.0686663 9.9982E-05 0.0456698 0.0516096 0.0446544 0.65933 9.9982E-05 0.0976755
0.0275959 0.05483 0.00787811 9.9991E-05 0.174212 0.04905 0.597576 0.0172778 0.0714798
9.9955E-05 9.9955E-05 9.9955E-05 0.0820322 0.0925839 9.9955E-05 0.808202 0.0166823 9.9955E-05
0.01765 9.9973E-05 9.9973E-05 0.0427145 0.0746004 9.9973E-05 0.793386 0.0664328 0.00491669
0.0105207 9.9982E-05 9.9982E-05 0.0483076 0.30155 0.124497 0.507526 0.00341989 0.00397979
9.9964E-05 0.00852373 0.0271314 9.9964E-05 0.190143 9.9964E-05 0.672042 0.10176 9.9964E-05
0.0448285 0.0388428 0.00558133 9.9973E-05 0.0788811 9.9973E-05 0.815315 0.0162516 9.9973E-05
9.9973E-05 0.140905 0.102674 0.0159023 0.135749 9.9973E-05 0.579676 9.9973E-05 0.0247931
0.036348 9.9973E-05 0.00153367 9.9973E-05 0.868926 9.9973E-05 0.00837994 0.0378112 0.0467008
9.993E-05 9.993E-05 9.993E-05 9.993E-05 0.999201 9.993E-05 9.993E-05 9.993E-05 9.993E-05
0.00141029 9.9946E-05 9.9946E-05 0.00807276 0.989917 9.9946E-05 9.9946E-05 9.9946E-05 9.9946E-05
9.99371E-05 9.99371E-05 9.99371E-05 9.99371E-05 0.961856 9.99371E-05 0.0374446 9.99371E-05 9.99371E-05
0.0122079 9.9946E-05 9.9946E-05 9.9946E-05 0.933498 9.9946E-05 0.0536945 9.9946E-05 9.9946E-05
0.000695006 0.0878672 9.9982E-05 9.9982E-05 0.417858 0.11686 0.177332 0.035686 0.163502
9.9973E-05 0.13823 9.9973E-05 0.0541274 0.418235 0.0620101 0.289525 0.0375731 9.9973E-05
0.0767265 0.119393 0.00489716 0.00629991 0.503882 0.0305226 0.200264 0.0311183 0.0268959
0.0533892 0.0404833 9.9991E-05 0.0417311 0.469997 0.0736542 0.136443 0.0328511 0.151352
9.9982E-05 0.101475 9.9982E-05 0.0100825 0.443329 0.10325 0.160193 0.0576539 0.123817
0.0270035 0.0435163 0.0694391 0.0163238 0.45119 0.0194183 0.35199 0.0210195 9.9991E-05
0.110775 0.0881717 0.0140726 0.000189795 0.293983 0.0796544 0.197967 0.145252 0.0699348
0.0419165 0.0964962 0.198085 0.0417205 0.176594 0.0395843 0.370134 9.9991E-05 0.0353691
0.0379952 0.0897308 0.161423 0.042002 0.183928 0.0771689 0.370906 9.9991E-05 0.0367466
0.079387 0.154284 0.00744005 0.0298307 0.250956 0.05493 0.234141 0.175999 0.0130324
9.99371E-05 0.98326 9.99371E-05 9.99371E-05 0.0160402 9.99371E-05 9.99371E-05 9.99371E-05 9.99371E-05
9.9955E-05 0.939803 9.9955E-05 0.0117715 9.9955E-05 0.0169225 9.9955E-05 9.9955E-05 0.0310034
0.00564953 0.857883 0.0522024 9.9973E-05 0.0313517 9.9973E-05 0.0321011 9.9973E-05 0.0205126
9.993E-05 0.999201 9.993E-05 9.993E-05 9.993E-05 9.993E-05 9.993E-05 9.993E-05 9.993E-05
9.993E-05 0.999201 9.993E-05 9.993E-05 9.993E-05 9.993E-05 9.993E-05 9.993E-05 9.993E-05
9.993E-05 0.999201 9.993E-05 9.993E-05 9.993E-05 9.993E-05 9.993E-05 9.993E-05 9.993E-05
9.993E-05 0.999201 9.993E-05 9.993E-05 9.993E-05 9.993E-05 9.993E-05 9.993E-05 9.993E-05
0.0380596 0.902973 9.9964E-05 9.9964E-05 0.00667068 9.9964E-05 9.9964E-05 0.0122171 0.03968
9.9937E-05 0.977535 9.9937E-05 9.9937E-05 9.9937E-05 9.9937E-05 9.9937E-05 0.021765 9.9937E-05
9.993E-05 0.999201 9.993E-05 9.993E-05 9.993E-05 9.993E-05 9.993E-05 9.993E-05 9.993E-05
0.0651174 0.0538795 0.0459903 0.00153429 0.430637 0.256884 9.9991E-05 0.0764333 0.0694241
0.00211206 0.884309 0.0442553 9.9964E-05 9.9964E-05 9.9964E-05 0.0595811 0.00934262 9.9964E-05
9.9946E-05 0.981885 9.9946E-05 9.9946E-05 0.0166185 9.9946E-05 9.9946E-05 0.000896696 9.9946E-05
0.00176415 0.967065 9.9955E-05 0.00181758 0.0288532 9.9955E-05 9.9955E-05 9.9955E-05 9.9955E-05
9.9937E-05 9.9937E-05 9.9937E-05 9.9937E-05 0.997851 9.9937E-05 9.9937E-05 0.00144922 9.9937E-05
9.993E-05 9.993E-05 9.993E-05 9.993E-05 0.999201 9.993E-05 9.993E-05 9.993E-05 9.993E-05
9.993E-05 9.993E-05 9.993E-05 9.993E-05 0.999201 9.993E-05 9.993E-05 9.993E-05 9.993E-05
9.9937E-05 9.9937E-05 9.9937E-05 9.9937E-05 0.99562 0.00368008 9.9937E-05 9.9937E-05 9.9937E-05
9.9955E-05 0.0167035 9.9955E-05 9.9955E-05 0.865912 0.0857786 9.9955E-05 0.0311059 9.9955E-05
9.9955E-05 9.9955E-05 0.057596 9.9955E-05 0.788851 0.0648299 9.9955E-05 9.9955E-05 0.0882228
9.99656E-05 0.051464 0.0366667 9.99656E-05 0.802259 0.0656379 9.99656E-05 9.99656E-05 0.0435721
9.9955E-05 0.0183266 0.0273487 9.9955E-05 0.858161 0.0956637 9.9955E-05 9.9955E-05 9.9955E-05
0.0366331 0.0964451 0.0581237 9.9955E-05 0.808298 9.9955E-05 9.9955E-05 9.9955E-05 9.9955E-05
0.0127341 0.0617735 0.0118814 9.9964E-05 0.89616 0.0170508 9.9964E-05 9.9964E-05 9.9964E-05
0.0355558 0.0350684 0.0368877 9.9982E-05 0.757822 0.0175599 9.9982E-05 0.0496482 0.0672576
9.9946E-05 0.054138 0.0989207 9.9946E-05 0.846342 9.9946E-05 9.9946E-05 9.9946E-05 9.9946E-05
0.0549279 9.9982E-05 0.0647701 0.00735964 0.636487 0.12931 0.0545445 0.0524007 9.9982E-05
0.0385002 0.0607329 0.0154085 0.0124492 0.690913 0.122507 0.0332316 0.013421 0.0128371
0.0260294 9.9964E-05 0.0291893 9.9964E-05 9.9964E-05 0.885971 9.9964E-05 0.0239446 0.0344662
9.9973E-05 0.0239339 0.032115 0.0115313 9.9973E-05 0.882203 9.9973E-05 0.0247839 0.0251334
9.993E-05 9.993E-05 9.993E-05 9.993E-05 9.993E-05 0.999201 9.993E-05 9.993E-05 9.993E-05
9.9946E-05 9.9946E-05 9.9946E-05 9.9946E-05 9.9946E-05 0.988226 9.9946E-05 0.00123973 0.00993457
9.9937E-05 0.0033507 9.9937E-05 9.9937E-05 9.9937E-05 0.99595 9.9937E-05 9.9937E-05 9.9937E-05
9.9946E-05 0.00640087 9.9946E-05 9.9946E-05 0.00890676 0.984093 9.9946E-05 9.9946E-05 9.9946E-05
9.993E-05 9.993E-05 9.993E-05 9.993E-05 9.993E-05 0.999201 9.993E-05 9.993E-05 9.993E-05
9.9964E-05 9.9964E-05 0.133866 0.0370634 9.9964E-05 0.763973 0.0451134 0.0195835 9.9964E-05
9.993E-05 9.993E-05 9.993E-05 9.993E-05 9.993E-05 0.999201 9.993E-05 9.993E-05 9.993E-05
9.993E-05 9.993E-05 9.993E-05 9.993E-05 9.993E-05 0.999201 9.993E-05 9.993E-05 9.993E-05
9.99551E-05 0.035855 0.0575939 0.0221006 9.99551E-05 0.883951 9.99551E-05 9.99551E-05 9.99551E-05
9.9955E-05 0.0122933 9.9955E-05 0.00311912 0.0294413 0.954646 9.9955E-05 9.9955E-05 9.9955E-05
0.0639952 0.0153431 0.0603295 9.9973E-05 0.00947835 0.691825 0.158729 9.9973E-05 9.9973E-05
0.999201 9.993E-05 9.993E-05 9.993E-05 9.993E-05 9.993E-05 9.993E-05 9.993E-05 9.993E-05
0.0706554 0.106509 0.0395809 9.9982E-05 0.582671 0.105079 0.0276227 0.0676823 9.9982E-05
0.981364 9.9937E-05 9.9937E-05 9.9937E-05 0.0179363 9.9937E-05 9.9937E-05 9.9937E-05 9.9937E-05
0.999201 9.993E-05 9.993E-05 9.993E-05 9.993E-05 9.993E-05 9.993E-05 9.993E-05 9.993E-05
0.921974 0.000522423 0.0748417 9.99551E-05 9.99551E-05 0.00216247 9.99551E-05 9.99551E-05 9.99551E-05
0.84174 9.9964E-05 9.9964E-05 0.0105986 0.0629357 9.9964E-05 0.0501199 9.9964E-05 0.0342062
0.997238 9.9937E-05 9.9937E-05 0.00206222 9.9937E-05 9.9937E-05 9.9937E-05 9.9937E-05 9.9937E-05
0.885682 9.99758E-05 0.0826221 9.99758E-05 0.0111301 0.00410693 0.0121392 0.00401982 9.99758E-05
0.998515 0.000678326 9.99461E-05 0.000207011 9.99461E-05 9.99461E-05 9.99461E-05 9.99461E-05 9.99461E-05
0.953473 9.9946E-05 9.9946E-05 9.9946E-05 9.9946E-05 0.0333988 0.0125281 9.9946E-05 9.9946E-05
0.999201 9.993E-05 9.993E-05 9.993E-05 9.993E-05 9.993E-05 9.993E-05 9.993E-05 9.993E-05
0.959859 9.9955E-05 9.9955E-05 9.9955E-05 0.0122669 9.9955E-05 0.00148127 0.0258929 9.9955E-05
0.949865 9.99371E-05 9.99371E-05 9.99371E-05 9.99371E-05 0.0494354 9.99371E-05 9.99371E-05 9.99371E-05
0.800729 0.0260465 9.9982E-05 9.9982E-05 0.0319216 0.0559345 0.0158522 0.0400534 0.029263
0.931548 9.9955E-05 0.0435826 0.0126714 9.9955E-05 9.9955E-05 0.0116987 9.9955E-05 9.9955E-05
0.874738 0.0323243 0.00806381 0.00935872 0.011429 0.0124558 0.0471106 0.00441987 9.9991E-05
0.874177 0.003066 0.023487 0.00934778 0.0221686 0.0186945 0.0240665 0.0248924 9.9991E-05
0.886438 9.99551E-05 9.99551E-05 0.0290018 0.072153 9.99551E-05 9.99551E-05 0.011907 9.99551E-05
0.953521 9.9964E-05 0.000624619 9.9964E-05 0.00889669 0.0299815 0.0065761 9.9964E-05 9.9964E-05
0.0375198 0.0656857 0.102263 0.0348524 0.28936 0.0141383 0.142435 0.284676 0.0290698
0.0731731 0.09538 0.116395 0.00834952 0.243263 0.046372 0.10667 0.23191 0.0784878
0.0584797 0.0911689 0.0941442 0.0151977 0.312067 9.9982E-05 0.200348 0.228394 9.9982E-05
0.0457629 0.0464749 0.114735 0.0469699 0.273797 9.9982E-05 0.196537 0.275523 9.9982E-05
0.00280332 9.9973E-05 0.884853 9.9973E-05 0.0347748 0.0215792 0.0446409 0.0110491 9.9973E-05
9.993E-05 9.993E-05 0.999201 9.993E-05 9.993E-05 9.993E-05 9.993E-05 9.993E-05 9.993E-05
9.9955E-05 9.9955E-05 0.946977 9.9955E-05 0.0089169 0.0130811 9.9955E-05 0.0305253 9.9955E-05
9.993E-05 9.993E-05 0.999201 9.993E-05 9.993E-05 9.993E-05 9.993E-05 9.993E-05 9.993E-05
9.9955E-05 0.00181937 0.989636 9.9955E-05 9.9955E-05 0.00514873 9.9955E-05 0.00289602 9.9955E-05
0.0160319 0.0127346 0.93766 9.9964E-05 0.0245155 9.9964E-05 9.9964E-05 0.00865824 9.9964E-05
9.9955E-05 0.0149296 0.926028 0.00655027 0.0519927 9.9955E-05 9.9955E-05 9.9955E-05 9.9955E-05
0.0103796 0.0070865 0.705714 0.0572497 0.131109 0.0119835 9.9991E-05 0.0550096 0.0213679
0.00450499 9.9955E-05 0.818975 9.9955E-05 9.9955E-05 9.9955E-05 0.0767927 9.9955E-05 0.0992279
0.00326269 9.9955E-05 9.9955E-05 9.9955E-05 0.0185588 9.9955E-05 0.0148451 0.962834 9.9955E-05
9.993E-05 9.993E-05 9.993E-05 9.993E-05 9.993E-05 9.993E-05 9.993E-05 0.999201 9.993E-05
9.993E-05 9.993E-05 9.993E-05 9.993E-05 9.993E-05 9.993E-05 9.993E-05 0.999201 9.993E-05
9.9946E-05 0.0126331 9.9946E-05 0.00148362 9.9946E-05 9.9946E-05 9.9946E-05 0.985284 9.9946E-05
9.993E-05 9.993E-05 9.993E-05 9.993E-05 9.993E-05 9.993E-05 9.993E-05 0.999201 9.993E-05
9.9964E-05 9.9964E-05 0.0223059 9.9964E-05 0.0800447 9.9964E-05 0.0389423 0.854345 0.00396218
9.993E-05 9.993E-05 9.993E-05 9.993E-05 9.993E-05 9.993E-05 9.993E-05 0.999201 9.993E-05
9.993E-05 9.993E-05 9.993E-05 9.993E-05 9.993E-05 9.993E-05 9.993E-05 0.999201 9.993E-05
9.993E-05 9.993E-05 9.993E-05 9.993E-05 9.993E-05 9.993E-05 9.993E-05 0.999201 9.993E-05
0.00791159 0.0175116 9.9973E-05 0.00493975 9.9973E-05 0.0454399 0.0107977 0.9131 9.9973E-05
9.9955E-05 0.00339754 0.00528545 9.9955E-05 9.9955E-05 0.000812634 9.9955E-05 0.990005 9.9955E-05
9.9937E-05 9.9937E-05 9.9937E-05 9.9937E-05 9.9937E-05 0.00580746 9.9937E-05 0.993493 9.9937E-05
