9.993E-05 9.993E-05 9.993E-05 9.993E-05 0.999201 9.993E-05 9.993E-05 9.993E-05 9.993E-05
9.9964E-05 9.9964E-05 0.0251163 0.0818039 0.259143 0.558175 9.9964E-05 0.0753614 9.9964E-05
9.9955E-05 9.9955E-05 9.9955E-05 0.0540345 0.254513 0.600755 9.9955E-05 0.0901984 9.9955E-05
9.9964E-05 9.9964E-05 0.0162483 9.9964E-05 0.213373 0.700035 0.02521 9.9964E-05 0.0447344
0.00107008 0.0624022 0.0797529 0.023573 0.0896804 0.683868 0.046983 9.9991E-05 0.0125707
9.9982E-05 0.00552256 9.9982E-05 0.00220308 0.15361 0.615168 0.173318 0.0353083 0.0146702
9.9946E-05 9.9946E-05 9.9946E-05 9.9946E-05 0.271767 0.694101 0.0335324 9.9946E-05 9.9946E-05
0.000242368 9.9973E-05 9.9973E-05 0.0275481 0.260903 0.505725 0.135929 0.0693527 9.9973E-05
9.9973E-05 9.9973E-05 0.0239624 0.0553251 0.161086 0.633143 0.0574753 0.0687087 9.9973E-05
9.993E-05 9.993E-05 9.993E-05 9.993E-05 0.999201 9.993E-05 9.993E-05 9.993E-05 9.993E-05
9.993E-05 9.993E-05 9.993E-05 9.993E-05 0.999201 9.993E-05 9.993E-05 9.993E-05 9.993E-05
9.993E-05 9.993E-05 9.993E-05 9.993E-05 0.999201 9.993E-05 9.993E-05 9.993E-05 9.993E-05
0.00921441 9.9937E-05 9.9937E-05 9.9937E-05 0.990086 9.9937E-05 9.9937E-05 9.9937E-05 9.9937E-05
9.9964E-05 0.0465899 0.0043464 9.9964E-05 0.890988 0.0327656 0.0249102 9.9964E-05 9.9964E-05
0.0160705 9.9964E-05 9.9964E-05 0.0269834 0.88314 9.9964E-05 0.072808 0.000597973 9.9964E-05
0.0412381 9.9991E-05 0.0151403 0.00990479 0.192148 0.433643 0.210793 0.0522631 0.044769
0.0293135 0.0688568 0.0548412 0.0361308 0.212767 0.307363 0.112252 0.0371879 0.141288
9.9964E-05 9.9964E-05 0.0152433 9.9964E-05 0.180782 0.702761 9.9964E-05 0.00667271 0.0941416
0.0175418 0.0286873 0.0376437 9.9964E-05 9.9964E-05 0.867677 0.04805 9.9964E-05 9.9964E-05
9.9955E-05 0.0830033 0.00484636 9.9955E-05 9.9955E-05 0.890954 9.9955E-05 9.9955E-05 0.020697
9.9955E-05 9.9955E-05 0.0451424 9.9955E-05 0.0420003 0.858882 9.9955E-05 9.9955E-05 0.0534756
0.0345425 0.0719457 9.9973E-05 9.9973E-05 9.9973E-05 0.759257 0.0094212 0.0745881 0.0499452
9.9964E-05 0.08258 0.0147162 9.9964E-05 9.9964E-05 0.835399 9.9964E-05 0.0365864 0.0303184
0.0399643 0.0175005 9.9946E-05 9.9946E-05 9.9946E-05 0.941936 9.9946E-05 9.9946E-05 9.9946E-05
0.0224642 0.0130979 0.028899 9.9964E-05 9.9964E-05 0.893805 0.0413339 9.9964E-05 9.9964E-05
0.0789686 9.9973E-05 0.058831 9.9973E-05 9.9973E-05 0.634885 0.0502173 0.00856264 0.168235
9.9973E-05 0.0477969 0.0869588 9.9973E-05 9.9973E-05 0.712951 0.0226783 0.0979941 0.0313207
0.015289 9.9955E-05 9.9955E-05 9.9955E-05 9.9955E-05 0.898666 0.0593091 0.0262363 9.9955E-05
0.0349587 0.0121513 0.0303477 9.9991E-05 0.047399 0.726203 0.0267379 0.019239 0.102863
9.9946E-05 9.9946E-05 9.9946E-05 9.9946E-05 0.0367042 0.878143 9.9946E-05 9.9946E-05 0.0845529
9.9964E-05 0.0546928 0.0306741 9.9964E-05 0.0182923 0.883911 9.9964E-05 9.9964E-05 0.0120299
0.0688656 0.000363319 0.0468737 0.0322499 9.9973E-05 0.804038 0.04731 9.9973E-05 9.9973E-05
9.9964E-05 9.9964E-05 0.0216087 9.9964E-05 0.00116277 0.772723 9.9964E-05 0.0434076 0.160698
0.0859146 9.9982E-05 0.0475733 9.9982E-05 0.0573515 0.585721 0.0390844 0.0460409 0.138115
0.0243444 0.148953 9.9955E-05 9.9955E-05 9.9955E-05 0.77938 9.9955E-05 0.0468232 9.9955E-05
0.0116962 9.9955E-05 9.9955E-05 9.9955E-05 0.047879 0.852247 9.9955E-05 9.9955E-05 0.0876784
9.9955E-05 0.0613546 9.9955E-05 9.9955E-05 9.9955E-05 0.510914 0.244225 9.9955E-05 0.183007
9.9973E-05 0.0563479 0.0779777 9.9973E-05 9.9973E-05 0.56516 0.0480981 0.0201656 0.231951
9.9982E-05 9.9982E-05 0.0905987 0.00736331 0.00518212 0.549465 0.0501705 0.0604838 0.236537
0.0182775 9.9973E-05 0.0346219 9.9973E-05 0.00489763 0.562685 0.0585923 9.9973E-05 0.320625
0.148386 9.9982E-05 0.020046 0.0383262 9.9982E-05 0.0763043 0.511933 0.0728395 0.131965
0.0610111 0.00360181 0.064298 0.0932499 9.9991E-05 0.108994 0.534751 0.0321631 0.101831
0.127674 9.9973E-05 9.9973E-05 0.0510716 0.0399651 0.243031 0.461543 0.0764164 9.9973E-05
0.107519 9.9982E-05 0.0410972 0.0337682 9.9982E-05 0.116481 0.630698 0.0287476 0.0414887
0.0390081 9.9973E-05 0.0597812 9.9973E-05 9.9973E-05 0.23976 0.422545 0.0410475 0.197559
9.993E-05 9.993E-05 9.993E-05 9.993E-05 9.993E-05 9.993E-05 0.999201 9.993E-05 9.993E-05
9.993E-05 9.993E-05 9.993E-05 9.993E-05 9.993E-05 9.993E-05 0.999201 9.993E-05 9.993E-05
0.0636199 0.0520112 0.0299173 9.9982E-05 9.9982E-05 0.366443 0.361031 0.0400093 0.0867677
0.0822893 0.000358199 0.0515471 9.9991E-05 0.0665605 0.141786 0.497042 0.0318407 0.128476
0.0912755 0.0102069 9.9991E-05 0.0468262 0.0921032 0.375779 0.353675 0.0155293 0.0145056
9.9982E-05 9.9982E-05 0.0530873 0.00407379 0.0419729 0.218046 0.357286 0.0334802 0.291855
0.0321835 0.0398292 0.00675653 9.9982E-05 9.9982E-05 0.189175 0.627077 0.0316522 0.0731266
9.9937E-05 9.9937E-05 0.0215081 9.9937E-05 9.9937E-05 9.9937E-05 0.977792 9.9937E-05 9.9937E-05
9.9973E-05 0.047357 0.0569549 9.9973E-05 0.052582 0.126873 0.292581 9.9973E-05 0.423353
0.0416448 0.0323116 0.0323719 9.9982E-05 0.0346151 0.191727 0.267848 9.9982E-05 0.399281
0.0927465 9.9973E-05 9.9973E-05 0.0351922 9.9973E-05 0.160119 0.527482 0.100668 0.0834925
0.0452285 0.0195564 0.0775031 9.9991E-05 0.0757555 0.140896 0.352914 0.0621594 0.225886
0.0182973 0.0349039 0.111919 0.0396416 9.9982E-05 0.214696 0.436488 9.9982E-05 0.143853
9.9946E-05 9.9946E-05 0.00845137 9.9946E-05 0.00640676 9.9946E-05 0.984542 9.9946E-05 9.9946E-05
9.9964E-05 9.9964E-05 0.0977433 9.9964E-05 0.0450014 0.248519 0.324129 9.9964E-05 0.284207
0.0662394 0.052647 0.116255 9.9964E-05 9.9964E-05 0.168304 0.596155 9.9964E-05 9.9964E-05
0.0905007 9.9982E-05 0.0480184 9.9982E-05 0.0236157 0.13009 0.521903 0.0156796 0.169993
9.999E-05 0.021532 0.0651104 0.0260585 0.00241168 0.0903647 0.456927 0.082881 0.254615
9.9955E-05 0.0657796 9.9955E-05 0.0224001 9.9955E-05 9.9955E-05 0.909522 0.00179895 9.9955E-05
0.0610792 9.9973E-05 0.0153432 9.9973E-05 0.0352725 0.123281 0.6125 9.9973E-05 0.152224
0.00236096 0.0655218 9.9964E-05 0.0106474 9.9964E-05 9.9964E-05 0.878349 0.0427211 9.9964E-05
0.0485086 9.9955E-05 9.9955E-05 0.00276527 9.9955E-05 9.9955E-05 0.610969 9.9955E-05 0.337258
0.0251231 0.0586035 9.9964E-05 0.0378069 9.9964E-05 9.9964E-05 0.859861 0.0182058 9.9964E-05
0.0325064 0.00016096 0.019491 0.00218514 9.9982E-05 0.320439 0.474741 9.9982E-05 0.150276
9.9955E-05 0.0492589 9.9955E-05 0.0226893 9.9955E-05 9.9955E-05 0.919834 0.00771772 9.9955E-05
0.0166592 9.9982E-05 9.9982E-05 0.0716815 0.0421674 0.103269 0.640951 0.051845 0.0732272
0.0123118 0.0189894 9.9982E-05 0.0177794 9.9982E-05 0.0707244 0.472257 0.0310174 0.376721
9.9964E-05 9.9964E-05 0.0216821 9.9964E-05 0.0725918 0.0177829 0.777616 9.9964E-05 0.109927
9.9955E-05 9.9955E-05 0.0880127 9.9955E-05 0.0415935 9.9955E-05 0.67916 9.9955E-05 0.190734
0.0646475 0.000758453 9.9982E-05 9.9982E-05 0.0431583 0.0253692 0.372775 0.0389329 0.454158
9.9953E-05 9.9953E-05 0.0594592 9.9953E-05 9.9953E-05 9.9953E-05 0.631959 9.9953E-05 0.307982
0.0201888 9.9973E-05 9.9973E-05 0.0583972 9.9973E-05 0.000176957 0.71057 0.0537651 0.156602
0.0425978 0.134567 9.9991E-05 0.128456 0.00139134 0.0329999 0.481345 0.00738576 0.171157
9.9955E-05 9.9955E-05 9.9955E-05 0.0423402 9.9955E-05 0.0334387 9.9955E-05 0.0230674 0.900654
9.993E-05 9.993E-05 9.993E-05 9.993E-05 9.993E-05 9.993E-05 9.993E-05 9.993E-05 0.999201
9.9955E-05 9.9955E-05 9.9955E-05 9.9955E-05 0.0190597 9.9955E-05 0.0574603 0.00567186 0.917308
9.993E-05 9.993E-05 9.993E-05 9.993E-05 9.993E-05 9.993E-05 9.993E-05 9.993E-05 0.999201
9.995E-05 9.995E-05 9.995E-05 9.995E-05 9.995E-05 9.995E-05 0.0220777 0.0104769 0.966846
0.0868559 9.9982E-05 0.0776735 0.0953318 9.9982E-05 0.210339 0.114818 0.000846489 0.413936
0.0499158 9.9991E-05 0.0121492 0.15761 0.00569768 0.0815075 0.103794 0.0384724 0.550753
9.9982E-05 9.9982E-05 0.0115737 0.0533274 0.0241651 0.0475811 0.108947 0.0852675 0.668938
0.0255204 0.0120887 0.0522901 0.0143263 0.0186444 0.147092 0.116595 0.0837187 0.529724
0.0916948 9.9973E-05 0.0498873 0.0411568 9.9973E-05 0.193309 0.114577 9.9973E-05 0.509075
0.0584904 0.0441284 0.0556885 0.0610658 0.00218011 0.0810613 0.0971764 0.0667791 0.53343
0.126714 9.9991E-05 0.113265 0.0505917 0.0205868 0.0420752 0.148139 0.0850388 0.413489
0.0393453 0.201335 9.9991E-05 0.0763941 0.0427871 0.0510079 0.287913 0.0342333 0.266884
0.0731783 0.174654 9.9991E-05 0.0317404 0.0187274 0.0536057 0.294394 0.0477405 0.30586
0.0163322 9.9991E-05 0.17392 0.156713 0.0150107 0.0564523 0.15104 0.0765678 0.353863
9.993E-05 9.993E-05 9.993E-05 0.999201 9.993E-05 9.993E-05 9.993E-05 9.993E-05 9.993E-05
0.00212187 9.9964E-05 9.9964E-05 0.90592 0.0267251 9.9964E-05 9.9964E-05 0.0394682 0.0253654
9.9982E-05 0.0692304 0.0422292 0.788239 0.0374451 9.9982E-05 0.0484289 0.00442888 0.0097987
9.993E-05 9.993E-05 9.993E-05 0.999201 9.993E-05 9.993E-05 9.993E-05 9.993E-05 9.993E-05
9.993E-05 9.993E-05 9.993E-05 0.999201 9.993E-05 9.993E-05 9.993E-05 9.993E-05 9.993E-05
9.993E-05 9.993E-05 9.993E-05 0.999201 9.993E-05 9.993E-05 9.993E-05 9.993E-05 9.993E-05
0.00861581 9.9955E-05 0.0122596 0.974608 9.9955E-05 0.0040168 9.9955E-05 9.9955E-05 9.9955E-05
0.00459766 9.9955E-05 0.00344427 0.922555 9.9955E-05 0.0689032 9.9955E-05 9.9955E-05 9.9955E-05
9.99371E-05 9.99371E-05 9.99371E-05 0.995868 9.99371E-05 9.99371E-05 0.00343206 9.99371E-05 9.99371E-05
9.9937E-05 9.9937E-05 9.9937E-05 0.99672 0.00258048 9.9937E-05 9.9937E-05 9.9937E-05 9.9937E-05
0.265019 0.0314193 0.0459998 0.0659912 9.9991E-05 0.0841508 0.0927269 0.0873289 0.327264
9.9946E-05 0.0244173 9.9946E-05 0.871211 9.9946E-05 9.9946E-05 0.103772 9.9946E-05 9.9946E-05
9.9955E-05 0.0229769 0.0218112 0.947478 9.9955E-05 9.9955E-05 9.9955E-05 9.9955E-05 0.00723453
9.99371E-05 9.99371E-05 9.99371E-05 0.951303 9.99371E-05 9.99371E-05 9.99371E-05 9.99371E-05 0.0479978
0.0145016 9.9937E-05 9.9937E-05 9.9937E-05 9.9937E-05 9.9937E-05 9.9937E-05 9.9937E-05 0.984799
9.993E-05 9.993E-05 9.993E-05 9.993E-05 9.993E-05 9.993E-05 9.993E-05 9.993E-05 0.999201
9.993E-05 9.993E-05 9.993E-05 9.993E-05 9.993E-05 9.993E-05 9.993E-05 9.993E-05 0.999201
9.993E-05 9.993E-05 9.993E-05 9.993E-05 9.993E-05 9.993E-05 9.993E-05 9.993E-05 0.999201
0.0953972 0.0189031 0.0106559 0.0266652 9.9973E-05 9.9973E-05 9.9973E-05 0.00926418 0.838815
0.100163 0.0892899 0.00473129 9.9964E-05 9.9964E-05 0.0748334 9.9964E-05 9.9964E-05 0.730582
0.0203104 0.0697832 9.9973E-05 0.0380376 0.00118519 0.0175387 9.9973E-05 9.9973E-05 0.852845
0.0828674 0.081693 0.00395876 0.0130685 9.9964E-05 9.9964E-05 9.9964E-05 9.9964E-05 0.818012
9.9955E-05 0.0331749 9.9955E-05 0.0789072 9.9955E-05 9.9955E-05 9.9955E-05 0.0136969 0.873721
9.9946E-05 0.00800793 9.9946E-05 0.0355022 9.9946E-05 9.9946E-05 9.9946E-05 9.9946E-05 0.95589
0.00939929 0.0522371 0.0405479 0.00855016 9.9982E-05 0.0448455 9.9982E-05 0.0285085 0.815712
9.9973E-05 0.0441762 0.00216966 0.0604091 9.9973E-05 0.00332092 9.9973E-05 0.0183804 0.871244
0.0739976 0.0242997 0.0340577 9.9982E-05 0.0279899 9.9982E-05 0.020278 0.0182274 0.80095
0.108006 0.0092129 0.020132 0.0446703 0.00124384 0.0417881 9.9991E-05 0.0216015 0.753245
0.940395 0.0277982 0.012523 9.9964E-05 9.9964E-05 0.00771735 9.9964E-05 0.0111663 9.9964E-05
0.865975 0.0462184 0.0417556 0.0295582 0.00612881 0.0100644 9.9973E-05 9.9973E-05 9.9973E-05
0.99485 9.9937E-05 9.9937E-05 9.9937E-05 9.9937E-05 9.9937E-05 9.9937E-05 9.9937E-05 0.00445042
0.97432 0.00594226 0.0131659 9.9955E-05 9.9955E-05 0.00607186 9.9955E-05 9.9955E-05 9.9955E-05
0.999201 9.993E-05 9.993E-05 9.993E-05 9.993E-05 9.993E-05 9.993E-05 9.993E-05 9.993E-05
0.999201 9.993E-05 9.993E-05 9.993E-05 9.993E-05 9.993E-05 9.993E-05 9.993E-05 9.993E-05
0.953827 0.021343 9.9946E-05 9.9946E-05 9.9946E-05 9.9946E-05 0.0242304 9.9946E-05 9.9946E-05
0.773308 0.122913 0.00483285 9.9973E-05 0.0318203 9.9973E-05 0.0521711 9.9973E-05 0.0146544
0.999201 9.993E-05 9.993E-05 9.993E-05 9.993E-05 9.993E-05 9.993E-05 9.993E-05 9.993E-05
0.999201 9.993E-05 9.993E-05 9.993E-05 9.993E-05 9.993E-05 9.993E-05 9.993E-05 9.993E-05
0.882262 0.0655701 9.99551E-05 9.99551E-05 0.0411003 9.99551E-05 9.99551E-05 0.0105676 9.99551E-05
0.999201 9.993E-05 9.993E-05 9.993E-05 9.993E-05 9.993E-05 9.993E-05 9.993E-05 9.993E-05
0.682906 0.0240313 0.00999706 9.9973E-05 9.9973E-05 9.9973E-05 0.0749868 0.0565322 0.151246
9.993E-05 9.993E-05 9.993E-05 9.993E-05 9.993E-05 9.993E-05 9.993E-05 0.999201 9.993E-05
0.112423 0.0152301 0.00644644 0.111877 9.9982E-05 9.9982E-05 0.0753926 0.0641226 0.614308
9.993E-05 9.993E-05 9.993E-05 9.993E-05 9.993E-05 9.993E-05 9.993E-05 0.999201 9.993E-05
9.993E-05 9.993E-05 9.993E-05 9.993E-05 9.993E-05 9.993E-05 9.993E-05 0.999201 9.993E-05
9.99461E-05 0.0597483 9.99461E-05 0.015113 9.99461E-05 9.99461E-05 9.99461E-05 0.924539 9.99461E-05
0.0230839 9.9991E-05 0.0215288 0.00315242 0.0188565 0.0212264 0.0113682 0.856623 0.0440606
9.993E-05 9.993E-05 9.993E-05 9.993E-05 9.993E-05 9.993E-05 9.993E-05 0.999201 9.993E-05
0.0482977 0.0375413 9.9964E-05 9.9964E-05 9.9964E-05 0.0159386 9.9964E-05 0.858063 0.0397595
9.9946E-05 0.016961 9.9946E-05 9.9946E-05 9.9946E-05 0.0251923 9.9946E-05 0.957247 9.9946E-05
9.9946E-05 9.9946E-05 9.9946E-05 0.0035561 9.9946E-05 9.9946E-05 0.0262143 0.96963 9.9946E-05
9.993E-05 9.993E-05 9.993E-05 9.993E-05 9.993E-05 9.993E-05 9.993E-05 0.999201 9.993E-05
0.0280246 9.99371E-05 9.99371E-05 9.99371E-05 9.99371E-05 9.99371E-05 9.99371E-05 0.971276 9.99371E-05
0.029055 9.9964E-05 0.00537983 0.023803 9.9964E-05 9.9964E-05 0.0379047 0.903458 9.9964E-05
0.060775 0.00648431 0.0237581 0.0447019 9.9982E-05 0.0243114 0.00958907 0.83018 9.9982E-05
9.9964E-05 9.9964E-05 0.0384756 9.9964E-05 0.00427088 0.0221705 0.0639673 0.870716 9.9964E-05
0.0199258 0.0391615 9.9964E-05 9.9964E-05 9.9964E-05 9.9964E-05 0.0306789 0.852491 0.0573434
0.00757866 0.0302096 0.0150968 9.9982E-05 0.0108358 9.9982E-05 0.0482145 0.863143 0.0247214
9.9964E-05 9.9964E-05 0.0731096 9.9964E-05 0.0185643 9.9964E-05 0.0105584 0.761429 0.135939
0.00671016 0.045899 9.9955E-05 9.9955E-05 9.9955E-05 9.9955E-05 0.0221407 0.92475 9.9955E-05
0.0361505 0.0770734 0.234569 0.0231393 0.0518759 9.9991E-05 0.120186 0.0463965 0.41051
0.0450323 0.129352 0.200226 0.0035787 0.0248021 9.9991E-05 0.131865 0.0195127 0.445532
0.0103601 0.0860633 0.248916 0.0820373 0.0297709 9.9991E-05 0.113767 0.0778452 0.35114
9.9982E-05 0.136579 0.251718 0.0164909 0.0508689 9.9982E-05 0.134317 0.0339708 0.375855
0.0731849 0.874779 0.0292383 0.00114133 9.9964E-05 9.9964E-05 0.0212566 9.9964E-05 9.9964E-05
9.993E-05 0.999201 9.993E-05 9.993E-05 9.993E-05 9.993E-05 9.993E-05 9.993E-05 9.993E-05
0.00293001 0.973123 0.00294632 9.9955E-05 9.9955E-05 9.9955E-05 9.9955E-05 9.9955E-05 0.0205008
9.993E-05 0.999201 9.993E-05 9.993E-05 9.993E-05 9.993E-05 9.993E-05 9.993E-05 9.993E-05
9.9937E-05 0.984301 9.9937E-05 0.0149995 9.9937E-05 9.9937E-05 9.9937E-05 9.9937E-05 9.9937E-05
9.9946E-05 0.945038 9.9946E-05 0.0236437 9.9946E-05 9.9946E-05 9.9946E-05 9.9946E-05 0.0307189
9.9973E-05 0.913772 0.00900772 9.9973E-05 0.00109869 9.9973E-05 0.0195677 0.00101956 0.0552341
0.0350848 0.730459 0.000751808 9.9982E-05 0.0438069 0.0543365 9.9982E-05 0.025571 0.10979
9.9964E-05 0.824415 9.9964E-05 9.9964E-05 0.0180986 0.0742909 0.0388419 0.0439537 9.9964E-05
9.993E-05 9.993E-05 0.999201 9.993E-05 9.993E-05 9.993E-05 9.993E-05 9.993E-05 9.993E-05
9.993E-05 9.993E-05 0.999201 9.993E-05 9.993E-05 9.993E-05 9.993E-05 9.993E-05 9.993E-05
9.993E-05 9.993E-05 0.999201 9.993E-05 9.993E-05 9.993E-05 9.993E-05 9.993E-05 9.993E-05
9.993E-05 9.993E-05 0.999201 9.993E-05 9.993E-05 9.993E-05 9.993E-05 9.993E-05 9.993E-05
9.993E-05 9.993E-05 0.999201 9.993E-05 9.993E-05 9.993E-05 9.993E-05 9.993E-05 9.993E-05
9.9973E-05 0.0173898 0.850679 9.9973E-05 0.0267317 9.9973E-05 0.0231175 0.0378414 0.043941
9.9946E-05 9.9946E-05 0.959556 0.00870198 9.9946E-05 9.9946E-05 9.9946E-05 9.9946E-05 0.0311418
9.993E-05 9.993E-05 0.999201 9.993E-05 9.993E-05 9.993E-05 9.993E-05 9.993E-05 9.993E-05
9.99617E-05 9.99617E-05 0.962094 9.99617E-05 0.0154465 9.99617E-05 0.0123365 0.00962349 9.99617E-05
0.0528553 9.9955E-05 0.900223 9.9955E-05 9.9955E-05 9.9955E-05 0.0346765 9.9955E-05 0.0117452
9.993E-05 9.993E-05 0.999201 9.993E-05 9.993E-05 9.993E-05 9.993E-05 9.993E-05 9.993E-05
0.00722192 0.00717681 0.985002 9.9946E-05 9.9946E-05 9.9946E-05 9.9946E-05 9.9946E-05 9.9946E-05
