9.998E-05 9.998E-05 9.998E-05 0.9997
9.9982E-05 9.9982E-05 0.172923 0.826877
9.9982E-05 9.9982E-05 0.0579952 0.941805
0.194533 0.151042 0.0218508 0.632574
9.999E-05 0.0674134 0.118918 0.813569
0.0748184 9.9982E-05 9.9982E-05 0.924982
9.9982E-05 9.9982E-05 0.145256 0.854544
0.0869954 0.0670459 0.0163035 0.829655
0.0238402 0.204259 0.0693637 0.702537
0.037825 0.0875914 0.206568 0.668016
0.957963 0.0110684 0.0308689 9.9991E-05
0.9997 9.998E-05 9.998E-05 9.998E-05
0.860678 9.9982E-05 9.9982E-05 0.139122
0.80602 0.0340132 0.145605 0.0143618
0.807544 9.9991E-05 0.135296 0.0570599
0.9997 9.998E-05 9.998E-05 9.998E-05
0.9997 9.998E-05 9.998E-05 9.998E-05
0.670396 0.212521 0.116983 9.9991E-05
0.812165 0.112229 0.0755056 9.9991E-05
0.931719 0.0680811 9.9982E-05 9.9982E-05
0.717521 0.132642 0.0292114 0.120625
0.559865 0.0432747 0.024976 0.371884
0.9997 9.998E-05 9.998E-05 9.998E-05
0.836754 0.0993583 0.0637874 9.9991E-05
0.850861 9.9991E-05 0.147329 0.00171049
0.76154 0.0484227 0.163644 0.0263937
0.557765 0.347234 0.094901 9.9991E-05
0.577584 0.00834088 0.380478 0.0335972
0.621654 0.113372 0.218159 0.0468151
0.649479 0.0649517 0.28547 9.9991E-05
9.9991E-05 0.67291 0.240552 0.0864383
0.0940468 0.542338 0.168132 0.195483
0.111578 0.798536 0.0897859 9.9991E-05
0.069764 0.910585 9.9991E-05 0.0195513
0.358021 0.5942 0.0418329 0.00594577
9.9991E-05 0.814559 0.0293672 0.155973
0.0677709 0.64778 9.9991E-05 0.284349
0.207891 0.603276 0.125748 0.063086
0.0720309 0.927769 9.9982E-05 9.9982E-05
0.172337 0.469592 0.329175 0.0288963
9.9991E-05 0.840539 0.064231 0.0951299
0.0966902 0.444586 0.352347 0.106377
0.125436 0.625901 0.210455 0.0382071
0.159803 0.839997 9.9982E-05 9.9982E-05
0.0811299 0.739202 0.179568 9.9991E-05
0.0746919 0.853591 0.0308089 0.0409082
9.9982E-05 0.993365 0.00643455 9.9982E-05
9.9982E-05 0.923995 0.0758055 9.9982E-05
0.17404 0.681024 0.0476668 0.0972684
0.0116824 0.76422 0.150488 0.073609
9.9982E-05 0.935435 0.064365 9.9982E-05
9.9982E-05 0.999663 9.9982E-05 0.000136631
9.9982E-05 0.885228 0.114572 9.9982E-05
9.9982E-05 0.965838 0.0339619 9.9982E-05
9.998E-05 0.9997 9.998E-05 9.998E-05
9.9982E-05 0.854079 0.145721 9.9982E-05
0.0706823 0.145444 0.743745 0.0401291
0.142912 0.130456 0.64873 0.0779024
0.00497184 0.209053 0.669689 0.116286
9.9991E-05 0.211758 0.580954 0.207188
0.0224902 0.290816 0.686594 9.9991E-05
9.9991E-05 0.268484 0.622706 0.10871
9.9991E-05 0.267889 0.685631 0.0463801
9.998E-05 9.998E-05 0.9997 9.998E-05
0.017252 0.130919 0.851729 9.9991E-05
0.00232365 9.9982E-05 0.997476 9.9982E-05
9.9982E-05 0.0255028 0.974297 9.9982E-05
0.0321165 0.0597235 0.90806 9.9991E-05
0.00735875 9.9991E-05 0.972487 0.0200542
9.9982E-05 0.0458112 0.953989 9.9982E-05
0.00804739 0.10166 0.890193 9.9991E-05
9.9991E-05 0.160277 0.732116 0.107507
9.9991E-05 0.0153337 0.965999 0.018567
0.0249928 0.279033 0.691647 0.00432725
9.998E-05 9.998E-05 0.9997 9.998E-05
9.998E-05 9.998E-05 0.9997 9.998E-05
0.0881356 0.156654 0.723689 0.0315216
