9.98741E-05 9.98741E-05 9.98741E-05 9.98741E-05 9.98741E-05 9.98741E-05 9.98741E-05 9.98741E-05 9.98741E-05 9.98741E-05 9.98741E-05 0.998602 9.98741E-05 9.98741E-05 9.98741E-05
0.226115 9.9892E-05 9.9892E-05 9.9892E-05 9.9892E-05 9.9892E-05 9.9892E-05 9.9892E-05 9.9892E-05 0.754428 9.9892E-05 0.018258 9.9892E-05 9.9892E-05 9.9892E-05
9.98741E-05 9.98741E-05 9.98741E-05 9.98741E-05 9.98741E-05 9.98741E-05 9.98741E-05 9.98741E-05 9.98741E-05 9.98741E-05 9.98741E-05 9.98741E-05 9.98741E-05 0.998602 9.98741E-05
9.98921E-05 0.0942449 9.98921E-05 9.98921E-05 9.98921E-05 9.98921E-05 9.98921E-05 9.98921E-05 9.98921E-05 9.98921E-05 0.0744466 9.98921E-05 9.98921E-05 0.83011 9.98921E-05
0.865797 9.99101E-05 9.99101E-05 9.99101E-05 9.99101E-05 0.00795696 9.99101E-05 0.0746961 0.0460939 9.99101E-05 9.99101E-05 9.99101E-05 9.99101E-05 0.00445698 9.99101E-05
0.886229 0.0496171 9.9919E-05 9.9919E-05 9.9919E-05 9.9919E-05 9.9919E-05 9.9919E-05 9.9919E-05 9.9919E-05 9.9919E-05 0.041897 0.000438053 0.0133047 0.00761499
0.819895 9.99011E-05 9.99011E-05 0.0730503 0.0497515 9.99011E-05 9.99011E-05 9.99011E-05 9.99011E-05 9.99011E-05 9.99011E-05 0.0562044 9.99011E-05 9.99011E-05 9.99011E-05
0.93678 9.99101E-05 9.99101E-05 0.0179596 9.99101E-05 0.00110997 9.99101E-05 9.99101E-05 9.99101E-05 0.0274404 0.0157113 9.99101E-05 9.99101E-05 9.99101E-05 9.99101E-05
0.402966 9.98921E-05 0.403615 9.98921E-05 9.98921E-05 9.98921E-05 9.98921E-05 9.98921E-05 9.98921E-05 9.98921E-05 9.98921E-05 9.98921E-05 9.98921E-05 0.19222 9.98921E-05
9.9883E-05 9.9883E-05 9.9883E-05 9.9883E-05 9.9883E-05 9.9883E-05 9.9883E-05 0.0283945 9.9883E-05 0.970307 9.9883E-05 9.9883E-05 9.9883E-05 9.9883E-05 9.9883E-05
9.99011E-05 9.99011E-05 9.99011E-05 9.99011E-05 9.99011E-05 0.00786571 0.0164973 9.99011E-05 9.99011E-05 9.99011E-05 0.0684787 9.99011E-05 0.906059 9.99011E-05 9.99011E-05
9.98921E-05 9.98921E-05 9.98921E-05 0.0290488 9.98921E-05 9.98921E-05 9.98921E-05 9.98921E-05 9.98921E-05 9.98921E-05 9.98921E-05 9.98921E-05 0.885305 9.98921E-05 0.0844476
9.98831E-05 9.98831E-05 9.98831E-05 9.98831E-05 9.98831E-05 9.98831E-05 9.98831E-05 9.98831E-05 9.98831E-05 9.98831E-05 9.98831E-05 0.0173765 0.981325 9.98831E-05 9.98831E-05
9.98741E-05 9.98741E-05 9.98741E-05 0.998602 9.98741E-05 9.98741E-05 9.98741E-05 9.98741E-05 9.98741E-05 9.98741E-05 9.98741E-05 9.98741E-05 9.98741E-05 9.98741E-05 9.98741E-05
9.9946E-05 0.0755402 9.9946E-05 0.101494 9.9946E-05 0.0437546 0.155687 9.9946E-05 9.9946E-05 0.0465089 9.9946E-05 0.0300468 0.380756 0.062873 0.10274
9.9928E-05 0.507829 9.9928E-05 0.0147443 9.9928E-05 9.9928E-05 0.0580875 0.0104537 9.9928E-05 9.9928E-05 9.9928E-05 0.0276817 0.337487 9.9928E-05 0.0429174
9.98921E-05 0.785497 9.98921E-05 9.98921E-05 9.98921E-05 9.98921E-05 0.144268 9.98921E-05 9.98921E-05 9.98921E-05 9.98921E-05 9.98921E-05 0.0690364 9.98921E-05 9.98921E-05
9.9919E-05 0.603448 0.171508 9.9919E-05 0.0720794 9.9919E-05 0.0121381 9.9919E-05 0.0950097 9.9919E-05 9.9919E-05 9.9919E-05 9.9919E-05 9.9919E-05 0.0449174
9.9955E-05 0.0491167 0.0897181 0.381566 0.0180549 0.00147201 0.102068 0.0740059 9.9955E-05 9.9955E-05 9.9955E-05 9.9955E-05 0.240318 0.00410527 0.0390745
9.98831E-05 0.960752 9.98831E-05 9.98831E-05 9.98831E-05 9.98831E-05 9.98831E-05 9.98831E-05 9.98831E-05 9.98831E-05 9.98831E-05 9.98831E-05 9.98831E-05 0.0379496 9.98831E-05
9.9946E-05 0.580417 9.9946E-05 0.11759 0.0498594 9.9946E-05 9.9946E-05 9.9946E-05 0.0204653 0.139725 0.00529875 0.0337329 0.0422131 0.0100985 9.9946E-05
0.281189 0.161804 9.99011E-05 9.99011E-05 9.99011E-05 9.99011E-05 0.547633 9.99011E-05 9.99011E-05 9.99011E-05 9.99011E-05 0.0082748 9.99011E-05 9.99011E-05 9.99011E-05
9.98832E-05 9.98832E-05 9.98832E-05 0.990993 9.98832E-05 9.98832E-05 9.98832E-05 9.98832E-05 9.98832E-05 9.98832E-05 9.98832E-05 0.00770872 9.98832E-05 9.98832E-05 9.98832E-05
9.98831E-05 0.912599 9.98831E-05 9.98831E-05 9.98831E-05 9.98831E-05 9.98831E-05 0.0861026 9.98831E-05 9.98831E-05 9.98831E-05 9.98831E-05 9.98831E-05 9.98831E-05 9.98831E-05
9.9946E-05 0.282392 9.9946E-05 0.0800586 9.9946E-05 0.0164911 0.00574804 9.9946E-05 0.0928148 9.9946E-05 9.9946E-05 0.00388304 0.307724 0.00281922 0.207469
9.9937E-05 9.9937E-05 0.0540016 0.703886 9.9937E-05 9.9937E-05 0.0193307 0.0198668 0.0895977 9.9937E-05 9.9937E-05 0.0593638 0.0447017 9.9937E-05 0.00855218
9.98921E-05 9.98921E-05 0.084841 9.98921E-05 9.98921E-05 9.98921E-05 0.885429 9.98921E-05 9.98921E-05 9.98921E-05 0.0285309 9.98921E-05 9.98921E-05 9.98921E-05 9.98921E-05
9.994E-05 9.994E-05 9.994E-05 0.124264 0.0109182 0.0110757 0.436419 9.994E-05 0.24561 0.058092 0.0375098 9.994E-05 0.014149 0.061363 9.994E-05
9.99011E-05 9.99011E-05 9.99011E-05 0.169622 9.99011E-05 9.99011E-05 0.581337 9.99011E-05 0.188151 9.99011E-05 9.99011E-05 9.99011E-05 9.99011E-05 9.99011E-05 0.0597907
9.98741E-05 9.98741E-05 9.98741E-05 9.98741E-05 9.98741E-05 9.98741E-05 0.998602 9.98741E-05 9.98741E-05 9.98741E-05 9.98741E-05 9.98741E-05 9.98741E-05 9.98741E-05 9.98741E-05
9.98741E-05 9.98741E-05 0.998602 9.98741E-05 9.98741E-05 9.98741E-05 9.98741E-05 9.98741E-05 9.98741E-05 9.98741E-05 9.98741E-05 9.98741E-05 9.98741E-05 9.98741E-05 9.98741E-05
9.9892E-05 9.9892E-05 0.982613 9.9892E-05 9.9892E-05 9.9892E-05 9.9892E-05 0.0136753 9.9892E-05 9.9892E-05 9.9892E-05 0.00251322 9.9892E-05 9.9892E-05 9.9892E-05
9.9919E-05 9.9919E-05 9.9919E-05 9.9919E-05 0.0894634 9.9919E-05 0.0895765 0.00373125 0.0781961 9.9919E-05 9.9919E-05 9.9919E-05 9.9919E-05 0.00346847 0.734665
0.0188585 9.9919E-05 9.9919E-05 9.9919E-05 0.0173893 9.9919E-05 0.0635252 0.169344 9.9919E-05 9.9919E-05 0.0715122 9.9919E-05 9.9919E-05 9.9919E-05 0.658471
9.9919E-05 9.9919E-05 0.0458023 0.0555009 9.9919E-05 0.00210134 0.0364466 9.9919E-05 9.9919E-05 9.9919E-05 9.9919E-05 9.9919E-05 0.0546872 9.9919E-05 0.804562
9.99101E-05 9.99101E-05 9.99101E-05 9.99101E-05 0.00759111 9.99101E-05 9.99101E-05 9.99101E-05 0.0866803 9.99101E-05 9.99101E-05 0.0522531 9.99101E-05 0.0168843 0.835592
0.187018 0.0535627 9.991E-05 9.991E-05 0.00860103 9.991E-05 9.991E-05 9.991E-05 9.991E-05 9.991E-05 9.991E-05 0.044547 9.991E-05 9.991E-05 0.705272
9.9928E-05 0.00634618 9.9928E-05 9.9928E-05 9.9928E-05 9.9928E-05 0.0637858 9.9928E-05 0.0782855 0.11173 0.0679919 0.0161591 9.9928E-05 9.9928E-05 0.654902
9.98921E-05 9.98921E-05 0.00789009 9.98921E-05 9.98921E-05 9.98921E-05 9.98921E-05 9.98921E-05 9.98921E-05 9.98921E-05 0.0677049 9.98921E-05 9.98921E-05 9.98921E-05 0.923206
9.9928E-05 9.9928E-05 9.9928E-05 9.9928E-05 9.9928E-05 0.00720133 9.9928E-05 9.9928E-05 0.258622 0.00862218 0.0875513 0.0344153 0.086951 9.9928E-05 0.515838
9.98921E-05 9.98921E-05 0.228273 9.98921E-05 9.98921E-05 9.98921E-05 9.98921E-05 9.98921E-05 9.98921E-05 0.119597 9.98921E-05 9.98921E-05 9.98921E-05 9.98921E-05 0.650931
9.9964E-05 9.9964E-05 9.9964E-05 0.0350777 0.20005 0.00310751 0.0214373 0.000356853 0.263328 0.0227008 9.9964E-05 0.0766348 0.0209039 0.00887522 0.347128
9.99101E-05 9.99101E-05 9.99101E-05 9.99101E-05 9.99101E-05 0.0160877 9.99101E-05 0.0010459 0.0511365 9.99101E-05 9.99101E-05 9.99101E-05 0.010742 9.99101E-05 0.919989
9.9937E-05 9.9937E-05 9.9937E-05 0.0301335 0.113014 0.0241343 9.9937E-05 0.059652 0.0263097 0.0804139 0.0149547 9.9937E-05 9.9937E-05 9.9937E-05 0.650688
9.99281E-05 9.99281E-05 0.109096 9.99281E-05 0.0171601 9.99281E-05 0.046972 9.99281E-05 0.0820614 0.110863 0.493439 9.99281E-05 9.99281E-05 9.99281E-05 0.139608
9.9928E-05 9.9928E-05 9.9928E-05 0.0416373 0.895383 0.0033355 9.9928E-05 0.00210662 9.9928E-05 0.0124863 9.9928E-05 0.0366982 0.00755348 9.9928E-05 9.9928E-05
9.98741E-05 9.98741E-05 9.98741E-05 9.98741E-05 9.98741E-05 9.98741E-05 9.98741E-05 0.998602 9.98741E-05 9.98741E-05 9.98741E-05 9.98741E-05 9.98741E-05 9.98741E-05 9.98741E-05
9.98831E-05 9.98831E-05 9.98831E-05 9.98831E-05 0.9763 9.98831E-05 9.98831E-05 9.98831E-05 9.98831E-05 9.98831E-05 0.0224019 9.98831E-05 9.98831E-05 9.98831E-05 9.98831E-05
0.0751929 9.9946E-05 9.9946E-05 0.0260287 0.479319 0.00276156 0.076617 9.9946E-05 9.9946E-05 9.9946E-05 0.0418609 0.00252303 9.9946E-05 0.0431995 0.251898
9.9946E-05 9.9946E-05 0.0403335 9.9946E-05 0.285721 9.9946E-05 0.0518063 0.124129 0.085384 9.9946E-05 9.9946E-05 0.0539037 0.0222924 0.0428139 0.293016
9.9919E-05 0.00308234 0.0579176 0.0254467 0.0921531 9.9919E-05 9.9919E-05 9.9919E-05 0.057462 9.9919E-05 0.763039 9.9919E-05 9.9919E-05 9.9919E-05 9.9919E-05
9.99011E-05 9.99011E-05 9.99011E-05 9.99011E-05 0.0527299 9.99011E-05 9.99011E-05 0.00709297 9.99011E-05 9.99011E-05 0.901659 0.0374194 9.99011E-05 9.99011E-05 9.99011E-05
9.98922E-05 9.98922E-05 9.98922E-05 9.98922E-05 9.98922E-05 9.98922E-05 9.98922E-05 9.98922E-05 0.0806247 9.98922E-05 0.910273 0.00790358 9.98922E-05 9.98922E-05 9.98922E-05
9.9901E-05 9.9901E-05 9.9901E-05 9.9901E-05 9.9901E-05 9.9901E-05 0.0613271 0.00719231 9.9901E-05 9.9901E-05 0.888952 9.9901E-05 9.9901E-05 9.9901E-05 0.0414295
9.991E-05 9.991E-05 0.0363368 9.991E-05 0.798857 9.991E-05 9.991E-05 0.0861118 9.991E-05 9.991E-05 0.03607 9.991E-05 9.991E-05 9.991E-05 0.0416256
9.98832E-05 9.98832E-05 9.98832E-05 9.98832E-05 0.987546 0.0111559 9.98832E-05 9.98832E-05 9.98832E-05 9.98832E-05 9.98832E-05 9.98832E-05 9.98832E-05 9.98832E-05 9.98832E-05
9.9937E-05 0.093877 0.0795945 9.9937E-05 0.085725 0.00446971 0.0386876 9.9937E-05 0.66477 9.9937E-05 9.9937E-05 9.9937E-05 9.9937E-05 0.0206884 0.011488
0.0872109 0.0149215 9.9928E-05 0.0331261 0.12758 9.9928E-05 0.0780593 9.9928E-05 0.591392 9.9928E-05 9.9928E-05 9.9928E-05 9.9928E-05 0.0669105 9.9928E-05
0.0229751 0.0244586 0.0145178 9.9937E-05 0.211012 0.0004846 0.0571905 9.9937E-05 0.659323 9.9937E-05 9.9937E-05 9.9937E-05 9.9937E-05 0.00933809 9.9937E-05
0.111264 9.9937E-05 0.067357 9.9937E-05 9.9937E-05 9.9937E-05 0.111529 0.012749 0.635641 9.9937E-05 9.9937E-05 0.0236707 0.00809416 9.9937E-05 0.0289963
9.9928E-05 0.0350259 0.0161291 9.9928E-05 0.0192581 9.9928E-05 9.9928E-05 0.0110081 0.72831 0.0324329 0.157036 9.9928E-05 9.9928E-05 9.9928E-05 9.9928E-05
9.99101E-05 9.99101E-05 9.99101E-05 9.99101E-05 9.99101E-05 0.074736 9.99101E-05 9.99101E-05 0.305044 0.36034 0.0562323 9.99101E-05 9.99101E-05 9.99101E-05 0.202649
9.9928E-05 9.9928E-05 9.9928E-05 9.9928E-05 0.02529 9.9928E-05 9.9928E-05 0.0280867 0.79671 0.0420849 0.00860356 0.0125103 9.9928E-05 9.9928E-05 0.0859151
9.98922E-05 9.98922E-05 9.98922E-05 9.98922E-05 9.98922E-05 0.0186893 9.98922E-05 9.98922E-05 0.933382 0.0467302 9.98922E-05 9.98922E-05 9.98922E-05 9.98922E-05 9.98922E-05
9.99011E-05 9.99011E-05 9.99011E-05 9.99011E-05 9.99011E-05 0.00505787 9.99011E-05 9.99011E-05 0.877671 9.99011E-05 0.0042257 9.99011E-05 9.99011E-05 9.99011E-05 0.111947
9.98921E-05 9.98921E-05 9.98921E-05 9.98921E-05 9.98921E-05 9.98921E-05 9.98921E-05 9.98921E-05 0.939815 9.98921E-05 9.98921E-05 0.0144923 0.0444942 9.98921E-05 9.98921E-05
9.98831E-05 9.98831E-05 9.98831E-05 9.98831E-05 9.98831E-05 0.00112507 9.98831E-05 9.98831E-05 0.997576 9.98831E-05 9.98831E-05 9.98831E-05 9.98831E-05 9.98831E-05 9.98831E-05
9.9937E-05 0.00828167 0.0347528 0.0208701 9.9937E-05 0.000633424 0.0140982 9.9937E-05 0.888715 9.9937E-05 0.0294004 0.00254916 9.9937E-05 9.9937E-05 9.9937E-05
9.98921E-05 9.98921E-05 9.98921E-05 9.98921E-05 9.98921E-05 9.98921E-05 9.98921E-05 9.98921E-05 0.951668 9.98921E-05 9.98921E-05 0.0233198 9.98921E-05 0.0238139 9.98921E-05
9.98921E-05 9.98921E-05 9.98921E-05 9.98921E-05 0.00725974 9.98921E-05 9.98921E-05 9.98921E-05 0.968868 9.98921E-05 9.98921E-05 9.98921E-05 9.98921E-05 0.0226739 9.98921E-05
9.98832E-05 9.98832E-05 9.98832E-05 9.98832E-05 9.98832E-05 9.98832E-05 9.98832E-05 0.0479659 0.950736 9.98832E-05 9.98832E-05 9.98832E-05 9.98832E-05 9.98832E-05 9.98832E-05
9.9937E-05 9.9937E-05 0.120315 0.058456 9.9937E-05 0.0148724 9.9937E-05 0.00514185 0.543167 0.163578 0.047204 9.9937E-05 9.9937E-05 9.9937E-05 0.0465657
9.99191E-05 9.99191E-05 9.99191E-05 9.99191E-05 0.0737614 0.00439352 9.99191E-05 0.0134915 0.884359 0.00947054 9.99191E-05 9.99191E-05 9.99191E-05 0.0136253 9.99191E-05
9.9937E-05 9.9937E-05 0.0196276 0.04849 9.9937E-05 0.0485862 9.9937E-05 9.9937E-05 0.646618 0.00165176 0.0830476 0.0510764 9.9937E-05 9.9937E-05 0.100203
9.9937E-05 9.9937E-05 0.0194189 0.0559549 9.9937E-05 0.513272 9.9937E-05 0.0433871 0.287269 0.0314877 0.0373813 9.9937E-05 9.9937E-05 0.011129 9.9937E-05
9.98741E-05 9.98741E-05 9.98741E-05 9.98741E-05 9.98741E-05 0.998602 9.98741E-05 9.98741E-05 9.98741E-05 9.98741E-05 9.98741E-05 9.98741E-05 9.98741E-05 9.98741E-05 9.98741E-05
9.9937E-05 9.9937E-05 9.9937E-05 9.9937E-05 9.9937E-05 0.0591167 9.9937E-05 0.0487777 0.614049 9.9937E-05 0.0361123 0.00602093 0.0513572 0.014729 0.169137
