0.9993 9.994E-05 9.994E-05 9.994E-05 9.994E-05 9.994E-05 9.994E-05 9.994E-05
0.230408 9.9964E-05 0.0580366 9.9964E-05 9.9964E-05 0.658854 9.9964E-05 0.0523017
0.202526 9.9964E-05 0.0127806 9.9964E-05 9.9964E-05 0.650049 9.9964E-05 0.134244
0.182571 9.9964E-05 9.9964E-05 9.9964E-05 9.9964E-05 0.742756 0.0705985 0.00367484
0.069745 0.0482784 9.9982E-05 9.9982E-05 0.0677772 0.72834 0.0714086 0.0142504
0.138913 9.9973E-05 0.0253142 9.9973E-05 9.9973E-05 0.644757 0.152805 0.0379103
0.238366 9.9946E-05 9.9946E-05 9.9946E-05 9.9946E-05 0.761034 9.9946E-05 9.9946E-05
0.247924 9.9982E-05 0.0375261 0.01722 9.9982E-05 0.525338 0.0921638 0.0796277
0.160868 0.0469853 0.00818859 9.9973E-05 9.9973E-05 0.706443 9.9973E-05 0.0772144
0.9993 9.994E-05 9.994E-05 9.994E-05 9.994E-05 9.994E-05 9.994E-05 9.994E-05
0.9993 9.994E-05 9.994E-05 9.994E-05 9.994E-05 9.994E-05 9.994E-05 9.994E-05
0.9993 9.994E-05 9.994E-05 9.994E-05 9.994E-05 9.994E-05 9.994E-05 9.994E-05
0.984808 9.9946E-05 0.0145922 9.9946E-05 9.9946E-05 9.9946E-05 9.9946E-05 9.9946E-05
0.932963 0.0150005 9.9964E-05 9.9964E-05 0.0448819 0.00675476 9.9964E-05 9.9964E-05
0.922521 9.9964E-05 0.0345553 0.0126533 9.9964E-05 9.9964E-05 9.9964E-05 0.0298707
0.157121 0.0334569 9.9982E-05 0.0159673 9.9982E-05 0.499074 0.275522 0.0186577
0.210943 0.0350035 0.0537098 0.0102323 0.10163 0.343605 0.174544 0.070332
0.162574 9.9964E-05 0.0294289 9.9964E-05 9.9964E-05 0.768515 0.0390827 9.9964E-05
9.9964E-05 0.0417471 9.9964E-05 9.9964E-05 0.0376279 0.891671 0.0285539 9.9964E-05
9.9955E-05 9.9955E-05 9.9955E-05 0.0374347 0.0828673 0.879198 9.9955E-05 9.9955E-05
0.00910004 0.0607416 0.0211003 9.9964E-05 9.9964E-05 0.908658 9.9964E-05 9.9964E-05
9.9973E-05 9.9973E-05 9.9973E-05 0.029347 0.0782118 0.763108 0.074542 0.0544917
0.00481518 9.9973E-05 9.9973E-05 9.9973E-05 0.110092 0.832222 0.0214617 0.0311095
9.9955E-05 9.9955E-05 9.9955E-05 0.0088166 0.0617758 0.928908 9.9955E-05 9.9955E-05
9.9973E-05 0.0385535 0.0131142 0.0473077 9.9973E-05 0.858957 0.0417679 9.9973E-05
9.9973E-05 0.0742464 9.9973E-05 0.0451187 0.0334657 0.580602 0.266267 9.9973E-05
9.9973E-05 0.0929543 9.9973E-05 9.9973E-05 0.0172451 0.606109 0.222498 0.0608933
9.9955E-05 9.9955E-05 9.9955E-05 9.9955E-05 9.9955E-05 0.880841 0.0989973 0.0196614
0.0317702 0.0361315 9.9991E-05 0.0184699 0.0239092 0.724769 0.156378 0.00847241
0.0108551 9.9946E-05 9.9946E-05 9.9946E-05 9.9946E-05 0.988545 9.9946E-05 9.9946E-05
0.0222501 0.0023409 9.9973E-05 0.0189211 0.0695468 0.886641 9.9973E-05 9.9973E-05
9.9982E-05 0.064021 9.9982E-05 0.0516523 0.0158328 0.77291 0.0875306 0.00785296
9.9982E-05 0.0323301 0.0403577 9.9982E-05 0.0290498 0.709712 0.141471 0.0468787
0.0239112 0.0158517 0.0357216 0.115731 9.9991E-05 0.560711 0.194472 0.0535017
9.9964E-05 9.9964E-05 9.9964E-05 0.00469051 0.146693 0.82784 9.9964E-05 0.0203774
0.0119287 0.0304583 9.9964E-05 9.9964E-05 9.9964E-05 0.898335 0.0588782 9.9964E-05
9.9955E-05 9.9955E-05 9.9955E-05 9.9955E-05 0.0145235 0.457514 0.527463 9.9955E-05
9.999E-05 0.0775644 0.00694787 0.0258803 0.0386463 0.531839 0.263396 0.0556254
9.9982E-05 0.0706521 0.0672632 9.9982E-05 0.0319706 0.537188 0.243206 0.0495199
0.00049459 0.03363 0.0305964 0.0361114 0.00950705 0.496845 0.392716 9.9991E-05
9.9973E-05 9.9973E-05 0.0613837 0.0328689 9.9973E-05 0.0377726 0.81159 0.0560853
9.9964E-05 0.0466167 9.9964E-05 9.9964E-05 9.9964E-05 0.124459 0.763224 0.0653009
0.0456432 9.9982E-05 0.0539367 0.05743 9.9982E-05 0.169385 0.610941 0.0624635
9.9982E-05 0.00690566 0.032919 0.00559217 9.9982E-05 0.0375836 0.861676 0.0551231
9.9973E-05 0.0257784 9.9973E-05 0.0434176 9.9973E-05 0.172189 0.723465 0.0348493
0.0274131 9.9955E-05 9.9955E-05 9.9955E-05 9.9955E-05 0.00105857 0.971029 9.9955E-05
0.00494331 9.9946E-05 9.9946E-05 9.9946E-05 9.9946E-05 9.9946E-05 0.994457 9.9946E-05
9.9982E-05 0.0404943 9.9982E-05 0.00629026 0.00912818 0.359645 0.563328 0.0209143
0.0931248 0.0671913 9.9982E-05 0.0312727 9.9982E-05 0.0412403 0.749616 0.0173554
0.0843606 9.9982E-05 0.0467729 0.0625581 9.9982E-05 0.367539 0.417904 0.0206654
0.0330173 0.00568314 0.0296244 9.9982E-05 9.9982E-05 0.197337 0.710828 0.0233097
9.9973E-05 0.00652633 9.9973E-05 9.9973E-05 0.00480285 0.162281 0.809902 0.0161877
0.0147515 0.00591649 9.9973E-05 0.0130574 9.9973E-05 0.0104734 0.955501 9.9973E-05
0.0273175 0.0694771 0.017897 0.0153965 0.0684173 0.188607 0.612787 9.9991E-05
0.0431985 0.0159536 0.0307374 0.0432172 0.0436152 0.167336 0.655842 9.9991E-05
9.9973E-05 9.9973E-05 0.00775491 0.041885 9.9973E-05 0.114312 0.759128 0.0766199
0.0817764 0.0494548 0.0070491 0.0341193 9.9991E-05 0.148709 0.596747 0.0820452
9.9973E-05 0.0910173 0.0279816 0.0404473 9.9973E-05 0.230849 0.609405 9.9973E-05
0.00736197 9.9946E-05 9.9946E-05 9.9946E-05 9.9946E-05 9.9946E-05 0.992038 9.9946E-05
0.0253405 0.0676451 0.0277241 0.00729681 0.00534668 0.256826 0.609721 9.9991E-05
9.9973E-05 0.0987292 9.9973E-05 0.0396705 0.0134924 0.173284 0.674524 9.9973E-05
0.0303691 9.9973E-05 0.0244904 0.0398009 9.9973E-05 0.0155022 0.889537 9.9973E-05
0.0146791 0.0647137 0.0162003 0.0537897 0.00715496 0.115712 0.679845 0.047905
9.9973E-05 0.0016618 9.9973E-05 0.00843964 0.127324 9.9973E-05 0.833864 0.0284098
0.0280596 0.0546777 9.9973E-05 0.0211027 9.9973E-05 0.0776212 0.818239 9.9973E-05
9.9955E-05 9.9955E-05 9.9955E-05 9.9955E-05 0.0394669 9.9955E-05 0.946044 0.0139891
9.9946E-05 9.9946E-05 0.0334781 9.9946E-05 9.9946E-05 9.9946E-05 0.965922 9.9946E-05
0.0239994 9.9973E-05 9.9973E-05 0.0408972 0.0816772 9.9973E-05 0.835193 0.0179334
9.9982E-05 0.0559892 0.0145169 0.0200736 9.9982E-05 0.288333 0.605347 0.0155401
9.99461E-05 9.99461E-05 9.99461E-05 9.99461E-05 9.99461E-05 9.99461E-05 0.996619 0.00278142
0.0487397 9.9973E-05 0.0346729 9.9973E-05 9.9973E-05 0.0865236 0.804928 0.0248359
9.9982E-05 0.0674954 9.9982E-05 0.0341787 0.026363 0.0555968 0.789997 0.0261694
0.0871223 0.00228346 9.9955E-05 9.9955E-05 9.9955E-05 9.9955E-05 0.910094 9.9955E-05
0.0550505 0.043977 9.9964E-05 9.9964E-05 9.9964E-05 9.9964E-05 0.897408 0.00316491
0.0477191 0.0277026 9.9982E-05 0.0681714 0.0610254 9.9982E-05 0.770653 0.024529
9.9955E-05 0.0683481 9.9955E-05 9.9955E-05 0.0148722 9.9955E-05 0.91628 9.9955E-05
9.9955E-05 9.9955E-05 0.0428312 9.9955E-05 9.9955E-05 9.9955E-05 0.929209 0.0274601
0.0234374 9.9991E-05 0.0808915 0.00757001 0.135982 0.0285251 0.715351 0.00814234
9.9991E-05 0.0547105 0.0749532 0.0786205 0.110779 0.0117766 0.594567 0.0744924
9.9973E-05 0.0396333 0.114735 0.0735542 0.102965 9.9973E-05 0.668812 9.9973E-05
0.00459471 0.0673407 0.0446769 0.0929772 0.0606093 9.9991E-05 0.708941 0.0207602
9.9976E-05 0.0147704 0.108272 0.0424808 0.0995236 9.9976E-05 0.734653 9.9976E-05
9.9973E-05 9.9973E-05 0.0993154 0.0358406 0.100088 9.9973E-05 0.71479 0.0496664
0.027872 0.0470113 0.144789 0.148346 9.9982E-05 0.161127 0.470654 9.9982E-05
9.9982E-05 9.9982E-05 0.2027 0.0901454 0.0492882 0.040752 0.565479 0.0514347
9.9982E-05 9.9982E-05 0.158577 0.0526307 0.0486083 0.0584327 0.574762 0.106789
0.0273259 0.0288731 0.0819686 0.0842694 0.021539 0.184631 0.510245 0.0611483
0.000368807 0.0630946 0.13759 0.125216 9.9982E-05 0.099255 0.574275 9.9982E-05
9.9991E-05 0.087185 0.171696 0.0931765 0.0537514 0.0329717 0.520111 0.0410089
0.00761572 0.117624 0.127252 0.146244 0.0328519 0.0162972 0.475053 0.0770615
0.0513715 9.9982E-05 0.0939179 0.0479279 0.199156 9.9982E-05 0.583217 0.0242089
0.0387516 9.9991E-05 0.0890667 0.062337 0.172162 0.0258105 0.564837 0.0469345
0.0132743 0.182003 0.209769 0.0380392 9.9991E-05 0.0385548 0.420851 0.0974075
9.9946E-05 9.9946E-05 0.982596 0.0168048 9.9946E-05 9.9946E-05 9.9946E-05 9.9946E-05
0.0257721 9.9964E-05 0.951072 9.9964E-05 9.9964E-05 9.9964E-05 0.0205795 0.00217611
0.0202555 9.9964E-05 0.879914 9.9964E-05 0.0606373 0.0387933 9.9964E-05 9.9964E-05
9.994E-05 9.994E-05 0.9993 9.994E-05 9.994E-05 9.994E-05 9.994E-05 9.994E-05
9.994E-05 9.994E-05 0.9993 9.994E-05 9.994E-05 9.994E-05 9.994E-05 9.994E-05
9.994E-05 9.994E-05 0.9993 9.994E-05 9.994E-05 9.994E-05 9.994E-05 9.994E-05
9.9955E-05 9.9955E-05 0.968102 9.9955E-05 0.0217422 0.00965578 9.9955E-05 9.9955E-05
9.9973E-05 0.014723 0.906486 0.00434523 9.9973E-05 0.0704376 0.00370855 9.9973E-05
9.9946E-05 9.9946E-05 0.988867 9.9946E-05 9.9946E-05 9.9946E-05 9.9946E-05 0.0105336
9.994E-05 9.994E-05 0.9993 9.994E-05 9.994E-05 9.994E-05 9.994E-05 9.994E-05
9.9991E-05 0.128141 0.103722 0.277663 0.0855561 0.0900782 0.252385 0.0623552
0.000421658 0.0271905 0.866812 9.9982E-05 0.0396928 9.9982E-05 0.0507823 0.0149009
9.994E-05 9.994E-05 0.9993 9.994E-05 9.994E-05 9.994E-05 9.994E-05 9.994E-05
9.9946E-05 9.9946E-05 0.980003 9.9946E-05 0.0193973 9.9946E-05 9.9946E-05 9.9946E-05
9.9982E-05 0.122637 0.137894 0.215665 0.0709988 9.9982E-05 0.437926 0.0146795
9.9982E-05 0.0849259 0.138607 0.187298 0.0856696 9.9982E-05 0.440696 0.0626043
9.9991E-05 0.101369 0.125921 0.210981 0.0913801 0.0203897 0.385708 0.0641522
9.9991E-05 0.107926 0.161693 0.206411 0.0318351 0.0192664 0.406458 0.0663106
9.9982E-05 0.0806004 0.120114 0.21987 0.107898 9.9982E-05 0.46221 0.00910704
9.9982E-05 0.0235609 0.0646127 0.205324 0.149983 0.152759 0.40356 9.9982E-05
0.0146853 0.0766679 0.148905 0.151425 0.154038 0.0224242 0.431755 9.9991E-05
9.9973E-05 0.0626475 0.130951 0.213775 0.144725 9.9973E-05 0.447601 9.9973E-05
9.9982E-05 0.0321094 0.208844 0.112328 0.175604 9.9982E-05 0.379745 0.0911693
0.00135016 0.0513797 0.163689 0.124585 0.179766 0.00643935 0.403332 0.0694593
9.9991E-05 0.104621 0.0834533 0.12056 0.109381 0.105895 0.417171 0.0588184
0.00815649 0.0428947 0.230349 0.0806417 0.179365 0.025679 0.389134 0.0437797
9.9982E-05 0.0924591 0.0495012 0.159663 0.113524 9.9982E-05 0.517584 0.0670686
9.9991E-05 0.0941412 0.0808003 0.183694 0.0729886 0.0314619 0.469232 0.0675816
9.9973E-05 0.0022799 0.0110825 0.931862 0.0288645 9.9973E-05 9.9973E-05 0.0256113
0.0273446 0.0611334 0.00806329 0.87223 0.0129365 0.0180921 9.9982E-05 9.9982E-05
9.994E-05 9.994E-05 9.994E-05 0.9993 9.994E-05 9.994E-05 9.994E-05 9.994E-05
9.9946E-05 0.019427 9.9946E-05 0.979973 9.9946E-05 9.9946E-05 9.9946E-05 9.9946E-05
9.9955E-05 0.00403663 9.9955E-05 0.966962 9.9955E-05 9.9955E-05 9.9955E-05 0.0285011
9.994E-05 9.994E-05 9.994E-05 0.9993 9.994E-05 9.994E-05 9.994E-05 9.994E-05
9.9964E-05 9.9964E-05 9.9964E-05 0.971062 0.00492362 0.00207635 0.0215379 9.9964E-05
0.0458258 0.00202521 9.9973E-05 0.780726 0.110319 0.0608041 9.9973E-05 9.9973E-05
9.994E-05 9.994E-05 9.994E-05 0.9993 9.994E-05 9.994E-05 9.994E-05 9.994E-05
9.994E-05 9.994E-05 9.994E-05 0.9993 9.994E-05 9.994E-05 9.994E-05 9.994E-05
9.9964E-05 9.9964E-05 0.0326356 0.858469 0.102076 9.9964E-05 9.9964E-05 0.00642014
9.994E-05 9.994E-05 9.994E-05 0.9993 9.994E-05 9.994E-05 9.994E-05 9.994E-05
0.000612847 0.0376013 0.0313562 0.740652 0.0383318 9.9991E-05 0.0997841 0.0515615
9.994E-05 9.994E-05 9.994E-05 9.994E-05 9.994E-05 9.994E-05 9.994E-05 0.9993
0.0002017 0.1131 0.185909 0.121314 0.0778609 0.000161121 0.395339 0.106114
9.99432E-05 9.99432E-05 9.99432E-05 9.99432E-05 9.99432E-05 9.99432E-05 9.99432E-05 0.9993
9.994E-05 9.994E-05 9.994E-05 9.994E-05 9.994E-05 9.994E-05 9.994E-05 0.9993
9.99461E-05 9.99461E-05 9.99461E-05 9.99461E-05 0.0466469 9.99461E-05 9.99461E-05 0.952753
0.00418028 9.9964E-05 9.9964E-05 0.045468 9.9964E-05 9.9964E-05 0.192181 0.757771
9.994E-05 9.994E-05 9.994E-05 9.994E-05 9.994E-05 9.994E-05 9.994E-05 0.9993
0.00486493 9.9973E-05 9.9973E-05 0.0109378 0.0837844 9.9973E-05 0.072357 0.827756
9.9982E-05 0.0236173 0.0164598 0.00290998 0.00756629 0.0105219 9.9982E-05 0.938725
9.9964E-05 9.9964E-05 9.9964E-05 0.0113251 9.9964E-05 0.00222995 0.0664063 0.919639
0.0159539 0.000685115 9.9955E-05 9.9955E-05 9.9955E-05 9.9955E-05 9.9955E-05 0.982861
0.00842816 9.9964E-05 0.000199103 0.000581611 9.9964E-05 9.9964E-05 9.9964E-05 0.990391
0.00271774 9.9964E-05 0.0158374 0.00286324 9.9964E-05 9.9964E-05 9.9964E-05 0.978182
9.9973E-05 0.0723725 0.0485147 0.0626733 9.9973E-05 0.0265768 9.9973E-05 0.789563
9.9973E-05 0.0116411 0.00215222 9.9973E-05 0.0547829 0.0373773 9.9973E-05 0.893747
0.00165184 0.00992126 9.9982E-05 0.0291033 0.0266198 9.9982E-05 0.0636955 0.868808
9.9973E-05 0.0424982 9.9973E-05 0.00206316 0.0400419 9.9973E-05 0.0385392 0.876558
0.0209398 0.0222525 0.00474386 9.9982E-05 0.0246066 9.9982E-05 0.0517329 0.875524
9.9955E-05 9.9955E-05 9.9955E-05 0.0683843 9.9955E-05 9.9955E-05 0.0128678 0.918248
0.0245822 0.280277 0.072232 0.034256 0.117013 9.9991E-05 0.446672 0.0248673
0.0190958 0.254114 0.0458388 0.0191691 0.146245 9.9991E-05 0.514426 0.00101152
0.0407344 0.258145 0.0818204 0.00502503 0.149596 9.9991E-05 0.40048 0.0640991
0.040778 0.277011 0.0448532 0.014148 0.130639 9.9991E-05 0.448432 0.0440387
9.9973E-05 0.00841337 0.000737344 0.0655371 0.910364 0.0146478 9.9973E-05 9.9973E-05
9.994E-05 9.994E-05 9.994E-05 9.994E-05 0.9993 9.994E-05 9.994E-05 9.994E-05
9.9964E-05 0.0305482 9.9964E-05 9.9964E-05 0.95978 9.9964E-05 0.00226431 0.00700802
9.994E-05 9.994E-05 9.994E-05 9.994E-05 0.9993 9.994E-05 9.994E-05 9.994E-05
9.9955E-05 9.9955E-05 9.9955E-05 0.00752669 0.991851 9.9955E-05 9.9955E-05 0.000122718
9.9955E-05 0.0241993 9.9955E-05 9.9955E-05 0.970174 9.9955E-05 9.9955E-05 0.00512696
9.9955E-05 9.9955E-05 0.0013151 9.9955E-05 0.983691 9.9955E-05 0.0144945 9.9955E-05
0.0352533 0.010428 9.9991E-05 0.00601817 0.754494 0.0530125 0.0641124 0.0765817
0.0101687 9.9973E-05 9.9973E-05 0.0284693 0.841319 0.0753031 9.9973E-05 0.0444404
9.9946E-05 0.978492 9.9946E-05 0.0209079 9.9946E-05 9.9946E-05 9.9946E-05 9.9946E-05
9.994E-05 0.9993 9.994E-05 9.994E-05 9.994E-05 9.994E-05 9.994E-05 9.994E-05
9.9955E-05 0.991082 9.9955E-05 0.0077506 9.9955E-05 9.9955E-05 9.9955E-05 0.000667149
9.994E-05 0.9993 9.994E-05 9.994E-05 9.994E-05 9.994E-05 9.994E-05 9.994E-05
9.994E-05 0.9993 9.994E-05 9.994E-05 9.994E-05 9.994E-05 9.994E-05 9.994E-05
0.010092 0.931627 0.0121971 9.9973E-05 0.00544693 9.9973E-05 0.0403374 9.9973E-05
9.9946E-05 0.996552 9.9946E-05 9.9946E-05 9.9946E-05 9.9946E-05 9.9946E-05 0.00284812
9.994E-05 0.9993 9.994E-05 9.994E-05 9.994E-05 9.994E-05 9.994E-05 9.994E-05
0.00682011 0.927359 9.9982E-05 0.0240828 0.0243702 0.0107735 9.9982E-05 0.00639431
9.9973E-05 0.940389 0.0230205 9.9973E-05 9.9973E-05 0.00427654 0.0183165 0.013697
9.994E-05 0.9993 9.994E-05 9.994E-05 9.994E-05 9.994E-05 9.994E-05 9.994E-05
9.994E-05 0.9993 9.994E-05 9.994E-05 9.994E-05 9.994E-05 9.994E-05 9.994E-05
