9.994E-05 9.994E-05 9.994E-05 9.994E-05 9.994E-05 9.994E-05 0.9993 9.994E-05
0.0907868 9.9964E-05 9.9964E-05 0.574539 9.9964E-05 9.9964E-05 0.27454 0.059734
0.0608431 9.9964E-05 9.9964E-05 0.606892 9.9964E-05 9.9964E-05 0.244238 0.0876268
0.00250688 0.0721246 9.9973E-05 0.726334 9.9973E-05 9.9973E-05 0.198166 0.000568321
9.9973E-05 9.9973E-05 0.027117 0.74794 0.0567341 0.0763846 0.0915239 9.9973E-05
9.9964E-05 0.230337 9.9964E-05 0.563468 9.9964E-05 9.9964E-05 0.16441 0.0413849
9.9946E-05 9.9946E-05 9.9946E-05 0.72328 9.9946E-05 9.9946E-05 0.276121 9.9946E-05
0.0107655 0.0676622 9.9982E-05 0.535026 0.00695617 9.9982E-05 0.307942 0.071448
0.00855585 0.0733704 9.9982E-05 0.62081 9.9982E-05 0.0530626 0.19073 0.0532712
9.994E-05 9.994E-05 9.994E-05 9.994E-05 9.994E-05 9.994E-05 0.9993 9.994E-05
9.994E-05 9.994E-05 9.994E-05 9.994E-05 9.994E-05 9.994E-05 0.9993 9.994E-05
9.994E-05 9.994E-05 9.994E-05 9.994E-05 9.994E-05 9.994E-05 0.9993 9.994E-05
9.994E-05 9.994E-05 9.994E-05 9.994E-05 9.994E-05 9.994E-05 0.9993 9.994E-05
9.9964E-05 9.9964E-05 0.0526258 0.0352117 9.9964E-05 0.0223652 0.889397 9.9964E-05
9.9964E-05 0.0196014 0.0095319 9.9964E-05 9.9964E-05 9.9964E-05 0.955125 0.015342
0.00327937 0.211255 9.9973E-05 0.500532 9.9973E-05 0.0965254 0.188108 9.9973E-05
0.0307805 0.157072 0.108255 0.289019 0.0849888 0.0453352 0.211305 0.0732445
0.0170593 0.0772331 9.9982E-05 0.71218 0.0126265 9.9982E-05 0.172244 0.00845737
0.00952922 9.9964E-05 0.0268117 0.93168 9.9964E-05 0.031579 9.9964E-05 9.9964E-05
9.9964E-05 9.9964E-05 0.0594205 0.902883 0.011179 0.0261178 9.9964E-05 9.9964E-05
0.0248503 9.9964E-05 9.9964E-05 0.900744 9.9964E-05 0.0502802 0.0237254 9.9964E-05
9.9973E-05 0.0861479 0.0909569 0.760713 0.00313882 9.9973E-05 9.9973E-05 0.0587433
0.0204724 9.9973E-05 0.0716127 0.829869 9.9973E-05 0.042738 9.9973E-05 0.0350081
9.9973E-05 9.9973E-05 0.0188782 0.921115 0.0239358 9.9973E-05 0.0168876 0.0188834
9.9955E-05 0.102343 9.9955E-05 0.846275 9.9955E-05 0.050883 9.9955E-05 9.9955E-05
9.9982E-05 0.203446 0.0203234 0.60441 0.0318969 0.0908905 9.9982E-05 0.0488327
9.9973E-05 0.0961111 0.0354719 0.708862 9.9973E-05 0.0943666 9.9973E-05 0.0648882
9.9955E-05 0.0276356 9.9955E-05 0.96835 9.9955E-05 9.9955E-05 9.9955E-05 0.00351493
9.9982E-05 0.134052 0.00596189 0.766035 0.0258112 0.0209284 0.0470111 9.9982E-05
0.0012413 0.0330252 9.9973E-05 0.931127 9.9973E-05 0.00701844 0.0272877 9.9973E-05
9.9964E-05 9.9964E-05 0.0399115 0.914574 9.9964E-05 0.0239276 0.0211869 9.9964E-05
0.0257183 9.9982E-05 0.0212135 0.807682 0.0798685 0.0500178 9.9982E-05 0.0152998
0.000506575 0.0664866 0.01264 0.802968 0.0542218 0.0210473 9.9991E-05 0.0420295
0.00151787 0.148955 0.00594647 0.609594 0.109277 0.0181638 0.0388536 0.0676919
9.9955E-05 9.9955E-05 0.147547 0.772611 9.9955E-05 9.9955E-05 9.9955E-05 0.0793426
9.9955E-05 0.0191911 9.9955E-05 0.935172 9.9955E-05 9.9955E-05 0.0451375 9.9955E-05
9.9964E-05 0.455831 0.00612629 0.481247 9.9964E-05 9.9964E-05 9.9964E-05 0.0563955
9.9982E-05 0.226669 0.0757932 0.547811 0.00493673 0.102235 9.9982E-05 0.0423543
0.0486331 0.230474 9.9973E-05 0.562628 9.9973E-05 0.102226 9.9973E-05 0.0557392
0.0274526 0.317835 0.0138973 0.548849 0.0210995 0.0706666 9.9982E-05 9.9982E-05
0.0176383 0.797681 9.9991E-05 0.0594561 0.0250334 0.021113 0.0195814 0.0593964
9.999E-05 0.743931 0.0129198 0.0822573 0.0327058 0.0388075 0.0172378 0.0720405
0.017027 0.638927 9.9982E-05 0.179634 0.0375317 9.9982E-05 0.0616899 0.0649909
9.9973E-05 0.96139 9.9973E-05 0.0010767 9.9973E-05 0.0129688 0.00390646 0.020358
9.9973E-05 0.646416 9.9973E-05 0.22641 0.00565285 0.0591047 9.9973E-05 0.0621158
9.9946E-05 0.982634 9.9946E-05 9.9946E-05 9.9946E-05 9.9946E-05 0.0167668 9.9946E-05
9.9946E-05 0.999177 9.9946E-05 9.9946E-05 9.9946E-05 9.9946E-05 0.000223306 9.9946E-05
9.9982E-05 0.558642 0.0093088 0.364468 0.0100232 0.00121291 9.9982E-05 0.0561445
9.9982E-05 0.617445 9.9982E-05 0.174449 0.0540103 0.0700202 0.0622652 0.0216097
0.015211 0.447349 9.9982E-05 0.378867 0.0516099 9.9982E-05 0.0918468 0.0149162
0.00280334 0.747703 9.9982E-05 0.126053 9.9982E-05 0.0386423 0.0592718 0.0253264
9.9973E-05 0.721263 0.0104362 0.203882 9.9973E-05 0.0181148 9.9973E-05 0.0460047
9.9955E-05 0.96661 9.9955E-05 0.00748259 9.9955E-05 9.9955E-05 0.0254072 9.9955E-05
9.9982E-05 0.606887 0.0864885 0.169783 0.0504141 0.032946 0.0532814 9.9982E-05
0.0322261 0.612571 0.0193322 0.180916 0.0816414 0.0144308 0.0587829 9.9991E-05
9.9964E-05 0.668787 9.9964E-05 0.211525 0.0596763 9.9964E-05 9.9964E-05 0.0596121
0.00156379 0.516282 9.9991E-05 0.200818 0.0217191 0.125775 0.076299 0.0574425
0.00109662 0.608752 9.9973E-05 0.258783 0.0372887 0.0937804 9.9973E-05 9.9973E-05
9.9946E-05 0.988678 9.9946E-05 9.9946E-05 9.9946E-05 9.9946E-05 0.0107219 9.9946E-05
9.9982E-05 0.636113 0.0242669 0.198825 9.9982E-05 0.0690833 0.0579502 0.0135622
9.999E-05 0.54092 0.061457 0.23912 0.0575705 0.0851583 0.007794 0.00788026
0.00684457 0.920483 9.9973E-05 0.0474618 0.0118381 9.9973E-05 0.0130726 9.9973E-05
0.0349609 0.743566 0.0181357 0.0445673 0.0133194 0.0455796 0.00547685 0.0943945
0.00401366 0.833044 0.0834973 9.9982E-05 0.0071151 0.00999631 9.9982E-05 0.0621336
9.9964E-05 0.827276 9.9964E-05 0.147972 9.9964E-05 0.0229496 0.00140203 9.9964E-05
9.9955E-05 0.895218 0.0749171 9.9955E-05 9.9955E-05 9.9955E-05 9.9955E-05 0.0293655
0.0214184 0.977982 9.9946E-05 9.9946E-05 9.9946E-05 9.9946E-05 9.9946E-05 9.9946E-05
0.0518496 0.806018 0.108 9.9973E-05 9.9973E-05 9.9973E-05 0.00595581 0.0278767
9.9982E-05 0.622571 0.0183447 0.294792 0.00357543 0.034795 9.9982E-05 0.0257228
9.9964E-05 0.932548 0.035111 9.9964E-05 0.000295273 9.9964E-05 9.9964E-05 0.0316455
0.0246954 0.792594 9.9973E-05 0.0799401 9.9973E-05 9.9973E-05 0.0658972 0.0365729
0.0467657 0.746512 0.0403389 0.0316705 0.0460499 0.04643 9.9991E-05 0.0421326
9.9955E-05 0.901593 9.9955E-05 9.9955E-05 9.9955E-05 0.00806815 0.0898388 9.9955E-05
9.9955E-05 0.930104 9.9955E-05 9.9955E-05 9.9955E-05 0.0229512 0.0464455 9.9955E-05
9.9973E-05 0.8589 0.02039 9.9973E-05 0.0482103 9.9973E-05 0.0522372 0.0199629
9.9955E-05 0.91547 0.00332368 9.9955E-05 9.9955E-05 0.0807068 9.9955E-05 9.9955E-05
0.00810673 0.98491 0.00648314 9.9955E-05 9.9955E-05 9.9955E-05 9.9955E-05 9.9955E-05
0.0940217 0.793423 0.0921269 9.9964E-05 9.9964E-05 9.9964E-05 0.0200282 9.9964E-05
0.097106 0.607632 0.0735494 0.0567356 0.0766176 0.0652883 9.9991E-05 0.0229709
0.132668 0.744693 0.0655127 9.9982E-05 0.0334971 0.017341 9.9982E-05 0.00608872
0.014539 0.740933 0.0575823 9.9982E-05 0.0787676 0.0712647 9.9982E-05 0.0367131
0.10769 0.759806 0.0760753 9.9973E-05 0.0275585 0.0285696 9.9973E-05 9.9973E-05
0.0783424 0.775725 0.0465385 9.9982E-05 0.0361015 0.0134332 9.9982E-05 0.0496594
0.129696 0.597153 9.9973E-05 0.1532 0.0884977 0.0311536 9.9973E-05 9.9973E-05
0.21463 0.532622 0.0337828 0.0169607 0.0461715 0.0483092 0.02567 0.0818542
0.166757 0.576532 0.0502882 0.0249467 0.0590052 0.0344049 0.0152928 0.0727728
0.0852024 0.48686 0.00613415 0.150873 0.123842 0.0357297 0.0356613 0.0756975
0.0986938 0.64723 9.9982E-05 0.0650668 0.12005 0.0589101 0.00984875 9.9982E-05
0.109458 0.616319 0.0725122 0.00427528 0.121009 0.0519237 9.9991E-05 0.0244029
0.131091 0.424562 0.011885 0.0771818 0.117153 0.130836 0.018614 0.0886774
0.103066 0.526803 0.195887 0.0524268 0.0428365 9.9991E-05 0.0355495 0.0433306
0.0568452 0.57707 0.185089 0.0330807 0.0836611 9.9991E-05 0.0285084 0.0356451
0.220251 0.338981 0.0418534 0.0525538 0.0668382 0.200024 9.9991E-05 0.0793992
0.94463 0.0249176 9.9964E-05 9.9964E-05 0.0236973 9.9964E-05 9.9964E-05 0.00635518
0.953578 0.0141822 0.00627628 0.000233279 0.0254305 9.9973E-05 9.9973E-05 9.9973E-05
0.850481 0.0783383 0.0206195 0.0212806 9.9973E-05 9.9973E-05 9.9973E-05 0.0289803
0.9993 9.994E-05 9.994E-05 9.994E-05 9.994E-05 9.994E-05 9.994E-05 9.994E-05
0.9993 9.994E-05 9.994E-05 9.994E-05 9.994E-05 9.994E-05 9.994E-05 9.994E-05
0.9993 9.994E-05 9.994E-05 9.994E-05 9.994E-05 9.994E-05 9.994E-05 9.994E-05
0.974516 9.9955E-05 0.022284 9.9955E-05 9.9955E-05 0.00270021 9.9955E-05 9.9955E-05
0.866129 9.9982E-05 9.9982E-05 0.0789576 0.0053871 0.0127701 0.00645945 0.030097
0.9993 9.994E-05 9.994E-05 9.994E-05 9.994E-05 9.994E-05 9.994E-05 9.994E-05
0.9993 9.994E-05 9.994E-05 9.994E-05 9.994E-05 9.994E-05 9.994E-05 9.994E-05
0.08882 0.219771 0.113651 0.117097 0.239986 0.144754 9.9991E-05 0.0758223
0.892433 0.101706 9.9955E-05 9.9955E-05 9.9955E-05 9.9955E-05 9.9955E-05 0.00536186
0.9993 9.994E-05 9.994E-05 9.994E-05 9.994E-05 9.994E-05 9.994E-05 9.994E-05
0.9993 9.994E-05 9.994E-05 9.994E-05 9.994E-05 9.994E-05 9.994E-05 9.994E-05
0.104098 0.380651 0.0949267 9.9982E-05 0.236319 0.10266 9.9982E-05 0.0811443
0.123552 0.423066 0.0700904 0.00767489 0.237546 0.0772439 9.9991E-05 0.0607268
0.106163 0.458213 0.0982037 0.00110324 0.210079 0.0904728 0.00616013 0.0296044
0.165393 0.427956 0.0629273 9.9982E-05 0.20251 0.0873867 9.9982E-05 0.0536271
0.120609 0.387576 0.0983207 0.00944917 0.251742 0.0888869 9.9991E-05 0.0433172
0.0903418 0.250601 0.192002 0.198296 0.197076 0.070754 9.9991E-05 0.000829858
0.158396 0.502492 0.118885 0.0152643 0.144392 0.014629 0.0167755 0.0291653
0.121154 0.50625 0.118214 9.9973E-05 0.219477 0.0346042 9.9973E-05 9.9973E-05
0.222616 0.370248 0.119856 0.0138422 0.139663 0.0599848 9.9991E-05 0.0736903
0.210561 0.407039 0.129024 9.9982E-05 0.132868 0.043428 9.9982E-05 0.0768805
0.106679 0.424404 0.0854659 0.0678757 0.148652 0.0980236 9.9991E-05 0.0688003
0.192626 0.443331 0.168735 0.00461154 0.081886 0.0785841 9.9991E-05 0.0301272
0.10562 0.481291 0.074384 9.9991E-05 0.159845 0.103208 0.000380363 0.0751712
0.144847 0.44744 0.0470746 0.024354 0.192893 0.0957831 9.9991E-05 0.0475078
9.994E-05 9.994E-05 9.994E-05 9.994E-05 9.994E-05 9.994E-05 9.994E-05 0.9993
0.17993 0.438311 0.0705682 9.9982E-05 0.171481 0.0567389 9.9982E-05 0.0827712
9.994E-05 9.994E-05 9.994E-05 9.994E-05 9.994E-05 9.994E-05 9.994E-05 0.9993
9.994E-05 9.994E-05 9.994E-05 9.994E-05 9.994E-05 9.994E-05 9.994E-05 0.9993
9.99461E-05 9.99461E-05 0.0513429 9.99461E-05 9.99461E-05 9.99461E-05 9.99461E-05 0.948057
0.028951 0.125502 0.000232549 0.0365751 0.0125234 0.026539 0.00216071 0.767516
9.994E-05 9.994E-05 9.994E-05 9.994E-05 9.994E-05 9.994E-05 9.994E-05 0.9993
9.9964E-05 0.0754289 0.0453011 9.9964E-05 0.0232208 9.9964E-05 9.9964E-05 0.855649
9.9946E-05 9.9946E-05 0.0117912 9.9946E-05 9.9946E-05 9.9946E-05 9.9946E-05 0.987609
0.00840502 0.00323555 9.9982E-05 9.9982E-05 0.026839 0.000590698 0.00385208 0.956878
9.994E-05 9.994E-05 9.994E-05 9.994E-05 9.994E-05 9.994E-05 9.994E-05 0.9993
9.9955E-05 0.0159484 9.9955E-05 9.9955E-05 0.0167142 9.9955E-05 9.9955E-05 0.966838
0.00359515 9.9955E-05 9.9955E-05 9.9955E-05 0.0202692 9.9955E-05 9.9955E-05 0.975636
0.0516426 9.9964E-05 9.9964E-05 9.9964E-05 0.0417161 0.0756828 9.9964E-05 0.830559
9.9982E-05 0.0132163 0.0172098 0.00130314 9.9982E-05 0.0177061 0.0152926 0.935072
0.0398181 0.0974932 9.9955E-05 9.9955E-05 9.9955E-05 9.9955E-05 9.9955E-05 0.862189
9.9973E-05 0.0111836 0.0286308 9.9973E-05 0.0117228 0.0504594 9.9973E-05 0.897703
0.00986867 9.9973E-05 0.0221251 9.9973E-05 9.9973E-05 0.0486468 0.0370722 0.881987
9.9982E-05 0.00235987 0.0175001 9.9982E-05 0.0124112 0.021232 0.00273219 0.943565
9.9964E-05 9.9964E-05 9.9964E-05 0.0318972 0.928278 0.00585214 9.9964E-05 0.0335732
0.0127547 9.9973E-05 0.0550952 9.9973E-05 0.888327 0.0302666 0.0132561 9.9973E-05
9.994E-05 9.994E-05 9.994E-05 9.994E-05 0.9993 9.994E-05 9.994E-05 9.994E-05
9.9946E-05 9.9946E-05 9.9946E-05 9.9946E-05 0.968494 0.0309062 9.9946E-05 9.9946E-05
9.994E-05 9.994E-05 9.994E-05 9.994E-05 0.9993 9.994E-05 9.994E-05 9.994E-05
9.994E-05 9.994E-05 9.994E-05 9.994E-05 0.9993 9.994E-05 9.994E-05 9.994E-05
9.9955E-05 0.0398708 9.9955E-05 0.017414 0.942215 9.9955E-05 9.9955E-05 9.9955E-05
9.9964E-05 0.0636468 0.13822 9.9964E-05 0.771151 9.9964E-05 0.0265827 9.9964E-05
9.9946E-05 9.9946E-05 9.9946E-05 9.9946E-05 0.953791 9.9946E-05 9.9946E-05 0.0456088
9.9946E-05 9.9946E-05 9.9946E-05 9.9946E-05 0.993515 9.9946E-05 9.9946E-05 0.00588488
0.0295953 9.9964E-05 0.0958309 9.9964E-05 0.868381 9.9964E-05 0.00579304 9.9964E-05
9.994E-05 9.994E-05 9.994E-05 9.994E-05 0.9993 9.994E-05 9.994E-05 9.994E-05
0.00127287 0.118176 0.0471593 9.9973E-05 0.77039 9.9973E-05 9.9973E-05 0.0627027
0.0915974 0.371019 0.125496 9.9991E-05 0.0331232 0.297492 0.0339133 0.0472595
0.0988827 0.383071 0.157059 9.9991E-05 0.0376314 0.264593 0.0227793 0.0358829
0.0858495 0.422884 0.154671 9.9991E-05 0.0373116 0.220372 0.0266907 0.0521214
0.062701 0.422865 0.124428 9.9982E-05 9.9982E-05 0.281081 0.0497125 0.0590127
9.99713E-05 9.99713E-05 0.962336 0.0152456 0.0133434 9.99713E-05 0.00867466 9.99713E-05
9.994E-05 9.994E-05 0.9993 9.994E-05 9.994E-05 9.994E-05 9.994E-05 9.994E-05
9.9955E-05 9.9955E-05 0.991178 0.00264545 9.9955E-05 0.0056772 9.9955E-05 9.9955E-05
9.994E-05 9.994E-05 0.9993 9.994E-05 9.994E-05 9.994E-05 9.994E-05 9.994E-05
9.9964E-05 9.9964E-05 0.93543 9.9964E-05 0.0203293 0.00340408 9.9964E-05 0.0404368
0.0140893 9.9973E-05 0.906565 0.0181478 9.9973E-05 0.0446273 9.9973E-05 0.0162703
9.9964E-05 0.0312523 0.906788 9.9964E-05 9.9964E-05 0.0601791 0.00138094 9.9964E-05
9.9991E-05 0.123152 0.711574 0.0735026 0.00157002 0.0274573 0.0157848 0.0468594
9.9991E-05 0.0351123 0.855576 0.086132 0.00245757 0.0113132 0.00707201 0.00223721
9.9964E-05 0.0427238 9.9964E-05 0.00796333 9.9964E-05 0.936132 0.0127811 9.9964E-05
9.9955E-05 9.9955E-05 0.00433533 0.00423815 9.9955E-05 0.990927 9.9955E-05 9.9955E-05
9.994E-05 9.994E-05 9.994E-05 9.994E-05 9.994E-05 0.9993 9.994E-05 9.994E-05
9.994E-05 9.994E-05 9.994E-05 9.994E-05 9.994E-05 0.9993 9.994E-05 9.994E-05
9.994E-05 9.994E-05 9.994E-05 9.994E-05 9.994E-05 0.9993 9.994E-05 9.994E-05
9.9982E-05 0.0531874 0.0199342 0.0129364 9.9982E-05 0.875182 0.0216941 0.0168658
9.994E-05 9.994E-05 9.994E-05 9.994E-05 9.994E-05 0.9993 9.994E-05 9.994E-05
9.994E-05 9.994E-05 9.994E-05 9.994E-05 9.994E-05 0.9993 9.994E-05 9.994E-05
9.994E-05 9.994E-05 9.994E-05 9.994E-05 9.994E-05 0.9993 9.994E-05 9.994E-05
0.0110788 0.0210278 9.9973E-05 9.9973E-05 0.00184974 0.951956 9.9973E-05 0.0137879
9.9946E-05 9.9946E-05 9.9946E-05 9.9946E-05 0.00172975 0.997671 9.9946E-05 9.9946E-05
9.9946E-05 9.9946E-05 0.0308908 9.9946E-05 9.9946E-05 0.96851 9.9946E-05 9.9946E-05
