9.994E-05 9.994E-05 9.994E-05 9.994E-05 9.994E-05 9.994E-05 0.9993 9.994E-05
0.0850576 9.9973E-05 0.061153 9.9973E-05 0.599167 9.9973E-05 0.252708 0.00161477
0.0408226 9.9964E-05 0.105188 9.9964E-05 0.600265 9.9964E-05 0.253324 9.9964E-05
9.9964E-05 9.9964E-05 0.00901388 9.9964E-05 0.638676 0.125362 0.226548 9.9964E-05
9.9973E-05 0.0464147 9.9973E-05 9.9973E-05 0.675248 0.0610247 0.148038 0.0689742
0.0261977 0.0261463 0.0232773 9.9982E-05 0.622387 0.153837 0.147955 9.9982E-05
9.9946E-05 9.9946E-05 9.9946E-05 9.9946E-05 0.752752 9.9946E-05 0.246648 9.9946E-05
0.0298105 9.9973E-05 0.0546605 9.9973E-05 0.519709 0.113256 0.282264 9.9973E-05
0.0284199 9.9973E-05 0.0744269 9.9973E-05 0.70587 9.9973E-05 0.175887 0.0150958
9.994E-05 9.994E-05 9.994E-05 9.994E-05 9.994E-05 9.994E-05 0.9993 9.994E-05
9.994E-05 9.994E-05 9.994E-05 9.994E-05 9.994E-05 9.994E-05 0.9993 9.994E-05
9.994E-05 9.994E-05 9.994E-05 9.994E-05 9.994E-05 9.994E-05 0.9993 9.994E-05
9.994E-05 9.994E-05 9.994E-05 9.994E-05 9.994E-05 9.994E-05 0.9993 9.994E-05
9.9955E-05 0.0487569 9.9955E-05 9.9955E-05 9.9955E-05 9.9955E-05 0.947026 0.00371738
9.9955E-05 9.9955E-05 0.00405329 9.9955E-05 9.9955E-05 0.0371821 0.958265 9.9955E-05
9.9973E-05 9.9973E-05 0.00799362 9.9973E-05 0.464802 0.300962 0.208626 0.0173162
0.0439319 0.0156384 0.16116 0.0352081 0.36191 0.126359 0.20757 0.0482225
9.9964E-05 9.9964E-05 0.0167511 9.9964E-05 0.667866 0.11852 0.196463 9.9964E-05
9.9964E-05 0.0335408 9.9964E-05 9.9964E-05 0.893767 0.0388281 9.9964E-05 0.0334643
9.9964E-05 0.0605641 9.9964E-05 0.0203093 0.911884 9.9964E-05 9.9964E-05 0.00684297
0.0243452 9.9964E-05 9.9964E-05 9.9964E-05 0.889631 9.9964E-05 0.0202348 0.0653893
0.00682173 0.0826886 0.0592358 0.0332978 0.747834 0.0699225 9.9982E-05 9.9982E-05
9.9973E-05 0.0977983 0.0372004 0.00261716 0.856082 0.00600258 9.9973E-05 9.9973E-05
9.9955E-05 0.0339823 9.9955E-05 0.00427404 0.961244 9.9955E-05 9.9955E-05 9.9955E-05
0.00108586 9.9973E-05 9.9973E-05 0.0235821 0.919331 0.0304583 9.9973E-05 0.0252431
9.9982E-05 0.0013476 9.9982E-05 0.081401 0.624485 0.243419 0.0126897 0.036458
0.0105247 0.00396585 0.0542608 9.9982E-05 0.685177 0.169067 9.9982E-05 0.0768054
9.9955E-05 9.9955E-05 0.0155607 0.0202497 0.96369 9.9955E-05 9.9955E-05 9.9955E-05
9.999E-05 0.0195367 0.0413858 0.0222316 0.778562 0.104531 0.0198678 0.0137855
9.9964E-05 9.9964E-05 9.9964E-05 9.9964E-05 0.905987 0.0626267 0.025301 0.00568576
0.00658506 0.0224246 9.9973E-05 9.9973E-05 0.91741 9.9973E-05 0.0317374 0.021543
0.00888754 0.00547225 0.0151131 0.0644795 0.816619 0.00964493 9.9991E-05 0.0796835
0.0297874 0.0132522 0.0514251 0.0242185 0.779889 0.0624771 9.9991E-05 0.038851
9.9982E-05 0.00895754 0.072868 0.152321 0.640883 0.0864433 0.038328 9.9982E-05
9.9964E-05 0.153802 0.00233983 0.0257326 0.817725 9.9964E-05 9.9964E-05 9.9964E-05
9.9964E-05 0.000472301 9.9964E-05 9.9964E-05 0.911886 0.0459952 0.0412463 9.9964E-05
9.9964E-05 0.0358424 0.00883936 9.9964E-05 0.48668 0.468239 9.9964E-05 9.9964E-05
0.0142513 0.0665369 0.0178846 0.0202862 0.563556 0.241068 9.9991E-05 0.0763163
0.0881897 0.00184567 0.073481 9.9991E-05 0.513979 0.247917 0.0212225 0.0532652
0.0152771 0.023696 9.9982E-05 0.0622942 0.559118 0.297068 9.9982E-05 0.0423464
9.9955E-05 9.9955E-05 0.0158304 0.0270637 9.9955E-05 0.956606 9.9955E-05 9.9955E-05
0.0106586 0.021954 9.9955E-05 9.9955E-05 9.9955E-05 0.966888 9.9955E-05 9.9955E-05
0.00804021 9.9982E-05 0.0641222 0.0452262 0.136114 0.682484 0.063814 9.9982E-05
0.00488937 9.9964E-05 0.00623429 9.9964E-05 9.9964E-05 0.984157 9.9964E-05 0.00431913
9.9973E-05 9.9973E-05 0.05015 0.0144859 0.168847 0.687218 9.9973E-05 0.0789999
9.9946E-05 9.9946E-05 9.9946E-05 9.9946E-05 9.9946E-05 0.986508 9.9946E-05 0.0128927
9.994E-05 9.994E-05 9.994E-05 9.994E-05 9.994E-05 0.9993 9.994E-05 9.994E-05
9.9982E-05 0.0348289 0.0470581 0.0229392 0.324839 0.544464 9.9982E-05 0.0256707
9.9982E-05 9.9982E-05 0.0461152 0.0671586 0.128989 0.62691 0.0638472 0.0667792
0.0383167 9.9991E-05 0.016439 0.0437797 0.364778 0.438883 0.088419 0.00928446
0.0101045 9.9982E-05 0.0322995 9.9982E-05 0.184352 0.677405 0.0306414 0.0649969
9.9982E-05 0.0120013 0.0318709 9.9982E-05 0.160746 0.767852 0.0106013 0.0167283
9.9973E-05 9.9973E-05 0.0385825 9.9973E-05 0.0615749 0.855642 0.0381709 0.00572998
9.999E-05 0.0684168 0.00257408 0.0215182 0.252302 0.581524 0.0508014 0.0227631
0.0710389 0.0509449 9.9991E-05 0.107681 0.2244 0.451891 0.0556311 0.0383131
0.023185 9.9973E-05 0.0745375 0.0433476 0.144613 0.714017 9.9973E-05 9.9973E-05
0.00407563 0.00856209 0.0942978 0.0549053 0.149922 0.546655 0.0665499 0.0750324
0.0410776 9.9973E-05 9.9973E-05 0.0176831 0.156821 0.672884 9.9973E-05 0.111235
9.99461E-05 9.99461E-05 0.0198815 9.99461E-05 9.99461E-05 0.979519 9.99461E-05 9.99461E-05
9.9973E-05 9.9973E-05 0.0488407 9.9973E-05 0.196161 0.66329 0.0296723 0.0617359
9.9973E-05 0.0261505 9.9973E-05 0.0635549 0.200472 0.609722 9.9973E-05 0.0998005
0.0174691 9.9964E-05 9.9964E-05 0.130571 9.9964E-05 0.846459 0.00510105 9.9964E-05
0.0432185 9.9982E-05 0.0502989 9.9982E-05 0.128526 0.738908 0.0178492 0.021
0.00278136 0.0544384 0.0455063 9.9964E-05 9.9964E-05 0.896874 9.9964E-05 9.9964E-05
9.9973E-05 9.9973E-05 9.9973E-05 0.0218465 0.062277 0.903586 0.00652694 0.0054639
9.9955E-05 0.0279545 0.0259413 9.9955E-05 9.9955E-05 0.945604 9.9955E-05 9.9955E-05
0.0362935 9.9946E-05 9.9946E-05 9.9946E-05 9.9946E-05 0.963107 9.9946E-05 9.9946E-05
9.99551E-05 0.0742939 0.0189063 9.99551E-05 9.99551E-05 0.9063 9.99551E-05 9.99551E-05
9.9964E-05 9.9964E-05 0.0237075 9.9964E-05 0.27278 0.667485 9.9964E-05 0.0356279
9.9964E-05 0.00452614 0.018321 0.0435946 9.9964E-05 0.933158 9.9964E-05 9.9964E-05
0.0505892 9.9982E-05 0.0684996 0.010352 0.0818903 0.743991 0.0444778 9.9982E-05
0.0452604 9.9982E-05 0.0257984 0.0157403 0.0743397 0.815287 9.9982E-05 0.023374
9.9955E-05 9.9955E-05 9.9955E-05 9.9955E-05 9.9955E-05 0.913012 0.0781066 0.0083814
9.9955E-05 9.9955E-05 9.9955E-05 9.9955E-05 9.9955E-05 0.879963 0.0716371 0.0478997
9.9982E-05 0.027774 0.00390675 0.066797 9.9982E-05 0.844408 0.0458202 0.0110941
9.9955E-05 9.9955E-05 9.9955E-05 9.9955E-05 9.9955E-05 0.892248 0.0232138 0.0840381
9.9946E-05 9.9946E-05 0.0221876 9.9946E-05 9.9946E-05 0.977213 9.9946E-05 9.9946E-05
0.0890897 0.134219 9.9973E-05 0.00963432 9.9973E-05 0.733607 0.0331501 9.9973E-05
0.0973792 0.105944 9.9982E-05 0.0993011 0.0330072 0.602363 9.9982E-05 0.061805
0.124892 0.113552 9.9973E-05 0.0357881 9.9973E-05 0.666096 9.9973E-05 0.0593716
0.0696871 0.083902 0.0271271 0.0838972 9.9982E-05 0.699939 9.9982E-05 0.0352475
0.124858 0.0590257 9.9973E-05 0.0683788 9.9973E-05 0.709425 9.9973E-05 0.0380126
0.122305 0.129386 0.0141174 0.0423101 9.9982E-05 0.652894 9.9982E-05 0.038787
0.129756 0.0272565 9.9982E-05 0.147877 0.100891 0.483235 9.9982E-05 0.110785
0.174582 0.034943 0.0195286 0.0840658 0.0350294 0.625589 9.9991E-05 0.0261623
0.165934 0.0408363 0.11146 0.058585 0.0538727 0.55356 0.0058494 0.00990202
0.084376 0.0239944 0.065898 0.0890244 0.175219 0.471833 0.0535209 0.0361346
0.13783 9.9982E-05 9.9982E-05 0.136202 0.12389 0.491513 0.00359676 0.106769
0.0969161 0.122574 0.0658822 0.0943324 0.0788615 0.524122 9.9991E-05 0.0172113
0.100784 0.000250077 0.0976906 0.181788 0.0376144 0.430823 0.00104224 0.150007
0.0852067 0.212358 0.0392896 0.0126468 0.0017713 0.617717 0.0309107 9.9991E-05
0.0724266 0.200435 0.0435991 0.041348 0.0026795 0.609176 0.0302365 9.9991E-05
0.212773 9.9991E-05 0.108599 0.0972231 0.0327308 0.317404 0.0130914 0.218078
0.99768 9.9946E-05 0.00172044 9.9946E-05 9.9946E-05 9.9946E-05 9.9946E-05 9.9946E-05
0.929677 0.0298631 0.00546301 9.9973E-05 9.9973E-05 0.0244879 0.0102094 9.9973E-05
0.859636 0.0380736 9.9973E-05 0.00555079 0.0703298 9.9973E-05 9.9973E-05 0.0261096
0.9993 9.994E-05 9.994E-05 9.994E-05 9.994E-05 9.994E-05 9.994E-05 9.994E-05
0.9993 9.994E-05 9.994E-05 9.994E-05 9.994E-05 9.994E-05 9.994E-05 9.994E-05
0.9993 9.994E-05 9.994E-05 9.994E-05 9.994E-05 9.994E-05 9.994E-05 9.994E-05
0.996315 9.9946E-05 9.9946E-05 9.9946E-05 9.9946E-05 9.9946E-05 9.9946E-05 0.00308566
0.921989 0.0132075 0.00397162 0.0164629 0.044069 9.9973E-05 9.9973E-05 9.9973E-05
0.9993 9.994E-05 9.994E-05 9.994E-05 9.994E-05 9.994E-05 9.994E-05 9.994E-05
0.9993 9.994E-05 9.994E-05 9.994E-05 9.994E-05 9.994E-05 9.994E-05 9.994E-05
0.139258 0.0830538 0.0717151 0.262667 0.071128 0.277461 9.9991E-05 0.094617
0.872564 0.0364085 9.9973E-05 9.9973E-05 9.9973E-05 0.0414054 0.000634267 0.0486875
0.9993 9.994E-05 9.994E-05 9.994E-05 9.994E-05 9.994E-05 9.994E-05 9.994E-05
0.982365 0.00551918 0.000438339 0.0079425 9.9973E-05 9.9973E-05 9.9973E-05 0.00343545
0.10886 0.0816653 0.0307288 0.20865 9.9982E-05 0.450339 9.9982E-05 0.119557
0.0920345 0.089973 0.0576068 0.203185 0.0775193 0.400994 9.9991E-05 0.0785866
0.103491 0.128815 0.0377118 0.16062 0.0305085 0.450891 9.9991E-05 0.0878628
0.149634 0.119551 0.0366025 0.184115 0.0180086 0.412303 9.9991E-05 0.0796857
0.131065 0.11792 0.0493176 0.232286 0.00447596 0.418868 9.9991E-05 0.0459665
0.105378 0.173867 0.00542992 0.158813 0.179138 0.338634 9.9991E-05 0.0386394
0.131935 0.158394 0.0592318 0.134641 0.0621841 0.379329 9.9991E-05 0.0741845
0.116716 0.158337 9.9982E-05 0.203149 0.0336091 0.444592 9.9982E-05 0.0433968
0.206188 0.154077 0.0894794 0.132277 9.9982E-05 0.335189 9.9982E-05 0.0825896
0.210026 0.143544 0.0780434 0.163523 9.9982E-05 0.344711 9.9982E-05 0.0599534
0.0977035 0.121616 0.0395602 0.140979 0.0908876 0.442894 9.9991E-05 0.0662596
0.175727 0.17305 0.029038 0.0875463 0.031115 0.454962 9.9991E-05 0.0484619
0.0585603 0.122256 0.0467371 0.14861 9.9991E-05 0.489641 0.0214341 0.112661
0.126687 0.0676425 0.0726465 0.20086 0.016415 0.461427 9.9991E-05 0.0542223
0.00569741 0.0398742 0.0129545 0.935196 0.00597764 9.9973E-05 9.9973E-05 9.9973E-05
9.9982E-05 0.0351552 0.000263463 0.869553 0.0335325 9.9982E-05 0.00497072 0.0563248
9.994E-05 9.994E-05 9.994E-05 0.9993 9.994E-05 9.994E-05 9.994E-05 9.994E-05
9.9946E-05 9.9946E-05 9.9946E-05 0.975793 9.9946E-05 9.9946E-05 9.9946E-05 0.0236074
9.994E-05 9.994E-05 9.994E-05 0.9993 9.994E-05 9.994E-05 9.994E-05 9.994E-05
0.00507066 9.9955E-05 9.9955E-05 0.985206 9.9955E-05 9.9955E-05 0.00922395 9.9955E-05
9.994E-05 9.994E-05 9.994E-05 0.9993 9.994E-05 9.994E-05 9.994E-05 9.994E-05
9.9964E-05 0.111593 9.9964E-05 0.715841 9.9964E-05 0.128438 0.0437269 9.9964E-05
9.994E-05 9.994E-05 9.994E-05 0.9993 9.994E-05 9.994E-05 9.994E-05 9.994E-05
9.994E-05 9.994E-05 9.994E-05 0.9993 9.994E-05 9.994E-05 9.994E-05 9.994E-05
0.0305475 0.0937801 9.9964E-05 0.824509 9.9964E-05 9.9964E-05 0.0507632 9.9964E-05
9.994E-05 9.994E-05 9.994E-05 0.9993 9.994E-05 9.994E-05 9.994E-05 9.994E-05
9.9964E-05 0.0700048 0.0600182 0.7419 9.9964E-05 0.127677 9.9964E-05 9.9964E-05
9.994E-05 9.994E-05 0.9993 9.994E-05 9.994E-05 9.994E-05 9.994E-05 9.994E-05
0.177699 0.0614 0.0910497 0.170122 9.9982E-05 0.444347 9.9982E-05 0.0551824
9.994E-05 9.994E-05 0.9993 9.994E-05 9.994E-05 9.994E-05 9.994E-05 9.994E-05
9.994E-05 9.994E-05 0.9993 9.994E-05 9.994E-05 9.994E-05 9.994E-05 9.994E-05
9.99461E-05 0.0708999 0.9285 9.99461E-05 9.99461E-05 9.99461E-05 9.99461E-05 9.99461E-05
9.9973E-05 9.9973E-05 0.779532 0.0315096 0.0272469 0.134932 9.9973E-05 0.0264798
9.994E-05 9.994E-05 0.9993 9.994E-05 9.994E-05 9.994E-05 9.994E-05 9.994E-05
9.9973E-05 0.0126428 0.849958 0.0534277 9.9973E-05 0.0822372 0.00143484 9.9973E-05
0.0163692 0.0056391 0.962812 9.9973E-05 0.00208308 9.9973E-05 9.9973E-05 0.0127969
9.9955E-05 9.9955E-05 0.97179 0.0175683 0.0101419 9.9955E-05 9.9955E-05 9.9955E-05
9.9946E-05 9.9946E-05 0.989436 9.9946E-05 9.9946E-05 9.9946E-05 0.00996386 9.9946E-05
9.9955E-05 0.000294862 0.997033 0.00217277 9.9955E-05 9.9955E-05 9.9955E-05 9.9955E-05
9.99604E-05 9.99604E-05 0.971339 0.0171376 0.0110233 9.99604E-05 9.99604E-05 9.99604E-05
0.0407304 9.9973E-05 0.842473 0.0477312 9.9973E-05 0.00705994 9.9973E-05 0.0617053
9.9955E-05 9.9955E-05 0.934129 9.9955E-05 9.9955E-05 0.0393715 0.0259995 9.9955E-05
0.0279683 0.0103427 0.902779 0.0167673 9.9973E-05 0.0418433 9.9973E-05 9.9973E-05
9.9973E-05 0.0224873 0.890752 0.0122866 9.9973E-05 0.0325764 9.9973E-05 0.0415974
0.0136655 0.0797632 0.884298 9.9973E-05 9.9973E-05 9.9973E-05 0.00796203 0.0140115
0.0180739 9.9955E-05 0.94947 0.0319559 9.9955E-05 9.9955E-05 9.9955E-05 9.9955E-05
0.0752463 0.147144 0.0368144 0.0534243 9.9991E-05 0.35844 0.0289008 0.29993
0.0581278 0.107509 0.0380842 0.088098 0.0318461 0.383173 0.0307828 0.26238
0.114239 0.150543 0.0688501 0.0309287 9.9991E-05 0.362511 0.0310846 0.241744
0.101994 0.130228 0.0786504 0.00898983 9.9991E-05 0.39363 0.0464266 0.239982
9.9973E-05 0.960889 0.010781 0.00816223 0.0194435 9.9973E-05 0.000423956 9.9973E-05
9.994E-05 0.9993 9.994E-05 9.994E-05 9.994E-05 9.994E-05 9.994E-05 9.994E-05
9.9946E-05 0.98946 9.9946E-05 9.9946E-05 9.9946E-05 9.9946E-05 9.9946E-05 0.00994063
9.994E-05 0.9993 9.994E-05 9.994E-05 9.994E-05 9.994E-05 9.994E-05 9.994E-05
9.994E-05 0.9993 9.994E-05 9.994E-05 9.994E-05 9.994E-05 9.994E-05 9.994E-05
9.9964E-05 0.976785 0.002706 9.9964E-05 9.9964E-05 0.00116739 9.9964E-05 0.0189415
0.000488893 0.979234 9.9964E-05 9.9964E-05 9.9964E-05 0.0127285 9.9964E-05 0.0071492
0.0172633 0.760373 9.9991E-05 0.0702946 0.0634501 0.00506006 0.0313642 0.0520948
0.00817664 0.846906 0.0190745 9.9982E-05 0.0443855 0.0741163 9.9982E-05 0.00714133
9.9955E-05 9.9955E-05 0.00589577 0.0232273 9.9955E-05 9.9955E-05 9.9955E-05 0.970377
9.994E-05 9.994E-05 9.994E-05 9.994E-05 9.994E-05 9.994E-05 9.994E-05 0.9993
9.994E-05 9.994E-05 9.994E-05 9.994E-05 9.994E-05 9.994E-05 9.994E-05 0.9993
9.994E-05 9.994E-05 9.994E-05 9.994E-05 9.994E-05 9.994E-05 9.994E-05 0.9993
9.994E-05 9.994E-05 9.994E-05 9.994E-05 9.994E-05 9.994E-05 9.994E-05 0.9993
9.9973E-05 0.0317855 9.9973E-05 9.9973E-05 0.0138911 0.0681753 0.0115292 0.874319
9.994E-05 9.994E-05 9.994E-05 9.994E-05 9.994E-05 9.994E-05 9.994E-05 0.9993
9.994E-05 9.994E-05 9.994E-05 9.994E-05 9.994E-05 9.994E-05 9.994E-05 0.9993
9.994E-05 9.994E-05 9.994E-05 9.994E-05 9.994E-05 9.994E-05 9.994E-05 0.9993
9.9964E-05 9.9964E-05 0.00662254 0.0393422 9.9964E-05 0.0161846 9.9964E-05 0.937451
9.994E-05 9.994E-05 9.994E-05 9.994E-05 9.994E-05 9.994E-05 9.994E-05 0.9993
9.9955E-05 0.00527327 9.9955E-05 0.00384585 9.9955E-05 9.9955E-05 9.9955E-05 0.990381
