9.994E-05 9.994E-05 9.994E-05 0.9993 9.994E-05 9.994E-05 9.994E-05 9.994E-05
9.9973E-05 0.0681072 0.0096979 0.284548 0.529703 0.107643 9.9973E-05 9.9973E-05
9.9964E-05 0.0729549 9.9964E-05 0.277299 0.569321 0.0800255 9.9964E-05 9.9964E-05
9.99461E-05 9.99461E-05 9.99461E-05 0.210749 0.788651 9.99461E-05 9.99461E-05 9.99461E-05
0.0806818 9.9973E-05 0.0279243 0.107213 0.76207 9.9973E-05 9.9973E-05 0.0218107
9.9964E-05 0.025941 9.9964E-05 0.172944 0.683172 9.9964E-05 0.117543 9.9964E-05
9.9946E-05 9.9946E-05 9.9946E-05 0.260137 0.739263 9.9946E-05 9.9946E-05 9.9946E-05
0.0181063 0.0502807 9.9982E-05 0.284124 0.613288 0.0314619 0.0025394 9.9982E-05
9.9973E-05 0.0446345 9.9973E-05 0.189847 0.698278 0.0365564 9.9973E-05 0.0303846
9.994E-05 9.994E-05 9.994E-05 0.9993 9.994E-05 9.994E-05 9.994E-05 9.994E-05
9.994E-05 9.994E-05 9.994E-05 0.9993 9.994E-05 9.994E-05 9.994E-05 9.994E-05
9.994E-05 9.994E-05 9.994E-05 0.9993 9.994E-05 9.994E-05 9.994E-05 9.994E-05
9.994E-05 9.994E-05 9.994E-05 0.9993 9.994E-05 9.994E-05 9.994E-05 9.994E-05
9.9946E-05 9.9946E-05 0.0596401 0.93976 9.9946E-05 9.9946E-05 9.9946E-05 9.9946E-05
9.9946E-05 9.9946E-05 9.9946E-05 0.925811 9.9946E-05 9.9946E-05 0.0735894 9.9946E-05
9.9973E-05 0.0214786 9.9973E-05 0.164809 0.615339 9.9973E-05 0.164345 0.0337282
0.0525744 0.0732778 0.0289033 0.241068 0.410746 0.00713716 0.116131 0.0701624
0.00611483 9.9982E-05 9.9982E-05 0.194771 0.768473 0.00672502 0.0207202 0.0029959
9.9955E-05 9.9955E-05 0.0690439 9.9955E-05 0.916515 0.0139412 9.9955E-05 9.9955E-05
9.99461E-05 9.99461E-05 0.052856 9.99461E-05 0.946544 9.99461E-05 9.99461E-05 9.99461E-05
9.9964E-05 9.9964E-05 9.9964E-05 0.0269605 0.891494 0.0389026 9.9964E-05 0.0422432
0.00661165 0.0803808 0.0933025 9.9982E-05 0.760765 0.0119688 0.0467709 9.9982E-05
9.9964E-05 0.0280629 0.110494 9.9964E-05 0.839946 9.9964E-05 9.9964E-05 0.0210973
9.9955E-05 9.9955E-05 0.0375215 0.0197625 0.942216 9.9955E-05 9.9955E-05 9.9955E-05
0.00329778 9.9973E-05 9.9973E-05 0.0205442 0.922242 0.0159119 9.9973E-05 0.0377042
0.0358346 9.9973E-05 0.0170665 9.9973E-05 0.748421 9.9973E-05 0.169107 0.0292716
9.9973E-05 0.0665616 0.0538645 9.9973E-05 0.722671 9.9973E-05 0.102656 0.0539472
0.00299784 0.0115375 9.9955E-05 9.9955E-05 0.984965 9.9955E-05 9.9955E-05 9.9955E-05
0.0275072 0.00985755 0.026978 0.0388885 0.79646 9.9991E-05 0.0840481 0.0161606
9.9955E-05 9.9955E-05 9.9955E-05 0.0498016 0.915392 9.9955E-05 0.0343067 9.9955E-05
9.9973E-05 9.9973E-05 0.0720257 0.0432622 0.862875 0.00477792 9.9973E-05 0.0167596
0.0852132 0.018196 0.0360565 9.9982E-05 0.77425 0.00921286 9.9982E-05 0.0768715
0.0141972 0.0704826 0.0401704 9.9991E-05 0.791509 0.00829589 0.0407289 0.0345164
0.0897643 0.0688588 0.0020309 0.0610012 0.607278 0.0242191 0.131694 0.0151546
0.00142026 0.00610272 0.126546 9.9973E-05 0.83939 0.0262413 9.9973E-05 9.9973E-05
9.9964E-05 9.9964E-05 9.9964E-05 0.0552427 0.882228 9.9964E-05 0.0528191 0.00930995
9.9964E-05 0.00103344 0.0242145 9.9964E-05 0.643601 9.9964E-05 0.330751 9.9964E-05
9.9973E-05 0.0282976 0.0731445 9.9973E-05 0.588858 9.9973E-05 0.225887 0.0835131
9.9982E-05 0.0340069 9.9982E-05 0.00282098 0.537997 0.0228181 0.303426 0.0987311
9.9973E-05 9.9973E-05 0.0357177 9.9973E-05 0.554496 0.00556366 0.378223 0.0256991
0.092069 0.0695788 9.9982E-05 9.9982E-05 0.264476 0.0289792 0.527211 0.0174864
0.0411716 0.0727313 0.000842969 9.9991E-05 0.253808 0.00325229 0.603326 0.0247683
0.0648317 0.0816529 9.9982E-05 0.0475988 0.418337 0.017643 0.369737 9.9982E-05
0.0313151 0.0621781 9.9973E-05 9.9973E-05 0.232346 9.9973E-05 0.65204 0.0218216
0.0132639 0.0587958 9.9973E-05 9.9973E-05 0.284967 9.9973E-05 0.601592 0.0410816
9.9964E-05 0.051611 9.9964E-05 9.9964E-05 0.455547 9.9964E-05 0.452001 0.040441
9.9964E-05 0.0437388 9.9964E-05 9.9964E-05 0.386577 9.9964E-05 0.515141 0.0541439
0.043264 0.0690523 0.0457872 9.9982E-05 0.56816 9.9982E-05 0.243766 0.0297703
0.0542762 0.0997982 9.9982E-05 0.0620522 0.316774 9.9982E-05 0.400529 0.0663707
0.0671148 0.0470819 9.9991E-05 0.100806 0.494058 0.0307601 0.239027 0.0210522
9.9982E-05 0.0322107 9.9982E-05 0.0402419 0.347921 0.000906647 0.531925 0.0465944
9.9976E-05 0.0998997 0.00562186 9.9976E-05 0.394885 9.9976E-05 0.495408 0.00388501
0.00922549 0.0804947 0.0274098 9.9982E-05 0.386872 9.9982E-05 0.428533 0.0672655
9.9973E-05 9.9973E-05 0.0709342 0.029174 0.281315 9.9973E-05 0.574817 0.0434593
0.015105 9.9991E-05 0.0322464 0.0546126 0.298728 0.00882765 0.587316 0.00306489
0.0999644 0.0915883 9.9973E-05 9.9973E-05 0.404804 0.00320571 0.400137 9.9973E-05
0.00848514 0.0806866 0.0153782 0.0519937 0.317449 9.9991E-05 0.430696 0.0952117
0.0487855 9.9982E-05 0.00458093 9.9982E-05 0.420515 0.00761283 0.427378 0.0909278
9.9964E-05 0.117107 9.9964E-05 9.9964E-05 0.43331 9.9964E-05 0.390195 0.0589878
9.9973E-05 0.0705575 9.9973E-05 0.0469081 0.274224 9.9973E-05 0.515553 0.0924575
0.112213 9.9973E-05 0.0534143 9.9973E-05 0.485734 9.9973E-05 0.291564 0.0567752
0.0871831 0.00071529 9.9982E-05 0.0114433 0.27144 0.0354862 0.593533 9.9982E-05
0.0347447 0.0458569 9.9991E-05 0.00435939 0.260678 0.0201169 0.593844 0.0403004
0.0145125 0.0674801 0.0909428 9.9973E-05 0.173271 9.9973E-05 0.653494 9.9973E-05
0.0536926 9.9973E-05 9.9973E-05 0.0161368 0.291988 9.9973E-05 0.611564 0.0263181
0.00138077 0.0758191 0.0745908 9.9982E-05 0.191065 9.9982E-05 0.643882 0.0130623
9.99461E-05 9.99461E-05 9.99461E-05 0.0117567 9.99461E-05 9.99461E-05 0.987644 9.99461E-05
0.0137634 0.0973366 0.087412 0.0212208 0.139929 9.9982E-05 0.640138 9.9982E-05
0.0341083 0.0312994 9.9973E-05 9.9973E-05 0.482352 9.9973E-05 0.410039 0.0419014
0.0316884 0.0568992 0.0343339 0.0254763 0.108209 9.9982E-05 0.743193 9.9982E-05
0.0377508 0.0732038 9.9982E-05 0.0435547 0.281252 0.0036678 0.560371 9.9982E-05
0.0248921 0.0496413 9.9982E-05 9.9982E-05 0.133428 0.000428079 0.765496 0.025915
9.9955E-05 9.9955E-05 9.9955E-05 0.0847221 0.115582 9.9955E-05 0.799196 9.9955E-05
9.9964E-05 9.9964E-05 9.9964E-05 0.0526367 0.0971323 9.9964E-05 0.818836 0.0309953
0.0340851 0.056895 0.00843579 0.0690423 0.0315583 9.9982E-05 0.799784 9.9982E-05
9.9973E-05 9.9973E-05 0.0051927 0.0012805 0.126301 9.9973E-05 0.818026 0.0489003
9.9964E-05 0.0399059 0.03343 9.9964E-05 0.116485 9.9964E-05 0.809779 9.9964E-05
0.00437956 0.0145932 0.106575 0.0338333 0.0856945 0.0446744 0.71015 9.9991E-05
9.9982E-05 0.0130442 0.0169068 0.00685335 9.9982E-05 0.0300965 0.912061 0.0208386
9.9955E-05 9.9955E-05 0.0205405 9.9955E-05 9.9955E-05 0.017109 0.961851 9.9955E-05
9.9946E-05 0.0125138 9.9946E-05 9.9946E-05 9.9946E-05 9.9946E-05 0.986887 9.9946E-05
9.9946E-05 9.9946E-05 9.9946E-05 9.9946E-05 9.9946E-05 0.0195978 0.979803 9.9946E-05
9.9955E-05 9.9955E-05 0.0115996 9.9955E-05 9.9955E-05 0.0179379 0.969963 9.9955E-05
0.136586 9.9982E-05 0.00111602 9.9982E-05 0.190437 0.0843747 0.58623 0.00105677
0.0274655 0.0140113 0.0207535 0.0592051 0.0707114 0.132952 0.63617 0.0387319
0.0315096 0.0842105 0.0112422 0.00738648 0.0133481 0.106945 0.713122 0.0322362
0.0265753 0.0479731 9.9991E-05 0.0340705 0.183776 0.0375619 0.63572 0.0342233
0.0759265 9.9982E-05 9.9982E-05 0.0270127 0.0897026 0.0587796 0.691996 0.0563823
9.9982E-05 0.0892846 0.0422711 9.9982E-05 0.0308823 0.0820236 0.7174 0.0379379
0.0993425 0.0765075 9.9982E-05 9.9982E-05 0.115649 0.076945 0.502767 0.128589
0.0442194 0.0642882 0.212013 0.0643885 0.0664033 0.0996515 0.448936 9.9991E-05
0.0513327 0.0772342 0.177862 0.0215115 0.082289 0.0701057 0.519565 9.9991E-05
0.049029 0.0779047 9.9991E-05 0.0217428 0.036497 0.188006 0.462088 0.164633
9.994E-05 9.994E-05 9.994E-05 9.994E-05 9.994E-05 0.9993 9.994E-05 9.994E-05
9.9973E-05 0.0166911 0.00519303 0.0156887 0.0203971 0.94173 9.9973E-05 9.9973E-05
9.99705E-05 9.99705E-05 0.0635762 9.99705E-05 0.0139389 0.833192 0.0888928 9.99705E-05
9.994E-05 9.994E-05 9.994E-05 9.994E-05 9.994E-05 0.9993 9.994E-05 9.994E-05
9.994E-05 9.994E-05 9.994E-05 9.994E-05 9.994E-05 0.9993 9.994E-05 9.994E-05
9.994E-05 9.994E-05 9.994E-05 9.994E-05 9.994E-05 0.9993 9.994E-05 9.994E-05
9.994E-05 9.994E-05 9.994E-05 9.994E-05 9.994E-05 0.9993 9.994E-05 9.994E-05
9.9964E-05 9.9964E-05 0.0510526 0.0169209 0.0591953 0.872431 9.9964E-05 9.9964E-05
9.9964E-05 0.00660441 9.9964E-05 0.0047088 9.9964E-05 0.985292 9.9964E-05 0.00299458
9.994E-05 9.994E-05 9.994E-05 9.994E-05 9.994E-05 0.9993 9.994E-05 9.994E-05
0.257575 0.081867 0.0370008 0.0272106 0.0607947 0.105049 0.367686 0.0628158
9.9955E-05 9.9955E-05 9.9955E-05 9.9955E-05 0.021244 0.891457 0.0867997 9.9955E-05
9.994E-05 9.994E-05 9.994E-05 9.994E-05 9.994E-05 0.9993 9.994E-05 9.994E-05
9.9982E-05 0.00759645 0.0126534 0.00924472 9.9982E-05 0.95998 0.00541283 0.00491253
0.156532 9.9973E-05 0.00459337 9.9973E-05 9.9973E-05 0.0617409 0.72345 0.0533838
0.107879 0.00317339 9.9964E-05 9.9964E-05 9.9964E-05 0.0329708 0.855577 9.9964E-05
0.0473202 0.0112808 0.0496137 0.00578727 9.9982E-05 0.0347733 0.851025 9.9982E-05
0.0626719 0.00182381 9.9973E-05 9.9973E-05 9.9973E-05 0.0714999 0.848364 0.0153401
0.113395 0.00269427 0.0539782 9.9982E-05 9.9982E-05 0.0537865 0.751843 0.0241034
0.0919311 9.9982E-05 0.0847647 9.9982E-05 0.129544 0.0120266 0.675315 0.0062192
0.0441295 9.9982E-05 0.105782 0.00588138 9.9982E-05 0.068375 0.759424 0.0162086
0.0802606 9.9973E-05 0.0876538 9.9973E-05 9.9973E-05 0.0729198 0.738424 0.0204418
9.9973E-05 0.0317608 0.0751488 9.9973E-05 9.9973E-05 0.149801 0.738738 0.00425156
0.0437527 0.012545 0.0593023 9.9973E-05 9.9973E-05 0.113356 0.770744 9.9973E-05
0.0626702 0.0414951 0.0325721 9.9982E-05 9.9982E-05 0.0738914 0.749248 0.039923
9.9973E-05 0.00395101 0.0969241 9.9973E-05 9.9973E-05 0.114528 0.764656 0.0196413
0.0824204 0.0328328 0.0607449 0.0102878 9.9982E-05 9.9982E-05 0.763079 0.0504352
0.0963062 0.0406302 0.0212787 9.9982E-05 9.9982E-05 0.071739 0.740382 0.029464
0.930277 9.9964E-05 0.0429271 0.00310211 0.0232939 9.9964E-05 9.9964E-05 9.9964E-05
0.865381 9.9973E-05 0.0159672 0.0142425 9.9973E-05 0.0143877 9.9973E-05 0.089722
0.9993 9.994E-05 9.994E-05 9.994E-05 9.994E-05 9.994E-05 9.994E-05 9.994E-05
0.980306 9.9955E-05 9.9955E-05 9.9955E-05 9.9955E-05 9.9955E-05 0.00666633 0.0125283
0.973646 0.0152788 9.9955E-05 9.9955E-05 9.9955E-05 9.9955E-05 9.9955E-05 0.0105752
0.9993 9.994E-05 9.994E-05 9.994E-05 9.994E-05 9.994E-05 9.994E-05 9.994E-05
0.984269 9.9955E-05 9.9955E-05 0.0111945 0.00403677 9.9955E-05 9.9955E-05 9.9955E-05
0.771842 0.00184445 0.160851 0.0507789 0.0143841 9.9973E-05 9.9973E-05 9.9973E-05
0.9993 9.994E-05 9.994E-05 9.994E-05 9.994E-05 9.994E-05 9.994E-05 9.994E-05
0.9993 9.994E-05 9.994E-05 9.994E-05 9.994E-05 9.994E-05 9.994E-05 9.994E-05
0.863069 9.9964E-05 0.07334 0.0250159 9.9964E-05 0.0381755 9.9964E-05 9.9964E-05
0.960451 9.9964E-05 0.0197107 9.9964E-05 9.9964E-05 0.00529457 9.9964E-05 0.0141439
0.724249 0.0956829 0.108793 9.9964E-05 9.9964E-05 9.9964E-05 0.0708752 9.9964E-05
9.994E-05 0.9993 9.994E-05 9.994E-05 9.994E-05 9.994E-05 9.994E-05 9.994E-05
0.0648315 0.0959818 0.0491105 9.9982E-05 9.9982E-05 0.145616 0.633367 0.0108934
9.994E-05 0.9993 9.994E-05 9.994E-05 9.994E-05 9.994E-05 9.994E-05 9.994E-05
9.994E-05 0.9993 9.994E-05 9.994E-05 9.994E-05 9.994E-05 9.994E-05 9.994E-05
9.9955E-05 0.932632 0.0395968 9.9955E-05 9.9955E-05 0.027271 9.9955E-05 9.9955E-05
0.0290843 0.745129 9.9991E-05 0.0031517 0.0202851 0.0137085 0.173999 0.0145428
9.994E-05 0.9993 9.994E-05 9.994E-05 9.994E-05 9.994E-05 9.994E-05 9.994E-05
9.9955E-05 0.875689 0.07815 9.9955E-05 9.9955E-05 9.9955E-05 0.045661 9.9955E-05
9.9955E-05 0.985444 9.9955E-05 0.00197541 0.0120811 9.9955E-05 9.9955E-05 9.9955E-05
0.0236131 0.972377 9.9955E-05 9.9955E-05 9.9955E-05 9.9955E-05 9.9955E-05 0.00351028
9.9964E-05 0.961228 0.00826225 0.00740603 0.0227043 9.9964E-05 9.9964E-05 9.9964E-05
9.9955E-05 0.947359 9.9955E-05 9.9955E-05 9.9955E-05 9.9955E-05 0.0103642 0.0417773
9.9946E-05 0.975695 9.9946E-05 9.9946E-05 9.9946E-05 0.0237057 9.9946E-05 9.9946E-05
0.048297 0.837982 9.9964E-05 9.9964E-05 9.9964E-05 0.0610292 9.9964E-05 0.0522924
0.00115488 0.900849 0.0213894 0.021035 0.00149817 9.9982E-05 0.0538736 9.9982E-05
0.0230908 0.897767 0.0138174 9.9973E-05 9.9973E-05 0.0299761 0.0350483 9.9973E-05
0.0447815 0.833403 0.031099 0.00342917 9.9982E-05 9.9982E-05 0.0286675 0.0584201
9.9982E-05 0.899843 0.0110205 0.00218411 0.0394263 9.9982E-05 0.00978609 0.0375398
0.0345253 0.940076 9.9955E-05 9.9955E-05 9.9955E-05 9.9955E-05 0.024899 9.9955E-05
0.0322646 0.0289803 0.119692 0.0394594 9.9991E-05 0.0369032 0.509293 0.233308
0.0152561 0.0389886 0.10829 0.0218426 0.0179402 0.00200432 0.551537 0.244142
9.9982E-05 0.0499208 0.132311 0.045883 9.9982E-05 0.0428172 0.496065 0.232803
9.9982E-05 0.0630189 0.11003 0.064398 9.9982E-05 0.124969 0.464517 0.172867
0.0292519 9.9973E-05 0.889713 9.9973E-05 0.0247289 0.0409243 9.9973E-05 0.0150824
9.994E-05 9.994E-05 0.9993 9.994E-05 9.994E-05 9.994E-05 9.994E-05 9.994E-05
9.9955E-05 0.00818065 0.984396 9.9955E-05 9.9955E-05 9.9955E-05 9.9955E-05 0.00692392
9.994E-05 9.994E-05 0.9993 9.994E-05 9.994E-05 9.994E-05 9.994E-05 9.994E-05
0.0171921 9.9964E-05 0.957632 0.00305593 9.9964E-05 9.9964E-05 9.9964E-05 0.0217197
9.9964E-05 0.008525 0.964733 9.9964E-05 9.9964E-05 0.00274528 9.9964E-05 0.0235965
9.9964E-05 9.9964E-05 0.953016 9.9964E-05 9.9964E-05 0.0147527 0.00626336 0.0255678
0.0755943 9.9982E-05 0.782613 0.0201056 0.0556332 0.0462656 9.9982E-05 0.0195885
9.9973E-05 0.00098199 0.849284 0.00462345 0.0349637 9.9973E-05 0.109847 9.9973E-05
0.022566 9.9955E-05 9.9955E-05 9.9955E-05 9.9955E-05 9.9955E-05 0.0466187 0.930315
9.994E-05 9.994E-05 9.994E-05 9.994E-05 9.994E-05 9.994E-05 9.994E-05 0.9993
9.994E-05 9.994E-05 9.994E-05 9.994E-05 9.994E-05 9.994E-05 9.994E-05 0.9993
9.9946E-05 9.9946E-05 9.9946E-05 0.0212209 9.9946E-05 9.9946E-05 9.9946E-05 0.978179
9.9946E-05 9.9946E-05 9.9946E-05 9.9946E-05 9.9946E-05 0.00609294 9.9946E-05 0.993307
9.9973E-05 0.000762374 0.0163176 9.9973E-05 0.0325386 9.9973E-05 0.124049 0.826032
9.994E-05 9.994E-05 9.994E-05 9.994E-05 9.994E-05 9.994E-05 9.994E-05 0.9993
9.994E-05 9.994E-05 9.994E-05 9.994E-05 9.994E-05 9.994E-05 9.994E-05 0.9993
9.9964E-05 9.9964E-05 0.0079714 0.00953168 0.0146423 9.9964E-05 9.9964E-05 0.967455
0.0229342 0.0402063 9.9955E-05 9.9955E-05 9.9955E-05 9.9955E-05 9.9955E-05 0.93636
9.994E-05 9.994E-05 9.994E-05 9.994E-05 9.994E-05 9.994E-05 9.994E-05 0.9993
0.0172902 9.9955E-05 0.0123336 9.9955E-05 9.9955E-05 9.9955E-05 9.9955E-05 0.969876
