9.994E-05 9.994E-05 9.994E-05 9.994E-05 9.994E-05 0.9993 9.994E-05 9.994E-05
9.9955E-05 9.9955E-05 9.9955E-05 0.0971004 9.9955E-05 0.864786 0.0376138 9.9955E-05
0.9993 9.994E-05 9.994E-05 9.994E-05 9.994E-05 9.994E-05 9.994E-05 9.994E-05
0.832973 9.9964E-05 9.9964E-05 9.9964E-05 0.108142 9.9964E-05 0.0320149 0.0264709
0.236398 0.0170607 9.9964E-05 9.9964E-05 9.9964E-05 0.578643 9.9964E-05 0.167498
0.0205818 9.9955E-05 9.9955E-05 9.9955E-05 0.145566 0.833352 9.9955E-05 9.9955E-05
9.9946E-05 9.9946E-05 9.9946E-05 9.9946E-05 9.9946E-05 0.852667 9.9946E-05 0.146734
9.9964E-05 9.9964E-05 9.9964E-05 9.9964E-05 0.00263628 0.854601 0.00583559 0.136528
0.518251 0.103797 0.0414351 0.0667043 9.9982E-05 0.245039 9.9982E-05 0.0245744
0.141576 9.9973E-05 0.0893517 0.302814 9.9973E-05 0.409339 0.0566194 9.9973E-05
0.0436202 9.9955E-05 9.9955E-05 9.9955E-05 0.92206 9.9955E-05 0.0338201 9.9955E-05
9.9955E-05 0.163212 9.9955E-05 9.9955E-05 0.831083 9.9955E-05 9.9955E-05 0.00520541
9.995E-05 9.995E-05 9.995E-05 0.0120139 0.854307 0.133179 9.995E-05 9.995E-05
0.133895 9.9982E-05 0.0943275 0.0398457 0.665948 9.9982E-05 0.0380974 0.0276869
0.094488 0.270776 0.0763606 9.9973E-05 0.483037 9.9973E-05 0.075039 9.9973E-05
0.00485617 0.115597 9.9964E-05 9.9964E-05 0.817651 0.0614958 9.9964E-05 9.9964E-05
9.9946E-05 0.154206 9.9946E-05 9.9946E-05 0.845195 9.9946E-05 9.9946E-05 9.9946E-05
0.0291744 0.921849 9.9964E-05 9.9964E-05 0.0402911 9.9964E-05 9.9964E-05 0.00828562
9.9964E-05 0.487754 9.9964E-05 9.9964E-05 0.455783 9.9964E-05 0.00770382 0.0483585
0.121038 9.9946E-05 9.9946E-05 9.9946E-05 0.878362 9.9946E-05 9.9946E-05 9.9946E-05
0.0401243 9.9964E-05 9.9964E-05 0.18641 0.710188 0.0628786 9.9964E-05 9.9964E-05
9.9946E-05 0.639099 9.9946E-05 9.9946E-05 9.9946E-05 0.360301 9.9946E-05 9.9946E-05
9.9955E-05 9.9955E-05 9.9955E-05 0.0246214 0.971883 0.00299598 9.9955E-05 9.9955E-05
9.9955E-05 9.9955E-05 0.0711664 0.0698551 0.858479 9.9955E-05 9.9955E-05 9.9955E-05
0.033271 0.461689 0.0168798 0.0899692 0.372881 9.9982E-05 0.0251095 9.9982E-05
9.9973E-05 0.0277127 0.0762731 0.22146 0.567702 0.106552 9.9973E-05 9.9973E-05
9.9955E-05 0.941258 0.0189542 9.9955E-05 9.9955E-05 9.9955E-05 9.9955E-05 0.0392884
0.0913503 0.608369 9.9982E-05 0.279218 0.00925472 0.00749459 0.00411327 9.9982E-05
9.9964E-05 0.813243 0.0228445 0.144891 9.9964E-05 0.0186218 9.9964E-05 9.9964E-05
9.994E-05 0.9993 9.994E-05 9.994E-05 9.994E-05 9.994E-05 9.994E-05 9.994E-05
0.263508 0.0997093 0.0702876 0.382684 9.9973E-05 9.9973E-05 9.9973E-05 0.183511
0.305843 0.142722 0.135741 0.248559 9.9973E-05 9.9973E-05 9.9973E-05 0.166835
0.00677543 0.166049 0.642606 0.0615359 9.9973E-05 9.9973E-05 9.9973E-05 0.122734
9.9946E-05 9.9946E-05 0.998251 9.9946E-05 9.9946E-05 9.9946E-05 9.9946E-05 0.00114965
0.0765386 0.345346 0.577616 9.9955E-05 9.9955E-05 9.9955E-05 9.9955E-05 9.9955E-05
0.0444151 9.9946E-05 0.954985 9.9946E-05 9.9946E-05 9.9946E-05 9.9946E-05 9.9946E-05
0.0284064 0.0151473 0.587028 9.9991E-05 0.00319323 0.242634 0.00775927 0.115732
9.9964E-05 0.07901 0.804169 0.0867383 0.0296829 9.9964E-05 9.9964E-05 9.9964E-05
9.9955E-05 9.9955E-05 0.958384 9.9955E-05 9.9955E-05 9.9955E-05 0.00601939 0.0350969
9.9973E-05 0.139332 0.590439 0.213074 9.9973E-05 9.9973E-05 0.045475 0.0113799
9.9955E-05 9.9955E-05 0.951271 0.0207517 9.9955E-05 0.0274775 9.9955E-05 9.9955E-05
0.0698204 0.126965 0.394479 0.246864 0.0224051 0.0322477 9.9991E-05 0.107119
0.0426577 0.126433 0.686093 0.144417 9.9964E-05 9.9964E-05 9.9964E-05 9.9964E-05
9.9973E-05 9.9973E-05 0.85958 0.00845767 0.0599834 9.9973E-05 0.0206753 0.0510033
9.9964E-05 9.9964E-05 0.303145 0.293587 0.108668 9.9964E-05 9.9964E-05 0.294201
9.9982E-05 0.00242204 9.9982E-05 0.0890568 0.086565 0.00417769 0.0335183 0.78406
9.9964E-05 9.9964E-05 0.0413722 0.00408528 9.9964E-05 9.9964E-05 0.0160181 0.938125
9.9946E-05 9.9946E-05 9.9946E-05 0.105235 9.9946E-05 9.9946E-05 9.9946E-05 0.894165
0.160664 0.218736 9.9955E-05 9.9955E-05 9.9955E-05 9.9955E-05 9.9955E-05 0.6201
0.0623898 9.9973E-05 0.436155 0.0460369 0.00825554 9.9973E-05 9.9973E-05 0.446862
9.9964E-05 0.0448083 9.9964E-05 0.223874 9.9964E-05 9.9964E-05 0.00118348 0.729735
9.9946E-05 9.9946E-05 9.9946E-05 9.9946E-05 0.0168961 9.9946E-05 9.9946E-05 0.982504
9.9973E-05 0.00416718 9.9973E-05 0.312963 0.0166012 0.00793292 9.9973E-05 0.658036
9.9964E-05 0.0975519 0.132936 0.137425 9.9964E-05 9.9964E-05 9.9964E-05 0.631687
9.9946E-05 9.9946E-05 0.108399 9.9946E-05 9.9946E-05 9.9946E-05 9.9946E-05 0.891002
0.016267 9.9964E-05 9.9964E-05 0.0432954 9.9964E-05 9.9964E-05 0.0665487 0.873489
0.0224884 0.176375 9.9964E-05 0.800602 9.9964E-05 9.9964E-05 0.000134334 9.9964E-05
9.9982E-05 0.0497879 0.0659823 0.799951 0.0133558 0.0268015 9.9982E-05 0.0439214
0.0299111 0.0232184 9.9982E-05 0.719681 9.9982E-05 0.0296234 0.00697192 0.190394
9.9964E-05 0.0412722 0.180292 0.602979 9.9964E-05 0.175057 9.9964E-05 9.9964E-05
9.9973E-05 0.030166 9.9973E-05 0.873258 0.00399937 0.0365498 9.9973E-05 0.0557274
0.0181567 9.9964E-05 0.528944 0.390598 9.9964E-05 9.9964E-05 0.0619018 9.9964E-05
9.9964E-05 9.9964E-05 0.13003 0.82091 9.9964E-05 0.00525859 9.9964E-05 0.0434014
9.99551E-05 9.99551E-05 9.99551E-05 0.980975 0.00930395 9.99551E-05 0.00922093 9.99551E-05
9.9964E-05 0.0558044 0.0466317 0.895884 9.9964E-05 9.9964E-05 0.00128 9.9964E-05
9.994E-05 9.994E-05 9.994E-05 0.9993 9.994E-05 9.994E-05 9.994E-05 9.994E-05
9.9955E-05 0.0163632 0.013133 0.970004 9.9955E-05 9.9955E-05 9.9955E-05 9.9955E-05
0.0130778 0.0894037 9.995E-05 0.897019 9.995E-05 9.995E-05 9.995E-05 9.995E-05
9.9955E-05 0.00240044 9.9955E-05 0.983741 9.9955E-05 9.9955E-05 0.0133591 9.9955E-05
0.0116097 9.9946E-05 9.9946E-05 0.987791 9.9946E-05 9.9946E-05 9.9946E-05 9.9946E-05
9.994E-05 9.994E-05 9.994E-05 0.9993 9.994E-05 9.994E-05 9.994E-05 9.994E-05
9.9964E-05 9.9964E-05 0.341688 0.550669 9.9964E-05 0.0818226 0.02542 9.9964E-05
0.0639832 9.9946E-05 9.9946E-05 0.935417 9.9946E-05 9.9946E-05 9.9946E-05 9.9946E-05
9.9982E-05 0.103834 0.0419297 0.689693 9.9982E-05 0.0282027 0.0591498 0.076991
0.00413262 0.0436576 0.0401157 0.304859 0.0436678 9.9991E-05 0.50753 0.0559378
9.994E-05 9.994E-05 9.994E-05 9.994E-05 9.994E-05 9.994E-05 0.9993 9.994E-05
9.9982E-05 0.167648 0.120373 0.566131 9.9982E-05 0.038161 0.0731503 0.0343366
