9.994E-05 9.994E-05 9.994E-05 9.994E-05 0.9993 9.994E-05 9.994E-05 9.994E-05
0.083342 9.9964E-05 0.537065 9.9964E-05 0.268188 9.9964E-05 0.111005 9.9964E-05
0.127357 9.9964E-05 0.551692 9.9964E-05 0.243048 9.9964E-05 0.0775041 9.9964E-05
9.9964E-05 0.105432 0.675491 0.00613839 0.21254 9.9964E-05 9.9964E-05 9.9964E-05
9.9982E-05 0.141656 0.614273 0.0498915 0.105698 0.0547126 9.9982E-05 0.0335685
0.0379242 0.199524 0.607746 9.9973E-05 0.151541 9.9973E-05 9.9973E-05 0.00296468
9.9946E-05 9.9946E-05 0.729018 9.9946E-05 0.270382 9.9946E-05 9.9946E-05 9.9946E-05
0.0627756 0.0743161 0.563763 9.9982E-05 0.269605 0.014121 0.0152194 9.9982E-05
0.0297822 0.0411633 0.681397 0.0646999 0.168312 9.9982E-05 0.0144458 9.9982E-05
9.994E-05 9.994E-05 9.994E-05 9.994E-05 0.9993 9.994E-05 9.994E-05 9.994E-05
9.994E-05 9.994E-05 9.994E-05 9.994E-05 0.9993 9.994E-05 9.994E-05 9.994E-05
9.9946E-05 9.9946E-05 9.9946E-05 0.00137997 0.99802 9.9946E-05 9.9946E-05 9.9946E-05
9.9946E-05 9.9946E-05 9.9946E-05 9.9946E-05 0.995628 9.9946E-05 0.00377251 9.9946E-05
9.9955E-05 9.9955E-05 0.00695446 9.9955E-05 0.923971 9.9955E-05 9.9955E-05 0.0685751
9.9964E-05 0.0110971 9.9964E-05 0.000961052 0.966184 9.9964E-05 9.9964E-05 0.0213583
0.0637584 0.331992 0.37509 0.0285551 0.189504 9.9982E-05 0.0108999 9.9982E-05
0.0740363 0.267213 0.263053 0.0812166 0.255081 9.9991E-05 0.0125168 0.0467836
0.0206694 0.123405 0.642086 9.9982E-05 0.178929 0.00489973 0.0298112 9.9982E-05
9.9955E-05 9.9955E-05 0.933822 0.0239259 9.9955E-05 9.9955E-05 9.9955E-05 0.041752
9.9964E-05 9.9964E-05 0.914306 0.005971 9.9964E-05 0.0231925 9.9964E-05 0.0561305
9.9964E-05 9.9964E-05 0.918648 0.046984 0.0238226 9.9964E-05 0.0101458 9.9964E-05
0.0779249 0.0743581 0.778226 9.9982E-05 9.9982E-05 0.00436956 0.0044711 0.0604507
0.0493592 0.00284508 0.823072 0.000342679 9.9982E-05 9.9982E-05 0.00089924 0.123282
9.9964E-05 9.9964E-05 0.970401 9.9964E-05 0.00366783 0.00133105 9.9964E-05 0.0242005
9.9973E-05 0.0969572 0.838573 0.0317234 9.9973E-05 0.0288861 0.00356052 9.9973E-05
9.9982E-05 0.159498 0.680979 0.0777469 0.00280905 0.0718637 9.9982E-05 0.00690348
0.126034 0.0663764 0.680768 0.103721 0.0228007 9.9973E-05 9.9973E-05 9.9973E-05
0.0473295 0.00311185 0.949059 9.9955E-05 9.9955E-05 9.9955E-05 9.9955E-05 9.9955E-05
0.0212391 0.0847457 0.688517 0.0618878 0.041683 0.0493152 9.9991E-05 0.0525124
9.9946E-05 9.9946E-05 0.958175 9.9946E-05 0.0412251 9.9946E-05 9.9946E-05 9.9946E-05
9.9982E-05 9.9982E-05 0.893828 0.00194735 0.0377525 0.00519401 0.033201 0.0278772
0.0178669 0.0406063 0.801194 0.0810901 9.9982E-05 0.0563446 0.00269858 9.9982E-05
0.0521305 0.053788 0.742293 0.00685393 9.9991E-05 0.0841725 0.0257382 0.0349242
0.0926269 0.133661 0.601764 0.0120168 0.0419102 0.117821 9.9982E-05 9.9982E-05
0.0422363 9.9964E-05 0.805523 9.9964E-05 9.9964E-05 0.0127541 9.9964E-05 0.139087
9.9955E-05 0.0518276 0.917844 9.9955E-05 0.0298283 9.9955E-05 9.9955E-05 9.9955E-05
9.9955E-05 0.509066 0.459976 9.9955E-05 9.9955E-05 9.9955E-05 9.9955E-05 0.0304579
0.0339736 0.228557 0.569872 0.0738423 9.9991E-05 0.016012 0.00254965 0.0750934
0.0778996 0.21209 0.556553 0.0769151 9.9982E-05 9.9982E-05 0.0588812 0.0174612
9.9982E-05 0.286514 0.581435 0.0446465 9.9982E-05 0.0307065 0.0306152 0.0258827
0.0565305 0.82161 0.00153144 9.9973E-05 9.9973E-05 0.0485881 0.0714398 9.9973E-05
0.0331539 0.874259 0.0138816 9.9991E-05 0.0206272 0.0262372 0.0316409 9.9991E-05
0.0860724 0.611888 0.208175 9.9982E-05 0.048785 9.9982E-05 0.0419851 0.00289496
0.0185117 0.898987 0.0511701 0.025067 9.9973E-05 9.9973E-05 0.00596436 9.9973E-05
0.0499115 0.652873 0.200372 0.061492 9.9973E-05 0.0350516 9.9973E-05 9.9973E-05
9.994E-05 0.9993 9.994E-05 9.994E-05 9.994E-05 9.994E-05 9.994E-05 9.994E-05
9.994E-05 0.9993 9.994E-05 9.994E-05 9.994E-05 9.994E-05 9.994E-05 9.994E-05
0.0238922 0.562888 0.347653 0.045664 9.9973E-05 9.9973E-05 9.9973E-05 0.0196023
0.0140408 0.623781 0.145836 0.0722837 0.0767242 0.0671335 9.9982E-05 9.9982E-05
0.0316418 0.4557 0.346251 0.00485519 0.0700699 0.0525049 0.038877 9.9991E-05
0.0576511 0.63215 0.210404 0.0564313 0.0383282 0.00281842 0.00211703 9.9991E-05
0.0312851 0.772162 0.166797 0.0189121 9.9973E-05 9.9973E-05 9.9973E-05 0.0105434
9.9955E-05 0.953949 0.0171558 9.9955E-05 0.0283955 9.9955E-05 9.9955E-05 9.9955E-05
9.999E-05 0.61775 0.145773 0.0372844 0.0590216 0.0446686 0.00498006 0.0904227
9.9991E-05 0.603007 0.153777 0.0443349 0.044453 0.0533688 0.0217004 0.0792588
0.0921317 0.749134 0.120095 9.9973E-05 9.9973E-05 0.0271832 0.0111557 9.9973E-05
0.0396422 0.597919 0.156896 0.0423572 0.0636043 0.0402248 0.0592559 9.9991E-05
9.9973E-05 0.683832 0.226729 0.0398043 9.9973E-05 9.9973E-05 0.0203997 0.0289359
9.9955E-05 0.973037 0.0223249 9.9955E-05 0.00413833 9.9955E-05 9.9955E-05 9.9955E-05
0.0146307 0.592459 0.211088 0.105464 0.0423227 9.9982E-05 0.0338352 9.9982E-05
9.9964E-05 0.675862 0.168892 0.0848883 9.9964E-05 0.0699579 9.9964E-05 9.9964E-05
9.99641E-05 0.780711 0.173056 9.99641E-05 0.00978581 0.036048 9.99641E-05 9.99641E-05
0.0975687 0.738565 0.102551 0.00772018 0.00207294 9.9982E-05 0.0513222 9.9982E-05
0.0553962 0.880988 9.99551E-05 9.99551E-05 9.99551E-05 9.99551E-05 9.99551E-05 0.0631162
9.9973E-05 0.770903 0.150029 0.0241204 0.0193491 0.0352986 9.9973E-05 9.9973E-05
0.0433613 0.879226 9.9964E-05 9.9964E-05 9.9964E-05 9.9964E-05 0.0176947 0.0593186
9.9946E-05 0.981878 9.9946E-05 9.9946E-05 9.9946E-05 9.9946E-05 0.0175226 9.9946E-05
0.00801245 0.778341 9.9973E-05 9.9973E-05 0.00477683 0.106949 9.9973E-05 0.10162
9.9982E-05 0.650128 0.260795 0.0426986 9.9982E-05 0.00868826 0.0126176 0.0248728
0.0116395 0.942865 9.99551E-05 9.99551E-05 9.99551E-05 9.99551E-05 9.99551E-05 0.0449957
0.037697 0.768442 0.102847 9.9973E-05 0.0469453 9.9973E-05 0.0437689 9.9973E-05
0.0146687 0.824545 0.00366012 0.0246101 9.9991E-05 0.0405748 0.0786132 0.0132276
9.9955E-05 0.933897 9.9955E-05 0.00368383 0.0619196 9.9955E-05 9.9955E-05 9.9955E-05
0.000660297 0.941225 9.9955E-05 9.9955E-05 0.057615 9.9955E-05 9.9955E-05 9.9955E-05
0.0235783 0.848945 9.9973E-05 9.9973E-05 0.0445657 0.0715366 9.9973E-05 0.0110747
9.9955E-05 0.883818 9.9955E-05 0.0893168 9.9955E-05 9.9955E-05 9.9955E-05 0.0263652
0.0182282 0.956225 9.9964E-05 9.9964E-05 9.9964E-05 9.9964E-05 0.0207579 0.00438944
0.0396121 0.642845 0.0334023 9.9991E-05 0.0148639 0.0389846 0.107419 0.122773
9.9982E-05 0.656007 0.00714341 0.0389977 9.9982E-05 0.0827575 0.117619 0.0972754
9.9973E-05 0.688536 9.9973E-05 0.0201905 9.9973E-05 0.0793093 0.123618 0.0880468
0.00876132 0.744311 9.9991E-05 0.0272904 0.000901124 0.0963772 0.0718116 0.0504476
9.9964E-05 0.734039 9.9964E-05 9.9964E-05 9.9964E-05 0.0596176 0.102583 0.10336
0.0105443 0.697738 9.9982E-05 0.0318131 9.9982E-05 0.0685526 0.115363 0.075789
0.0106692 0.447056 0.158774 0.096234 9.9991E-05 0.123961 0.109906 0.0532993
0.0874067 0.545932 0.0238341 0.077721 9.9991E-05 0.0636321 0.17154 0.0298343
0.099129 0.547579 0.0621871 0.041205 9.9982E-05 0.0843272 0.165372 9.9982E-05
0.059143 0.45015 0.122706 0.102048 0.0565506 0.122948 0.085999 0.000455412
9.9973E-05 0.510945 0.0933195 0.0930334 9.9973E-05 0.153636 0.148766 9.9973E-05
0.0232199 0.547392 0.0774088 0.0702506 0.00677325 0.0754036 0.137527 0.0620248
0.0672585 0.453143 0.0465001 0.131472 0.0135539 0.147151 0.106818 0.0341032
0.0593552 0.603379 0.0167422 9.9991E-05 0.0330116 0.0196347 0.0781929 0.189585
0.0333778 0.592689 9.9982E-05 9.9982E-05 0.0196826 0.100884 0.0886407 0.164526
0.094732 0.386888 0.0651305 0.159047 0.0119992 0.091574 0.190529 9.9991E-05
0.00439419 9.9946E-05 9.9946E-05 9.9946E-05 9.9946E-05 9.9946E-05 0.995006 9.9946E-05
0.0196517 0.0621941 9.9973E-05 9.9973E-05 0.0276314 0.0208284 0.869395 9.9973E-05
9.9973E-05 0.0442223 0.0415086 9.9973E-05 9.9973E-05 0.00377401 0.864416 0.0457795
9.994E-05 9.994E-05 9.994E-05 9.994E-05 9.994E-05 9.994E-05 0.9993 9.994E-05
9.994E-05 9.994E-05 9.994E-05 9.994E-05 9.994E-05 9.994E-05 0.9993 9.994E-05
9.994E-05 9.994E-05 9.994E-05 9.994E-05 9.994E-05 9.994E-05 0.9993 9.994E-05
9.994E-05 9.994E-05 9.994E-05 9.994E-05 9.994E-05 9.994E-05 0.9993 9.994E-05
0.0229689 9.9964E-05 0.0388577 9.9964E-05 0.00935908 9.9964E-05 0.928414 9.9964E-05
9.9946E-05 9.9946E-05 9.9946E-05 0.0468816 9.9946E-05 9.9946E-05 0.952519 9.9946E-05
9.994E-05 9.994E-05 9.994E-05 9.994E-05 9.994E-05 9.994E-05 0.9993 9.994E-05
0.0875877 0.264178 0.0894964 0.0928994 9.9991E-05 0.285637 0.0970968 0.0830044
9.9973E-05 0.024973 9.9973E-05 0.0306773 9.9973E-05 0.0281561 0.904916 0.0109774
9.994E-05 9.994E-05 9.994E-05 9.994E-05 9.994E-05 9.994E-05 0.9993 9.994E-05
9.9946E-05 9.9946E-05 9.9946E-05 9.9946E-05 9.9946E-05 9.9946E-05 0.990059 0.00934177
0.0273636 0.428945 9.9982E-05 0.100754 9.9982E-05 0.244619 0.137498 0.0606194
0.0429771 0.457073 9.9982E-05 0.0735566 9.9982E-05 0.233867 0.118421 0.0739053
0.0245081 0.431986 0.0123965 0.0893068 0.0154742 0.204366 0.132335 0.0896273
0.0544152 0.442406 9.9982E-05 0.0729234 9.9982E-05 0.211504 0.155534 0.0630169
0.0505154 0.336754 9.9982E-05 0.0883322 9.9982E-05 0.24712 0.152506 0.124572
0.00245401 0.24859 0.265991 0.0125795 9.9991E-05 0.190469 0.0848764 0.19494
0.0363943 0.347159 0.086582 0.0421869 0.00931885 0.182247 0.203603 0.0925088
9.9973E-05 0.490159 9.9973E-05 0.0162682 9.9973E-05 0.19335 0.122495 0.177427
0.116251 0.272077 0.0167312 0.0492766 9.9991E-05 0.163804 0.238739 0.143021
0.04177 0.336049 0.0339997 0.123913 9.9991E-05 0.113777 0.227459 0.122932
0.0852285 0.421007 0.0746381 0.0937243 9.9991E-05 0.105724 0.11169 0.107889
0.0283618 0.423359 0.0552206 0.0526369 9.9991E-05 0.0756613 0.199283 0.165378
0.0558394 0.503252 9.9991E-05 0.065077 0.00206457 0.174182 0.0743068 0.125178
0.0202066 0.445691 0.0273256 0.063664 9.9991E-05 0.206434 0.148642 0.087937
0.0434643 9.9955E-05 9.9955E-05 9.9955E-05 9.9955E-05 0.923919 9.9955E-05 0.0321166
9.9982E-05 9.9982E-05 0.00685824 0.0490843 0.0215994 0.877381 0.0020845 0.0427929
9.994E-05 9.994E-05 9.994E-05 9.994E-05 9.994E-05 0.9993 9.994E-05 9.994E-05
9.9946E-05 0.00699929 9.9946E-05 9.9946E-05 9.9946E-05 0.992401 9.9946E-05 9.9946E-05
0.0186729 9.9955E-05 9.9955E-05 0.00238946 9.9955E-05 0.978438 9.9955E-05 9.9955E-05
9.994E-05 9.994E-05 9.994E-05 9.994E-05 9.994E-05 0.9993 9.994E-05 9.994E-05
9.994E-05 9.994E-05 9.994E-05 9.994E-05 9.994E-05 0.9993 9.994E-05 9.994E-05
9.9982E-05 0.0847125 0.0109038 9.9982E-05 0.079461 0.754465 0.00385182 0.0664057
0.0109047 9.9946E-05 9.9946E-05 9.9946E-05 9.9946E-05 0.988496 9.9946E-05 9.9946E-05
9.994E-05 9.994E-05 9.994E-05 9.994E-05 9.994E-05 0.9993 9.994E-05 9.994E-05
9.9964E-05 9.9964E-05 9.9964E-05 9.9964E-05 0.0254017 0.844564 0.0333164 0.096318
9.9955E-05 9.9955E-05 9.9955E-05 0.00406533 9.9955E-05 0.980158 0.0152766 9.9955E-05
0.078624 0.140634 9.9973E-05 9.9973E-05 0.0101511 0.73736 9.9973E-05 0.0329308
0.9993 9.994E-05 9.994E-05 9.994E-05 9.994E-05 9.994E-05 9.994E-05 9.994E-05
0.0780583 0.359396 9.9982E-05 0.0862839 9.9982E-05 0.196025 0.175326 0.104711
0.9993 9.994E-05 9.994E-05 9.994E-05 9.994E-05 9.994E-05 9.994E-05 9.994E-05
0.9993 9.994E-05 9.994E-05 9.994E-05 9.994E-05 9.994E-05 9.994E-05 9.994E-05
0.94792 9.99551E-05 9.99551E-05 9.99551E-05 9.99551E-05 9.99551E-05 0.00213266 0.0494476
0.756069 0.0211135 0.0632551 0.0926796 9.9991E-05 0.0506238 0.0061151 0.0100442
0.9993 9.994E-05 9.994E-05 9.994E-05 9.994E-05 9.994E-05 9.994E-05 9.994E-05
0.867692 0.0809703 9.9964E-05 9.9964E-05 9.9964E-05 0.00135494 9.9964E-05 0.0495832
0.9993 9.994E-05 9.994E-05 9.994E-05 9.994E-05 9.994E-05 9.994E-05 9.994E-05
0.953118 9.9955E-05 0.0174736 9.9955E-05 9.9955E-05 0.0289091 9.9955E-05 9.9955E-05
0.9993 9.994E-05 9.994E-05 9.994E-05 9.994E-05 9.994E-05 9.994E-05 9.994E-05
0.966064 9.9946E-05 9.9946E-05 0.0333362 9.9946E-05 9.9946E-05 9.9946E-05 9.9946E-05
0.952583 9.9964E-05 9.9964E-05 0.00918696 9.9964E-05 0.0225895 0.0152407 9.9964E-05
0.807851 0.0204193 9.9982E-05 0.0416748 9.9982E-05 0.0588554 0.0602514 0.0107482
0.943017 0.0106478 0.00239712 9.9973E-05 0.012176 9.9973E-05 9.9973E-05 0.0314624
0.890735 0.0434157 9.9973E-05 9.9973E-05 0.022907 9.9973E-05 0.0150997 0.0275427
0.846018 0.0502286 9.9973E-05 0.0404031 9.9973E-05 0.0298659 9.9973E-05 0.0331849
0.776238 0.09676 0.0511405 9.9982E-05 0.0179543 9.9982E-05 0.00750001 0.0502076
0.962006 9.9964E-05 9.9964E-05 0.0305706 9.9964E-05 0.00356041 9.9964E-05 0.00346281
0.0625809 0.425723 9.9991E-05 0.23921 0.0452806 0.0265078 0.0897338 0.110864
0.0137046 0.397103 0.00830466 0.291452 0.0497645 0.05186 0.0670196 0.120792
0.0388236 0.381142 9.9982E-05 0.295686 0.0509624 9.9982E-05 0.0972803 0.135905
0.0523186 0.401745 9.9991E-05 0.256544 0.0441825 0.0120349 0.0815597 0.151516
9.9973E-05 0.0254108 9.9973E-05 0.000270559 0.0151185 0.0245041 9.9973E-05 0.934396
9.994E-05 9.994E-05 9.994E-05 9.994E-05 9.994E-05 9.994E-05 9.994E-05 0.9993
0.00477203 9.9964E-05 9.9964E-05 9.9964E-05 9.9964E-05 0.0027925 0.0303537 0.961682
9.994E-05 9.994E-05 9.994E-05 9.994E-05 9.994E-05 9.994E-05 9.994E-05 0.9993
0.000636277 9.9955E-05 9.9955E-05 9.9955E-05 9.9955E-05 9.9955E-05 0.00399823 0.994866
0.00677054 9.9973E-05 9.9973E-05 0.0467899 9.9973E-05 0.00110915 0.00380084 0.94123
0.0166982 0.0276315 9.9982E-05 0.0197911 0.00321756 0.0100383 9.9982E-05 0.922423
0.0507988 0.00250844 0.0719442 0.022037 0.0107243 0.0273988 0.0311006 0.783488
0.0370395 0.0521652 0.0274892 0.0466548 9.9973E-05 9.9973E-05 9.9973E-05 0.836351
9.9973E-05 9.9973E-05 0.0161662 0.965102 0.00567838 0.0121515 0.000602414 9.9973E-05
9.994E-05 9.994E-05 9.994E-05 0.9993 9.994E-05 9.994E-05 9.994E-05 9.994E-05
9.994E-05 9.994E-05 9.994E-05 0.9993 9.994E-05 9.994E-05 9.994E-05 9.994E-05
9.994E-05 9.994E-05 9.994E-05 0.9993 9.994E-05 9.994E-05 9.994E-05 9.994E-05
9.994E-05 9.994E-05 9.994E-05 0.9993 9.994E-05 9.994E-05 9.994E-05 9.994E-05
9.9973E-05 0.073078 9.9973E-05 0.846105 0.010459 9.9973E-05 0.0146022 0.0554554
9.994E-05 9.994E-05 9.994E-05 0.9993 9.994E-05 9.994E-05 9.994E-05 9.994E-05
0.00189444 9.99605E-05 9.99605E-05 0.987894 9.99605E-05 0.0097116 9.99605E-05 9.99605E-05
9.994E-05 9.994E-05 9.994E-05 0.9993 9.994E-05 9.994E-05 9.994E-05 9.994E-05
0.0216127 9.99637E-05 9.99637E-05 0.972167 9.99637E-05 0.00572095 9.99637E-05 9.99637E-05
9.994E-05 9.994E-05 9.994E-05 0.9993 9.994E-05 9.994E-05 9.994E-05 9.994E-05
9.994E-05 9.994E-05 9.994E-05 0.9993 9.994E-05 9.994E-05 9.994E-05 9.994E-05
