9.994E-05 9.994E-05 9.994E-05 0.9993 9.994E-05 9.994E-05 9.994E-05 9.994E-05
9.9964E-05 9.9964E-05 0.0574177 0.261165 0.0682956 0.612722 9.9964E-05 9.9964E-05
9.9964E-05 9.9964E-05 0.0906451 0.240642 0.0286065 0.639706 9.9964E-05 9.9964E-05
9.99551E-05 0.0349763 9.99551E-05 0.167027 9.99551E-05 0.797497 9.99551E-05 9.99551E-05
9.9982E-05 0.10683 9.9982E-05 0.097787 0.0170055 0.633713 0.0983926 0.0460711
9.9964E-05 0.176274 0.0395125 0.151706 9.9964E-05 0.632107 9.9964E-05 9.9964E-05
9.9946E-05 9.9946E-05 9.9946E-05 0.256699 9.9946E-05 0.742701 9.9946E-05 9.9946E-05
9.9973E-05 0.048519 0.0823311 0.284208 0.0195122 0.56513 9.9973E-05 9.9973E-05
9.9973E-05 9.9973E-05 0.064586 0.171238 0.0612755 0.655804 9.9973E-05 0.0467965
9.994E-05 9.994E-05 9.994E-05 0.9993 9.994E-05 9.994E-05 9.994E-05 9.994E-05
9.994E-05 9.994E-05 9.994E-05 0.9993 9.994E-05 9.994E-05 9.994E-05 9.994E-05
9.994E-05 9.994E-05 9.994E-05 0.9993 9.994E-05 9.994E-05 9.994E-05 9.994E-05
9.9946E-05 9.9946E-05 9.9946E-05 0.992007 0.00739379 9.9946E-05 9.9946E-05 9.9946E-05
0.0217851 9.9964E-05 9.9964E-05 0.921551 9.9964E-05 9.9964E-05 0.0479016 0.00836274
9.9955E-05 0.0303134 0.00660735 0.962579 9.9955E-05 9.9955E-05 9.9955E-05 9.9955E-05
9.9973E-05 0.390593 0.0252338 0.145949 9.9973E-05 0.426707 9.9973E-05 0.0112166
0.0279253 0.212834 0.0534497 0.213854 0.0464941 0.32286 0.0757027 0.04688
9.9964E-05 0.110505 9.9964E-05 0.147435 9.9964E-05 0.728789 9.9964E-05 0.0128703
9.9964E-05 9.9964E-05 9.9964E-05 9.9964E-05 0.00525439 0.940297 0.0379951 0.0160541
0.0705042 9.9955E-05 9.9955E-05 9.9955E-05 9.9955E-05 0.883197 0.0457994 9.9955E-05
9.9964E-05 9.9964E-05 9.9964E-05 0.0351544 0.0013263 0.899797 9.9964E-05 0.0633223
0.0227967 9.9973E-05 0.061251 9.9973E-05 0.00267399 0.793666 0.119312 9.9973E-05
0.0116969 9.9982E-05 0.0389044 9.9982E-05 0.00404944 0.811542 0.119854 0.0137525
0.0410033 9.9964E-05 0.0268629 9.9964E-05 9.9964E-05 0.907597 0.0241371 9.9964E-05
0.0101296 0.037222 9.9973E-05 9.9973E-05 0.0329571 0.86631 9.9973E-05 0.0530812
0.0425745 0.295524 0.0257651 9.9973E-05 9.9973E-05 0.594549 9.9973E-05 0.0412874
9.9973E-05 0.0736928 0.0746693 9.9973E-05 9.9973E-05 0.696486 0.0159627 0.138889
0.0279749 9.9955E-05 0.023655 9.9955E-05 9.9955E-05 0.94787 9.9955E-05 9.9955E-05
0.0500874 0.0992979 0.00894813 0.0207827 0.0118227 0.753842 0.0136812 0.0415377
9.9955E-05 0.00993456 9.9955E-05 9.9955E-05 9.9955E-05 0.979367 9.9955E-05 0.0101989
0.0225447 9.9982E-05 9.9982E-05 0.03828 0.00872465 0.871761 0.0463148 0.0121749
0.0709442 0.0457133 0.0156962 9.9982E-05 0.0103193 0.791607 9.9982E-05 0.0655198
9.9982E-05 0.110719 0.0338491 9.9982E-05 0.0442634 0.734519 0.0710808 0.00536822
0.122353 0.138356 0.0575906 0.03105 0.0163122 0.614092 0.0201461 9.9991E-05
9.9955E-05 9.9955E-05 0.0183234 9.9955E-05 9.9955E-05 0.826642 0.154535 9.9955E-05
9.9973E-05 0.0453359 9.9973E-05 0.0244768 9.9973E-05 0.916362 0.00576495 0.00776087
9.9964E-05 0.464925 9.9964E-05 9.9964E-05 9.9964E-05 0.496293 0.0232936 0.015089
0.0202861 0.236827 0.0231466 9.9991E-05 0.0188387 0.551039 0.0817213 0.0680404
9.9973E-05 0.281128 0.0404787 9.9973E-05 0.0395767 0.510839 9.9973E-05 0.127678
0.0465952 0.245938 0.0124767 9.9991E-05 0.0318165 0.570557 0.0149941 0.0775231
0.0306269 0.873617 0.0446654 0.00498855 0.0127848 0.0113039 9.9991E-05 0.0219133
9.9964E-05 0.941835 9.9964E-05 0.0152521 9.9964E-05 9.9964E-05 0.00789321 0.0346201
0.011094 0.669441 0.0615401 0.0470911 0.0195531 0.191081 9.9982E-05 9.9982E-05
9.9955E-05 0.988523 0.0046759 9.9955E-05 9.9955E-05 0.00630153 9.9955E-05 9.9955E-05
0.0309477 0.695643 0.0410189 9.9973E-05 9.9973E-05 0.163765 9.9973E-05 0.0683257
9.994E-05 0.9993 9.994E-05 9.994E-05 9.994E-05 9.994E-05 9.994E-05 9.994E-05
9.994E-05 0.9993 9.994E-05 9.994E-05 9.994E-05 9.994E-05 9.994E-05 9.994E-05
0.0228165 0.527085 0.0188256 9.9982E-05 9.9982E-05 0.382704 0.0428812 0.00548706
0.0490039 0.659414 0.0315957 0.0693727 9.9982E-05 0.133576 9.9982E-05 0.0568379
0.0632894 0.388229 0.0187438 0.10249 0.0317627 0.388791 9.9991E-05 0.00659412
9.9982E-05 0.648681 0.0246669 0.0707996 0.0222478 0.185551 9.9982E-05 0.0478537
0.0154611 0.751449 0.0043014 0.0117031 9.9982E-05 0.169006 0.0478791 9.9982E-05
9.9973E-05 0.953683 0.000723064 0.0105148 9.9973E-05 0.00339098 9.9973E-05 0.0313884
0.0559149 0.660442 9.9991E-05 0.0208006 0.00413438 0.152862 0.0552543 0.0504917
0.0838148 0.573867 0.00327732 0.0409854 0.054431 0.19911 0.0313246 0.01319
0.0302543 0.746867 0.0715399 9.9973E-05 0.00336253 0.147676 9.9973E-05 9.9973E-05
0.0408922 0.522019 0.104647 0.0686343 9.9982E-05 0.170922 9.9982E-05 0.0926862
0.0180862 0.690184 9.9982E-05 9.9982E-05 0.049952 0.174996 0.0172623 0.0493198
9.9955E-05 0.985259 9.9955E-05 0.00777975 9.9955E-05 0.0064616 9.9955E-05 9.9955E-05
9.9982E-05 0.59347 0.0221346 0.0572258 0.0257173 0.177872 9.9982E-05 0.123381
0.0348404 0.605916 9.9982E-05 0.00222724 9.9982E-05 0.207764 0.0185881 0.130464
0.10837 0.846601 9.9982E-05 0.00730183 0.00965401 0.0140939 9.9982E-05 0.013779
9.999E-05 0.7806 0.0240276 0.0243549 0.0256963 0.0519439 0.0341237 0.0591538
9.99641E-05 0.901818 0.0346231 9.99641E-05 9.99641E-05 9.99641E-05 0.0527985 0.0103601
0.0206369 0.840392 9.9982E-05 0.015859 0.00471659 0.0795211 9.9982E-05 0.0386742
9.9955E-05 0.922995 0.0257513 9.9955E-05 9.9955E-05 9.9955E-05 0.0507534 9.9955E-05
9.9946E-05 0.963833 9.9946E-05 9.9946E-05 0.0355674 9.9946E-05 9.9946E-05 9.9946E-05
9.9973E-05 0.818129 0.0362407 0.00384263 0.0485568 9.9973E-05 0.0929305 9.9973E-05
9.9973E-05 0.65704 9.9973E-05 9.9973E-05 0.00429478 0.267379 0.0351706 0.0358163
9.99551E-05 0.975885 0.0111049 9.99551E-05 9.99551E-05 9.99551E-05 0.0125102 9.99551E-05
9.9973E-05 0.74049 0.0684906 0.0314788 0.0473493 0.111892 9.9973E-05 9.9973E-05
0.0362334 0.769561 0.0354684 9.9991E-05 0.0191282 0.0495783 0.0556133 0.0343178
9.9955E-05 0.875211 9.9955E-05 0.0755009 9.9955E-05 9.9955E-05 9.9955E-05 0.0487888
9.9955E-05 0.930013 9.9955E-05 0.0383159 9.9955E-05 9.9955E-05 9.9955E-05 0.0311718
0.09728 0.725449 0.0342879 0.0639662 0.0137975 9.9991E-05 0.0339848 0.0311349
9.9955E-05 0.886717 9.9955E-05 9.9955E-05 9.9955E-05 9.9955E-05 0.0180241 0.0947587
9.9964E-05 0.956066 0.00515721 9.9964E-05 0.0343197 9.9964E-05 0.00405726 9.9964E-05
9.9964E-05 0.76319 9.9964E-05 0.0120658 0.123639 9.9964E-05 0.100705 9.9964E-05
0.0511865 0.541244 0.0351533 9.9991E-05 0.0931537 0.116121 0.0771294 0.0859122
0.0775639 0.687936 9.9973E-05 9.9973E-05 0.127721 9.9973E-05 0.0818316 0.0246475
0.113147 0.660987 0.0545498 9.9982E-05 0.082735 9.9982E-05 0.084754 0.0036271
0.0601963 0.720211 0.00381213 9.9982E-05 0.129072 9.9982E-05 0.0480546 0.0384549
0.0950441 0.653622 0.0223269 9.9982E-05 0.0936102 9.9982E-05 0.0597743 0.0754221
0.164623 0.516683 0.0136514 9.9991E-05 0.111703 0.0894479 0.0267513 0.0770412
0.0645625 0.605436 0.018779 0.00531714 0.242217 0.00306701 0.0263157 0.0343048
0.0838861 0.527679 0.0785058 0.000600945 0.20493 0.0152539 0.0460375 0.043106
0.0994366 0.491445 0.0726954 0.0359727 0.0809696 0.135476 0.0347282 0.0492767
0.123651 0.554811 0.0061791 0.00950661 0.148849 0.108091 9.9991E-05 0.0488127
0.0199576 0.685986 0.0339947 0.00516491 0.150449 9.9991E-05 0.0811639 0.0231843
0.132785 0.433547 0.0948453 0.00802209 0.125745 0.055478 0.0116621 0.137916
0.0370087 0.592212 0.0351724 0.0432849 0.0954184 0.00617396 0.19063 9.9991E-05
0.0697448 0.571429 0.0505081 0.0302422 0.0721324 0.0225799 0.183264 9.9991E-05
0.111485 0.362401 0.0811854 0.0166917 0.225443 0.0412002 9.9991E-05 0.161494
9.9946E-05 9.9946E-05 0.00123644 9.9946E-05 0.998164 9.9946E-05 9.9946E-05 9.9946E-05
0.0104044 9.9964E-05 9.9964E-05 0.0233033 0.935122 9.9964E-05 0.0307702 9.9964E-05
0.00603901 0.0559718 0.00268674 0.0251322 0.823471 0.0120244 0.051776 0.0228992
9.994E-05 9.994E-05 9.994E-05 9.994E-05 0.9993 9.994E-05 9.994E-05 9.994E-05
9.994E-05 9.994E-05 9.994E-05 9.994E-05 0.9993 9.994E-05 9.994E-05 9.994E-05
9.994E-05 9.994E-05 9.994E-05 9.994E-05 0.9993 9.994E-05 9.994E-05 9.994E-05
9.994E-05 9.994E-05 9.994E-05 9.994E-05 0.9993 9.994E-05 9.994E-05 9.994E-05
9.9955E-05 0.0198728 9.9955E-05 9.9955E-05 0.86138 0.118247 9.9955E-05 9.9955E-05
9.9946E-05 9.9946E-05 9.9946E-05 9.9946E-05 0.996885 9.9946E-05 9.9946E-05 0.00251488
9.994E-05 9.994E-05 9.994E-05 9.994E-05 0.9993 9.994E-05 9.994E-05 9.994E-05
0.285583 0.245381 0.0783254 9.9991E-05 0.136686 0.0607416 0.0527429 0.14044
9.9964E-05 0.0425268 0.00905237 0.00161032 0.946411 9.9964E-05 9.9964E-05 9.9964E-05
9.9946E-05 9.9946E-05 9.9946E-05 9.9946E-05 0.989654 9.9946E-05 9.9946E-05 0.00974607
9.9955E-05 9.9955E-05 9.9955E-05 0.00612462 0.983527 9.9955E-05 9.9955E-05 0.00984882
0.242156 0.398746 0.0700264 0.00321842 0.102129 9.9991E-05 0.0944873 0.0891372
0.215307 0.426721 0.0668307 0.00259053 0.116512 0.00753601 0.0878947 0.0766075
0.231416 0.396526 0.0161181 0.00786878 0.125943 0.0183169 0.150865 0.0529461
0.212226 0.363776 0.0673394 9.9982E-05 0.195182 9.9982E-05 0.0532515 0.108026
0.245912 0.342158 0.0353286 9.9991E-05 0.0965542 0.0502232 0.127307 0.102417
0.19332 0.30332 0.0130117 9.9991E-05 0.103249 0.154812 0.186109 0.0460782
0.146512 0.468356 0.0107011 9.9991E-05 0.183535 0.0390998 0.1123 0.0393961
0.223118 0.460514 9.9973E-05 9.9973E-05 0.131308 9.9973E-05 0.14062 0.0441403
0.131595 0.373216 0.0812673 9.9982E-05 0.215402 9.9982E-05 0.147991 0.050328
0.142241 0.370321 0.0601932 9.9991E-05 0.192306 0.00506515 0.16201 0.0677635
0.143675 0.445263 0.0690578 9.9991E-05 0.0913259 0.0691315 0.0931379 0.0883093
0.110622 0.354279 0.0461168 9.9991E-05 0.251967 0.0238437 0.162608 0.0504638
0.195941 0.476757 0.0748164 0.0133935 0.0588502 9.9991E-05 0.106348 0.073794
0.2274 0.436142 0.0587956 9.9991E-05 0.118132 0.0133017 0.0752306 0.0708988
0.92894 9.9955E-05 9.9955E-05 9.9955E-05 9.9955E-05 9.9955E-05 0.0243888 0.0461709
0.868204 9.9973E-05 9.9973E-05 9.9973E-05 0.024889 0.0483346 0.0135621 0.0447105
0.9993 9.994E-05 9.994E-05 9.994E-05 9.994E-05 9.994E-05 9.994E-05 9.994E-05
0.9993 9.994E-05 9.994E-05 9.994E-05 9.994E-05 9.994E-05 9.994E-05 9.994E-05
0.982934 9.9946E-05 9.9946E-05 9.9946E-05 9.9946E-05 9.9946E-05 9.9946E-05 0.0164661
0.995236 9.9955E-05 9.9955E-05 0.00372414 0.000539724 9.9955E-05 9.9955E-05 9.9955E-05
0.971415 0.00809312 9.9964E-05 9.9964E-05 9.9964E-05 0.0154426 0.0046494 9.9964E-05
0.763094 0.0218172 9.9973E-05 0.0302003 9.9973E-05 9.9973E-05 0.145227 0.0393612
0.985016 9.9946E-05 0.0143842 9.9946E-05 9.9946E-05 9.9946E-05 9.9946E-05 9.9946E-05
0.9993 9.994E-05 9.994E-05 9.994E-05 9.994E-05 9.994E-05 9.994E-05 9.994E-05
0.832023 9.9973E-05 0.0135183 0.0334013 0.0208106 9.9973E-05 0.0999469 9.9973E-05
0.987254 9.9946E-05 9.9946E-05 9.9946E-05 9.9946E-05 9.9946E-05 9.9946E-05 0.0121459
0.676244 0.164196 0.069506 0.00894764 0.0604109 9.9982E-05 0.0204956 9.9982E-05
9.994E-05 9.994E-05 0.9993 9.994E-05 9.994E-05 9.994E-05 9.994E-05 9.994E-05
0.170892 0.43944 0.0876375 9.9982E-05 0.182857 9.9982E-05 0.0739188 0.0450548
9.994E-05 9.994E-05 0.9993 9.994E-05 9.994E-05 9.994E-05 9.994E-05 9.994E-05
9.994E-05 9.994E-05 0.9993 9.994E-05 9.994E-05 9.994E-05 9.994E-05 9.994E-05
9.99461E-05 9.99461E-05 0.93857 9.99461E-05 9.99461E-05 9.99461E-05 0.0608301 9.99461E-05
0.0715317 0.113989 0.780733 0.0221093 0.0113375 9.9973E-05 9.9973E-05 9.9973E-05
9.994E-05 9.994E-05 0.9993 9.994E-05 9.994E-05 9.994E-05 9.994E-05 9.994E-05
0.000911686 0.0650554 0.875956 9.9964E-05 9.9964E-05 9.9964E-05 0.0576773 9.9964E-05
9.9946E-05 9.9946E-05 0.992607 9.9946E-05 9.9946E-05 9.9946E-05 0.00679358 9.9946E-05
0.0130792 0.0560349 0.927258 9.9973E-05 0.000220367 0.00310767 9.9973E-05 9.9973E-05
9.9946E-05 9.9946E-05 0.996684 0.00271661 9.9946E-05 9.9946E-05 9.9946E-05 9.9946E-05
9.9955E-05 0.0107462 0.988148 9.9955E-05 9.9955E-05 0.000606268 9.9955E-05 9.9955E-05
0.0114594 9.9955E-05 0.945802 9.9955E-05 0.0422386 9.9955E-05 9.9955E-05 9.9955E-05
0.0594872 0.0599738 0.787071 9.9991E-05 0.0244018 0.000242471 0.0122089 0.0565144
0.00972044 9.9973E-05 0.977674 0.00767031 9.9973E-05 9.9973E-05 0.00206437 0.00257099
0.0554475 0.0865785 0.813049 9.9973E-05 0.00880799 9.9973E-05 9.9973E-05 0.0358175
0.0293583 0.0521436 0.860279 9.9982E-05 0.0159183 9.9982E-05 0.0158894 0.0262115
9.9982E-05 0.0348491 0.874363 0.0179518 9.9982E-05 0.0241255 0.0115327 0.0369782
0.012652 0.0278873 0.930979 9.99818E-05 9.99818E-05 0.00457859 9.99818E-05 0.0236027
0.0483686 0.432054 0.0464557 0.0124694 0.0486787 9.9991E-05 0.157434 0.254439
0.0510904 0.379713 0.0300885 0.0725973 0.0810977 0.00867219 0.0912296 0.285511
0.00859383 0.391395 0.0552931 0.0383974 0.080006 9.9991E-05 0.15414 0.272074
0.0204618 0.443233 0.0673246 0.0468748 0.0637856 9.9991E-05 0.109977 0.248244
0.0294845 9.9946E-05 9.9946E-05 9.9946E-05 9.9946E-05 9.9946E-05 0.969916 9.9946E-05
9.994E-05 9.994E-05 9.994E-05 9.994E-05 9.994E-05 9.994E-05 0.9993 9.994E-05
9.9964E-05 9.9964E-05 0.000140169 0.00641785 9.9964E-05 9.9964E-05 0.952474 0.0405686
9.994E-05 9.994E-05 9.994E-05 9.994E-05 9.994E-05 9.994E-05 0.9993 9.994E-05
9.9946E-05 9.9946E-05 0.00874439 9.9946E-05 9.9946E-05 9.9946E-05 0.990656 9.9946E-05
9.9955E-05 9.9955E-05 0.00717402 9.9955E-05 0.00189166 9.9955E-05 0.990435 9.9955E-05
0.00625166 9.9982E-05 0.00930984 0.00201575 0.0214573 0.0124359 0.94833 9.9982E-05
0.0633265 0.0743295 0.00602668 0.0131445 9.9991E-05 0.0410852 0.767097 0.0348909
9.9973E-05 0.0496598 9.9973E-05 0.0200786 9.9973E-05 0.0390511 0.872373 0.0185377
0.00877419 0.0423399 9.9955E-05 9.9955E-05 9.9955E-05 9.9955E-05 9.9955E-05 0.948386
9.994E-05 9.994E-05 9.994E-05 9.994E-05 9.994E-05 9.994E-05 9.994E-05 0.9993
9.994E-05 9.994E-05 9.994E-05 9.994E-05 9.994E-05 9.994E-05 9.994E-05 0.9993
9.994E-05 9.994E-05 9.994E-05 9.994E-05 9.994E-05 9.994E-05 9.994E-05 0.9993
9.99461E-05 9.99461E-05 9.99461E-05 9.99461E-05 9.99461E-05 9.99461E-05 0.00851555 0.990885
9.9973E-05 9.9973E-05 9.9973E-05 0.0194475 0.0189149 0.00714031 0.00843952 0.945758
9.994E-05 9.994E-05 9.994E-05 9.994E-05 9.994E-05 9.994E-05 9.994E-05 0.9993
9.994E-05 9.994E-05 9.994E-05 9.994E-05 9.994E-05 9.994E-05 9.994E-05 0.9993
9.994E-05 9.994E-05 9.994E-05 9.994E-05 9.994E-05 9.994E-05 9.994E-05 0.9993
9.9964E-05 9.9964E-05 0.00811328 0.00277663 0.0053313 9.9964E-05 9.9964E-05 0.983379
9.994E-05 9.994E-05 9.994E-05 9.994E-05 9.994E-05 9.994E-05 9.994E-05 0.9993
0.0169862 9.9982E-05 0.00200955 0.000523902 9.9982E-05 0.0162289 0.0157672 0.948284
