9.99011E-05 0.998901 9.99011E-05 9.99011E-05 9.99011E-05 9.99011E-05 9.99011E-05 9.99011E-05 9.99011E-05 9.99011E-05 9.99011E-05 9.99011E-05
9.9937E-05 0.0872015 9.9937E-05 9.9937E-05 9.9937E-05 0.0534619 9.9937E-05 0.798969 9.9937E-05 0.00596121 9.9937E-05 0.0537065
9.9901E-05 9.9901E-05 9.9901E-05 9.9901E-05 0.998901 9.9901E-05 9.9901E-05 9.9901E-05 9.9901E-05 9.9901E-05 9.9901E-05 9.9901E-05
0.0769176 9.9928E-05 0.0880568 9.9928E-05 0.824327 9.9928E-05 9.9928E-05 9.9928E-05 9.9928E-05 0.00989888 9.9928E-05 9.9928E-05
9.9928E-05 9.9928E-05 0.0307943 9.9928E-05 0.0246805 0.0561176 9.9928E-05 0.887608 9.9928E-05 9.9928E-05 9.9928E-05 9.9928E-05
0.0589919 0.902483 9.9928E-05 9.9928E-05 9.9928E-05 0.0158669 0.0218584 9.9928E-05 9.9928E-05 9.9928E-05 9.9928E-05 9.9928E-05
9.9937E-05 0.39401 9.9937E-05 0.075731 9.9937E-05 9.9937E-05 9.9937E-05 0.445427 9.9937E-05 0.0190121 0.0651209 9.9937E-05
9.99011E-05 9.99011E-05 9.99011E-05 9.99011E-05 9.99011E-05 9.99011E-05 9.99011E-05 0.998901 9.99011E-05 9.99011E-05 9.99011E-05 9.99011E-05
9.9946E-05 0.347287 9.9946E-05 9.9946E-05 0.370824 9.9946E-05 0.0314573 0.0151217 0.0410647 9.9946E-05 9.9946E-05 0.193646
9.9946E-05 9.9946E-05 9.9946E-05 0.0275566 0.140079 9.9946E-05 9.9946E-05 0.512385 0.00632481 0.0141816 0.298873 9.9946E-05
0.0727249 9.9928E-05 9.9928E-05 9.9928E-05 9.9928E-05 0.880223 9.9928E-05 0.0327187 9.9928E-05 0.0135344 9.9928E-05 9.9928E-05
9.99011E-05 9.99011E-05 9.99011E-05 0.998901 9.99011E-05 9.99011E-05 9.99011E-05 9.99011E-05 9.99011E-05 9.99011E-05 9.99011E-05 9.99011E-05
0.0294567 0.152268 9.99281E-05 0.41956 9.99281E-05 0.397916 9.99281E-05 9.99281E-05 9.99281E-05 9.99281E-05 9.99281E-05 9.99281E-05
9.991E-05 9.991E-05 9.991E-05 0.976407 9.991E-05 9.991E-05 9.991E-05 9.991E-05 9.991E-05 0.0225939 9.991E-05 9.991E-05
9.9955E-05 0.0384533 9.9955E-05 0.16228 0.0798042 0.543154 0.0712016 9.9955E-05 9.9955E-05 0.0335522 0.0710548 9.9955E-05
0.644758 9.9964E-05 9.9964E-05 0.1854 0.0276717 0.0572963 0.00488038 0.0575333 0.00375972 0.0182999 9.9964E-05 9.9964E-05
0.948678 9.9919E-05 9.9919E-05 9.9919E-05 9.9919E-05 0.0402443 9.9919E-05 9.9919E-05 9.9919E-05 9.9919E-05 0.0101788 9.9919E-05
0.618689 9.9937E-05 0.0116589 9.9937E-05 0.0543929 9.9937E-05 9.9937E-05 9.9937E-05 0.180937 9.9937E-05 9.9937E-05 0.133623
0.109116 9.9973E-05 0.00554418 0.234258 9.9973E-05 0.547515 0.034251 9.9973E-05 0.0575585 0.00461754 0.000226461 0.00661347
0.716226 9.9946E-05 9.9946E-05 0.0106865 0.0960184 0.0245254 0.146088 0.00585569 9.9946E-05 9.9946E-05 9.9946E-05 9.9946E-05
0.412851 0.0533937 9.9946E-05 0.206563 9.9946E-05 0.0679996 0.211934 9.9946E-05 0.0466589 9.9946E-05 9.9946E-05 9.9946E-05
0.345204 9.9928E-05 9.9928E-05 9.9928E-05 9.9928E-05 0.194745 0.0673984 0.391853 9.9928E-05 9.9928E-05 9.9928E-05 9.9928E-05
0.882012 0.0659745 9.9928E-05 9.9928E-05 9.9928E-05 0.0268761 9.9928E-05 9.9928E-05 9.9928E-05 0.0243384 9.9928E-05 9.9928E-05
0.908497 9.9919E-05 9.9919E-05 9.9919E-05 9.9919E-05 9.9919E-05 9.9919E-05 9.9919E-05 0.0245107 9.9919E-05 0.0660931 9.9919E-05
0.0661539 9.9946E-05 9.9946E-05 0.685375 9.9946E-05 0.0634392 0.0125612 9.9946E-05 0.127676 9.9946E-05 9.9946E-05 0.0441948
9.9937E-05 0.0388967 9.9937E-05 0.77125 9.9937E-05 9.9937E-05 9.9937E-05 9.9937E-05 0.0510224 9.9937E-05 0.0972783 0.040853
9.9928E-05 9.9928E-05 0.0607387 9.9928E-05 9.9928E-05 0.732527 9.9928E-05 9.9928E-05 9.9928E-05 9.9928E-05 0.143435 0.0625004
0.0245493 9.9955E-05 9.9955E-05 0.0703765 0.0315244 0.474693 0.117066 0.00949732 0.271794 9.9955E-05 9.9955E-05 9.9955E-05
0.0224128 0.032593 9.9955E-05 0.18572 9.9955E-05 0.313651 0.217387 9.9955E-05 0.195205 9.9955E-05 9.9955E-05 0.0325305
9.991E-05 9.991E-05 9.991E-05 9.991E-05 9.991E-05 0.993717 9.991E-05 9.991E-05 0.00528394 9.991E-05 9.991E-05 9.991E-05
9.991E-05 9.991E-05 9.991E-05 9.991E-05 9.991E-05 9.991E-05 9.991E-05 9.991E-05 0.0299855 9.991E-05 9.991E-05 0.969015
9.9901E-05 9.9901E-05 9.9901E-05 9.9901E-05 9.9901E-05 9.9901E-05 9.9901E-05 9.9901E-05 9.9901E-05 9.9901E-05 9.9901E-05 0.998901
9.9937E-05 9.9937E-05 0.04586 9.9937E-05 9.9937E-05 0.000718139 0.819928 9.9937E-05 0.0741788 9.9937E-05 0.0586154 9.9937E-05
9.9901E-05 9.9901E-05 9.9901E-05 9.9901E-05 9.9901E-05 9.9901E-05 9.9901E-05 9.9901E-05 9.9901E-05 9.9901E-05 0.998901 9.9901E-05
9.9937E-05 9.9937E-05 9.9937E-05 0.0234767 9.9937E-05 0.230095 0.636165 9.9937E-05 9.9937E-05 0.000786789 9.9937E-05 0.108777
9.9946E-05 0.0428532 9.9946E-05 9.9946E-05 0.00762635 9.9946E-05 0.548322 9.9946E-05 0.0734995 9.9946E-05 0.313741 0.0133581
9.9919E-05 0.000664114 9.9919E-05 9.9919E-05 9.9919E-05 9.9919E-05 0.826631 0.171806 9.9919E-05 9.9919E-05 9.9919E-05 9.9919E-05
0.0578114 0.0446511 9.9955E-05 9.9955E-05 9.9955E-05 0.00139001 0.0281763 9.9955E-05 0.0780999 9.9955E-05 0.72311 0.0662615
9.991E-05 9.991E-05 9.991E-05 9.991E-05 9.991E-05 9.991E-05 0.992882 9.991E-05 9.991E-05 0.00611896 9.991E-05 9.991E-05
9.9937E-05 0.0255389 0.0108064 9.9937E-05 9.9937E-05 9.9937E-05 0.674812 9.9937E-05 0.285505 0.0026378 9.9937E-05 9.9937E-05
9.9928E-05 9.9928E-05 9.9928E-05 9.9928E-05 9.9928E-05 9.9928E-05 0.29824 0.036489 9.9928E-05 9.9928E-05 0.245231 0.419241
9.997E-05 9.997E-05 0.0891336 0.074475 0.0780271 0.0418742 0.0285947 0.0447911 0.311314 9.997E-05 0.296375 0.0351158
9.995E-05 9.995E-05 9.995E-05 0.0519983 0.00651492 0.00688007 0.449848 9.995E-05 0.0544878 9.995E-05 0.344299 0.0854713
9.9928E-05 9.9928E-05 9.9928E-05 0.021718 9.9928E-05 0.0376171 9.9928E-05 9.9928E-05 9.9928E-05 0.0215862 0.918279 9.9928E-05
9.99461E-05 9.99461E-05 0.425706 9.99461E-05 0.0459329 0.211322 9.99461E-05 9.99461E-05 0.205748 9.99461E-05 0.0690918 0.0416004
9.9973E-05 0.0270794 0.645827 0.0525217 9.9973E-05 0.0202537 0.0851232 0.0053524 0.0602713 0.0091556 9.9973E-05 0.094116
9.99371E-05 9.99371E-05 0.433274 9.99371E-05 9.99371E-05 9.99371E-05 9.99371E-05 9.99371E-05 0.145224 0.0331803 0.281172 0.106449
9.9919E-05 9.9919E-05 0.773161 9.9919E-05 9.9919E-05 9.9919E-05 9.9919E-05 9.9919E-05 0.0746537 9.9919E-05 9.9919E-05 0.151286
9.9955E-05 9.9955E-05 0.494599 0.112715 0.13727 9.9955E-05 0.247266 0.00164236 0.0053493 0.000659507 9.9955E-05 9.9955E-05
9.9946E-05 9.9946E-05 0.349784 0.130215 9.9946E-05 9.9946E-05 0.230834 0.0366317 0.101157 9.9946E-05 9.9946E-05 0.150778
0.0179227 9.9937E-05 0.824382 9.9937E-05 0.0229005 9.9937E-05 9.9937E-05 0.00555806 0.128537 9.9937E-05 9.9937E-05 9.9937E-05
9.99191E-05 0.00934246 0.974102 9.99191E-05 9.99191E-05 9.99191E-05 0.015656 9.99191E-05 9.99191E-05 9.99191E-05 9.99191E-05 9.99191E-05
0.0118137 0.0419025 0.775644 9.9928E-05 9.9928E-05 9.9928E-05 9.9928E-05 9.9928E-05 0.169841 9.9928E-05 9.9928E-05 9.9928E-05
0.0101063 9.9937E-05 0.73945 9.9937E-05 9.9937E-05 0.0876653 9.9937E-05 9.9937E-05 0.0758129 9.9937E-05 0.0862663 9.9937E-05
9.9937E-05 9.9937E-05 0.615022 9.9937E-05 9.9937E-05 9.9937E-05 9.9937E-05 9.9937E-05 0.0146702 0.0094873 0.136854 0.223266
9.99191E-05 9.99191E-05 0.910519 9.99191E-05 0.0408322 9.99191E-05 9.99191E-05 9.99191E-05 9.99191E-05 0.0477492 9.99191E-05 9.99191E-05
9.99371E-05 9.99371E-05 0.0198843 9.99371E-05 0.0369718 9.99371E-05 0.0254428 9.99371E-05 0.88238 9.99371E-05 9.99371E-05 0.0346213
9.9937E-05 0.0684767 0.142891 9.9937E-05 9.9937E-05 9.9937E-05 0.0400384 0.0313457 0.716549 9.9937E-05 9.9937E-05 9.9937E-05
9.9946E-05 9.9946E-05 0.0553171 9.9946E-05 9.9946E-05 0.0546717 9.9946E-05 0.0569401 0.753122 0.0108321 9.9946E-05 0.0685169
9.9946E-05 9.9946E-05 0.0428552 9.9946E-05 9.9946E-05 0.0346594 0.0858284 0.175583 0.65487 9.9946E-05 9.9946E-05 0.00560416
0.0186556 0.0382072 0.0763036 9.9937E-05 9.9937E-05 0.00716887 9.9937E-05 9.9937E-05 0.858965 9.9937E-05 9.9937E-05 9.9937E-05
9.9946E-05 9.9946E-05 9.9946E-05 9.9946E-05 0.0730574 0.010088 0.0106919 9.9946E-05 0.489651 0.0692932 0.346618 9.9946E-05
9.99191E-05 9.99191E-05 9.99191E-05 9.99191E-05 0.00260813 9.99191E-05 9.99191E-05 9.99191E-05 0.766332 9.99191E-05 0.230161 9.99191E-05
9.99191E-05 9.99191E-05 9.99191E-05 9.99191E-05 9.99191E-05 9.99191E-05 9.99191E-05 0.000304172 0.971587 0.0272093 9.99191E-05 9.99191E-05
9.9919E-05 9.9919E-05 9.9919E-05 0.044377 9.9919E-05 9.9919E-05 0.147011 9.9919E-05 0.807712 9.9919E-05 9.9919E-05 9.9919E-05
9.99101E-05 9.99101E-05 9.99101E-05 0.0278421 9.99101E-05 9.99101E-05 9.99101E-05 9.99101E-05 0.971159 9.99101E-05 9.99101E-05 9.99101E-05
9.99011E-05 9.99011E-05 9.99011E-05 9.99011E-05 9.99011E-05 9.99011E-05 9.99011E-05 9.99011E-05 0.998901 9.99011E-05 9.99011E-05 9.99011E-05
9.9928E-05 9.9928E-05 0.000518914 9.9928E-05 9.9928E-05 0.033586 0.0376162 9.9928E-05 0.92748 9.9928E-05 9.9928E-05 9.9928E-05
9.9937E-05 0.00413385 9.9937E-05 9.9937E-05 9.9937E-05 9.9937E-05 0.0165776 9.9937E-05 0.962569 0.0043297 9.9937E-05 0.0116899
9.99101E-05 9.99101E-05 0.0148056 9.99101E-05 9.99101E-05 9.99101E-05 9.99101E-05 9.99101E-05 0.984195 9.99101E-05 9.99101E-05 9.99101E-05
0.0284472 9.99281E-05 9.99281E-05 9.99281E-05 9.99281E-05 9.99281E-05 9.99281E-05 9.99281E-05 0.95563 0.00831365 9.99281E-05 0.00681006
9.995E-05 9.995E-05 9.995E-05 0.00629127 9.995E-05 9.995E-05 0.0324346 0.0948844 0.572979 0.0178154 0.0184268 0.256668
9.99191E-05 9.99191E-05 9.99191E-05 9.99191E-05 0.0195082 9.99191E-05 9.99191E-05 0.0667212 0.912871 9.99191E-05 9.99191E-05 9.99191E-05
9.99563E-05 0.0762927 0.0169435 0.00569192 9.99563E-05 9.99563E-05 0.0452139 9.99563E-05 0.730083 0.0495716 0.075704 9.99563E-05
0.0211944 9.9973E-05 0.0126783 0.0238532 0.0355746 0.0147889 9.9973E-05 0.0142251 0.34961 0.503482 9.9973E-05 0.0242931
9.9901E-05 9.9901E-05 9.9901E-05 9.9901E-05 9.9901E-05 9.9901E-05 9.9901E-05 9.9901E-05 9.9901E-05 0.998901 9.9901E-05 9.9901E-05
9.996E-05 0.029006 0.0115811 9.996E-05 0.0194092 0.0134555 0.0166683 9.996E-05 0.691855 0.0325925 0.185032 9.996E-05
