9.995E-05 9.995E-05 9.995E-05 0.9994 9.995E-05 9.995E-05 9.995E-05
9.9973E-05 9.9973E-05 0.600081 0.260325 0.0823933 9.9973E-05 0.0569013
9.9973E-05 9.9973E-05 0.572123 0.264727 0.0684532 9.9973E-05 0.0943976
9.9973E-05 0.101972 0.660718 0.236158 0.000852276 9.9973E-05 9.9973E-05
0.136889 0.0593609 0.664269 0.108157 9.9982E-05 0.0311233 9.9982E-05
9.9973E-05 0.219076 0.614188 0.138938 9.9973E-05 9.9973E-05 0.0274983
9.9955E-05 9.9955E-05 0.741605 0.257895 9.9955E-05 9.9955E-05 9.9955E-05
9.9982E-05 0.0463531 0.568112 0.276319 9.9982E-05 0.0173631 0.0916523
0.0194791 0.005782 0.72131 0.175869 0.0129534 9.9991E-05 0.0645063
9.995E-05 9.995E-05 9.995E-05 0.9994 9.995E-05 9.995E-05 9.995E-05
9.995E-05 9.995E-05 9.995E-05 0.9994 9.995E-05 9.995E-05 9.995E-05
9.995E-05 9.995E-05 9.995E-05 0.9994 9.995E-05 9.995E-05 9.995E-05
9.9964E-05 0.00579989 9.9964E-05 0.974477 9.9964E-05 0.0193228 9.9964E-05
0.00103206 0.0220692 0.0237161 0.948722 9.9982E-05 9.9982E-05 0.00426039
9.9982E-05 0.0272609 0.0140165 0.939282 0.0103988 9.9982E-05 0.00884228
0.0558161 0.261572 0.512215 0.170097 9.9973E-05 9.9973E-05 9.9973E-05
0.0893789 0.264578 0.285882 0.223797 0.050662 0.0288201 0.0568821
9.9973E-05 0.0725255 0.72407 0.181919 9.9973E-05 9.9973E-05 0.0211863
0.0400239 9.9964E-05 0.916097 9.9964E-05 0.043479 9.9964E-05 9.9964E-05
0.0283443 0.00223232 0.921765 9.9973E-05 9.9973E-05 0.0473587 9.9973E-05
0.0344411 0.0308018 0.895504 0.0375351 0.00151781 9.9982E-05 9.9982E-05
0.0126794 0.0819395 0.798979 9.9982E-05 9.9982E-05 0.0354177 0.070784
0.0412274 9.9973E-05 0.886938 9.9973E-05 0.020873 9.9973E-05 0.0506614
9.9973E-05 9.9973E-05 0.929356 0.0194508 9.9973E-05 0.0485122 0.00238144
0.009276 0.0571584 0.922587 9.9982E-05 0.00444448 0.00633433 9.9982E-05
0.0413847 0.306538 0.616657 9.9982E-05 9.9982E-05 0.0339541 0.00126678
0.130597 0.0656137 0.738381 9.9973E-05 9.9973E-05 9.9973E-05 0.0651089
9.9955E-05 9.9955E-05 0.975047 9.9955E-05 9.9955E-05 0.0244528 9.9955E-05
0.0417032 0.158688 0.737607 0.0364204 9.9991E-05 0.0243049 0.0011773
9.9964E-05 0.04408 0.895362 0.0601582 9.9964E-05 9.9964E-05 9.9964E-05
0.0270944 9.9982E-05 0.901162 0.0297918 0.0214274 0.0203247 9.9982E-05
0.0813295 0.101256 0.759264 9.9991E-05 0.0251444 0.0239401 0.00896584
0.0317804 0.161871 0.756765 9.9991E-05 0.0282275 0.00685925 0.0143966
9.999E-05 0.184034 0.579951 0.0414503 0.0215093 0.0950349 0.0779208
0.0210741 9.9973E-05 0.889552 9.9973E-05 9.9973E-05 0.031372 0.0577023
9.9964E-05 0.0341678 0.91005 0.0553826 9.9964E-05 9.9964E-05 9.9964E-05
9.9955E-05 0.530241 0.469259 9.9955E-05 9.9955E-05 9.9955E-05 9.9955E-05
0.117377 0.244857 0.55932 9.9991E-05 0.0317489 0.0191464 0.0274512
0.111117 0.267019 0.530179 9.9982E-05 0.0474639 9.9982E-05 0.044021
0.0348895 0.282124 0.600061 9.9982E-05 0.0360101 0.0467151 9.9982E-05
9.9973E-05 0.895974 0.0223518 9.9973E-05 9.9973E-05 0.0400557 0.0413184
0.0222762 0.827203 0.057055 0.0116105 0.0124653 0.029991 0.0393994
9.999E-05 0.653433 0.184518 0.0380874 0.0303427 0.0255299 0.067989
9.9964E-05 0.912983 0.0351324 9.9964E-05 9.9964E-05 9.9964E-05 0.051485
0.0212736 0.60498 0.269756 9.9982E-05 9.9982E-05 0.0198685 0.0839219
9.9973E-05 0.977959 0.00456481 0.00727723 9.9973E-05 9.9973E-05 0.00989859
9.99624E-05 0.988267 0.0112334 9.99624E-05 9.99624E-05 9.99624E-05 9.99624E-05
0.0247392 0.529639 0.412239 9.9982E-05 9.9982E-05 0.0047195 0.0284631
0.0061661 0.701714 0.102466 0.082584 9.9991E-05 0.0543139 0.0526564
9.9991E-05 0.400887 0.408174 0.0822437 0.0331613 0.061469 0.0139649
0.0582948 0.635187 0.201673 0.0673035 0.0209078 0.00788133 0.00875182
0.00882399 0.751778 0.197843 9.9973E-05 9.9973E-05 9.9973E-05 0.0412554
9.9973E-05 0.900686 0.0617912 0.0210817 9.9973E-05 9.9973E-05 0.0161414
0.0355831 0.717457 0.199777 0.0369702 9.9982E-05 0.0100121 9.9982E-05
0.0219853 0.652638 0.202148 0.0487497 0.0307749 0.0436045 9.9991E-05
9.9982E-05 0.691192 0.189465 9.9982E-05 0.00333918 0.0273989 0.0884052
0.0519486 0.524898 0.229076 0.0759777 9.9991E-05 0.0265782 0.0914216
0.086169 0.676999 0.218719 9.9973E-05 0.0178136 9.9973E-05 9.9973E-05
9.9973E-05 0.931486 0.0204684 0.0247678 9.9973E-05 9.9973E-05 0.022978
0.048739 0.634954 0.229821 0.0529215 9.9982E-05 9.9982E-05 0.0333651
0.119119 0.626222 0.233004 9.9973E-05 9.9973E-05 0.0213549 9.9973E-05
9.9973E-05 0.929966 9.9973E-05 0.024671 0.0213586 0.0237044 9.9973E-05
0.0356425 0.747728 0.14414 9.9991E-05 0.0287716 0.000131362 0.0434861
9.9973E-05 0.922786 9.9973E-05 0.0103928 9.9973E-05 0.01516 0.0513617
9.9964E-05 0.889648 0.103448 0.00650449 9.9964E-05 9.9964E-05 9.9964E-05
9.9964E-05 0.958152 9.9964E-05 0.00793811 9.9964E-05 9.9964E-05 0.0335104
9.9955E-05 0.998011 9.9955E-05 9.9955E-05 0.00148939 9.9955E-05 9.9955E-05
9.9982E-05 0.978373 9.9982E-05 0.00375079 0.000523561 0.0122172 0.00493545
0.0320842 0.598957 0.348953 9.9982E-05 9.9982E-05 0.00432215 0.015484
9.99551E-05 0.989344 9.99551E-05 9.99551E-05 9.99551E-05 9.99551E-05 0.0101563
9.9982E-05 0.724918 0.129303 0.0214331 0.0519257 9.9982E-05 0.0722202
0.0184508 0.848914 0.045669 9.9991E-05 0.0135896 0.0409079 0.0323685
9.9955E-05 0.917747 9.9955E-05 0.0817535 9.9955E-05 9.9955E-05 9.9955E-05
0.00901969 0.931099 9.9964E-05 0.0594819 9.9964E-05 9.9964E-05 9.9964E-05
9.9964E-05 0.886479 9.9964E-05 0.0470607 9.9964E-05 0.0660606 9.9964E-05
0.0856478 0.896859 9.9964E-05 0.0170934 9.9964E-05 9.9964E-05 9.9964E-05
9.9955E-05 0.959263 9.9955E-05 9.9955E-05 9.9955E-05 9.9955E-05 0.0402367
0.008576 0.841582 0.0330269 0.00773693 0.089732 0.00787711 0.0114688
0.0192332 0.798595 9.9982E-05 9.9982E-05 0.133219 0.0479172 0.000835943
0.0386042 0.800774 9.9982E-05 9.9982E-05 0.122774 0.0298451 0.0078035
0.02195 0.885067 9.9973E-05 9.9973E-05 0.0763394 0.0163437 9.9973E-05
0.0485616 0.808563 9.9973E-05 9.9973E-05 0.128955 0.0136211 9.9973E-05
0.014913 0.853339 9.9982E-05 9.9982E-05 0.0829668 0.0267845 0.0217966
0.00436488 0.731423 0.12483 9.9982E-05 0.0594756 0.0797061 9.9982E-05
0.0805592 0.612946 0.0164122 0.0297076 0.151947 0.108328 9.9991E-05
0.0210551 0.657307 0.0466177 0.0111676 0.163751 0.0570465 0.0430555
0.0484869 0.575025 0.091609 0.0470463 0.0484103 0.0943702 0.095052
0.0568469 0.648577 0.10252 9.9982E-05 0.11115 0.0807059 9.9982E-05
0.0472334 0.632144 0.0781656 9.9991E-05 0.145245 0.0823132 0.0147979
0.153379 0.508781 0.0205303 0.0136108 0.105274 0.124592 0.0738331
0.0249217 0.604129 0.0402406 0.0463851 0.160967 0.0648478 0.0585082
9.9991E-05 0.601073 0.0988913 0.0272648 0.157463 0.0708315 0.0443768
0.172425 0.456053 0.0400566 0.0181702 0.196551 0.0423922 0.0743523
9.995E-05 9.995E-05 9.995E-05 9.995E-05 0.9994 9.995E-05 9.995E-05
9.9973E-05 0.0254089 9.9973E-05 0.0115204 0.919393 0.0433773 9.9973E-05
0.014202 0.04328 0.0264507 0.0160851 0.899782 9.9982E-05 9.9982E-05
9.995E-05 9.995E-05 9.995E-05 9.995E-05 0.9994 9.995E-05 9.995E-05
9.995E-05 9.995E-05 9.995E-05 9.995E-05 0.9994 9.995E-05 9.995E-05
9.995E-05 9.995E-05 9.995E-05 9.995E-05 0.9994 9.995E-05 9.995E-05
9.995E-05 9.995E-05 9.995E-05 9.995E-05 0.9994 9.995E-05 9.995E-05
0.00505094 0.00235005 0.0811834 9.9991E-05 0.893391 0.0108073 0.00711694
9.9955E-05 9.9955E-05 9.9955E-05 0.00114989 0.99835 9.9955E-05 9.9955E-05
9.995E-05 9.995E-05 9.995E-05 9.995E-05 0.9994 9.995E-05 9.995E-05
0.0988702 0.287742 0.111405 0.00225631 0.144262 0.285353 0.0701114
9.9982E-05 0.0928277 9.9982E-05 0.000988186 0.883948 0.0143368 0.00769928
9.9955E-05 9.9955E-05 9.9955E-05 9.9955E-05 0.98968 9.9955E-05 0.00982027
0.00532365 9.9964E-05 9.9964E-05 9.9964E-05 0.978273 0.0160038 9.9964E-05
0.116263 0.526189 9.9982E-05 9.9982E-05 0.113098 0.204329 0.0399215
0.089757 0.536884 9.9982E-05 9.9982E-05 0.117233 0.190042 0.0658833
0.0810036 0.528667 9.9991E-05 0.0140088 0.129441 0.164896 0.0818843
0.0571588 0.515379 0.00955771 9.9991E-05 0.163102 0.186556 0.0681468
0.116503 0.479521 9.9982E-05 9.9982E-05 0.151998 0.198351 0.0534272
0.0474009 0.471525 0.143358 9.9991E-05 0.100444 0.220062 0.0171099
0.0800642 0.532834 0.0338495 9.9991E-05 0.152 0.167897 0.0332555
0.0799756 0.570243 9.9973E-05 9.9973E-05 0.144794 0.204688 9.9973E-05
0.137446 0.51323 9.9982E-05 9.9982E-05 0.219745 0.0621846 0.0671941
0.0907471 0.55884 0.0161245 0.00465023 0.200419 0.0797141 0.0495056
0.101196 0.604087 0.0356961 9.9991E-05 0.117053 0.113343 0.0285249
0.119944 0.519713 0.0125089 9.9991E-05 0.240003 0.0861665 0.0215651
0.0890678 0.615515 9.9982E-05 9.9982E-05 0.0527264 0.139165 0.103327
0.0435968 0.570464 0.00368094 9.9991E-05 0.123471 0.208093 0.0505942
9.9982E-05 0.0763467 0.00541578 9.9982E-05 0.00703067 0.888131 0.0228761
0.0683589 9.9982E-05 0.0100687 0.00722414 0.0271827 0.886966 9.9982E-05
9.995E-05 9.995E-05 9.995E-05 9.995E-05 9.995E-05 0.9994 9.995E-05
9.995E-05 9.995E-05 9.995E-05 9.995E-05 9.995E-05 0.9994 9.995E-05
9.995E-05 9.995E-05 9.995E-05 9.995E-05 9.995E-05 0.9994 9.995E-05
9.995E-05 9.995E-05 9.995E-05 9.995E-05 9.995E-05 0.9994 9.995E-05
9.9955E-05 9.9955E-05 9.9955E-05 0.00874456 9.9955E-05 0.990756 9.9955E-05
0.0242894 0.128469 0.0319542 0.00625149 0.0410668 0.767869 9.9991E-05
9.995E-05 9.995E-05 9.995E-05 9.995E-05 9.995E-05 0.9994 9.995E-05
9.995E-05 9.995E-05 9.995E-05 9.995E-05 9.995E-05 0.9994 9.995E-05
0.0196101 9.9982E-05 0.0305738 0.0111396 0.0598707 0.878606 9.9982E-05
9.9955E-05 9.9955E-05 9.9955E-05 0.00453783 9.9955E-05 0.994962 9.9955E-05
0.0352858 0.0951997 9.9982E-05 9.9982E-05 0.0160288 0.760539 0.0927468
9.995E-05 9.995E-05 9.995E-05 9.995E-05 9.995E-05 9.995E-05 0.9994
0.0610832 0.485377 9.9982E-05 9.9982E-05 0.206851 0.179427 0.0670621
9.995E-05 9.995E-05 9.995E-05 9.995E-05 9.995E-05 9.995E-05 0.9994
9.995E-05 9.995E-05 9.995E-05 9.995E-05 9.995E-05 9.995E-05 0.9994
9.9964E-05 9.9964E-05 9.9964E-05 0.008674 0.0376347 9.9964E-05 0.953291
9.9982E-05 0.13507 0.0275696 9.9982E-05 0.00395956 0.0989879 0.734213
9.995E-05 9.995E-05 9.995E-05 9.995E-05 9.995E-05 9.995E-05 0.9994
9.9973E-05 0.0260391 9.9973E-05 0.0255155 9.9973E-05 0.0319913 0.916154
9.9955E-05 9.9955E-05 9.9955E-05 9.9955E-05 0.00711472 9.9955E-05 0.992386
9.9964E-05 9.9964E-05 0.0298633 9.9964E-05 9.9964E-05 0.0256764 0.94406
9.9955E-05 9.9955E-05 9.9955E-05 0.0186231 9.9955E-05 9.9955E-05 0.980877
0.00608602 9.9973E-05 9.9973E-05 9.9973E-05 0.0010059 0.0144597 0.978148
9.9973E-05 0.000524269 9.9973E-05 9.9973E-05 0.00924252 0.0326994 0.957234
0.0400824 0.0526248 0.022147 9.9991E-05 0.0181785 0.060251 0.806616
0.00729649 0.0642126 0.0120719 9.9973E-05 9.9973E-05 9.9973E-05 0.916119
9.9964E-05 0.123913 9.9964E-05 9.9964E-05 0.0310775 9.9964E-05 0.844609
0.0714201 0.0682502 9.9973E-05 0.00556958 9.9973E-05 9.9973E-05 0.85446
0.0634619 0.0578127 0.0444332 0.0123718 9.9982E-05 9.9982E-05 0.82172
9.9964E-05 9.9964E-05 9.9964E-05 9.9964E-05 0.0211112 0.0493599 0.929129
0.37107 0.504639 9.9982E-05 0.0185792 0.0701458 9.9982E-05 0.035366
0.382952 0.486985 9.9982E-05 0.0289362 0.0476146 0.0533121 9.9982E-05
0.346607 0.459911 9.9982E-05 0.0372513 0.122602 9.9982E-05 0.0334288
0.307106 0.513006 9.9982E-05 0.0287456 0.0950501 9.9982E-05 0.0558923
0.412518 0.248211 0.0307873 9.9991E-05 0.192809 0.0530933 0.0624813
0.580969 9.99821E-05 0.0275117 9.99821E-05 0.248052 0.0228942 0.120373
0.471043 0.141053 0.0470775 9.9991E-05 0.231618 0.0203602 0.0887494
0.52283 0.0734965 0.0138465 9.9991E-05 0.27079 0.0125207 0.106417
0.399051 0.154031 0.0304714 0.0160349 0.266368 0.0451614 0.0888824
0.451349 0.139326 0.0370408 9.9991E-05 0.244559 0.0224193 0.105207
0.426158 0.208698 0.0321428 0.00497123 0.232545 0.0130026 0.0824814
0.348338 0.19965 0.146414 9.9991E-05 0.13965 0.0391241 0.126723
0.327579 0.291344 0.126011 9.9982E-05 0.15108 9.9982E-05 0.103785
0.9994 9.995E-05 9.995E-05 9.995E-05 9.995E-05 9.995E-05 9.995E-05
0.9994 9.995E-05 9.995E-05 9.995E-05 9.995E-05 9.995E-05 9.995E-05
0.9994 9.995E-05 9.995E-05 9.995E-05 9.995E-05 9.995E-05 9.995E-05
0.966905 9.9973E-05 9.9973E-05 0.0122355 9.9973E-05 0.0198526 0.000706822
0.9994 9.995E-05 9.995E-05 9.995E-05 9.995E-05 9.995E-05 9.995E-05
0.884089 0.0550293 0.0420144 0.0185677 9.9973E-05 9.9973E-05 9.9973E-05
0.9994 9.995E-05 9.995E-05 9.995E-05 9.995E-05 9.995E-05 9.995E-05
0.9994 9.995E-05 9.995E-05 9.995E-05 9.995E-05 9.995E-05 9.995E-05
0.9994 9.995E-05 9.995E-05 9.995E-05 9.995E-05 9.995E-05 9.995E-05
0.970515 9.9955E-05 9.9955E-05 9.9955E-05 9.9955E-05 0.0289854 9.9955E-05
0.9994 9.995E-05 9.995E-05 9.995E-05 9.995E-05 9.995E-05 9.995E-05
0.9994 9.995E-05 9.995E-05 9.995E-05 9.995E-05 9.995E-05 9.995E-05
