9.995E-05 9.995E-05 9.995E-05 9.995E-05 0.9994 9.995E-05 9.995E-05
0.073873 0.0543681 9.9973E-05 9.9973E-05 0.366848 9.9973E-05 0.504611
0.0717469 0.0371146 9.9973E-05 9.9973E-05 0.367609 9.9973E-05 0.523229
9.99551E-05 9.99551E-05 9.99551E-05 9.99551E-05 0.321806 9.99551E-05 0.677694
9.9982E-05 9.9982E-05 0.0376317 0.0797737 0.187722 0.00420759 0.690465
0.00808492 0.00545349 9.9973E-05 9.9973E-05 0.218529 9.9973E-05 0.767632
9.9955E-05 9.9955E-05 9.9955E-05 9.9955E-05 0.379836 9.9955E-05 0.619664
0.0602035 9.9964E-05 9.9964E-05 9.9964E-05 0.363731 9.9964E-05 0.575666
0.0356188 9.9973E-05 0.0165147 9.9973E-05 0.263157 9.9973E-05 0.68441
9.995E-05 9.995E-05 9.995E-05 9.995E-05 0.9994 9.995E-05 9.995E-05
9.995E-05 9.995E-05 9.995E-05 9.995E-05 0.9994 9.995E-05 9.995E-05
9.995E-05 9.995E-05 9.995E-05 9.995E-05 0.9994 9.995E-05 9.995E-05
9.995E-05 9.995E-05 9.995E-05 9.995E-05 0.9994 9.995E-05 9.995E-05
9.9964E-05 9.9964E-05 9.9964E-05 0.0688203 0.92903 9.9964E-05 0.00174987
9.9964E-05 9.9964E-05 9.9964E-05 0.0138856 0.969075 0.01664 9.9964E-05
0.0275544 9.9982E-05 0.0349474 9.9982E-05 0.216822 0.0118479 0.708628
0.0607412 0.0125168 0.0289899 0.101026 0.243874 0.0655672 0.487285
9.9955E-05 9.9955E-05 9.9955E-05 9.9955E-05 0.298573 9.9955E-05 0.700927
9.9964E-05 9.9964E-05 9.9964E-05 0.0277576 0.034402 9.9964E-05 0.937441
9.99551E-05 9.99551E-05 9.99551E-05 0.000520696 9.99551E-05 9.99551E-05 0.99898
9.9964E-05 9.9964E-05 0.0408824 9.9964E-05 0.12266 9.9964E-05 0.836057
0.0119304 9.9973E-05 9.9973E-05 0.0434739 0.0410307 9.9973E-05 0.903265
9.9964E-05 9.9964E-05 9.9964E-05 0.058454 0.0666975 9.9964E-05 0.874449
9.9955E-05 9.9955E-05 9.9955E-05 9.9955E-05 0.0555548 9.9955E-05 0.943945
9.99551E-05 9.99551E-05 9.99551E-05 9.99551E-05 0.0750317 9.99551E-05 0.924469
9.9973E-05 9.9973E-05 0.0529596 9.9973E-05 0.0114283 0.0234135 0.911899
0.0499781 9.9982E-05 0.0655517 0.02228 0.0751895 9.9982E-05 0.786801
9.99551E-05 9.99551E-05 9.99551E-05 9.99551E-05 0.0428947 9.99551E-05 0.956606
9.9973E-05 9.9973E-05 9.9973E-05 0.0227302 0.0867745 0.00541641 0.884779
9.9955E-05 9.9955E-05 9.9955E-05 9.9955E-05 0.140636 9.9955E-05 0.858864
9.9973E-05 9.9973E-05 0.0139075 0.050991 0.0947185 9.9973E-05 0.840083
9.99641E-05 9.99641E-05 0.0171349 9.99641E-05 0.0308663 9.99641E-05 0.951599
0.0639437 0.0141005 0.0169735 9.9982E-05 0.0407396 9.9982E-05 0.864043
0.065107 0.0230793 9.9982E-05 9.9982E-05 0.0960093 0.0476654 0.767939
9.9973E-05 9.9973E-05 0.0136143 0.111946 0.0561289 9.9973E-05 0.818011
9.9955E-05 9.9955E-05 9.9955E-05 9.9955E-05 0.135309 9.9955E-05 0.864191
9.9955E-05 9.9955E-05 9.9955E-05 0.0464609 9.9955E-05 9.9955E-05 0.953039
0.0245742 0.00528278 0.0715385 0.0679994 0.0214376 0.00663815 0.802529
0.0531546 0.0504517 0.0849241 9.9982E-05 0.0206715 9.9982E-05 0.790598
9.9982E-05 0.00917762 0.0452715 0.0430659 0.0240087 9.9982E-05 0.878276
0.0552852 0.0754749 0.0186569 9.9982E-05 9.9982E-05 0.133784 0.716599
0.138364 0.0598052 0.0872606 0.0514788 0.0133538 0.0250587 0.624679
0.121905 0.0553222 9.9982E-05 9.9982E-05 0.0521234 0.0752027 0.695247
0.0914863 0.0614859 0.0805546 9.9982E-05 9.9982E-05 0.063154 0.703119
0.0700739 9.9973E-05 0.0818346 9.9973E-05 9.9973E-05 0.0424104 0.805381
0.024385 9.9964E-05 0.0576238 9.9964E-05 9.9964E-05 9.9964E-05 0.917591
0.0224481 9.9964E-05 0.0451485 9.9964E-05 9.9964E-05 9.9964E-05 0.932004
0.0390713 9.9982E-05 0.0343511 0.0329645 9.9982E-05 0.0188749 0.874538
0.0338034 9.9982E-05 0.0873024 9.9982E-05 0.0888666 0.116637 0.673191
0.0112447 0.0530441 0.0112188 9.9991E-05 0.115274 0.0544315 0.754687
0.0673578 0.0226747 0.0969712 9.9991E-05 0.0226372 0.0150537 0.775205
0.0796922 9.9982E-05 0.0127472 0.0198478 9.9982E-05 0.0583397 0.829173
0.072926 0.00632445 0.0816342 0.0270303 9.9991E-05 0.0418627 0.770122
9.9991E-05 0.0264711 0.0832079 0.120136 0.027657 0.0673804 0.675048
0.0125726 0.0460416 0.0438348 0.0754268 0.0510499 0.102498 0.668576
0.123901 0.0166531 0.0089207 0.00807326 9.9991E-05 0.106052 0.7363
0.0580231 9.9991E-05 0.0731597 0.049578 0.0590135 0.0642044 0.695921
9.9982E-05 0.06179 0.0785975 0.0736675 9.9982E-05 0.0578861 0.727859
0.0723028 9.9964E-05 0.0846573 9.9964E-05 9.9964E-05 9.9964E-05 0.84264
0.0459611 0.049372 0.128744 9.9991E-05 0.0341024 0.0520968 0.689624
9.9982E-05 0.00340312 0.103137 0.0214722 9.9982E-05 0.0854497 0.786338
0.00270319 0.0631112 0.054883 9.9991E-05 0.00259704 0.120673 0.755933
0.0809508 0.083074 0.0351053 0.00718426 9.9991E-05 0.0632014 0.730384
0.0822383 0.0698965 0.06106 0.136219 9.9991E-05 0.0687678 0.581718
9.9982E-05 0.00527245 0.0831956 0.00301213 9.9982E-05 0.109136 0.799184
0.078807 0.0307197 0.0407149 0.110009 9.9991E-05 0.0655352 0.674114
0.0237587 0.0919144 0.0539386 0.0424172 9.9991E-05 0.109601 0.67827
0.103214 0.0235839 0.0281429 0.13801 0.00667562 0.121692 0.578681
0.0400837 0.00798275 0.0586284 0.0221143 9.9991E-05 0.0306782 0.840413
0.0742367 0.0164235 9.9982E-05 0.0942539 9.9982E-05 0.109971 0.704915
0.0822812 0.0753594 9.9982E-05 9.9982E-05 0.0208591 0.0873777 0.733923
0.0726803 0.0883002 0.035216 0.0106863 9.9991E-05 0.128659 0.664358
0.0328908 0.00158757 0.092724 0.0152538 0.0444864 0.0110382 0.802019
0.0450205 0.0226092 0.0717838 9.9982E-05 9.9982E-05 0.0715985 0.788788
0.065206 0.0121224 0.0447995 0.0723078 0.0611356 0.154446 0.589983
9.9982E-05 0.0286029 0.128442 0.0573325 9.9982E-05 0.0778843 0.707539
0.0630172 0.0570801 0.0146643 0.0437436 9.9991E-05 0.0283465 0.793048
0.0353161 0.123493 9.9982E-05 0.169003 9.9982E-05 0.10918 0.562808
0.103261 0.130195 0.107384 0.0767064 9.9991E-05 0.102218 0.480136
0.0589318 0.145214 0.10192 0.108281 9.9991E-05 0.166614 0.418939
0.0798028 0.120166 0.107611 0.0678281 9.9991E-05 0.161436 0.463056
0.0505681 0.168532 0.0741768 0.113138 9.9991E-05 0.126627 0.466858
0.0936568 0.125579 0.0815195 0.0766725 9.9991E-05 0.142521 0.479951
0.0133161 0.143376 0.0563437 0.0202538 0.00843367 0.16878 0.589497
0.051513 0.222321 0.0189352 0.056042 0.00514658 0.13194 0.514103
0.10904 0.226324 0.0750393 9.9991E-05 0.00489186 0.104873 0.479732
0.1042 0.0896676 0.0930696 0.0392654 0.0188476 0.102434 0.552517
9.9973E-05 0.156967 0.0760544 9.9973E-05 9.9973E-05 0.171269 0.59541
0.0760817 0.168961 0.108221 0.104783 9.9991E-05 0.131398 0.410456
0.0866674 0.112076 0.15347 0.0235299 9.9991E-05 0.202691 0.421465
0.0678066 0.110944 0.00617897 0.227881 0.013079 0.0819909 0.492119
0.0620446 0.0893717 9.9991E-05 0.230388 0.0315711 0.122991 0.463533
0.153812 0.192817 0.177313 0.0154894 0.0132031 0.102035 0.34533
9.9955E-05 0.996961 9.9955E-05 9.9955E-05 0.00253951 9.9955E-05 9.9955E-05
9.9964E-05 0.946169 9.9964E-05 9.9964E-05 0.0246686 0.0287625 9.9964E-05
9.9982E-05 0.863358 0.0368631 0.0688055 9.9982E-05 0.0224933 0.00828019
9.995E-05 0.9994 9.995E-05 9.995E-05 9.995E-05 9.995E-05 9.995E-05
9.995E-05 0.9994 9.995E-05 9.995E-05 9.995E-05 9.995E-05 9.995E-05
9.995E-05 0.9994 9.995E-05 9.995E-05 9.995E-05 9.995E-05 9.995E-05
9.995E-05 0.9994 9.995E-05 9.995E-05 9.995E-05 9.995E-05 9.995E-05
0.030712 0.901457 9.9973E-05 9.9973E-05 0.0148351 9.9973E-05 0.0526957
9.9955E-05 0.996121 0.0033789 9.9955E-05 9.9955E-05 9.9955E-05 9.9955E-05
9.995E-05 0.9994 9.995E-05 9.995E-05 9.995E-05 9.995E-05 9.995E-05
0.0810324 0.121821 0.1068 0.0879574 9.9991E-05 0.317257 0.285032
9.9982E-05 0.912367 0.00685365 0.0564125 0.00617012 9.9982E-05 0.017997
9.9955E-05 0.98699 0.0125104 9.9955E-05 9.9955E-05 9.9955E-05 9.9955E-05
9.9964E-05 0.979853 9.9964E-05 0.0166141 0.00313299 9.9964E-05 9.9964E-05
0.0432887 0.153739 0.136264 0.115227 9.9991E-05 0.273069 0.278312
0.112186 0.123455 0.0978605 0.102009 9.9991E-05 0.259699 0.304691
0.0586694 0.126847 0.0803518 0.183306 9.9991E-05 0.231667 0.319059
0.0992473 0.155018 0.143288 0.0875341 9.9991E-05 0.213774 0.301038
0.0651181 0.127483 0.122173 0.142126 9.9991E-05 0.256597 0.286404
0.0126818 0.0999849 0.0895677 0.179437 9.9991E-05 0.183572 0.434657
0.0633237 0.195718 0.00186233 0.135814 0.0153728 0.175377 0.412532
9.9982E-05 0.161431 0.0701675 0.165749 9.9982E-05 0.276875 0.325577
0.110151 0.266413 0.0422744 0.153075 9.9991E-05 0.144387 0.2836
0.0930252 0.211409 0.0856622 0.182606 9.9991E-05 0.165969 0.261228
0.0982186 0.12348 0.109338 0.103658 9.9991E-05 0.174052 0.391153
0.0674313 0.187697 0.103627 0.199825 9.9991E-05 0.132946 0.308373
0.111944 0.0739088 0.123011 0.122922 9.9991E-05 0.222622 0.345492
0.0941209 0.129165 0.0829275 0.0905566 9.9991E-05 0.246431 0.356698
0.0169188 0.00680986 0.00664965 0.0197554 0.00580672 0.94396 9.9991E-05
9.9973E-05 0.0638093 0.0472542 9.9973E-05 0.00566963 0.882967 9.9973E-05
9.995E-05 9.995E-05 9.995E-05 9.995E-05 9.995E-05 0.9994 9.995E-05
9.9955E-05 9.9955E-05 0.0099899 9.9955E-05 9.9955E-05 0.98951 9.9955E-05
9.995E-05 9.995E-05 9.995E-05 9.995E-05 9.995E-05 0.9994 9.995E-05
9.995E-05 9.995E-05 9.995E-05 9.995E-05 9.995E-05 0.9994 9.995E-05
9.995E-05 9.995E-05 9.995E-05 9.995E-05 9.995E-05 0.9994 9.995E-05
9.9964E-05 9.9964E-05 9.9964E-05 0.170892 0.0511254 0.777583 9.9964E-05
0.00214795 9.9955E-05 9.9955E-05 9.9955E-05 9.9955E-05 0.997352 9.9955E-05
9.995E-05 9.995E-05 9.995E-05 9.995E-05 9.995E-05 0.9994 9.995E-05
9.9973E-05 0.0292186 9.9973E-05 0.0329265 0.0292234 0.908332 9.9973E-05
9.995E-05 9.995E-05 9.995E-05 9.995E-05 9.995E-05 0.9994 9.995E-05
0.0780191 0.0205163 0.00918913 0.097499 9.9991E-05 0.728594 0.0660826
0.9994 9.995E-05 9.995E-05 9.995E-05 9.995E-05 9.995E-05 9.995E-05
0.113478 0.171367 0.12541 0.115486 9.9991E-05 0.213062 0.261096
0.9994 9.995E-05 9.995E-05 9.995E-05 9.995E-05 9.995E-05 9.995E-05
0.9994 9.995E-05 9.995E-05 9.995E-05 9.995E-05 9.995E-05 9.995E-05
0.937286 0.0175817 9.9964E-05 0.0447325 9.9964E-05 9.9964E-05 9.9964E-05
0.830381 0.00496463 0.0703612 9.9982E-05 9.9982E-05 0.0201477 0.0739455
0.9994 9.995E-05 9.995E-05 9.995E-05 9.995E-05 9.995E-05 9.995E-05
0.854286 9.9982E-05 9.9982E-05 0.0613387 0.0390566 0.0197027 0.025416
0.9994 9.995E-05 9.995E-05 9.995E-05 9.995E-05 9.995E-05 9.995E-05
0.994566 9.9955E-05 9.9955E-05 9.9955E-05 9.9955E-05 0.00493405 9.9955E-05
0.9994 9.995E-05 9.995E-05 9.995E-05 9.995E-05 9.995E-05 9.995E-05
0.9994 9.995E-05 9.995E-05 9.995E-05 9.995E-05 9.995E-05 9.995E-05
0.957643 0.014482 9.9964E-05 9.9964E-05 9.9964E-05 0.027475 9.9964E-05
0.811149 0.0534216 0.0812848 9.9973E-05 9.9973E-05 0.0538446 9.9973E-05
0.928556 9.9964E-05 0.0182475 0.0527968 9.9964E-05 9.9964E-05 9.9964E-05
0.873042 0.0299988 9.9991E-05 0.0415915 0.00503241 0.030502 0.019733
0.884391 9.9991E-05 0.0843754 0.00500652 0.00446114 0.0130938 0.00857242
0.858735 9.9973E-05 0.0302117 0.00885957 9.9973E-05 9.9973E-05 0.101894
0.944175 0.0133717 0.00390635 0.0092243 0.00351226 0.02571 9.9991E-05
0.0561674 0.101931 0.277476 0.135869 0.0181876 0.123612 0.286757
0.0409315 0.0486819 0.285669 0.146936 0.0173645 0.157424 0.302993
0.0771925 0.146528 0.273187 0.152453 0.027145 0.0593498 0.264145
0.0619799 0.0824132 0.287981 0.139911 0.0199073 0.0907265 0.317081
9.9964E-05 9.9964E-05 9.9964E-05 0.959001 0.00230381 0.0382953 9.9964E-05
9.995E-05 9.995E-05 9.995E-05 0.9994 9.995E-05 9.995E-05 9.995E-05
9.995E-05 9.995E-05 9.995E-05 0.9994 9.995E-05 9.995E-05 9.995E-05
9.995E-05 9.995E-05 9.995E-05 0.9994 9.995E-05 9.995E-05 9.995E-05
9.995E-05 9.995E-05 9.995E-05 0.9994 9.995E-05 9.995E-05 9.995E-05
0.0268637 0.000395816 0.0015013 0.970939 9.9973E-05 9.9973E-05 9.9973E-05
0.00145871 0.0112751 0.0534778 0.933488 9.9973E-05 9.9973E-05 9.9973E-05
0.0295751 0.00788326 0.028837 0.794877 0.0658426 0.0724198 0.000565324
9.9973E-05 9.9973E-05 9.9973E-05 0.865223 0.0159887 0.0360511 0.0824374
9.995E-05 9.995E-05 0.9994 9.995E-05 9.995E-05 9.995E-05 9.995E-05
9.9955E-05 9.9955E-05 0.998609 0.000891505 9.9955E-05 9.9955E-05 9.9955E-05
0.0130983 9.9955E-05 0.986402 9.9955E-05 9.9955E-05 9.9955E-05 9.9955E-05
9.995E-05 9.995E-05 0.9994 9.995E-05 9.995E-05 9.995E-05 9.995E-05
9.995E-05 9.995E-05 0.9994 9.995E-05 9.995E-05 9.995E-05 9.995E-05
0.00788005 0.0358821 0.871098 0.0444224 0.0072452 9.9991E-05 0.0333726
9.9955E-05 0.00167873 0.997821 9.9955E-05 9.9955E-05 9.9955E-05 9.9955E-05
9.995E-05 9.995E-05 0.9994 9.995E-05 9.995E-05 9.995E-05 9.995E-05
9.995E-05 9.995E-05 0.9994 9.995E-05 9.995E-05 9.995E-05 9.995E-05
0.0104402 9.9982E-05 0.910571 9.9982E-05 0.0132164 0.0612572 0.00431546
9.995E-05 9.995E-05 0.9994 9.995E-05 9.995E-05 9.995E-05 9.995E-05
9.9955E-05 9.9955E-05 0.981351 0.0181487 9.9955E-05 9.9955E-05 9.9955E-05
