9.995E-05 0.9994 9.995E-05 9.995E-05 9.995E-05 9.995E-05 9.995E-05
0.0565323 0.362397 9.9973E-05 0.0797087 9.9973E-05 0.501062 9.9973E-05
0.110404 0.349132 9.9973E-05 0.0522553 9.9973E-05 0.487908 9.9973E-05
9.99551E-05 0.2723 9.99551E-05 9.99551E-05 9.99551E-05 0.7272 9.99551E-05
9.9973E-05 0.163426 0.0281276 9.9973E-05 9.9973E-05 0.79443 0.0137166
0.0383462 0.189661 9.9964E-05 9.9964E-05 9.9964E-05 0.771593 9.9964E-05
9.99551E-05 0.305642 9.99551E-05 9.99551E-05 9.99551E-05 0.693858 9.99551E-05
0.0685821 0.330148 9.9973E-05 0.0185264 9.9973E-05 0.582443 9.9973E-05
0.0348972 0.24667 0.0150411 0.00870106 9.9982E-05 0.694491 9.9982E-05
9.995E-05 0.9994 9.995E-05 9.995E-05 9.995E-05 9.995E-05 9.995E-05
9.995E-05 0.9994 9.995E-05 9.995E-05 9.995E-05 9.995E-05 9.995E-05
9.995E-05 0.9994 9.995E-05 9.995E-05 9.995E-05 9.995E-05 9.995E-05
9.995E-05 0.9994 9.995E-05 9.995E-05 9.995E-05 9.995E-05 9.995E-05
9.9964E-05 0.929835 0.0130506 9.9964E-05 9.9964E-05 9.9964E-05 0.0567146
0.00602872 0.949902 0.00642575 9.9982E-05 0.0361366 9.9982E-05 0.00130708
0.0154152 0.215716 9.9982E-05 9.9982E-05 0.0128023 0.724442 0.0314244
0.0761268 0.237987 0.0321562 9.9991E-05 0.00567584 0.571661 0.0762929
9.9955E-05 0.257579 9.9955E-05 9.9955E-05 9.9955E-05 0.741921 9.9955E-05
9.99551E-05 9.99551E-05 9.99551E-05 9.99551E-05 9.99551E-05 0.942678 0.0568218
9.99551E-05 9.99551E-05 9.99551E-05 9.99551E-05 9.99551E-05 0.953405 0.0460956
9.99551E-05 0.114471 9.99551E-05 9.99551E-05 9.99551E-05 0.885029 9.99551E-05
0.0363713 0.0189893 9.9973E-05 9.9973E-05 9.9973E-05 0.848344 0.0959958
9.9964E-05 0.0319736 9.9964E-05 9.9964E-05 9.9964E-05 0.854396 0.113231
9.9964E-05 0.100694 9.9964E-05 9.9964E-05 9.9964E-05 0.883102 0.0158045
9.99551E-05 0.0455199 9.99551E-05 9.99551E-05 9.99551E-05 0.95398 9.99551E-05
9.9982E-05 0.0122018 0.030826 9.9982E-05 0.0256008 0.908609 0.0225623
0.0130006 0.0370638 0.0885415 9.9982E-05 9.9982E-05 0.859618 0.00157632
9.99551E-05 0.0303277 9.99551E-05 9.99551E-05 9.99551E-05 0.969173 9.99551E-05
0.0159838 0.0829202 0.0102341 0.00274921 9.9991E-05 0.870565 0.0174473
9.9955E-05 0.0971639 9.9955E-05 9.9955E-05 9.9955E-05 0.902336 9.9955E-05
9.99641E-05 0.107083 9.99641E-05 9.99641E-05 9.99641E-05 0.868622 0.0238951
9.9973E-05 0.0302826 0.0251912 0.0212961 9.9973E-05 0.92293 9.9973E-05
0.0366638 0.0280818 9.9982E-05 0.0127711 9.9982E-05 0.896447 0.0258366
0.0475749 0.082505 0.0064619 0.0118097 0.106596 0.736544 0.00850865
9.9964E-05 0.0320814 9.9964E-05 9.9964E-05 9.9964E-05 0.86024 0.107279
9.9955E-05 0.105852 9.9955E-05 9.9955E-05 9.9955E-05 0.893648 9.9955E-05
9.9955E-05 9.9955E-05 9.9955E-05 9.9955E-05 9.9955E-05 0.967432 0.0320687
0.0257302 0.00645031 0.0764077 0.0125745 9.9991E-05 0.783672 0.0950652
0.0637592 0.00291739 0.114819 0.0689497 9.9982E-05 0.749355 9.9982E-05
9.999E-05 0.00232008 0.0580861 0.0191386 0.0146647 0.884973 0.0207173
0.0809677 9.9982E-05 0.0809706 0.0511028 0.149115 0.637644 9.9982E-05
0.0836552 9.9991E-05 0.10931 0.053973 0.105964 0.625753 0.021245
0.0872789 0.0540086 9.9982E-05 0.0778751 0.0866418 0.693996 9.9982E-05
0.066931 9.9982E-05 0.0645899 0.0314793 0.114098 0.722702 9.9982E-05
0.0722191 9.9991E-05 0.0806344 0.0153521 0.0977363 0.72585 0.00810799
0.0756881 9.9964E-05 0.0558706 9.9964E-05 9.9964E-05 0.868041 9.9964E-05
0.0588815 9.9973E-05 0.0484613 9.9973E-05 0.0116917 0.880666 9.9973E-05
0.0536229 9.9991E-05 0.0126663 0.0221162 0.0430877 0.849572 0.0188354
0.0954919 0.0473573 0.0950631 9.9982E-05 0.122214 0.639674 9.9982E-05
0.0181326 0.101747 9.9982E-05 0.0352879 0.0938923 0.750741 9.9982E-05
0.0863455 0.0237719 0.062445 0.0437321 0.00783259 0.775773 9.9991E-05
0.0591764 9.9982E-05 0.0361314 9.9982E-05 0.0857107 0.765755 0.0530265
0.0572738 9.9982E-05 0.0534766 9.9982E-05 0.0199614 0.83014 0.0389481
0.0346317 0.039216 0.0672856 0.0202441 0.11687 0.624184 0.0975688
0.0253934 0.0463448 0.0535686 0.0645956 0.131203 0.64299 0.0359054
0.108923 9.9982E-05 0.0107728 0.0394546 0.110367 0.730283 9.9982E-05
0.0963672 0.0750975 0.0795339 0.00309144 0.0913731 0.642587 0.0119495
0.0168952 9.9991E-05 0.0776649 0.0622991 0.0898386 0.729981 0.0232212
0.0539538 9.9964E-05 0.0224962 9.9964E-05 9.9964E-05 0.92315 9.9964E-05
0.0112145 0.00324747 0.10662 0.0260574 0.0328303 0.81993 9.9991E-05
0.0200379 9.9982E-05 0.10851 9.9982E-05 0.135024 0.694319 0.0419087
9.9982E-05 9.9982E-05 0.0333045 0.0285618 0.185678 0.741243 0.011013
0.11948 9.9991E-05 0.0770487 0.089517 0.0610726 0.631117 0.0216647
0.104525 0.000159957 0.057432 0.00986587 0.137923 0.600307 0.0897876
9.9973E-05 9.9973E-05 0.0437982 0.00780631 0.11172 0.836376 9.9973E-05
0.140707 9.9991E-05 0.041307 0.0358058 0.0845523 0.594791 0.102737
0.031747 9.9982E-05 0.0981054 0.123782 0.133101 0.613064 9.9982E-05
0.117547 0.0196973 9.9991E-05 0.0465263 0.131312 0.501382 0.183436
0.0487485 9.9982E-05 0.0676284 0.0194951 0.0839613 0.779967 9.9982E-05
0.0992127 9.9982E-05 9.9982E-05 0.0364826 0.151873 0.616097 0.0961347
0.0916315 0.0105274 9.9982E-05 0.0829217 0.0837227 0.730997 9.9982E-05
0.0897134 9.9991E-05 0.068161 0.103421 0.0893921 0.626568 0.022644
0.0662272 0.041405 0.0860936 9.9991E-05 0.055878 0.728527 0.021769
0.0521707 9.9973E-05 0.103512 9.9973E-05 0.0723496 0.771667 9.9973E-05
0.0719424 0.0166283 0.107415 0.0281572 0.193864 0.509567 0.0724257
0.0281231 9.9991E-05 0.131884 0.0426353 0.0867032 0.669082 0.0414728
0.058641 9.9991E-05 0.0226124 0.0685241 0.0775744 0.700488 0.0720604
0.090249 0.0189977 0.041258 0.15495 0.121281 0.4393 0.133964
0.0571542 9.9991E-05 0.0293539 0.173908 0.147353 0.480298 0.111833
0.0755031 9.9991E-05 0.0810117 0.173225 0.149658 0.398967 0.121534
0.0793102 9.9991E-05 0.0913444 0.0960488 0.214646 0.411858 0.106693
0.0566476 9.9991E-05 0.0734062 0.183885 0.13541 0.443327 0.107224
0.0592694 9.9991E-05 0.0768186 0.129366 0.162462 0.483196 0.0887885
0.0102927 0.00231879 0.080739 0.132153 0.181334 0.593062 9.9991E-05
0.0398148 9.9991E-05 0.0942022 0.269602 0.158227 0.410656 0.0273978
0.156356 0.00771621 0.111884 0.216781 0.117155 0.353786 0.0363221
0.0817426 0.0329184 0.091338 0.125155 0.131276 0.48867 0.048901
0.0215617 0.00489217 0.12076 0.139673 0.209432 0.503581 9.9991E-05
0.0969176 9.9991E-05 0.10902 0.150104 0.153482 0.390057 0.100319
0.129017 9.9991E-05 0.162975 0.119479 0.162923 0.384203 0.0413025
0.0757419 0.0228761 9.9991E-05 0.112593 0.157218 0.41994 0.211531
0.0575097 0.0305066 9.9991E-05 0.100282 0.192288 0.448489 0.170825
0.108163 9.9991E-05 0.200717 0.221685 0.0947463 0.366507 0.00808052
9.995E-05 9.995E-05 9.995E-05 0.9994 9.995E-05 9.995E-05 9.995E-05
9.9964E-05 0.0233568 9.9964E-05 0.970371 9.9964E-05 0.00587235 9.9964E-05
9.9973E-05 0.0207407 9.9973E-05 0.878522 9.9973E-05 0.0757264 0.0247105
9.995E-05 9.995E-05 9.995E-05 0.9994 9.995E-05 9.995E-05 9.995E-05
9.995E-05 9.995E-05 9.995E-05 0.9994 9.995E-05 9.995E-05 9.995E-05
9.995E-05 9.995E-05 9.995E-05 0.9994 9.995E-05 9.995E-05 9.995E-05
9.995E-05 9.995E-05 9.995E-05 0.9994 9.995E-05 9.995E-05 9.995E-05
0.0281199 0.00107098 0.031351 0.880153 9.9991E-05 0.0182353 0.0409696
0.012864 9.9964E-05 9.9964E-05 0.976984 9.9964E-05 0.00975211 9.9964E-05
9.995E-05 9.995E-05 9.995E-05 0.9994 9.995E-05 9.995E-05 9.995E-05
0.0839454 0.00574146 0.128296 0.127313 0.305829 0.215334 0.133542
0.0104933 9.9982E-05 0.0498131 0.847232 0.0521049 9.9982E-05 0.0401562
9.995E-05 9.995E-05 9.995E-05 0.9994 9.995E-05 9.995E-05 9.995E-05
9.9982E-05 0.00557471 0.00906895 0.95261 0.00356075 9.9982E-05 0.0289852
0.038968 9.9991E-05 0.125103 0.143891 0.339999 0.259181 0.0927594
0.0879173 9.9991E-05 0.114602 0.155447 0.289048 0.27663 0.0762553
0.0940333 9.9991E-05 0.0936383 0.152247 0.278557 0.2525 0.128925
0.0670675 9.9991E-05 0.0782659 0.165021 0.302472 0.282319 0.104755
0.050404 9.9991E-05 0.0684357 0.161122 0.309998 0.267314 0.142626
0.0242616 9.9991E-05 0.0552402 0.0964376 0.24762 0.393455 0.182885
0.0721649 9.9991E-05 0.0522171 0.155949 0.256146 0.311228 0.152195
0.0156313 9.9991E-05 0.0572388 0.143665 0.339382 0.299438 0.144546
0.0842321 9.9991E-05 0.0992028 0.234429 0.184489 0.244435 0.153113
0.110329 9.9991E-05 0.0811726 0.222947 0.214896 0.221426 0.14913
0.0760826 9.9991E-05 0.101264 0.137985 0.2269 0.340588 0.117081
0.05198 9.9991E-05 0.0706459 0.200531 0.150514 0.364722 0.161507
0.0804562 9.9991E-05 0.111149 0.118847 0.254542 0.310147 0.124758
0.0723987 9.9991E-05 0.0623221 0.166179 0.290413 0.307057 0.10153
0.9994 9.995E-05 9.995E-05 9.995E-05 9.995E-05 9.995E-05 9.995E-05
0.102738 9.9991E-05 0.0853017 0.197807 0.26189 0.271072 0.0810907
0.9994 9.995E-05 9.995E-05 9.995E-05 9.995E-05 9.995E-05 9.995E-05
0.9994 9.995E-05 9.995E-05 9.995E-05 9.995E-05 9.995E-05 9.995E-05
0.94798 0.00817552 9.9973E-05 0.0019468 9.9973E-05 9.9973E-05 0.0415981
0.800141 0.00364817 0.0116019 0.0370127 0.0327071 0.0924057 0.0224831
0.9994 9.995E-05 9.995E-05 9.995E-05 9.995E-05 9.995E-05 9.995E-05
0.913554 9.9982E-05 9.9982E-05 0.0173749 0.00778456 0.0386311 0.0224557
0.986274 9.9955E-05 9.9955E-05 0.0132263 9.9955E-05 9.9955E-05 9.9955E-05
0.985711 9.9955E-05 9.9955E-05 9.9955E-05 0.0137893 9.9955E-05 9.9955E-05
0.9994 9.995E-05 9.995E-05 9.995E-05 9.995E-05 9.995E-05 9.995E-05
0.988961 0.00513782 9.9964E-05 9.9964E-05 9.9964E-05 0.00550143 9.9964E-05
0.960585 9.9955E-05 9.9955E-05 9.9955E-05 0.0389149 9.9955E-05 9.9955E-05
0.815464 9.9973E-05 0.0624552 0.0470422 0.074739 9.9973E-05 9.9973E-05
0.951401 0.0144711 9.9982E-05 0.000593174 9.9982E-05 0.0216869 0.011648
0.906333 0.00499415 0.00624725 9.9991E-05 0.0280243 0.0159468 0.0383542
0.879974 0.0197706 0.0770546 9.9982E-05 0.00423662 9.9982E-05 0.0187641
0.900298 0.0132556 0.0667706 9.9973E-05 0.0193759 9.9973E-05 9.9973E-05
0.973186 0.00085217 9.9973E-05 9.9973E-05 0.0236745 9.9973E-05 0.00198751
0.0243204 9.9973E-05 0.0178731 9.9973E-05 0.923509 0.033998 9.9973E-05
9.9982E-05 0.0139907 0.0641642 0.0086991 0.899377 9.9982E-05 0.0135691
9.995E-05 9.995E-05 9.995E-05 9.995E-05 0.9994 9.995E-05 9.995E-05
9.995E-05 9.995E-05 9.995E-05 9.995E-05 0.9994 9.995E-05 9.995E-05
9.995E-05 9.995E-05 9.995E-05 9.995E-05 0.9994 9.995E-05 9.995E-05
9.995E-05 9.995E-05 9.995E-05 9.995E-05 0.9994 9.995E-05 9.995E-05
9.995E-05 9.995E-05 9.995E-05 9.995E-05 0.9994 9.995E-05 9.995E-05
9.9973E-05 0.065823 9.9973E-05 0.00298339 0.798614 9.9973E-05 0.13228
9.995E-05 9.995E-05 9.995E-05 9.995E-05 0.9994 9.995E-05 9.995E-05
9.995E-05 9.995E-05 9.995E-05 9.995E-05 0.9994 9.995E-05 9.995E-05
0.00099919 0.0436752 9.9982E-05 0.0459156 0.856881 9.9982E-05 0.0523288
9.9955E-05 9.9955E-05 0.00367636 9.9955E-05 0.995824 9.9955E-05 9.9955E-05
0.0998156 9.9973E-05 0.0391423 9.9973E-05 0.768248 9.9973E-05 0.0924943
0.0812446 0.0292257 0.330622 0.0998462 0.127364 0.209137 0.122561
0.0870855 0.019451 0.314533 0.08644 0.143712 0.213411 0.135368
0.0837611 0.0338586 0.363447 0.102515 0.0903309 0.225722 0.100365
0.085047 0.0363747 0.32785 0.0762321 0.0868771 0.24923 0.13839
9.9973E-05 0.00250177 9.9973E-05 0.00703348 0.0306237 9.9973E-05 0.959541
9.995E-05 9.995E-05 9.995E-05 9.995E-05 9.995E-05 9.995E-05 0.9994
0.0490596 9.9964E-05 9.9964E-05 9.9964E-05 9.9964E-05 0.00929503 0.941246
9.995E-05 9.995E-05 9.995E-05 9.995E-05 9.995E-05 9.995E-05 0.9994
9.9964E-05 9.9964E-05 0.0168221 0.00832826 9.9964E-05 9.9964E-05 0.97445
9.9982E-05 0.00284603 0.0293152 0.00865145 9.9982E-05 0.00703805 0.951949
0.00720217 0.00891891 9.9973E-05 9.9973E-05 9.9973E-05 0.00442828 0.979151
0.034422 0.0288146 0.043082 0.0134187 0.0364426 0.0597015 0.784119
0.0218098 0.00259017 0.0153498 9.9991E-05 0.0126237 0.0946701 0.852856
9.9955E-05 9.9955E-05 0.997005 9.9955E-05 0.00249493 9.9955E-05 9.9955E-05
9.995E-05 9.995E-05 0.9994 9.995E-05 9.995E-05 9.995E-05 9.995E-05
9.995E-05 9.995E-05 0.9994 9.995E-05 9.995E-05 9.995E-05 9.995E-05
9.995E-05 9.995E-05 0.9994 9.995E-05 9.995E-05 9.995E-05 9.995E-05
9.995E-05 9.995E-05 0.9994 9.995E-05 9.995E-05 9.995E-05 9.995E-05
9.9973E-05 0.00369649 0.880335 9.9973E-05 9.9973E-05 0.0741466 0.0415224
9.995E-05 9.995E-05 0.9994 9.995E-05 9.995E-05 9.995E-05 9.995E-05
9.995E-05 9.995E-05 0.9994 9.995E-05 9.995E-05 9.995E-05 9.995E-05
9.9955E-05 0.00471895 0.994781 9.9955E-05 9.9955E-05 9.9955E-05 9.9955E-05
0.017088 9.9973E-05 0.973891 0.00512265 0.00359877 9.9973E-05 9.9973E-05
9.995E-05 9.995E-05 0.9994 9.995E-05 9.995E-05 9.995E-05 9.995E-05
9.995E-05 9.995E-05 0.9994 9.995E-05 9.995E-05 9.995E-05 9.995E-05
