9.995E-05 0.9994 9.995E-05 9.995E-05 9.995E-05 9.995E-05 9.995E-05
0.0465771 0.352411 9.9973E-05 9.9973E-05 9.9973E-05 0.511536 0.0891757
0.103607 0.351975 9.9973E-05 9.9973E-05 9.9973E-05 0.481683 0.0624353
9.99551E-05 0.308823 9.99551E-05 9.99551E-05 9.99551E-05 0.690678 9.99551E-05
9.9973E-05 0.162535 0.0334051 9.9973E-05 9.9973E-05 0.790621 0.0131392
9.9964E-05 0.208352 9.9964E-05 0.00609507 9.9964E-05 0.785153 9.9964E-05
9.9955E-05 0.347446 9.9955E-05 9.9955E-05 9.9955E-05 0.652054 9.9955E-05
0.055126 0.367455 9.9964E-05 9.9964E-05 9.9964E-05 0.577019 9.9964E-05
0.0274824 0.249988 9.9973E-05 9.9973E-05 9.9973E-05 0.698707 0.0235236
9.995E-05 0.9994 9.995E-05 9.995E-05 9.995E-05 9.995E-05 9.995E-05
9.995E-05 0.9994 9.995E-05 9.995E-05 9.995E-05 9.995E-05 9.995E-05
9.995E-05 0.9994 9.995E-05 9.995E-05 9.995E-05 9.995E-05 9.995E-05
9.9964E-05 0.979859 9.9964E-05 0.0165055 0.00323537 9.9964E-05 9.9964E-05
9.9973E-05 0.919069 9.9973E-05 0.0590178 0.00337673 0.0182366 9.9973E-05
9.9964E-05 0.9813 0.00464394 0.0136564 9.9964E-05 9.9964E-05 9.9964E-05
0.0424589 0.24004 0.009316 9.9973E-05 9.9973E-05 0.707885 9.9973E-05
0.0452559 0.243092 0.0388909 0.0720593 0.0482185 0.521801 0.0306831
9.9955E-05 0.256762 9.9955E-05 9.9955E-05 9.9955E-05 0.742738 9.9955E-05
9.9964E-05 0.00169726 9.9964E-05 0.036223 9.9964E-05 0.96168 9.9964E-05
9.99551E-05 9.99551E-05 9.99551E-05 0.0255878 9.99551E-05 0.973912 9.99551E-05
9.9964E-05 0.121521 0.013327 9.9964E-05 9.9964E-05 0.864753 9.9964E-05
0.0706016 0.0407544 9.9982E-05 0.0615814 0.00983256 0.81703 9.9982E-05
9.9964E-05 0.042564 9.9964E-05 0.0692232 9.9964E-05 0.887813 9.9964E-05
9.9964E-05 0.0750385 9.9964E-05 0.00650748 9.9964E-05 0.918054 9.9964E-05
9.99551E-05 0.0511178 9.99551E-05 9.99551E-05 9.99551E-05 0.948382 9.99551E-05
9.9982E-05 0.014116 0.0247025 0.0135695 0.0425634 0.904849 9.9982E-05
0.0642491 0.0558473 0.0847266 0.0246854 9.9982E-05 0.770292 9.9982E-05
9.99551E-05 0.0211257 9.99551E-05 9.99551E-05 9.99551E-05 0.978375 9.99551E-05
9.9964E-05 0.0977348 9.9964E-05 0.0173856 9.9964E-05 0.88448 9.9964E-05
9.9955E-05 0.118041 9.9955E-05 9.9955E-05 9.9955E-05 0.881459 9.9955E-05
9.99641E-05 0.121717 9.99641E-05 0.0327512 9.99641E-05 0.845132 9.99641E-05
9.999E-05 0.0146703 0.0341605 0.00119057 0.00694616 0.938667 0.00426513
0.0313491 0.0426524 0.0152941 0.0327316 9.9982E-05 0.877773 9.9982E-05
0.0482044 0.073633 0.0323679 0.000859007 0.099422 0.742571 0.00294224
0.00731548 0.0446877 9.9973E-05 0.127887 9.9973E-05 0.81981 9.9973E-05
9.9955E-05 0.0948758 9.9955E-05 9.9955E-05 9.9955E-05 0.904624 9.9955E-05
9.9964E-05 9.9964E-05 0.00385843 0.0551607 9.9964E-05 0.940581 9.9964E-05
0.0238149 0.000759781 0.061791 0.0684936 0.0182842 0.8175 0.00935648
0.0422829 0.0262234 0.0972163 0.014055 9.9991E-05 0.752253 0.0678694
9.999E-05 0.0233738 0.0290849 0.00481727 0.00434047 0.911829 0.0264549
0.0420499 9.9982E-05 0.0453162 9.9982E-05 0.124399 0.733599 0.054436
0.127779 9.9991E-05 0.0673007 0.0419321 0.121198 0.594536 0.0471544
0.099179 0.0472194 9.9982E-05 9.9982E-05 0.081001 0.698812 0.0735888
0.0605466 9.9982E-05 0.0530838 9.9982E-05 0.08411 0.731828 0.0702322
0.085571 9.9982E-05 0.0621793 0.00580279 0.0738522 0.772395 9.9982E-05
0.0456799 9.9964E-05 0.0584898 9.9964E-05 9.9964E-05 0.89543 9.9964E-05
0.0547049 9.9973E-05 0.0623238 9.9973E-05 0.0301015 0.85257 9.9973E-05
0.0422643 9.9982E-05 0.0188021 0.0301481 0.0233292 0.885256 9.9982E-05
0.066035 0.0533896 0.058719 0.034522 0.111411 0.675823 9.9991E-05
0.00286499 0.0926453 9.9991E-05 0.000461444 0.0609887 0.780395 0.0625445
0.0665875 0.0340394 0.0579121 9.9991E-05 0.026545 0.761448 0.0533682
0.0743151 9.9982E-05 0.0390409 0.0560853 0.0438748 0.786484 9.9982E-05
0.0300211 0.0138558 0.042698 9.9982E-05 0.050074 0.863151 9.9982E-05
9.9991E-05 0.0281738 0.0787582 0.0851419 0.104041 0.674134 0.0296513
0.0116774 0.0328615 0.0356671 0.0672543 0.103502 0.702388 0.0466494
0.104838 9.9991E-05 0.00285077 0.0149202 0.133193 0.693803 0.0502955
0.0942813 0.079457 0.108498 0.0385708 0.0699103 0.599092 0.0101912
0.0440819 9.9991E-05 0.0820771 0.00418182 0.0616004 0.748999 0.0589598
0.0669341 9.9982E-05 0.0807376 0.00585916 0.000790897 0.845478 9.9982E-05
0.023615 0.0508653 0.0362709 0.0538109 0.0554148 0.72312 0.0569032
0.0205193 9.9982E-05 0.11251 0.0181723 0.0874387 0.76116 9.9982E-05
0.000908891 0.0243247 9.9991E-05 0.00565734 0.145789 0.762445 0.0607743
0.0768811 9.9991E-05 0.0238573 0.0610912 0.091734 0.675363 0.0709732
0.103749 9.9991E-05 0.00617649 0.0979936 0.145355 0.602145 0.0444806
9.9982E-05 0.00856988 0.0792501 0.024357 0.0860664 0.801557 9.9982E-05
0.103106 9.9991E-05 0.00359229 0.089315 0.0767209 0.677067 0.0500985
0.0520471 9.9991E-05 0.0424199 0.0317782 0.0956851 0.642987 0.134983
0.131395 9.9991E-05 0.0225271 0.123081 0.0891299 0.605966 0.0278014
0.00321656 9.9991E-05 0.0693793 0.0216612 0.0550821 0.798098 0.0524625
0.100115 9.9982E-05 9.9982E-05 0.112627 0.107342 0.674388 0.00532883
0.0894724 0.0347012 9.9982E-05 9.9982E-05 0.0848996 0.711557 0.0791699
0.0592475 9.9991E-05 0.060336 0.0797911 0.110676 0.624631 0.0652188
0.0480897 0.0476094 0.0733481 0.0388491 0.0134342 0.77857 9.9991E-05
0.0369377 9.9991E-05 0.0914059 0.0211859 0.0536286 0.788926 0.00781642
0.0627012 0.00998826 0.0294233 0.0401317 0.211769 0.638692 0.00729434
0.0302708 9.9991E-05 0.110927 0.079944 0.0556675 0.717828 0.00526214
0.0913099 9.9991E-05 0.0371241 0.0454389 0.0577639 0.696839 0.0714239
0.0592264 0.0145449 0.0178094 0.192934 0.112936 0.456058 0.146492
0.0414137 9.9991E-05 0.0918337 0.0671294 0.158228 0.46689 0.174405
0.0724783 9.9991E-05 0.0670838 0.142531 0.206129 0.363061 0.148617
0.110874 0.00298895 0.0790948 0.0629045 0.224643 0.396929 0.122565
0.0916218 9.9991E-05 0.0490051 0.127369 0.144617 0.403263 0.184024
0.028805 9.9991E-05 0.0721896 0.0769005 0.15894 0.507928 0.155138
0.00630089 0.0100306 0.0583599 0.00981528 0.172995 0.581126 0.161373
0.0567822 9.9991E-05 0.0878282 0.0906651 0.150192 0.407281 0.207151
0.148864 9.9991E-05 0.0747345 0.0365793 0.146853 0.385063 0.207806
0.0829505 0.0362103 0.0815675 0.0492682 0.102097 0.518652 0.129255
9.9973E-05 9.9973E-05 0.0620624 9.9973E-05 0.182646 0.576738 0.178253
0.0824625 9.9991E-05 0.0907932 0.0656725 0.183419 0.402997 0.174556
0.136641 0.00239846 0.182449 0.034082 0.158694 0.385378 0.100357
0.099756 0.0355611 9.9991E-05 0.213385 0.0777825 0.408514 0.164901
0.0646145 0.0165245 9.9991E-05 0.212792 0.135426 0.454007 0.116537
0.122619 0.00892205 0.101032 0.0256542 0.147121 0.403507 0.191145
9.995E-05 9.995E-05 9.995E-05 9.995E-05 9.995E-05 9.995E-05 0.9994
9.9955E-05 0.00674693 9.9955E-05 9.9955E-05 9.9955E-05 9.9955E-05 0.992753
9.9973E-05 0.0173585 9.9973E-05 0.0669233 9.9973E-05 0.0207896 0.894629
9.995E-05 9.995E-05 9.995E-05 9.995E-05 9.995E-05 9.995E-05 0.9994
9.995E-05 9.995E-05 9.995E-05 9.995E-05 9.995E-05 9.995E-05 0.9994
9.995E-05 9.995E-05 9.995E-05 9.995E-05 9.995E-05 9.995E-05 0.9994
9.995E-05 9.995E-05 9.995E-05 9.995E-05 9.995E-05 9.995E-05 0.9994
0.0118573 9.9973E-05 0.0175239 9.9973E-05 9.9973E-05 0.0681693 0.90215
9.995E-05 9.995E-05 9.995E-05 9.995E-05 9.995E-05 9.995E-05 0.9994
9.995E-05 9.995E-05 9.995E-05 9.995E-05 9.995E-05 9.995E-05 0.9994
0.0658776 9.9991E-05 0.135234 0.0838129 0.295718 0.323995 0.0952623
0.0301019 9.9973E-05 9.9973E-05 0.043698 9.9973E-05 0.00965759 0.916243
9.995E-05 9.995E-05 9.995E-05 9.995E-05 9.995E-05 9.995E-05 0.9994
9.9973E-05 0.00400148 9.9973E-05 0.0231821 0.00299323 9.9973E-05 0.969523
0.0549608 9.9991E-05 0.130698 0.100452 0.323577 0.248818 0.141395
0.0966369 9.9991E-05 0.0681294 0.100086 0.282481 0.304198 0.148369
0.0641592 0.0202484 0.0897647 0.149973 0.270334 0.257371 0.148149
0.102607 9.9991E-05 0.0931474 0.0791377 0.256213 0.251168 0.217627
0.0914599 9.9991E-05 0.106617 0.16733 0.265463 0.221114 0.147916
0.0128533 9.9991E-05 0.0547712 0.188319 0.240353 0.397291 0.106312
0.0644777 9.9991E-05 0.0922277 0.0852592 0.18649 0.366058 0.205387
0.0449824 9.9991E-05 0.0786983 0.155102 0.269249 0.299114 0.152754
0.10808 9.9991E-05 0.0557415 0.140277 0.165689 0.292871 0.237241
0.0751163 9.9991E-05 0.0403284 0.127926 0.243943 0.290017 0.22257
0.107336 9.9991E-05 0.147274 0.111281 0.190336 0.315494 0.128179
0.0717401 9.9991E-05 0.0387933 0.151629 0.209956 0.274801 0.252981
0.115538 9.9991E-05 0.105989 0.113064 0.254826 0.290771 0.119712
0.112563 9.9991E-05 0.102831 0.0846692 0.266207 0.279605 0.154024
0.00230358 9.9982E-05 0.00627117 0.0108072 0.932093 0.0483253 9.9982E-05
0.0113216 9.9982E-05 0.0732125 0.0500353 0.859775 9.9982E-05 0.00545606
9.995E-05 9.995E-05 9.995E-05 9.995E-05 0.9994 9.995E-05 9.995E-05
9.9955E-05 9.9955E-05 0.00201821 9.9955E-05 0.997482 9.9955E-05 9.9955E-05
9.995E-05 9.995E-05 9.995E-05 9.995E-05 0.9994 9.995E-05 9.995E-05
9.995E-05 9.995E-05 9.995E-05 9.995E-05 0.9994 9.995E-05 9.995E-05
0.00780255 9.9973E-05 9.9973E-05 0.00997672 0.961458 0.020463 9.9973E-05
9.9973E-05 0.0408622 9.9973E-05 0.123603 0.794839 0.0403956 9.9973E-05
9.995E-05 9.995E-05 9.995E-05 9.995E-05 0.9994 9.995E-05 9.995E-05
9.995E-05 9.995E-05 9.995E-05 9.995E-05 0.9994 9.995E-05 9.995E-05
9.9973E-05 0.0222944 9.9973E-05 0.0620833 0.897471 9.9973E-05 0.0178516
9.995E-05 9.995E-05 9.995E-05 9.995E-05 0.9994 9.995E-05 9.995E-05
0.103065 9.9982E-05 9.9982E-05 0.0419452 0.769264 0.0545679 0.030958
0.9994 9.995E-05 9.995E-05 9.995E-05 9.995E-05 9.995E-05 9.995E-05
0.108444 9.9991E-05 0.0626819 0.0854507 0.201625 0.323174 0.218524
0.9994 9.995E-05 9.995E-05 9.995E-05 9.995E-05 9.995E-05 9.995E-05
0.9994 9.995E-05 9.995E-05 9.995E-05 9.995E-05 9.995E-05 9.995E-05
0.957864 9.9964E-05 9.9964E-05 0.0400656 9.9964E-05 9.9964E-05 0.00167004
0.803121 9.9982E-05 9.9982E-05 0.0154834 0.0319099 0.133771 0.0155151
0.9994 9.995E-05 9.995E-05 9.995E-05 9.995E-05 9.995E-05 9.995E-05
0.87316 0.0136589 9.9973E-05 0.0509721 0.0619086 9.9973E-05 9.9973E-05
0.988246 9.9955E-05 9.9955E-05 0.0112547 9.9955E-05 9.9955E-05 9.9955E-05
0.959708 9.9973E-05 9.9973E-05 9.9973E-05 0.0350648 0.00429137 0.000635551
0.996798 9.9964E-05 9.9964E-05 0.00267312 9.9964E-05 0.000128637 9.9964E-05
0.9994 9.995E-05 9.995E-05 9.995E-05 9.995E-05 9.995E-05 9.995E-05
0.958528 9.9964E-05 9.9964E-05 9.9964E-05 0.0176895 0.023383 9.9964E-05
0.79078 9.9982E-05 0.0227411 9.9982E-05 0.0588641 0.0726434 0.0547716
0.930541 0.00957434 0.00352922 0.0560558 9.9973E-05 9.9973E-05 9.9973E-05
0.945585 0.00877761 0.00495451 9.9973E-05 9.9973E-05 9.9973E-05 0.0403831
0.872039 0.0188964 0.0197008 0.0279787 9.9991E-05 0.05705 0.00423465
0.907518 0.00255227 0.0333823 0.00486618 9.9982E-05 0.0514812 9.9982E-05
0.913339 9.9982E-05 0.000155247 9.9982E-05 0.0594783 0.0204551 0.00637204
0.0675646 0.0369718 0.287945 0.16442 0.13337 0.249182 0.0605468
0.129667 9.9991E-05 0.254025 0.121091 0.0582713 0.338882 0.0979643
0.0730847 0.0161647 0.292314 0.180452 0.128091 0.232489 0.077405
0.0463634 0.0193942 0.27112 0.149987 0.100516 0.318708 0.0939105
0.00630996 9.9964E-05 9.9964E-05 0.967301 0.0259896 9.9964E-05 9.9964E-05
9.995E-05 9.995E-05 9.995E-05 0.9994 9.995E-05 9.995E-05 9.995E-05
9.995E-05 9.995E-05 9.995E-05 0.9994 9.995E-05 9.995E-05 9.995E-05
9.995E-05 9.995E-05 9.995E-05 0.9994 9.995E-05 9.995E-05 9.995E-05
9.9955E-05 9.9955E-05 0.00639984 0.9931 9.9955E-05 9.9955E-05 9.9955E-05
0.023406 9.9973E-05 9.9973E-05 0.960207 0.00907829 9.9973E-05 0.00700914
9.9964E-05 9.9964E-05 0.0506713 0.92406 0.0248684 9.9964E-05 9.9964E-05
0.0601538 0.00945772 0.0521179 0.708359 0.0776049 0.0922065 9.9991E-05
0.0310926 9.9964E-05 9.9964E-05 0.839662 9.9964E-05 0.128845 9.9964E-05
9.995E-05 9.995E-05 0.9994 9.995E-05 9.995E-05 9.995E-05 9.995E-05
9.9955E-05 9.9955E-05 0.992487 0.00701311 9.9955E-05 9.9955E-05 9.9955E-05
9.995E-05 9.995E-05 0.9994 9.995E-05 9.995E-05 9.995E-05 9.995E-05
9.995E-05 9.995E-05 0.9994 9.995E-05 9.995E-05 9.995E-05 9.995E-05
9.995E-05 9.995E-05 0.9994 9.995E-05 9.995E-05 9.995E-05 9.995E-05
0.0273295 0.0335745 0.846001 9.9982E-05 9.9982E-05 0.081745 0.0111505
9.995E-05 9.995E-05 0.9994 9.995E-05 9.995E-05 9.995E-05 9.995E-05
9.995E-05 9.995E-05 0.9994 9.995E-05 9.995E-05 9.995E-05 9.995E-05
9.995E-05 9.995E-05 0.9994 9.995E-05 9.995E-05 9.995E-05 9.995E-05
0.00996434 0.00849674 0.964536 9.9973E-05 0.0167031 9.9973E-05 9.9973E-05
0.00446439 9.9973E-05 0.950006 0.016602 9.9973E-05 9.9973E-05 0.0286278
9.9964E-05 9.9964E-05 0.954685 0.000227547 0.0446873 9.9964E-05 9.9964E-05
