9.995E-05 9.995E-05 0.9994 9.995E-05 9.995E-05 9.995E-05 9.995E-05
9.9973E-05 9.9973E-05 0.28051 0.0727779 9.9973E-05 0.0859272 0.560485
9.9973E-05 9.9973E-05 0.24923 0.105272 9.9973E-05 0.073082 0.572116
9.9964E-05 9.9964E-05 0.217639 9.9964E-05 0.0861167 9.9964E-05 0.695844
9.9973E-05 0.131996 0.0742404 9.9973E-05 0.103508 9.9973E-05 0.689956
9.9982E-05 9.9982E-05 0.153932 0.00307159 0.189029 0.00431429 0.649453
9.9955E-05 9.9955E-05 0.296419 9.9955E-05 9.9955E-05 9.9955E-05 0.703081
9.9973E-05 9.9973E-05 0.312211 0.0844903 0.133048 9.9973E-05 0.46995
9.9991E-05 0.0045139 0.189565 0.0844292 0.0274662 0.0303532 0.663572
9.995E-05 9.995E-05 0.9994 9.995E-05 9.995E-05 9.995E-05 9.995E-05
9.995E-05 9.995E-05 0.9994 9.995E-05 9.995E-05 9.995E-05 9.995E-05
9.995E-05 9.995E-05 0.9994 9.995E-05 9.995E-05 9.995E-05 9.995E-05
9.9955E-05 9.9955E-05 0.97789 9.9955E-05 9.9955E-05 0.0216102 9.9955E-05
9.9964E-05 0.00438869 0.95035 9.9964E-05 0.0448619 9.9964E-05 9.9964E-05
0.00918057 9.9973E-05 0.970308 0.00355354 0.0166579 9.9973E-05 9.9973E-05
9.9982E-05 0.0218582 0.216587 0.00553727 0.336569 9.9982E-05 0.419249
0.0065862 0.0868972 0.217942 0.0639908 0.223323 0.110014 0.291247
9.9973E-05 9.9973E-05 0.190036 9.9973E-05 0.117165 0.0120448 0.680454
9.9955E-05 0.054402 9.9955E-05 9.9955E-05 9.9955E-05 9.9955E-05 0.945098
0.0790206 0.0314628 9.9982E-05 0.00358339 0.00272405 9.9982E-05 0.883009
9.9982E-05 0.0471505 0.0627989 9.9982E-05 0.00258586 0.00266983 0.884595
0.0360254 0.00502867 9.9991E-05 0.0892198 0.0270931 0.0116503 0.830883
0.012659 0.0565173 9.9982E-05 0.0305897 9.9982E-05 0.0137711 0.886263
0.0540435 9.9964E-05 9.9964E-05 0.0372344 9.9964E-05 9.9964E-05 0.908322
0.0237494 0.0310001 9.9982E-05 9.9982E-05 0.0100365 0.00128592 0.933728
0.0352245 0.0369211 9.9973E-05 9.9973E-05 0.35704 9.9973E-05 0.570514
9.9973E-05 0.153963 9.9973E-05 0.0565266 0.127876 9.9973E-05 0.661335
0.00265031 9.9973E-05 9.9973E-05 0.0130985 0.0545402 9.9973E-05 0.929411
0.0609893 0.0432681 0.0314419 0.0116638 0.0882294 9.9991E-05 0.764308
9.9964E-05 9.9964E-05 0.0608655 9.9964E-05 0.0918745 9.9964E-05 0.84686
0.0195294 0.0171497 0.031411 9.9982E-05 9.9982E-05 0.0140207 0.917689
0.0915292 0.0486546 9.9973E-05 9.9973E-05 0.0363949 9.9973E-05 0.823121
9.9991E-05 0.0669396 0.0044064 0.0516833 0.151855 0.00857061 0.716445
0.0935943 9.9982E-05 0.033337 0.0865572 0.177702 9.9982E-05 0.60861
0.0178845 0.07438 9.9982E-05 0.00628048 9.9982E-05 0.00145363 0.899801
0.00477033 9.9973E-05 0.0520924 9.9973E-05 0.0717875 9.9973E-05 0.87105
9.9955E-05 9.9955E-05 9.9955E-05 9.9955E-05 0.491203 9.9955E-05 0.508297
9.9982E-05 0.120089 9.9982E-05 0.0200844 0.319719 0.0121064 0.527802
9.999E-05 0.115967 0.00897864 0.042394 0.272478 0.0496081 0.510475
0.0483336 0.0927386 9.9982E-05 9.9982E-05 0.268014 0.00787658 0.582838
0.0275988 0.00751769 9.9991E-05 0.0574772 0.849503 0.0240442 0.0337595
0.0538559 0.021546 0.0230084 0.0575704 0.78245 9.9991E-05 0.0614687
0.020327 9.9991E-05 0.0571016 0.0587808 0.664753 0.00970317 0.189235
9.9964E-05 9.9964E-05 9.9964E-05 0.0113959 0.916584 9.9964E-05 0.0716204
0.00953177 0.01951 9.9982E-05 0.0435049 0.730411 9.9982E-05 0.196842
9.9964E-05 9.9964E-05 0.00794498 9.9964E-05 0.970995 9.9964E-05 0.0206606
9.9955E-05 9.9955E-05 0.00920532 9.9955E-05 0.990295 9.9955E-05 9.9955E-05
0.0210808 0.00931695 9.9982E-05 0.0556638 0.507898 9.9982E-05 0.405841
0.0309425 0.0404849 0.0772784 0.00635552 0.774611 9.9991E-05 0.0702276
0.0335251 9.9991E-05 0.107598 0.012142 0.452869 0.0305473 0.363218
9.9991E-05 0.0622836 0.042177 0.022559 0.63185 0.0236184 0.217412
9.9982E-05 0.0189886 0.0058411 0.0095386 0.784916 9.9982E-05 0.180516
9.9955E-05 9.9955E-05 0.00414028 9.9955E-05 0.99536 9.9955E-05 9.9955E-05
0.0131211 0.0797596 0.03989 9.9991E-05 0.718342 0.00582121 0.142966
0.0446426 0.0404741 0.0269082 0.0060541 0.671778 0.0316833 0.17846
0.0319013 9.9973E-05 9.9973E-05 0.0947378 0.705765 9.9973E-05 0.167296
0.0493019 0.0975741 0.0689265 0.0657003 0.513284 9.9991E-05 0.205113
0.0236065 0.0605766 9.9982E-05 9.9982E-05 0.626892 0.042128 0.246596
9.9964E-05 9.9964E-05 0.0204183 9.9964E-05 0.936731 9.9964E-05 0.0424512
0.0215213 0.0940357 0.0677377 0.00713282 0.57572 0.0561854 0.177668
0.0592953 0.0991093 0.00858188 9.9982E-05 0.63396 9.9982E-05 0.198854
0.0748061 9.9982E-05 0.0152682 9.9982E-05 0.862225 0.00237201 0.0451286
9.9991E-05 0.0348089 0.00922174 0.0370212 0.794839 0.0263734 0.0976354
9.99551E-05 9.99551E-05 0.00195548 9.99551E-05 0.997545 9.99551E-05 9.99551E-05
0.0568672 0.0148639 0.0281418 9.9982E-05 0.786092 9.9982E-05 0.113835
9.9955E-05 9.9955E-05 9.9955E-05 0.0392601 0.96024 9.9955E-05 9.9955E-05
9.9955E-05 9.9955E-05 9.9955E-05 9.9955E-05 0.992596 0.00690462 9.9955E-05
0.00260569 9.9982E-05 0.00272502 0.0473048 0.935683 0.0114813 9.9982E-05
9.9964E-05 9.9964E-05 9.9964E-05 0.00204362 0.726962 9.9964E-05 0.270595
9.99641E-05 9.99641E-05 9.99641E-05 0.0110512 0.973471 0.0150778 9.99641E-05
0.00525833 9.9991E-05 0.0218661 0.0366514 0.743439 0.0336666 0.159019
0.0524466 0.0607269 9.9991E-05 0.00995159 0.831177 0.0290596 0.0165388
9.9955E-05 9.9955E-05 0.0675315 9.9955E-05 0.931969 9.9955E-05 9.9955E-05
9.9955E-05 9.9955E-05 0.0341048 9.9955E-05 0.965395 9.9955E-05 9.9955E-05
0.0644705 9.9964E-05 0.0455659 9.9964E-05 0.889564 9.9964E-05 9.9964E-05
9.9955E-05 0.0716826 9.9955E-05 9.9955E-05 0.927818 9.9955E-05 9.9955E-05
9.9955E-05 9.9955E-05 9.9955E-05 0.00997107 0.989529 9.9955E-05 9.9955E-05
9.9982E-05 9.9982E-05 0.0103387 0.0416722 0.848965 0.0844761 0.0143483
0.047821 0.0364163 9.9982E-05 0.0803122 0.726883 0.108368 9.9982E-05
0.0268794 0.0391113 9.9982E-05 0.000556683 0.825612 0.10764 9.9982E-05
0.0606658 0.0358809 9.9982E-05 0.011889 0.836887 0.0544772 9.9982E-05
0.0115206 0.0235855 9.9973E-05 9.9973E-05 0.857074 0.10752 9.9973E-05
0.0514718 0.0431658 9.9982E-05 0.0129269 0.82123 0.0710055 9.9982E-05
0.0599082 0.0208947 9.9982E-05 9.9982E-05 0.638885 0.121452 0.15866
0.0514794 0.0209914 9.9991E-05 0.0284631 0.664812 0.210165 0.0239891
0.0815419 0.0129797 9.9991E-05 0.116752 0.557344 0.184527 0.0467562
0.0797829 0.0656467 0.0616126 0.0460352 0.545526 0.079838 0.121558
0.0966618 0.0337741 0.00257245 9.9991E-05 0.688118 0.107261 0.0715119
0.0296398 0.0627277 0.0103683 0.0894148 0.650113 0.136957 0.0207789
0.148207 0.111287 0.00320841 0.106305 0.548209 0.082684 9.9991E-05
0.0597504 0.0477673 0.0287406 0.0700131 0.60399 0.107676 0.0820634
0.0937483 9.9991E-05 0.0296787 0.076555 0.561656 0.140919 0.0973428
0.0581953 0.204371 0.0123925 0.0674001 0.412025 0.193918 0.0516979
9.995E-05 9.995E-05 9.995E-05 9.995E-05 9.995E-05 0.9994 9.995E-05
0.0253198 9.9964E-05 0.00662924 9.9964E-05 9.9964E-05 0.967651 9.9964E-05
9.9973E-05 0.0169987 0.0472929 9.9973E-05 0.069904 0.865504 9.9973E-05
9.995E-05 9.995E-05 9.995E-05 9.995E-05 9.995E-05 0.9994 9.995E-05
9.995E-05 9.995E-05 9.995E-05 9.995E-05 9.995E-05 0.9994 9.995E-05
9.995E-05 9.995E-05 9.995E-05 9.995E-05 9.995E-05 0.9994 9.995E-05
9.995E-05 9.995E-05 9.995E-05 9.995E-05 9.995E-05 0.9994 9.995E-05
0.0221064 9.9973E-05 9.9973E-05 0.0313555 9.9973E-05 0.888859 0.0573795
9.995E-05 9.995E-05 9.995E-05 9.995E-05 9.995E-05 0.9994 9.995E-05
9.995E-05 9.995E-05 9.995E-05 9.995E-05 9.995E-05 0.9994 9.995E-05
0.283059 0.119619 9.9991E-05 0.0572786 0.336587 0.119851 0.0835063
9.9964E-05 9.9964E-05 0.0152417 9.9964E-05 0.0762684 0.90809 9.9964E-05
9.995E-05 9.995E-05 9.995E-05 9.995E-05 9.995E-05 0.9994 9.995E-05
9.995E-05 9.995E-05 9.995E-05 9.995E-05 9.995E-05 0.9994 9.995E-05
0.195376 0.102357 9.9982E-05 0.0175256 0.57412 0.110422 9.9982E-05
0.207927 0.0729014 9.9991E-05 0.0456013 0.520499 0.145689 0.00728166
0.173612 0.0837575 9.9982E-05 0.0528903 0.52512 0.164421 9.9982E-05
0.20009 0.0946481 9.9982E-05 9.9982E-05 0.519984 0.147588 0.0374892
0.207676 0.0633365 9.9982E-05 0.0387277 0.547874 0.142185 9.9982E-05
0.177693 0.137863 9.9982E-05 9.9982E-05 0.385131 0.0924335 0.206679
0.186043 0.0584501 9.9991E-05 0.0407786 0.435596 0.167963 0.11107
0.212236 0.0757041 9.9982E-05 9.9982E-05 0.478294 0.169051 0.0645147
0.0944701 0.134936 9.9982E-05 0.0747997 0.457597 0.237997 9.9982E-05
0.146609 0.0866752 9.9991E-05 0.061137 0.477995 0.220234 0.00725004
0.13747 0.127115 9.9991E-05 0.0342434 0.485489 0.134821 0.0807622
0.10882 0.126313 9.9991E-05 0.0463672 0.450234 0.22761 0.0405559
0.186039 0.112154 0.0196948 0.0594912 0.541594 0.080927 9.9991E-05
0.196104 0.0997486 0.0013538 0.0295183 0.500416 0.151429 0.0214305
0.947653 9.9964E-05 9.9964E-05 0.0012108 0.0507359 9.9964E-05 9.9964E-05
0.884757 0.0635921 0.00855724 0.00444114 9.9991E-05 0.00197943 0.0365732
0.9994 9.995E-05 9.995E-05 9.995E-05 9.995E-05 9.995E-05 9.995E-05
0.9994 9.995E-05 9.995E-05 9.995E-05 9.995E-05 9.995E-05 9.995E-05
0.9994 9.995E-05 9.995E-05 9.995E-05 9.995E-05 9.995E-05 9.995E-05
0.9994 9.995E-05 9.995E-05 9.995E-05 9.995E-05 9.995E-05 9.995E-05
0.977003 9.9955E-05 9.9955E-05 9.9955E-05 0.0224969 9.9955E-05 9.9955E-05
0.732659 0.0492355 0.0604226 9.9973E-05 0.157383 9.9973E-05 9.9973E-05
0.9994 9.995E-05 9.995E-05 9.995E-05 9.995E-05 9.995E-05 9.995E-05
0.9994 9.995E-05 9.995E-05 9.995E-05 9.995E-05 9.995E-05 9.995E-05
0.886832 9.9973E-05 0.0321399 9.9973E-05 9.9973E-05 0.0659253 0.0148032
0.9994 9.995E-05 9.995E-05 9.995E-05 9.995E-05 9.995E-05 9.995E-05
0.675755 0.0371507 9.9982E-05 0.0928126 0.0966673 0.0974146 9.9982E-05
9.995E-05 9.995E-05 9.995E-05 0.9994 9.995E-05 9.995E-05 9.995E-05
0.134371 0.0415515 9.9991E-05 0.103401 0.532336 0.183666 0.00457403
9.995E-05 9.995E-05 9.995E-05 0.9994 9.995E-05 9.995E-05 9.995E-05
9.995E-05 9.995E-05 9.995E-05 0.9994 9.995E-05 9.995E-05 9.995E-05
9.9964E-05 9.9964E-05 9.9964E-05 0.958938 9.9964E-05 0.03972 0.000942141
0.00817488 9.9991E-05 0.0159552 0.760065 0.187928 0.00336533 0.0244113
9.995E-05 9.995E-05 9.995E-05 0.9994 9.995E-05 9.995E-05 9.995E-05
0.0183874 0.0318499 9.9964E-05 0.949363 9.9964E-05 9.9964E-05 9.9964E-05
9.9955E-05 9.9955E-05 9.9955E-05 0.986236 9.9955E-05 0.0132642 9.9955E-05
0.00473562 9.9964E-05 9.9964E-05 0.969442 0.0254228 9.9964E-05 9.9964E-05
9.9955E-05 9.9955E-05 0.00172118 0.997779 9.9955E-05 9.9955E-05 9.9955E-05
0.0197134 9.9964E-05 9.9964E-05 0.957659 0.0222275 9.9964E-05 9.9964E-05
0.000112234 9.9964E-05 9.9964E-05 0.988333 0.0111553 9.9964E-05 9.9964E-05
0.0734649 0.0387865 9.9982E-05 0.843661 0.0104378 0.0334498 9.9982E-05
9.9982E-05 0.0252523 9.9982E-05 0.935091 0.00994864 0.00758142 0.0219268
0.042423 0.00137456 9.9982E-05 0.864051 0.0811223 0.0108288 9.9982E-05
0.0102212 0.0127528 0.00471163 0.844773 0.107903 0.0195389 9.9991E-05
9.9973E-05 0.043749 0.0190105 0.825657 0.111283 9.9973E-05 9.9973E-05
0.0513231 0.00872986 0.000516363 0.929569 0.00966138 9.9982E-05 9.9982E-05
0.023755 0.324464 0.0351053 0.030026 0.477849 0.108701 9.9991E-05
0.0240264 0.296129 0.00995207 0.0973684 0.4804 0.092024 9.9991E-05
9.9982E-05 0.339638 0.0340113 0.0121905 0.505539 0.108422 9.9982E-05
9.9982E-05 0.292743 0.0386501 0.0392495 0.56593 0.0632274 9.9982E-05
0.108222 0.447496 9.9982E-05 0.0652081 9.9982E-05 0.213908 0.164966
0.0341307 0.555336 9.99821E-05 0.0987581 9.99821E-05 0.249519 0.0620562
0.0757172 0.513353 9.9982E-05 0.0821604 9.9982E-05 0.233076 0.0954933
0.0318267 0.533388 9.9991E-05 0.0727381 0.0205498 0.24628 0.0951173
0.0580112 0.460421 9.9991E-05 0.138094 0.0503604 0.23143 0.0615834
0.0305748 0.468314 9.9991E-05 0.0779828 0.0858378 0.224621 0.11257
0.0293966 0.470491 9.9991E-05 0.0716193 0.0909698 0.23647 0.100953
0.16401 0.390405 0.0129352 0.121956 9.9991E-05 0.150764 0.15983
0.0526704 0.422918 9.9991E-05 0.0780027 0.104619 0.206671 0.135019
9.995E-05 0.9994 9.995E-05 9.995E-05 9.995E-05 9.995E-05 9.995E-05
9.995E-05 0.9994 9.995E-05 9.995E-05 9.995E-05 9.995E-05 9.995E-05
9.995E-05 0.9994 9.995E-05 9.995E-05 9.995E-05 9.995E-05 9.995E-05
9.995E-05 0.9994 9.995E-05 9.995E-05 9.995E-05 9.995E-05 9.995E-05
9.995E-05 0.9994 9.995E-05 9.995E-05 9.995E-05 9.995E-05 9.995E-05
9.9955E-05 0.919339 9.9955E-05 9.9955E-05 0.0801614 9.9955E-05 9.9955E-05
9.995E-05 0.9994 9.995E-05 9.995E-05 9.995E-05 9.995E-05 9.995E-05
9.995E-05 0.9994 9.995E-05 9.995E-05 9.995E-05 9.995E-05 9.995E-05
9.995E-05 0.9994 9.995E-05 9.995E-05 9.995E-05 9.995E-05 9.995E-05
9.9955E-05 0.997345 9.9955E-05 9.9955E-05 0.00215568 9.9955E-05 9.9955E-05
9.995E-05 0.9994 9.995E-05 9.995E-05 9.995E-05 9.995E-05 9.995E-05
9.995E-05 0.9994 9.995E-05 9.995E-05 9.995E-05 9.995E-05 9.995E-05
