9.995E-05 9.995E-05 9.995E-05 0.9994 9.995E-05 9.995E-05 9.995E-05
9.9973E-05 0.023216 0.0287406 0.873964 9.9973E-05 0.0737797 9.9973E-05
9.9964E-05 9.9964E-05 9.9964E-05 0.803 0.107635 9.9964E-05 0.0889656
0.0727722 0.0466492 0.0106978 0.596326 0.222001 0.0438797 0.00767453
0.141038 9.9973E-05 0.0164005 0.823466 9.9973E-05 0.0187957 9.9973E-05
9.9955E-05 0.184708 9.9955E-05 0.814793 9.9955E-05 9.9955E-05 9.9955E-05
0.0529479 9.9982E-05 0.0194212 0.907034 9.9982E-05 0.00949623 0.0109003
0.0553201 0.114285 9.9973E-05 0.798539 9.9973E-05 9.9973E-05 0.0315568
0.0793613 9.9973E-05 9.9973E-05 0.661334 9.9973E-05 0.0869974 0.172007
9.9982E-05 9.9982E-05 0.026252 0.518063 0.0679564 0.0541281 0.3334
0.0790942 0.544913 0.0248788 9.9973E-05 0.350814 9.9973E-05 9.9973E-05
9.9964E-05 0.0559141 0.00481523 9.9964E-05 0.938871 9.9964E-05 9.9964E-05
9.9964E-05 0.0312958 9.9964E-05 0.109445 0.858859 9.9964E-05 9.9964E-05
9.9982E-05 0.0112795 0.0330187 0.0171884 0.835698 9.9982E-05 0.102616
9.9982E-05 9.9982E-05 0.0573739 0.0599682 0.862163 0.0175346 0.00276049
9.9964E-05 0.465729 0.00212868 9.9964E-05 0.531742 9.9964E-05 9.9964E-05
9.995E-05 0.9994 9.995E-05 9.995E-05 9.995E-05 9.995E-05 9.995E-05
9.9973E-05 0.431528 9.9973E-05 9.9973E-05 0.242716 0.18236 0.143096
0.0423655 9.9964E-05 9.9964E-05 9.9964E-05 0.893451 9.9964E-05 0.0637838
9.9964E-05 0.294147 9.9964E-05 9.9964E-05 0.658946 9.9964E-05 0.046507
9.9982E-05 0.25511 9.9982E-05 0.0239602 0.532376 0.0126328 0.175721
9.9973E-05 0.611681 9.9973E-05 0.266053 9.9973E-05 0.0881187 0.0338475
9.9955E-05 0.998398 0.00110185 9.9955E-05 9.9955E-05 9.9955E-05 9.9955E-05
9.9964E-05 0.879997 9.9964E-05 9.9964E-05 9.9964E-05 0.0639347 0.0556686
9.9964E-05 9.9964E-05 9.9964E-05 9.9964E-05 0.906332 0.0890017 0.00426672
9.9973E-05 9.9973E-05 9.9973E-05 0.0759192 0.71025 0.153185 0.0603459
0.144903 0.0811444 9.9982E-05 9.9982E-05 0.550608 0.0723503 0.150794
0.0423922 9.9982E-05 0.0254251 0.0464816 0.566288 0.319213 9.9982E-05
9.9973E-05 9.9973E-05 9.9973E-05 0.0345755 0.604668 0.247982 0.112474
9.995E-05 9.995E-05 9.995E-05 9.995E-05 0.73664 0.26286 9.995E-05
0.0579773 9.9964E-05 9.9964E-05 9.9964E-05 9.9964E-05 0.240598 0.701025
0.0833669 9.9982E-05 9.9982E-05 0.114278 0.119754 0.222433 0.459968
9.9964E-05 9.9964E-05 9.9964E-05 9.9964E-05 0.112271 0.0704273 0.816902
0.0350256 0.021986 9.9964E-05 9.9964E-05 9.9964E-05 9.9964E-05 0.942589
9.9964E-05 0.00314772 9.9964E-05 9.9964E-05 0.205967 9.9964E-05 0.790485
9.9964E-05 9.9964E-05 0.0135168 0.0315035 9.9964E-05 9.9964E-05 0.95458
0.0297779 0.0595511 9.9973E-05 0.153529 9.9973E-05 9.9973E-05 0.756842
9.9964E-05 0.114259 9.9964E-05 9.9964E-05 9.9964E-05 0.0645835 0.820757
9.9955E-05 9.9955E-05 0.00589205 9.9955E-05 9.9955E-05 9.9955E-05 0.993608
0.0753021 0.0114645 0.0549514 9.9991E-05 0.077483 0.243935 0.536764
9.9955E-05 9.9955E-05 9.9955E-05 9.9955E-05 9.9955E-05 0.00585714 0.993643
0.0777724 9.9982E-05 9.9982E-05 0.0445015 0.0988765 0.322666 0.455984
0.0243511 9.9973E-05 9.9973E-05 9.9973E-05 0.123002 0.126796 0.725551
0.128704 0.0340281 0.010304 9.9991E-05 0.0455832 0.0086975 0.772584
0.258796 0.0371881 9.9973E-05 9.9973E-05 9.9973E-05 0.253321 0.450395
0.64874 9.9973E-05 9.9973E-05 9.9973E-05 0.186759 0.120041 0.0441606
0.81333 0.0587679 0.0469202 9.9973E-05 9.9973E-05 9.9973E-05 0.0806821
0.884 9.9955E-05 9.9955E-05 9.9955E-05 9.9955E-05 0.1155 9.9955E-05
0.348399 9.9982E-05 9.9982E-05 0.0756552 0.26052 0.0559786 0.259247
0.39383 9.9982E-05 9.9982E-05 0.0643887 0.0811125 0.149864 0.310604
0.721176 0.016733 9.9991E-05 0.00550261 0.0399656 0.129099 0.0874238
0.982248 0.0172527 9.9955E-05 9.9955E-05 9.9955E-05 9.9955E-05 9.9955E-05
0.911943 0.0423934 9.9964E-05 9.9964E-05 9.9964E-05 0.045264 9.9964E-05
0.718347 0.0822081 0.00356602 9.9982E-05 9.9982E-05 0.0557467 0.139932
0.865369 9.996E-05 9.996E-05 9.996E-05 9.996E-05 0.0148084 0.119423
0.914238 9.9964E-05 0.0457947 9.9964E-05 9.9964E-05 0.039567 9.9964E-05
0.0109931 0.0277791 9.9991E-05 0.0741707 0.0349464 0.803419 0.0485912
0.152326 9.9973E-05 9.9973E-05 0.0568784 0.103721 0.686774 9.9973E-05
0.0949904 0.012196 9.9973E-05 0.0926447 9.9973E-05 0.799869 9.9973E-05
0.0247968 0.0248057 9.9982E-05 0.128572 9.9982E-05 0.753489 0.0681372
0.0444582 0.0634877 9.9973E-05 9.9973E-05 9.9973E-05 0.852819 0.0389353
9.9973E-05 9.9973E-05 0.0936716 0.0130604 9.9973E-05 0.459802 0.433166
0.0172242 0.00807343 9.9982E-05 0.0152094 9.9982E-05 0.730705 0.228588
9.99551E-05 9.99551E-05 0.0474087 9.99551E-05 9.99551E-05 0.952092 9.99551E-05
9.9973E-05 0.0199272 0.0242587 9.9973E-05 9.9973E-05 0.838255 0.117259
9.9955E-05 9.9955E-05 9.9955E-05 9.9955E-05 0.0328124 0.966688 9.9955E-05
9.9964E-05 9.9964E-05 0.00443891 9.9964E-05 0.00801091 0.98715 9.9964E-05
9.9973E-05 0.0204815 0.00152103 9.9973E-05 0.00128805 0.976409 9.9973E-05
9.9955E-05 9.9955E-05 0.0252523 9.9955E-05 9.9955E-05 0.974248 9.9955E-05
9.995E-05 9.995E-05 9.995E-05 9.995E-05 9.995E-05 0.9994 9.995E-05
9.9973E-05 0.00734948 0.00641367 9.9973E-05 9.9973E-05 0.968259 0.0176781
0.0735244 9.9982E-05 0.0240124 0.103617 9.9982E-05 0.654287 0.144359
0.0119169 9.9973E-05 0.000795436 0.0080317 9.9973E-05 0.978956 9.9973E-05
9.9982E-05 9.9982E-05 0.0634267 0.00297606 0.0381242 0.566929 0.328344
0.0423474 0.0727207 0.580525 0.0211558 0.0167311 0.220428 0.046092
9.995E-05 9.995E-05 0.9994 9.995E-05 9.995E-05 9.995E-05 9.995E-05
0.0154753 0.0356278 0.0621158 0.0186925 0.0042382 0.644191 0.21966
