9.995E-05 9.995E-05 9.995E-05 9.995E-05 9.995E-05 9.995E-05 0.9994
9.9973E-05 9.9973E-05 0.502009 0.0740636 0.0672548 9.9973E-05 0.356372
9.9973E-05 9.9973E-05 0.499218 0.0572973 0.099272 9.9973E-05 0.343913
9.99551E-05 9.99551E-05 0.712573 9.99551E-05 9.99551E-05 9.99551E-05 0.286927
0.0110577 0.0269869 0.80758 9.9982E-05 0.00947144 9.9982E-05 0.144704
0.00846289 9.9973E-05 0.703727 9.9973E-05 0.0437353 9.9973E-05 0.243775
9.9955E-05 9.9955E-05 0.667525 9.9955E-05 9.9955E-05 9.9955E-05 0.331975
9.9982E-05 0.00197879 0.577806 0.0245334 0.0668436 9.9982E-05 0.328639
9.9982E-05 0.00805573 0.685297 0.0337629 0.0232311 9.9982E-05 0.249453
9.995E-05 9.995E-05 9.995E-05 9.995E-05 9.995E-05 9.995E-05 0.9994
9.995E-05 9.995E-05 9.995E-05 9.995E-05 9.995E-05 9.995E-05 0.9994
9.995E-05 9.995E-05 9.995E-05 9.995E-05 9.995E-05 9.995E-05 0.9994
9.9955E-05 9.9955E-05 9.9955E-05 0.0010679 9.9955E-05 9.9955E-05 0.998432
0.0589257 9.9973E-05 0.0169116 9.9973E-05 9.9973E-05 0.000396976 0.923466
9.9955E-05 9.9955E-05 9.9955E-05 9.9955E-05 9.9955E-05 0.0363871 0.963113
9.9964E-05 9.9964E-05 0.77865 9.9964E-05 0.0568304 9.9964E-05 0.16412
0.0707534 0.00594552 0.468389 0.0345728 0.108491 0.0917266 0.220122
9.99551E-05 9.99551E-05 0.747693 9.99551E-05 9.99551E-05 9.99551E-05 0.251808
0.0244003 9.9964E-05 0.960359 9.9964E-05 9.9964E-05 9.9964E-05 0.0148411
0.00474289 9.99551E-05 0.994757 9.99551E-05 9.99551E-05 9.99551E-05 9.99551E-05
9.9964E-05 0.0109364 0.878891 9.9964E-05 9.9964E-05 9.9964E-05 0.109773
0.0759058 9.9973E-05 0.863939 9.9973E-05 0.0383526 9.9973E-05 0.021503
0.107915 9.9964E-05 0.855402 9.9964E-05 9.9964E-05 9.9964E-05 0.0362831
9.9955E-05 9.9955E-05 0.926129 9.9955E-05 9.9955E-05 9.9955E-05 0.0733714
9.9964E-05 0.003916 0.955414 9.9964E-05 9.9964E-05 9.9964E-05 0.0402704
0.0389288 0.0413236 0.85605 9.9982E-05 9.9982E-05 0.03535 0.028148
0.0228274 0.0806266 0.807287 9.9982E-05 0.0658093 9.9982E-05 0.0232493
9.99551E-05 9.99551E-05 0.985776 9.99551E-05 9.99551E-05 9.99551E-05 0.0137245
0.013579 0.00854329 0.896998 9.9973E-05 9.9973E-05 9.9973E-05 0.0805795
9.9955E-05 9.9955E-05 0.871086 9.9955E-05 9.9955E-05 9.9955E-05 0.128414
0.0474339 9.9964E-05 0.854758 9.9964E-05 9.9964E-05 9.9964E-05 0.0974085
9.9982E-05 0.0299312 0.93231 0.00629859 9.9982E-05 0.00901037 0.0222499
0.0123136 0.00489806 0.864404 0.0199974 0.0671666 9.9991E-05 0.0311202
9.9973E-05 9.9973E-05 0.785048 9.9973E-05 0.0646781 0.0670686 0.0829053
0.126894 9.9973E-05 0.819676 9.9973E-05 0.00423775 9.9973E-05 0.0488925
9.9955E-05 9.9955E-05 0.866331 9.9955E-05 9.9955E-05 9.9955E-05 0.133169
0.0305305 0.0409411 0.928129 9.9964E-05 9.9964E-05 9.9964E-05 9.9964E-05
0.1064 0.0758442 0.776165 9.9991E-05 0.0204024 0.00243368 0.0186554
9.9982E-05 0.101442 0.758745 0.0646861 0.0497538 9.9982E-05 0.0251723
0.0293246 0.0183328 0.82953 0.0475203 9.9991E-05 0.0419851 0.0332071
9.9982E-05 0.0923062 0.677187 0.086589 0.0274276 0.11629 9.9982E-05
0.0721023 0.101467 0.613784 0.0695006 0.0302742 0.112772 9.9991E-05
0.00492095 9.9991E-05 0.696314 0.0771228 0.0748316 0.0914296 0.055281
9.9982E-05 0.0646644 0.717581 0.0696019 0.0636005 0.0843522 9.9982E-05
9.9973E-05 0.118277 0.712547 9.9973E-05 0.0927573 0.0761188 9.9973E-05
9.9964E-05 0.0835935 0.872821 9.9964E-05 0.0431858 9.9964E-05 9.9964E-05
9.9973E-05 0.0768495 0.841661 9.9973E-05 0.0607471 0.0204426 9.9973E-05
0.0504403 0.0232212 0.842774 9.9982E-05 0.069016 0.0143483 9.9982E-05
0.0136392 0.107354 0.651379 9.9991E-05 0.0722324 0.125399 0.0298956
9.9991E-05 0.00802699 0.734619 0.0460528 0.0335004 0.0690085 0.108692
9.9991E-05 0.115976 0.727543 0.0439341 0.063165 0.0450012 0.00428094
0.0354877 0.0294449 0.752602 9.9982E-05 0.125612 0.0566531 9.9982E-05
9.9973E-05 0.0595409 0.82495 9.9973E-05 0.0620832 0.0531262 9.9973E-05
0.108625 0.0874904 0.668178 0.0373088 9.9991E-05 0.0853255 0.012972
0.061149 0.0588467 0.649318 0.0529622 0.0298998 0.117173 0.0306518
9.9982E-05 0.0706137 0.647223 0.017254 0.121328 0.143382 9.9982E-05
0.0617292 0.108483 0.577162 0.0416956 0.0444962 0.0855498 0.0808839
0.0218744 0.0865852 0.77019 0.0337801 0.00164951 0.0858206 9.9991E-05
9.9973E-05 0.0385416 0.885208 9.9973E-05 0.0686527 0.00729803 9.9973E-05
9.9982E-05 0.156039 0.741764 0.0335023 0.0273812 0.0411127 9.9982E-05
0.021858 0.111265 0.722417 0.00353382 9.9982E-05 0.140726 9.9982E-05
0.0395746 0.000374338 0.741372 0.0197202 9.9991E-05 0.197588 0.00127131
0.0427671 0.0585307 0.653694 0.0709004 0.0807651 0.0896314 0.00371126
0.120639 0.033394 0.584528 0.0761527 0.136385 0.0488009 9.9991E-05
0.0157236 0.0753297 0.77292 0.00976915 9.9982E-05 0.126058 9.9982E-05
0.117215 0.0399231 0.65814 0.047874 0.0955615 0.0411865 9.9991E-05
9.9982E-05 0.0715187 0.661327 0.112194 0.0105365 0.144224 9.9982E-05
0.160824 9.9982E-05 0.607379 0.0553341 0.102035 0.0742285 9.9982E-05
0.0385527 0.075019 0.775668 0.0386684 0.0195515 0.0524405 9.9991E-05
0.0731957 9.9982E-05 0.663324 0.0444529 0.107562 0.111265 9.9982E-05
9.9982E-05 9.9982E-05 0.720929 0.0762493 0.0838213 0.105808 0.0129927
0.0937846 0.0384597 0.627566 0.045467 0.0767579 0.117865 9.9991E-05
0.0107103 0.0597338 0.750313 0.0157823 0.0718283 0.0510795 0.0405532
9.9991E-05 0.150377 0.731039 0.00468529 0.0170333 0.0852516 0.0115136
0.0894714 0.0248471 0.597382 0.0151609 0.074155 0.187165 0.0118184
0.026884 0.128361 0.646745 0.0367377 0.0774034 0.0837684 9.9991E-05
0.0203934 0.0253508 0.732828 0.0613638 0.0883957 0.0715689 9.9991E-05
0.191407 9.9991E-05 0.570672 0.115537 0.0275466 0.0904232 0.00431485
0.115802 0.111632 0.390104 0.171735 0.0593728 0.151255 9.9991E-05
0.0851632 0.101222 0.409617 0.196785 0.0343792 0.172734 9.9991E-05
0.0583898 0.126874 0.36143 0.137566 0.104572 0.211068 9.99981E-05
0.0989224 0.0897016 0.339357 0.203949 0.0619572 0.206013 9.9991E-05
0.0954561 0.0733351 0.40611 0.167012 0.0836706 0.174316 9.9991E-05
0.0391459 0.0851676 0.480118 0.186609 0.00601022 0.202849 9.9991E-05
0.00999583 0.127989 0.403466 0.279668 0.0314767 0.147305 9.9991E-05
0.0519683 0.0879091 0.415869 0.19963 0.135839 0.108684 9.9991E-05
0.0512822 0.0921267 0.452535 0.103073 0.10965 0.157139 0.0341946
9.9973E-05 0.0971538 0.495722 0.191786 9.9973E-05 0.215039 9.9973E-05
0.154593 0.0940305 0.415493 0.190576 0.0525222 0.0926843 9.9991E-05
0.00452192 0.166639 0.354951 0.124559 0.118646 0.210595 0.0200881
0.245977 9.9991E-05 0.457298 0.109129 0.0598912 0.112801 0.0148033
0.187624 9.9991E-05 0.451943 0.0993224 0.0786196 0.170698 0.0116931
0.0309358 0.220478 0.2893 0.214577 0.133902 0.092279 0.018528
9.995E-05 9.995E-05 9.995E-05 0.9994 9.995E-05 9.995E-05 9.995E-05
9.9973E-05 9.9973E-05 0.000923398 0.934045 0.00957525 9.9973E-05 0.0551569
0.0714089 9.9973E-05 0.0807258 0.846479 0.00108648 9.9973E-05 9.9973E-05
9.995E-05 9.995E-05 9.995E-05 0.9994 9.995E-05 9.995E-05 9.995E-05
9.995E-05 9.995E-05 9.995E-05 0.9994 9.995E-05 9.995E-05 9.995E-05
9.995E-05 9.995E-05 9.995E-05 0.9994 9.995E-05 9.995E-05 9.995E-05
9.995E-05 9.995E-05 9.995E-05 0.9994 9.995E-05 9.995E-05 9.995E-05
0.030846 9.9973E-05 0.0210381 0.939862 0.00795426 9.9973E-05 9.9973E-05
9.995E-05 9.995E-05 9.995E-05 0.9994 9.995E-05 9.995E-05 9.995E-05
9.995E-05 9.995E-05 9.995E-05 0.9994 9.995E-05 9.995E-05 9.995E-05
0.0989157 0.114882 0.236681 0.130371 0.0971191 0.321931 9.9991E-05
0.0668374 0.00712144 0.0144513 0.883814 0.000317615 0.0224084 0.00505012
9.995E-05 9.995E-05 9.995E-05 0.9994 9.995E-05 9.995E-05 9.995E-05
0.00399131 0.0490719 9.9964E-05 0.946537 9.9964E-05 9.9964E-05 9.9964E-05
0.147794 0.150534 0.196041 0.133281 0.0587537 0.313496 9.9991E-05
0.142969 0.109539 0.230016 0.116981 0.1064 0.293995 9.9991E-05
0.163114 0.112499 0.230608 0.160923 0.0841042 0.244503 0.00424864
0.132769 0.128387 0.171382 0.153078 0.129644 0.284641 9.9991E-05
0.158201 0.0806511 0.25987 0.177895 0.0504747 0.272809 9.9991E-05
0.244631 0.0805022 0.353329 0.0763651 0.0449198 0.200153 9.9991E-05
0.17071 0.106605 0.273927 0.180806 0.0388204 0.22483 0.00430142
0.196274 0.100705 0.2447 0.147884 0.0130503 0.297287 9.9991E-05
0.215236 0.0720549 0.2065 0.237842 0.104541 0.163726 9.9991E-05
0.223935 0.0567405 0.230884 0.212744 0.0963225 0.179275 9.9991E-05
0.143408 0.121168 0.350246 0.149081 0.0557943 0.180203 9.9991E-05
0.238324 0.0866639 0.244981 0.205651 0.0868423 0.13559 0.00194861
0.131499 0.135318 0.282386 0.100351 0.0982969 0.252049 9.9991E-05
0.0975845 0.121901 0.278246 0.160077 0.0675268 0.274565 9.9991E-05
9.9964E-05 0.0092016 9.9964E-05 9.9964E-05 0.0158732 0.974525 9.9964E-05
0.00519998 0.0235906 0.0808746 0.0432578 9.9991E-05 0.836127 0.0108499
9.995E-05 9.995E-05 9.995E-05 9.995E-05 9.995E-05 0.9994 9.995E-05
9.9955E-05 0.0131579 9.9955E-05 9.9955E-05 9.9955E-05 0.986342 9.9955E-05
9.995E-05 9.995E-05 9.995E-05 9.995E-05 9.995E-05 0.9994 9.995E-05
0.00313209 9.9964E-05 9.9964E-05 0.0147767 9.9964E-05 0.981691 9.9964E-05
9.995E-05 9.995E-05 9.995E-05 9.995E-05 9.995E-05 0.9994 9.995E-05
0.14977 0.00018467 0.0441121 9.9982E-05 9.9982E-05 0.772399 0.0333341
9.995E-05 9.995E-05 9.995E-05 9.995E-05 9.995E-05 0.9994 9.995E-05
9.995E-05 9.995E-05 9.995E-05 9.995E-05 9.995E-05 0.9994 9.995E-05
0.0814933 9.9982E-05 9.9982E-05 0.026706 0.00947158 0.858871 0.0232577
9.995E-05 9.995E-05 9.995E-05 9.995E-05 9.995E-05 0.9994 9.995E-05
0.046361 0.00670063 0.0303444 0.00134752 0.0775414 0.820713 0.0169917
9.995E-05 9.995E-05 9.995E-05 9.995E-05 0.9994 9.995E-05 9.995E-05
0.120385 0.0878774 0.281562 0.187277 0.107061 0.215737 9.9991E-05
9.995E-05 9.995E-05 9.995E-05 9.995E-05 0.9994 9.995E-05 9.995E-05
9.995E-05 9.995E-05 9.995E-05 9.995E-05 0.9994 9.995E-05 9.995E-05
0.0440126 9.99551E-05 9.99551E-05 9.99551E-05 0.955488 9.99551E-05 9.99551E-05
9.9982E-05 0.00605125 0.103022 9.9982E-05 0.793418 0.0560075 0.0413009
9.995E-05 9.995E-05 9.995E-05 9.995E-05 0.9994 9.995E-05 9.995E-05
0.051657 9.9964E-05 0.0666673 9.9964E-05 0.881276 9.9964E-05 9.9964E-05
0.0160626 9.9955E-05 9.9955E-05 9.9955E-05 0.983438 9.9955E-05 9.9955E-05
9.9982E-05 0.0202975 0.008117 0.00600271 0.942744 0.0226385 9.9982E-05
9.995E-05 9.995E-05 9.995E-05 9.995E-05 0.9994 9.995E-05 9.995E-05
0.00386457 0.0453637 9.9964E-05 9.9964E-05 0.950372 9.9964E-05 9.9964E-05
9.9964E-05 9.9964E-05 9.9964E-05 0.0368756 0.947248 0.0154764 9.9964E-05
9.9982E-05 0.0517371 0.0324523 0.0373684 0.834393 0.0438489 9.9982E-05
0.0141501 9.9964E-05 9.9964E-05 9.9964E-05 0.94223 9.9964E-05 0.04322
0.0425173 9.9991E-05 0.0161538 0.0125898 0.894295 0.0229745 0.0113701
0.0351551 0.0586031 9.9973E-05 9.9973E-05 0.899074 9.9973E-05 0.00686809
0.0571665 0.0132274 0.0258321 9.9982E-05 0.889331 9.9982E-05 0.0142426
9.9955E-05 9.9955E-05 9.9955E-05 9.9955E-05 0.963502 0.0359983 9.9955E-05
0.134535 0.305082 0.214161 0.120952 0.0799553 0.1157 0.029614
0.13367 0.327066 0.192797 0.0998034 0.135556 0.0780297 0.0330781
0.148317 0.333828 0.218286 0.116233 0.0745821 0.0675904 0.0411645
0.156128 0.310354 0.256284 0.0924216 0.101411 0.0551767 0.0282252
0.971721 9.9973E-05 9.9973E-05 9.9973E-05 0.00984751 0.0063384 0.0117935
0.9994 9.995E-05 9.995E-05 9.995E-05 9.995E-05 9.995E-05 9.995E-05
0.999392 9.9955E-05 0.000108251 9.9955E-05 9.9955E-05 9.9955E-05 9.9955E-05
0.9994 9.995E-05 9.995E-05 9.995E-05 9.995E-05 9.995E-05 9.995E-05
0.985169 0.0143308 9.9955E-05 9.9955E-05 9.9955E-05 9.9955E-05 9.9955E-05
0.980542 0.0189578 9.9955E-05 9.9955E-05 9.9955E-05 9.9955E-05 9.9955E-05
0.986417 0.00707003 9.9964E-05 0.00611318 9.9964E-05 9.9964E-05 9.9964E-05
0.84389 0.00193024 0.0600129 9.9991E-05 0.0255703 0.0292569 0.0392392
0.820494 9.9973E-05 0.1127 9.9973E-05 0.0370461 0.0294599 9.9973E-05
9.995E-05 0.9994 9.995E-05 9.995E-05 9.995E-05 9.995E-05 9.995E-05
9.995E-05 0.9994 9.995E-05 9.995E-05 9.995E-05 9.995E-05 9.995E-05
9.9955E-05 0.997467 9.9955E-05 9.9955E-05 9.9955E-05 9.9955E-05 0.0020334
9.995E-05 0.9994 9.995E-05 9.995E-05 9.995E-05 9.995E-05 9.995E-05
9.995E-05 0.9994 9.995E-05 9.995E-05 9.995E-05 9.995E-05 9.995E-05
0.0128007 0.886474 0.0596106 9.9973E-05 0.0408147 9.9973E-05 9.9973E-05
9.995E-05 0.9994 9.995E-05 9.995E-05 9.995E-05 9.995E-05 9.995E-05
9.995E-05 0.9994 9.995E-05 9.995E-05 9.995E-05 9.995E-05 9.995E-05
9.995E-05 0.9994 9.995E-05 9.995E-05 9.995E-05 9.995E-05 9.995E-05
9.9973E-05 0.957365 9.9973E-05 9.9973E-05 0.00496206 0.0368255 0.000547763
9.995E-05 0.9994 9.995E-05 9.995E-05 9.995E-05 9.995E-05 9.995E-05
0.0216223 0.977878 9.9955E-05 9.9955E-05 9.9955E-05 9.9955E-05 9.9955E-05
