9.996E-05 9.996E-05 9.996E-05 9.996E-05 9.996E-05 0.9995
0.08361 0.443937 0.107014 9.9982E-05 9.9982E-05 0.36524
0.102935 0.431512 0.0563283 9.9982E-05 9.9982E-05 0.409025
9.99641E-05 0.665337 9.99641E-05 9.99641E-05 9.99641E-05 0.334263
9.9973E-05 0.71335 9.9973E-05 9.9973E-05 0.0620199 0.22433
0.0134381 0.761984 0.0029848 9.9982E-05 9.9982E-05 0.221394
9.9964E-05 0.602012 9.9964E-05 9.9964E-05 9.9964E-05 0.397588
0.0835338 0.538502 0.00787651 9.9982E-05 9.9982E-05 0.369887
0.0176434 0.69888 9.9973E-05 9.9973E-05 9.9973E-05 0.283177
9.996E-05 9.996E-05 9.996E-05 9.996E-05 9.996E-05 0.9995
9.996E-05 9.996E-05 9.996E-05 9.996E-05 9.996E-05 0.9995
9.996E-05 9.996E-05 9.996E-05 9.996E-05 9.996E-05 0.9995
9.996E-05 9.996E-05 9.996E-05 9.996E-05 9.996E-05 0.9995
0.0144899 0.0175453 9.9982E-05 9.9982E-05 0.0305178 0.937247
0.0313183 9.9991E-05 0.00635614 0.0162995 0.0313652 0.914561
0.0253572 0.72151 9.9973E-05 9.9973E-05 9.9973E-05 0.252833
0.0299961 0.538163 0.0556342 9.9991E-05 0.0794529 0.296654
0.00887122 0.68156 9.9973E-05 9.9973E-05 9.9973E-05 0.309269
9.99641E-05 0.957533 9.99641E-05 9.99641E-05 9.99641E-05 0.0420673
9.996E-05 0.9995 9.996E-05 9.996E-05 9.996E-05 9.996E-05
9.9973E-05 0.826451 9.9973E-05 9.9973E-05 0.0336336 0.139615
0.0291223 0.913713 9.9973E-05 9.9973E-05 9.9973E-05 0.0568649
9.9973E-05 0.926212 9.9973E-05 9.9973E-05 0.00887654 0.0646111
9.9964E-05 0.905091 9.9964E-05 9.9964E-05 9.9964E-05 0.094509
9.99641E-05 0.921249 9.99641E-05 9.99641E-05 9.99641E-05 0.0783507
0.000529914 0.898333 9.9991E-05 0.0124367 0.0371945 0.0514058
0.0446163 0.845825 9.9982E-05 9.9982E-05 0.0538063 0.0555528
9.99641E-05 0.918223 9.99641E-05 9.99641E-05 9.99641E-05 0.0813773
9.9964E-05 0.88523 9.9964E-05 9.9964E-05 9.9964E-05 0.11437
9.9964E-05 0.84966 9.9964E-05 9.9964E-05 9.9964E-05 0.14994
9.9973E-05 0.837882 9.9973E-05 9.9973E-05 0.00283912 0.158979
9.9982E-05 0.928492 0.00978979 9.9982E-05 0.00245206 0.0590665
0.00526933 0.936716 0.0101155 9.9982E-05 9.9982E-05 0.0476987
0.0721502 0.788411 9.9982E-05 0.0388674 9.9982E-05 0.100371
9.9973E-05 0.909746 9.9973E-05 9.9973E-05 0.0387205 0.0512337
9.9964E-05 0.862609 9.9964E-05 9.9964E-05 9.9964E-05 0.136992
9.996E-05 0.9995 9.996E-05 9.996E-05 9.996E-05 9.996E-05
0.0196677 0.855318 9.9982E-05 9.9982E-05 0.0943254 0.0304885
0.0506151 0.802946 0.0411267 9.9991E-05 0.06347 0.0417423
9.9991E-05 0.946345 0.00872551 0.00603426 0.0115162 0.0272793
0.0569228 0.725449 0.0645366 0.152892 9.9982E-05 9.9982E-05
0.0811101 0.765685 0.017953 0.109137 0.0260152 9.9991E-05
0.0930339 0.65431 0.0477449 0.118519 9.9991E-05 0.0862926
0.0556363 0.790371 0.0193223 0.105224 0.0293466 9.9991E-05
0.0301871 0.854352 9.9982E-05 0.0579096 0.057351 9.9982E-05
0.0344789 0.935534 9.9973E-05 9.9973E-05 0.029687 9.9973E-05
0.0173583 0.977197 9.9973E-05 0.00514479 9.9973E-05 9.9973E-05
0.0400723 0.896088 9.9982E-05 0.0205904 0.0430495 9.9982E-05
0.0642468 0.702787 9.9991E-05 0.118177 0.0593028 0.0553858
9.9982E-05 0.801536 0.0352004 0.0419108 9.9982E-05 0.121152
0.0570196 0.755669 0.0645927 0.0235464 0.0528614 0.046311
0.0547542 0.882735 9.9982E-05 0.0311052 0.0312055 9.9982E-05
0.029656 0.890605 9.9973E-05 9.9973E-05 0.0794393 9.9973E-05
0.00857067 0.724879 0.0500872 0.0747225 0.0935136 0.0482275
0.0122622 0.711194 0.0721031 0.119835 0.0561683 0.0284375
0.115135 0.75465 0.0361717 0.0938432 9.9982E-05 9.9982E-05
0.105025 0.624469 9.9991E-05 0.0799603 0.112558 0.0778872
9.9982E-05 0.842967 0.0388799 0.0540156 0.0639379 9.9982E-05
0.0602032 0.934283 9.9973E-05 9.9973E-05 0.00521386 9.9973E-05
0.0353893 0.736136 0.0519487 0.01526 0.11182 0.0494463
0.00496201 0.827357 9.9982E-05 0.0554338 0.112048 9.9982E-05
9.9973E-05 0.836855 9.9973E-05 0.128813 0.0340315 9.9973E-05
0.0391282 0.789923 0.0404829 0.072831 0.0575348 9.9991E-05
0.0744038 0.657125 0.0606462 0.149493 0.0582316 9.9991E-05
9.9982E-05 0.855397 9.9982E-05 0.102241 0.0269786 0.0151832
0.128302 0.715737 0.0225487 0.0782177 0.0550954 9.9991E-05
0.0207939 0.785998 0.0705863 0.093586 0.0289362 9.9991E-05
0.0924031 0.685225 0.0806483 0.105209 0.0364146 9.9991E-05
9.9973E-05 0.945651 9.9973E-05 0.032871 0.0211784 9.9973E-05
0.0827348 0.783218 0.0189227 0.114925 9.9982E-05 9.9982E-05
0.0816466 0.772707 0.0537609 0.0566512 9.9991E-05 0.0351345
0.0665733 0.724617 0.0660279 0.086015 0.0566671 9.9991E-05
0.0223468 0.868938 0.0268597 9.9991E-05 0.0465894 0.0351659
0.00881868 0.86746 9.9991E-05 0.0169532 0.0983818 0.00828642
0.0723071 0.658058 0.0503741 0.1776 0.0369487 0.00471282
9.9982E-05 0.818971 0.0301237 0.0643401 0.0863656 9.9982E-05
0.045063 0.806746 0.122974 0.0250173 9.9982E-05 9.9982E-05
0.0336421 0.661048 0.146836 0.0892369 0.069137 9.9991E-05
0.0948222 0.489382 0.153975 0.142421 0.1193 9.9991E-05
0.0743381 0.498523 0.162963 0.175844 0.0882325 9.9991E-05
0.0726759 0.506571 0.139138 0.189866 0.0916483 9.9991E-05
0.0435445 0.558534 0.172074 0.161803 0.0639435 9.9991E-05
0.10323 0.481509 0.12581 0.156234 0.133116 9.9991E-05
0.036777 0.582102 0.165221 0.145333 0.0704673 9.9991E-05
0.0535677 0.522614 0.230704 0.141168 0.0518466 9.9991E-05
0.11251 0.512601 0.163559 0.131752 0.0669506 0.0126271
0.0967497 0.571069 0.0825883 0.143815 0.0818232 0.0239556
9.9982E-05 0.587432 0.161773 0.16233 0.0882643 9.9982E-05
0.107301 0.43144 0.201667 0.168808 0.0906836 9.9991E-05
0.116012 0.409208 0.114518 0.209551 0.150611 9.9991E-05
0.0819027 0.549766 0.181471 0.119471 0.0421534 0.0252364
0.0810205 0.550139 0.151533 0.168848 0.0253418 0.0231186
0.116605 0.367687 0.226803 0.0976491 0.174182 0.017073
9.996E-05 9.996E-05 0.9995 9.996E-05 9.996E-05 9.996E-05
9.9964E-05 9.9964E-05 0.946902 9.9964E-05 9.9964E-05 0.0526986
0.0631946 0.00243375 0.863986 0.00187623 0.0500654 0.018444
9.996E-05 9.996E-05 0.9995 9.996E-05 9.996E-05 9.996E-05
9.996E-05 9.996E-05 0.9995 9.996E-05 9.996E-05 9.996E-05
9.996E-05 9.996E-05 0.9995 9.996E-05 9.996E-05 9.996E-05
9.996E-05 9.996E-05 0.9995 9.996E-05 9.996E-05 9.996E-05
9.9964E-05 0.059684 0.939916 9.9964E-05 9.9964E-05 9.9964E-05
9.996E-05 9.996E-05 0.9995 9.996E-05 9.996E-05 9.996E-05
9.996E-05 9.996E-05 0.9995 9.996E-05 9.996E-05 9.996E-05
0.146781 0.324647 0.107456 0.34441 0.0766067 9.9991E-05
9.9973E-05 0.0579532 0.930301 9.9973E-05 0.0114455 9.9973E-05
0.00296366 9.9973E-05 0.993555 9.9973E-05 9.9973E-05 0.00318144
9.996E-05 9.996E-05 0.9995 9.996E-05 9.996E-05 9.996E-05
0.0318528 0.326065 0.170506 0.329747 0.141729 9.9991E-05
0.0672873 0.354722 0.164349 0.312114 0.101428 9.9991E-05
0.0566797 0.326956 0.247994 0.248418 0.119852 9.9991E-05
0.0472721 0.318417 0.186568 0.311986 0.135657 9.9991E-05
0.0251357 0.339939 0.190325 0.277064 0.167436 9.9991E-05
0.0661477 0.4281 0.134425 0.236374 0.134854 9.9991E-05
0.0195932 0.496574 0.211241 0.21017 0.0555119 0.00691109
0.0117221 0.392736 0.199706 0.306746 0.0889898 9.9991E-05
0.0808973 0.327019 0.244391 0.207165 0.140428 9.9991E-05
0.121227 0.296925 0.253605 0.202109 0.126034 9.9991E-05
0.0679516 0.471632 0.167266 0.177599 0.115452 9.9991E-05
0.108565 0.34256 0.247729 0.150568 0.150478 9.9991E-05
0.100973 0.35046 0.134944 0.292828 0.120037 0.000758157
0.0733137 0.367967 0.178501 0.275592 0.104526 9.9991E-05
0.00371323 9.9982E-05 0.000523086 0.974806 0.0207578 9.9982E-05
9.9982E-05 9.9982E-05 0.0270275 0.922406 0.037696 0.0126701
9.996E-05 9.996E-05 9.996E-05 0.9995 9.996E-05 9.996E-05
9.9964E-05 9.9964E-05 9.9964E-05 0.994931 0.00466963 9.9964E-05
9.996E-05 9.996E-05 9.996E-05 0.9995 9.996E-05 9.996E-05
9.996E-05 9.996E-05 9.996E-05 0.9995 9.996E-05 9.996E-05
9.9964E-05 0.0263097 9.9964E-05 0.97329 9.9964E-05 9.9964E-05
0.0172285 0.0929795 0.0311723 0.728905 0.0962613 0.0334533
9.996E-05 9.996E-05 9.996E-05 0.9995 9.996E-05 9.996E-05
9.996E-05 9.996E-05 9.996E-05 0.9995 9.996E-05 9.996E-05
9.9982E-05 0.0238701 0.0318136 0.923494 9.9982E-05 0.0206227
9.996E-05 9.996E-05 9.996E-05 0.9995 9.996E-05 9.996E-05
0.113734 0.0883269 0.0130996 0.736043 0.0486965 9.9991E-05
0.9995 9.996E-05 9.996E-05 9.996E-05 9.996E-05 9.996E-05
0.103904 0.318562 0.244985 0.222667 0.109782 9.9991E-05
0.9995 9.996E-05 9.996E-05 9.996E-05 9.996E-05 9.996E-05
0.9995 9.996E-05 9.996E-05 9.996E-05 9.996E-05 9.996E-05
0.909633 9.9982E-05 0.0291891 0.0531719 0.00780643 9.9982E-05
0.803232 0.140418 9.9982E-05 0.026765 0.0293854 9.9982E-05
0.9995 9.996E-05 9.996E-05 9.996E-05 9.996E-05 9.996E-05
0.866017 0.0295312 0.0396024 0.0646491 9.9982E-05 9.9982E-05
0.991696 9.9964E-05 9.9964E-05 9.9964E-05 0.00790441 9.9964E-05
0.965647 0.0339529 9.9964E-05 9.9964E-05 9.9964E-05 9.9964E-05
0.9995 9.996E-05 9.996E-05 9.996E-05 9.996E-05 9.996E-05
0.9995 9.996E-05 9.996E-05 9.996E-05 9.996E-05 9.996E-05
0.953592 0.029994 0.00122794 0.0149861 9.9982E-05 9.9982E-05
0.838438 9.9982E-05 0.0716919 0.0614002 0.0282698 9.9982E-05
0.907821 0.0692041 9.9991E-05 0.00071311 0.00798001 0.0141822
0.879219 0.0230576 0.0569537 0.0405702 9.9982E-05 9.9982E-05
0.834167 0.031544 0.0288727 0.0185762 0.0838287 0.00301168
0.794632 0.0789166 0.0330391 9.9991E-05 0.0575722 0.0357402
0.958416 9.9982E-05 0.0265543 0.0122212 0.00260904 9.9982E-05
0.079721 0.281954 0.111009 0.135209 0.36812 0.0239863
0.0474389 0.415675 0.106109 0.101523 0.329154 9.9991E-05
0.0934754 0.331765 0.121735 0.0875494 0.349482 0.0159925
0.103896 0.360728 0.0990456 0.0987291 0.318865 0.0187365
0.079721 0.259853 0.231802 0.0968172 0.331707 9.9991E-05
0.0844581 0.0912016 0.324167 0.0172266 0.482846 9.9991E-05
0.084687 0.189989 0.279563 0.0367609 0.4089 9.9991E-05
0.102014 0.157753 0.290051 0.0373718 0.41271 9.9991E-05
0.0903714 0.197362 0.275738 0.0276103 0.408818 9.9991E-05
0.103279 0.224922 0.281964 0.0334932 0.356242 9.9991E-05
0.0772151 0.265372 0.254504 0.0357717 0.367037 9.9991E-05
0.128515 0.224957 0.211207 0.102285 0.302512 0.0305237
0.103539 0.343882 0.268097 0.00529686 0.279085 9.9991E-05
9.996E-05 9.996E-05 9.996E-05 9.996E-05 0.9995 9.996E-05
9.996E-05 9.996E-05 9.996E-05 9.996E-05 0.9995 9.996E-05
9.996E-05 9.996E-05 9.996E-05 9.996E-05 0.9995 9.996E-05
9.996E-05 9.996E-05 9.996E-05 9.996E-05 0.9995 9.996E-05
9.996E-05 9.996E-05 9.996E-05 9.996E-05 0.9995 9.996E-05
9.9973E-05 0.0478198 9.9973E-05 9.9973E-05 0.933452 0.018428
9.996E-05 9.996E-05 9.996E-05 9.996E-05 0.9995 9.996E-05
9.996E-05 9.996E-05 9.996E-05 9.996E-05 0.9995 9.996E-05
0.00848573 9.9973E-05 9.9973E-05 9.9973E-05 0.976687 0.0145272
0.00552482 9.9973E-05 9.9973E-05 0.0338802 0.960295 9.9973E-05
9.996E-05 9.996E-05 9.996E-05 9.996E-05 0.9995 9.996E-05
9.996E-05 9.996E-05 9.996E-05 9.996E-05 0.9995 9.996E-05
