0.9995 9.996E-05 9.996E-05 9.996E-05 9.996E-05 9.996E-05
0.873836 0.0100777 0.115787 9.9973E-05 9.9973E-05 9.9973E-05
0.736847 9.9964E-05 9.9964E-05 0.262754 9.9964E-05 9.9964E-05
0.429633 0.0481269 9.9991E-05 0.193576 0.0207315 0.307833
0.825792 0.0109215 0.00900285 9.9982E-05 0.154084 9.9982E-05
0.97775 9.9964E-05 9.9964E-05 9.9964E-05 9.9964E-05 0.02185
0.872412 0.0117602 0.0355038 0.00383101 0.0763933 9.9991E-05
0.833028 0.0101793 9.9982E-05 9.9982E-05 0.0720296 0.0845636
0.669397 9.9991E-05 0.135737 0.154156 0.0370042 0.00360615
0.563084 0.0299149 0.297433 9.9982E-05 0.109368 9.9982E-05
9.9973E-05 0.0392789 9.9973E-05 9.9973E-05 0.00650104 0.95392
9.9973E-05 9.9973E-05 0.0295032 0.0209004 9.9973E-05 0.949296
0.250309 9.9964E-05 9.9964E-05 9.9964E-05 9.9964E-05 0.749291
0.020696 0.0321071 0.017854 0.0669344 0.0558535 0.806555
0.0934713 0.08049 0.0190442 0.0151201 9.9991E-05 0.791774
0.000287652 9.9973E-05 9.9973E-05 9.9973E-05 0.00401076 0.995402
9.996E-05 9.996E-05 9.996E-05 9.996E-05 9.996E-05 0.9995
9.9982E-05 9.9982E-05 0.245177 0.079378 0.00939556 0.665849
9.999E-05 0.0260782 0.023341 0.112105 0.0451721 0.793204
0.0443127 9.9973E-05 9.9973E-05 9.9973E-05 0.0566811 0.898706
0.0675544 9.9982E-05 0.218611 0.00859718 9.9982E-05 0.705037
0.255141 9.9982E-05 0.103696 0.0346648 9.9982E-05 0.606298
0.0453066 0.0125293 9.9973E-05 9.9973E-05 9.9973E-05 0.941864
9.9973E-05 9.9973E-05 0.0552831 0.0761232 9.9973E-05 0.868294
9.9982E-05 0.00724484 0.162338 0.0593131 9.9982E-05 0.770904
0.0404032 9.9982E-05 0.178214 0.109672 9.9982E-05 0.671511
9.9982E-05 9.9982E-05 0.157682 0.177041 0.134931 0.530147
0.0625949 0.0210633 0.407191 9.9991E-05 0.0843345 0.424716
9.9973E-05 9.9973E-05 0.348072 0.104225 9.9973E-05 0.547403
9.9964E-05 9.9964E-05 0.508673 9.9964E-05 9.9964E-05 0.490927
9.9964E-05 9.9964E-05 0.307638 0.691962 9.9964E-05 9.9964E-05
0.134517 9.9982E-05 0.253516 0.563405 0.0483616 9.9982E-05
9.9982E-05 9.9982E-05 0.0965042 0.770404 0.0413545 0.0915377
0.000818614 9.9982E-05 9.9982E-05 0.581248 0.316786 0.100948
9.9964E-05 9.9964E-05 9.9964E-05 0.87777 9.9964E-05 0.12183
9.996E-05 9.996E-05 9.996E-05 0.9995 9.996E-05 9.996E-05
0.185624 0.00657622 9.9991E-05 0.669825 0.0726742 0.0652002
9.9973E-05 9.9973E-05 0.110759 0.761399 9.9973E-05 0.127542
9.9973E-05 0.0198613 9.9973E-05 0.895328 0.0845105 9.9973E-05
9.9991E-05 0.0466355 0.232378 0.474449 0.0969824 0.149455
9.9964E-05 0.0194128 9.9964E-05 0.980187 9.9964E-05 9.9964E-05
0.0477148 0.00416272 0.325292 0.30501 0.160251 0.15757
9.9982E-05 0.0194697 0.0512673 0.888256 9.9982E-05 0.0408068
9.9991E-05 0.0349116 0.0262388 0.485179 0.265885 0.187686
9.9973E-05 9.9973E-05 0.061971 0.302432 0.635298 9.9973E-05
0.0293944 9.9991E-05 0.101349 0.102234 0.742854 0.024068
9.9973E-05 0.03905 9.9973E-05 0.0499618 0.910688 9.9973E-05
9.9973E-05 9.9973E-05 0.170108 0.0212891 0.808303 9.9973E-05
0.063147 9.9991E-05 0.0658998 0.104896 0.61639 0.149568
0.0472725 9.9982E-05 0.132896 0.399885 0.419746 9.9982E-05
9.9964E-05 9.9964E-05 0.17546 9.9964E-05 0.82414 9.9964E-05
9.996E-05 9.996E-05 9.996E-05 9.996E-05 0.9995 9.996E-05
9.9964E-05 9.9964E-05 0.141731 9.9964E-05 0.85787 9.9964E-05
9.9982E-05 9.9982E-05 0.0913889 0.0486009 0.841498 0.0183127
9.9973E-05 9.9973E-05 0.0835469 0.0612086 0.854945 9.9973E-05
9.9973E-05 0.0535895 0.180282 9.9973E-05 0.765829 9.9973E-05
9.9964E-05 9.9964E-05 0.857685 0.141915 9.9964E-05 9.9964E-05
0.0622399 9.9991E-05 0.727402 0.039424 0.0694914 0.101342
0.0559061 9.9973E-05 0.925119 9.9973E-05 0.0186749 9.9973E-05
0.161924 9.9991E-05 0.669418 0.0551924 0.0533581 0.060007
0.00930094 9.9973E-05 0.85002 9.9973E-05 0.140379 9.9973E-05
0.0129732 0.104325 0.495852 0.38665 9.9982E-05 9.9982E-05
0.089527 9.9991E-05 0.732967 0.0711254 0.0451866 0.0610939
9.9964E-05 0.0233377 0.976262 9.9964E-05 9.9964E-05 9.9964E-05
9.9982E-05 0.0142345 0.906825 0.0343578 9.9982E-05 0.0443825
9.996E-05 9.996E-05 0.9995 9.996E-05 9.996E-05 9.996E-05
9.9964E-05 0.0136481 0.985952 9.9964E-05 9.9964E-05 9.9964E-05
9.996E-05 9.996E-05 0.9995 9.996E-05 9.996E-05 9.996E-05
9.9964E-05 0.000925905 0.998674 9.9964E-05 9.9964E-05 9.9964E-05
9.9964E-05 9.9964E-05 0.979527 9.9964E-05 0.0200736 9.9964E-05
9.9964E-05 9.9964E-05 0.986278 0.0133218 9.9964E-05 9.9964E-05
0.0295514 0.0249374 0.552566 0.392746 9.9982E-05 9.9982E-05
9.9964E-05 0.00119334 0.998407 9.9964E-05 9.9964E-05 9.9964E-05
9.9991E-05 0.0688503 0.674141 0.0976181 0.128042 0.0312491
9.9982E-05 0.498517 0.346303 9.9982E-05 0.121685 0.0332949
9.996E-05 0.9995 9.996E-05 9.996E-05 9.996E-05 9.996E-05
0.0278261 0.0497888 0.626987 0.12853 0.0912978 0.0755697
