9.996E-05 0.9995 9.996E-05 9.996E-05 9.996E-05 9.996E-05
0.0894723 0.373048 0.0567716 9.9982E-05 9.9982E-05 0.480508
0.106977 0.383631 0.0767743 9.9982E-05 9.9982E-05 0.432418
9.99641E-05 0.302254 9.99641E-05 9.99641E-05 9.99641E-05 0.697346
9.9973E-05 0.19221 9.9973E-05 0.0699156 9.9973E-05 0.737575
9.9973E-05 0.251927 0.00893637 9.9973E-05 9.9973E-05 0.738837
9.9964E-05 0.387001 9.9964E-05 9.9964E-05 9.9964E-05 0.612599
0.0377985 0.378606 0.0265943 9.9982E-05 9.9982E-05 0.556801
0.0231558 0.289724 9.9973E-05 9.9973E-05 9.9973E-05 0.686821
9.996E-05 0.9995 9.996E-05 9.996E-05 9.996E-05 9.996E-05
9.996E-05 0.9995 9.996E-05 9.996E-05 9.996E-05 9.996E-05
9.996E-05 0.9995 9.996E-05 9.996E-05 9.996E-05 9.996E-05
9.996E-05 0.9995 9.996E-05 9.996E-05 9.996E-05 9.996E-05
0.0104187 0.934723 9.9973E-05 0.0545583 9.9973E-05 9.9973E-05
0.00906486 0.938179 9.9991E-05 0.0404159 0.0120923 0.000147582
0.0213026 0.263866 9.9973E-05 9.9973E-05 9.9973E-05 0.714531
0.0753386 0.229576 0.0897996 0.0548799 9.9991E-05 0.550306
9.9964E-05 0.292601 9.9964E-05 9.9964E-05 9.9964E-05 0.706999
9.9973E-05 0.0200324 9.9973E-05 0.0117361 9.9973E-05 0.967932
9.996E-05 9.996E-05 9.996E-05 9.996E-05 9.996E-05 0.9995
9.9982E-05 0.154961 0.00901729 0.011739 9.9982E-05 0.824083
0.0113067 0.0541872 0.0203745 9.9982E-05 9.9982E-05 0.913932
9.9982E-05 0.0404397 0.00407509 0.0372109 9.9982E-05 0.918074
9.9964E-05 0.0707798 9.9964E-05 9.9964E-05 9.9964E-05 0.92882
9.9964E-05 0.0478256 9.9964E-05 9.9964E-05 9.9964E-05 0.951775
9.9982E-05 0.0245698 9.9982E-05 0.027394 0.0259783 0.921858
0.0655041 0.0381425 9.9982E-05 0.0841651 9.9982E-05 0.811988
9.99641E-05 0.0349962 9.99641E-05 9.99641E-05 9.99641E-05 0.964604
9.9973E-05 0.105601 9.9973E-05 0.00214771 9.9973E-05 0.891951
9.9964E-05 0.120287 9.9964E-05 9.9964E-05 9.9964E-05 0.879313
9.99641E-05 0.127678 9.99641E-05 9.99641E-05 9.99641E-05 0.871922
9.9973E-05 0.060814 9.9973E-05 0.0638658 9.9973E-05 0.87502
0.0270361 0.0368676 9.9973E-05 9.9973E-05 9.9973E-05 0.935796
0.0921427 0.0854455 9.9982E-05 9.9982E-05 0.0815327 0.740679
0.0408457 0.0512105 9.9982E-05 0.00261662 9.9982E-05 0.905127
9.9964E-05 0.13086 9.9964E-05 9.9964E-05 9.9964E-05 0.86874
9.996E-05 9.996E-05 9.996E-05 9.996E-05 9.996E-05 0.9995
0.0113312 0.0334756 0.0267859 0.102004 0.0164179 0.809985
0.0550699 0.0334403 0.0409074 0.0843204 9.9991E-05 0.786162
9.9991E-05 0.0139747 0.0596099 0.0454857 0.0387674 0.842062
0.0767566 9.9982E-05 0.0802688 9.9982E-05 0.151185 0.69159
0.0812022 9.9991E-05 0.0377645 0.030974 0.102585 0.747375
0.0969465 0.0447771 0.0592081 9.9991E-05 0.0855597 0.713409
0.0675002 9.9991E-05 0.0491208 0.0405933 0.0741185 0.768567
0.0460913 9.9982E-05 9.9982E-05 0.0940123 0.046879 0.812817
0.0280527 9.9973E-05 9.9973E-05 0.00947551 9.9973E-05 0.962172
0.0306683 9.9982E-05 9.9982E-05 0.00284307 0.0256664 0.940622
0.0470544 9.9982E-05 9.9982E-05 0.0567218 0.0154027 0.880621
0.0636545 0.060465 9.9991E-05 0.072617 0.116606 0.686558
0.0248917 0.108912 0.0374254 9.9991E-05 0.0585053 0.770165
0.039146 0.0270936 0.0731025 0.0472964 0.0307171 0.782644
0.0568346 9.9982E-05 9.9982E-05 0.0660156 0.0414592 0.835491
0.0207153 9.9982E-05 9.9982E-05 0.0954552 0.0350936 0.848536
0.00833584 0.0207752 0.053503 0.147239 0.0574737 0.712674
0.0297059 0.0493913 0.0623785 0.0711204 0.098728 0.688676
0.103544 9.9991E-05 0.0452664 0.0302904 0.0715172 0.749282
0.11636 0.0583194 9.9991E-05 0.117915 0.0598883 0.647417
9.9982E-05 9.9982E-05 0.00800586 0.124698 0.0207087 0.846388
0.0675199 9.9982E-05 9.9982E-05 0.0064612 0.0177775 0.908041
0.0399794 0.0471961 0.0110012 0.103996 0.0217052 0.776122
9.9973E-05 9.9973E-05 9.9973E-05 0.116012 0.103979 0.779709
9.9973E-05 9.9973E-05 0.051055 9.9973E-05 0.180815 0.76783
0.0765252 9.9991E-05 0.0899027 0.0280062 0.0723834 0.733083
0.124929 9.9991E-05 0.0586958 0.0584905 0.133977 0.623807
9.9982E-05 9.9982E-05 0.00263744 0.0597618 0.0865914 0.850809
0.12015 9.9991E-05 0.0472392 0.0598055 0.0539675 0.718737
0.0105519 9.9991E-05 0.0889732 0.0517476 0.103284 0.745343
0.111656 9.9991E-05 0.108257 0.0334199 0.137043 0.609524
0.0353718 9.9991E-05 0.0100692 0.0462871 0.0771201 0.831052
0.0924923 9.9991E-05 0.0489821 0.0320135 0.113649 0.712763
0.0644689 0.00998579 0.101762 9.9991E-05 0.0509579 0.772726
0.0916565 9.9991E-05 0.0680594 0.048345 0.118445 0.673394
0.0414851 0.055288 0.0190064 0.0471571 0.0414521 0.795611
0.0252697 9.9982E-05 9.9982E-05 0.0805737 0.0536596 0.840297
0.056564 0.0244035 0.018564 0.103985 0.176778 0.619705
0.0307546 9.9991E-05 0.041496 0.117706 0.0647982 0.745145
0.0659266 9.9991E-05 0.049995 0.0401678 0.0701644 0.773646
0.0108749 9.9991E-05 0.169653 0.00435647 0.129838 0.685178
0.0761988 9.9991E-05 0.166473 0.118843 0.212991 0.425394
0.0666555 9.9991E-05 0.172915 0.109134 0.212088 0.439107
0.125627 9.9991E-05 0.106721 0.109363 0.193712 0.464477
0.0609839 9.9991E-05 0.177911 0.113713 0.154468 0.492825
0.100487 9.9991E-05 0.14715 0.109688 0.15484 0.487736
9.9982E-05 9.9982E-05 0.129873 0.0533119 0.179632 0.636984
0.0159452 0.00774044 0.274873 0.0682687 0.0998366 0.533336
0.112696 0.00262682 0.213193 0.0574759 0.149029 0.46498
0.0932477 0.0364639 0.10999 0.0601009 0.126723 0.573474
0.00072167 9.9991E-05 0.154811 0.0501827 0.182073 0.612112
0.0910054 9.9991E-05 0.187841 0.0800615 0.0748507 0.566141
0.0995767 0.00898738 0.115904 0.158915 0.201264 0.415353
0.0802062 0.0427176 0.199761 0.0574441 0.0993121 0.520559
0.0805127 0.0304896 0.169496 0.00288376 0.188386 0.528232
0.104932 0.0227179 0.225406 0.192563 0.106565 0.347817
9.996E-05 9.996E-05 0.9995 9.996E-05 9.996E-05 9.996E-05
9.9982E-05 0.00797345 0.980578 9.9982E-05 0.00662654 0.00462253
9.9973E-05 9.9973E-05 0.86354 0.0733968 9.9973E-05 0.0627631
9.996E-05 9.996E-05 0.9995 9.996E-05 9.996E-05 9.996E-05
9.996E-05 9.996E-05 0.9995 9.996E-05 9.996E-05 9.996E-05
9.996E-05 9.996E-05 0.9995 9.996E-05 9.996E-05 9.996E-05
9.996E-05 9.996E-05 0.9995 9.996E-05 9.996E-05 9.996E-05
0.0286593 0.00394058 0.917383 9.9982E-05 9.9982E-05 0.049817
9.996E-05 9.996E-05 0.9995 9.996E-05 9.996E-05 9.996E-05
9.996E-05 9.996E-05 0.9995 9.996E-05 9.996E-05 9.996E-05
0.0948354 9.9991E-05 0.1394 0.135384 0.323898 0.306383
0.00150027 0.00478537 0.929986 9.9991E-05 0.0378783 0.0257497
9.996E-05 9.996E-05 0.9995 9.996E-05 9.996E-05 9.996E-05
9.996E-05 9.996E-05 0.9995 9.996E-05 9.996E-05 9.996E-05
0.0240851 9.9991E-05 0.137272 0.138333 0.354211 0.346
0.104707 9.9991E-05 0.150231 0.121186 0.310252 0.313525
0.0791608 9.9991E-05 0.154364 0.169084 0.286153 0.311138
0.0590951 9.9991E-05 0.192886 0.133988 0.287809 0.326122
0.0740799 9.9991E-05 0.161863 0.152075 0.310495 0.301388
0.0369602 9.9991E-05 0.142669 0.192525 0.229981 0.397765
0.0334933 9.9991E-05 0.237701 0.144645 0.220204 0.363856
0.0414247 9.9991E-05 0.206003 0.127795 0.260951 0.363725
0.107705 9.9991E-05 0.232155 0.198769 0.19752 0.263751
0.115474 9.9991E-05 0.260819 0.149263 0.197422 0.27692
0.0609289 9.9991E-05 0.186165 0.153298 0.188142 0.411366
0.0810224 9.9991E-05 0.225877 0.170403 0.170841 0.351757
0.108527 9.9991E-05 0.111961 0.147322 0.275088 0.357003
0.0718223 9.9991E-05 0.170386 0.127263 0.238561 0.391868
9.9973E-05 9.9973E-05 0.000957123 9.9973E-05 0.956865 0.0418779
9.9982E-05 0.0123713 0.0226804 0.0736174 0.891131 9.9982E-05
9.996E-05 9.996E-05 9.996E-05 9.996E-05 0.9995 9.996E-05
9.996E-05 9.996E-05 9.996E-05 9.996E-05 0.9995 9.996E-05
9.996E-05 9.996E-05 9.996E-05 9.996E-05 0.9995 9.996E-05
9.996E-05 9.996E-05 9.996E-05 9.996E-05 0.9995 9.996E-05
9.996E-05 9.996E-05 9.996E-05 9.996E-05 0.9995 9.996E-05
9.9982E-05 0.0401739 9.9982E-05 0.0762494 0.806138 0.0772384
0.00616692 9.9964E-05 9.9964E-05 9.9964E-05 0.993433 9.9964E-05
9.996E-05 9.996E-05 9.996E-05 9.996E-05 0.9995 9.996E-05
9.9973E-05 0.0504803 0.0802977 9.9973E-05 0.868922 9.9973E-05
9.996E-05 9.996E-05 9.996E-05 9.996E-05 0.9995 9.996E-05
0.0777905 9.9982E-05 9.9982E-05 0.0530881 0.77394 0.0949813
0.9995 9.996E-05 9.996E-05 9.996E-05 9.996E-05 9.996E-05
0.10161 9.9991E-05 0.224152 0.13548 0.216027 0.322632
0.9995 9.996E-05 9.996E-05 9.996E-05 9.996E-05 9.996E-05
0.9995 9.996E-05 9.996E-05 9.996E-05 9.996E-05 9.996E-05
0.964789 0.00351282 0.0313983 9.9973E-05 9.9973E-05 9.9973E-05
0.78501 0.00705419 9.9991E-05 0.0260891 0.0723402 0.109406
0.9995 9.996E-05 9.996E-05 9.996E-05 9.996E-05 9.996E-05
0.907962 9.9973E-05 9.9973E-05 9.9973E-05 0.0163026 0.0754352
0.977949 9.9964E-05 0.0216507 9.9964E-05 9.9964E-05 9.9964E-05
0.932598 9.9982E-05 9.9982E-05 0.00145481 0.0101797 0.0555672
0.9995 9.996E-05 9.996E-05 9.996E-05 9.996E-05 9.996E-05
0.995287 0.00431321 9.9964E-05 9.9964E-05 9.9964E-05 9.9964E-05
0.959684 0.00851176 9.9982E-05 0.0101856 0.021419 9.9982E-05
0.816184 9.9991E-05 0.0434162 0.0487858 0.0297948 0.0617189
0.95433 0.0205913 9.9982E-05 0.00278634 9.9982E-05 0.0220924
0.873169 9.9982E-05 0.0478659 0.0152537 0.0635115 9.9982E-05
0.897223 0.0106209 9.9991E-05 0.0473288 0.0353349 0.00939289
0.90299 0.0184329 0.00583257 0.0458473 9.9991E-05 0.0267968
0.953902 9.9964E-05 9.9964E-05 9.9964E-05 0.0456979 9.9964E-05
0.0818875 0.0252129 0.114583 0.404463 0.0971993 0.276654
0.120593 0.00374117 0.0937914 0.357211 0.0673904 0.357273
0.0578893 0.0142276 0.10308 0.385519 0.0792673 0.360018
0.0749885 0.0258242 0.124169 0.383165 0.0635423 0.328311
0.0919278 9.9991E-05 0.251735 0.425098 0.0693018 0.161838
0.0849482 9.9991E-05 0.275922 0.547245 0.0232643 0.0685205
0.0831765 9.9991E-05 0.255848 0.515242 0.0108142 0.13482
0.0723852 9.9982E-05 0.306459 0.531522 9.9982E-05 0.0894334
0.113076 9.9991E-05 0.26964 0.490701 0.0327354 0.0937465
0.0960985 9.9991E-05 0.245669 0.472169 0.0350704 0.150893
0.0784893 9.9991E-05 0.271684 0.474906 0.0124752 0.162346
0.105922 0.045287 0.191967 0.359338 0.031312 0.266174
0.0885938 9.9991E-05 0.227014 0.444482 0.0124175 0.227393
9.996E-05 9.996E-05 9.996E-05 0.9995 9.996E-05 9.996E-05
9.996E-05 9.996E-05 9.996E-05 0.9995 9.996E-05 9.996E-05
9.996E-05 9.996E-05 9.996E-05 0.9995 9.996E-05 9.996E-05
9.996E-05 9.996E-05 9.996E-05 0.9995 9.996E-05 9.996E-05
9.996E-05 9.996E-05 9.996E-05 0.9995 9.996E-05 9.996E-05
9.9973E-05 0.0195638 9.9973E-05 0.880212 9.9973E-05 0.0999242
9.996E-05 9.996E-05 9.996E-05 0.9995 9.996E-05 9.996E-05
9.996E-05 9.996E-05 9.996E-05 0.9995 9.996E-05 9.996E-05
9.996E-05 9.996E-05 9.996E-05 0.9995 9.996E-05 9.996E-05
9.9964E-05 9.9964E-05 9.9964E-05 0.98591 0.0136898 9.9964E-05
9.996E-05 9.996E-05 9.996E-05 0.9995 9.996E-05 9.996E-05
9.996E-05 9.996E-05 9.996E-05 0.9995 9.996E-05 9.996E-05
