9.996E-05 9.996E-05 0.9995 9.996E-05 9.996E-05 9.996E-05
9.9982E-05 0.488081 0.363582 0.0794248 0.0687125 9.9982E-05
9.9982E-05 0.454798 0.370012 0.0679501 0.10704 9.9982E-05
9.99641E-05 0.689887 0.309713 9.99641E-05 9.99641E-05 9.99641E-05
9.9973E-05 0.757309 0.185646 9.9973E-05 9.9973E-05 0.0567453
9.9964E-05 0.79184 0.20776 9.9964E-05 9.9964E-05 9.9964E-05
9.9964E-05 0.629119 0.370481 9.9964E-05 9.9964E-05 9.9964E-05
9.9973E-05 0.619225 0.339264 9.9973E-05 0.0412108 9.9973E-05
9.9973E-05 0.696016 0.255189 9.9973E-05 0.0484953 9.9973E-05
9.996E-05 9.996E-05 0.9995 9.996E-05 9.996E-05 9.996E-05
9.996E-05 9.996E-05 0.9995 9.996E-05 9.996E-05 9.996E-05
9.996E-05 9.996E-05 0.9995 9.996E-05 9.996E-05 9.996E-05
9.996E-05 9.996E-05 0.9995 9.996E-05 9.996E-05 9.996E-05
9.9982E-05 0.0162749 0.933847 9.9982E-05 0.0120474 0.037631
9.9973E-05 0.00217206 0.956634 9.9973E-05 0.0408939 9.9973E-05
0.00549092 0.692668 0.260943 9.9982E-05 0.0406986 9.9982E-05
0.070404 0.548993 0.219585 0.0257442 0.0497726 0.0855011
9.9964E-05 0.699687 0.299913 9.9964E-05 9.9964E-05 9.9964E-05
9.9973E-05 0.97863 0.0164137 9.9973E-05 9.9973E-05 0.00465629
9.99641E-05 0.98387 9.99641E-05 9.99641E-05 9.99641E-05 0.0157304
9.9964E-05 0.863145 0.136455 9.9964E-05 9.9964E-05 9.9964E-05
9.9982E-05 0.933906 0.062732 0.00128862 0.00187343 9.9982E-05
9.99782E-05 0.883338 0.0808808 9.99782E-05 9.99782E-05 0.035481
9.9964E-05 0.939127 0.0604727 9.9964E-05 9.9964E-05 9.9964E-05
9.9964E-05 0.971329 0.0282711 9.9964E-05 9.9964E-05 9.9964E-05
0.0876408 0.87301 0.0271167 9.9982E-05 9.9982E-05 0.0120324
9.9982E-05 0.858751 0.036229 9.9982E-05 0.0220176 0.0828023
9.99641E-05 0.968164 0.0314357 9.99641E-05 9.99641E-05 9.99641E-05
9.9973E-05 0.871487 0.0975986 9.9973E-05 0.0306141 9.9973E-05
9.9964E-05 0.885364 0.114236 9.9964E-05 9.9964E-05 9.9964E-05
9.99641E-05 0.937201 0.0623991 9.99641E-05 9.99641E-05 9.99641E-05
0.0330138 0.937147 0.0206043 9.9982E-05 9.9982E-05 0.00903459
9.9982E-05 0.950361 0.039193 9.9982E-05 0.00497602 0.00526972
0.0707872 0.788963 0.0802235 9.9982E-05 0.0598266 9.9982E-05
9.9982E-05 0.933432 0.0242847 9.9982E-05 0.00523929 0.0368442
9.9964E-05 0.888943 0.110657 9.9964E-05 9.9964E-05 9.9964E-05
9.9973E-05 0.96128 9.9973E-05 9.9973E-05 0.00557541 0.0328448
9.9991E-05 0.790192 0.0217676 0.0132763 0.0512369 0.123427
9.9991E-05 0.809572 0.0304619 0.036633 0.0405611 0.0826719
0.00430951 0.824395 0.0332378 0.0615186 9.9991E-05 0.0764386
0.126331 0.678045 9.9991E-05 0.107704 0.0707378 0.0170816
0.110308 0.742983 9.9991E-05 0.0163608 0.106345 0.0239034
0.0955348 0.775744 0.0207673 0.0406088 0.0672453 9.9991E-05
0.10183 0.771555 9.9991E-05 0.0250821 0.068154 0.033278
0.0789673 0.7787 9.9982E-05 9.9982E-05 0.0803029 0.0618296
9.9973E-05 0.898524 9.9973E-05 9.9973E-05 0.0537524 0.0474237
0.0177143 0.880321 9.9982E-05 9.9982E-05 0.0565182 0.0452462
0.0432446 0.864887 9.9982E-05 9.9982E-05 0.0362237 0.0554452
0.122432 0.578042 0.0599348 9.9991E-05 0.0961632 0.143328
0.0624019 0.749097 0.102108 0.0470545 0.0392388 9.9991E-05
0.0296925 0.785391 0.0191392 0.0208284 0.0530607 0.0918885
0.0948928 0.792729 9.9982E-05 9.9982E-05 0.0572255 0.0549527
0.0517653 0.81823 9.9991E-05 0.000946103 0.0604497 0.0685087
0.11541 0.68914 0.0426677 0.0572897 0.00709046 0.0884013
0.120466 0.6821 0.0423274 0.072882 0.0137297 0.0684946
0.104851 0.763298 9.9982E-05 0.0311717 0.10048 9.9982E-05
0.0726677 0.617463 0.0708758 0.0228404 0.0999466 0.116206
0.0758834 0.725084 9.9982E-05 0.0861467 9.9982E-05 0.112686
0.0182421 0.851975 9.9982E-05 9.9982E-05 0.0730338 0.0565488
0.078497 0.710402 0.024988 0.0430869 0.0554338 0.0875919
0.0907419 0.786166 9.9991E-05 0.00930942 0.00832242 0.10536
0.131246 0.797665 9.9982E-05 0.010501 9.9982E-05 0.0603881
0.0518297 0.703624 9.9991E-05 0.0722924 0.115356 0.0567973
0.103435 0.654039 9.9991E-05 0.0443496 0.0792815 0.118795
0.123997 0.790487 9.9973E-05 9.9973E-05 9.9973E-05 0.0852161
0.0909659 0.729345 9.9991E-05 0.0267213 0.0933422 0.0595258
0.0881403 0.733938 9.9991E-05 0.0981536 0.038066 0.0416026
0.155614 0.614904 9.9991E-05 0.0402232 0.107637 0.0815221
0.0244315 0.860469 9.9982E-05 9.9982E-05 0.0336045 0.0812952
0.150581 0.710531 9.9982E-05 0.0266631 0.112025 9.9982E-05
0.106558 0.695445 0.0233367 0.0934371 0.0811236 9.9991E-05
0.113495 0.691026 9.9991E-05 0.0964627 0.0558513 0.0430652
0.0276124 0.806884 0.0502899 0.0283738 0.0323688 0.0544715
0.0435094 0.807416 0.0286151 9.9991E-05 0.0297687 0.0905907
0.171941 0.650757 0.0146664 0.011377 0.0629374 0.0883209
0.0712552 0.732407 9.9991E-05 0.0145224 0.0322966 0.149419
0.0592031 0.802354 9.9982E-05 0.0626481 0.0755948 9.9982E-05
0.098612 0.667246 9.9991E-05 0.165728 0.0329501 0.0353642
0.164086 0.463203 9.9991E-05 0.165111 0.0643687 0.143132
0.195196 0.461563 9.9991E-05 0.146796 0.0664685 0.129877
0.258551 0.452064 9.9991E-05 0.106924 0.0750688 0.107293
0.200903 0.455652 9.9991E-05 0.160305 0.0715376 0.111503
0.183873 0.514416 9.9991E-05 0.116638 0.0819325 0.103041
0.116354 0.654752 9.9991E-05 0.155548 0.025469 0.0477779
0.13971 0.558985 9.9991E-05 0.199259 0.050308 0.0516374
0.179343 0.500344 0.00144106 0.180345 0.108055 0.0304708
0.155614 0.525758 0.0454002 0.111511 0.106669 0.055048
0.210163 0.563969 9.9991E-05 0.147175 0.00188095 0.0767115
0.175518 0.465574 9.9991E-05 0.171648 0.0871943 0.0999653
0.168213 0.389001 9.9991E-05 0.128811 0.126536 0.18734
0.117144 0.555842 0.020216 0.177141 0.0915735 0.038083
0.134065 0.558781 0.0316126 0.155087 0.0941723 0.0262818
0.107701 0.381976 9.9991E-05 0.205019 0.0981512 0.207052
9.996E-05 9.996E-05 9.996E-05 0.9995 9.996E-05 9.996E-05
0.00688934 9.9982E-05 0.0205239 0.966024 0.00636325 9.9982E-05
9.9964E-05 0.0894864 9.9964E-05 0.910114 9.9964E-05 9.9964E-05
9.996E-05 9.996E-05 9.996E-05 0.9995 9.996E-05 9.996E-05
9.996E-05 9.996E-05 9.996E-05 0.9995 9.996E-05 9.996E-05
9.996E-05 9.996E-05 9.996E-05 0.9995 9.996E-05 9.996E-05
9.996E-05 9.996E-05 9.996E-05 0.9995 9.996E-05 9.996E-05
9.9982E-05 0.04149 0.00766844 0.943296 0.00734523 9.9982E-05
9.996E-05 9.996E-05 9.996E-05 0.9995 9.996E-05 9.996E-05
9.996E-05 9.996E-05 9.996E-05 0.9995 9.996E-05 9.996E-05
0.37459 0.251078 9.9991E-05 0.121276 0.106742 0.146213
9.9982E-05 0.00563403 9.9982E-05 0.958852 0.00468434 0.03063
9.996E-05 9.996E-05 9.996E-05 0.9995 9.996E-05 9.996E-05
9.996E-05 9.996E-05 9.996E-05 0.9995 9.996E-05 9.996E-05
0.306538 0.270876 9.9991E-05 0.150439 0.0645584 0.207489
0.319677 0.280521 9.9991E-05 0.178979 0.0778472 0.142876
0.279492 0.337982 9.9991E-05 0.170885 0.0738709 0.13767
0.295273 0.304638 9.9991E-05 0.194891 0.0712923 0.133806
0.316574 0.340185 9.9991E-05 0.146264 0.0745726 0.122305
0.232356 0.45752 9.9991E-05 0.127476 0.0347733 0.147775
0.223518 0.440416 9.9982E-05 0.22666 9.9982E-05 0.109207
0.287316 0.412474 9.9991E-05 0.181155 0.0149645 0.10399
0.190354 0.272734 9.9991E-05 0.265935 0.100573 0.170304
0.204583 0.314258 9.9991E-05 0.260881 0.107734 0.112445
0.18457 0.388259 9.9991E-05 0.182854 0.0824596 0.161758
0.129639 0.351226 9.9991E-05 0.28637 0.0755617 0.157104
0.284089 0.340886 9.9991E-05 0.0921203 0.110627 0.172178
0.290011 0.377934 9.9991E-05 0.185609 0.0677076 0.0786382
0.923296 0.0275771 9.9982E-05 9.9982E-05 0.0310456 0.0178812
0.911288 9.9973E-05 0.0192786 9.9973E-05 9.9973E-05 0.0691331
0.9995 9.996E-05 9.996E-05 9.996E-05 9.996E-05 9.996E-05
0.993684 9.9964E-05 9.9964E-05 9.9964E-05 9.9964E-05 0.0059162
0.9995 9.996E-05 9.996E-05 9.996E-05 9.996E-05 9.996E-05
0.9995 9.996E-05 9.996E-05 9.996E-05 9.996E-05 9.996E-05
0.9995 9.996E-05 9.996E-05 9.996E-05 9.996E-05 9.996E-05
0.78134 0.019031 0.054315 9.9991E-05 0.0182967 0.126917
0.9995 9.996E-05 9.996E-05 9.996E-05 9.996E-05 9.996E-05
0.9995 9.996E-05 9.996E-05 9.996E-05 9.996E-05 9.996E-05
0.943816 9.9973E-05 0.0311881 0.0246958 9.9973E-05 9.9973E-05
0.989376 9.9964E-05 9.9964E-05 0.0102242 9.9964E-05 9.9964E-05
0.815595 0.0271657 0.00866806 0.00881713 0.0645738 0.0751805
9.996E-05 9.996E-05 9.996E-05 9.996E-05 0.9995 9.996E-05
0.250247 0.26082 9.9991E-05 0.205015 0.122683 0.161135
9.996E-05 9.996E-05 9.996E-05 9.996E-05 0.9995 9.996E-05
9.996E-05 9.996E-05 9.996E-05 9.996E-05 0.9995 9.996E-05
9.9982E-05 9.9982E-05 0.00579381 0.0518526 0.941847 0.000306467
0.0265111 0.0736136 0.0233155 0.0250549 0.83674 0.0147649
9.996E-05 9.996E-05 9.996E-05 9.996E-05 0.9995 9.996E-05
0.0530222 0.0605174 0.00456693 9.9991E-05 0.867059 0.014734
9.9964E-05 9.9964E-05 9.9964E-05 0.000250151 0.99935 9.9964E-05
0.0377051 9.9973E-05 0.000672088 9.9973E-05 0.961323 9.9973E-05
9.996E-05 9.996E-05 9.996E-05 9.996E-05 0.9995 9.996E-05
0.0067948 0.0141932 9.9973E-05 9.9973E-05 0.978712 9.9973E-05
9.996E-05 9.996E-05 9.996E-05 9.996E-05 0.9995 9.996E-05
0.0761045 9.9982E-05 9.9982E-05 0.0468061 0.819134 0.057755
9.9973E-05 0.0105842 0.0211865 9.9973E-05 0.967929 9.9973E-05
0.0121892 0.0372647 9.9991E-05 0.0225449 0.920058 0.00784303
0.0336002 0.0289714 0.022178 0.0040037 0.870142 0.0411046
9.9982E-05 0.0593166 0.00893592 9.9982E-05 0.9086 0.0229474
0.010326 9.9973E-05 9.9973E-05 9.9973E-05 0.973256 0.0161178
0.132091 0.257488 0.0248305 0.113232 0.0802005 0.392158
0.14449 0.339834 0.0192818 0.122478 0.028176 0.345741
0.118527 0.294204 0.0311797 0.143355 0.0648803 0.347854
0.0999925 0.312606 0.00341944 0.112779 0.114939 0.356264
0.0753026 0.130339 0.00618983 0.222308 0.051062 0.514799
9.99821E-05 0.0142533 9.99821E-05 0.221641 0.104685 0.659221
0.0233446 0.121849 9.9991E-05 0.238939 0.0642895 0.551478
0.0238043 0.0499763 9.9991E-05 0.247657 0.0839464 0.594516
0.0218311 0.0584167 9.9991E-05 0.26438 0.0932584 0.562014
0.0232112 0.12416 9.9991E-05 0.249234 0.0811552 0.522139
0.0238551 0.122034 9.9991E-05 0.238056 0.0943794 0.521576
0.0555389 0.246306 0.0236333 0.223097 0.0642707 0.387155
9.9982E-05 0.284769 9.9982E-05 0.207851 0.0763042 0.430876
0.00196282 9.9964E-05 9.9964E-05 9.9964E-05 9.9964E-05 0.997637
9.996E-05 9.996E-05 9.996E-05 9.996E-05 9.996E-05 0.9995
9.996E-05 9.996E-05 9.996E-05 9.996E-05 9.996E-05 0.9995
9.996E-05 9.996E-05 9.996E-05 9.996E-05 9.996E-05 0.9995
9.996E-05 9.996E-05 9.996E-05 9.996E-05 9.996E-05 0.9995
9.9973E-05 0.0622414 0.00105925 9.9973E-05 9.9973E-05 0.936399
9.996E-05 9.996E-05 9.996E-05 9.996E-05 9.996E-05 0.9995
9.996E-05 9.996E-05 9.996E-05 9.996E-05 9.996E-05 0.9995
9.996E-05 9.996E-05 9.996E-05 9.996E-05 9.996E-05 0.9995
0.0369674 9.9973E-05 9.9973E-05 9.9973E-05 0.00665488 0.956078
9.996E-05 9.996E-05 9.996E-05 9.996E-05 9.996E-05 0.9995
9.996E-05 9.996E-05 9.996E-05 9.996E-05 9.996E-05 0.9995
