9.996E-05 9.996E-05 0.9995 9.996E-05 9.996E-05 9.996E-05
0.432375 0.0745954 0.407567 9.9982E-05 9.9982E-05 0.0852632
0.441576 0.109262 0.385036 9.9982E-05 9.9982E-05 0.0639252
0.684942 9.9964E-05 0.314658 9.9964E-05 9.9964E-05 9.9964E-05
0.734122 9.9982E-05 0.191405 0.0687994 0.00547428 9.9982E-05
0.781746 9.9964E-05 0.217854 9.9964E-05 9.9964E-05 9.9964E-05
0.616955 9.9964E-05 0.382645 9.9964E-05 9.9964E-05 9.9964E-05
0.57309 0.0616091 0.365001 9.9973E-05 9.9973E-05 9.9973E-05
0.675132 0.0552672 0.269301 9.9973E-05 9.9973E-05 9.9973E-05
9.996E-05 9.996E-05 0.9995 9.996E-05 9.996E-05 9.996E-05
9.996E-05 9.996E-05 0.9995 9.996E-05 9.996E-05 9.996E-05
9.996E-05 9.996E-05 0.9995 9.996E-05 9.996E-05 9.996E-05
9.996E-05 9.996E-05 0.9995 9.996E-05 9.996E-05 9.996E-05
9.9973E-05 0.00940765 0.955903 0.0343897 9.9973E-05 9.9973E-05
9.9964E-05 9.9964E-05 0.982593 9.9964E-05 0.0170067 9.9964E-05
0.791141 0.00290558 0.196586 0.00916794 9.9982E-05 9.9982E-05
0.617596 0.0777554 0.258017 0.00575977 0.0137388 0.0271328
0.751589 9.9964E-05 0.248011 9.9964E-05 9.9964E-05 9.9964E-05
0.949072 9.9973E-05 0.0344275 0.0162005 9.9973E-05 9.9973E-05
0.9995 9.996E-05 9.996E-05 9.996E-05 9.996E-05 9.996E-05
0.891876 9.9964E-05 0.107724 9.9964E-05 9.9964E-05 9.9964E-05
0.893721 0.0299542 0.0545011 0.0216239 9.9982E-05 9.9982E-05
0.950477 9.9964E-05 0.0491232 9.9964E-05 9.9964E-05 9.9964E-05
0.899258 9.9964E-05 0.100342 9.9964E-05 9.9964E-05 9.9964E-05
0.936092 9.99641E-05 0.0635079 9.99641E-05 9.99641E-05 9.99641E-05
0.877272 9.9982E-05 0.0392302 0.041259 0.0420384 9.9982E-05
0.807257 0.0844994 0.0453792 0.0626648 9.9982E-05 9.9982E-05
0.976103 9.9964E-05 0.0234974 9.9964E-05 9.9964E-05 9.9964E-05
0.860086 9.9973E-05 0.119599 0.020015 9.9973E-05 9.9973E-05
0.8467 9.9964E-05 0.152901 9.9964E-05 9.9964E-05 9.9964E-05
0.87336 9.99641E-05 0.12624 9.99641E-05 9.99641E-05 9.99641E-05
0.923736 9.9982E-05 0.0557013 0.0178758 0.00248743 9.9982E-05
0.925538 0.0132482 0.055707 0.00530658 9.9982E-05 9.9982E-05
0.778072 0.0362693 0.0979292 9.9982E-05 0.0875294 9.9982E-05
0.969864 0.00351014 0.0263256 9.9973E-05 9.9973E-05 9.9973E-05
0.850698 9.9964E-05 0.148902 9.9964E-05 9.9964E-05 9.9964E-05
0.9995 9.996E-05 9.996E-05 9.996E-05 9.996E-05 9.996E-05
0.784254 0.0130443 0.0241484 0.146897 0.00923356 0.0224225
0.803095 0.04297 0.0216596 0.0952771 9.9991E-05 0.0368979
0.88825 9.9991E-05 0.021265 0.0596302 0.000763272 0.0299918
0.724691 0.0525627 9.9991E-05 0.00743359 0.133402 0.0818113
0.747694 0.0935422 9.9991E-05 0.0375298 0.104865 0.0162693
0.695586 0.12415 0.0511874 9.9991E-05 0.0625369 0.0664399
0.798071 0.0621928 9.9991E-05 0.0170338 0.0865181 0.0360839
0.830673 0.0464169 9.9982E-05 0.0466731 0.0760369 9.9982E-05
0.941238 0.0320326 9.9973E-05 0.0264294 9.9973E-05 9.9973E-05
0.966543 0.0121434 9.9973E-05 0.0210135 9.9973E-05 9.9973E-05
0.922623 0.0326581 9.9982E-05 0.0263123 0.0182068 9.9982E-05
0.701614 0.030819 0.0326639 0.0916592 0.143144 9.9991E-05
0.725066 0.0482808 0.104045 0.0131815 0.0724944 0.0369324
0.819422 0.0635307 0.0442432 0.0444243 0.0110698 0.01731
0.862416 0.0417965 9.9982E-05 0.0431544 0.0524335 9.9982E-05
0.861839 0.0285982 9.9982E-05 0.0899438 0.0194187 9.9982E-05
0.705649 0.000128033 0.0191639 0.139966 0.0950583 0.0400346
0.656912 0.0292287 0.0333176 0.0628549 0.111732 0.105955
0.771281 0.0859398 9.9991E-05 0.0524551 0.0570622 0.0331615
0.681986 0.084446 0.0761463 0.060895 0.0964268 9.9991E-05
0.807489 9.9982E-05 9.9982E-05 0.102624 0.0582766 0.0314108
0.914363 0.0582765 9.9973E-05 0.0270606 9.9973E-05 9.9973E-05
0.800571 9.9991E-05 0.0344421 0.147778 0.000864769 0.0162447
0.758895 0.0338463 9.9982E-05 0.109792 0.0972667 9.9982E-05
0.784217 0.0123143 0.00595142 0.0228447 0.134918 0.0397552
0.673573 0.103948 9.9991E-05 0.0756036 0.0996772 0.0470981
0.701591 0.0836364 9.9991E-05 0.0848084 0.0507148 0.0791498
0.858755 9.9973E-05 9.9973E-05 0.0546133 0.0863314 9.9973E-05
0.707639 0.102204 9.9991E-05 0.0759426 0.0473511 0.0667627
0.726372 0.0204346 9.9991E-05 0.0217785 0.115263 0.116052
0.598728 0.126803 9.9991E-05 0.0802263 0.0621811 0.131962
0.856108 0.0209722 9.9991E-05 0.0509312 0.0488915 0.0229975
0.687564 0.0877073 9.9991E-05 0.106948 0.102063 0.0156175
0.775737 0.0592785 0.0270781 9.9991E-05 0.0455444 0.0922619
0.66875 0.0716706 9.9991E-05 0.074854 0.107713 0.076913
0.79989 0.0339689 0.0470633 0.0803873 0.0191816 0.0195085
0.785385 0.0502056 0.0149756 0.131184 0.0181497 9.9991E-05
0.689491 0.0628091 0.0130813 0.053453 0.153153 0.0280123
0.727722 0.0288299 9.9991E-05 0.164399 0.038273 0.040676
0.853281 0.0845037 9.9982E-05 9.9982E-05 0.0256112 0.0364045
0.63735 0.0716671 9.9991E-05 0.048737 0.0937477 0.148398
0.52999 0.048042 9.9991E-05 0.106973 0.131624 0.183271
0.483864 0.0419094 9.9991E-05 0.122224 0.160991 0.190911
0.562158 0.0673892 9.9991E-05 0.0942038 0.159154 0.116995
0.538665 0.0474139 9.9991E-05 0.0938237 0.143653 0.176344
0.475561 0.100986 9.9991E-05 0.102507 0.126322 0.194525
0.633046 9.9991E-05 0.0110323 0.0182021 0.183338 0.154281
0.452073 0.0641202 9.9991E-05 0.0546793 0.188247 0.24078
0.50456 0.099535 9.9991E-05 0.0420908 0.152765 0.200949
0.549633 0.0884031 0.0569735 0.0738606 0.124222 0.106908
0.62669 9.9982E-05 9.9982E-05 0.0391767 0.189345 0.144588
0.528721 0.0669891 9.9991E-05 0.120333 0.139628 0.144229
0.37926 0.111211 0.0196655 0.193443 0.163352 0.133069
0.515223 0.0690464 0.0388106 0.068084 0.146479 0.162357
0.549164 0.099598 0.00358335 0.0347083 0.18646 0.126487
0.374067 0.0933847 0.0145835 0.201521 0.108482 0.207962
9.996E-05 9.996E-05 9.996E-05 9.996E-05 9.996E-05 0.9995
9.9982E-05 0.00402956 0.0396712 9.9982E-05 0.00479645 0.951303
0.066287 0.0206255 0.0056635 0.0492219 0.0229502 0.835252
9.996E-05 9.996E-05 9.996E-05 9.996E-05 9.996E-05 0.9995
9.996E-05 9.996E-05 9.996E-05 9.996E-05 9.996E-05 0.9995
9.996E-05 9.996E-05 9.996E-05 9.996E-05 9.996E-05 0.9995
9.996E-05 9.996E-05 9.996E-05 9.996E-05 9.996E-05 0.9995
0.0682116 9.9973E-05 9.9973E-05 9.9973E-05 0.00808742 0.923401
9.996E-05 9.996E-05 9.996E-05 9.996E-05 9.996E-05 0.9995
9.996E-05 9.996E-05 9.996E-05 9.996E-05 9.996E-05 0.9995
0.300891 0.0810934 9.9991E-05 0.166508 0.327482 0.123926
9.9973E-05 9.9973E-05 0.00892723 0.04353 9.9973E-05 0.947243
9.996E-05 9.996E-05 9.996E-05 9.996E-05 9.996E-05 0.9995
9.996E-05 9.996E-05 9.996E-05 9.996E-05 9.996E-05 0.9995
0.330101 0.0616555 0.00152223 0.163146 0.312818 0.130757
0.368721 0.0947998 9.9991E-05 0.107148 0.269471 0.15976
0.36055 0.0583841 9.9991E-05 0.141136 0.275217 0.164614
0.292156 0.0793658 9.9991E-05 0.111323 0.288755 0.2283
0.368614 0.0469006 9.9991E-05 0.142429 0.271386 0.17057
0.460023 0.0555364 9.9991E-05 0.140414 0.21332 0.130606
0.407318 0.0540028 9.9991E-05 0.0792396 0.257083 0.202257
0.362572 0.0139442 9.9991E-05 0.141431 0.279319 0.202634
0.32272 0.0907607 9.9991E-05 0.126814 0.168672 0.290934
0.30628 0.0871746 9.9991E-05 0.113681 0.213058 0.279706
0.395222 0.095709 9.9991E-05 0.164036 0.162898 0.182034
0.3463 0.0821266 9.9991E-05 0.122122 0.17588 0.273472
0.388187 0.110543 9.99915E-05 0.196537 0.23299 0.0716426
0.395645 0.0764652 9.9991E-05 0.0933072 0.262509 0.171973
9.9982E-05 0.0108081 9.9982E-05 0.0721238 0.916577 0.000290814
9.9973E-05 9.9973E-05 0.0488977 0.0509415 0.899861 9.9973E-05
9.996E-05 9.996E-05 9.996E-05 9.996E-05 0.9995 9.996E-05
9.996E-05 9.996E-05 9.996E-05 9.996E-05 0.9995 9.996E-05
9.996E-05 9.996E-05 9.996E-05 9.996E-05 0.9995 9.996E-05
9.996E-05 9.996E-05 9.996E-05 9.996E-05 0.9995 9.996E-05
9.996E-05 9.996E-05 9.996E-05 9.996E-05 0.9995 9.996E-05
0.13026 0.0145236 0.0618527 0.00569885 0.761962 0.0257022
9.9964E-05 0.00407853 9.9964E-05 9.9964E-05 0.995522 9.9964E-05
9.996E-05 9.996E-05 9.996E-05 9.996E-05 0.9995 9.996E-05
9.9982E-05 0.0167357 0.0236217 9.9982E-05 0.904206 0.055237
9.996E-05 9.996E-05 9.996E-05 9.996E-05 0.9995 9.996E-05
0.0465991 0.100909 9.9991E-05 0.02977 0.798193 0.024429
9.996E-05 0.9995 9.996E-05 9.996E-05 9.996E-05 9.996E-05
0.343955 0.10014 9.9991E-05 0.126245 0.173857 0.255702
9.9964E-05 0.997023 9.9964E-05 9.9964E-05 0.00257755 9.9964E-05
9.996E-05 0.9995 9.996E-05 9.996E-05 9.996E-05 9.996E-05
9.9982E-05 0.925827 9.9982E-05 0.0193383 0.0284436 0.026191
0.0814221 0.779296 0.0155653 9.9991E-05 0.0707871 0.0528299
9.996E-05 0.9995 9.996E-05 9.996E-05 9.996E-05 9.996E-05
0.0719959 0.893452 0.00833448 9.9982E-05 0.0260181 9.9982E-05
9.9964E-05 0.982726 9.9964E-05 9.9964E-05 9.9964E-05 0.0168739
9.9964E-05 0.979311 9.9964E-05 9.9964E-05 0.0202895 9.9964E-05
9.996E-05 0.9995 9.996E-05 9.996E-05 9.996E-05 9.996E-05
9.9964E-05 0.995779 9.9964E-05 0.00382079 9.9964E-05 9.9964E-05
0.00879513 0.964708 9.9982E-05 9.9982E-05 0.0159665 0.0103309
9.9982E-05 0.843037 9.9982E-05 0.109858 0.0314868 0.0154188
0.0524633 0.926719 0.00557123 0.00400229 0.00984408 0.00140019
0.0292335 0.88446 9.9991E-05 0.0640121 0.00576192 0.0164328
0.0718104 0.811084 9.9982E-05 0.104121 0.0127852 9.9982E-05
0.00832218 0.883739 0.0323514 0.0753878 9.9982E-05 9.9982E-05
0.00382233 0.953347 9.9991E-05 0.00480455 0.0261099 0.0118164
0.265802 0.086301 0.0142443 0.425503 0.122291 0.085859
0.400924 0.0437955 0.0096347 0.356513 0.0915006 0.0976326
0.296975 0.0945712 0.0336854 0.387114 0.0717723 0.115882
0.322579 0.0606631 0.0243433 0.404039 0.0623341 0.126041
0.122485 0.0598282 9.9991E-05 0.488797 0.112536 0.216253
9.99821E-05 0.0974925 9.99821E-05 0.63495 0.0330944 0.234263
0.107526 0.0969224 9.9991E-05 0.525896 0.0393251 0.23023
0.0938666 0.0870554 9.9991E-05 0.574572 0.0236898 0.220716
0.148699 0.0747449 9.9991E-05 0.516228 0.0119544 0.248273
0.103801 0.0723964 9.9991E-05 0.511285 0.0686085 0.243809
0.132505 0.0940288 9.9991E-05 0.491677 0.0247762 0.256913
0.297914 0.0776154 9.9991E-05 0.403282 0.0404709 0.180618
0.267889 0.0760259 0.0052045 0.416186 0.0325032 0.202192
9.9964E-05 9.9964E-05 9.9964E-05 0.994629 0.00497127 9.9964E-05
9.996E-05 9.996E-05 9.996E-05 0.9995 9.996E-05 9.996E-05
9.996E-05 9.996E-05 9.996E-05 0.9995 9.996E-05 9.996E-05
9.996E-05 9.996E-05 9.996E-05 0.9995 9.996E-05 9.996E-05
9.996E-05 9.996E-05 9.996E-05 0.9995 9.996E-05 9.996E-05
0.023126 0.0054956 0.0144482 0.95023 0.00660041 9.9991E-05
9.996E-05 9.996E-05 9.996E-05 0.9995 9.996E-05 9.996E-05
9.996E-05 9.996E-05 9.996E-05 0.9995 9.996E-05 9.996E-05
9.996E-05 9.996E-05 9.996E-05 0.9995 9.996E-05 9.996E-05
9.9964E-05 9.9964E-05 9.9964E-05 0.991685 0.00791503 9.9964E-05
9.996E-05 9.996E-05 9.996E-05 0.9995 9.996E-05 9.996E-05
9.996E-05 9.996E-05 9.996E-05 0.9995 9.996E-05 9.996E-05
