9.996E-05 9.996E-05 0.9995 9.996E-05 9.996E-05 9.996E-05
0.483385 0.0573538 0.381957 9.9982E-05 9.9982E-05 0.0771047
0.423496 0.106761 0.397518 9.9982E-05 9.9982E-05 0.0720248
0.685975 9.99641E-05 0.313625 9.99641E-05 9.99641E-05 9.99641E-05
0.766272 9.9973E-05 0.189628 9.9973E-05 0.0438007 9.9973E-05
0.779513 0.000189282 0.219998 9.9973E-05 9.9973E-05 9.9973E-05
0.601551 9.9964E-05 0.398049 9.9964E-05 9.9964E-05 9.9964E-05
0.604473 0.032696 0.362531 9.9973E-05 9.9973E-05 9.9973E-05
0.683089 0.0349968 0.281614 9.9973E-05 9.9973E-05 9.9973E-05
9.996E-05 9.996E-05 0.9995 9.996E-05 9.996E-05 9.996E-05
9.996E-05 9.996E-05 0.9995 9.996E-05 9.996E-05 9.996E-05
9.996E-05 9.996E-05 0.9995 9.996E-05 9.996E-05 9.996E-05
9.996E-05 9.996E-05 0.9995 9.996E-05 9.996E-05 9.996E-05
0.00109122 9.9982E-05 0.973395 0.00358412 0.0217295 9.9982E-05
9.9973E-05 0.00874403 0.969691 9.9973E-05 9.9973E-05 0.0212649
0.759541 9.9973E-05 0.238503 9.9973E-05 0.00165556 9.9973E-05
0.472421 0.0355123 0.299093 0.00839294 0.11752 0.0670615
0.720634 9.9964E-05 0.278966 9.9964E-05 9.9964E-05 9.9964E-05
0.990332 9.99641E-05 0.00926795 9.99641E-05 9.99641E-05 9.99641E-05
0.9995 9.996E-05 9.996E-05 9.996E-05 9.996E-05 9.996E-05
0.874734 9.9973E-05 0.117348 9.9973E-05 0.00761863 9.9973E-05
0.891493 0.0383671 0.0469035 0.0174702 9.9991E-05 0.00566615
0.87108 0.0158409 0.0581921 9.9982E-05 0.0546873 9.9982E-05
0.903138 9.9964E-05 0.0964621 9.9964E-05 9.9964E-05 9.9964E-05
0.953034 9.99641E-05 0.0465659 9.99641E-05 9.99641E-05 9.99641E-05
0.925993 9.9982E-05 0.0376607 0.0100916 0.0260544 9.9982E-05
0.821667 0.0678197 0.0373146 9.9982E-05 0.0729989 9.9982E-05
0.928128 9.9964E-05 0.0714725 9.9964E-05 9.9964E-05 9.9964E-05
0.885194 9.9973E-05 0.104289 9.9973E-05 0.0102168 9.9973E-05
0.84369 9.9964E-05 0.15591 9.9964E-05 9.9964E-05 9.9964E-05
0.862212 9.99641E-05 0.137388 9.99641E-05 9.99641E-05 9.99641E-05
0.939342 9.9982E-05 0.030854 0.0107889 0.0188147 9.9982E-05
0.918073 0.0241204 0.0575071 9.9973E-05 9.9973E-05 9.9973E-05
0.731619 0.0627482 0.10289 0.102543 9.9982E-05 9.9982E-05
0.887889 0.0195336 0.0549404 9.9982E-05 0.0374375 9.9982E-05
0.858337 9.9964E-05 0.141263 9.9964E-05 9.9964E-05 9.9964E-05
0.9995 9.996E-05 9.996E-05 9.996E-05 9.996E-05 9.996E-05
0.857915 0.0432229 0.029886 9.9982E-05 0.0687761 9.9982E-05
0.793592 0.0401314 0.0488243 9.9991E-05 0.0835651 0.0337871
0.917225 9.9991E-05 0.019336 0.0121559 0.0452209 0.00596255
0.785657 0.064969 9.9982E-05 0.0880186 9.9982E-05 0.0611553
0.667355 0.111445 9.9991E-05 0.0921024 0.0856243 0.0433739
0.735671 0.0825014 0.0528612 0.0765969 9.9991E-05 0.0522697
0.819312 0.0526258 9.9991E-05 0.0902557 0.0172044 0.0205018
0.779715 0.0743055 9.9991E-05 0.0673459 0.0778858 0.000647741
0.969384 0.0217075 9.9973E-05 9.9973E-05 0.0086087 9.9973E-05
0.964302 0.0267723 9.9982E-05 0.00649844 0.00222715 9.9982E-05
0.904918 0.0629495 9.9982E-05 0.00733282 0.0245992 9.9982E-05
0.693446 0.0536337 0.051596 0.117995 0.08323 9.9991E-05
0.745519 0.0153464 0.143277 0.0586596 0.00530133 0.0318968
0.811809 0.0746455 0.0391328 0.00434432 0.0315045 0.0385636
0.781393 0.111011 9.9982E-05 0.0756488 0.0317469 9.9982E-05
0.933899 0.0302235 9.9982E-05 0.00860155 0.0270764 9.9982E-05
0.755259 9.9991E-05 0.0281668 0.0575102 0.109593 0.0493702
0.708125 0.0310015 0.0499571 0.0681994 0.0511305 0.0915865
0.701008 0.0955283 9.9991E-05 0.135591 0.0156126 0.05216
0.610088 0.0858345 0.0687784 0.126248 0.101615 0.00743552
0.786927 9.9982E-05 9.9982E-05 0.0216896 0.127927 0.0632562
0.943273 0.0403339 9.9973E-05 9.9973E-05 0.0160934 9.9973E-05
0.787829 0.030478 0.026284 0.0268308 0.0985321 0.030046
0.749426 0.0540226 9.9982E-05 0.0940855 0.102266 9.9982E-05
0.821027 9.9982E-05 0.00999653 0.127004 9.9982E-05 0.0417728
0.682012 0.120589 9.9991E-05 0.0785415 0.0584491 0.0603084
0.674508 0.076997 9.9991E-05 0.0899865 0.0865736 0.0718352
0.855744 9.9982E-05 9.9982E-05 0.109677 0.0261759 0.00820335
0.748394 0.0987922 9.9991E-05 0.0555823 0.041625 0.0555066
0.751845 0.0308598 9.9982E-05 0.125448 9.9982E-05 0.0916468
0.589148 0.145145 0.00754786 0.155914 0.0264308 0.0758141
0.866583 0.0474515 9.9991E-05 0.0381645 0.0331762 0.0145245
0.754098 0.074548 9.9991E-05 0.12158 0.0044732 0.045201
0.745787 0.0714512 0.0371752 0.0697218 9.9991E-05 0.0757646
0.684457 0.0559416 9.9991E-05 0.13557 0.0241414 0.0997902
0.808214 0.0225238 0.0509384 0.06554 0.0526839 9.9991E-05
0.788777 0.0553761 0.0217097 0.0341151 0.0999216 9.9991E-05
0.669934 0.0751762 0.00227667 0.159038 0.0608156 0.0327591
0.760493 0.00824335 9.9991E-05 0.0595557 0.141793 0.0298153
0.787882 0.103923 9.9991E-05 0.018695 0.00185582 0.0875442
0.609446 0.0281549 9.9991E-05 0.132378 0.0257025 0.204219
0.556763 0.028712 9.9991E-05 0.140349 0.124338 0.149738
0.508943 0.0252531 9.9991E-05 0.14718 0.117844 0.200681
0.53311 0.0381869 9.9991E-05 0.151792 0.130866 0.145944
0.5287 0.0373284 9.9991E-05 0.134915 0.112475 0.186482
0.538384 0.0541951 9.9991E-05 0.146355 0.102534 0.158432
0.7024 0.0056511 0.000497456 0.140791 0.0253369 0.125323
0.51058 0.0529272 9.9991E-05 0.122554 0.0682209 0.245618
0.532502 0.151751 9.9991E-05 0.0585218 0.0614169 0.195708
0.538322 0.106541 0.0338191 0.139437 0.0906866 0.0911941
0.644359 9.9991E-05 0.0032944 0.171963 0.0608083 0.119475
0.48584 0.0724897 9.9991E-05 0.101522 0.123044 0.217004
0.431645 0.0860908 9.9991E-05 0.209471 0.168566 0.104127
0.521406 0.0929408 0.0204636 0.121673 0.0590355 0.184481
0.566199 0.0745681 0.00311773 0.18148 0.00321844 0.171416
0.29645 0.141671 0.0236123 0.110491 0.211204 0.216572
9.9964E-05 9.9964E-05 9.9964E-05 0.00577321 9.9964E-05 0.993827
9.9973E-05 9.9973E-05 0.000510398 0.0295361 9.9973E-05 0.969654
0.130287 9.9973E-05 0.0168068 9.9973E-05 9.9973E-05 0.852607
9.996E-05 9.996E-05 9.996E-05 9.996E-05 9.996E-05 0.9995
9.996E-05 9.996E-05 9.996E-05 9.996E-05 9.996E-05 0.9995
9.996E-05 9.996E-05 9.996E-05 9.996E-05 9.996E-05 0.9995
9.996E-05 9.996E-05 9.996E-05 9.996E-05 9.996E-05 0.9995
0.0546167 9.9973E-05 0.017585 9.9973E-05 9.9973E-05 0.927498
9.996E-05 9.996E-05 9.996E-05 9.996E-05 9.996E-05 0.9995
9.996E-05 9.996E-05 9.996E-05 9.996E-05 9.996E-05 0.9995
0.306032 0.0904814 9.9991E-05 0.323818 0.131242 0.148327
9.9973E-05 0.0284223 9.9973E-05 9.9973E-05 0.0184636 0.952814
9.996E-05 9.996E-05 9.996E-05 9.996E-05 9.996E-05 0.9995
9.9964E-05 0.00991108 9.9964E-05 9.9964E-05 9.9964E-05 0.989689
0.319636 0.0452272 9.9991E-05 0.29385 0.176998 0.164189
0.361916 0.0667101 9.9991E-05 0.264181 0.145205 0.161889
0.335091 0.0729127 0.00278434 0.253052 0.161456 0.174704
0.312692 0.103005 9.9991E-05 0.246037 0.144648 0.193518
0.329118 0.0692319 9.9991E-05 0.264231 0.124948 0.212371
0.436253 0.0277045 9.9991E-05 0.21465 0.175507 0.145786
0.430007 0.0679104 9.9991E-05 0.20104 0.0985838 0.202358
0.370503 0.0238041 9.9991E-05 0.280522 0.119909 0.205162
0.30421 0.124649 9.9991E-05 0.16486 0.135537 0.270643
0.37891 0.0825955 9.9991E-05 0.178624 0.104236 0.255534
0.42623 0.0880522 9.9991E-05 0.158369 0.148041 0.179208
0.442176 0.0743166 9.9991E-05 0.13256 0.120122 0.230726
0.409978 0.0928674 9.9991E-05 0.234784 0.14136 0.120911
0.379641 0.0848702 9.9991E-05 0.256588 0.0924432 0.186358
0.0484284 9.9973E-05 9.9973E-05 0.937222 0.0140493 9.9973E-05
9.9982E-05 9.9982E-05 0.0183803 0.877933 0.103251 0.000235975
9.996E-05 9.996E-05 9.996E-05 0.9995 9.996E-05 9.996E-05
9.996E-05 9.996E-05 9.996E-05 0.9995 9.996E-05 9.996E-05
9.996E-05 9.996E-05 9.996E-05 0.9995 9.996E-05 9.996E-05
9.996E-05 9.996E-05 9.996E-05 0.9995 9.996E-05 9.996E-05
0.00797915 0.0105956 9.9973E-05 0.981125 9.9973E-05 9.9973E-05
0.124043 9.9991E-05 0.0593948 0.795207 0.0028615 0.0183933
9.9964E-05 0.0095432 9.9964E-05 0.990057 9.9964E-05 9.9964E-05
9.996E-05 9.996E-05 9.996E-05 0.9995 9.996E-05 9.996E-05
9.9982E-05 0.00361079 0.0277842 0.922919 9.9982E-05 0.0454859
9.996E-05 9.996E-05 9.996E-05 0.9995 9.996E-05 9.996E-05
0.0317441 0.0962779 9.9991E-05 0.790444 0.0256235 0.0558105
9.996E-05 0.9995 9.996E-05 9.996E-05 9.996E-05 9.996E-05
0.358825 0.105648 9.9991E-05 0.176908 0.0852204 0.273299
9.996E-05 0.9995 9.996E-05 9.996E-05 9.996E-05 9.996E-05
9.996E-05 0.9995 9.996E-05 9.996E-05 9.996E-05 9.996E-05
9.9964E-05 0.982376 9.9964E-05 9.9964E-05 9.9964E-05 0.0172239
0.169086 0.749436 9.9991E-05 0.0517725 0.0291159 0.000489054
9.996E-05 0.9995 9.996E-05 9.996E-05 9.996E-05 9.996E-05
0.00861774 0.893063 9.9991E-05 0.0271803 0.0422065 0.0288324
0.00469636 0.975587 9.9973E-05 9.9973E-05 9.9973E-05 0.0194165
9.9964E-05 0.973678 9.9964E-05 0.0259221 9.9964E-05 9.9964E-05
0.00506636 0.994534 9.99705E-05 9.99705E-05 9.99705E-05 9.99705E-05
9.9964E-05 0.985846 9.9964E-05 9.9964E-05 0.0137542 9.9964E-05
0.0142379 0.96044 0.00596946 0.00324369 0.0160085 9.9991E-05
0.0450691 0.805105 9.9991E-05 0.0906782 0.0395259 0.0195217
0.0123427 0.946196 0.0176369 9.9982E-05 0.023624 9.9982E-05
0.0219802 0.872718 0.00949796 0.0302323 0.0429832 0.0225887
9.9973E-05 0.919298 0.0269611 9.9973E-05 0.0534409 9.9973E-05
9.9991E-05 0.899991 0.0215289 0.0192881 0.0432316 0.0158601
9.9973E-05 0.969767 0.00328144 0.0266521 9.9973E-05 9.9973E-05
0.319476 0.0531444 0.0316139 0.137758 0.360537 0.0974715
0.352523 0.0072503 0.0418898 0.100788 0.363406 0.134143
0.367531 0.0754103 0.0386877 0.0180421 0.353414 0.146915
0.305507 0.0951776 0.0583163 0.0593243 0.35056 0.131114
0.221216 0.0743934 9.9991E-05 0.0692966 0.408365 0.226629
0.0667761 0.111549 9.9991E-05 0.00945469 0.546985 0.265135
0.154186 0.125149 9.9991E-05 0.051735 0.424308 0.244522
0.116267 0.0936412 9.9991E-05 0.00878553 0.522281 0.258926
0.197822 0.11936 9.9991E-05 0.0304246 0.423763 0.228531
0.162176 0.108696 9.9991E-05 0.0321896 0.440458 0.25638
0.230605 0.0868461 9.9991E-05 0.0177722 0.433415 0.231262
0.364377 0.102744 9.9991E-05 0.0652966 0.309544 0.157939
0.318821 0.0708344 9.9991E-05 0.0692701 0.34746 0.193514
9.996E-05 9.996E-05 9.996E-05 9.996E-05 0.9995 9.996E-05
9.996E-05 9.996E-05 9.996E-05 9.996E-05 0.9995 9.996E-05
9.996E-05 9.996E-05 9.996E-05 9.996E-05 0.9995 9.996E-05
9.996E-05 9.996E-05 9.996E-05 9.996E-05 0.9995 9.996E-05
9.996E-05 9.996E-05 9.996E-05 9.996E-05 0.9995 9.996E-05
0.0833941 9.9973E-05 0.000630801 9.9973E-05 0.915675 9.9973E-05
9.996E-05 9.996E-05 9.996E-05 9.996E-05 0.9995 9.996E-05
9.996E-05 9.996E-05 9.996E-05 9.996E-05 0.9995 9.996E-05
9.9964E-05 9.9964E-05 9.9964E-05 0.00874834 0.990852 9.9964E-05
0.00356416 9.9973E-05 9.9973E-05 0.0204969 0.975639 9.9973E-05
9.996E-05 9.996E-05 9.996E-05 9.996E-05 0.9995 9.996E-05
9.996E-05 9.996E-05 9.996E-05 9.996E-05 0.9995 9.996E-05
