9.996E-05 9.996E-05 0.9995 9.996E-05 9.996E-05 9.996E-05
0.0965243 0.495655 0.374836 9.9982E-05 0.0327849 9.9982E-05
0.0621471 0.469114 0.372766 9.9982E-05 0.0957725 9.9982E-05
9.99641E-05 0.692877 0.306723 9.99641E-05 9.99641E-05 9.99641E-05
9.9982E-05 0.737483 0.176654 0.0730877 9.9982E-05 0.0125752
9.9973E-05 0.752095 0.234765 9.9973E-05 0.01284 9.9973E-05
9.9964E-05 0.629426 0.370175 9.9964E-05 9.9964E-05 9.9964E-05
9.9973E-05 0.618497 0.336048 9.9973E-05 0.0451548 9.9973E-05
9.9973E-05 0.713454 0.263586 9.9973E-05 0.0226603 9.9973E-05
9.996E-05 9.996E-05 0.9995 9.996E-05 9.996E-05 9.996E-05
9.996E-05 9.996E-05 0.9995 9.996E-05 9.996E-05 9.996E-05
9.9964E-05 9.9964E-05 0.990721 0.00887878 9.9964E-05 9.9964E-05
9.996E-05 9.996E-05 0.9995 9.996E-05 9.996E-05 9.996E-05
9.9973E-05 0.00455129 0.927606 0.067543 9.9973E-05 9.9973E-05
9.9964E-05 9.9964E-05 0.975287 9.9964E-05 9.9964E-05 0.0243129
9.9973E-05 0.764787 0.220911 9.9973E-05 0.0140015 9.9973E-05
0.0455153 0.561987 0.268145 0.0519158 0.00711374 0.0653236
9.9964E-05 0.76801 0.231591 9.9964E-05 9.9964E-05 9.9964E-05
9.99641E-05 0.985253 0.0143468 9.99641E-05 9.99641E-05 9.99641E-05
9.996E-05 0.9995 9.996E-05 9.996E-05 9.996E-05 9.996E-05
9.9964E-05 0.868858 0.130742 9.9964E-05 9.9964E-05 9.9964E-05
9.9973E-05 0.943133 0.0273469 9.9973E-05 0.02922 9.9973E-05
9.9973E-05 0.908733 0.053214 0.0377528 9.9973E-05 9.9973E-05
9.9964E-05 0.894923 0.104677 9.9964E-05 9.9964E-05 9.9964E-05
9.99641E-05 0.971432 0.0281685 9.99641E-05 9.99641E-05 9.99641E-05
9.999E-05 0.898567 0.0349254 0.0178086 0.0283257 0.0202735
9.9982E-05 0.837226 0.0378381 0.0778727 0.0468636 9.9982E-05
9.9964E-05 0.94964 0.0499605 9.9964E-05 9.9964E-05 9.9964E-05
0.0129592 0.883427 0.0793717 0.024042 9.9982E-05 9.9982E-05
9.9964E-05 0.856683 0.142917 9.9964E-05 9.9964E-05 9.9964E-05
9.9973E-05 0.888036 0.107225 0.00443942 9.9973E-05 9.9973E-05
0.00151001 0.926495 0.0404828 0.00832858 9.9991E-05 0.023084
9.9982E-05 0.85145 0.050016 0.0603426 0.0379909 9.9982E-05
0.0137226 0.794076 0.0905661 9.9991E-05 0.0479511 0.0535837
9.9973E-05 0.919926 0.0613892 0.0183845 9.9973E-05 9.9973E-05
9.9964E-05 0.867631 0.131969 9.9964E-05 9.9964E-05 9.9964E-05
9.9973E-05 0.960303 9.9973E-05 0.0381129 0.00128429 9.9973E-05
0.01185 0.815128 0.04553 0.102436 0.00977893 0.0152764
0.027482 0.788326 0.0447955 0.108624 0.0306732 9.9991E-05
0.0191031 0.861936 0.035448 0.0783768 9.9991E-05 0.00503618
0.0776347 0.7156 9.9982E-05 9.9982E-05 0.0528664 0.153699
9.9982E-05 0.6423 9.9982E-05 0.131106 0.0556512 0.170743
0.0366295 0.72281 0.0608802 9.9991E-05 0.0768266 0.102753
0.0273917 0.768374 9.9991E-05 0.0594954 0.05456 0.0900785
9.9982E-05 0.747636 9.9982E-05 0.0874955 0.0784321 0.0862367
9.9973E-05 0.924465 9.9973E-05 0.0349368 0.0402983 9.9973E-05
9.9973E-05 0.952391 9.9973E-05 9.9973E-05 0.0430707 0.00423801
9.9982E-05 0.886799 9.9982E-05 0.0382446 0.0529499 0.0218062
9.9991E-05 0.655918 0.0560105 0.106237 0.0576784 0.124056
0.0348554 0.782648 0.0996093 9.9991E-05 0.0056509 0.0771361
0.0245851 0.844548 0.0139753 0.0558191 0.0379466 0.023126
9.9982E-05 0.832957 9.9982E-05 0.0736302 0.0603797 0.0328332
0.0262316 0.826361 9.9991E-05 0.0465212 0.0646721 0.0361138
0.0565174 0.701693 0.0468968 0.0958797 0.0340162 0.0649965
0.0799139 0.671313 0.0463326 0.0903764 0.0183508 0.0937138
0.0384739 0.752219 9.9982E-05 9.9982E-05 0.099918 0.109189
0.0334863 0.642886 0.0651691 0.0982253 0.0773464 0.0828865
0.0216667 0.764893 9.9991E-05 0.122758 0.00754559 0.0830368
9.9973E-05 0.934587 9.9973E-05 0.0240152 0.0410982 9.9973E-05
0.0495808 0.772046 0.0322267 0.115177 9.9991E-05 0.03087
9.9973E-05 0.808048 9.9973E-05 0.129923 9.9973E-05 0.0617295
0.0532991 0.779925 9.9982E-05 0.000834353 9.9982E-05 0.165742
0.0426471 0.71021 9.9991E-05 0.109566 0.0540358 0.0834405
0.0555723 0.633346 9.9991E-05 0.11542 0.0855769 0.109984
0.0054188 0.823079 9.9982E-05 0.0530575 9.9982E-05 0.118245
0.067517 0.716137 9.9991E-05 0.0633756 0.0810347 0.0718361
0.0836503 0.758442 9.9982E-05 0.0534675 9.9982E-05 0.10424
0.0965425 0.642957 0.0238689 0.0604442 0.0504305 0.125757
0.0111887 0.90555 9.9982E-05 0.076672 9.9982E-05 0.00638971
0.0277953 0.68306 9.9991E-05 0.036611 0.113881 0.138552
0.106439 0.734259 0.025214 9.9991E-05 0.0755645 0.0584233
0.0617999 0.689371 9.9991E-05 0.061975 0.0816117 0.105142
0.00858304 0.829707 0.0510024 0.0666922 0.0439149 9.9991E-05
9.9991E-05 0.839218 0.00204658 0.0790882 0.033841 0.0457064
0.0118031 0.655152 0.0148651 0.117153 0.050576 0.15045
0.0295036 0.7471 9.9991E-05 0.127677 0.032375 0.063245
0.0784965 0.743373 9.9991E-05 0.0592945 0.0625438 0.0561927
0.17442 0.613488 9.9991E-05 0.0714416 0.032148 0.108402
0.148253 0.512642 9.9991E-05 0.0728798 0.114615 0.151511
0.166062 0.430107 9.9991E-05 0.207697 0.0479446 0.148089
0.116713 0.434251 9.9991E-05 0.158149 0.107129 0.183659
0.158935 0.452978 9.9991E-05 0.148571 0.0685932 0.170823
0.140885 0.515032 9.9991E-05 0.107409 0.0838869 0.152686
0.184942 0.599892 9.9991E-05 0.0518767 0.0185485 0.14464
0.19926 0.434106 0.022891 0.0806151 0.0985205 0.164608
0.198417 0.511981 0.00852705 0.063241 0.122327 0.0955078
0.111882 0.561591 0.0516769 0.0769541 0.0627042 0.135192
0.141468 0.598791 9.9982E-05 0.0696884 9.9982E-05 0.189852
0.165463 0.477651 9.9991E-05 0.116791 0.0735666 0.166429
0.123197 0.410796 9.9991E-05 0.151986 0.117607 0.196314
0.161852 0.512045 0.0324889 0.0688388 0.103858 0.120917
0.156426 0.583504 0.0100799 0.0513351 0.0475432 0.151112
0.208621 0.35536 0.00513406 0.213161 0.106965 0.110759
0.995541 9.9964E-05 0.00405955 9.9964E-05 9.9964E-05 9.9964E-05
0.960999 0.0349867 0.00371466 9.9973E-05 9.9973E-05 9.9973E-05
0.9228 0.0767999 9.9964E-05 9.9964E-05 9.9964E-05 9.9964E-05
0.9995 9.996E-05 9.996E-05 9.996E-05 9.996E-05 9.996E-05
0.9995 9.996E-05 9.996E-05 9.996E-05 9.996E-05 9.996E-05
0.9995 9.996E-05 9.996E-05 9.996E-05 9.996E-05 9.996E-05
0.9995 9.996E-05 9.996E-05 9.996E-05 9.996E-05 9.996E-05
0.899672 0.0999282 9.9964E-05 9.9964E-05 9.9964E-05 9.9964E-05
0.9995 9.996E-05 9.996E-05 9.996E-05 9.996E-05 9.996E-05
0.9995 9.996E-05 9.996E-05 9.996E-05 9.996E-05 9.996E-05
0.117757 0.299275 9.9991E-05 0.173963 0.103051 0.305854
0.921693 0.0338193 9.9991E-05 0.0370797 0.00367152 0.00363617
0.9995 9.996E-05 9.996E-05 9.996E-05 9.996E-05 9.996E-05
0.9995 9.996E-05 9.996E-05 9.996E-05 9.996E-05 9.996E-05
0.140578 0.320627 9.9991E-05 0.205627 0.0854846 0.247584
0.132449 0.385239 9.9991E-05 0.146828 0.0761393 0.259244
0.14753 0.353331 9.9991E-05 0.207686 0.0704778 0.220876
0.189904 0.303392 9.9991E-05 0.165496 0.0960147 0.245094
0.173008 0.309738 9.9991E-05 0.167046 0.0630698 0.287038
0.122813 0.471535 9.9982E-05 0.176659 9.9982E-05 0.228792
0.192761 0.38694 9.9991E-05 0.158452 0.0410242 0.220723
0.182266 0.386064 9.9991E-05 0.143492 0.00768294 0.280396
0.258643 0.345627 9.9991E-05 0.146196 0.094356 0.155078
0.249231 0.315472 9.9991E-05 0.165168 0.0813274 0.188701
0.173929 0.413562 9.9991E-05 0.173425 0.068611 0.170373
0.221717 0.3563 9.9991E-05 0.260591 0.0521138 0.109178
0.112288 0.37357 0.00467799 0.166855 0.0913626 0.251246
0.153986 0.44815 9.9991E-05 0.103203 0.0767954 0.217766
9.996E-05 9.996E-05 9.996E-05 9.996E-05 0.9995 9.996E-05
0.189592 0.409692 9.9991E-05 0.147619 0.101207 0.15179
9.996E-05 9.996E-05 9.996E-05 9.996E-05 0.9995 9.996E-05
9.996E-05 9.996E-05 9.996E-05 9.996E-05 0.9995 9.996E-05
0.0485933 9.9973E-05 0.00280163 9.9973E-05 0.948305 9.9973E-05
0.0261076 0.0842493 9.9991E-05 0.0499402 0.783874 0.0557291
9.996E-05 9.996E-05 9.996E-05 9.996E-05 0.9995 9.996E-05
9.9982E-05 0.062874 9.9982E-05 0.040829 0.893329 0.00276831
0.0102509 9.9973E-05 9.9973E-05 0.0181301 0.971319 9.9973E-05
9.9973E-05 0.00502886 9.9973E-05 9.9973E-05 0.976189 0.0184818
9.996E-05 9.996E-05 9.996E-05 9.996E-05 0.9995 9.996E-05
0.0153173 9.9973E-05 9.9973E-05 0.012616 0.971767 9.9973E-05
9.9964E-05 9.9964E-05 9.9964E-05 9.9964E-05 0.946594 0.0530061
0.0225511 9.9982E-05 9.9982E-05 0.0553059 0.847262 0.0746814
9.9982E-05 0.0299017 0.0132771 0.00712544 0.949496 9.9982E-05
0.00291067 0.0350005 0.0231625 9.9991E-05 0.91247 0.0263566
0.038354 9.9991E-05 0.0161291 0.0625581 0.871058 0.0118005
9.9982E-05 0.0285404 0.0280049 0.0626884 0.880566 9.9982E-05
9.9964E-05 9.9964E-05 9.9964E-05 9.9964E-05 0.958539 0.0410608
9.9973E-05 9.9973E-05 9.9973E-05 0.00769187 0.0725242 0.919484
0.0174269 9.9982E-05 0.0142359 0.093311 9.9982E-05 0.874826
9.996E-05 9.996E-05 9.996E-05 9.996E-05 9.996E-05 0.9995
9.996E-05 9.996E-05 9.996E-05 9.996E-05 9.996E-05 0.9995
9.996E-05 9.996E-05 9.996E-05 9.996E-05 9.996E-05 0.9995
9.996E-05 9.996E-05 9.996E-05 9.996E-05 9.996E-05 0.9995
9.996E-05 9.996E-05 9.996E-05 9.996E-05 9.996E-05 0.9995
9.9991E-05 0.159723 0.00441066 0.0670274 0.00429816 0.764441
9.996E-05 9.996E-05 9.996E-05 9.996E-05 9.996E-05 0.9995
9.996E-05 9.996E-05 9.996E-05 9.996E-05 9.996E-05 0.9995
0.0293356 9.9973E-05 0.0238972 9.9973E-05 9.9973E-05 0.946467
9.996E-05 9.996E-05 9.996E-05 9.996E-05 9.996E-05 0.9995
0.0276127 0.0880595 9.9991E-05 0.0581518 0.0694423 0.756634
0.106603 0.264205 0.0258299 0.408469 0.0840112 0.110882
0.12384 0.271746 0.0140001 0.390783 0.0799502 0.11968
0.154318 0.266428 0.0198833 0.402622 0.0989144 0.0578341
0.0890979 0.363274 0.0224096 0.384728 0.0955129 0.0449778
0.139036 0.234443 9.9991E-05 0.533939 0.0665858 0.0258968
0.192194 9.99731E-05 9.99731E-05 0.709154 0.0983528 9.99731E-05
0.197758 0.0802288 9.9991E-05 0.59622 0.118237 0.00745655
0.184884 0.0569325 9.9982E-05 0.678052 0.0799318 9.9982E-05
0.213188 0.110273 9.9982E-05 0.577418 0.0989209 9.9982E-05
0.219013 0.101992 9.9991E-05 0.578059 0.0913039 0.00953147
0.1616 0.124348 9.9991E-05 0.580293 0.0988451 0.0348144
0.131441 0.273055 0.0349616 0.460097 0.100346 9.9991E-05
0.149731 0.309678 9.9982E-05 0.428382 0.112009 9.9982E-05
9.996E-05 9.996E-05 9.996E-05 0.9995 9.996E-05 9.996E-05
9.996E-05 9.996E-05 9.996E-05 0.9995 9.996E-05 9.996E-05
9.996E-05 9.996E-05 9.996E-05 0.9995 9.996E-05 9.996E-05
9.996E-05 9.996E-05 9.996E-05 0.9995 9.996E-05 9.996E-05
9.996E-05 9.996E-05 9.996E-05 0.9995 9.996E-05 9.996E-05
9.9973E-05 0.0177798 0.0350867 0.946834 9.9973E-05 9.9973E-05
9.996E-05 9.996E-05 9.996E-05 0.9995 9.996E-05 9.996E-05
9.996E-05 9.996E-05 9.996E-05 0.9995 9.996E-05 9.996E-05
9.996E-05 9.996E-05 9.996E-05 0.9995 9.996E-05 9.996E-05
9.996E-05 9.996E-05 9.996E-05 0.9995 9.996E-05 9.996E-05
9.996E-05 9.996E-05 9.996E-05 0.9995 9.996E-05 9.996E-05
9.996E-05 9.996E-05 9.996E-05 0.9995 9.996E-05 9.996E-05
