9.9901E-05 9.9901E-05 9.9901E-05 9.9901E-05 9.9901E-05 0.998901 9.9901E-05 9.9901E-05 9.9901E-05 9.9901E-05 9.9901E-05 9.9901E-05
9.9946E-05 9.9946E-05 0.577733 0.0910189 0.0384624 0.194334 9.9946E-05 9.9946E-05 9.9946E-05 9.9946E-05 0.0537983 0.0440535
9.9901E-05 9.9901E-05 9.9901E-05 9.9901E-05 9.9901E-05 9.9901E-05 9.9901E-05 9.9901E-05 9.9901E-05 9.9901E-05 0.998901 9.9901E-05
0.0799479 9.9937E-05 9.9937E-05 0.0495285 9.9937E-05 9.9937E-05 9.9937E-05 9.9937E-05 9.9937E-05 0.0400044 0.798756 0.0310636
9.9928E-05 9.9928E-05 0.869862 0.0653238 0.0151777 9.9928E-05 9.9928E-05 9.9928E-05 9.9928E-05 0.0488368 9.9928E-05 9.9928E-05
0.0561688 9.9937E-05 0.767886 9.9937E-05 9.9937E-05 0.0782244 9.9937E-05 9.9937E-05 0.0673013 9.9937E-05 0.0297204 9.9937E-05
9.9928E-05 0.0659955 0.895758 9.9928E-05 0.0187007 9.9928E-05 9.9928E-05 9.9928E-05 9.9928E-05 9.9928E-05 9.9928E-05 0.0187462
9.99101E-05 9.99101E-05 0.835766 9.99101E-05 9.99101E-05 9.99101E-05 0.163235 9.99101E-05 9.99101E-05 9.99101E-05 9.99101E-05 9.99101E-05
9.9946E-05 9.9946E-05 0.568472 9.9946E-05 9.9946E-05 0.0152047 0.118446 0.0119566 9.9946E-05 0.12906 0.15626 9.9946E-05
9.9955E-05 9.9955E-05 0.156636 9.9955E-05 0.0650123 0.234903 0.171926 0.129031 9.9955E-05 9.9955E-05 0.200603 0.0413887
9.9901E-05 9.9901E-05 9.9901E-05 0.998901 9.9901E-05 9.9901E-05 9.9901E-05 9.9901E-05 9.9901E-05 9.9901E-05 9.9901E-05 9.9901E-05
0.0161922 0.980419 9.99191E-05 9.99191E-05 9.99191E-05 9.99191E-05 0.00248902 9.99191E-05 9.99191E-05 9.99191E-05 9.99191E-05 9.99191E-05
9.99191E-05 0.0582894 9.99191E-05 9.99191E-05 9.99191E-05 9.99191E-05 9.99191E-05 9.99191E-05 0.814141 9.99191E-05 0.12667 9.99191E-05
9.9901E-05 9.9901E-05 9.9901E-05 9.9901E-05 9.9901E-05 9.9901E-05 0.998901 9.9901E-05 9.9901E-05 9.9901E-05 9.9901E-05 9.9901E-05
0.08541 0.589496 9.9955E-05 0.0278105 9.9955E-05 9.9955E-05 0.0289806 9.9955E-05 0.138225 9.9955E-05 0.0746287 0.0549491
0.657261 0.200145 9.9937E-05 0.102136 9.9937E-05 0.0338978 9.9937E-05 9.9937E-05 0.00586107 9.9937E-05 9.9937E-05 9.9937E-05
0.0374993 9.9919E-05 9.9919E-05 9.9919E-05 9.9919E-05 9.9919E-05 9.9919E-05 9.9919E-05 0.960885 0.000716952 9.9919E-05 9.9919E-05
0.657045 0.0506526 9.99466E-05 9.99466E-05 0.125733 9.99466E-05 0.0246827 0.115214 9.99466E-05 0.0260736 9.99466E-05 9.99466E-05
0.161859 0.451931 9.9946E-05 0.00599036 9.9946E-05 9.9946E-05 0.131149 0.0899094 0.158562 9.9946E-05 9.9946E-05 9.9946E-05
0.977387 9.99101E-05 9.99101E-05 9.99101E-05 9.99101E-05 9.99101E-05 9.99101E-05 9.99101E-05 9.99101E-05 9.99101E-05 0.0216143 9.99101E-05
0.634052 0.091891 9.9955E-05 9.9955E-05 0.0892569 0.0638723 0.0252005 9.9955E-05 0.0442691 9.9955E-05 0.0509583 9.9955E-05
0.45044 0.0990181 0.37373 0.0140597 0.0524098 9.9946E-05 9.9946E-05 0.00974294 9.9946E-05 9.9946E-05 9.9946E-05 9.9946E-05
9.99101E-05 9.99101E-05 9.99101E-05 9.99101E-05 9.99101E-05 0.0103311 9.99101E-05 9.99101E-05 0.98867 9.99101E-05 9.99101E-05 9.99101E-05
0.998901 9.99011E-05 9.99011E-05 9.99011E-05 9.99011E-05 9.99011E-05 9.99011E-05 9.99011E-05 9.99011E-05 9.99011E-05 9.99011E-05 9.99011E-05
9.9937E-05 0.0868119 9.9937E-05 0.0274391 0.0186708 9.9937E-05 0.865759 0.00061985 9.9937E-05 9.9937E-05 9.9937E-05 9.9937E-05
0.0904021 0.300315 0.0155355 9.9955E-05 0.0878438 0.0767956 0.397926 9.9955E-05 0.0306817 9.9955E-05 9.9955E-05 9.9955E-05
9.9919E-05 0.788766 9.9919E-05 9.9919E-05 9.9919E-05 9.9919E-05 9.9919E-05 0.0113449 9.9919E-05 0.19899 9.9919E-05 9.9919E-05
9.9955E-05 0.590434 9.9955E-05 0.0280734 0.286807 9.9955E-05 9.9955E-05 9.9955E-05 0.014565 0.0081181 0.0711895 0.000313202
9.9928E-05 0.749515 9.9928E-05 9.9928E-05 0.162175 0.0239903 9.9928E-05 0.0635207 9.9928E-05 9.9928E-05 9.9928E-05 9.9928E-05
9.99101E-05 0.902016 9.99101E-05 9.99101E-05 0.0969853 9.99101E-05 9.99101E-05 9.99101E-05 9.99101E-05 9.99101E-05 9.99101E-05 9.99101E-05
9.9928E-05 9.9928E-05 9.9928E-05 9.9928E-05 0.312442 9.9928E-05 9.9928E-05 0.396261 9.9928E-05 0.147477 0.14302 9.9928E-05
9.9955E-05 0.0696189 0.151847 9.9955E-05 0.330073 0.00221921 9.9955E-05 0.174802 9.9955E-05 0.153448 0.117491 9.9955E-05
9.9919E-05 0.0921502 9.9919E-05 9.9919E-05 9.9919E-05 9.9919E-05 9.9919E-05 0.834966 9.9919E-05 0.0719842 9.9919E-05 9.9919E-05
9.9919E-05 9.9919E-05 9.9919E-05 9.9919E-05 9.9919E-05 9.9919E-05 9.9919E-05 0.769 0.0188778 0.211223 9.9919E-05 9.9919E-05
0.0208919 0.198552 9.9964E-05 0.072545 0.0200309 9.9964E-05 0.00540895 0.658828 9.9964E-05 9.9964E-05 0.0123561 0.0109868
9.9937E-05 9.9937E-05 9.9937E-05 9.9937E-05 9.9937E-05 0.0199097 0.0351959 0.91749 0.0254824 9.9937E-05 9.9937E-05 0.00122213
0.095357 9.9928E-05 0.172498 9.9928E-05 9.9928E-05 9.9928E-05 9.9928E-05 0.720466 9.9928E-05 9.9928E-05 9.9928E-05 0.0108797
9.9928E-05 9.9928E-05 9.9928E-05 9.9928E-05 0.0898754 0.040346 9.9928E-05 0.77612 0.0928596 9.9928E-05 9.9928E-05 9.9928E-05
0.0119446 9.9937E-05 9.9937E-05 0.0584183 9.9937E-05 9.9937E-05 9.9937E-05 0.867141 9.9937E-05 0.0595237 9.9937E-05 0.00227334
0.0105936 0.0248375 9.9964E-05 0.0553529 0.288027 0.024462 9.9964E-05 0.570218 0.0139886 9.9964E-05 9.9964E-05 0.0121197
9.99281E-05 9.99281E-05 0.0987184 9.99281E-05 0.0176759 9.99281E-05 9.99281E-05 0.871217 9.99281E-05 9.99281E-05 9.99281E-05 0.011589
9.9955E-05 0.152172 9.9955E-05 9.9955E-05 0.323245 0.0957709 0.0430465 0.290763 9.9955E-05 0.0738463 0.0206575 9.9955E-05
9.9937E-05 0.123671 9.9937E-05 9.9937E-05 0.0550815 9.9937E-05 0.000693584 0.811344 9.9937E-05 9.9937E-05 0.00851027 9.9937E-05
0.0142419 0.0918865 9.9955E-05 0.0530792 9.9955E-05 0.0218681 9.9955E-05 0.754483 9.9955E-05 0.061018 9.9955E-05 0.00292318
9.99461E-05 9.99461E-05 9.99461E-05 0.0612657 0.152099 9.99461E-05 0.118112 0.139475 9.99461E-05 0.448168 0.0802806 9.99461E-05
9.9946E-05 0.198623 0.0403192 9.9946E-05 0.104726 9.9946E-05 9.9946E-05 0.0647149 9.9946E-05 0.566667 9.9946E-05 0.0243507
9.99371E-05 9.99371E-05 9.99371E-05 0.0493538 0.116563 9.99371E-05 9.99371E-05 0.116271 9.99371E-05 0.677533 9.99371E-05 0.0395792
9.99101E-05 9.99101E-05 9.99101E-05 9.99101E-05 0.0862486 9.99101E-05 9.99101E-05 9.99101E-05 9.99101E-05 0.912752 9.99101E-05 9.99101E-05
9.9937E-05 0.299127 0.00906519 9.9937E-05 9.9937E-05 9.9937E-05 9.9937E-05 0.278798 9.9937E-05 0.318253 0.0940573 9.9937E-05
9.9955E-05 9.9955E-05 0.0385786 9.9955E-05 0.0955944 0.0196312 0.18631 0.28519 9.9955E-05 0.356334 0.0178623 9.9955E-05
0.0795579 9.9919E-05 9.9919E-05 9.9919E-05 0.0357195 9.9919E-05 9.9919E-05 9.9919E-05 9.9919E-05 0.883823 9.9919E-05 9.9919E-05
0.00952136 9.9946E-05 9.9946E-05 0.0336967 9.9946E-05 0.0421198 0.0291455 9.9946E-05 9.9946E-05 0.883719 9.9946E-05 0.0011976
9.9937E-05 9.9937E-05 9.9937E-05 9.9937E-05 0.0805508 0.0670471 0.022233 9.9937E-05 0.0199903 0.809479 9.9937E-05 9.9937E-05
9.9937E-05 9.9937E-05 9.9937E-05 0.0272451 0.0628473 9.9937E-05 9.9937E-05 0.162403 0.0122154 0.734589 9.9937E-05 9.9937E-05
9.9928E-05 9.9928E-05 9.9928E-05 9.9928E-05 9.9928E-05 9.9928E-05 0.0199443 0.114326 9.9928E-05 0.863514 9.9928E-05 0.00141621
9.99281E-05 9.99281E-05 9.99281E-05 9.99281E-05 0.00610798 0.00999121 9.99281E-05 9.99281E-05 9.99281E-05 0.932202 9.99281E-05 0.0508993
0.02011 9.99371E-05 0.0595247 9.99371E-05 0.882327 9.99371E-05 9.99371E-05 9.99371E-05 9.99371E-05 0.0323575 0.00498126 9.99371E-05
9.9946E-05 0.0612061 0.0558604 9.9946E-05 0.62262 9.9946E-05 9.9946E-05 0.0125661 0.0194469 0.227701 9.9946E-05 9.9946E-05
9.9946E-05 9.9946E-05 0.0750909 9.9946E-05 0.750325 0.00185932 9.9946E-05 9.9946E-05 0.0449246 0.110648 0.0165525 9.9946E-05
9.9937E-05 0.0764123 0.171398 9.9937E-05 0.642655 9.9937E-05 9.9937E-05 0.102522 9.9937E-05 0.00631312 9.9937E-05 9.9937E-05
0.0365859 9.9928E-05 9.9928E-05 9.9928E-05 0.834344 9.9928E-05 0.0740642 9.9928E-05 9.9928E-05 0.0542063 9.9928E-05 9.9928E-05
9.9937E-05 9.9937E-05 9.9937E-05 9.9937E-05 0.569019 0.0506297 9.9937E-05 0.244667 9.9937E-05 9.9937E-05 0.0500598 0.0849248
9.9946E-05 9.9946E-05 9.9946E-05 0.00680486 0.788018 0.0289124 9.9946E-05 0.0222875 9.9946E-05 0.130504 0.0228744 9.9946E-05
9.99102E-05 9.99102E-05 9.99102E-05 9.99102E-05 0.971631 9.99102E-05 9.99102E-05 9.99102E-05 9.99102E-05 9.99102E-05 9.99102E-05 0.02737
0.0764444 0.0111126 9.9964E-05 0.000972968 0.773129 0.00397689 0.00728072 0.0944144 9.9964E-05 9.9964E-05 9.9964E-05 0.0322688
9.99191E-05 0.0033293 9.99191E-05 9.99191E-05 0.946894 9.99191E-05 9.99191E-05 9.99191E-05 0.0488775 9.99191E-05 9.99191E-05 9.99191E-05
9.99011E-05 9.99011E-05 9.99011E-05 9.99011E-05 0.998901 9.99011E-05 9.99011E-05 9.99011E-05 9.99011E-05 9.99011E-05 9.99011E-05 9.99011E-05
9.99239E-05 0.0358606 9.99239E-05 9.99239E-05 0.957528 9.99239E-05 0.00571262 9.99239E-05 9.99239E-05 9.99239E-05 9.99239E-05 9.99239E-05
9.99101E-05 9.99101E-05 9.99101E-05 9.99101E-05 0.979879 9.99101E-05 9.99101E-05 9.99101E-05 9.99101E-05 9.99101E-05 9.99101E-05 0.0191217
9.9919E-05 9.9919E-05 9.9919E-05 9.9919E-05 0.94325 9.9919E-05 9.9919E-05 9.9919E-05 9.9919E-05 0.030165 0.0256854 9.9919E-05
0.0573233 9.99281E-05 9.99281E-05 9.99281E-05 0.893581 9.99281E-05 9.99281E-05 0.0387049 9.99281E-05 9.99281E-05 9.99281E-05 0.00959101
9.99371E-05 9.99371E-05 0.056401 9.99371E-05 0.734884 0.00626524 0.119351 0.0823999 9.99371E-05 9.99371E-05 9.99371E-05 9.99371E-05
9.99191E-05 9.99191E-05 9.99191E-05 9.99191E-05 0.928721 9.99191E-05 9.99191E-05 9.99191E-05 9.99191E-05 0.0483046 0.0220749 9.99191E-05
9.9946E-05 9.9946E-05 9.9946E-05 9.9946E-05 0.666264 0.0335644 0.105324 0.134185 9.9946E-05 0.00686274 9.9946E-05 0.0531993
9.997E-05 0.000672738 0.0102772 0.0159473 0.316176 9.997E-05 0.0282857 0.0252605 0.041992 9.997E-05 0.0107256 0.550363
9.9901E-05 9.9901E-05 9.9901E-05 9.9901E-05 9.9901E-05 9.9901E-05 9.9901E-05 9.9901E-05 9.9901E-05 9.9901E-05 9.9901E-05 0.998901
9.9964E-05 0.0785106 9.9964E-05 0.0180679 0.595895 0.0316733 9.9964E-05 0.206893 0.0128329 9.9964E-05 0.00218981 0.0535374
