9.998E-05 9.998E-05 9.998E-05 0.9997
0.123822 0.172227 0.111459 0.592492
0.115528 0.101624 0.21229 0.570558
9.9991E-05 0.407068 0.000120698 0.592711
9.9982E-05 0.589898 9.9982E-05 0.409902
9.9991E-05 0.459726 0.0802343 0.45994
9.999E-05 0.308353 0.0244298 0.667117
0.0166766 0.266175 0.110792 0.606357
0.0150524 0.432428 0.108684 0.443835
9.998E-05 9.998E-05 9.998E-05 0.9997
9.998E-05 9.998E-05 9.998E-05 0.9997
9.998E-05 9.998E-05 9.998E-05 0.9997
9.998E-05 9.998E-05 9.998E-05 0.9997
9.998E-05 9.998E-05 9.998E-05 0.9997
9.998E-05 9.998E-05 9.998E-05 0.9997
9.9991E-05 0.553637 0.0306406 0.415622
0.0463138 0.41186 0.150803 0.391024
0.00826249 0.422574 0.0122266 0.556937
0.0251289 0.7088 9.9991E-05 0.265971
9.9991E-05 0.733703 0.00264225 0.263554
0.0054451 0.618692 9.9991E-05 0.375762
9.9991E-05 0.661818 0.0692372 0.268845
9.9991E-05 0.609849 0.0829276 0.307123
9.9991E-05 0.597472 0.00934617 0.393082
9.9982E-05 0.672858 9.9982E-05 0.326942
9.9982E-05 0.787194 9.9982E-05 0.212606
9.9991E-05 0.670664 0.0721088 0.257127
9.9991E-05 0.560435 0.0698408 0.369624
9.9991E-05 0.640107 0.00882537 0.350968
9.9982E-05 0.585547 9.9982E-05 0.414253
9.9982E-05 0.605805 9.9982E-05 0.393995
0.0195983 0.715578 0.00820065 0.256623
9.9991E-05 0.672288 0.0515455 0.276067
9.9991E-05 0.641998 0.0842652 0.273637
9.9991E-05 0.67803 0.0433088 0.278561
9.9982E-05 0.563865 9.9982E-05 0.435935
9.9991E-05 0.790327 0.0200572 0.189516
9.9991E-05 0.755402 0.0475305 0.196967
0.0219716 0.679199 0.0548358 0.243994
9.9982E-05 0.742536 9.9982E-05 0.257264
0.0404872 0.803223 0.0770463 0.0792436
0.0217901 0.788489 0.0813785 0.108342
0.0653634 0.597414 0.112422 0.224801
0.0295893 0.761245 0.110503 0.0986635
9.9991E-05 0.821375 0.117586 0.0609385
9.9991E-05 0.820849 0.0880262 0.0910247
9.9991E-05 0.826864 0.0793246 0.0937115
9.9991E-05 0.80464 0.0547569 0.140504
9.9991E-05 0.779383 0.0641279 0.156389
0.00231707 0.654099 0.0741487 0.269436
0.0264126 0.729846 0.0712209 0.172521
9.9991E-05 0.769828 0.10398 0.126092
9.9991E-05 0.802253 0.087841 0.109806
0.00366878 0.866535 0.00374988 0.126046
0.0228974 0.811529 0.0285926 0.136981
9.9991E-05 0.794457 0.121225 0.0842181
9.9991E-05 0.75572 0.078638 0.165542
0.0371693 0.87059 9.9991E-05 0.0921411
9.9991E-05 0.782005 0.098966 0.118929
0.0303317 0.778239 0.00345529 0.187974
9.9991E-05 0.89389 0.00545359 0.100556
0.0101474 0.832159 0.0566519 0.101041
0.0181956 0.751754 0.110152 0.119899
0.0213341 0.825577 0.0829675 0.0701217
9.9991E-05 0.870736 0.00519635 0.123968
9.9991E-05 0.817037 0.113529 0.069334
0.0552006 0.885908 0.0265945 0.0322971
0.0437137 0.803831 0.0843065 0.0681488
9.9991E-05 0.790096 0.0571548 0.152649
0.00892016 0.863777 0.0945841 0.0327183
0.061582 0.673504 0.0965923 0.168322
0.0359821 0.822462 0.101997 0.0395585
9.9991E-05 0.766312 0.0317589 0.201829
9.9991E-05 0.801139 0.0477089 0.151052
9.9991E-05 0.925866 0.00562479 0.0684097
0.000419778 0.959492 9.9991E-05 0.039988
0.036884 0.81378 0.104152 0.045184
0.138057 0.719954 0.0875828 0.054406
0.119026 0.727765 0.140929 0.0122802
0.0999711 0.876552 0.0233768 9.9991E-05
0.0520931 0.855795 0.0799002 0.0122113
0.155888 0.807056 0.0341888 0.00286782
0.097616 0.863575 0.0387089 9.9991E-05
0.12199 0.827149 0.000256687 0.0506045
0.206693 0.649226 0.0993211 0.0447598
0.138138 0.723586 0.115154 0.0231214
0.0533083 0.781555 0.0755175 0.0896196
0.113958 0.828441 9.9991E-05 0.0575011
0.113887 0.81937 0.0656115 0.00113121
0.0963206 0.784157 0.0993632 0.020159
0.128496 0.661851 0.11409 0.095563
0.116326 0.709881 0.114295 0.0594982
0.18575 0.69133 0.074986 0.0479335
0.9997 9.998E-05 9.998E-05 9.998E-05
0.956052 0.0411931 0.0026547 9.9991E-05
0.889425 0.0955115 0.00330618 0.0117571
0.999136 9.9982E-05 0.000663557 9.9982E-05
0.9997 9.998E-05 9.998E-05 9.998E-05
0.9997 9.998E-05 9.998E-05 9.998E-05
0.9997 9.998E-05 9.998E-05 9.998E-05
0.905018 0.0324081 0.0093872 0.053187
0.9997 9.998E-05 9.998E-05 9.998E-05
0.9997 9.998E-05 9.998E-05 9.998E-05
0.081349 0.820564 0.0979874 9.9991E-05
0.883614 0.109773 0.00651255 9.9991E-05
0.9997 9.998E-05 9.998E-05 9.998E-05
0.944866 0.0549341 9.9982E-05 9.9982E-05
0.0778844 0.897887 0.024129 9.9991E-05
0.12602 0.802813 0.0710666 9.9991E-05
0.112391 0.8161 0.0466111 0.0248979
0.143442 0.802029 0.0544285 9.9991E-05
0.137485 0.817332 0.0450834 9.9991E-05
0.105029 0.881992 0.0128786 9.9991E-05
0.149068 0.811561 0.0392705 9.9991E-05
0.137915 0.861885 9.9982E-05 9.9982E-05
0.223117 0.701041 0.0757416 9.9991E-05
0.207461 0.737947 0.0544917 9.9991E-05
0.113772 0.833714 0.0499676 0.00254653
0.218392 0.742641 0.0388674 9.9991E-05
0.0592055 0.854083 0.0866115 9.9991E-05
0.129713 0.814415 0.0557719 9.9991E-05
0.0107205 0.973344 0.0158359 9.9991E-05
0.0396352 0.960165 9.9982E-05 9.9982E-05
9.998E-05 0.9997 9.998E-05 9.998E-05
9.998E-05 0.9997 9.998E-05 9.998E-05
0.0258622 0.973938 9.9982E-05 9.9982E-05
0.0160539 0.983746 9.9982E-05 9.9982E-05
0.0456012 0.954199 9.9982E-05 9.9982E-05
0.0166012 0.983199 9.9982E-05 9.9982E-05
0.000966442 0.974247 0.0246868 9.9991E-05
0.0491859 0.950614 9.9982E-05 9.9982E-05
0.0851082 0.889441 0.0253511 9.9991E-05
0.0321798 0.96762 9.9982E-05 9.9982E-05
0.0749642 0.816242 0.108694 9.9991E-05
9.998E-05 9.998E-05 0.9997 9.998E-05
0.176 0.713862 0.110038 9.9991E-05
9.998E-05 9.998E-05 0.9997 9.998E-05
9.998E-05 9.998E-05 0.9997 9.998E-05
0.049598 0.0116225 0.93868 9.9991E-05
0.00982354 0.177619 0.793329 0.0192283
9.998E-05 9.998E-05 0.9997 9.998E-05
9.9982E-05 0.155038 0.844762 9.9982E-05
0.00707035 9.9982E-05 0.99273 9.9982E-05
9.9982E-05 0.0182822 0.981518 9.9982E-05
9.998E-05 9.998E-05 0.9997 9.998E-05
9.9982E-05 0.0139684 0.985832 9.9982E-05
0.0231359 0.0129798 0.948103 0.0157811
0.031542 0.143515 0.824843 9.9991E-05
9.9991E-05 0.0166446 0.96307 0.0201856
0.0336908 0.10233 0.86388 9.9991E-05
9.9982E-05 0.106778 0.893022 9.9982E-05
0.00644632 0.141968 0.842831 0.00875455
9.9982E-05 0.0597981 0.940002 9.9982E-05
0.084785 0.805192 0.0775597 0.0324631
0.0759971 0.877339 0.046564 9.9991E-05
0.0639342 0.867005 0.0414776 0.0275832
0.0415591 0.858216 0.0516302 0.0485946
0.174051 0.820749 0.0050995 9.9991E-05
0.1787 0.791339 0.029861 9.9991E-05
0.14944 0.784801 0.0656589 9.9991E-05
0.161141 0.817629 0.02113 9.9991E-05
0.161626 0.804132 0.0341414 9.9991E-05
0.179912 0.778927 0.0410616 9.9991E-05
0.162378 0.809406 0.028116 9.9991E-05
0.137284 0.799473 0.0464569 0.0167858
0.158552 0.803362 0.0331416 0.00494434
9.998E-05 0.9997 9.998E-05 9.998E-05
9.998E-05 0.9997 9.998E-05 9.998E-05
9.998E-05 0.9997 9.998E-05 9.998E-05
9.998E-05 0.9997 9.998E-05 9.998E-05
9.998E-05 0.9997 9.998E-05 9.998E-05
9.998E-05 0.9997 9.998E-05 9.998E-05
9.998E-05 0.9997 9.998E-05 9.998E-05
9.998E-05 0.9997 9.998E-05 9.998E-05
9.998E-05 0.9997 9.998E-05 9.998E-05
9.998E-05 0.9997 9.998E-05 9.998E-05
9.998E-05 0.9997 9.998E-05 9.998E-05
9.998E-05 0.9997 9.998E-05 9.998E-05
