9.998E-05 9.998E-05 0.9997 9.998E-05
0.218079 0.109802 0.567829 0.104289
0.154445 0.201577 0.579406 0.0645719
0.45161 9.9982E-05 0.54819 9.9982E-05
0.620768 9.9982E-05 0.379032 9.9982E-05
0.459521 0.0554347 0.481923 0.0031219
0.336477 0.0400324 0.623391 9.9991E-05
0.335332 0.0934674 0.554748 0.0164525
0.419672 0.0712032 0.496993 0.0121319
9.998E-05 9.998E-05 0.9997 9.998E-05
9.998E-05 9.998E-05 0.9997 9.998E-05
9.998E-05 9.998E-05 0.9997 9.998E-05
9.998E-05 9.998E-05 0.9997 9.998E-05
9.998E-05 9.998E-05 0.9997 9.998E-05
9.998E-05 9.998E-05 0.9997 9.998E-05
0.49314 0.102408 0.404352 9.9991E-05
0.460499 0.098613 0.386552 0.0543363
0.493984 0.0196033 0.486313 9.9991E-05
0.759025 9.9982E-05 0.240775 9.9982E-05
0.790645 9.9982E-05 0.209155 9.9982E-05
0.643739 9.9982E-05 0.356061 9.9982E-05
0.686334 0.0796183 0.233948 9.9991E-05
0.703916 0.0449038 0.251081 9.9991E-05
0.655112 0.0219852 0.322802 9.9991E-05
0.702373 9.9982E-05 0.297427 9.9982E-05
0.830355 9.9982E-05 0.169445 9.9982E-05
0.760759 0.0359109 0.20323 9.9991E-05
0.611383 0.0815163 0.307 9.9991E-05
0.718267 0.00274547 0.278887 9.9991E-05
0.620425 9.9982E-05 0.379375 9.9982E-05
0.679751 9.9982E-05 0.320049 9.9982E-05
0.7926 0.00968323 0.197617 9.9991E-05
0.714245 0.0365411 0.249113 9.9991E-05
0.691867 0.0651324 0.242901 9.9991E-05
0.780137 0.0245132 0.19525 9.9991E-05
0.604999 9.9982E-05 0.394801 9.9982E-05
0.858334 9.9982E-05 0.141466 9.9982E-05
0.811748 0.0208416 0.165775 0.00163537
0.743186 0.0555788 0.189526 0.0117097
0.819835 9.9982E-05 0.179965 9.9982E-05
0.812836 0.0915674 0.0646579 0.0309385
0.878665 0.0939443 0.0272909 9.9991E-05
0.706915 0.0999072 0.175939 0.0172383
0.844321 0.0888246 0.0667542 9.9991E-05
0.867048 0.084072 0.04878 9.9991E-05
0.860187 0.0621377 0.0775753 9.9991E-05
0.865876 0.0632408 0.0707836 9.9991E-05
0.867028 0.0218 0.111072 9.9991E-05
0.816162 0.0521258 0.131612 9.9991E-05
0.687395 0.0507077 0.261797 9.9991E-05
0.792144 0.0532713 0.144398 0.0101864
0.777932 0.103166 0.118802 9.9991E-05
0.806363 0.0915014 0.102035 9.9991E-05
0.86787 0.029805 0.083313 0.0190117
0.808628 0.00265584 0.131785 0.0569315
0.779602 0.138531 0.0796309 0.0022361
0.747776 0.0796577 0.172467 9.9991E-05
0.874577 0.00615029 0.0869066 0.0323656
0.858501 0.0591199 0.0822788 9.9991E-05
0.823457 0.0251576 0.138768 0.0126168
0.89055 0.0064893 0.102861 9.9991E-05
0.885127 9.9991E-05 0.0674185 0.0473549
0.795352 0.109363 0.0712556 0.0240287
0.780245 0.122847 0.0283723 0.0685349
0.915017 9.9982E-05 0.0847827 9.9982E-05
0.820463 0.123551 0.0558865 9.9991E-05
0.903475 0.0449013 0.0199153 0.0317079
0.783839 0.0825073 0.0518694 0.0817842
0.814508 0.0509257 0.118828 0.0157381
0.857794 0.109227 0.0223163 0.010663
0.68895 0.0917537 0.140337 0.0789594
0.876647 0.0697502 0.0180895 0.0355135
0.774303 0.0895363 0.136061 9.9991E-05
0.843741 0.0454805 0.110678 9.9991E-05
0.865813 0.0650706 0.0690168 9.9991E-05
0.959289 0.00382975 0.036781 9.9991E-05
0.866372 0.0717808 0.0396317 0.0222154
0.727631 0.085169 0.0466375 0.140563
0.841128 0.0390715 9.9991E-05 0.1197
0.823964 0.0135787 9.9991E-05 0.162358
0.859706 0.0544807 0.00545002 0.0803636
0.84993 0.00952586 9.9991E-05 0.140444
0.817949 0.0459266 9.9991E-05 0.136025
0.844389 0.0051758 0.00126802 0.149167
0.672187 0.0374248 0.0634806 0.226907
0.681287 0.143604 0.0157582 0.159351
0.692685 0.096494 0.115658 0.0951625
0.8487 9.9991E-05 0.0298537 0.121346
0.793777 0.0606074 0.0239926 0.121623
0.764895 0.0951257 0.00756387 0.132416
0.672418 0.0919852 0.072277 0.16332
0.708144 0.0929551 0.0645508 0.13435
0.663631 0.0641267 0.0531167 0.219126
9.998E-05 9.998E-05 9.998E-05 0.9997
9.9991E-05 0.00728783 0.024892 0.96772
0.126368 9.9982E-05 9.9982E-05 0.873433
9.998E-05 9.998E-05 9.998E-05 0.9997
9.998E-05 9.998E-05 9.998E-05 0.9997
9.998E-05 9.998E-05 9.998E-05 0.9997
9.998E-05 9.998E-05 9.998E-05 0.9997
0.049024 9.9991E-05 0.0243785 0.926498
0.00106677 0.0123244 9.9991E-05 0.986509
9.998E-05 9.998E-05 9.998E-05 0.9997
0.824685 0.0505159 9.9991E-05 0.124699
0.0822376 9.9982E-05 9.9982E-05 0.917562
9.998E-05 9.998E-05 9.998E-05 0.9997
9.998E-05 9.998E-05 9.998E-05 0.9997
0.821414 0.0428228 9.9991E-05 0.135663
0.840578 0.0638364 9.9991E-05 0.0954858
0.788074 0.0584589 9.9991E-05 0.153367
0.806123 0.0548049 9.9991E-05 0.138972
0.816031 0.00680414 9.9991E-05 0.177065
0.865895 0.0282998 9.9991E-05 0.105705
0.794997 0.0052451 0.00506909 0.194688
0.847271 9.9982E-05 9.9982E-05 0.152529
0.671888 0.0763022 9.9991E-05 0.25171
0.711149 0.0553095 9.9991E-05 0.233442
0.825684 0.0553347 9.9991E-05 0.118882
0.750432 0.0253659 9.9991E-05 0.224103
0.835548 0.0832796 9.9991E-05 0.0810727
0.773863 0.0758553 9.9991E-05 0.150182
0.961442 0.0118533 9.9991E-05 0.0266043
0.925307 9.9982E-05 9.9982E-05 0.0744933
0.960299 9.9982E-05 9.9982E-05 0.0395014
0.942 9.9982E-05 9.9982E-05 0.0578001
0.932411 0.000163135 9.9991E-05 0.0673257
0.913691 9.9982E-05 9.9982E-05 0.0861093
0.957321 9.9982E-05 9.9982E-05 0.0424787
0.898699 9.9982E-05 9.9982E-05 0.101101
0.908352 0.0429593 9.9991E-05 0.0485882
0.937164 9.9982E-05 9.9982E-05 0.062636
0.870438 0.00753938 9.9991E-05 0.121923
0.941289 9.9982E-05 9.9982E-05 0.0585114
0.875393 0.0933705 9.9991E-05 0.0311365
9.998E-05 0.9997 9.998E-05 9.998E-05
0.694284 0.0796771 9.9991E-05 0.225939
9.998E-05 0.9997 9.998E-05 9.998E-05
9.998E-05 0.9997 9.998E-05 9.998E-05
9.9982E-05 0.924746 9.9982E-05 0.0750543
0.20807 0.756454 9.9991E-05 0.0353758
9.998E-05 0.9997 9.998E-05 9.998E-05
0.121844 0.877956 9.9982E-05 9.9982E-05
9.998E-05 0.9997 9.998E-05 9.998E-05
0.0424741 0.954407 9.9991E-05 0.0030187
9.998E-05 0.9997 9.998E-05 9.998E-05
0.0209161 0.978884 9.9982E-05 9.9982E-05
9.9982E-05 0.99161 9.9982E-05 0.0081903
0.130464 0.824608 9.9991E-05 0.0448279
0.00231573 0.960714 0.0276122 0.00935829
0.0887939 0.896169 0.0149374 9.9991E-05
0.121743 0.866364 9.9991E-05 0.0117933
0.0956079 0.860252 0.0440399 9.9991E-05
0.0078066 0.987548 0.00454522 9.9991E-05
0.843944 0.0518096 0.0219055 0.082341
0.835207 0.0710241 0.0488574 0.0449113
0.816143 0.034362 0.0530497 0.0964451
0.836757 0.036533 0.0527896 0.07392
0.779394 0.0469006 9.9991E-05 0.173606
0.77518 0.0330892 9.9991E-05 0.191631
0.769584 0.0510073 9.9991E-05 0.179309
0.760628 0.0252062 9.9991E-05 0.214066
0.766437 0.0376413 9.9991E-05 0.195822
0.770861 0.0585078 9.9991E-05 0.170531
0.746187 0.0305614 9.9991E-05 0.223152
0.800122 0.0460529 0.024886 0.128939
0.805144 0.0403016 0.00263445 0.151919
0.9997 9.998E-05 9.998E-05 9.998E-05
0.9997 9.998E-05 9.998E-05 9.998E-05
0.9997 9.998E-05 9.998E-05 9.998E-05
0.9997 9.998E-05 9.998E-05 9.998E-05
0.9997 9.998E-05 9.998E-05 9.998E-05
0.9997 9.998E-05 9.998E-05 9.998E-05
0.9997 9.998E-05 9.998E-05 9.998E-05
0.9997 9.998E-05 9.998E-05 9.998E-05
0.9997 9.998E-05 9.998E-05 9.998E-05
0.9997 9.998E-05 9.998E-05 9.998E-05
0.9997 9.998E-05 9.998E-05 9.998E-05
0.9997 9.998E-05 9.998E-05 9.998E-05
