0.9997 9.998E-05 9.998E-05 9.998E-05
0.557152 0.236037 0.093816 0.112994
0.5808 0.189134 0.0800627 0.150004
0.553995 0.414348 9.9991E-05 0.0315569
0.377514 0.622286 9.9982E-05 9.9982E-05
0.465466 0.474841 9.9991E-05 0.0595938
0.658185 0.301853 9.9991E-05 0.0398622
0.546251 0.327883 0.0146442 0.111222
0.478432 0.419105 9.9991E-05 0.102363
0.9997 9.998E-05 9.998E-05 9.998E-05
0.9997 9.998E-05 9.998E-05 9.998E-05
0.9997 9.998E-05 9.998E-05 9.998E-05
0.9997 9.998E-05 9.998E-05 9.998E-05
0.9997 9.998E-05 9.998E-05 9.998E-05
0.9997 9.998E-05 9.998E-05 9.998E-05
0.397016 0.547445 9.9991E-05 0.0554396
0.370118 0.50822 0.0408156 0.0808467
0.48809 0.500018 0.0117918 9.9991E-05
0.300773 0.680795 0.0183318 9.9991E-05
0.238638 0.759423 9.9991E-05 0.00183851
0.414917 0.584883 9.9982E-05 9.9982E-05
0.278898 0.621935 0.00877221 0.0903951
0.270205 0.699678 9.9991E-05 0.0300162
0.356295 0.600759 0.00638231 0.0365641
0.300566 0.699234 9.9982E-05 9.9982E-05
0.217503 0.758033 9.9991E-05 0.0243636
0.243195 0.689775 9.9991E-05 0.0669303
0.347048 0.609587 9.9991E-05 0.0432651
0.308608 0.658784 9.9991E-05 0.0325075
0.412476 0.587324 9.9982E-05 9.9982E-05
0.345379 0.654421 9.9982E-05 9.9982E-05
0.259562 0.71756 9.9991E-05 0.0227779
0.281568 0.658018 9.9991E-05 0.0603139
0.27163 0.613266 9.9991E-05 0.115003
0.26858 0.678871 9.9991E-05 0.052449
0.411333 0.588467 9.9982E-05 9.9982E-05
0.175104 0.805693 9.9991E-05 0.0191025
0.186362 0.755703 9.9991E-05 0.0578354
0.241962 0.654979 0.021569 0.0814906
0.187705 0.812095 9.9982E-05 9.9982E-05
0.0605287 0.778645 0.0459897 0.114837
0.0822219 0.758645 9.9991E-05 0.159033
0.186602 0.641288 0.0162272 0.155883
0.0530167 0.81456 0.032456 0.0999676
0.0611615 0.852942 9.9991E-05 0.0857967
0.0942619 0.81871 9.9991E-05 0.0869276
0.0958592 0.786817 9.9991E-05 0.117224
0.125837 0.785918 9.9991E-05 0.0881449
0.16599 0.754224 9.9991E-05 0.0796856
0.272039 0.65693 0.0367625 0.0342689
0.165732 0.72468 0.0164656 0.093122
0.104316 0.800358 9.9991E-05 0.0952261
0.086533 0.859201 9.9991E-05 0.0541663
0.118891 0.855094 9.9991E-05 0.0259155
0.143121 0.774951 0.0525426 0.0293853
0.095701 0.755849 0.010279 0.138171
0.159823 0.720055 0.00652789 0.113594
0.122355 0.865488 0.0101501 0.00200639
0.116508 0.796599 9.9991E-05 0.086793
0.147009 0.763157 0.0340383 0.0557961
0.0847702 0.901899 9.9991E-05 0.013231
0.14641 0.833636 0.0198538 9.9991E-05
0.0867317 0.735296 0.0379427 0.14003
0.0300565 0.824328 0.0209226 0.124692
0.135428 0.864372 9.9982E-05 9.9982E-05
0.0639817 0.811607 0.0123846 0.112027
0.0277621 0.891055 0.0541872 0.0269953
0.0436618 0.829079 0.00897563 0.118284
0.141102 0.773057 9.9991E-05 0.0857409
0.0232499 0.859135 0.00851843 0.109097
0.144079 0.717036 0.0369672 0.101918
0.0138914 0.846546 0.0232366 0.116326
0.16487 0.786646 9.9991E-05 0.0483838
0.145131 0.820971 9.9991E-05 0.0337977
0.086951 0.847968 9.9991E-05 0.0649812
0.0675784 0.932222 9.9982E-05 9.9982E-05
0.0388076 0.878798 0.0259837 0.0564103
0.0716198 0.731028 0.142656 0.0546966
9.9991E-05 0.799861 0.136159 0.0638795
9.9991E-05 0.819827 0.137029 0.0430444
9.9991E-05 0.852399 0.0858419 0.0616596
9.9991E-05 0.808839 0.133121 0.0579401
9.9991E-05 0.836883 0.107841 0.0551763
0.0829196 0.804996 0.106502 0.00558246
0.0373697 0.658416 0.236869 0.0673453
0.0552796 0.665491 0.160082 0.119147
0.0952966 0.736902 0.0790899 0.0887117
0.0409302 0.864893 0.0940768 9.9991E-05
0.03329 0.712379 0.171421 0.0829105
0.0266919 0.789738 0.0902201 0.0933497
0.0886634 0.670835 0.148199 0.092303
0.0663419 0.696605 0.133018 0.104034
0.0565406 0.648356 0.189195 0.105908
9.998E-05 9.998E-05 0.9997 9.998E-05
0.0114338 0.0449326 0.943534 9.9991E-05
0.013132 0.0721186 0.911797 0.00295213
9.998E-05 9.998E-05 0.9997 9.998E-05
9.998E-05 9.998E-05 0.9997 9.998E-05
9.998E-05 9.998E-05 0.9997 9.998E-05
9.998E-05 9.998E-05 0.9997 9.998E-05
0.024408 0.0989389 0.876553 9.9991E-05
9.998E-05 9.998E-05 0.9997 9.998E-05
9.998E-05 9.998E-05 0.9997 9.998E-05
9.9991E-05 0.825195 0.105715 0.0689901
9.9982E-05 0.0244577 0.975342 9.9982E-05
9.998E-05 9.998E-05 0.9997 9.998E-05
9.9982E-05 0.0259455 0.973854 9.9982E-05
9.9991E-05 0.827158 0.121534 0.0512081
9.9991E-05 0.805249 0.122116 0.0725349
9.9991E-05 0.842682 0.109419 0.0477991
9.9991E-05 0.730873 0.188637 0.0803892
9.9991E-05 0.805618 0.154084 0.0401977
9.9991E-05 0.881165 0.102823 0.0159122
9.9991E-05 0.803235 0.166082 0.0305835
9.9991E-05 0.829076 0.162654 0.00816953
9.9991E-05 0.655099 0.257545 0.087256
9.9991E-05 0.732526 0.207535 0.0598387
9.9991E-05 0.8192 0.130543 0.0501564
9.9991E-05 0.705456 0.238614 0.0558298
9.9991E-05 0.827758 0.107978 0.0641643
0.000843523 0.792922 0.135367 0.0708677
9.9982E-05 0.976415 0.0233853 9.9982E-05
9.9982E-05 0.941977 0.0578229 9.9982E-05
9.9982E-05 0.979781 0.0200193 9.9982E-05
9.9982E-05 0.997464 0.00233639 9.9982E-05
9.9982E-05 0.980343 0.0194568 9.9982E-05
9.9982E-05 0.962245 0.037555 9.9982E-05
9.9982E-05 0.939179 0.0606208 9.9982E-05
9.9982E-05 0.964768 0.035032 9.9982E-05
9.9982E-05 0.993841 9.9982E-05 0.00595863
9.9982E-05 0.991917 0.00788351 9.9982E-05
9.9991E-05 0.890843 0.103219 0.00583866
9.9982E-05 0.969211 0.0305886 9.9982E-05
9.9991E-05 0.877281 0.0315001 0.0911193
9.998E-05 9.998E-05 9.998E-05 0.9997
9.9991E-05 0.697201 0.182568 0.12013
9.998E-05 9.998E-05 9.998E-05 0.9997
9.998E-05 9.998E-05 9.998E-05 0.9997
9.9982E-05 9.9982E-05 0.0455617 0.954238
9.9982E-05 0.168829 9.9982E-05 0.830971
9.998E-05 9.998E-05 9.998E-05 0.9997
9.9991E-05 0.0630708 0.0278087 0.909021
9.9982E-05 9.9982E-05 0.00107292 0.998727
9.9991E-05 0.0329267 0.00513039 0.961843
9.998E-05 9.998E-05 9.998E-05 0.9997
0.00235579 0.0203003 9.9991E-05 0.977244
9.998E-05 9.998E-05 9.998E-05 0.9997
9.9991E-05 0.0865322 0.0453944 0.867973
9.9982E-05 0.0487743 9.9982E-05 0.951026
9.9991E-05 0.0950034 0.0180834 0.886813
9.9991E-05 0.142756 0.00709603 0.850048
0.0310975 0.0756612 9.9991E-05 0.893141
9.9982E-05 0.00925582 9.9982E-05 0.990544
0.0119973 0.860134 0.086451 0.0414177
0.0198372 0.822527 0.0774972 0.0801384
0.029509 0.804757 0.0985547 0.0671797
0.0373632 0.860376 0.0428698 0.0593915
9.9991E-05 0.847992 0.149484 0.0024245
9.9991E-05 0.749573 0.208986 0.0413407
9.9991E-05 0.774301 0.196287 0.0293121
9.9991E-05 0.740263 0.231147 0.0284893
9.9991E-05 0.786212 0.182815 0.0308724
9.9991E-05 0.755 0.200972 0.0439277
9.9991E-05 0.797008 0.201758 0.00113442
0.0331322 0.795324 0.123382 0.0481622
0.000332094 0.77291 0.16645 0.0603073
9.998E-05 0.9997 9.998E-05 9.998E-05
9.998E-05 0.9997 9.998E-05 9.998E-05
9.998E-05 0.9997 9.998E-05 9.998E-05
9.998E-05 0.9997 9.998E-05 9.998E-05
9.998E-05 0.9997 9.998E-05 9.998E-05
9.998E-05 0.9997 9.998E-05 9.998E-05
9.998E-05 0.9997 9.998E-05 9.998E-05
9.998E-05 0.9997 9.998E-05 9.998E-05
9.998E-05 0.9997 9.998E-05 9.998E-05
9.998E-05 0.9997 9.998E-05 9.998E-05
9.998E-05 0.9997 9.998E-05 9.998E-05
9.998E-05 0.9997 9.998E-05 9.998E-05
