9.998E-05 9.998E-05 0.9997 9.998E-05
0.188496 0.125332 0.545553 0.140619
0.185114 0.107628 0.545514 0.161744
0.472096 9.9991E-05 0.524604 0.00320088
0.624465 9.9982E-05 0.375335 9.9982E-05
0.443733 0.00101336 0.460771 0.0944818
0.321551 9.9991E-05 0.634851 0.0434987
0.359662 0.0381354 0.506843 0.0953595
0.396621 0.0137342 0.491707 0.0979378
9.998E-05 9.998E-05 0.9997 9.998E-05
9.998E-05 9.998E-05 0.9997 9.998E-05
9.998E-05 9.998E-05 0.9997 9.998E-05
9.998E-05 9.998E-05 0.9997 9.998E-05
9.998E-05 9.998E-05 0.9997 9.998E-05
9.99818E-05 9.99818E-05 0.9997 9.99818E-05
0.558027 9.9991E-05 0.396197 0.0456763
0.508508 0.0594364 0.344315 0.0877403
0.485015 9.9991E-05 0.467322 0.0475631
0.764039 9.9982E-05 0.235761 9.9982E-05
0.811562 9.9982E-05 0.188239 9.9982E-05
0.645278 0.000460317 0.354162 9.9991E-05
0.680362 9.9991E-05 0.241877 0.0776606
0.66796 9.9991E-05 0.274892 0.0570483
0.644804 9.9991E-05 0.335045 0.0200509
0.719621 9.9982E-05 0.280179 9.9982E-05
0.787146 9.9982E-05 0.212654 9.9982E-05
0.717352 9.9991E-05 0.199887 0.0826607
0.623417 9.9991E-05 0.312455 0.0640281
0.673319 9.9991E-05 0.289491 0.0370901
0.666105 9.9991E-05 0.332453 0.00134234
0.643254 9.9982E-05 0.356546 9.9982E-05
0.760316 9.9991E-05 0.21699 0.0225943
0.720277 9.9991E-05 0.254914 0.0247087
0.65846 0.015242 0.238734 0.087564
0.699147 9.9991E-05 0.263872 0.0368805
0.636419 9.9982E-05 0.363381 9.9982E-05
0.806909 9.9991E-05 0.168893 0.0240989
0.769621 9.9991E-05 0.16573 0.0645492
0.707579 0.0386974 0.187962 0.0657622
0.795513 0.00353138 0.200855 9.9991E-05
0.793822 0.0373699 0.0548618 0.113946
0.748982 9.9991E-05 0.136126 0.114792
0.658713 0.0311765 0.184251 0.125859
0.832058 0.00195006 0.0665988 0.0993931
0.826597 9.9991E-05 0.0715614 0.101741
0.840393 9.9991E-05 0.0773416 0.0821656
0.867332 9.9991E-05 0.0906396 0.0419283
0.835132 0.017332 0.107022 0.0405144
0.72659 9.9991E-05 0.141557 0.131753
0.673853 0.0241969 0.243325 0.058625
0.786606 9.9991E-05 0.148169 0.065125
0.789074 9.9991E-05 0.113195 0.0976314
0.833159 9.9991E-05 0.102653 0.0640879
0.842011 0.0249305 0.128695 0.00436311
0.765278 0.0720527 0.133469 0.0291994
0.759399 0.0207696 0.0809179 0.138914
0.666311 0.0124679 0.174763 0.146458
0.851755 0.0216862 0.108822 0.017737
0.814355 9.9991E-05 0.0836922 0.101852
0.78332 0.0495949 0.123531 0.0435539
0.925662 9.9982E-05 0.0741378 9.9982E-05
0.84229 0.0275604 0.102842 0.0273077
0.799548 0.0494692 0.0590076 0.0919747
0.764629 0.0514899 0.0368242 0.147057
0.877188 9.9982E-05 0.122612 9.9982E-05
0.814306 9.9991E-05 0.046363 0.139231
0.808771 0.0756866 0.0371205 0.078422
0.828128 0.0327839 0.0415027 0.0975856
0.781643 0.0144409 0.135244 0.0686723
0.858658 9.9991E-05 0.0199902 0.121252
0.642023 0.0847628 0.144898 0.128316
0.844421 0.0617647 0.0293419 0.0644721
0.837627 9.9991E-05 0.142002 0.0202716
0.851839 9.9991E-05 0.0977465 0.0503146
0.860503 9.9991E-05 0.0946958 0.0447015
0.939115 9.9991E-05 0.0309428 0.029842
0.791419 0.0342711 0.0288044 0.145505
0.727607 0.139976 0.0766481 0.0557693
0.816965 0.0859888 9.9991E-05 0.0969464
0.847079 0.1322 9.9991E-05 0.0206209
0.881363 0.0656135 9.9991E-05 0.0529233
0.835399 0.130064 9.9991E-05 0.0344376
0.816874 0.11874 9.9991E-05 0.0642861
0.78253 0.120019 0.0642728 0.0331776
0.604608 0.267094 0.0732252 0.0550725
0.662698 0.174319 0.0286938 0.134289
0.710533 0.0891614 0.098539 0.101767
0.821876 0.130103 0.0479207 9.9991E-05
0.772393 0.156118 0.0209052 0.0505833
0.742917 0.114831 0.0309583 0.111294
0.671232 0.137012 0.081984 0.109772
0.710116 0.13867 0.057905 0.0933087
0.685474 0.185063 0.030432 0.0990307
9.998E-05 0.9997 9.998E-05 9.998E-05
0.0205665 0.891957 0.0211598 0.0663168
0.0979949 0.883493 0.0183772 0.000134534
9.998E-05 0.9997 9.998E-05 9.998E-05
9.998E-05 0.9997 9.998E-05 9.998E-05
9.998E-05 0.9997 9.998E-05 9.998E-05
0.00695512 0.990115 9.9991E-05 0.0028295
0.0960472 0.893988 0.00986438 9.9991E-05
9.998E-05 0.9997 9.998E-05 9.998E-05
9.998E-05 0.9997 9.998E-05 9.998E-05
0.790574 0.105221 0.0085514 0.0956537
0.0703931 0.929407 9.9982E-05 9.9982E-05
9.998E-05 0.9997 9.998E-05 9.998E-05
0.0241048 0.969044 9.9991E-05 0.00675102
0.849699 0.135005 9.9991E-05 0.0151964
0.81911 0.118082 9.9991E-05 0.0627079
0.81298 0.140652 9.9991E-05 0.0462678
0.761495 0.165528 9.9991E-05 0.0728777
0.788347 0.144564 9.9991E-05 0.0669887
0.86329 0.0998665 9.9991E-05 0.0367431
0.811849 0.166578 0.00881456 0.0127579
0.847135 0.152665 9.9982E-05 9.9982E-05
0.685181 0.231172 9.9991E-05 0.0835471
0.704451 0.228101 9.9991E-05 0.0673479
0.818865 0.107402 9.9991E-05 0.0736331
0.708537 0.231552 9.9991E-05 0.0598106
0.837623 0.0650997 9.9991E-05 0.0971772
0.775685 0.147851 9.9991E-05 0.0763637
9.998E-05 9.998E-05 9.998E-05 0.9997
0.669431 0.229898 9.9991E-05 0.100571
9.998E-05 9.998E-05 9.998E-05 0.9997
9.998E-05 9.998E-05 9.998E-05 0.9997
9.9982E-05 0.0293792 9.9982E-05 0.970421
0.185924 0.00369889 0.0224832 0.787894
9.998E-05 9.998E-05 9.998E-05 0.9997
0.091767 0.0165939 9.9991E-05 0.891539
9.9982E-05 0.00761853 9.9982E-05 0.992182
0.0329171 0.00143403 9.9991E-05 0.965549
9.998E-05 9.998E-05 9.998E-05 0.9997
9.998E-05 9.998E-05 9.998E-05 0.9997
0.0348941 9.9982E-05 9.9982E-05 0.964906
0.149035 0.0340729 9.9991E-05 0.816792
0.0216778 9.9991E-05 0.0235645 0.954658
0.0779694 0.0241156 9.9991E-05 0.897815
0.11757 9.9982E-05 9.9982E-05 0.88223
0.0949615 9.9991E-05 0.0132399 0.891699
0.0489242 9.9991E-05 0.0124439 0.938532
0.980462 9.9982E-05 9.9982E-05 0.019338
0.948829 0.050971 9.9982E-05 9.9982E-05
0.986909 0.0128912 9.9982E-05 9.9982E-05
0.9997 9.998E-05 9.998E-05 9.998E-05
0.968197 0.0316033 9.9982E-05 9.9982E-05
0.988156 0.0116441 9.9982E-05 9.9982E-05
0.959066 0.0407343 9.9982E-05 9.9982E-05
0.941269 0.0585312 9.9982E-05 9.9982E-05
0.975235 9.9982E-05 9.9982E-05 0.0245654
0.972067 0.0277329 9.9982E-05 9.9982E-05
0.853734 0.123205 9.9991E-05 0.0229602
0.950808 0.0489925 9.9982E-05 9.9982E-05
0.919124 0.00853431 9.9991E-05 0.0722417
0.866485 0.0634471 0.0318224 0.0382451
0.913153 0.0432387 0.0207503 0.0228581
0.811104 0.101859 0.0428814 0.0441551
0.817526 0.0824278 0.0409694 0.0590766
0.817315 0.162632 9.9991E-05 0.0199536
0.794986 0.18578 9.9991E-05 0.0191335
0.787818 0.204378 9.9991E-05 0.00770362
0.839768 0.160032 9.9982E-05 9.9982E-05
0.777175 0.204137 9.9991E-05 0.018588
0.803822 0.181257 9.9991E-05 0.0148213
0.789107 0.189562 9.9991E-05 0.0212307
0.784439 0.162724 0.0367198 0.0161173
0.818642 0.120275 0.0260735 0.0350094
0.9997 9.998E-05 9.998E-05 9.998E-05
0.9997 9.998E-05 9.998E-05 9.998E-05
0.9997 9.998E-05 9.998E-05 9.998E-05
0.9997 9.998E-05 9.998E-05 9.998E-05
0.9997 9.998E-05 9.998E-05 9.998E-05
0.988112 9.9982E-05 0.0116881 9.9982E-05
0.9997 9.998E-05 9.998E-05 9.998E-05
0.9997 9.998E-05 9.998E-05 9.998E-05
0.9997 9.998E-05 9.998E-05 9.998E-05
0.9997 9.998E-05 9.998E-05 9.998E-05
0.9997 9.998E-05 9.998E-05 9.998E-05
0.9997 9.998E-05 9.998E-05 9.998E-05
