9.998E-05 9.998E-05 9.998E-05 0.9997
0.110174 0.235784 0.0731173 0.580924
0.112322 0.210493 0.108106 0.569079
9.9982E-05 0.450548 9.9982E-05 0.549252
9.9982E-05 0.578591 9.9982E-05 0.421209
0.00849662 0.467428 0.0825399 0.441535
9.999E-05 0.344693 0.0109226 0.644284
0.0155083 0.332456 0.102276 0.54976
0.0149597 0.397745 0.079207 0.508088
9.998E-05 9.998E-05 9.998E-05 0.9997
9.998E-05 9.998E-05 9.998E-05 0.9997
9.998E-05 9.998E-05 9.998E-05 0.9997
9.998E-05 9.998E-05 9.998E-05 0.9997
9.998E-05 9.998E-05 9.998E-05 0.9997
9.998E-05 9.998E-05 9.998E-05 0.9997
0.0216468 0.507122 0.0477668 0.423464
0.0187175 0.495068 0.0996988 0.386515
9.9991E-05 0.483814 0.00141068 0.514675
9.9982E-05 0.721484 9.9982E-05 0.278316
9.9991E-05 0.766063 0.00124444 0.232592
9.9982E-05 0.605426 9.9982E-05 0.394374
9.9991E-05 0.649581 0.0795634 0.270755
9.9991E-05 0.704398 0.0299567 0.265545
9.9991E-05 0.629412 0.0174023 0.353086
9.9982E-05 0.693684 9.9982E-05 0.306116
9.9982E-05 0.772205 9.9982E-05 0.227595
9.9991E-05 0.679935 0.0709768 0.248988
9.9991E-05 0.621599 0.0526619 0.325639
9.9991E-05 0.658755 0.019081 0.322064
9.9982E-05 0.575781 9.9982E-05 0.42402
9.9982E-05 0.633763 9.9982E-05 0.366037
0.00699904 0.747646 9.9991E-05 0.245255
9.9991E-05 0.710115 0.0465974 0.243188
0.0127975 0.631728 0.0917677 0.263706
9.9982E-05 0.752566 9.9982E-05 0.247234
9.9982E-05 0.579788 9.9982E-05 0.420012
9.9991E-05 0.775791 0.0330506 0.191058
9.9991E-05 0.804852 0.00857104 0.186477
0.0326572 0.72051 0.0455654 0.201267
9.9982E-05 0.781646 9.9982E-05 0.218154
0.0742717 0.76299 0.0855646 0.0771734
9.9991E-05 0.836256 0.0732742 0.09037
0.0458285 0.580141 0.131908 0.242123
9.9991E-05 0.859061 0.0684603 0.0723788
9.9991E-05 0.836605 0.0912126 0.0720826
9.9991E-05 0.821184 0.0645211 0.114195
9.9991E-05 0.845352 0.042121 0.112427
9.9991E-05 0.78983 0.0804688 0.129602
9.9991E-05 0.763802 0.0690083 0.16709
0.0257713 0.654732 0.0506827 0.268814
9.9991E-05 0.76798 0.0465041 0.185416
9.9991E-05 0.848025 0.0382793 0.113596
9.9991E-05 0.84564 0.0558337 0.0984267
0.0170895 0.858117 0.0173733 0.10742
0.0355314 0.817824 0.0109374 0.135708
0.0224922 0.714594 0.163037 0.0998763
0.0331675 0.705088 0.0842102 0.177535
9.9991E-05 0.857126 0.0266491 0.116125
9.9991E-05 0.773615 0.111711 0.114574
0.0391448 0.710057 0.0473657 0.203432
9.9991E-05 0.865498 0.0201257 0.114276
9.9991E-05 0.905388 0.0075446 0.0869671
0.0281048 0.778936 0.0942736 0.0986853
0.029303 0.815474 0.0911763 0.0640467
9.9982E-05 0.891836 9.9982E-05 0.107964
0.007575 0.801798 0.125067 0.0655604
0.0738874 0.872614 0.0301197 0.0233792
0.0219649 0.844339 0.0798821 0.0538141
0.0173536 0.812681 0.0475511 0.122414
0.0178867 0.837471 0.0989713 0.0456712
0.0628149 0.659678 0.118942 0.158565
0.0494468 0.872463 0.046983 0.031107
9.9991E-05 0.770554 0.0752438 0.154102
9.9991E-05 0.826527 0.0465009 0.126872
0.0101642 0.878874 0.038281 0.0726803
9.9991E-05 0.934861 0.00708751 0.0579511
0.0316297 0.859105 0.0789188 0.030346
0.100384 0.794242 0.0404371 0.0649366
0.12623 0.841084 0.0325856 9.9991E-05
0.124178 0.851587 0.0241345 9.9991E-05
0.0736549 0.886416 0.0398295 9.9991E-05
0.170929 0.814353 0.014618 9.9991E-05
0.11102 0.853137 0.0357426 9.9991E-05
0.125137 0.814975 9.9991E-05 0.0597884
0.249066 0.604692 0.0771031 0.0691386
0.207575 0.599395 0.13488 0.0581497
0.0631948 0.766781 0.0689632 0.101061
0.131465 0.790451 0.0155002 0.0625835
0.12827 0.828692 0.042938 9.9991E-05
0.0860233 0.799745 0.0955798 0.0186518
0.125082 0.729137 0.0728092 0.0729723
0.130527 0.754281 0.05788 0.0573121
0.215149 0.653496 0.0864432 0.0449117
0.9997 9.998E-05 9.998E-05 9.998E-05
0.962217 9.9991E-05 0.0113515 0.0263314
0.874352 0.105141 9.9991E-05 0.0204071
0.9997 9.998E-05 9.998E-05 9.998E-05
0.9997 9.998E-05 9.998E-05 9.998E-05
0.9997 9.998E-05 9.998E-05 9.998E-05
0.9997 9.998E-05 9.998E-05 9.998E-05
0.920139 0.027787 0.0404244 0.0116501
0.9997 9.998E-05 9.998E-05 9.998E-05
0.9997 9.998E-05 9.998E-05 9.998E-05
0.117007 0.787946 0.0949467 9.9991E-05
0.922939 0.0768608 9.9982E-05 9.9982E-05
0.9997 9.998E-05 9.998E-05 9.998E-05
0.97192 0.0278805 9.9982E-05 9.9982E-05
0.121334 0.873762 0.0048043 9.9991E-05
0.103263 0.854687 0.0419501 9.9991E-05
0.13394 0.828863 0.037097 9.9991E-05
0.133524 0.7941 0.0722757 9.9991E-05
0.118292 0.856796 0.0248119 9.9991E-05
0.127217 0.851997 0.0206857 9.9991E-05
0.153041 0.844975 0.00188491 9.9991E-05
0.118675 0.881125 9.9982E-05 9.9982E-05
0.234344 0.709242 0.0563141 9.9991E-05
0.210484 0.729848 0.0595676 9.9991E-05
0.0867543 0.872603 0.0405429 9.9991E-05
0.194596 0.772189 0.0331153 9.9991E-05
0.0816508 0.835646 0.0826035 9.9991E-05
0.147904 0.80106 0.0509363 9.9991E-05
0.0546423 0.916897 0.0283611 9.9991E-05
0.0468862 0.952914 9.9982E-05 9.9982E-05
0.00654789 0.993252 9.9982E-05 9.9982E-05
0.00853115 0.991269 9.9982E-05 9.9982E-05
0.02282 0.97698 9.9982E-05 9.9982E-05
0.0691786 0.902676 0.0280449 9.9991E-05
0.0428473 0.956953 9.9982E-05 9.9982E-05
0.0472315 0.950784 0.00188437 9.9991E-05
9.9982E-05 0.967389 0.0324114 9.9982E-05
0.00492872 0.986535 0.00843677 9.9991E-05
0.10757 0.854603 0.0377268 9.9991E-05
0.0596292 0.940171 9.9982E-05 9.9982E-05
0.0516243 0.877496 0.0707801 9.9991E-05
9.998E-05 9.998E-05 0.9997 9.998E-05
0.182131 0.720441 0.0973275 9.9991E-05
9.998E-05 9.998E-05 0.9997 9.998E-05
9.998E-05 9.998E-05 0.9997 9.998E-05
0.0546199 9.9982E-05 0.94518 9.9982E-05
9.9982E-05 0.205895 0.793905 9.9982E-05
9.998E-05 9.998E-05 0.9997 9.998E-05
9.9991E-05 0.106157 0.875051 0.018692
0.00102483 9.9991E-05 0.998751 0.000123934
9.9982E-05 0.047389 0.952411 9.9982E-05
0.00109027 9.9982E-05 0.99871 9.9982E-05
0.0141617 0.0281796 0.957559 9.9991E-05
0.0103128 9.9982E-05 0.989487 9.9982E-05
0.0763727 0.05408 0.869447 9.9991E-05
9.9991E-05 0.0224377 0.972042 0.00542055
0.0205757 0.0815963 0.897728 9.9991E-05
9.9991E-05 0.0819639 0.91647 0.00146571
0.0020266 0.073828 0.909348 0.0147973
9.9991E-05 0.0163174 0.96495 0.0186331
0.0371877 0.879932 0.0580098 0.0248706
0.0418801 0.907972 0.00805949 0.042088
0.100355 0.85377 0.0139927 0.0318828
0.0507467 0.856291 0.0591046 0.0338574
0.13324 0.846453 0.0202072 9.9991E-05
0.175566 0.788854 0.0354798 9.9991E-05
0.156437 0.830608 0.0128553 9.9991E-05
0.181465 0.811278 0.00715729 9.9991E-05
0.160072 0.810467 0.0293608 9.9991E-05
0.18123 0.783004 0.0356663 9.9991E-05
0.169963 0.829837 9.9982E-05 9.9982E-05
0.129443 0.779302 0.0495315 0.041723
0.105242 0.813972 0.0806863 9.9991E-05
9.998E-05 0.9997 9.998E-05 9.998E-05
9.998E-05 0.9997 9.998E-05 9.998E-05
9.998E-05 0.9997 9.998E-05 9.998E-05
9.998E-05 0.9997 9.998E-05 9.998E-05
9.998E-05 0.9997 9.998E-05 9.998E-05
9.998E-05 0.9997 9.998E-05 9.998E-05
9.998E-05 0.9997 9.998E-05 9.998E-05
9.998E-05 0.9997 9.998E-05 9.998E-05
9.998E-05 0.9997 9.998E-05 9.998E-05
9.998E-05 0.9997 9.998E-05 9.998E-05
9.998E-05 0.9997 9.998E-05 9.998E-05
9.998E-05 0.9997 9.998E-05 9.998E-05
