9.998E-05 0.9997 9.998E-05 9.998E-05
0.117285 0.591129 0.0990827 0.192503
0.164885 0.584951 0.0862927 0.163872
9.999E-05 0.544656 0.00719981 0.448044
9.9982E-05 0.362178 9.9982E-05 0.637622
0.0678673 0.469839 9.9991E-05 0.462193
0.0114123 0.665512 9.9991E-05 0.322976
0.0957748 0.56431 0.0148497 0.325066
0.0860424 0.505911 0.0221972 0.385849
9.998E-05 0.9997 9.998E-05 9.998E-05
9.998E-05 0.9997 9.998E-05 9.998E-05
9.998E-05 0.9997 9.998E-05 9.998E-05
9.998E-05 0.9997 9.998E-05 9.998E-05
9.9982E-05 0.98341 0.0163902 9.9982E-05
9.998E-05 0.9997 9.998E-05 9.998E-05
0.0301649 0.410693 9.9991E-05 0.559042
0.0636896 0.371135 0.0700548 0.49512
0.0162858 0.469454 0.0500166 0.464243
9.9982E-05 0.285396 9.9982E-05 0.714405
9.9982E-05 0.204955 9.9982E-05 0.794845
9.9982E-05 0.380507 9.9982E-05 0.619293
0.0947161 0.25733 0.00464823 0.643305
0.0313645 0.249816 9.9991E-05 0.71872
0.0373511 0.345397 9.9991E-05 0.617152
9.9982E-05 0.294815 9.9982E-05 0.704985
0.0169098 0.191771 9.9991E-05 0.791219
0.072626 0.211324 9.9991E-05 0.71595
0.0619978 0.337523 9.9991E-05 0.600379
0.013198 0.289224 9.9991E-05 0.697478
9.9982E-05 0.415815 9.9982E-05 0.583985
9.9982E-05 0.366693 9.9982E-05 0.633108
0.0136881 0.262888 9.9991E-05 0.723324
0.0440774 0.22234 9.9991E-05 0.733483
0.068603 0.264041 0.00735074 0.660005
0.0114833 0.251378 9.9991E-05 0.737039
9.9982E-05 0.382831 9.9982E-05 0.616969
0.0215695 0.16986 9.9991E-05 0.80847
0.0221689 0.171591 9.9991E-05 0.80614
0.0612925 0.198702 0.0235654 0.71644
9.9991E-05 0.184894 0.0197006 0.795305
0.0977892 0.0561618 0.0458528 0.800196
0.0878361 0.0553704 0.0414176 0.815376
0.112344 0.218116 0.0369385 0.632601
0.0802121 0.0621906 0.0120236 0.845574
0.0865466 0.069958 9.9991E-05 0.843395
0.0827164 0.0868585 9.9991E-05 0.830325
0.0615073 0.0724996 9.9991E-05 0.865893
0.0953893 0.112627 9.9991E-05 0.791883
0.0547378 0.163481 9.9991E-05 0.781681
0.0138753 0.268282 0.034537 0.683306
0.0989316 0.138302 0.024093 0.738673
0.0939834 0.0832749 9.9991E-05 0.822642
0.0652599 0.0671416 9.9991E-05 0.867498
9.9991E-05 0.124329 0.0689856 0.806585
0.00779986 0.122179 0.0188058 0.851216
0.142421 0.0832437 0.0171625 0.757173
0.0812876 0.154826 0.0162582 0.747629
9.9991E-05 0.0857373 0.00324101 0.910922
0.0703675 0.0940608 9.9991E-05 0.835472
0.077099 0.115086 0.0281232 0.779692
9.9982E-05 0.0841469 9.9982E-05 0.915653
0.0220137 0.130653 9.9991E-05 0.847233
0.0768962 0.0979442 0.0574437 0.767716
0.0976054 0.0128378 0.0425632 0.846994
9.9982E-05 0.100399 9.9982E-05 0.899401
0.102358 0.0272013 0.0126393 0.857801
0.0589623 0.0318647 0.0996153 0.809558
0.0930629 0.0296816 0.0150173 0.862238
0.0315773 0.118751 0.0021207 0.847551
0.0826989 0.0292925 0.00374903 0.88426
0.147105 0.12012 0.0159932 0.716782
0.0640177 0.0615565 0.03001 0.844416
0.0466218 0.146518 9.9991E-05 0.80676
0.0342404 0.12331 9.9991E-05 0.842349
0.0530556 0.0704474 9.9991E-05 0.876397
0.0161964 0.0493345 0.0166099 0.917859
0.0980898 0.0397336 0.0510001 0.811176
0.0881681 0.0672187 0.144666 0.699947
0.0108106 9.9991E-05 0.0964105 0.892679
0.0420217 9.9991E-05 0.121747 0.836131
0.0486939 0.0171044 0.092129 0.842073
0.0343504 9.9991E-05 0.142497 0.823052
0.0971917 9.9991E-05 0.0861519 0.816556
0.0172932 0.0332217 0.188509 0.760976
0.0342606 0.0703004 0.200715 0.694724
0.0960717 0.0380569 0.19169 0.674181
0.0694421 0.0946475 0.0837391 0.752171
9.9991E-05 0.0431566 0.0982189 0.858525
0.0648902 9.9991E-05 0.216406 0.718604
0.0795893 0.0167423 0.125776 0.777892
0.0836382 0.0781375 0.157231 0.680994
0.0829221 0.0471119 0.130433 0.739533
0.0804712 0.0459607 0.206716 0.666852
9.998E-05 9.998E-05 0.9997 9.998E-05
9.9982E-05 0.0205448 0.979255 9.9982E-05
0.00657961 0.0165293 0.900261 0.07663
9.998E-05 9.998E-05 0.9997 9.998E-05
9.998E-05 9.998E-05 0.9997 9.998E-05
9.998E-05 9.998E-05 0.9997 9.998E-05
9.998E-05 9.998E-05 0.9997 9.998E-05
9.9991E-05 0.0289728 0.906349 0.0645782
9.998E-05 9.998E-05 0.9997 9.998E-05
9.998E-05 9.998E-05 0.9997 9.998E-05
0.0847746 9.9991E-05 0.115341 0.799785
9.9982E-05 9.9982E-05 0.941091 0.0587086
0.017618 9.9982E-05 0.982182 9.9982E-05
9.998E-05 9.998E-05 0.9997 9.998E-05
0.0286664 9.9991E-05 0.122269 0.848965
0.0336726 9.9991E-05 0.12808 0.838147
0.048395 9.9991E-05 0.1222 0.829305
0.0292172 9.9991E-05 0.189516 0.781167
0.0359628 9.9991E-05 0.111484 0.852453
0.0383975 9.9991E-05 0.0738297 0.887673
0.0350431 9.9991E-05 0.145283 0.819574
0.0291985 9.9991E-05 0.139068 0.831634
0.0564699 9.9991E-05 0.259056 0.684374
0.0974521 9.9991E-05 0.215272 0.687176
0.0504552 9.9991E-05 0.150411 0.799034
0.0466411 0.00168916 0.210387 0.741283
0.0825889 9.9991E-05 0.0741777 0.843133
0.0511658 9.9991E-05 0.156515 0.792219
9.9982E-05 9.9982E-05 0.0193317 0.980468
9.9982E-05 9.9982E-05 0.10332 0.89648
9.9982E-05 9.9982E-05 0.00392362 0.995876
9.998E-05 9.998E-05 9.998E-05 0.9997
9.9982E-05 9.9982E-05 0.0376779 0.962122
9.9982E-05 9.9982E-05 0.0826467 0.917153
9.9982E-05 9.9982E-05 0.0183076 0.981492
9.9982E-05 9.9982E-05 0.0170441 0.982756
0.0192727 9.9982E-05 9.9982E-05 0.980527
9.9982E-05 9.9982E-05 0.039396 0.960404
0.00556153 9.9991E-05 0.0906677 0.903671
9.9982E-05 9.9982E-05 0.0420344 0.957766
0.0919638 9.9991E-05 0.0622613 0.845675
0.9997 9.998E-05 9.998E-05 9.998E-05
0.0768307 9.9991E-05 0.183972 0.739097
0.9997 9.998E-05 9.998E-05 9.998E-05
0.9997 9.998E-05 9.998E-05 9.998E-05
0.972878 9.9982E-05 0.0269224 9.9982E-05
0.740667 9.9982E-05 9.9982E-05 0.259133
0.9997 9.998E-05 9.998E-05 9.998E-05
0.906461 0.0076905 9.9991E-05 0.0857481
0.985056 9.9982E-05 0.014744 9.9982E-05
0.949635 9.9982E-05 9.9982E-05 0.0501649
0.9997 9.998E-05 9.998E-05 9.998E-05
0.966047 9.9982E-05 9.9982E-05 0.0337533
0.980957 9.9982E-05 9.9982E-05 0.018843
0.79545 9.9991E-05 0.0403205 0.16413
0.945261 0.0283807 0.0262585 9.9991E-05
0.848354 9.9991E-05 0.035965 0.115581
0.893148 9.9991E-05 0.00635537 0.100397
0.887462 0.0250597 0.00226544 0.0852132
0.922096 9.9991E-05 0.020428 0.0573756
0.0272201 0.0366055 0.0568899 0.879284
0.025228 0.0227129 0.039231 0.912828
0.0645636 0.0165476 0.103816 0.815073
0.0554632 0.0527995 0.0690361 0.822701
9.9982E-05 9.9982E-05 0.128076 0.871724
9.99821E-05 9.99821E-05 0.20164 0.79816
0.029845 9.9991E-05 0.179153 0.790902
0.00918153 9.9991E-05 0.219731 0.770988
0.0111563 9.9991E-05 0.173464 0.815279
0.0407074 9.9991E-05 0.172472 0.786721
0.0341304 9.9991E-05 0.150899 0.81487
0.0625023 0.0338473 0.126789 0.776861
0.0420525 9.9991E-05 0.132311 0.825536
9.998E-05 9.998E-05 9.998E-05 0.9997
9.998E-05 9.998E-05 9.998E-05 0.9997
9.998E-05 9.998E-05 9.998E-05 0.9997
9.998E-05 9.998E-05 9.998E-05 0.9997
9.998E-05 9.998E-05 9.998E-05 0.9997
9.9982E-05 0.00936245 9.9982E-05 0.990438
9.998E-05 9.998E-05 9.998E-05 0.9997
9.998E-05 9.998E-05 9.998E-05 0.9997
9.998E-05 9.998E-05 9.998E-05 0.9997
9.998E-05 9.998E-05 9.998E-05 0.9997
9.998E-05 9.998E-05 9.998E-05 0.9997
9.998E-05 9.998E-05 9.998E-05 0.9997
