0.9997 9.998E-05 9.998E-05 9.998E-05
0.889567 0.110233 9.9982E-05 9.9982E-05
0.872018 0.039606 0.0882758 9.9991E-05
0.634654 0.0472767 0.17039 0.147679
0.820894 0.0767959 0.10221 9.9991E-05
0.90217 9.9982E-05 9.9982E-05 0.09763
0.856986 0.083356 0.0595583 9.9991E-05
0.865301 9.9991E-05 0.0110672 0.123532
0.704367 0.0452403 0.215052 0.0353403
0.628253 0.155426 0.213434 0.00288781
0.00596936 9.9991E-05 0.0193003 0.97463
9.9982E-05 9.9982E-05 0.0429042 0.956896
0.146283 9.9982E-05 9.9982E-05 0.853517
0.0401077 0.0788517 0.081639 0.799402
0.0319564 0.153826 0.0109512 0.803266
0.0307937 9.9982E-05 9.9982E-05 0.969006
9.998E-05 9.998E-05 9.998E-05 0.9997
9.9991E-05 0.147974 0.172795 0.679131
9.9982E-05 9.9982E-05 0.135905 0.863895
0.016956 9.9982E-05 9.9982E-05 0.982844
0.0868613 0.0958271 0.00394733 0.813364
0.357713 0.0437407 9.9991E-05 0.598447
0.0105097 9.9982E-05 9.9982E-05 0.98929
9.9991E-05 0.0486421 0.0286195 0.922638
0.027982 0.182477 9.9991E-05 0.789441
0.0364366 0.221959 0.0124936 0.72911
9.9991E-05 0.105418 0.334171 0.560311
0.0343722 0.410158 0.0390348 0.516435
0.0217548 0.27359 0.0897273 0.614928
9.9982E-05 0.31762 9.9982E-05 0.68218
0.067837 0.188196 0.743867 9.9991E-05
0.164994 0.139019 0.655434 0.040552
0.0302363 0.0701085 0.766094 0.133561
9.9982E-05 9.9982E-05 0.935357 0.0644432
9.9982E-05 9.9982E-05 0.645775 0.354025
0.151397 9.9982E-05 0.848403 9.9982E-05
0.219412 9.9991E-05 0.596861 0.183626
0.00763733 0.051357 0.770436 0.17057
0.0191918 9.9991E-05 0.905171 0.0755372
0.0534541 0.269544 0.527562 0.14944
0.0828662 0.0166324 0.900401 9.9991E-05
0.112938 0.356037 0.418435 0.112589
0.00707357 0.116834 0.690851 0.185242
9.9982E-05 9.9982E-05 0.845534 0.154266
9.9982E-05 0.231552 0.768248 9.9982E-05
9.9991E-05 0.0712401 0.902676 0.0259838
0.00139255 0.10375 0.894758 9.9991E-05
9.9982E-05 0.1465 0.8533 9.9982E-05
0.0869075 9.9991E-05 0.749287 0.163706
0.0847671 0.120419 0.794714 9.9991E-05
9.9982E-05 0.0686464 0.931154 9.9982E-05
9.998E-05 9.998E-05 0.9997 9.998E-05
9.9982E-05 0.303172 0.696628 9.9982E-05
9.9982E-05 0.0406713 0.959129 9.9982E-05
9.998E-05 9.998E-05 0.9997 9.998E-05
0.0228759 0.293051 0.683973 9.9991E-05
0.0227975 0.785211 0.1552 0.036791
9.9991E-05 0.667294 0.158156 0.17445
0.0585112 0.664159 0.27723 9.9991E-05
0.150695 0.614721 0.210296 0.0242884
9.9991E-05 0.745797 0.234297 0.0198055
0.0232273 0.607489 0.369184 9.9991E-05
0.0373542 0.764494 0.180728 0.0174239
9.998E-05 0.9997 9.998E-05 9.998E-05
9.9991E-05 0.795968 0.141316 0.0626155
9.998E-05 0.9997 9.998E-05 9.998E-05
9.998E-05 0.9997 9.998E-05 9.998E-05
0.00143964 0.99836 9.9982E-05 9.9982E-05
9.998E-05 0.9997 9.998E-05 9.998E-05
0.0124019 0.959794 0.0277037 9.9991E-05
9.9982E-05 0.968673 0.0311271 9.9982E-05
0.0933553 0.696757 0.209788 9.9991E-05
9.9982E-05 0.987373 0.0124274 9.9982E-05
9.9982E-05 0.697517 0.302283 9.9982E-05
9.9982E-05 0.992841 9.9982E-05 0.00695945
9.998E-05 0.9997 9.998E-05 9.998E-05
0.0903032 0.692351 0.171538 0.0458086
