0.9996 9.997E-05 9.997E-05 9.997E-05 9.997E-05
0.834902 9.9973E-05 0.164798 9.9973E-05 9.9973E-05
0.824693 9.9973E-05 9.9973E-05 0.175007 9.9973E-05
0.632617 9.9991E-05 0.0265315 0.0886436 0.252108
0.821219 0.116742 0.0618385 9.9982E-05 9.9982E-05
0.917959 9.9973E-05 9.9973E-05 9.9973E-05 0.081741
0.853756 0.0149668 0.131077 9.9982E-05 9.9982E-05
0.891931 0.107267 9.9982E-05 9.9982E-05 0.000601581
0.688131 0.143994 0.0279322 0.139843 9.9991E-05
0.609147 0.118401 0.151078 0.121275 9.9991E-05
9.999E-05 0.0600948 0.0180047 0.000241031 0.921559
9.9973E-05 9.9973E-05 9.9973E-05 0.0568765 0.942824
0.130204 9.9973E-05 9.9973E-05 9.9973E-05 0.869496
0.0404072 0.0456008 0.0658833 9.9991E-05 0.848009
0.0470496 9.9991E-05 0.115145 0.0387985 0.798907
0.0579433 9.9973E-05 9.9973E-05 9.9973E-05 0.941757
9.997E-05 9.997E-05 9.997E-05 9.997E-05 0.9996
9.9982E-05 9.9982E-05 0.0707045 0.254784 0.674311
9.9991E-05 0.0466154 0.0374458 0.133948 0.781891
9.9973E-05 9.9973E-05 9.9973E-05 0.0398893 0.959811
0.0681039 0.0349897 0.0890879 0.0694554 0.738363
0.358889 9.9991E-05 0.0436672 0.110197 0.487146
9.997E-05 9.997E-05 9.997E-05 9.997E-05 0.9996
9.9982E-05 0.0298457 0.104351 9.9982E-05 0.865603
9.9982E-05 9.9982E-05 0.102795 0.0583017 0.838704
0.0653477 0.0119799 0.168293 0.0136978 0.740682
9.9991E-05 0.075196 0.0360755 0.404334 0.484295
0.0261555 9.9991E-05 0.346166 0.0762336 0.551345
9.9982E-05 9.9982E-05 0.202253 0.259666 0.537881
9.9991E-05 0.0283898 0.277153 0.039062 0.655295
0.00906392 0.0821022 0.250414 0.65832 9.9991E-05
0.139161 0.135852 0.0923379 0.591472 0.0411762
9.9973E-05 9.9973E-05 0.0848862 0.914814 9.9973E-05
9.9973E-05 0.108556 9.9973E-05 0.891144 9.9973E-05
9.9973E-05 9.9973E-05 9.9973E-05 0.867697 0.132003
0.0636751 9.9973E-05 9.9973E-05 0.936025 9.9973E-05
0.245562 0.0385803 9.9991E-05 0.714229 0.00152954
9.9982E-05 9.9982E-05 0.0539195 0.865131 0.0807498
9.9973E-05 0.0838996 9.9973E-05 0.9158 9.9973E-05
0.016589 0.10212 0.319347 0.471206 0.0907374
9.9973E-05 9.9973E-05 0.0468143 0.952886 9.9973E-05
0.135895 9.9991E-05 0.338439 0.504896 0.0206701
9.9982E-05 9.9982E-05 0.0138211 0.934042 0.0519374
9.9991E-05 0.257651 0.0265787 0.608438 0.107233
0.00873834 0.778302 0.0830393 0.0755491 0.0543712
0.0541665 0.777415 0.079232 0.0646369 0.0245498
9.9991E-05 0.689968 0.0377746 0.25617 0.0159865
9.9973E-05 0.868239 0.131461 9.9973E-05 9.9973E-05
0.088595 0.530699 9.9991E-05 0.265784 0.114822
0.0281011 0.436779 0.142674 0.363474 0.0289725
9.9982E-05 0.870897 0.0851359 9.9982E-05 0.043767
9.997E-05 0.9996 9.997E-05 9.997E-05 9.997E-05
9.9973E-05 0.908862 0.0908377 9.9973E-05 9.9973E-05
9.9991E-05 0.775705 0.0226684 0.187012 0.0145141
9.9973E-05 0.91754 9.9973E-05 0.0821602 9.9973E-05
9.9973E-05 0.992301 0.00739939 9.9973E-05 9.9973E-05
0.0384482 0.145634 0.673567 0.132132 0.0102189
0.0649626 0.120627 0.410866 0.262332 0.141212
0.0624483 0.246152 0.662951 0.0283484 9.9991E-05
0.207912 0.0302661 0.578451 0.18327 9.9991E-05
9.9991E-05 0.192388 0.754809 0.00914047 0.0435623
0.0298052 9.9982E-05 0.611737 0.358257 9.9982E-05
0.0335919 0.0555073 0.756239 0.154561 9.9991E-05
9.997E-05 9.997E-05 0.9996 9.997E-05 9.997E-05
9.9973E-05 9.9973E-05 0.893736 0.105964 9.9973E-05
9.9973E-05 9.9973E-05 0.984954 9.9973E-05 0.0147462
9.997E-05 9.997E-05 0.9996 9.997E-05 9.997E-05
0.00256675 0.0589856 0.90716 9.9991E-05 0.0311875
9.9973E-05 9.9973E-05 0.954382 0.0453179 9.9973E-05
9.9973E-05 0.0543513 0.945349 9.9973E-05 9.9973E-05
9.9973E-05 0.1059 0.8938 9.9973E-05 9.9973E-05
0.0868079 9.9982E-05 0.6918 0.221192 9.9982E-05
9.9973E-05 0.107643 0.892057 9.9973E-05 9.9973E-05
9.9991E-05 0.0918311 0.708474 0.172191 0.0274047
9.997E-05 9.997E-05 0.9996 9.997E-05 9.997E-05
9.997E-05 9.997E-05 0.9996 9.997E-05 9.997E-05
0.0327815 0.0170722 0.6478 0.255792 0.0465547
