0.999001 9.99101E-05 9.99101E-05 9.99101E-05 9.99101E-05 9.99101E-05 9.99101E-05 9.99101E-05 9.99101E-05 9.99101E-05 9.99101E-05
0.0615535 0.0416509 9.9946E-05 9.9946E-05 0.0316297 0.781135 9.9946E-05 9.9946E-05 9.9946E-05 9.9946E-05 0.0834313
9.99101E-05 9.99101E-05 9.99101E-05 9.99101E-05 9.99101E-05 9.99101E-05 0.999001 9.99101E-05 9.99101E-05 9.99101E-05 9.99101E-05
9.9955E-05 0.0734799 0.0046941 9.9955E-05 0.00926911 9.9955E-05 0.834851 9.9955E-05 9.9955E-05 0.0732707 0.00393569
9.9937E-05 9.9937E-05 9.9937E-05 9.9937E-05 9.9937E-05 0.958563 9.9937E-05 0.0144783 0.00822693 0.0180322 9.9937E-05
0.217224 9.9946E-05 0.0431576 9.9946E-05 9.9946E-05 0.612291 0.117113 9.9946E-05 0.00961348 9.9946E-05 9.9946E-05
0.175516 9.9964E-05 9.9964E-05 9.9964E-05 0.00957012 0.692098 0.00471107 0.0769444 0.0323342 9.9964E-05 0.0084266
9.9919E-05 9.9919E-05 0.0176362 9.9919E-05 9.9919E-05 0.981465 9.9919E-05 9.9919E-05 9.9919E-05 9.9919E-05 9.9919E-05
0.0180657 9.9955E-05 0.0166115 9.9955E-05 9.9955E-05 0.344199 0.374437 9.9955E-05 9.9955E-05 0.224917 0.0212707
0.282495 9.9973E-05 0.0715578 0.124173 0.0486552 0.159211 0.108931 0.132901 9.9973E-05 9.9973E-05 0.0717763
9.9955E-05 0.077964 0.047745 9.9955E-05 0.0108832 0.0459657 9.9955E-05 9.9955E-05 0.721808 0.0951346 9.9955E-05
9.99191E-05 9.99191E-05 0.00568701 9.99191E-05 9.99191E-05 9.99191E-05 9.99191E-05 9.99191E-05 0.993414 9.99191E-05 9.99191E-05
0.104872 9.9946E-05 0.00859289 9.9946E-05 9.9946E-05 0.0826255 0.0300922 9.9946E-05 0.773218 9.9946E-05 9.9946E-05
9.9955E-05 0.0458122 0.104573 9.9955E-05 0.0158815 9.9955E-05 0.061066 9.9955E-05 0.669602 0.102566 9.9955E-05
0.0227936 0.0445175 9.9955E-05 0.0769106 0.0562985 9.9955E-05 0.0195618 9.9955E-05 0.779418 9.9955E-05 9.9955E-05
0.00115388 0.810286 9.9937E-05 9.9937E-05 9.9937E-05 0.00601066 9.9937E-05 9.9937E-05 0.18185 9.9937E-05 9.9937E-05
9.9928E-05 0.0435444 0.779436 9.9928E-05 9.9928E-05 9.9928E-05 9.9928E-05 9.9928E-05 0.176221 9.9928E-05 9.9928E-05
9.9955E-05 0.731254 0.0196251 0.0923863 9.9955E-05 9.9955E-05 0.0164214 0.0305961 9.9955E-05 9.9955E-05 0.109218
9.9937E-05 0.000518622 9.9937E-05 0.142913 0.00178532 9.9937E-05 9.9937E-05 9.9937E-05 0.854083 9.9937E-05 9.9937E-05
9.99191E-05 0.987735 9.99191E-05 9.99191E-05 9.99191E-05 9.99191E-05 0.0113659 9.99191E-05 9.99191E-05 9.99191E-05 9.99191E-05
0.0565001 0.340391 0.219652 0.0416704 9.9964E-05 9.9964E-05 0.0676886 9.9964E-05 0.149661 9.9964E-05 0.124037
9.9919E-05 0.732065 9.9919E-05 9.9919E-05 9.9919E-05 0.267035 9.9919E-05 9.9919E-05 9.9919E-05 9.9919E-05 9.9919E-05
0.084044 0.872604 9.99281E-05 9.99281E-05 9.99281E-05 9.99281E-05 9.99281E-05 9.99281E-05 0.0425522 9.99281E-05 9.99281E-05
9.99101E-05 9.99101E-05 0.999001 9.99101E-05 9.99101E-05 9.99101E-05 9.99101E-05 9.99101E-05 9.99101E-05 9.99101E-05 9.99101E-05
0.0317249 0.0687798 0.0117946 0.0572236 0.00295359 9.9973E-05 0.0101465 9.9973E-05 0.708841 9.9973E-05 0.108236
0.130357 0.0252145 0.0529128 0.0360106 9.9964E-05 9.9964E-05 9.9964E-05 0.0468427 0.618383 9.9964E-05 0.0898788
9.9946E-05 0.0418473 9.9946E-05 0.0726032 9.9946E-05 9.9946E-05 9.9946E-05 9.9946E-05 0.471781 0.380382 0.0327873
9.9964E-05 0.0409452 9.9964E-05 0.0447111 0.00367707 9.9964E-05 0.0408051 9.9964E-05 0.516443 0.064275 0.288744
9.9955E-05 0.0272479 9.9955E-05 0.176771 9.9955E-05 0.0459896 9.9955E-05 0.0350958 0.532235 9.9955E-05 0.182161
9.99191E-05 9.99191E-05 9.99191E-05 9.99191E-05 9.99191E-05 9.99191E-05 9.99191E-05 9.99191E-05 0.83066 9.99191E-05 0.168441
9.9937E-05 9.9937E-05 9.9937E-05 0.2106 9.9937E-05 9.9937E-05 0.216616 0.494776 9.9937E-05 9.9937E-05 0.0773087
0.018351 0.107398 9.9982E-05 0.0746201 0.00459464 0.0104964 0.205551 0.523471 0.00259122 9.9982E-05 0.0527263
9.9946E-05 0.00675975 9.9946E-05 0.820953 9.9946E-05 9.9946E-05 0.0483265 0.084861 0.0385001 9.9946E-05 9.9946E-05
9.994E-05 9.994E-05 0.0739922 0.761653 0.00735045 9.994E-05 9.994E-05 0.0274481 9.994E-05 0.128956 9.994E-05
9.9937E-05 0.0442805 9.9937E-05 0.647121 9.9937E-05 9.9937E-05 9.9937E-05 9.9937E-05 0.245176 9.9937E-05 0.0627233
0.0145302 9.9937E-05 9.9937E-05 0.951023 0.0202862 9.9937E-05 0.0134614 9.9937E-05 9.9937E-05 9.9937E-05 9.9937E-05
0.0181146 0.082372 9.9946E-05 0.682874 9.9946E-05 0.210995 0.00504444 9.9946E-05 9.9946E-05 9.9946E-05 9.9946E-05
0.0338693 0.0411827 9.9928E-05 0.924149 9.9928E-05 9.9928E-05 9.9928E-05 9.9928E-05 9.9928E-05 9.9928E-05 9.9928E-05
9.9937E-05 9.9937E-05 0.00542492 0.9399 0.0048389 9.9937E-05 9.9937E-05 9.9937E-05 9.9937E-05 0.0491364 9.9937E-05
0.0369264 0.0182759 9.9964E-05 0.622175 0.0123455 9.9964E-05 9.9964E-05 9.9964E-05 0.038341 0.0206153 0.250921
9.99281E-05 9.99281E-05 9.99281E-05 0.858827 9.99281E-05 0.0635527 9.99281E-05 0.0768205 9.99281E-05 9.99281E-05 9.99281E-05
0.117533 9.9964E-05 9.9964E-05 0.341218 9.9964E-05 9.9964E-05 0.03221 0.091615 0.0947854 0.00576972 0.316469
0.000699241 9.9955E-05 9.9955E-05 0.608304 9.9955E-05 0.0309069 0.0591174 9.9955E-05 0.159372 9.9955E-05 0.141102
9.9955E-05 9.9955E-05 0.0932803 0.743766 0.0051679 9.9955E-05 9.9955E-05 0.0961074 0.0155809 0.0455975 9.9955E-05
9.9955E-05 9.9955E-05 9.9955E-05 0.121739 0.0122442 9.9955E-05 0.0526041 9.9955E-05 0.0379805 0.583596 0.191337
0.0459015 9.9937E-05 9.9937E-05 9.9937E-05 0.0111829 9.9937E-05 9.9937E-05 0.852964 0.0892525 9.9937E-05 9.9937E-05
0.0217126 9.9964E-05 0.0661626 0.0546474 0.0371919 9.9964E-05 9.9964E-05 0.739488 9.9964E-05 0.00144129 0.0789566
9.9928E-05 9.9928E-05 9.9928E-05 9.9928E-05 9.9928E-05 9.9928E-05 9.9928E-05 0.978789 9.9928E-05 0.00134426 0.0190672
9.9946E-05 9.9946E-05 9.9946E-05 0.0618197 9.9946E-05 0.0853531 0.0085619 0.69293 0.150736 9.9946E-05 9.9946E-05
0.0182839 9.9964E-05 0.0180654 0.185839 9.9964E-05 9.9964E-05 0.124985 0.371269 0.0592078 9.9964E-05 0.221951
9.9928E-05 9.9928E-05 9.9928E-05 9.9928E-05 9.9928E-05 9.9928E-05 9.9928E-05 0.267825 9.9928E-05 0.673671 0.0577055
0.0211987 9.9919E-05 9.9919E-05 9.9919E-05 9.9919E-05 9.9919E-05 9.9919E-05 9.9919E-05 9.9919E-05 0.977902 9.9919E-05
0.0271799 9.99281E-05 9.99281E-05 9.99281E-05 9.99281E-05 9.99281E-05 9.99281E-05 9.99281E-05 9.99281E-05 0.842421 0.129599
9.9928E-05 9.9928E-05 9.9928E-05 0.0646964 9.9928E-05 9.9928E-05 9.9928E-05 9.9928E-05 9.9928E-05 0.864636 0.0698678
9.99101E-05 9.99101E-05 9.99101E-05 9.99101E-05 9.99101E-05 9.99101E-05 9.99101E-05 0.999001 9.99101E-05 9.99101E-05 9.99101E-05
9.99191E-05 9.99191E-05 9.99191E-05 9.99191E-05 0.054819 9.99191E-05 9.99191E-05 0.944282 9.99191E-05 9.99191E-05 9.99191E-05
9.997E-05 0.0205641 9.997E-05 0.0070409 0.00265514 0.0491506 9.997E-05 0.164876 0.0603392 0.00342194 0.691652
9.9964E-05 0.081461 9.9964E-05 0.0819097 0.000190459 0.0691409 9.9964E-05 0.1002 0.0443681 9.9964E-05 0.62233
9.996E-05 9.996E-05 0.0184257 9.996E-05 0.0167278 0.049695 0.0136626 0.261749 0.0224993 9.996E-05 0.61684
0.0263873 9.9955E-05 9.9955E-05 0.0623975 9.9955E-05 0.120267 9.9955E-05 0.0498216 0.0598949 9.9955E-05 0.680732
9.9955E-05 0.00859002 0.00813513 9.9955E-05 9.9955E-05 0.00528142 9.9955E-05 0.0555524 9.9955E-05 0.112544 0.809397
0.0394489 9.9955E-05 9.9955E-05 0.311232 0.0686957 9.9955E-05 0.0445259 9.9955E-05 9.9955E-05 0.0117056 0.523892
0.00943718 0.0213586 9.9955E-05 0.194533 9.9955E-05 9.9955E-05 0.00017996 0.0451104 9.9955E-05 9.9955E-05 0.728881
9.99281E-05 9.99281E-05 0.0298543 9.99281E-05 0.0215993 9.99281E-05 9.99281E-05 9.99281E-05 9.99281E-05 9.99281E-05 0.947747
9.9946E-05 0.0278021 0.00509179 0.111054 0.00552061 9.9946E-05 9.9946E-05 9.9946E-05 9.9946E-05 9.9946E-05 0.849932
9.99191E-05 9.99191E-05 0.00554384 9.99191E-05 9.99191E-05 9.99191E-05 9.99191E-05 9.99191E-05 9.99191E-05 9.99191E-05 0.993557
9.99101E-05 9.99101E-05 9.99101E-05 9.99101E-05 9.99101E-05 9.99101E-05 9.99101E-05 9.99101E-05 9.99101E-05 9.99101E-05 0.999001
9.9919E-05 0.045189 9.9919E-05 9.9919E-05 9.9919E-05 9.9919E-05 9.9919E-05 9.9919E-05 9.9919E-05 9.9919E-05 0.953912
9.99191E-05 9.99191E-05 9.99191E-05 9.99191E-05 0.00234385 9.99191E-05 9.99191E-05 9.99191E-05 9.99191E-05 9.99191E-05 0.996757
9.9919E-05 9.9919E-05 9.9919E-05 9.9919E-05 9.9919E-05 9.9919E-05 0.0333959 9.9919E-05 9.9919E-05 9.9919E-05 0.965705
9.99461E-05 0.000967804 0.0204027 0.152498 9.99461E-05 9.99461E-05 9.99461E-05 9.99461E-05 9.99461E-05 0.00529635 0.820235
9.99461E-05 9.99461E-05 9.99461E-05 0.237292 0.0112087 0.10165 9.99461E-05 0.107728 9.99461E-05 9.99461E-05 0.541522
9.99281E-05 9.99281E-05 9.99281E-05 9.99281E-05 9.99281E-05 9.99281E-05 0.0229873 0.0406743 9.99281E-05 9.99281E-05 0.935539
0.0530296 0.0012556 9.9964E-05 0.134165 0.0672015 9.9964E-05 9.9964E-05 9.9964E-05 0.0267435 0.114538 0.602667
0.0149038 0.0660879 9.9973E-05 0.0122938 0.554849 9.9973E-05 9.9973E-05 0.00847667 0.0418188 0.0274038 0.273866
9.99101E-05 9.99101E-05 9.99101E-05 9.99101E-05 0.999001 9.99101E-05 9.99101E-05 9.99101E-05 9.99101E-05 9.99101E-05 9.99101E-05
0.0339702 9.9964E-05 0.0131789 0.322799 0.0724486 9.9964E-05 9.9964E-05 0.00613218 0.0473408 9.9964E-05 0.50373
