9.98741E-05 9.98741E-05 9.98741E-05 9.98741E-05 9.98741E-05 9.98741E-05 9.98741E-05 0.998602 9.98741E-05 9.98741E-05 9.98741E-05 9.98741E-05 9.98741E-05 9.98741E-05 9.98741E-05
9.98921E-05 9.98921E-05 9.98921E-05 9.98921E-05 9.98921E-05 0.882684 9.98921E-05 0.0944487 9.98921E-05 9.98921E-05 0.0216685 9.98921E-05 9.98921E-05 9.98921E-05 9.98921E-05
9.98741E-05 9.98741E-05 9.98741E-05 9.98741E-05 0.998602 9.98741E-05 9.98741E-05 9.98741E-05 9.98741E-05 9.98741E-05 9.98741E-05 9.98741E-05 9.98741E-05 9.98741E-05 9.98741E-05
9.9937E-05 9.9937E-05 0.0387873 9.9937E-05 0.891192 9.9937E-05 0.012789 9.9937E-05 0.00609178 0.00677145 9.9937E-05 0.0319858 0.00382298 0.00785982 9.9937E-05
9.99011E-05 9.99011E-05 9.99011E-05 9.99011E-05 0.0247928 9.99011E-05 9.99011E-05 9.99011E-05 0.0137121 0.00115119 0.959245 9.99011E-05 9.99011E-05 9.99011E-05 9.99011E-05
9.9919E-05 9.9919E-05 0.0669576 9.9919E-05 0.048313 9.9919E-05 9.9919E-05 0.682074 9.9919E-05 9.9919E-05 0.153898 9.9919E-05 0.0270632 0.020795 9.9919E-05
9.9919E-05 9.9919E-05 9.9919E-05 0.0830934 9.9919E-05 9.9919E-05 0.0736618 0.834145 0.00400539 9.9919E-05 9.9919E-05 0.00400704 9.9919E-05 9.9919E-05 0.000188552
9.98741E-05 9.98741E-05 9.98741E-05 9.98741E-05 9.98741E-05 9.98741E-05 9.98741E-05 9.98741E-05 9.98741E-05 9.98741E-05 0.998602 9.98741E-05 9.98741E-05 9.98741E-05 9.98741E-05
9.9919E-05 9.9919E-05 9.9919E-05 9.9919E-05 0.5711 9.9919E-05 0.0854244 0.0678747 9.9919E-05 9.9919E-05 0.0934165 9.9919E-05 0.027426 9.9919E-05 0.153859
0.161141 9.9937E-05 0.0635558 9.9937E-05 0.144599 0.0661339 9.9937E-05 0.00905196 0.0558473 9.9937E-05 0.497987 9.9937E-05 9.9937E-05 9.9937E-05 0.000983799
9.99101E-05 9.99101E-05 9.99101E-05 9.99101E-05 0.0249366 9.99101E-05 0.0287021 9.99101E-05 0.0234979 0.0285477 9.99101E-05 9.99101E-05 9.99101E-05 0.863649 0.0297679
9.98742E-05 9.98742E-05 9.98742E-05 0.998602 9.98742E-05 9.98742E-05 9.98742E-05 9.98742E-05 9.98742E-05 9.98742E-05 9.98742E-05 9.98742E-05 9.98742E-05 9.98742E-05 9.98742E-05
9.99191E-05 9.99191E-05 9.99191E-05 0.142436 0.0351439 9.99191E-05 9.99191E-05 0.0356776 9.99191E-05 0.244698 0.165959 9.99191E-05 9.99191E-05 0.375186 9.99191E-05
9.99101E-05 9.99101E-05 0.00229705 0.965729 0.0219764 9.99101E-05 0.00398991 9.99101E-05 0.00500885 9.99101E-05 9.99101E-05 9.99101E-05 9.99101E-05 9.99101E-05 9.99101E-05
9.9928E-05 9.9928E-05 9.9928E-05 9.9928E-05 0.00853203 0.0460429 9.9928E-05 0.0199378 0.0227566 0.735964 9.9928E-05 0.108593 9.9928E-05 0.0573743 9.9928E-05
9.9946E-05 9.9946E-05 0.00673597 0.146933 9.9946E-05 0.156213 0.00402284 9.9946E-05 0.0189056 0.0410633 9.9946E-05 0.355182 0.0783423 0.192002 9.9946E-05
9.98921E-05 9.98921E-05 9.98921E-05 9.98921E-05 9.98921E-05 9.98921E-05 9.98921E-05 9.98921E-05 9.98921E-05 0.015169 9.98921E-05 9.98921E-05 0.898768 0.0848639 9.98921E-05
9.98741E-05 9.98741E-05 0.998602 9.98741E-05 9.98741E-05 9.98741E-05 9.98741E-05 9.98741E-05 9.98741E-05 9.98741E-05 9.98741E-05 9.98741E-05 9.98741E-05 9.98741E-05 9.98741E-05
9.9919E-05 0.0135908 0.0504086 0.0164833 9.9919E-05 9.9919E-05 9.9919E-05 9.9919E-05 9.9919E-05 0.877033 9.9919E-05 0.0283161 9.9919E-05 0.0132684 9.9919E-05
9.98741E-05 9.98741E-05 9.98741E-05 9.98741E-05 9.98741E-05 9.98741E-05 9.98741E-05 9.98741E-05 9.98741E-05 9.98741E-05 9.98741E-05 0.998602 9.98741E-05 9.98741E-05 9.98741E-05
9.991E-05 9.991E-05 0.83673 0.0400381 9.991E-05 9.991E-05 9.991E-05 0.0455868 9.991E-05 9.991E-05 9.991E-05 9.991E-05 0.0356053 0.0410403 9.991E-05
9.98921E-05 9.98921E-05 0.0390615 9.98921E-05 9.98921E-05 0.947245 9.98921E-05 9.98921E-05 9.98921E-05 9.98921E-05 9.98921E-05 9.98921E-05 0.0124945 9.98921E-05 9.98921E-05
9.98741E-05 9.98741E-05 9.98741E-05 9.98741E-05 9.98741E-05 9.98741E-05 9.98741E-05 9.98741E-05 9.98741E-05 9.98741E-05 9.98741E-05 9.98741E-05 9.98741E-05 0.998602 9.98741E-05
9.98742E-05 9.98742E-05 9.98742E-05 9.98742E-05 9.98742E-05 9.98742E-05 9.98742E-05 9.98742E-05 9.98742E-05 9.98742E-05 9.98742E-05 9.98742E-05 0.998602 9.98742E-05 9.98742E-05
9.9928E-05 9.9928E-05 0.0706835 0.0655098 9.9928E-05 9.9928E-05 9.9928E-05 9.9928E-05 0.00728754 0.754589 0.0411264 0.0184641 0.0415402 9.9928E-05 9.9928E-05
0.0891192 0.0358923 9.9919E-05 0.73414 9.9919E-05 9.9919E-05 9.9919E-05 0.0619282 9.9919E-05 0.0171337 9.9919E-05 9.9919E-05 9.9919E-05 9.9919E-05 0.0608875
9.9928E-05 0.0656206 9.9928E-05 0.00528985 9.9928E-05 0.0668236 0.14521 9.9928E-05 9.9928E-05 0.414309 9.9928E-05 9.9928E-05 0.0905882 9.9928E-05 0.21136
0.128766 9.9919E-05 9.9919E-05 9.9919E-05 0.0144609 0.249368 0.0762983 9.9919E-05 0.0167535 0.513454 9.9919E-05 9.9919E-05 9.9919E-05 9.9919E-05 9.9919E-05
0.101033 0.0956246 9.9937E-05 0.10253 9.9937E-05 0.0276496 9.9937E-05 0.00364074 9.9937E-05 0.638766 9.9937E-05 9.9937E-05 0.0158644 9.9937E-05 0.014192
9.98741E-05 9.98741E-05 9.98741E-05 9.98741E-05 9.98741E-05 9.98741E-05 9.98741E-05 9.98741E-05 9.98741E-05 0.998602 9.98741E-05 9.98741E-05 9.98741E-05 9.98741E-05 9.98741E-05
9.98741E-05 9.98741E-05 9.98741E-05 9.98741E-05 9.98741E-05 9.98741E-05 9.98741E-05 9.98741E-05 9.98741E-05 9.98741E-05 9.98741E-05 9.98741E-05 9.98741E-05 9.98741E-05 0.998602
9.98831E-05 9.98831E-05 9.98831E-05 9.98831E-05 9.98831E-05 9.98831E-05 9.98831E-05 0.015285 9.98831E-05 9.98831E-05 9.98831E-05 9.98831E-05 9.98831E-05 9.98831E-05 0.983416
0.0572494 0.772761 9.991E-05 9.991E-05 0.00706684 0.0640239 9.991E-05 9.991E-05 9.991E-05 0.0979002 9.991E-05 9.991E-05 9.991E-05 9.991E-05 9.991E-05
9.98921E-05 0.900754 9.98921E-05 9.98921E-05 9.98921E-05 9.98921E-05 0.0301506 9.98921E-05 9.98921E-05 9.98921E-05 9.98921E-05 9.98921E-05 0.0678965 9.98921E-05 9.98921E-05
9.9919E-05 0.550711 0.137104 0.0960663 0.00113028 9.9919E-05 9.9919E-05 9.9919E-05 9.9919E-05 9.9919E-05 9.9919E-05 9.9919E-05 9.9919E-05 0.036421 0.177668
9.99101E-05 0.952251 9.99101E-05 0.0145373 0.0214017 9.99101E-05 9.99101E-05 0.00646422 0.00434641 9.99101E-05 9.99101E-05 9.99101E-05 9.99101E-05 9.99101E-05 9.99101E-05
9.9937E-05 0.539954 0.0229642 0.0321912 9.9937E-05 0.0936865 0.032585 0.0304552 9.9937E-05 9.9937E-05 0.209132 0.0383321 9.9937E-05 9.9937E-05 9.9937E-05
9.9928E-05 0.872637 9.9928E-05 9.9928E-05 9.9928E-05 9.9928E-05 9.9928E-05 0.00272293 9.9928E-05 0.0127301 9.9928E-05 0.0112553 0.023394 0.0461741 0.0302868
9.99011E-05 0.895857 0.0532299 9.99011E-05 9.99011E-05 9.99011E-05 0.045427 9.99011E-05 0.00438733 9.99011E-05 9.99011E-05 9.99011E-05 9.99011E-05 9.99011E-05 9.99011E-05
0.186378 0.554694 9.9937E-05 9.9937E-05 9.9937E-05 0.0671501 9.9937E-05 0.018527 0.026999 0.134847 9.9937E-05 0.00998234 9.9937E-05 0.000723457 9.9937E-05
9.98921E-05 0.841101 9.98921E-05 9.98921E-05 9.98921E-05 9.98921E-05 9.98921E-05 9.98921E-05 9.98921E-05 9.98921E-05 0.019576 9.98921E-05 9.98921E-05 9.98921E-05 0.138124
0.325216 0.349607 0.0485874 0.0663304 0.0604341 0.0271352 0.0298612 0.0132761 9.9973E-05 0.0437175 0.0127224 0.00151356 9.9973E-05 9.9973E-05 0.0212987
0.0848112 0.603351 0.0105123 0.118609 9.9937E-05 0.00712374 0.0156441 9.9937E-05 9.9937E-05 9.9937E-05 0.0363171 9.9937E-05 9.9937E-05 9.9937E-05 0.122932
9.9928E-05 0.847233 0.0134492 0.0407488 9.9928E-05 9.9928E-05 0.0205797 9.9928E-05 0.019152 0.00898669 9.9928E-05 9.9928E-05 9.9928E-05 0.0490509 9.9928E-05
0.223311 0.264431 9.99191E-05 9.99191E-05 9.99191E-05 9.99191E-05 0.196581 9.99191E-05 9.99191E-05 9.99191E-05 9.99191E-05 0.0330024 9.99191E-05 0.116853 0.164923
0.0768756 9.9919E-05 9.9919E-05 0.0841157 9.9919E-05 9.9919E-05 0.715672 9.9919E-05 0.00224979 9.9919E-05 0.0321491 9.9919E-05 9.9919E-05 9.9919E-05 0.0880385
0.172316 0.163632 9.99191E-05 9.99191E-05 9.99191E-05 9.99191E-05 0.603491 0.0147074 0.0439598 9.99191E-05 0.000993898 9.99191E-05 9.99191E-05 9.99191E-05 9.99191E-05
0.156102 9.99011E-05 0.0222987 9.99011E-05 9.99011E-05 9.99011E-05 0.7858 9.99011E-05 9.99011E-05 9.99011E-05 9.99011E-05 9.99011E-05 9.99011E-05 9.99011E-05 0.0347004
9.9919E-05 0.037799 9.9919E-05 0.0285924 9.9919E-05 9.9919E-05 0.542002 9.9919E-05 9.9919E-05 0.253183 0.128622 0.00890199 9.9919E-05 9.9919E-05 9.9919E-05
0.179471 0.226767 9.9928E-05 0.0920349 9.9928E-05 9.9928E-05 0.279688 9.9928E-05 9.9928E-05 0.0363106 0.126677 9.9928E-05 9.9928E-05 9.9928E-05 0.0582528
0.0190007 9.98921E-05 0.0467095 9.98921E-05 9.98921E-05 9.98921E-05 0.933091 9.98921E-05 9.98921E-05 9.98921E-05 9.98921E-05 9.98921E-05 9.98921E-05 9.98921E-05 9.98921E-05
9.98921E-05 9.98921E-05 9.98921E-05 9.98921E-05 9.98921E-05 9.98921E-05 0.938475 0.0462498 9.98921E-05 9.98921E-05 0.0140765 9.98921E-05 9.98921E-05 9.98921E-05 9.98921E-05
0.135413 9.99011E-05 9.99011E-05 9.99011E-05 9.99011E-05 9.99011E-05 0.792151 0.0278246 9.99011E-05 9.99011E-05 9.99011E-05 9.99011E-05 0.0435121 9.99011E-05 9.99011E-05
9.9901E-05 0.123806 9.9901E-05 9.9901E-05 9.9901E-05 9.9901E-05 0.819262 9.9901E-05 0.000958792 9.9901E-05 9.9901E-05 9.9901E-05 9.9901E-05 0.0548745 9.9901E-05
9.991E-05 0.107806 9.991E-05 0.0677133 9.991E-05 9.991E-05 0.782892 9.991E-05 9.991E-05 9.991E-05 9.991E-05 0.0167502 9.991E-05 9.991E-05 0.0238396
0.130438 9.99191E-05 0.0249642 9.99191E-05 9.99191E-05 9.99191E-05 0.78031 0.0131017 0.0344765 0.0158098 9.99191E-05 9.99191E-05 9.99191E-05 9.99191E-05 9.99191E-05
0.778492 0.0232309 0.0314019 9.9937E-05 0.0018044 0.00215997 0.00991168 9.9937E-05 9.9937E-05 0.107877 0.0444226 9.9937E-05 9.9937E-05 9.9937E-05 9.9937E-05
0.543521 0.138893 9.9937E-05 0.0900937 9.9937E-05 0.00492205 0.115089 9.9937E-05 9.9937E-05 0.102913 0.00208989 9.9937E-05 9.9937E-05 9.9937E-05 0.00177841
0.751595 9.9919E-05 9.9919E-05 9.9919E-05 0.0583517 0.054035 0.0882411 9.9919E-05 9.9919E-05 9.9919E-05 9.9919E-05 9.9919E-05 0.00427519 9.9919E-05 0.0426028
0.593665 0.0565465 9.9946E-05 9.9946E-05 9.9946E-05 0.0668118 0.0124528 0.0772392 9.9946E-05 0.0459276 0.0746925 9.9946E-05 9.9946E-05 0.0189192 0.0531454
0.761524 9.9928E-05 0.00346423 9.9928E-05 9.9928E-05 9.9928E-05 0.081777 9.9928E-05 9.9928E-05 0.0622061 9.9928E-05 0.0284829 0.0228327 9.9928E-05 0.0389133
0.497159 0.311176 9.99101E-05 9.99101E-05 0.0485754 0.0571593 9.99101E-05 9.99101E-05 0.0849315 9.99101E-05 9.99101E-05 9.99101E-05 9.99101E-05 9.99101E-05 9.99101E-05
0.712585 0.182824 9.99101E-05 9.99101E-05 0.0177185 9.99101E-05 9.99101E-05 9.99101E-05 9.99101E-05 9.99101E-05 0.0124828 9.99101E-05 9.99101E-05 0.0733905 9.99101E-05
0.964157 9.98922E-05 9.98922E-05 9.98922E-05 9.98922E-05 9.98922E-05 9.98922E-05 9.98922E-05 0.0341426 9.98922E-05 9.98922E-05 9.98922E-05 9.98922E-05 0.000501937 9.98922E-05
0.817601 0.121761 0.0148016 0.0394529 9.991E-05 9.991E-05 9.991E-05 9.991E-05 9.991E-05 9.991E-05 9.991E-05 0.00538384 9.991E-05 9.991E-05 9.991E-05
0.969643 9.98832E-05 9.98832E-05 9.98832E-05 9.98832E-05 9.98832E-05 9.98832E-05 9.98832E-05 9.98832E-05 0.0290589 9.98832E-05 9.98832E-05 9.98832E-05 9.98832E-05 9.98832E-05
0.982225 9.98921E-05 9.98921E-05 9.98921E-05 9.98921E-05 9.98921E-05 9.98921E-05 9.98921E-05 9.98921E-05 0.00774719 9.98921E-05 0.00882896 9.98921E-05 9.98921E-05 9.98921E-05
0.960819 9.98831E-05 9.98831E-05 9.98831E-05 9.98831E-05 9.98831E-05 9.98831E-05 9.98831E-05 9.98831E-05 0.0378822 9.98831E-05 9.98831E-05 9.98831E-05 9.98831E-05 9.98831E-05
0.969284 9.99011E-05 0.00957675 9.99011E-05 0.00769647 9.99011E-05 9.99011E-05 9.99011E-05 0.0123441 9.99011E-05 9.99011E-05 9.99011E-05 9.99011E-05 9.99011E-05 9.99011E-05
0.980969 9.99011E-05 9.99011E-05 9.99011E-05 0.00548639 0.000697234 9.99011E-05 9.99011E-05 9.99011E-05 9.99011E-05 9.99011E-05 9.99011E-05 9.99011E-05 0.0117484 9.99011E-05
0.915302 9.99012E-05 0.0612595 0.0212951 9.99012E-05 9.99012E-05 0.00104424 9.99012E-05 9.99012E-05 9.99012E-05 9.99012E-05 9.99012E-05 9.99012E-05 9.99012E-05 9.99012E-05
0.598726 0.222717 9.99281E-05 0.0330748 9.99281E-05 9.99281E-05 9.99281E-05 0.0442773 0.00248607 9.99281E-05 0.0360888 9.99281E-05 9.99281E-05 9.99281E-05 0.06183
0.942079 9.98922E-05 9.98922E-05 9.98922E-05 0.0563792 9.98922E-05 9.98922E-05 9.98922E-05 9.98922E-05 9.98922E-05 0.000343347 9.98922E-05 9.98922E-05 9.98922E-05 9.98922E-05
0.547921 0.130834 0.0155545 9.9937E-05 9.9937E-05 9.9937E-05 0.0635142 0.0281566 0.0721016 0.121733 9.9937E-05 9.9937E-05 9.9937E-05 9.9937E-05 0.019486
0.281882 9.9964E-05 0.00265913 0.0506733 9.9964E-05 0.0117062 0.0100363 0.0131867 0.560497 0.00873454 9.9964E-05 0.0185249 9.9964E-05 0.0137352 0.0279647
9.98741E-05 9.98741E-05 9.98741E-05 9.98741E-05 9.98741E-05 9.98741E-05 9.98741E-05 9.98741E-05 0.998602 9.98741E-05 9.98741E-05 9.98741E-05 9.98741E-05 9.98741E-05 9.98741E-05
0.51686 0.264547 9.9919E-05 9.9919E-05 9.9919E-05 9.9919E-05 9.9919E-05 0.0339737 0.0673101 0.109097 9.9919E-05 9.9919E-05 9.9919E-05 0.0073128 9.9919E-05
