9.999E-05 0.9998 9.999E-05
0.0994735 0.666033 0.234493
0.155805 0.679204 0.164991
9.999E-05 0.725356 0.274544
0.0130168 0.551832 0.435152
0.0856492 0.60294 0.311411
0.0399503 0.857694 0.102355
0.152445 0.659349 0.188206
0.0860443 0.592281 0.321675
9.999E-05 0.9998 9.999E-05
9.999E-05 0.9998 9.999E-05
9.999E-05 0.9998 9.999E-05
9.999E-05 0.9998 9.999E-05
9.999E-05 0.9998 9.999E-05
9.999E-05 0.9998 9.999E-05
0.0796033 0.546649 0.373748
0.0617149 0.506042 0.432243
0.0255411 0.650694 0.323764
9.9991E-05 0.454363 0.545537
0.0359471 0.400278 0.563775
9.9991E-05 0.530836 0.469064
0.10783 0.40635 0.48582
0.0140469 0.454236 0.531717
0.0328061 0.504153 0.463041
9.9991E-05 0.47284 0.52706
0.0138691 0.371693 0.614438
0.096607 0.388393 0.515
0.0613093 0.50424 0.434451
0.0443308 0.448193 0.507476
0.0103022 0.589578 0.40012
9.9991E-05 0.502899 0.497001
0.0539242 0.408419 0.537657
0.0276718 0.380639 0.591689
0.101946 0.385758 0.512297
0.100569 0.434381 0.46505
0.0202704 0.537555 0.442175
0.0933087 0.325716 0.580976
0.0610013 0.313341 0.625658
0.0719058 0.327413 0.600681
9.9991E-05 0.35293 0.64697
0.0825875 0.180137 0.737275
0.0640234 0.201313 0.734663
0.148683 0.292043 0.559275
0.0923318 0.178025 0.729644
0.15915 0.165658 0.675192
0.140358 0.254983 0.604659
0.134319 0.239575 0.626106
0.105431 0.286239 0.608331
0.0800783 0.282561 0.637361
0.0622107 0.396049 0.541741
0.128306 0.286047 0.585647
0.1283 0.204372 0.667327
0.12098 0.286275 0.592744
0.00780661 0.221657 0.770536
0.0548786 0.213644 0.731477
0.138343 0.196684 0.664973
0.16693 0.246868 0.586202
0.0189003 0.177186 0.803914
0.139916 0.239024 0.621059
0.0719985 0.302373 0.625628
0.0446483 0.196029 0.759323
0.0486359 0.192002 0.759362
0.0930792 0.186417 0.720504
0.125587 0.129597 0.744816
9.9991E-05 0.219936 0.779964
0.173931 0.124683 0.701386
0.0474496 0.097239 0.855311
0.117811 0.106649 0.77554
0.102396 0.263139 0.634465
0.126529 0.101851 0.77162
0.112274 0.221585 0.666141
0.0854949 0.126924 0.787581
0.0657931 0.252978 0.681229
0.0567457 0.222883 0.720371
0.0972618 0.164418 0.738321
0.0262547 0.154782 0.818963
0.152064 0.123334 0.724602
0.0596952 0.140057 0.800247
0.0484684 0.011345 0.940187
0.0656332 0.00312302 0.931244
0.0849267 0.0673963 0.847677
0.0302809 0.0319316 0.937788
0.0738654 9.9991E-05 0.926035
0.00201468 0.123337 0.874648
0.0288311 0.0903159 0.880853
0.121944 0.0628393 0.815217
0.0763627 0.168728 0.754909
0.0201457 0.114834 0.86502
0.075208 0.0604166 0.864375
0.114839 0.0342692 0.850891
0.0754681 0.10515 0.819382
0.0947283 0.111831 0.793441
0.0788366 0.0849488 0.836215
9.999E-05 9.999E-05 0.9998
9.999E-05 9.999E-05 0.9998
9.999E-05 9.999E-05 0.9998
9.999E-05 9.999E-05 0.9998
9.999E-05 9.999E-05 0.9998
9.999E-05 9.999E-05 0.9998
9.999E-05 9.999E-05 0.9998
9.999E-05 9.999E-05 0.9998
9.999E-05 9.999E-05 0.9998
9.999E-05 9.999E-05 0.9998
0.112314 0.0350596 0.852626
9.999E-05 9.999E-05 0.9998
9.999E-05 9.999E-05 0.9998
9.999E-05 9.999E-05 0.9998
0.0385398 9.9991E-05 0.96136
0.0604323 0.00228168 0.937286
0.035419 0.0285519 0.936029
0.0324298 9.9991E-05 0.96747
0.0515803 9.9991E-05 0.94832
0.0379463 0.0442783 0.917775
0.0197627 0.0316908 0.948547
9.999E-05 9.999E-05 0.9998
0.0807221 9.9991E-05 0.919178
0.0471224 9.9991E-05 0.952778
0.063379 0.0257315 0.91089
0.0453879 0.00748813 0.947124
0.109558 9.9991E-05 0.890342
0.0573224 0.0144771 0.9282
0.00231189 9.9991E-05 0.997588
9.999E-05 9.999E-05 0.9998
9.999E-05 9.999E-05 0.9998
9.999E-05 9.999E-05 0.9998
9.999E-05 9.999E-05 0.9998
9.999E-05 9.999E-05 0.9998
9.999E-05 9.999E-05 0.9998
9.9991E-05 0.0313869 0.968513
0.0188779 9.9991E-05 0.981022
9.999E-05 9.999E-05 0.9998
0.0554194 9.9991E-05 0.944481
9.999E-05 9.999E-05 0.9998
0.0722302 9.9991E-05 0.92767
0.9998 9.999E-05 9.999E-05
0.142337 9.9991E-05 0.857563
0.9998 9.999E-05 9.999E-05
0.9998 9.999E-05 9.999E-05
0.94921 0.0152332 0.0355568
0.784824 0.0435673 0.171609
0.9998 9.999E-05 9.999E-05
0.871061 9.9991E-05 0.128839
0.995786 9.9991E-05 0.00411364
0.961346 9.9991E-05 0.0385544
0.9998 9.999E-05 9.999E-05
0.9998 9.999E-05 9.999E-05
0.999189 0.00071098 9.9991E-05
0.82366 9.99984E-05 0.17624
0.967871 9.9991E-05 0.0320293
0.882049 0.0198641 0.0980874
0.872484 9.9991E-05 0.127416
0.906267 0.0307459 0.0629867
0.96382 9.9991E-05 0.0360795
0.0412556 0.0617998 0.896945
0.0266797 0.0556374 0.917683
0.0693301 0.0773026 0.853367
0.0576046 0.0819285 0.860467
0.0419091 0.0179488 0.940142
0.00378952 9.9991E-05 0.99611
0.01971 9.9991E-05 0.98019
0.00666558 9.9991E-05 0.993234
0.019825 9.9991E-05 0.980075
0.0312889 9.9991E-05 0.968611
0.0352417 9.9991E-05 0.964658
0.025128 0.042735 0.932137
0.0557464 0.0352543 0.908999
9.9991E-05 0.0548605 0.945039
9.9991E-05 0.0147453 0.985155
9.9991E-05 0.024388 0.975512
9.9991E-05 0.0497195 0.950181
9.9991E-05 0.0283149 0.971585
9.9991E-05 0.0768 0.9231
9.9991E-05 0.0594402 0.94046
9.9991E-05 0.0496728 0.950227
9.9991E-05 0.0583385 0.941562
9.9991E-05 0.0184831 0.981417
9.9991E-05 0.022899 0.977001
9.9991E-05 0.0454328 0.954467
