9.999E-05 9.999E-05 0.9998
0.10826 0.231706 0.660035
0.140333 0.160397 0.699271
0.0242801 0.235273 0.740447
9.9991E-05 0.430496 0.569404
0.0991759 0.243511 0.657314
0.0580883 0.0868043 0.855107
0.118589 0.192015 0.689395
0.106646 0.27954 0.613814
9.999E-05 9.999E-05 0.9998
9.999E-05 9.999E-05 0.9998
9.999E-05 9.999E-05 0.9998
9.999E-05 9.999E-05 0.9998
9.999E-05 9.999E-05 0.9998
9.999E-05 9.999E-05 0.9998
0.0218836 0.432197 0.545919
0.0324365 0.455319 0.512245
0.0355791 0.262926 0.701495
0.000289838 0.536548 0.463162
0.0652742 0.503678 0.431048
9.9991E-05 0.410982 0.588918
0.0790472 0.493746 0.427207
0.103446 0.405187 0.491366
0.0513767 0.410541 0.538082
9.9991E-05 0.511521 0.488379
0.0649538 0.553348 0.381698
0.111581 0.461893 0.426525
0.0822004 0.36395 0.553849
0.0285681 0.479966 0.491466
0.0129062 0.413003 0.574091
9.9991E-05 0.443805 0.556095
0.043704 0.555951 0.400345
0.065385 0.50121 0.433406
0.0940113 0.507079 0.398909
0.10215 0.471442 0.426408
9.9991E-05 0.387328 0.612572
0.0287421 0.634644 0.336614
0.0434469 0.626327 0.330226
0.0926842 0.573038 0.334278
9.9991E-05 0.703728 0.296172
0.151423 0.660844 0.187732
0.0940507 0.690849 0.215101
0.190066 0.501055 0.308879
0.156024 0.627746 0.21623
0.143052 0.653301 0.203646
0.158672 0.5787 0.262628
0.137383 0.572305 0.290312
0.0655088 0.67469 0.259802
0.106767 0.609655 0.283579
0.12162 0.488006 0.390375
0.112016 0.627378 0.260606
0.101469 0.628597 0.269934
0.139259 0.607877 0.252864
0.0147658 0.766063 0.219172
0.0179302 0.728981 0.253089
0.191433 0.585843 0.222724
0.123199 0.610089 0.266712
0.0513428 0.6714 0.277257
0.130215 0.593345 0.27644
0.0673573 0.669951 0.262691
0.036563 0.723164 0.240273
9.9991E-05 0.789945 0.209955
0.111741 0.682531 0.205729
0.141724 0.750482 0.107794
9.9991E-05 0.779503 0.220397
0.153432 0.715579 0.130988
0.0696471 0.792397 0.137956
0.176681 0.703201 0.120117
0.0934129 0.637114 0.269473
0.139254 0.748532 0.112214
0.134934 0.583625 0.281441
0.0749316 0.797299 0.12777
0.0869996 0.654521 0.258479
0.0615197 0.668954 0.269526
0.0753538 0.760791 0.163855
0.0317128 0.79149 0.176797
0.169192 0.730279 0.100529
0.0716251 0.804509 0.123866
0.0640821 0.85342 0.0824975
0.045528 0.942504 0.0119677
0.0755028 0.848518 0.0759792
0.0739 0.926 9.9991E-05
0.0553098 0.911125 0.0335651
0.0193812 0.882214 0.0984052
0.0452442 0.854314 0.100441
0.120557 0.775194 0.104249
0.120178 0.712683 0.167139
0.015543 0.874883 0.109574
0.0633976 0.858352 0.0782505
0.124233 0.813144 0.0626238
0.0882288 0.789735 0.122036
0.0909723 0.799136 0.109892
0.116876 0.804861 0.0782628
9.999E-05 0.9998 9.999E-05
9.999E-05 0.9998 9.999E-05
9.999E-05 0.9998 9.999E-05
9.999E-05 0.9998 9.999E-05
9.999E-05 0.9998 9.999E-05
9.999E-05 0.9998 9.999E-05
9.999E-05 0.9998 9.999E-05
9.999E-05 0.9998 9.999E-05
9.999E-05 0.9998 9.999E-05
9.999E-05 0.9998 9.999E-05
0.0663042 0.908895 0.0248011
9.999E-05 0.9998 9.999E-05
9.999E-05 0.9998 9.999E-05
9.999E-05 0.9998 9.999E-05
0.0226226 0.977277 9.9991E-05
0.065283 0.934617 9.9991E-05
0.0334078 0.966492 9.9991E-05
0.0456591 0.954241 9.9991E-05
0.0511345 0.948765 9.9991E-05
9.9991E-05 0.945744 0.0541565
0.0339359 0.956362 0.00970164
9.999E-05 0.9998 9.999E-05
0.0589197 0.94098 9.9991E-05
0.0511173 0.946189 0.00269416
0.0476236 0.890744 0.0616325
0.0527889 0.918932 0.0282787
0.0951839 0.877753 0.0270626
0.0664768 0.924832 0.00869094
0.9998 9.999E-05 9.999E-05
0.113644 0.882047 0.00430921
0.9998 9.999E-05 9.999E-05
0.9998 9.999E-05 9.999E-05
0.983622 0.0158183 0.00055928
0.775893 0.199088 0.0250192
0.9998 9.999E-05 9.999E-05
0.880775 0.119125 9.9991E-05
0.98897 0.0109297 9.9991E-05
0.947561 0.0523393 9.9991E-05
0.9998 9.999E-05 9.999E-05
0.9998 9.999E-05 9.999E-05
0.971367 0.0285328 9.9991E-05
0.832217 0.167683 9.9991E-05
0.984947 9.9991E-05 0.0149527
0.875126 0.124774 9.9991E-05
0.875009 0.124891 9.9991E-05
0.855027 0.105834 0.0391382
0.98154 0.0183595 9.9991E-05
9.999E-05 0.9998 9.999E-05
9.9991E-05 0.996984 0.0029162
9.999E-05 0.9998 9.999E-05
9.999E-05 0.9998 9.999E-05
0.00469732 0.995203 9.9991E-05
9.999E-05 0.9998 9.999E-05
9.999E-05 0.9998 9.999E-05
9.9991E-05 0.98043 0.0194697
0.0247538 0.975146 9.9991E-05
0.0014518 0.998448 9.9991E-05
0.0316673 0.968233 9.9991E-05
9.999E-05 0.9998 9.999E-05
0.0958059 0.904094 9.9991E-05
0.0551495 0.880128 0.0647229
0.0489271 0.908014 0.0430592
0.0366105 0.865803 0.097587
0.0768103 0.814454 0.108735
0.00936375 0.9661 0.0245364
9.999E-05 0.9998 9.999E-05
0.0356363 0.964264 9.9991E-05
9.999E-05 0.9998 9.999E-05
0.0121556 0.987744 9.9991E-05
0.0298893 0.970011 9.9991E-05
0.00298643 0.996914 9.9991E-05
0.0751364 0.853475 0.0713882
0.0337731 0.921859 0.0443676
9.9991E-05 0.949853 0.0500469
9.9991E-05 0.964857 0.0350434
9.9991E-05 0.964123 0.0357767
9.9991E-05 0.94866 0.0512401
9.9991E-05 0.966138 0.0337621
9.9991E-05 0.927105 0.0727949
9.9991E-05 0.963654 0.036246
9.9991E-05 0.962127 0.0377729
9.9991E-05 0.944228 0.0556718
9.9991E-05 0.937077 0.0628229
9.9991E-05 0.954596 0.0453039
9.9991E-05 0.954132 0.0457682
