0.9998 9.999E-05 9.999E-05
0.697777 0.189065 0.113159
0.681671 0.147506 0.170823
0.696792 0.303108 9.9991E-05
0.487404 0.512496 9.9991E-05
0.555809 0.323604 0.120588
0.830837 0.11349 0.0556728
0.659642 0.228727 0.111631
0.636151 0.246841 0.117008
0.9998 9.999E-05 9.999E-05
0.9998 9.999E-05 9.999E-05
0.9998 9.999E-05 9.999E-05
0.9998 9.999E-05 9.999E-05
0.9998 9.999E-05 9.999E-05
0.9998 9.999E-05 9.999E-05
0.524538 0.37533 0.100132
0.505562 0.431374 0.063065
0.670092 0.304903 0.0250056
0.449965 0.508125 0.0419094
0.449738 0.516361 0.0339015
0.559296 0.440604 9.9991E-05
0.399122 0.503528 0.0973499
0.427855 0.498481 0.073664
0.504681 0.389437 0.105883
0.484023 0.515877 9.9991E-05
0.413312 0.538776 0.0479113
0.380317 0.4968 0.122883
0.536328 0.378779 0.0848927
0.436371 0.532692 0.0309375
0.5754 0.407565 0.017035
0.535107 0.454588 0.0103052
0.44397 0.534513 0.0215168
0.434963 0.490292 0.0747455
0.424487 0.478726 0.0967871
0.358448 0.555926 0.0856265
0.5961 0.391534 0.012366
0.370015 0.568753 0.0612317
0.311439 0.631712 0.056849
0.325048 0.571081 0.103871
0.385893 0.614007 9.9991E-05
0.163991 0.720586 0.115423
0.185936 0.65752 0.156544
0.318102 0.531911 0.149987
0.180734 0.692289 0.126977
0.192278 0.696832 0.110891
0.298565 0.574583 0.126852
0.257582 0.621062 0.121355
0.293284 0.593808 0.112908
0.304583 0.587602 0.107815
0.376255 0.549569 0.074176
0.279442 0.630642 0.0899152
0.234483 0.647824 0.117693
0.252089 0.635568 0.112342
0.230743 0.74908 0.0201777
0.230613 0.73517 0.0342165
0.211224 0.63786 0.150915
0.280776 0.588837 0.130387
0.204415 0.763799 0.031786
0.299854 0.553709 0.146437
0.277743 0.641624 0.0806329
0.23752 0.723834 0.0386464
0.243426 0.707328 0.0492462
0.196297 0.722631 0.0810727
0.136899 0.766538 0.0965627
0.236698 0.763202 9.9991E-05
0.149384 0.719783 0.130833
0.107844 0.84048 0.0516762
0.145137 0.767432 0.087431
0.238857 0.661814 0.0993288
0.143275 0.73628 0.120445
0.255295 0.610668 0.134036
0.129514 0.74136 0.129126
0.281537 0.642965 0.0754979
0.273968 0.666007 0.0600241
0.164015 0.78093 0.0550545
0.178838 0.780517 0.0406457
0.142977 0.703176 0.153847
0.126263 0.844663 0.0290737
0.0578577 0.8663 0.0758421
9.9991E-05 0.951958 0.047942
0.0506337 0.896697 0.0526693
0.00519216 0.926947 0.0678612
0.030279 0.901328 0.0683933
0.100923 0.898977 9.9991E-05
0.0881414 0.856186 0.0556722
0.0942428 0.772427 0.13333
0.180387 0.728179 0.0914344
0.135594 0.85532 0.0090857
0.0718583 0.862309 0.0658324
0.0586232 0.843414 0.0979623
0.133452 0.781216 0.0853317
0.132203 0.790718 0.0770786
0.0734173 0.849478 0.0771043
9.999E-05 0.9998 9.999E-05
9.9991E-05 0.996499 0.0034008
9.999E-05 0.9998 9.999E-05
9.999E-05 0.9998 9.999E-05
9.999E-05 0.9998 9.999E-05
9.999E-05 0.9998 9.999E-05
9.999E-05 0.9998 9.999E-05
9.999E-05 0.9998 9.999E-05
9.999E-05 0.9998 9.999E-05
9.999E-05 0.9998 9.999E-05
0.0268519 0.891859 0.081289
9.999E-05 0.9998 9.999E-05
9.999E-05 0.9998 9.999E-05
9.999E-05 0.9998 9.999E-05
9.9991E-05 0.987767 0.0121329
9.9991E-05 0.934329 0.0655706
0.0168992 0.949115 0.0339854
9.9991E-05 0.946948 0.0529518
9.9991E-05 0.913303 0.0865969
0.0629629 0.908504 0.0285332
0.0197622 0.901038 0.0791999
9.999E-05 0.9998 9.999E-05
9.9991E-05 0.921911 0.0779886
0.00766941 0.936267 0.0560631
0.0296087 0.88447 0.0859212
0.0143649 0.938399 0.0472356
0.015385 0.87341 0.111205
0.00979976 0.954361 0.0358388
9.9991E-05 0.9865 0.0134004
9.999E-05 0.9998 9.999E-05
9.999E-05 0.9998 9.999E-05
9.999E-05 0.9998 9.999E-05
9.999E-05 0.9998 9.999E-05
9.9991E-05 0.999214 0.00068586
9.999E-05 0.9998 9.999E-05
9.999E-05 0.9998 9.999E-05
9.9991E-05 0.957683 0.0422172
9.999E-05 0.9998 9.999E-05
9.999E-05 0.9998 9.999E-05
9.999E-05 0.9998 9.999E-05
9.9991E-05 0.927411 0.0724895
9.999E-05 9.999E-05 0.9998
0.0187426 0.888162 0.0930957
9.999E-05 9.999E-05 0.9998
9.999E-05 9.999E-05 0.9998
0.00703813 9.9991E-05 0.992862
0.0247208 0.208823 0.766456
9.999E-05 9.999E-05 0.9998
9.9991E-05 0.122638 0.877262
9.999E-05 9.999E-05 0.9998
9.9991E-05 0.0204925 0.979408
9.999E-05 9.999E-05 0.9998
9.999E-05 9.999E-05 0.9998
9.9991E-05 0.0419495 0.95795
9.9991E-05 0.204435 0.795465
0.00133562 0.0112261 0.987438
9.9991E-05 0.114895 0.885005
9.9991E-05 0.113605 0.886295
0.0472904 0.0232388 0.929471
9.9991E-05 0.0202265 0.979673
0.0745104 0.877803 0.0476862
0.100405 0.828732 0.0708628
0.0695036 0.868035 0.0624615
0.0708538 0.891392 0.0377546
9.9991E-05 0.981143 0.0187574
9.999E-05 0.9998 9.999E-05
9.999E-05 0.9998 9.999E-05
9.9991E-05 0.983646 0.0162542
9.9991E-05 0.997523 0.00237745
9.9991E-05 0.998726 0.0011738
9.9991E-05 0.998408 0.00149246
0.00812812 0.977764 0.0141075
0.0398285 0.942195 0.0179769
0.0470197 0.95288 9.9991E-05
0.0949411 0.904959 9.9991E-05
0.0584575 0.941443 9.9991E-05
0.0740055 0.925894 9.9991E-05
0.0260659 0.973834 9.9991E-05
0.0813153 0.918585 9.9991E-05
0.0389506 0.960949 9.9991E-05
0.0468727 0.953027 9.9991E-05
0.0725382 0.927362 9.9991E-05
0.060411 0.939489 9.9991E-05
0.0650726 0.934827 9.9991E-05
0.0672849 0.932615 9.9991E-05
