9.999E-05 9.999E-05 0.9998
0.116352 0.255814 0.627834
0.148607 0.157208 0.694185
0.0551455 0.292729 0.652125
0.038832 0.435622 0.525546
0.105326 0.292719 0.601955
0.0605387 0.0745356 0.864926
0.138484 0.183303 0.678213
0.111911 0.305513 0.582577
9.999E-05 9.999E-05 0.9998
9.999E-05 9.999E-05 0.9998
9.999E-05 9.999E-05 0.9998
9.999E-05 9.999E-05 0.9998
9.999E-05 9.999E-05 0.9998
9.999E-05 9.999E-05 0.9998
0.0669405 0.378008 0.555051
0.0766297 0.445792 0.477578
0.0652181 0.306189 0.628593
0.018757 0.538425 0.442818
9.9991E-05 0.608542 0.391358
9.9991E-05 0.482084 0.517816
0.133872 0.506681 0.359447
0.0906701 0.484155 0.425175
0.0540484 0.433573 0.512378
9.9991E-05 0.506709 0.493191
0.02662 0.606204 0.367176
0.106463 0.543157 0.35038
0.0963842 0.406345 0.497271
0.0499555 0.525603 0.424441
0.0234149 0.413006 0.563579
9.9991E-05 0.498931 0.500969
0.0395083 0.59076 0.369731
0.101985 0.513391 0.384624
0.0951204 0.540759 0.364121
0.079384 0.535337 0.385279
0.0198177 0.398185 0.581997
0.0625099 0.626052 0.311438
0.0702908 0.629466 0.300243
0.113362 0.574461 0.312177
0.0170953 0.654411 0.328494
0.110972 0.771623 0.117405
0.124648 0.732983 0.142368
0.139335 0.572587 0.288078
0.115901 0.684795 0.199304
0.143584 0.69553 0.160886
0.140711 0.605936 0.253353
0.143735 0.614178 0.242087
0.113399 0.642172 0.244429
0.100993 0.627509 0.271498
0.0724245 0.554662 0.372913
0.083029 0.631214 0.285757
0.116923 0.647555 0.235522
0.166802 0.593118 0.24008
0.0556633 0.73063 0.213707
0.0400898 0.722526 0.237384
0.152226 0.680364 0.16741
0.114275 0.611836 0.273889
0.033754 0.762902 0.203344
0.19079 0.545091 0.264119
0.0749252 0.662802 0.262273
0.0394047 0.74188 0.218715
0.0221957 0.805034 0.17277
0.145618 0.632351 0.222031
0.121487 0.778424 0.100089
0.0120819 0.760926 0.226992
0.159544 0.712168 0.128288
0.0763627 0.805734 0.117903
0.132713 0.716413 0.150874
0.112831 0.619748 0.267421
0.189857 0.717533 0.0926101
0.138856 0.622794 0.23835
0.105878 0.772946 0.121177
0.0906216 0.6346 0.274779
0.07863 0.69272 0.228651
0.098852 0.737566 0.163582
0.0535276 0.784304 0.162168
0.134646 0.760693 0.104661
0.0921956 0.782369 0.125435
0.0642809 0.889069 0.0466502
0.035808 0.964092 9.9991E-05
0.0816493 0.830383 0.0879674
0.0445069 0.954845 0.000648098
0.0658401 0.929692 0.00446824
9.9991E-05 0.890185 0.109715
0.0470586 0.860412 0.0925291
0.103773 0.811505 0.0847218
0.116371 0.717205 0.166424
0.00144503 0.902563 0.0959922
0.0563181 0.878719 0.0649631
0.111978 0.829568 0.0584539
0.0952211 0.798595 0.106184
0.0811227 0.804248 0.114629
0.0937825 0.806049 0.100168
9.999E-05 0.9998 9.999E-05
9.999E-05 0.9998 9.999E-05
9.999E-05 0.9998 9.999E-05
9.999E-05 0.9998 9.999E-05
9.999E-05 0.9998 9.999E-05
9.999E-05 0.9998 9.999E-05
9.999E-05 0.9998 9.999E-05
9.999E-05 0.9998 9.999E-05
9.999E-05 0.9998 9.999E-05
9.999E-05 0.9998 9.999E-05
0.0717453 0.914683 0.0135714
9.999E-05 0.9998 9.999E-05
9.999E-05 0.9998 9.999E-05
9.999E-05 0.9998 9.999E-05
0.0187385 0.981162 9.9991E-05
0.0666862 0.933214 9.9991E-05
0.0505537 0.949346 9.9991E-05
0.0513383 0.948562 9.9991E-05
0.0687867 0.931113 9.9991E-05
0.0311837 0.95397 0.014846
0.05286 0.904084 0.0430565
0.00535643 0.994544 9.9991E-05
0.0424099 0.95749 9.9991E-05
0.0398653 0.960035 9.9991E-05
0.0734952 0.903918 0.0225867
0.0305467 0.931179 0.0382747
0.0809927 0.8934 0.0256072
0.0287331 0.964676 0.00659092
0.0108834 0.989017 9.9991E-05
0.0072636 0.992636 9.9991E-05
9.999E-05 0.9998 9.999E-05
9.999E-05 0.9998 9.999E-05
9.999E-05 0.9998 9.999E-05
9.999E-05 0.9998 9.999E-05
9.999E-05 0.9998 9.999E-05
0.0221275 0.977773 9.9991E-05
9.999E-05 0.9998 9.999E-05
9.999E-05 0.9998 9.999E-05
9.999E-05 0.9998 9.999E-05
9.999E-05 0.9998 9.999E-05
0.0787434 0.921157 9.9991E-05
0.9998 9.999E-05 9.999E-05
0.106603 0.893297 9.9991E-05
0.9998 9.999E-05 9.999E-05
0.9998 9.999E-05 9.999E-05
0.9998 9.999E-05 9.999E-05
0.846188 0.136423 0.0173885
0.9998 9.999E-05 9.999E-05
0.845782 0.150525 0.00369352
0.981134 0.0187656 9.9991E-05
0.971857 0.0280426 9.9991E-05
0.997506 9.9991E-05 0.0023938
0.9998 9.999E-05 9.999E-05
0.964909 0.0257502 0.00934062
0.877491 0.122409 9.9991E-05
0.982458 0.0148651 0.0026769
0.922198 0.0616762 0.0161255
0.911225 0.0698101 0.0189652
0.922614 0.0772861 9.9991E-05
0.948258 0.0516419 9.9991E-05
0.0582794 0.858404 0.0833167
0.0661941 0.824373 0.109433
0.0766463 0.837254 0.0860995
0.0740328 0.827572 0.0983955
0.019236 0.980664 9.9991E-05
9.999E-05 0.9998 9.999E-05
0.0282939 0.971606 9.9991E-05
9.999E-05 0.9998 9.999E-05
0.00626997 0.99363 9.9991E-05
0.01984 0.98006 9.9991E-05
9.999E-05 0.9998 9.999E-05
0.0941704 0.867192 0.0386381
0.00287981 0.99702 9.9991E-05
9.9991E-05 0.958864 0.0410365
9.9991E-05 0.958146 0.0417542
9.9991E-05 0.945404 0.0544963
9.9991E-05 0.939945 0.0599552
9.9991E-05 0.962168 0.0377319
9.9991E-05 0.912958 0.0869417
9.9991E-05 0.916583 0.0833171
9.9991E-05 0.955501 0.0443994
9.9991E-05 0.900487 0.0994128
9.9991E-05 0.952673 0.0472266
9.9991E-05 0.936716 0.0631842
9.9991E-05 0.924229 0.0756715
