9.999E-05 9.999E-05 0.9998
0.102823 0.152485 0.744692
0.149669 0.0906728 0.759658
0.00870698 0.162453 0.82884
9.9991E-05 0.395177 0.604723
0.0845806 0.250179 0.66524
0.057684 0.0150999 0.927216
0.0907472 0.185322 0.723931
0.106691 0.237698 0.655611
9.999E-05 9.999E-05 0.9998
9.999E-05 9.999E-05 0.9998
9.999E-05 9.999E-05 0.9998
9.999E-05 9.999E-05 0.9998
9.999E-05 9.999E-05 0.9998
9.999E-05 9.999E-05 0.9998
0.0442696 0.373186 0.582544
0.0613704 0.474275 0.464355
0.00919633 0.21382 0.776984
9.9991E-05 0.457082 0.542818
0.0117144 0.45748 0.530806
0.00761497 0.358108 0.634277
0.0927629 0.441637 0.4656
0.0710856 0.405132 0.523783
0.0167935 0.373596 0.60961
9.9991E-05 0.424369 0.575531
0.0311262 0.51878 0.450094
0.121267 0.424839 0.453894
0.104713 0.274624 0.620663
0.0240183 0.424804 0.551178
0.00176153 0.354208 0.64403
9.9991E-05 0.418005 0.581895
0.088541 0.459428 0.452031
0.0589629 0.466539 0.474498
0.0786887 0.47532 0.445991
0.0577471 0.448112 0.494141
9.9991E-05 0.313461 0.686439
0.0439401 0.574763 0.381297
0.0552029 0.574225 0.370572
0.0856562 0.548763 0.36558
9.9991E-05 0.60027 0.39963
0.101242 0.719355 0.179402
0.129079 0.643622 0.227299
0.116219 0.52602 0.357762
0.119837 0.650242 0.229921
0.117262 0.665853 0.216886
0.129735 0.564378 0.305886
0.104051 0.598679 0.297269
0.110565 0.592769 0.296666
0.0399438 0.637786 0.32227
0.0772087 0.466724 0.456067
0.111558 0.566014 0.322428
0.13446 0.57245 0.29309
0.103858 0.555588 0.340554
0.0607937 0.635393 0.303814
0.0633992 0.704914 0.231686
0.139985 0.645204 0.21481
0.114355 0.553655 0.33199
0.0445373 0.684819 0.270644
0.129049 0.548438 0.322513
0.0382393 0.63875 0.323011
0.053017 0.668512 0.278471
0.00709417 0.747913 0.244993
0.0906807 0.672277 0.237042
0.10633 0.70432 0.18935
9.9991E-05 0.688069 0.311831
0.126285 0.671619 0.202095
0.0392229 0.831141 0.129637
0.106732 0.727841 0.165427
0.0803343 0.576414 0.343252
0.140439 0.709915 0.149646
0.113087 0.608541 0.278372
0.145426 0.698232 0.156342
0.119931 0.553425 0.326644
0.0858899 0.632485 0.281625
0.062983 0.716845 0.220172
0.0762884 0.751 0.172712
0.117957 0.702713 0.179329
0.0842076 0.785192 0.130601
0.0607236 0.92687 0.0124066
0.0303242 0.962314 0.00736204
0.0861038 0.873055 0.0408412
0.0791488 0.894658 0.0261929
0.0578757 0.896732 0.0453927
0.0123071 0.833356 0.154337
0.0504101 0.844569 0.105021
0.0923779 0.823119 0.0845029
0.104172 0.714458 0.18137
0.0170051 0.860609 0.122386
0.0144832 0.897831 0.0876862
0.105851 0.808668 0.0854813
0.0720856 0.782434 0.14548
0.0974165 0.73887 0.163713
0.0897955 0.825122 0.0850821
9.999E-05 0.9998 9.999E-05
9.999E-05 0.9998 9.999E-05
9.999E-05 0.9998 9.999E-05
9.999E-05 0.9998 9.999E-05
9.999E-05 0.9998 9.999E-05
9.999E-05 0.9998 9.999E-05
9.999E-05 0.9998 9.999E-05
9.999E-05 0.9998 9.999E-05
9.999E-05 0.9998 9.999E-05
9.999E-05 0.9998 9.999E-05
0.074994 0.879018 0.0459883
9.999E-05 0.9998 9.999E-05
9.999E-05 0.9998 9.999E-05
9.999E-05 0.9998 9.999E-05
0.0505665 0.949334 9.9991E-05
0.0658058 0.934094 9.9991E-05
0.0228056 0.972389 0.00480547
0.0478571 0.952043 9.9991E-05
0.0470662 0.952834 9.9991E-05
0.0100348 0.918352 0.071613
0.0261941 0.899044 0.0747617
0.0184912 0.981409 9.9991E-05
0.0616167 0.936385 0.00199789
0.0704105 0.92949 9.9991E-05
0.0422406 0.909962 0.0477974
0.0339696 0.953106 0.0129244
0.0701824 0.884387 0.0454309
0.0742769 0.899145 0.0265781
0.0286538 0.971246 9.9991E-05
9.999E-05 0.9998 9.999E-05
9.999E-05 0.9998 9.999E-05
9.999E-05 0.9998 9.999E-05
9.999E-05 0.9998 9.999E-05
9.999E-05 0.9998 9.999E-05
9.999E-05 0.9998 9.999E-05
0.003572 0.984305 0.0121234
0.0189809 0.980919 9.9991E-05
9.999E-05 0.9998 9.999E-05
0.00280139 0.997099 9.9991E-05
9.999E-05 0.9998 9.999E-05
0.112829 0.887071 9.9991E-05
0.9998 9.999E-05 9.999E-05
0.102387 0.87662 0.0209936
0.9998 9.999E-05 9.999E-05
0.9998 9.999E-05 9.999E-05
0.9998 9.999E-05 9.999E-05
0.772541 0.185907 0.0415522
0.9998 9.999E-05 9.999E-05
0.928911 0.0709892 9.9991E-05
0.9998 9.999E-05 9.999E-05
0.988631 0.011269 9.9991E-05
0.9998 9.999E-05 9.999E-05
0.9998 9.999E-05 9.999E-05
0.9998 9.999E-05 9.999E-05
0.853122 0.146778 9.9991E-05
0.933015 0.0281085 0.0388767
0.87251 0.0899788 0.0375111
0.904222 0.0929683 0.00280926
0.838093 0.138047 0.0238603
0.959639 0.0390258 0.00133516
0.0685279 0.858049 0.0734235
0.0662572 0.836002 0.0977403
0.0797148 0.824401 0.0958843
0.0937305 0.825814 0.0804558
0.00277771 0.938344 0.0588784
0.00483286 0.995067 9.9991E-05
0.0393366 0.960563 9.9991E-05
9.999E-05 0.9998 9.999E-05
0.0382877 0.961612 9.9991E-05
0.0506339 0.949266 9.9991E-05
0.0259943 0.962442 0.0115638
0.0628293 0.861824 0.0753467
0.0251818 0.895556 0.0792621
9.9991E-05 0.948701 0.0511987
9.9991E-05 0.939889 0.0600108
9.9991E-05 0.954706 0.0451945
9.9991E-05 0.915449 0.0844512
9.9991E-05 0.972787 0.0271128
9.9991E-05 0.888351 0.111549
9.9991E-05 0.956754 0.043146
9.9991E-05 0.93116 0.0687399
9.9991E-05 0.936937 0.0629632
9.9991E-05 0.955683 0.0442168
9.9991E-05 0.963838 0.0360615
9.9991E-05 0.950036 0.049864
