9.999E-05 9.999E-05 0.9998
0.0722705 9.9991E-05 0.92763
9.999E-05 0.138016 0.861884
0.0852228 0.105384 0.809394
0.00928755 0.118133 0.872579
9.999E-05 9.999E-05 0.9998
0.0621031 0.0685293 0.869368
9.999E-05 0.096177 0.903723
9.9991E-05 0.263798 0.736102
0.0575034 0.311927 0.63057
0.151464 9.9991E-05 0.848436
0.145366 9.9991E-05 0.854534
0.0718815 9.9991E-05 0.928019
0.20369 0.00869426 0.787616
0.257488 9.9991E-05 0.742412
0.107441 9.9991E-05 0.892459
0.095989 0.010095 0.893916
0.300601 0.181053 0.518346
0.135137 0.203639 0.661225
9.9991E-05 0.111333 0.888567
0.218319 0.0188097 0.762872
0.170244 9.9991E-05 0.829656
0.139894 9.9991E-05 0.860006
0.18327 0.0373216 0.779409
0.372324 9.9991E-05 0.627576
0.301242 0.0824956 0.616262
0.134541 0.435082 0.430377
0.379267 0.113892 0.506841
0.377023 0.138207 0.48477
0.467446 9.9991E-05 0.532454
0.197764 0.802136 9.9991E-05
0.0721805 0.765944 0.161876
0.107321 0.864522 0.0281578
9.9991E-05 0.990197 0.00970291
0.06348 0.688887 0.247633
0.0304264 0.841016 0.128558
9.9991E-05 0.614907 0.384993
0.0234978 0.81353 0.162972
9.9991E-05 0.982813 0.0170874
0.33637 0.537099 0.126531
9.9991E-05 0.980413 0.0194872
0.326062 0.45485 0.219088
0.0931086 0.782058 0.124833
0.0802159 0.791107 0.128677
0.144867 0.855033 9.9991E-05
0.0759341 0.880058 0.0440075
0.110183 0.889717 9.9991E-05
0.104071 0.895829 9.9991E-05
0.0177772 0.815083 0.16714
0.14031 0.836601 0.0230894
0.116103 0.883797 9.9991E-05
9.999E-05 0.9998 9.999E-05
0.32891 0.67099 9.9991E-05
0.0638336 0.936066 9.9991E-05
9.999E-05 0.9998 9.999E-05
0.270997 0.728903 9.9991E-05
0.846289 0.153611 9.9991E-05
0.670657 0.225537 0.103805
0.654115 0.3245 0.0213846
0.597223 0.214999 0.187778
0.738722 0.23068 0.030598
0.546938 0.452962 9.9991E-05
0.74439 0.236196 0.0194134
0.9998 9.999E-05 9.999E-05
0.891592 0.0798733 0.028535
0.986145 0.0137546 9.9991E-05
0.9998 9.999E-05 9.999E-05
0.9998 9.999E-05 9.999E-05
0.9998 9.999E-05 9.999E-05
0.993451 0.00644897 9.9991E-05
0.924545 0.075355 9.9991E-05
0.608758 0.361488 0.0297544
0.925559 0.0743408 9.9991E-05
0.72123 0.227102 0.0516683
0.9998 9.999E-05 9.999E-05
0.9998 9.999E-05 9.999E-05
0.747445 0.187493 0.0650629
