9.999E-05 0.9998 9.999E-05
0.0742998 0.623486 0.302214
0.175835 0.685206 0.138959
0.059327 0.670248 0.270425
0.0069912 0.514501 0.478507
0.108898 0.600583 0.290519
0.058485 0.795894 0.145621
0.120574 0.638086 0.24134
0.106098 0.575503 0.318399
9.999E-05 0.9998 9.999E-05
9.999E-05 0.9998 9.999E-05
9.999E-05 0.9998 9.999E-05
9.999E-05 0.9998 9.999E-05
9.999E-05 0.9998 9.999E-05
9.999E-05 0.9998 9.999E-05
0.0640961 0.576501 0.359403
0.0883781 0.452096 0.459526
0.00526945 0.642924 0.351807
9.9991E-05 0.436237 0.563663
0.0185425 0.417833 0.563624
0.0169319 0.513247 0.469821
0.0734777 0.374939 0.551583
0.0546779 0.417994 0.527328
0.0325481 0.514772 0.45268
9.9991E-05 0.473222 0.526678
0.00242571 0.374308 0.623266
0.121475 0.383322 0.495203
0.0403165 0.496669 0.463015
0.0318695 0.44718 0.520951
0.017892 0.555795 0.426313
9.9991E-05 0.507328 0.492572
0.0167669 0.397388 0.585845
0.0715443 0.400981 0.527475
0.114321 0.382094 0.503585
0.103541 0.404269 0.492191
9.9991E-05 0.581522 0.418378
0.0546039 0.333497 0.611899
0.039886 0.316171 0.643943
0.0679016 0.313234 0.618865
0.0273232 0.327732 0.644945
0.115764 0.160157 0.724079
0.107524 0.166477 0.725998
0.124755 0.265979 0.609266
0.0828516 0.194058 0.72309
0.144564 0.184533 0.670903
0.135864 0.276864 0.587272
0.126543 0.247766 0.625691
0.0991505 0.24583 0.65502
0.0815155 0.263814 0.65467
0.0796431 0.347783 0.572574
0.127889 0.260759 0.611352
0.119521 0.206705 0.673774
0.0871989 0.25341 0.659391
9.9991E-05 0.225523 0.774377
0.0549779 0.219326 0.725696
0.165747 0.189181 0.645072
0.0958435 0.263134 0.641023
0.0238339 0.175935 0.800231
0.105941 0.256277 0.637782
0.101167 0.273434 0.625399
0.0639184 0.232394 0.703688
0.00517515 0.213782 0.781042
0.151617 0.202481 0.645902
0.125116 0.0976448 0.777239
9.9991E-05 0.238199 0.761701
0.149526 0.156146 0.694329
0.046604 0.105479 0.847917
0.114933 0.0953029 0.789764
0.0895714 0.238952 0.671477
0.151278 0.10855 0.740172
0.12625 0.236642 0.637108
0.0711329 0.122903 0.805964
0.07222 0.296579 0.631201
0.0612044 0.25349 0.685305
0.107692 0.162266 0.730042
0.0053643 0.178288 0.816348
0.140932 0.143719 0.715349
0.0249061 0.166489 0.808605
0.108704 0.0588058 0.83249
0.0633067 9.9991E-05 0.936593
0.0836019 0.0600541 0.856344
0.0318364 0.0180857 0.950078
0.0602642 0.0116609 0.928075
0.0419233 0.152048 0.806029
0.055015 0.103763 0.841222
0.111057 0.0599222 0.829021
0.129729 0.157563 0.712708
0.0111364 0.113705 0.875159
0.102269 0.0680386 0.829692
0.113019 0.0975286 0.789453
0.079241 0.123475 0.797284
0.0752986 0.114706 0.809995
0.103374 0.0751741 0.821452
9.999E-05 9.999E-05 0.9998
9.999E-05 9.999E-05 0.9998
9.999E-05 9.999E-05 0.9998
9.999E-05 9.999E-05 0.9998
9.999E-05 9.999E-05 0.9998
9.999E-05 9.999E-05 0.9998
9.999E-05 9.999E-05 0.9998
9.999E-05 9.999E-05 0.9998
9.999E-05 9.999E-05 0.9998
9.999E-05 9.999E-05 0.9998
0.0865325 0.0227274 0.89074
9.999E-05 9.999E-05 0.9998
9.999E-05 9.999E-05 0.9998
9.999E-05 9.999E-05 0.9998
0.0219868 9.9991E-05 0.977913
0.0634009 9.9991E-05 0.936499
0.0443055 0.00404624 0.951648
0.0442789 9.9991E-05 0.955621
0.0583275 9.9991E-05 0.941573
0.0180526 0.042159 0.939788
0.0571278 0.0598642 0.883008
0.0030574 9.9991E-05 0.996843
0.115359 9.9991E-05 0.884542
0.0473866 9.9991E-05 0.952513
0.0766184 0.0303935 0.892988
0.0315091 0.04958 0.918911
0.103111 0.060499 0.83639
0.0418228 0.0383607 0.919816
0.00521067 9.9991E-05 0.994689
9.999E-05 9.999E-05 0.9998
9.999E-05 9.999E-05 0.9998
9.999E-05 9.999E-05 0.9998
9.999E-05 9.999E-05 0.9998
9.999E-05 9.999E-05 0.9998
9.999E-05 9.999E-05 0.9998
9.999E-05 9.999E-05 0.9998
0.0614132 9.9991E-05 0.938487
9.999E-05 9.999E-05 0.9998
0.0269481 9.9991E-05 0.972952
9.999E-05 9.999E-05 0.9998
0.0968913 9.9991E-05 0.903009
0.9998 9.999E-05 9.999E-05
0.0960123 9.9991E-05 0.903888
0.9998 9.999E-05 9.999E-05
0.9998 9.999E-05 9.999E-05
0.97691 0.0229902 9.9991E-05
0.817995 0.00897679 0.173028
0.9998 9.999E-05 9.999E-05
0.854093 0.00691741 0.13899
0.976431 9.9991E-05 0.0234686
0.934288 9.9991E-05 0.0656125
0.9998 9.999E-05 9.999E-05
0.968141 9.9991E-05 0.0317592
0.9998 9.999E-05 9.999E-05
0.83242 9.9991E-05 0.16748
0.96503 0.0103636 0.0246063
0.888198 9.9991E-05 0.111703
0.870745 0.0092781 0.119977
0.919379 0.0221656 0.0584551
0.926748 0.0241671 0.0490853
0.0546357 0.0737997 0.871565
0.063612 0.0769348 0.859453
0.0777942 0.0741295 0.848076
0.0645933 0.122498 0.812909
0.036589 0.00890677 0.954504
9.999E-05 9.999E-05 0.9998
0.0275848 9.9991E-05 0.972315
0.00557548 9.9991E-05 0.994325
0.0176887 9.9991E-05 0.982211
0.0144625 9.9991E-05 0.985438
0.0137843 9.9991E-05 0.986116
0.0364587 0.0705779 0.892963
0.0929369 0.0392365 0.867827
9.9991E-05 0.0378628 0.962037
9.9991E-05 0.0464079 0.953492
9.9991E-05 0.0288436 0.971056
9.9991E-05 0.043383 0.956517
9.999E-05 9.999E-05 0.9998
9.9991E-05 0.0942429 0.905657
9.9991E-05 0.0346567 0.965243
9.9991E-05 0.04622 0.95368
9.9991E-05 0.0715259 0.928374
9.9991E-05 0.0403316 0.959568
9.9991E-05 0.0412089 0.958691
9.9991E-05 0.0342714 0.965629
