9.995E-05 0.9994 9.995E-05 9.995E-05 9.995E-05 9.995E-05 9.995E-05
0.0978978 0.8197 9.9973E-05 9.9973E-05 0.0029251 0.0791769 9.9973E-05
9.995E-05 9.995E-05 9.995E-05 9.995E-05 9.995E-05 0.9994 9.995E-05
9.9964E-05 9.9964E-05 9.9964E-05 0.228154 0.0113545 0.760092 9.9964E-05
0.119612 0.754996 9.9973E-05 9.9973E-05 9.9973E-05 0.0813148 0.0437773
9.996E-05 0.817911 9.996E-05 0.0878287 9.996E-05 0.0938603 9.996E-05
9.9964E-05 0.930319 9.9964E-05 9.9964E-05 0.00960594 9.9964E-05 0.059675
9.9955E-05 0.922128 9.9955E-05 9.9955E-05 9.9955E-05 9.9955E-05 0.0773725
9.9964E-05 0.0558271 9.9964E-05 9.9964E-05 9.9964E-05 0.83206 0.111714
0.04989 0.440259 0.314222 9.9991E-05 0.0307405 0.12648 0.0383094
9.997E-05 9.997E-05 9.997E-05 0.83544 0.0173195 0.0338835 0.113057
9.9964E-05 9.9964E-05 0.0616744 0.930226 0.00769989 9.9964E-05 9.9964E-05
9.9964E-05 0.110481 9.9964E-05 0.816613 9.9964E-05 0.0725058 9.9964E-05
9.997E-05 9.997E-05 0.173477 0.731771 0.0522823 0.0421705 9.997E-05
9.9973E-05 9.9973E-05 0.165299 0.674442 0.0618541 0.0981045 9.9973E-05
9.995E-05 9.995E-05 9.995E-05 0.9994 9.995E-05 9.995E-05 9.995E-05
9.995E-05 9.995E-05 9.995E-05 0.9994 9.995E-05 9.995E-05 9.995E-05
0.130499 9.9973E-05 0.267593 0.587902 9.9973E-05 0.0137056 9.9973E-05
0.0207202 9.9991E-05 0.242333 0.680925 0.00691908 0.00787328 0.0411294
9.9955E-05 9.9955E-05 9.9955E-05 0.902967 9.9955E-05 0.0965331 9.9955E-05
0.108919 0.0071586 0.0404708 0.784745 9.9991E-05 0.0530335 0.00557393
0.0396712 0.344269 0.0468274 0.568932 9.9973E-05 9.9973E-05 9.9973E-05
0.0371462 0.0469119 9.99652E-05 0.915542 9.99652E-05 9.99652E-05 9.99652E-05
0.0746397 0.0584595 0.0571783 0.809423 9.9973E-05 9.9973E-05 9.9973E-05
0.0489171 9.9973E-05 0.210383 0.718075 0.0223251 9.9973E-05 9.9973E-05
0.142694 0.118149 0.154493 0.584364 9.9973E-05 9.9973E-05 9.9973E-05
0.0201082 9.9982E-05 0.013568 0.66764 9.9982E-05 0.00371831 0.294766
0.384622 0.0194635 9.9991E-05 0.44957 0.011267 0.0800673 0.0549096
0.306397 0.0304068 0.177755 0.485141 9.9973E-05 9.9973E-05 9.9973E-05
0.311949 9.9964E-05 9.9964E-05 0.624623 9.9964E-05 9.9964E-05 0.0630288
0.273039 9.9973E-05 0.357448 9.9973E-05 9.9973E-05 0.251417 0.117796
0.216956 9.9973E-05 0.284169 9.9973E-05 9.9973E-05 0.273205 0.22537
0.122128 9.9955E-05 0.877372 9.9955E-05 9.9955E-05 9.9955E-05 9.9955E-05
9.9964E-05 0.00196081 0.676271 9.9964E-05 9.9964E-05 9.9964E-05 0.321368
9.9964E-05 9.9964E-05 0.850171 0.141144 0.00828506 9.9964E-05 9.9964E-05
0.0483629 9.9964E-05 0.895446 9.9964E-05 9.9964E-05 0.0557916 9.9964E-05
9.9964E-05 0.21929 0.756901 9.9964E-05 0.0234087 9.9964E-05 9.9964E-05
0.168036 0.00713306 0.716045 0.108486 9.9973E-05 9.9973E-05 9.9973E-05
9.9955E-05 9.9955E-05 0.996742 9.9955E-05 0.002758 9.9955E-05 9.9955E-05
0.313915 9.9973E-05 0.558702 0.100532 0.0265512 9.9973E-05 9.9973E-05
0.0641356 0.00031883 0.935146 9.9964E-05 9.9964E-05 9.9964E-05 9.9964E-05
0.311934 0.0628049 0.429914 0.0880694 9.9991E-05 0.00017923 0.106999
0.119029 9.9955E-05 0.880471 9.9955E-05 9.9955E-05 9.9955E-05 9.9955E-05
9.998E-05 0.0157941 0.674364 0.0301296 0.0233345 9.998E-05 0.256177
0.214024 9.9964E-05 9.9964E-05 9.9964E-05 9.9964E-05 0.149006 0.636571
0.0906626 0.0265891 0.107288 0.0581685 0.00271937 9.9991E-05 0.714473
0.0848026 9.9982E-05 0.0394791 0.00224285 0.013573 9.9982E-05 0.859702
0.11001 9.9955E-05 9.9955E-05 9.9955E-05 9.9955E-05 9.9955E-05 0.889491
0.0239052 0.0760626 0.315242 0.0682146 9.9982E-05 9.9982E-05 0.516376
0.103729 0.0622997 0.423049 9.9973E-05 9.9973E-05 9.9973E-05 0.410622
0.152765 9.9964E-05 9.9964E-05 9.9964E-05 9.9964E-05 0.0299178 0.816918
9.9955E-05 0.0236 9.9955E-05 9.9955E-05 9.9955E-05 9.9955E-05 0.9759
0.157316 9.9964E-05 9.9964E-05 9.9964E-05 0.00225931 9.9964E-05 0.840025
0.116194 9.9964E-05 0.0820027 9.9964E-05 9.9964E-05 9.9964E-05 0.801403
0.0277685 9.9964E-05 0.0485951 9.9964E-05 9.9964E-05 9.9964E-05 0.923237
0.0846347 9.9973E-05 9.9973E-05 9.9973E-05 0.0666723 0.0321709 0.816222
0.861539 9.9973E-05 0.0632975 0.0534235 9.9973E-05 0.0214402 9.9973E-05
0.768931 0.0194647 0.0865204 0.0461258 9.9991E-05 0.00193595 0.0769218
0.83012 9.9964E-05 9.9964E-05 9.9964E-05 9.9964E-05 0.110224 0.0592564
0.709494 0.185865 0.0711481 9.9973E-05 9.9973E-05 9.9973E-05 0.0331933
0.88362 0.0269123 9.9973E-05 0.0134843 9.9973E-05 9.9973E-05 0.0756838
0.47086 0.0528109 0.313414 9.999E-05 0.0972321 0.0413212 0.0242622
0.89777 0.0168266 0.0850038 9.9964E-05 9.9964E-05 9.9964E-05 9.9964E-05
0.988627 9.99551E-05 9.99551E-05 9.99551E-05 0.010873 9.99551E-05 9.99551E-05
0.919526 9.9973E-05 0.0315868 0.0394875 0.00909969 9.9973E-05 9.9973E-05
0.9994 9.995E-05 9.995E-05 9.995E-05 9.995E-05 9.995E-05 9.995E-05
0.9994 9.995E-05 9.995E-05 9.995E-05 9.995E-05 9.995E-05 9.995E-05
0.938334 9.9982E-05 9.9982E-05 0.0149387 0.0225039 0.00584326 0.0181796
0.985153 9.9955E-05 9.9955E-05 9.9955E-05 0.0143469 9.9955E-05 9.9955E-05
0.990352 9.9955E-05 9.9955E-05 9.9955E-05 9.9955E-05 0.00914803 9.9955E-05
0.932184 9.996E-05 0.0658199 9.996E-05 0.00159596 9.996E-05 9.996E-05
0.702696 0.0949549 0.190595 9.998E-05 0.00891127 9.998E-05 0.00264262
0.916924 9.9964E-05 9.9964E-05 9.9964E-05 9.9964E-05 0.00225487 0.0804208
0.688617 0.0437278 0.187655 9.9982E-05 0.0713423 9.9982E-05 0.00845819
0.256016 9.9991E-05 0.0644272 0.0445435 0.565482 0.00474884 0.0646826
9.995E-05 9.995E-05 9.995E-05 9.995E-05 0.9994 9.995E-05 9.995E-05
0.621652 0.0262045 0.223472 9.9982E-05 0.0717825 9.9982E-05 0.0566887
