0.999201 9.993E-05 9.993E-05 9.993E-05 9.993E-05 9.993E-05 9.993E-05 9.993E-05 9.993E-05
0.256648 0.0900002 0.595302 9.9955E-05 9.9955E-05 9.9955E-05 0.0575497 9.9955E-05 9.9955E-05
0.234063 0.0615737 0.597977 9.9955E-05 9.9955E-05 9.9955E-05 0.105887 9.9955E-05 9.9955E-05
0.216464 9.99461E-05 0.681085 0.101851 9.99461E-05 9.99461E-05 9.99461E-05 9.99461E-05 9.99461E-05
0.0953586 9.9982E-05 0.618665 0.138926 0.0161955 0.0617624 9.9982E-05 0.0541592 0.0147339
0.158147 9.9964E-05 0.542669 0.183286 9.9964E-05 9.9964E-05 0.0454275 9.9964E-05 0.0700695
0.247891 9.9946E-05 0.740932 9.9946E-05 9.9946E-05 9.9946E-05 0.0105777 9.9946E-05 9.9946E-05
0.288355 0.00265268 0.478346 0.131614 0.0284049 9.9973E-05 0.0703272 9.9973E-05 9.9973E-05
0.155462 0.0436414 0.611017 0.0842917 0.0173113 0.0319715 0.0561049 9.9982E-05 9.9982E-05
0.999201 9.993E-05 9.993E-05 9.993E-05 9.993E-05 9.993E-05 9.993E-05 9.993E-05 9.993E-05
0.993911 9.9937E-05 9.9937E-05 9.9937E-05 9.9937E-05 9.9937E-05 9.9937E-05 9.9937E-05 0.00538922
0.990255 9.9937E-05 9.9937E-05 9.9937E-05 9.9937E-05 0.00904564 9.9937E-05 9.9937E-05 9.9937E-05
0.999201 9.993E-05 9.993E-05 9.993E-05 9.993E-05 9.993E-05 9.993E-05 9.993E-05 9.993E-05
0.935787 9.9937E-05 9.9937E-05 9.9937E-05 9.9937E-05 9.9937E-05 9.9937E-05 0.0635138 9.9937E-05
0.917088 0.000262309 9.9955E-05 0.0629589 0.0191906 9.9955E-05 9.9955E-05 9.9955E-05 9.9955E-05
0.146086 9.9982E-05 0.481242 0.252588 0.0223503 0.0769929 0.0116864 0.00885479 9.9982E-05
0.20178 0.0523873 0.333776 0.16402 0.0836657 0.0411894 0.042561 0.0805206 9.9991E-05
0.193782 9.9964E-05 0.691753 0.0444221 9.9964E-05 0.0152422 9.9964E-05 9.9964E-05 0.054401
9.9964E-05 0.0213031 0.875055 0.0446668 9.9964E-05 0.0280034 9.9964E-05 0.0305721 9.9964E-05
9.9955E-05 9.9955E-05 0.913037 9.9955E-05 0.0207238 9.9955E-05 9.9955E-05 0.0573456 0.0083938
0.0137147 0.0292524 0.893626 9.9964E-05 9.9964E-05 0.0266888 9.9964E-05 9.9964E-05 0.0363186
9.9982E-05 0.0163251 0.787478 0.00120048 0.0409364 9.9982E-05 0.0607509 0.0822961 0.0108127
9.9955E-05 9.9955E-05 0.872574 9.9955E-05 9.9955E-05 0.021681 0.000311189 0.104934 9.9955E-05
9.9946E-05 9.9946E-05 0.978619 9.9946E-05 0.00174388 9.9946E-05 9.9946E-05 0.0190379 9.9946E-05
9.9964E-05 9.9964E-05 0.893319 0.0651899 0.015481 9.9964E-05 9.9964E-05 0.00946381 0.0161462
9.9982E-05 9.9982E-05 0.665107 0.0982456 0.0741275 0.0522577 0.00940914 0.0036161 0.0970373
9.9973E-05 9.9973E-05 0.679962 0.0663149 9.9973E-05 0.0891686 0.0658177 0.0128677 0.0855688
9.9955E-05 9.9955E-05 0.919446 0.0548822 0.00879359 9.9955E-05 0.0163782 9.9955E-05 9.9955E-05
0.0202734 0.00313295 0.760978 0.0257502 0.033816 0.0281578 0.00124211 0.0114997 0.11515
0.0344233 9.9946E-05 0.922778 9.9946E-05 9.9946E-05 9.9946E-05 9.9946E-05 9.9946E-05 0.042199
9.9946E-05 9.9946E-05 0.957533 9.9946E-05 9.9946E-05 0.00914612 9.9946E-05 0.0327213 9.9946E-05
9.9973E-05 0.0235191 0.77881 0.0465127 0.0615051 0.0398114 0.0495416 9.9973E-05 9.9973E-05
9.9964E-05 9.9964E-05 0.716357 9.9964E-05 9.9964E-05 0.0345602 0.0500073 0.0108852 0.187791
0.0390259 9.9982E-05 0.633812 0.00166484 0.0894739 9.9982E-05 0.057895 0.0036368 0.174292
9.9973E-05 9.9973E-05 0.762979 0.0109867 9.9973E-05 0.00483733 0.00294882 0.174324 0.0436246
0.0503212 9.9946E-05 0.93996 9.9946E-05 9.9946E-05 9.9946E-05 9.9946E-05 9.9946E-05 0.00911929
9.9964E-05 9.9964E-05 0.492285 0.326424 9.9964E-05 9.9964E-05 0.000381884 0.00392885 0.17658
9.9973E-05 9.9973E-05 0.558199 0.0320287 9.9973E-05 0.0562408 0.0333358 0.039858 0.280038
9.9973E-05 0.0221242 0.564361 0.0196748 9.9973E-05 0.0648327 0.0514162 9.9973E-05 0.277291
9.9955E-05 9.9955E-05 0.570742 0.0531709 9.9955E-05 0.0285322 9.9955E-05 9.9955E-05 0.347055
9.9973E-05 0.0671945 0.0750099 0.651948 0.0658676 9.9973E-05 0.0610268 9.9973E-05 0.0786533
9.9982E-05 0.0227911 0.0971153 0.664704 0.0730093 0.0217417 0.0455083 9.9982E-05 0.0749298
0.0410585 0.0471953 0.240026 0.525488 0.0646392 9.9973E-05 0.0812926 9.9973E-05 9.9973E-05
9.9982E-05 0.0425717 0.0690111 0.677462 0.0143827 0.0335715 0.0260293 9.9982E-05 0.136772
9.9973E-05 9.9973E-05 0.20133 0.373816 0.0395608 0.0798117 0.0913124 9.9973E-05 0.213869
9.993E-05 9.993E-05 9.993E-05 0.999201 9.993E-05 9.993E-05 9.993E-05 9.993E-05 9.993E-05
9.993E-05 9.993E-05 9.993E-05 0.999201 9.993E-05 9.993E-05 9.993E-05 9.993E-05 9.993E-05
9.9973E-05 9.9973E-05 0.346176 0.416471 0.0498927 0.0307059 0.0830724 9.9973E-05 0.0733815
0.0596444 9.9991E-05 0.190286 0.504336 0.0438344 0.0902438 0.0275246 0.0322016 0.0518287
0.0995302 0.0263608 0.370205 0.30283 0.0721958 0.00171452 0.00842092 9.9991E-05 0.118643
0.0417175 9.9973E-05 0.234035 0.372824 9.9973E-05 0.0534591 0.0371701 9.9973E-05 0.260494
9.9982E-05 9.9982E-05 0.201352 0.567193 0.0333089 0.0296288 0.0601928 0.0262885 0.0818365
0.0158748 9.9955E-05 0.0497834 0.908309 9.9955E-05 0.025533 9.9955E-05 9.9955E-05 9.9955E-05
0.0475227 9.9973E-05 0.225324 0.292869 9.9973E-05 0.0538288 9.9973E-05 0.059768 0.320388
0.0572979 9.9973E-05 0.206361 0.264463 0.0265708 9.9973E-05 9.9973E-05 0.0539986 0.39101
9.9982E-05 0.00692103 0.146528 0.570311 0.0689538 0.0176585 0.0698189 9.9982E-05 0.119608
0.074402 9.9982E-05 0.178354 0.32136 0.0618177 0.0627785 0.0665295 9.9982E-05 0.234559
9.9982E-05 0.0163282 0.20103 0.46625 0.0434511 0.0473345 0.0162455 9.9982E-05 0.209161
9.9937E-05 9.9937E-05 9.9937E-05 0.985165 9.9937E-05 9.9937E-05 0.0141354 9.9937E-05 9.9937E-05
0.0520125 0.00348091 0.182384 0.424452 0.0124156 0.101381 9.9982E-05 9.9982E-05 0.223673
9.9964E-05 9.9964E-05 0.201581 0.557163 0.0713125 0.0836206 9.9964E-05 0.085923 9.9964E-05
0.0360856 0.0293495 0.047018 0.634077 0.0921185 0.012781 9.9982E-05 9.9982E-05 0.148371
0.0136492 0.0603386 0.141235 0.453473 0.0382626 0.0537098 0.00412744 9.9991E-05 0.235104
9.9973E-05 0.0275032 9.9973E-05 0.808107 0.0359894 0.0208538 0.0186804 0.0885661 9.9973E-05
0.0211618 9.9973E-05 0.0960805 0.70241 0.0619696 0.0142796 9.9973E-05 9.9973E-05 0.103799
9.9946E-05 9.9946E-05 9.9946E-05 0.913573 9.9946E-05 9.9946E-05 0.0108041 0.0750232 9.9946E-05
9.9955E-05 0.0235408 9.9955E-05 0.614765 0.030252 9.9955E-05 9.9955E-05 9.9955E-05 0.330942
9.9955E-05 0.0335672 9.9955E-05 0.855293 0.0534451 9.9955E-05 9.9955E-05 0.0571949 9.9955E-05
9.9982E-05 0.040166 0.298423 0.463613 0.0079779 0.0730442 0.00138087 9.9982E-05 0.115196
9.9955E-05 0.00384101 9.9955E-05 0.926081 0.0155542 9.9955E-05 9.9955E-05 0.0540245 9.9955E-05
0.0319922 0.0550731 0.0744513 0.636598 0.0314733 9.9982E-05 0.0528224 9.9982E-05 0.11739
9.9982E-05 0.0301342 0.0216346 0.531078 0.0174125 9.9982E-05 0.0847799 0.00818723 0.306573
0.0905545 9.9982E-05 9.9982E-05 0.743744 0.0147007 0.042465 0.05712 0.0242538 0.0269622
0.0376156 9.9955E-05 9.9955E-05 0.777263 9.9955E-05 0.0418772 9.9955E-05 9.9955E-05 0.142744
0.0432149 9.9982E-05 9.9982E-05 0.445362 0.105304 0.0149937 0.0307107 0.0273764 0.332839
9.9964E-05 9.9964E-05 9.9964E-05 0.655489 0.0182275 0.0571685 9.9964E-05 0.0312951 0.23742
9.9973E-05 0.0193552 9.9973E-05 0.760927 0.00941955 9.9973E-05 0.0375524 0.0148015 0.157645
0.0244157 0.136766 9.9964E-05 0.463648 9.9964E-05 9.9964E-05 9.9964E-05 0.148131 0.226639
9.993E-05 9.993E-05 9.993E-05 9.993E-05 9.993E-05 9.993E-05 9.993E-05 9.993E-05 0.999201
9.993E-05 9.993E-05 9.993E-05 9.993E-05 9.993E-05 9.993E-05 9.993E-05 9.993E-05 0.999201
9.9937E-05 9.9937E-05 9.9937E-05 9.9937E-05 9.9937E-05 9.9937E-05 0.00210959 9.9937E-05 0.997191
9.9955E-05 0.00292398 9.9955E-05 9.9955E-05 9.9955E-05 9.9955E-05 0.0159482 0.00431764 0.97631
9.993E-05 9.993E-05 9.993E-05 9.993E-05 9.993E-05 9.993E-05 9.993E-05 9.993E-05 0.999201
9.9982E-05 0.0714243 0.143902 0.123284 0.0442548 0.0592353 0.00757847 9.9982E-05 0.550122
0.0417945 0.156619 0.0319878 0.181181 0.0560689 0.0322997 0.0379604 0.0369538 0.425135
0.00424838 0.0978967 0.0623979 0.133686 9.9991E-05 0.00864542 0.078139 0.0276252 0.587262
0.0473675 0.0295819 0.149005 0.17296 0.0379335 0.0523046 0.0597561 0.000898152 0.450194
9.9973E-05 0.0563512 0.143896 0.134146 0.0747597 0.0430375 9.9973E-05 9.9973E-05 0.54751
0.00586063 0.0878234 0.0151681 0.193993 0.0390502 0.0653796 9.9982E-05 9.9982E-05 0.592526
0.0228793 0.0865852 0.0261843 0.191968 0.11606 0.129577 0.0749622 9.9991E-05 0.351684
0.0274512 0.0769954 0.054596 0.322896 0.0299151 9.9991E-05 0.0496902 0.223303 0.215053
0.0420954 0.0324266 0.0548817 0.277924 0.0557435 9.9991E-05 0.0603056 0.191194 0.285329
0.037822 0.158831 0.000606273 0.161465 0.0826821 0.156814 0.0899889 0.0069436 0.304848
9.993E-05 0.999201 9.993E-05 9.993E-05 9.993E-05 9.993E-05 9.993E-05 9.993E-05 9.993E-05
9.9973E-05 0.887448 0.032447 9.9973E-05 0.0349297 9.9973E-05 0.0316213 0.00216349 0.0110908
0.0375978 0.835684 0.028345 0.0123436 9.9973E-05 9.9973E-05 9.9973E-05 0.0428246 0.0429047
9.99461E-05 0.984863 9.99461E-05 9.99461E-05 0.000451372 9.99461E-05 9.99461E-05 9.99461E-05 0.0140858
9.993E-05 0.999201 9.993E-05 9.993E-05 9.993E-05 9.993E-05 9.993E-05 9.993E-05 9.993E-05
9.993E-05 0.999201 9.993E-05 9.993E-05 9.993E-05 9.993E-05 9.993E-05 9.993E-05 9.993E-05
9.9946E-05 0.979049 9.9946E-05 9.9946E-05 9.9946E-05 9.9946E-05 0.000446323 0.0199049 9.9946E-05
9.9955E-05 0.923653 0.0705021 9.9955E-05 9.9955E-05 0.00021171 9.9955E-05 0.0051329 9.9955E-05
9.99371E-05 0.955048 9.99371E-05 9.99371E-05 9.99371E-05 0.0442524 9.99371E-05 9.99371E-05 9.99371E-05
9.9937E-05 0.994057 9.9937E-05 9.9937E-05 9.9937E-05 0.00524325 9.9937E-05 9.9937E-05 9.9937E-05
0.0150814 0.068992 0.0614015 9.9991E-05 0.233117 0.111751 0.0534274 0.0266201 0.42951
9.9955E-05 0.901874 9.9955E-05 0.0669413 9.9955E-05 0.0131338 9.9955E-05 0.0175507 9.9955E-05
9.99371E-05 0.994664 9.99371E-05 9.99371E-05 9.99371E-05 9.99371E-05 0.00463621 9.99371E-05 9.99371E-05
9.9946E-05 0.969307 9.9946E-05 9.9946E-05 9.9946E-05 9.9946E-05 9.9946E-05 0.0123292 0.017764
9.9946E-05 9.9946E-05 9.9946E-05 9.9946E-05 0.00432009 0.0108564 9.9946E-05 9.9946E-05 0.984224
9.9946E-05 9.9946E-05 9.9946E-05 9.9946E-05 0.000820103 9.9946E-05 0.00911157 9.9946E-05 0.989469
9.99371E-05 9.99371E-05 9.99371E-05 9.99371E-05 9.99371E-05 9.99371E-05 9.99371E-05 0.00413887 0.995162
9.993E-05 9.993E-05 9.993E-05 9.993E-05 9.993E-05 9.993E-05 9.993E-05 9.993E-05 0.999201
9.9964E-05 0.00580881 9.9964E-05 9.9964E-05 0.101395 0.0273372 9.9964E-05 0.045315 0.819744
9.9955E-05 9.9955E-05 0.1541 9.9955E-05 0.0494572 9.9955E-05 9.9955E-05 0.0692344 0.726708
0.00541826 0.0221519 0.0512657 0.0644415 0.0574492 9.9982E-05 9.9982E-05 0.0671779 0.731896
9.9955E-05 9.9955E-05 9.9955E-05 0.0169667 0.0700229 9.9955E-05 9.9955E-05 0.0487635 0.863747
9.9955E-05 0.122809 9.9955E-05 9.9955E-05 9.9955E-05 9.9955E-05 0.026748 0.0673065 0.782636
0.00989028 0.0777196 9.9964E-05 9.9964E-05 9.9964E-05 9.9964E-05 0.00992017 0.0562203 0.84585
9.9982E-05 0.0296888 0.0819866 9.9982E-05 0.0472743 0.0348427 0.0189713 0.0524542 0.734582
0.00595484 0.0466402 0.0103159 9.9982E-05 9.9982E-05 0.031488 0.0304645 0.0890234 0.785913
0.0310975 9.9982E-05 9.9982E-05 0.032315 0.0755824 0.0369864 0.0257132 0.0272747 0.770831
0.0316375 0.0148786 0.0158288 0.0210105 0.117375 0.0226504 0.0283989 0.0493673 0.698853
9.9964E-05 9.9964E-05 9.9964E-05 0.0337659 0.887536 9.9964E-05 0.031868 0.0350544 0.0113756
9.9964E-05 0.0263676 0.0445665 9.9964E-05 0.890465 0.0140339 9.9964E-05 0.0241668 9.9964E-05
9.993E-05 9.993E-05 9.993E-05 9.993E-05 0.999201 9.993E-05 9.993E-05 9.993E-05 9.993E-05
9.9937E-05 9.9937E-05 9.9937E-05 0.0139376 0.985363 9.9937E-05 9.9937E-05 9.9937E-05 9.9937E-05
9.993E-05 9.993E-05 9.993E-05 9.993E-05 0.999201 9.993E-05 9.993E-05 9.993E-05 9.993E-05
9.993E-05 9.993E-05 9.993E-05 9.993E-05 0.999201 9.993E-05 9.993E-05 9.993E-05 9.993E-05
9.9946E-05 0.00123559 9.9946E-05 9.9946E-05 0.997391 9.9946E-05 9.9946E-05 0.000773987 9.9946E-05
0.0146181 9.9982E-05 0.0333486 0.0695993 0.740978 0.0029823 9.9982E-05 0.129312 0.00896171
9.993E-05 9.993E-05 9.993E-05 9.993E-05 0.999201 9.993E-05 9.993E-05 9.993E-05 9.993E-05
9.993E-05 9.993E-05 9.993E-05 9.993E-05 0.999201 9.993E-05 9.993E-05 9.993E-05 9.993E-05
0.0412971 0.0310266 9.9964E-05 9.9964E-05 0.82499 9.9964E-05 0.00526159 0.0970252 9.9964E-05
9.9955E-05 0.0145299 9.9955E-05 9.9955E-05 0.936533 0.0197454 9.9955E-05 9.9955E-05 0.0286917
9.9973E-05 0.00435767 9.9973E-05 0.0562028 0.651871 9.9973E-05 0.117967 0.0824052 0.0868962
9.993E-05 9.993E-05 9.993E-05 9.993E-05 9.993E-05 9.993E-05 0.999201 9.993E-05 9.993E-05
0.00133296 0.085019 9.9991E-05 0.122292 0.132125 0.0225982 0.0567674 0.028302 0.551464
9.9937E-05 9.9937E-05 9.9937E-05 9.9937E-05 9.9937E-05 9.9937E-05 0.997984 9.9937E-05 0.00131618
9.993E-05 9.993E-05 9.993E-05 9.993E-05 9.993E-05 9.993E-05 0.999201 9.993E-05 9.993E-05
9.99461E-05 0.0566749 9.99461E-05 9.99461E-05 9.99461E-05 9.99461E-05 0.922092 0.0206338 9.99461E-05
0.0242817 9.9982E-05 0.0449267 0.05371 0.0045972 0.00526246 0.712691 9.9982E-05 0.154331
9.993E-05 9.993E-05 9.993E-05 9.993E-05 9.993E-05 9.993E-05 0.999201 9.993E-05 9.993E-05
9.9964E-05 9.9964E-05 9.9964E-05 0.0218507 0.0237798 9.9964E-05 0.888523 0.0429547 0.0224914
9.9946E-05 0.00314063 9.9946E-05 9.9946E-05 9.9946E-05 9.9946E-05 0.979552 0.0167077 9.9946E-05
9.9955E-05 9.9955E-05 9.9955E-05 9.9955E-05 0.00419319 0.0208832 0.969756 9.9955E-05 0.00466761
9.9946E-05 9.9946E-05 0.00163934 9.9946E-05 9.9946E-05 9.9946E-05 0.988142 0.00961904 9.9946E-05
9.993E-05 9.993E-05 9.993E-05 9.993E-05 9.993E-05 9.993E-05 0.999201 9.993E-05 9.993E-05
9.9946E-05 0.0266997 9.9946E-05 9.9946E-05 0.00615335 9.9946E-05 0.966547 9.9946E-05 9.9946E-05
9.9973E-05 0.0226972 9.9973E-05 0.0191822 0.0570042 0.0742916 0.815761 9.9973E-05 0.0107643
0.00548202 9.9964E-05 9.9964E-05 9.9964E-05 9.9964E-05 0.020725 0.926563 0.0145521 0.0322779
0.0411271 0.0162272 9.9982E-05 0.0296657 0.0800358 9.9982E-05 0.823628 0.000735194 0.00838116
9.9955E-05 9.9955E-05 9.9955E-05 0.0650935 0.0200664 9.9955E-05 0.88205 0.0322898 9.9955E-05
0.0115696 9.9964E-05 9.9964E-05 0.0149998 9.9964E-05 0.0553759 0.80534 9.9964E-05 0.112315
9.9955E-05 9.9955E-05 0.0103285 0.0292539 0.0446067 9.9955E-05 0.915311 9.9955E-05 9.9955E-05
0.0121054 0.041628 9.9991E-05 0.167514 0.010068 0.281248 0.0664743 0.128969 0.291893
0.0163566 0.00235549 0.044765 0.206987 0.0786145 0.208291 0.0471613 0.139204 0.256264
0.0326539 0.0632627 9.9991E-05 0.153316 0.0148858 0.255125 0.102145 0.111043 0.267469
0.0414575 0.0597296 9.9991E-05 0.169232 0.0120274 0.221169 0.0817914 0.118535 0.295959
9.9946E-05 9.9946E-05 9.9946E-05 9.9946E-05 0.0536804 9.9946E-05 0.00884233 0.936878 9.9946E-05
9.993E-05 9.993E-05 9.993E-05 9.993E-05 9.993E-05 9.993E-05 9.993E-05 0.999201 9.993E-05
9.9946E-05 9.9946E-05 9.9946E-05 9.9946E-05 9.9946E-05 9.9946E-05 0.010902 0.978813 0.00968497
9.993E-05 9.993E-05 9.993E-05 9.993E-05 9.993E-05 9.993E-05 9.993E-05 0.999201 9.993E-05
9.99621E-05 0.00182717 9.99621E-05 9.99621E-05 9.99621E-05 0.0134239 0.0127335 0.971516 9.99621E-05
9.9964E-05 0.022208 9.9964E-05 9.9964E-05 9.9964E-05 0.025286 0.0109009 0.940078 0.00112735
9.9964E-05 0.0134612 9.9964E-05 0.0319249 9.9964E-05 0.0141267 9.9964E-05 0.914338 0.0257496
0.0265644 9.9982E-05 0.0880907 9.9982E-05 0.0421391 0.0366996 0.0209039 0.670859 0.114543
0.0304667 9.9964E-05 0.0259355 0.0379822 9.9964E-05 9.9964E-05 9.9964E-05 0.84578 0.0594362
0.0130866 9.9946E-05 9.9946E-05 9.9946E-05 9.9946E-05 0.974978 9.9946E-05 9.9946E-05 0.0113352
9.99371E-05 9.99371E-05 9.99371E-05 9.99371E-05 9.99371E-05 0.994391 9.99371E-05 0.00490939 9.99371E-05
9.993E-05 9.993E-05 9.993E-05 9.993E-05 9.993E-05 0.999201 9.993E-05 9.993E-05 9.993E-05
9.993E-05 9.993E-05 9.993E-05 9.993E-05 9.993E-05 0.999201 9.993E-05 9.993E-05 9.993E-05
9.99371E-05 9.99371E-05 9.99371E-05 9.99371E-05 9.99371E-05 0.980731 9.99371E-05 0.0185692 9.99371E-05
9.9946E-05 9.9946E-05 0.0191985 9.9946E-05 9.9946E-05 0.904451 9.9946E-05 9.9946E-05 0.0757513
9.993E-05 9.993E-05 9.993E-05 9.993E-05 9.993E-05 0.999201 9.993E-05 9.993E-05 9.993E-05
9.99371E-05 9.99371E-05 9.99371E-05 9.99371E-05 0.00972083 0.98958 9.99371E-05 9.99371E-05 9.99371E-05
0.00389379 9.9946E-05 9.9946E-05 0.0279215 9.9946E-05 0.967585 9.9946E-05 9.9946E-05 9.9946E-05
9.9955E-05 0.00866042 9.9955E-05 0.0074705 0.022034 0.961335 9.9955E-05 9.9955E-05 9.9955E-05
9.99371E-05 0.0126934 9.99371E-05 9.99371E-05 9.99371E-05 0.986607 9.99371E-05 9.99371E-05 9.99371E-05
9.99479E-05 0.00186398 9.99479E-05 9.99479E-05 9.99479E-05 0.981895 9.99479E-05 0.0156416 9.99479E-05
