9.993E-05 9.993E-05 9.993E-05 9.993E-05 0.999201 9.993E-05 9.993E-05 9.993E-05 9.993E-05
0.0473209 9.9964E-05 9.9964E-05 0.0340136 0.841437 0.0533429 9.9964E-05 9.9964E-05 0.0234862
9.993E-05 9.993E-05 9.993E-05 9.993E-05 9.993E-05 0.999201 9.993E-05 9.993E-05 9.993E-05
9.9964E-05 0.0376353 0.0295708 0.0251481 9.9964E-05 0.890165 9.9964E-05 0.0170809 9.9964E-05
0.0130159 0.0854102 0.032337 0.00944059 0.769844 0.0790064 0.010746 9.9982E-05 9.9982E-05
9.9946E-05 9.9946E-05 9.9946E-05 9.9946E-05 0.876687 0.0289036 9.9946E-05 0.0938095 9.9946E-05
0.0925998 9.9973E-05 0.0412863 0.00193168 0.821188 9.9973E-05 9.9973E-05 0.0332771 0.0094176
9.9946E-05 0.0443148 9.9946E-05 9.9946E-05 0.89226 9.9946E-05 9.9946E-05 0.0628257 9.9946E-05
9.9946E-05 9.9946E-05 9.9946E-05 9.9946E-05 0.415651 0.228047 9.9946E-05 9.9946E-05 0.355702
0.220062 9.9973E-05 9.9973E-05 0.0350895 0.49381 0.0501334 0.165749 9.9973E-05 0.0348557
9.9955E-05 9.9955E-05 0.910142 0.00645897 0.00583686 9.9955E-05 9.9955E-05 0.0770624 9.9955E-05
9.993E-05 9.993E-05 0.999201 9.993E-05 9.993E-05 9.993E-05 9.993E-05 9.993E-05 9.993E-05
9.9946E-05 9.9946E-05 0.833176 9.9946E-05 0.161354 0.00487048 9.9946E-05 9.9946E-05 9.9946E-05
0.0130063 9.9973E-05 0.0519164 0.0247816 9.9973E-05 0.0926673 0.0476622 0.769666 9.9973E-05
9.9964E-05 9.9964E-05 0.740075 0.0442474 9.9964E-05 0.0629013 0.0758441 0.0765327 9.9964E-05
9.9955E-05 0.0451052 0.262367 9.9955E-05 0.00417405 9.9955E-05 9.9955E-05 0.687854 9.9955E-05
9.9937E-05 9.9937E-05 0.0716827 9.9937E-05 9.9937E-05 9.9937E-05 9.9937E-05 0.927618 9.9937E-05
0.0892461 0.151528 9.9964E-05 9.9964E-05 9.9964E-05 0.0507859 9.9964E-05 0.595793 0.112247
9.9964E-05 0.0372031 0.664582 9.9964E-05 9.9964E-05 9.9964E-05 0.05889 0.232649 0.00627554
9.9955E-05 9.9955E-05 9.9955E-05 9.9955E-05 9.9955E-05 0.103759 0.0309166 0.849232 0.0155924
0.18136 9.9973E-05 0.0951215 9.9973E-05 0.0339843 0.0380706 9.9973E-05 0.624669 0.0264944
0.0948991 9.9973E-05 0.059971 9.9973E-05 0.30984 0.0227536 0.0705046 0.441732 9.9973E-05
0.00153376 9.9955E-05 0.0432472 0.0169181 9.9955E-05 9.9955E-05 9.9955E-05 0.937801 9.9955E-05
0.0566594 9.9946E-05 9.9946E-05 9.9946E-05 9.9946E-05 9.9946E-05 0.000369678 0.942371 9.9946E-05
0.183298 9.9973E-05 0.279421 0.00206446 9.9973E-05 0.0313649 0.0304002 0.473151 9.9973E-05
0.129013 9.9982E-05 0.152727 0.0158931 0.0219858 9.9982E-05 0.0598879 0.482489 0.137805
9.9955E-05 0.149714 0.717509 9.9955E-05 9.9955E-05 9.9955E-05 0.00013997 9.9955E-05 0.132138
0.255034 0.0409531 0.551487 0.00183028 0.00162069 0.0939064 0.0549684 9.9982E-05 9.9982E-05
0.219946 9.9955E-05 0.57603 9.9955E-05 0.0243021 9.9955E-05 0.179222 9.9955E-05 9.9955E-05
0.0290788 9.9946E-05 0.879971 9.9946E-05 9.9946E-05 9.9946E-05 9.9946E-05 9.9946E-05 0.0903502
0.0385174 9.9937E-05 9.9937E-05 9.9937E-05 9.9937E-05 9.9937E-05 9.9937E-05 9.9937E-05 0.960783
9.993E-05 9.993E-05 9.993E-05 9.993E-05 9.993E-05 9.993E-05 9.993E-05 9.993E-05 0.999201
0.145222 0.0138516 0.00803484 9.9964E-05 9.9964E-05 0.0321932 0.800298 9.9964E-05 9.9964E-05
9.9937E-05 0.0951882 9.9937E-05 9.9937E-05 9.9937E-05 9.9937E-05 0.904112 9.9937E-05 9.9937E-05
9.9946E-05 9.9946E-05 0.201308 9.9946E-05 9.9946E-05 9.9946E-05 0.688447 9.9946E-05 0.109646
0.0374565 9.995E-05 9.995E-05 9.995E-05 9.995E-05 0.00822748 0.860647 9.995E-05 0.0931691
9.9946E-05 9.9946E-05 9.9946E-05 9.9946E-05 0.218458 9.9946E-05 0.73514 0.0458027 9.9946E-05
0.0380597 9.9955E-05 9.9955E-05 9.9955E-05 9.9955E-05 9.9955E-05 0.785528 0.0863406 0.0895724
9.9946E-05 0.0168263 9.9946E-05 0.00426191 9.9946E-05 9.9946E-05 0.978312 9.9946E-05 9.9946E-05
0.293399 0.0603495 0.107656 0.0169454 9.9973E-05 0.0510617 0.470289 9.9973E-05 9.9973E-05
9.99371E-05 9.99371E-05 9.99371E-05 9.99371E-05 9.99371E-05 9.99371E-05 0.75536 9.99371E-05 0.24394
0.366161 0.149134 0.148111 9.9982E-05 0.000731854 0.113227 0.21025 0.0121852 9.9982E-05
0.045198 9.9964E-05 0.102407 0.00398516 9.9964E-05 9.9964E-05 0.845823 9.9964E-05 0.00218726
9.9964E-05 0.0644809 0.0622447 0.0303215 9.9964E-05 9.9964E-05 0.821003 0.0215497 9.9964E-05
0.106438 0.472633 0.113052 0.00193007 9.9973E-05 9.9973E-05 0.22375 9.9973E-05 0.081898
0.051363 0.671994 0.0747652 0.0024463 0.000172902 9.9982E-05 0.0322542 9.9982E-05 0.166805
0.132207 0.423899 9.9964E-05 0.0859146 9.9964E-05 9.9964E-05 0.332877 9.9964E-05 0.0247024
0.0350236 0.897338 9.9946E-05 9.9946E-05 9.9946E-05 9.9946E-05 9.9946E-05 9.9946E-05 0.0670393
9.995E-05 0.532309 0.176507 9.995E-05 9.995E-05 0.12974 0.160944 9.995E-05 9.995E-05
0.0863411 0.343048 0.00170496 9.9982E-05 0.0526016 0.0120461 0.494976 9.9982E-05 0.00908281
0.00324375 0.924547 9.9964E-05 9.9964E-05 9.9964E-05 0.0163875 9.9964E-05 0.0463825 0.00903935
9.9937E-05 0.944235 9.9937E-05 9.9937E-05 0.0550654 9.9937E-05 9.9937E-05 9.9937E-05 9.9937E-05
0.0832454 0.898228 9.9946E-05 9.9946E-05 9.9946E-05 9.9946E-05 9.9946E-05 0.0179271 9.9946E-05
0.0356593 0.769228 9.9955E-05 9.9955E-05 9.9955E-05 9.9955E-05 0.181325 0.0132876 9.9955E-05
9.9946E-05 0.826643 9.9946E-05 9.9946E-05 9.9946E-05 9.9946E-05 0.113588 9.9946E-05 0.0591699
0.0298893 0.906777 0.00889056 0.0481896 9.9964E-05 0.00585358 9.9964E-05 9.9964E-05 9.9964E-05
0.756845 0.0267674 9.9973E-05 9.9973E-05 9.9973E-05 0.0251629 0.0303565 0.0767634 0.083805
0.75503 0.00178021 0.0613673 9.9982E-05 0.0374607 0.0255413 0.0839966 9.9982E-05 0.0346235
0.61243 0.121827 9.9964E-05 9.9964E-05 0.125939 0.0699226 9.9964E-05 9.9964E-05 0.0694822
0.572511 9.9964E-05 0.0584881 9.9964E-05 0.152448 9.9964E-05 0.176696 9.9964E-05 0.0394581
0.69438 0.20344 9.9955E-05 9.9955E-05 9.9955E-05 9.9955E-05 9.9955E-05 0.064027 0.0376529
0.503712 0.026661 9.9973E-05 0.0831152 0.015628 0.0452889 0.325295 9.9973E-05 9.9973E-05
0.762304 0.0727283 9.9955E-05 9.9955E-05 0.021988 9.9955E-05 0.14248 9.9955E-05 9.9955E-05
0.966164 9.99461E-05 9.99461E-05 0.0190629 9.99461E-05 9.99461E-05 9.99461E-05 9.99461E-05 0.0141734
0.880159 9.9955E-05 9.9955E-05 0.00909936 9.9955E-05 9.9955E-05 0.0789203 0.0313218 9.9955E-05
0.978764 9.9937E-05 0.0205368 9.9937E-05 9.9937E-05 9.9937E-05 9.9937E-05 9.9937E-05 9.9937E-05
0.955465 9.9946E-05 0.0366154 0.00731984 9.9946E-05 9.9946E-05 9.9946E-05 9.9946E-05 9.9946E-05
0.931572 9.9937E-05 0.067728 9.9937E-05 9.9937E-05 9.9937E-05 9.9937E-05 9.9937E-05 9.9937E-05
0.99915 9.9937E-05 9.9937E-05 9.9937E-05 9.9937E-05 0.000150579 9.9937E-05 9.9937E-05 9.9937E-05
0.976654 0.0187424 9.9946E-05 9.9946E-05 9.9946E-05 0.00400411 9.9946E-05 9.9946E-05 9.9946E-05
0.930212 9.9955E-05 9.9955E-05 9.9955E-05 9.9955E-05 9.9955E-05 0.0356866 0.00702832 0.0265735
0.706342 9.9964E-05 9.9964E-05 0.00406372 0.0791724 9.9964E-05 0.135399 9.9964E-05 0.0746233
0.96705 0.00457142 9.9955E-05 0.0205846 9.9955E-05 9.9955E-05 9.9955E-05 9.9955E-05 0.00729371
0.6163 0.0728609 9.9973E-05 0.0524016 9.9973E-05 9.9973E-05 0.184283 0.0490366 0.0248177
0.326889 0.0529802 0.00762938 0.520085 9.9973E-05 0.0181635 9.9973E-05 0.0739529 9.9973E-05
9.993E-05 9.993E-05 9.993E-05 0.999201 9.993E-05 9.993E-05 9.993E-05 9.993E-05 9.993E-05
0.53317 0.0438554 0.164304 0.0448806 9.9964E-05 9.9964E-05 0.21339 9.9964E-05 9.9964E-05
