0.999201 9.993E-05 9.993E-05 9.993E-05 9.993E-05 9.993E-05 9.993E-05 9.993E-05 9.993E-05
0.229723 9.9955E-05 9.9955E-05 0.60887 9.9955E-05 0.0572576 0.10365 9.9955E-05 9.9955E-05
0.226251 9.9955E-05 9.9955E-05 0.625853 9.9955E-05 0.102975 0.0444205 9.9955E-05 9.9955E-05
0.167664 9.99371E-05 9.99371E-05 0.831636 9.99371E-05 9.99371E-05 9.99371E-05 9.99371E-05 9.99371E-05
0.0979221 9.9964E-05 0.0863126 0.731604 9.9964E-05 9.9964E-05 9.9964E-05 0.0377375 0.0460241
0.145915 0.0828615 9.9973E-05 0.622697 9.9973E-05 0.0194718 0.00786996 9.9973E-05 0.120885
0.27745 9.99371E-05 9.99371E-05 0.72185 9.99371E-05 9.99371E-05 9.99371E-05 9.99371E-05 9.99371E-05
0.278434 9.9955E-05 9.9955E-05 0.558027 9.9955E-05 0.0905533 9.9955E-05 9.9955E-05 0.0724863
0.156561 9.9973E-05 9.9973E-05 0.666165 9.9973E-05 0.0782928 0.00992686 0.0572999 0.0314544
0.993617 0.00568372 9.9937E-05 9.9937E-05 9.9937E-05 9.9937E-05 9.9937E-05 9.9937E-05 9.9937E-05
0.999201 9.993E-05 9.993E-05 9.993E-05 9.993E-05 9.993E-05 9.993E-05 9.993E-05 9.993E-05
0.999201 9.993E-05 9.993E-05 9.993E-05 9.993E-05 9.993E-05 9.993E-05 9.993E-05 9.993E-05
0.99719 9.9937E-05 9.9937E-05 9.9937E-05 9.9937E-05 9.9937E-05 0.00211008 9.9937E-05 9.9937E-05
0.933549 9.9955E-05 9.9955E-05 9.9955E-05 0.0537616 9.9955E-05 9.9955E-05 0.0008345 0.011355
0.936778 9.9937E-05 9.9937E-05 9.9937E-05 9.9937E-05 9.9937E-05 9.9937E-05 9.9937E-05 0.0625228
0.178965 0.0093801 0.0730082 0.479402 9.9982E-05 9.9982E-05 0.0101225 0.0500825 0.19884
0.165136 0.10443 9.9991E-05 0.36544 0.0433647 0.0554618 0.000363509 0.0806546 0.18505
0.13403 0.0262754 9.9946E-05 0.839095 9.9946E-05 9.9946E-05 9.9946E-05 9.9946E-05 9.9946E-05
9.9964E-05 9.9964E-05 9.9964E-05 0.893406 0.0660904 9.9964E-05 0.002515 0.0302414 0.00734701
9.9973E-05 0.0172652 0.00633818 0.893233 0.071306 0.00565144 9.9973E-05 0.00590671 9.9973E-05
0.0372456 0.0669419 9.9964E-05 0.868415 9.9964E-05 9.9964E-05 0.00484486 0.022153 9.9964E-05
9.9973E-05 0.0211296 0.0216499 0.780454 0.109158 0.0529784 9.9973E-05 9.9973E-05 0.0143309
9.9946E-05 9.9946E-05 9.9946E-05 0.855645 0.106866 0.0368897 9.9946E-05 9.9946E-05 9.9946E-05
0.00258155 9.9964E-05 0.049083 0.901386 0.0420679 0.00448138 9.9964E-05 9.9964E-05 9.9964E-05
9.9973E-05 0.013657 0.0373613 0.88964 9.9973E-05 9.9973E-05 0.0146365 0.0252629 0.0191421
9.9964E-05 0.173849 0.0757664 0.674589 9.9964E-05 9.9964E-05 9.9964E-05 0.0275345 0.0478609
0.0244484 0.10196 9.9973E-05 0.730896 0.0134597 0.0403576 9.9973E-05 0.088578 9.9973E-05
9.9946E-05 9.9946E-05 0.0145533 0.883556 9.9946E-05 9.9946E-05 9.9946E-05 9.9946E-05 0.101291
0.0360055 0.190202 0.0482978 0.708701 0.0163946 9.9964E-05 9.9964E-05 9.9964E-05 9.9964E-05
0.00367519 0.0700928 9.9955E-05 0.910175 9.9955E-05 9.9955E-05 9.9955E-05 0.0155576 9.9955E-05
0.0321053 0.00777102 0.0265377 0.860464 0.0360802 9.9973E-05 9.9973E-05 0.0367414 9.9973E-05
9.9982E-05 0.0361367 0.0700741 0.759809 0.00993689 0.00288587 9.9982E-05 0.0889882 0.0319692
9.9964E-05 0.202071 9.9964E-05 0.755724 0.013009 0.017724 9.9964E-05 0.0110718 9.9964E-05
0.0674392 0.190047 0.0890785 0.531286 0.0222323 0.0644309 9.9982E-05 9.9982E-05 0.0352862
9.9946E-05 9.9946E-05 9.9946E-05 0.810342 0.121321 0.0677371 9.9946E-05 9.9946E-05 9.9946E-05
0.0528553 0.00374428 0.00621386 0.919183 9.9964E-05 9.9964E-05 9.9964E-05 0.0176038 9.9964E-05
9.9964E-05 0.18019 9.9964E-05 0.504696 0.0309994 9.9964E-05 9.9964E-05 0.0349636 0.248752
9.9964E-05 0.281682 9.9964E-05 0.569853 0.085547 0.0110251 9.9964E-05 0.0514922 9.9964E-05
9.9973E-05 0.240724 9.9973E-05 0.569426 0.0310036 0.0741831 0.0162837 0.0680797 9.9973E-05
9.9982E-05 0.336486 0.0043849 0.528004 0.0291397 9.9982E-05 0.0195837 0.0514081 0.0307936
9.9982E-05 0.119116 0.110892 0.158653 9.9982E-05 0.0353105 0.0571956 0.0423711 0.476262
0.035152 0.25685 0.0276249 0.149726 0.0345845 0.0470352 0.0283365 0.0689406 0.35175
0.0371046 0.0301287 0.12784 0.326047 9.9982E-05 0.0809694 0.0491263 9.9982E-05 0.348584
9.9982E-05 0.14084 0.056274 0.173962 9.9982E-05 0.0708758 0.0400408 0.0525071 0.465301
9.9982E-05 0.245521 0.0180351 0.253929 9.9982E-05 0.0727052 0.0125805 0.0524209 0.344609
9.9937E-05 9.9937E-05 9.9937E-05 9.9937E-05 9.9937E-05 9.9937E-05 9.9937E-05 0.0130543 0.986246
9.993E-05 9.993E-05 9.993E-05 9.993E-05 9.993E-05 9.993E-05 9.993E-05 9.993E-05 0.999201
9.999E-05 0.102348 0.117717 0.461505 0.0582112 0.00572116 0.00105223 0.0209215 0.232424
0.0708874 0.16621 0.117435 0.20082 9.9982E-05 0.0106085 9.9982E-05 0.087143 0.346695
0.0882633 0.102734 0.0735552 0.395774 0.00719469 0.0432018 0.0369889 9.9991E-05 0.252189
0.0275852 0.342744 9.9982E-05 0.271581 9.9982E-05 0.0464804 0.0163584 0.0252828 0.269768
9.9982E-05 0.197374 0.0185655 0.223551 0.0322571 0.0503771 9.9982E-05 0.0101369 0.467538
0.0270756 9.9955E-05 9.9955E-05 9.9955E-05 9.9955E-05 0.0481198 9.9955E-05 0.0305146 0.89379
0.0387746 0.376804 0.0194124 0.153008 0.0645481 0.0138492 9.9991E-05 0.118684 0.214819
0.0573736 0.396977 0.0532195 0.215203 0.0387047 9.9991E-05 0.0422705 0.0121309 0.184021
9.9973E-05 0.0670475 0.118889 0.243046 9.9973E-05 0.107639 0.0387869 9.9973E-05 0.424292
0.0654085 0.241658 0.0611322 0.188839 9.9991E-05 0.0707898 0.00695289 0.0774378 0.287682
9.9982E-05 0.0987385 0.0859502 0.291323 0.0440358 9.9982E-05 0.0600257 0.0822612 0.337466
9.9937E-05 9.9937E-05 9.9937E-05 9.9937E-05 9.9937E-05 9.9937E-05 9.9937E-05 0.015737 0.983563
0.0289009 0.315284 0.0139322 0.257023 9.9982E-05 0.0452293 9.9982E-05 0.096711 0.242719
9.9964E-05 9.9964E-05 0.140792 0.210585 0.0367353 9.9964E-05 9.9964E-05 0.0906237 0.520864
9.9964E-05 0.268713 0.0832751 0.135897 9.9964E-05 9.9964E-05 9.9964E-05 0.0168115 0.494904
0.0076037 0.222277 0.0182831 0.106019 0.0258919 0.0874952 0.0501649 0.0447192 0.437546
9.9955E-05 9.9955E-05 0.0302985 9.9955E-05 0.0459798 9.9955E-05 9.9955E-05 0.0130474 0.910174
0.00124121 0.167397 0.101822 0.166612 9.9973E-05 9.9973E-05 9.9973E-05 0.0596816 0.502947
9.9955E-05 9.9955E-05 0.0156484 9.9955E-05 0.0908121 9.9955E-05 0.0432107 9.9955E-05 0.849829
0.0177663 0.406626 9.9955E-05 9.9955E-05 9.9955E-05 9.9955E-05 0.0267291 9.9955E-05 0.548379
9.9955E-05 9.9955E-05 0.0419671 9.9955E-05 0.101205 9.9955E-05 0.0182214 9.9955E-05 0.838106
9.9982E-05 0.153256 0.0378967 0.360636 0.00791323 0.0196182 9.9982E-05 0.0442231 0.376257
9.9946E-05 9.9946E-05 0.0133151 9.9946E-05 0.0599708 9.9946E-05 9.9946E-05 9.9946E-05 0.926114
0.0585714 0.187844 0.0393975 0.139113 9.9982E-05 0.0324639 0.0326723 9.9982E-05 0.509738
9.9982E-05 0.430337 0.0565601 0.0992854 0.00577916 0.0297385 0.00407459 9.9982E-05 0.374025
0.0915943 0.0816449 9.9991E-05 0.00290292 0.0356656 0.0119723 0.0107808 0.0346683 0.730671
0.0685827 0.154938 9.9973E-05 0.00465494 0.0142818 9.9973E-05 9.9973E-05 0.0816018 0.675641
0.0439356 0.477565 0.0352132 0.0249376 9.9973E-05 0.036111 9.9973E-05 9.9973E-05 0.381938
0.00861734 0.326723 9.9982E-05 0.0119998 0.014855 9.9982E-05 0.00701505 0.0777432 0.552846
9.9964E-05 0.238127 9.9964E-05 0.0248912 9.9964E-05 0.0511971 0.0166808 9.9964E-05 0.668704
0.0110329 0.299496 0.0635748 0.0438205 0.127919 0.00144703 0.0495572 9.9991E-05 0.403053
9.9955E-05 0.929598 0.0197494 9.9955E-05 9.9955E-05 0.0396408 9.9955E-05 9.9955E-05 0.0105124
9.993E-05 0.999201 9.993E-05 9.993E-05 9.993E-05 9.993E-05 9.993E-05 9.993E-05 9.993E-05
9.99371E-05 0.985982 9.99371E-05 9.99371E-05 9.99371E-05 9.99371E-05 9.99371E-05 0.013318 9.99371E-05
9.993E-05 0.999201 9.993E-05 9.993E-05 9.993E-05 9.993E-05 9.993E-05 9.993E-05 9.993E-05
9.9937E-05 0.978014 9.9937E-05 9.9937E-05 9.9937E-05 0.0212865 9.9937E-05 9.9937E-05 9.9937E-05
9.9973E-05 0.5098 0.065555 0.242357 9.9973E-05 9.9973E-05 0.0570344 0.0233438 0.10161
0.0275935 0.559921 0.0295262 0.0512682 0.0312551 0.0474605 0.118448 0.0110225 0.123505
0.0057791 0.643227 0.0121277 0.0761832 9.9991E-05 0.102762 0.0797645 0.00528886 0.074767
0.0369178 0.521718 0.0565102 0.128915 0.0139798 0.0784334 0.037126 0.044028 0.0823715
0.00155842 0.592937 0.110052 0.151448 9.9982E-05 9.9982E-05 0.043314 0.0409264 0.0595649
9.9991E-05 0.619853 0.0509243 0.0673159 0.0406883 0.0526303 0.0398582 0.0340503 0.0945798
0.00684643 0.429694 0.11863 0.0600928 9.9991E-05 0.0900856 0.0655397 0.127698 0.101314
0.0318169 0.258304 0.0424253 0.10808 0.177469 0.0463581 0.101268 9.9991E-05 0.234178
0.0276921 0.305958 0.0877272 0.0701222 0.150134 0.0352413 0.0622733 9.9991E-05 0.260751
0.0364476 0.402373 0.040317 0.0280751 9.9991E-05 0.0909827 0.145156 0.154387 0.102162
9.99371E-05 9.99371E-05 9.99371E-05 9.99371E-05 9.99371E-05 0.00588447 0.993416 9.99371E-05 9.99371E-05
0.0275599 0.00212914 0.0234093 9.9973E-05 9.9973E-05 0.00493776 0.910719 9.9973E-05 0.0309455
0.0142292 0.0599844 9.9973E-05 0.0276901 0.0719809 0.0118669 0.813949 9.9973E-05 9.9973E-05
9.99461E-05 9.99461E-05 9.99461E-05 9.99461E-05 9.99461E-05 0.0121706 0.976454 9.99461E-05 0.0107758
9.993E-05 9.993E-05 9.993E-05 9.993E-05 9.993E-05 9.993E-05 0.999201 9.993E-05 9.993E-05
9.993E-05 9.993E-05 9.993E-05 9.993E-05 9.993E-05 9.993E-05 0.999201 9.993E-05 9.993E-05
0.00263911 9.9946E-05 0.00517887 9.9946E-05 9.9946E-05 9.9946E-05 0.991582 9.9946E-05 9.9946E-05
9.99461E-05 9.99461E-05 9.99461E-05 0.0678863 0.0150686 9.99461E-05 0.916445 9.99461E-05 9.99461E-05
9.9955E-05 0.0141412 9.9955E-05 9.9955E-05 0.0134521 9.9955E-05 0.966526 9.9955E-05 0.00538119
9.993E-05 9.993E-05 9.993E-05 9.993E-05 9.993E-05 9.993E-05 0.999201 9.993E-05 9.993E-05
0.0052439 0.468273 0.232438 0.0438467 0.0586631 0.0645958 0.0467498 0.0800893 9.9991E-05
9.9964E-05 0.029741 0.00958846 9.9964E-05 0.0278672 9.9964E-05 0.863924 9.9964E-05 0.0684792
9.9946E-05 9.9946E-05 9.9946E-05 9.9946E-05 0.00442391 9.9946E-05 0.988216 0.00676048 9.9946E-05
9.99371E-05 0.0330867 9.99371E-05 9.99371E-05 9.99371E-05 9.99371E-05 0.966214 9.99371E-05 9.99371E-05
9.9937E-05 0.983198 0.0161026 9.9937E-05 9.9937E-05 9.9937E-05 9.9937E-05 9.9937E-05 9.9937E-05
9.993E-05 0.999201 9.993E-05 9.993E-05 9.993E-05 9.993E-05 9.993E-05 9.993E-05 9.993E-05
0.00643058 0.95419 9.9955E-05 9.9955E-05 0.00333463 9.9955E-05 9.9955E-05 0.0355448 9.9955E-05
9.993E-05 0.999201 9.993E-05 9.993E-05 9.993E-05 9.993E-05 9.993E-05 9.993E-05 9.993E-05
9.9973E-05 0.8009 0.111953 9.9973E-05 0.00898995 0.00107116 0.0512912 0.0254948 9.9973E-05
9.9955E-05 0.716881 0.0779573 0.0989156 0.105746 9.9955E-05 9.9955E-05 9.9955E-05 9.9955E-05
9.9982E-05 0.80997 0.00613902 0.0600299 0.068325 9.9982E-05 0.0368276 0.0111504 0.00735813
9.9964E-05 0.830909 0.0472858 9.9964E-05 0.0930809 9.9964E-05 9.9964E-05 0.00734664 0.0209778
9.9955E-05 0.861433 9.9955E-05 9.9955E-05 0.0665127 9.9955E-05 0.0675814 0.00397322 9.9955E-05
9.9955E-05 0.887434 9.9955E-05 9.9955E-05 0.0518816 0.00379742 0.0563874 9.9955E-05 9.9955E-05
9.9973E-05 0.833208 0.0195114 0.0456613 0.0204669 0.0340413 9.9973E-05 0.0468114 9.9973E-05
9.9982E-05 0.772312 0.000866867 0.0526716 0.0662341 0.00870689 0.0464357 0.0525725 9.9982E-05
0.0105251 0.740882 0.073285 9.9982E-05 0.0518104 0.0431245 9.9982E-05 0.0418805 0.0382922
9.9982E-05 0.753456 0.0994697 9.9982E-05 0.0431153 0.0307637 0.0545631 0.0146815 0.00375063
9.993E-05 9.993E-05 9.993E-05 9.993E-05 9.993E-05 0.999201 9.993E-05 9.993E-05 9.993E-05
9.9991E-05 0.548511 0.099527 0.0264464 0.00412238 0.0671126 0.111455 0.0436504 0.0990749
9.993E-05 9.993E-05 9.993E-05 9.993E-05 9.993E-05 0.999201 9.993E-05 9.993E-05 9.993E-05
9.993E-05 9.993E-05 9.993E-05 9.993E-05 9.993E-05 0.999201 9.993E-05 9.993E-05 9.993E-05
9.99551E-05 9.99551E-05 9.99551E-05 9.99551E-05 0.066786 0.92428 0.00732883 9.99551E-05 0.00110566
9.9982E-05 0.034078 0.0190303 0.0524777 0.0303155 0.804551 0.0266284 9.9982E-05 0.0327193
9.993E-05 9.993E-05 9.993E-05 9.993E-05 9.993E-05 0.999201 9.993E-05 9.993E-05 9.993E-05
0.00682683 0.0621821 9.9964E-05 9.9964E-05 0.0535888 0.849105 9.9964E-05 9.9964E-05 0.0278973
9.9946E-05 9.9946E-05 9.9946E-05 9.9946E-05 0.0067581 0.972438 9.9946E-05 0.0202046 9.9946E-05
9.9955E-05 0.0111948 0.0411676 9.9955E-05 9.9955E-05 0.935449 0.0116884 9.9955E-05 9.9955E-05
9.9946E-05 9.9946E-05 9.9946E-05 9.9946E-05 0.0111859 0.982279 9.9946E-05 9.9946E-05 0.00593571
9.99371E-05 9.99371E-05 9.99371E-05 9.99371E-05 9.99371E-05 0.986218 9.99371E-05 0.0130826 9.99371E-05
9.9955E-05 9.9955E-05 0.0154365 9.9955E-05 0.00248523 0.96516 0.0164183 9.9955E-05 9.9955E-05
9.9982E-05 0.028339 0.0991198 9.9982E-05 0.0196638 0.819019 0.0121753 0.00128654 0.020197
0.0219551 0.00840912 9.9946E-05 9.9946E-05 9.9946E-05 0.969036 9.9946E-05 9.9946E-05 9.9946E-05
9.9973E-05 0.0431002 0.0132731 9.9973E-05 0.0470774 0.853194 9.9973E-05 0.0396052 0.00345013
9.9964E-05 9.9964E-05 0.0105159 9.9964E-05 0.0276209 0.868067 9.9964E-05 0.0453394 0.0480568
0.0305231 0.00390461 9.9973E-05 9.9973E-05 9.9973E-05 0.881705 0.00369181 0.0477744 0.0321011
0.0073832 9.9964E-05 0.0163398 9.9964E-05 9.9964E-05 0.955305 9.9964E-05 0.00839595 0.0121758
9.9955E-05 9.9955E-05 0.97153 9.9955E-05 0.00127442 9.9955E-05 9.9955E-05 0.0223382 0.00435723
0.0140174 9.9973E-05 0.857324 0.0154119 0.0319877 9.9973E-05 0.00741037 0.0735484 9.9973E-05
9.993E-05 9.993E-05 0.999201 9.993E-05 9.993E-05 9.993E-05 9.993E-05 9.993E-05 9.993E-05
9.9964E-05 0.00472951 0.954423 9.9964E-05 0.00305882 9.9964E-05 9.9964E-05 0.0354557 0.00193292
9.993E-05 9.993E-05 0.999201 9.993E-05 9.993E-05 9.993E-05 9.993E-05 9.993E-05 9.993E-05
9.9937E-05 0.0196787 0.979622 9.9937E-05 9.9937E-05 9.9937E-05 9.9937E-05 9.9937E-05 9.9937E-05
9.993E-05 9.993E-05 0.999201 9.993E-05 9.993E-05 9.993E-05 9.993E-05 9.993E-05 9.993E-05
0.00624362 9.9964E-05 0.743595 0.0124276 0.164276 9.9964E-05 9.9964E-05 9.9964E-05 0.0730582
9.9937E-05 9.9937E-05 0.990919 9.9937E-05 9.9937E-05 0.00838157 9.9937E-05 9.9937E-05 9.9937E-05
9.9937E-05 0.00160355 0.997697 9.9937E-05 9.9937E-05 9.9937E-05 9.9937E-05 9.9937E-05 9.9937E-05
0.0105812 9.9964E-05 0.852783 9.9964E-05 0.0682544 0.0182803 0.0497014 9.9964E-05 9.9964E-05
9.9946E-05 0.052981 0.930127 9.9946E-05 9.9946E-05 9.9946E-05 9.9946E-05 0.0162923 9.9946E-05
0.0151471 0.0218925 0.764792 9.9982E-05 0.0255767 0.0766321 0.0046495 9.9982E-05 0.0911105
0.0530166 0.337523 0.0443508 9.9991E-05 0.11283 0.056204 0.0476345 0.289158 0.0591832
0.0512725 0.380281 0.0455168 0.0182098 0.0562142 0.0646339 0.0203437 0.27041 0.0931178
0.0471529 0.270124 0.0254985 0.00947453 0.0823183 0.0893362 0.0771201 0.290024 0.108951
0.0628658 0.350922 0.0156374 9.9991E-05 0.132081 0.0692842 0.0722408 0.217594 0.0792741
9.9955E-05 9.9955E-05 0.049827 0.0160081 0.91508 9.9955E-05 9.9955E-05 9.9955E-05 0.0185847
9.993E-05 9.993E-05 9.993E-05 9.993E-05 0.999201 9.993E-05 9.993E-05 9.993E-05 9.993E-05
9.9964E-05 0.0353825 9.9964E-05 9.9964E-05 0.939672 0.00809422 0.0101591 0.00629192 9.9964E-05
9.993E-05 9.993E-05 9.993E-05 9.993E-05 0.999201 9.993E-05 9.993E-05 9.993E-05 9.993E-05
9.9955E-05 0.0011756 9.9955E-05 9.9955E-05 0.984128 9.9955E-05 0.0103617 0.00383538 9.9955E-05
9.9955E-05 0.0254663 9.9955E-05 9.9955E-05 0.919538 9.9955E-05 0.0262834 0.0282124 9.9955E-05
9.9973E-05 0.0477919 0.00676323 9.9973E-05 0.903467 0.00537939 0.0349678 0.00133091 9.9973E-05
0.0251837 0.0484114 0.0792979 0.0502418 0.711219 0.0417936 9.9982E-05 9.9982E-05 0.043653
0.00592075 0.0636258 9.9982E-05 0.0249012 0.825613 0.0382148 9.9982E-05 0.00419972 0.0373246
9.9946E-05 0.00663134 9.9946E-05 0.0101662 9.9946E-05 9.9946E-05 9.9946E-05 0.982603 9.9946E-05
9.993E-05 9.993E-05 9.993E-05 9.993E-05 9.993E-05 9.993E-05 9.993E-05 0.999201 9.993E-05
9.993E-05 9.993E-05 9.993E-05 9.993E-05 9.993E-05 9.993E-05 9.993E-05 0.999201 9.993E-05
9.993E-05 9.993E-05 9.993E-05 9.993E-05 9.993E-05 9.993E-05 9.993E-05 0.999201 9.993E-05
9.993E-05 9.993E-05 9.993E-05 9.993E-05 9.993E-05 9.993E-05 9.993E-05 0.999201 9.993E-05
0.00998231 0.083839 9.9973E-05 0.00604776 0.0121398 0.0221871 9.9973E-05 0.865504 9.9973E-05
9.993E-05 9.993E-05 9.993E-05 9.993E-05 9.993E-05 9.993E-05 9.993E-05 0.999201 9.993E-05
9.993E-05 9.993E-05 9.993E-05 9.993E-05 9.993E-05 9.993E-05 9.993E-05 0.999201 9.993E-05
0.0095391 0.013598 9.9955E-05 9.9955E-05 0.00612769 9.9955E-05 9.9955E-05 0.970235 9.9955E-05
9.9964E-05 0.0305124 0.0141904 9.9964E-05 9.9964E-05 0.00449741 9.9964E-05 0.886066 0.0643339
9.993E-05 9.993E-05 9.993E-05 9.993E-05 9.993E-05 9.993E-05 9.993E-05 0.999201 9.993E-05
9.99371E-05 9.99371E-05 9.99371E-05 9.99371E-05 0.0154998 9.99371E-05 9.99371E-05 0.983801 9.99371E-05
