0.999201 9.993E-05 9.993E-05 9.993E-05 9.993E-05 9.993E-05 9.993E-05 9.993E-05 9.993E-05
0.0874193 9.9982E-05 0.785349 0.00361174 0.000169756 0.0100757 0.0816613 0.0315135 9.9982E-05
0.0473436 9.9955E-05 0.837989 9.9955E-05 9.9955E-05 9.9955E-05 0.0437412 0.0704267 9.9955E-05
9.993E-05 9.993E-05 0.999201 9.993E-05 9.993E-05 9.993E-05 9.993E-05 9.993E-05 9.993E-05
9.9964E-05 0.0733347 0.666224 9.9964E-05 0.172553 0.0099109 9.9964E-05 9.9964E-05 0.0775783
0.0325568 0.17716 0.689617 9.9973E-05 0.0513563 9.9973E-05 9.9973E-05 0.0269485 0.022061
0.140128 9.9946E-05 0.608621 9.9946E-05 0.250652 9.9946E-05 9.9946E-05 9.9946E-05 9.9946E-05
0.171834 0.0502762 0.520024 0.0147517 0.152488 9.9973E-05 9.9973E-05 0.0903262 9.9973E-05
0.00496252 0.0557268 0.654955 9.9982E-05 0.157158 0.0580938 0.0122418 0.0566623 9.9982E-05
0.989642 9.9937E-05 9.9937E-05 9.9937E-05 9.9937E-05 9.9937E-05 9.9937E-05 0.0096587 9.9937E-05
0.999201 9.993E-05 9.993E-05 9.993E-05 9.993E-05 9.993E-05 9.993E-05 9.993E-05 9.993E-05
0.999201 9.993E-05 9.993E-05 9.993E-05 9.993E-05 9.993E-05 9.993E-05 9.993E-05 9.993E-05
0.993098 9.9937E-05 9.9937E-05 0.00620285 9.9937E-05 9.9937E-05 9.9937E-05 9.9937E-05 9.9937E-05
0.930539 9.9946E-05 9.9946E-05 9.9946E-05 0.0273054 9.9946E-05 9.9946E-05 9.9946E-05 0.0415555
0.927555 0.00448218 0.0520959 9.9955E-05 9.9955E-05 9.9955E-05 9.9955E-05 0.0153669 9.9955E-05
0.0524764 0.23852 0.592664 0.0123847 0.0662463 0.0316678 9.9982E-05 0.00584085 9.9982E-05
0.119735 0.149705 0.402064 0.0482016 0.0150543 0.049655 0.043493 0.0813534 0.0907376
9.9946E-05 9.9946E-05 0.968922 9.9946E-05 9.9946E-05 0.0214004 9.9946E-05 9.9946E-05 0.00907784
9.99461E-05 9.99461E-05 0.04611 9.99461E-05 0.937888 9.99461E-05 9.99461E-05 9.99461E-05 0.0154023
9.99461E-05 9.99461E-05 9.99461E-05 0.00317407 0.995943 9.99461E-05 9.99461E-05 9.99461E-05 0.000283044
0.0305733 9.9955E-05 0.105002 9.9955E-05 0.83678 0.0271453 9.9955E-05 9.9955E-05 9.9955E-05
9.9964E-05 0.02822 0.0604353 9.9964E-05 0.77558 9.9964E-05 9.9964E-05 0.0658743 0.0694907
9.9964E-05 9.9964E-05 0.0594428 9.9964E-05 0.82197 0.00599313 9.9964E-05 0.0335886 0.0786062
0.0397905 9.9937E-05 9.9937E-05 9.9937E-05 0.95951 9.9937E-05 9.9937E-05 9.9937E-05 9.9937E-05
0.00037966 9.99371E-05 9.99371E-05 9.99371E-05 0.998921 9.99371E-05 9.99371E-05 9.99371E-05 9.99371E-05
0.013087 0.199826 9.9964E-05 0.0550012 0.70417 0.0275165 9.9964E-05 9.9964E-05 9.9964E-05
0.00540317 9.9955E-05 9.9955E-05 9.9955E-05 0.83541 0.0745062 9.9955E-05 0.0841811 9.9955E-05
9.9946E-05 0.033203 0.0950008 9.9946E-05 0.871196 9.9946E-05 9.9946E-05 9.9946E-05 9.9946E-05
0.0596864 0.0750245 0.0465589 0.0176954 0.74467 0.041908 9.9991E-05 0.00443967 0.00991686
9.9937E-05 9.9937E-05 0.385292 9.9937E-05 0.614008 9.9937E-05 9.9937E-05 9.9937E-05 9.9937E-05
0.0526725 9.99371E-05 9.99371E-05 9.99371E-05 0.946628 9.99371E-05 9.99371E-05 9.99371E-05 9.99371E-05
9.9973E-05 0.01944 9.9973E-05 0.0157337 0.901838 0.0474587 0.0116556 0.00357424 9.9973E-05
0.0162196 0.00790859 0.0166865 0.0017869 0.848818 0.0217793 0.0353961 0.0513054 9.9991E-05
0.0716523 0.0416146 9.9973E-05 0.107334 0.678064 9.9973E-05 0.0075526 0.0934819 9.9973E-05
9.9955E-05 9.9955E-05 0.0904231 9.9955E-05 0.745791 9.9955E-05 9.9955E-05 0.0298281 0.133458
0.0181075 9.9946E-05 0.299991 9.9946E-05 0.681301 9.9946E-05 9.9946E-05 9.9946E-05 9.9946E-05
9.9946E-05 0.392787 9.9946E-05 9.9946E-05 0.600253 0.00636036 9.9946E-05 9.9946E-05 9.9946E-05
9.9982E-05 0.155295 0.0705162 0.00133338 0.584819 0.085541 9.9982E-05 0.0283772 0.0739185
9.9973E-05 0.155726 9.9973E-05 9.9973E-05 0.6254 0.0845423 0.0570179 0.0738245 0.00318971
0.0308049 0.196686 9.9973E-05 0.0127789 0.690567 0.0304808 0.0383828 9.9973E-05 9.9973E-05
9.9973E-05 0.620018 0.201092 0.0967247 9.9973E-05 0.0429545 0.0208687 0.0180421 9.9973E-05
9.9964E-05 0.613423 0.147424 0.065651 9.9964E-05 0.121203 9.9964E-05 0.0518996 9.9964E-05
9.9973E-05 0.450249 0.271018 0.0830281 0.0728859 9.9973E-05 0.0574458 0.0650727 9.9973E-05
9.9964E-05 0.726546 0.226923 0.016814 9.9964E-05 0.0232077 0.00610958 9.9964E-05 9.9964E-05
9.9982E-05 0.55553 0.0417616 0.0581972 0.178126 0.0683401 9.9982E-05 0.0806747 0.0171704
9.993E-05 0.999201 9.993E-05 9.993E-05 9.993E-05 9.993E-05 9.993E-05 9.993E-05 9.993E-05
9.993E-05 0.999201 9.993E-05 9.993E-05 9.993E-05 9.993E-05 9.993E-05 9.993E-05 9.993E-05
9.9982E-05 0.51256 0.035206 0.033947 0.343459 0.0144487 9.9982E-05 0.045008 0.0151706
0.0713448 0.641173 0.0619144 0.10299 0.0732462 0.042654 9.9991E-05 0.00351598 0.00306099
0.0281658 0.419394 0.256978 0.0955424 0.124308 9.9991E-05 0.0211373 0.0496866 0.00468783
0.0393498 0.539457 0.0186687 9.9982E-05 0.300335 0.0122755 0.0150009 0.0747133 9.9982E-05
9.9973E-05 0.763775 0.0468337 9.9973E-05 0.107081 0.0170141 9.9973E-05 0.0434726 0.0215241
0.0229984 0.97462 9.9946E-05 9.9946E-05 9.9946E-05 0.00178218 9.9946E-05 9.9946E-05 9.9946E-05
0.0299672 0.451346 9.9982E-05 0.0535923 0.280362 0.0542725 0.0280915 9.9982E-05 0.102169
0.0516577 0.475033 9.9991E-05 0.0746119 0.26463 0.0231701 0.0465654 0.00114479 0.0630871
9.9982E-05 0.543502 0.130471 0.0785036 0.0754071 0.0196472 0.0458058 0.106463 9.9982E-05
0.102657 0.423312 0.0426551 0.069906 0.183624 0.109578 0.0090236 0.0439773 0.015267
9.9982E-05 0.556112 0.0700433 0.0400786 0.138306 0.0917484 0.0652966 9.9982E-05 0.0382157
9.993E-05 0.999201 9.993E-05 9.993E-05 9.993E-05 9.993E-05 9.993E-05 9.993E-05 9.993E-05
0.0753171 0.409551 9.9991E-05 0.0129221 0.32362 0.0723846 0.0256009 0.0640159 0.0164878
0.0202827 0.636699 0.0265947 0.0362324 0.173567 0.104481 9.9982E-05 9.9982E-05 0.00194316
9.9964E-05 0.716602 0.0769417 0.0882258 0.114513 9.9964E-05 0.00331829 9.9964E-05 9.9964E-05
0.0197139 0.65122 0.00584145 9.9991E-05 0.119175 0.0300768 0.0468685 0.0890588 0.037946
9.99551E-05 0.908794 9.99551E-05 9.99551E-05 9.99551E-05 9.99551E-05 0.00391679 0.0382719 0.048518
0.0110208 0.71735 0.0672167 0.0555588 0.0858027 0.062751 9.9973E-05 9.9973E-05 9.9973E-05
9.993E-05 0.999201 9.993E-05 9.993E-05 9.993E-05 9.993E-05 9.993E-05 9.993E-05 9.993E-05
9.9946E-05 0.921919 9.9946E-05 9.9946E-05 9.9946E-05 9.9946E-05 0.074259 9.9946E-05 0.00322216
9.99551E-05 0.821975 9.99551E-05 9.99551E-05 9.99551E-05 9.99551E-05 0.0377825 0.0406984 0.0990444
9.9973E-05 0.622684 0.146004 0.0347972 0.148085 0.0116887 9.9973E-05 0.0364408 9.9973E-05
9.99461E-05 0.993846 9.99461E-05 9.99461E-05 9.99461E-05 9.99461E-05 9.99461E-05 0.00520612 0.000348555
0.0248528 0.711053 0.0891286 0.0549306 0.0192243 9.9982E-05 0.0610257 0.0395856 9.9982E-05
9.9982E-05 0.667752 9.9982E-05 0.0719351 0.060646 0.0651573 0.0492102 0.0534701 0.0316296
0.0713794 0.895063 9.99461E-05 9.99461E-05 0.0329576 9.99461E-05 9.99461E-05 9.99461E-05 9.99461E-05
0.0721769 0.893004 9.9946E-05 9.9946E-05 9.9946E-05 0.0342191 9.9946E-05 9.9946E-05 9.9946E-05
0.0475443 0.705725 9.9982E-05 0.127337 0.0543247 0.00515466 9.9982E-05 0.0153354 0.0443794
0.0153342 0.879611 9.9964E-05 9.9964E-05 0.0261497 0.0540446 9.9964E-05 9.9964E-05 0.0244607
9.9955E-05 0.8835 9.9955E-05 9.9955E-05 0.0398971 9.9955E-05 0.0327698 0.0433334 9.9955E-05
0.0376685 0.68234 0.0438968 0.0371336 9.9973E-05 9.9973E-05 0.103235 9.9973E-05 0.0954267
9.999E-05 0.366226 0.0728195 0.0990294 0.0708345 0.0455554 0.0991595 0.0774505 0.168825
9.9982E-05 0.524787 9.9982E-05 0.110968 0.0244153 0.0290064 0.133893 0.0327005 0.14403
9.9991E-05 0.582579 0.028916 0.131032 0.0028196 0.0274472 0.094342 0.038347 0.0944168
0.00307235 0.570107 0.00297524 0.078033 0.0241936 0.0157517 0.122404 0.0128286 0.170635
9.9991E-05 0.450194 0.00656706 0.0572624 0.0703478 0.0333442 0.120813 0.0919154 0.169456
9.9982E-05 0.34471 0.0446527 0.211312 0.169888 0.0694886 0.128286 9.9982E-05 0.0314634
0.0225469 0.467073 0.0270647 0.145784 0.0641429 0.00910634 0.1953 0.0418343 0.0271477
0.00158661 0.408711 0.0584949 0.081746 0.0492229 0.0490857 0.18287 0.117732 0.0505507
0.0378496 0.330962 0.0686498 0.122241 0.159454 0.0395896 0.0915208 0.0884893 0.0612443
0.00718688 0.422522 0.0183414 0.19076 0.158829 0.0405086 0.161652 9.9982E-05 9.9982E-05
9.9991E-05 0.424207 0.0624852 0.0728989 0.0816452 0.0815405 0.143955 0.0427838 0.0903842
0.0113662 0.348311 9.9991E-05 0.159345 0.078751 0.128786 0.106794 0.126166 0.040382
0.000348486 0.424994 0.077114 0.0531862 0.0719308 0.00655604 0.0781002 0.0415296 0.246241
0.0118574 0.463628 0.0626291 0.0990727 0.0226499 9.9991E-05 0.0883674 0.0398934 0.211802
0.0209626 0.270498 9.9991E-05 0.0827494 0.107595 0.18805 0.209055 0.109051 0.0119406
9.9946E-05 9.9946E-05 9.9946E-05 0.00382139 9.9946E-05 9.9946E-05 0.97475 0.0208289 9.9946E-05
0.0121912 0.0533969 9.9955E-05 0.0313273 9.9955E-05 9.9955E-05 0.902585 9.9955E-05 9.9955E-05
0.0168583 0.0180208 9.9973E-05 0.00903983 0.0349465 9.9973E-05 0.885661 9.9973E-05 0.0351735
9.993E-05 9.993E-05 9.993E-05 9.993E-05 9.993E-05 9.993E-05 0.999201 9.993E-05 9.993E-05
9.993E-05 9.993E-05 9.993E-05 9.993E-05 9.993E-05 9.993E-05 0.999201 9.993E-05 9.993E-05
9.993E-05 9.993E-05 9.993E-05 9.993E-05 9.993E-05 9.993E-05 0.999201 9.993E-05 9.993E-05
9.993E-05 9.993E-05 9.993E-05 9.993E-05 9.993E-05 9.993E-05 0.999201 9.993E-05 9.993E-05
0.0167888 0.0722414 0.0242526 9.9973E-05 0.0260862 9.9973E-05 0.857174 0.00315683 9.9973E-05
9.993E-05 9.993E-05 9.993E-05 9.993E-05 9.993E-05 9.993E-05 0.999201 9.993E-05 9.993E-05
9.993E-05 9.993E-05 9.993E-05 9.993E-05 9.993E-05 9.993E-05 0.999201 9.993E-05 9.993E-05
0.00395554 0.213043 9.9991E-05 0.304694 0.107198 0.101388 0.10414 0.0923227 0.0731587
0.00585833 0.0689016 9.9955E-05 9.9955E-05 9.9955E-05 9.9955E-05 0.917569 9.9955E-05 0.00717143
0.00458224 9.9964E-05 9.9964E-05 9.9964E-05 0.00141445 0.0289631 0.939212 9.9964E-05 0.025428
9.9937E-05 9.9937E-05 9.9937E-05 9.9937E-05 9.9937E-05 9.9937E-05 0.995531 9.9937E-05 0.00376895
9.9982E-05 0.11395 9.9982E-05 0.266006 0.190471 0.127112 0.145597 0.0581078 0.0985565
9.9982E-05 0.0914785 9.9982E-05 0.267835 0.215117 0.13667 0.121985 0.0738172 0.0928979
9.9982E-05 0.122759 9.9982E-05 0.248921 0.178728 0.119944 0.112161 0.0602761 0.157011
9.9982E-05 0.109496 9.9982E-05 0.226858 0.202416 0.139894 0.152907 0.0737469 0.094481
9.9982E-05 0.204662 9.9982E-05 0.260049 0.102249 0.115969 0.125929 0.0544331 0.136509
9.9982E-05 0.122276 9.9982E-05 0.197633 0.237328 0.0980788 0.12954 0.0474518 0.167492
9.9982E-05 0.261639 9.9982E-05 0.151707 0.208576 0.0425199 0.149609 0.0244558 0.161293
9.9973E-05 0.25628 9.9973E-05 0.256522 0.12938 0.0708135 0.12912 9.9973E-05 0.157584
9.9982E-05 0.155464 9.9982E-05 0.164195 0.120278 0.064589 0.235861 0.121616 0.137798
9.9982E-05 0.12387 9.9982E-05 0.199865 0.181373 0.0682467 0.208365 0.0751838 0.142896
9.9982E-05 0.260561 9.9982E-05 0.184548 0.173231 0.083794 0.126214 0.0522504 0.119201
0.00118806 0.148592 9.9991E-05 0.13397 0.147477 0.105981 0.202158 0.0679283 0.192606
0.0257154 0.329965 9.9991E-05 0.236696 0.0620677 0.0756178 0.079467 0.0748795 0.115492
9.9991E-05 0.28456 0.00707478 0.216886 0.116585 0.0568424 0.153982 0.05481 0.109161
9.9955E-05 9.9955E-05 9.9955E-05 0.976828 0.000363599 9.9955E-05 9.9955E-05 0.00596756 0.0163411
0.028719 9.9964E-05 9.9964E-05 0.872796 9.9964E-05 0.0612895 0.0239167 9.9964E-05 0.0128793
9.993E-05 9.993E-05 9.993E-05 0.999201 9.993E-05 9.993E-05 9.993E-05 9.993E-05 9.993E-05
9.9946E-05 0.00171675 0.0058634 0.99182 9.9946E-05 9.9946E-05 9.9946E-05 9.9946E-05 9.9946E-05
9.993E-05 9.993E-05 9.993E-05 0.999201 9.993E-05 9.993E-05 9.993E-05 9.993E-05 9.993E-05
9.993E-05 9.993E-05 9.993E-05 0.999201 9.993E-05 9.993E-05 9.993E-05 9.993E-05 9.993E-05
9.993E-05 9.993E-05 9.993E-05 0.999201 9.993E-05 9.993E-05 9.993E-05 9.993E-05 9.993E-05
0.0508679 9.9964E-05 0.0395071 0.757885 9.9964E-05 0.0211708 9.9964E-05 9.9964E-05 0.130169
9.9937E-05 9.9937E-05 9.9937E-05 0.988779 9.9937E-05 9.9937E-05 9.9937E-05 0.0105217 9.9937E-05
9.993E-05 9.993E-05 9.993E-05 0.999201 9.993E-05 9.993E-05 9.993E-05 9.993E-05 9.993E-05
0.0134397 9.9973E-05 0.0300705 0.845763 9.9973E-05 9.9973E-05 0.0166465 0.0141156 0.0796649
9.993E-05 9.993E-05 9.993E-05 0.999201 9.993E-05 9.993E-05 9.993E-05 9.993E-05 9.993E-05
9.9964E-05 0.10843 9.9964E-05 0.699829 9.9964E-05 0.0191351 9.9964E-05 0.121468 0.0507375
9.993E-05 9.993E-05 9.993E-05 9.993E-05 9.993E-05 9.993E-05 9.993E-05 0.999201 9.993E-05
9.9982E-05 0.317205 0.0405658 0.194103 9.9982E-05 0.0584855 0.21012 0.0934522 0.0858698
9.993E-05 9.993E-05 9.993E-05 9.993E-05 9.993E-05 9.993E-05 9.993E-05 0.999201 9.993E-05
9.993E-05 9.993E-05 9.993E-05 9.993E-05 9.993E-05 9.993E-05 9.993E-05 0.999201 9.993E-05
0.000310076 0.00669733 0.00320965 9.9973E-05 9.9973E-05 9.9973E-05 0.0158783 0.917786 0.0558187
9.9982E-05 0.145706 9.9982E-05 0.00724345 0.0165032 0.0690021 0.00403157 0.756097 0.00121682
9.993E-05 9.993E-05 9.993E-05 9.993E-05 9.993E-05 9.993E-05 9.993E-05 0.999201 9.993E-05
9.9964E-05 0.033231 9.9964E-05 0.0349306 9.9964E-05 0.0135475 9.9964E-05 0.84294 0.074951
9.9955E-05 9.9955E-05 9.9955E-05 9.9955E-05 9.9955E-05 0.0034198 0.00316914 0.951058 0.0418535
0.00750268 0.0350404 9.9964E-05 0.0377524 9.9964E-05 9.9964E-05 0.00840418 0.9109 9.9964E-05
9.9946E-05 9.9946E-05 9.9946E-05 9.9946E-05 0.00973408 9.9946E-05 9.9946E-05 0.982391 0.00727516
9.9937E-05 9.9937E-05 9.9937E-05 9.9937E-05 9.9937E-05 0.0172042 9.9937E-05 0.982096 9.9937E-05
9.9946E-05 9.9946E-05 9.9946E-05 0.0320637 9.9946E-05 0.0082902 9.9946E-05 0.959046 9.9946E-05
9.9964E-05 9.9964E-05 0.0248834 0.0550888 9.9964E-05 0.0560951 0.0270237 0.836509 9.9964E-05
0.0117294 9.9964E-05 0.00272626 9.9964E-05 0.000663006 9.9964E-05 9.9964E-05 0.959877 0.0246042
0.0135449 0.0613093 9.9964E-05 0.00759306 9.9964E-05 9.9964E-05 9.9964E-05 0.856051 0.0611019
0.0228776 0.0051903 9.9982E-05 0.0255373 9.9982E-05 0.0504545 0.00138339 0.881825 0.0125319
0.0355669 0.0427765 0.0182022 9.9964E-05 9.9964E-05 0.0273463 9.9964E-05 0.875708 9.9964E-05
9.9955E-05 9.9955E-05 9.9955E-05 0.0189849 9.9955E-05 0.00332497 9.9955E-05 0.952824 0.0243665
0.0516747 0.311635 9.9991E-05 0.0769276 0.00930442 0.283357 0.0668603 0.0526163 0.147525
0.0179665 0.354403 9.9991E-05 0.0578026 0.0683615 0.253009 0.0534412 0.0580588 0.136858
0.0459828 0.346428 9.9982E-05 0.0210231 9.9982E-05 0.272603 0.11154 0.0440256 0.158198
0.0439779 0.410643 9.9973E-05 9.9973E-05 9.9973E-05 0.272191 0.0637257 0.063809 0.145353
9.9964E-05 9.9964E-05 0.0105697 0.03552 9.9964E-05 0.00397067 9.9964E-05 0.0214253 0.928115
9.993E-05 9.993E-05 9.993E-05 9.993E-05 9.993E-05 9.993E-05 9.993E-05 9.993E-05 0.999201
9.9955E-05 9.9955E-05 9.9955E-05 9.9955E-05 0.000229857 0.0209177 9.9955E-05 0.0215561 0.956796
9.993E-05 9.993E-05 9.993E-05 9.993E-05 9.993E-05 9.993E-05 9.993E-05 9.993E-05 0.999201
9.9937E-05 9.9937E-05 9.9937E-05 9.9937E-05 9.9937E-05 0.0202237 9.9937E-05 9.9937E-05 0.979077
9.993E-05 9.993E-05 9.993E-05 9.993E-05 9.993E-05 9.993E-05 9.993E-05 9.993E-05 0.999201
9.9964E-05 9.9964E-05 9.9964E-05 0.00265101 9.9964E-05 0.0202517 0.0117024 0.0014374 0.963558
9.9973E-05 9.9973E-05 0.0262737 0.0286104 0.0461306 0.0382086 9.9973E-05 0.0699129 0.790564
0.0169692 0.00728374 9.9982E-05 0.0272248 0.0403227 0.0301116 9.9982E-05 0.0221612 0.855727
9.993E-05 9.993E-05 9.993E-05 9.993E-05 9.993E-05 0.999201 9.993E-05 9.993E-05 9.993E-05
9.99352E-05 9.99352E-05 9.99352E-05 9.99352E-05 9.99352E-05 0.999201 9.99352E-05 9.99352E-05 9.99352E-05
9.993E-05 9.993E-05 9.993E-05 9.993E-05 9.993E-05 0.999201 9.993E-05 9.993E-05 9.993E-05
9.993E-05 9.993E-05 9.993E-05 9.993E-05 9.993E-05 0.999201 9.993E-05 9.993E-05 9.993E-05
9.993E-05 9.993E-05 9.993E-05 9.993E-05 9.993E-05 0.999201 9.993E-05 9.993E-05 9.993E-05
0.0218786 0.0581593 0.0387179 9.9973E-05 0.00624101 0.864476 9.9973E-05 9.9973E-05 0.0102271
9.993E-05 9.993E-05 9.993E-05 9.993E-05 9.993E-05 0.999201 9.993E-05 9.993E-05 9.993E-05
9.993E-05 9.993E-05 9.993E-05 9.993E-05 9.993E-05 0.999201 9.993E-05 9.993E-05 9.993E-05
9.993E-05 9.993E-05 9.993E-05 9.993E-05 9.993E-05 0.999201 9.993E-05 9.993E-05 9.993E-05
9.9946E-05 9.9946E-05 9.9946E-05 0.0279763 9.9946E-05 0.947613 0.0238115 9.9946E-05 9.9946E-05
9.9937E-05 9.9937E-05 9.9937E-05 0.017848 9.9937E-05 0.981452 9.9937E-05 9.9937E-05 9.9937E-05
9.9955E-05 0.0166669 0.00953242 9.9955E-05 9.9955E-05 0.972614 9.9955E-05 9.9955E-05 0.000686479
