9.993E-05 9.993E-05 9.993E-05 9.993E-05 0.999201 9.993E-05 9.993E-05 9.993E-05 9.993E-05
0.0842458 9.9964E-05 0.00783684 9.9964E-05 0.24114 9.9964E-05 9.9964E-05 0.577548 0.0888292
0.0534661 9.9955E-05 9.9955E-05 9.9955E-05 0.233642 9.9955E-05 9.9955E-05 0.621129 0.0912635
0.0176047 0.00793243 9.9973E-05 0.0723521 0.150204 9.9973E-05 9.9973E-05 0.747838 0.00376833
9.9982E-05 0.0382312 0.0418281 0.111032 0.0582171 0.0396426 0.0431506 0.667698 9.9982E-05
9.9964E-05 0.0484102 9.9964E-05 0.114947 0.154809 9.9964E-05 9.9964E-05 0.637643 0.0437914
9.99371E-05 9.99371E-05 9.99371E-05 9.99371E-05 0.260478 9.99371E-05 9.99371E-05 0.738822 9.99371E-05
9.9973E-05 9.9973E-05 0.00129043 0.0595991 0.246114 9.9973E-05 0.00125558 0.612962 0.0784787
9.9964E-05 9.9964E-05 9.9964E-05 0.0989968 0.177295 9.9964E-05 0.0168228 0.654826 0.0516594
9.993E-05 9.993E-05 9.993E-05 9.993E-05 0.999201 9.993E-05 9.993E-05 9.993E-05 9.993E-05
9.993E-05 9.993E-05 9.993E-05 9.993E-05 0.999201 9.993E-05 9.993E-05 9.993E-05 9.993E-05
9.993E-05 9.993E-05 9.993E-05 9.993E-05 0.999201 9.993E-05 9.993E-05 9.993E-05 9.993E-05
0.000970242 9.9937E-05 9.9937E-05 9.9937E-05 0.99833 9.9937E-05 9.9937E-05 9.9937E-05 9.9937E-05
9.9955E-05 9.9955E-05 9.9955E-05 0.0415674 0.927239 0.021329 9.9955E-05 0.00936508 9.9955E-05
0.00599385 9.9973E-05 0.00273041 0.025459 0.953142 0.00954106 9.9973E-05 9.9973E-05 0.00283403
9.9964E-05 9.9964E-05 9.9964E-05 0.205532 0.162644 9.9964E-05 0.0100018 0.567273 0.0541499
0.0315737 0.0573066 9.9991E-05 0.248134 0.212574 0.0522775 0.0215533 0.291972 0.0845087
0.00203104 0.102556 9.9964E-05 0.0377332 0.18071 9.9964E-05 9.9964E-05 0.67657 9.9964E-05
0.0193399 9.9964E-05 9.9964E-05 0.0460899 9.9964E-05 0.0263008 0.043884 0.863986 9.9964E-05
9.9955E-05 0.0357556 0.0226937 9.9955E-05 9.9955E-05 0.0452871 9.9955E-05 0.895764 9.9955E-05
9.9955E-05 0.0436989 9.9955E-05 9.9955E-05 0.0243753 9.9955E-05 0.0637443 0.867682 9.9955E-05
9.9964E-05 0.0586377 0.0319668 9.9964E-05 9.9964E-05 0.069458 9.9964E-05 0.76988 0.0696576
9.9964E-05 0.0046781 9.9964E-05 9.9964E-05 9.9964E-05 0.105822 0.0156023 0.856232 0.0172656
9.9946E-05 9.9946E-05 0.0459683 9.9946E-05 9.9946E-05 0.018793 9.9946E-05 0.934639 9.9946E-05
0.01073 9.9964E-05 0.000760935 0.0441368 9.9964E-05 9.9964E-05 0.0371669 0.906805 9.9964E-05
9.9964E-05 0.125858 0.0497537 0.0925222 9.9964E-05 9.9964E-05 0.0903688 0.641097 9.9964E-05
9.9973E-05 0.0942171 9.9973E-05 0.0633902 9.9973E-05 0.0316767 0.104761 0.649374 0.0562808
9.9946E-05 9.9946E-05 9.9946E-05 0.0790787 9.9946E-05 9.9946E-05 9.9946E-05 0.906787 0.0135349
9.999E-05 0.108866 0.0257357 0.0611332 0.0415707 0.00652298 0.0242722 0.726631 0.00516889
9.9955E-05 0.033369 9.9955E-05 9.9955E-05 0.0473171 9.9955E-05 0.0234964 0.895318 9.9955E-05
0.0145735 0.0137342 0.00189315 9.9982E-05 0.0297818 0.0460115 0.0304394 0.863367 9.9982E-05
0.0130484 0.0259963 0.0382883 0.0589761 9.9973E-05 9.9973E-05 0.0791257 0.784265 9.9973E-05
9.9964E-05 0.161277 9.9964E-05 9.9964E-05 9.9964E-05 0.0133585 0.0196029 0.747054 0.0583078
9.999E-05 0.119079 0.0916385 0.0261821 0.0395676 0.0162971 0.0276902 0.624464 0.0549811
9.9973E-05 9.9973E-05 0.00351007 0.0522486 9.9973E-05 0.141245 0.000362814 0.780233 0.0221007
9.9946E-05 0.0187155 9.9946E-05 9.9946E-05 0.0633327 9.9946E-05 9.9946E-05 0.917352 9.9946E-05
9.9964E-05 0.117765 9.9964E-05 0.358489 9.9964E-05 0.0192822 0.0102514 0.493812 9.9964E-05
9.9973E-05 0.285094 9.9973E-05 0.0490195 9.9973E-05 0.0525901 0.0447032 0.559828 0.00846586
0.0265036 0.207229 9.9973E-05 0.104946 9.9973E-05 9.9973E-05 0.0733878 0.531141 0.0564926
9.9955E-05 0.285878 9.9955E-05 0.14963 9.9955E-05 9.9955E-05 0.0432465 0.520746 9.9955E-05
0.0658187 0.039139 0.0756197 0.629532 9.9982E-05 9.9982E-05 0.0607674 0.0872409 0.0416828
0.0160982 0.0841722 0.0828316 0.625557 0.00262168 0.0262015 0.0843461 0.0780719 9.9991E-05
0.0408356 9.9973E-05 0.101489 0.541286 0.0340065 9.9973E-05 9.9973E-05 0.223364 0.0587198
0.0638671 0.000230596 0.0961854 0.691789 9.9982E-05 9.9982E-05 0.0157151 0.105375 0.0266371
9.9973E-05 0.174988 0.0317195 0.489453 9.9973E-05 9.9973E-05 0.0752086 0.17227 0.0560606
9.993E-05 9.993E-05 9.993E-05 0.999201 9.993E-05 9.993E-05 9.993E-05 9.993E-05 9.993E-05
9.993E-05 9.993E-05 9.993E-05 0.999201 9.993E-05 9.993E-05 9.993E-05 9.993E-05 9.993E-05
9.9982E-05 0.0486313 0.031375 0.470455 9.9982E-05 0.0132041 0.0359253 0.357135 0.0430739
9.999E-05 0.0390069 0.0701 0.506226 0.0617761 0.0370209 0.0916936 0.146552 0.0475247
0.0665576 9.9982E-05 0.077958 0.367702 0.0959385 9.9982E-05 0.0468669 0.31613 0.0286468
0.0374751 0.0991217 9.9982E-05 0.473445 0.0476617 9.9982E-05 0.0955566 0.236747 0.00979254
9.9982E-05 0.0598471 0.0270115 0.587198 9.9982E-05 0.00284464 0.0773176 0.176062 0.0695191
9.9973E-05 9.9973E-05 9.9973E-05 0.931324 0.00277046 0.0214437 0.0246806 0.00189797 0.0175831
0.0147413 0.281956 0.00585701 0.388294 0.0335848 0.0365405 0.0449155 0.194011 9.9991E-05
0.0536314 0.271627 0.0475867 0.314472 0.0687579 0.0203542 0.0133193 0.20322 0.00703163
0.0206288 0.0308201 0.0958639 0.616967 9.9982E-05 9.9982E-05 0.0162772 0.134396 0.0848473
9.999E-05 0.205969 0.0288195 0.352742 0.0744557 0.0114813 0.0620213 0.190666 0.0737448
0.0412912 0.048703 0.0286013 0.570811 9.9991E-05 0.0165443 0.0895129 0.203717 0.000719431
9.9937E-05 9.9937E-05 9.9937E-05 0.992658 9.9937E-05 9.9937E-05 0.00664227 9.9937E-05 9.9937E-05
0.00742079 0.10204 9.9991E-05 0.446092 0.0652567 0.0211059 0.105265 0.222921 0.0297987
9.9973E-05 9.9973E-05 0.100701 0.599642 0.00506343 0.0227214 0.0994355 0.172136 9.9973E-05
0.0415437 0.173732 0.0878122 0.598248 0.0261224 9.9982E-05 0.0222185 0.0501237 9.9982E-05
0.0342372 0.112044 0.0143953 0.624774 0.00146285 0.032036 0.0548594 0.0725588 0.0536333
0.0305978 9.9973E-05 0.0114231 0.796009 9.9973E-05 0.0918551 0.026644 9.9973E-05 0.0431707
9.9973E-05 0.0882889 0.104224 0.688594 0.0289427 9.9973E-05 0.0241922 0.065458 9.9973E-05
0.0078271 9.9955E-05 9.9955E-05 0.899514 9.9955E-05 0.0471722 9.9955E-05 9.9955E-05 0.0449871
0.0186261 0.269808 0.00245237 0.708613 9.9955E-05 9.9955E-05 9.9955E-05 9.9955E-05 9.9955E-05
0.0423286 9.9955E-05 0.038891 0.803685 9.9955E-05 0.114596 9.9955E-05 9.9955E-05 9.9955E-05
0.00731065 0.0777582 0.0384072 0.54524 9.9991E-05 0.00797711 0.0322542 0.286153 0.00479947
0.0188915 9.9955E-05 0.0141841 0.935885 9.9955E-05 0.0305391 9.9955E-05 9.9955E-05 9.9955E-05
0.0862156 0.0614117 0.0367846 0.678495 0.0475422 9.9982E-05 9.9982E-05 0.0531268 0.0362244
0.0208619 0.213132 0.0466735 0.577474 9.9991E-05 0.00697342 0.0423724 0.0489581 0.0434538
9.9955E-05 0.0172563 9.9955E-05 0.886458 0.0644807 0.0313054 9.9955E-05 9.9955E-05 9.9955E-05
9.9964E-05 0.00218477 9.9964E-05 0.853821 0.0539382 9.9964E-05 0.0690023 9.9964E-05 0.020654
9.9982E-05 0.301864 0.0543313 0.51924 0.043312 0.036571 0.028073 9.9982E-05 0.0164088
9.9973E-05 0.130347 0.029383 0.737029 9.9973E-05 0.00957932 0.0856257 0.00773585 9.9973E-05
9.9955E-05 0.175287 9.9955E-05 0.796236 9.9955E-05 0.0045495 9.9955E-05 9.9955E-05 0.0234278
0.10233 0.19869 0.028153 0.547219 0.0200778 0.0872526 9.9982E-05 0.0160775 9.9982E-05
0.000453746 0.890807 9.9973E-05 9.9973E-05 0.0130801 0.0407406 9.9973E-05 0.0320673 0.0225517
9.9946E-05 0.975243 9.9946E-05 0.00986097 9.9946E-05 0.0142963 9.9946E-05 9.9946E-05 9.9946E-05
9.99461E-05 0.964139 0.0189041 9.99461E-05 0.0163573 9.99461E-05 9.99461E-05 9.99461E-05 9.99461E-05
0.0382423 0.916221 9.9955E-05 0.0218396 9.9955E-05 0.0231973 9.9955E-05 9.9955E-05 9.9955E-05
9.9955E-05 0.946574 9.9955E-05 0.0148989 9.9955E-05 9.9955E-05 0.0254899 9.9955E-05 0.0125372
0.0526267 0.463785 0.0732187 0.215155 9.9982E-05 0.0178271 0.0214552 0.155733 9.9982E-05
0.167017 0.439002 0.0032963 0.273706 9.9982E-05 0.0443277 9.9982E-05 0.0717102 0.000740606
0.101319 0.53075 0.0272104 0.208065 0.000797601 9.9991E-05 0.0213524 0.0422049 0.0682012
0.0605153 0.442215 0.039291 0.203031 0.0272779 9.9991E-05 0.0251903 0.109206 0.0931734
0.0869891 0.455274 0.0780225 0.246842 0.0177753 9.9982E-05 0.0461677 0.0687299 9.9982E-05
0.126584 0.450755 0.11351 0.161415 0.0124272 0.0544845 0.00899784 0.0335051 0.038321
0.0485777 0.378755 0.110065 0.208274 0.0335168 9.9991E-05 0.111157 0.0240956 0.0854592
0.0832124 0.128793 0.098285 0.394464 0.048326 0.153167 9.9991E-05 0.0369097 0.0567433
0.0477916 0.16396 0.147077 0.343839 0.0407083 0.164938 9.9991E-05 0.0389425 0.0526433
0.183589 0.288346 0.0325841 0.188201 0.0283195 0.0124962 0.148388 0.0634884 0.0545881
0.99573 9.9937E-05 0.0035703 9.9937E-05 9.9937E-05 9.9937E-05 9.9937E-05 9.9937E-05 9.9937E-05
0.930705 9.9946E-05 9.9946E-05 0.0439458 0.0247498 9.9946E-05 9.9946E-05 9.9946E-05 9.9946E-05
0.872247 9.9955E-05 9.9955E-05 0.0656362 9.9955E-05 0.0541633 9.9955E-05 0.00745415 9.9955E-05
0.996252 9.99371E-05 9.99371E-05 9.99371E-05 9.99371E-05 9.99371E-05 9.99371E-05 9.99371E-05 0.00304874
0.999201 9.993E-05 9.993E-05 9.993E-05 9.993E-05 9.993E-05 9.993E-05 9.993E-05 9.993E-05
0.999201 9.993E-05 9.993E-05 9.993E-05 9.993E-05 9.993E-05 9.993E-05 9.993E-05 9.993E-05
0.971357 0.0128046 0.00687107 9.9964E-05 9.9964E-05 0.00524715 9.9964E-05 9.9964E-05 0.00332066
0.864518 9.9964E-05 9.9964E-05 0.0440363 9.9964E-05 9.9964E-05 0.0294691 0.0497527 0.0118238
0.945797 0.0164249 0.0108172 0.0102417 0.00241916 9.9973E-05 9.9973E-05 9.9973E-05 0.0139999
0.999201 9.993E-05 9.993E-05 9.993E-05 9.993E-05 9.993E-05 9.993E-05 9.993E-05 9.993E-05
0.0411627 0.364944 0.254313 0.00618835 9.9991E-05 0.0964944 0.0816261 0.0856238 0.0695477
0.850607 0.0514844 0.0188836 0.0454326 9.9973E-05 0.0235288 9.9973E-05 9.9973E-05 0.00976336
0.970701 9.9946E-05 9.9946E-05 9.9946E-05 9.9946E-05 9.9946E-05 0.00448153 9.9946E-05 0.0242174
0.981067 9.99371E-05 9.99371E-05 9.99371E-05 9.99371E-05 0.0182333 9.99371E-05 9.99371E-05 9.99371E-05
9.9946E-05 0.974387 0.0191769 9.9946E-05 0.005836 9.9946E-05 9.9946E-05 9.9946E-05 9.9946E-05
9.993E-05 0.999201 9.993E-05 9.993E-05 9.993E-05 9.993E-05 9.993E-05 9.993E-05 9.993E-05
9.993E-05 0.999201 9.993E-05 9.993E-05 9.993E-05 9.993E-05 9.993E-05 9.993E-05 9.993E-05
9.993E-05 0.999201 9.993E-05 9.993E-05 9.993E-05 9.993E-05 9.993E-05 9.993E-05 9.993E-05
9.9955E-05 0.84575 0.0966172 9.9955E-05 9.9955E-05 0.0539317 9.9955E-05 9.9955E-05 0.00320159
0.00419341 0.752207 0.0427739 9.9964E-05 9.9964E-05 0.0446314 9.9964E-05 0.155795 9.9964E-05
0.0287247 0.82708 0.0276258 0.0393268 0.0093378 0.0676053 9.9973E-05 9.9973E-05 9.9973E-05
0.00897841 0.832817 0.095391 0.017634 9.9964E-05 0.0447802 9.9964E-05 9.9964E-05 9.9964E-05
0.10269 0.889481 0.000738571 9.9955E-05 9.9955E-05 0.00659022 9.9955E-05 9.9955E-05 9.9955E-05
0.0583033 0.910619 9.9946E-05 9.9946E-05 9.9946E-05 0.0304783 9.9946E-05 9.9946E-05 9.9946E-05
0.0205323 0.754974 0.0480422 9.9982E-05 9.9982E-05 0.0247639 0.0694576 0.0522817 0.0297486
0.089165 0.794839 9.9964E-05 9.9964E-05 9.9964E-05 0.0883601 0.0139764 0.0132594 9.9964E-05
9.9982E-05 0.697348 0.0761144 0.0605081 0.0134596 0.0572547 0.0448775 9.9982E-05 0.0502381
0.0358484 0.71578 0.118316 0.0291998 0.0148546 0.0130702 0.0178803 0.0251505 0.0299001
9.9964E-05 0.117282 0.834884 0.0281839 9.9964E-05 0.00260909 0.0166408 9.9964E-05 9.9964E-05
0.00550735 9.9973E-05 0.87866 9.9973E-05 0.000577897 0.0118463 0.0475988 0.0555097 9.9973E-05
9.9937E-05 0.0402735 0.959027 9.9937E-05 9.9937E-05 9.9937E-05 9.9937E-05 9.9937E-05 9.9937E-05
9.9955E-05 9.9955E-05 0.98219 0.00919128 9.9955E-05 0.00561031 0.00250821 9.9955E-05 9.9955E-05
9.9937E-05 9.9937E-05 0.985385 9.9937E-05 9.9937E-05 9.9937E-05 0.0139152 9.9937E-05 9.9937E-05
9.993E-05 9.993E-05 0.999201 9.993E-05 9.993E-05 9.993E-05 9.993E-05 9.993E-05 9.993E-05
9.993E-05 9.993E-05 0.999201 9.993E-05 9.993E-05 9.993E-05 9.993E-05 9.993E-05 9.993E-05
9.9955E-05 9.9955E-05 0.780636 0.0589793 0.0378368 0.122048 9.9955E-05 9.9955E-05 9.9955E-05
9.993E-05 9.993E-05 0.999201 9.993E-05 9.993E-05 9.993E-05 9.993E-05 9.993E-05 9.993E-05
9.993E-05 9.993E-05 0.999201 9.993E-05 9.993E-05 9.993E-05 9.993E-05 9.993E-05 9.993E-05
0.067277 9.99551E-05 0.871246 9.99551E-05 0.00118395 0.0597934 9.99551E-05 9.99551E-05 9.99551E-05
9.9937E-05 9.9937E-05 0.998615 9.9937E-05 9.9937E-05 9.9937E-05 0.000684962 9.9937E-05 9.9937E-05
0.0374468 0.00426575 0.7386 0.0778635 9.9973E-05 0.0592952 9.9973E-05 9.9973E-05 0.0822293
9.993E-05 9.993E-05 9.993E-05 9.993E-05 9.993E-05 9.993E-05 9.993E-05 9.993E-05 0.999201
0.117542 0.528535 0.101023 0.119337 9.9982E-05 0.0286704 0.0396055 9.9982E-05 0.0650864
9.993E-05 9.993E-05 9.993E-05 9.993E-05 9.993E-05 9.993E-05 9.993E-05 9.993E-05 0.999201
9.993E-05 9.993E-05 9.993E-05 9.993E-05 9.993E-05 9.993E-05 9.993E-05 9.993E-05 0.999201
0.0072329 9.99461E-05 9.99461E-05 9.99461E-05 9.99461E-05 0.048262 9.99461E-05 9.99461E-05 0.943905
0.014668 0.0428428 0.0319969 9.9982E-05 0.00595119 9.9982E-05 0.0369258 0.0517708 0.815645
9.993E-05 9.993E-05 9.993E-05 9.993E-05 9.993E-05 9.993E-05 9.993E-05 9.993E-05 0.999201
9.9964E-05 0.0704418 9.9964E-05 0.00751662 0.0309242 0.0445714 9.9964E-05 9.9964E-05 0.846146
0.018718 9.9964E-05 9.9964E-05 0.0028695 9.9964E-05 0.0139523 9.9964E-05 0.00573336 0.958327
9.9955E-05 9.9955E-05 0.0163653 9.9955E-05 9.9955E-05 9.9955E-05 0.0175454 0.0213439 0.944246
9.9946E-05 9.9946E-05 9.9946E-05 9.9946E-05 9.9946E-05 0.0114333 9.9946E-05 0.0132473 0.97472
9.99371E-05 9.99371E-05 9.99371E-05 0.00975226 9.99371E-05 9.99371E-05 9.99371E-05 9.99371E-05 0.989548
0.00733413 9.9964E-05 0.0283006 9.9964E-05 0.00162265 0.000942553 9.9964E-05 9.9964E-05 0.9614
9.9964E-05 9.9964E-05 0.041291 0.0157293 9.9964E-05 9.9964E-05 0.0570486 0.03576 0.849771
9.9964E-05 0.00173105 0.00649386 9.9964E-05 0.0128205 9.9964E-05 0.000990594 9.9964E-05 0.977564
9.9955E-05 9.9955E-05 0.0194821 0.100135 9.9955E-05 0.025279 9.9955E-05 9.9955E-05 0.854604
0.00407969 9.9964E-05 9.9964E-05 0.0681182 9.9964E-05 0.0391969 0.0116793 9.9964E-05 0.876526
9.9982E-05 0.00142703 0.000749244 0.0507116 0.00447072 0.0119951 0.0447607 9.9982E-05 0.885686
9.9955E-05 0.0417981 9.9955E-05 9.9955E-05 0.0075375 0.0242152 9.9955E-05 9.9955E-05 0.925949
0.0502433 0.34172 0.0301262 0.171661 0.0364007 0.113145 0.238323 9.9991E-05 0.0182814
0.0262038 0.336244 0.0276365 0.189021 0.0358871 0.118459 0.221979 0.0325813 0.011989
0.0919217 0.155273 9.9982E-05 0.29269 0.0313571 0.143873 0.239649 9.9982E-05 0.0450357
9.9982E-05 0.343513 0.0180448 0.228334 0.050558 0.104045 0.207154 9.9982E-05 0.0481513
9.9955E-05 9.9955E-05 0.0359856 9.9955E-05 9.9955E-05 0.92562 9.9955E-05 0.0172806 0.0206136
9.993E-05 9.993E-05 9.993E-05 9.993E-05 9.993E-05 0.999201 9.993E-05 9.993E-05 9.993E-05
9.993E-05 9.993E-05 9.993E-05 9.993E-05 9.993E-05 0.999201 9.993E-05 9.993E-05 9.993E-05
9.993E-05 9.993E-05 9.993E-05 9.993E-05 9.993E-05 0.999201 9.993E-05 9.993E-05 9.993E-05
0.0199351 0.00223269 0.00731343 9.9955E-05 9.9955E-05 0.970019 9.9955E-05 9.9955E-05 9.9955E-05
0.0193735 9.9955E-05 9.9955E-05 9.9955E-05 9.9955E-05 0.951512 0.0200157 9.9955E-05 0.00859857
0.0287284 0.0575034 9.9946E-05 9.9946E-05 9.9946E-05 0.913169 9.9946E-05 9.9946E-05 9.9946E-05
0.0205516 0.0985073 0.00943643 9.9991E-05 0.0279924 0.692005 0.0173873 0.0931366 0.0408836
9.9964E-05 0.0481103 9.9964E-05 0.0554998 9.9964E-05 0.872934 0.0126384 0.0104175 9.9964E-05
9.9955E-05 9.9955E-05 0.00639195 0.0616685 9.9955E-05 9.9955E-05 0.925461 9.9955E-05 0.00597909
9.993E-05 9.993E-05 9.993E-05 9.993E-05 9.993E-05 9.993E-05 0.999201 9.993E-05 9.993E-05
9.993E-05 9.993E-05 9.993E-05 9.993E-05 9.993E-05 9.993E-05 0.999201 9.993E-05 9.993E-05
9.993E-05 9.993E-05 9.993E-05 9.993E-05 9.993E-05 9.993E-05 0.999201 9.993E-05 9.993E-05
9.993E-05 9.993E-05 9.993E-05 9.993E-05 9.993E-05 9.993E-05 0.999201 9.993E-05 9.993E-05
0.0202557 0.0871029 9.9982E-05 9.9982E-05 0.00741628 0.0227373 0.842624 0.000926355 0.0187373
0.000610074 9.9937E-05 9.9937E-05 9.9937E-05 9.9937E-05 9.9937E-05 0.99869 9.9937E-05 9.9937E-05
9.993E-05 9.993E-05 9.993E-05 9.993E-05 9.993E-05 9.993E-05 0.999201 9.993E-05 9.993E-05
9.9955E-05 9.9955E-05 9.9955E-05 0.0257606 9.9955E-05 9.9955E-05 0.946636 0.0117589 0.0153446
9.9946E-05 9.9946E-05 0.0348718 0.0113001 9.9946E-05 9.9946E-05 0.953228 9.9946E-05 9.9946E-05
9.9946E-05 9.9946E-05 0.00897817 9.9946E-05 9.9946E-05 9.9946E-05 0.98419 9.9946E-05 0.00623214
9.9964E-05 9.9964E-05 0.0252988 0.000691465 9.9964E-05 0.0152182 0.949808 0.00858381 9.9964E-05
