9.993E-05 9.993E-05 0.999201 9.993E-05 9.993E-05 9.993E-05 9.993E-05 9.993E-05 9.993E-05
9.9955E-05 0.0522419 0.0813372 9.9955E-05 9.9955E-05 0.029414 9.9955E-05 9.9955E-05 0.836507
9.9964E-05 0.0377778 0.0690803 9.9964E-05 9.9964E-05 0.0807497 9.9964E-05 0.00255984 0.809433
9.993E-05 9.993E-05 9.993E-05 9.993E-05 9.993E-05 9.993E-05 9.993E-05 9.993E-05 0.999201
0.0919156 9.9964E-05 9.9964E-05 0.059193 9.9964E-05 9.9964E-05 0.100588 0.101954 0.64595
0.00983166 9.9973E-05 0.0492667 9.9973E-05 9.9973E-05 0.0183879 0.298479 0.0770661 0.546669
9.9946E-05 9.9946E-05 0.139431 9.9946E-05 9.9946E-05 9.9946E-05 9.9946E-05 0.179302 0.680668
0.00234434 0.0317733 0.153273 0.0251452 0.00388869 0.0754866 0.0246431 0.161417 0.522028
9.9982E-05 0.00675757 0.0568824 0.0654013 9.9982E-05 0.0542896 0.0177706 0.191781 0.606917
9.993E-05 9.993E-05 0.999201 9.993E-05 9.993E-05 9.993E-05 9.993E-05 9.993E-05 9.993E-05
9.993E-05 9.993E-05 0.999201 9.993E-05 9.993E-05 9.993E-05 9.993E-05 9.993E-05 9.993E-05
9.993E-05 9.993E-05 0.999201 9.993E-05 9.993E-05 9.993E-05 9.993E-05 9.993E-05 9.993E-05
9.9946E-05 0.0130661 0.974809 9.9946E-05 0.0115254 9.9946E-05 9.9946E-05 9.9946E-05 9.9946E-05
0.0439596 9.9946E-05 0.895823 9.9946E-05 9.9946E-05 9.9946E-05 9.9946E-05 0.059618 9.9946E-05
9.9946E-05 0.0154311 0.932448 9.9946E-05 9.9946E-05 9.9946E-05 9.9946E-05 9.9946E-05 0.0515216
9.9982E-05 9.9982E-05 0.0429234 0.062796 0.0289401 0.00769241 0.189215 0.107426 0.560807
0.0949605 0.042276 0.172181 0.0996436 0.0370907 0.0440479 0.134939 0.0933307 0.281531
9.993E-05 9.993E-05 9.993E-05 9.993E-05 9.993E-05 9.993E-05 9.993E-05 9.993E-05 0.999201
0.0078361 9.9955E-05 9.9955E-05 0.0148637 9.9955E-05 9.9955E-05 9.9955E-05 0.921376 0.0554244
0.0301715 9.99371E-05 9.99371E-05 9.99371E-05 9.99371E-05 9.99371E-05 9.99371E-05 0.969129 9.99371E-05
9.9964E-05 0.0148726 0.0784756 0.0294462 9.9964E-05 9.9964E-05 9.9964E-05 0.810381 0.0664248
0.0659816 9.9973E-05 9.9973E-05 9.9973E-05 0.0119959 0.0412846 0.087461 0.706428 0.0865489
0.0793151 9.9955E-05 9.9955E-05 0.016667 9.9955E-05 9.9955E-05 9.9955E-05 0.898501 0.00501689
0.00699963 9.9955E-05 0.0215242 9.9955E-05 9.9955E-05 0.0353484 9.9955E-05 0.935628 9.9955E-05
9.9946E-05 9.9946E-05 0.00338701 9.9946E-05 0.00312339 9.9946E-05 9.9946E-05 0.99289 9.9946E-05
9.9964E-05 9.9964E-05 0.0132799 0.0134227 0.0613239 9.9964E-05 0.286737 0.624837 9.9964E-05
9.9955E-05 9.9955E-05 9.9955E-05 0.123756 9.9955E-05 0.0821919 0.0124311 0.781122 9.9955E-05
9.99371E-05 9.99371E-05 9.99371E-05 9.99371E-05 9.99371E-05 9.99371E-05 9.99371E-05 0.916891 0.0824099
9.9973E-05 9.9973E-05 0.0589133 0.00310883 0.0570896 9.9973E-05 0.138836 0.725662 0.0160902
9.9964E-05 9.9964E-05 0.0126952 9.9964E-05 9.9964E-05 0.000560901 0.0501474 0.680735 0.255462
9.99371E-05 9.99371E-05 0.0292622 9.99371E-05 9.99371E-05 9.99371E-05 9.99371E-05 0.970038 9.99371E-05
9.9955E-05 0.00980305 9.9955E-05 0.0485861 0.0508665 9.9955E-05 9.9955E-05 0.890245 9.9955E-05
0.0298597 0.0392737 0.0249863 0.0634635 0.00353742 0.019648 0.0353206 0.783811 9.9991E-05
9.9973E-05 0.00542773 0.0625615 9.9973E-05 0.0986553 0.0594421 0.0441103 0.729503 9.9973E-05
0.121197 9.9955E-05 9.9955E-05 9.9955E-05 9.9955E-05 0.0493665 9.9955E-05 0.807021 0.0219163
9.9955E-05 9.9955E-05 0.0317229 9.9955E-05 9.9955E-05 9.9955E-05 0.0291621 0.686716 0.251899
9.9937E-05 9.9937E-05 9.9937E-05 9.9937E-05 9.9937E-05 9.9937E-05 0.373227 0.626074 9.9937E-05
0.0864839 0.000210318 9.9991E-05 0.0639502 0.0279835 0.0450974 0.201031 0.509338 0.0658053
9.9973E-05 0.0446355 0.0168487 0.0800667 9.9973E-05 0.117415 0.160868 0.579866 9.9973E-05
0.00562117 0.0129294 0.0186603 0.0904406 0.00222532 9.9982E-05 0.188999 0.680924 9.9982E-05
9.9964E-05 0.020555 9.9964E-05 9.9964E-05 0.0650083 0.0363018 0.671092 9.9964E-05 0.206643
0.00751924 0.00493571 9.9982E-05 0.0230368 0.04957 0.0389099 0.726783 9.9982E-05 0.149045
9.9982E-05 0.0265815 0.0109239 9.9982E-05 0.0505026 0.0886382 0.533346 0.035641 0.254167
9.9964E-05 0.0290683 9.9964E-05 9.9964E-05 0.0217828 0.0451575 0.678697 9.9964E-05 0.224894
9.9973E-05 9.9973E-05 9.9973E-05 0.0837182 0.0224035 0.049854 0.56348 0.209283 0.0709606
9.9955E-05 9.9955E-05 0.0119869 9.9955E-05 9.9955E-05 9.9955E-05 0.948634 0.0164826 0.0223965
9.993E-05 9.993E-05 9.993E-05 9.993E-05 9.993E-05 9.993E-05 0.999201 9.993E-05 9.993E-05
0.0214882 9.9982E-05 9.9982E-05 0.0266503 0.0132417 0.0400753 0.537806 0.315951 0.0445867
9.9982E-05 9.9982E-05 0.0670142 0.0453319 0.0509786 0.0519047 0.591055 0.121885 0.0716302
9.999E-05 0.00596589 0.0518286 0.00217027 0.0508313 0.00608142 0.448533 0.242978 0.191512
9.9973E-05 9.9973E-05 0.0318688 0.0179106 9.9973E-05 0.0781194 0.603691 0.249376 0.0187342
0.0104407 9.9964E-05 9.9964E-05 9.9964E-05 9.9964E-05 0.0319574 0.770396 0.118083 0.0687233
9.9946E-05 9.9946E-05 0.0448123 9.9946E-05 9.9946E-05 9.9946E-05 0.953174 9.9946E-05 0.00141445
0.0257064 0.00352106 0.0517414 0.0420376 0.0535649 9.9982E-05 0.534013 0.289215 9.9982E-05
0.0334985 0.0357912 0.0512241 0.00706739 0.0434436 9.9982E-05 0.592432 0.236344 9.9982E-05
9.9973E-05 0.0138827 9.9973E-05 9.9973E-05 0.0810418 0.10084 0.59852 0.0544866 0.150929
9.999E-05 0.0131125 0.0890751 0.0538088 0.0403131 0.0869729 0.546993 0.130205 0.0394202
0.0162665 0.0216758 9.9982E-05 0.0864102 0.0320804 9.9982E-05 0.605218 0.167535 0.0706141
9.99461E-05 9.99461E-05 9.99461E-05 9.99461E-05 9.99461E-05 0.0121709 0.935494 9.99461E-05 0.0517358
9.999E-05 0.0334664 0.0316842 0.119951 0.0258921 0.039971 0.513925 0.228543 0.00646696
0.0114916 9.9973E-05 0.00463375 0.10249 0.0286799 9.9973E-05 0.656987 0.195418 9.9973E-05
9.99641E-05 9.99641E-05 0.0197517 9.99641E-05 0.0946126 9.99641E-05 0.83049 0.0263416 0.0284042
0.0286991 0.0591276 0.019638 0.0291483 0.0308235 0.0378382 0.70261 0.0920148 9.9991E-05
0.0740494 9.99551E-05 9.99551E-05 0.00731944 9.99551E-05 0.0223641 0.895767 9.99551E-05 9.99551E-05
9.9973E-05 9.9973E-05 0.00191171 0.015255 0.0237446 9.9973E-05 0.82644 0.106552 0.025797
0.0342708 9.9955E-05 0.000603125 9.9955E-05 9.9955E-05 0.0532504 0.911376 9.9955E-05 9.9955E-05
9.9937E-05 0.0106251 9.9937E-05 9.9937E-05 9.9937E-05 9.9937E-05 0.988675 9.9937E-05 9.9937E-05
0.0807838 0.00995107 0.0319581 9.9964E-05 9.9964E-05 0.012725 0.864182 9.9964E-05 9.9964E-05
9.9982E-05 0.0478928 9.9982E-05 0.0288066 0.00593142 0.00608896 0.6079 0.184075 0.119105
0.00514041 9.99461E-05 9.99461E-05 9.99461E-05 9.99461E-05 0.0108719 0.983388 9.99461E-05 9.99461E-05
9.9982E-05 0.054877 0.0434706 9.9982E-05 0.0121569 0.0793905 0.702578 0.0218006 0.0855268
0.0216166 0.0194156 9.9982E-05 9.9982E-05 0.00463062 0.0561963 0.857966 0.00210989 0.0378655
9.9955E-05 9.9955E-05 0.0777662 0.0257642 9.9955E-05 9.9955E-05 0.886922 0.0090478 9.9955E-05
9.99371E-05 9.99371E-05 0.0612017 9.99371E-05 9.99371E-05 9.99371E-05 0.938099 9.99371E-05 9.99371E-05
0.0169462 9.9982E-05 0.0441538 0.0283819 0.0975754 0.00107798 0.807968 0.00369701 9.9982E-05
0.00294764 9.9955E-05 0.00709294 0.102232 9.9955E-05 9.9955E-05 0.887227 9.9955E-05 9.9955E-05
9.9955E-05 0.00550876 9.9955E-05 9.9955E-05 9.9955E-05 0.0264022 0.949959 9.9955E-05 0.01763
0.143901 0.0858229 0.00230054 9.9973E-05 0.00708246 9.9973E-05 0.72463 0.0359632 9.9973E-05
0.0367687 0.121824 9.9973E-05 0.0342405 0.0572939 0.0380226 0.71155 9.9973E-05 9.9973E-05
0.0412491 0.103373 9.9973E-05 0.0525151 0.029529 0.0134031 0.759631 9.9973E-05 9.9973E-05
0.0510989 0.0349723 0.00249475 9.9973E-05 0.120856 0.0250488 0.765229 9.9973E-05 9.9973E-05
0.0589025 0.108212 9.9964E-05 0.00722107 0.0244834 9.9964E-05 0.800781 9.9964E-05 9.9964E-05
0.0352187 0.0896787 9.9973E-05 0.0486445 0.033386 0.00862717 0.784145 9.9973E-05 9.9973E-05
9.9973E-05 0.150286 9.9973E-05 0.0229675 0.141765 9.9973E-05 0.465182 0.165746 0.0537525
9.9982E-05 0.19843 9.9982E-05 0.0593726 0.0770198 0.0313844 0.523959 0.0157184 0.0939158
0.0452652 0.147965 0.0190883 0.0734805 0.0426202 0.0977956 0.501222 0.0103901 0.0621726
0.0388847 0.077927 0.0116328 0.0556384 0.116578 0.057782 0.452627 0.0990028 0.0899273
9.9973E-05 0.115917 0.00903246 0.0730732 0.120918 9.9973E-05 0.544391 0.136369 9.9973E-05
0.0945041 0.10164 9.9982E-05 0.0786215 0.0447624 0.0532453 0.539255 9.9982E-05 0.0877719
0.0189976 0.100794 0.016344 0.128245 0.161449 0.0925343 0.389487 0.09205 9.9991E-05
0.229608 0.0843901 0.0123022 9.9982E-05 0.0479361 0.0570092 0.460726 9.9982E-05 0.107829
0.201269 0.054721 0.011143 9.9991E-05 0.160668 0.0371868 0.449822 0.00951364 0.075576
0.02824 0.171022 0.0285547 0.144344 0.113888 0.0730479 0.398734 9.9991E-05 0.0420692
9.9937E-05 0.995979 9.9937E-05 0.00332152 9.9937E-05 9.9937E-05 9.9937E-05 9.9937E-05 9.9937E-05
9.9964E-05 0.929103 0.0228318 9.9964E-05 9.9964E-05 0.0323624 9.9964E-05 0.0123419 0.00296144
0.0519123 0.852064 0.0232784 9.9964E-05 0.00217907 9.9964E-05 0.0701664 9.9964E-05 9.9964E-05
9.99371E-05 0.99729 9.99371E-05 9.99371E-05 9.99371E-05 0.00201065 9.99371E-05 9.99371E-05 9.99371E-05
9.993E-05 0.999201 9.993E-05 9.993E-05 9.993E-05 9.993E-05 9.993E-05 9.993E-05 9.993E-05
9.993E-05 0.999201 9.993E-05 9.993E-05 9.993E-05 9.993E-05 9.993E-05 9.993E-05 9.993E-05
9.993E-05 0.999201 9.993E-05 9.993E-05 9.993E-05 9.993E-05 9.993E-05 9.993E-05 9.993E-05
0.0202305 0.909323 9.9955E-05 0.0269845 9.9955E-05 9.9955E-05 9.9955E-05 9.9955E-05 0.042962
9.993E-05 0.999201 9.993E-05 9.993E-05 9.993E-05 9.993E-05 9.993E-05 9.993E-05 9.993E-05
9.993E-05 0.999201 9.993E-05 9.993E-05 9.993E-05 9.993E-05 9.993E-05 9.993E-05 9.993E-05
0.0975554 0.119173 0.0178971 0.105852 0.260431 0.0963692 0.221071 0.0815514 9.9991E-05
9.9937E-05 0.902157 9.9937E-05 9.9937E-05 9.9937E-05 9.9937E-05 0.0971435 9.9937E-05 9.9937E-05
9.99371E-05 0.980334 9.99371E-05 0.0189668 9.99371E-05 9.99371E-05 9.99371E-05 9.99371E-05 9.99371E-05
0.0228571 0.972824 0.000633527 9.9955E-05 9.9955E-05 9.9955E-05 0.00318547 9.9955E-05 9.9955E-05
0.117373 0.102438 9.9982E-05 0.0856671 0.226058 0.00621088 0.461378 0.000675253 9.9982E-05
0.0931542 0.116289 0.00159695 0.0594965 0.202543 0.0507454 0.451446 0.0246287 9.9991E-05
0.174283 0.10578 0.00819193 0.0117493 0.19749 0.014485 0.487821 9.9982E-05 9.9982E-05
0.114084 0.160341 9.9982E-05 0.0634097 0.178918 0.0346612 0.377978 0.0704076 9.9982E-05
0.082215 0.14448 9.9982E-05 0.0528928 0.207768 0.0304004 0.438268 0.0437766 9.9982E-05
0.195692 0.0899398 9.9991E-05 0.0408601 0.156019 0.0165696 0.311755 0.145815 0.0432489
0.171967 0.138512 9.9982E-05 0.00118562 0.142044 0.00587383 0.486512 0.0537057 9.9982E-05
0.148856 0.114026 9.9973E-05 0.0333244 0.206481 9.9973E-05 0.486469 0.0105431 9.9973E-05
0.118793 0.228102 9.9982E-05 0.0632168 0.114358 0.0534582 0.378454 0.0434185 9.9982E-05
0.120311 0.200485 0.000415297 0.0751822 0.113574 0.0484812 0.383807 0.0576445 9.9991E-05
0.112163 0.0897798 9.9982E-05 0.081354 0.132591 0.0899202 0.391877 0.102115 9.9982E-05
0.204384 0.184564 0.00717384 0.0777175 0.0724296 0.0452613 0.394922 0.0134489 9.9991E-05
0.109901 0.0689658 9.9973E-05 0.0790392 0.180307 0.088208 0.473279 9.9973E-05 9.9973E-05
0.0486041 0.127957 9.9982E-05 0.0790596 0.201758 0.0471337 0.4466 9.9982E-05 0.0486877
9.9955E-05 9.9955E-05 9.9955E-05 0.0392482 0.9316 0.0146023 9.9955E-05 0.0140499 9.9955E-05
0.0289497 9.9973E-05 0.00844153 0.0538431 0.895793 9.9973E-05 9.9973E-05 0.00492409 0.00774835
9.993E-05 9.993E-05 9.993E-05 9.993E-05 0.999201 9.993E-05 9.993E-05 9.993E-05 9.993E-05
9.9946E-05 0.00690247 9.9946E-05 9.9946E-05 0.945315 9.9946E-05 9.9946E-05 0.0471828 9.9946E-05
9.993E-05 9.993E-05 9.993E-05 9.993E-05 0.999201 9.993E-05 9.993E-05 9.993E-05 9.993E-05
9.993E-05 9.993E-05 9.993E-05 9.993E-05 0.999201 9.993E-05 9.993E-05 9.993E-05 9.993E-05
9.9946E-05 9.9946E-05 9.9946E-05 9.9946E-05 0.995742 9.9946E-05 0.00169638 0.00196174 9.9946E-05
0.149324 9.9964E-05 0.0191842 9.9964E-05 0.744289 9.9964E-05 0.0412124 9.9964E-05 0.0455906
9.9937E-05 9.9937E-05 9.9937E-05 9.9937E-05 0.982988 0.0163124 9.9937E-05 9.9937E-05 9.9937E-05
9.993E-05 9.993E-05 9.993E-05 9.993E-05 0.999201 9.993E-05 9.993E-05 9.993E-05 9.993E-05
0.0639592 0.0412374 9.9955E-05 9.9955E-05 0.878556 9.9955E-05 9.9955E-05 9.9955E-05 0.0157472
9.9946E-05 9.9946E-05 0.00379853 0.00958397 0.986018 9.9946E-05 9.9946E-05 9.9946E-05 9.9946E-05
0.0200292 9.9955E-05 9.9955E-05 9.9955E-05 0.7309 0.107197 0.141374 9.9955E-05 9.9955E-05
9.993E-05 9.993E-05 9.993E-05 9.993E-05 9.993E-05 0.999201 9.993E-05 9.993E-05 9.993E-05
0.0844187 0.186067 9.9982E-05 0.0489861 0.186703 0.0730331 0.352278 9.9982E-05 0.0683141
9.993E-05 9.993E-05 9.993E-05 9.993E-05 9.993E-05 0.999201 9.993E-05 9.993E-05 9.993E-05
9.993E-05 9.993E-05 9.993E-05 9.993E-05 9.993E-05 0.999201 9.993E-05 9.993E-05 9.993E-05
0.0522792 9.99461E-05 9.99461E-05 9.99461E-05 9.99461E-05 0.937569 9.99461E-05 9.99461E-05 0.00955246
9.9964E-05 0.0252231 9.9964E-05 9.9964E-05 0.0246689 0.749332 0.107436 0.0929404 9.9964E-05
9.993E-05 9.993E-05 9.993E-05 9.993E-05 9.993E-05 0.999201 9.993E-05 9.993E-05 9.993E-05
0.0177833 0.00597021 0.0172848 9.9973E-05 0.013873 0.868162 0.0766264 9.9973E-05 9.9973E-05
9.993E-05 9.993E-05 9.993E-05 9.993E-05 9.993E-05 0.999201 9.993E-05 9.993E-05 9.993E-05
9.9964E-05 9.9964E-05 9.9964E-05 0.010167 0.0290276 0.934212 0.0028992 0.0232946 9.9964E-05
9.993E-05 9.993E-05 9.993E-05 9.993E-05 9.993E-05 0.999201 9.993E-05 9.993E-05 9.993E-05
9.993E-05 9.993E-05 9.993E-05 9.993E-05 9.993E-05 0.999201 9.993E-05 9.993E-05 9.993E-05
9.9955E-05 0.00211077 9.9955E-05 9.9955E-05 0.00182021 0.926247 9.9955E-05 0.0693222 9.9955E-05
9.9964E-05 0.0670462 9.9964E-05 0.0402647 0.0454489 0.80156 9.9964E-05 9.9964E-05 0.0452803
0.0266669 9.9955E-05 9.9955E-05 9.9955E-05 9.9955E-05 0.951721 0.000480265 0.0206323 9.9955E-05
0.0167633 9.9973E-05 0.0264901 9.9973E-05 0.0349614 0.901441 0.0067771 9.9973E-05 0.0132672
0.0107373 9.9964E-05 9.9964E-05 0.036185 0.0693513 0.866225 0.0171015 9.9964E-05 9.9964E-05
9.9964E-05 9.9964E-05 0.0194674 0.0702176 9.9964E-05 0.851761 0.0264288 9.9964E-05 0.0317255
9.9964E-05 9.9964E-05 0.000625385 0.000296227 0.00263202 0.964513 0.0315333 9.9964E-05 9.9964E-05
0.169169 0.0561261 0.0492544 0.241253 0.0368937 0.0462242 0.394402 0.00657684 9.9991E-05
0.162326 0.0383261 0.0590818 0.280415 0.0767078 0.00862898 0.337382 0.0370329 9.9991E-05
0.172686 0.0967345 0.0236586 0.2557 0.0330011 0.0710171 0.347002 9.9982E-05 9.9982E-05
0.113755 0.0405422 0.0355624 0.270548 0.0179507 0.0624428 0.458998 9.9982E-05 9.9982E-05
0.947271 9.9955E-05 9.9955E-05 9.9955E-05 0.0292554 0.020565 9.9955E-05 0.00240873 9.9955E-05
0.999201 9.993E-05 9.993E-05 9.993E-05 9.993E-05 9.993E-05 9.993E-05 9.993E-05 9.993E-05
0.990175 0.00138202 9.9946E-05 9.9946E-05 0.00784339 9.9946E-05 9.9946E-05 9.9946E-05 9.9946E-05
0.999201 9.993E-05 9.993E-05 9.993E-05 9.993E-05 9.993E-05 9.993E-05 9.993E-05 9.993E-05
0.9736 9.9937E-05 9.9937E-05 0.0257001 9.9937E-05 9.9937E-05 9.9937E-05 9.9937E-05 9.9937E-05
0.98406 9.9964E-05 0.00364917 0.00348973 9.9964E-05 9.9964E-05 0.00164365 0.00675724 9.9964E-05
0.983578 0.0150469 9.9946E-05 0.000775089 9.9946E-05 9.9946E-05 9.9946E-05 9.9946E-05 9.9946E-05
0.693335 0.0265562 0.00163453 0.0312203 0.042587 0.0246588 0.00345576 0.151698 0.0248538
0.838692 9.9973E-05 9.9973E-05 0.00470764 9.9973E-05 0.0321883 0.0766908 0.0427738 0.00464733
9.9937E-05 9.9937E-05 0.0102226 0.989078 9.9937E-05 9.9937E-05 9.9937E-05 9.9937E-05 9.9937E-05
9.993E-05 9.993E-05 9.993E-05 0.999201 9.993E-05 9.993E-05 9.993E-05 9.993E-05 9.993E-05
9.9937E-05 9.9937E-05 9.9937E-05 0.997088 0.00221218 9.9937E-05 9.9937E-05 9.9937E-05 9.9937E-05
9.9946E-05 9.9946E-05 9.9946E-05 0.981508 9.9946E-05 0.00919753 9.9946E-05 9.9946E-05 0.00869471
9.993E-05 9.993E-05 9.993E-05 0.999201 9.993E-05 9.993E-05 9.993E-05 9.993E-05 9.993E-05
9.9973E-05 0.0129853 0.00480192 0.892039 9.9973E-05 9.9973E-05 0.0484013 0.033418 0.00805434
9.99371E-05 9.99371E-05 9.99371E-05 0.995892 0.00340825 9.99371E-05 9.99371E-05 9.99371E-05 9.99371E-05
9.993E-05 9.993E-05 9.993E-05 0.999201 9.993E-05 9.993E-05 9.993E-05 9.993E-05 9.993E-05
9.993E-05 9.993E-05 9.993E-05 0.999201 9.993E-05 9.993E-05 9.993E-05 9.993E-05 9.993E-05
0.00522004 0.0107636 9.9964E-05 0.900807 0.0214497 9.9964E-05 0.0613596 9.9964E-05 9.9964E-05
9.993E-05 9.993E-05 9.993E-05 0.999201 9.993E-05 9.993E-05 9.993E-05 9.993E-05 9.993E-05
9.993E-05 9.993E-05 9.993E-05 0.999201 9.993E-05 9.993E-05 9.993E-05 9.993E-05 9.993E-05
