9.993E-05 9.993E-05 9.993E-05 9.993E-05 9.993E-05 0.999201 9.993E-05 9.993E-05 9.993E-05
9.9964E-05 0.525029 0.00617773 0.0780244 9.9964E-05 0.30074 9.9964E-05 0.0896286 9.9964E-05
9.9955E-05 0.5581 9.9955E-05 0.119734 9.9955E-05 0.249591 9.9955E-05 0.0720757 9.9955E-05
0.00249937 0.709788 9.9973E-05 0.00366788 0.0481835 0.227447 9.9973E-05 0.00811373 9.9973E-05
0.0313358 0.759523 0.0700968 9.9973E-05 0.0106217 0.100281 9.9973E-05 9.9973E-05 0.0278415
9.9964E-05 0.602664 9.9964E-05 0.0277521 0.150544 0.192052 0.0265879 9.9964E-05 9.9964E-05
9.9937E-05 0.715548 9.9937E-05 9.9937E-05 9.9937E-05 0.283753 9.9937E-05 9.9937E-05 9.9937E-05
0.0127623 0.489802 9.9973E-05 0.0888843 0.0988741 0.298938 9.9973E-05 0.0104401 9.9973E-05
9.9973E-05 0.620549 0.0509351 0.0454147 0.0627699 0.186982 9.9973E-05 0.0330494 9.9973E-05
9.993E-05 9.993E-05 9.993E-05 9.993E-05 9.993E-05 0.999201 9.993E-05 9.993E-05 9.993E-05
9.993E-05 9.993E-05 9.993E-05 9.993E-05 9.993E-05 0.999201 9.993E-05 9.993E-05 9.993E-05
9.993E-05 9.993E-05 9.993E-05 9.993E-05 9.993E-05 0.999201 9.993E-05 9.993E-05 9.993E-05
9.993E-05 9.993E-05 9.993E-05 9.993E-05 9.993E-05 0.999201 9.993E-05 9.993E-05 9.993E-05
9.9946E-05 0.000824933 9.9946E-05 9.9946E-05 9.9946E-05 0.90966 9.9946E-05 9.9946E-05 0.0889152
9.9946E-05 9.9946E-05 9.9946E-05 0.0186203 0.0330122 0.947768 9.9946E-05 9.9946E-05 9.9946E-05
9.9982E-05 0.409211 0.0198367 0.0127628 0.259032 0.200213 0.0948954 0.00384916 9.9982E-05
0.0211639 0.335538 0.0888098 0.0531971 0.171214 0.221116 0.0147631 0.0645866 0.029611
9.9973E-05 0.683098 0.00731314 0.00360269 0.104339 0.187405 0.0139424 9.9973E-05 9.9973E-05
9.9955E-05 0.877204 0.0335661 9.9955E-05 0.0440529 9.9955E-05 9.9955E-05 9.9955E-05 0.0446777
0.0145848 0.875733 9.9955E-05 9.9955E-05 9.9955E-05 9.9955E-05 0.0578448 9.9955E-05 0.0513371
9.9964E-05 0.833037 0.0401532 9.9964E-05 9.9964E-05 0.0164106 0.0822428 0.0277564 9.9964E-05
0.0113175 0.774084 9.9973E-05 0.0518751 0.00375237 9.9973E-05 9.9973E-05 0.00940406 0.149267
9.9946E-05 0.886529 9.9946E-05 9.9946E-05 9.9946E-05 9.9946E-05 0.0335429 9.9946E-05 0.0793287
0.0553707 0.917024 9.9946E-05 0.0270058 9.9946E-05 9.9946E-05 9.9946E-05 9.9946E-05 9.9946E-05
0.0126132 0.90834 0.0155762 9.9973E-05 0.0288912 9.9973E-05 0.0318521 0.00242714 9.9973E-05
0.0485179 0.671332 0.0180772 9.9973E-05 0.100761 9.9973E-05 0.158951 9.9973E-05 0.0020607
0.0107329 0.690648 0.0648067 0.0627062 9.9973E-05 9.9973E-05 0.143514 9.9973E-05 0.0272931
0.0291092 0.909798 9.9964E-05 0.0138116 0.0217758 9.9964E-05 9.9964E-05 9.9964E-05 0.0251059
0.0429677 0.729993 0.0151951 0.0159683 0.0609475 0.0313787 0.10335 9.9982E-05 9.9982E-05
9.9946E-05 0.907812 9.9946E-05 9.9946E-05 9.9946E-05 0.0538219 0.0377669 9.9946E-05 9.9946E-05
0.00264733 0.906675 0.0138667 9.9973E-05 9.9973E-05 0.0063757 9.9973E-05 0.0208848 0.0492509
0.0695693 0.764422 0.0620904 0.00921828 0.0395437 9.9991E-05 0.00143725 0.0153073 0.0383118
0.0109407 0.739008 0.0254449 0.00865346 9.9982E-05 9.9982E-05 0.191223 0.0105752 0.0139551
0.0811192 0.580759 9.9982E-05 0.0370099 0.0261982 0.0540272 0.211381 9.9982E-05 0.00930553
0.0116356 0.847039 0.00548138 0.0138604 9.9964E-05 9.9964E-05 9.9964E-05 9.9964E-05 0.121583
9.9955E-05 0.894761 9.9955E-05 9.9955E-05 9.9955E-05 0.0274127 0.075506 0.00182007 9.9955E-05
9.9964E-05 0.496004 9.9964E-05 0.00355248 0.308941 9.9964E-05 0.182008 9.9964E-05 0.00909484
9.9973E-05 0.524514 0.063361 0.0180515 0.0148419 9.9973E-05 0.343635 9.9973E-05 0.0352962
9.9982E-05 0.545463 0.0843224 0.0572617 0.0121671 0.00658486 0.253093 0.0409088 9.9982E-05
0.0128547 0.590406 0.042053 9.9973E-05 0.0241037 9.9973E-05 0.308025 9.9973E-05 0.0222576
0.0798786 0.106893 0.0315689 0.0116643 0.509299 9.9982E-05 0.178236 0.082259 9.9982E-05
0.0608103 0.185829 0.0579779 0.0461028 0.407281 9.9982E-05 0.171526 0.0702732 9.9982E-05
0.117586 0.146996 9.9991E-05 0.0835931 0.486252 0.06576 0.0172406 0.0508766 0.0315954
0.0572916 0.109157 0.0472478 0.0354892 0.548394 9.9982E-05 0.188818 0.0134029 9.9982E-05
0.0207737 0.251222 0.0537653 0.0838619 0.387234 9.9973E-05 0.202843 9.9973E-05 9.9973E-05
9.993E-05 9.993E-05 9.993E-05 9.993E-05 0.999201 9.993E-05 9.993E-05 9.993E-05 9.993E-05
9.993E-05 9.993E-05 9.993E-05 9.993E-05 0.999201 9.993E-05 9.993E-05 9.993E-05 9.993E-05
0.0352413 0.437595 0.0195121 0.034942 0.359752 9.9982E-05 0.0752658 9.9982E-05 0.0374908
0.0631792 0.153718 0.0626445 0.0362451 0.451615 0.053175 0.179223 9.9982E-05 9.9982E-05
0.0752706 0.414042 9.9982E-05 0.0194173 0.309927 0.0754153 0.0703909 0.0353376 9.9982E-05
9.9964E-05 0.149068 9.9964E-05 0.0584351 0.425642 0.0561536 0.310302 9.9964E-05 9.9964E-05
0.0361471 0.142717 0.0359037 0.0475099 0.541409 0.011625 0.17696 9.9991E-05 0.00762886
9.9946E-05 9.9946E-05 9.9946E-05 0.00639197 0.962668 9.9946E-05 9.9946E-05 9.9946E-05 0.0303407
0.0146779 0.19855 0.0112633 9.9982E-05 0.261981 0.0448681 0.398467 9.9982E-05 0.0699924
0.0505229 0.22909 0.0318462 0.0158403 0.233771 0.0564538 0.337839 0.0148713 0.0297651
0.0772321 0.149234 9.9973E-05 0.0629755 0.532807 9.9973E-05 0.126951 0.0504992 9.9973E-05
0.0674049 0.153356 0.0785694 0.114948 0.336411 0.0730904 0.176021 9.9982E-05 9.9982E-05
0.0303525 0.246174 0.087422 9.9973E-05 0.417364 9.9973E-05 0.179051 0.0393365 9.9973E-05
9.993E-05 9.993E-05 9.993E-05 9.993E-05 0.999201 9.993E-05 9.993E-05 9.993E-05 9.993E-05
9.9973E-05 0.235652 0.0665141 0.031179 0.345767 0.026384 0.294204 9.9973E-05 9.9973E-05
0.0886388 0.162451 0.0954723 0.00626569 0.632859 9.9973E-05 9.9973E-05 9.9973E-05 0.0140137
0.136659 0.0608848 0.0197737 9.9982E-05 0.669203 0.0393058 0.0585236 0.0154501 9.9982E-05
0.0468881 0.0449718 0.0382078 0.0565245 0.473356 0.0291729 0.291877 0.0147991 0.00420354
0.0363363 9.9955E-05 9.9955E-05 9.9955E-05 0.866298 9.9955E-05 9.9955E-05 0.0267757 0.0700907
0.0755826 0.137096 0.0377291 9.9982E-05 0.616501 0.01691 0.102407 0.0135746 9.9982E-05
0.0149474 9.9973E-05 0.0235367 0.0240646 0.856732 9.9973E-05 9.9973E-05 0.0257397 0.0546793
9.9946E-05 9.9946E-05 9.9946E-05 9.9946E-05 0.570602 9.9946E-05 0.383039 0.0457596 9.9946E-05
0.094881 9.9964E-05 9.9964E-05 0.000547042 0.690808 9.9964E-05 9.9964E-05 0.0467303 0.166634
0.0319273 0.298291 0.0510778 0.045493 0.420003 9.9991E-05 0.133331 0.0112949 0.00848149
0.0366662 9.9955E-05 9.9955E-05 9.9955E-05 0.90282 9.9955E-05 9.9955E-05 0.0309407 0.0290735
0.0505571 0.124022 9.9982E-05 0.0420891 0.518483 0.0389808 0.124989 0.10068 9.9982E-05
0.0479938 0.0538398 0.02524 0.0428405 0.492098 9.9991E-05 0.330322 0.00693197 0.0006336
9.9964E-05 9.9964E-05 0.0379772 0.000745055 0.748175 0.071247 0.141456 9.9964E-05 9.9964E-05
9.9955E-05 9.9955E-05 0.0677088 9.9955E-05 0.722581 0.0289237 0.180286 9.9955E-05 9.9955E-05
0.0632828 0.00977644 0.000732307 0.0222489 0.39371 0.0560915 0.403621 9.9991E-05 0.0504361
9.9973E-05 0.0468926 0.0848497 9.9973E-05 0.623218 0.0132074 0.205687 9.9973E-05 0.0258456
9.9973E-05 0.00190212 0.0110894 0.0224783 0.712471 9.9973E-05 0.251569 0.000190455 9.9973E-05
0.0457094 9.9973E-05 9.9973E-05 9.9973E-05 0.484465 0.0155165 0.273111 0.0937813 0.0871159
9.9955E-05 9.9955E-05 0.0102242 0.0102979 9.9955E-05 9.9955E-05 0.977917 9.9955E-05 0.0010609
9.9937E-05 9.9937E-05 9.9937E-05 9.9937E-05 9.9937E-05 9.9937E-05 0.979749 9.9937E-05 0.0195516
9.9937E-05 9.9937E-05 9.9937E-05 9.9937E-05 9.9937E-05 0.0161285 0.983172 9.9937E-05 9.9937E-05
9.99371E-05 9.99371E-05 9.99371E-05 9.99371E-05 0.00927577 9.99371E-05 0.990025 9.99371E-05 9.99371E-05
9.993E-05 9.993E-05 9.993E-05 9.993E-05 9.993E-05 9.993E-05 0.999201 9.993E-05 9.993E-05
0.061446 0.165925 0.015532 0.000338062 0.0770224 9.9982E-05 0.637332 0.0422042 9.9982E-05
0.0203687 0.0382077 0.0326387 0.0243798 0.136286 0.0173417 0.588163 0.142514 9.9991E-05
0.0217759 0.090614 9.9982E-05 0.105623 0.0773135 0.00127111 0.584013 0.119189 9.9982E-05
0.0577256 0.155242 0.0436916 0.0626689 0.128022 0.0369869 0.473014 0.0332799 0.00936789
0.0698534 0.112481 0.0388581 9.9982E-05 0.10018 0.0178014 0.592247 0.0683799 9.9982E-05
0.0487387 9.9991E-05 0.0327939 0.023427 0.138117 0.0278768 0.566681 0.0630759 0.0991888
0.106382 0.0108448 0.131595 0.0662486 0.220256 0.0227364 0.328287 0.0656268 0.0480225
0.0573117 9.9991E-05 0.00802667 0.0409224 0.354314 0.0398827 0.210451 0.0888696 0.200121
0.115069 0.0472974 9.9991E-05 0.0354754 0.329011 0.039476 0.21415 0.0550152 0.164406
0.0591745 0.0235358 0.161605 0.0936875 0.162181 0.0317305 0.317319 0.150667 9.9991E-05
9.993E-05 9.993E-05 9.993E-05 9.993E-05 9.993E-05 9.993E-05 9.993E-05 0.999201 9.993E-05
0.0512196 0.0103813 9.9964E-05 9.9964E-05 0.0191154 0.0124265 9.9964E-05 0.906457 9.9964E-05
9.9964E-05 0.0243343 0.00887897 9.9964E-05 0.0537515 9.9964E-05 9.9964E-05 0.860521 0.0521147
9.9946E-05 9.9946E-05 9.9946E-05 0.0188063 9.9946E-05 9.9946E-05 0.00499206 0.975602 9.9946E-05
9.993E-05 9.993E-05 9.993E-05 9.993E-05 9.993E-05 9.993E-05 9.993E-05 0.999201 9.993E-05
0.0093776 9.99371E-05 9.99371E-05 9.99371E-05 9.99371E-05 9.99371E-05 9.99371E-05 0.989923 9.99371E-05
9.9946E-05 9.9946E-05 9.9946E-05 0.00110435 9.9946E-05 9.9946E-05 9.9946E-05 0.992253 0.00604306
9.9964E-05 0.0369 0.0190718 9.9964E-05 0.0380736 0.00475646 9.9964E-05 0.900798 9.9964E-05
9.99371E-05 9.99371E-05 0.00336347 9.99371E-05 9.99371E-05 9.99371E-05 9.99371E-05 0.995937 9.99371E-05
9.993E-05 9.993E-05 9.993E-05 9.993E-05 9.993E-05 9.993E-05 9.993E-05 0.999201 9.993E-05
0.212975 0.0958722 0.0538826 0.0922983 9.9991E-05 0.00528781 0.430046 0.0770512 0.0324865
9.9964E-05 9.9964E-05 9.9964E-05 9.9964E-05 0.0242239 0.00345537 0.00477842 0.895401 0.0717414
9.99461E-05 9.99461E-05 0.00341967 9.99461E-05 9.99461E-05 0.0107387 9.99461E-05 0.985242 9.99461E-05
9.9955E-05 9.9955E-05 0.00159766 9.9955E-05 9.9955E-05 0.00281565 9.9955E-05 0.992007 0.00307995
9.993E-05 9.993E-05 9.993E-05 9.993E-05 9.993E-05 9.993E-05 0.999201 9.993E-05 9.993E-05
9.9937E-05 9.9937E-05 9.9937E-05 0.0112669 9.9937E-05 9.9937E-05 0.988034 9.9937E-05 9.9937E-05
9.993E-05 9.993E-05 9.993E-05 9.993E-05 9.993E-05 9.993E-05 0.999201 9.993E-05 9.993E-05
9.993E-05 9.993E-05 9.993E-05 9.993E-05 9.993E-05 9.993E-05 0.999201 9.993E-05 9.993E-05
0.0928996 9.9964E-05 9.9964E-05 0.0450237 9.9964E-05 9.9964E-05 0.786338 0.0246943 0.0506447
0.0381375 0.143735 9.9955E-05 9.9955E-05 9.9955E-05 9.9955E-05 0.651124 9.9955E-05 0.166504
0.00967962 0.0564891 9.9964E-05 9.9964E-05 9.9964E-05 9.9964E-05 0.811614 0.0519907 0.069827
0.0780277 9.9964E-05 0.0037734 9.9964E-05 9.9964E-05 9.9964E-05 0.8426 0.0284224 0.0467769
9.9955E-05 9.9955E-05 9.9955E-05 0.0469711 9.9955E-05 9.9955E-05 0.787693 0.101507 0.063329
9.9946E-05 9.9946E-05 9.9946E-05 9.9946E-05 9.9946E-05 9.9946E-05 0.895556 0.0393571 0.0644871
0.0238817 0.0873107 0.04152 0.0262626 9.9982E-05 9.9982E-05 0.771802 0.01063 0.0383936
9.9973E-05 9.9973E-05 0.00478731 0.0174505 0.0101253 9.9973E-05 0.772629 0.0643791 0.130328
0.0936112 9.9982E-05 0.0338637 0.0486185 0.0300625 0.00757244 0.756954 9.9982E-05 0.0291176
0.106069 0.0171559 0.0209658 0.0373762 0.00928811 0.00380139 0.714908 0.0872052 0.00323003
0.869542 9.9964E-05 9.9964E-05 0.0013341 9.9964E-05 0.00643178 0.120464 9.9964E-05 0.00182831
0.878841 0.0268843 0.0551219 9.9973E-05 9.9973E-05 0.00189127 9.9973E-05 0.00897722 0.0279843
0.999201 9.993E-05 9.993E-05 9.993E-05 9.993E-05 9.993E-05 9.993E-05 9.993E-05 9.993E-05
0.955098 9.9946E-05 0.0343773 9.9946E-05 0.00992534 9.9946E-05 9.9946E-05 9.9946E-05 9.9946E-05
0.999201 9.993E-05 9.993E-05 9.993E-05 9.993E-05 9.993E-05 9.993E-05 9.993E-05 9.993E-05
0.999201 9.993E-05 9.993E-05 9.993E-05 9.993E-05 9.993E-05 9.993E-05 9.993E-05 9.993E-05
0.963764 9.9955E-05 0.00939083 9.9955E-05 0.0199958 9.9955E-05 9.9955E-05 9.9955E-05 0.00634924
0.717156 9.9964E-05 9.9964E-05 9.9964E-05 0.129039 0.0293533 0.00707321 9.9964E-05 0.116979
0.986889 9.9946E-05 9.9946E-05 0.00412553 9.9946E-05 9.9946E-05 9.9946E-05 0.00838626 9.9946E-05
0.999201 9.993E-05 9.993E-05 9.993E-05 9.993E-05 9.993E-05 9.993E-05 9.993E-05 9.993E-05
0.868274 9.9955E-05 9.9955E-05 9.9955E-05 9.9955E-05 0.0388563 9.9955E-05 0.0221198 0.0702502
0.977536 9.9946E-05 0.00435789 9.9946E-05 9.9946E-05 9.9946E-05 9.9946E-05 0.0175063 9.9946E-05
0.682457 9.9973E-05 0.0400705 0.0919942 0.0747127 9.9973E-05 0.0695035 9.9973E-05 0.040962
9.993E-05 9.993E-05 9.993E-05 0.999201 9.993E-05 9.993E-05 9.993E-05 9.993E-05 9.993E-05
0.131214 9.9982E-05 0.0110157 0.0960896 0.11556 9.9982E-05 0.529684 0.106498 0.00973859
9.993E-05 9.993E-05 9.993E-05 0.999201 9.993E-05 9.993E-05 9.993E-05 9.993E-05 9.993E-05
9.993E-05 9.993E-05 9.993E-05 0.999201 9.993E-05 9.993E-05 9.993E-05 9.993E-05 9.993E-05
9.99461E-05 9.99461E-05 9.99461E-05 0.893638 9.99461E-05 9.99461E-05 9.99461E-05 0.0290745 0.0766874
0.0638889 0.0335103 0.0588368 0.733461 0.0224541 0.00606436 0.0770809 0.00460375 9.9991E-05
9.993E-05 9.993E-05 9.993E-05 0.999201 9.993E-05 9.993E-05 9.993E-05 9.993E-05 9.993E-05
0.00413376 0.0137538 9.9973E-05 0.862562 9.9973E-05 0.017066 0.0638657 9.9973E-05 0.0383192
9.9955E-05 9.9955E-05 9.9955E-05 0.94159 9.9955E-05 0.0177013 9.9955E-05 0.00719711 0.0330113
0.0329334 0.00234445 9.9964E-05 0.952635 0.00411698 9.9964E-05 0.00756984 9.9964E-05 9.9964E-05
9.9937E-05 0.0110689 9.9937E-05 0.988231 9.9937E-05 9.9937E-05 9.9937E-05 9.9937E-05 9.9937E-05
9.99371E-05 9.99371E-05 0.016371 0.982929 9.99371E-05 9.99371E-05 9.99371E-05 9.99371E-05 9.99371E-05
0.0397817 0.0024487 0.00108122 0.956189 9.9955E-05 9.9955E-05 9.9955E-05 9.9955E-05 9.9955E-05
0.0855013 0.0294716 0.0169667 0.811749 0.00610968 9.9982E-05 9.9982E-05 0.0104305 0.0395716
9.9964E-05 9.9964E-05 9.9964E-05 0.946693 0.00209984 9.9964E-05 0.0422716 0.00142343 0.00711251
0.0277877 9.9982E-05 0.0223725 0.816331 0.0558744 9.9982E-05 0.0444842 0.0150416 0.0179083
9.9955E-05 9.9955E-05 0.0603088 0.872487 0.0408138 9.9955E-05 9.9955E-05 9.9955E-05 0.0258905
9.9964E-05 9.9964E-05 0.0467197 0.880109 0.0372705 0.0116168 9.9964E-05 9.9964E-05 0.023884
0.0417282 9.9946E-05 9.9946E-05 0.930248 9.9946E-05 9.9946E-05 0.0274239 9.9946E-05 9.9946E-05
0.00538681 9.9991E-05 0.254529 0.0325967 0.096021 0.0403891 0.46841 0.0260952 0.0764723
0.00977715 0.00710248 0.22707 0.0657038 0.137552 0.0379079 0.400126 0.0235745 0.091187
9.9982E-05 9.9982E-05 0.229129 0.0215271 0.175429 0.0468039 0.320069 0.0622922 0.144549
0.00350934 9.9991E-05 0.208061 0.047091 0.148044 0.0549637 0.393844 0.00444297 0.139945
0.0272976 0.0647117 9.9964E-05 0.00111795 9.9964E-05 9.9964E-05 9.9964E-05 0.00887095 0.897602
9.993E-05 9.993E-05 9.993E-05 9.993E-05 9.993E-05 9.993E-05 9.993E-05 9.993E-05 0.999201
9.9937E-05 9.9937E-05 0.00597723 9.9937E-05 9.9937E-05 9.9937E-05 9.9937E-05 9.9937E-05 0.993323
9.993E-05 9.993E-05 9.993E-05 9.993E-05 9.993E-05 9.993E-05 9.993E-05 9.993E-05 0.999201
9.9946E-05 9.9946E-05 0.00812006 9.9946E-05 9.9946E-05 9.9946E-05 9.9946E-05 0.00776845 0.983512
9.9955E-05 9.9955E-05 0.0438967 0.000764637 9.9955E-05 9.9955E-05 0.0159375 9.9955E-05 0.938901
9.9955E-05 9.9955E-05 9.9955E-05 0.0189296 0.0356234 9.9955E-05 9.9955E-05 0.00351787 0.941429
0.0668195 0.0787649 0.0198495 0.0313967 9.9982E-05 0.00921991 0.0757822 9.9982E-05 0.717967
0.0205984 0.0629765 0.0076162 0.0250807 0.0206213 9.9982E-05 0.013693 9.9982E-05 0.849214
9.9955E-05 0.0207451 0.956413 9.9955E-05 9.9955E-05 9.9955E-05 0.0157573 0.0065846 9.9955E-05
9.993E-05 9.993E-05 0.999201 9.993E-05 9.993E-05 9.993E-05 9.993E-05 9.993E-05 9.993E-05
9.993E-05 9.993E-05 0.999201 9.993E-05 9.993E-05 9.993E-05 9.993E-05 9.993E-05 9.993E-05
9.993E-05 9.993E-05 0.999201 9.993E-05 9.993E-05 9.993E-05 9.993E-05 9.993E-05 9.993E-05
9.993E-05 9.993E-05 0.999201 9.993E-05 9.993E-05 9.993E-05 9.993E-05 9.993E-05 9.993E-05
9.9955E-05 9.9955E-05 0.785448 9.9955E-05 9.9955E-05 9.9955E-05 0.12791 0.0175067 0.0686352
9.993E-05 9.993E-05 0.999201 9.993E-05 9.993E-05 9.993E-05 9.993E-05 9.993E-05 9.993E-05
9.99371E-05 9.99371E-05 0.997623 0.00167752 9.99371E-05 9.99371E-05 9.99371E-05 9.99371E-05 9.99371E-05
9.993E-05 9.993E-05 0.999201 9.993E-05 9.993E-05 9.993E-05 9.993E-05 9.993E-05 9.993E-05
0.0229254 9.9964E-05 0.922418 0.0268166 0.0186173 9.9964E-05 9.9964E-05 0.00882282 9.9964E-05
9.993E-05 9.993E-05 0.999201 9.993E-05 9.993E-05 9.993E-05 9.993E-05 9.993E-05 9.993E-05
0.00528281 9.9955E-05 0.972626 9.9955E-05 0.0132452 9.9955E-05 9.9955E-05 9.9955E-05 0.00834659
