9.99101E-05 9.99101E-05 9.99101E-05 9.99101E-05 9.99101E-05 9.99101E-05 9.99101E-05 9.99101E-05 9.99101E-05 0.999001 9.99101E-05
9.9946E-05 0.686127 9.9946E-05 9.9946E-05 0.156073 0.0985457 9.9946E-05 9.9946E-05 0.00813772 0.050517 9.9946E-05
9.99101E-05 9.99101E-05 9.99101E-05 9.99101E-05 9.99101E-05 0.999001 9.99101E-05 9.99101E-05 9.99101E-05 9.99101E-05 9.99101E-05
9.9946E-05 9.9946E-05 9.9946E-05 0.0366565 9.9946E-05 0.839959 0.0748127 9.9946E-05 0.0434612 9.9946E-05 0.00451087
9.9928E-05 0.963897 9.9928E-05 9.9928E-05 9.9928E-05 0.0320242 0.00327914 9.9928E-05 9.9928E-05 9.9928E-05 9.9928E-05
9.9937E-05 0.517981 9.9937E-05 9.9937E-05 9.9937E-05 0.156689 9.9937E-05 9.9937E-05 9.9937E-05 0.198517 0.126113
0.0130235 0.770183 0.0657202 9.9964E-05 9.9964E-05 9.9964E-05 0.0146539 0.00271699 9.9964E-05 0.115209 0.0180929
9.9919E-05 0.986585 9.9919E-05 9.9919E-05 9.9919E-05 9.9919E-05 9.9919E-05 9.9919E-05 9.9919E-05 9.9919E-05 0.0125158
0.240567 0.179406 9.9964E-05 9.9964E-05 0.00398204 0.43797 9.9964E-05 9.9964E-05 0.0610793 0.065788 0.0108078
9.9973E-05 0.542785 9.9973E-05 0.0239254 0.232762 0.063459 0.0101083 0.092184 0.031979 9.9973E-05 0.00249679
0.0425909 9.9928E-05 9.9928E-05 0.0167027 9.9928E-05 9.9928E-05 9.9928E-05 9.9928E-05 0.939907 9.9928E-05 9.9928E-05
0.0157812 0.000889169 0.0958399 9.9946E-05 0.0225364 9.9946E-05 9.9946E-05 9.9946E-05 0.864354 9.9946E-05 9.9946E-05
9.9937E-05 0.00106716 9.9937E-05 9.9937E-05 9.9937E-05 0.0607119 9.9937E-05 9.9937E-05 0.877164 0.0603578 9.9937E-05
9.9937E-05 9.9937E-05 9.9937E-05 0.0435139 0.12341 0.0917236 9.9937E-05 9.9937E-05 9.9937E-05 9.9937E-05 0.740653
9.9964E-05 0.0293033 0.730901 0.0331859 9.9964E-05 0.0417766 9.9964E-05 9.9964E-05 0.155218 0.00416208 0.00505297
9.9946E-05 0.0614807 0.0590621 0.00217169 9.9946E-05 9.9946E-05 9.9946E-05 9.9946E-05 0.690968 9.9946E-05 0.185718
9.9928E-05 9.9928E-05 0.00485927 9.9928E-05 9.9928E-05 9.9928E-05 9.9928E-05 9.9928E-05 0.157177 9.9928E-05 0.837164
0.0380749 9.9946E-05 0.0946439 9.9946E-05 9.9946E-05 0.0104952 9.9946E-05 0.178627 9.9946E-05 9.9946E-05 0.67756
9.9946E-05 9.9946E-05 0.593769 0.0184742 9.9946E-05 0.0312278 0.0454955 9.9946E-05 9.9946E-05 9.9946E-05 0.310434
9.99281E-05 9.99281E-05 9.99281E-05 9.99281E-05 9.99281E-05 0.0579965 0.00428884 9.99281E-05 9.99281E-05 9.99281E-05 0.936915
0.0675858 9.9964E-05 0.0247441 9.9964E-05 9.9964E-05 9.9964E-05 0.0187774 0.0272257 0.00345579 0.0566779 0.801133
9.9937E-05 0.421411 0.275788 9.9937E-05 9.9937E-05 9.9937E-05 9.9937E-05 9.9937E-05 0.22549 9.9937E-05 0.0766114
9.99191E-05 9.99191E-05 9.99191E-05 9.99191E-05 9.99191E-05 9.99191E-05 9.99191E-05 9.99191E-05 0.953522 0.0455792 9.99191E-05
9.99101E-05 9.99101E-05 9.99101E-05 9.99101E-05 9.99101E-05 9.99101E-05 9.99101E-05 9.99101E-05 9.99101E-05 9.99101E-05 0.999001
9.9955E-05 9.9955E-05 0.552035 0.00772231 9.9955E-05 0.00611697 9.9955E-05 0.0600799 0.00437595 9.9955E-05 0.369171
0.060046 0.00463246 0.111513 0.00506635 9.9973E-05 9.9973E-05 9.9973E-05 0.172575 0.259273 0.078638 0.307956
0.0434017 9.9928E-05 0.887827 9.9928E-05 9.9928E-05 9.9928E-05 0.0679715 9.9928E-05 9.9928E-05 9.9928E-05 9.9928E-05
9.9955E-05 9.9955E-05 0.620625 0.00212414 0.146421 0.0829098 9.9955E-05 0.0997324 0.0476883 9.9955E-05 9.9955E-05
9.9919E-05 9.9919E-05 0.859224 9.9919E-05 0.139876 9.9919E-05 9.9919E-05 9.9919E-05 9.9919E-05 9.9919E-05 9.9919E-05
9.99101E-05 9.99101E-05 0.999001 9.99101E-05 9.99101E-05 9.99101E-05 9.99101E-05 9.99101E-05 9.99101E-05 9.99101E-05 9.99101E-05
0.727127 9.9937E-05 9.9937E-05 9.9937E-05 0.117953 0.00947767 9.9937E-05 0.144743 9.9937E-05 9.9937E-05 9.9937E-05
0.66987 0.0885701 0.0844361 9.9964E-05 9.9964E-05 0.024494 0.0709758 0.0598406 9.9964E-05 0.00141355 9.9964E-05
0.709548 9.9937E-05 0.170995 9.9937E-05 9.9937E-05 0.0141846 9.9937E-05 0.104573 9.9937E-05 9.9937E-05 9.9937E-05
0.844197 9.9946E-05 0.00702827 9.9946E-05 9.9946E-05 9.9946E-05 0.105245 9.9946E-05 9.9946E-05 0.00871179 0.0342181
0.764739 9.9937E-05 0.104432 0.0213451 9.9937E-05 9.9937E-05 9.9937E-05 9.9937E-05 0.108785 9.9937E-05 9.9937E-05
0.80188 9.9937E-05 9.9937E-05 9.9937E-05 0.130135 0.00705479 9.9937E-05 9.9937E-05 9.9937E-05 0.0602307 9.9937E-05
0.614519 0.205016 9.9955E-05 9.9955E-05 0.066297 9.9955E-05 9.9955E-05 0.00853044 9.9955E-05 0.054366 0.0507718
0.502358 9.9937E-05 0.147479 9.9937E-05 0.294452 9.9937E-05 9.9937E-05 9.9937E-05 9.9937E-05 0.0550111 9.9937E-05
0.888949 9.9937E-05 9.9937E-05 0.0267205 9.9937E-05 9.9937E-05 0.018827 9.9937E-05 9.9937E-05 9.9937E-05 0.0648035
0.505409 9.9964E-05 0.0641825 0.0352613 9.9964E-05 0.0150638 9.9964E-05 0.314831 0.00410065 0.0607515 9.9964E-05
0.875845 0.0418713 9.99281E-05 9.99281E-05 0.0814839 9.99281E-05 9.99281E-05 9.99281E-05 9.99281E-05 9.99281E-05 9.99281E-05
0.335555 9.9982E-05 0.101766 9.9982E-05 0.345967 0.0562711 0.0296305 0.0683127 0.0176613 0.0372141 0.00742239
0.890873 9.9946E-05 0.00114337 0.00834105 9.9946E-05 9.9946E-05 9.9946E-05 0.0841629 0.0148804 9.9946E-05 9.9946E-05
0.590072 9.9946E-05 0.0042937 0.0170945 9.9946E-05 9.9946E-05 0.201491 9.9946E-05 0.18645 9.9946E-05 9.9946E-05
0.531645 9.99461E-05 9.99461E-05 0.00104077 9.99461E-05 9.99461E-05 0.254074 0.0911127 0.121527 9.99461E-05 9.99461E-05
0.0159412 0.0361134 0.171398 0.025891 9.9955E-05 9.9955E-05 0.744108 0.00604914 9.9955E-05 9.9955E-05 9.9955E-05
0.304857 0.0196994 9.9964E-05 0.0253636 0.0315247 9.9964E-05 0.555963 0.0134279 9.9964E-05 9.9964E-05 0.0487644
0.12456 9.9928E-05 9.9928E-05 9.9928E-05 0.0364249 9.9928E-05 0.838216 9.9928E-05 9.9928E-05 9.9928E-05 9.9928E-05
0.209224 0.0981543 0.163573 9.9946E-05 9.9946E-05 0.0431946 0.485254 9.9946E-05 9.9946E-05 9.9946E-05 9.9946E-05
0.478487 0.050895 9.9955E-05 9.9955E-05 9.9955E-05 0.0266812 0.224012 0.169981 9.9955E-05 0.0494429 9.9955E-05
9.9928E-05 9.9928E-05 9.9928E-05 9.9928E-05 0.194939 0.0452234 0.759038 9.9928E-05 9.9928E-05 9.9928E-05 9.9928E-05
9.9928E-05 9.9928E-05 9.9928E-05 9.9928E-05 9.9928E-05 9.9928E-05 0.954655 9.9928E-05 9.9928E-05 0.0366691 0.00787612
9.9937E-05 9.9937E-05 9.9937E-05 0.00844892 9.9937E-05 9.9937E-05 0.790634 0.168121 9.9937E-05 0.0320966 9.9937E-05
9.9937E-05 9.9937E-05 9.9937E-05 9.9937E-05 0.164865 9.9937E-05 0.738876 9.9937E-05 0.0600837 0.0354754 9.9937E-05
0.160521 9.9946E-05 9.9946E-05 0.00870108 0.0559006 9.9946E-05 0.728198 0.0460789 9.9946E-05 9.9946E-05 9.9946E-05
9.99371E-05 9.99371E-05 9.99371E-05 0.0322232 9.99371E-05 0.0227392 0.942047 0.00229134 9.99371E-05 9.99371E-05 9.99371E-05
0.0332299 0.00394252 0.0298523 0.0349689 9.9964E-05 9.9964E-05 0.0920654 0.770308 9.9964E-05 9.9964E-05 0.0352334
0.100106 0.0618988 0.00138271 9.9964E-05 9.9964E-05 9.9964E-05 0.0282594 0.747417 0.0449253 0.0156113 9.9964E-05
9.995E-05 0.0472205 9.995E-05 9.995E-05 0.236999 0.10334 0.131383 0.47212 9.995E-05 0.00843772 9.995E-05
0.0316465 0.155098 0.0952342 9.9964E-05 0.0291746 9.9964E-05 0.0707038 0.594535 9.9964E-05 0.0232081 9.9964E-05
9.9937E-05 9.9937E-05 9.9937E-05 9.9937E-05 0.522659 9.9937E-05 0.171026 0.265075 9.9937E-05 9.9937E-05 0.0405401
0.101047 9.9937E-05 9.9937E-05 0.0468709 0.767472 0.0839111 9.9937E-05 9.9937E-05 9.9937E-05 9.9937E-05 9.9937E-05
9.9937E-05 9.9937E-05 9.9937E-05 9.9937E-05 0.913636 9.9937E-05 0.00850324 0.0282758 0.0488851 9.9937E-05 9.9937E-05
9.99191E-05 9.99191E-05 9.99191E-05 0.0205619 0.978539 9.99191E-05 9.99191E-05 9.99191E-05 9.99191E-05 9.99191E-05 9.99191E-05
0.00332186 9.9946E-05 0.00256069 9.9946E-05 0.448681 9.9946E-05 9.9946E-05 0.471746 9.9946E-05 9.9946E-05 0.073091
9.99281E-05 9.99281E-05 9.99281E-05 9.99281E-05 0.0380221 9.99281E-05 9.99281E-05 0.951764 9.99281E-05 0.00941426 9.99281E-05
9.99101E-05 9.99101E-05 9.99101E-05 9.99101E-05 9.99101E-05 9.99101E-05 9.99101E-05 0.999001 9.99101E-05 9.99101E-05 9.99101E-05
9.99191E-05 9.99191E-05 0.0465018 9.99191E-05 9.99191E-05 9.99191E-05 9.99191E-05 0.952599 9.99191E-05 9.99191E-05 9.99191E-05
9.9928E-05 9.9928E-05 9.9928E-05 0.00457088 9.9928E-05 9.9928E-05 9.9928E-05 0.988638 9.9928E-05 0.00599139 9.9928E-05
9.9928E-05 9.9928E-05 9.9928E-05 9.9928E-05 0.000661369 0.0184642 9.9928E-05 0.980075 9.9928E-05 9.9928E-05 9.9928E-05
0.0135477 9.99371E-05 9.99371E-05 0.0178723 9.99371E-05 9.99371E-05 9.99371E-05 0.954198 9.99371E-05 9.99371E-05 0.0136822
0.0240022 0.0566708 9.99281E-05 9.99281E-05 0.918528 9.99281E-05 9.99281E-05 9.99281E-05 9.99281E-05 9.99281E-05 9.99281E-05
9.99371E-05 0.0566982 9.99371E-05 9.99371E-05 0.0534464 9.99371E-05 0.0194526 0.869703 9.99371E-05 9.99371E-05 9.99371E-05
0.0140186 9.9973E-05 0.0828133 0.0488862 0.625584 9.9973E-05 0.0737317 0.124608 9.9973E-05 0.0281838 0.00187494
9.9973E-05 0.00838458 9.9973E-05 0.488364 0.143303 0.00364597 0.0512846 0.239474 0.0334684 9.9973E-05 0.0317758
9.99101E-05 9.99101E-05 9.99101E-05 0.999001 9.99101E-05 9.99101E-05 9.99101E-05 9.99101E-05 9.99101E-05 9.99101E-05 9.99101E-05
0.12159 9.9973E-05 0.0406226 0.0304274 0.0453044 9.9973E-05 0.0655355 0.63771 0.0305724 0.0279376 9.9973E-05
