9.998E-05 9.998E-05 9.998E-05 0.9997
9.9982E-05 9.9982E-05 0.0897681 0.910032
0.0366759 9.9991E-05 0.0972546 0.86597
0.302699 0.100675 0.0517819 0.544844
9.9982E-05 9.9982E-05 0.165518 0.834282
0.107822 9.9982E-05 9.9982E-05 0.891978
9.9982E-05 0.0876892 9.9982E-05 0.912111
0.0250754 0.0296013 9.9991E-05 0.945223
9.9982E-05 0.40386 9.9982E-05 0.59594
0.180355 0.0536982 0.183928 0.582019
0.971253 0.023667 0.00497962 9.9991E-05
0.968615 0.0230419 0.00824313 9.9991E-05
0.844461 9.9982E-05 9.9982E-05 0.155339
0.800027 9.9991E-05 0.149354 0.0505189
0.874181 0.000580342 0.111914 0.0133247
0.9997 9.998E-05 9.998E-05 9.998E-05
0.9997 9.998E-05 9.998E-05 9.998E-05
0.639444 0.159631 0.200825 9.9991E-05
0.786641 0.0950802 0.118179 9.9991E-05
0.9997 9.998E-05 9.998E-05 9.998E-05
0.753656 0.0282426 0.117189 0.100913
0.538554 0.0447347 0.0532893 0.363422
0.98243 9.9982E-05 9.9982E-05 0.0173705
0.882798 9.9982E-05 0.117002 9.9982E-05
0.818158 9.9982E-05 0.181642 9.9982E-05
0.689929 0.124261 0.126367 0.0594425
0.582751 0.417049 9.9982E-05 9.9982E-05
0.483893 0.0300183 0.370394 0.115695
0.535994 0.0358233 0.368573 0.0596099
0.648075 0.0549947 0.29683 9.9991E-05
9.9991E-05 0.743898 0.218463 0.0375389
0.0360236 0.643905 0.155673 0.164399
0.150956 0.720242 0.128702 9.9991E-05
0.105323 0.894477 9.9982E-05 9.9982E-05
0.333443 0.666357 9.9982E-05 9.9982E-05
0.00381208 0.824805 0.0946167 0.0767662
0.0928503 0.605029 9.9991E-05 0.302021
0.254711 0.640771 0.0883299 0.0161881
0.164103 0.835697 9.9982E-05 9.9982E-05
0.173586 0.444674 0.35268 0.0290604
0.0135262 0.707807 0.161782 0.116885
0.150005 0.423236 0.311197 0.115562
0.148378 0.662289 0.162904 0.0264303
0.161145 0.701145 0.111997 0.025714
0.090862 0.843475 0.0619229 0.00374044
0.000570352 0.891163 0.0942974 0.0139697
9.9982E-05 0.893029 0.106771 9.9982E-05
9.9982E-05 0.947326 0.0524738 9.9982E-05
0.0594607 0.82805 9.9991E-05 0.112389
9.9991E-05 0.868477 0.0313076 0.100115
9.9982E-05 0.816852 0.182948 9.9982E-05
9.998E-05 0.9997 9.998E-05 9.998E-05
9.9982E-05 0.796691 0.203109 9.9982E-05
9.9982E-05 0.904567 0.0952326 9.9982E-05
9.998E-05 0.9997 9.998E-05 9.998E-05
9.9991E-05 0.764692 0.230135 0.00507332
0.0553896 0.16619 0.77832 9.9991E-05
0.163137 0.158471 0.6291 0.0492911
9.9991E-05 0.179286 0.783894 0.0367193
9.9991E-05 0.1706 0.649646 0.179653
0.0163012 0.207535 0.760025 0.0161382
0.0192342 0.307697 0.554753 0.118316
9.9991E-05 0.120405 0.841152 0.0383423
9.998E-05 9.998E-05 0.9997 9.998E-05
0.0632551 0.0213555 0.915289 9.9991E-05
0.0144318 9.9982E-05 0.985368 9.9982E-05
9.9982E-05 0.0283479 0.971452 9.9982E-05
0.0492497 9.9982E-05 0.95055 9.9982E-05
9.9982E-05 9.9982E-05 0.993593 0.00620707
9.998E-05 9.998E-05 0.9997 9.998E-05
9.9982E-05 0.0381269 0.961673 9.9982E-05
9.9991E-05 0.15389 0.766493 0.0795168
9.9982E-05 0.0837105 0.91609 9.9982E-05
9.9991E-05 0.159625 0.809074 0.0312004
9.998E-05 9.998E-05 0.9997 9.998E-05
9.998E-05 9.998E-05 0.9997 9.998E-05
0.00719519 0.169952 0.773586 0.0492666
