9.997E-05 0.9996 9.997E-05 9.997E-05 9.997E-05
0.0828896 0.527719 0.27638 9.9991E-05 0.112912
0.0932164 0.538416 0.178538 9.9991E-05 0.18973
9.9973E-05 0.469612 0.530088 9.9973E-05 9.9973E-05
9.999E-05 0.338457 0.547488 0.0996637 0.014291
0.0091109 0.383406 0.555701 9.9991E-05 0.051682
9.9982E-05 0.562709 0.420642 9.9982E-05 0.0164492
0.00579633 0.524837 0.364425 9.9991E-05 0.104842
0.0351404 0.458202 0.420188 0.0346145 0.0518555
9.997E-05 0.9996 9.997E-05 9.997E-05 9.997E-05
9.997E-05 0.9996 9.997E-05 9.997E-05 9.997E-05
9.997E-05 0.9996 9.997E-05 9.997E-05 9.997E-05
9.997E-05 0.9996 9.997E-05 9.997E-05 9.997E-05
9.9973E-05 0.947957 9.9973E-05 0.0517433 9.9973E-05
9.997E-05 0.9996 9.997E-05 9.997E-05 9.997E-05
9.9982E-05 0.34574 0.614773 9.9982E-05 0.0392868
0.0792757 0.329432 0.470401 0.0988219 0.0220697
9.9973E-05 0.420544 0.579156 9.9973E-05 9.9973E-05
9.9982E-05 0.200576 0.740149 0.0590755 9.9982E-05
9.99731E-05 0.151419 0.848281 9.99731E-05 9.99731E-05
0.0230915 0.277691 0.673037 0.0260804 9.9991E-05
9.9982E-05 0.214755 0.743859 9.9982E-05 0.041186
9.999E-05 0.218499 0.732528 0.00580179 0.0430718
9.9973E-05 0.247015 0.752685 9.9973E-05 9.9973E-05
9.9973E-05 0.235394 0.764306 9.9973E-05 9.9973E-05
9.9982E-05 0.16912 0.814952 0.0157278 9.9982E-05
9.9991E-05 0.175715 0.649418 0.103121 0.0716454
9.9982E-05 0.224492 0.766507 9.9982E-05 0.00880111
9.9982E-05 0.225298 0.76305 0.0114524 9.9982E-05
9.9973E-05 0.309254 0.690446 9.9973E-05 9.9973E-05
9.9982E-05 0.290821 0.696161 0.0128187 9.9982E-05
9.9982E-05 0.203396 0.77865 0.0177541 9.9982E-05
9.9991E-05 0.179294 0.751612 0.0443132 0.0246807
9.9982E-05 0.229002 0.737642 9.9982E-05 0.0331564
9.9991E-05 0.179557 0.756817 0.012783 0.0507427
9.9973E-05 0.328235 0.671465 9.9973E-05 9.9973E-05
9.9973E-05 0.120848 0.878852 9.9973E-05 9.9973E-05
9.9991E-05 0.123532 0.777323 0.0782523 0.0207926
0.023562 0.151723 0.693446 0.083077 0.0481913
9.9982E-05 0.16509 0.809196 0.0255136 9.9982E-05
0.0294623 0.0208604 0.910899 9.9991E-05 0.0386779
0.00029532 0.0468324 0.881639 0.0245698 0.0466635
0.00760942 0.131214 0.788422 9.9991E-05 0.0726552
9.9991E-05 0.0243976 0.939801 0.0220798 0.0136214
9.9991E-05 0.0225367 0.846619 0.0495325 0.0812123
9.9991E-05 0.0601165 0.899228 0.000244748 0.0403106
9.9982E-05 0.0657184 0.918227 9.9982E-05 0.0158543
9.9991E-05 0.0722771 0.865414 0.0199658 0.0422431
9.9991E-05 0.102095 0.801066 0.0502282 0.046511
0.0108172 0.227537 0.739481 9.9991E-05 0.0220645
9.9991E-05 0.111158 0.822055 0.0211482 0.0455395
9.9991E-05 0.0422572 0.920861 0.00396913 0.0328131
9.9991E-05 0.0497929 0.8344 0.0445978 0.0711092
0.00161067 0.0822103 0.847492 0.0685871 9.9991E-05
0.0531117 0.0889809 0.829547 0.0282608 9.9991E-05
9.9982E-05 0.0403089 0.870804 9.9982E-05 0.0886867
0.005237 0.155292 0.68501 0.0530105 0.10145
9.9991E-05 0.0637779 0.824927 0.102239 0.00895617
9.9991E-05 0.0613496 0.861398 0.0303162 0.0468366
0.0133842 0.103626 0.70673 0.153435 0.0228241
9.9982E-05 0.0423535 0.853678 0.103769 9.9982E-05
0.0268985 0.0549704 0.917931 9.9982E-05 9.9982E-05
0.0524834 0.0605244 0.716616 0.0754477 0.0949289
9.9982E-05 9.9982E-05 0.878711 0.0650695 0.0560193
9.9982E-05 0.0627488 0.924904 0.0121471 9.9982E-05
9.9991E-05 0.00370627 0.885402 0.0436976 0.0670945
0.0452578 9.9982E-05 0.942306 0.0122361 9.9982E-05
0.014362 0.0358803 0.9044 9.9991E-05 0.0452577
0.00409932 0.081854 0.863816 9.9991E-05 0.0501308
9.9982E-05 0.00292364 0.939087 9.9982E-05 0.0577896
0.0806466 0.0966657 0.744227 9.9991E-05 0.0783611
9.9991E-05 0.00226814 0.87997 0.0716008 0.0460615
9.9991E-05 0.11939 0.810831 0.049348 0.020331
9.9982E-05 0.0884028 0.845078 0.0663188 9.9982E-05
9.9991E-05 0.067364 0.885019 0.0149942 0.0325224
9.9991E-05 0.040086 0.789537 0.148591 0.0216865
0.00269147 9.9991E-05 0.942771 0.00787964 0.046558
0.100766 0.0189888 0.856221 9.9991E-05 0.0239234
0.107302 0.00524547 0.77648 0.0671142 0.043858
0.0932818 9.9991E-05 0.755527 0.0852281 0.0658629
0.0692093 9.9991E-05 0.765688 0.0973668 0.0676362
0.147624 9.9982E-05 0.766353 0.0858225 9.9982E-05
0.14011 9.9991E-05 0.826879 0.0176967 0.0152148
0.10962 0.0283545 0.809037 0.0528881 9.9991E-05
0.171249 0.04155 0.661394 0.0242604 0.101546
0.176669 0.00972032 0.692506 0.0311921 0.0899123
0.0855523 0.106852 0.678027 0.0496201 0.079948
0.114687 0.024945 0.805764 0.0545037 9.9991E-05
0.125819 0.0135636 0.639861 0.153083 0.0676736
0.103022 0.0134699 0.649625 0.146507 0.0873761
0.130977 0.0554701 0.681796 0.0248503 0.106907
0.1124 0.0374983 0.690585 0.0744395 0.085077
0.212249 0.0316647 0.503099 0.165219 0.0877675
0.9996 9.997E-05 9.997E-05 9.997E-05 9.997E-05
0.954708 0.0205687 0.024523 9.9982E-05 9.9982E-05
0.866946 0.0147054 0.109624 0.00862453 9.9991E-05
0.9996 9.997E-05 9.997E-05 9.997E-05 9.997E-05
0.9996 9.997E-05 9.997E-05 9.997E-05 9.997E-05
0.9996 9.997E-05 9.997E-05 9.997E-05 9.997E-05
0.9996 9.997E-05 9.997E-05 9.997E-05 9.997E-05
0.903301 0.0208371 0.0502942 0.025468 9.9991E-05
0.9996 9.997E-05 9.997E-05 9.997E-05 9.997E-05
0.9996 9.997E-05 9.997E-05 9.997E-05 9.997E-05
0.1391 9.9991E-05 0.695604 0.0986798 0.0665166
0.88716 9.9982E-05 0.077841 0.0347986 9.9982E-05
0.9996 9.997E-05 9.997E-05 9.997E-05 9.997E-05
0.9996 9.997E-05 9.997E-05 9.997E-05 9.997E-05
0.123877 9.9991E-05 0.762261 0.106109 0.00765276
0.123392 9.9991E-05 0.773602 0.0651001 0.0378056
0.142374 9.9991E-05 0.715805 0.105034 0.0366868
0.163578 9.9991E-05 0.6947 0.0683686 0.0732535
0.145687 9.9991E-05 0.767919 0.0613321 0.0249621
0.129828 9.9991E-05 0.780168 0.0787091 0.0111949
0.185296 9.9991E-05 0.742556 0.0367127 0.0353356
0.103444 9.9982E-05 0.790746 0.105609 9.9982E-05
0.246944 9.9991E-05 0.580497 0.0963421 0.0761173
0.243829 9.9991E-05 0.621412 0.0715731 0.0630864
0.136978 9.9991E-05 0.74394 0.0901876 0.0287939
0.209445 9.9991E-05 0.679428 0.0787925 0.0322342
0.0858718 9.9991E-05 0.746418 0.109609 0.0580013
0.118007 9.9991E-05 0.784819 0.0514199 0.045654
9.997E-05 9.997E-05 0.9996 9.997E-05 9.997E-05
0.0318418 9.9982E-05 0.91378 0.0541785 9.9982E-05
9.997E-05 9.997E-05 0.9996 9.997E-05 9.997E-05
9.997E-05 9.997E-05 0.9996 9.997E-05 9.997E-05
0.0390228 9.9973E-05 0.960677 9.9973E-05 9.9973E-05
0.0254889 9.9973E-05 0.974211 9.9973E-05 9.9973E-05
0.00900511 9.9973E-05 0.990695 9.9973E-05 9.9973E-05
0.00847698 9.9973E-05 0.991223 9.9973E-05 9.9973E-05
9.997E-05 9.997E-05 0.9996 9.997E-05 9.997E-05
0.00393466 9.9973E-05 0.995765 9.9973E-05 9.9973E-05
0.085135 9.9973E-05 0.914565 9.9973E-05 9.9973E-05
0.0513955 9.9973E-05 0.948305 9.9973E-05 9.9973E-05
0.0175827 9.9982E-05 0.877892 9.9982E-05 0.104325
9.997E-05 9.997E-05 9.997E-05 9.997E-05 0.9996
0.175543 9.9991E-05 0.641851 0.0718523 0.110654
9.997E-05 9.997E-05 9.997E-05 9.997E-05 0.9996
9.997E-05 9.997E-05 9.997E-05 9.997E-05 0.9996
0.0261693 9.9973E-05 9.9973E-05 9.9973E-05 0.973531
0.0389227 9.9982E-05 0.217982 9.9982E-05 0.742895
9.997E-05 9.997E-05 9.997E-05 9.997E-05 0.9996
0.0159884 0.0171923 0.0784373 9.9991E-05 0.888282
9.997E-05 9.997E-05 9.997E-05 9.997E-05 0.9996
9.9973E-05 9.9973E-05 0.039847 9.9973E-05 0.959853
9.9973E-05 0.0165085 9.9973E-05 9.9973E-05 0.983192
9.9982E-05 9.9982E-05 0.0191343 0.0113161 0.96935
9.9982E-05 9.9982E-05 0.044678 0.0378482 0.917274
0.0114607 9.9991E-05 0.150295 0.0293917 0.808753
0.0145345 0.0152081 0.0182247 9.9991E-05 0.951933
0.0315895 0.0166668 0.103709 9.9991E-05 0.847935
0.0310389 9.9991E-05 0.0638103 0.0314483 0.873602
9.9991E-05 0.0248536 0.0334353 0.0742239 0.867387
0.0134057 9.9982E-05 0.0548148 9.9982E-05 0.93158
0.107452 0.0084532 0.441496 0.38521 0.0573885
0.0615434 9.9991E-05 0.549296 0.33205 0.0570114
0.0761292 0.0335784 0.461436 0.359072 0.0697844
0.0447108 0.0226986 0.514954 0.322803 0.0948334
0.166854 9.9991E-05 0.388284 0.376002 0.0687596
0.205601 9.9991E-05 0.12949 0.544833 0.119977
0.233764 9.9991E-05 0.236223 0.450285 0.0796275
0.239905 9.9991E-05 0.203121 0.486673 0.0702007
0.222909 9.9991E-05 0.25033 0.440707 0.0859548
0.220686 9.9991E-05 0.273085 0.43832 0.0678089
0.245568 9.9991E-05 0.265714 0.410714 0.0779032
0.19181 9.9991E-05 0.378303 0.359222 0.070565
0.152464 9.9991E-05 0.400169 0.352879 0.0943878
9.9973E-05 0.00883388 9.9973E-05 0.990866 9.9973E-05
9.997E-05 9.997E-05 9.997E-05 0.9996 9.997E-05
9.997E-05 9.997E-05 9.997E-05 0.9996 9.997E-05
9.997E-05 9.997E-05 9.997E-05 0.9996 9.997E-05
9.997E-05 9.997E-05 9.997E-05 0.9996 9.997E-05
0.028068 0.0356506 0.0393806 0.893688 0.00321283
9.997E-05 9.997E-05 9.997E-05 0.9996 9.997E-05
9.997E-05 9.997E-05 9.997E-05 0.9996 9.997E-05
9.997E-05 9.997E-05 9.997E-05 0.9996 9.997E-05
9.9973E-05 9.9973E-05 0.0239709 0.975729 9.9973E-05
9.997E-05 9.997E-05 9.997E-05 0.9996 9.997E-05
9.997E-05 9.997E-05 9.997E-05 0.9996 9.997E-05
