9.997E-05 9.997E-05 9.997E-05 0.9996 9.997E-05
0.507305 9.9991E-05 0.0733992 0.378553 0.0406433
0.471861 9.9991E-05 0.0498059 0.378058 0.100175
0.705402 9.9973E-05 9.9973E-05 0.294299 9.9973E-05
0.851202 0.00370618 9.9982E-05 0.144892 9.9982E-05
0.77517 9.9982E-05 9.9982E-05 0.21876 0.00587052
0.621005 9.9973E-05 9.9973E-05 0.378695 9.9973E-05
0.598864 9.9991E-05 0.00477465 0.339002 0.0572593
0.715572 9.9982E-05 9.9982E-05 0.260308 0.0239205
9.997E-05 9.997E-05 9.997E-05 0.9996 9.997E-05
9.997E-05 9.997E-05 9.997E-05 0.9996 9.997E-05
9.997E-05 9.997E-05 9.997E-05 0.9996 9.997E-05
9.9973E-05 9.9973E-05 0.0115402 0.98816 9.9973E-05
9.9973E-05 0.0470195 9.9973E-05 0.952681 9.9973E-05
9.9982E-05 0.0504547 0.00124588 0.948099 9.9982E-05
0.753048 9.9982E-05 9.9982E-05 0.231488 0.0152639
0.506229 0.131831 0.00255578 0.258799 0.100585
0.737115 9.9973E-05 9.9973E-05 0.262585 9.9973E-05
0.992247 9.9973E-05 9.9973E-05 0.00745347 9.9973E-05
0.9996 9.997E-05 9.997E-05 9.997E-05 9.997E-05
0.851205 9.9973E-05 9.9973E-05 0.148495 9.9973E-05
0.889163 9.9991E-05 0.0507116 0.0243154 0.0357102
0.907728 9.9991E-05 0.0125895 0.0632908 0.0162919
0.913881 9.9973E-05 9.9973E-05 0.0858193 9.9973E-05
0.958498 9.9973E-05 9.9973E-05 0.041202 9.9973E-05
0.935313 0.0331089 9.9982E-05 0.0313778 9.9982E-05
0.928693 0.026813 9.9991E-05 0.0314175 0.0129769
0.939508 9.9973E-05 9.9973E-05 0.0601924 9.9973E-05
0.905557 9.9973E-05 9.9973E-05 0.0941435 9.9973E-05
0.872567 9.9973E-05 9.9973E-05 0.127133 9.9973E-05
0.870518 9.9973E-05 9.9973E-05 0.129182 9.9973E-05
0.967573 0.00208229 9.9982E-05 0.0301449 9.9982E-05
0.921835 9.9991E-05 0.00534044 0.0414613 0.0312634
0.748772 0.0736717 9.9991E-05 0.123348 0.0541084
0.946046 9.9982E-05 9.9982E-05 0.0300036 0.0237506
0.843889 9.9973E-05 9.9973E-05 0.155811 9.9973E-05
0.9996 9.997E-05 9.997E-05 9.997E-05 9.997E-05
0.84715 0.100033 9.9991E-05 0.0333501 0.0193666
0.88054 9.9991E-05 0.0684948 0.0312677 0.0195979
0.909225 0.053656 0.0364441 0.00057527 9.9991E-05
0.728326 0.0955248 0.103854 9.9991E-05 0.0721954
0.740025 0.140759 0.0886056 9.9991E-05 0.0305102
0.759597 9.9991E-05 0.081953 0.0495607 0.10879
0.757963 0.139741 0.0304864 9.9991E-05 0.0717099
0.825662 0.110559 9.9982E-05 9.9982E-05 0.0635795
0.929738 0.0228171 9.9982E-05 9.9982E-05 0.0472452
0.953152 0.00681274 9.9982E-05 9.9982E-05 0.0398353
0.922741 0.0188684 0.013258 9.9991E-05 0.0450322
0.694968 0.187835 9.9991E-05 0.0591908 0.0579067
0.826896 0.0353276 0.034124 0.103552 9.9991E-05
0.832452 0.0756271 0.0339451 0.0112018 0.0467743
0.876966 0.069036 9.9982E-05 9.9982E-05 0.0537982
0.823974 0.0751544 9.9982E-05 9.9982E-05 0.100672
0.697346 0.244548 0.0235197 0.0254641 0.00912234
0.741873 0.159132 0.0749965 0.0147862 0.00921132
0.778247 0.104444 0.0332445 9.9991E-05 0.0839636
0.714151 0.179577 9.9991E-05 0.0608981 0.045274
0.765745 0.194958 0.0190858 9.9991E-05 0.0201114
0.945653 9.9973E-05 9.9973E-05 9.9973E-05 0.0540475
0.789595 0.136707 0.0360154 0.037583 9.9991E-05
0.810542 0.188593 9.9982E-05 0.000665372 9.9982E-05
0.733559 0.23443 0.0288471 9.9991E-05 0.00306386
0.709026 0.144532 0.0824079 9.9991E-05 0.0639344
0.560893 0.272052 0.0664524 9.9991E-05 0.100503
0.790793 0.198929 9.9982E-05 0.0100784 9.9982E-05
0.724129 0.149639 0.0418971 9.9991E-05 0.0842355
0.771737 0.113609 0.0831883 9.9991E-05 0.0313658
0.671881 0.158558 0.0838587 0.0033525 0.0823494
0.856936 0.110374 0.0159981 0.000342134 0.0163493
0.699591 0.148804 0.0545692 9.9991E-05 0.0969359
0.732305 0.0588541 0.076587 0.0254546 0.106799
0.664472 0.18365 0.0655977 9.9991E-05 0.0861797
0.783157 0.13735 0.0126588 0.035311 0.0315232
0.788645 0.117591 9.9991E-05 0.0338813 0.0597828
0.664926 0.295477 0.00667563 0.0178724 0.0150487
0.784388 0.197934 0.000724467 9.9991E-05 0.0168537
0.692712 0.115729 0.0871502 9.9991E-05 0.104309
0.577122 0.174843 0.194687 9.9991E-05 0.0532471
0.49845 0.311946 0.121835 9.9991E-05 0.0676684
0.485992 0.310735 0.141178 9.9991E-05 0.0619948
0.51316 0.312337 0.106602 9.9991E-05 0.0678021
0.427826 0.31509 0.183446 9.9991E-05 0.0735388
0.501473 0.288685 0.148187 9.9991E-05 0.0615542
0.634004 0.211572 0.105487 9.9991E-05 0.0488366
0.42931 0.249972 0.251348 9.9991E-05 0.06927
0.478242 0.213306 0.176852 0.00599637 0.125603
0.565074 0.219706 0.0995067 0.0330093 0.0827041
0.602777 0.228932 0.150646 9.9991E-05 0.0175446
0.48929 0.267484 0.179098 9.9991E-05 0.0640284
0.396469 0.368689 0.101691 0.00932332 0.123829
0.538803 0.169067 0.175736 0.0322265 0.0841675
0.531743 0.208015 0.162266 0.0226976 0.0752784
0.383234 0.368743 0.166178 0.00508022 0.0767652
9.997E-05 9.997E-05 0.9996 9.997E-05 9.997E-05
9.9982E-05 9.9982E-05 0.916808 0.063906 0.0190862
0.0135272 0.06013 0.864067 0.0315876 0.0306882
9.997E-05 9.997E-05 0.9996 9.997E-05 9.997E-05
9.997E-05 9.997E-05 0.9996 9.997E-05 9.997E-05
9.997E-05 9.997E-05 0.9996 9.997E-05 9.997E-05
9.997E-05 9.997E-05 0.9996 9.997E-05 9.997E-05
0.0575626 0.00386405 0.922634 0.0158392 9.9991E-05
9.997E-05 9.997E-05 0.9996 9.997E-05 9.997E-05
9.997E-05 9.997E-05 0.9996 9.997E-05 9.997E-05
0.297737 0.481192 0.145317 9.9991E-05 0.0756544
0.0221632 0.0146169 0.96302 9.9982E-05 9.9982E-05
9.997E-05 9.997E-05 0.9996 9.997E-05 9.997E-05
0.000332822 9.9982E-05 0.992133 9.9982E-05 0.00733378
0.300061 0.52324 0.115608 9.9991E-05 0.0609921
0.290052 0.479446 0.149689 9.9991E-05 0.0807125
0.285463 0.477362 0.158307 9.9991E-05 0.0787691
0.257857 0.494997 0.172898 9.9991E-05 0.0741488
0.356781 0.439829 0.172031 9.9991E-05 0.0312592
0.518181 0.332783 0.140983 9.9991E-05 0.00795217
0.375033 0.374312 0.235405 9.9991E-05 0.0151502
0.26683 0.474067 0.205405 9.9991E-05 0.0535978
0.299551 0.373805 0.239838 9.9991E-05 0.0867052
0.311933 0.366745 0.244475 9.9991E-05 0.0767464
0.441834 0.35403 0.122488 9.9991E-05 0.0815487
0.377334 0.344588 0.215998 9.9991E-05 0.0619808
0.343861 0.482936 0.0974502 9.9991E-05 0.0756526
0.375636 0.444483 0.136648 9.9991E-05 0.0431328
9.997E-05 9.997E-05 9.997E-05 9.997E-05 0.9996
0.347363 0.314643 0.214609 9.9991E-05 0.123284
9.997E-05 9.997E-05 9.997E-05 9.997E-05 0.9996
9.997E-05 9.997E-05 9.997E-05 9.997E-05 0.9996
0.0152628 0.0149037 0.00970861 9.9991E-05 0.960025
0.173172 0.053283 9.9991E-05 0.00928562 0.764159
9.997E-05 9.997E-05 9.997E-05 9.997E-05 0.9996
0.0466667 0.0847542 0.00413625 9.9991E-05 0.864343
9.9982E-05 0.00302923 0.00939935 9.9982E-05 0.987371
0.0116722 9.9982E-05 0.00565565 9.9982E-05 0.982472
9.997E-05 9.997E-05 9.997E-05 9.997E-05 0.9996
9.997E-05 9.997E-05 9.997E-05 9.997E-05 0.9996
0.00412185 9.9973E-05 9.9973E-05 9.9973E-05 0.995578
9.9982E-05 0.10602 0.0898927 9.9982E-05 0.803888
9.9982E-05 0.000882456 9.9982E-05 0.022854 0.976064
0.00971709 0.062475 0.0251951 9.9991E-05 0.902513
9.9991E-05 0.0727299 0.00364404 0.00430579 0.91922
0.0701272 0.0334691 9.9991E-05 0.0514148 0.844889
0.00549102 0.00747157 0.00730439 9.9991E-05 0.979633
9.9982E-05 0.938698 0.00538888 9.9982E-05 0.0557136
9.9982E-05 0.924239 0.0629839 9.9982E-05 0.0125768
9.997E-05 0.9996 9.997E-05 9.997E-05 9.997E-05
0.0310808 0.943039 0.0256807 9.9982E-05 9.9982E-05
9.9973E-05 0.982769 9.9973E-05 9.9973E-05 0.0169312
9.9982E-05 0.979654 0.0171895 9.9982E-05 0.00295622
9.9982E-05 0.989182 0.00906633 9.9982E-05 0.00155158
0.0352133 0.895423 0.0119047 0.0257956 0.0316637
9.9973E-05 0.973902 9.9973E-05 9.9973E-05 0.025798
9.9973E-05 0.97547 9.9973E-05 9.9973E-05 0.0242299
9.9982E-05 0.872361 0.09927 9.9982E-05 0.0281687
9.997E-05 0.9996 9.997E-05 9.997E-05 9.997E-05
0.054086 0.780941 0.0358882 9.9991E-05 0.128985
0.301831 0.544833 0.0789595 0.0368518 0.0375253
0.28831 0.558543 0.0807207 0.0496881 0.0227383
0.288855 0.492854 0.130267 0.0390848 0.0489395
0.318731 0.49552 0.0763722 0.0433444 0.0660318
0.171964 0.593447 0.184478 0.00964547 0.0404655
9.9991E-05 0.75173 0.13801 0.0346169 0.075543
0.0676905 0.669188 0.179883 0.00194672 0.081292
9.9991E-05 0.693041 0.208449 0.00652408 0.0918858
0.0590063 0.659023 0.196535 0.0170283 0.0684081
0.0754724 0.641437 0.199666 0.00778436 0.0756401
0.0839389 0.629975 0.206633 9.99969E-05 0.0793532
0.201877 0.527009 0.136723 0.0501708 0.0842204
0.202213 0.550549 0.174701 0.000294156 0.0722435
9.9973E-05 0.968669 9.9973E-05 0.0310315 9.9973E-05
9.9973E-05 0.973782 9.9973E-05 0.0259186 9.9973E-05
9.9973E-05 0.985771 9.9973E-05 0.0139287 9.9973E-05
9.9973E-05 0.980018 9.9973E-05 0.0196824 9.9973E-05
9.9973E-05 0.994145 9.9973E-05 0.00555521 9.9973E-05
9.9973E-05 0.966167 9.9973E-05 0.0335334 9.9973E-05
9.9973E-05 0.967017 9.9973E-05 0.0326833 9.9973E-05
9.9973E-05 0.995681 9.9973E-05 0.00401868 9.9973E-05
9.9973E-05 0.952209 9.9973E-05 0.0474912 9.9973E-05
9.9973E-05 0.969208 9.9973E-05 0.0304918 9.9973E-05
9.9973E-05 0.977901 9.9973E-05 0.0217995 9.9973E-05
9.9973E-05 0.982146 9.9973E-05 0.0175542 9.9973E-05
