9.997E-05 0.9996 9.997E-05 9.997E-05 9.997E-05
9.9982E-05 0.851158 0.00426496 0.144377 9.9982E-05
9.9973E-05 0.879949 9.9973E-05 0.119752 9.9973E-05
0.162935 0.50049 0.0597274 9.9991E-05 0.276748
9.999E-05 0.803263 0.0042972 0.124569 0.067771
0.0576424 0.942058 9.9973E-05 9.9973E-05 9.9973E-05
0.0262458 0.86038 0.0120951 0.0488888 0.0523899
0.0594972 0.817111 0.00475377 0.0847605 0.033878
9.9982E-05 0.709871 9.9982E-05 0.0963498 0.193579
0.108583 0.538271 0.0196035 0.0962038 0.237339
0.967364 9.9973E-05 0.0323365 9.9973E-05 9.9973E-05
0.9996 9.997E-05 9.997E-05 9.997E-05 9.997E-05
0.776261 0.223439 9.9973E-05 9.9973E-05 9.9973E-05
0.863522 0.0625555 0.0472398 9.9991E-05 0.0265829
0.758782 0.0266803 0.0631193 0.0975139 0.0539045
0.9996 9.997E-05 9.997E-05 9.997E-05 9.997E-05
0.9996 9.997E-05 9.997E-05 9.997E-05 9.997E-05
0.731523 9.9982E-05 9.9982E-05 0.177424 0.0908531
0.825134 9.9982E-05 9.9982E-05 0.0739778 0.100688
0.829031 0.047495 9.9982E-05 9.9982E-05 0.123274
0.790087 0.0675548 9.9991E-05 0.0677717 0.0744867
0.543898 0.327137 9.9991E-05 0.0901513 0.0387137
0.958544 0.0220723 0.0191833 9.9982E-05 9.9982E-05
0.858024 0.0207602 9.9991E-05 0.000986095 0.12013
0.814617 9.9973E-05 9.9973E-05 0.185083 9.9973E-05
0.687352 0.0871173 9.9982E-05 0.225331 9.9982E-05
0.540509 9.9973E-05 9.9973E-05 9.9973E-05 0.459191
0.466215 0.0821067 0.00335175 0.448227 9.9991E-05
0.52999 0.0312067 9.9991E-05 0.35925 0.0794533
0.616756 9.9973E-05 9.9973E-05 0.382944 9.9973E-05
9.9982E-05 0.0352823 9.9982E-05 0.41952 0.544997
0.0617993 0.166413 9.9991E-05 0.271314 0.500373
0.0681947 9.9982E-05 9.9982E-05 0.184942 0.746664
0.0155863 0.0159625 9.9982E-05 9.9982E-05 0.968251
0.329099 9.9991E-05 0.00935159 0.0179215 0.643528
0.0243696 0.0702915 0.0564069 0.0488049 0.800127
0.0847797 0.266616 0.00590648 0.038406 0.604291
0.21798 0.00348987 9.9991E-05 0.0776428 0.700787
0.0335226 9.9982E-05 0.0289772 9.9982E-05 0.9373
0.167641 0.00822526 0.0291315 0.303771 0.491232
9.9982E-05 0.0500027 9.9982E-05 0.0275399 0.922257
0.124031 0.0709462 9.9991E-05 0.326922 0.478001
0.107095 0.0665603 9.9991E-05 0.179491 0.646754
0.162842 9.9991E-05 0.0175225 0.0800112 0.739524
9.9982E-05 9.9982E-05 0.0184934 0.197747 0.783559
0.0184146 9.9982E-05 9.9982E-05 0.3332 0.648185
9.9982E-05 9.9982E-05 0.0966609 0.101832 0.801307
9.9973E-05 9.9973E-05 9.9973E-05 0.220309 0.779391
0.0219035 0.108714 9.9991E-05 0.146047 0.723236
9.9982E-05 0.0947213 9.9982E-05 0.14382 0.761258
9.9973E-05 9.9973E-05 9.9973E-05 0.296693 0.703007
9.997E-05 9.997E-05 9.997E-05 9.997E-05 0.9996
9.9982E-05 9.9982E-05 0.00162734 0.329852 0.668321
9.9973E-05 9.9973E-05 9.9973E-05 0.228605 0.771095
9.9973E-05 9.9973E-05 9.9973E-05 0.167522 0.832178
0.00897434 0.0311851 0.0457089 0.346841 0.56729
0.00079327 9.9982E-05 0.0187338 0.980273 9.9982E-05
0.144721 0.0660709 9.9991E-05 0.733942 0.0551653
0.010194 0.012161 0.00817677 0.843262 0.126207
0.00386729 0.152199 9.9991E-05 0.745781 0.0980534
0.0234102 9.9982E-05 9.9982E-05 0.907365 0.0690247
9.9991E-05 0.0395833 0.0963948 0.566976 0.296946
9.9982E-05 0.0335099 9.9982E-05 0.829192 0.137098
9.9973E-05 9.9973E-05 0.0412627 0.958437 9.9973E-05
9.9982E-05 9.9982E-05 0.00383751 0.941913 0.0540498
9.997E-05 9.997E-05 9.997E-05 0.9996 9.997E-05
9.997E-05 9.997E-05 9.997E-05 0.9996 9.997E-05
0.0171059 9.9973E-05 9.9973E-05 0.982594 9.9973E-05
9.9982E-05 0.0039222 0.0101283 0.98575 9.9982E-05
9.997E-05 9.997E-05 9.997E-05 0.9996 9.997E-05
9.9973E-05 9.9973E-05 0.006295 0.993405 9.9973E-05
9.9991E-05 0.104525 0.014905 0.679815 0.200655
9.997E-05 9.997E-05 9.997E-05 0.9996 9.997E-05
0.0522684 9.9991E-05 0.065274 0.727248 0.155109
0.0806967 0.0247937 0.582634 0.259934 0.0519419
9.997E-05 9.997E-05 0.9996 9.997E-05 9.997E-05
0.00154283 0.0566521 0.0549353 0.679669 0.207201
