9.997E-05 0.9996 9.997E-05 9.997E-05 9.997E-05
0.4618 0.386295 0.111849 9.9991E-05 0.039956
0.436004 0.379972 0.0508519 9.9991E-05 0.133072
0.721543 0.278157 9.9973E-05 9.9973E-05 9.9973E-05
0.805873 0.193827 9.9973E-05 9.9973E-05 9.9973E-05
0.785943 0.213758 9.9973E-05 9.9973E-05 9.9973E-05
0.633118 0.366582 9.9973E-05 9.9973E-05 9.9973E-05
0.596738 0.359774 0.0214693 9.9991E-05 0.0219189
0.657928 0.27863 0.0133359 9.9991E-05 0.0500064
9.997E-05 0.9996 9.997E-05 9.997E-05 9.997E-05
9.997E-05 0.9996 9.997E-05 9.997E-05 9.997E-05
9.997E-05 0.9996 9.997E-05 9.997E-05 9.997E-05
9.9973E-05 0.99952 0.000179622 9.9973E-05 9.9973E-05
0.0324752 0.920231 9.9982E-05 0.0470942 9.9982E-05
9.9973E-05 0.994441 9.9973E-05 9.9973E-05 0.00525921
0.755563 0.24302 9.9982E-05 0.00121645 9.9982E-05
0.505894 0.265635 0.0659423 0.0942876 0.0682409
0.761095 0.238605 9.9973E-05 9.9973E-05 9.9973E-05
0.990615 0.00908467 9.9973E-05 9.9973E-05 9.9973E-05
0.9996 9.997E-05 9.997E-05 9.997E-05 9.997E-05
0.875456 0.124244 9.9973E-05 9.9973E-05 9.9973E-05
0.900134 0.0505491 9.9982E-05 9.9982E-05 0.049117
0.916044 0.0776969 0.00605914 9.9982E-05 9.9982E-05
0.928382 0.0713183 9.9973E-05 9.9973E-05 9.9973E-05
0.974607 0.0250933 9.9973E-05 9.9973E-05 9.9973E-05
0.905246 0.026475 9.9982E-05 0.0680793 9.9982E-05
0.843948 0.04777 9.9991E-05 0.0298099 0.0783716
0.941246 0.0584537 9.9973E-05 9.9973E-05 9.9973E-05
0.882802 0.105943 9.9982E-05 0.0110543 9.9982E-05
0.865245 0.134455 9.9973E-05 9.9973E-05 9.9973E-05
0.871914 0.127786 9.9973E-05 9.9973E-05 9.9973E-05
0.974557 0.0251427 9.9973E-05 9.9973E-05 9.9973E-05
0.892221 0.0442603 0.0431666 9.9991E-05 0.020252
0.783672 0.0859119 9.9991E-05 0.0794117 0.0509044
0.933051 0.0666492 9.9973E-05 9.9973E-05 9.9973E-05
0.836449 0.163251 9.9973E-05 9.9973E-05 9.9973E-05
0.9996 9.997E-05 9.997E-05 9.997E-05 9.997E-05
0.863146 0.0264768 9.9991E-05 0.101965 0.00831225
0.839357 0.0346603 0.0357818 0.0355124 0.0546888
0.927722 0.0281539 9.9982E-05 0.0439247 9.9982E-05
0.686994 9.9991E-05 0.0755233 0.148125 0.0892574
0.702645 9.9991E-05 0.0377096 0.163663 0.095883
0.784537 0.0555913 0.0426265 9.9991E-05 0.117145
0.779901 9.9991E-05 0.0472462 0.112931 0.059822
0.768621 9.9982E-05 9.9982E-05 0.145665 0.0855144
0.95558 9.9973E-05 9.9973E-05 9.9973E-05 0.0441202
0.912781 9.9982E-05 9.9982E-05 0.07054 0.0164785
0.887267 9.9982E-05 9.9982E-05 0.0800017 0.0325315
0.691217 0.053742 9.9991E-05 0.206227 0.0487142
0.771052 0.0957631 0.0460771 0.0645355 0.0225724
0.877324 0.0230421 0.0542646 0.0181071 0.0272624
0.799333 9.9982E-05 9.9982E-05 0.129143 0.0713245
0.862312 9.9982E-05 9.9982E-05 0.0898314 0.0476562
0.688045 0.0217535 0.0292533 0.260848 9.9991E-05
0.68814 0.0247995 0.0693779 0.210687 0.00699514
0.784291 9.9991E-05 0.0210557 0.094631 0.0999227
0.614392 0.0778406 0.00277768 0.206049 0.0989412
0.791718 9.9982E-05 0.0224153 0.185667 9.9982E-05
0.939214 9.9973E-05 9.9973E-05 9.9973E-05 0.060486
0.827398 0.0165949 0.0193204 0.136586 9.9991E-05
0.790928 9.9973E-05 9.9973E-05 0.208772 9.9973E-05
0.807745 9.9982E-05 0.0159405 0.176115 9.9982E-05
0.765149 9.9991E-05 0.0609122 0.101702 0.0721363
0.641885 9.9991E-05 0.0446639 0.227537 0.0858145
0.779986 9.9982E-05 0.00888176 0.210932 9.9982E-05
0.675935 9.9991E-05 0.0493445 0.179647 0.094974
0.718268 9.9991E-05 0.118157 0.1349 0.0285754
0.57698 0.0269834 0.0498497 0.259935 0.0862515
0.863769 9.9991E-05 0.021828 0.0814323 0.0328705
0.662358 9.9991E-05 0.0187015 0.192465 0.126375
0.780301 0.00336698 0.075776 0.0317951 0.108761
0.721121 9.9991E-05 0.0885896 0.154396 0.0357939
0.770597 0.0535288 0.00679293 0.127028 0.0420536
0.845023 0.00807592 9.9991E-05 0.122046 0.0247547
0.617214 9.9982E-05 9.9982E-05 0.312503 0.0700831
0.742784 9.9991E-05 0.0119891 0.211752 0.033375
0.711124 9.9991E-05 0.0852847 0.147613 0.0558791
0.69891 9.9991E-05 0.150868 0.0981729 0.051949
0.452294 9.9991E-05 0.178958 0.321596 0.0470521
0.408177 9.9991E-05 0.185564 0.37657 0.0295886
0.45447 9.9991E-05 0.104347 0.362267 0.0788161
0.40981 9.9991E-05 0.171906 0.330459 0.0877252
0.423379 9.9991E-05 0.117128 0.345541 0.113853
0.567782 0.00458234 0.152325 0.25341 0.0219009
0.475109 0.00547397 0.224698 0.215789 0.0789298
0.458657 9.9991E-05 0.202543 0.209262 0.129438
0.551539 0.0266767 0.0993437 0.242453 0.079987
0.549892 9.9991E-05 0.150465 0.288009 0.0115344
0.436029 9.9991E-05 0.186543 0.304532 0.0727964
0.424856 9.9991E-05 0.110321 0.368799 0.0959243
0.567233 0.0208212 0.152651 0.202249 0.057046
0.483617 0.0298557 0.158729 0.234519 0.0932796
0.36257 0.0245224 0.18023 0.347695 0.0849827
9.997E-05 9.997E-05 0.9996 9.997E-05 9.997E-05
9.9982E-05 0.0132421 0.964638 9.9982E-05 0.0219195
0.0984901 9.9973E-05 0.90121 9.9973E-05 9.9973E-05
9.997E-05 9.997E-05 0.9996 9.997E-05 9.997E-05
9.997E-05 9.997E-05 0.9996 9.997E-05 9.997E-05
9.997E-05 9.997E-05 0.9996 9.997E-05 9.997E-05
9.997E-05 9.997E-05 0.9996 9.997E-05 9.997E-05
0.0186171 9.9973E-05 0.981083 9.9973E-05 9.9973E-05
9.997E-05 9.997E-05 0.9996 9.997E-05 9.997E-05
9.997E-05 9.997E-05 0.9996 9.997E-05 9.997E-05
0.267448 9.9991E-05 0.135275 0.520239 0.0769377
0.0175898 9.9991E-05 0.918492 0.0307024 0.0331156
9.9973E-05 9.9973E-05 0.995938 9.9973E-05 0.0037625
9.9973E-05 0.0110701 0.98863 9.9973E-05 9.9973E-05
0.224062 0.00461569 0.117583 0.578954 0.0747855
0.301065 9.9991E-05 0.173871 0.467654 0.05731
0.294555 0.00739014 0.142068 0.490075 0.0659117
0.260128 9.9991E-05 0.174468 0.48639 0.0789133
0.294593 9.9991E-05 0.132189 0.509079 0.0640396
0.433818 9.9991E-05 0.102903 0.443437 0.0197425
0.350611 9.9991E-05 0.174845 0.426136 0.0483077
0.304756 9.9991E-05 0.172998 0.4685 0.0536459
0.245953 9.9991E-05 0.233162 0.419616 0.101169
0.278068 9.9991E-05 0.216973 0.417164 0.0876947
0.383561 9.9991E-05 0.119714 0.415367 0.0812576
0.371135 9.9991E-05 0.191894 0.367453 0.0694181
0.341096 9.9991E-05 0.0855022 0.459001 0.114301
0.339378 9.9991E-05 0.152984 0.447152 0.060386
9.9973E-05 9.9973E-05 9.9973E-05 0.998587 0.0011128
9.9982E-05 9.9982E-05 0.0335956 0.958647 0.00755746
9.997E-05 9.997E-05 9.997E-05 0.9996 9.997E-05
9.997E-05 9.997E-05 9.997E-05 0.9996 9.997E-05
9.997E-05 9.997E-05 9.997E-05 0.9996 9.997E-05
9.9973E-05 9.9973E-05 0.0101841 0.989516 9.9973E-05
9.9973E-05 9.9973E-05 0.0108175 0.988883 9.9973E-05
0.0362221 0.0144835 9.9982E-05 0.949094 9.9982E-05
9.9973E-05 9.9973E-05 9.9973E-05 0.986585 0.013115
9.9973E-05 9.9973E-05 9.9973E-05 0.987681 0.0120195
9.9991E-05 0.00124521 0.103616 0.885974 0.0090651
9.997E-05 9.997E-05 9.997E-05 0.9996 9.997E-05
0.01808 9.9991E-05 0.0443209 0.817169 0.12033
9.997E-05 9.997E-05 9.997E-05 9.997E-05 0.9996
0.29212 9.9991E-05 0.2153 0.376131 0.116349
9.997E-05 9.997E-05 9.997E-05 9.997E-05 0.9996
9.997E-05 9.997E-05 9.997E-05 9.997E-05 0.9996
9.9973E-05 0.00272866 9.9973E-05 9.9973E-05 0.996971
0.143145 9.9982E-05 9.9982E-05 0.128423 0.728232
9.9973E-05 0.00115892 9.9973E-05 9.9973E-05 0.998541
9.9982E-05 9.9982E-05 0.00702678 0.0776509 0.915122
9.9973E-05 9.9973E-05 0.0101298 9.9973E-05 0.98957
0.0564952 9.9982E-05 9.9982E-05 0.00496339 0.938341
9.997E-05 9.997E-05 9.997E-05 9.997E-05 0.9996
0.0066626 0.0105193 0.0295425 0.00471206 0.948564
0.00983627 9.9982E-05 0.0205306 9.9982E-05 0.969433
0.0166407 9.9991E-05 0.0645192 0.108741 0.809999
0.0728474 0.0146497 9.9982E-05 9.9982E-05 0.912303
9.9991E-05 0.0419261 0.0241215 0.0471977 0.886655
0.0857063 9.9991E-05 0.0148499 0.083799 0.815545
0.0116296 0.0171581 0.0195739 0.089391 0.862247
9.9991E-05 0.0106343 0.00629083 0.0610832 0.921892
0.274961 0.0487126 0.0922091 0.525201 0.0589157
0.305055 0.0585972 0.0685115 0.486917 0.0809195
0.27584 0.0704265 0.136769 0.464849 0.0521152
0.321069 0.0395119 0.10734 0.458709 0.0733703
0.0809768 0.0149248 0.182929 0.661809 0.0593603
9.9991E-05 0.0174141 0.173486 0.728697 0.0803021
0.0733748 0.0116123 0.179025 0.651332 0.0846562
9.9991E-05 0.0124806 0.202626 0.712744 0.0720488
9.9991E-05 0.0315607 0.196243 0.691001 0.0810953
0.052887 0.0252404 0.190373 0.656711 0.0747888
0.0174194 0.0203561 0.22823 0.678096 0.0558989
0.0869163 0.0668158 0.172081 0.581655 0.0925326
0.136854 0.018494 0.159159 0.607025 0.0784675
9.9973E-05 0.0408906 9.9973E-05 0.958809 9.9973E-05
9.9973E-05 0.0179353 9.9973E-05 0.981765 9.9973E-05
9.9973E-05 0.00901227 9.9973E-05 0.990688 9.9973E-05
9.9973E-05 0.0217909 9.9973E-05 0.977909 9.9973E-05
9.9973E-05 0.021232 9.9973E-05 0.978468 9.9973E-05
0.016899 0.0585245 9.9991E-05 0.917349 0.0071278
9.9973E-05 0.0280706 9.9973E-05 0.971629 9.9973E-05
9.9973E-05 0.0173844 9.9973E-05 0.982316 9.9973E-05
9.9973E-05 0.0410078 9.9973E-05 0.958692 9.9973E-05
9.9973E-05 0.031209 9.9973E-05 0.968491 9.9973E-05
9.9973E-05 0.0204281 9.9973E-05 0.979272 9.9973E-05
9.9973E-05 0.0324977 9.9973E-05 0.967202 9.9973E-05
