9.997E-05 9.997E-05 9.997E-05 9.997E-05 0.9996
0.0812369 0.318406 9.9991E-05 0.0853354 0.514921
0.094483 0.197499 0.00117377 0.155714 0.55113
9.9973E-05 0.511938 9.9973E-05 9.9973E-05 0.487762
9.9973E-05 0.680037 9.9973E-05 9.9973E-05 0.319663
9.9982E-05 0.597003 9.9982E-05 0.0278706 0.374927
9.9982E-05 0.435929 9.9982E-05 0.0164135 0.547458
0.00604088 0.45747 9.9991E-05 0.0637049 0.472684
0.0232482 0.475855 9.9991E-05 0.0952967 0.4055
9.997E-05 9.997E-05 9.997E-05 9.997E-05 0.9996
9.997E-05 9.997E-05 9.997E-05 9.997E-05 0.9996
9.997E-05 9.997E-05 9.997E-05 9.997E-05 0.9996
9.997E-05 9.997E-05 9.997E-05 9.997E-05 0.9996
9.99756E-05 0.0352317 9.99756E-05 9.99756E-05 0.964468
9.9973E-05 9.9973E-05 0.0200568 9.9973E-05 0.979643
9.9982E-05 0.594067 9.9982E-05 0.0475939 0.35814
0.0410998 0.412197 0.0651444 0.105017 0.376542
9.9982E-05 0.536163 9.9982E-05 0.0351521 0.428485
9.9973E-05 0.831587 9.9973E-05 9.9973E-05 0.168113
9.9973E-05 0.839809 9.9973E-05 9.9973E-05 0.159891
9.9973E-05 0.720641 9.9973E-05 9.9973E-05 0.279059
9.9982E-05 0.76396 9.9982E-05 0.0724577 0.163382
9.9982E-05 0.81986 9.9982E-05 0.00726344 0.172677
9.9982E-05 0.755193 9.9982E-05 0.00809576 0.236512
9.9973E-05 0.804295 9.9973E-05 9.9973E-05 0.195405
9.9982E-05 0.855321 0.0114956 9.9982E-05 0.132984
9.9982E-05 0.798913 9.9982E-05 0.0464716 0.154416
9.9982E-05 0.741553 9.9982E-05 0.0198971 0.23835
0.0228129 0.72002 9.9982E-05 9.9982E-05 0.256967
9.9973E-05 0.696716 9.9973E-05 9.9973E-05 0.302984
9.9973E-05 0.721662 9.9973E-05 9.9973E-05 0.278038
0.0106577 0.828379 9.9991E-05 0.00372426 0.157139
9.9982E-05 0.812911 9.9982E-05 0.0304114 0.156477
9.9991E-05 0.651654 0.070749 0.0622637 0.215233
9.9982E-05 0.775713 9.9982E-05 0.058031 0.166056
9.9973E-05 0.707101 9.9973E-05 9.9973E-05 0.292599
9.9982E-05 0.924595 9.9982E-05 0.0160933 0.0591117
9.9982E-05 0.842798 9.9982E-05 0.0410909 0.115911
0.0243825 0.829553 9.9991E-05 0.0332682 0.112697
0.0358277 0.838582 0.00905783 9.9991E-05 0.116433
0.0407987 0.756448 0.116546 0.05519 0.031017
0.0646792 0.760994 0.0691612 0.075981 0.0291846
0.0530781 0.523274 0.125929 0.11691 0.180808
0.0289836 0.743902 0.109091 0.0930992 0.0249243
9.9991E-05 0.900019 0.016643 0.0827266 0.000511607
9.9982E-05 0.876975 9.9982E-05 0.0924842 0.0303412
9.9982E-05 0.897625 9.9982E-05 0.0803778 0.0217968
9.9991E-05 0.900217 0.0110525 0.0580918 0.030539
9.9991E-05 0.757632 0.0889278 0.0630048 0.0903356
0.010408 0.714146 0.0329112 0.0483897 0.194145
0.0081823 0.8404 9.9991E-05 0.0608084 0.0905098
0.003834 0.852252 0.0117094 0.0733216 0.0588833
9.9991E-05 0.932833 0.0052528 0.0556285 0.00618605
0.00774196 0.873697 0.0494835 0.0291324 0.0399452
0.0624033 0.755659 0.0655267 0.0192339 0.0971766
0.00687253 0.706918 0.0784077 0.163633 0.0441686
9.9991E-05 0.693009 0.100323 0.0613585 0.14521
0.0111883 0.939869 0.00603588 9.9991E-05 0.0428064
9.9982E-05 0.898897 9.9982E-05 0.0593611 0.0415419
0.028465 0.818455 0.0510106 9.9991E-05 0.101969
9.9991E-05 0.880866 0.0458457 0.0315917 0.0415965
0.0321111 0.740511 0.134598 0.0329617 0.059818
0.0715226 0.745492 0.0640025 0.0881665 0.0308162
0.025244 0.809887 0.0503172 0.0697966 0.0447553
9.9982E-05 0.876601 0.0763985 9.9982E-05 0.0468001
0.0230336 0.813284 0.0405791 0.109219 0.0138839
0.0991318 0.795624 0.0495245 0.0556198 9.9991E-05
0.0347162 0.768879 0.0593802 0.0947709 0.0422534
9.9982E-05 0.879777 9.9982E-05 0.0585632 0.0614599
0.0377445 0.790631 0.0706113 0.100913 9.9991E-05
0.0531538 0.669048 0.0769909 0.135224 0.0655833
0.0323448 0.785009 0.0826353 0.0999105 9.9991E-05
9.9982E-05 0.88261 9.9982E-05 0.0297614 0.0874286
9.9991E-05 0.939671 0.00159073 0.0116457 0.0469923
9.9991E-05 0.658741 0.216209 0.0682545 0.0566954
0.00393456 0.9644 0.0252756 0.00629006 9.99904E-05
0.0458625 0.825861 0.0566316 0.0715449 9.9991E-05
0.133081 0.703837 0.0986193 0.00790134 0.0565617
0.17674 0.687477 0.0841601 0.0515227 9.9991E-05
0.136044 0.724409 0.114759 0.0246883 9.9991E-05
0.0661826 0.730618 0.128418 0.0746814 9.9991E-05
0.169914 0.739381 0.0776014 0.0130034 9.9991E-05
0.106525 0.745203 0.0694862 0.0786857 9.9991E-05
0.129053 0.716058 0.109838 0.0180055 0.0270456
0.169886 0.579754 0.0855705 0.124069 0.0407208
0.158702 0.566311 0.0899567 0.122338 0.0626925
0.0772344 0.642673 0.12049 0.0845858 0.0750167
0.120965 0.724707 0.138644 9.9991E-05 0.015585
0.161824 0.616188 0.153156 0.0687324 9.9991E-05
0.0958852 0.621175 0.149251 0.121649 0.0120394
0.176695 0.553428 0.0998215 0.0961568 0.0738983
0.131092 0.515988 0.139226 0.155278 0.0584163
0.216166 0.601052 0.0767644 0.0982019 0.0078157
0.9996 9.997E-05 9.997E-05 9.997E-05 9.997E-05
0.93686 9.9982E-05 0.0296623 9.9982E-05 0.0332774
0.925661 0.0433336 0.02482 0.0060856 9.9991E-05
0.9996 9.997E-05 9.997E-05 9.997E-05 9.997E-05
0.9996 9.997E-05 9.997E-05 9.997E-05 9.997E-05
0.9996 9.997E-05 9.997E-05 9.997E-05 9.997E-05
0.9996 9.997E-05 9.997E-05 9.997E-05 9.997E-05
0.934363 9.9982E-05 9.9982E-05 0.0223833 0.0430534
0.9996 9.997E-05 9.997E-05 9.997E-05 9.997E-05
0.9996 9.997E-05 9.997E-05 9.997E-05 9.997E-05
0.110486 0.546987 0.243753 0.0980776 0.000696295
0.956347 0.0128225 0.0259602 0.00477001 9.9991E-05
0.9996 9.997E-05 9.997E-05 9.997E-05 9.997E-05
0.9996 9.997E-05 9.997E-05 9.997E-05 9.997E-05
0.171611 0.560689 0.258992 0.0086075 9.9991E-05
0.124986 0.568979 0.238093 0.0678423 9.9991E-05
0.148436 0.583548 0.213432 0.0544834 9.9991E-05
0.185123 0.500633 0.255965 0.0581782 9.9991E-05
0.157012 0.520109 0.258336 0.0644433 9.9991E-05
0.111039 0.68525 0.188234 0.0153764 9.9991E-05
0.191394 0.599057 0.154975 0.0544737 9.9991E-05
0.17847 0.593877 0.227452 9.9982E-05 9.9982E-05
0.253814 0.534723 0.110893 0.10047 9.9991E-05
0.250093 0.557267 0.116079 0.0764614 9.9991E-05
0.129782 0.679311 0.12553 0.0652769 9.9991E-05
0.256399 0.607526 0.0876694 0.0483059 9.9991E-05
0.104907 0.584009 0.201275 0.109709 9.9991E-05
0.145284 0.488419 0.270546 0.0956514 9.9991E-05
9.9982E-05 0.00571463 0.985495 0.00859034 9.9982E-05
0.0293352 0.0242341 0.922976 0.00104722 0.0224077
9.997E-05 9.997E-05 0.9996 9.997E-05 9.997E-05
9.997E-05 9.997E-05 0.9996 9.997E-05 9.997E-05
9.997E-05 9.997E-05 0.9996 9.997E-05 9.997E-05
9.997E-05 9.997E-05 0.9996 9.997E-05 9.997E-05
9.997E-05 9.997E-05 0.9996 9.997E-05 9.997E-05
0.0491377 0.0610587 0.820112 9.9991E-05 0.0695919
9.997E-05 9.997E-05 0.9996 9.997E-05 9.997E-05
9.997E-05 9.997E-05 0.9996 9.997E-05 9.997E-05
0.0716912 9.9991E-05 0.923346 0.000155483 0.00470681
9.9973E-05 9.9973E-05 0.998818 9.9973E-05 0.000881652
0.00934791 0.130607 0.757281 0.0870545 0.0157092
9.997E-05 9.997E-05 9.997E-05 0.9996 9.997E-05
0.207809 0.507409 0.181427 0.103255 9.9991E-05
9.997E-05 9.997E-05 9.997E-05 0.9996 9.997E-05
9.997E-05 9.997E-05 9.997E-05 0.9996 9.997E-05
0.0284599 0.00413598 9.9982E-05 0.967204 9.9982E-05
0.0205461 0.088133 0.082446 0.802696 0.00617884
9.997E-05 9.997E-05 9.997E-05 0.9996 9.997E-05
9.9982E-05 0.154368 0.0570452 0.788387 9.9982E-05
0.0276028 9.9973E-05 9.9973E-05 0.972097 9.9973E-05
9.9973E-05 9.9973E-05 0.0230584 0.976642 9.9973E-05
9.9973E-05 9.9973E-05 9.9973E-05 0.997522 0.00217789
9.997E-05 9.997E-05 9.997E-05 0.9996 9.997E-05
0.00154363 9.9982E-05 0.041942 0.956314 9.9982E-05
0.0201124 0.154391 0.028937 0.796459 9.9991E-05
9.9982E-05 0.0959105 9.9982E-05 0.880369 0.023521
0.0468528 0.0385943 0.011225 0.901665 0.00166241
0.0096371 0.102984 0.0241861 0.863093 9.9991E-05
9.9982E-05 0.120954 9.9982E-05 0.870578 0.00826808
0.0374341 9.9982E-05 0.0275595 0.934806 9.9982E-05
0.124748 0.772178 0.03257 0.0652598 0.00524399
0.105407 0.784587 0.0388168 0.0292327 0.0419561
0.130567 0.780958 0.0217454 0.0637622 0.00296733
0.0671939 0.859485 0.0117746 0.0614468 9.9991E-05
0.174831 0.799537 0.00549408 0.0200385 9.9991E-05
0.226717 0.745002 9.99821E-05 0.0280808 9.99821E-05
0.218396 0.733368 0.000552278 0.0475833 9.9991E-05
0.229187 0.763397 9.9982E-05 0.00721609 9.9982E-05
0.201808 0.759474 0.015676 0.0229422 9.9991E-05
0.229096 0.743686 9.9982E-05 0.0270174 9.9982E-05
0.245513 0.737651 0.00615885 0.0105771 9.9991E-05
0.164336 0.776247 0.0354157 0.0239016 9.9991E-05
0.171737 0.766644 9.9982E-05 0.0614194 9.9982E-05
9.997E-05 0.9996 9.997E-05 9.997E-05 9.997E-05
9.997E-05 0.9996 9.997E-05 9.997E-05 9.997E-05
9.997E-05 0.9996 9.997E-05 9.997E-05 9.997E-05
9.997E-05 0.9996 9.997E-05 9.997E-05 9.997E-05
9.997E-05 0.9996 9.997E-05 9.997E-05 9.997E-05
9.997E-05 0.9996 9.997E-05 9.997E-05 9.997E-05
9.997E-05 0.9996 9.997E-05 9.997E-05 9.997E-05
9.997E-05 0.9996 9.997E-05 9.997E-05 9.997E-05
9.997E-05 0.9996 9.997E-05 9.997E-05 9.997E-05
9.9973E-05 0.990284 0.0094164 9.9973E-05 9.9973E-05
9.997E-05 0.9996 9.997E-05 9.997E-05 9.997E-05
9.997E-05 0.9996 9.997E-05 9.997E-05 9.997E-05
