9.997E-05 9.997E-05 9.997E-05 0.9996 9.997E-05
0.491293 0.0881168 9.9991E-05 0.361829 0.0586617
0.5121 0.0606113 9.9991E-05 0.356555 0.0706336
0.690742 9.9973E-05 9.9973E-05 0.308958 9.9973E-05
0.781623 9.9982E-05 0.0542782 0.163899 9.9982E-05
0.749763 0.0118117 9.9991E-05 0.212038 0.0262876
0.656052 9.9973E-05 9.9973E-05 0.343648 9.9973E-05
0.574084 0.0149789 9.9991E-05 0.352239 0.0585974
0.645941 0.00506117 9.9991E-05 0.284513 0.0643848
9.997E-05 9.997E-05 9.997E-05 0.9996 9.997E-05
9.997E-05 9.997E-05 9.997E-05 0.9996 9.997E-05
9.997E-05 9.997E-05 9.997E-05 0.9996 9.997E-05
9.9973E-05 0.0127448 9.9973E-05 0.986955 9.9973E-05
0.0683385 9.9982E-05 0.00775935 0.923702 9.9982E-05
9.9982E-05 9.9982E-05 0.0623456 0.927634 0.00982022
0.746724 9.9991E-05 0.0311347 0.190927 0.0311145
0.502967 9.9991E-05 0.173215 0.292833 0.0308848
0.725392 9.9973E-05 9.9973E-05 0.274308 9.9973E-05
0.9996 9.997E-05 9.997E-05 9.997E-05 9.997E-05
0.9996 9.997E-05 9.997E-05 9.997E-05 9.997E-05
0.884777 9.9973E-05 9.9973E-05 0.114923 9.9973E-05
0.923901 9.9982E-05 9.9982E-05 0.0409257 0.034973
0.957837 9.9973E-05 9.9973E-05 0.0418631 9.9973E-05
0.930512 9.9973E-05 9.9973E-05 0.0691884 9.9973E-05
0.954269 9.9973E-05 9.9973E-05 0.0454311 9.9973E-05
0.924505 9.9982E-05 0.0644384 0.0108568 9.9982E-05
0.814582 9.9991E-05 0.0977371 0.0338256 0.0537548
0.969995 9.9973E-05 9.9973E-05 0.0297052 9.9973E-05
0.823478 9.9982E-05 0.0569995 0.119323 9.9982E-05
0.905 9.9973E-05 9.9973E-05 0.0947004 9.9973E-05
0.886482 0.00121312 9.9982E-05 0.112105 9.9982E-05
0.894499 9.9982E-05 0.0665233 0.0387782 9.9982E-05
0.927848 0.00498273 9.9991E-05 0.0381774 0.0288924
0.774176 9.9991E-05 0.106848 0.0787779 0.0400985
0.955731 9.9982E-05 9.9982E-05 0.0278625 0.0162063
0.869037 9.9973E-05 9.9973E-05 0.130663 9.9973E-05
0.999149 0.000550993 9.9973E-05 9.9973E-05 9.9973E-05
0.809809 0.00843392 0.0956006 0.0433907 0.0427655
0.811264 0.052043 0.0630554 0.0430298 0.0306074
0.821866 0.0652834 0.0742201 0.0385305 9.9991E-05
0.662853 0.10305 0.165358 9.9991E-05 0.0686386
0.623843 0.0232324 0.278179 9.9991E-05 0.0746459
0.752293 0.0588224 0.0306599 0.0487547 0.10947
0.762759 0.0208117 0.163698 9.9991E-05 0.0526313
0.752611 9.9982E-05 0.164255 9.9982E-05 0.082934
0.928005 9.9982E-05 0.0104504 9.9982E-05 0.0613441
0.900701 9.9982E-05 0.0717243 9.9982E-05 0.0273752
0.8384 0.0427408 0.0855494 9.9991E-05 0.0332102
0.618467 9.9991E-05 0.266945 0.0701681 0.0443194
0.776951 0.0393221 0.0758445 0.103649 0.00423353
0.796662 0.0492094 0.0925704 0.0240057 0.0375521
0.796444 9.9982E-05 0.131061 9.9982E-05 0.0722941
0.80966 9.99877E-05 0.154853 9.99877E-05 0.0352866
0.648667 0.0575217 0.255587 0.0381238 9.9991E-05
0.713559 0.0428065 0.186748 0.0189564 0.03793
0.728138 0.0422231 0.105278 9.9991E-05 0.124261
0.61348 9.9991E-05 0.221133 0.0664274 0.0988596
0.707991 0.0666285 0.22518 9.9982E-05 9.9982E-05
0.912562 9.9982E-05 0.0499867 9.9982E-05 0.0372516
0.77025 0.0139331 0.156354 0.0202222 0.0392403
0.729712 9.9991E-05 0.237738 0.00115112 0.0312988
0.654827 0.0748463 0.244023 9.9991E-05 0.026204
0.68582 0.0458331 0.163778 9.9991E-05 0.104469
0.607678 0.0392888 0.263288 9.9991E-05 0.0896458
0.799362 0.0135301 0.186908 9.9982E-05 9.9982E-05
0.690561 0.0285733 0.167919 9.9991E-05 0.112847
0.675228 0.0833173 0.207785 9.9991E-05 0.0335699
0.581122 0.102276 0.203136 9.9991E-05 0.113367
0.834385 0.0224572 0.119138 9.9991E-05 0.0239199
0.653958 0.0345142 0.19562 9.9991E-05 0.115807
0.727794 0.104751 0.0695936 0.00486979 0.0929917
0.607403 0.103353 0.214616 9.9991E-05 0.0745283
0.716866 0.0014488 0.157265 0.0518174 0.0726036
0.69321 9.9991E-05 0.227642 0.0336191 0.0454293
0.588348 9.9991E-05 0.346352 0.00434924 0.0608508
0.689857 0.0131621 0.272369 9.9991E-05 0.0245113
0.716685 0.0519463 0.15905 9.9991E-05 0.0722193
0.531775 0.164419 0.247101 0.0118077 0.0448972
0.421194 0.133299 0.343885 9.9991E-05 0.101522
0.417514 0.145786 0.381314 9.9991E-05 0.055286
0.356645 0.12905 0.42283 9.9991E-05 0.0913752
0.363589 0.170989 0.420308 9.9991E-05 0.0450137
0.397626 0.160177 0.368297 9.9991E-05 0.0737991
0.50077 0.111149 0.344065 9.9991E-05 0.0439164
0.414827 0.224157 0.282656 0.0342112 0.044148
0.357102 0.19844 0.265749 0.0191511 0.159558
0.462621 0.0931285 0.313669 0.0264075 0.104173
0.488493 0.14347 0.367837 9.9982E-05 9.9982E-05
0.429202 0.126372 0.288468 0.0394598 0.116498
0.371697 0.11818 0.401981 0.000478284 0.107664
0.435421 0.174227 0.279308 0.0179508 0.0930926
0.538525 0.161749 0.208829 0.0122645 0.0786331
0.360756 0.210475 0.336864 0.00829116 0.0836135
9.997E-05 0.9996 9.997E-05 9.997E-05 9.997E-05
0.0125128 0.914645 9.9991E-05 0.00875003 0.0639924
0.0436337 0.891038 0.0633825 0.00184606 9.9991E-05
9.997E-05 0.9996 9.997E-05 9.997E-05 9.997E-05
9.997E-05 0.9996 9.997E-05 9.997E-05 9.997E-05
9.997E-05 0.9996 9.997E-05 9.997E-05 9.997E-05
9.997E-05 0.9996 9.997E-05 9.997E-05 9.997E-05
0.0855921 0.892299 9.9982E-05 9.9982E-05 0.0219085
9.997E-05 0.9996 9.997E-05 9.997E-05 9.997E-05
9.997E-05 0.9996 9.997E-05 9.997E-05 9.997E-05
0.23329 0.123798 0.564962 9.9991E-05 0.07785
0.0921315 0.888911 0.00346002 9.9991E-05 0.015398
9.997E-05 0.9996 9.997E-05 9.997E-05 9.997E-05
9.9973E-05 0.994162 9.9973E-05 0.00553853 9.9973E-05
0.175685 0.160799 0.639235 9.9991E-05 0.0241806
0.265006 0.12246 0.549486 9.9991E-05 0.062947
0.171208 0.168718 0.579436 9.9991E-05 0.0805381
0.23832 0.181166 0.52164 9.9991E-05 0.0587737
0.237513 0.163874 0.539436 9.9991E-05 0.059077
0.346925 0.0966941 0.488871 9.9991E-05 0.0674092
0.337719 0.175341 0.446426 9.9991E-05 0.040414
0.273165 0.152937 0.562347 9.9991E-05 0.0114506
0.215857 0.284427 0.413973 9.9991E-05 0.0856431
0.245381 0.233186 0.445399 9.9991E-05 0.075934
0.375985 0.138892 0.411661 9.9991E-05 0.0733612
0.268541 0.218799 0.466502 9.9991E-05 0.0460584
0.264611 0.0852959 0.529151 0.000551023 0.120392
0.313617 0.147094 0.47104 9.9991E-05 0.0681488
9.9973E-05 9.9973E-05 0.98807 9.9973E-05 0.0116299
9.9982E-05 0.029199 0.962353 9.9982E-05 0.00824773
9.997E-05 9.997E-05 0.9996 9.997E-05 9.997E-05
9.9973E-05 0.000643959 0.999056 9.9973E-05 9.9973E-05
9.9973E-05 9.9973E-05 0.989635 9.9973E-05 0.0100649
9.9982E-05 0.0248859 0.937104 9.9982E-05 0.0378104
9.9982E-05 0.00172728 0.970109 9.9982E-05 0.027964
0.0975429 0.0534368 0.839293 0.00962706 9.9991E-05
9.9973E-05 9.9973E-05 0.984571 9.9973E-05 0.0151294
9.9973E-05 9.9973E-05 0.970298 9.9973E-05 0.0294016
9.9982E-05 0.116948 0.861415 9.9982E-05 0.0214362
9.9982E-05 0.013605 0.977975 9.9982E-05 0.00821979
9.9982E-05 0.00820877 0.866076 9.9982E-05 0.125515
9.997E-05 9.997E-05 9.997E-05 9.997E-05 0.9996
0.270139 0.201574 0.421146 9.9991E-05 0.107041
9.997E-05 9.997E-05 9.997E-05 9.997E-05 0.9996
9.997E-05 9.997E-05 9.997E-05 9.997E-05 0.9996
9.9982E-05 0.0730942 9.9982E-05 0.0145721 0.912134
0.0836901 9.9982E-05 0.102464 9.9982E-05 0.813646
9.997E-05 9.997E-05 9.997E-05 9.997E-05 0.9996
0.0634169 9.9982E-05 0.0419542 9.9982E-05 0.894429
9.9973E-05 9.9973E-05 9.9973E-05 0.0151869 0.984513
0.000968087 9.9973E-05 9.9973E-05 9.9973E-05 0.998732
0.0537317 9.9973E-05 9.9973E-05 9.9973E-05 0.945968
9.997E-05 9.997E-05 9.997E-05 9.997E-05 0.9996
9.9982E-05 0.00028674 0.0140928 9.9982E-05 0.98542
0.0237803 0.0549386 0.130151 9.9991E-05 0.79103
0.000439112 9.9991E-05 0.0154343 0.00821981 0.975807
0.0373204 0.00597094 0.0388834 9.99964E-05 0.917725
9.9982E-05 9.9982E-05 0.107475 0.0286065 0.863719
0.0125819 0.00703514 0.0766603 0.0290757 0.874647
0.00309103 9.9982E-05 0.0166403 9.9982E-05 0.980069
0.184026 0.118237 0.568296 0.049091 0.08035
0.256097 0.0907717 0.528917 0.0306847 0.0935298
0.2114 0.143941 0.516901 0.04709 0.080668
0.214053 0.10173 0.55625 0.0456749 0.0822914
0.088419 0.149902 0.675844 0.0281025 0.0577327
9.9991E-05 0.187722 0.760173 0.000214006 0.0517911
0.0270329 0.17383 0.705852 0.0125618 0.0807232
9.9991E-05 0.184554 0.73194 0.0130858 0.0703197
0.00972664 0.177711 0.688308 0.0347641 0.0894899
0.0242608 0.224788 0.666586 0.0140699 0.0702956
0.0340062 0.188716 0.686898 0.0182976 0.0720821
0.198809 0.163054 0.544879 0.0505401 0.0427173
0.193778 0.161269 0.536894 0.0448479 0.0632122
9.9973E-05 9.9973E-05 0.97456 0.0251403 9.9973E-05
9.9973E-05 9.9973E-05 0.973158 0.0265424 9.9973E-05
9.9973E-05 9.9973E-05 0.987196 0.012504 9.9973E-05
9.9973E-05 9.9973E-05 0.960517 0.0391832 9.9973E-05
9.9973E-05 9.9973E-05 0.984571 0.0151287 9.9973E-05
9.9973E-05 9.9973E-05 0.927901 0.0717992 9.9973E-05
9.9973E-05 9.9973E-05 0.975014 0.0246862 9.9973E-05
9.9973E-05 9.9973E-05 0.993416 0.00628395 9.9973E-05
9.9973E-05 9.9973E-05 0.962028 0.0376725 9.9973E-05
9.9973E-05 9.9973E-05 0.975827 0.0238735 9.9973E-05
9.9973E-05 9.9973E-05 0.962817 0.0368829 9.9973E-05
9.9973E-05 9.9973E-05 0.962047 0.0376527 9.9973E-05
