0.9996 9.997E-05 9.997E-05 9.997E-05 9.997E-05
0.51958 0.28265 0.118655 0.0790151 9.99988E-05
0.537078 0.181668 0.214974 0.0661805 9.9991E-05
0.499186 0.483661 0.0169534 9.9982E-05 9.9982E-05
0.348659 0.640138 9.9982E-05 9.9982E-05 0.0110029
0.351831 0.604421 0.0357915 0.00699318 0.000963768
0.559042 0.413924 0.0268342 9.9982E-05 9.9982E-05
0.464411 0.422803 0.108204 0.00448109 9.9991E-05
0.450457 0.449499 0.0590837 0.00249542 0.0384642
0.9996 9.997E-05 9.997E-05 9.997E-05 9.997E-05
0.9996 9.997E-05 9.997E-05 9.997E-05 9.997E-05
0.9996 9.997E-05 9.997E-05 9.997E-05 9.997E-05
0.9996 9.997E-05 9.997E-05 9.997E-05 9.997E-05
0.990742 9.9973E-05 9.9973E-05 9.9973E-05 0.00895804
0.993224 9.9973E-05 0.00647632 9.9973E-05 9.9973E-05
0.332921 0.585718 0.0569636 9.9991E-05 0.0242974
0.360256 0.459359 0.0678433 0.0540468 0.0584952
0.45445 0.54525 9.9973E-05 9.9973E-05 9.9973E-05
0.219062 0.743366 9.9982E-05 9.9982E-05 0.0373729
0.187375 0.788785 9.9982E-05 9.9982E-05 0.0236399
0.307161 0.65486 9.9982E-05 9.9982E-05 0.0377798
0.18424 0.755563 0.0599967 9.9982E-05 9.9982E-05
0.257227 0.702093 0.0319617 9.9991E-05 0.00861776
0.276641 0.723059 9.9973E-05 9.9973E-05 9.9973E-05
0.251944 0.747756 9.9973E-05 9.9973E-05 9.9973E-05
0.168186 0.795127 9.9982E-05 9.9982E-05 0.0364875
0.178444 0.68334 0.0654875 9.9991E-05 0.0726287
0.254202 0.723326 0.022272 9.9982E-05 9.9982E-05
0.269814 0.700813 0.000399224 9.9991E-05 0.0288741
0.319288 0.652696 9.9982E-05 9.9982E-05 0.0278163
0.322886 0.641894 9.9982E-05 9.9982E-05 0.0350198
0.169866 0.788283 0.00206705 9.9991E-05 0.0396844
0.194324 0.764924 0.0330943 9.9991E-05 0.00755753
0.212493 0.725453 0.0618541 9.9982E-05 9.9982E-05
0.212375 0.767114 9.9982E-05 9.9982E-05 0.0203117
0.321205 0.678496 9.9973E-05 9.9973E-05 9.9973E-05
0.117432 0.879995 0.000988971 9.9991E-05 0.00148458
0.158583 0.748964 0.0014263 9.9991E-05 0.0909262
0.182508 0.669812 0.0484913 0.016273 0.0829154
0.162336 0.829942 9.9982E-05 9.9982E-05 0.00752158
0.0557461 0.845234 0.0808279 0.00860522 0.00958639
0.0783068 0.781498 0.114586 9.9991E-05 0.0255097
0.111313 0.774015 0.0981982 0.0163745 9.9991E-05
0.045176 0.893897 0.0538541 0.00697302 9.9991E-05
0.0383339 0.856327 0.0569683 9.9991E-05 0.0482713
0.0735865 0.899066 0.00932086 9.9991E-05 0.0179271
0.0685818 0.879114 0.0521045 9.9982E-05 9.9982E-05
0.0945345 0.824235 0.049117 9.9991E-05 0.0320139
0.104217 0.766017 0.0251371 9.9991E-05 0.10453
0.197613 0.771171 0.0187891 0.0123265 9.9991E-05
0.128376 0.756068 0.0516405 0.0207618 0.0431536
0.0845429 0.788788 0.0629891 9.9991E-05 0.0635797
0.0676279 0.821025 0.0384268 9.9991E-05 0.0728202
0.0801795 0.815127 0.0167399 0.0197116 0.0682423
0.133113 0.801504 9.9991E-05 0.0469434 0.0183398
0.0588556 0.860768 0.0801764 9.9982E-05 9.9982E-05
0.154883 0.684593 0.0891687 9.9991E-05 0.0712549
0.0664022 0.839766 9.9991E-05 0.0286366 0.0650953
0.0712205 0.807608 0.0818459 9.9991E-05 0.0392253
0.117771 0.77712 0.0225498 9.9991E-05 0.0824592
0.103913 0.830269 9.9982E-05 9.9982E-05 0.0656175
0.0470082 0.911149 9.9982E-05 0.0416424 9.9982E-05
0.0473775 0.783183 0.091737 0.0475664 0.030136
9.9991E-05 0.903322 0.0159913 0.00126426 0.0793225
0.0564113 0.907861 9.9982E-05 9.9982E-05 0.0355274
0.0466605 0.841294 0.0913416 9.9991E-05 0.0206044
9.999E-05 0.975078 0.010339 0.0143834 9.999E-05
0.0328781 0.838313 0.0576351 0.0348579 0.0363158
0.118442 0.820971 0.0314146 9.9991E-05 0.0290727
0.0229866 0.915056 0.0617576 9.9982E-05 9.9982E-05
0.101601 0.792711 0.0572295 0.0483587 9.9991E-05
0.0010751 0.907206 0.048735 0.0271364 0.0158479
0.140612 0.768537 0.0298375 9.9991E-05 0.0609133
0.0822449 0.806077 0.023648 9.9991E-05 0.0879302
0.0661207 0.879453 0.0327596 9.9991E-05 0.0215667
0.0205058 0.824365 9.9982E-05 9.9982E-05 0.154929
9.9991E-05 0.86569 0.104214 0.00532089 0.0246748
0.0158707 0.86462 0.00886731 0.110542 9.9991E-05
9.9991E-05 0.803817 0.0320422 0.0965897 0.0674509
9.9991E-05 0.822107 0.0038594 0.121539 0.0523947
0.00940281 0.836866 0.0535211 0.0493993 0.0508107
9.9991E-05 0.775109 0.0460406 0.13667 0.0420801
9.9991E-05 0.852135 0.0271918 0.0839123 0.0366611
0.0616938 0.795901 0.0288333 0.103273 0.0102995
0.0853693 0.601913 0.0579609 0.209663 0.0450936
0.0786831 0.656087 0.0892798 0.17585 9.9991E-05
0.0665167 0.70312 0.0769347 0.0579072 0.0955219
0.0184578 0.784954 9.9991E-05 0.134707 0.0617808
0.00650549 0.731102 0.032533 0.0963555 0.133504
0.0114491 0.628036 0.119015 0.130107 0.111392
0.0668423 0.662529 0.0751755 0.151053 0.0444001
0.0343116 0.794501 0.0733424 0.0977446 9.9991E-05
9.9991E-05 0.553839 0.0838289 0.165058 0.197174
9.997E-05 9.997E-05 9.997E-05 0.9996 9.997E-05
0.0649449 9.9973E-05 9.9973E-05 0.934755 9.9973E-05
0.0307286 0.0848923 9.9991E-05 0.883815 0.000464647
9.997E-05 9.997E-05 9.997E-05 0.9996 9.997E-05
9.997E-05 9.997E-05 9.997E-05 0.9996 9.997E-05
9.997E-05 9.997E-05 9.997E-05 0.9996 9.997E-05
9.997E-05 9.997E-05 9.997E-05 0.9996 9.997E-05
0.00381626 0.0476872 0.0258799 0.88903 0.0335865
9.997E-05 9.997E-05 9.997E-05 0.9996 9.997E-05
9.997E-05 9.997E-05 9.997E-05 0.9996 9.997E-05
9.9991E-05 0.756718 0.0627447 0.0881948 0.0922421
9.9982E-05 0.0775228 9.9982E-05 0.893342 0.0289354
9.997E-05 9.997E-05 9.997E-05 0.9996 9.997E-05
9.997E-05 9.997E-05 9.997E-05 0.9996 9.997E-05
9.9991E-05 0.766965 0.0017807 0.129575 0.101579
9.9991E-05 0.775384 0.0621454 0.110152 0.0522191
9.9991E-05 0.754391 0.03582 0.126303 0.0833856
9.9991E-05 0.784744 0.0339886 0.134848 0.0463195
9.9991E-05 0.809445 0.00191452 0.145894 0.0426458
9.9982E-05 0.891143 9.9982E-05 0.0628166 0.0458407
9.9991E-05 0.802031 0.0444871 0.144289 0.0090932
9.9982E-05 0.805778 9.9982E-05 0.132348 0.0616743
9.9991E-05 0.67742 0.0468808 0.252163 0.023436
9.9991E-05 0.681919 0.0588598 0.22383 0.0352917
9.9991E-05 0.775239 0.0567388 0.102075 0.0658472
9.9991E-05 0.700441 0.0170342 0.219612 0.0628127
9.9991E-05 0.828606 0.0751294 0.0553069 0.0408577
9.9991E-05 0.778706 0.0458351 0.11789 0.0574696
9.9973E-05 0.988487 9.9973E-05 0.0112126 9.9973E-05
9.9982E-05 0.930637 9.9982E-05 0.0428567 0.0263063
9.997E-05 0.9996 9.997E-05 9.997E-05 9.997E-05
9.997E-05 0.9996 9.997E-05 9.997E-05 9.997E-05
9.9973E-05 0.998616 9.9973E-05 0.00108397 9.9973E-05
9.9973E-05 0.991452 9.9973E-05 0.00824781 9.9973E-05
9.997E-05 0.9996 9.997E-05 9.997E-05 9.997E-05
9.9982E-05 0.95346 9.9982E-05 0.0215358 0.0248045
9.997E-05 0.9996 9.997E-05 9.997E-05 9.997E-05
9.9973E-05 0.976926 9.9973E-05 0.0227745 9.9973E-05
9.9973E-05 0.951242 9.9973E-05 0.048458 9.9973E-05
9.997E-05 0.9996 9.997E-05 9.997E-05 9.997E-05
9.9991E-05 0.846179 0.0440618 0.062456 0.0472032
9.997E-05 9.997E-05 0.9996 9.997E-05 9.997E-05
9.9991E-05 0.712379 0.0824321 0.176097 0.0289927
9.997E-05 9.997E-05 0.9996 9.997E-05 9.997E-05
9.997E-05 9.997E-05 0.9996 9.997E-05 9.997E-05
0.0188473 9.9991E-05 0.954861 0.01544 0.0107514
0.00284565 0.145144 0.816356 0.0289486 0.00670546
9.997E-05 9.997E-05 0.9996 9.997E-05 9.997E-05
9.9982E-05 0.137978 0.861439 0.000383035 9.9982E-05
0.00485054 9.9982E-05 0.98933 0.00561929 9.9982E-05
9.9973E-05 0.0158834 0.983817 9.9973E-05 9.9973E-05
0.00486612 9.9982E-05 0.994202 9.9982E-05 0.000731974
9.9991E-05 0.00520088 0.963997 0.0175701 0.0131318
9.9982E-05 0.0148366 0.975298 9.9982E-05 0.00966578
9.9991E-05 0.0703994 0.817159 0.0613019 0.0510396
0.0222129 0.0375987 0.939989 9.9982E-05 9.9982E-05
0.0194476 0.0770165 0.857762 0.0305403 0.0152336
9.9991E-05 0.00672459 0.93704 0.0172298 0.0389052
0.0258285 0.0312698 0.895563 9.9991E-05 0.0472388
9.9982E-05 0.0183891 0.95635 0.0250613 9.9982E-05
0.0262558 0.426099 0.059758 0.130203 0.357685
0.0440238 0.470297 0.0559231 0.136001 0.293755
0.0421169 0.369824 0.0696825 0.130951 0.387425
0.0629711 0.420841 0.0654652 0.113299 0.337424
9.9991E-05 0.503078 0.0620216 0.19547 0.23933
9.9991E-05 0.262123 0.0750077 0.276018 0.386751
9.9991E-05 0.406435 0.0632576 0.216103 0.314104
9.9991E-05 0.293407 0.100153 0.254059 0.352281
9.9991E-05 0.390135 0.0807132 0.225369 0.303682
9.9991E-05 0.387911 0.0639 0.235521 0.312567
9.9991E-05 0.47947 0.0288934 0.206883 0.284654
0.0422223 0.478726 0.0868124 0.11442 0.277819
9.9991E-05 0.450467 0.0628454 0.197093 0.289495
0.00767483 0.0313528 9.9982E-05 9.9982E-05 0.960772
9.997E-05 9.997E-05 9.997E-05 9.997E-05 0.9996
9.997E-05 9.997E-05 9.997E-05 9.997E-05 0.9996
9.997E-05 9.997E-05 9.997E-05 9.997E-05 0.9996
9.997E-05 9.997E-05 9.997E-05 9.997E-05 0.9996
0.0247767 0.0693898 0.00622313 9.9991E-05 0.89951
9.997E-05 9.997E-05 9.997E-05 9.997E-05 0.9996
9.997E-05 9.997E-05 9.997E-05 9.997E-05 0.9996
9.997E-05 9.997E-05 9.997E-05 9.997E-05 0.9996
9.997E-05 9.997E-05 9.997E-05 9.997E-05 0.9996
9.997E-05 9.997E-05 9.997E-05 9.997E-05 0.9996
9.997E-05 9.997E-05 9.997E-05 9.997E-05 0.9996
