9.993E-05 9.993E-05 9.993E-05 9.993E-05 9.993E-05 9.993E-05 9.993E-05 0.999201 9.993E-05
9.9964E-05 0.0750371 0.0849699 0.547242 9.9964E-05 0.0149308 9.9964E-05 0.27742 9.9964E-05
9.9955E-05 0.0950307 0.0807284 0.576401 9.9955E-05 9.9955E-05 9.9955E-05 0.247341 9.9955E-05
9.99461E-05 9.99461E-05 9.99461E-05 0.683678 9.99461E-05 9.99461E-05 0.115184 0.200538 9.99461E-05
9.9964E-05 9.9964E-05 9.9964E-05 0.674614 0.0566554 0.061662 0.111974 0.0946953 9.9964E-05
0.00612541 0.0645925 9.9973E-05 0.62164 0.027199 9.9973E-05 0.114981 0.165162 9.9973E-05
9.9946E-05 9.9946E-05 9.9946E-05 0.725478 9.9946E-05 9.9946E-05 0.0154548 0.258468 9.9946E-05
9.9982E-05 0.0945862 0.013872 0.459682 0.00433069 9.9982E-05 0.102805 0.30838 0.0161432
9.9982E-05 0.0506749 0.0349816 0.641644 9.9982E-05 0.0357431 0.0558242 0.174601 0.00633163
9.993E-05 9.993E-05 9.993E-05 9.993E-05 9.993E-05 9.993E-05 9.993E-05 0.999201 9.993E-05
9.993E-05 9.993E-05 9.993E-05 9.993E-05 9.993E-05 9.993E-05 9.993E-05 0.999201 9.993E-05
9.993E-05 9.993E-05 9.993E-05 9.993E-05 9.993E-05 9.993E-05 9.993E-05 0.999201 9.993E-05
9.9937E-05 9.9937E-05 0.0112769 9.9937E-05 9.9937E-05 9.9937E-05 9.9937E-05 0.988024 9.9937E-05
9.9964E-05 0.00237976 9.9964E-05 0.0142411 0.0510006 9.9964E-05 9.9964E-05 0.928368 0.00361049
9.9946E-05 9.9946E-05 9.9946E-05 9.9946E-05 9.9946E-05 9.9946E-05 0.0291156 0.959845 0.0104396
9.9973E-05 0.0617776 0.0313108 0.433539 9.9973E-05 9.9973E-05 0.290381 0.135088 0.047604
9.999E-05 0.0492792 0.00554245 0.346821 0.0893185 0.0476885 0.154871 0.20948 0.0968995
0.0284081 0.0151924 9.9964E-05 0.700077 9.9964E-05 9.9964E-05 0.0511246 0.204798 9.9964E-05
9.9955E-05 9.9955E-05 0.0108535 0.905833 0.0514788 0.0313351 9.9955E-05 9.9955E-05 9.9955E-05
9.9946E-05 9.9946E-05 9.9946E-05 0.945446 0.0240858 9.9946E-05 9.9946E-05 9.9946E-05 0.0298689
0.0754266 9.9955E-05 9.9955E-05 0.861127 9.9955E-05 0.0230832 9.9955E-05 0.0398636 9.9955E-05
0.0037405 0.0649092 0.0301233 0.808494 0.0538953 9.9982E-05 0.0300345 9.9982E-05 0.00860323
0.0118966 9.9955E-05 9.9955E-05 0.8664 0.093447 0.0277562 9.9955E-05 9.9955E-05 9.9955E-05
9.9955E-05 0.0265025 9.9955E-05 0.942931 0.00673686 9.9955E-05 9.9955E-05 9.9955E-05 0.0233297
0.0387241 9.9964E-05 9.9964E-05 0.887786 9.9964E-05 0.0201158 0.00841333 9.9964E-05 0.044561
0.109972 9.9964E-05 9.9964E-05 0.660326 9.9964E-05 0.0643369 0.0871916 9.9964E-05 0.0777731
0.0525894 0.0876391 0.0038509 0.674516 0.029975 0.0963877 0.0548421 9.9982E-05 9.9982E-05
9.9955E-05 0.0416493 9.9955E-05 0.916253 9.9955E-05 9.9955E-05 0.0370546 9.9955E-05 0.0045435
0.0587672 9.9982E-05 9.9982E-05 0.747962 0.0229399 0.0372101 0.0634974 0.0310668 0.0383571
0.0502072 9.9946E-05 9.9946E-05 0.901391 9.9946E-05 9.9946E-05 9.9946E-05 0.0478017 9.9946E-05
0.00762437 9.9973E-05 0.00145397 0.929566 0.0379639 9.9973E-05 9.9973E-05 0.0218775 0.00121443
9.9973E-05 0.0129921 0.0184869 0.758267 9.9973E-05 0.0782221 0.0765308 9.9973E-05 0.0552008
0.137793 0.0271034 9.9964E-05 0.777449 0.0149328 0.0423223 9.9964E-05 9.9964E-05 9.9964E-05
0.129562 0.0352963 9.9973E-05 0.662137 9.9973E-05 9.9973E-05 0.0216494 0.0418456 0.109209
0.020998 0.0501354 9.9973E-05 0.774903 0.133455 0.00821548 9.9973E-05 9.9973E-05 0.0119931
0.0302576 9.9964E-05 9.9964E-05 0.91716 9.9964E-05 0.00352521 0.0125123 0.0361449 9.9964E-05
0.160656 9.9955E-05 9.9955E-05 0.474042 0.0084716 9.9955E-05 0.356331 9.9955E-05 9.9955E-05
0.244514 0.0024304 9.9973E-05 0.536332 0.0544348 0.0415554 0.120434 9.9973E-05 9.9973E-05
0.213277 0.0386905 0.0546086 0.551185 9.9973E-05 0.0716986 0.07024 9.9973E-05 9.9973E-05
0.329926 9.9964E-05 9.9964E-05 0.558331 0.029226 0.0259094 0.0562077 9.9964E-05 9.9964E-05
0.0571993 0.017052 0.0756809 0.0542356 9.9982E-05 0.0243948 0.71594 9.9982E-05 0.0552974
0.0411569 0.00521476 0.0472056 0.059931 9.9982E-05 0.1024 0.694263 9.9982E-05 0.0496284
9.9973E-05 0.0457118 0.0715628 0.212131 9.9973E-05 9.9973E-05 0.529669 0.0362638 0.104362
0.038781 0.0259234 0.0460981 0.0538236 9.9982E-05 0.0208939 0.759735 9.9982E-05 0.0545449
0.140234 0.071766 9.9973E-05 0.206802 9.9973E-05 0.0903093 0.457679 9.9973E-05 0.0329093
9.993E-05 9.993E-05 9.993E-05 9.993E-05 9.993E-05 9.993E-05 0.999201 9.993E-05 9.993E-05
9.993E-05 9.993E-05 9.993E-05 9.993E-05 9.993E-05 9.993E-05 0.999201 9.993E-05 9.993E-05
0.0117095 0.0368802 0.00945073 0.423988 0.0376467 0.0424927 0.393233 9.9991E-05 0.0444993
0.00499192 0.0934935 9.9991E-05 0.136636 0.0156403 0.0821774 0.540758 0.0378949 0.0883077
9.9973E-05 0.0360779 0.0551553 0.405402 9.9973E-05 9.9973E-05 0.348687 0.0859314 0.0684467
0.178083 0.0463779 9.9973E-05 0.216182 9.9973E-05 0.0575351 0.473348 0.0281737 9.9973E-05
0.041158 0.0629297 9.9982E-05 0.150529 0.0457366 0.0217374 0.654189 9.9982E-05 0.0235198
9.9946E-05 0.00463691 9.9946E-05 9.9946E-05 9.9946E-05 0.0385285 0.956235 9.9946E-05 9.9946E-05
0.268513 9.9991E-05 0.0226835 0.19034 0.0630017 0.0355458 0.36814 0.0363318 0.0153438
0.280813 9.9991E-05 0.0176613 0.134902 0.0576236 0.0464 0.350482 0.0650528 0.0469641
0.00964098 0.0914929 0.0319689 0.129869 9.9982E-05 0.0373178 0.598354 9.9982E-05 0.101157
0.207579 0.0556579 9.9982E-05 0.241568 9.9982E-05 0.101463 0.295546 0.0469626 0.0510239
0.180469 9.9973E-05 0.0255116 0.220056 0.00936697 0.0996903 0.464607 9.9973E-05 9.9973E-05
9.993E-05 9.993E-05 9.993E-05 9.993E-05 9.993E-05 9.993E-05 0.999201 9.993E-05 9.993E-05
0.162215 0.0167317 9.9982E-05 0.222924 0.00170565 0.116123 0.432633 0.0474678 9.9982E-05
9.9964E-05 9.9964E-05 9.9964E-05 0.144379 0.0211256 0.0866276 0.658415 9.9964E-05 0.0890521
0.129743 9.9991E-05 0.0261623 0.0995949 0.0146495 0.00256529 0.656385 0.0154469 0.0553524
0.160778 0.0233654 0.058856 0.0706176 0.0236737 0.0438021 0.618707 9.9982E-05 9.9982E-05
9.9973E-05 0.0659936 0.026869 9.9973E-05 0.0368825 9.9973E-05 0.824319 0.0135998 0.032036
0.0832329 9.9973E-05 9.9973E-05 0.128819 9.9973E-05 0.0265569 0.689885 0.0118095 0.0593964
9.9964E-05 0.0329901 0.00957383 9.9964E-05 0.0631598 9.9964E-05 0.88845 9.9964E-05 0.00542665
0.24719 9.9955E-05 0.0302961 9.9955E-05 9.9955E-05 9.9955E-05 0.697368 9.9955E-05 0.024646
9.9964E-05 9.9964E-05 0.00951546 9.9964E-05 0.130222 9.9964E-05 0.785977 0.00823323 0.0656523
0.111293 0.0242398 0.0150196 0.296067 9.9982E-05 0.0543899 0.464519 9.9982E-05 0.0342718
9.9955E-05 0.0380992 9.9955E-05 9.9955E-05 0.0393277 9.9955E-05 0.883526 9.9955E-05 0.0385477
0.0833708 0.0591507 0.0527601 0.104122 9.9982E-05 9.9982E-05 0.634541 0.0239185 0.0419364
0.270496 0.0316117 9.9973E-05 0.0236826 0.0834214 9.9973E-05 0.563645 9.9973E-05 0.0268432
0.0481974 0.00882368 9.9964E-05 9.9964E-05 0.0354183 9.9964E-05 0.840429 0.0667312 9.9964E-05
0.064498 0.0154425 9.9964E-05 9.9964E-05 9.9964E-05 0.0752955 0.802662 0.0417025 9.9964E-05
0.370908 9.9973E-05 9.9973E-05 9.9973E-05 0.0131429 0.00992279 0.517286 0.0190897 0.0693502
0.16598 9.9955E-05 9.9955E-05 9.9955E-05 0.0349913 0.0769476 0.721581 9.9955E-05 9.9955E-05
0.176404 0.0166089 0.0141436 9.9964E-05 0.000583761 9.9964E-05 0.79186 9.9964E-05 9.9964E-05
0.178419 0.0339255 0.0902802 0.0249308 0.129141 9.9982E-05 0.534157 0.00894635 9.9982E-05
0.940907 0.00378843 9.9964E-05 9.9964E-05 0.0224655 9.9964E-05 0.0136217 0.0188172 9.9964E-05
0.991284 9.9937E-05 9.9937E-05 9.9937E-05 9.9937E-05 9.9937E-05 0.00801648 9.9937E-05 9.9937E-05
0.978822 0.00527893 9.9946E-05 9.9946E-05 9.9946E-05 9.9946E-05 0.0152992 9.9946E-05 9.9946E-05
0.999201 9.993E-05 9.993E-05 9.993E-05 9.993E-05 9.993E-05 9.993E-05 9.993E-05 9.993E-05
0.989276 9.99371E-05 9.99371E-05 9.99371E-05 9.99371E-05 9.99371E-05 0.0100245 9.99371E-05 9.99371E-05
0.525017 9.9982E-05 0.036342 0.232394 0.0107196 0.0544589 0.0767531 9.9982E-05 0.0641155
0.46255 0.0146321 0.169124 0.039402 0.0217332 0.00595703 0.219362 0.00400635 0.0632334
0.501086 0.0982173 0.0984428 0.047186 9.9991E-05 0.00105556 0.208968 0.0254761 0.0194678
0.42737 0.055517 0.0182625 0.17114 0.00222374 0.0587079 0.147009 0.0435994 0.0761708
0.467547 9.9973E-05 0.0587787 0.120399 9.9973E-05 0.0925323 0.184775 9.9973E-05 0.0756681
0.510873 0.0187102 0.117888 0.018527 0.0321151 0.0295412 0.24529 9.9991E-05 0.0269548
0.327995 0.080104 0.0623449 0.0684019 9.9991E-05 0.118127 0.190365 0.00123793 0.151324
0.173313 0.0410894 0.0923917 0.0267804 0.208719 9.9991E-05 0.37182 0.0326387 0.0531477
0.287058 0.0436004 0.0304291 9.9982E-05 0.154678 9.9982E-05 0.389198 0.0318175 0.063019
0.303277 0.0855412 0.17491 0.00112905 9.9991E-05 0.170799 0.203672 0.0177548 0.0428172
9.9955E-05 0.00100638 0.991897 9.9955E-05 0.00182629 9.9955E-05 9.9955E-05 9.9955E-05 0.00477056
0.0533396 9.9964E-05 0.904441 9.9964E-05 9.9964E-05 9.9964E-05 0.00382545 0.0347318 0.00326228
9.9973E-05 0.0503185 0.847779 0.0225708 0.046444 9.9973E-05 0.026052 0.00653568 9.9973E-05
9.993E-05 9.993E-05 0.999201 9.993E-05 9.993E-05 9.993E-05 9.993E-05 9.993E-05 9.993E-05
9.993E-05 9.993E-05 0.999201 9.993E-05 9.993E-05 9.993E-05 9.993E-05 9.993E-05 9.993E-05
9.993E-05 9.993E-05 0.999201 9.993E-05 9.993E-05 9.993E-05 9.993E-05 9.993E-05 9.993E-05
9.993E-05 9.993E-05 0.999201 9.993E-05 9.993E-05 9.993E-05 9.993E-05 9.993E-05 9.993E-05
9.9964E-05 0.00759367 0.927841 0.0508803 9.9964E-05 0.00972791 0.00355759 9.9964E-05 9.9964E-05
9.99371E-05 9.99371E-05 0.991811 9.99371E-05 9.99371E-05 0.00748952 9.99371E-05 9.99371E-05 9.99371E-05
9.993E-05 9.993E-05 0.999201 9.993E-05 9.993E-05 9.993E-05 9.993E-05 9.993E-05 9.993E-05
0.380851 0.0783446 0.0547823 0.0853178 0.0525978 0.0723437 0.0108417 0.00579447 0.259127
9.9955E-05 9.9955E-05 0.872896 9.9955E-05 0.0286551 0.0375694 0.0603799 9.9955E-05 9.9955E-05
9.9946E-05 0.0132945 0.977021 9.9946E-05 9.9946E-05 0.00908461 9.9946E-05 9.9946E-05 9.9946E-05
0.00329968 9.9964E-05 0.918805 9.9964E-05 0.0128401 0.0371139 0.0275416 9.9964E-05 9.9964E-05
0.98549 0.00605025 9.9946E-05 9.9946E-05 9.9946E-05 9.9946E-05 9.9946E-05 9.9946E-05 0.0078599
0.999201 9.993E-05 9.993E-05 9.993E-05 9.993E-05 9.993E-05 9.993E-05 9.993E-05 9.993E-05
0.999201 9.993E-05 9.993E-05 9.993E-05 9.993E-05 9.993E-05 9.993E-05 9.993E-05 9.993E-05
0.986122 9.9937E-05 9.9937E-05 9.9937E-05 9.9937E-05 9.9937E-05 9.9937E-05 9.9937E-05 0.0131788
0.859102 0.002264 0.00852128 9.9973E-05 0.0232773 0.00471615 9.9973E-05 9.9973E-05 0.101819
0.77511 9.9964E-05 9.9964E-05 0.0945768 0.0667064 0.0250083 9.9964E-05 9.9964E-05 0.0381982
0.803912 9.9964E-05 0.0857085 0.0632687 0.0417994 0.00491151 9.9964E-05 9.9964E-05 9.9964E-05
0.835136 9.9973E-05 0.00771408 9.9973E-05 0.0418884 0.0137853 0.00645403 9.9973E-05 0.0947222
0.892813 0.0189879 0.0543398 9.9955E-05 0.0333593 9.9955E-05 9.9955E-05 9.9955E-05 9.9955E-05
0.895471 0.0129826 0.0300545 9.9955E-05 0.0609916 9.9955E-05 9.9955E-05 9.9955E-05 9.9955E-05
0.769849 0.0248228 0.0104564 0.0747891 0.0294627 0.0537112 9.9982E-05 9.9982E-05 0.036709
0.812335 9.9964E-05 0.0632677 0.0144927 0.0906817 0.0188228 9.9964E-05 9.9964E-05 9.9964E-05
0.744578 0.0459666 9.9982E-05 9.9982E-05 0.0418619 0.0385154 0.0492137 0.0148797 0.0647851
0.708235 0.0361758 0.0472282 0.028536 0.00330743 0.0367273 0.0199332 9.9991E-05 0.119758
0.0257274 0.0230757 9.9964E-05 0.0017683 0.0237939 9.9964E-05 9.9964E-05 9.9964E-05 0.925235
9.9973E-05 9.9973E-05 0.0538186 0.0366575 0.0292652 0.0184833 9.9973E-05 0.00398405 0.857491
9.993E-05 9.993E-05 9.993E-05 9.993E-05 9.993E-05 9.993E-05 9.993E-05 9.993E-05 0.999201
9.9937E-05 9.9937E-05 9.9937E-05 9.9937E-05 9.9937E-05 0.00252952 9.9937E-05 9.9937E-05 0.996771
9.993E-05 9.993E-05 9.993E-05 9.993E-05 9.993E-05 9.993E-05 9.993E-05 9.993E-05 0.999201
0.00829245 9.9946E-05 9.9946E-05 0.00433539 9.9946E-05 9.9946E-05 9.9946E-05 9.9946E-05 0.986772
9.9946E-05 9.9946E-05 9.9946E-05 0.00387246 9.9946E-05 9.9946E-05 0.0020487 9.9946E-05 0.993479
9.9964E-05 9.9964E-05 9.9964E-05 9.9964E-05 0.124945 0.00793098 0.0552446 0.0530198 0.75846
9.9946E-05 0.00988998 9.9946E-05 9.9946E-05 9.9946E-05 0.0198774 9.9946E-05 9.9946E-05 0.969633
9.993E-05 9.993E-05 9.993E-05 9.993E-05 9.993E-05 9.993E-05 9.993E-05 9.993E-05 0.999201
9.9955E-05 9.9955E-05 0.0449582 9.9955E-05 0.0756971 9.9955E-05 9.9955E-05 0.0310173 0.847828
0.0131337 9.9946E-05 0.00358952 9.9946E-05 9.9946E-05 9.9946E-05 9.9946E-05 9.9946E-05 0.982677
0.0400236 0.0944189 9.9973E-05 9.9973E-05 0.0352961 9.9973E-05 0.0453039 0.0228251 0.761832
9.993E-05 0.999201 9.993E-05 9.993E-05 9.993E-05 9.993E-05 9.993E-05 9.993E-05 9.993E-05
0.564199 0.0616381 0.0961694 9.9982E-05 0.0713941 0.0430387 0.0731045 9.9982E-05 0.0902559
9.993E-05 0.999201 9.993E-05 9.993E-05 9.993E-05 9.993E-05 9.993E-05 9.993E-05 9.993E-05
9.993E-05 0.999201 9.993E-05 9.993E-05 9.993E-05 9.993E-05 9.993E-05 9.993E-05 9.993E-05
9.99461E-05 0.942007 9.99461E-05 9.99461E-05 0.0390641 9.99461E-05 9.99461E-05 0.0183297 9.99461E-05
0.0471199 0.801238 9.9973E-05 0.0423651 9.9973E-05 9.9973E-05 0.0821888 0.00962292 0.0171651
9.993E-05 0.999201 9.993E-05 9.993E-05 9.993E-05 9.993E-05 9.993E-05 9.993E-05 9.993E-05
0.0642375 0.849019 9.9964E-05 0.0105716 0.0358112 9.9964E-05 0.039961 9.9964E-05 9.9964E-05
9.9955E-05 0.969585 0.0133285 0.00226171 0.0143254 9.9955E-05 9.9955E-05 9.9955E-05 9.9955E-05
0.00482491 0.922856 9.9973E-05 0.0177357 9.9973E-05 0.0121423 0.0102431 9.9973E-05 0.0318983
9.993E-05 0.999201 9.993E-05 9.993E-05 9.993E-05 9.993E-05 9.993E-05 9.993E-05 9.993E-05
9.9955E-05 0.942617 9.9955E-05 9.9955E-05 9.9955E-05 0.0163185 0.0352963 0.00526807 9.9955E-05
0.0423161 0.936186 9.9955E-05 9.9955E-05 9.9955E-05 0.0181774 9.9955E-05 0.00282121 9.9955E-05
0.0290157 0.795205 0.0391862 9.9973E-05 0.0354438 0.0501163 9.9973E-05 9.9973E-05 0.0507333
0.0165599 0.914871 9.9982E-05 9.9982E-05 0.0239981 0.00199306 0.0169541 0.0208024 0.00462149
0.0190911 0.892679 0.0141207 9.9973E-05 0.0186656 0.00796807 0.0471758 9.9973E-05 9.9973E-05
9.9964E-05 0.855951 9.9964E-05 9.9964E-05 0.0468267 0.0396787 0.0369036 9.9964E-05 0.0202403
0.00594044 0.861858 9.9982E-05 0.0094844 9.9982E-05 0.0599442 0.0438577 0.00731407 0.0114013
0.020825 0.971624 9.9946E-05 9.9946E-05 9.9946E-05 9.9946E-05 9.9946E-05 9.9946E-05 0.00695179
0.326186 0.0585397 0.0352544 9.9991E-05 0.110878 0.269648 0.156731 0.0335693 0.00909401
0.279003 0.0160572 0.0367748 0.0332968 0.120717 0.265291 0.201573 0.029734 0.0175537
0.205321 0.0675047 0.0791734 9.9991E-05 0.131224 0.28553 0.180124 0.0467352 0.00428871
0.233023 0.0765449 0.0738702 9.9982E-05 0.10865 0.266341 0.2127 0.0286715 9.9982E-05
9.9973E-05 9.9973E-05 0.0117537 0.0101865 0.931793 0.0159304 9.9973E-05 0.00325829 0.026778
9.993E-05 9.993E-05 9.993E-05 9.993E-05 0.999201 9.993E-05 9.993E-05 9.993E-05 9.993E-05
9.9937E-05 9.9937E-05 9.9937E-05 9.9937E-05 0.968302 9.9937E-05 9.9937E-05 9.9937E-05 0.0309983
9.993E-05 9.993E-05 9.993E-05 9.993E-05 0.999201 9.993E-05 9.993E-05 9.993E-05 9.993E-05
9.9946E-05 0.0261305 9.9946E-05 9.9946E-05 0.965413 0.00785728 9.9946E-05 9.9946E-05 9.9946E-05
0.0271951 9.9955E-05 0.00917818 9.9955E-05 0.94776 0.015367 9.9955E-05 9.9955E-05 9.9955E-05
0.0300295 9.9946E-05 0.0147162 9.9946E-05 0.954655 9.9946E-05 9.9946E-05 9.9946E-05 9.9946E-05
0.12159 0.0169774 9.9991E-05 0.038323 0.764309 0.00434586 0.0271418 0.0180377 0.009175
0.0612429 0.00247021 9.9973E-05 0.107181 0.763379 9.9973E-05 0.0631092 9.9973E-05 0.00231811
0.00324976 9.9946E-05 9.9946E-05 9.9946E-05 9.9946E-05 0.990009 0.00614204 9.9946E-05 9.9946E-05
9.993E-05 9.993E-05 9.993E-05 9.993E-05 9.993E-05 0.999201 9.993E-05 9.993E-05 9.993E-05
9.99468E-05 9.99468E-05 9.99468E-05 9.99468E-05 9.99468E-05 0.97686 0.0116331 9.99468E-05 0.0109071
9.993E-05 9.993E-05 9.993E-05 9.993E-05 9.993E-05 0.999201 9.993E-05 9.993E-05 9.993E-05
9.993E-05 9.993E-05 9.993E-05 9.993E-05 9.993E-05 0.999201 9.993E-05 9.993E-05 9.993E-05
0.0528819 9.9964E-05 9.9964E-05 0.0187044 0.0246821 0.879457 9.9964E-05 0.0238744 9.9964E-05
9.993E-05 9.993E-05 9.993E-05 9.993E-05 9.993E-05 0.999201 9.993E-05 9.993E-05 9.993E-05
9.993E-05 9.993E-05 9.993E-05 9.993E-05 9.993E-05 0.999201 9.993E-05 9.993E-05 9.993E-05
9.993E-05 9.993E-05 9.993E-05 9.993E-05 9.993E-05 0.999201 9.993E-05 9.993E-05 9.993E-05
9.9964E-05 9.9964E-05 0.0154259 9.9964E-05 9.9964E-05 0.925371 0.0275747 0.00313543 0.0280931
9.99371E-05 9.99371E-05 9.99371E-05 9.99371E-05 0.00100391 0.998297 9.99371E-05 9.99371E-05 9.99371E-05
9.9955E-05 9.9955E-05 0.0200971 9.9955E-05 0.00199825 0.965997 9.9955E-05 9.9955E-05 0.011408
