0.999201 9.993E-05 9.993E-05 9.993E-05 9.993E-05 9.993E-05 9.993E-05 9.993E-05 9.993E-05
0.243865 9.9955E-05 9.9955E-05 9.9955E-05 9.9955E-05 0.621155 0.0709812 9.9955E-05 0.0634997
0.210449 9.9955E-05 9.9955E-05 9.9955E-05 9.9955E-05 0.604583 0.0817336 9.9955E-05 0.102735
0.213912 9.99551E-05 9.99551E-05 9.99551E-05 9.99551E-05 0.643728 9.99551E-05 0.128729 0.0131315
0.11191 0.0197951 0.0500289 9.9973E-05 0.0753818 0.676684 9.9973E-05 0.0659 9.9973E-05
0.129232 9.9973E-05 9.9973E-05 0.0355861 9.9973E-05 0.624234 0.00715885 0.162802 0.0406866
0.244385 9.9946E-05 9.9946E-05 9.9946E-05 9.9946E-05 0.709485 9.9946E-05 0.0455297 9.9946E-05
0.281969 9.9973E-05 9.9973E-05 9.9973E-05 0.0190212 0.492325 0.0190353 0.109477 0.077873
0.178618 0.0222288 9.9973E-05 9.9973E-05 9.9973E-05 0.67007 0.0249955 0.0325157 0.0712722
0.999201 9.993E-05 9.993E-05 9.993E-05 9.993E-05 9.993E-05 9.993E-05 9.993E-05 9.993E-05
0.999201 9.993E-05 9.993E-05 9.993E-05 9.993E-05 9.993E-05 9.993E-05 9.993E-05 9.993E-05
0.999201 9.993E-05 9.993E-05 9.993E-05 9.993E-05 9.993E-05 9.993E-05 9.993E-05 9.993E-05
0.982273 9.9937E-05 9.9937E-05 9.9937E-05 9.9937E-05 9.9937E-05 0.017027 9.9937E-05 9.9937E-05
0.91239 0.0130724 0.0408274 9.9964E-05 9.9964E-05 0.0313095 9.9964E-05 0.00200107 9.9964E-05
0.922809 9.9964E-05 0.00964133 9.9964E-05 0.040227 9.9964E-05 0.00414489 0.022778 9.9964E-05
0.183798 0.0461705 9.9973E-05 9.9973E-05 0.0296435 0.526667 9.9973E-05 0.20345 0.00997075
0.235182 0.0440333 0.0710414 0.0262527 9.9991E-05 0.441223 0.0445311 0.0878419 0.0497949
0.203154 9.9964E-05 9.9964E-05 0.0334421 9.9964E-05 0.697869 9.9964E-05 0.0526495 0.0124854
9.9955E-05 0.0352871 0.0578695 9.9955E-05 9.9955E-05 0.850286 9.9955E-05 0.0560578 9.9955E-05
9.99371E-05 9.99371E-05 0.0723811 9.99371E-05 9.99371E-05 0.926919 9.99371E-05 9.99371E-05 9.99371E-05
0.0241274 0.0202442 9.9955E-05 0.0507755 9.9955E-05 0.904353 9.9955E-05 9.9955E-05 9.9955E-05
9.9964E-05 9.9964E-05 0.07905 9.9964E-05 0.0460762 0.814557 9.9964E-05 0.00565258 0.0542647
9.9946E-05 9.9946E-05 0.136339 9.9946E-05 9.9946E-05 0.851054 9.9946E-05 9.9946E-05 0.0120079
0.0267184 9.9964E-05 0.0447637 9.9964E-05 0.0346539 0.88521 9.9964E-05 9.9964E-05 0.00825438
0.00316366 0.0036135 9.9955E-05 9.9955E-05 9.9955E-05 0.880289 9.9955E-05 0.112435 9.9955E-05
9.9973E-05 0.0372655 9.9973E-05 0.166366 0.0634531 0.64984 9.9973E-05 0.0737349 0.00904077
9.9973E-05 0.135748 0.0234449 0.0454625 9.9973E-05 0.733223 9.9973E-05 0.00947188 0.0523494
9.99371E-05 9.99371E-05 9.99371E-05 9.99371E-05 0.0198324 0.979468 9.99371E-05 9.99371E-05 9.99371E-05
0.0290088 0.0266049 0.0118707 0.106932 0.0372133 0.734192 9.9991E-05 0.052016 0.00206284
0.0248878 9.9946E-05 9.9946E-05 0.0296235 9.9946E-05 0.944889 9.9946E-05 9.9946E-05 9.9946E-05
0.0310801 9.9955E-05 0.053396 9.9955E-05 9.9955E-05 0.902328 0.0126964 9.9955E-05 9.9955E-05
9.9982E-05 0.0316596 0.0194155 9.9982E-05 0.0546324 0.818961 0.0240194 0.0391868 0.0119258
9.9964E-05 9.9964E-05 0.0223269 0.107858 9.9964E-05 0.79693 0.0238262 9.9964E-05 0.0486591
0.0491831 9.9973E-05 9.9973E-05 0.175489 0.124885 0.558714 9.9973E-05 0.00236826 0.0890606
9.9982E-05 0.0102632 0.128349 0.0225387 0.00306384 0.793043 9.9982E-05 0.00660876 0.0359328
0.0339157 0.00711798 9.9955E-05 0.0276206 9.9955E-05 0.930846 9.9955E-05 9.9955E-05 9.9955E-05
9.9955E-05 9.9955E-05 0.010001 0.175642 9.9955E-05 0.461288 9.9955E-05 0.352569 9.9955E-05
9.9973E-05 0.0519702 0.0379658 0.256616 9.9973E-05 0.57643 9.9973E-05 0.0261054 0.0506131
9.9973E-05 0.119603 9.9973E-05 0.181333 9.9973E-05 0.549225 0.00412259 0.0826928 0.0627244
9.9955E-05 0.0458944 9.9955E-05 0.292395 9.9955E-05 0.632778 9.9955E-05 0.0284327 9.9955E-05
9.9982E-05 0.00850628 9.9982E-05 0.151388 0.0567331 0.0924225 0.0583302 0.571994 0.0604257
0.00811344 0.0997337 0.04695 0.0828456 0.037718 0.0537727 0.0354912 0.565388 0.0699875
0.0437487 9.9982E-05 0.002291 9.9982E-05 0.0930806 0.18077 0.0661603 0.563547 0.0502028
9.9982E-05 0.0225782 9.9982E-05 0.111817 0.0367038 0.0790945 0.0510969 0.653321 0.0451889
9.9973E-05 0.0747791 9.9973E-05 0.248127 0.0728498 0.256586 9.9973E-05 0.316335 0.0310231
9.993E-05 9.993E-05 9.993E-05 9.993E-05 9.993E-05 9.993E-05 9.993E-05 0.999201 9.993E-05
9.993E-05 9.993E-05 9.993E-05 9.993E-05 9.993E-05 9.993E-05 9.993E-05 0.999201 9.993E-05
9.9982E-05 0.0474681 0.038539 0.0277537 0.0306616 0.380819 9.9982E-05 0.41594 0.0586189
0.0425382 0.0980863 0.0079812 0.0659276 0.109907 0.182239 9.9991E-05 0.438251 0.0549697
0.0791126 0.0171733 9.9991E-05 0.0754966 0.0678715 0.441231 0.0214669 0.280568 0.0169806
0.0363421 0.010067 9.9973E-05 0.266122 9.9973E-05 0.280601 9.9973E-05 0.359715 0.0468531
9.9982E-05 0.0680703 0.024282 0.110532 0.0186886 0.188732 9.9982E-05 0.551259 0.0382357
0.00755256 0.0245039 9.9973E-05 9.9973E-05 0.00235605 0.00480401 9.9973E-05 0.960216 0.000267924
0.0642082 0.0599264 0.051377 0.415924 0.00248277 0.157675 9.9991E-05 0.23737 0.0109377
0.0457923 0.0179401 0.0260896 0.388139 0.0496537 0.246864 0.00817484 0.217246 9.9991E-05
9.9973E-05 9.9973E-05 9.9973E-05 0.0268384 0.0810684 0.184984 0.0382082 0.544963 0.123638
0.0755151 0.0564329 0.0394644 0.164635 0.0477204 0.238304 0.0123555 0.285721 0.0798517
9.9973E-05 0.0982257 9.9973E-05 0.0921168 0.0705071 0.275436 0.0228782 0.440536 9.9973E-05
9.993E-05 9.993E-05 9.993E-05 9.993E-05 9.993E-05 9.993E-05 9.993E-05 0.999201 9.993E-05
0.0521064 0.0879144 9.9982E-05 0.274658 9.9982E-05 0.2344 0.00721392 0.338878 0.00462935
9.9964E-05 0.140462 9.9964E-05 9.9964E-05 0.100288 0.257241 0.00400086 0.497608 9.9964E-05
0.00190164 9.9973E-05 9.9973E-05 0.132593 0.100468 0.0889277 0.0408597 0.634951 9.9973E-05
0.0179522 0.0397224 0.0550027 0.158282 0.0269266 0.111515 0.0273148 0.507563 0.0557206
9.99574E-05 9.99574E-05 0.116376 9.99574E-05 0.0258441 9.99574E-05 9.99574E-05 0.843072 0.0142086
0.0180731 0.0291004 0.00727414 0.090835 0.0719897 0.152286 0.0196515 0.610691 9.9991E-05
9.9955E-05 9.9955E-05 0.073978 9.9955E-05 9.9955E-05 9.9955E-05 0.0045685 0.910295 0.0106591
9.9955E-05 0.0204921 9.9955E-05 0.314261 9.9955E-05 9.9955E-05 0.047415 0.617332 9.9955E-05
9.9964E-05 9.9964E-05 0.104221 9.9964E-05 0.0315574 9.9964E-05 0.0824277 0.762323 0.0190717
9.999E-05 0.060949 0.0259646 0.114771 0.0466243 0.30623 0.0086015 0.406361 0.0303986
9.9946E-05 9.9946E-05 0.04736 9.9946E-05 0.0242882 9.9946E-05 9.9946E-05 0.927752 9.9946E-05
0.0227574 9.9982E-05 9.9982E-05 0.0832866 0.0437818 0.127264 0.0656971 0.610788 0.0462254
9.999E-05 0.0067885 0.0213087 0.315259 0.037109 0.0794175 0.0283539 0.474119 0.0375446
0.0811401 0.0636048 9.9964E-05 0.0666032 9.9964E-05 9.9964E-05 9.9964E-05 0.76891 0.0193423
0.0425922 0.0670673 9.9955E-05 0.166331 9.9955E-05 9.9955E-05 9.9955E-05 0.72351 9.9955E-05
0.0513459 0.0379628 9.9964E-05 0.371789 0.10648 9.9964E-05 9.9964E-05 0.432022 9.9964E-05
9.9964E-05 0.0831844 0.0590813 0.217478 9.9964E-05 0.00846669 9.9964E-05 0.63139 9.9964E-05
9.9964E-05 9.9964E-05 0.00972847 0.216868 0.006455 9.9964E-05 0.0334023 0.733146 9.9964E-05
0.0232317 9.9973E-05 0.111028 0.262255 0.0314505 9.9973E-05 0.0996305 0.472104 9.9973E-05
9.9946E-05 0.0304211 9.9946E-05 0.915837 9.9946E-05 9.9946E-05 9.9946E-05 9.9946E-05 0.0531418
9.9937E-05 9.9937E-05 0.00659393 0.992707 9.9937E-05 9.9937E-05 9.9937E-05 9.9937E-05 9.9937E-05
0.0272144 9.9946E-05 9.9946E-05 0.955379 9.9946E-05 9.9946E-05 9.9946E-05 0.0168067 9.9946E-05
9.99371E-05 9.99371E-05 9.99371E-05 0.989711 9.99371E-05 9.99371E-05 0.00958927 9.99371E-05 9.99371E-05
9.9946E-05 9.9946E-05 9.9946E-05 0.93869 9.9946E-05 9.9946E-05 9.9946E-05 0.0572525 0.00345816
9.9982E-05 0.050724 9.9982E-05 0.482919 0.0920074 0.177529 0.0610617 0.132873 0.00268688
0.0249966 0.0467322 0.013399 0.525499 0.0557664 0.0655146 0.114983 0.153009 9.9991E-05
0.0323661 0.00581013 9.9991E-05 0.563063 0.00298967 0.0126477 0.105183 0.186264 0.0915766
0.0456917 0.0349701 9.9991E-05 0.469388 0.0622955 0.147925 0.0353597 0.143449 0.0608216
0.00149651 0.0453502 9.9982E-05 0.525692 0.0830486 0.14728 0.0633254 0.133607 9.9982E-05
0.0276618 0.0148756 0.0574105 0.584172 0.0250067 0.016783 0.0500014 0.212343 0.011746
0.0156594 0.120004 0.0264774 0.352547 0.103568 0.0395378 0.0755528 0.163846 0.102808
0.0499925 9.9991E-05 0.182777 0.206984 0.0853052 0.0534096 0.0740289 0.291841 0.0555622
0.0389954 9.9991E-05 0.115479 0.230559 0.124304 0.0488372 0.0709364 0.324555 0.0462343
0.00336237 0.185729 9.9991E-05 0.320559 0.0373606 0.13273 0.153316 0.102007 0.0648349
9.993E-05 9.993E-05 9.993E-05 9.993E-05 9.993E-05 9.993E-05 0.999201 9.993E-05 9.993E-05
0.033652 9.9946E-05 9.9946E-05 9.9946E-05 9.9946E-05 9.9946E-05 0.943404 0.0223445 9.9946E-05
9.9973E-05 0.0392037 0.043598 0.0776666 9.9973E-05 0.00774519 0.822755 0.00873166 9.9973E-05
9.993E-05 9.993E-05 9.993E-05 9.993E-05 9.993E-05 9.993E-05 0.999201 9.993E-05 9.993E-05
9.993E-05 9.993E-05 9.993E-05 9.993E-05 9.993E-05 9.993E-05 0.999201 9.993E-05 9.993E-05
9.993E-05 9.993E-05 9.993E-05 9.993E-05 9.993E-05 9.993E-05 0.999201 9.993E-05 9.993E-05
9.993E-05 9.993E-05 9.993E-05 9.993E-05 9.993E-05 9.993E-05 0.999201 9.993E-05 9.993E-05
9.9964E-05 9.9964E-05 0.0193288 0.0659092 9.9964E-05 0.0340605 0.866287 0.0140148 9.9964E-05
9.9946E-05 0.00765702 9.9946E-05 9.9946E-05 9.9946E-05 9.9946E-05 0.978928 0.0128151 9.9946E-05
9.993E-05 9.993E-05 9.993E-05 9.993E-05 9.993E-05 9.993E-05 0.999201 9.993E-05 9.993E-05
0.000284372 0.0680786 0.0679595 0.433783 0.21128 0.0818759 0.0305001 0.0287086 0.0775292
9.9964E-05 0.060109 0.0348181 9.9964E-05 9.9964E-05 9.9964E-05 0.837351 0.0621656 0.00515601
9.993E-05 9.993E-05 9.993E-05 9.993E-05 9.993E-05 9.993E-05 0.999201 9.993E-05 9.993E-05
0.00749685 0.0160128 0.035846 0.0118247 9.99686E-05 9.99686E-05 0.92842 9.99686E-05 9.99686E-05
9.993E-05 9.993E-05 9.993E-05 0.999201 9.993E-05 9.993E-05 9.993E-05 9.993E-05 9.993E-05
9.993E-05 9.993E-05 9.993E-05 0.999201 9.993E-05 9.993E-05 9.993E-05 9.993E-05 9.993E-05
0.000297824 9.99371E-05 9.99371E-05 0.999003 9.99371E-05 9.99371E-05 9.99371E-05 9.99371E-05 9.99371E-05
9.993E-05 9.993E-05 9.993E-05 0.999201 9.993E-05 9.993E-05 9.993E-05 9.993E-05 9.993E-05
9.9964E-05 0.00467414 0.0646899 0.808731 0.0892581 9.9964E-05 9.9964E-05 9.9964E-05 0.0322467
9.9955E-05 9.9955E-05 0.0681445 0.73612 0.0576551 0.137581 9.9955E-05 9.9955E-05 9.9955E-05
0.0111282 9.9973E-05 0.0553171 0.795951 0.0518817 0.0406545 0.044768 9.9973E-05 9.9973E-05
9.9964E-05 9.9964E-05 0.0160885 0.863306 0.0762386 9.9964E-05 0.0322715 9.9964E-05 0.011696
9.9955E-05 9.9955E-05 0.0124761 0.901783 9.9955E-05 9.9955E-05 0.0609675 9.9955E-05 0.0242733
9.9955E-05 9.9955E-05 0.0355992 0.903763 9.9955E-05 9.9955E-05 0.0528882 9.9955E-05 0.0072496
9.9982E-05 0.0364496 0.0316717 0.790799 0.00749419 0.054735 0.0303189 9.9982E-05 0.0483317
9.9946E-05 9.9946E-05 0.0660341 0.88896 9.9946E-05 9.9946E-05 0.0444066 9.9946E-05 9.9946E-05
0.00666058 0.0375127 0.0706714 0.701463 0.0526837 9.9982E-05 9.9982E-05 0.0781915 0.0526169
9.9991E-05 0.0418664 0.00497021 0.71065 0.111258 0.0147539 0.0553212 0.0357823 0.0252976
9.993E-05 9.993E-05 9.993E-05 9.993E-05 9.993E-05 9.993E-05 9.993E-05 9.993E-05 0.999201
9.9982E-05 0.0321209 0.0260818 0.61674 0.098471 9.9982E-05 0.0823417 0.101926 0.0421186
9.993E-05 9.993E-05 9.993E-05 9.993E-05 9.993E-05 9.993E-05 9.993E-05 9.993E-05 0.999201
9.993E-05 9.993E-05 9.993E-05 9.993E-05 9.993E-05 9.993E-05 9.993E-05 9.993E-05 0.999201
0.0259629 0.0164954 0.0176427 9.9973E-05 9.9973E-05 0.0040933 0.042877 9.9973E-05 0.892629
9.9991E-05 0.0181672 0.0083738 0.0197556 0.028815 0.0411935 0.0116098 0.0892846 0.782701
9.993E-05 9.993E-05 9.993E-05 9.993E-05 9.993E-05 9.993E-05 9.993E-05 9.993E-05 0.999201
9.99461E-05 9.99461E-05 0.0608001 0.0256385 9.99461E-05 9.99461E-05 9.99461E-05 9.99461E-05 0.912962
9.99371E-05 9.99371E-05 9.99371E-05 9.99371E-05 9.99371E-05 9.99371E-05 0.0269921 9.99371E-05 0.972308
9.9955E-05 0.00537563 9.9955E-05 9.9955E-05 0.0189201 9.9955E-05 9.9955E-05 0.00560445 0.9696
9.993E-05 9.993E-05 9.993E-05 9.993E-05 9.993E-05 9.993E-05 9.993E-05 9.993E-05 0.999201
9.9937E-05 9.9937E-05 9.9937E-05 9.9937E-05 9.9937E-05 9.9937E-05 9.9937E-05 0.020832 0.978468
9.99461E-05 9.99461E-05 9.99461E-05 9.99461E-05 0.0632289 0.00362636 9.99461E-05 9.99461E-05 0.932545
9.9973E-05 0.0363686 9.9973E-05 0.0250407 0.0502861 9.9973E-05 0.0265807 0.0375222 0.823902
0.0251071 9.9973E-05 0.000786063 0.00920748 9.9973E-05 0.00934126 9.9973E-05 0.01719 0.938068
0.00794707 9.9982E-05 0.0242977 0.00626296 0.00369195 9.9982E-05 0.049685 0.00446527 0.90345
0.00410141 0.0533005 0.0148272 0.0252074 0.00942316 9.9982E-05 0.00606186 9.9982E-05 0.886879
0.0190039 0.0451639 0.0356999 0.0131747 9.9973E-05 9.9973E-05 9.9973E-05 0.0285897 0.858068
0.00728864 0.00277159 9.9964E-05 0.0186332 0.0236488 9.9964E-05 9.9964E-05 9.9964E-05 0.947258
9.9973E-05 0.00713323 0.000263374 9.9973E-05 0.884798 0.0281785 0.0111797 0.0681473 9.9973E-05
0.0249429 0.0543845 0.0152377 9.9982E-05 0.871441 0.00610047 0.0247998 9.9982E-05 0.0028936
9.993E-05 9.993E-05 9.993E-05 9.993E-05 0.999201 9.993E-05 9.993E-05 9.993E-05 9.993E-05
9.993E-05 9.993E-05 9.993E-05 9.993E-05 0.999201 9.993E-05 9.993E-05 9.993E-05 9.993E-05
9.9937E-05 9.9937E-05 9.9937E-05 0.0116125 0.987688 9.9937E-05 9.9937E-05 9.9937E-05 9.9937E-05
9.9937E-05 9.9937E-05 9.9937E-05 0.0183674 0.980933 9.9937E-05 9.9937E-05 9.9937E-05 9.9937E-05
9.9937E-05 9.9937E-05 0.0076412 9.9937E-05 0.991659 9.9937E-05 9.9937E-05 9.9937E-05 9.9937E-05
0.0237908 0.0145318 0.111617 9.9964E-05 0.761537 9.9964E-05 9.9964E-05 0.0881238 9.9964E-05
9.993E-05 9.993E-05 9.993E-05 9.993E-05 0.999201 9.993E-05 9.993E-05 9.993E-05 9.993E-05
9.993E-05 9.993E-05 9.993E-05 9.993E-05 0.999201 9.993E-05 9.993E-05 9.993E-05 9.993E-05
0.0197767 9.99551E-05 0.0607679 9.99551E-05 0.868676 9.99551E-05 0.0502792 9.99551E-05 9.99551E-05
9.993E-05 9.993E-05 9.993E-05 9.993E-05 0.999201 9.993E-05 9.993E-05 9.993E-05 9.993E-05
9.9973E-05 0.00330566 0.0414586 0.0214224 0.753841 9.9973E-05 9.9973E-05 0.0935216 0.0861512
0.0447765 0.270503 0.104659 0.380819 0.0179884 0.00475619 0.0406685 0.0785288 0.0572999
0.0260849 0.242474 0.148681 0.304114 0.0787193 9.9991E-05 0.0391331 0.132704 0.0279888
0.0422043 0.32787 0.122453 0.254182 0.0322463 9.9991E-05 0.0625265 0.138894 0.0195233
0.0462454 0.253888 0.142337 0.327455 9.9991E-05 0.00356277 0.0420277 0.104519 0.0798651
9.9955E-05 9.9955E-05 0.90359 9.9955E-05 0.0105382 0.0822124 9.9955E-05 0.00315988 9.9955E-05
9.993E-05 9.993E-05 0.999201 9.993E-05 9.993E-05 9.993E-05 9.993E-05 9.993E-05 9.993E-05
0.00829359 9.9973E-05 0.913666 0.0237499 0.0163889 9.9973E-05 0.0166499 9.9973E-05 0.0209521
9.993E-05 9.993E-05 0.999201 9.993E-05 9.993E-05 9.993E-05 9.993E-05 9.993E-05 9.993E-05
9.9955E-05 9.9955E-05 0.931972 0.0328937 0.0139825 9.9955E-05 0.0206524 9.9955E-05 9.9955E-05
9.9964E-05 0.0375295 0.919423 0.0146116 0.0113421 9.9964E-05 0.0166938 9.9964E-05 9.9964E-05
0.00235826 9.9973E-05 0.926554 0.0508863 9.9973E-05 0.0100349 9.9973E-05 0.00675288 0.00311352
0.0330574 0.0278854 0.744208 0.124013 0.0144375 0.046533 9.9982E-05 9.9982E-05 0.00966634
9.9973E-05 9.9973E-05 0.808631 0.0247494 0.0137597 0.031556 9.9973E-05 0.082524 0.0384802
9.9937E-05 0.997393 9.9937E-05 9.9937E-05 9.9937E-05 9.9937E-05 9.9937E-05 0.00190769 9.9937E-05
9.993E-05 0.999201 9.993E-05 9.993E-05 9.993E-05 9.993E-05 9.993E-05 9.993E-05 9.993E-05
9.993E-05 0.999201 9.993E-05 9.993E-05 9.993E-05 9.993E-05 9.993E-05 9.993E-05 9.993E-05
9.993E-05 0.999201 9.993E-05 9.993E-05 9.993E-05 9.993E-05 9.993E-05 9.993E-05 9.993E-05
9.993E-05 0.999201 9.993E-05 9.993E-05 9.993E-05 9.993E-05 9.993E-05 9.993E-05 9.993E-05
0.000765145 0.894109 0.0328875 9.9982E-05 9.9982E-05 0.0234205 0.0112978 0.0215281 0.0157916
9.993E-05 0.999201 9.993E-05 9.993E-05 9.993E-05 9.993E-05 9.993E-05 9.993E-05 9.993E-05
9.99371E-05 0.996291 9.99371E-05 9.99371E-05 9.99371E-05 9.99371E-05 0.00300945 9.99371E-05 9.99371E-05
9.993E-05 0.999201 9.993E-05 9.993E-05 9.993E-05 9.993E-05 9.993E-05 9.993E-05 9.993E-05
9.9964E-05 0.950789 9.9964E-05 0.0116073 0.0165008 9.9964E-05 0.0115742 9.9964E-05 0.00912845
9.9937E-05 0.987675 9.9937E-05 9.9937E-05 9.9937E-05 9.9937E-05 9.9937E-05 9.9937E-05 0.0116249
9.993E-05 0.999201 9.993E-05 9.993E-05 9.993E-05 9.993E-05 9.993E-05 9.993E-05 9.993E-05
