9.993E-05 0.999201 9.993E-05 9.993E-05 9.993E-05 9.993E-05 9.993E-05 9.993E-05 9.993E-05
0.0120091 0.832187 9.9964E-05 0.042501 0.0179045 9.9964E-05 9.9964E-05 9.9964E-05 0.0949982
9.993E-05 9.993E-05 9.993E-05 0.999201 9.993E-05 9.993E-05 9.993E-05 9.993E-05 9.993E-05
0.0094918 9.9964E-05 0.0275763 0.832402 9.9964E-05 0.128956 9.9964E-05 0.00117411 9.9964E-05
0.00598549 0.750185 0.0431361 0.0938684 9.9982E-05 9.9982E-05 0.022112 0.0227105 0.0618024
9.9946E-05 0.805486 9.9946E-05 0.086349 9.9946E-05 0.107565 9.9946E-05 9.9946E-05 9.9946E-05
9.9964E-05 0.910827 0.0664282 9.9964E-05 0.00127395 0.00586379 0.0152071 9.9964E-05 9.9964E-05
9.9955E-05 0.867328 0.0532291 9.9955E-05 0.0738569 9.9955E-05 0.00508594 9.9955E-05 9.9955E-05
9.9973E-05 0.282797 0.116007 0.329106 9.9973E-05 9.9973E-05 0.0706318 0.198075 0.00308266
0.0506038 0.45067 9.9973E-05 0.00892722 0.236719 9.9973E-05 0.185164 9.9973E-05 0.0676165
0.0294332 9.9955E-05 9.9955E-05 9.9955E-05 0.704401 0.0783119 9.9955E-05 0.187354 9.9955E-05
9.9937E-05 9.9937E-05 9.9937E-05 9.9937E-05 0.93784 9.9937E-05 9.9937E-05 0.0614605 9.9937E-05
9.9937E-05 0.0843156 9.9937E-05 9.9937E-05 0.914985 9.9937E-05 9.9937E-05 9.9937E-05 9.9937E-05
0.0123369 9.9973E-05 9.9973E-05 0.0503167 0.690219 0.127494 0.0963131 9.9973E-05 0.0230201
0.034738 0.0167102 9.9973E-05 0.0704991 0.640618 9.9973E-05 9.9973E-05 0.172057 0.0650773
0.00769588 9.9964E-05 9.9964E-05 0.00462845 0.757257 0.127146 9.9964E-05 0.102873 9.9964E-05
9.9937E-05 9.9937E-05 9.9937E-05 9.9937E-05 9.9937E-05 0.951783 9.9937E-05 0.0475172 9.9937E-05
0.0147401 9.9991E-05 0.0279477 0.0264714 0.0863959 0.356909 0.126037 0.322576 0.0388216
0.00447668 9.9973E-05 0.096652 9.9973E-05 0.730521 9.9973E-05 0.0701271 0.0910022 0.00692144
9.9955E-05 9.9955E-05 0.0128382 0.0425996 0.848733 0.0953293 9.9955E-05 9.9955E-05 9.9955E-05
9.9964E-05 0.00957923 9.9964E-05 9.9964E-05 0.500899 0.277814 0.07968 9.9964E-05 0.131628
9.9955E-05 0.23141 9.9955E-05 0.00496387 9.9955E-05 0.0645662 9.9955E-05 0.69856 9.9955E-05
0.0298016 9.99703E-05 9.99703E-05 0.0203756 0.0948718 0.79529 9.99703E-05 0.0592615 9.99703E-05
9.9937E-05 9.9937E-05 9.9937E-05 9.9937E-05 9.9937E-05 0.972176 9.9937E-05 9.9937E-05 0.0271247
9.9955E-05 9.9955E-05 9.9955E-05 0.0045302 0.770915 9.9955E-05 0.072747 9.9955E-05 0.151308
9.9955E-05 0.0722876 9.9955E-05 9.9955E-05 0.692357 9.9955E-05 0.0864691 9.9955E-05 0.148387
9.9937E-05 9.9937E-05 0.0226022 9.9937E-05 9.9937E-05 9.9937E-05 9.9937E-05 0.976698 9.9937E-05
0.0184567 9.9964E-05 9.9964E-05 0.0665839 0.192854 9.9964E-05 9.9964E-05 0.461358 0.260348
9.9973E-05 0.0282599 9.9973E-05 9.9973E-05 0.101583 0.010358 0.125307 0.594306 0.139885
9.993E-05 9.993E-05 9.993E-05 9.993E-05 9.993E-05 9.993E-05 9.993E-05 0.999201 9.993E-05
9.9964E-05 9.9964E-05 0.292485 0.0905848 9.9964E-05 9.9964E-05 0.220251 0.226524 0.169756
0.00264461 0.0647718 0.278889 0.0726684 9.9982E-05 9.9982E-05 0.115192 0.342193 0.12344
9.9964E-05 9.9964E-05 9.9964E-05 0.0306577 0.0526619 9.9964E-05 0.840798 0.0382631 0.0372193
9.9946E-05 9.9946E-05 0.0884412 9.9946E-05 9.9946E-05 0.0593437 0.851615 9.9946E-05 9.9946E-05
0.00976857 9.9955E-05 9.9955E-05 9.9955E-05 0.0773753 9.9955E-05 0.712127 0.200229 9.9955E-05
9.99371E-05 0.0403681 9.99371E-05 9.99371E-05 9.99371E-05 9.99371E-05 0.958932 9.99371E-05 9.99371E-05
9.9964E-05 0.125075 9.9964E-05 0.0128174 0.0486582 9.9964E-05 0.809219 9.9964E-05 0.00383113
9.9964E-05 0.00407125 9.9964E-05 9.9964E-05 9.9964E-05 0.12788 0.72449 0.035676 0.107483
9.993E-05 9.993E-05 9.993E-05 9.993E-05 9.993E-05 9.993E-05 0.999201 9.993E-05 9.993E-05
0.0302361 9.9964E-05 9.9964E-05 0.0126062 0.0677457 9.9964E-05 0.63202 9.9964E-05 0.256992
9.99371E-05 9.99371E-05 9.99371E-05 9.99371E-05 9.99371E-05 9.99371E-05 0.953877 9.99371E-05 0.0454236
9.999E-05 0.0528796 0.174152 0.0436143 0.0222669 0.011003 0.33654 0.0657712 0.293673
9.9955E-05 9.9955E-05 9.9955E-05 0.0487483 9.9955E-05 9.9955E-05 0.688233 0.157094 0.105424
0.0259717 0.00958657 0.0225801 9.9973E-05 9.9973E-05 0.081823 0.858117 9.9973E-05 0.00162169
0.0112706 9.9973E-05 0.526222 0.0599078 0.053978 9.9973E-05 0.235513 9.9973E-05 0.112808
0.00396152 9.9973E-05 0.734444 9.9973E-05 0.0949532 9.9973E-05 0.109977 0.048106 0.00825744
0.0375151 9.9964E-05 0.799117 9.9964E-05 9.9964E-05 0.0710605 0.0554908 9.9964E-05 0.0364163
9.9937E-05 9.9937E-05 0.943593 9.9937E-05 9.9937E-05 9.9937E-05 9.9937E-05 9.9937E-05 0.0557079
9.9964E-05 0.0207592 0.497112 0.0919072 0.187837 9.9964E-05 0.201985 9.9964E-05 9.9964E-05
9.9973E-05 0.0164773 0.412319 0.0531437 0.0864814 9.9973E-05 0.287051 9.9973E-05 0.144228
9.9964E-05 9.9964E-05 0.877441 0.00402933 9.9964E-05 0.0657983 0.00746376 9.9964E-05 0.0448677
9.9955E-05 0.00126695 0.965769 9.9955E-05 0.0132977 0.0191661 9.9955E-05 9.9955E-05 9.9955E-05
9.99461E-05 9.99461E-05 0.954073 9.99461E-05 9.99461E-05 0.0154221 9.99461E-05 9.99461E-05 0.0299048
0.000554894 9.9973E-05 0.765453 9.9973E-05 9.9973E-05 0.0503587 0.106214 0.0250575 0.0520625
9.9946E-05 9.9946E-05 0.918734 9.9946E-05 9.9946E-05 9.9946E-05 0.0667985 9.9946E-05 0.0138682
0.0337835 9.99371E-05 0.965517 9.99371E-05 9.99371E-05 9.99371E-05 9.99371E-05 9.99371E-05 9.99371E-05
0.00500577 0.0632902 0.152339 0.0368488 9.9982E-05 9.9982E-05 0.00701863 0.0913795 0.643918
9.9964E-05 9.9964E-05 0.143232 9.9964E-05 0.13236 0.105851 9.9964E-05 0.0369532 0.581204
9.9964E-05 0.0294257 0.195811 9.9964E-05 9.9964E-05 0.0053389 9.9964E-05 0.161215 0.60781
9.9964E-05 0.0953806 0.119059 9.9964E-05 9.9964E-05 9.9964E-05 0.00171644 0.15423 0.629214
9.9955E-05 9.9955E-05 0.0735772 9.9955E-05 9.9955E-05 0.067923 0.0160848 9.9955E-05 0.841915
0.0647785 0.0057101 9.9964E-05 0.102193 9.9964E-05 9.9964E-05 0.328315 9.9964E-05 0.498604
9.9973E-05 0.000738885 0.0639931 0.0241897 9.9973E-05 0.0381992 0.153584 9.9973E-05 0.718995
0.0181667 9.99371E-05 9.99371E-05 9.99371E-05 9.99371E-05 9.99371E-05 9.99371E-05 9.99371E-05 0.981134
9.9955E-05 9.9955E-05 9.9955E-05 9.9955E-05 0.0209736 9.9955E-05 0.0993557 0.00732434 0.871847
9.993E-05 9.993E-05 9.993E-05 9.993E-05 9.993E-05 9.993E-05 9.993E-05 9.993E-05 0.999201
9.9937E-05 9.9937E-05 9.9937E-05 9.9937E-05 0.0353128 9.9937E-05 9.9937E-05 9.9937E-05 0.963988
9.9946E-05 9.9946E-05 9.9946E-05 0.0148056 9.9946E-05 9.9946E-05 9.9946E-05 0.0414608 0.943134
9.9937E-05 9.9937E-05 9.9937E-05 9.9937E-05 9.9937E-05 9.9937E-05 9.9937E-05 0.00949942 0.989801
9.9946E-05 9.9946E-05 0.00680006 0.0423886 9.9946E-05 9.9946E-05 9.9946E-05 9.9946E-05 0.950212
9.99371E-05 9.99371E-05 9.99371E-05 9.99371E-05 9.99371E-05 9.99371E-05 0.0374633 9.99371E-05 0.961837
0.0047545 0.132256 9.9964E-05 9.9964E-05 0.00208681 9.9964E-05 0.184111 9.9964E-05 0.676391
0.012232 9.9955E-05 0.00488061 0.0207283 9.9955E-05 9.9955E-05 9.9955E-05 9.9955E-05 0.961659
0.0529445 0.00275632 0.0576939 9.9973E-05 0.0655177 9.9973E-05 0.24047 9.9973E-05 0.580318
0.578093 0.000194869 0.0330879 0.0320104 0.0421426 0.0284098 9.9991E-05 0.0179393 0.268022
0.999201 9.993E-05 9.993E-05 9.993E-05 9.993E-05 9.993E-05 9.993E-05 9.993E-05 9.993E-05
0.061785 0.0208685 0.0200406 0.00122834 9.9991E-05 0.0240017 0.215186 0.0319263 0.624863
