9.993E-05 9.993E-05 9.993E-05 9.993E-05 9.993E-05 9.993E-05 9.993E-05 0.999201 9.993E-05
9.9955E-05 9.9955E-05 9.9955E-05 9.9955E-05 9.9955E-05 0.568852 0.0983147 0.25203 0.080304
9.9955E-05 9.9955E-05 9.9955E-05 9.9955E-05 9.9955E-05 0.570468 0.128294 0.255444 0.0452936
0.058092 9.99461E-05 9.99461E-05 9.99461E-05 9.99461E-05 0.744857 9.99461E-05 0.196451 9.99461E-05
0.0910339 0.0755308 0.0280314 9.9982E-05 0.0153735 0.689452 9.9982E-05 0.0904805 0.00989809
0.111985 9.9964E-05 9.9964E-05 0.0624258 9.9964E-05 0.627878 0.0472293 0.150082 9.9964E-05
9.9946E-05 9.9946E-05 9.9946E-05 9.9946E-05 9.9946E-05 0.71474 0.00751571 0.277144 9.9946E-05
0.0831941 9.9964E-05 9.9964E-05 9.9964E-05 9.9964E-05 0.515612 0.0837754 0.291967 0.0250519
0.0216963 0.0519893 9.9973E-05 9.9973E-05 9.9973E-05 0.649583 0.0381115 0.174327 0.0639928
9.993E-05 9.993E-05 9.993E-05 9.993E-05 9.993E-05 9.993E-05 9.993E-05 0.999201 9.993E-05
9.993E-05 9.993E-05 9.993E-05 9.993E-05 9.993E-05 9.993E-05 9.993E-05 0.999201 9.993E-05
9.993E-05 9.993E-05 9.993E-05 9.993E-05 9.993E-05 9.993E-05 9.993E-05 0.999201 9.993E-05
9.9946E-05 9.9946E-05 9.9946E-05 9.9946E-05 0.0418276 9.9946E-05 9.9946E-05 0.951776 0.00579659
9.9955E-05 0.0256858 0.036449 9.9955E-05 9.9955E-05 0.0407398 9.9955E-05 0.896626 9.9955E-05
0.0120019 9.9946E-05 0.0436779 9.9946E-05 9.9946E-05 9.9946E-05 9.9946E-05 0.94372 9.9946E-05
0.31321 0.0443072 0.000776275 9.9991E-05 0.00787185 0.453433 0.00615159 0.168626 0.00552482
0.0508423 0.102885 0.0947711 9.9991E-05 0.0311121 0.402393 0.0789316 0.192789 0.0461757
0.0804176 9.9955E-05 9.9955E-05 0.0612708 9.9955E-05 0.696514 9.9955E-05 0.161298 9.9955E-05
9.9955E-05 0.0210505 0.0802412 9.9955E-05 9.9955E-05 0.896665 9.9955E-05 9.9955E-05 0.00154394
9.9964E-05 0.0121809 0.0585776 0.0307088 0.0289175 0.869215 9.9964E-05 9.9964E-05 9.9964E-05
9.9955E-05 0.0369267 9.9955E-05 0.0574866 9.9955E-05 0.871588 9.9955E-05 0.0334989 9.9955E-05
0.0107224 9.9973E-05 0.101388 0.00502639 0.0399157 0.735484 0.107164 9.9973E-05 9.9973E-05
9.9955E-05 0.012039 0.0979126 0.0454309 9.9955E-05 0.844118 9.9955E-05 9.9955E-05 9.9955E-05
9.9946E-05 9.9946E-05 0.0446738 9.9946E-05 0.0632608 0.891466 9.9946E-05 9.9946E-05 9.9946E-05
9.9964E-05 0.0598292 0.000647596 0.0155186 0.0340482 0.889557 9.9964E-05 9.9964E-05 9.9964E-05
0.102535 0.0709853 9.9964E-05 0.131904 0.0603755 0.633801 9.9964E-05 9.9964E-05 9.9964E-05
0.0520408 0.118424 0.0236532 0.0837869 9.9982E-05 0.647495 0.0589572 0.015443 9.9982E-05
0.0020448 9.9946E-05 9.9946E-05 9.9946E-05 9.9946E-05 0.95545 0.0419054 9.9946E-05 9.9946E-05
9.9973E-05 0.0593048 0.0100389 0.0688655 0.019898 0.783493 9.9973E-05 0.0580994 9.9973E-05
9.9946E-05 9.9946E-05 9.9946E-05 0.0707198 9.9946E-05 0.893542 9.9946E-05 0.0351389 9.9946E-05
9.9955E-05 9.9955E-05 0.0661238 9.9955E-05 9.9955E-05 0.893052 9.9955E-05 0.0349901 0.00533462
0.0208269 0.0455635 9.9982E-05 0.0383099 0.0763143 0.800661 0.00979569 9.9982E-05 0.00832897
9.9964E-05 0.00117049 0.0635173 0.187205 9.9964E-05 0.703823 0.0438839 9.9964E-05 9.9964E-05
0.0151417 0.0319673 0.00122252 0.184922 0.0849792 0.561067 0.0806566 0.0399433 9.9991E-05
0.0526546 9.9946E-05 0.129724 9.9946E-05 9.9946E-05 0.817022 9.9946E-05 9.9946E-05 9.9946E-05
9.9964E-05 9.9964E-05 9.9964E-05 0.0665131 0.00974747 0.878858 9.9964E-05 0.0364014 0.00808035
0.32561 0.0324409 0.0324111 0.153049 9.9964E-05 0.456089 9.9964E-05 9.9964E-05 9.9964E-05
0.03143 0.0635134 0.0413822 0.279373 9.9982E-05 0.562207 0.0186855 0.00320908 9.9982E-05
0.0457406 0.0992529 0.0112905 0.246258 9.9991E-05 0.513932 0.0443798 0.0104452 0.0286015
0.0840205 0.0232349 9.9955E-05 0.30099 9.9955E-05 0.591254 9.9955E-05 9.9955E-05 9.9955E-05
0.648821 0.0280587 9.9973E-05 0.0590777 0.0895288 0.129327 9.9973E-05 9.9973E-05 0.0448869
0.668214 0.0517919 0.0073661 0.0885517 0.0456487 0.0859447 0.0094596 9.9991E-05 0.0429233
0.573077 9.9973E-05 9.9973E-05 9.9973E-05 0.0957791 0.174167 0.0469666 0.0378259 0.0718846
0.642037 0.0277563 9.9982E-05 0.0487207 0.0456704 0.150643 0.0238345 9.9982E-05 0.0611375
0.488394 0.0577984 9.9973E-05 0.146811 0.0224879 0.224751 0.059458 9.9973E-05 9.9973E-05
0.999201 9.993E-05 9.993E-05 9.993E-05 9.993E-05 9.993E-05 9.993E-05 9.993E-05 9.993E-05
0.999201 9.993E-05 9.993E-05 9.993E-05 9.993E-05 9.993E-05 9.993E-05 9.993E-05 9.993E-05
0.433858 0.0339283 0.0303057 0.00466079 0.0505782 0.400127 0.0463424 9.9982E-05 9.9982E-05
0.507158 0.0433277 0.0323502 0.061891 0.074827 0.154006 0.0500409 0.0762991 9.9991E-05
0.251518 0.031712 0.00254172 0.0205556 0.105886 0.463177 0.0177977 0.0721206 0.0346914
0.406115 0.0452877 9.9982E-05 0.212116 9.9982E-05 0.255381 0.0390943 0.0390172 0.00278924
0.617572 0.0317834 0.0430988 0.0193497 0.0285648 0.207801 0.0516302 9.9982E-05 9.9982E-05
0.904898 0.0442955 9.9964E-05 9.9964E-05 9.9964E-05 0.0362786 0.00267076 0.0114576 9.9964E-05
0.276669 0.0247623 0.101111 0.351623 0.0138281 0.17706 0.0149577 0.0333439 0.00664535
0.270788 0.00927133 0.0451804 0.342445 0.0605378 0.208685 9.9982E-05 0.0628924 9.9982E-05
0.570271 9.9973E-05 9.9973E-05 0.0559471 0.0914387 0.174954 0.0853226 9.9973E-05 0.0217665
0.359097 0.112246 9.9991E-05 0.179448 0.0176825 0.167503 0.0845624 0.0765243 0.00283784
0.443066 0.082318 0.0202468 0.131507 0.0367311 0.262395 9.9982E-05 9.9982E-05 0.0235354
0.997791 9.9937E-05 9.9937E-05 9.9937E-05 9.9937E-05 9.9937E-05 9.9937E-05 0.00150919 9.9937E-05
0.409891 0.0905449 9.9973E-05 0.193697 9.9973E-05 0.238994 0.00957932 0.0569949 9.9973E-05
0.561126 0.109614 0.0174055 9.9973E-05 0.0982062 0.211453 9.9973E-05 9.9973E-05 0.0018955
0.647156 9.9973E-05 9.9973E-05 0.134874 0.0984917 0.0715512 9.9973E-05 0.0367145 0.0109135
0.463 0.0546719 0.00713793 0.185803 0.0442492 0.0936244 0.084591 0.0231104 0.0438119
0.913696 9.9946E-05 0.0448341 9.9946E-05 0.0408701 9.9946E-05 9.9946E-05 9.9946E-05 9.9946E-05
0.613204 0.0677332 0.0137363 0.132662 0.0112293 0.139714 9.9982E-05 0.021522 9.9982E-05
0.975792 9.9937E-05 0.0235084 9.9937E-05 9.9937E-05 9.9937E-05 9.9937E-05 9.9937E-05 9.9937E-05
0.664646 9.9946E-05 9.9946E-05 0.261258 9.9946E-05 9.9946E-05 9.9946E-05 9.9946E-05 0.0734955
0.817818 0.02049 0.0908639 9.9964E-05 0.0672442 9.9964E-05 9.9964E-05 9.9964E-05 0.00318381
0.406854 0.0522787 9.9982E-05 0.156147 0.014702 0.31402 0.0166208 9.9982E-05 0.0391779
0.959607 9.9955E-05 0.0354996 9.9955E-05 0.00360957 9.9955E-05 9.9955E-05 9.9955E-05 0.000784425
0.621692 9.9982E-05 9.9982E-05 0.0791265 0.0357414 0.106042 0.0730839 0.0564485 0.027666
0.476326 0.037895 0.0298691 0.248328 0.0669178 0.0634515 0.0471316 9.9991E-05 0.029981
0.765422 0.0390834 0.0390403 0.0657812 9.9964E-05 9.9964E-05 9.9964E-05 0.0902734 9.9964E-05
0.685879 0.0663648 0.00214496 0.179634 0.0219505 9.9973E-05 9.9973E-05 0.0437272 9.9973E-05
0.469215 9.9973E-05 0.00660131 0.344812 0.104793 9.9973E-05 0.0120089 0.0622696 9.9973E-05
0.640404 0.0887182 0.012356 0.233862 9.9973E-05 0.0126416 9.9973E-05 0.0117182 9.9973E-05
0.75757 0.00181429 0.0307968 0.129625 9.9973E-05 9.9973E-05 0.035188 9.9973E-05 0.0447065
0.517269 9.9982E-05 0.111612 0.132915 0.0683106 0.0200191 0.0386933 9.9982E-05 0.110982
9.9955E-05 9.9955E-05 0.018423 0.97716 0.00164227 0.002275 9.9955E-05 9.9955E-05 9.9955E-05
9.993E-05 9.993E-05 9.993E-05 0.999201 9.993E-05 9.993E-05 9.993E-05 9.993E-05 9.993E-05
0.0313145 9.9955E-05 9.9955E-05 0.933928 9.9955E-05 9.9955E-05 0.0172753 0.0169828 9.9955E-05
9.993E-05 9.993E-05 9.993E-05 0.999201 9.993E-05 9.993E-05 9.993E-05 9.993E-05 9.993E-05
0.0192402 9.9955E-05 0.0101082 0.942676 9.9955E-05 0.027476 9.9955E-05 9.9955E-05 9.9955E-05
0.0594328 9.9973E-05 9.9973E-05 0.528987 0.0854151 0.208579 9.9973E-05 0.030153 0.0871336
0.123118 0.0314678 0.0379004 0.51859 0.0410215 0.113048 0.00957775 0.0166683 0.108608
0.136305 9.9982E-05 9.9982E-05 0.549894 0.0307059 0.0487179 0.0943473 0.0199283 0.119901
0.0973755 0.0598403 9.9991E-05 0.41597 0.0671657 0.211029 0.0637908 0.0538129 0.0309164
0.0608288 0.022741 9.9982E-05 0.548136 0.0857393 0.196267 9.9982E-05 0.00765198 0.0784357
0.114157 9.9982E-05 0.058923 0.5259 9.9982E-05 0.0906723 0.0740746 0.0107774 0.125296
0.171885 0.13059 0.00777651 0.355449 0.10654 0.0517317 0.0878036 0.0143544 0.0738704
0.377481 9.9991E-05 0.189882 0.157611 0.0462251 0.0202011 0.050686 0.0546957 0.103118
0.356051 9.9991E-05 0.167272 0.193216 0.0722903 0.0514036 0.0249001 0.04265 0.0921175
0.196429 0.0803908 0.0124241 0.293525 0.0988654 0.0694623 0.08907 0.0276105 0.132222
9.9946E-05 9.9946E-05 9.9946E-05 0.00746108 0.00239017 9.9946E-05 9.9946E-05 9.9946E-05 0.989549
9.9955E-05 9.9955E-05 9.9955E-05 9.9955E-05 0.0200683 0.00764417 0.0143491 9.9955E-05 0.957439
0.0583292 9.9973E-05 0.0410695 0.0317579 9.9973E-05 0.000932036 9.9973E-05 0.0209467 0.846665
9.993E-05 9.993E-05 9.993E-05 9.993E-05 9.993E-05 9.993E-05 9.993E-05 9.993E-05 0.999201
9.9946E-05 0.00718596 9.9946E-05 9.9946E-05 0.00348921 9.9946E-05 9.9946E-05 9.9946E-05 0.988725
9.993E-05 9.993E-05 9.993E-05 9.993E-05 9.993E-05 9.993E-05 9.993E-05 9.993E-05 0.999201
9.993E-05 9.993E-05 9.993E-05 9.993E-05 9.993E-05 9.993E-05 9.993E-05 9.993E-05 0.999201
9.9955E-05 0.0341839 0.00989403 9.9955E-05 9.9955E-05 0.0642457 9.9955E-05 9.9955E-05 0.891177
9.9955E-05 0.00928215 9.9955E-05 9.9955E-05 0.0224198 9.9955E-05 0.00318722 9.9955E-05 0.964611
9.993E-05 9.993E-05 9.993E-05 9.993E-05 9.993E-05 9.993E-05 9.993E-05 9.993E-05 0.999201
0.0319048 0.0966265 0.0781088 0.324523 0.280076 0.10822 0.0499602 9.9991E-05 0.0304799
0.0812492 0.000443466 0.020461 0.023013 9.9964E-05 9.9964E-05 9.9964E-05 9.9964E-05 0.874434
9.99371E-05 9.99371E-05 9.99371E-05 9.99371E-05 9.99371E-05 9.99371E-05 0.00767028 9.99371E-05 0.99163
9.9964E-05 0.00628981 0.0235939 9.9964E-05 0.00264408 9.9964E-05 9.9964E-05 0.0323918 0.934681
9.99371E-05 9.99371E-05 9.99371E-05 0.988593 0.0107077 9.99371E-05 9.99371E-05 9.99371E-05 9.99371E-05
9.993E-05 9.993E-05 9.993E-05 0.999201 9.993E-05 9.993E-05 9.993E-05 9.993E-05 9.993E-05
9.9946E-05 9.9946E-05 0.0129365 0.979197 0.00726705 9.9946E-05 9.9946E-05 9.9946E-05 9.9946E-05
9.9946E-05 9.9946E-05 9.9946E-05 0.991418 9.9946E-05 9.9946E-05 0.0033189 9.9946E-05 0.00466318
9.9973E-05 0.0297974 0.028188 0.765948 0.0852001 9.9973E-05 0.0511158 9.9973E-05 0.0394505
9.9955E-05 9.9955E-05 0.0652094 0.740029 0.0915875 0.102674 9.9955E-05 9.9955E-05 9.9955E-05
0.0192582 9.9973E-05 0.112205 0.745064 0.0083975 0.04655 9.9973E-05 9.9973E-05 0.0682259
0.0447622 0.0268642 0.0564444 0.762809 0.091311 9.9973E-05 9.9973E-05 9.9973E-05 0.0175093
9.9955E-05 9.9955E-05 0.0515976 0.84591 9.9955E-05 9.9955E-05 0.0102855 9.9955E-05 0.0917075
9.9964E-05 9.9964E-05 0.0212958 0.903285 9.9964E-05 9.9964E-05 0.0108821 0.00439478 0.0597419
9.9982E-05 0.0442961 0.0384247 0.684217 0.0345074 0.0929018 0.0510255 9.9982E-05 0.0544278
9.9955E-05 9.9955E-05 0.0808929 0.842635 9.9955E-05 9.9955E-05 0.0126423 9.9955E-05 0.0633296
0.0606818 0.0424435 0.048255 0.712728 0.0705967 9.9982E-05 0.0628696 0.0022259 9.9982E-05
0.0220872 0.042043 0.0116227 0.653691 0.123724 0.0251232 0.0383267 9.9991E-05 0.0832825
9.9955E-05 0.0114332 9.9955E-05 0.111197 0.876214 9.9955E-05 0.000656383 9.9955E-05 9.9955E-05
9.9964E-05 0.0549285 0.0153643 9.9964E-05 0.850626 0.0521579 9.9964E-05 9.9964E-05 0.0265235
9.993E-05 9.993E-05 9.993E-05 9.993E-05 0.999201 9.993E-05 9.993E-05 9.993E-05 9.993E-05
9.9946E-05 0.00875132 9.9946E-05 9.9946E-05 0.982108 0.00854098 9.9946E-05 9.9946E-05 9.9946E-05
9.993E-05 9.993E-05 9.993E-05 9.993E-05 0.999201 9.993E-05 9.993E-05 9.993E-05 9.993E-05
9.9946E-05 9.9946E-05 9.9946E-05 0.00235052 0.994317 9.9946E-05 9.9946E-05 0.00273283 9.9946E-05
0.00193941 9.9964E-05 0.0158913 9.9964E-05 0.947254 0.00123054 9.9964E-05 9.9964E-05 0.0332852
0.0926741 9.9964E-05 0.120544 9.9964E-05 0.754109 0.000496403 9.9964E-05 0.0317769 9.9964E-05
9.993E-05 9.993E-05 9.993E-05 9.993E-05 0.999201 9.993E-05 9.993E-05 9.993E-05 9.993E-05
9.993E-05 9.993E-05 9.993E-05 9.993E-05 0.999201 9.993E-05 9.993E-05 9.993E-05 9.993E-05
9.99551E-05 9.99551E-05 0.0734171 9.99551E-05 0.862341 9.99551E-05 9.99551E-05 0.0181508 0.0455909
9.9937E-05 0.000978896 9.9937E-05 9.9937E-05 0.998322 9.9937E-05 9.9937E-05 9.9937E-05 9.9937E-05
0.0703429 0.0318038 0.0236775 0.0487089 0.724682 9.9982E-05 0.0938219 9.9982E-05 0.00676303
9.993E-05 9.993E-05 9.993E-05 9.993E-05 9.993E-05 9.993E-05 0.999201 9.993E-05 9.993E-05
0.129084 0.0189831 0.0157422 0.607462 0.0583008 9.9982E-05 0.0505297 9.9982E-05 0.119699
9.993E-05 9.993E-05 9.993E-05 9.993E-05 9.993E-05 9.993E-05 0.999201 9.993E-05 9.993E-05
9.993E-05 9.993E-05 9.993E-05 9.993E-05 9.993E-05 9.993E-05 0.999201 9.993E-05 9.993E-05
9.99371E-05 9.99371E-05 0.0503684 9.99371E-05 9.99371E-05 9.99371E-05 0.948932 9.99371E-05 9.99371E-05
0.0324851 0.00975325 0.0118588 0.0351508 0.0175878 0.0795191 0.813445 9.9982E-05 9.9982E-05
9.993E-05 9.993E-05 9.993E-05 9.993E-05 9.993E-05 9.993E-05 0.999201 9.993E-05 9.993E-05
0.0600508 9.9973E-05 0.0319571 0.0370337 0.0288308 9.9973E-05 0.84167 9.9973E-05 0.000158013
9.99371E-05 9.99371E-05 0.00577938 9.99371E-05 9.99371E-05 9.99371E-05 0.993521 9.99371E-05 9.99371E-05
9.9964E-05 0.00292603 9.9964E-05 0.00733472 0.0192741 9.9964E-05 0.968382 9.9964E-05 0.00168307
9.9946E-05 9.9946E-05 9.9946E-05 9.9946E-05 9.9946E-05 0.00591001 0.991196 0.00229468 9.9946E-05
0.0117825 0.0244032 9.9946E-05 9.9946E-05 9.9946E-05 9.9946E-05 0.963215 9.9946E-05 9.9946E-05
0.0129945 0.0142317 9.9964E-05 9.9964E-05 0.0344963 9.9964E-05 0.936726 9.9964E-05 0.00115196
0.0564252 0.0399472 9.9973E-05 0.0258355 0.0539252 9.9973E-05 0.797308 9.9973E-05 0.0262592
9.9964E-05 0.00663333 0.0255868 0.00513749 9.9964E-05 9.9964E-05 0.95122 0.0110229 9.9964E-05
0.0212177 9.9964E-05 0.016398 0.0159187 9.9964E-05 9.9964E-05 0.907737 9.9964E-05 0.0383285
9.9973E-05 0.0612038 0.0245892 0.00923519 0.0116566 9.9973E-05 0.882647 0.0103684 9.9973E-05
0.0297016 0.0583635 0.00606943 0.00395662 9.9982E-05 9.9982E-05 0.877853 0.0169272 0.0069286
9.9964E-05 0.00460982 9.9964E-05 0.0455235 0.0440846 0.00533977 0.900042 9.9964E-05 9.9964E-05
0.14624 0.236214 0.0931212 0.382828 0.0325582 9.9991E-05 0.0307004 0.0452661 0.0329717
0.116506 0.272627 0.126296 0.373064 0.0550669 9.9991E-05 0.00505617 0.0390633 0.0122203
0.0994003 0.257446 0.211461 0.265497 0.01474 9.9991E-05 0.0448873 0.0502459 0.056223
0.134253 0.21946 0.100359 0.411637 9.9982E-05 9.9982E-05 0.0434619 0.0579149 0.0327144
9.9955E-05 9.9955E-05 0.925243 9.9955E-05 0.0298834 0.041037 9.9955E-05 9.9955E-05 0.00333646
9.993E-05 9.993E-05 0.999201 9.993E-05 9.993E-05 9.993E-05 9.993E-05 9.993E-05 9.993E-05
9.9955E-05 0.00948353 0.977729 0.00942296 9.9955E-05 0.00286521 9.9955E-05 9.9955E-05 9.9955E-05
9.993E-05 9.993E-05 0.999201 9.993E-05 9.993E-05 9.993E-05 9.993E-05 9.993E-05 9.993E-05
9.9946E-05 0.00330689 0.981882 9.9946E-05 9.9946E-05 9.9946E-05 9.9946E-05 9.9946E-05 0.0142116
9.9964E-05 0.00577307 0.935797 9.9964E-05 0.013138 9.9964E-05 9.9964E-05 0.00222835 0.0426633
0.00517772 0.0380737 0.909137 0.0222657 0.00684249 9.9982E-05 0.0134693 9.9982E-05 0.00483409
0.0639254 9.99834E-05 0.700719 9.99834E-05 0.0231849 0.109676 0.0680414 0.00658615 0.0276671
0.00725082 0.018099 0.847277 0.0702607 0.00316582 0.0372575 0.0131036 0.0034854 9.9991E-05
9.9937E-05 0.998096 9.9937E-05 0.00120398 9.9937E-05 9.9937E-05 9.9937E-05 9.9937E-05 9.9937E-05
0.00490707 0.987136 9.99461E-05 0.0073575 9.99461E-05 9.99461E-05 9.99461E-05 9.99461E-05 9.99461E-05
9.993E-05 0.999201 9.993E-05 9.993E-05 9.993E-05 9.993E-05 9.993E-05 9.993E-05 9.993E-05
9.993E-05 0.999201 9.993E-05 9.993E-05 9.993E-05 9.993E-05 9.993E-05 9.993E-05 9.993E-05
9.993E-05 0.999201 9.993E-05 9.993E-05 9.993E-05 9.993E-05 9.993E-05 9.993E-05 9.993E-05
0.0547016 0.837043 9.9964E-05 0.088119 9.9964E-05 9.9964E-05 0.0162407 0.00349566 9.9964E-05
9.9937E-05 0.987406 9.9937E-05 9.9937E-05 0.0118944 9.9937E-05 9.9937E-05 9.9937E-05 9.9937E-05
9.993E-05 0.999201 9.993E-05 9.993E-05 9.993E-05 9.993E-05 9.993E-05 9.993E-05 9.993E-05
9.993E-05 0.999201 9.993E-05 9.993E-05 9.993E-05 9.993E-05 9.993E-05 9.993E-05 9.993E-05
0.0214531 0.960032 9.99618E-05 9.99618E-05 0.00846779 9.99618E-05 0.00954773 9.99618E-05 9.99618E-05
9.9964E-05 0.938949 0.0316648 9.9964E-05 0.00995948 9.9964E-05 0.0162542 9.9964E-05 0.00277249
9.9946E-05 0.967322 9.9946E-05 9.9946E-05 0.015596 0.0164821 9.9946E-05 9.9946E-05 9.9946E-05
