9.993E-05 9.993E-05 9.993E-05 9.993E-05 9.993E-05 9.993E-05 9.993E-05 0.999201 9.993E-05
9.9955E-05 9.9955E-05 0.0764702 9.9955E-05 9.9955E-05 0.0937578 0.561555 0.267717 9.9955E-05
9.9955E-05 9.9955E-05 0.0770996 9.9955E-05 9.9955E-05 0.0628613 0.622878 0.236661 9.9955E-05
9.99461E-05 9.99461E-05 9.99461E-05 0.266598 9.99461E-05 9.99461E-05 0.504279 0.228523 9.99461E-05
9.9973E-05 0.00953965 9.9973E-05 0.165809 0.0523428 9.9973E-05 0.557702 0.132876 0.0814302
0.0324792 9.9982E-05 0.0364969 0.200444 9.9982E-05 0.00202727 0.54818 0.169456 0.0107171
9.9946E-05 9.9946E-05 9.9946E-05 0.0378653 9.9946E-05 9.9946E-05 0.669676 0.291859 9.9946E-05
9.9964E-05 9.9964E-05 0.101666 0.107766 9.9964E-05 0.0392088 0.465094 0.285866 9.9964E-05
9.997E-05 0.043231 0.0511863 0.0924247 9.997E-05 0.0157252 0.621809 0.175324 9.997E-05
9.993E-05 9.993E-05 9.993E-05 9.993E-05 9.993E-05 9.993E-05 9.993E-05 0.999201 9.993E-05
9.993E-05 9.993E-05 9.993E-05 9.993E-05 9.993E-05 9.993E-05 9.993E-05 0.999201 9.993E-05
9.993E-05 9.993E-05 9.993E-05 9.993E-05 9.993E-05 9.993E-05 9.993E-05 0.999201 9.993E-05
9.9931E-05 9.9931E-05 9.9931E-05 9.9931E-05 9.9931E-05 9.9931E-05 9.9931E-05 0.999201 9.9931E-05
9.9946E-05 9.9946E-05 9.9946E-05 9.9946E-05 9.9946E-05 9.9946E-05 0.0232091 0.881506 0.0946856
9.9955E-05 9.9955E-05 9.9955E-05 0.0491054 9.9955E-05 0.0142755 9.9955E-05 0.933078 0.00304177
9.9973E-05 0.0528899 0.00890257 0.328305 0.0589135 9.9973E-05 0.359552 0.191137 9.9973E-05
9.999E-05 0.0503609 0.0957988 0.196099 0.022501 0.0501929 0.293627 0.204503 0.0868176
0.00209422 9.9964E-05 9.9964E-05 0.253629 0.0117259 9.9964E-05 0.509617 0.222534 9.9964E-05
9.9955E-05 0.0561307 9.9955E-05 0.0271444 9.9955E-05 9.9955E-05 0.878082 9.9955E-05 0.0381427
0.0313287 9.9955E-05 9.9955E-05 9.9955E-05 0.022485 9.9955E-05 0.883214 9.9955E-05 0.0624727
0.0582775 0.0410336 9.9964E-05 9.9964E-05 9.9964E-05 0.00347776 0.873848 0.0229634 9.9964E-05
9.997E-05 9.997E-05 0.0495216 0.0519487 0.0251159 0.0119762 0.776985 9.997E-05 0.0841524
9.995E-05 0.0617353 0.0313725 9.995E-05 9.995E-05 9.995E-05 0.82535 9.995E-05 0.0810422
9.9946E-05 9.9946E-05 9.9946E-05 9.9946E-05 0.0231774 9.9946E-05 0.906928 9.9946E-05 0.069295
9.9955E-05 0.0443907 9.9955E-05 0.0545006 9.9955E-05 0.0130971 0.887512 9.9955E-05 9.9955E-05
0.14649 0.0533174 0.0219809 0.0478411 0.0603943 9.9982E-05 0.667237 9.9982E-05 0.00254025
0.0816935 0.102346 0.0716915 0.0023597 9.9973E-05 9.9973E-05 0.723648 9.9973E-05 0.0179608
9.9946E-05 9.9946E-05 0.0269509 0.0482424 9.9946E-05 9.9946E-05 0.924207 9.9946E-05 9.9946E-05
0.0977489 0.0211677 0.005203 0.0354048 0.00922696 9.9991E-05 0.766097 0.0437528 0.0212993
0.0135582 9.9946E-05 9.9946E-05 9.9946E-05 9.9946E-05 9.9946E-05 0.939298 0.0465443 9.9946E-05
0.0346922 0.0150083 9.9973E-05 9.9973E-05 0.0105232 9.9973E-05 0.881043 0.00570604 0.0527276
9.9964E-05 0.0506571 0.00334102 0.0421184 0.0881239 9.9964E-05 0.81536 9.9964E-05 9.9964E-05
0.137769 0.0434291 0.0243772 9.9973E-05 0.0195718 0.0136761 0.760877 9.9973E-05 9.9973E-05
0.167077 9.9973E-05 0.0593304 9.9973E-05 0.099915 9.9973E-05 0.620276 0.0512085 0.00189307
9.9946E-05 9.9946E-05 0.0321279 9.9946E-05 9.9946E-05 9.9946E-05 0.83122 9.9946E-05 0.136052
0.0203998 9.9955E-05 9.9955E-05 9.9955E-05 0.0109113 9.9955E-05 0.933983 0.0342061 9.9955E-05
0.278136 0.00527478 9.9964E-05 0.208894 9.9964E-05 9.9964E-05 0.479777 9.9964E-05 0.027518
0.292915 0.112991 0.0192896 9.9973E-05 0.0017817 9.9973E-05 0.551409 9.9973E-05 0.0213136
0.257513 0.0881969 0.0712958 0.0268603 9.9982E-05 0.000646512 0.54855 0.00673688 9.9982E-05
0.385228 0.0455399 9.9955E-05 9.9955E-05 0.00358267 9.9955E-05 0.56515 9.9955E-05 9.9955E-05
0.0640885 0.0231052 0.0186117 0.632785 0.112201 0.117037 0.031972 9.9982E-05 9.9982E-05
0.148565 0.0410603 0.0775943 0.58056 0.0885931 9.9982E-05 0.0529388 9.9982E-05 0.0104888
0.051658 9.9982E-05 0.111338 0.48032 0.0566607 0.077713 0.187382 0.0347284 9.9982E-05
0.197238 0.064241 0.0579798 0.580527 0.0521912 0.0144942 0.0327712 0.000457769 9.9991E-05
0.193697 0.056082 0.0897809 0.393421 0.0576484 9.9973E-05 0.20907 9.9973E-05 9.9973E-05
9.993E-05 9.993E-05 9.993E-05 0.999201 9.993E-05 9.993E-05 9.993E-05 9.993E-05 9.993E-05
9.993E-05 9.993E-05 9.993E-05 0.999201 9.993E-05 9.993E-05 9.993E-05 9.993E-05 9.993E-05
0.105624 0.0461625 0.0238678 0.355947 0.030505 9.9982E-05 0.390999 9.9982E-05 0.0466943
0.119966 0.069684 0.0427083 0.449446 0.0829991 9.9991E-05 0.142706 0.0767143 0.0156766
0.0093639 0.000534974 0.0229817 0.337297 0.105227 0.0687005 0.356377 0.099418 9.9991E-05
0.292644 0.0694691 0.0368896 0.348729 9.997E-05 9.997E-05 0.21101 0.0409595 9.997E-05
0.0845805 0.0152903 0.0298153 0.587999 0.0652384 9.9982E-05 0.174221 9.9982E-05 0.042656
9.9964E-05 0.0606796 0.0433713 0.882033 9.9964E-05 9.9964E-05 9.9964E-05 0.00524411 0.00827169
0.362201 0.00832738 9.9982E-05 0.23766 0.0507762 9.9982E-05 0.238285 0.0431644 0.0593867
0.430659 0.0161084 9.9991E-05 0.236772 0.0466519 0.00415618 0.198559 0.0516203 0.0153728
0.10194 9.9973E-05 0.0803371 0.524581 0.107883 0.0381266 0.146832 9.9973E-05 9.9973E-05
0.2608 0.0729545 0.0536514 0.274575 0.0362808 9.9991E-05 0.228059 0.0598176 0.0137609
0.27165 0.0499817 9.9982E-05 0.386395 0.0437499 0.0498683 0.18835 9.9982E-05 0.00980499
9.9937E-05 0.0102119 9.9937E-05 0.989089 9.9937E-05 9.9937E-05 9.9937E-05 9.9937E-05 9.9937E-05
0.300416 0.0929323 9.9964E-05 0.37419 9.9964E-05 9.9964E-05 0.203501 0.0285606 9.9964E-05
0.0146432 0.0959221 9.9973E-05 0.554005 0.110639 9.9973E-05 0.18682 9.9973E-05 0.0376704
0.213613 9.9973E-05 9.9973E-05 0.56173 0.103753 0.0406818 0.0656847 0.0142374 9.9973E-05
0.297132 0.0181979 0.0800541 0.388765 0.0321292 0.0271948 0.127865 0.00284595 0.0258162
9.9973E-05 0.00611916 0.0207905 0.7746 0.0234552 0.0358986 9.9973E-05 9.9973E-05 0.138837
0.173233 0.0543155 9.9973E-05 0.557452 0.0761721 9.9973E-05 0.136842 0.0016849 9.9973E-05
9.9955E-05 9.9955E-05 0.00302553 0.901487 0.0208063 9.9955E-05 9.9955E-05 9.9955E-05 0.0741811
0.526736 9.9946E-05 9.9946E-05 0.462937 0.0097268 9.9946E-05 9.9946E-05 9.9946E-05 9.9946E-05
9.9973E-05 9.9973E-05 0.00153022 0.777026 0.0324292 0.0268733 9.9973E-05 0.00223082 0.159611
0.157566 0.0672214 0.0195655 0.405639 0.0214494 0.0141735 0.308531 0.0057544 9.9991E-05
9.9946E-05 9.9946E-05 9.9946E-05 0.876641 0.0359126 9.9946E-05 9.9946E-05 9.9946E-05 0.0868467
0.109891 9.9982E-05 0.06014 0.607723 0.00936764 0.0862256 0.0975064 0.0289464 9.9982E-05
0.354173 0.00504248 0.0570051 0.388313 0.0619728 0.0604975 0.0727968 9.9982E-05 9.9982E-05
0.264354 0.035563 0.00671791 0.594185 9.9973E-05 9.9973E-05 0.0341299 0.0647505 9.9973E-05
0.294695 0.0515014 0.0157998 0.574148 9.9973E-05 9.9973E-05 0.0405439 0.0230122 9.9973E-05
0.498323 9.9973E-05 0.00789866 0.356907 0.0547355 9.9973E-05 9.9973E-05 0.0363217 0.0455138
0.365426 0.114363 9.9964E-05 0.466919 9.9964E-05 9.9964E-05 0.038178 9.9964E-05 0.0147135
0.283126 0.0118355 0.0555434 0.624856 9.9973E-05 0.0193463 9.9973E-05 9.9973E-05 0.00499273
0.317944 9.9991E-05 0.00656428 0.412943 0.0261869 0.0849367 0.0190648 0.0313001 0.100961
0.999201 9.993E-05 9.993E-05 9.993E-05 9.993E-05 9.993E-05 9.993E-05 9.993E-05 9.993E-05
0.999201 9.993E-05 9.993E-05 9.993E-05 9.993E-05 9.993E-05 9.993E-05 9.993E-05 9.993E-05
0.983221 9.99371E-05 0.0160795 9.99371E-05 9.99371E-05 9.99371E-05 9.99371E-05 9.99371E-05 9.99371E-05
0.999201 9.993E-05 9.993E-05 9.993E-05 9.993E-05 9.993E-05 9.993E-05 9.993E-05 9.993E-05
0.9717 9.9937E-05 0.0276009 9.9937E-05 9.9937E-05 9.9937E-05 9.9937E-05 9.9937E-05 9.9937E-05
0.552553 0.0202824 0.00203893 0.111312 0.102922 0.0362931 0.14465 0.0298476 9.9991E-05
0.47943 0.000539856 0.0207445 0.183112 0.0300715 0.179212 0.0792736 0.0275163 9.9991E-05
0.672633 0.0129994 0.0705795 0.0999357 0.00803617 0.0910525 0.0445633 9.9982E-05 9.9982E-05
0.543638 0.0445962 0.08141 0.0768853 0.0267982 0.0353698 0.158389 0.0328138 9.999E-05
0.542027 0.0378444 9.9973E-05 0.100087 0.099079 0.0563183 0.164345 9.9973E-05 9.9973E-05
0.610544 0.0355315 0.0378771 0.151146 0.0144867 0.049381 0.0201182 0.0218913 0.059024
0.374161 0.144352 0.0846247 0.11738 0.133448 0.0523654 0.0765112 9.9991E-05 0.0170577
0.270117 9.9991E-05 0.0188737 0.322956 0.0391743 0.0687644 0.0231672 0.0444414 0.212406
0.292381 9.999E-05 0.0261188 0.283564 0.0761952 0.0764867 0.0373525 0.0378333 0.169968
0.299472 0.145611 0.115331 0.131543 0.0668935 0.156689 0.0545008 0.0298595 9.999E-05
0.0295796 9.9946E-05 0.00132584 9.9946E-05 9.9946E-05 0.968495 9.9946E-05 9.9946E-05 9.9946E-05
0.0532276 9.9964E-05 9.9964E-05 9.9964E-05 0.0127443 0.902377 0.00567595 0.025575 9.9964E-05
0.0523732 0.0132854 9.9973E-05 0.04553 0.00689608 0.845783 9.9973E-05 9.9973E-05 0.0358321
0.00506358 9.99461E-05 0.00521976 9.99461E-05 9.99461E-05 0.989117 9.99461E-05 9.99461E-05 9.99461E-05
9.993E-05 9.993E-05 9.993E-05 9.993E-05 9.993E-05 0.999201 9.993E-05 9.993E-05 9.993E-05
9.993E-05 9.993E-05 9.993E-05 9.993E-05 9.993E-05 0.999201 9.993E-05 9.993E-05 9.993E-05
9.99371E-05 9.99371E-05 0.00398524 9.99371E-05 9.99371E-05 0.995315 9.99371E-05 9.99371E-05 9.99371E-05
9.995E-05 9.995E-05 0.0220506 9.995E-05 9.995E-05 0.884685 0.0561283 9.995E-05 0.0366363
9.99371E-05 9.99371E-05 9.99371E-05 9.99371E-05 0.0076424 0.991658 9.99371E-05 9.99371E-05 9.99371E-05
9.993E-05 9.993E-05 9.993E-05 9.993E-05 9.993E-05 0.999201 9.993E-05 9.993E-05 9.993E-05
0.360832 0.107896 0.0725191 0.015546 0.242679 0.0749613 0.0710046 0.0110725 0.0434899
0.030498 0.0315173 9.997E-05 0.0368375 0.0138233 0.85817 9.997E-05 9.997E-05 0.0288538
9.9946E-05 0.0210085 0.000830201 9.9946E-05 9.9946E-05 0.977562 9.9946E-05 9.9946E-05 9.9946E-05
9.9946E-05 0.00198189 9.9946E-05 0.00932833 9.9946E-05 0.98809 9.9946E-05 9.9946E-05 9.9946E-05
0.984103 9.9937E-05 9.9937E-05 9.9937E-05 0.0151979 9.9937E-05 9.9937E-05 9.9937E-05 9.9937E-05
0.999201 9.993E-05 9.993E-05 9.993E-05 9.993E-05 9.993E-05 9.993E-05 9.993E-05 9.993E-05
0.99753 9.99371E-05 9.99371E-05 9.99371E-05 9.99371E-05 9.99371E-05 9.99371E-05 9.99371E-05 0.00177057
0.999201 9.993E-05 9.993E-05 9.993E-05 9.993E-05 9.993E-05 9.993E-05 9.993E-05 9.993E-05
0.784267 0.00600652 0.0143952 9.9973E-05 0.141116 0.0245611 9.9973E-05 9.9973E-05 0.029354
0.71255 0.00237385 9.9964E-05 9.9964E-05 0.0588129 9.9964E-05 0.119795 9.9964E-05 0.106068
0.810114 9.9964E-05 9.9964E-05 9.9964E-05 0.033395 0.0501723 0.0556708 9.9964E-05 0.0502477
0.866973 9.9955E-05 9.9955E-05 9.9955E-05 0.0897777 0.00331635 9.9955E-05 9.9955E-05 0.0394328
0.827255 9.9955E-05 0.033821 9.9955E-05 9.9955E-05 0.0756389 9.9955E-05 9.9955E-05 0.0627853
0.849576 9.9955E-05 0.0151317 9.9955E-05 9.9955E-05 0.0725194 9.9955E-05 9.9955E-05 0.0622729
0.80395 0.0142534 0.0363131 9.998E-05 0.03248 0.0433721 0.0311561 9.998E-05 0.0382759
0.801214 9.9955E-05 0.00298799 9.9955E-05 9.9955E-05 0.0761328 9.9955E-05 9.9955E-05 0.119165
0.733227 0.0316753 0.0708836 0.0240676 0.0748974 9.9982E-05 9.9982E-05 0.0283059 0.036743
0.722853 0.016346 0.039061 0.0478808 0.121511 0.0520483 9.9973E-05 9.9973E-05 9.9973E-05
9.9955E-05 0.0471391 0.00976821 9.9955E-05 0.90044 9.9955E-05 9.9955E-05 9.9955E-05 0.0421529
9.9964E-05 0.0411057 9.9964E-05 9.9964E-05 0.887933 0.0272186 9.9964E-05 0.0153498 0.0279931
9.993E-05 9.993E-05 9.993E-05 9.993E-05 0.999201 9.993E-05 9.993E-05 9.993E-05 9.993E-05
9.993E-05 9.993E-05 9.993E-05 9.993E-05 0.999201 9.993E-05 9.993E-05 9.993E-05 9.993E-05
9.993E-05 9.993E-05 9.993E-05 9.993E-05 0.999201 9.993E-05 9.993E-05 9.993E-05 9.993E-05
0.00958767 9.9937E-05 9.9937E-05 9.9937E-05 0.989713 9.9937E-05 9.9937E-05 9.9937E-05 9.9937E-05
9.9955E-05 9.9955E-05 9.9955E-05 9.9955E-05 0.972901 0.0190203 0.000134432 9.9955E-05 0.00744433
9.9964E-05 9.9964E-05 9.9964E-05 0.0231056 0.789947 9.9964E-05 0.0047542 0.0357278 0.146066
9.9946E-05 0.00127752 0.0335958 9.9946E-05 0.964527 9.9946E-05 9.9946E-05 9.9946E-05 9.9946E-05
9.993E-05 9.993E-05 9.993E-05 9.993E-05 0.999201 9.993E-05 9.993E-05 9.993E-05 9.993E-05
9.99551E-05 9.99551E-05 9.99551E-05 9.99551E-05 0.877807 0.0279616 9.99551E-05 0.021293 0.0724381
9.993E-05 9.993E-05 9.993E-05 9.993E-05 0.999201 9.993E-05 9.993E-05 9.993E-05 9.993E-05
0.11863 0.00877497 0.0542474 0.0793773 0.667414 0.0069848 9.998E-05 9.998E-05 0.0643717
9.993E-05 9.993E-05 0.999201 9.993E-05 9.993E-05 9.993E-05 9.993E-05 9.993E-05 9.993E-05
0.545256 0.0360087 0.0780846 0.0933393 0.128679 0.0966512 9.998E-05 9.998E-05 0.0217812
9.993E-05 9.993E-05 0.999201 9.993E-05 9.993E-05 9.993E-05 9.993E-05 9.993E-05 9.993E-05
9.993E-05 9.993E-05 0.999201 9.993E-05 9.993E-05 9.993E-05 9.993E-05 9.993E-05 9.993E-05
9.9955E-05 9.9955E-05 0.91562 9.9955E-05 0.0102194 9.9955E-05 9.9955E-05 0.0145734 0.059087
0.119952 9.9955E-05 0.797546 0.0435428 9.9955E-05 9.9955E-05 0.0384594 9.9955E-05 9.9955E-05
9.993E-05 9.993E-05 0.999201 9.993E-05 9.993E-05 9.993E-05 9.993E-05 9.993E-05 9.993E-05
0.0851057 9.9964E-05 0.818165 0.0193607 9.9964E-05 9.9964E-05 9.9964E-05 0.0155702 0.0613988
9.99371E-05 9.99371E-05 0.994617 9.99371E-05 9.99371E-05 9.99371E-05 9.99371E-05 9.99371E-05 0.00468343
9.99371E-05 9.99371E-05 0.991748 0.00755284 9.99371E-05 9.99371E-05 9.99371E-05 9.99371E-05 9.99371E-05
9.993E-05 9.993E-05 0.999201 9.993E-05 9.993E-05 9.993E-05 9.993E-05 9.993E-05 9.993E-05
9.99371E-05 0.0134628 0.985838 9.99371E-05 9.99371E-05 9.99371E-05 9.99371E-05 9.99371E-05 9.99371E-05
0.0519899 9.9946E-05 0.941579 9.9946E-05 9.9946E-05 0.00583142 9.9946E-05 9.9946E-05 9.9946E-05
9.9964E-05 0.062838 0.795599 0.062902 0.0461162 0.0321445 9.9964E-05 9.9964E-05 9.9964E-05
9.9955E-05 9.9955E-05 0.966701 9.9955E-05 9.9955E-05 9.9955E-05 0.0103476 0.00409243 0.0183596
9.9964E-05 9.9964E-05 0.862992 0.0385019 0.0165603 0.0243508 9.9964E-05 9.9964E-05 0.0571956
9.9973E-05 0.0486218 0.880941 0.0332673 0.00278602 9.9973E-05 9.9973E-05 0.00186978 0.0322141
9.998E-05 0.046608 0.824281 0.054079 9.998E-05 0.00164112 0.0326464 0.0253664 0.0151777
0.0350277 0.0163065 0.933841 9.9955E-05 0.0143246 9.9955E-05 9.9955E-05 9.9955E-05 9.9955E-05
0.427116 0.250191 0.0319556 0.0569306 0.0362123 0.0372046 9.9991E-05 0.0515201 0.10877
0.382397 0.225907 0.0293065 0.125933 0.014515 0.0113677 0.0606679 0.0317734 0.118131
0.334282 0.254194 0.0582521 0.0879843 0.030326 0.054867 9.9991E-05 0.0462747 0.13372
0.383097 0.229252 0.0292563 0.0961417 0.0271829 0.0377005 9.9991E-05 0.0536777 0.143592
9.9964E-05 9.9964E-05 9.9964E-05 9.9964E-05 0.0301392 0.0169818 0.0107419 0.00247306 0.939264
9.993E-05 9.993E-05 9.993E-05 9.993E-05 9.993E-05 9.993E-05 9.993E-05 9.993E-05 0.999201
0.0133967 9.9946E-05 0.00390261 9.9946E-05 9.9946E-05 9.9946E-05 9.9946E-05 9.9946E-05 0.982101
9.993E-05 9.993E-05 9.993E-05 9.993E-05 9.993E-05 9.993E-05 9.993E-05 9.993E-05 0.999201
0.0095029 0.00805277 9.9964E-05 0.00818069 9.9964E-05 0.00772133 9.9964E-05 9.9964E-05 0.966142
0.0181985 0.0714795 9.9955E-05 9.9955E-05 9.9955E-05 0.00359179 9.9955E-05 9.9955E-05 0.90623
0.0392582 0.0524592 0.0131737 9.9973E-05 0.0031326 0.00651423 9.9973E-05 9.9973E-05 0.885162
0.0941664 0.0166081 0.0202351 0.00139095 0.00693329 0.0191703 0.0864679 0.00707562 0.747952
0.031605 0.00753062 0.000463929 0.0256864 0.018593 9.9982E-05 0.091436 9.9982E-05 0.824485
0.00391911 0.981569 9.9955E-05 9.9955E-05 0.0102963 9.9955E-05 9.9955E-05 9.9955E-05 0.00371632
9.99371E-05 0.993993 9.99371E-05 9.99371E-05 9.99371E-05 9.99371E-05 9.99371E-05 9.99371E-05 0.005307
9.9946E-05 0.974499 0.000741123 9.9946E-05 0.0241601 9.9946E-05 9.9946E-05 9.9946E-05 9.9946E-05
9.993E-05 0.999201 9.993E-05 9.993E-05 9.993E-05 9.993E-05 9.993E-05 9.993E-05 9.993E-05
9.993E-05 0.999201 9.993E-05 9.993E-05 9.993E-05 9.993E-05 9.993E-05 9.993E-05 9.993E-05
9.9955E-05 0.830457 0.0241444 9.9955E-05 9.9955E-05 9.9955E-05 9.9955E-05 0.0478505 0.0970487
9.993E-05 0.999201 9.993E-05 9.993E-05 9.993E-05 9.993E-05 9.993E-05 9.993E-05 9.993E-05
9.993E-05 0.999201 9.993E-05 9.993E-05 9.993E-05 9.993E-05 9.993E-05 9.993E-05 9.993E-05
9.993E-05 0.999201 9.993E-05 9.993E-05 9.993E-05 9.993E-05 9.993E-05 9.993E-05 9.993E-05
0.00131275 0.883809 0.000434333 0.0224571 0.0674005 0.0130999 9.9982E-05 0.0112863 9.9982E-05
9.993E-05 0.999201 9.993E-05 9.993E-05 9.993E-05 9.993E-05 9.993E-05 9.993E-05 9.993E-05
9.9946E-05 0.983921 9.9946E-05 0.00490235 9.9946E-05 9.9946E-05 9.9946E-05 9.9946E-05 0.0105765
