9.993E-05 9.993E-05 9.993E-05 9.993E-05 9.993E-05 9.993E-05 0.999201 9.993E-05 9.993E-05
9.9955E-05 0.083422 9.9955E-05 9.9955E-05 9.9955E-05 9.9955E-05 0.292093 0.580457 0.0435285
9.9955E-05 0.0756449 9.9955E-05 9.9955E-05 9.9955E-05 9.9955E-05 0.261884 0.567282 0.094689
9.99461E-05 9.99461E-05 0.111112 9.99461E-05 9.99461E-05 9.99461E-05 0.217836 0.670452 9.99461E-05
0.0106861 9.9982E-05 0.137719 0.0467124 0.032764 0.0238397 0.0938221 0.654257 9.9982E-05
9.997E-05 9.997E-05 0.168725 0.0245945 9.997E-05 0.0439631 0.137609 0.580596 0.0442129
9.9946E-05 9.9946E-05 9.9946E-05 9.9946E-05 9.9946E-05 9.9946E-05 0.255884 0.73984 0.00367667
9.9964E-05 0.00102573 0.12507 9.9964E-05 9.9964E-05 9.9964E-05 0.277806 0.525384 0.0703155
9.9973E-05 0.0264794 0.0381489 9.9973E-05 0.0286508 9.9973E-05 0.179867 0.67247 0.054084
9.993E-05 9.993E-05 9.993E-05 9.993E-05 9.993E-05 9.993E-05 0.999201 9.993E-05 9.993E-05
9.993E-05 9.993E-05 9.993E-05 9.993E-05 9.993E-05 9.993E-05 0.999201 9.993E-05 9.993E-05
9.9937E-05 0.00203003 9.9937E-05 9.9937E-05 9.9937E-05 9.9937E-05 0.99727 9.9937E-05 9.9937E-05
0.0151757 9.9937E-05 9.9937E-05 9.9937E-05 9.9937E-05 9.9937E-05 0.984125 9.9937E-05 9.9937E-05
9.9955E-05 9.9955E-05 0.0308514 0.0131576 9.9955E-05 9.9955E-05 0.926518 9.9955E-05 0.0289734
0.000851564 9.9964E-05 0.0316216 0.0181707 0.0025415 9.9964E-05 0.946415 9.9964E-05 9.9964E-05
9.9982E-05 0.000117502 0.313914 0.000642363 0.010775 9.9982E-05 0.162601 0.481987 0.0297621
0.0304365 0.0199906 0.146085 0.0555522 0.0560413 0.0853694 0.218139 0.305018 0.0833682
0.00440846 9.9964E-05 0.083442 9.9964E-05 0.0461865 9.9964E-05 0.16896 0.696604 9.9964E-05
9.9955E-05 0.00568557 9.9955E-05 0.0890006 0.0420941 9.9955E-05 9.9955E-05 0.86272 9.9955E-05
0.0088166 9.9955E-05 9.9955E-05 0.051124 9.9955E-05 0.0386974 9.9955E-05 0.900862 9.9955E-05
9.9955E-05 9.9955E-05 9.9955E-05 9.9955E-05 0.0332723 0.066678 0.036937 0.862613 9.9955E-05
0.0105972 9.9964E-05 0.0326353 0.0803161 9.9964E-05 9.9964E-05 9.9964E-05 0.796016 0.0800355
0.000887325 9.9973E-05 9.9973E-05 0.0832483 0.0212986 0.0180316 9.9973E-05 0.844238 0.0319965
0.0414719 9.9946E-05 9.9946E-05 9.9946E-05 9.9946E-05 9.9946E-05 9.9946E-05 0.935169 0.022759
0.0304457 0.000386816 0.0167996 9.9973E-05 0.0132155 0.0260311 9.9973E-05 0.912821 9.9973E-05
0.0871596 9.9973E-05 0.0899033 9.9973E-05 0.0508156 0.126944 9.9973E-05 0.627332 0.0175456
9.9964E-05 9.9964E-05 9.9964E-05 0.0087121 0.108526 0.0664398 9.9964E-05 0.718763 0.0971592
0.0118622 9.9946E-05 9.9946E-05 9.9946E-05 9.9946E-05 9.9946E-05 9.9946E-05 0.970239 0.0172987
0.016246 9.9982E-05 0.052935 0.0265988 0.0197584 0.111503 0.0398279 0.732931 9.9982E-05
9.9955E-05 9.9955E-05 9.9955E-05 9.9955E-05 0.00364832 0.0629799 0.0387954 0.894077 9.9955E-05
9.9955E-05 9.9955E-05 9.9955E-05 0.0780189 0.00119741 9.9955E-05 0.0333524 0.886932 9.9955E-05
0.058743 0.0115669 0.0725867 9.9973E-05 0.0719785 0.0130781 9.9973E-05 0.771747 9.9973E-05
0.0144966 9.9973E-05 9.9973E-05 0.0202421 0.031481 0.188824 9.9973E-05 0.735096 0.00956038
0.0671503 0.00268435 0.000484626 9.9982E-05 9.9982E-05 0.209442 0.0462254 0.61609 0.0577241
0.00387632 9.9955E-05 9.9955E-05 0.131696 9.9955E-05 9.9955E-05 9.9955E-05 0.823385 0.0405433
9.9946E-05 9.9946E-05 9.9946E-05 9.9946E-05 9.9946E-05 0.0769727 0.0489255 0.873502 9.9946E-05
9.996E-05 9.996E-05 0.340674 0.0208712 0.00274737 0.138804 9.996E-05 0.496504 9.996E-05
0.0372326 9.9982E-05 0.00372151 0.072082 0.0413617 0.227226 9.9982E-05 0.597201 0.0209756
9.999E-05 0.00236595 0.0633216 0.0069946 0.0895119 0.229113 0.00412651 0.559576 0.0448908
0.00198949 9.9964E-05 0.0482082 9.9964E-05 0.0562709 0.310742 9.9964E-05 0.58239 9.9964E-05
0.0991549 0.0626209 0.714489 9.998E-05 0.00540442 0.0365306 9.998E-05 0.044897 0.0367029
0.0717485 0.0310519 0.679566 9.9973E-05 0.0652781 0.101841 9.9973E-05 9.9973E-05 0.0502146
0.0573569 0.0469175 0.584303 9.9973E-05 9.9973E-05 9.9973E-05 0.0352172 0.179016 0.0968892
0.0372561 0.0440216 0.77057 9.9982E-05 0.0336066 0.0289443 9.9982E-05 0.0506783 0.0347228
0.025645 9.9973E-05 0.40962 9.9973E-05 0.0426155 0.176533 9.9973E-05 0.262196 0.0830907
9.993E-05 9.993E-05 0.999201 9.993E-05 9.993E-05 9.993E-05 9.993E-05 9.993E-05 9.993E-05
9.993E-05 9.993E-05 0.999201 9.993E-05 9.993E-05 9.993E-05 9.993E-05 9.993E-05 9.993E-05
0.0576647 9.9982E-05 0.418191 0.0320195 0.0207233 0.0318067 9.9982E-05 0.408385 0.031009
0.0837786 9.9991E-05 0.455437 0.00632449 0.0762635 0.0886309 0.0654535 0.178339 0.0456735
0.0706828 0.0341244 0.335283 9.9982E-05 9.9982E-05 0.0354999 0.0904764 0.398882 0.0348509
0.00798724 0.0158518 0.296172 9.999E-05 0.0680883 0.256671 0.0624435 0.255204 0.0374827
0.0476619 9.9973E-05 0.577734 0.0593944 0.031393 9.9973E-05 9.9973E-05 0.213317 0.0702
0.00764408 9.9946E-05 0.962088 9.9946E-05 0.0296686 9.9946E-05 9.9946E-05 9.9946E-05 9.9946E-05
0.014691 9.9991E-05 0.252903 0.064087 0.0315306 0.378567 0.0613772 0.194768 0.00197712
0.045449 0.0113295 0.290481 0.0158513 0.0234305 0.354933 0.0456257 0.2128 9.9991E-05
0.0777033 0.0200961 0.630842 9.9973E-05 9.9973E-05 0.0213517 9.9973E-05 0.136843 0.112864
0.0259012 9.9991E-05 0.29733 0.00727573 0.0649996 0.215576 0.0693774 0.237979 0.0814614
0.0284434 0.0300394 0.475139 0.0102404 0.0932818 0.186052 9.9982E-05 0.176604 9.9982E-05
9.9946E-05 9.9946E-05 0.993717 9.9946E-05 0.00308059 9.9946E-05 0.00260295 9.9946E-05 9.9946E-05
9.9973E-05 9.9973E-05 0.336145 9.9973E-05 0.0543919 0.257914 0.0381124 0.269661 0.0434759
0.0552783 0.00493507 0.605932 0.0132323 0.114028 9.9973E-05 9.9973E-05 0.206294 9.9973E-05
0.133188 0.0173795 0.693588 9.9964E-05 9.9964E-05 0.0632847 9.9964E-05 0.0921592 9.9964E-05
0.0257811 0.0706945 0.519744 0.0258616 0.000693221 0.187715 9.9991E-05 0.121159 0.0482514
0.0471878 0.0652192 0.809366 0.0694567 9.9964E-05 9.9964E-05 9.9964E-05 9.9964E-05 0.00837041
0.0254032 9.9955E-05 0.640749 9.9955E-05 9.9955E-05 0.191408 9.9955E-05 0.14194 9.9955E-05
0.0018143 0.0259452 0.885115 0.0553788 9.9964E-05 9.9964E-05 9.9964E-05 9.9964E-05 0.0313467
9.9946E-05 0.0210722 0.62688 9.9946E-05 9.9946E-05 0.351448 9.9946E-05 9.9946E-05 9.9946E-05
0.0538084 0.0181015 0.845352 0.0801067 9.9964E-05 9.9964E-05 0.00223175 9.9964E-05 9.9964E-05
0.0156521 0.0242785 0.431341 9.9982E-05 0.0150233 0.186436 9.9982E-05 0.31767 0.00939899
0.00815174 9.9946E-05 0.952366 0.0388824 9.9946E-05 9.9946E-05 9.9946E-05 9.9946E-05 9.9946E-05
0.0182159 0.0894239 0.547247 9.998E-05 9.998E-05 0.13728 0.0272478 0.1177 0.0626859
0.018047 0.0179177 0.486642 0.0200363 0.0291474 0.322368 9.9991E-05 0.060532 0.0452092
9.997E-05 9.997E-05 0.783307 0.011527 0.0427572 0.0789541 0.0656996 9.997E-05 0.0174551
9.995E-05 9.995E-05 0.750191 9.995E-05 0.0653953 0.113269 0.0706452 9.995E-05 9.995E-05
0.0648257 9.9973E-05 0.40326 0.0220113 9.9973E-05 0.427534 0.0530365 0.0290322 9.9973E-05
9.9964E-05 9.9964E-05 0.703291 9.9964E-05 0.0958059 0.189214 0.00428334 0.00700546 9.9964E-05
0.0217353 0.00684351 0.765866 9.9964E-05 9.9964E-05 0.169495 9.9964E-05 9.9964E-05 0.0356607
0.00482486 0.0839366 0.62882 0.103022 9.9982E-05 0.145654 9.9982E-05 0.0106718 0.0228708
9.9973E-05 0.00372797 0.0237992 0.0328374 9.9973E-05 0.89366 9.9973E-05 0.019872 0.0258037
9.993E-05 9.993E-05 9.993E-05 9.993E-05 9.993E-05 0.999201 9.993E-05 9.993E-05 9.993E-05
9.99461E-05 9.99461E-05 9.99461E-05 9.99461E-05 0.00582438 0.988214 0.00536185 9.99461E-05 9.99461E-05
9.993E-05 9.993E-05 9.993E-05 9.993E-05 9.993E-05 0.999201 9.993E-05 9.993E-05 9.993E-05
9.993E-05 9.993E-05 9.993E-05 9.993E-05 9.993E-05 0.999201 9.993E-05 9.993E-05 9.993E-05
0.0350534 0.0376691 0.171312 9.999E-05 0.0304004 0.542226 0.0073772 0.157982 0.01788
0.0322741 0.123788 0.187634 9.998E-05 0.0187609 0.514587 0.00673629 0.116019 9.998E-05
9.998E-05 0.100453 0.194635 9.998E-05 0.00463069 0.543801 0.00906256 0.073087 0.0741306
0.0510226 0.0148818 0.169798 9.999E-05 0.0507978 0.462486 0.0488737 0.12184 0.0802005
0.0630463 0.0908074 0.137746 9.998E-05 0.0506041 0.511197 0.00252163 0.143878 9.998E-05
0.058163 0.146904 0.22606 0.0395604 0.00448164 0.382927 9.999E-05 0.087386 0.0544183
0.104005 0.0900116 0.183019 9.999E-05 0.125214 0.330551 0.00210328 0.0747248 0.0902702
0.0320265 0.103186 0.353104 0.190441 9.999E-05 0.178324 0.0437964 0.0161989 0.0828226
0.0531647 0.0702392 0.389949 0.162624 9.999E-05 0.184348 0.0470002 0.0388558 0.0537192
0.0247475 0.180538 0.213336 9.999E-05 0.177933 0.266766 0.0285319 0.0207651 0.0872818
9.993E-05 0.999201 9.993E-05 9.993E-05 9.993E-05 9.993E-05 9.993E-05 9.993E-05 9.993E-05
0.0413692 0.927474 0.0152846 9.9955E-05 9.9955E-05 9.9955E-05 0.0153727 9.9955E-05 9.9955E-05
0.00460986 0.882131 0.0126537 0.0751679 0.0106953 9.9982E-05 0.0110489 0.00349377 9.9982E-05
9.993E-05 0.999201 9.993E-05 9.993E-05 9.993E-05 9.993E-05 9.993E-05 9.993E-05 9.993E-05
9.993E-05 0.999201 9.993E-05 9.993E-05 9.993E-05 9.993E-05 9.993E-05 9.993E-05 9.993E-05
9.99371E-05 0.995473 9.99371E-05 0.00382756 9.99371E-05 9.99371E-05 9.99371E-05 9.99371E-05 9.99371E-05
9.9955E-05 0.970422 9.9955E-05 0.0202717 9.9955E-05 9.9955E-05 9.9955E-05 0.00249847 0.00630827
9.996E-05 0.85214 0.0314237 0.0512561 9.996E-05 0.0224757 9.996E-05 0.0423043 9.996E-05
0.00488275 0.973071 9.9955E-05 0.00850544 9.9955E-05 0.013041 9.9955E-05 9.9955E-05 9.9955E-05
9.993E-05 0.999201 9.993E-05 9.993E-05 9.993E-05 9.993E-05 9.993E-05 9.993E-05 9.993E-05
0.258346 0.0620785 0.0103253 0.0689551 0.0632913 0.357739 9.999E-05 0.0901073 0.0890571
0.0151958 0.889916 0.0805098 9.9955E-05 0.0138782 9.9955E-05 9.9955E-05 9.9955E-05 9.9955E-05
9.99371E-05 0.994634 9.99371E-05 9.99371E-05 9.99371E-05 9.99371E-05 9.99371E-05 0.00466635 9.99371E-05
0.00507131 0.959481 9.9964E-05 9.9964E-05 0.00904546 0.0240607 0.00194163 9.9964E-05 9.9964E-05
0.0446969 9.9946E-05 9.9946E-05 9.9946E-05 0.001359 0.953344 9.9946E-05 9.9946E-05 9.9946E-05
0.0188761 9.9937E-05 9.9937E-05 9.9937E-05 9.9937E-05 0.980424 9.9937E-05 9.9937E-05 9.9937E-05
9.993E-05 9.993E-05 9.993E-05 9.993E-05 9.993E-05 0.999201 9.993E-05 9.993E-05 9.993E-05
0.0051428 9.9937E-05 9.9937E-05 9.9937E-05 9.9937E-05 0.994158 9.9937E-05 9.9937E-05 9.9937E-05
0.0877833 0.0194834 9.997E-05 0.0148016 0.0321186 0.8365 9.997E-05 9.997E-05 0.00901347
0.0837869 9.9955E-05 9.9955E-05 0.0931321 9.9955E-05 0.675974 9.9955E-05 0.146607 9.9955E-05
0.0273457 0.0412813 0.0117626 0.102731 0.00734337 0.747088 9.998E-05 0.0622482 9.998E-05
0.0872348 0.0139653 9.9955E-05 0.0431124 9.9955E-05 0.855188 9.9955E-05 9.9955E-05 9.9955E-05
9.996E-05 0.124884 9.996E-05 0.0422649 0.054935 0.732842 9.996E-05 9.996E-05 0.044674
9.9955E-05 0.0533459 9.9955E-05 0.0822524 9.9955E-05 0.827408 9.9955E-05 9.9955E-05 0.0364943
0.0286408 0.0149307 9.998E-05 0.053505 0.0145109 0.798903 9.998E-05 0.064661 0.0246483
9.9964E-05 0.0691956 9.9964E-05 0.107341 0.031368 0.783739 9.9964E-05 9.9964E-05 0.0079563
0.0958218 9.9991E-05 0.0679606 0.0423866 0.040128 0.67517 0.00544344 0.000893913 0.0720958
0.132657 0.0574108 0.0523673 9.999E-05 0.017317 0.676336 0.00810192 0.0288024 0.0269083
0.935258 0.00958525 0.0226291 9.9955E-05 9.9955E-05 9.9955E-05 9.9955E-05 9.9955E-05 0.0320275
0.838354 0.0148695 0.00506453 0.0605527 0.054955 9.998E-05 0.00304033 0.0229644 9.998E-05
0.989778 9.9937E-05 9.9937E-05 9.9937E-05 9.9937E-05 0.00952207 9.9937E-05 9.9937E-05 9.9937E-05
0.999201 9.993E-05 9.993E-05 9.993E-05 9.993E-05 9.993E-05 9.993E-05 9.993E-05 9.993E-05
0.999201 9.993E-05 9.993E-05 9.993E-05 9.993E-05 9.993E-05 9.993E-05 9.993E-05 9.993E-05
0.999201 9.993E-05 9.993E-05 9.993E-05 9.993E-05 9.993E-05 9.993E-05 9.993E-05 9.993E-05
0.981976 9.9946E-05 9.9946E-05 0.0116331 9.9946E-05 0.00579156 9.9946E-05 9.9946E-05 9.9946E-05
0.816192 9.9964E-05 0.0423063 0.104022 9.9964E-05 9.9964E-05 0.00930898 0.0277715 9.9964E-05
0.991504 9.9937E-05 9.9937E-05 9.9937E-05 9.9937E-05 9.9937E-05 9.9937E-05 9.9937E-05 0.00779673
0.999201 9.993E-05 9.993E-05 9.993E-05 9.993E-05 9.993E-05 9.993E-05 9.993E-05 9.993E-05
0.852197 0.0323112 9.99551E-05 0.0783363 9.99551E-05 9.99551E-05 0.0366557 9.99551E-05 9.99551E-05
0.99801 9.99423E-05 9.99423E-05 9.99423E-05 0.00129056 9.99423E-05 9.99423E-05 9.99423E-05 9.99423E-05
0.741708 0.0416038 0.0861247 0.0669603 9.9964E-05 9.9964E-05 9.9964E-05 9.9964E-05 0.0632035
9.993E-05 9.993E-05 9.993E-05 9.993E-05 9.993E-05 9.993E-05 9.993E-05 9.993E-05 0.999201
0.0934848 0.141954 0.114269 0.0369969 0.0400738 0.519555 9.998E-05 9.998E-05 0.0534659
9.993E-05 9.993E-05 9.993E-05 9.993E-05 9.993E-05 9.993E-05 9.993E-05 9.993E-05 0.999201
9.993E-05 9.993E-05 9.993E-05 9.993E-05 9.993E-05 9.993E-05 9.993E-05 9.993E-05 0.999201
9.99461E-05 0.0196389 9.99461E-05 0.0634147 9.99461E-05 9.99461E-05 9.99461E-05 9.99461E-05 0.916347
0.0406293 0.0141783 0.0315095 9.998E-05 0.0175072 0.0971883 9.998E-05 0.0831345 0.715653
9.993E-05 9.993E-05 9.993E-05 9.993E-05 9.993E-05 9.993E-05 9.993E-05 9.993E-05 0.999201
0.0401849 9.9964E-05 9.9964E-05 0.0290574 0.00135873 0.0541493 9.9964E-05 9.9964E-05 0.87485
9.99371E-05 0.000770267 9.99371E-05 9.99371E-05 9.99371E-05 9.99371E-05 9.99371E-05 9.99371E-05 0.99853
0.0222794 9.9955E-05 9.9955E-05 9.9955E-05 0.0150874 9.9955E-05 9.9955E-05 0.0519829 0.910151
9.9946E-05 9.9946E-05 9.9946E-05 0.00735181 9.9946E-05 9.9946E-05 0.0138221 9.9946E-05 0.978226
0.00877198 0.00754823 9.9973E-05 9.9973E-05 0.00312133 0.0384727 0.00743356 9.9973E-05 0.934352
0.0249997 9.9964E-05 0.0261718 9.9964E-05 9.9964E-05 0.0103074 9.9964E-05 0.00909646 0.929025
0.0804212 0.031895 0.0202781 9.997E-05 0.0775623 0.0028482 9.997E-05 9.997E-05 0.786695
9.9955E-05 9.9955E-05 9.9955E-05 0.0507527 9.9955E-05 0.0180032 9.9955E-05 0.00693616 0.923808
0.00027398 0.0213102 0.0767738 0.00997971 0.0192788 9.9973E-05 9.9973E-05 9.9973E-05 0.872084
9.9973E-05 9.9973E-05 0.0386197 0.0104116 0.0397179 0.012852 0.0274529 9.9973E-05 0.870646
9.996E-05 9.996E-05 0.0302111 9.996E-05 0.0427699 0.0889305 0.0279445 9.996E-05 0.809744
0.0365645 0.010092 0.0210339 0.00961931 9.9964E-05 9.9964E-05 9.9964E-05 9.9964E-05 0.92229
0.0390783 0.110653 0.134633 0.0985282 0.251518 0.258748 0.0276145 9.999E-05 0.0791269
0.0353283 0.0348052 0.142143 0.116163 0.243169 0.314838 0.0345144 9.999E-05 0.0789387
0.0151161 0.0982245 0.185409 0.158281 0.237791 0.234118 0.0315301 9.999E-05 0.0394294
0.0127993 0.0490236 0.186238 0.109704 0.235676 0.280455 0.0499092 9.999E-05 0.0760946
0.00851932 9.997E-05 0.00790813 0.947289 0.015552 0.0120109 9.997E-05 0.00842079 9.997E-05
9.993E-05 9.993E-05 9.993E-05 0.999201 9.993E-05 9.993E-05 9.993E-05 9.993E-05 9.993E-05
9.9937E-05 9.9937E-05 9.9937E-05 0.995849 0.00345159 9.9937E-05 9.9937E-05 9.9937E-05 9.9937E-05
9.993E-05 9.993E-05 9.993E-05 0.999201 9.993E-05 9.993E-05 9.993E-05 9.993E-05 9.993E-05
9.995E-05 0.00675841 9.995E-05 0.939059 9.995E-05 0.0446973 0.00898595 9.995E-05 9.995E-05
9.9946E-05 0.0218041 9.9946E-05 0.965557 0.0120389 9.9946E-05 9.9946E-05 9.9946E-05 9.9946E-05
9.9955E-05 0.00564622 9.9955E-05 0.963193 9.9955E-05 0.0255252 0.0051357 9.9955E-05 9.9955E-05
0.0314789 9.9973E-05 9.9973E-05 0.71421 9.9973E-05 0.0225495 0.0133069 0.161027 0.0571279
0.00536349 9.998E-05 0.049272 0.836034 9.998E-05 0.0297572 0.0104509 0.0330487 0.0358738
9.9937E-05 9.9937E-05 9.9937E-05 9.9937E-05 0.998946 9.9937E-05 0.000354028 9.9937E-05 9.9937E-05
9.993E-05 9.993E-05 9.993E-05 9.993E-05 0.999201 9.993E-05 9.993E-05 9.993E-05 9.993E-05
9.993E-05 9.993E-05 9.993E-05 9.993E-05 0.999201 9.993E-05 9.993E-05 9.993E-05 9.993E-05
0.0179144 9.9946E-05 9.9946E-05 9.9946E-05 0.968462 9.9946E-05 9.9946E-05 9.9946E-05 0.013024
9.993E-05 9.993E-05 9.993E-05 9.993E-05 0.999201 9.993E-05 9.993E-05 9.993E-05 9.993E-05
9.9973E-05 9.9973E-05 9.9973E-05 0.0307852 0.838659 0.0836233 0.000896856 0.0187068 0.0270287
9.993E-05 9.993E-05 9.993E-05 9.993E-05 0.999201 9.993E-05 9.993E-05 9.993E-05 9.993E-05
9.993E-05 9.993E-05 9.993E-05 9.993E-05 0.999201 9.993E-05 9.993E-05 9.993E-05 9.993E-05
0.00275825 9.99371E-05 9.99371E-05 9.99371E-05 0.996542 9.99371E-05 9.99371E-05 9.99371E-05 9.99371E-05
0.0286218 9.9964E-05 0.0230757 9.9964E-05 0.917821 9.9964E-05 9.9964E-05 0.0197049 0.0103766
9.9946E-05 0.000981229 9.9946E-05 9.9946E-05 0.996556 9.9946E-05 9.9946E-05 9.9946E-05 0.00186355
9.9937E-05 9.9937E-05 9.9937E-05 0.00413118 0.995169 9.9937E-05 9.9937E-05 9.9937E-05 9.9937E-05
