9.993E-05 9.993E-05 9.993E-05 9.993E-05 9.993E-05 9.993E-05 0.999201 9.993E-05 9.993E-05
9.9982E-05 0.0437645 0.00971024 9.9982E-05 0.0690399 0.0117963 0.148907 0.618697 0.0978844
9.9964E-05 0.076008 9.9964E-05 9.9964E-05 0.0633503 9.9964E-05 0.112309 0.673328 0.0746043
9.993E-05 9.993E-05 9.993E-05 9.993E-05 9.993E-05 9.993E-05 9.993E-05 0.999201 9.993E-05
0.0779902 9.9982E-05 0.00598833 0.00473198 9.9982E-05 0.0738812 0.00260889 0.631515 0.203085
9.9964E-05 9.9964E-05 9.9964E-05 0.136605 9.9964E-05 0.0521375 0.0330676 0.552491 0.225299
9.9946E-05 9.9946E-05 9.9946E-05 9.9946E-05 9.9946E-05 9.9946E-05 0.179363 0.549946 0.270092
9.9964E-05 0.0594463 9.9964E-05 0.13867 9.9964E-05 9.9964E-05 0.187416 0.490886 0.123182
0.0432421 0.066269 9.9973E-05 9.9973E-05 0.0141596 9.9973E-05 0.0860496 0.487371 0.302609
9.993E-05 9.993E-05 9.993E-05 9.993E-05 9.993E-05 9.993E-05 0.999201 9.993E-05 9.993E-05
9.993E-05 9.993E-05 9.993E-05 9.993E-05 9.993E-05 9.993E-05 0.999201 9.993E-05 9.993E-05
9.993E-05 9.993E-05 9.993E-05 9.993E-05 9.993E-05 9.993E-05 0.999201 9.993E-05 9.993E-05
9.9937E-05 9.9937E-05 9.9937E-05 9.9937E-05 0.0216207 9.9937E-05 0.97768 9.9937E-05 9.9937E-05
9.9955E-05 0.0129384 9.9955E-05 9.9955E-05 9.9955E-05 0.0552789 0.931086 9.9955E-05 0.000196517
9.9946E-05 9.9946E-05 0.0282267 9.9946E-05 9.9946E-05 9.9946E-05 0.940636 0.0305373 9.9946E-05
0.0217995 0.0317908 0.0628304 0.209296 9.9991E-05 0.00968426 0.0583481 0.539718 0.066433
0.0548902 0.0491504 0.0827442 0.120179 0.0360003 0.0951316 0.134003 0.316803 0.111098
9.993E-05 9.993E-05 9.993E-05 9.993E-05 9.993E-05 9.993E-05 9.993E-05 0.999201 9.993E-05
0.00661738 9.9955E-05 9.9955E-05 9.9955E-05 9.9955E-05 0.0237665 9.9955E-05 0.0621598 0.906957
0.00238257 9.9955E-05 0.0334035 9.9955E-05 9.9955E-05 0.0609739 9.9955E-05 9.9955E-05 0.90274
0.0243209 9.9955E-05 9.9955E-05 9.9955E-05 9.9955E-05 9.9955E-05 0.0697109 0.114106 0.791363
9.9973E-05 0.0725211 0.0219258 0.0356625 9.9973E-05 0.0529995 9.9973E-05 0.0654054 0.751186
0.00613842 0.0384497 9.9964E-05 9.9964E-05 9.9964E-05 0.0614506 9.9964E-05 0.0180617 0.8755
9.9946E-05 0.00899253 0.0254223 9.9946E-05 9.9946E-05 9.9946E-05 9.9946E-05 9.9946E-05 0.964986
9.99371E-05 9.99371E-05 9.99371E-05 9.99371E-05 0.00415582 9.99371E-05 9.99371E-05 9.99371E-05 0.995145
0.0306418 9.9964E-05 0.064305 0.256697 9.9964E-05 9.9964E-05 0.000932294 9.9964E-05 0.647024
0.0754988 0.0388462 9.9982E-05 0.114382 0.0248132 0.0474233 0.020969 9.9982E-05 0.677868
9.9955E-05 0.0177519 9.9955E-05 0.00228595 9.9955E-05 9.9955E-05 9.9955E-05 0.0614304 0.918032
0.0162463 0.0107353 0.064094 0.0828156 9.9991E-05 0.00608781 0.056621 0.0118291 0.751471
0.0171899 9.9964E-05 9.9964E-05 0.0258657 9.9964E-05 9.9964E-05 0.0711369 0.0743018 0.811106
0.0173449 9.9955E-05 9.9955E-05 9.9955E-05 9.9955E-05 0.000614505 0.0829479 9.9955E-05 0.898593
0.0218289 0.0168981 0.0530812 0.0248401 9.9964E-05 9.9964E-05 9.9964E-05 9.9964E-05 0.882952
0.039414 0.043977 9.9973E-05 0.0940448 0.0108483 9.9973E-05 0.01671 9.9973E-05 0.794706
9.9973E-05 0.0435428 0.0964003 0.137172 9.9973E-05 0.0407262 0.0566242 9.9973E-05 0.625234
0.0368027 0.0205367 9.9964E-05 9.9964E-05 9.9964E-05 0.100322 9.9964E-05 0.0623921 0.779547
9.9955E-05 9.9955E-05 9.9955E-05 0.0495948 9.9955E-05 9.9955E-05 0.0912394 0.0181558 0.84051
9.9946E-05 9.9946E-05 9.9946E-05 0.388678 9.9946E-05 0.00991638 9.9946E-05 9.9946E-05 0.600806
0.0780354 0.0261988 0.00335546 0.253677 0.00982421 0.0501108 9.9991E-05 0.0810634 0.497635
0.0966185 0.0321394 0.00915296 0.177851 0.0855796 0.020792 0.0023808 0.0381074 0.537378
0.0149491 9.9991E-05 0.0271609 0.211941 0.0276526 0.0522605 0.0100633 0.00688444 0.648988
0.0303117 0.0268568 0.0562216 0.543769 0.0439557 9.9973E-05 9.9973E-05 0.298585 9.9973E-05
0.105213 0.0755157 0.0230087 0.615096 0.00341222 0.0453383 9.9982E-05 0.132217 9.9982E-05
9.9964E-05 0.0427475 0.077161 0.543246 0.0110456 9.9964E-05 9.9964E-05 0.3254 9.9964E-05
0.0507666 0.00086958 9.9964E-05 0.67759 0.00808398 9.9964E-05 9.9964E-05 0.26229 9.9964E-05
0.0354904 0.0619047 0.0176845 0.71076 9.9973E-05 9.9973E-05 9.9973E-05 0.0253154 0.148545
9.9937E-05 9.9937E-05 9.9937E-05 0.992025 9.9937E-05 9.9937E-05 0.00727511 9.9937E-05 9.9937E-05
9.993E-05 9.993E-05 9.993E-05 0.999201 9.993E-05 9.993E-05 9.993E-05 9.993E-05 9.993E-05
0.0363091 0.0612615 0.0151321 0.453714 9.9982E-05 0.00516591 9.9982E-05 0.0530795 0.375138
0.0870042 0.0360637 0.0472159 0.617861 9.9991E-05 0.0163157 0.0459165 0.105658 0.0438658
9.9982E-05 0.00435145 0.0451776 0.455409 0.0183892 9.9982E-05 0.0789731 0.148571 0.248928
0.0467665 0.00356971 9.9982E-05 0.66768 0.0143571 9.9982E-05 0.0263405 0.0580986 0.182988
0.03116 0.0408432 0.00117307 0.71099 9.9991E-05 0.0076874 0.0152257 0.0329355 0.159885
9.9955E-05 0.0115833 9.9955E-05 0.927826 9.9955E-05 9.9955E-05 0.0240188 0.0360721 9.9955E-05
0.068305 9.9982E-05 0.0395033 0.583802 0.00681207 0.0586387 0.0599544 9.9982E-05 0.182785
0.0026165 9.9982E-05 0.0510988 0.635555 0.0278683 0.0617412 0.0586305 9.9982E-05 0.16229
9.9964E-05 0.0798729 0.0351606 0.741231 9.9964E-05 9.9964E-05 9.9964E-05 0.134595 0.00874072
0.0719928 0.068897 0.0503753 0.524918 9.9982E-05 9.9982E-05 0.0486565 0.0266222 0.208338
0.0994236 9.9964E-05 0.00989671 0.663319 9.9964E-05 9.9964E-05 9.9964E-05 0.0630486 0.163912
9.99371E-05 9.99371E-05 9.99371E-05 0.973522 9.99371E-05 9.99371E-05 9.99371E-05 0.0257787 9.99371E-05
0.0673289 0.0183137 9.9982E-05 0.66264 0.00752156 9.9982E-05 0.0159642 0.112437 0.115595
0.0939971 9.9973E-05 0.0267964 0.676101 9.9973E-05 0.0214086 9.9973E-05 0.0073627 0.174034
9.9973E-05 9.9973E-05 0.0427827 0.798481 0.0367453 9.9973E-05 0.0293826 0.0619706 0.0303375
0.0493561 0.023951 0.0023148 0.810909 0.0305575 9.9991E-05 0.0155558 0.00100709 0.0662484
9.99371E-05 9.99371E-05 9.99371E-05 0.986515 9.99371E-05 0.0127852 9.99371E-05 9.99371E-05 9.99371E-05
0.00340926 9.9982E-05 0.05537 0.776124 0.00228477 9.9982E-05 0.0319723 0.0295209 0.101118
9.9946E-05 0.0330667 9.9946E-05 0.962301 9.9946E-05 0.00403245 9.9946E-05 9.9946E-05 9.9946E-05
9.9937E-05 9.9937E-05 9.9937E-05 0.978155 0.0211453 9.9937E-05 9.9937E-05 9.9937E-05 9.9937E-05
9.9964E-05 0.0331724 9.9964E-05 0.900057 0.0109223 0.0414099 0.0140388 9.9964E-05 9.9964E-05
0.00960975 0.00772558 0.0238827 0.641058 0.018922 9.9982E-05 9.9982E-05 0.145775 0.152827
9.99461E-05 0.00296758 9.99461E-05 0.990991 9.99461E-05 9.99461E-05 0.0054421 9.99461E-05 9.99461E-05
9.9982E-05 0.0505138 0.0263703 0.736847 0.0327932 9.9982E-05 0.0107506 0.0661255 0.0764001
0.0120875 0.0106164 0.0571462 0.818278 0.0450326 0.0162129 9.9982E-05 9.9982E-05 0.0404259
9.99371E-05 9.99371E-05 9.99371E-05 0.916703 9.99371E-05 9.99371E-05 0.0825973 9.99371E-05 9.99371E-05
0.0581103 9.9946E-05 9.9946E-05 0.905921 9.9946E-05 9.9946E-05 0.0353685 9.9946E-05 9.9946E-05
9.9964E-05 0.0138154 0.0613922 0.851257 9.9964E-05 9.9964E-05 0.0492174 9.9964E-05 0.0239181
0.0616409 9.9955E-05 9.9955E-05 0.887085 9.9955E-05 0.0288004 0.0219742 9.9955E-05 9.9955E-05
9.9964E-05 0.0207482 9.9964E-05 0.905672 0.0223098 0.00542218 9.9964E-05 0.0454479 9.9964E-05
9.999E-05 0.0692212 0.0141207 0.633857 0.0918253 0.115082 0.00497623 0.0560037 0.014814
0.00122335 0.0853348 0.0558364 0.702291 0.0747731 0.0775992 9.9982E-05 9.9982E-05 0.00274199
0.00369518 9.9964E-05 0.0754911 0.733944 0.112523 0.0739475 9.9964E-05 9.9964E-05 9.9964E-05
0.00717816 0.0285771 0.131684 0.741316 0.0402945 0.0506505 9.9973E-05 9.9973E-05 9.9973E-05
9.9964E-05 0.00554239 0.0533927 0.76099 0.134321 0.0453536 9.9964E-05 9.9964E-05 9.9964E-05
9.9964E-05 0.03056 0.0883875 0.741765 0.0632611 0.0756261 9.9964E-05 9.9964E-05 9.9964E-05
0.065316 0.0269842 0.0420731 0.500298 0.130997 0.0307922 9.9991E-05 0.0234709 0.179969
0.0448858 0.0461309 0.0669906 0.519773 0.210342 0.0346986 9.9982E-05 0.0769789 9.9982E-05
0.0169422 0.0871452 0.0896229 0.538674 0.167962 0.0195982 9.9991E-05 0.0428155 0.0371398
0.0265639 0.081641 0.0847708 0.453529 0.116296 0.022753 0.0522468 0.0283944 0.133806
0.0502474 9.9973E-05 0.0995078 0.557476 0.15644 9.9973E-05 9.9973E-05 0.015957 0.120073
0.0402004 0.0238147 0.162096 0.497605 0.136657 0.0682599 9.9982E-05 0.0711663 9.9982E-05
0.0904966 0.0807265 0.152465 0.429427 0.104943 0.0526262 9.9982E-05 9.9982E-05 0.0891151
9.9982E-05 0.068788 0.0176563 0.534736 0.0768774 0.190603 0.0183816 0.0927584 9.9982E-05
9.9991E-05 0.0584951 0.0757551 0.479963 0.0706875 0.199536 0.00422349 0.10961 0.00162968
0.175319 0.0615713 0.0909376 0.384586 0.22356 9.9991E-05 0.0253953 0.0252924 0.0132389
9.993E-05 9.993E-05 9.993E-05 9.993E-05 0.999201 9.993E-05 9.993E-05 9.993E-05 9.993E-05
9.9955E-05 9.9955E-05 0.0375496 9.9955E-05 0.941455 9.9955E-05 0.0101181 0.0103771 9.9955E-05
9.9964E-05 9.9964E-05 9.9964E-05 0.0477962 0.854536 0.0647498 0.0208651 9.9964E-05 0.0116531
9.993E-05 9.993E-05 9.993E-05 9.993E-05 0.999201 9.993E-05 9.993E-05 9.993E-05 9.993E-05
9.993E-05 9.993E-05 9.993E-05 9.993E-05 0.999201 9.993E-05 9.993E-05 9.993E-05 9.993E-05
9.993E-05 9.993E-05 9.993E-05 9.993E-05 0.999201 9.993E-05 9.993E-05 9.993E-05 9.993E-05
9.9937E-05 9.9937E-05 9.9937E-05 9.9937E-05 0.998742 9.9937E-05 0.000558939 9.9937E-05 9.9937E-05
9.9973E-05 0.00353014 0.040309 9.9973E-05 0.839156 0.0407549 9.9973E-05 0.0208708 0.0550788
9.993E-05 9.993E-05 9.993E-05 9.993E-05 0.999201 9.993E-05 9.993E-05 9.993E-05 9.993E-05
9.993E-05 9.993E-05 9.993E-05 9.993E-05 0.999201 9.993E-05 9.993E-05 9.993E-05 9.993E-05
0.0957319 0.0789198 0.284767 0.247784 0.0991145 0.0755059 9.9982E-05 9.9982E-05 0.117977
0.00519062 9.9964E-05 0.021671 0.0905467 0.860637 0.0215551 9.9964E-05 9.9964E-05 9.9964E-05
0.019057 0.0134944 9.9946E-05 9.9946E-05 0.966849 9.9946E-05 9.9946E-05 9.9946E-05 9.9946E-05
0.00714442 9.9946E-05 9.9946E-05 9.9946E-05 0.977825 0.0144314 9.9946E-05 9.9946E-05 9.9946E-05
0.0568672 0.0391525 0.174699 0.437784 0.123005 0.101462 9.9982E-05 9.9982E-05 0.0668305
0.0640178 0.0341804 0.246819 0.34914 0.141361 0.0529543 9.9982E-05 9.9982E-05 0.111328
0.0528685 0.0431323 0.181317 0.366378 0.131878 0.143984 0.0176853 9.9991E-05 0.0626574
0.0455497 0.0286838 0.211934 0.395244 0.147923 0.101965 9.9982E-05 9.9982E-05 0.0685
0.0368362 0.0518619 0.211465 0.436449 0.101076 0.144779 9.9982E-05 9.9982E-05 0.0173332
0.0342674 9.9973E-05 0.164316 0.298328 0.120929 0.152988 9.9973E-05 9.9973E-05 0.228871
0.00966506 0.0108925 0.151409 0.471655 0.143574 0.0975804 9.9982E-05 9.9982E-05 0.115023
0.0418001 9.9973E-05 0.229581 0.395116 0.130932 0.112098 9.9973E-05 9.9973E-05 0.0901736
0.0438459 0.0596208 0.0957583 0.396427 0.223955 0.11911 9.9982E-05 9.9982E-05 0.0610833
0.0140146 0.0502284 0.136469 0.405914 0.220146 0.123561 0.00322768 9.9991E-05 0.0463399
0.124015 0.042494 0.154504 0.367515 0.114463 0.0962247 9.9982E-05 9.9982E-05 0.100585
0.0540079 0.0660061 0.119367 0.354016 0.181079 0.173439 9.9982E-05 9.9982E-05 0.0518856
0.0637947 0.100832 0.212521 0.433357 0.0543386 0.0930104 0.00532871 9.9991E-05 0.0367176
0.0536893 0.0349936 0.223954 0.387252 0.143359 0.0934953 9.9991E-05 0.0520131 0.011144
0.0176835 0.00100171 0.930364 9.9955E-05 9.9955E-05 0.050451 9.9955E-05 9.9955E-05 9.9955E-05
0.0484129 9.9973E-05 0.867234 9.9973E-05 9.9973E-05 0.0280933 0.00509125 0.0300763 0.020792
9.993E-05 9.993E-05 0.999201 9.993E-05 9.993E-05 9.993E-05 9.993E-05 9.993E-05 9.993E-05
9.993E-05 9.993E-05 0.999201 9.993E-05 9.993E-05 9.993E-05 9.993E-05 9.993E-05 9.993E-05
9.9937E-05 0.00644458 0.992856 9.9937E-05 9.9937E-05 9.9937E-05 9.9937E-05 9.9937E-05 9.9937E-05
9.993E-05 9.993E-05 0.999201 9.993E-05 9.993E-05 9.993E-05 9.993E-05 9.993E-05 9.993E-05
9.99371E-05 9.99371E-05 0.97469 9.99371E-05 0.0246102 9.99371E-05 9.99371E-05 9.99371E-05 9.99371E-05
0.00341281 9.9973E-05 0.779345 0.0680167 9.9973E-05 0.0815999 0.0671855 0.000139828 9.9973E-05
9.993E-05 9.993E-05 0.999201 9.993E-05 9.993E-05 9.993E-05 9.993E-05 9.993E-05 9.993E-05
9.993E-05 9.993E-05 0.999201 9.993E-05 9.993E-05 9.993E-05 9.993E-05 9.993E-05 9.993E-05
9.9964E-05 9.9964E-05 0.849909 9.9964E-05 0.0192016 0.06638 0.0143657 0.0497444 9.9964E-05
9.9937E-05 9.9937E-05 0.999068 9.9937E-05 0.000232542 9.9937E-05 9.9937E-05 9.9937E-05 9.9937E-05
0.0692792 0.0711868 0.664281 0.101053 0.0112118 0.0339161 9.9982E-05 0.0488729 9.9982E-05
9.993E-05 0.999201 9.993E-05 9.993E-05 9.993E-05 9.993E-05 9.993E-05 9.993E-05 9.993E-05
0.0235074 0.0760515 0.149967 0.442523 0.179035 0.0648842 9.9982E-05 0.0638324 9.9982E-05
9.993E-05 0.999201 9.993E-05 9.993E-05 9.993E-05 9.993E-05 9.993E-05 9.993E-05 9.993E-05
9.993E-05 0.999201 9.993E-05 9.993E-05 9.993E-05 9.993E-05 9.993E-05 9.993E-05 9.993E-05
9.99461E-05 0.939017 9.99461E-05 9.99461E-05 0.00449587 0.0558879 9.99461E-05 9.99461E-05 9.99461E-05
9.9973E-05 0.733847 0.0326804 0.117902 9.9973E-05 0.0244703 0.0199205 9.9973E-05 0.0708798
9.993E-05 0.999201 9.993E-05 9.993E-05 9.993E-05 9.993E-05 9.993E-05 9.993E-05 9.993E-05
9.9955E-05 0.88299 0.0103097 0.0542408 9.9955E-05 0.0519592 9.9955E-05 9.9955E-05 9.9955E-05
9.99461E-05 0.982257 9.99461E-05 9.99461E-05 0.0133663 0.00377711 9.99461E-05 9.99461E-05 9.99461E-05
9.99461E-05 0.989352 0.00606016 9.99461E-05 9.99461E-05 9.99461E-05 9.99461E-05 9.99461E-05 0.00398781
9.9937E-05 0.989806 9.9937E-05 9.9937E-05 9.9937E-05 9.9937E-05 0.00949437 9.9937E-05 9.9937E-05
9.9946E-05 0.968471 9.9946E-05 0.0295019 9.9946E-05 9.9946E-05 9.9946E-05 0.00142703 9.9946E-05
0.013783 0.9245 0.00860785 0.0526097 9.9955E-05 9.9955E-05 9.9955E-05 9.9955E-05 9.9955E-05
0.0424085 0.831402 0.0601976 9.9964E-05 0.0516725 9.9964E-05 9.9964E-05 0.0139194 9.9964E-05
0.0389489 0.888422 9.9973E-05 9.9973E-05 0.0145899 0.0255078 0.0290399 9.9973E-05 0.00319114
0.0282362 0.861807 9.9964E-05 0.0857829 0.00331753 0.0204561 9.9964E-05 9.9964E-05 9.9964E-05
0.0401837 0.814705 0.0069813 0.112488 9.9973E-05 0.0185006 9.9973E-05 0.00684123 9.9973E-05
0.052645 0.827003 9.9982E-05 0.000311691 0.0389535 0.0345941 0.0285569 0.0177355 9.9982E-05
9.9946E-05 0.946968 0.036932 9.9946E-05 0.0155006 9.9946E-05 9.9946E-05 9.9946E-05 9.9946E-05
0.283511 0.013209 0.0307192 0.402198 0.0828671 0.129132 0.0581636 9.9982E-05 9.9982E-05
0.236302 0.0473292 0.0284614 0.405864 0.0975954 0.151436 0.00747652 9.9991E-05 0.0254355
0.295622 0.0316054 9.9973E-05 0.360497 0.0986909 0.158182 0.055103 9.9973E-05 9.9973E-05
0.233659 0.0501211 9.9973E-05 0.44921 0.0605032 0.155046 0.0511604 9.9973E-05 9.9973E-05
9.9964E-05 9.9964E-05 0.0300971 9.9964E-05 0.00113283 0.944603 9.9964E-05 0.0105779 0.0131895
9.993E-05 9.993E-05 9.993E-05 9.993E-05 9.993E-05 0.999201 9.993E-05 9.993E-05 9.993E-05
9.9937E-05 9.9937E-05 9.9937E-05 9.9937E-05 0.00249717 0.996803 9.9937E-05 9.9937E-05 9.9937E-05
9.993E-05 9.993E-05 9.993E-05 9.993E-05 9.993E-05 0.999201 9.993E-05 9.993E-05 9.993E-05
0.0109557 0.0356076 0.00235083 9.9964E-05 0.0102089 0.940477 9.9964E-05 9.9964E-05 9.9964E-05
9.9946E-05 0.00995967 9.9946E-05 9.9946E-05 9.9946E-05 0.976795 9.9946E-05 9.9946E-05 0.0126456
0.0157535 0.00627242 9.9964E-05 0.0204938 9.9964E-05 0.935067 9.9964E-05 0.0220138 9.9964E-05
0.029399 0.0397421 9.9982E-05 0.0436387 9.9982E-05 0.77108 0.0119309 0.0106888 0.0933203
9.9973E-05 0.00421863 0.0176704 0.0457408 9.9973E-05 0.873764 0.0115168 9.9973E-05 0.0467895
0.992245 9.9937E-05 9.9937E-05 0.00705594 9.9937E-05 9.9937E-05 9.9937E-05 9.9937E-05 9.9937E-05
0.997839 9.99371E-05 9.99371E-05 9.99371E-05 9.99371E-05 0.00146186 9.99371E-05 9.99371E-05 9.99371E-05
0.999201 9.993E-05 9.993E-05 9.993E-05 9.993E-05 9.993E-05 9.993E-05 9.993E-05 9.993E-05
0.999201 9.993E-05 9.993E-05 9.993E-05 9.993E-05 9.993E-05 9.993E-05 9.993E-05 9.993E-05
0.999201 9.993E-05 9.993E-05 9.993E-05 9.993E-05 9.993E-05 9.993E-05 9.993E-05 9.993E-05
0.859306 0.0129568 9.9973E-05 0.0317487 0.00568497 0.0720869 0.0179164 9.9973E-05 9.9973E-05
0.996896 9.9946E-05 9.9946E-05 9.9946E-05 9.9946E-05 9.9946E-05 0.00145065 9.9946E-05 0.00105375
0.980963 9.9946E-05 0.0164945 9.9946E-05 9.9946E-05 9.9946E-05 0.00194315 9.9946E-05 9.9946E-05
0.980775 0.0185258 9.99371E-05 9.99371E-05 9.99371E-05 9.99371E-05 9.99371E-05 9.99371E-05 9.99371E-05
0.961692 9.9955E-05 0.0200266 0.0135252 0.00425641 9.9955E-05 9.9955E-05 9.9955E-05 9.9955E-05
0.999201 9.993E-05 9.993E-05 9.993E-05 9.993E-05 9.993E-05 9.993E-05 9.993E-05 9.993E-05
0.99298 9.9937E-05 9.9937E-05 9.9937E-05 9.9937E-05 9.9937E-05 9.9937E-05 0.00631997 9.9937E-05
