9.999E-05 9.999E-05 0.9998
0.29322 0.127416 0.579364
0.287922 0.106553 0.605525
0.372216 9.9991E-05 0.627684
0.59427 9.9991E-05 0.40563
0.496937 0.0131817 0.489881
0.321528 0.00619 0.672282
0.391558 0.0165733 0.591868
0.434697 0.0278338 0.53747
9.999E-05 9.999E-05 0.9998
9.999E-05 9.999E-05 0.9998
9.999E-05 9.999E-05 0.9998
9.999E-05 9.999E-05 0.9998
9.999E-05 9.999E-05 0.9998
9.999E-05 9.999E-05 0.9998
0.568889 9.9991E-05 0.431011
0.531062 0.0482602 0.420677
0.453634 0.00231839 0.544047
0.651872 0.0197602 0.328368
0.713071 0.00574575 0.281183
0.532133 0.0127492 0.455118
0.682841 0.0171258 0.300034
0.651132 0.0240578 0.32481
0.602806 9.9991E-05 0.397094
0.669012 0.00562953 0.325359
0.741974 9.9991E-05 0.257926
0.736568 9.9991E-05 0.263332
0.593819 9.9991E-05 0.406081
0.66564 9.9991E-05 0.33426
0.553834 0.000459748 0.445706
0.565199 0.0168934 0.417908
0.687019 0.00895977 0.304021
0.649301 0.0437315 0.306967
0.697662 0.00590239 0.296436
0.675125 9.9991E-05 0.324775
0.555854 9.9991E-05 0.444046
0.783394 9.9991E-05 0.216506
0.775487 0.0077802 0.216733
0.704724 0.0533859 0.24189
0.690713 0.0333345 0.275952
0.833495 0.0622016 0.104303
0.871815 9.9991E-05 0.128085
0.706495 0.0514028 0.242102
0.842091 0.0312574 0.126652
0.914153 9.9991E-05 0.0857465
0.853022 9.9991E-05 0.146878
0.882897 9.9991E-05 0.117003
0.836782 9.9991E-05 0.163118
0.852309 9.9991E-05 0.147591
0.659805 0.0402331 0.299962
0.808021 9.9991E-05 0.191879
0.876815 9.9991E-05 0.123085
0.889829 9.9991E-05 0.110071
0.80745 0.0284926 0.164058
0.792096 0.0450215 0.162882
0.887661 9.9991E-05 0.112239
0.819338 9.9991E-05 0.180562
0.826734 0.0455594 0.127707
0.838914 9.9991E-05 0.160986
0.802199 0.0310024 0.166798
0.895847 9.9991E-05 0.104053
0.824387 0.0330188 0.142594
0.765252 0.093388 0.14136
0.874413 0.0594053 0.0661815
0.840307 9.9991E-05 0.159593
0.91177 0.00983949 0.0783907
0.875871 0.0767442 0.0473849
0.864555 0.0667363 0.0687084
0.835407 9.9991E-05 0.164493
0.959022 0.00386336 0.0371149
0.732906 0.0744341 0.19266
0.94307 0.01533 0.0416002
0.812455 9.9991E-05 0.187445
0.847527 9.9991E-05 0.152373
0.891806 9.9991E-05 0.108094
0.920297 9.9991E-05 0.0796034
0.897673 0.0544594 0.0478673
0.813485 0.14075 0.0457651
0.820413 0.144386 0.0352001
0.843009 0.156891 9.9991E-05
0.878136 0.11143 0.0104338
0.830957 0.168943 9.9991E-05
0.897755 0.102145 9.9991E-05
0.780093 0.13904 0.0808668
0.775287 0.185297 0.0394157
0.769124 0.201802 0.0290739
0.766242 0.103907 0.129851
0.766372 0.145418 0.0882108
0.781265 0.169186 0.0495492
0.863068 0.107015 0.0299172
0.716332 0.166137 0.117531
0.768492 0.131587 0.0999211
0.769725 0.19435 0.0359249
9.999E-05 0.9998 9.999E-05
0.0113148 0.981125 0.00755977
0.070033 0.911672 0.0182949
9.999E-05 0.9998 9.999E-05
9.999E-05 0.9998 9.999E-05
9.999E-05 0.9998 9.999E-05
9.999E-05 0.9998 9.999E-05
0.0370437 0.941967 0.0209888
9.999E-05 0.9998 9.999E-05
9.999E-05 0.9998 9.999E-05
0.860538 0.139362 9.9991E-05
0.0641377 0.935762 9.9991E-05
9.9991E-05 0.992492 0.00740781
0.0154256 0.984474 9.9991E-05
0.887394 0.112506 9.9991E-05
0.884754 0.115146 9.9991E-05
0.846452 0.153448 9.9991E-05
0.826203 0.173697 9.9991E-05
0.848462 0.151438 9.9991E-05
0.87053 0.114328 0.0151427
0.808637 0.191263 9.9991E-05
0.843009 0.156891 9.9991E-05
0.74921 0.25069 9.9991E-05
0.763491 0.236409 9.9991E-05
0.871416 0.126614 0.00197006
0.790581 0.209319 9.9991E-05
0.92989 0.0509144 0.0191961
0.829852 0.170048 9.9991E-05
0.988068 0.0118325 9.9991E-05
0.92457 0.0753296 9.9991E-05
0.96933 0.0305701 9.9991E-05
0.990625 0.00927537 9.9991E-05
0.970975 0.028925 9.9991E-05
0.957621 0.0422787 9.9991E-05
0.942575 0.0573252 9.9991E-05
0.954881 0.0450192 9.9991E-05
0.968794 0.0311062 9.9991E-05
0.985801 0.0140986 9.9991E-05
0.869789 0.130111 9.9991E-05
0.940808 0.0590917 9.9991E-05
0.9998 9.999E-05 9.999E-05
0.9998 9.999E-05 9.999E-05
0.821741 0.178159 9.9991E-05
0.9998 9.999E-05 9.999E-05
0.9998 9.999E-05 9.999E-05
0.995355 0.00454456 9.9991E-05
0.969181 0.0307192 9.9991E-05
0.9998 9.999E-05 9.999E-05
0.9998 9.999E-05 9.999E-05
0.9998 9.999E-05 9.999E-05
0.9998 9.999E-05 9.999E-05
0.9998 9.999E-05 9.999E-05
0.9998 9.999E-05 9.999E-05
0.9998 9.999E-05 9.999E-05
0.9998 9.999E-05 9.999E-05
0.9998 9.999E-05 9.999E-05
0.9998 9.999E-05 9.999E-05
0.9998 9.999E-05 9.999E-05
0.9998 9.999E-05 9.999E-05
0.9998 9.999E-05 9.999E-05
0.878816 0.0822463 0.0389374
0.829285 0.0885606 0.082154
0.806251 0.137115 0.0566347
0.826047 0.112385 0.0615681
0.785612 0.204396 0.00999206
0.795833 0.204067 9.9991E-05
0.819178 0.180722 9.9991E-05
0.785801 0.214099 9.9991E-05
0.792615 0.207285 9.9991E-05
0.783432 0.216468 9.9991E-05
0.817892 0.182008 9.9991E-05
0.760224 0.208399 0.031377
0.832488 0.155619 0.0118931
0.989959 9.9991E-05 0.0099414
0.981152 9.9991E-05 0.0187479
0.9998 9.999E-05 9.999E-05
0.9998 9.999E-05 9.999E-05
0.9998 9.999E-05 9.999E-05
0.94791 9.9991E-05 0.05199
0.9998 9.999E-05 9.999E-05
0.992943 9.9991E-05 0.00695701
0.967565 9.9991E-05 0.0323354
0.9998 9.999E-05 9.999E-05
0.990304 9.9991E-05 0.00959604
0.991778 9.9991E-05 0.00812173
