9.999E-05 0.9998 9.999E-05
0.0774852 0.655204 0.26731
0.183759 0.660715 0.155526
0.0264381 0.681347 0.292215
9.9991E-05 0.534353 0.465547
0.151531 0.584089 0.264379
0.0359522 0.80098 0.163068
0.0896403 0.653418 0.256942
0.117705 0.55548 0.326815
9.999E-05 0.9998 9.999E-05
9.999E-05 0.9998 9.999E-05
9.999E-05 0.9998 9.999E-05
9.999E-05 0.9998 9.999E-05
9.999E-05 0.9998 9.999E-05
9.999E-05 0.9998 9.999E-05
0.073046 0.555142 0.371812
0.0647993 0.469299 0.465901
0.0328997 0.624362 0.342738
9.9991E-05 0.420077 0.579823
0.0138234 0.389756 0.596421
9.9991E-05 0.50326 0.49664
0.0859534 0.37132 0.542726
0.0590323 0.407935 0.533033
0.0252327 0.497827 0.476941
9.9991E-05 0.410057 0.589843
0.0181033 0.317755 0.664141
0.099467 0.347318 0.553215
0.0403505 0.482053 0.477596
0.0130672 0.440486 0.546447
0.0108447 0.544024 0.445132
9.9991E-05 0.49244 0.50746
0.0265471 0.389763 0.58369
0.0736759 0.351878 0.574446
0.126046 0.376834 0.497119
0.0733237 0.406955 0.519721
0.0158505 0.555916 0.428234
0.0761953 0.289284 0.634521
0.0848305 0.263559 0.651611
0.0812446 0.294436 0.624319
9.9991E-05 0.307071 0.692829
0.0902377 0.143111 0.766651
0.0936827 0.173316 0.733001
0.135757 0.268382 0.595862
0.120448 0.149725 0.729827
0.11621 0.129176 0.754614
0.0962973 0.221837 0.681866
0.111954 0.228403 0.659643
0.0986969 0.222976 0.678327
0.11274 0.247195 0.640065
0.0400412 0.371834 0.588125
0.0958249 0.246887 0.657288
0.128978 0.205364 0.665658
0.0761804 0.246749 0.67707
0.026819 0.2134 0.759781
0.045685 0.210499 0.743816
0.17075 0.161691 0.667559
0.123804 0.242844 0.633352
0.0246052 0.184971 0.790424
0.103103 0.230733 0.666164
0.121434 0.221746 0.65682
0.0336362 0.206086 0.760278
9.9991E-05 0.147351 0.852549
0.0811122 0.139262 0.779626
0.0914342 0.0955492 0.813017
0.0122919 0.207728 0.77998
0.142001 0.125267 0.732732
0.0509035 0.0777238 0.871373
0.103672 0.109009 0.787319
0.0881461 0.234461 0.677393
0.124121 0.127143 0.748736
0.133619 0.224161 0.64222
0.095494 0.0968612 0.807645
0.0541585 0.258976 0.686865
0.0488993 0.25217 0.698931
0.0364359 0.175482 0.788082
0.0204589 0.161173 0.818368
0.0952083 0.0849437 0.819848
0.0577774 0.125266 0.816956
0.0561292 9.9991E-05 0.943771
0.0291909 9.9991E-05 0.970709
0.0511138 0.0281813 0.920705
0.052818 9.9991E-05 0.947082
0.0678185 9.9991E-05 0.932082
9.9991E-05 0.0908169 0.909083
0.0131687 0.0550328 0.931799
0.14013 0.0477729 0.812097
0.0809499 0.176397 0.742653
0.0108552 0.0869399 0.902205
0.109799 0.0690392 0.821162
0.135433 0.0548841 0.809683
0.100111 0.135525 0.764365
0.0929298 0.126063 0.781008
0.0939409 0.0400329 0.866026
9.999E-05 9.999E-05 0.9998
9.999E-05 9.999E-05 0.9998
9.999E-05 9.999E-05 0.9998
9.999E-05 9.999E-05 0.9998
9.999E-05 9.999E-05 0.9998
9.999E-05 9.999E-05 0.9998
9.999E-05 9.999E-05 0.9998
9.999E-05 9.999E-05 0.9998
9.999E-05 9.999E-05 0.9998
9.999E-05 9.999E-05 0.9998
0.080859 9.9991E-05 0.919041
9.999E-05 9.999E-05 0.9998
9.999E-05 9.999E-05 0.9998
9.999E-05 9.999E-05 0.9998
0.0379359 9.9991E-05 0.961964
0.0868411 9.9991E-05 0.913059
0.0382286 0.0135503 0.948221
0.0483006 9.9991E-05 0.951599
0.0465013 9.9991E-05 0.953399
0.00828557 0.0580005 0.933714
9.9991E-05 0.0469474 0.952953
0.0274179 9.9991E-05 0.972482
0.052457 9.9991E-05 0.947443
0.0467621 9.9991E-05 0.953138
0.0390498 0.046772 0.914178
0.0191139 0.0122788 0.968607
0.0669633 0.0177799 0.915257
0.0489516 9.9991E-05 0.950948
0.9998 9.999E-05 9.999E-05
0.106646 9.9991E-05 0.893254
0.9998 9.999E-05 9.999E-05
0.9998 9.999E-05 9.999E-05
0.9998 9.999E-05 9.999E-05
0.817674 0.0712187 0.111107
0.9998 9.999E-05 9.999E-05
0.913127 9.9991E-05 0.0867727
0.9998 9.999E-05 9.999E-05
0.985838 9.9991E-05 0.014062
0.992229 0.00767075 9.99917E-05
0.9998 9.999E-05 9.999E-05
0.9998 9.999E-05 9.999E-05
0.836654 9.9991E-05 0.163246
0.944433 0.0307382 0.0248291
0.850446 9.9991E-05 0.149454
0.868812 0.0465824 0.0846059
0.802335 0.05159 0.146075
0.953519 0.00260331 0.043878
9.999E-05 9.999E-05 0.9998
9.999E-05 9.999E-05 0.9998
9.999E-05 9.999E-05 0.9998
9.999E-05 9.999E-05 0.9998
9.999E-05 9.999E-05 0.9998
9.999E-05 9.999E-05 0.9998
9.999E-05 9.999E-05 0.9998
9.999E-05 9.999E-05 0.9998
0.0264994 9.9991E-05 0.973401
9.999E-05 9.999E-05 0.9998
9.999E-05 9.999E-05 0.9998
9.999E-05 9.999E-05 0.9998
0.0413542 9.9991E-05 0.958546
0.00404747 0.0502741 0.945678
0.0324189 0.0701429 0.897438
0.0569203 0.0613766 0.881703
0.0532371 0.090248 0.856515
0.0343144 0.000797419 0.964888
9.999E-05 9.999E-05 0.9998
0.0273684 9.9991E-05 0.972532
9.999E-05 9.999E-05 0.9998
0.0232996 9.9991E-05 0.9766
0.0267296 9.9991E-05 0.97317
0.0080545 9.9991E-05 0.991846
0.0676158 0.124314 0.80807
0.0294622 0.0283248 0.942213
9.9991E-05 0.0291404 0.97076
9.9991E-05 0.0371335 0.962766
9.9991E-05 0.042691 0.957209
9.9991E-05 0.0409399 0.95896
9.9991E-05 0.00516524 0.994735
9.9991E-05 0.0701957 0.929704
9.9991E-05 0.029898 0.970002
9.9991E-05 0.0398508 0.960049
9.9991E-05 0.0362151 0.963685
9.9991E-05 0.0122565 0.987644
9.9991E-05 0.0383807 0.961519
9.9991E-05 0.0478466 0.952053
