0.9998 9.999E-05 9.999E-05
0.680472 0.210377 0.10915
0.699619 0.188186 0.112195
0.733573 0.257376 0.00905077
0.563927 0.435973 9.9991E-05
0.631601 0.275102 0.0932972
0.830202 0.101366 0.0684318
0.669236 0.21448 0.116284
0.655096 0.261652 0.0832521
0.9998 9.999E-05 9.999E-05
0.9998 9.999E-05 9.999E-05
0.9998 9.999E-05 9.999E-05
0.9998 9.999E-05 9.999E-05
0.9998 9.999E-05 9.999E-05
0.9998 9.999E-05 9.999E-05
0.557016 0.337398 0.105587
0.467637 0.401658 0.130705
0.665271 0.313483 0.0212468
0.472115 0.527785 9.9991E-05
0.431495 0.516802 0.0517022
0.53555 0.46435 9.9991E-05
0.423984 0.463178 0.112838
0.445171 0.475604 0.0792253
0.551224 0.391861 0.0569144
0.509815 0.490085 9.9991E-05
0.367357 0.583376 0.0492676
0.445227 0.446191 0.108582
0.545477 0.33467 0.119853
0.461864 0.50127 0.036866
0.585917 0.393537 0.0205466
0.55176 0.44814 9.9991E-05
0.386494 0.574044 0.0394624
0.400393 0.51336 0.0862469
0.410606 0.49251 0.0968841
0.42594 0.530582 0.043478
0.612088 0.387812 9.9991E-05
0.332373 0.610331 0.0572962
0.319452 0.633192 0.0473557
0.322256 0.589722 0.0880224
0.351896 0.648004 9.9991E-05
0.163562 0.746766 0.0896723
0.177734 0.743492 0.0787741
0.309265 0.585203 0.105532
0.168329 0.752461 0.0792102
0.190835 0.724489 0.0846758
0.258291 0.614068 0.127641
0.250818 0.599407 0.149775
0.266841 0.639858 0.0933005
0.281706 0.622024 0.0962706
0.416732 0.512421 0.0708468
0.295552 0.626538 0.0779094
0.236907 0.662855 0.100238
0.22548 0.639735 0.134785
0.204857 0.72918 0.0659633
0.247567 0.726099 0.0263339
0.198176 0.639285 0.162539
0.288798 0.562647 0.148555
0.254309 0.710934 0.0347573
0.270223 0.586217 0.143559
0.284956 0.640406 0.0746379
0.220632 0.752457 0.0269113
0.212856 0.769505 0.0176391
0.192901 0.664882 0.142217
0.112577 0.756075 0.131348
0.214116 0.782181 0.00370306
0.13177 0.710203 0.158027
0.0938165 0.832457 0.0737262
0.177767 0.732926 0.089307
0.2409 0.606825 0.152275
0.124874 0.741468 0.133658
0.24309 0.616676 0.140234
0.130171 0.773728 0.0961006
0.276079 0.656476 0.0674453
0.244463 0.687537 0.0680005
0.183705 0.748642 0.0676537
0.163938 0.784147 0.0519146
0.121722 0.719346 0.158932
0.139099 0.798747 0.0621541
0.0384833 0.918075 0.0434414
0.0087248 0.925904 0.0653714
0.0491242 0.868875 0.0820009
0.00555655 0.9182 0.0762434
0.0260303 0.935654 0.0383159
0.101656 0.872507 0.025837
0.0716605 0.879911 0.0484283
0.0786841 0.778046 0.14327
0.220813 0.683046 0.0961404
0.117231 0.882669 9.9991E-05
0.0917298 0.853251 0.0550191
0.0598128 0.824942 0.115245
0.121193 0.789178 0.0896283
0.111757 0.783567 0.104676
0.0676631 0.846784 0.0855528
9.999E-05 0.9998 9.999E-05
9.9991E-05 0.999551 0.000349423
9.999E-05 0.9998 9.999E-05
9.999E-05 0.9998 9.999E-05
9.999E-05 0.9998 9.999E-05
9.999E-05 0.9998 9.999E-05
9.999E-05 0.9998 9.999E-05
9.999E-05 0.9998 9.999E-05
9.999E-05 0.9998 9.999E-05
9.999E-05 0.9998 9.999E-05
9.9991E-05 0.92309 0.0768104
9.999E-05 0.9998 9.999E-05
9.999E-05 0.9998 9.999E-05
9.999E-05 0.9998 9.999E-05
9.9991E-05 0.970151 0.0297491
9.9991E-05 0.931564 0.0683355
0.000416245 0.951087 0.0484964
9.9991E-05 0.953919 0.0459813
9.9991E-05 0.939232 0.0606683
0.0525026 0.924669 0.0228288
0.0599607 0.876473 0.0635659
9.999E-05 0.9998 9.999E-05
9.9991E-05 0.889417 0.110483
9.9991E-05 0.934426 0.065474
0.030898 0.867289 0.101813
0.0135283 0.980784 0.00568795
0.0360817 0.879279 0.0846392
0.0223101 0.96782 0.00986958
9.9991E-05 0.994453 0.00544708
9.999E-05 0.9998 9.999E-05
9.999E-05 0.9998 9.999E-05
9.999E-05 0.9998 9.999E-05
9.999E-05 0.9998 9.999E-05
9.999E-05 0.9998 9.999E-05
9.999E-05 0.9998 9.999E-05
0.033249 0.966651 9.9991E-05
9.9991E-05 0.989926 0.00997395
9.999E-05 0.9998 9.999E-05
9.999E-05 0.9998 9.999E-05
9.999E-05 0.9998 9.999E-05
9.9991E-05 0.936178 0.063722
9.999E-05 9.999E-05 0.9998
0.00992401 0.842623 0.147453
9.999E-05 9.999E-05 0.9998
9.999E-05 9.999E-05 0.9998
0.0175413 0.0225695 0.959889
9.9991E-05 0.222218 0.777682
9.999E-05 9.999E-05 0.9998
0.0162079 0.111909 0.871883
9.999E-05 9.999E-05 0.9998
9.9991E-05 0.0169107 0.982989
9.999E-05 9.999E-05 0.9998
9.999E-05 9.999E-05 0.9998
9.9991E-05 0.0243598 0.97554
9.9991E-05 0.225745 0.774155
0.00792404 0.020415 0.971661
9.9991E-05 0.128122 0.871778
0.00118784 0.142939 0.855873
0.0389727 0.116184 0.844843
9.9991E-05 0.064495 0.935405
0.0725084 0.877416 0.0500758
0.117744 0.854055 0.0282013
0.111676 0.819356 0.0689682
0.0936116 0.85018 0.0562086
9.9991E-05 0.994439 0.00546107
9.999E-05 0.9998 9.999E-05
9.9991E-05 0.971553 0.0283472
9.999E-05 0.9998 9.999E-05
9.9991E-05 0.973399 0.0265009
9.9991E-05 0.976393 0.0235072
9.9991E-05 0.969616 0.0302843
0.0628823 0.925752 0.011366
0.0323084 0.945923 0.0217681
0.0341124 0.965788 9.9991E-05
0.0352632 0.964637 9.9991E-05
0.0467094 0.953191 9.9991E-05
0.0572263 0.942674 9.9991E-05
0.0080259 0.991874 9.9991E-05
0.0855618 0.914338 9.9991E-05
0.0626938 0.937206 9.9991E-05
0.0380636 0.961836 9.9991E-05
0.0872006 0.912699 9.9991E-05
0.0506057 0.949294 9.9991E-05
0.0444049 0.955495 9.9991E-05
0.0431762 0.956724 9.9991E-05
