0.9998 9.999E-05 9.999E-05
0.656924 0.116095 0.22698
0.709023 0.157325 0.133652
0.720663 0.00442659 0.27491
0.550049 9.9991E-05 0.449851
0.580756 0.0868904 0.332353
0.827548 0.0407029 0.131749
0.673981 0.109113 0.216906
0.626477 0.0747936 0.29873
0.9998 9.999E-05 9.999E-05
0.9998 9.999E-05 9.999E-05
0.9998 9.999E-05 9.999E-05
0.9998 9.999E-05 9.999E-05
0.9998 9.999E-05 9.999E-05
0.9998 9.999E-05 9.999E-05
0.599844 0.0722018 0.327954
0.50563 0.0994496 0.39492
0.636512 0.0285952 0.334893
0.462191 0.0099954 0.527814
0.423093 0.0199218 0.556985
0.54795 9.9991E-05 0.45195
0.391701 0.15139 0.456909
0.455656 0.0656298 0.478714
0.523725 0.0843303 0.391945
0.479061 9.9991E-05 0.520839
0.382898 0.0273023 0.5898
0.395806 0.161191 0.443003
0.502044 0.0732025 0.424753
0.464012 0.0371631 0.498825
0.572686 0.0280377 0.399276
0.524916 9.9991E-05 0.474984
0.428535 0.0730525 0.498412
0.419898 0.0682386 0.511864
0.410746 0.0711263 0.518128
0.389732 0.110038 0.50023
0.597329 0.0189872 0.383684
0.331914 0.0691383 0.598948
0.321913 0.0935339 0.584553
0.323293 0.0933402 0.583367
0.358536 9.9991E-05 0.641364
0.179718 0.127017 0.693265
0.138299 0.166376 0.695325
0.348813 0.148982 0.502205
0.200349 0.0980069 0.701645
0.181056 0.120638 0.698306
0.275392 0.148518 0.57609
0.259842 0.134585 0.605573
0.254717 0.14063 0.604653
0.293383 0.0923917 0.614226
0.413954 0.0544639 0.531582
0.285282 0.120933 0.593785
0.207072 0.166914 0.626014
0.258387 0.142907 0.598706
0.234098 0.0479475 0.717954
0.24538 0.047696 0.706924
0.186214 0.17932 0.634466
0.288392 0.123828 0.58778
0.251643 0.0262087 0.722148
0.266758 0.173611 0.559632
0.304591 0.0973791 0.59803
0.223988 0.0395312 0.736481
0.264574 0.046015 0.689411
0.200672 0.107049 0.69228
0.125646 0.126342 0.748011
0.237559 0.0154218 0.747019
0.175608 0.146675 0.677718
0.121794 0.0665588 0.811648
0.14685 0.128746 0.724404
0.242438 0.0716965 0.685865
0.168378 0.160415 0.671207
0.24667 0.131426 0.621904
0.144276 0.138229 0.717495
0.289841 0.110576 0.599582
0.256514 0.092568 0.650918
0.150894 0.0835 0.765606
0.162866 0.0650297 0.772104
0.118846 0.130226 0.750928
0.150602 0.065034 0.784364
0.0380487 0.0786985 0.883253
0.00363492 0.0642103 0.932155
0.0341345 0.0697456 0.89612
0.0211565 0.0671159 0.911728
0.0142755 0.050201 0.935524
0.137097 0.00462175 0.858281
0.128123 0.0380923 0.833785
0.0664541 0.140175 0.793371
0.183188 0.0904632 0.726349
0.117658 0.0362178 0.846124
0.0561532 0.155479 0.788367
0.0536671 0.121604 0.824729
0.151858 0.0940987 0.754043
0.11334 0.0957197 0.790941
0.0680173 0.0878071 0.844176
9.999E-05 9.999E-05 0.9998
9.999E-05 9.999E-05 0.9998
9.999E-05 9.999E-05 0.9998
9.999E-05 9.999E-05 0.9998
9.999E-05 9.999E-05 0.9998
9.999E-05 9.999E-05 0.9998
9.999E-05 9.999E-05 0.9998
9.999E-05 9.999E-05 0.9998
9.999E-05 9.999E-05 0.9998
9.999E-05 9.999E-05 0.9998
0.0206788 0.111962 0.867359
9.999E-05 9.999E-05 0.9998
9.999E-05 9.999E-05 0.9998
9.999E-05 9.999E-05 0.9998
9.9991E-05 0.0490315 0.950869
9.9991E-05 0.0982596 0.90164
0.0224781 0.0635213 0.914001
9.9991E-05 0.0667124 0.933188
9.9991E-05 0.0576449 0.942255
0.040657 0.00045931 0.958884
0.0403185 0.027927 0.931755
9.9991E-05 0.0215446 0.978355
9.9991E-05 0.0692888 0.930611
9.9991E-05 0.0575621 0.942338
0.020609 0.0493949 0.929996
0.0143958 0.0374909 0.948113
0.0106328 0.10338 0.885987
0.00791493 0.0225424 0.969543
9.9991E-05 0.00148351 0.998417
9.999E-05 9.999E-05 0.9998
9.999E-05 9.999E-05 0.9998
9.999E-05 9.999E-05 0.9998
9.999E-05 9.999E-05 0.9998
9.999E-05 9.999E-05 0.9998
9.999E-05 9.999E-05 0.9998
9.999E-05 9.999E-05 0.9998
9.9991E-05 0.0249214 0.974979
9.999E-05 9.999E-05 0.9998
9.999E-05 9.999E-05 0.9998
9.999E-05 9.999E-05 0.9998
9.9991E-05 0.0952502 0.90465
9.999E-05 0.9998 9.999E-05
0.00420103 0.0795029 0.916296
9.999E-05 0.9998 9.999E-05
9.999E-05 0.9998 9.999E-05
9.9991E-05 0.943552 0.0563476
0.0248472 0.788645 0.186508
9.999E-05 0.9998 9.999E-05
0.00505826 0.899475 0.0954667
9.999E-05 0.9998 9.999E-05
9.999E-05 0.9998 9.999E-05
9.999E-05 0.9998 9.999E-05
9.999E-05 0.9998 9.999E-05
0.00104245 0.957599 0.0413589
9.9991E-05 0.824633 0.175267
0.00834006 0.935187 0.0564728
9.9991E-05 0.895568 0.104332
0.0175976 0.850987 0.131415
0.0392619 0.912386 0.048352
9.9991E-05 0.970987 0.0289129
0.0550429 0.0677602 0.877197
0.0619815 0.0578361 0.880182
0.0883 0.0506252 0.861075
0.0839667 0.0527458 0.863287
9.9991E-05 0.0406248 0.959275
9.999E-05 9.999E-05 0.9998
9.9991E-05 0.0369308 0.962969
9.9991E-05 0.00705198 0.992848
9.9991E-05 0.0127861 0.987114
9.9991E-05 0.0270438 0.972856
9.9991E-05 0.00963532 0.990265
0.0843875 0.0374356 0.878177
0.0631469 0.0689602 0.867893
0.0580511 9.9991E-05 0.941849
0.0601472 9.9991E-05 0.939753
0.0661359 9.9991E-05 0.933764
0.0844244 9.9991E-05 0.915476
0.0264367 9.9991E-05 0.973463
0.124022 0.00336917 0.872609
0.0618594 9.9991E-05 0.938041
0.0447072 9.9991E-05 0.955193
0.0563256 9.9991E-05 0.943574
0.0514353 9.9991E-05 0.948465
0.0728189 9.9991E-05 0.927081
0.0622389 9.9991E-05 0.937661
