9.999E-05 0.9998 9.999E-05
0.230846 0.640338 0.128817
0.142516 0.662243 0.195241
0.337804 0.642299 0.0198968
0.502129 0.497771 9.9991E-05
0.344893 0.577338 0.0777693
0.154808 0.799172 0.0460195
0.25494 0.640982 0.104079
0.352991 0.570936 0.076073
9.999E-05 0.9998 9.999E-05
9.999E-05 0.9998 9.999E-05
9.999E-05 0.9998 9.999E-05
9.999E-05 0.9998 9.999E-05
9.999E-05 0.9998 9.999E-05
9.999E-05 0.9998 9.999E-05
0.440004 0.520832 0.0391646
0.499055 0.436848 0.0640971
0.315674 0.61404 0.0702869
0.573935 0.408276 0.0177891
0.577739 0.392396 0.0298652
0.528262 0.471638 9.9991E-05
0.523413 0.381152 0.0954356
0.479052 0.435889 0.0850592
0.461677 0.479791 0.0585314
0.536489 0.463411 9.9991E-05
0.635199 0.364701 9.9991E-05
0.514038 0.373114 0.112848
0.437992 0.468763 0.0932448
0.55348 0.432437 0.0140824
0.435405 0.54998 0.0146154
0.485485 0.514415 9.9991E-05
0.614792 0.353722 0.0314857
0.541471 0.372783 0.0857463
0.54579 0.354929 0.0992813
0.607561 0.337744 0.0546954
0.443579 0.550462 0.00595917
0.62144 0.310142 0.0684175
0.649108 0.306859 0.0440328
0.637677 0.302263 0.0600599
0.679098 0.320802 9.9991E-05
0.794577 0.146971 0.0584522
0.756242 0.196288 0.04747
0.610793 0.283391 0.105816
0.753197 0.161325 0.0854777
0.679583 0.185188 0.135229
0.631168 0.232869 0.135963
0.64512 0.225794 0.129086
0.635562 0.231707 0.132731
0.689952 0.216552 0.0934964
0.554531 0.375564 0.0699049
0.685767 0.241585 0.0726478
0.655845 0.213178 0.130976
0.690307 0.225917 0.0837759
0.786663 0.207352 0.00598489
0.76497 0.171915 0.0631145
0.678989 0.155199 0.165812
0.651859 0.224968 0.123173
0.76184 0.181702 0.0564578
0.625263 0.240286 0.134452
0.780965 0.188999 0.0300357
0.750805 0.204003 0.0451926
0.803421 0.184403 0.012176
0.745425 0.18755 0.067025
0.800843 0.105155 0.0940025
0.782948 0.200118 0.0169341
0.766594 0.111992 0.121414
0.832797 0.111603 0.0555992
0.771524 0.106487 0.121989
0.69844 0.242638 0.0589224
0.762694 0.0918584 0.145447
0.688099 0.200281 0.11162
0.815789 0.0991835 0.0850278
0.672132 0.236831 0.0910367
0.708379 0.221649 0.0699719
0.783806 0.154505 0.0616892
0.816081 0.149847 0.0340723
0.776907 0.0897268 0.133366
0.795719 0.156012 0.0482693
0.920577 0.0371092 0.0423136
0.970849 9.9991E-05 0.0290514
0.909869 0.024882 0.0652488
0.917624 0.00961823 0.0727576
0.944664 9.9991E-05 0.0552359
0.890647 0.109253 9.9991E-05
0.846936 0.0638003 0.0892632
0.839205 0.0442401 0.116555
0.729587 0.17907 0.091343
0.895218 0.0934093 0.0113722
0.879018 0.0748504 0.0461318
0.850533 0.0530884 0.0963785
0.765694 0.126662 0.107643
0.753289 0.142035 0.104676
0.846584 0.057276 0.0961396
0.9998 9.999E-05 9.999E-05
0.9998 9.999E-05 9.999E-05
0.9998 9.999E-05 9.999E-05
0.9998 9.999E-05 9.999E-05
0.9998 9.999E-05 9.999E-05
0.9998 9.999E-05 9.999E-05
0.9998 9.999E-05 9.999E-05
0.9998 9.999E-05 9.999E-05
0.9998 9.999E-05 9.999E-05
0.9998 9.999E-05 9.999E-05
0.916414 0.0140596 0.0695269
0.9998 9.999E-05 9.999E-05
0.9998 9.999E-05 9.999E-05
0.9998 9.999E-05 9.999E-05
0.978035 9.9991E-05 0.021865
0.941786 9.9991E-05 0.0581143
0.953071 0.0135993 0.03333
0.987168 9.9991E-05 0.012732
0.913855 9.9991E-05 0.0860449
0.96597 0.0258199 0.00820976
0.939048 0.0198116 0.0411406
0.981776 9.9991E-05 0.0181244
0.937563 9.9991E-05 0.0623366
0.951412 9.9991E-05 0.0484881
0.936025 0.027502 0.0364729
0.951058 0.00195003 0.0469921
0.910023 0.00839792 0.0815793
0.91014 0.0168 0.0730602
0.928916 9.9991E-05 0.0709843
0.9998 9.999E-05 9.999E-05
0.9998 9.999E-05 9.999E-05
0.9998 9.999E-05 9.999E-05
0.9998 9.999E-05 9.999E-05
0.9998 9.999E-05 9.999E-05
0.9998 9.999E-05 9.999E-05
0.983956 0.0159444 9.9991E-05
0.963551 9.9991E-05 0.0363494
0.993912 9.9991E-05 0.00598846
0.998948 9.9991E-05 0.000952169
0.9998 9.999E-05 9.999E-05
0.895202 9.9991E-05 0.104698
9.999E-05 9.999E-05 0.9998
0.919218 0.00714629 0.0736359
9.999E-05 9.999E-05 0.9998
9.999E-05 9.999E-05 0.9998
0.0763015 9.9991E-05 0.923598
0.196299 0.00333883 0.800362
9.999E-05 9.999E-05 0.9998
0.0862007 9.9991E-05 0.913699
9.999E-05 9.999E-05 0.9998
0.0449405 9.9991E-05 0.954959
9.9991E-05 0.00550814 0.994392
0.0186803 9.9991E-05 0.98122
9.999E-05 9.999E-05 0.9998
0.202743 9.9991E-05 0.797157
9.999E-05 9.999E-05 0.9998
0.0979233 9.9991E-05 0.901977
0.129682 9.9991E-05 0.870218
0.059352 0.0321921 0.908456
0.0100433 9.9991E-05 0.989857
0.916952 0.0517719 0.0312765
0.93657 0.0327218 0.0307081
0.921796 0.0418117 0.0363926
0.872182 0.0857477 0.0420702
0.992862 0.00703808 9.9991E-05
0.9998 9.999E-05 9.999E-05
0.99915 9.9991E-05 0.000749877
0.9998 9.999E-05 9.999E-05
0.983301 9.9991E-05 0.0165994
0.990613 9.9991E-05 0.00928734
0.9998 9.999E-05 9.999E-05
0.951736 0.0481636 9.9991E-05
0.924863 0.0406623 0.0344748
0.971265 0.0286345 9.9991E-05
0.978366 0.0215338 9.9991E-05
0.963312 0.0365877 9.9991E-05
0.953599 0.046301 9.9991E-05
0.986881 0.0130194 9.9991E-05
0.952159 0.0477415 9.9991E-05
0.954281 0.0456195 9.9991E-05
0.961703 0.0381975 9.9991E-05
0.961836 0.0380636 9.9991E-05
0.989428 0.010472 9.9991E-05
0.979199 0.0207007 9.9991E-05
0.960131 0.039769 9.9991E-05
