9.999E-05 0.9998 9.999E-05
0.0509457 0.873499 0.0755552
0.0495924 0.950308 9.9991E-05
0.206263 0.544458 0.249279
0.152911 0.839904 0.00718498
9.999E-05 0.859443 0.140457
0.138984 0.860916 9.9991E-05
0.0888219 0.80556 0.105618
0.185367 0.814533 9.9991E-05
0.326675 0.573811 0.0995143
9.999E-05 9.999E-05 0.9998
0.00652753 9.9991E-05 0.993372
9.9991E-05 0.193253 0.806647
0.186668 0.0164441 0.796888
0.140027 0.0633789 0.796595
9.999E-05 9.999E-05 0.9998
9.999E-05 9.999E-05 0.9998
0.295388 9.9991E-05 0.704512
0.182034 9.9991E-05 0.817866
9.9991E-05 0.0802089 0.919691
0.102735 0.104051 0.793214
0.0535883 0.28681 0.659602
9.999E-05 9.999E-05 0.9998
0.0494983 0.0234166 0.927085
0.228032 9.9991E-05 0.771868
0.216961 0.118546 0.664493
0.336993 9.9991E-05 0.662907
0.428571 0.0144295 0.556999
0.35419 0.00497963 0.64083
0.341051 9.9991E-05 0.658849
0.891805 0.108095 9.9991E-05
0.703241 0.296659 9.9991E-05
0.70337 9.9991E-05 0.29653
0.776212 0.0913516 0.132436
0.542314 9.9991E-05 0.457586
0.755549 0.231958 0.0124926
0.514227 0.279567 0.206206
0.687828 0.108951 0.203221
0.763629 0.065467 0.170904
0.764377 9.9991E-05 0.235523
0.784082 0.157623 0.0582942
0.706705 0.11497 0.178325
0.655935 0.0647245 0.27934
0.675936 0.0918474 0.232217
0.866104 0.0644308 0.0694649
0.834888 0.097822 0.0672905
0.986719 9.9991E-05 0.013181
0.9998 9.999E-05 9.999E-05
0.637064 0.188612 0.174324
0.784021 0.187514 0.0284644
0.974026 0.0258737 9.9991E-05
0.821309 0.0305215 0.148169
0.921083 9.9991E-05 0.0788169
0.957077 9.9991E-05 0.0428233
0.9998 9.999E-05 9.999E-05
0.962679 0.0372213 9.9991E-05
0.884462 9.9991E-05 0.115438
0.852397 9.9991E-05 0.147503
0.928758 0.0711419 9.9991E-05
0.828654 0.140663 0.030683
0.975262 9.9991E-05 0.0246376
0.907523 0.0923768 9.9991E-05
0.975392 0.0245079 9.9991E-05
0.9998 9.999E-05 9.999E-05
0.902135 9.9991E-05 0.0977653
0.9998 9.999E-05 9.999E-05
0.9998 9.999E-05 9.999E-05
0.969799 9.9991E-05 0.0301013
0.9998 9.999E-05 9.999E-05
0.9998 9.999E-05 9.999E-05
0.9998 9.999E-05 9.999E-05
0.886424 0.113476 9.9991E-05
0.997699 0.0022011 9.9991E-05
0.976303 9.9991E-05 0.0235965
0.948145 9.9991E-05 0.0517545
0.9998 9.999E-05 9.999E-05
0.931741 0.0156762 0.0525826
