9.999E-05 9.999E-05 0.9998
0.109756 0.189986 0.700259
0.182221 0.113572 0.704207
0.0395035 0.265947 0.694549
9.9991E-05 0.440089 0.559811
0.0946249 0.275517 0.629858
0.0553906 0.105667 0.838942
0.127933 0.195669 0.676398
0.106894 0.260929 0.632177
9.999E-05 9.999E-05 0.9998
9.999E-05 9.999E-05 0.9998
9.999E-05 9.999E-05 0.9998
9.999E-05 9.999E-05 0.9998
9.999E-05 9.999E-05 0.9998
9.999E-05 9.999E-05 0.9998
0.0735626 0.323906 0.602531
0.0896558 0.42247 0.487875
0.0427964 0.258702 0.698502
9.9991E-05 0.528994 0.470906
0.0331018 0.510327 0.456572
0.00463041 0.403348 0.592022
0.123172 0.452372 0.424456
0.0716896 0.448488 0.479823
0.0521565 0.399449 0.548394
0.0143851 0.450795 0.53482
0.0359857 0.550767 0.413248
0.142928 0.421358 0.435714
0.0568964 0.379779 0.563325
0.0366128 0.467561 0.495826
0.0126596 0.38728 0.600061
9.9991E-05 0.468766 0.531134
0.0404878 0.514739 0.444773
0.0650952 0.542396 0.392509
0.119907 0.481028 0.399065
0.0452422 0.500554 0.454204
9.9991E-05 0.3881 0.6118
0.0351985 0.585237 0.379565
0.0581715 0.598765 0.343064
0.101402 0.561152 0.337446
0.00681251 0.61767 0.375517
0.103164 0.723429 0.173407
0.106773 0.729317 0.16391
0.144266 0.532362 0.323372
0.103511 0.695922 0.200568
0.108691 0.7086 0.182709
0.153645 0.540845 0.305509
0.134089 0.587723 0.278188
0.0928888 0.583565 0.323547
0.108663 0.599781 0.291556
0.0796927 0.50191 0.418397
0.112311 0.596143 0.291546
0.138826 0.605095 0.256079
0.127414 0.571846 0.30074
0.0181762 0.739048 0.242776
0.0558478 0.729019 0.215133
0.183933 0.576762 0.239306
0.128 0.56105 0.310951
0.00642358 0.754569 0.239007
0.149628 0.540274 0.310098
0.0605843 0.601458 0.337958
0.0487698 0.693282 0.257949
0.0376234 0.716779 0.245598
0.11202 0.683999 0.203982
0.141319 0.690161 0.16852
9.9991E-05 0.742973 0.256927
0.153454 0.67725 0.169296
0.0884114 0.795087 0.116501
0.130379 0.712967 0.156654
0.0777739 0.638548 0.283678
0.129534 0.718439 0.152026
0.128619 0.586633 0.284748
0.131819 0.703051 0.16513
0.066958 0.632789 0.300253
0.0511337 0.69348 0.255386
0.0928306 0.726423 0.180746
0.0300427 0.777581 0.192376
0.138462 0.727108 0.13443
0.0734174 0.80598 0.120603
0.108213 0.811669 0.0801185
0.080178 0.892667 0.0271546
0.0700273 0.890285 0.0396873
0.0336854 0.942318 0.0239963
0.0772565 0.867321 0.0554222
0.0352281 0.882035 0.0827368
0.0556065 0.823407 0.120987
0.119472 0.752115 0.128413
0.0988086 0.690438 0.210754
9.9991E-05 0.892365 0.107535
0.0740389 0.860856 0.0651048
0.111766 0.794677 0.0935573
0.0941446 0.784324 0.121531
0.09918 0.759893 0.140927
0.102318 0.829508 0.0681733
9.999E-05 0.9998 9.999E-05
9.999E-05 0.9998 9.999E-05
9.999E-05 0.9998 9.999E-05
9.999E-05 0.9998 9.999E-05
9.999E-05 0.9998 9.999E-05
9.999E-05 0.9998 9.999E-05
9.999E-05 0.9998 9.999E-05
9.999E-05 0.9998 9.999E-05
9.999E-05 0.9998 9.999E-05
9.999E-05 0.9998 9.999E-05
0.0705732 0.901886 0.027541
9.999E-05 0.9998 9.999E-05
9.999E-05 0.9998 9.999E-05
9.999E-05 0.9998 9.999E-05
0.0127002 0.9872 9.9991E-05
0.0590278 0.939083 0.00188949
0.0164519 0.96142 0.0221282
0.0429435 0.956956 9.9991E-05
0.0635975 0.936303 9.9991E-05
0.03207 0.911469 0.0564615
0.0256377 0.937023 0.0373398
0.00170304 0.998197 9.9991E-05
0.0963933 0.903507 9.9991E-05
0.0466469 0.923475 0.0298785
0.0508333 0.882737 0.0664299
0.0703965 0.879501 0.0501026
0.0736788 0.875038 0.0512831
0.0620668 0.896298 0.0416352
9.999E-05 0.9998 9.999E-05
9.999E-05 0.9998 9.999E-05
9.999E-05 0.9998 9.999E-05
9.999E-05 0.9998 9.999E-05
9.999E-05 0.9998 9.999E-05
9.999E-05 0.9998 9.999E-05
9.999E-05 0.9998 9.999E-05
9.999E-05 0.9998 9.999E-05
9.999E-05 0.9998 9.999E-05
9.999E-05 0.9998 9.999E-05
9.999E-05 0.9998 9.999E-05
9.999E-05 0.9998 9.999E-05
0.0745952 0.925305 9.9991E-05
0.9998 9.999E-05 9.999E-05
0.107929 0.868772 0.0232989
0.9998 9.999E-05 9.999E-05
0.9998 9.999E-05 9.999E-05
0.94515 0.0547503 9.9991E-05
0.781313 0.192615 0.0260713
0.9998 9.999E-05 9.999E-05
0.862917 0.136983 9.9991E-05
0.9998 9.999E-05 9.999E-05
0.994222 0.00567813 9.9991E-05
0.98681 9.9991E-05 0.0130901
0.9998 9.999E-05 9.999E-05
0.987186 0.0127143 9.9991E-05
0.827794 0.172106 9.9991E-05
0.970789 0.0291111 9.9991E-05
0.941874 0.058026 9.9991E-05
0.88546 0.101728 0.0128116
0.853422 0.132884 0.0136936
0.960622 0.0237091 0.015669
0.0614457 0.859701 0.0788529
0.0568014 0.872735 0.0704634
0.0449257 0.868877 0.0861975
0.0773763 0.816922 0.105702
0.0384706 0.961429 9.9991E-05
9.999E-05 0.9998 9.999E-05
0.0263404 0.97356 9.9991E-05
0.0248639 0.975036 9.9991E-05
0.0220532 0.977847 9.9991E-05
0.0374615 0.962438 9.9991E-05
0.0535902 0.94631 9.9991E-05
0.0551114 0.86818 0.0767089
0.0779158 0.863172 0.0589118
9.9991E-05 0.953508 0.046392
9.9991E-05 0.924113 0.075787
9.9991E-05 0.912672 0.0872275
9.9991E-05 0.910548 0.0893516
9.9991E-05 0.970668 0.0292322
9.9991E-05 0.919737 0.0801629
9.9991E-05 0.968194 0.0317055
9.9991E-05 0.922018 0.0778818
9.9991E-05 0.929927 0.0699725
9.9991E-05 0.952481 0.0474195
9.9991E-05 0.965528 0.0343716
9.9991E-05 0.942015 0.0578849
