9.997E-05 9.997E-05 0.9996 9.997E-05 9.997E-05
0.0580155 9.9991E-05 0.367499 0.502242 0.072144
0.090816 9.9991E-05 0.37456 0.45878 0.0757439
9.9973E-05 9.9973E-05 0.275887 0.723813 9.9973E-05
9.999E-05 0.0167201 0.155967 0.825951 0.00126164
9.9973E-05 9.9973E-05 0.189555 0.810145 9.9973E-05
9.9973E-05 9.9973E-05 0.385969 0.613731 9.9973E-05
0.0727808 9.9982E-05 0.360652 0.566368 9.9982E-05
0.0487109 9.9982E-05 0.277035 0.674054 9.9982E-05
9.997E-05 9.997E-05 0.9996 9.997E-05 9.997E-05
9.997E-05 9.997E-05 0.9996 9.997E-05 9.997E-05
9.997E-05 9.997E-05 0.9996 9.997E-05 9.997E-05
9.997E-05 9.997E-05 0.9996 9.997E-05 9.997E-05
0.0153315 9.9982E-05 0.97108 0.0133889 9.9982E-05
9.9982E-05 0.00431358 0.991142 9.9982E-05 0.00434411
0.0166018 0.0090503 0.247857 0.726391 9.9991E-05
0.0883529 0.116577 0.246523 0.527009 0.0215389
9.9973E-05 9.9973E-05 0.224353 0.775347 9.9973E-05
9.997E-05 9.997E-05 9.997E-05 0.9996 9.997E-05
9.9973E-05 0.00743982 9.9973E-05 0.99226 9.9973E-05
9.9973E-05 9.9973E-05 0.138149 0.861551 9.9973E-05
0.0395009 9.9982E-05 0.0341572 0.926142 9.9982E-05
0.00555005 9.9982E-05 0.0296231 0.964627 9.9982E-05
9.9973E-05 9.9973E-05 0.0402597 0.95944 9.9973E-05
9.9973E-05 9.9973E-05 0.0340078 0.965692 9.9973E-05
9.9982E-05 0.0881901 0.0140511 0.897559 9.9982E-05
0.0558997 0.0952831 0.0347999 0.809597 0.00442036
9.9973E-05 9.9973E-05 0.021633 0.978067 9.9973E-05
9.9982E-05 0.0411763 0.0771444 0.881479 9.9982E-05
9.9973E-05 9.9973E-05 0.124818 0.874882 9.9973E-05
9.9973E-05 9.9973E-05 0.126935 0.872765 9.9973E-05
9.9982E-05 0.0177007 0.0401152 0.941984 9.9982E-05
0.010855 9.9991E-05 0.0614713 0.914931 0.0126427
0.0691263 0.0749742 0.0880087 0.767791 9.9991E-05
0.012231 0.0125868 0.0487288 0.926353 9.9991E-05
9.9973E-05 9.9973E-05 0.150862 0.848838 9.9973E-05
9.997E-05 9.997E-05 9.997E-05 0.9996 9.997E-05
0.00217895 0.143414 0.0154959 0.833895 0.00501598
0.0106716 0.078045 0.0564894 0.77905 0.0757438
9.9991E-05 0.0617918 0.0295492 0.869668 0.0388906
0.067786 0.18068 9.9991E-05 0.694631 0.0568031
0.0576298 0.292879 9.9991E-05 0.610639 0.0387526
0.0935057 9.99921E-05 0.0504282 0.807526 0.0484402
0.0831442 0.149359 9.9991E-05 0.704258 0.0631394
0.088313 0.227696 9.9991E-05 0.683016 0.00087525
0.0457084 0.0320459 9.9982E-05 0.922046 9.9982E-05
0.0180211 0.0748887 9.9982E-05 0.90689 9.9982E-05
0.0574838 0.0845377 9.9982E-05 0.857779 9.9982E-05
0.0416726 0.217317 0.0413523 0.699558 9.9991E-05
0.0444909 0.0522557 0.100606 0.772614 0.0300328
0.0631804 0.0402677 0.0109908 0.821616 0.063945
0.0555973 0.144561 9.9982E-05 0.799642 9.9982E-05
0.0601223 0.0624358 9.9982E-05 0.877242 9.9982E-05
9.9991E-05 0.261716 0.0471952 0.660137 0.0308514
0.026616 0.217087 0.0296532 0.674439 0.0522053
0.129826 0.147408 9.9991E-05 0.709591 0.0130757
0.116316 0.233768 0.0600462 0.575892 0.0139773
9.9982E-05 0.197901 9.9982E-05 0.74604 0.0558591
0.0441615 0.0117034 9.9982E-05 0.943935 9.9982E-05
0.0955407 0.158105 0.0380111 0.704248 0.0040953
0.00151747 0.237422 9.9982E-05 0.76086 9.9982E-05
9.9991E-05 0.188607 0.00979655 0.703156 0.0983407
0.0942047 0.190114 0.00699736 0.667535 0.0411481
0.0507351 0.244267 9.9991E-05 0.625733 0.0791651
9.9982E-05 0.204112 9.9982E-05 0.790389 0.00529888
0.107643 0.18289 9.9991E-05 0.689189 0.0201786
0.0453388 0.178439 9.9991E-05 0.692269 0.0838527
0.13255 0.234215 9.9991E-05 0.547798 0.0853364
0.0291582 0.141342 9.9991E-05 0.814683 0.0147165
0.0927942 0.177381 9.9991E-05 0.661536 0.0681885
0.0789631 0.0482137 0.0029422 0.775384 0.0944975
0.0441836 0.213404 9.9991E-05 0.681822 0.0604906
0.0436093 0.110905 0.0449618 0.782146 0.0183776
0.0686445 0.189625 0.0272254 0.713417 0.00108821
0.0764831 0.260489 0.0325877 0.630129 0.000311302
0.017771 0.288174 9.9991E-05 0.682661 0.0112936
0.046165 0.122885 9.9991E-05 0.763349 0.0675008
0.0474201 0.195723 9.9991E-05 0.652814 0.103943
0.049187 0.463342 9.9991E-05 0.361059 0.126312
0.0543109 0.404227 9.9991E-05 0.399912 0.14145
0.103131 0.406344 9.9991E-05 0.378735 0.11169
0.0487165 0.381004 9.9991E-05 0.39397 0.17621
0.0347251 0.397284 9.9991E-05 0.440794 0.127097
0.0184181 0.294556 9.9991E-05 0.541585 0.145341
0.0553741 0.261285 9.9991E-05 0.444074 0.239167
0.116188 0.265209 9.9991E-05 0.42207 0.196433
0.0954063 0.271729 0.0600274 0.452483 0.120354
0.00597258 0.287867 9.9991E-05 0.536215 0.169845
0.107297 0.31927 9.9991E-05 0.419392 0.153941
0.110821 0.404132 9.9991E-05 0.383015 0.101932
0.0917792 0.23553 0.0123231 0.502931 0.157437
0.0951854 0.209326 0.0213338 0.510095 0.16406
0.0893539 0.361133 0.00394849 0.330071 0.215493
9.997E-05 9.997E-05 9.997E-05 9.997E-05 0.9996
0.0142646 9.9982E-05 0.0134077 9.9982E-05 0.972128
0.00533605 0.0656092 0.0164774 0.00968119 0.902896
9.997E-05 9.997E-05 9.997E-05 9.997E-05 0.9996
9.997E-05 9.997E-05 9.997E-05 9.997E-05 0.9996
9.997E-05 9.997E-05 9.997E-05 9.997E-05 0.9996
9.997E-05 9.997E-05 9.997E-05 9.997E-05 0.9996
9.9982E-05 0.024987 9.9982E-05 0.098952 0.875861
9.997E-05 9.997E-05 9.997E-05 9.997E-05 0.9996
9.997E-05 9.997E-05 9.997E-05 9.997E-05 0.9996
0.0638651 0.574095 9.9991E-05 0.256155 0.105785
0.012885 0.0341201 0.00679111 0.0309621 0.915242
0.0120262 0.0116013 9.9982E-05 9.9982E-05 0.976173
9.997E-05 9.997E-05 9.997E-05 9.997E-05 0.9996
0.073613 0.479026 9.9991E-05 0.308466 0.138794
0.102429 0.525181 9.9991E-05 0.247089 0.125201
0.0881002 0.470874 0.0127192 0.248061 0.180245
0.064776 0.516874 9.9991E-05 0.237574 0.180676
0.0807153 0.519008 9.9991E-05 0.283615 0.116562
0.0315012 0.464881 9.9991E-05 0.396537 0.106981
0.0769595 0.390676 9.9991E-05 0.343628 0.188636
0.0351292 0.507272 9.9991E-05 0.293656 0.163843
0.0980233 0.37659 9.9991E-05 0.269613 0.255675
0.0781346 0.409464 9.9991E-05 0.283619 0.228683
0.0853209 0.41654 9.9991E-05 0.383757 0.114282
0.0607457 0.404166 9.9991E-05 0.309773 0.225215
0.0844218 0.52652 0.000639101 0.299772 0.0886469
0.0692676 0.476655 9.9991E-05 0.286691 0.167286
0.00602808 0.990465 9.9982E-05 9.9982E-05 0.00330733
0.00024562 0.939269 9.9991E-05 0.0395727 0.0208123
9.997E-05 0.9996 9.997E-05 9.997E-05 9.997E-05
0.00281121 0.996889 9.9973E-05 9.9973E-05 9.9973E-05
0.0124798 0.98722 9.9973E-05 9.9973E-05 9.9973E-05
9.9973E-05 0.997926 9.9973E-05 9.9973E-05 0.00177401
9.9973E-05 0.989702 9.9973E-05 9.9973E-05 0.00999814
0.0256102 0.91497 0.0142628 0.0267035 0.0184538
0.00990116 0.989799 9.9973E-05 9.9973E-05 9.9973E-05
9.997E-05 0.9996 9.997E-05 9.997E-05 9.997E-05
9.9982E-05 0.902 0.000980411 9.9982E-05 0.0968201
9.997E-05 0.9996 9.997E-05 9.997E-05 9.997E-05
0.183689 0.816011 9.9973E-05 9.9973E-05 9.9973E-05
0.9996 9.997E-05 9.997E-05 9.997E-05 9.997E-05
0.112695 0.348595 9.9991E-05 0.348736 0.189874
0.9996 9.997E-05 9.997E-05 9.997E-05 9.997E-05
0.9996 9.997E-05 9.997E-05 9.997E-05 9.997E-05
0.947215 9.9982E-05 0.0181044 9.9982E-05 0.0344801
0.75234 0.0748309 9.9991E-05 0.153365 0.0193636
0.9996 9.997E-05 9.997E-05 9.997E-05 9.997E-05
0.88776 0.0703314 9.9982E-05 0.0417091 9.9982E-05
0.9996 9.997E-05 9.997E-05 9.997E-05 9.997E-05
0.977758 9.9982E-05 9.9982E-05 0.0166428 0.005399
0.9996 9.997E-05 9.997E-05 9.997E-05 9.997E-05
0.982966 9.9973E-05 9.9973E-05 0.0167339 9.9973E-05
0.944903 9.9973E-05 9.9973E-05 0.0547968 9.9973E-05
0.844267 0.10901 9.9991E-05 0.0150913 0.0315319
0.92205 0.0479532 0.0297969 9.9982E-05 9.9982E-05
0.890407 0.0472184 9.9991E-05 0.00909772 0.053177
0.855273 0.0615784 0.00820905 0.0748399 9.9991E-05
0.866806 0.101251 0.017952 0.0116704 0.00232091
0.96372 0.0322862 9.9982E-05 9.9982E-05 0.0037937
0.0660214 0.584468 0.0607287 0.190119 0.0986632
0.0885125 0.56775 0.0576692 0.237264 0.0488051
0.0476073 0.56572 0.0810029 0.195306 0.110363
0.0733458 0.548064 0.0835802 0.226226 0.0687842
0.074612 0.715923 0.0179737 0.0297039 0.161787
0.0557728 0.7789 0.000812252 0.00864995 0.155865
0.0458394 0.746285 0.0235087 0.0228659 0.161501
0.0631754 0.750219 0.00922053 9.9991E-05 0.177286
0.0909483 0.690806 9.9991E-05 0.0544537 0.163692
0.0557751 0.672896 9.9991E-05 0.0872186 0.18401
0.0434552 0.70135 0.014894 0.0733366 0.166965
0.0378501 0.591076 0.0359474 0.21816 0.116966
0.0695482 0.612143 0.0227875 0.15729 0.138231
9.9973E-05 0.979101 0.0205991 9.9973E-05 9.9973E-05
9.9973E-05 0.951502 0.0481985 9.9973E-05 9.9973E-05
9.9973E-05 0.971872 0.027828 9.9973E-05 9.9973E-05
9.9973E-05 0.969396 0.0303042 9.9973E-05 9.9973E-05
9.9973E-05 0.970734 0.0289664 9.9973E-05 9.9973E-05
9.9973E-05 0.931674 0.0680263 9.9973E-05 9.9973E-05
9.9973E-05 0.977596 0.0221045 9.9973E-05 9.9973E-05
9.9973E-05 0.970002 0.0296986 9.9973E-05 9.9973E-05
9.9973E-05 0.945517 0.0541836 9.9973E-05 9.9973E-05
9.9973E-05 0.969089 0.030611 9.9973E-05 9.9973E-05
9.9973E-05 0.953621 0.0460794 9.9973E-05 9.9973E-05
9.9973E-05 0.980986 0.0187141 9.9973E-05 9.9973E-05
