9.997E-05 0.9996 9.997E-05 9.997E-05 9.997E-05
9.9982E-05 0.856718 0.114189 9.9982E-05 0.0288933
0.0980069 0.858648 0.0431453 9.9982E-05 9.9982E-05
0.146673 0.517528 0.0542367 0.244632 0.0369301
0.0830796 0.848708 0.0629993 9.9991E-05 0.00511339
9.9973E-05 0.857965 9.9973E-05 0.141735 9.9973E-05
0.0663653 0.913308 9.9982E-05 9.9982E-05 0.020127
9.9973E-05 0.862268 9.9973E-05 0.137432 9.9973E-05
0.334627 0.61174 0.0534328 9.9982E-05 9.9982E-05
0.209723 0.603231 0.134546 9.9991E-05 0.0524004
0.000164969 9.9982E-05 9.9982E-05 0.946872 0.0527629
9.9982E-05 9.9982E-05 0.0244983 0.945127 0.0301751
9.9973E-05 0.182011 9.9973E-05 0.817689 9.9973E-05
0.169643 0.0366896 0.00934629 0.77425 0.010071
0.000597867 0.0706731 0.136072 0.755315 0.0373413
9.9982E-05 0.0101888 9.9982E-05 0.970277 0.0193345
9.997E-05 9.997E-05 9.997E-05 0.9996 9.997E-05
0.0937994 9.9991E-05 0.19823 0.693045 0.0148256
0.19176 9.9991E-05 0.050847 0.755168 0.00212481
0.0134296 0.0179195 9.9982E-05 0.968451 9.9982E-05
0.0324405 0.0494888 0.0694048 0.848566 9.9991E-05
0.0182686 0.282952 0.0552969 0.643382 9.9991E-05
9.9973E-05 0.0238054 9.9973E-05 0.975895 9.9973E-05
0.0631746 9.9982E-05 0.0910068 0.845619 9.9982E-05
9.9973E-05 9.9973E-05 0.206246 0.793454 9.9973E-05
0.100306 0.0956559 0.20876 0.595178 9.9991E-05
0.404792 9.9982E-05 0.0333813 0.561626 9.9982E-05
0.0906765 0.0470757 0.386175 0.458562 0.0175108
0.0929568 0.0290895 0.339808 0.538045 9.9991E-05
9.9973E-05 9.9973E-05 0.365323 0.634377 9.9973E-05
0.825901 9.9973E-05 0.173799 9.9973E-05 9.9973E-05
0.610844 0.134797 0.167984 0.0862758 9.9991E-05
0.699366 9.9982E-05 0.187157 0.113277 9.9982E-05
0.953795 9.9973E-05 9.9973E-05 0.0459049 9.9973E-05
0.644155 9.9991E-05 0.031485 0.323929 0.000330603
0.777522 0.090792 0.131486 9.9982E-05 9.9982E-05
0.659058 0.233533 9.9991E-05 0.102948 0.00436068
0.665838 0.0644996 0.107228 0.162334 9.9991E-05
0.94953 9.9973E-05 9.9973E-05 0.0501701 9.9973E-05
0.482373 0.0458629 0.302833 0.129021 0.0399108
0.836715 0.0655883 0.0974963 9.9982E-05 9.9982E-05
0.501687 0.0364963 0.343043 0.118673 9.9991E-05
0.686699 0.0343089 0.146966 0.131927 9.9991E-05
0.780913 0.00844151 0.0295127 0.152432 0.0287003
0.728127 9.9991E-05 0.218663 0.0488037 0.00430665
0.788189 9.9982E-05 0.195431 0.0161802 9.9982E-05
0.849492 9.9982E-05 0.0921988 9.9982E-05 0.0581094
0.833888 9.9973E-05 0.165812 9.9973E-05 9.9973E-05
0.736272 0.0900917 0.0714501 0.102086 9.9991E-05
0.729174 0.0953939 0.156516 0.0188163 9.9991E-05
0.944356 9.9973E-05 0.0553446 9.9973E-05 9.9973E-05
0.997917 9.9973E-05 9.9973E-05 9.9973E-05 0.00178298
0.822355 9.9973E-05 0.177345 9.9973E-05 9.9973E-05
0.944058 9.9973E-05 0.0556419 9.9973E-05 9.9973E-05
0.9996 9.997E-05 9.997E-05 9.997E-05 9.997E-05
0.753151 0.0109508 0.195761 9.9991E-05 0.0400376
0.0931573 0.0339527 0.765656 0.107134 9.9991E-05
0.22201 9.9982E-05 0.690192 0.0875983 9.9982E-05
0.275845 0.0306431 0.693312 9.9982E-05 9.9982E-05
0.150773 0.136542 0.706509 0.00607497 9.9991E-05
0.165986 9.9982E-05 0.807384 0.0264298 9.9982E-05
0.399065 0.0842171 0.43935 9.9991E-05 0.0772678
0.306405 0.039444 0.653951 9.9982E-05 9.9982E-05
9.9973E-05 9.9973E-05 0.979052 9.9973E-05 0.0206483
0.0538561 9.9973E-05 0.945844 9.9973E-05 9.9973E-05
9.997E-05 9.997E-05 0.9996 9.997E-05 9.997E-05
9.997E-05 9.997E-05 0.9996 9.997E-05 9.997E-05
9.9973E-05 9.9973E-05 0.995187 0.00451273 9.9973E-05
9.9973E-05 9.9973E-05 0.987542 9.9973E-05 0.0121578
9.997E-05 9.997E-05 0.9996 9.997E-05 9.997E-05
0.00375227 9.9973E-05 0.995948 9.9973E-05 9.9973E-05
0.270054 0.0817522 0.641998 9.9991E-05 0.00609653
9.9973E-05 9.9973E-05 0.983732 9.9973E-05 0.0159678
0.271 0.0064843 0.636861 0.0227198 0.0629346
0.0338265 9.9991E-05 0.323463 0.102919 0.539692
9.997E-05 9.997E-05 9.997E-05 9.997E-05 0.9996
0.24108 0.0495022 0.647256 0.0038833 0.0582788
