0.9996 9.997E-05 9.997E-05 9.997E-05 9.997E-05
0.49781 0.092647 0.0721048 9.9991E-05 0.337338
0.461463 0.117479 0.0580477 9.9991E-05 0.36291
0.426212 9.9973E-05 9.9973E-05 9.9973E-05 0.573488
0.287521 0.0097833 9.9982E-05 9.9982E-05 0.702496
0.348144 0.0273927 0.0027739 9.9991E-05 0.621589
0.544957 0.00433773 9.9982E-05 9.9982E-05 0.450505
0.475382 0.112013 0.0111664 9.9991E-05 0.401339
0.380093 0.0563368 9.9982E-05 9.9982E-05 0.56337
0.9996 9.997E-05 9.997E-05 9.997E-05 9.997E-05
0.9996 9.997E-05 9.997E-05 9.997E-05 9.997E-05
0.9996 9.997E-05 9.997E-05 9.997E-05 9.997E-05
0.9996 9.997E-05 9.997E-05 9.997E-05 9.997E-05
0.960015 9.9973E-05 9.9973E-05 9.9973E-05 0.0396848
0.987407 9.9982E-05 0.00503775 0.00735513 9.9982E-05
0.33354 0.0179204 9.9982E-05 9.9982E-05 0.64834
0.332543 0.0711393 0.0509457 9.9991E-05 0.545272
0.405984 9.9973E-05 9.9973E-05 9.9973E-05 0.593716
0.145569 9.9973E-05 9.9973E-05 9.9973E-05 0.854131
0.105005 9.9973E-05 9.9973E-05 9.9973E-05 0.894695
0.259267 9.9973E-05 9.9973E-05 9.9973E-05 0.740433
0.147871 0.0527688 9.9982E-05 9.9982E-05 0.79916
0.188112 0.0218202 9.9982E-05 9.9982E-05 0.789868
0.195832 9.9973E-05 9.9973E-05 9.9973E-05 0.803869
0.177678 9.9973E-05 9.9973E-05 9.9973E-05 0.822022
0.103996 9.9982E-05 9.9982E-05 0.0279216 0.867882
0.151018 0.0541154 9.9982E-05 9.9982E-05 0.794667
0.185236 0.0535939 9.9982E-05 9.9982E-05 0.76097
0.195036 9.9982E-05 9.9982E-05 0.0145562 0.790208
0.275658 9.9973E-05 9.9973E-05 9.9973E-05 0.724042
0.235581 9.9973E-05 9.9973E-05 9.9973E-05 0.764119
0.142435 0.0370936 9.9982E-05 9.9982E-05 0.820271
0.159338 0.0225091 0.0166599 9.9991E-05 0.801393
0.206083 0.0784274 0.00612706 0.0693176 0.640045
0.160998 0.0390432 9.9982E-05 9.9982E-05 0.799759
0.275407 9.9973E-05 9.9973E-05 9.9973E-05 0.724293
0.053148 9.9973E-05 9.9973E-05 9.9973E-05 0.946552
0.0770081 0.0506294 0.0071695 9.9991E-05 0.865093
0.106923 0.0434465 0.0280748 9.9991E-05 0.821456
0.139625 9.9973E-05 9.9973E-05 9.9973E-05 0.860075
0.043045 0.0568711 0.0742428 0.129663 0.696178
9.9991E-05 0.0650461 0.056966 0.0662798 0.811608
0.16376 0.125118 0.0553641 0.105518 0.550241
0.0271872 0.079769 0.0190361 0.0677028 0.806305
9.9973E-05 0.092756 9.9973E-05 9.9973E-05 0.906944
0.00947372 0.0609158 9.9982E-05 9.9982E-05 0.92941
0.00713235 0.0653113 9.9982E-05 9.9982E-05 0.927356
0.0264128 0.0484099 9.9991E-05 0.00818716 0.91689
0.10324 0.0454806 9.9991E-05 0.0908045 0.760375
0.192122 0.0486147 0.0280356 0.101357 0.629871
0.102722 0.067057 0.00966829 9.9991E-05 0.820453
0.0367944 0.0651377 9.9991E-05 0.0375749 0.860393
0.0364864 0.102447 9.9982E-05 9.9982E-05 0.860867
0.0651069 0.0036827 0.0278295 0.0634653 0.839916
0.0895346 0.00255499 0.0395007 0.0918921 0.776518
0.0400099 0.154365 0.00897672 0.110317 0.686332
0.10981 0.107999 9.9991E-05 0.0557619 0.726329
9.9982E-05 9.9982E-05 0.0404856 0.00770724 0.951607
0.022032 0.0718651 9.9982E-05 9.9982E-05 0.905903
0.069864 0.0376426 9.9982E-05 9.9982E-05 0.892293
0.0316633 0.0134599 9.9991E-05 0.0824626 0.872314
0.0247173 0.0278891 9.9991E-05 0.144953 0.802341
0.0281929 0.0720475 0.0362142 0.0512282 0.812317
9.9991E-05 0.126299 0.0514605 0.00327557 0.818865
0.0170843 9.9982E-05 9.9982E-05 0.0967083 0.886007
0.00443991 0.0886874 0.0244411 0.0785266 0.803905
9.9991E-05 0.0220675 0.0728641 0.0483934 0.856575
0.0178876 0.0944494 0.045931 0.103347 0.738385
0.0505236 0.0508085 0.00482478 0.0385823 0.855261
9.9982E-05 0.125031 9.9982E-05 0.0795331 0.795236
0.0807803 0.0822681 0.0708548 0.0853179 0.680779
9.9991E-05 0.0924851 0.0805505 0.106757 0.720107
0.0897136 0.028541 0.00134761 9.9991E-05 0.880298
0.0369403 0.0518726 9.9982E-05 9.9982E-05 0.910987
0.0903747 0.0389404 0.0366398 0.158739 0.675306
9.9991E-05 0.00448216 0.0163201 0.0335092 0.945589
9.9982E-05 0.102433 0.0212879 9.9982E-05 0.876079
0.0502744 0.0655678 0.172777 0.0701908 0.64119
9.9991E-05 0.0669664 0.118432 0.127771 0.68673
9.9991E-05 0.0324253 0.150305 0.128837 0.688332
9.9991E-05 0.0742391 0.090582 0.143325 0.691753
9.9991E-05 0.0350208 0.170291 0.0961231 0.698465
9.9991E-05 0.0753566 0.106378 0.130775 0.68739
0.0409047 0.0175353 0.135669 0.126972 0.678919
0.0528101 0.0369956 0.226473 0.122687 0.561035
0.00685922 0.139543 0.188342 0.0725982 0.592657
0.0750597 0.0820403 0.0813897 0.0854775 0.676033
9.9991E-05 0.0382407 0.119004 0.147387 0.695268
9.9991E-05 0.0427132 0.196181 0.0748647 0.686142
0.0132297 0.0834069 0.150983 0.151481 0.600899
0.0225899 0.0557374 0.173008 0.0717354 0.676929
0.0433783 0.0618634 0.17746 0.0860912 0.631207
0.0394791 0.13641 0.199194 0.0804626 0.544454
9.997E-05 9.997E-05 0.9996 9.997E-05 9.997E-05
0.0273336 9.9982E-05 0.934887 0.0375798 9.9982E-05
0.0178204 9.9982E-05 0.895145 9.9982E-05 0.0868348
9.997E-05 9.997E-05 0.9996 9.997E-05 9.997E-05
9.997E-05 9.997E-05 0.9996 9.997E-05 9.997E-05
9.997E-05 9.997E-05 0.9996 9.997E-05 9.997E-05
9.997E-05 9.997E-05 0.9996 9.997E-05 9.997E-05
0.00909808 0.0298873 0.909913 9.9991E-05 0.0510015
9.997E-05 9.997E-05 0.9996 9.997E-05 9.997E-05
9.997E-05 9.997E-05 0.9996 9.997E-05 9.997E-05
9.9991E-05 0.0847691 0.111818 0.307097 0.496216
0.00452501 9.9991E-05 0.908224 0.0258106 0.0613403
9.997E-05 9.997E-05 0.9996 9.997E-05 9.997E-05
9.997E-05 9.997E-05 0.9996 9.997E-05 9.997E-05
9.9991E-05 0.0228839 0.187271 0.16516 0.624585
9.9991E-05 0.069701 0.124804 0.206939 0.598456
0.0101687 0.0689721 0.173183 0.187999 0.559677
9.9991E-05 0.0632038 0.191642 0.192277 0.552778
9.9991E-05 0.0653113 0.112556 0.251324 0.570709
9.9982E-05 9.9982E-05 0.134365 0.186608 0.678827
9.9991E-05 0.0584909 0.206689 0.151902 0.582818
9.9991E-05 0.000118094 0.139834 0.263152 0.596796
9.9991E-05 0.114465 0.259137 0.122972 0.503327
9.9991E-05 0.10022 0.276286 0.0987396 0.524654
9.9991E-05 0.0868804 0.147587 0.13061 0.634823
9.9991E-05 0.0513746 0.21928 0.108769 0.620476
0.000726857 0.0875034 0.0869265 0.219409 0.605434
9.9991E-05 0.0619199 0.135835 0.25144 0.550706
9.9982E-05 0.00893787 9.9982E-05 0.946148 0.0447143
0.0133342 9.9991E-05 0.0657276 0.908199 0.012639
9.997E-05 9.997E-05 9.997E-05 0.9996 9.997E-05
9.9973E-05 9.9973E-05 9.9973E-05 0.973869 0.0258312
9.997E-05 9.997E-05 9.997E-05 0.9996 9.997E-05
9.997E-05 9.997E-05 9.997E-05 0.9996 9.997E-05
0.00558463 9.9973E-05 9.9973E-05 0.994115 9.9973E-05
0.0553008 9.9991E-05 0.00141239 0.809475 0.133711
9.9973E-05 0.0164692 9.9973E-05 0.983231 9.9973E-05
9.997E-05 9.997E-05 9.997E-05 0.9996 9.997E-05
0.0194048 0.0299035 0.0113196 0.939272 9.9991E-05
9.997E-05 9.997E-05 9.997E-05 0.9996 9.997E-05
9.9991E-05 0.0861426 0.0380912 0.747385 0.128281
9.997E-05 0.9996 9.997E-05 9.997E-05 9.997E-05
9.9991E-05 0.101778 0.182195 0.219364 0.496563
9.997E-05 0.9996 9.997E-05 9.997E-05 9.997E-05
9.997E-05 0.9996 9.997E-05 9.997E-05 9.997E-05
0.00290985 0.982889 0.0140007 9.9982E-05 9.9982E-05
9.9991E-05 0.742959 0.0217727 0.00615244 0.229016
9.997E-05 0.9996 9.997E-05 9.997E-05 9.997E-05
9.9982E-05 0.884674 9.9982E-05 0.0351283 0.0799973
9.9973E-05 0.992967 0.00673342 9.9973E-05 9.9973E-05
9.9982E-05 0.993498 9.9982E-05 0.0056425 0.000659479
9.997E-05 0.9996 9.997E-05 9.997E-05 9.997E-05
9.9982E-05 0.979737 9.9982E-05 0.0133689 0.00669367
9.9973E-05 0.959863 9.9973E-05 0.0398373 9.9973E-05
9.9991E-05 0.831603 0.0721608 0.0581365 0.0379995
0.00172105 0.909353 9.9982E-05 9.9982E-05 0.0887262
9.9982E-05 0.882116 0.0521504 9.9982E-05 0.0655338
0.0109881 0.86674 9.9991E-05 0.0420384 0.080134
0.0290496 0.831239 0.0101085 0.00784257 0.12176
9.9982E-05 0.935257 0.0160006 0.0485424 9.9982E-05
9.9991E-05 0.0278058 0.106911 0.0799337 0.78525
9.99989E-05 0.022608 0.0605413 0.0683919 0.848359
0.00111757 0.0540243 0.16121 9.999E-05 0.783548
0.0025584 0.0478449 0.100489 0.0367735 0.812334
9.9991E-05 0.0186234 0.192307 0.0679258 0.721043
9.99821E-05 0.0215235 0.25069 9.99821E-05 0.727586
9.9982E-05 0.044234 0.199342 9.9982E-05 0.756224
9.9982E-05 0.0233815 0.241918 9.9982E-05 0.734501
9.9982E-05 0.0240273 0.21002 9.9982E-05 0.765752
9.9982E-05 0.0498367 0.209715 9.9982E-05 0.740248
9.9982E-05 0.0196557 0.208255 9.9982E-05 0.771889
0.000108307 0.0956812 0.156705 0.0254805 0.722025
9.9973E-05 9.9973E-05 0.165872 9.9973E-05 0.833828
9.997E-05 9.997E-05 9.997E-05 9.997E-05 0.9996
9.997E-05 9.997E-05 9.997E-05 9.997E-05 0.9996
9.997E-05 9.997E-05 9.997E-05 9.997E-05 0.9996
9.997E-05 9.997E-05 9.997E-05 9.997E-05 0.9996
9.997E-05 9.997E-05 9.997E-05 9.997E-05 0.9996
9.997E-05 9.997E-05 9.997E-05 9.997E-05 0.9996
9.997E-05 9.997E-05 9.997E-05 9.997E-05 0.9996
9.997E-05 9.997E-05 9.997E-05 9.997E-05 0.9996
9.997E-05 9.997E-05 9.997E-05 9.997E-05 0.9996
9.9973E-05 9.9973E-05 9.9973E-05 0.0139052 0.985795
9.997E-05 9.997E-05 9.997E-05 9.997E-05 0.9996
9.997E-05 9.997E-05 9.997E-05 9.997E-05 0.9996
