9.997E-05 9.997E-05 9.997E-05 0.9996 9.997E-05
9.999E-05 0.0634803 0.0805053 0.352039 0.503876
9.999E-05 0.103111 0.0944306 0.307228 0.495131
9.9973E-05 9.9973E-05 9.9973E-05 0.261653 0.738047
0.0501635 9.9982E-05 9.9982E-05 0.193646 0.75599
9.9973E-05 9.9973E-05 9.9973E-05 0.203052 0.796648
9.9973E-05 9.9973E-05 9.9973E-05 0.324904 0.674796
9.9982E-05 0.0842406 9.9982E-05 0.346736 0.568824
9.999E-05 0.0207424 0.0274396 0.263282 0.688436
9.997E-05 9.997E-05 9.997E-05 0.9996 9.997E-05
9.997E-05 9.997E-05 9.997E-05 0.9996 9.997E-05
9.997E-05 9.997E-05 9.997E-05 0.9996 9.997E-05
9.997E-05 9.997E-05 9.997E-05 0.9996 9.997E-05
0.030486 9.9982E-05 9.9982E-05 0.943561 0.0257534
0.0055593 0.0278855 0.0261014 0.940354 9.9991E-05
9.9982E-05 0.00680723 9.9982E-05 0.219119 0.773874
0.14515 0.0556301 0.0633845 0.261529 0.474307
9.9973E-05 9.9973E-05 9.9973E-05 0.260948 0.738752
9.9973E-05 9.9973E-05 0.00528969 9.9973E-05 0.99441
9.997E-05 9.997E-05 9.997E-05 9.997E-05 0.9996
9.9973E-05 9.9973E-05 9.9973E-05 0.116711 0.882989
9.999E-05 0.0426686 0.0161673 0.0388527 0.902212
9.9982E-05 0.0222839 9.9982E-05 0.0430934 0.934423
9.9973E-05 9.9973E-05 9.9973E-05 0.104996 0.894704
9.9973E-05 9.9973E-05 9.9973E-05 0.0628862 0.936814
0.0998232 9.9982E-05 9.9982E-05 0.0443847 0.855592
0.101282 9.9982E-05 9.9982E-05 0.0475583 0.85096
9.9973E-05 9.9973E-05 9.9973E-05 0.0448416 0.954858
0.0473991 9.9982E-05 9.9982E-05 0.0906976 0.861703
9.9973E-05 9.9973E-05 9.9973E-05 0.134152 0.865548
9.9973E-05 9.9973E-05 9.9973E-05 0.124169 0.875531
0.0173336 9.9991E-05 0.00904188 0.0672093 0.906315
9.9991E-05 0.0264108 0.030929 0.042471 0.900089
0.0663651 0.055273 0.0110903 0.0823482 0.784923
9.9982E-05 0.0190972 9.9982E-05 0.0350765 0.945626
9.9973E-05 9.9973E-05 9.9973E-05 0.13921 0.86049
0.0111465 9.9973E-05 9.9973E-05 9.9973E-05 0.988554
0.120118 0.0390521 9.9991E-05 0.0270847 0.813645
0.0596392 0.0466877 0.0516509 0.00569132 0.836331
0.0473646 9.9991E-05 0.0384371 0.00196723 0.912131
0.160581 0.0744098 0.0606469 9.9991E-05 0.704262
0.215696 0.0372493 0.00803164 9.9991E-05 0.738923
0.0260456 0.0847661 0.0720537 0.0364964 0.780638
0.110257 0.0571798 0.0335932 9.9991E-05 0.79887
0.157713 0.076339 9.9982E-05 9.9982E-05 0.765748
9.9973E-05 0.0847523 9.9973E-05 9.9973E-05 0.914948
0.0422349 0.0432805 9.9982E-05 9.9982E-05 0.914285
0.0613856 0.0486522 0.0196465 9.9991E-05 0.870216
0.229465 0.0409714 9.9991E-05 0.0593878 0.670076
0.0519972 0.0230948 0.0285777 0.0930477 0.803283
0.0345213 0.0730208 0.0279432 0.0241126 0.840402
0.154409 0.059941 9.9982E-05 9.9982E-05 0.78545
0.138334 0.037615 9.9982E-05 9.9982E-05 0.823851
0.25252 0.0404558 0.039993 0.0303483 0.636683
0.161631 0.0277498 0.0763956 0.0388055 0.695418
0.1235 0.094463 0.0472255 9.9991E-05 0.734711
0.151636 0.0874392 0.0234772 0.0885319 0.648916
0.176339 9.9982E-05 0.0875961 9.9982E-05 0.735865
0.0669915 0.0824365 9.9982E-05 9.9982E-05 0.850372
0.254852 9.9982E-05 9.9982E-05 0.0468386 0.698109
0.259246 0.000493514 9.9982E-05 9.9982E-05 0.740061
0.232396 9.9982E-05 0.0344361 9.9982E-05 0.732968
0.168935 0.0805606 0.0842807 9.9991E-05 0.666123
0.186787 0.0849539 0.0807535 9.9991E-05 0.647405
0.213846 9.9982E-05 0.00704783 9.9982E-05 0.778906
0.134612 0.0948585 0.0454456 9.9991E-05 0.724984
0.259255 0.0250531 0.0842552 9.9991E-05 0.631337
0.18741 0.115912 0.0695276 9.9991E-05 0.62705
0.138195 0.029976 0.013613 9.9991E-05 0.818116
0.171856 0.103176 0.0203642 9.9991E-05 0.704504
0.020241 0.0954444 0.0886487 0.0164576 0.779208
0.235052 0.0897909 0.0657099 9.9991E-05 0.609347
0.167799 0.0458282 9.9991E-05 0.0642814 0.721991
0.178082 0.0480003 9.9991E-05 0.0151565 0.758662
0.345073 0.0790395 9.9991E-05 0.0295665 0.546221
0.291013 0.00805559 0.01978 9.9991E-05 0.681051
0.145851 0.0286253 0.0452814 9.9991E-05 0.780142
0.119091 0.0806274 0.210833 0.0222125 0.567236
0.399486 0.0450323 0.153657 9.9991E-05 0.401725
0.393838 0.0584901 0.153219 9.9991E-05 0.394353
0.399072 0.0654572 0.0992543 9.9991E-05 0.436117
0.406031 0.0447559 0.144118 9.9991E-05 0.404996
0.326135 0.0848102 0.133488 9.9991E-05 0.455467
0.2405 0.0211796 0.177943 9.9991E-05 0.560277
0.292084 0.00849841 0.27088 0.0082057 0.420332
0.255608 0.102255 0.217068 9.9991E-05 0.42497
0.256496 0.0862286 0.100608 0.0325062 0.524161
0.306514 0.0169323 0.138965 0.0144878 0.523101
0.381762 0.0409795 0.154683 0.000110939 0.422465
0.421642 0.143615 0.096172 0.000839722 0.337731
0.23947 0.0911254 0.17779 0.0113386 0.480277
0.242899 0.0782371 0.121685 9.9991E-05 0.557079
0.31765 0.103947 0.218455 0.033477 0.326471
9.9973E-05 0.000919754 0.99878 9.9973E-05 9.9973E-05
9.99767E-05 9.99767E-05 0.986348 0.0133523 9.99767E-05
0.0317261 9.9982E-05 0.891449 9.9982E-05 0.0766248
9.997E-05 9.997E-05 0.9996 9.997E-05 9.997E-05
9.997E-05 9.997E-05 0.9996 9.997E-05 9.997E-05
9.997E-05 9.997E-05 0.9996 9.997E-05 9.997E-05
9.997E-05 9.997E-05 0.9996 9.997E-05 9.997E-05
0.0216807 0.00623151 0.880332 0.00904684 0.0827087
0.0194031 9.9973E-05 0.980297 9.9973E-05 9.9973E-05
9.997E-05 9.997E-05 0.9996 9.997E-05 9.997E-05
0.581373 0.0582824 0.10534 9.9991E-05 0.254906
0.085149 0.000573822 0.904936 0.0092409 9.9991E-05
9.997E-05 9.997E-05 0.9996 9.997E-05 9.997E-05
0.00639683 9.9973E-05 0.993303 9.9973E-05 9.9973E-05
0.585745 0.0658761 0.123496 9.9991E-05 0.224783
0.513659 0.0860582 0.150149 9.9991E-05 0.250034
0.545204 0.0515429 0.142971 9.9991E-05 0.260181
0.493356 0.0597766 0.173604 9.9991E-05 0.273164
0.474528 0.0815322 0.165237 9.9991E-05 0.278603
0.404065 0.0849769 0.150206 9.9991E-05 0.360651
0.402995 0.0426962 0.201677 9.9991E-05 0.352532
0.486492 0.0361159 0.201557 9.9991E-05 0.275734
0.376143 0.102776 0.25505 9.9991E-05 0.265931
0.439386 0.0805169 0.2232 9.9991E-05 0.256798
0.414037 0.0997359 0.141435 9.9991E-05 0.344693
0.335843 0.054172 0.237996 9.9991E-05 0.371888
0.470836 0.0851565 0.122617 9.9991E-05 0.321291
0.418303 0.0937322 0.186797 9.9991E-05 0.301068
9.997E-05 0.9996 9.997E-05 9.997E-05 9.997E-05
0.408951 0.104587 0.203275 9.9991E-05 0.283087
9.997E-05 0.9996 9.997E-05 9.997E-05 9.997E-05
9.997E-05 0.9996 9.997E-05 9.997E-05 9.997E-05
9.9973E-05 0.960761 9.9973E-05 0.0389391 9.9973E-05
0.026427 0.784517 9.9991E-05 0.00347654 0.185479
9.997E-05 0.9996 9.997E-05 9.997E-05 9.997E-05
0.0671908 0.883903 0.00384938 9.9991E-05 0.0449567
9.997E-05 0.9996 9.997E-05 9.997E-05 9.997E-05
9.9973E-05 0.990075 9.9973E-05 9.9973E-05 0.00962485
9.997E-05 0.9996 9.997E-05 9.997E-05 9.997E-05
9.9973E-05 0.991962 9.9973E-05 0.00773825 9.9973E-05
0.00636321 0.968078 0.0173935 9.9991E-05 0.00806524
0.148586 0.834184 0.0170303 9.9982E-05 9.9982E-05
0.00390552 0.946133 9.9991E-05 0.0219386 0.0279231
0.0756687 0.863632 0.0449351 9.9991E-05 0.0156637
0.131579 0.868121 9.9973E-05 9.9973E-05 9.9973E-05
0.00401907 0.941237 0.0315192 0.0231243 9.9991E-05
0.025167 0.974533 9.9973E-05 9.9973E-05 9.9973E-05
0.93711 0.0487172 0.00847439 9.9991E-05 0.00559848
0.901689 0.0298043 0.0683068 9.9982E-05 9.9982E-05
0.986854 0.0128461 9.9973E-05 9.9973E-05 9.9973E-05
0.9996 9.997E-05 9.997E-05 9.997E-05 9.997E-05
0.971366 0.0095975 0.0188365 9.9982E-05 9.9982E-05
0.980061 0.0196386 9.9973E-05 9.9973E-05 9.9973E-05
0.966547 9.9973E-05 0.0331528 9.9973E-05 9.9973E-05
0.904005 9.9991E-05 0.0214041 0.0210643 0.0534269
0.990747 0.0089529 9.9973E-05 9.9973E-05 9.9973E-05
0.932709 0.0474135 0.0196774 9.9982E-05 9.9982E-05
0.838965 0.0824708 0.0783639 9.9982E-05 9.9982E-05
0.974772 9.9973E-05 0.0249276 9.9973E-05 9.9973E-05
0.834902 0.112324 0.0333029 9.9991E-05 0.019371
0.578056 0.0684813 0.113855 0.0554054 0.184202
0.639514 0.0574768 0.0735479 0.0318781 0.197583
0.560511 0.0664452 0.112695 0.0446749 0.215674
0.512658 0.0657082 0.103957 0.0547535 0.262924
0.664775 0.0741565 0.115425 0.0152602 0.130383
0.768396 0.0665384 0.164865 9.99821E-05 9.99821E-05
0.576134 0.124388 0.195818 0.0107881 0.0928717
0.704899 0.067544 0.203552 0.023905 9.9991E-05
0.683182 0.0840209 0.205622 0.0021247 0.0250497
0.645437 0.0931065 0.177375 0.0196063 0.0644751
0.6267 0.0917618 0.170185 0.00231333 0.10904
0.585863 0.0849953 0.151326 0.0629043 0.114911
0.559773 0.135218 0.119297 0.0219179 0.163794
0.981137 9.9973E-05 9.9973E-05 0.0185627 9.9973E-05
0.97928 9.9973E-05 9.9973E-05 0.0204205 9.9973E-05
0.9996 9.997E-05 9.997E-05 9.997E-05 9.997E-05
0.967734 9.9973E-05 9.9973E-05 0.0319656 9.9973E-05
0.9996 9.997E-05 9.997E-05 9.997E-05 9.997E-05
0.930393 9.9973E-05 9.9973E-05 0.0693071 9.9973E-05
0.985549 9.9973E-05 9.9973E-05 0.0141515 9.9973E-05
0.968738 9.9973E-05 9.9973E-05 0.0309622 9.9973E-05
0.954154 9.9973E-05 9.9973E-05 0.0455465 9.9973E-05
0.981547 9.9973E-05 9.9973E-05 0.0181534 9.9973E-05
0.9996 9.997E-05 9.997E-05 9.997E-05 9.997E-05
0.978323 9.9973E-05 9.9973E-05 0.0213772 9.9973E-05
