0.9996 9.997E-05 9.997E-05 9.997E-05 9.997E-05
0.538346 0.0930806 0.0342018 0.259052 0.0753199
0.569172 0.134993 9.9991E-05 0.197924 0.0978119
0.526738 9.9973E-05 9.9973E-05 0.472962 9.9973E-05
0.339131 9.9982E-05 0.0970621 0.563607 9.9982E-05
0.360551 0.065933 9.9982E-05 0.573316 9.9982E-05
0.560249 0.0243759 9.9982E-05 0.415176 9.9982E-05
0.508567 0.0835317 9.9982E-05 0.407702 9.9982E-05
0.473539 0.0659608 0.0363011 0.408001 0.0161984
0.9996 9.997E-05 9.997E-05 9.997E-05 9.997E-05
0.9996 9.997E-05 9.997E-05 9.997E-05 9.997E-05
0.9996 9.997E-05 9.997E-05 9.997E-05 9.997E-05
0.9996 9.997E-05 9.997E-05 9.997E-05 9.997E-05
0.975046 9.9973E-05 0.0246543 9.9973E-05 9.9973E-05
0.989294 0.0104056 9.9973E-05 9.9973E-05 9.9973E-05
0.361889 0.0208459 0.0376022 0.579563 9.9991E-05
0.356624 0.088538 0.184488 0.296512 0.0738386
0.434297 0.00314917 9.9982E-05 0.562354 9.9982E-05
0.184474 9.9982E-05 0.0269316 0.788394 9.9982E-05
0.172354 9.9982E-05 0.0397986 0.787647 9.9982E-05
0.314908 9.9982E-05 0.00833256 0.67656 9.9982E-05
0.212444 0.04926 0.00498754 0.72433 0.00897832
0.228563 0.0392947 0.0484081 0.683634 9.9991E-05
0.260271 9.9973E-05 9.9973E-05 0.73943 9.9973E-05
0.246927 9.9973E-05 9.9973E-05 0.752773 9.9973E-05
0.176742 9.9973E-05 9.9973E-05 0.822959 9.9973E-05
0.224757 0.0614931 0.120144 0.593505 9.9991E-05
0.274607 9.9973E-05 9.9973E-05 0.725094 9.9973E-05
0.250291 9.9982E-05 0.0205472 0.728962 9.9982E-05
0.330475 9.9982E-05 0.00198506 0.66734 9.9982E-05
0.335749 9.9982E-05 0.0119326 0.652119 9.9982E-05
0.202891 9.9982E-05 0.0488641 0.748045 9.9982E-05
0.188381 9.9982E-05 0.0447516 0.766668 9.9982E-05
0.22968 0.0621867 0.00542796 0.681574 0.0211307
0.221254 0.0185483 0.0379639 0.722134 9.9991E-05
0.335528 9.9973E-05 9.9973E-05 0.664172 9.9973E-05
0.109788 9.9973E-05 9.9973E-05 0.889912 9.9973E-05
0.146737 0.0277774 0.128877 0.696509 9.9991E-05
0.14947 0.0613084 0.0994643 0.689657 9.9991E-05
0.141271 9.9982E-05 0.0409242 0.817605 9.9982E-05
0.0144045 0.0549608 9.9991E-05 0.87942 0.0511143
0.044784 0.112432 9.9991E-05 0.830805 0.0118789
0.125881 0.0877013 9.9991E-05 0.759249 0.0270688
0.0312248 0.0469608 0.0136924 0.8949 0.0132219
0.0302045 0.0642372 0.0573688 0.848089 9.9991E-05
0.0521297 0.0270897 0.0144247 0.906256 9.9991E-05
0.0614607 0.0109214 0.0264733 0.901045 9.9991E-05
0.0761937 0.0383874 0.0192833 0.866036 9.9991E-05
0.1041 0.0383605 0.062677 0.794762 9.9991E-05
0.231443 9.9991E-05 0.00966712 0.750135 0.00865477
0.142288 0.068183 0.0401489 0.728038 0.0213423
0.0662439 0.0702447 0.0306644 0.832747 9.9991E-05
0.0972228 0.0444504 9.9982E-05 0.858127 9.9982E-05
0.114363 9.9991E-05 0.123251 0.735161 0.0271254
0.0923409 9.9991E-05 0.0564924 0.819214 0.031853
0.0622172 0.131898 9.9991E-05 0.79588 0.00990466
0.174879 0.0436782 0.0689723 0.71237 9.9991E-05
0.071942 9.9991E-05 0.0879096 0.83197 0.00807796
0.0818811 0.027562 0.0170666 0.87339 9.9991E-05
0.146646 0.0214475 0.107771 0.724035 9.9991E-05
0.0670199 9.9982E-05 0.141886 0.790895 9.9982E-05
0.0675213 9.9982E-05 9.9982E-05 0.90881 0.023469
0.0771385 0.0707362 0.0177446 0.762974 0.0714069
0.0100708 0.0664947 0.0401442 0.88319 9.9991E-05
0.0373371 9.9991E-05 0.0377912 0.916344 0.0084278
0.018415 0.0697648 0.00253333 0.909187 9.9991E-05
9.9991E-05 0.027198 0.0180765 0.922763 0.0318624
0.00892174 0.0577211 9.9991E-05 0.916071 0.0171865
0.105537 0.0444573 0.000200898 0.848642 0.00116353
9.9973E-05 0.0465452 9.9973E-05 0.953155 9.9973E-05
0.0797072 0.103685 9.9991E-05 0.755578 0.0609295
9.9991E-05 0.0483099 0.0445189 0.858973 0.0480983
0.0983649 0.024597 0.0478972 0.829041 9.9991E-05
0.076536 9.9982E-05 0.0899915 0.833273 9.9982E-05
0.0479048 0.0125239 0.0343866 0.905085 9.9991E-05
0.013188 9.9982E-05 0.141309 0.845303 9.9982E-05
9.9982E-05 0.0569437 0.00443362 0.938423 9.9982E-05
0.0629929 0.00272305 9.9991E-05 0.817349 0.116835
9.9991E-05 0.0688145 0.097171 0.767121 0.0667931
9.9991E-05 0.0206726 0.0605797 0.79113 0.127518
9.9991E-05 0.0494155 0.0382394 0.851497 0.0607482
9.9991E-05 0.0283901 0.0741673 0.765407 0.131936
9.9991E-05 0.041019 0.0738907 0.780712 0.104278
0.0292375 9.9991E-05 0.0511604 0.814795 0.104707
0.0534016 0.041253 0.0213053 0.730493 0.153547
0.0299887 0.0892183 0.0363831 0.684018 0.160392
0.0997345 0.0974229 0.0594936 0.694335 0.0490135
0.0132413 9.9991E-05 0.0566413 0.814253 0.115764
0.0292531 0.0142187 0.0867702 0.756507 0.113251
9.9991E-05 0.0843767 0.140233 0.688623 0.0866669
0.0713189 0.083406 0.0960698 0.581279 0.167926
0.0590262 0.0537749 0.000211754 0.778361 0.108626
0.0399877 0.0997718 0.211278 0.452706 0.196257
9.997E-05 9.997E-05 9.997E-05 9.997E-05 0.9996
0.0368302 9.9982E-05 9.9982E-05 0.0521764 0.910793
0.00225959 9.9991E-05 0.00526048 0.0951573 0.897223
9.997E-05 9.997E-05 9.997E-05 9.997E-05 0.9996
9.997E-05 9.997E-05 9.997E-05 9.997E-05 0.9996
9.997E-05 9.997E-05 9.997E-05 9.997E-05 0.9996
9.997E-05 9.997E-05 9.997E-05 9.997E-05 0.9996
0.00473413 9.9991E-05 0.0143571 0.1128 0.868009
9.997E-05 9.997E-05 9.997E-05 9.997E-05 0.9996
9.997E-05 9.997E-05 9.997E-05 9.997E-05 0.9996
9.9991E-05 0.0560272 0.117958 0.709446 0.116469
9.9982E-05 9.9982E-05 0.000158759 0.105535 0.894106
9.9982E-05 0.00799544 0.0026344 9.9982E-05 0.98917
0.00340191 9.9982E-05 0.0228093 9.9982E-05 0.973589
9.9991E-05 0.00317581 0.155077 0.722276 0.119371
9.9991E-05 0.0563284 0.133258 0.717743 0.0925711
9.9991E-05 0.101168 0.114691 0.677852 0.106189
9.9991E-05 0.0424529 0.0895801 0.702273 0.165594
9.9991E-05 0.0244721 0.113235 0.718457 0.143735
9.9991E-05 0.0203961 0.12273 0.771747 0.0850265
9.9991E-05 0.00888034 0.0786051 0.728328 0.184086
9.9982E-05 9.9982E-05 0.090564 0.750857 0.158379
9.9991E-05 0.0854727 0.0853251 0.575181 0.253921
9.9991E-05 0.0990313 0.0917373 0.603422 0.205709
9.9991E-05 0.0447277 0.114741 0.706581 0.13385
9.9991E-05 0.0460627 0.116511 0.597493 0.239834
9.9991E-05 0.0785888 0.105556 0.769926 0.0458287
9.9991E-05 0.0478219 0.061597 0.765155 0.125326
9.9973E-05 9.9973E-05 9.9973E-05 0.97782 0.0218802
9.9982E-05 9.9982E-05 0.0619045 0.893489 0.044407
9.997E-05 9.997E-05 9.997E-05 0.9996 9.997E-05
9.997E-05 9.997E-05 9.997E-05 0.9996 9.997E-05
9.9973E-05 9.9973E-05 9.9973E-05 0.981593 0.0181076
9.9973E-05 9.9973E-05 9.9973E-05 0.980255 0.0194448
9.9973E-05 9.9973E-05 9.9973E-05 0.983913 0.0157873
9.9973E-05 9.9973E-05 9.9973E-05 0.958622 0.041078
9.997E-05 9.997E-05 9.997E-05 0.9996 9.997E-05
9.997E-05 9.997E-05 9.997E-05 0.9996 9.997E-05
9.9982E-05 9.9982E-05 0.0119439 0.873432 0.114424
9.9973E-05 9.9973E-05 9.9973E-05 0.96371 0.0359903
9.9991E-05 0.0612084 0.0315175 0.869814 0.0373601
9.997E-05 0.9996 9.997E-05 9.997E-05 9.997E-05
9.9991E-05 0.0640107 0.0786179 0.675314 0.181957
9.997E-05 0.9996 9.997E-05 9.997E-05 9.997E-05
9.997E-05 0.9996 9.997E-05 9.997E-05 9.997E-05
9.9973E-05 0.958801 9.9973E-05 9.9973E-05 0.0408991
0.00396507 0.765405 0.00945256 0.209726 0.0114512
9.997E-05 0.9996 9.997E-05 9.997E-05 9.997E-05
0.0117855 0.907207 9.9991E-05 0.0626578 0.0182493
9.9973E-05 0.994716 9.9973E-05 9.9973E-05 0.00498414
9.9982E-05 0.929126 9.9982E-05 0.0652693 0.00540501
0.00380503 0.995895 9.9973E-05 9.9973E-05 9.9973E-05
9.9982E-05 0.970189 0.0176156 0.0119951 9.9982E-05
9.9973E-05 0.984466 9.9973E-05 0.0152341 9.9973E-05
9.9991E-05 0.7985 0.0610158 0.126409 0.0139753
9.9982E-05 0.9317 0.0293124 0.0387874 9.9982E-05
9.9982E-05 0.886137 9.9982E-05 0.0756551 0.0380083
0.034973 0.859352 0.0268617 0.0787131 9.9991E-05
0.0365485 0.840538 0.0503497 0.0695388 0.0030246
9.9973E-05 0.905312 9.9973E-05 0.0943879 9.9973E-05
0.0289633 0.0777781 0.388819 0.429453 0.0749861
0.0192214 0.0797707 0.365288 0.514831 0.020889
0.0165656 0.103295 0.409298 0.37022 0.100621
0.0305838 0.0911182 0.337937 0.437399 0.102962
9.9991E-05 0.0670031 0.502208 0.236163 0.194525
9.9991E-05 0.104991 0.610499 0.0713039 0.213107
9.9991E-05 0.0809706 0.519519 0.184228 0.215182
9.9991E-05 0.0788253 0.583402 0.114941 0.222733
9.9991E-05 0.0648226 0.525564 0.195675 0.213839
9.9991E-05 0.0937067 0.493608 0.200861 0.211724
9.9991E-05 0.0772089 0.49505 0.212727 0.214914
9.9991E-05 0.0423864 0.458112 0.322143 0.177258
0.0159179 0.0726789 0.416335 0.340979 0.15409
9.997E-05 9.997E-05 0.9996 9.997E-05 9.997E-05
9.997E-05 9.997E-05 0.9996 9.997E-05 9.997E-05
9.997E-05 9.997E-05 0.9996 9.997E-05 9.997E-05
0.0187242 9.9973E-05 0.980976 9.9973E-05 9.9973E-05
9.997E-05 9.997E-05 0.9996 9.997E-05 9.997E-05
0.0200568 9.9982E-05 0.922749 0.0569943 9.9982E-05
9.997E-05 9.997E-05 0.9996 9.997E-05 9.997E-05
9.997E-05 9.997E-05 0.9996 9.997E-05 9.997E-05
9.997E-05 9.997E-05 0.9996 9.997E-05 9.997E-05
9.9973E-05 9.9973E-05 0.983934 0.0157665 9.9973E-05
9.997E-05 9.997E-05 0.9996 9.997E-05 9.997E-05
9.997E-05 9.997E-05 0.9996 9.997E-05 9.997E-05
