9.997E-05 9.997E-05 9.997E-05 9.997E-05 0.9996
0.0762624 0.083219 0.348787 9.9991E-05 0.491632
0.0788323 0.149798 0.261597 9.9991E-05 0.509672
9.9973E-05 9.9973E-05 0.58656 9.9973E-05 0.41314
9.9973E-05 9.9973E-05 0.753978 9.9973E-05 0.245722
9.9982E-05 0.0570432 0.603417 9.9982E-05 0.33934
9.9982E-05 0.0237338 0.469725 9.9982E-05 0.506341
0.000830015 0.0682757 0.457414 0.0151141 0.458366
9.9982E-05 0.0712046 0.553272 9.9982E-05 0.375324
9.997E-05 9.997E-05 9.997E-05 9.997E-05 0.9996
9.997E-05 9.997E-05 9.997E-05 9.997E-05 0.9996
9.997E-05 9.997E-05 9.997E-05 9.997E-05 0.9996
9.997E-05 9.997E-05 9.997E-05 9.997E-05 0.9996
9.9973E-05 9.9973E-05 9.9973E-05 0.0171709 0.982529
9.997E-05 9.997E-05 9.997E-05 9.997E-05 0.9996
9.9982E-05 0.099071 0.604699 9.9982E-05 0.29603
0.033536 0.0965982 0.558567 0.0298162 0.281482
9.9982E-05 0.0114565 0.591687 9.9982E-05 0.396656
9.9973E-05 9.9973E-05 0.86533 9.9973E-05 0.13437
9.99731E-05 9.99731E-05 0.884264 9.99731E-05 0.115437
9.9973E-05 9.9973E-05 0.770273 9.9973E-05 0.229427
9.9982E-05 0.072968 0.793572 9.9982E-05 0.13326
9.9982E-05 0.0245039 0.826072 9.9982E-05 0.149224
9.9973E-05 9.9973E-05 0.770247 9.9973E-05 0.229453
9.9973E-05 9.9973E-05 0.848375 9.9973E-05 0.151325
9.9982E-05 9.9982E-05 0.886779 0.00368556 0.109336
9.9982E-05 0.0602622 0.836833 9.9982E-05 0.102705
9.9982E-05 0.0140886 0.800466 9.9982E-05 0.185245
9.9973E-05 9.9973E-05 0.819948 9.9973E-05 0.179752
9.9973E-05 9.9973E-05 0.733657 9.9973E-05 0.266043
9.9973E-05 9.9973E-05 0.771893 9.9973E-05 0.227808
9.9982E-05 0.00600998 0.846246 9.9982E-05 0.147544
0.00809116 0.0615481 0.772396 9.9991E-05 0.157864
9.9991E-05 0.0510367 0.695576 0.0695102 0.183777
9.9982E-05 0.0398309 0.829517 9.9982E-05 0.130452
9.9973E-05 9.9973E-05 0.73323 9.9973E-05 0.26647
9.9973E-05 9.9973E-05 0.945354 9.9973E-05 0.0543464
9.9982E-05 0.0220967 0.87468 9.9982E-05 0.103023
0.0466649 0.0606485 0.792925 9.9991E-05 0.0996618
0.0114261 9.9991E-05 0.866835 0.0145724 0.107066
0.0348949 0.0788373 0.78974 0.092475 0.00405301
0.0221048 0.0981762 0.755784 0.100975 0.0229594
0.0584062 0.10865 0.563728 0.131074 0.138142
0.0208449 0.0740686 0.82639 0.0705881 0.00810802
9.9982E-05 0.0898613 0.894579 0.0153602 9.9982E-05
9.9982E-05 0.0354411 0.95497 9.9982E-05 0.00938926
9.9982E-05 0.0544356 0.941169 0.0041954 9.9982E-05
9.9982E-05 0.0729767 0.890906 9.9982E-05 0.0359168
9.9991E-05 0.0533258 0.814672 0.064037 0.0678654
0.0203462 0.0614382 0.681402 0.0505633 0.18625
0.0120099 0.0629512 0.849373 9.9991E-05 0.075566
9.9991E-05 0.095684 0.88529 0.0147032 0.00422318
9.9991E-05 0.0482659 0.884024 0.020278 0.0473324
0.0310135 9.9991E-05 0.864602 0.0402999 0.0639851
0.0581776 0.0152183 0.792289 0.061694 0.0726213
0.0230866 0.125395 0.726289 0.0982115 0.0270175
9.9991E-05 0.0871497 0.761277 0.051614 0.0998589
0.014356 9.9991E-05 0.975573 0.00546648 0.0045043
9.9982E-05 0.0734788 0.883787 9.9982E-05 0.0425342
9.9982E-05 0.0577948 0.873188 9.9982E-05 0.0688171
9.9982E-05 9.9982E-05 0.871334 0.0925959 0.0358705
0.0376664 0.0281529 0.759245 0.132604 0.042331
0.0597787 0.0771621 0.816203 0.0155948 0.0312615
0.0324201 0.105741 0.808946 0.0527927 9.9991E-05
9.9991E-05 0.0055896 0.930961 0.0500992 0.01325
0.0190539 0.11364 0.821231 0.0459751 9.9991E-05
0.0976831 0.027542 0.798376 0.076299 9.9991E-05
0.0619017 0.115007 0.726871 0.0601229 0.0360981
0.000449031 0.0559994 0.887873 0.00556981 0.050109
0.0297798 0.11827 0.773533 0.0724068 0.00601015
0.0630932 0.11005 0.713882 0.0445476 0.0684272
0.0261557 0.0716711 0.840291 0.0617819 9.9991E-05
0.0199527 0.0735342 0.828255 9.9991E-05 0.0781581
9.9991E-05 0.011645 0.946434 0.00647405 0.035347
9.9991E-05 0.0634548 0.769797 0.12519 0.0414586
0.0233004 0.0219302 0.938861 0.015808 9.9991E-05
0.0345903 0.0735778 0.85078 0.0409524 9.9991E-05
0.187892 0.0899887 0.641355 0.0541987 0.0265653
0.145367 0.0473172 0.688173 0.119043 9.9991E-05
0.163986 0.0387093 0.695032 0.102173 9.9991E-05
0.11005 0.0551985 0.652564 0.182087 9.9991E-05
0.14391 0.0520651 0.69078 0.113144 9.9991E-05
0.122409 0.0911419 0.698726 0.0876234 9.9991E-05
0.148719 0.0192619 0.723606 0.0975154 0.0108971
0.206832 0.0638371 0.643575 0.0758402 0.00991607
0.181918 0.115607 0.617284 0.0850914 9.9991E-05
0.0791296 0.093744 0.687178 0.0786421 0.0613059
0.126136 0.0316044 0.674498 0.158295 0.00946617
0.196753 0.0973785 0.610339 0.0954289 9.9991E-05
0.126376 0.102206 0.597113 0.170644 0.00365994
0.171713 0.0770728 0.633642 0.0810408 0.0365315
0.117346 0.0879161 0.662817 0.101338 0.030583
0.198302 0.0857423 0.632344 0.0647836 0.0188282
0.9996 9.997E-05 9.997E-05 9.997E-05 9.997E-05
0.960695 9.9982E-05 9.9982E-05 0.0305328 0.00857242
0.92115 0.0325404 0.002619 0.00402948 0.0396608
0.9996 9.997E-05 9.997E-05 9.997E-05 9.997E-05
0.9996 9.997E-05 9.997E-05 9.997E-05 9.997E-05
0.9996 9.997E-05 9.997E-05 9.997E-05 9.997E-05
0.9996 9.997E-05 9.997E-05 9.997E-05 9.997E-05
0.948173 9.9973E-05 0.0515275 9.9973E-05 9.9973E-05
0.9996 9.997E-05 9.997E-05 9.997E-05 9.997E-05
0.9996 9.997E-05 9.997E-05 9.997E-05 9.997E-05
0.124214 0.0673365 0.526759 0.28159 9.9991E-05
0.929365 0.0241699 0.0462653 9.9982E-05 9.9982E-05
0.9996 9.997E-05 9.997E-05 9.997E-05 9.997E-05
0.983672 9.9982E-05 0.00729316 9.9982E-05 0.00883463
0.166042 0.0715732 0.514206 0.248079 9.9991E-05
0.166021 0.0652905 0.575568 0.193021 9.9991E-05
0.169572 0.0617197 0.586013 0.182596 9.9991E-05
0.194289 0.0892858 0.497427 0.218898 9.9991E-05
0.173709 0.088579 0.505839 0.231773 9.9991E-05
0.126975 0.0229599 0.687426 0.162539 9.9991E-05
0.195256 0.0668891 0.556898 0.180856 9.9991E-05
0.179715 0.00504524 0.574862 0.240279 9.9991E-05
0.262825 0.10446 0.49095 0.141665 9.9991E-05
0.233787 0.0841078 0.570582 0.111424 9.9991E-05
0.159363 0.0650878 0.637186 0.138263 9.9991E-05
0.260387 0.0549725 0.581029 0.103512 9.9991E-05
0.108831 0.0811262 0.589903 0.22004 9.9991E-05
0.161527 0.0494602 0.56672 0.222193 9.9991E-05
9.9982E-05 0.0134459 0.0155046 0.97085 9.9982E-05
0.0485762 9.9991E-05 0.109891 0.827448 0.0139843
9.997E-05 9.997E-05 9.997E-05 0.9996 9.997E-05
9.997E-05 9.997E-05 9.997E-05 0.9996 9.997E-05
9.997E-05 9.997E-05 9.997E-05 0.9996 9.997E-05
9.9973E-05 9.9973E-05 0.00917443 0.990526 9.9973E-05
9.997E-05 9.997E-05 9.997E-05 0.9996 9.997E-05
9.99847E-05 9.99847E-05 0.162249 0.800675 0.0368764
9.9973E-05 0.00866407 9.9973E-05 0.991036 9.9973E-05
9.997E-05 9.997E-05 9.997E-05 0.9996 9.997E-05
0.0795537 9.9982E-05 9.9982E-05 0.879245 0.0410013
0.00911182 9.9982E-05 9.9982E-05 0.986464 0.00422443
0.0453038 0.113062 0.0604372 0.781097 9.9991E-05
9.997E-05 0.9996 9.997E-05 9.997E-05 9.997E-05
0.208355 0.095957 0.525366 0.170222 9.9991E-05
9.997E-05 0.9996 9.997E-05 9.997E-05 9.997E-05
9.997E-05 0.9996 9.997E-05 9.997E-05 9.997E-05
0.0398645 0.959836 9.9973E-05 9.9973E-05 9.9973E-05
9.9991E-05 0.812541 0.116621 0.0412686 0.0294696
9.997E-05 0.9996 9.997E-05 9.997E-05 9.997E-05
9.9982E-05 0.870751 0.0849286 0.0441205 9.9982E-05
0.00488103 0.986239 0.00867998 9.9982E-05 9.9982E-05
0.0191912 0.939329 0.0205504 0.0208293 9.9991E-05
9.997E-05 0.9996 9.997E-05 9.997E-05 9.997E-05
9.9973E-05 0.954544 0.0451564 9.9973E-05 9.9973E-05
9.9982E-05 0.94036 9.9982E-05 0.0510279 0.00841197
0.0416785 0.831786 0.080971 0.0454644 9.9991E-05
0.0123001 0.947801 0.017205 9.9991E-05 0.0225942
0.0239419 0.866262 0.109596 9.9982E-05 9.9982E-05
9.9982E-05 0.891852 0.105601 9.9982E-05 0.0023469
9.9982E-05 0.894837 0.0939795 9.9982E-05 0.0109836
9.9982E-05 0.951937 0.0101561 0.0377068 9.9982E-05
0.099671 0.0227347 0.798557 0.0766895 0.00234771
0.0703724 0.0526904 0.82321 0.0536272 9.9991E-05
0.124593 0.0670735 0.749315 0.0448088 0.0142096
0.117859 0.0927982 0.765735 0.023508 9.9991E-05
0.282389 0.0371057 0.671029 0.00937634 9.9991E-05
0.300349 0.011743 0.687708 9.99821E-05 9.99821E-05
0.254177 0.0528277 0.678918 0.0139768 9.9991E-05
0.299176 0.0541146 0.64651 9.9982E-05 9.9982E-05
0.275212 0.0411863 0.683402 9.9982E-05 9.9982E-05
0.279057 0.0251052 0.695638 9.9982E-05 9.9982E-05
0.289451 0.0504806 0.659868 9.9982E-05 9.9982E-05
0.196034 0.0760409 0.711127 0.0166985 9.9991E-05
0.214688 0.0724676 0.709138 0.00360716 9.9991E-05
9.997E-05 9.997E-05 0.9996 9.997E-05 9.997E-05
9.997E-05 9.997E-05 0.9996 9.997E-05 9.997E-05
9.997E-05 9.997E-05 0.9996 9.997E-05 9.997E-05
9.997E-05 9.997E-05 0.9996 9.997E-05 9.997E-05
9.9973E-05 9.9973E-05 0.997694 0.0020058 9.9973E-05
9.997E-05 9.997E-05 0.9996 9.997E-05 9.997E-05
9.997E-05 9.997E-05 0.9996 9.997E-05 9.997E-05
9.997E-05 9.997E-05 0.9996 9.997E-05 9.997E-05
9.997E-05 9.997E-05 0.9996 9.997E-05 9.997E-05
9.9973E-05 9.9973E-05 0.996385 0.00331459 9.9973E-05
9.997E-05 9.997E-05 0.9996 9.997E-05 9.997E-05
9.997E-05 9.997E-05 0.9996 9.997E-05 9.997E-05
