9.997E-05 9.997E-05 9.997E-05 0.9996 9.997E-05
0.0908303 0.476547 0.0536216 0.378901 9.9991E-05
0.0630477 0.442763 0.114267 0.379822 9.9991E-05
9.9973E-05 0.685043 9.9973E-05 0.314657 9.9973E-05
9.9973E-05 0.841652 9.9973E-05 0.158048 9.9973E-05
9.9973E-05 0.783961 9.9973E-05 0.215739 9.9973E-05
9.9973E-05 0.629687 9.9973E-05 0.370013 9.9973E-05
0.000406297 0.547917 0.0670197 0.384557 9.9991E-05
0.0334869 0.696356 0.0037943 0.266262 9.9991E-05
9.997E-05 9.997E-05 9.997E-05 0.9996 9.997E-05
9.997E-05 9.997E-05 9.997E-05 0.9996 9.997E-05
9.997E-05 9.997E-05 9.997E-05 0.9996 9.997E-05
9.997E-05 9.997E-05 9.997E-05 0.9996 9.997E-05
9.9982E-05 0.0656525 9.9982E-05 0.929682 0.00446543
0.0175707 9.9982E-05 0.00103063 0.981199 9.9982E-05
9.9991E-05 0.696619 0.03236 0.239535 0.0313854
0.0680864 0.407477 0.100919 0.281071 0.142447
9.9973E-05 0.735016 9.9973E-05 0.264684 9.9973E-05
9.9973E-05 0.968832 9.9973E-05 0.030868 9.9973E-05
9.997E-05 0.9996 9.997E-05 9.997E-05 9.997E-05
9.9973E-05 0.863738 9.9973E-05 0.135962 9.9973E-05
0.00854037 0.89291 0.0519482 0.046501 9.9991E-05
9.9973E-05 0.947127 9.9973E-05 0.0525728 9.9973E-05
9.9973E-05 0.898047 9.9973E-05 0.101653 9.9973E-05
9.9973E-05 0.935052 9.9973E-05 0.064648 9.9973E-05
9.9982E-05 0.919343 9.9982E-05 0.0218153 0.0586419
9.9991E-05 0.825032 0.0361792 0.0547318 0.0839569
9.9973E-05 0.970994 9.9973E-05 0.0287063 9.9973E-05
9.9973E-05 0.882693 9.9973E-05 0.117007 9.9973E-05
9.9973E-05 0.873766 9.9973E-05 0.125934 9.9973E-05
9.9973E-05 0.873383 9.9973E-05 0.126317 9.9973E-05
9.9982E-05 0.922295 9.9982E-05 0.0292755 0.0482291
9.9982E-05 0.901762 0.0419507 0.0560878 9.9982E-05
0.00514099 0.742607 0.0381358 0.0940861 0.12003
9.9982E-05 0.942767 9.9982E-05 0.0544268 0.0026061
9.9973E-05 0.890853 9.9973E-05 0.108847 9.9973E-05
9.997E-05 0.9996 9.997E-05 9.997E-05 9.997E-05
0.0307854 0.792725 0.05424 0.0143512 0.107899
0.0476394 0.806816 0.0328717 0.0524995 0.0601732
0.00935948 0.912671 9.9991E-05 0.0275947 0.0502749
0.0539361 0.729168 0.0462585 9.9991E-05 0.170537
9.9982E-05 0.608685 0.101497 9.9982E-05 0.289618
0.0657602 0.769744 0.103446 0.0605981 0.000451746
0.0435736 0.763622 0.0526099 9.9991E-05 0.140095
9.9982E-05 0.817097 0.0829776 9.9982E-05 0.0997257
9.9982E-05 0.942198 0.051239 9.9982E-05 0.00636313
9.9982E-05 0.934582 0.0515668 9.9982E-05 0.0136513
9.9982E-05 0.892058 0.0357993 9.9982E-05 0.0719427
9.9991E-05 0.630028 0.0673332 0.0521209 0.250418
0.0409664 0.75372 9.9991E-05 0.102236 0.102978
0.0277881 0.784724 0.0790854 0.0458514 0.0625505
9.9982E-05 0.80411 0.105376 9.9982E-05 0.0903136
9.9982E-05 0.836802 0.0576165 9.9982E-05 0.105381
0.0334744 0.658426 9.9991E-05 0.0442012 0.263798
0.0330113 0.72311 0.0364336 0.0297245 0.17772
0.0319387 0.723894 0.143583 9.9991E-05 0.100485
9.9991E-05 0.624458 0.125114 0.0755318 0.174796
0.023272 0.786718 9.9982E-05 9.9982E-05 0.18981
9.9982E-05 0.917427 0.0764275 9.9982E-05 0.00594593
9.9991E-05 0.823997 0.0144218 0.0419422 0.119539
9.9991E-05 0.757249 0.0141115 0.000991406 0.227549
0.115699 0.792981 9.9991E-05 0.0102418 0.0809779
0.111144 0.625843 0.100594 9.9991E-05 0.162319
0.0561876 0.704935 0.0866501 9.9991E-05 0.152127
0.00254043 0.833535 9.9982E-05 9.9982E-05 0.163724
0.0441481 0.738521 0.141274 9.9991E-05 0.0759569
0.094517 0.664661 0.0522515 9.9991E-05 0.188471
0.0590534 0.682032 0.115809 9.9991E-05 0.143006
0.0223872 0.82216 0.0186334 0.0127724 0.124047
0.0349036 0.726678 0.104315 9.9991E-05 0.134003
0.0522415 0.761296 0.118629 0.0305154 0.0373179
0.0687142 0.672844 0.0999719 9.9991E-05 0.15837
9.9991E-05 0.780246 0.0393009 0.0535793 0.126774
9.9991E-05 0.723886 0.0590501 0.0273206 0.189643
0.016022 0.587314 0.0847831 0.0429996 0.268882
0.0171137 0.720557 0.0228045 9.9991E-05 0.239425
0.0643883 0.752228 0.070631 9.9991E-05 0.112652
0.178637 0.63146 0.0540241 9.9991E-05 0.135779
0.132205 0.47821 0.0531168 9.9991E-05 0.336369
0.155393 0.416865 0.0763053 9.9991E-05 0.351337
0.105017 0.437114 0.0833378 9.9991E-05 0.374431
0.184159 0.443576 0.071845 9.9991E-05 0.30032
0.14612 0.513957 0.0532206 9.9991E-05 0.286602
0.141328 0.588347 0.0079029 9.9991E-05 0.262321
0.291727 0.376908 0.0328802 0.037383 0.261102
0.215315 0.460161 0.102119 9.9991E-05 0.222304
0.133175 0.542684 0.0871148 0.0246546 0.212371
0.158797 0.608153 9.9991E-05 0.00551295 0.227438
0.165535 0.417556 0.0682812 9.9991E-05 0.348527
0.112579 0.404775 0.0963022 9.9991E-05 0.386244
0.198371 0.496862 0.0835036 0.0289942 0.192269
0.172248 0.528849 0.0758782 0.0161397 0.206885
0.215959 0.367104 0.100411 0.019529 0.296996
0.9996 9.997E-05 9.997E-05 9.997E-05 9.997E-05
0.997384 9.9973E-05 0.00231585 9.9973E-05 9.9973E-05
0.884687 0.0620719 9.9991E-05 0.0105297 0.0426114
0.9996 9.997E-05 9.997E-05 9.997E-05 9.997E-05
0.9996 9.997E-05 9.997E-05 9.997E-05 9.997E-05
0.9996 9.997E-05 9.997E-05 9.997E-05 9.997E-05
0.9996 9.997E-05 9.997E-05 9.997E-05 9.997E-05
0.931993 0.0560531 9.9991E-05 0.00521144 0.00664213
0.9996 9.997E-05 9.997E-05 9.997E-05 9.997E-05
0.9996 9.997E-05 9.997E-05 9.997E-05 9.997E-05
0.139555 0.299644 0.0859205 9.9991E-05 0.47478
0.965209 0.00354716 9.9982E-05 9.9982E-05 0.0310436
0.9996 9.997E-05 9.997E-05 9.997E-05 9.997E-05
0.988699 9.9982E-05 9.9982E-05 0.00934899 0.00175222
0.120543 0.201565 0.127763 9.9991E-05 0.550028
0.139283 0.295348 0.109993 9.9991E-05 0.455276
0.151791 0.262032 0.0689946 9.9991E-05 0.517083
0.197082 0.277851 0.0958088 9.9991E-05 0.429158
0.160333 0.307426 0.0629913 9.9991E-05 0.46915
0.129332 0.340232 0.0399514 9.9991E-05 0.490384
0.218853 0.329203 0.0626662 9.9991E-05 0.389178
0.142628 0.322643 0.0364536 9.9991E-05 0.498176
0.282889 0.303768 0.0968278 9.9991E-05 0.316415
0.258608 0.294378 0.0692878 9.9991E-05 0.377627
0.141509 0.393192 0.0663652 9.9991E-05 0.398833
0.239295 0.375368 0.0645942 9.9991E-05 0.320642
0.10409 0.341117 0.100985 9.9991E-05 0.453709
0.144651 0.3496 0.0792215 9.9991E-05 0.426427
0.015 9.9982E-05 0.0350013 9.9982E-05 0.949799
0.0443625 9.9982E-05 0.0234804 9.9982E-05 0.931957
9.997E-05 9.997E-05 9.997E-05 9.997E-05 0.9996
9.9973E-05 9.9973E-05 0.00618085 9.9973E-05 0.993519
9.997E-05 9.997E-05 9.997E-05 9.997E-05 0.9996
0.0196057 9.9982E-05 0.0143739 9.9982E-05 0.96582
0.0041894 9.9982E-05 0.032764 9.9982E-05 0.962847
0.0176018 0.0969456 9.9991E-05 0.027285 0.858068
9.9973E-05 9.9973E-05 0.0301858 9.9973E-05 0.969514
9.9973E-05 9.9973E-05 0.00677156 9.9973E-05 0.992929
0.0516027 9.9982E-05 0.0334668 9.9982E-05 0.914731
9.997E-05 9.997E-05 9.997E-05 9.997E-05 0.9996
0.0162531 0.0685951 0.122404 9.9991E-05 0.792648
9.997E-05 9.997E-05 0.9996 9.997E-05 9.997E-05
0.235557 0.312405 0.125188 9.9991E-05 0.32675
9.997E-05 9.997E-05 0.9996 9.997E-05 9.997E-05
9.997E-05 9.997E-05 0.9996 9.997E-05 9.997E-05
0.0206914 9.9973E-05 0.979009 9.9973E-05 9.9973E-05
0.00539708 0.172485 0.729719 9.9991E-05 0.0922988
9.997E-05 9.997E-05 0.9996 9.997E-05 9.997E-05
9.9982E-05 0.0364551 0.881596 9.9982E-05 0.0817492
9.997E-05 9.997E-05 0.9996 9.997E-05 9.997E-05
9.9973E-05 9.9973E-05 0.972316 0.0273838 9.9973E-05
9.997E-05 9.997E-05 0.9996 9.997E-05 9.997E-05
9.9973E-05 9.9973E-05 0.998745 9.9973E-05 0.000955199
0.0163687 9.9982E-05 0.950858 9.9982E-05 0.0325737
0.0230854 0.0772637 0.771383 9.9991E-05 0.128168
9.9973E-05 9.9973E-05 0.951584 0.0481164 9.9973E-05
0.0415912 9.9991E-05 0.930942 0.0113862 0.0159809
0.026382 9.9991E-05 0.88027 0.02654 0.0667078
9.9982E-05 0.0661529 0.906248 9.9982E-05 0.0273989
0.0200617 9.9991E-05 0.914339 0.00641459 0.0590846
0.0706863 0.226485 0.0597872 0.0664113 0.57663
0.0848474 0.274717 0.093971 0.0428994 0.503565
0.0957457 0.23445 0.0790052 0.0354781 0.555321
0.0867558 0.275018 0.0815656 0.046207 0.510453
0.193843 0.103881 0.0704727 0.00223406 0.629569
0.197298 0.0587202 0.0479748 9.9991E-05 0.695907
0.206672 0.0878303 0.0838123 0.00097562 0.62071
0.201307 0.0228445 0.0590904 9.9991E-05 0.716658
0.190327 0.0122806 0.0577112 0.0210825 0.718598
0.205657 0.0613497 0.0712007 9.9991E-05 0.661692
0.20771 0.071257 0.0700423 0.00203402 0.648957
0.168533 0.192869 0.0846986 0.0156388 0.53826
0.177712 0.189506 0.0857228 0.0125169 0.534543
9.9973E-05 9.9973E-05 9.9973E-05 0.0295164 0.970184
9.9973E-05 9.9973E-05 9.9973E-05 0.0257843 0.973916
9.9973E-05 9.9973E-05 9.9973E-05 0.0302905 0.96941
9.9973E-05 9.9973E-05 9.9973E-05 0.0393135 0.960387
9.9973E-05 9.9973E-05 9.9973E-05 0.0526173 0.947083
9.9982E-05 0.0687034 9.9982E-05 0.0638516 0.867245
9.9973E-05 9.9973E-05 9.9973E-05 0.0350058 0.964694
9.9973E-05 9.9973E-05 9.9973E-05 0.0475026 0.952197
9.9973E-05 9.9973E-05 9.9973E-05 0.0449569 0.954743
9.9973E-05 9.9973E-05 9.9973E-05 0.0406385 0.959062
9.9973E-05 9.9973E-05 9.9973E-05 0.0365023 0.963198
9.9973E-05 9.9973E-05 9.9973E-05 0.0244328 0.975267
