9.98831E-05 9.98831E-05 9.98831E-05 9.98831E-05 0.998702 9.98831E-05 9.98831E-05 9.98831E-05 9.98831E-05 9.98831E-05 9.98831E-05 9.98831E-05 9.98831E-05 9.98831E-05
9.9937E-05 9.9937E-05 9.9937E-05 9.9937E-05 0.0382171 9.9937E-05 0.0210783 0.0287405 9.9937E-05 9.9937E-05 0.0992933 0.0419971 0.0049428 0.765031
9.98831E-05 9.98831E-05 9.98831E-05 9.98831E-05 9.98831E-05 9.98831E-05 9.98831E-05 9.98831E-05 9.98831E-05 9.98831E-05 9.98831E-05 9.98831E-05 0.998702 9.98831E-05
0.0420679 9.9919E-05 9.9919E-05 9.9919E-05 9.9919E-05 0.0930592 0.0477042 9.9919E-05 9.9919E-05 0.0225738 9.9919E-05 9.9919E-05 0.793696 9.9919E-05
9.9919E-05 9.9919E-05 0.0771885 0.0479107 9.9919E-05 9.9919E-05 9.9919E-05 9.9919E-05 9.9919E-05 9.9919E-05 0.750603 9.9919E-05 0.102676 0.0207226
9.98921E-05 9.98921E-05 9.98921E-05 9.98921E-05 9.98921E-05 0.0128503 9.98921E-05 9.98921E-05 9.98921E-05 9.98921E-05 9.98921E-05 9.98921E-05 9.98921E-05 0.985951
9.99011E-05 0.0282211 0.00873292 9.99011E-05 9.99011E-05 9.99011E-05 9.99011E-05 9.99011E-05 9.99011E-05 9.99011E-05 9.99011E-05 9.99011E-05 9.99011E-05 0.961947
9.98831E-05 9.98831E-05 9.98831E-05 9.98831E-05 9.98831E-05 9.98831E-05 9.98831E-05 9.98831E-05 9.98831E-05 9.98831E-05 0.998702 9.98831E-05 9.98831E-05 9.98831E-05
9.99281E-05 9.99281E-05 0.0493805 9.99281E-05 9.99281E-05 9.99281E-05 9.99281E-05 0.0675162 9.99281E-05 0.0011786 0.0456942 9.99281E-05 0.819013 0.0164184
9.9937E-05 9.9937E-05 9.9937E-05 9.9937E-05 0.068505 9.9937E-05 0.0400103 9.9937E-05 0.0691303 0.00447116 0.627793 0.180188 0.00920277 9.9937E-05
9.99191E-05 9.99191E-05 9.99191E-05 0.374874 9.99191E-05 0.521485 0.00854135 9.99191E-05 9.99191E-05 0.046802 9.99191E-05 9.99191E-05 0.0473979 9.99191E-05
9.98831E-05 9.98831E-05 9.98831E-05 0.998702 9.98831E-05 9.98831E-05 9.98831E-05 9.98831E-05 9.98831E-05 9.98831E-05 9.98831E-05 9.98831E-05 9.98831E-05 9.98831E-05
9.99101E-05 9.99101E-05 9.99101E-05 0.510669 9.99101E-05 0.275522 9.99101E-05 9.99101E-05 9.99101E-05 9.99101E-05 0.0941907 9.99101E-05 9.99101E-05 0.11862
0.967788 9.99011E-05 9.99011E-05 9.99011E-05 9.99011E-05 9.99011E-05 0.0285724 9.99011E-05 9.99011E-05 9.99011E-05 9.99011E-05 9.99011E-05 0.00254029 9.99011E-05
0.0320321 9.9919E-05 9.9919E-05 0.791982 9.9919E-05 9.9919E-05 0.033712 9.9919E-05 9.9919E-05 9.9919E-05 9.9919E-05 9.9919E-05 0.0614429 0.0799322
0.149459 9.9937E-05 0.0334799 0.497156 0.0111375 0.268926 9.9937E-05 9.9937E-05 9.9937E-05 9.9937E-05 0.0266248 9.9937E-05 0.0125176 9.9937E-05
9.98831E-05 9.98831E-05 9.98831E-05 9.98831E-05 9.98831E-05 0.998702 9.98831E-05 9.98831E-05 9.98831E-05 9.98831E-05 9.98831E-05 9.98831E-05 9.98831E-05 9.98831E-05
0.678259 9.99101E-05 9.99101E-05 9.99101E-05 9.99101E-05 0.0185676 9.99101E-05 0.165449 9.99101E-05 9.99101E-05 9.99101E-05 0.136725 9.99101E-05 9.99101E-05
0.332527 0.0242884 0.0318981 0.585699 9.9937E-05 9.9937E-05 0.0128353 9.9937E-05 0.00778565 9.9937E-05 9.9937E-05 0.00426676 9.9937E-05 9.9937E-05
0.998702 9.98831E-05 9.98831E-05 9.98831E-05 9.98831E-05 9.98831E-05 9.98831E-05 9.98831E-05 9.98831E-05 9.98831E-05 9.98831E-05 9.98831E-05 9.98831E-05 9.98831E-05
0.817585 0.0136932 9.9919E-05 9.9919E-05 0.0706026 9.9919E-05 9.9919E-05 9.9919E-05 9.9919E-05 9.9919E-05 9.9919E-05 0.0654401 9.9919E-05 0.03178
9.993E-05 9.993E-05 9.993E-05 0.290558 0.00372627 0.209633 9.993E-05 0.0540281 0.137668 9.993E-05 0.11723 9.993E-05 9.993E-05 0.186457
9.9901E-05 9.9901E-05 9.9901E-05 9.9901E-05 0.0593934 0.917097 0.0224111 9.9901E-05 9.9901E-05 9.9901E-05 9.9901E-05 9.9901E-05 9.9901E-05 9.9901E-05
0.201385 9.991E-05 0.0657209 9.991E-05 9.991E-05 0.712431 9.991E-05 9.991E-05 9.991E-05 9.991E-05 9.991E-05 0.0194646 9.991E-05 9.991E-05
0.221867 9.99101E-05 9.99101E-05 0.665221 9.99101E-05 9.99101E-05 9.99101E-05 9.99101E-05 0.0286198 9.99101E-05 9.99101E-05 0.083293 9.99101E-05 9.99101E-05
0.410365 9.9946E-05 0.012666 0.344121 0.085064 9.9946E-05 9.9946E-05 0.000436447 0.0443384 9.9946E-05 0.0346025 0.0678072 9.9946E-05 9.9946E-05
9.991E-05 9.991E-05 9.991E-05 0.588697 9.991E-05 9.991E-05 9.991E-05 0.133399 0.111921 0.164984 9.991E-05 9.991E-05 9.991E-05 9.991E-05
0.00539776 9.9946E-05 9.9946E-05 0.525668 9.9946E-05 9.9946E-05 0.0140405 9.9946E-05 0.0342366 0.0644575 9.9946E-05 0.264756 0.065514 0.0253308
9.9937E-05 0.043351 9.9937E-05 0.609133 0.0168426 9.9937E-05 9.9937E-05 0.0547873 0.0803527 9.9937E-05 9.9937E-05 0.161342 9.9937E-05 0.033492
9.99011E-05 9.99011E-05 9.99011E-05 0.887732 9.99011E-05 9.99011E-05 9.99011E-05 0.00775868 9.99011E-05 9.99011E-05 9.99011E-05 0.103411 9.99011E-05 9.99011E-05
9.98831E-05 9.98831E-05 9.98831E-05 9.98831E-05 9.98831E-05 9.98831E-05 9.98831E-05 0.998702 9.98831E-05 9.98831E-05 9.98831E-05 9.98831E-05 9.98831E-05 9.98831E-05
9.9892E-05 9.9892E-05 9.9892E-05 9.9892E-05 0.0383742 9.9892E-05 9.9892E-05 0.960427 9.9892E-05 9.9892E-05 9.9892E-05 9.9892E-05 9.9892E-05 9.9892E-05
9.991E-05 0.135129 9.991E-05 0.0647535 9.991E-05 9.991E-05 9.991E-05 9.991E-05 0.767166 9.991E-05 9.991E-05 0.0319523 9.991E-05 9.991E-05
9.9919E-05 9.9919E-05 0.114811 9.9919E-05 9.9919E-05 0.00567195 9.9919E-05 9.9919E-05 0.805445 0.0595691 9.9919E-05 9.9919E-05 9.9919E-05 0.013604
0.0357874 9.991E-05 9.991E-05 0.187025 9.991E-05 9.991E-05 9.991E-05 0.0593551 0.716834 9.991E-05 9.991E-05 9.991E-05 9.991E-05 9.991E-05
9.99281E-05 9.99281E-05 9.99281E-05 9.99281E-05 0.0254243 9.99281E-05 9.99281E-05 0.0115333 0.928381 0.0151306 9.99281E-05 0.00256893 0.0161626 9.99281E-05
0.0654268 0.124803 9.9937E-05 9.9937E-05 0.0363426 9.9937E-05 0.00276 9.9937E-05 0.548588 9.9937E-05 0.212107 9.9937E-05 0.00927252 9.9937E-05
9.9928E-05 9.9928E-05 9.9928E-05 9.9928E-05 0.0631513 0.081249 9.9928E-05 0.0332473 0.713978 0.0674748 9.9928E-05 0.0401006 9.9928E-05 9.9928E-05
0.0188631 9.99101E-05 0.00671444 9.99101E-05 9.99101E-05 9.99101E-05 9.99101E-05 9.99101E-05 0.917345 0.0560785 9.99101E-05 9.99101E-05 9.99101E-05 9.99101E-05
9.9946E-05 9.9946E-05 9.9946E-05 0.18589 0.0213278 9.9946E-05 0.0203196 9.9946E-05 0.38037 0.120712 0.00179437 0.241309 0.0276766 9.9946E-05
9.99011E-05 9.99011E-05 9.99011E-05 9.99011E-05 9.99011E-05 9.99011E-05 9.99011E-05 0.207353 0.751633 9.99011E-05 9.99011E-05 9.99011E-05 9.99011E-05 0.0399144
0.0421768 0.159246 9.9955E-05 0.0892111 0.0826282 9.9955E-05 0.00485869 9.9955E-05 0.340031 9.9955E-05 0.0127847 0.240112 0.0284515 9.9955E-05
9.9937E-05 0.00605244 0.0411955 0.0469183 9.9937E-05 9.9937E-05 0.001592 9.9937E-05 0.837196 9.9937E-05 9.9937E-05 0.0581017 0.0082444 9.9937E-05
9.9937E-05 0.0743843 0.0212015 0.0680135 0.0076677 0.0389785 0.0105361 9.9937E-05 0.778519 9.9937E-05 9.9937E-05 9.9937E-05 9.9937E-05 9.9937E-05
9.99394E-05 9.99394E-05 0.00763244 9.99394E-05 9.99394E-05 0.0512974 9.99394E-05 0.235594 0.0885295 0.552544 9.99394E-05 0.0309453 9.99394E-05 0.0327573
9.99101E-05 0.869482 9.99101E-05 0.0636265 0.0272101 9.99101E-05 9.99101E-05 0.0386823 9.99101E-05 9.99101E-05 9.99101E-05 9.99101E-05 9.99101E-05 9.99101E-05
9.98831E-05 9.98831E-05 0.998702 9.98831E-05 9.98831E-05 9.98831E-05 9.98831E-05 9.98831E-05 9.98831E-05 9.98831E-05 9.98831E-05 9.98831E-05 9.98831E-05 9.98831E-05
9.9919E-05 0.883213 0.043937 9.9919E-05 9.9919E-05 9.9919E-05 9.9919E-05 9.9919E-05 0.0358579 0.0312138 9.9919E-05 0.00487851 9.9919E-05 9.9919E-05
9.99101E-05 0.658555 9.99101E-05 0.207362 9.99101E-05 9.99101E-05 9.99101E-05 9.99101E-05 0.0111874 9.99101E-05 9.99101E-05 9.99101E-05 0.121896 9.99101E-05
0.00190055 0.30606 0.0473712 0.0259771 0.00553668 9.9973E-05 9.9973E-05 0.0399981 0.297694 0.0639 0.0758584 0.126874 0.00852915 9.9973E-05
0.0180349 0.416728 9.9928E-05 9.9928E-05 9.9928E-05 9.9928E-05 9.9928E-05 0.0183669 9.9928E-05 0.423802 9.9928E-05 0.0903419 9.9928E-05 0.0319265
9.98921E-05 9.98921E-05 9.98921E-05 9.98921E-05 0.00130539 9.98921E-05 9.98921E-05 9.98921E-05 9.98921E-05 0.997496 9.98921E-05 9.98921E-05 9.98921E-05 9.98921E-05
9.98921E-05 9.98921E-05 9.98921E-05 9.98921E-05 9.98921E-05 9.98921E-05 9.98921E-05 9.98921E-05 9.98921E-05 0.882344 9.98921E-05 0.116457 9.98921E-05 9.98921E-05
9.9919E-05 9.9919E-05 9.9919E-05 9.9919E-05 9.9919E-05 0.0357266 0.00394373 9.9919E-05 0.0294282 0.910235 9.9919E-05 0.0197674 9.9919E-05 9.9919E-05
0.0238382 0.895478 0.0731142 9.991E-05 9.991E-05 9.991E-05 9.991E-05 9.991E-05 0.00657023 9.991E-05 9.991E-05 9.991E-05 9.991E-05 9.991E-05
9.98921E-05 0.952953 9.98921E-05 9.98921E-05 9.98921E-05 9.98921E-05 0.0458488 9.98921E-05 9.98921E-05 9.98921E-05 9.98921E-05 9.98921E-05 9.98921E-05 9.98921E-05
0.0181896 0.111097 9.9937E-05 9.9937E-05 9.9937E-05 0.053401 0.00738086 9.9937E-05 9.9937E-05 0.00114997 0.0533308 0.754751 9.9937E-05 9.9937E-05
0.00438087 0.334531 9.9937E-05 9.9937E-05 9.9937E-05 0.0951342 9.9937E-05 0.027069 9.9937E-05 9.9937E-05 0.0864683 0.444874 0.00684323 9.9937E-05
9.9919E-05 0.227987 9.9919E-05 9.9919E-05 9.9919E-05 9.9919E-05 9.9919E-05 0.0497507 9.9919E-05 9.9919E-05 0.0103706 0.583976 9.9919E-05 0.127016
9.995E-05 0.126237 9.995E-05 0.125584 0.0227414 9.995E-05 0.0109135 0.0110799 0.0132035 9.995E-05 0.0876247 0.587995 9.995E-05 0.0141206
0.0774298 9.9919E-05 0.0314679 9.9919E-05 9.9919E-05 9.9919E-05 9.9919E-05 0.00617115 9.9919E-05 0.128679 9.9919E-05 0.755353 9.9919E-05 9.9919E-05
9.99191E-05 9.99191E-05 9.99191E-05 9.99191E-05 9.99191E-05 9.99191E-05 0.0991383 9.99191E-05 0.42249 9.99191E-05 9.99191E-05 0.394648 0.0421129 0.0407111
9.9937E-05 9.9937E-05 0.022278 9.9937E-05 0.0151837 0.0256064 9.9937E-05 9.9937E-05 0.112301 0.0101875 9.9937E-05 0.808639 0.00510456 9.9937E-05
9.99191E-05 9.99191E-05 0.0259389 9.99191E-05 9.99191E-05 9.99191E-05 0.020215 0.000442616 9.99191E-05 9.99191E-05 9.99191E-05 0.945175 9.99191E-05 0.00732935
0.00670933 9.991E-05 9.991E-05 9.991E-05 9.991E-05 9.991E-05 0.0127609 9.991E-05 0.133381 9.991E-05 9.991E-05 0.846149 9.991E-05 9.991E-05
9.99101E-05 9.99101E-05 9.99101E-05 0.0247602 0.00490711 0.00242435 9.99101E-05 9.99101E-05 9.99101E-05 9.99101E-05 9.99101E-05 0.966909 9.99101E-05 9.99101E-05
9.99011E-05 9.99011E-05 9.99011E-05 0.0198207 9.99011E-05 9.99011E-05 0.000419233 9.99011E-05 9.99011E-05 9.99011E-05 9.99011E-05 0.978661 9.99011E-05 9.99011E-05
0.00482381 9.99101E-05 9.99101E-05 9.99101E-05 9.99101E-05 9.99101E-05 9.99101E-05 0.008469 9.99101E-05 9.99101E-05 9.99101E-05 0.967153 0.0185551 9.99101E-05
9.99011E-05 9.99011E-05 9.99011E-05 9.99011E-05 0.0288374 9.99011E-05 0.00647748 9.99011E-05 9.99011E-05 9.99011E-05 9.99011E-05 0.963586 9.99011E-05 9.99011E-05
9.991E-05 0.0554641 9.991E-05 9.991E-05 9.991E-05 9.991E-05 9.991E-05 0.0120069 9.991E-05 9.991E-05 9.991E-05 0.916759 0.014771 9.991E-05
0.0196254 9.99012E-05 0.0247375 9.99012E-05 9.99012E-05 9.99012E-05 9.99012E-05 9.99012E-05 9.99012E-05 9.99012E-05 9.99012E-05 0.954538 9.99012E-05 9.99012E-05
0.00715902 9.99281E-05 0.0301946 9.99281E-05 9.99281E-05 9.99281E-05 0.0131125 9.99281E-05 0.202266 9.99281E-05 9.99281E-05 0.605298 9.99281E-05 0.141171
9.99281E-05 0.0109123 0.0378599 9.99281E-05 9.99281E-05 9.99281E-05 0.000271081 9.99281E-05 9.99281E-05 9.99281E-05 0.0363359 0.892755 0.0210659 9.99281E-05
0.0377842 9.9937E-05 9.9937E-05 9.9937E-05 0.0125694 9.9937E-05 0.0532523 0.0433249 0.0789755 0.145022 9.9937E-05 0.628372 9.9937E-05 9.9937E-05
0.0793798 9.9928E-05 0.0306675 0.029207 9.9928E-05 9.9928E-05 0.514426 0.0395268 9.9928E-05 9.9928E-05 9.9928E-05 0.305994 9.9928E-05 9.9928E-05
9.98831E-05 9.98831E-05 9.98831E-05 9.98831E-05 9.98831E-05 9.98831E-05 0.998702 9.98831E-05 9.98831E-05 9.98831E-05 9.98831E-05 9.98831E-05 9.98831E-05 9.98831E-05
9.9955E-05 0.00633912 0.0262101 0.0269269 0.063637 0.0126922 0.0527926 9.9955E-05 0.125413 0.0521567 9.9955E-05 0.633333 9.9955E-05 9.9955E-05
