9.999E-05 0.9998 9.999E-05
9.999E-05 0.907774 0.0921257
0.0963489 0.878813 0.0248381
0.226428 0.773472 9.9991E-05
0.137473 0.7956 0.0669277
9.999E-05 0.9998 9.999E-05
0.116504 0.883396 9.9991E-05
0.105163 0.894737 9.9991E-05
0.354617 0.645283 9.9991E-05
0.337297 0.662603 9.9991E-05
0.12021 0.742351 0.137439
9.9991E-05 0.806198 0.193702
9.9991E-05 0.870282 0.129618
0.0254177 0.722004 0.252579
9.9991E-05 0.723291 0.276609
9.9991E-05 0.913126 0.0867739
0.0494681 0.855745 0.0947874
0.330852 0.516151 0.152996
0.241074 0.621576 0.13735
0.163057 0.836843 9.9991E-05
0.212768 0.719442 0.0677901
0.122857 0.83232 0.0448236
9.9991E-05 0.920691 0.0792095
0.000935166 0.763628 0.235437
0.0258925 0.618493 0.355614
0.0697142 0.6155 0.314785
0.599438 0.32649 0.074072
0.180178 0.424255 0.395567
0.13589 0.457205 0.406905
0.0845514 0.433511 0.481938
0.801771 0.0110802 0.187149
0.783393 0.187468 0.0291388
0.778022 0.116528 0.10545
0.941485 0.0584154 9.9991E-05
0.770619 0.206369 0.0230115
0.935056 0.0648439 9.9991E-05
0.60082 0.39908 9.9991E-05
0.848285 0.151615 9.9991E-05
0.899617 0.100283 9.9991E-05
0.593749 0.0915707 0.31468
0.982833 0.0158007 0.00136623
0.590549 0.198678 0.210773
0.697615 0.131517 0.170868
0.696079 0.156791 0.147129
0.888766 9.9991E-05 0.111134
0.95766 9.9991E-05 0.0422398
0.9998 9.999E-05 9.999E-05
0.965682 9.9991E-05 0.0342181
0.770724 0.146436 0.0828393
0.672937 0.0845009 0.242563
0.944402 9.9991E-05 0.0554984
0.998237 0.00166309 9.9991E-05
0.891441 9.9991E-05 0.108459
0.989153 9.9991E-05 0.0107465
0.9998 9.999E-05 9.999E-05
0.698885 9.9991E-05 0.301015
0.0593307 0.0402898 0.900379
0.238126 0.0741786 0.687695
0.298392 0.0102639 0.691344
0.175872 0.134793 0.689335
0.251141 9.9991E-05 0.748759
0.286559 0.0157821 0.697659
0.300366 9.9991E-05 0.699534
9.999E-05 9.999E-05 0.9998
0.174899 9.9991E-05 0.825001
0.0727201 9.9991E-05 0.92718
9.999E-05 9.999E-05 0.9998
9.999E-05 9.999E-05 0.9998
9.999E-05 9.999E-05 0.9998
0.0562149 9.9991E-05 0.943685
0.145624 9.9991E-05 0.854276
0.416023 0.0686505 0.515326
0.0157533 9.9991E-05 0.984147
0.308475 9.9991E-05 0.691425
9.9991E-05 0.0431428 0.956757
9.999E-05 9.999E-05 0.9998
0.306088 0.0306138 0.663298
