9.993E-05 9.993E-05 0.999201 9.993E-05 9.993E-05 9.993E-05 9.993E-05 9.993E-05 9.993E-05
9.9955E-05 0.0701805 0.814996 0.00413846 9.9955E-05 9.9955E-05 0.110185 9.9955E-05 9.9955E-05
9.993E-05 0.999201 9.993E-05 9.993E-05 9.993E-05 9.993E-05 9.993E-05 9.993E-05 9.993E-05
9.9946E-05 0.952693 9.9946E-05 9.9946E-05 0.0403482 9.9946E-05 9.9946E-05 0.00635955 9.9946E-05
0.0279587 0.148925 0.545463 9.9964E-05 9.9964E-05 0.190434 9.9964E-05 0.0868195 9.9964E-05
9.9955E-05 0.0102425 0.815215 9.9955E-05 0.0583111 0.115732 9.9955E-05 9.9955E-05 9.9955E-05
9.9946E-05 9.9946E-05 0.883832 9.9946E-05 9.9946E-05 9.9946E-05 0.0420514 0.073517 9.9946E-05
0.0104494 9.9973E-05 0.823999 0.0005279 0.117815 9.9973E-05 0.0184053 0.0285039 9.9973E-05
9.9946E-05 0.133532 0.362814 9.9946E-05 9.9946E-05 9.9946E-05 9.9946E-05 9.9946E-05 0.503054
0.255152 0.0668202 0.573449 0.0576752 9.9964E-05 9.9964E-05 0.046503 9.9964E-05 9.9964E-05
9.9955E-05 0.116988 9.9955E-05 0.000796092 0.440351 0.441365 9.9955E-05 9.9955E-05 9.9955E-05
9.993E-05 9.993E-05 9.993E-05 9.993E-05 9.993E-05 0.999201 9.993E-05 9.993E-05 9.993E-05
9.9946E-05 9.9946E-05 0.167786 9.9946E-05 0.2724 0.559215 9.9946E-05 9.9946E-05 9.9946E-05
0.0950038 0.083976 9.9973E-05 0.0397002 0.644394 0.0876898 0.0489367 9.9973E-05 9.9973E-05
9.9964E-05 0.0821641 0.0275906 0.0523465 0.106996 0.730503 9.9964E-05 9.9964E-05 9.9964E-05
9.9946E-05 9.9946E-05 9.9946E-05 0.0043021 0.656975 0.338123 9.9946E-05 9.9946E-05 9.9946E-05
9.9937E-05 9.9937E-05 9.9937E-05 9.9937E-05 0.978571 0.0207297 9.9937E-05 9.9937E-05 9.9937E-05
0.047071 9.9973E-05 9.9973E-05 9.9973E-05 0.510945 0.0837179 0.09716 0.000669584 0.260137
0.0695312 9.9964E-05 9.9964E-05 0.000797275 0.378676 0.485375 9.9964E-05 0.0652207 9.9964E-05
9.9946E-05 0.0536991 9.9946E-05 9.9946E-05 0.908444 9.9946E-05 9.9946E-05 9.9946E-05 0.0372571
0.0806278 0.0358908 0.0805712 9.9982E-05 0.683454 9.9982E-05 0.0802056 0.0385667 0.000483751
0.0529831 9.9964E-05 0.250148 9.9964E-05 0.0924413 0.552223 9.9964E-05 9.9964E-05 0.0518046
9.9964E-05 0.0342401 0.0199022 0.0204812 0.918896 9.9964E-05 0.0060805 9.9964E-05 9.9964E-05
0.0105675 9.9946E-05 9.9946E-05 9.9946E-05 0.977581 9.9946E-05 0.0112518 9.9946E-05 9.9946E-05
9.9955E-05 9.9955E-05 9.9955E-05 9.9955E-05 0.26102 0.575014 0.154478 9.9955E-05 0.0089873
0.0424626 9.9964E-05 0.107328 9.9964E-05 0.360789 0.329535 0.159486 9.9964E-05 9.9964E-05
9.9946E-05 9.9946E-05 9.9946E-05 9.9946E-05 9.9946E-05 0.593674 9.9946E-05 0.0950053 0.310721
9.9964E-05 0.0553226 9.9964E-05 0.0325622 9.9964E-05 0.670986 0.197703 0.0430257 9.9964E-05
0.0364464 9.9955E-05 9.9955E-05 9.9955E-05 9.9955E-05 0.733232 0.144933 9.9955E-05 0.0848887
9.9937E-05 9.9937E-05 9.9937E-05 9.9937E-05 9.9937E-05 0.907836 0.0914641 9.9937E-05 9.9937E-05
9.9937E-05 9.9937E-05 9.9937E-05 9.9937E-05 9.9937E-05 9.9937E-05 0.0336561 9.9937E-05 0.965644
9.993E-05 9.993E-05 9.993E-05 9.993E-05 9.993E-05 9.993E-05 9.993E-05 9.993E-05 0.999201
0.795572 9.9955E-05 9.9955E-05 9.9955E-05 9.9955E-05 0.144315 0.054452 0.00516079 9.9955E-05
0.980431 9.9937E-05 9.9937E-05 9.9937E-05 9.9937E-05 9.9937E-05 9.9937E-05 0.0188698 9.9937E-05
0.613404 9.9964E-05 9.9964E-05 0.0013412 0.00243227 0.231846 9.9964E-05 9.9964E-05 0.150577
0.945449 0.0070182 0.0239378 9.9955E-05 9.9955E-05 9.9955E-05 9.9955E-05 9.9955E-05 0.0230954
0.656853 0.0152923 0.217022 0.000569929 0.0628062 0.00724108 0.0140702 0.026045 9.9991E-05
0.68679 9.9955E-05 9.9955E-05 9.9955E-05 0.0977552 9.9955E-05 0.0530397 9.9955E-05 0.161916
0.999201 9.993E-05 9.993E-05 9.993E-05 9.993E-05 9.993E-05 9.993E-05 9.993E-05 9.993E-05
0.4578 9.9964E-05 9.9964E-05 0.0241132 9.9964E-05 0.202015 0.308841 0.00683158 9.9964E-05
0.607606 9.9946E-05 9.9946E-05 9.9946E-05 9.9946E-05 9.9946E-05 0.0107423 9.9946E-05 0.381052
0.339413 0.0556353 0.0241364 9.9991E-05 0.0350742 0.0731693 0.343102 0.0953459 0.0340237
0.547176 0.0146666 9.9973E-05 0.00794493 9.9973E-05 0.124141 0.163839 9.9973E-05 0.141932
0.832422 9.9955E-05 9.9955E-05 0.0117835 9.9955E-05 0.12055 9.9955E-05 0.0347444 9.9955E-05
0.102969 9.9964E-05 9.9964E-05 9.9964E-05 0.152526 9.9964E-05 0.141643 0.478133 0.12433
9.9964E-05 9.9964E-05 0.0343184 9.9964E-05 9.9964E-05 0.0893712 0.0285335 0.814835 0.0325421
0.219768 9.9973E-05 0.00817185 0.0381377 9.9973E-05 9.9973E-05 0.0446021 0.668585 0.0204353
9.9946E-05 9.9946E-05 9.9946E-05 9.9946E-05 9.9946E-05 9.9946E-05 0.120618 0.74679 0.131992
0.0278432 0.129418 9.9955E-05 9.9955E-05 9.9955E-05 0.273334 9.9955E-05 0.568905 9.9955E-05
0.260133 0.0994429 9.9973E-05 9.9973E-05 9.9973E-05 0.0926677 0.0635271 0.414935 0.0689946
0.0215414 0.00620349 9.9964E-05 9.9964E-05 9.9964E-05 9.9964E-05 0.105366 0.789044 0.0774452
9.9937E-05 9.9937E-05 9.9937E-05 9.9937E-05 0.0150175 9.9937E-05 9.9937E-05 0.984283 9.9937E-05
9.9964E-05 0.0149422 9.9964E-05 0.00802637 0.0760097 9.9964E-05 0.140012 0.76061 9.9964E-05
0.124667 9.9964E-05 9.9964E-05 0.00185389 0.0340966 9.9964E-05 0.0382876 0.800695 9.9964E-05
0.0463161 9.9955E-05 9.9955E-05 9.9955E-05 9.9955E-05 9.9955E-05 0.0618287 0.841699 0.0496568
9.9964E-05 0.0396936 9.9964E-05 0.0420305 9.9964E-05 9.9964E-05 0.0561885 0.833245 0.0284426
0.0328995 9.9982E-05 0.00127646 0.00792959 0.0623929 9.9982E-05 0.709147 0.117742 0.0684125
9.9982E-05 0.0301504 0.00745802 9.9982E-05 0.0523632 0.0174468 0.476952 0.145908 0.269521
9.9964E-05 0.0308632 0.0519006 9.9964E-05 9.9964E-05 9.9964E-05 0.756979 0.115137 0.0447204
0.0199203 9.9973E-05 0.0998283 9.9973E-05 9.9973E-05 0.0862702 0.76218 0.0134733 0.0180283
9.9955E-05 9.9955E-05 9.9955E-05 9.9955E-05 0.0588294 9.9955E-05 0.816313 0.121819 0.00253874
0.411042 0.0386116 0.0157278 0.090648 9.9964E-05 9.9964E-05 0.443571 9.9964E-05 9.9964E-05
0.113862 0.0238606 0.00317277 9.9973E-05 0.0139387 9.9973E-05 0.800806 0.0440607 9.9973E-05
9.99371E-05 9.99371E-05 9.99371E-05 0.0211872 9.99371E-05 9.99371E-05 0.978113 9.99371E-05 9.99371E-05
0.196611 9.9937E-05 9.9937E-05 9.9937E-05 9.9937E-05 9.9937E-05 0.80269 9.9937E-05 9.9937E-05
9.993E-05 9.993E-05 9.993E-05 9.993E-05 9.993E-05 9.993E-05 0.999201 9.993E-05 9.993E-05
9.993E-05 9.993E-05 9.993E-05 9.993E-05 9.993E-05 9.993E-05 0.999201 9.993E-05 9.993E-05
9.9937E-05 9.9937E-05 9.9937E-05 9.9937E-05 9.9937E-05 9.9937E-05 0.953325 9.9937E-05 0.045975
9.993E-05 9.993E-05 9.993E-05 9.993E-05 9.993E-05 9.993E-05 0.999201 9.993E-05 9.993E-05
9.9946E-05 0.019493 9.9946E-05 9.9946E-05 9.9946E-05 9.9946E-05 0.978264 9.9946E-05 0.0016436
0.111785 9.9955E-05 9.9955E-05 9.9955E-05 0.0167444 9.9955E-05 0.863871 9.9955E-05 0.0070998
0.188893 9.99551E-05 0.113922 9.99551E-05 9.99551E-05 9.99551E-05 0.694292 9.99551E-05 0.00239363
9.9946E-05 0.0537297 9.9946E-05 0.00287101 9.9946E-05 9.9946E-05 0.9428 9.9946E-05 9.9946E-05
0.0835196 9.9973E-05 9.9973E-05 0.0592674 0.0596246 9.9973E-05 0.670396 0.123645 0.00324776
9.997E-05 0.0551538 9.997E-05 0.500627 0.0700857 9.997E-05 0.301433 0.0530994 0.0193015
9.993E-05 9.993E-05 9.993E-05 0.999201 9.993E-05 9.993E-05 9.993E-05 9.993E-05 9.993E-05
0.0774623 9.9973E-05 0.0502644 0.0368137 9.9973E-05 0.0198726 0.683299 0.131988 9.9973E-05
