9.994E-05 9.994E-05 9.994E-05 9.994E-05 9.994E-05 9.994E-05 0.9993 9.994E-05
9.9964E-05 0.640256 9.9964E-05 9.9964E-05 0.0798161 9.9964E-05 0.233503 0.0460256
9.9964E-05 0.633274 9.9964E-05 9.9964E-05 0.0924614 9.9964E-05 0.234568 0.0392961
9.9964E-05 0.710789 0.094536 9.9964E-05 9.9964E-05 9.9964E-05 0.19358 0.000695065
0.048664 0.709249 0.0281307 0.0421397 9.9982E-05 0.0537166 0.1179 9.9982E-05
9.9973E-05 0.550514 0.24406 9.9973E-05 0.0228313 0.0302144 0.15208 9.9973E-05
9.9946E-05 0.741556 9.9946E-05 9.9946E-05 9.9946E-05 9.9946E-05 0.257845 9.9946E-05
9.9973E-05 0.577944 0.0129691 9.9973E-05 0.132711 9.9973E-05 0.243249 0.032827
9.9982E-05 0.70678 0.0335176 0.0391491 0.0485654 9.9982E-05 0.156934 0.014854
9.994E-05 9.994E-05 9.994E-05 9.994E-05 9.994E-05 9.994E-05 0.9993 9.994E-05
9.994E-05 9.994E-05 9.994E-05 9.994E-05 9.994E-05 9.994E-05 0.9993 9.994E-05
9.994E-05 9.994E-05 9.994E-05 9.994E-05 9.994E-05 9.994E-05 0.9993 9.994E-05
9.994E-05 9.994E-05 9.994E-05 9.994E-05 9.994E-05 9.994E-05 0.9993 9.994E-05
9.9964E-05 9.9964E-05 9.9964E-05 0.00713307 0.0106754 0.0749369 0.906855 9.9964E-05
0.044091 9.9955E-05 9.9955E-05 9.9955E-05 9.9955E-05 0.0181357 0.937273 9.9955E-05
9.9973E-05 0.463786 0.275423 0.0083936 0.056496 9.9973E-05 0.195602 9.9973E-05
9.999E-05 0.394643 0.259877 0.028772 0.0649802 0.0613774 0.189891 0.000359052
9.9964E-05 0.738377 0.0825372 9.9964E-05 0.00631187 9.9964E-05 0.172374 9.9964E-05
9.9973E-05 0.879826 0.0195244 0.0471691 9.9973E-05 0.0526973 9.9973E-05 0.000483259
0.0410756 0.861141 0.0307943 0.0253753 9.9982E-05 0.0276831 9.9982E-05 0.0137306
9.9964E-05 0.897544 9.9964E-05 0.0538617 9.9964E-05 9.9964E-05 0.025251 0.0229433
9.9973E-05 0.780524 0.0747733 9.9973E-05 0.053071 0.0710984 9.9973E-05 0.020233
9.99722E-05 0.809983 9.99722E-05 9.99722E-05 0.0559047 0.108442 9.99722E-05 0.0252704
0.0347 0.933552 9.9964E-05 9.9964E-05 0.0028234 0.0285249 9.9964E-05 9.9964E-05
0.0259373 0.858462 0.0997723 0.0114396 9.9982E-05 0.00218244 9.9982E-05 0.00200662
0.0818126 0.618951 0.216141 0.0504516 0.0323436 9.9973E-05 9.9973E-05 9.9973E-05
9.9973E-05 0.724616 0.0554787 0.100168 0.0884526 0.0309849 9.9973E-05 9.9973E-05
9.9955E-05 0.962388 0.0334222 9.9955E-05 0.00368954 9.9955E-05 9.9955E-05 9.9955E-05
0.0669638 0.738169 0.054532 0.0266606 0.0362528 0.0511595 0.0261626 9.9991E-05
9.9955E-05 0.951325 0.00677558 9.9955E-05 9.9955E-05 9.9955E-05 0.0413995 9.9955E-05
0.00265501 0.887992 9.9982E-05 0.0382368 9.9982E-05 0.0455119 0.00938287 0.0160216
0.038687 0.742445 0.106149 0.0432692 0.0439309 9.9982E-05 9.9982E-05 0.0253185
0.0128332 0.690293 0.155379 0.0446466 0.0576743 0.0262565 9.9991E-05 0.0128176
0.124797 0.585839 0.124522 0.0288354 0.0802632 0.0242398 0.03036 0.00114437
9.9964E-05 0.81177 9.9964E-05 0.00108491 0.0683689 0.118376 9.9964E-05 9.9964E-05
9.9955E-05 0.927538 0.033043 9.9955E-05 9.9955E-05 9.9955E-05 0.0389188 9.9955E-05
9.9973E-05 0.457622 0.491763 0.00068834 0.0188525 0.0307736 9.9973E-05 9.9973E-05
0.0287317 0.535868 0.283691 0.0681103 0.00667899 0.0767205 9.9982E-05 9.9982E-05
9.999E-05 0.512872 0.265045 0.0920894 0.0518019 0.00901675 0.0119256 0.0571493
0.0203009 0.514931 0.34975 0.0765827 9.9982E-05 0.00671391 9.9982E-05 0.0315219
0.0284791 0.0387933 0.816588 9.9973E-05 0.0324149 9.9973E-05 9.9973E-05 0.0834245
9.9973E-05 0.142598 0.725171 0.0953911 0.0341713 9.9973E-05 9.9973E-05 0.00236855
0.0325554 0.182667 0.632003 9.9982E-05 0.0683635 9.9982E-05 0.0405535 0.0436572
0.00832601 0.0938167 0.829499 0.0220621 0.0286923 9.9982E-05 9.9982E-05 0.0174034
0.0706248 0.27345 0.576486 0.0318073 0.0473319 9.9973E-05 9.9973E-05 9.9973E-05
9.994E-05 9.994E-05 0.9993 9.994E-05 9.994E-05 9.994E-05 9.994E-05 9.994E-05
9.994E-05 9.994E-05 0.9993 9.994E-05 9.994E-05 9.994E-05 9.994E-05 9.994E-05
0.0211322 0.319989 0.586268 0.0205156 0.0344074 0.0174878 9.9982E-05 9.9982E-05
0.0916611 0.190566 0.552246 0.103935 0.0114087 9.9982E-05 0.0499834 9.9982E-05
0.050959 0.405269 0.442805 0.00852327 9.9982E-05 9.9982E-05 0.0781803 0.0140634
9.9982E-05 0.311902 0.520379 0.0634766 0.0574137 9.9982E-05 0.015923 0.0307061
9.9964E-05 0.162868 0.755909 0.0083998 0.0724239 9.9964E-05 9.9964E-05 9.9964E-05
9.9946E-05 9.9946E-05 0.934013 9.9946E-05 9.9946E-05 9.9946E-05 0.0653873 9.9946E-05
0.0287116 0.161825 0.615641 0.0703041 9.9991E-05 0.0674146 0.0498542 0.0061495
0.0616129 0.156983 0.591643 0.0510466 0.0149702 0.0364793 0.0482266 0.0390384
0.0566609 0.204506 0.647029 9.9964E-05 0.0914043 9.9964E-05 9.9964E-05 9.9964E-05
0.0872194 0.1577 0.538692 0.0638428 0.0774918 0.00627567 0.0686786 9.9991E-05
0.0125733 0.190955 0.717689 0.0447569 9.9982E-05 0.0195533 9.9982E-05 0.014272
9.9955E-05 9.9955E-05 0.979221 9.9955E-05 0.0108772 9.9955E-05 0.00940246 9.9955E-05
0.00740904 0.270413 0.570593 0.0708971 0.000583485 0.0410885 0.0290015 0.0100141
0.0400473 0.188063 0.664345 0.10037 9.9973E-05 0.00687455 9.9973E-05 9.9973E-05
0.0128605 0.0574852 0.923519 9.9964E-05 9.9964E-05 9.9964E-05 0.00573507 9.9964E-05
9.9973E-05 0.153891 0.736362 0.0253024 0.0259501 9.9973E-05 9.9973E-05 0.0581945
9.9955E-05 9.9955E-05 0.927659 9.9955E-05 0.0138074 0.058034 9.9955E-05 9.9955E-05
0.0179074 0.0807821 0.83816 0.0307028 9.9973E-05 9.9973E-05 0.0321473 9.9973E-05
9.9955E-05 9.9955E-05 0.931141 9.9955E-05 0.0377566 0.0306028 9.9955E-05 9.9955E-05
9.9946E-05 9.9946E-05 0.958484 9.9946E-05 9.9946E-05 9.9946E-05 9.9946E-05 0.0409166
9.99551E-05 9.99551E-05 0.895673 9.99551E-05 9.99551E-05 0.0734016 0.0304258 9.99551E-05
0.000222978 0.216285 0.72949 0.0506395 0.00306252 9.9973E-05 9.9973E-05 9.9973E-05
9.99551E-05 9.99551E-05 0.937217 9.99551E-05 0.0472722 0.0150112 9.99551E-05 9.99551E-05
9.9973E-05 0.0669831 0.802758 9.9973E-05 0.0251736 9.9973E-05 0.0499226 0.0548628
0.031929 0.0677124 0.750386 0.0573241 0.0317609 0.0390482 9.9991E-05 0.0217394
9.9964E-05 9.9964E-05 0.862006 0.0398861 0.00982159 9.9964E-05 0.0878863 9.9964E-05
9.9955E-05 9.9955E-05 0.924913 0.00761955 9.9955E-05 9.9955E-05 0.0669679 9.9955E-05
0.0770795 0.00447839 0.792706 9.9982E-05 0.00374128 0.0544414 0.0673533 9.9982E-05
9.9964E-05 9.9964E-05 0.900778 0.0827905 9.9964E-05 0.00438585 9.9964E-05 0.0116454
9.9955E-05 9.9955E-05 0.959268 9.9955E-05 0.0167769 9.9955E-05 9.9955E-05 0.0234553
0.0206262 9.9973E-05 0.720604 9.9973E-05 9.9973E-05 0.0547254 0.0325826 0.171162
0.108717 9.9973E-05 0.681568 0.0548195 9.9973E-05 0.0675779 9.9973E-05 0.0870172
0.083951 9.9973E-05 0.678814 0.0372165 9.9973E-05 0.0843796 9.9973E-05 0.115339
0.103162 9.9991E-05 0.683088 0.0427985 0.0366961 0.0503496 0.0320056 0.0518004
0.0583515 9.9982E-05 0.691815 0.047534 0.00157689 0.0809529 9.9982E-05 0.11957
0.0343567 9.9982E-05 0.655608 0.000567305 0.0797926 0.107522 9.9982E-05 0.121953
0.147215 0.168564 0.524926 0.0507128 9.9973E-05 9.9973E-05 9.9973E-05 0.108283
0.0770392 0.0132202 0.609635 0.0848629 9.9991E-05 0.0401239 0.0112289 0.16379
0.04902 0.0129457 0.583644 0.0583027 0.0931541 0.0181117 0.0124832 0.172338
0.100753 0.164164 0.496996 0.0567094 0.0678826 0.00916047 0.0128215 0.0915127
0.149753 0.0999956 0.521061 0.0783984 9.9973E-05 9.9973E-05 9.9973E-05 0.150492
0.0703011 9.9991E-05 0.667673 0.0800111 0.0113664 0.0407526 0.0115404 0.118256
0.117846 0.0133767 0.541965 0.141949 0.0829264 0.00950232 0.000873992 0.0915605
0.0235143 0.0114461 0.558495 9.9991E-05 0.0595777 0.212851 0.0261792 0.107837
0.0726803 0.0645076 0.552866 9.9991E-05 0.0389551 0.156827 0.0296205 0.0844437
0.123135 0.0279017 0.370631 0.158137 0.0980762 9.9991E-05 0.0511741 0.170845
9.9946E-05 9.9946E-05 9.9946E-05 9.9946E-05 0.00793272 9.9946E-05 9.9946E-05 0.991468
0.0111485 9.9964E-05 0.0238531 9.9964E-05 9.9964E-05 9.9964E-05 0.0249992 0.939599
0.00461163 0.00686035 0.0460616 9.9982E-05 9.9982E-05 0.0461741 0.0144616 0.881631
9.99461E-05 9.99461E-05 9.99461E-05 9.99461E-05 0.00193706 9.99461E-05 9.99461E-05 0.997463
9.994E-05 9.994E-05 9.994E-05 9.994E-05 9.994E-05 9.994E-05 9.994E-05 0.9993
9.994E-05 9.994E-05 9.994E-05 9.994E-05 9.994E-05 9.994E-05 9.994E-05 0.9993
9.9964E-05 9.9964E-05 9.9964E-05 0.00380518 0.00957786 0.00385964 9.9964E-05 0.982357
0.000412415 0.0753285 0.0381564 9.9982E-05 0.00190635 0.0361002 9.9982E-05 0.847896
9.9955E-05 9.9955E-05 9.9955E-05 0.00753302 9.9955E-05 0.0078717 9.9955E-05 0.984095
9.994E-05 9.994E-05 9.994E-05 9.994E-05 9.994E-05 9.994E-05 9.994E-05 0.9993
0.292549 0.102281 0.242097 0.101511 0.0663132 0.0740549 9.9991E-05 0.121095
9.9973E-05 9.9973E-05 0.0637148 0.0422527 9.9973E-05 0.00149421 0.000390764 0.891848
9.994E-05 9.994E-05 9.994E-05 9.994E-05 9.994E-05 9.994E-05 9.994E-05 0.9993
9.9955E-05 9.9955E-05 9.9955E-05 9.9955E-05 0.014998 9.9955E-05 0.00874386 0.975758
0.226802 9.9982E-05 0.417255 0.124142 0.0369198 0.0980142 9.9982E-05 0.0966669
0.230541 0.00130694 0.432787 0.0722875 0.081404 0.0726436 9.9991E-05 0.10893
0.18305 9.9982E-05 0.436748 0.0829483 0.0692574 0.112211 9.9982E-05 0.115585
0.20882 0.0126645 0.436462 0.059639 0.0643039 0.0484818 9.9991E-05 0.169528
0.265073 9.9982E-05 0.400103 0.0682344 0.0762064 0.0969286 9.9982E-05 0.0932547
0.236751 0.232176 0.238554 0.0283882 9.9982E-05 0.200683 9.9982E-05 0.0632473
0.212856 0.0480804 0.394651 0.035423 0.0534882 0.102917 9.9991E-05 0.152485
0.235245 9.9973E-05 0.47097 0.0297047 9.9973E-05 0.136176 9.9973E-05 0.127604
0.102541 0.0266427 0.38569 0.0633668 0.129205 0.117335 9.9991E-05 0.17512
0.148799 9.9982E-05 0.403324 0.039348 0.0847953 0.158208 9.9982E-05 0.165326
0.12538 0.0438995 0.429576 0.0782172 0.082098 0.0948269 9.9991E-05 0.145902
0.0886405 9.9982E-05 0.411124 0.0389255 0.100676 0.250747 9.9982E-05 0.109687
0.184908 9.9991E-05 0.483921 0.0780275 0.0634121 0.118117 0.0012918 0.0702218
0.200105 0.0300046 0.477137 0.0589723 0.0453862 0.0566249 9.9991E-05 0.13167
0.945372 9.9955E-05 9.9955E-05 0.00315797 9.9955E-05 0.0509705 9.9955E-05 9.9955E-05
0.845254 0.0120141 9.9973E-05 0.0748483 9.9973E-05 0.0345646 9.9973E-05 0.0330189
0.9993 9.994E-05 9.994E-05 9.994E-05 9.994E-05 9.994E-05 9.994E-05 9.994E-05
0.9993 9.994E-05 9.994E-05 9.994E-05 9.994E-05 9.994E-05 9.994E-05 9.994E-05
0.9993 9.994E-05 9.994E-05 9.994E-05 9.994E-05 9.994E-05 9.994E-05 9.994E-05
0.9993 9.994E-05 9.994E-05 9.994E-05 9.994E-05 9.994E-05 9.994E-05 9.994E-05
0.985605 0.000607116 0.0122241 0.000104898 9.9973E-05 0.0011589 9.9973E-05 9.9973E-05
0.763064 9.9982E-05 0.0811897 0.0171598 9.9982E-05 0.0829948 0.052294 0.00309795
0.9993 9.994E-05 9.994E-05 9.994E-05 9.994E-05 9.994E-05 9.994E-05 9.994E-05
0.998237 9.9946E-05 9.9946E-05 9.9946E-05 9.9946E-05 9.9946E-05 0.00116285 9.9946E-05
0.8637 9.9964E-05 9.9964E-05 9.9964E-05 9.9964E-05 0.0528059 0.0558802 0.0272136
0.9993 9.994E-05 9.994E-05 9.994E-05 9.994E-05 9.994E-05 9.994E-05 9.994E-05
0.716398 9.9973E-05 0.12345 0.0410974 0.0770089 0.0417461 9.9973E-05 9.9973E-05
9.994E-05 9.994E-05 9.994E-05 9.994E-05 0.9993 9.994E-05 9.994E-05 9.994E-05
0.172768 0.0190094 0.427246 0.0409926 0.0775401 0.0993594 9.9991E-05 0.162985
0.00209825 9.9946E-05 9.9946E-05 9.9946E-05 0.997302 9.9946E-05 9.9946E-05 9.9946E-05
9.994E-05 9.994E-05 9.994E-05 9.994E-05 0.9993 9.994E-05 9.994E-05 9.994E-05
9.99461E-05 9.99461E-05 9.99461E-05 9.99461E-05 0.946793 0.0526072 9.99461E-05 9.99461E-05
0.067633 0.0436734 0.041321 0.0485302 0.778698 0.0085439 0.00164777 0.00995271
9.994E-05 9.994E-05 9.994E-05 9.994E-05 0.9993 9.994E-05 9.994E-05 9.994E-05
0.0827755 9.9973E-05 0.0765093 9.9973E-05 0.795347 0.0417741 0.00329386 9.9973E-05
9.9964E-05 9.9964E-05 9.9964E-05 0.00846397 0.98171 0.00728939 0.00213655 9.9964E-05
0.0284591 9.9964E-05 0.0359112 0.00211008 0.93312 9.9964E-05 9.9964E-05 9.9964E-05
9.994E-05 9.994E-05 9.994E-05 9.994E-05 0.9993 9.994E-05 9.994E-05 9.994E-05
9.9964E-05 0.0505817 9.9964E-05 0.0105885 0.937171 0.00125946 9.9964E-05 9.9964E-05
0.00147028 9.9964E-05 9.9964E-05 9.9964E-05 0.993744 9.9964E-05 0.00307582 0.00131044
0.0675453 0.000536077 0.040674 0.0585263 0.811401 0.00917348 9.9991E-05 0.0120437
9.9973E-05 0.0243738 0.0216891 0.000964035 0.94723 0.00544274 9.9973E-05 9.9973E-05
0.00705011 9.9964E-05 0.095488 9.9964E-05 0.859632 0.0374302 9.9964E-05 9.9964E-05
9.9982E-05 9.9982E-05 0.0386093 0.0118075 0.901777 0.0248951 0.011246 0.0114647
0.000875251 9.9982E-05 0.0337723 0.0280454 0.875853 9.9982E-05 0.0502941 0.0109606
0.0340466 9.9964E-05 0.0374011 9.9964E-05 0.908235 0.0199176 9.9964E-05 9.9964E-05
0.0450513 9.9991E-05 0.414733 0.26766 0.0416346 0.131211 0.0355082 0.0641024
0.0180346 9.9991E-05 0.503508 0.233267 0.0310433 0.136203 0.0178631 0.0599806
0.0305252 9.9991E-05 0.380532 0.237946 0.036887 0.170182 0.0413719 0.102455
9.9982E-05 9.9982E-05 0.409286 0.246387 0.0451372 0.172567 0.0518788 0.0745444
0.0177528 0.0448558 9.9973E-05 0.00473204 9.9973E-05 0.919295 9.9973E-05 0.0130641
9.994E-05 9.994E-05 9.994E-05 9.994E-05 9.994E-05 0.9993 9.994E-05 9.994E-05
9.9964E-05 9.9964E-05 9.9964E-05 0.00559943 0.00382717 0.985183 9.9964E-05 0.00499044
9.994E-05 9.994E-05 9.994E-05 9.994E-05 9.994E-05 0.9993 9.994E-05 9.994E-05
9.9946E-05 9.9946E-05 9.9946E-05 0.0124799 9.9946E-05 0.98692 9.9946E-05 9.9946E-05
9.9964E-05 9.9964E-05 0.00969358 0.017903 0.00759153 0.964412 9.9964E-05 9.9964E-05
9.9982E-05 0.000706676 0.0149443 0.00863392 9.9982E-05 0.957064 0.00705168 0.0113996
0.0549154 0.0686191 9.9982E-05 0.0432086 0.0420829 0.761252 0.0297217 9.9982E-05
9.9964E-05 0.0953823 0.0747433 9.9964E-05 9.9964E-05 0.826022 9.9964E-05 0.00345236
0.00666795 9.9955E-05 9.9955E-05 0.980986 9.9955E-05 9.9955E-05 0.0118466 9.9955E-05
9.9946E-05 9.9946E-05 9.9946E-05 0.999195 9.9946E-05 0.000205482 9.9946E-05 9.9946E-05
9.994E-05 9.994E-05 9.994E-05 0.9993 9.994E-05 9.994E-05 9.994E-05 9.994E-05
9.9946E-05 9.9946E-05 9.9946E-05 0.994886 9.9946E-05 0.00451404 9.9946E-05 9.9946E-05
9.994E-05 9.994E-05 9.994E-05 0.9993 9.994E-05 9.994E-05 9.994E-05 9.994E-05
9.9973E-05 9.9973E-05 0.0761922 0.884632 0.00214896 0.0247651 0.0119617 9.9973E-05
9.994E-05 9.994E-05 9.994E-05 0.9993 9.994E-05 9.994E-05 9.994E-05 9.994E-05
9.994E-05 9.994E-05 9.994E-05 0.9993 9.994E-05 9.994E-05 9.994E-05 9.994E-05
9.9964E-05 0.00700805 9.9964E-05 0.98055 0.00733663 9.9964E-05 9.9964E-05 0.00470569
0.0233507 9.9955E-05 9.9955E-05 0.974272 9.9955E-05 9.9955E-05 9.9955E-05 0.00187771
9.9955E-05 9.9955E-05 9.9955E-05 0.993173 0.00572952 9.9955E-05 9.9955E-05 0.00059731
9.9946E-05 9.9946E-05 9.9946E-05 0.998 9.9946E-05 9.9946E-05 9.9946E-05 0.00140049
