9.994E-05 9.994E-05 9.994E-05 0.9993 9.994E-05 9.994E-05 9.994E-05 9.994E-05
9.9964E-05 9.9964E-05 0.580543 0.282519 0.0707511 0.065787 9.9964E-05 9.9964E-05
9.9964E-05 9.9964E-05 0.603086 0.256139 0.0538003 0.0865746 9.9964E-05 9.9964E-05
9.99551E-05 0.0580047 0.71273 0.228766 9.99551E-05 9.99551E-05 9.99551E-05 9.99551E-05
0.0219714 0.048496 0.735589 0.0901105 9.9982E-05 9.9982E-05 0.000324668 0.103308
0.0228668 0.244892 0.515275 0.189099 9.9973E-05 0.0275682 9.9973E-05 9.9973E-05
9.9946E-05 9.9946E-05 0.727832 0.271568 9.9946E-05 9.9946E-05 9.9946E-05 9.9946E-05
0.00908335 0.0726438 0.533558 0.268692 0.00786828 0.107954 9.9982E-05 9.9982E-05
9.9973E-05 0.0749276 0.620505 0.19335 9.9973E-05 0.0467742 9.9973E-05 0.0641436
9.994E-05 9.994E-05 9.994E-05 0.9993 9.994E-05 9.994E-05 9.994E-05 9.994E-05
9.994E-05 9.994E-05 9.994E-05 0.9993 9.994E-05 9.994E-05 9.994E-05 9.994E-05
9.9946E-05 9.9946E-05 9.9946E-05 0.986347 9.9946E-05 9.9946E-05 0.0130534 9.9946E-05
9.9955E-05 9.9955E-05 9.9955E-05 0.982981 0.00766447 9.9955E-05 0.00885495 9.9955E-05
0.00274525 9.9973E-05 0.0499018 0.937372 9.9973E-05 0.00163646 9.9973E-05 0.00804486
9.9955E-05 0.04037 9.9955E-05 0.938559 9.9955E-05 9.9955E-05 9.9955E-05 0.020571
9.9973E-05 0.358627 0.462282 0.159928 9.9973E-05 0.00227458 9.9973E-05 0.0165888
0.0908648 0.221869 0.248717 0.268587 0.0567529 0.0365259 0.0167168 0.0599665
9.9982E-05 0.0414283 0.705651 0.202787 0.0239748 0.0169718 9.9982E-05 0.00898795
0.0425833 0.0201026 0.934711 9.9964E-05 0.00220375 9.9964E-05 9.9964E-05 9.9964E-05
0.050337 0.000560671 0.904213 9.9973E-05 9.9973E-05 9.9973E-05 0.0179267 0.0266628
9.9955E-05 9.9955E-05 0.914908 0.0556109 9.9955E-05 9.9955E-05 9.9955E-05 0.0289816
0.0886512 9.9964E-05 0.823738 9.9964E-05 9.9964E-05 0.0663059 0.0209049 9.9964E-05
0.10748 9.9955E-05 0.858239 9.9955E-05 9.9955E-05 0.0337815 9.9955E-05 9.9955E-05
9.9964E-05 9.9964E-05 0.923699 9.9964E-05 0.00556847 0.00249941 0.0678332 9.9964E-05
0.00857167 0.0760904 0.853283 9.9973E-05 9.9973E-05 9.9973E-05 0.0529869 0.00876836
0.00927796 0.252451 0.648014 9.9973E-05 9.9973E-05 9.9973E-05 0.0735952 0.0163621
0.0334308 0.0904468 0.689858 0.0161065 9.9982E-05 0.055834 9.9982E-05 0.114124
9.9964E-05 0.0241462 0.934245 9.9964E-05 9.9964E-05 0.0238627 0.0173463 9.9964E-05
0.00736158 0.101277 0.771316 0.0389693 9.9991E-05 0.0169101 0.0279984 0.0360675
9.9964E-05 0.00535274 0.940077 0.0465597 9.9964E-05 0.00761115 9.9964E-05 9.9964E-05
0.0291263 9.9955E-05 0.956096 0.0142779 9.9955E-05 9.9955E-05 9.9955E-05 9.9955E-05
0.0213561 9.9973E-05 0.83086 9.9973E-05 9.9973E-05 0.0216184 0.0656494 0.0602156
0.0178708 0.130984 0.73015 0.00812949 0.0166668 0.0422273 0.00250662 0.0514649
0.0107944 0.0647277 0.667152 0.0350747 9.9991E-05 0.0865004 0.111914 0.0237365
0.154881 9.9973E-05 0.778977 9.9973E-05 9.9973E-05 0.045542 0.0146286 0.00567175
9.9973E-05 0.0366027 0.894045 0.0503015 0.0122546 9.9973E-05 9.9973E-05 0.00649608
0.033947 0.483253 0.4823 9.9955E-05 9.9955E-05 9.9955E-05 9.9955E-05 9.9955E-05
0.106665 0.231814 0.50518 9.9991E-05 0.0143983 0.0358099 0.0358171 0.0702151
0.0145333 0.280512 0.504642 0.00485622 0.0732062 0.035237 9.9991E-05 0.0869133
0.0163579 0.349482 0.527339 9.9982E-05 0.0251349 9.9982E-05 0.0280368 0.0534489
9.9982E-05 0.89987 0.0122691 9.9982E-05 0.0382673 0.00769229 0.0386294 0.00307177
9.9982E-05 0.86472 0.0612621 0.0233257 9.9982E-05 0.0132137 0.00878905 0.0284893
9.9973E-05 0.680874 0.198378 0.0626697 9.9973E-05 0.0189073 0.038871 9.9973E-05
9.9964E-05 0.879087 0.0925575 9.9964E-05 0.000256162 9.9964E-05 0.0276992 9.9964E-05
9.9973E-05 0.559131 0.285277 9.9973E-05 9.9973E-05 0.0768825 0.0371509 0.0412587
9.994E-05 0.9993 9.994E-05 9.994E-05 9.994E-05 9.994E-05 9.994E-05 9.994E-05
9.994E-05 0.9993 9.994E-05 9.994E-05 9.994E-05 9.994E-05 9.994E-05 9.994E-05
0.0215372 0.462972 0.395591 9.9982E-05 9.9982E-05 0.0605929 0.0302404 0.0288663
9.9982E-05 0.630301 0.163264 0.052119 9.9982E-05 0.0203733 0.0619833 0.0717592
0.0200996 0.399518 0.404079 0.0949711 0.0276026 0.0229196 0.0307103 9.9991E-05
9.9982E-05 0.700041 0.203815 0.0287825 0.000656224 0.0100434 9.9982E-05 0.0564617
0.0232943 0.678519 0.223073 9.9973E-05 9.9973E-05 0.0610727 9.9973E-05 0.0137405
9.9955E-05 0.947292 9.9955E-05 0.026591 9.9955E-05 9.9955E-05 9.9955E-05 0.0256175
0.0577363 0.621776 0.210846 0.0161728 0.00150462 9.9991E-05 0.0629796 0.0288846
0.0257248 0.540312 0.222547 0.035972 0.0443574 0.0134822 0.0989007 0.0187036
9.9973E-05 0.743774 0.140215 9.9973E-05 0.00669941 0.0525695 0.0564423 9.9973E-05
0.00289551 0.543189 0.120552 0.0889033 9.9991E-05 0.0878508 0.0723958 0.0841145
0.0271487 0.658091 0.239661 9.9964E-05 9.9964E-05 9.9964E-05 9.9964E-05 0.0747001
9.9946E-05 0.99881 9.9946E-05 0.000590195 9.9946E-05 9.9946E-05 9.9946E-05 9.9946E-05
9.9982E-05 0.56001 0.20609 0.0426266 0.0540838 0.0132166 9.9982E-05 0.123773
0.00180028 0.674954 0.196292 0.00552605 9.9982E-05 9.9982E-05 0.0513366 0.0698911
9.9982E-05 0.874555 0.0353576 0.0338817 0.0140899 0.00722156 0.034694 9.9982E-05
0.0250946 0.806677 0.0789529 0.0197763 0.0128367 0.0362007 9.9991E-05 0.0203622
0.0866781 0.859314 9.9964E-05 9.9964E-05 9.9964E-05 0.0377152 0.0158932 9.9964E-05
9.9964E-05 0.863394 0.0948154 0.00872998 9.9964E-05 9.9964E-05 0.0326612 9.9964E-05
0.086245 0.879194 9.9955E-05 9.9955E-05 9.9955E-05 0.0340612 9.9955E-05 9.9955E-05
9.9946E-05 0.955482 9.9946E-05 9.9946E-05 0.0439187 9.9946E-05 9.9946E-05 9.9946E-05
0.112326 0.810083 9.9982E-05 0.0123025 0.0288671 0.000987428 0.0352338 9.9982E-05
0.0274268 0.578521 0.281762 9.9973E-05 9.9973E-05 0.0475989 9.9973E-05 0.0643922
0.0348686 0.929079 9.9964E-05 9.9964E-05 9.9964E-05 0.0318398 0.00381312 9.9964E-05
9.9973E-05 0.770573 0.113183 0.0388101 0.0568706 0.0202632 9.9973E-05 9.9973E-05
0.0184302 0.804766 0.0659417 9.9982E-05 0.0388872 0.0237715 0.0480032 9.9982E-05
9.9955E-05 0.904905 0.0369741 0.0576208 9.9955E-05 9.9955E-05 9.9955E-05 9.9955E-05
9.9955E-05 0.93158 9.9955E-05 0.0272879 9.9955E-05 9.9955E-05 9.9955E-05 0.0406326
0.0663133 0.713594 9.9982E-05 0.0462195 9.9982E-05 0.041714 0.0704698 0.0614896
0.0103475 0.934153 9.9955E-05 9.9955E-05 9.9955E-05 9.9955E-05 9.9955E-05 0.0549994
9.9955E-05 0.971973 9.9955E-05 9.9955E-05 0.00262089 0.024906 9.9955E-05 9.9955E-05
0.137492 0.688071 0.0155108 0.0211983 0.0820611 0.0274481 0.0281193 9.9991E-05
0.042188 0.688653 9.9982E-05 9.9982E-05 0.128668 0.022861 0.0643724 0.0530578
0.0915421 0.723109 9.9973E-05 9.9973E-05 0.110209 9.9973E-05 0.0414599 0.0333795
0.0308086 0.727495 9.9982E-05 9.9982E-05 0.0736048 0.0380784 0.0857633 0.0440498
0.043918 0.816186 9.9964E-05 9.9964E-05 0.115118 9.9964E-05 0.0243784 9.9964E-05
0.0227925 0.698999 9.9982E-05 9.9982E-05 0.0720435 0.0401537 0.112455 0.0533566
0.0453409 0.507318 0.15559 9.9991E-05 0.116267 0.00689261 0.0966977 0.0717945
0.0119701 0.549925 0.0180914 9.9991E-05 0.218342 0.0595571 0.0782448 0.0637696
0.0483146 0.572333 0.0521476 0.0204545 0.148888 0.0795141 0.0268396 0.0515084
0.016913 0.558127 0.105865 0.0439378 0.0778984 0.0568233 0.0998699 0.0405651
9.9973E-05 0.568009 0.0939966 9.9973E-05 0.112149 9.9973E-05 0.0913289 0.134216
0.0689084 0.610958 9.9982E-05 9.9982E-05 0.125636 0.0176829 0.0858812 0.0907338
0.00842271 0.484383 0.00213317 9.9991E-05 0.128927 0.0794248 0.155915 0.140695
0.180588 0.59115 0.0225207 0.0389302 0.106065 0.0199496 0.0406959 9.9991E-05
0.183207 0.582748 0.0546951 0.0165001 0.0632469 0.0332725 0.0662303 9.9991E-05
0.0158559 0.400441 0.0221406 0.0356637 0.193635 0.0865952 0.0995044 0.146165
9.9955E-05 9.9955E-05 9.9955E-05 0.00695886 0.975189 9.9955E-05 0.0173525 9.9955E-05
9.9955E-05 9.9955E-05 9.9955E-05 0.0273274 0.934484 0.0376889 9.9955E-05 9.9955E-05
0.0254147 0.0968835 0.0353908 0.00499888 0.829676 0.00235109 9.9991E-05 0.00518453
9.994E-05 9.994E-05 9.994E-05 9.994E-05 0.9993 9.994E-05 9.994E-05 9.994E-05
9.994E-05 9.994E-05 9.994E-05 9.994E-05 0.9993 9.994E-05 9.994E-05 9.994E-05
9.994E-05 9.994E-05 9.994E-05 9.994E-05 0.9993 9.994E-05 9.994E-05 9.994E-05
9.994E-05 9.994E-05 9.994E-05 9.994E-05 0.9993 9.994E-05 9.994E-05 9.994E-05
0.0426977 9.9982E-05 0.0451708 9.9982E-05 0.885542 0.00164115 0.0180551 0.00669362
9.9955E-05 0.00282965 9.9955E-05 9.9955E-05 0.963076 9.9955E-05 9.9955E-05 0.0335945
9.994E-05 9.994E-05 9.994E-05 9.994E-05 0.9993 9.994E-05 9.994E-05 9.994E-05
0.0834693 0.220116 0.167214 9.9991E-05 0.0911231 0.0576332 0.283901 0.0964439
0.0231514 0.0572811 9.9973E-05 0.00262743 0.906126 9.9973E-05 9.9973E-05 0.0105146
9.9946E-05 9.9946E-05 9.9946E-05 9.9946E-05 0.996751 9.9946E-05 0.00264959 9.9946E-05
9.9964E-05 0.00295547 9.9964E-05 0.000715862 0.965197 9.9964E-05 9.9964E-05 0.0307322
0.112565 0.410535 9.9982E-05 9.9982E-05 0.104002 0.0439032 0.265793 0.0630026
0.0915818 0.501603 9.9982E-05 9.9982E-05 0.113462 0.0532623 0.195747 0.0441443
0.168805 0.399995 0.0167656 9.9991E-05 0.115506 0.0302942 0.205729 0.0628053
0.106165 0.402396 0.00614322 9.9991E-05 0.149957 0.0526035 0.213297 0.069338
0.102115 0.387569 0.000832734 9.9991E-05 0.088633 0.0446824 0.283647 0.0924216
0.136817 0.388684 0.111141 9.9982E-05 0.0869906 9.9982E-05 0.231643 0.0445247
0.164924 0.473445 0.0788004 9.9991E-05 0.13713 0.0362176 0.088318 0.0210649
0.172155 0.463978 0.000861561 9.9982E-05 0.11409 9.9982E-05 0.211426 0.0372889
0.144784 0.366231 9.9982E-05 9.9982E-05 0.228053 0.069078 0.127965 0.0636895
0.150995 0.391176 0.0158686 9.9991E-05 0.190413 0.0315612 0.160595 0.0592918
0.0632077 0.485611 0.0753225 9.9991E-05 0.119183 0.0715665 0.0811209 0.103889
0.197755 0.468562 9.9982E-05 9.9982E-05 0.186074 0.0564004 0.0741326 0.0168759
0.118184 0.507168 9.9991E-05 0.00578472 0.0739363 0.0544219 0.166868 0.0735374
0.0828004 0.506046 0.0114219 9.9991E-05 0.111777 0.0331244 0.201946 0.0527851
0.019891 0.071923 9.9964E-05 9.9964E-05 9.9964E-05 0.00214274 0.905643 9.9964E-05
0.0237422 9.9982E-05 0.0623055 0.00719149 0.00236192 9.9982E-05 0.855115 0.0490835
9.994E-05 9.994E-05 9.994E-05 9.994E-05 9.994E-05 9.994E-05 0.9993 9.994E-05
9.9946E-05 9.9946E-05 0.0198895 9.9946E-05 9.9946E-05 9.9946E-05 0.979511 9.9946E-05
9.994E-05 9.994E-05 9.994E-05 9.994E-05 9.994E-05 9.994E-05 0.9993 9.994E-05
9.9946E-05 9.9946E-05 9.9946E-05 9.9946E-05 0.0106337 9.9946E-05 0.988767 9.9946E-05
9.994E-05 9.994E-05 9.994E-05 9.994E-05 9.994E-05 9.994E-05 0.9993 9.994E-05
0.060205 0.0821074 9.9973E-05 0.0604454 9.9973E-05 9.9973E-05 0.779514 0.0174287
9.994E-05 9.994E-05 9.994E-05 9.994E-05 9.994E-05 9.994E-05 0.9993 9.994E-05
9.994E-05 9.994E-05 9.994E-05 9.994E-05 9.994E-05 9.994E-05 0.9993 9.994E-05
0.0721412 9.9964E-05 9.9964E-05 0.0264619 0.0242414 9.9964E-05 0.876756 9.9964E-05
9.9946E-05 9.9946E-05 9.9946E-05 9.9946E-05 9.9946E-05 9.9946E-05 0.995806 0.00359464
0.0542787 0.0914942 9.9973E-05 9.9973E-05 0.03577 0.090017 0.72814 9.9973E-05
9.994E-05 9.994E-05 9.994E-05 9.994E-05 9.994E-05 0.9993 9.994E-05 9.994E-05
0.0905703 0.32876 0.0349814 9.9991E-05 0.16568 0.142895 0.170693 0.0663197
9.994E-05 9.994E-05 9.994E-05 9.994E-05 9.994E-05 0.9993 9.994E-05 9.994E-05
9.994E-05 9.994E-05 9.994E-05 9.994E-05 9.994E-05 0.9993 9.994E-05 9.994E-05
0.0550818 9.99551E-05 9.99551E-05 9.99551E-05 0.0136068 0.930812 9.99551E-05 9.99551E-05
0.0144298 0.0940191 0.0318904 9.9991E-05 0.00648434 0.781715 0.0286533 0.0427076
9.994E-05 9.994E-05 9.994E-05 9.994E-05 9.994E-05 0.9993 9.994E-05 9.994E-05
0.0709451 0.0775261 9.9982E-05 0.0071233 0.00556039 0.811885 0.0267602 9.9982E-05
9.9955E-05 9.9955E-05 9.9955E-05 9.9955E-05 0.025635 0.954218 9.9955E-05 0.0196475
9.9964E-05 9.9964E-05 0.0424038 9.9964E-05 9.9964E-05 0.922327 0.0193748 0.0154949
9.9955E-05 9.9955E-05 0.00199501 0.00759643 9.9955E-05 0.989909 9.9955E-05 9.9955E-05
0.00249766 9.9955E-05 9.9955E-05 9.9955E-05 9.9955E-05 0.980732 9.9955E-05 0.0162709
9.9955E-05 9.9955E-05 0.0213236 9.9955E-05 9.9955E-05 0.971361 9.9955E-05 0.00681557
9.9982E-05 0.0290351 0.00555713 9.9982E-05 0.0407372 0.833243 0.0634995 0.0277278
0.0299963 9.9964E-05 9.9964E-05 0.0201929 9.9964E-05 0.941584 9.9964E-05 0.00782728
0.00318124 0.0881414 9.9982E-05 0.00392364 0.00830154 0.889377 9.9982E-05 0.00687544
0.0423405 0.061446 9.9982E-05 9.9982E-05 0.0020804 0.877356 0.0153938 0.00118336
9.9964E-05 0.0320412 9.9964E-05 0.0314859 9.9964E-05 0.896502 9.9964E-05 0.0395713
9.9946E-05 9.9946E-05 9.9946E-05 9.9946E-05 9.9946E-05 0.965164 0.0342359 9.9946E-05
0.146872 0.353725 9.9991E-05 0.0560215 0.0466538 0.0323738 0.0856634 0.278591
0.147989 0.375999 9.9991E-05 0.0354692 0.0815705 0.00848279 0.0217016 0.328688
0.141571 0.378144 9.9991E-05 0.0433894 0.0764042 0.0538902 0.0480321 0.258469
0.108954 0.502942 9.9982E-05 0.0679136 0.0421607 0.0441764 9.9982E-05 0.233653
0.949664 9.9973E-05 0.0161839 0.000204956 9.9973E-05 0.00854457 0.0251032 9.9973E-05
0.9993 9.994E-05 9.994E-05 9.994E-05 9.994E-05 9.994E-05 9.994E-05 9.994E-05
0.9993 9.994E-05 9.994E-05 9.994E-05 9.994E-05 9.994E-05 9.994E-05 9.994E-05
0.9993 9.994E-05 9.994E-05 9.994E-05 9.994E-05 9.994E-05 9.994E-05 9.994E-05
0.9993 9.994E-05 9.994E-05 9.994E-05 9.994E-05 9.994E-05 9.994E-05 9.994E-05
0.970245 9.9955E-05 9.9955E-05 9.9955E-05 9.9955E-05 0.0114721 9.9955E-05 0.0177835
0.981905 9.9946E-05 9.9946E-05 9.9946E-05 9.9946E-05 9.9946E-05 9.9946E-05 0.0174956
0.753611 9.9991E-05 0.032936 0.0311652 0.0181356 0.079728 0.0702158 0.0141088
0.872453 0.0768564 0.0138033 0.0234144 0.0131733 9.9973E-05 9.9973E-05 9.9973E-05
9.9955E-05 9.9955E-05 9.9955E-05 0.00023831 9.9955E-05 0.00378518 9.9955E-05 0.995477
9.9955E-05 9.9955E-05 0.00132726 9.9955E-05 0.00399979 9.9955E-05 9.9955E-05 0.994173
9.994E-05 9.994E-05 9.994E-05 9.994E-05 9.994E-05 9.994E-05 9.994E-05 0.9993
0.0133095 9.9955E-05 9.9955E-05 0.00554175 9.9955E-05 9.9955E-05 9.9955E-05 0.980649
0.00700401 9.9964E-05 9.9964E-05 9.9964E-05 0.00818388 9.9964E-05 0.0323456 0.952067
0.0305353 0.0741517 9.9964E-05 0.00392045 9.9964E-05 9.9964E-05 9.9964E-05 0.890993
9.994E-05 9.994E-05 9.994E-05 9.994E-05 9.994E-05 9.994E-05 9.994E-05 0.9993
9.994E-05 9.994E-05 9.994E-05 9.994E-05 9.994E-05 9.994E-05 9.994E-05 0.9993
9.994E-05 9.994E-05 9.994E-05 9.994E-05 9.994E-05 9.994E-05 9.994E-05 0.9993
9.9946E-05 9.9946E-05 9.9946E-05 9.9946E-05 9.9946E-05 9.9946E-05 0.0145682 0.984832
9.9946E-05 9.9946E-05 9.9946E-05 9.9946E-05 9.9946E-05 0.00609289 9.9946E-05 0.993307
0.0210753 9.9946E-05 9.9946E-05 9.9946E-05 9.9946E-05 9.9946E-05 9.9946E-05 0.978325
