9.994E-05 9.994E-05 9.994E-05 0.9993 9.994E-05 9.994E-05 9.994E-05 9.994E-05
9.9964E-05 0.0283764 9.9964E-05 0.245622 9.9964E-05 0.643915 9.9964E-05 0.0816864
9.9964E-05 0.0841209 9.9964E-05 0.241027 9.9964E-05 0.620664 9.9964E-05 0.0537879
9.9955E-05 9.9955E-05 9.9955E-05 0.184766 9.9955E-05 0.813393 9.9955E-05 0.00134039
0.108753 9.9973E-05 9.9973E-05 0.0626586 0.0692247 0.72244 0.0366242 9.9973E-05
9.9973E-05 0.0526426 9.9973E-05 0.146956 9.9973E-05 0.628833 0.164475 0.00679312
9.9946E-05 9.9946E-05 9.9946E-05 0.245574 9.9946E-05 0.753827 9.9946E-05 9.9946E-05
0.00151711 0.112434 0.00450436 0.248586 9.9991E-05 0.567978 0.0538821 0.010998
0.0161723 0.0721359 9.9973E-05 0.186009 9.9973E-05 0.684357 9.9973E-05 0.0410258
9.994E-05 9.994E-05 9.994E-05 0.9993 9.994E-05 9.994E-05 9.994E-05 9.994E-05
9.994E-05 9.994E-05 9.994E-05 0.9993 9.994E-05 9.994E-05 9.994E-05 9.994E-05
9.994E-05 9.994E-05 9.994E-05 0.9993 9.994E-05 9.994E-05 9.994E-05 9.994E-05
9.9946E-05 9.9946E-05 9.9946E-05 0.994976 9.9946E-05 9.9946E-05 9.9946E-05 0.00442482
0.0167093 9.9955E-05 9.9955E-05 0.926245 0.0565459 9.9955E-05 9.9955E-05 9.9955E-05
9.9982E-05 0.027725 0.000226249 0.93279 0.0188711 9.9982E-05 0.0190538 0.00113385
9.9964E-05 0.0283769 9.9964E-05 0.15791 9.9964E-05 0.534566 0.278748 9.9964E-05
9.999E-05 0.0746584 0.0332716 0.229829 0.081219 0.379663 0.191008 0.0102504
9.9973E-05 9.9973E-05 0.0234948 0.153311 9.9973E-05 0.784728 0.0153029 0.0228635
0.0365344 9.9955E-05 9.9955E-05 9.9955E-05 0.0526619 0.910304 9.9955E-05 9.9955E-05
9.9955E-05 9.9955E-05 0.0126596 9.9955E-05 0.0562993 0.930541 9.9955E-05 9.9955E-05
0.0638759 9.9964E-05 9.9964E-05 0.0493804 9.9964E-05 0.879019 9.9964E-05 0.00732525
0.00777697 0.0806652 0.0102362 9.9991E-05 0.0950932 0.77175 0.0287056 0.0056731
0.00930135 0.0202294 9.9964E-05 9.9964E-05 0.104909 0.86516 9.9964E-05 9.9964E-05
9.9946E-05 9.9946E-05 0.0539805 9.9946E-05 9.9946E-05 0.94542 9.9946E-05 9.9946E-05
0.00374521 9.9973E-05 0.017114 9.9973E-05 9.9973E-05 0.862566 0.114143 0.00213184
0.0369953 9.9973E-05 0.0242396 9.9973E-05 0.0121553 0.620576 0.305734 9.9973E-05
0.128677 0.0802534 9.9973E-05 9.9973E-05 0.0165695 0.678225 0.0959761 9.9973E-05
9.9955E-05 0.019587 0.0254814 9.9955E-05 9.9955E-05 0.954432 9.9955E-05 9.9955E-05
0.0179476 9.9982E-05 0.0221035 0.0419732 0.0439846 0.778626 0.0951649 9.9982E-05
9.9955E-05 9.9955E-05 9.9955E-05 0.00809974 9.9955E-05 0.900059 0.0913419 9.9955E-05
0.0271644 9.9973E-05 9.9973E-05 0.0348121 0.112883 0.815589 9.9973E-05 0.00925121
0.0336259 0.0182282 0.0915936 9.9991E-05 0.0262446 0.708923 0.110699 0.0105862
0.0140783 0.0526023 0.0252546 9.9991E-05 0.0242877 0.754562 0.107253 0.0218621
0.0133488 0.0619932 0.137651 0.039445 9.9991E-05 0.609803 0.131408 0.00625126
9.9964E-05 0.0215966 0.0116643 9.9964E-05 0.138116 0.828223 9.9964E-05 9.9964E-05
0.0273726 9.9964E-05 9.9964E-05 0.0232376 9.9964E-05 0.904385 0.0446049 9.9964E-05
9.9955E-05 9.9955E-05 9.9955E-05 9.9955E-05 0.0299046 0.485932 0.483663 9.9955E-05
0.081974 0.0157496 0.0180989 9.9991E-05 0.0708297 0.55672 0.249829 0.00669798
0.106873 0.0820678 9.9973E-05 9.9973E-05 9.9973E-05 0.555601 0.187844 0.0673138
0.0230069 9.9982E-05 0.0401474 9.9982E-05 0.0475483 0.586536 0.277296 0.0252651
0.00624728 0.00420609 0.132907 9.9982E-05 9.9982E-05 0.0652586 0.755109 0.0360724
0.0170219 0.0318456 0.0146698 9.9973E-05 9.9973E-05 0.239498 0.696664 9.9973E-05
9.9982E-05 0.0792458 0.0740611 0.046653 9.9982E-05 0.256032 0.493739 0.0500693
0.0210234 0.0576001 0.0312107 9.9973E-05 9.9973E-05 0.128576 0.76129 9.9973E-05
0.0326791 0.0472487 9.9964E-05 9.9964E-05 9.9964E-05 0.194093 0.725579 9.9964E-05
0.00520406 0.00458797 9.9973E-05 0.00417232 9.9973E-05 0.0505197 0.935216 9.9973E-05
9.9946E-05 9.9946E-05 9.9946E-05 0.0152757 9.9946E-05 9.9946E-05 0.984125 9.9946E-05
0.00556636 0.055501 0.0143662 9.9982E-05 0.0364443 0.451742 0.43618 9.9982E-05
0.0755671 0.0438669 0.0590189 0.0428519 0.00931203 0.151476 0.617807 9.9991E-05
9.999E-05 0.00618566 0.0683382 0.0761306 0.00265126 0.43336 0.390948 0.0222861
0.0296958 0.032829 9.9973E-05 0.0563838 9.9973E-05 0.232615 0.648177 9.9973E-05
0.00243208 0.0396263 9.9973E-05 9.9973E-05 0.00609554 0.195952 0.755594 9.9973E-05
9.9955E-05 9.9955E-05 9.9955E-05 0.0223985 9.9955E-05 0.023739 0.953363 9.9955E-05
0.0114897 9.9982E-05 0.0240744 0.0363931 0.096004 0.19363 0.638209 9.9982E-05
0.0218276 9.9991E-05 0.0568261 0.0387403 0.0418893 0.199927 0.608766 0.0319237
0.0301085 0.0638547 0.0209218 9.9982E-05 9.9982E-05 0.184728 0.69993 0.000257206
0.0842787 0.0712782 0.0525139 0.0853755 0.0112002 0.196452 0.471081 0.0278206
0.0963313 9.9982E-05 0.0231257 9.9982E-05 0.0191909 0.223222 0.611995 0.0259346
9.9955E-05 9.9955E-05 9.9955E-05 0.00673558 9.9955E-05 0.038402 0.954363 9.9955E-05
0.0408135 0.0278463 9.9982E-05 0.0398101 9.9982E-05 0.213295 0.663767 0.0142686
0.034326 9.9982E-05 0.0855838 9.9982E-05 0.0173384 0.175618 0.668216 0.0187177
0.00922068 9.9982E-05 0.0997012 0.0200882 9.9982E-05 0.108765 0.735319 0.0267057
0.0244994 0.0404152 0.0197565 0.0157969 0.012844 0.0869118 0.738565 0.0612111
9.99551E-05 0.0163608 9.99551E-05 9.99551E-05 0.0440958 9.99551E-05 0.939044 9.99551E-05
0.0215346 9.9973E-05 0.0324088 0.00140406 9.9973E-05 0.156011 0.788342 9.9973E-05
9.9955E-05 0.0089824 9.9955E-05 9.9955E-05 0.058345 9.9955E-05 0.932173 9.9955E-05
9.9946E-05 9.9946E-05 9.9946E-05 9.9946E-05 9.9946E-05 9.9946E-05 0.974756 0.0246438
9.9973E-05 0.014465 9.9973E-05 0.0286369 0.136236 9.9973E-05 0.803798 0.0165646
0.0268239 0.0205524 0.0107076 9.9982E-05 0.00539184 0.367959 0.568366 9.9982E-05
9.99551E-05 0.0292748 9.99551E-05 9.99551E-05 0.0296644 9.99551E-05 0.940561 9.99551E-05
9.9973E-05 0.0265669 9.9973E-05 0.036525 9.9973E-05 0.122286 0.779749 0.0345727
0.026413 0.0624751 0.0349214 9.9991E-05 0.0274525 0.0737846 0.766706 0.00814721
9.9946E-05 9.9946E-05 9.9946E-05 0.0815286 9.9946E-05 9.9946E-05 0.917872 9.9946E-05
0.0294508 9.9955E-05 9.9955E-05 0.0558063 9.9955E-05 9.9955E-05 0.914243 9.9955E-05
0.0044684 0.00388025 0.0775296 0.0413557 0.00574942 9.9982E-05 0.866817 9.9982E-05
0.0590683 9.9964E-05 9.9964E-05 0.00139534 0.0195146 9.9964E-05 0.919622 9.9964E-05
9.9946E-05 0.0199727 9.9946E-05 9.9946E-05 9.9946E-05 9.9946E-05 0.979428 9.9946E-05
9.9991E-05 0.0298076 0.0255096 0.0126965 0.0887303 0.0271677 0.760147 0.0558418
0.0596643 9.9982E-05 0.0255486 9.9982E-05 0.0661142 0.00239741 0.749082 0.0969935
9.9964E-05 9.9964E-05 0.0345169 9.9964E-05 0.0620254 9.9964E-05 0.807773 0.0952853
0.0208693 9.9973E-05 0.0316746 9.9973E-05 0.0231024 9.9973E-05 0.869362 0.0546921
9.9964E-05 9.9964E-05 0.00862698 9.9964E-05 0.031135 9.9964E-05 0.855066 0.104772
0.0146833 9.9973E-05 0.0112949 9.9973E-05 0.0604033 9.9973E-05 0.844654 0.0686647
0.0113997 9.9982E-05 0.097684 0.00377089 9.9982E-05 0.118644 0.640433 0.127868
9.9982E-05 0.0515427 0.0714774 0.0115134 0.0096021 9.9982E-05 0.680124 0.175541
0.00806406 0.0982852 0.0598387 0.0195617 0.0249258 0.0382104 0.589256 0.161858
0.0216354 0.0574324 0.0984148 0.0324741 9.9991E-05 0.184459 0.470995 0.134489
0.0292234 9.9973E-05 0.108562 9.9973E-05 9.9973E-05 0.112957 0.621815 0.127143
0.0384453 0.0749264 0.0594165 0.0110978 0.126468 9.9991E-05 0.533305 0.156241
0.14258 0.0689403 0.148732 0.0357807 9.9991E-05 0.00915216 0.500477 0.0942381
9.9991E-05 0.0233957 0.0837037 0.0446693 0.171749 0.0642023 0.536049 0.0761303
9.9991E-05 0.0457775 0.0719436 0.0377897 0.184231 0.0166425 0.559612 0.0839028
0.176071 0.0955433 0.0605485 0.0318094 0.0130778 0.0400773 0.408445 0.174428
9.994E-05 9.994E-05 9.994E-05 9.994E-05 9.994E-05 9.994E-05 9.994E-05 0.9993
9.9964E-05 0.0423142 9.9964E-05 0.018382 9.9964E-05 0.0135333 9.9964E-05 0.925371
0.00537809 0.0094772 9.9991E-05 0.0187173 0.0830701 0.00206268 0.0143821 0.866813
9.9946E-05 0.000165798 9.9946E-05 9.9946E-05 9.9946E-05 9.9946E-05 9.9946E-05 0.999235
0.0157198 9.9955E-05 9.9955E-05 0.00103827 9.9955E-05 9.9955E-05 9.9955E-05 0.982742
9.994E-05 9.994E-05 9.994E-05 9.994E-05 9.994E-05 9.994E-05 9.994E-05 0.9993
9.994E-05 9.994E-05 9.994E-05 9.994E-05 9.994E-05 9.994E-05 9.994E-05 0.9993
0.000716167 9.9973E-05 0.0205242 9.9973E-05 9.9973E-05 0.0769067 0.0148632 0.88669
9.994E-05 9.994E-05 9.994E-05 9.994E-05 9.994E-05 9.994E-05 9.994E-05 0.9993
9.994E-05 9.994E-05 9.994E-05 9.994E-05 9.994E-05 9.994E-05 9.994E-05 0.9993
0.0863386 0.0878955 0.2685 9.9991E-05 0.062163 0.0701569 0.280983 0.143863
9.9964E-05 9.9964E-05 9.9964E-05 0.00769251 0.030519 9.9964E-05 0.0693757 0.892013
0.00991143 9.9955E-05 9.9955E-05 0.00769737 9.9955E-05 9.9955E-05 9.9955E-05 0.981891
0.0116079 9.9955E-05 9.9955E-05 0.00511042 9.9955E-05 9.9955E-05 9.9955E-05 0.982782
0.0740791 0.0118038 0.221562 9.9982E-05 0.0636963 9.9982E-05 0.512812 0.115846
0.0593704 0.0690331 0.179401 9.9991E-05 0.0944044 0.0114614 0.483883 0.102346
0.0687691 0.0520329 0.174459 9.9982E-05 0.129279 9.9982E-05 0.486855 0.0884047
0.0542822 0.0390051 0.18951 9.9982E-05 0.0793378 9.9982E-05 0.490874 0.146791
0.0924247 0.0529098 0.195174 9.9982E-05 0.123362 9.9982E-05 0.424102 0.111827
0.0697558 0.0174782 0.131761 9.9991E-05 0.217301 0.0814479 0.409109 0.0730475
0.0197285 0.0209868 0.105155 9.9991E-05 0.085664 0.0812436 0.504259 0.182863
0.00402214 9.9973E-05 0.209304 9.9973E-05 0.124267 9.9973E-05 0.528282 0.133824
0.0426352 0.0571019 0.10808 9.9991E-05 0.151359 0.0335187 0.402797 0.204408
0.0467013 0.053274 0.096166 0.0101659 0.174636 9.9991E-05 0.445845 0.173112
0.0550352 0.0527195 0.128475 9.9991E-05 0.0869954 0.112731 0.449753 0.11419
0.0661394 0.0330221 0.0934826 9.9991E-05 0.175706 0.0379925 0.409311 0.184247
0.0376956 0.0469118 0.19715 0.0178004 0.109357 0.00161203 0.539283 0.05019
0.0659729 0.0421583 0.182156 9.9991E-05 0.0917039 0.00103581 0.504216 0.112657
0.0333964 0.00056498 0.913894 9.9973E-05 0.0346886 9.9973E-05 0.0171562 9.9973E-05
0.0847521 9.9973E-05 0.865465 0.00853802 9.9973E-05 0.015307 9.9973E-05 0.0256384
9.994E-05 9.994E-05 0.9993 9.994E-05 9.994E-05 9.994E-05 9.994E-05 9.994E-05
0.0101168 9.9946E-05 0.989284 9.9946E-05 9.9946E-05 9.9946E-05 9.9946E-05 9.9946E-05
0.022907 0.00217009 0.974423 9.9955E-05 9.9955E-05 9.9955E-05 9.9955E-05 9.9955E-05
9.9946E-05 9.9946E-05 0.997133 9.9946E-05 9.9946E-05 9.9946E-05 0.00226684 9.9946E-05
9.994E-05 9.994E-05 0.9993 9.994E-05 9.994E-05 9.994E-05 9.994E-05 9.994E-05
9.9973E-05 0.0262941 0.768058 0.0590327 0.116585 9.9973E-05 0.0297303 9.9973E-05
9.994E-05 9.994E-05 0.9993 9.994E-05 9.994E-05 9.994E-05 9.994E-05 9.994E-05
9.994E-05 9.994E-05 0.9993 9.994E-05 9.994E-05 9.994E-05 9.994E-05 9.994E-05
9.9964E-05 9.9964E-05 0.84156 0.0313217 0.0923435 9.9964E-05 9.9964E-05 0.0343749
9.9946E-05 9.9946E-05 0.990869 0.00853178 9.9946E-05 9.9946E-05 9.9946E-05 9.9946E-05
9.9973E-05 0.0618138 0.663156 9.9973E-05 0.069364 9.9973E-05 0.192827 0.0125397
9.994E-05 0.9993 9.994E-05 9.994E-05 9.994E-05 9.994E-05 9.994E-05 9.994E-05
0.0397992 0.0882712 0.150731 9.9982E-05 0.101138 9.9982E-05 0.427145 0.192716
9.9946E-05 0.991343 9.9946E-05 9.9946E-05 9.9946E-05 9.9946E-05 0.00805715 9.9946E-05
9.994E-05 0.9993 9.994E-05 9.994E-05 9.994E-05 9.994E-05 9.994E-05 9.994E-05
9.9955E-05 0.908481 9.9955E-05 9.9955E-05 0.0743212 9.9955E-05 9.9955E-05 0.0166983
9.9991E-05 0.806013 0.0548306 0.00923308 0.0104916 0.0137071 0.0936743 0.0119504
9.994E-05 0.9993 9.994E-05 9.994E-05 9.994E-05 9.994E-05 9.994E-05 9.994E-05
9.9955E-05 0.845669 9.9955E-05 9.9955E-05 0.0452319 9.9955E-05 0.108599 9.9955E-05
9.9946E-05 0.967951 9.9946E-05 9.9946E-05 9.9946E-05 0.0314494 9.9946E-05 9.9946E-05
9.9964E-05 0.969461 0.0107504 9.9964E-05 9.9964E-05 0.0149886 9.9964E-05 0.00439987
9.994E-05 0.9993 9.994E-05 9.994E-05 9.994E-05 9.994E-05 9.994E-05 9.994E-05
9.994E-05 0.9993 9.994E-05 9.994E-05 9.994E-05 9.994E-05 9.994E-05 9.994E-05
0.0316139 0.946149 0.0160088 0.00582827 9.9964E-05 9.9964E-05 9.9964E-05 9.9964E-05
0.0625119 0.809336 0.0487107 9.9982E-05 0.025058 9.9982E-05 0.0219994 0.0321843
0.000628899 0.917403 9.9973E-05 0.0203156 0.0428775 0.018475 9.9973E-05 9.9973E-05
9.9982E-05 0.886112 0.0100085 0.0113733 0.0221208 9.9982E-05 0.0635775 0.00660787
0.0280487 0.90672 0.0146035 0.0135168 9.9982E-05 9.9982E-05 0.0322279 0.00468306
0.0628613 0.894049 9.9964E-05 0.0146677 9.9964E-05 9.9964E-05 9.9964E-05 0.0280222
9.9973E-05 0.923215 0.0257287 0.00955533 0.0143353 9.9973E-05 0.0268657 9.9973E-05
0.257079 0.0495667 0.0661115 0.0229025 0.115264 9.9991E-05 0.399786 0.0891906
0.263521 0.0458652 0.013016 0.0167988 0.102274 0.080171 0.407025 0.0713294
0.269155 0.0482889 0.00273656 0.028589 0.143698 9.9991E-05 0.443478 0.0639549
0.269197 0.0282625 0.000800645 0.0391012 0.139813 9.9991E-05 0.481437 0.0412883
9.9955E-05 9.9955E-05 0.0461484 9.9955E-05 0.920356 0.0329958 9.9955E-05 9.9955E-05
9.994E-05 9.994E-05 9.994E-05 9.994E-05 0.9993 9.994E-05 9.994E-05 9.994E-05
0.0114168 0.00764994 9.9964E-05 0.00362942 0.976904 9.9964E-05 9.9964E-05 9.9964E-05
9.994E-05 9.994E-05 9.994E-05 9.994E-05 0.9993 9.994E-05 9.994E-05 9.994E-05
0.026687 0.0155995 9.9955E-05 9.9955E-05 0.957214 9.9955E-05 9.9955E-05 9.9955E-05
0.0399263 0.00621623 9.9964E-05 9.9964E-05 0.950879 9.9964E-05 9.9964E-05 0.00257851
0.00116992 9.9964E-05 9.9964E-05 0.0156811 0.936175 9.9964E-05 9.9964E-05 0.0465742
0.0858512 0.0153553 0.0679608 0.00592223 0.736628 0.0655346 0.00131831 0.0214293
9.9982E-05 0.0340226 0.00208102 0.0070346 0.832987 0.10454 0.019135 9.9982E-05
0.976886 9.9946E-05 9.9946E-05 9.9946E-05 9.9946E-05 9.9946E-05 9.9946E-05 0.0225139
0.9993 9.994E-05 9.994E-05 9.994E-05 9.994E-05 9.994E-05 9.994E-05 9.994E-05
0.9993 9.994E-05 9.994E-05 9.994E-05 9.994E-05 9.994E-05 9.994E-05 9.994E-05
0.9993 9.994E-05 9.994E-05 9.994E-05 9.994E-05 9.994E-05 9.994E-05 9.994E-05
0.9993 9.994E-05 9.994E-05 9.994E-05 9.994E-05 9.994E-05 9.994E-05 9.994E-05
0.86405 0.0398417 9.9964E-05 9.9964E-05 0.0435267 9.9964E-05 0.0521822 9.9964E-05
0.9993 9.994E-05 9.994E-05 9.994E-05 9.994E-05 9.994E-05 9.994E-05 9.994E-05
0.9993 9.994E-05 9.994E-05 9.994E-05 9.994E-05 9.994E-05 9.994E-05 9.994E-05
0.968486 0.0235356 0.00480544 9.9964E-05 0.00277327 9.9964E-05 9.9964E-05 9.9964E-05
0.948775 9.9964E-05 0.0358353 9.9964E-05 9.9964E-05 9.9964E-05 0.0121694 0.00282046
0.992173 9.9964E-05 0.00480108 9.9964E-05 0.0006012 9.9964E-05 9.9964E-05 0.00202497
0.986152 9.9955E-05 0.00283312 9.9955E-05 0.0105152 9.9955E-05 9.9955E-05 9.9955E-05
