9.994E-05 9.994E-05 9.994E-05 9.994E-05 9.994E-05 0.9993 9.994E-05 9.994E-05
9.9973E-05 9.9973E-05 9.9973E-05 0.554483 0.00748229 0.250904 0.0867604 0.10007
9.9964E-05 9.9964E-05 9.9964E-05 0.571029 9.9964E-05 0.264 0.123473 0.0410989
9.9973E-05 0.0421412 9.9973E-05 0.775428 9.9973E-05 0.181277 0.000209397 0.000644555
0.0703491 0.0673258 0.0736375 0.679099 9.9973E-05 0.109289 9.9973E-05 9.9973E-05
9.9973E-05 0.22247 9.9973E-05 0.611488 9.9973E-05 0.149171 0.0163444 0.000225874
9.9946E-05 9.9946E-05 9.9946E-05 0.718544 9.9946E-05 0.280856 9.9946E-05 9.9946E-05
9.9982E-05 0.0268832 9.9982E-05 0.554687 0.0237695 0.286465 0.0742241 0.033771
0.0497796 0.0180195 9.9982E-05 0.689567 9.9982E-05 0.161624 0.076619 0.00419083
9.994E-05 9.994E-05 9.994E-05 9.994E-05 9.994E-05 0.9993 9.994E-05 9.994E-05
9.994E-05 9.994E-05 9.994E-05 9.994E-05 9.994E-05 0.9993 9.994E-05 9.994E-05
9.9946E-05 9.9946E-05 9.9946E-05 9.9946E-05 0.000380695 0.99902 9.9946E-05 9.9946E-05
9.994E-05 9.994E-05 9.994E-05 9.994E-05 9.994E-05 0.9993 9.994E-05 9.994E-05
9.9955E-05 9.9955E-05 0.0370834 0.0207353 9.9955E-05 0.941682 9.9955E-05 9.9955E-05
9.9964E-05 9.9964E-05 9.9964E-05 9.9964E-05 0.00349945 0.965562 0.0114441 0.0190946
0.0175705 0.405525 9.9982E-05 0.364007 0.00354243 0.171851 0.0373035 9.9982E-05
0.0756934 0.242517 0.0720068 0.298273 0.00549354 0.228468 0.056865 0.0206835
9.9964E-05 0.0415435 9.9964E-05 0.796176 9.9964E-05 0.143561 9.9964E-05 0.0183197
0.0321443 0.0385657 0.0277842 0.901106 9.9964E-05 9.9964E-05 9.9964E-05 9.9964E-05
0.00574978 9.9964E-05 0.0780832 0.895877 0.0198899 9.9964E-05 9.9964E-05 9.9964E-05
0.0707836 9.9964E-05 9.9964E-05 0.892399 9.9964E-05 0.0220753 9.9964E-05 0.0143425
9.9982E-05 0.0425798 0.0749067 0.781769 0.0458475 9.9982E-05 0.0489574 0.00573928
9.9964E-05 9.9964E-05 0.100096 0.841761 9.9964E-05 9.9964E-05 0.04511 0.0126332
9.9955E-05 9.9955E-05 0.0609478 0.917471 0.0210812 9.9955E-05 9.9955E-05 9.9955E-05
0.04278 9.9973E-05 0.00318108 0.904785 0.0075597 9.9973E-05 9.9973E-05 0.0413938
0.0115947 0.33073 0.028307 0.580666 0.0484023 9.9973E-05 9.9973E-05 9.9973E-05
0.0693205 0.0736134 0.0447663 0.72999 0.0091952 9.9982E-05 0.0729148 9.9982E-05
9.9955E-05 9.9955E-05 9.9955E-05 0.984314 0.00539408 9.9955E-05 0.00979241 9.9955E-05
0.0342917 0.125368 0.0525327 0.727625 0.0480043 0.0119777 9.9982E-05 9.9982E-05
9.9955E-05 0.123582 9.9955E-05 0.853571 9.9955E-05 0.0223473 9.9955E-05 9.9955E-05
0.0364357 9.9973E-05 0.0376734 0.891573 0.01029 0.0237277 9.9973E-05 9.9973E-05
0.0777942 0.0251552 9.9982E-05 0.816162 0.0429249 9.9982E-05 0.0344588 0.00330476
0.037775 0.106638 0.0109297 0.782838 9.9982E-05 9.9982E-05 0.0563754 0.00524399
0.0205991 0.0723423 9.9991E-05 0.659668 0.122425 0.0386177 0.0541942 0.0320533
9.9955E-05 9.9955E-05 0.114473 0.840126 9.9955E-05 9.9955E-05 0.0449009 9.9955E-05
9.9955E-05 0.0794685 9.9955E-05 0.867414 9.9955E-05 0.0526176 9.9955E-05 9.9955E-05
9.9964E-05 0.426539 0.0754362 0.494772 9.9964E-05 9.9964E-05 0.00285274 9.9964E-05
0.0266397 0.255807 0.0943517 0.504533 0.00850899 9.9991E-05 0.0957607 0.0142983
0.103661 0.22672 0.00372998 0.557123 9.9982E-05 9.9982E-05 0.0457243 0.0628408
0.0612908 0.285885 0.0150671 0.59551 0.00175155 9.9982E-05 9.9982E-05 0.0402958
0.00287502 0.777302 9.9982E-05 0.108292 0.0448701 9.9982E-05 0.0623049 0.0041554
0.0335378 0.690235 9.9982E-05 0.0785838 0.0756315 0.0443088 0.0775031 9.9982E-05
9.9982E-05 0.592183 9.9982E-05 0.242378 0.0486288 0.0414476 0.0624879 0.0126741
0.0189829 0.85312 9.9964E-05 0.120752 9.9964E-05 9.9964E-05 9.9964E-05 0.00674589
0.0854516 0.640762 9.9973E-05 0.203981 0.0302417 9.9973E-05 0.0392638 9.9973E-05
9.9946E-05 0.931109 9.9946E-05 0.0682913 9.9946E-05 9.9946E-05 9.9946E-05 9.9946E-05
9.9955E-05 0.948564 9.9955E-05 0.0424108 9.9955E-05 0.00852572 9.9955E-05 9.9955E-05
0.0279137 0.433017 0.0224965 0.418007 0.0429446 9.9982E-05 0.0554214 9.9982E-05
0.0603517 0.570732 9.9982E-05 0.21489 0.0573394 0.0675061 0.0289811 9.9982E-05
9.9982E-05 0.390532 9.9982E-05 0.413403 0.0575737 0.0881191 0.0384447 0.0117278
0.0741969 0.611314 9.9982E-05 0.260843 9.9982E-05 0.0353532 0.0140336 0.00406008
0.0366453 0.649331 0.0391391 0.241322 9.9982E-05 0.00414173 0.0292214 9.9982E-05
0.0250682 0.854503 9.9973E-05 0.077199 9.9973E-05 0.0355196 0.00741077 9.9973E-05
0.0616725 0.550359 0.0835308 0.204503 0.0297938 0.0584159 9.9991E-05 0.0116253
0.0297293 0.566065 0.037003 0.174776 0.0746196 0.0572556 0.00951272 0.0510384
9.9973E-05 0.601027 9.9973E-05 0.229639 0.085109 9.9973E-05 0.0810215 0.00290381
0.0363583 0.546001 0.0239189 0.200204 0.0534994 0.0940298 0.0458881 9.9991E-05
0.128907 0.504121 0.0392108 0.29032 0.0238183 9.9982E-05 9.9982E-05 0.0134234
0.00111455 0.924757 9.9964E-05 0.0561542 9.9964E-05 0.0175746 9.9964E-05 9.9964E-05
0.0637773 0.581158 9.9991E-05 0.246731 0.00943176 0.01037 0.0342573 0.054175
0.105484 0.535664 0.0102564 0.248207 0.0878977 0.0101836 0.00220731 9.9991E-05
0.0379149 0.713872 9.9964E-05 0.160827 0.0869859 9.9964E-05 9.9964E-05 9.9964E-05
0.0478802 0.748152 9.9991E-05 0.122158 0.00129703 0.0253225 0.0146663 0.0404236
9.99551E-05 0.956871 0.0232834 9.99551E-05 9.99551E-05 9.99551E-05 0.0193456 9.99551E-05
0.0206488 0.7186 9.9973E-05 0.191127 0.0593806 0.00994383 9.9973E-05 9.9973E-05
0.0128563 0.947065 0.032783 9.9964E-05 9.9964E-05 9.9964E-05 0.00689565 9.9964E-05
9.9946E-05 0.968282 9.9946E-05 9.9946E-05 9.9946E-05 9.9946E-05 9.9946E-05 0.0311181
9.9973E-05 0.909877 0.0268646 9.9973E-05 9.9973E-05 0.0142079 0.0388929 0.00985763
0.0630392 0.564839 9.9991E-05 0.308117 0.0188193 0.0114358 0.0230369 0.010613
9.99461E-05 0.983005 0.0163952 9.99461E-05 9.99461E-05 9.99461E-05 9.99461E-05 9.99461E-05
9.9982E-05 0.75674 9.9982E-05 0.167501 0.00874967 0.0254488 0.0323593 0.00900165
0.00501099 0.739317 0.0135813 0.0686714 0.0730969 9.9991E-05 0.0585984 0.0416238
9.9955E-05 0.873589 9.9955E-05 0.0274559 9.9955E-05 0.098455 9.9955E-05 9.9955E-05
9.9955E-05 0.959403 9.9955E-05 0.00996957 9.9955E-05 0.0301274 9.9955E-05 9.9955E-05
9.9973E-05 0.851802 0.000891017 9.9973E-05 0.0879087 0.0577474 0.00135137 9.9973E-05
0.0581564 0.907323 0.00138153 0.0182875 9.9973E-05 0.014552 9.9973E-05 9.9973E-05
0.000420622 0.958308 0.00869224 0.0211266 9.9973E-05 9.9973E-05 9.9973E-05 0.0111523
9.9982E-05 0.668483 0.0931723 0.0497365 0.0424367 0.0154303 9.9982E-05 0.130541
0.0608213 0.716859 0.0503671 9.9982E-05 0.0460095 9.9982E-05 0.0563163 0.0694272
9.9973E-05 0.846393 0.0630319 9.9973E-05 0.000830939 9.9973E-05 0.00682889 0.0826155
0.0249207 0.835186 0.0261996 9.9973E-05 0.0418624 9.9973E-05 9.9973E-05 0.0715319
9.9964E-05 0.870711 0.0285697 9.9964E-05 9.9964E-05 9.9964E-05 0.0172939 0.0830258
0.0418469 0.832301 0.0568746 9.9982E-05 0.00923172 9.9982E-05 0.0104218 0.0491241
0.0466081 0.620383 9.9973E-05 0.127209 0.0676279 9.9973E-05 9.9973E-05 0.137872
0.0392072 0.608605 0.0302764 0.0497978 0.0239362 0.051157 0.0131697 0.183851
0.01023 0.700157 0.0137769 0.0150647 0.0358536 9.9991E-05 0.0911006 0.133717
0.0223299 0.57288 0.0278118 0.122925 0.0723933 0.0338445 0.0590212 0.0887938
0.0690021 0.626045 9.9973E-05 0.0703373 0.111965 9.9973E-05 9.9973E-05 0.122351
0.018791 0.780745 0.0417954 9.9982E-05 0.0109582 9.9982E-05 0.0349909 0.112519
0.133405 0.497731 0.0156863 0.00375506 0.126506 0.00939923 0.116548 0.0969698
9.9991E-05 0.512214 0.200825 0.0473193 0.0541316 0.0352366 0.0522352 0.0979384
9.9991E-05 0.520805 0.168562 0.0800484 0.0866011 0.0271005 0.0453922 0.071391
0.159479 0.437723 9.9991E-05 0.0578494 0.10463 0.0085412 0.0494982 0.18218
9.994E-05 9.994E-05 9.994E-05 9.994E-05 9.994E-05 9.994E-05 9.994E-05 0.9993
9.9955E-05 9.9955E-05 9.9955E-05 9.9955E-05 0.0208662 0.0116334 9.9955E-05 0.967001
9.9982E-05 0.0582126 0.0451154 0.0342966 9.9982E-05 0.0225258 0.00895616 0.830694
9.99461E-05 9.99461E-05 9.99461E-05 9.99461E-05 9.99461E-05 9.99461E-05 0.00524289 0.994157
9.994E-05 9.994E-05 9.994E-05 9.994E-05 9.994E-05 9.994E-05 9.994E-05 0.9993
9.9946E-05 9.9946E-05 0.0079576 9.9946E-05 9.9946E-05 9.9946E-05 9.9946E-05 0.991443
9.9946E-05 9.9946E-05 9.9946E-05 0.00370544 9.9946E-05 9.9946E-05 9.9946E-05 0.995695
9.9973E-05 9.9973E-05 0.0264026 0.0501362 0.0162686 9.9973E-05 0.00607277 0.90082
0.00780126 9.9955E-05 9.9955E-05 9.9955E-05 9.9955E-05 0.00604848 9.9955E-05 0.98565
9.994E-05 9.994E-05 9.994E-05 9.994E-05 9.994E-05 9.994E-05 9.994E-05 0.9993
0.102073 0.253368 0.102575 0.0897783 0.272826 9.9991E-05 0.0880552 0.0912234
0.0482504 0.0529267 0.0100181 9.9964E-05 9.9964E-05 9.9964E-05 9.9964E-05 0.888405
9.994E-05 9.994E-05 9.994E-05 9.994E-05 9.994E-05 9.994E-05 9.994E-05 0.9993
0.00141625 9.9964E-05 0.0235287 9.9964E-05 9.9964E-05 9.9964E-05 0.00431104 0.970344
0.071408 0.585921 0.0585935 9.9982E-05 0.185957 9.9982E-05 0.0303707 0.0675493
0.0527869 0.614241 0.0683686 9.9982E-05 0.157574 9.9982E-05 0.0316593 0.07517
0.0456905 0.568021 0.10561 9.9991E-05 0.151477 0.00383795 0.0165056 0.108758
0.0530483 0.541906 0.0495058 9.9982E-05 0.160445 9.9982E-05 0.0354947 0.159401
0.0662517 0.577976 0.071942 9.9982E-05 0.161268 9.9982E-05 0.038743 0.0836195
0.00829512 0.515903 0.150953 0.127427 0.126503 9.9991E-05 0.00289004 0.0679289
0.0913658 0.49443 0.102694 0.040396 0.12027 0.00665128 0.00641268 0.13778
0.0383207 0.571866 0.115003 9.9973E-05 0.161834 9.9973E-05 9.9973E-05 0.112677
0.0422044 0.45979 0.156115 9.9982E-05 0.0837085 9.9982E-05 0.0469458 0.211036
0.00982904 0.494509 0.136114 9.9982E-05 0.0953121 9.9982E-05 0.0520194 0.212016
0.049541 0.560588 0.105231 0.0300578 0.123626 9.9991E-05 0.0378178 0.093039
0.0592408 0.455591 0.193765 0.0164052 0.0173457 9.9991E-05 0.0259789 0.231572
0.0527392 0.608729 0.116728 9.9991E-05 0.135429 0.0160503 0.0171861 0.0530375
0.042502 0.536109 0.0802697 0.000858107 0.176515 9.9991E-05 0.0614445 0.102202
0.0308663 0.0182051 0.00381044 0.00266434 0.910511 9.9982E-05 0.0337433 9.9982E-05
0.0905882 9.9973E-05 0.0210962 0.0461485 0.823489 9.9973E-05 9.9973E-05 0.0183786
9.994E-05 9.994E-05 9.994E-05 9.994E-05 0.9993 9.994E-05 9.994E-05 9.994E-05
9.9946E-05 9.9946E-05 9.9946E-05 0.0136597 0.985741 9.9946E-05 9.9946E-05 9.9946E-05
0.0153961 9.9955E-05 9.9955E-05 9.9955E-05 0.980294 9.9955E-05 0.0038103 9.9955E-05
9.994E-05 9.994E-05 9.994E-05 9.994E-05 0.9993 9.994E-05 9.994E-05 9.994E-05
9.9946E-05 9.9946E-05 0.00561501 9.9946E-05 0.993785 9.9946E-05 9.9946E-05 9.9946E-05
9.9964E-05 0.132012 0.0804452 9.9964E-05 0.743252 0.0438909 9.9964E-05 9.9964E-05
9.994E-05 9.994E-05 9.994E-05 9.994E-05 0.9993 9.994E-05 9.994E-05 9.994E-05
0.00416203 9.9946E-05 9.9946E-05 9.9946E-05 0.995238 9.9946E-05 9.9946E-05 9.9946E-05
9.9964E-05 9.9964E-05 0.0546166 9.9964E-05 0.883844 0.0471817 9.9964E-05 0.013958
9.994E-05 9.994E-05 9.994E-05 9.994E-05 0.9993 9.994E-05 9.994E-05 9.994E-05
9.9973E-05 0.133716 0.0512132 9.9973E-05 0.708814 9.9973E-05 0.0857243 0.0202329
9.994E-05 9.994E-05 9.994E-05 9.994E-05 9.994E-05 9.994E-05 0.9993 9.994E-05
0.071543 0.461391 0.0657695 9.9982E-05 0.133617 9.9982E-05 0.0729897 0.194489
9.994E-05 9.994E-05 9.994E-05 9.994E-05 9.994E-05 9.994E-05 0.9993 9.994E-05
9.994E-05 9.994E-05 9.994E-05 9.994E-05 9.994E-05 9.994E-05 0.9993 9.994E-05
9.99461E-05 9.99461E-05 0.0573034 9.99461E-05 9.99461E-05 9.99461E-05 0.942097 9.99461E-05
9.9973E-05 0.0383386 9.9973E-05 0.0716906 0.0824839 9.9973E-05 0.800696 0.00649076
9.994E-05 9.994E-05 9.994E-05 9.994E-05 9.994E-05 9.994E-05 0.9993 9.994E-05
9.9964E-05 0.0967346 0.0462268 0.00310124 9.9964E-05 9.9964E-05 0.853537 9.9964E-05
9.9955E-05 9.9955E-05 0.00468308 9.9955E-05 9.9955E-05 9.9955E-05 0.978571 0.0162461
9.99461E-05 9.99461E-05 9.99461E-05 9.99461E-05 0.00267084 9.99461E-05 0.996729 9.99461E-05
9.9964E-05 0.00332997 9.9964E-05 0.0101298 9.9964E-05 0.0128728 0.973267 9.9964E-05
0.00631781 9.9946E-05 9.9946E-05 9.9946E-05 9.9946E-05 9.9946E-05 0.993083 9.9946E-05
9.9964E-05 0.0150128 9.9964E-05 9.9964E-05 0.00829765 9.9964E-05 0.941895 0.0343943
0.0788595 0.0198738 0.0394292 9.9982E-05 0.0715836 9.9982E-05 0.773171 0.0168825
0.00282831 9.9973E-05 0.0274507 0.00768663 9.9973E-05 0.00853512 0.953199 9.9973E-05
9.9973E-05 0.113264 0.0262793 9.9973E-05 0.0188207 9.9973E-05 0.831237 0.0100987
0.0130313 0.0700398 0.0124768 9.9982E-05 0.0163651 0.0123109 0.875576 9.9982E-05
0.027541 0.0668096 0.0206654 9.9982E-05 9.9982E-05 0.00299475 0.878953 0.00283599
0.00724705 0.0107572 9.9973E-05 9.9973E-05 0.00538309 0.00650527 0.969807 9.9973E-05
0.290719 0.403803 0.117363 9.9991E-05 0.0282447 0.0379869 0.0440649 0.0777191
0.275357 0.485508 0.0794022 9.9982E-05 9.9982E-05 0.0557847 0.0619305 0.0418173
0.281497 0.372783 0.104899 9.9991E-05 0.0306846 0.0427297 0.0827551 0.0845522
0.276451 0.458419 0.0958513 9.9991E-05 0.0201437 0.0508254 0.00918945 0.0890204
9.9964E-05 9.9964E-05 0.93692 0.00212234 0.0439065 9.9964E-05 0.0166513 9.9964E-05
9.994E-05 9.994E-05 0.9993 9.994E-05 9.994E-05 9.994E-05 9.994E-05 9.994E-05
9.9946E-05 9.9946E-05 0.997557 9.9946E-05 9.9946E-05 9.9946E-05 9.9946E-05 0.00184323
9.994E-05 9.994E-05 0.9993 9.994E-05 9.994E-05 9.994E-05 9.994E-05 9.994E-05
0.00149986 9.9973E-05 0.969988 9.9973E-05 0.015392 9.9973E-05 0.0126874 0.00013297
0.00787747 9.9955E-05 0.985284 9.9955E-05 9.9955E-05 9.9955E-05 0.00633851 9.9955E-05
0.00316907 0.0149145 0.968698 9.9964E-05 9.9964E-05 9.9964E-05 9.9964E-05 0.0128187
0.0693036 0.034173 0.722452 0.107766 0.0195274 0.0392243 0.00347378 0.00407919
0.00848534 0.0637363 0.877866 0.00810052 9.9991E-05 0.0116202 0.0249998 0.00509159
0.975209 0.0199997 9.9955E-05 9.9955E-05 0.00429192 9.9955E-05 9.9955E-05 9.9955E-05
0.9993 9.994E-05 9.994E-05 9.994E-05 9.994E-05 9.994E-05 9.994E-05 9.994E-05
0.990128 9.9946E-05 0.00927275 9.9946E-05 9.9946E-05 9.9946E-05 9.9946E-05 9.9946E-05
0.993976 9.9955E-05 0.00130321 9.9955E-05 9.9955E-05 9.9955E-05 0.00422067 9.9955E-05
0.9993 9.994E-05 9.994E-05 9.994E-05 9.994E-05 9.994E-05 9.994E-05 9.994E-05
0.866816 0.0942593 0.0101616 9.9973E-05 9.9973E-05 0.0102796 9.9973E-05 0.0181833
0.9993 9.994E-05 9.994E-05 9.994E-05 9.994E-05 9.994E-05 9.994E-05 9.994E-05
0.9993 9.994E-05 9.994E-05 9.994E-05 9.994E-05 9.994E-05 9.994E-05 9.994E-05
0.994201 9.9955E-05 9.9955E-05 9.9955E-05 9.9955E-05 0.00466567 0.000633821 9.9955E-05
0.930691 0.0270233 9.9964E-05 9.9964E-05 0.0246075 9.9964E-05 0.0172778 9.9964E-05
0.9993 9.994E-05 9.994E-05 9.994E-05 9.994E-05 9.994E-05 9.994E-05 9.994E-05
0.9993 9.994E-05 9.994E-05 9.994E-05 9.994E-05 9.994E-05 9.994E-05 9.994E-05
