9.994E-05 0.9993 9.994E-05 9.994E-05 9.994E-05 9.994E-05 9.994E-05 9.994E-05
9.9964E-05 0.266054 0.0826045 9.9964E-05 0.0636122 9.9964E-05 0.58733 9.9964E-05
9.9964E-05 0.258779 0.0790544 9.9964E-05 0.0932045 9.9964E-05 0.568563 9.9964E-05
9.99551E-05 0.219466 9.99551E-05 9.99551E-05 9.99551E-05 9.99551E-05 0.681252 0.0987819
0.0707934 0.10973 9.9982E-05 0.00668371 9.9982E-05 0.04949 0.658332 0.10477
9.9973E-05 0.160853 9.9973E-05 0.000855537 0.0268624 9.9973E-05 0.638844 0.172285
9.9946E-05 0.287456 9.9946E-05 9.9946E-05 9.9946E-05 9.9946E-05 0.711944 9.9946E-05
0.0130781 0.303851 0.0548685 9.9982E-05 0.0820185 9.9982E-05 0.497079 0.0489052
0.0485161 0.182164 0.0213406 9.9973E-05 0.0609502 9.9973E-05 0.68673 9.9973E-05
9.994E-05 0.9993 9.994E-05 9.994E-05 9.994E-05 9.994E-05 9.994E-05 9.994E-05
9.994E-05 0.9993 9.994E-05 9.994E-05 9.994E-05 9.994E-05 9.994E-05 9.994E-05
0.000755999 0.998644 9.9946E-05 9.9946E-05 9.9946E-05 9.9946E-05 9.9946E-05 9.9946E-05
9.994E-05 0.9993 9.994E-05 9.994E-05 9.994E-05 9.994E-05 9.994E-05 9.994E-05
0.007482 0.930552 9.9964E-05 0.0451668 9.9964E-05 9.9964E-05 0.016399 9.9964E-05
9.9964E-05 0.924089 0.0192902 9.9964E-05 9.9964E-05 0.0440391 9.9964E-05 0.0121817
0.0170258 0.175937 9.9982E-05 9.9982E-05 0.0239952 0.0127243 0.493417 0.276701
0.0593305 0.199642 0.0486795 0.0815804 0.0955015 9.9991E-05 0.366605 0.148561
9.9964E-05 0.183885 0.0145674 9.9964E-05 9.9964E-05 9.9964E-05 0.700746 0.100402
0.0153808 9.9964E-05 0.00843276 0.0779131 9.9964E-05 9.9964E-05 0.897873 9.9964E-05
9.9964E-05 9.9964E-05 9.9964E-05 0.0570476 0.0200181 0.0674476 0.855087 9.9964E-05
0.0496276 0.0230468 0.0324548 9.9964E-05 9.9964E-05 9.9964E-05 0.894471 9.9964E-05
9.9973E-05 9.9973E-05 9.9973E-05 0.113499 0.0691918 0.0328152 0.779128 0.00506649
0.00891661 9.9973E-05 9.9973E-05 0.0975376 0.00771798 0.0233924 0.862135 9.9973E-05
9.9964E-05 0.00398529 9.9964E-05 0.0269988 9.9964E-05 0.0447213 0.923895 9.9964E-05
0.0218485 9.9964E-05 9.9964E-05 9.9964E-05 9.9964E-05 0.0263659 0.908888 0.0424974
0.045501 9.9973E-05 9.9973E-05 0.0130365 9.9973E-05 0.0470816 0.67009 0.223991
0.0984373 9.9973E-05 9.9973E-05 0.0112403 0.0789472 9.9973E-05 0.691746 0.119329
9.9964E-05 9.9964E-05 9.9964E-05 9.9964E-05 0.017848 0.00351796 0.955129 0.0231052
0.00825992 0.0323422 9.9982E-05 0.00435539 9.9982E-05 0.0228968 0.684591 0.247355
9.9964E-05 0.0288502 9.9964E-05 9.9964E-05 0.00281623 9.9964E-05 0.950726 0.0172076
0.0180815 0.0210111 0.0103917 0.0674137 9.9982E-05 0.000473387 0.882429 9.9982E-05
0.0229241 9.9982E-05 0.00291272 9.9982E-05 0.0274531 0.0506469 0.832824 0.0630396
0.00254659 9.9991E-05 0.0194184 0.0272564 0.0279257 0.003043 0.781978 0.137732
9.9973E-05 0.0682996 9.9973E-05 9.9973E-05 0.0281359 0.0881991 0.521128 0.293938
9.9964E-05 9.9964E-05 9.9964E-05 0.111382 0.0355241 0.0325116 0.820183 9.9964E-05
0.00837362 0.00895851 9.9973E-05 0.018764 9.9973E-05 9.9973E-05 0.904687 0.058917
0.00664093 9.9964E-05 9.9964E-05 0.0156703 9.9964E-05 9.9964E-05 0.46462 0.512669
0.05648 9.9991E-05 0.0140789 0.0787747 0.0324048 0.0117306 0.521545 0.284886
0.0897984 9.9973E-05 0.0509437 9.9973E-05 0.0468269 9.9973E-05 0.55134 0.260791
0.0494672 9.9982E-05 0.0263187 0.00416814 9.9982E-05 0.0338612 0.569928 0.316057
0.00723185 0.00390221 0.00758221 9.9982E-05 0.0363368 0.00781586 9.9982E-05 0.936931
0.0192609 0.00404606 0.000204575 9.9991E-05 0.0242459 0.0506028 0.0397135 0.861826
9.9982E-05 0.0362989 0.00769937 9.9982E-05 0.0650848 0.0204552 0.172683 0.697579
9.9964E-05 9.9964E-05 0.025258 9.9964E-05 0.0108336 9.9964E-05 0.0608034 0.902705
0.0323414 9.9973E-05 9.9973E-05 9.9973E-05 0.0643406 0.0184066 0.194803 0.689809
9.9955E-05 9.9955E-05 9.9955E-05 9.9955E-05 0.00563246 9.9955E-05 0.0112917 0.982576
9.994E-05 9.994E-05 9.994E-05 9.994E-05 9.994E-05 9.994E-05 9.994E-05 0.9993
0.015092 9.9982E-05 9.9982E-05 0.0115733 0.0364851 0.0173039 0.34704 0.572305
0.0669629 0.102255 9.9982E-05 9.9982E-05 0.0419769 0.0642255 0.107688 0.616691
9.999E-05 0.0887919 0.0186243 0.0155076 0.0192711 0.0518112 0.37473 0.431164
0.0536593 0.053556 0.0174198 9.9982E-05 0.0450559 9.9982E-05 0.226615 0.603494
9.9973E-05 0.00971826 9.9973E-05 0.0308211 0.0330111 9.9973E-05 0.150161 0.775989
9.9955E-05 0.0454312 9.9955E-05 9.9955E-05 9.9955E-05 9.9955E-05 0.067399 0.88667
0.00930889 0.0416684 9.9982E-05 0.0857767 9.9982E-05 0.0172442 0.200145 0.645657
9.9982E-05 0.0485209 0.0491035 0.0335395 9.9982E-05 0.0215423 0.204713 0.642381
9.9964E-05 9.9964E-05 9.9964E-05 9.9964E-05 0.102355 0.0193056 0.185419 0.692521
0.0943605 0.0585348 0.0164299 9.9991E-05 0.0650845 0.0170395 0.183529 0.564922
0.104417 9.9991E-05 0.0222912 0.0175786 0.0131258 0.0317209 0.241268 0.569499
9.9955E-05 0.0175862 9.9955E-05 9.9955E-05 0.0338864 9.9955E-05 9.9955E-05 0.948028
0.162186 0.0827604 0.0126229 9.9982E-05 0.057001 9.9982E-05 0.137592 0.547638
0.0760721 9.9973E-05 9.9973E-05 0.0147937 9.9973E-05 0.0542463 0.204515 0.650073
0.0692875 0.016237 9.9973E-05 9.9973E-05 9.9973E-05 0.074731 0.0735227 0.765922
9.9982E-05 0.0310958 0.0143224 0.0481144 0.0372196 9.9982E-05 0.101016 0.768031
0.00154903 9.9973E-05 9.9973E-05 0.0525908 0.0234879 0.0128325 9.9973E-05 0.90924
0.0409444 0.0175707 9.9973E-05 9.9973E-05 9.9973E-05 0.0253651 0.14117 0.77465
9.9955E-05 9.9955E-05 9.9955E-05 0.0250681 0.0193549 9.9955E-05 9.9955E-05 0.955077
9.9946E-05 9.9946E-05 0.042475 9.9946E-05 9.9946E-05 9.9946E-05 9.9946E-05 0.956925
9.9973E-05 0.0197671 0.0078085 0.136663 0.0595662 9.9973E-05 9.9973E-05 0.775896
0.048725 9.9982E-05 0.0212257 0.0105205 0.0275015 9.9982E-05 0.295456 0.596371
9.99551E-05 9.99551E-05 9.99551E-05 0.0392386 0.0206143 9.99551E-05 9.99551E-05 0.939647
9.9973E-05 0.0458511 0.0275629 9.9973E-05 0.0366827 9.9973E-05 0.0504891 0.839114
0.0226881 9.9991E-05 0.0423052 0.0187045 0.0150176 0.0391388 0.0972268 0.764819
9.99461E-05 0.0843368 9.99461E-05 9.99461E-05 9.99461E-05 9.99461E-05 9.99461E-05 0.915064
0.0187173 0.0480459 9.9955E-05 9.9955E-05 9.9955E-05 9.9955E-05 9.9955E-05 0.932737
9.9964E-05 0.0554437 9.9964E-05 0.0134105 9.9964E-05 0.1289 9.9964E-05 0.801846
0.0810418 0.0229697 9.9964E-05 0.00486194 9.9964E-05 9.9964E-05 9.9964E-05 0.890727
9.9946E-05 9.9946E-05 0.00540521 9.9946E-05 9.9946E-05 9.9946E-05 9.9946E-05 0.993995
9.9982E-05 0.0174172 0.139427 0.136084 0.017575 9.9982E-05 0.020568 0.668729
0.0466552 9.9982E-05 0.0872257 0.114105 9.9982E-05 0.0579131 0.0224387 0.671463
9.9973E-05 9.9973E-05 0.131771 0.0608197 0.00235206 0.0251974 9.9973E-05 0.77956
0.0316226 0.00696692 0.0678479 0.0304436 0.0330991 0.0642713 9.9991E-05 0.765649
0.00683529 9.9964E-05 0.0784667 0.0822292 9.9964E-05 9.9964E-05 9.9964E-05 0.832069
0.0102203 9.9982E-05 0.0836591 0.0502544 0.0204005 0.0403539 9.9982E-05 0.794912
0.0731766 9.9973E-05 0.127336 9.9973E-05 9.9973E-05 0.0993777 0.126039 0.573772
0.00395693 0.00690256 0.199302 0.0374438 9.9991E-05 0.0574982 0.0409938 0.653803
0.0213476 0.0278666 0.170914 9.9991E-05 0.0787485 0.057953 0.019481 0.623589
0.0763094 0.0576087 0.103443 0.015972 0.0535823 0.0892136 0.127221 0.47665
0.0687084 0.0150324 0.136379 9.9982E-05 9.9982E-05 0.107855 0.0899859 0.58184
0.0364395 0.0152902 0.131334 0.0729671 9.9982E-05 0.0598791 9.9982E-05 0.68389
0.147198 0.00269775 0.136058 9.9991E-05 0.0653391 0.115242 0.0489715 0.484394
9.9991E-05 0.0675188 0.118558 0.158771 0.0429347 0.0589771 0.0419279 0.511213
9.9991E-05 0.0358699 0.111766 0.150147 0.0235728 0.0919604 0.0587033 0.527881
0.188133 0.0292491 0.211498 9.9991E-05 0.0927658 0.0407926 0.00101209 0.436449
9.9946E-05 9.9946E-05 0.994492 9.9946E-05 9.9946E-05 0.00490845 9.9946E-05 9.9946E-05
9.9955E-05 0.0255309 0.920403 9.9955E-05 9.9955E-05 9.9955E-05 9.9955E-05 0.0535665
9.9973E-05 0.0242279 0.776564 0.0500459 0.00735475 9.9973E-05 9.9973E-05 0.141508
9.994E-05 9.994E-05 0.9993 9.994E-05 9.994E-05 9.994E-05 9.994E-05 9.994E-05
9.994E-05 9.994E-05 0.9993 9.994E-05 9.994E-05 9.994E-05 9.994E-05 9.994E-05
9.994E-05 9.994E-05 0.9993 9.994E-05 9.994E-05 9.994E-05 9.994E-05 9.994E-05
9.9964E-05 9.9964E-05 0.982225 0.00280418 0.00940077 9.9964E-05 0.00517054 9.9964E-05
9.9982E-05 0.0168332 0.854788 0.0321536 0.0263405 0.00142849 0.0682558 9.9982E-05
0.00266994 9.9946E-05 0.99673 9.9946E-05 9.9946E-05 9.9946E-05 9.9946E-05 9.9946E-05
9.994E-05 9.994E-05 0.9993 9.994E-05 9.994E-05 9.994E-05 9.994E-05 9.994E-05
0.0942921 9.9991E-05 0.129943 0.0779647 0.085749 0.296133 0.114851 0.200968
0.0279115 9.9973E-05 0.925 0.0176928 9.9973E-05 0.0201991 9.9973E-05 0.00889703
9.994E-05 9.994E-05 0.9993 9.994E-05 9.994E-05 9.994E-05 9.994E-05 9.994E-05
9.9946E-05 9.9946E-05 0.998659 0.00074121 9.9946E-05 9.9946E-05 9.9946E-05 9.9946E-05
0.107055 9.9982E-05 0.113782 0.0837167 0.0204367 0.183026 9.9982E-05 0.491784
0.11106 9.9982E-05 0.114713 0.0262911 0.0665947 0.175757 9.9982E-05 0.505385
0.0712208 9.9982E-05 0.150417 0.120619 0.0665736 0.169984 9.9982E-05 0.420987
0.0729768 9.9991E-05 0.155593 0.0815882 0.052555 0.168176 0.0146165 0.454395
0.0605208 9.9982E-05 0.118515 0.120301 0.00997236 0.21737 9.9982E-05 0.473121
0.0940655 9.9991E-05 0.0758063 0.177439 0.0379331 0.212746 0.180999 0.220912
0.039898 9.9982E-05 0.123433 0.117677 9.9982E-05 0.144506 0.0574231 0.516863
0.039804 9.9973E-05 0.138821 0.106951 9.9973E-05 0.227212 9.9973E-05 0.486913
0.0469894 9.9982E-05 0.21035 0.133848 0.0485393 0.131647 9.9982E-05 0.428427
0.0351731 9.9982E-05 0.198388 0.147769 0.0442471 0.125157 9.9982E-05 0.449066
0.123399 9.9991E-05 0.117451 0.076738 0.0488943 0.123096 0.0472301 0.463092
0.0519208 0.013414 0.167562 0.161105 0.0580731 0.0745749 9.9991E-05 0.473251
0.0926683 0.00426163 0.0684791 0.106407 0.0573621 0.157258 9.9991E-05 0.513464
0.0978088 9.9991E-05 0.152694 0.0550216 0.0203761 0.215791 0.0373913 0.420818
9.994E-05 9.994E-05 9.994E-05 9.994E-05 0.9993 9.994E-05 9.994E-05 9.994E-05
0.0834784 9.9982E-05 0.132914 0.0881408 0.0977805 0.157625 9.9982E-05 0.439861
9.9946E-05 9.9946E-05 9.9946E-05 9.9946E-05 0.996166 9.9946E-05 9.9946E-05 0.00323472
9.994E-05 9.994E-05 9.994E-05 9.994E-05 0.9993 9.994E-05 9.994E-05 9.994E-05
9.99551E-05 0.00460325 9.99551E-05 0.048786 0.946111 9.99551E-05 9.99551E-05 9.99551E-05
0.0391388 9.9982E-05 0.0217524 9.9982E-05 0.798561 0.0710528 0.0219144 0.0473801
9.9955E-05 0.00528068 9.9955E-05 9.9955E-05 0.990015 0.00420451 9.9955E-05 9.9955E-05
9.9964E-05 9.9964E-05 9.9964E-05 0.0260607 0.925634 0.038101 9.9964E-05 0.00980416
0.00519151 9.9964E-05 0.024248 9.9964E-05 0.965759 9.9964E-05 9.9964E-05 0.00440207
0.0271016 9.9964E-05 9.9964E-05 9.9964E-05 0.959903 0.00932021 9.9964E-05 0.00327541
9.9946E-05 9.9946E-05 9.9946E-05 0.00239183 0.997008 9.9946E-05 9.9946E-05 9.9946E-05
9.9955E-05 0.0133855 9.9955E-05 9.9955E-05 0.968336 9.9955E-05 9.9955E-05 0.0177787
9.9955E-05 9.9955E-05 0.0254068 9.9955E-05 0.935368 0.0387259 9.9955E-05 9.9955E-05
0.033559 9.9982E-05 0.0544629 9.9982E-05 0.74993 0.0848251 0.0202581 0.0567649
9.9964E-05 0.000469662 9.9964E-05 0.00975156 0.959013 9.9964E-05 9.9964E-05 0.0303663
0.0066311 9.9982E-05 0.0186268 0.0209552 0.872241 9.9982E-05 0.00207626 0.0792698
0.0149881 0.0119159 9.9982E-05 0.0334863 0.878468 0.0125964 9.9982E-05 0.0483449
0.0194396 0.0241057 9.9973E-05 0.00392446 0.856357 9.9973E-05 9.9973E-05 0.0958732
0.0153183 9.9982E-05 0.0010257 0.0146606 0.905946 0.0352087 9.9982E-05 0.0276413
9.9964E-05 9.9964E-05 9.9964E-05 9.9964E-05 0.0175877 0.918333 0.0278488 0.0358308
0.0552857 0.0230035 0.0069809 0.0153005 9.9982E-05 0.882572 0.0166574 9.9982E-05
9.994E-05 9.994E-05 9.994E-05 9.994E-05 9.994E-05 0.9993 9.994E-05 9.994E-05
9.994E-05 9.994E-05 9.994E-05 9.994E-05 9.994E-05 0.9993 9.994E-05 9.994E-05
0.0167465 9.9955E-05 9.9955E-05 9.9955E-05 0.00198036 0.980773 9.9955E-05 9.9955E-05
9.994E-05 9.994E-05 9.994E-05 9.994E-05 9.994E-05 0.9993 9.994E-05 9.994E-05
9.994E-05 9.994E-05 9.994E-05 9.994E-05 9.994E-05 0.9993 9.994E-05 9.994E-05
9.9973E-05 0.0550464 9.9973E-05 0.098452 0.0342626 0.75875 9.9973E-05 0.0531888
9.994E-05 9.994E-05 9.994E-05 9.994E-05 9.994E-05 0.9993 9.994E-05 9.994E-05
9.994E-05 9.994E-05 9.994E-05 9.994E-05 9.994E-05 0.9993 9.994E-05 9.994E-05
9.9964E-05 0.0155094 0.0317274 0.0861152 9.9964E-05 0.866248 9.9964E-05 9.9964E-05
0.0213409 9.9955E-05 0.0175395 9.9955E-05 9.9955E-05 0.96062 9.9955E-05 9.9955E-05
0.00657261 9.9982E-05 0.0336007 0.0758762 0.0870619 0.708419 9.9982E-05 0.0882695
0.232258 0.0373015 0.0573388 0.149712 0.0411502 0.046083 9.9991E-05 0.436057
0.222498 0.0342624 0.0264437 0.174495 0.0368273 0.0366516 9.9991E-05 0.468723
0.23823 0.0200411 0.0813013 0.123979 0.0532507 9.9982E-05 9.9982E-05 0.482999
0.190472 0.0460992 0.0465502 0.135401 0.0550617 9.9982E-05 9.9982E-05 0.526216
0.0302893 0.00122518 9.9982E-05 0.898728 9.9982E-05 0.0291043 0.018825 0.021628
9.994E-05 9.994E-05 9.994E-05 0.9993 9.994E-05 9.994E-05 9.994E-05 9.994E-05
0.0124284 9.9955E-05 9.9955E-05 0.978356 0.00871622 9.9955E-05 9.9955E-05 9.9955E-05
9.994E-05 9.994E-05 9.994E-05 0.9993 9.994E-05 9.994E-05 9.994E-05 9.994E-05
0.00072773 0.00163898 0.00325062 0.97954 0.0127798 9.9982E-05 0.00186246 9.9982E-05
0.0108232 9.9964E-05 9.9964E-05 0.942231 0.0329644 0.0135818 9.9964E-05 9.9964E-05
0.0183697 0.00587032 0.00627936 0.923403 0.00830903 9.9982E-05 9.9982E-05 0.037569
9.9991E-05 0.00733046 0.0405914 0.757702 0.0314537 0.0357135 0.0628084 0.0643011
9.9982E-05 9.9982E-05 0.02398 0.854556 0.0173059 0.00385118 0.0357985 0.0643081
0.995394 9.9946E-05 0.00400654 9.9946E-05 9.9946E-05 9.9946E-05 9.9946E-05 9.9946E-05
0.9993 9.994E-05 9.994E-05 9.994E-05 9.994E-05 9.994E-05 9.994E-05 9.994E-05
0.9993 9.994E-05 9.994E-05 9.994E-05 9.994E-05 9.994E-05 9.994E-05 9.994E-05
0.9993 9.994E-05 9.994E-05 9.994E-05 9.994E-05 9.994E-05 9.994E-05 9.994E-05
0.9993 9.994E-05 9.994E-05 9.994E-05 9.994E-05 9.994E-05 9.994E-05 9.994E-05
0.869588 0.0138783 9.9973E-05 9.9973E-05 0.0378733 9.9973E-05 0.00754068 0.0708196
0.9993 9.994E-05 9.994E-05 9.994E-05 9.994E-05 9.994E-05 9.994E-05 9.994E-05
0.9993 9.994E-05 9.994E-05 9.994E-05 9.994E-05 9.994E-05 9.994E-05 9.994E-05
0.996653 0.00274703 9.9946E-05 9.9946E-05 9.9946E-05 9.9946E-05 9.9946E-05 9.9946E-05
0.96528 9.9964E-05 0.0129747 9.9964E-05 0.000775967 0.0205694 9.9964E-05 9.9964E-05
0.9993 9.994E-05 9.994E-05 9.994E-05 9.994E-05 9.994E-05 9.994E-05 9.994E-05
0.9993 9.994E-05 9.994E-05 9.994E-05 9.994E-05 9.994E-05 9.994E-05 9.994E-05
