9.994E-05 9.994E-05 9.994E-05 9.994E-05 9.994E-05 9.994E-05 0.9993 9.994E-05
9.9964E-05 9.9964E-05 0.127702 0.0148068 9.9964E-05 9.9964E-05 0.827285 0.0298068
9.9946E-05 9.9946E-05 9.9946E-05 9.9946E-05 0.47846 9.9946E-05 0.52094 9.9946E-05
0.140017 9.9973E-05 9.9973E-05 0.00995203 0.459933 9.9973E-05 0.334122 0.0556774
9.9964E-05 0.135128 0.0623557 9.9964E-05 9.9964E-05 9.9964E-05 0.718191 0.0839252
0.145993 9.9955E-05 9.9955E-05 9.9955E-05 9.9955E-05 9.9955E-05 0.847368 0.00613988
0.0496443 0.0622289 9.9964E-05 9.9964E-05 9.9964E-05 0.0977608 0.789966 9.9964E-05
0.136206 0.0361584 9.9973E-05 0.0148294 9.9973E-05 0.0318527 0.780653 9.9973E-05
0.0610867 9.9973E-05 0.0158654 9.9973E-05 0.411729 0.0561122 0.454907 9.9973E-05
0.0475803 0.0029606 0.127817 0.0370606 9.9982E-05 0.269699 0.514683 9.9982E-05
9.994E-05 9.994E-05 9.994E-05 9.994E-05 9.994E-05 9.994E-05 9.994E-05 0.9993
0.817252 9.9955E-05 9.9955E-05 9.9955E-05 9.9955E-05 0.0698245 9.9955E-05 0.112424
0.372666 9.9955E-05 9.9955E-05 9.9955E-05 9.9955E-05 9.9955E-05 0.223904 0.402931
0.83215 0.0332598 0.0482732 0.0510587 9.9982E-05 0.0124354 0.0226231 9.9982E-05
0.310544 0.000625899 0.0773353 0.0410074 0.001302 0.0422014 0.0384429 0.488541
0.948961 9.9955E-05 9.9955E-05 9.9955E-05 9.9955E-05 9.9955E-05 0.0049205 0.045619
0.960687 0.000159144 9.9955E-05 9.9955E-05 9.9955E-05 9.9955E-05 9.9955E-05 0.0386541
0.6593 9.9955E-05 0.0700854 9.9955E-05 0.270115 9.9955E-05 9.9955E-05 9.9955E-05
0.535296 0.136903 0.0177303 0.0182187 9.9982E-05 0.116951 9.9982E-05 0.1747
0.902914 9.9946E-05 9.9946E-05 9.9946E-05 0.0964862 9.9946E-05 9.9946E-05 9.9946E-05
0.752439 0.0468175 0.095355 0.00111098 0.00284343 9.9991E-05 0.0647834 0.0365512
0.488381 9.9973E-05 0.0525422 9.9973E-05 9.9973E-05 0.00830194 0.289942 0.160533
0.955625 9.9973E-05 0.0232837 0.0165171 9.9973E-05 9.9973E-05 0.000474599 0.00379962
0.912531 9.9946E-05 0.086869 9.9946E-05 9.9946E-05 9.9946E-05 9.9946E-05 9.9946E-05
0.585535 9.9964E-05 0.146907 9.9964E-05 9.9964E-05 0.0485451 9.9964E-05 0.218613
0.602536 9.9982E-05 0.169397 9.9982E-05 0.0341123 0.0709149 0.0994173 0.0234231
0.0426281 0.176082 9.9964E-05 9.9964E-05 0.206648 9.9964E-05 9.9964E-05 0.574242
0.240986 0.0358631 0.354326 9.9991E-05 0.0179871 0.0195114 0.0838814 0.247344
0.290404 9.9982E-05 0.208005 9.9982E-05 0.0276793 0.211981 0.00950238 0.252228
9.9946E-05 9.9946E-05 0.0455584 9.9946E-05 9.9946E-05 9.9946E-05 9.9946E-05 0.953842
9.994E-05 9.994E-05 9.994E-05 9.994E-05 0.9993 9.994E-05 9.994E-05 9.994E-05
9.9955E-05 9.9955E-05 9.9955E-05 0.018337 0.980607 9.9955E-05 9.9955E-05 0.000556122
0.0319866 0.0919796 0.0944158 9.9982E-05 0.0183512 0.752125 9.9982E-05 0.0109415
9.9946E-05 0.0461436 9.9946E-05 9.9946E-05 9.9946E-05 0.953257 9.9946E-05 9.9946E-05
0.0146489 9.9982E-05 0.00959024 0.0103036 0.231587 0.481497 9.9982E-05 0.252174
9.994E-05 9.994E-05 9.994E-05 9.994E-05 9.994E-05 0.9993 9.994E-05 9.994E-05
0.114419 0.0414079 0.0435905 9.9973E-05 9.9973E-05 0.631003 0.169279 9.9973E-05
0.0236639 9.9973E-05 0.087116 9.9973E-05 0.0191215 0.840562 9.9973E-05 0.0292362
9.996E-05 0.102979 9.996E-05 9.996E-05 0.0102171 0.817286 9.996E-05 0.0691174
0.0284238 0.0847974 0.258032 0.00311421 9.9982E-05 0.484641 9.9982E-05 0.140792
9.9955E-05 9.9955E-05 0.0237908 9.9955E-05 0.198714 0.776995 9.9955E-05 9.9955E-05
0.132864 0.089869 0.405052 9.9991E-05 0.0668435 0.207142 0.0620318 0.0360968
9.9964E-05 9.9964E-05 0.165367 9.9964E-05 0.0583252 0.724845 9.9964E-05 0.0510636
9.9955E-05 9.9955E-05 9.9955E-05 0.0117824 9.9955E-05 0.986894 9.9955E-05 0.000823672
9.997E-05 0.269416 0.148764 9.997E-05 0.0268 0.50426 9.997E-05 0.0504607
0.109097 0.78686 0.0308548 9.9973E-05 0.0150456 0.0578421 9.9973E-05 9.9973E-05
9.9982E-05 0.620061 0.0970313 0.0218334 0.0491272 0.190336 0.0214118 9.9982E-05
9.9955E-05 0.865377 0.0642129 9.9955E-05 0.0699101 9.9955E-05 9.9955E-05 9.9955E-05
0.114532 0.682973 9.9982E-05 9.9982E-05 0.00286001 0.0645722 0.111339 0.0235239
9.9982E-05 0.360595 0.158249 9.9982E-05 0.0155581 0.359316 0.054503 0.0515791
9.9964E-05 0.814494 0.155435 0.0222392 0.00743135 9.9964E-05 9.9964E-05 9.9964E-05
9.9946E-05 0.98313 9.9946E-05 9.9946E-05 9.9946E-05 9.9946E-05 9.9946E-05 0.0162705
9.9964E-05 0.750761 0.20724 0.0010784 9.9964E-05 9.9964E-05 9.9964E-05 0.0405206
9.9973E-05 0.841354 0.0205373 9.9973E-05 0.00397782 0.107787 9.9973E-05 0.0260439
9.9955E-05 0.86843 9.9955E-05 9.9955E-05 0.0171987 0.113872 9.9955E-05 9.9955E-05
9.9955E-05 0.947084 9.9955E-05 0.0494585 0.00295798 9.9955E-05 9.9955E-05 9.9955E-05
0.0494973 0.105469 0.81688 0.0116657 9.9973E-05 9.9973E-05 0.0161881 9.9973E-05
0.125929 0.121513 0.676189 9.9973E-05 0.0545121 9.9973E-05 0.0215576 9.9973E-05
0.0287174 0.123446 0.755012 9.9973E-05 0.0914455 9.9973E-05 0.00107968 9.9973E-05
9.9973E-05 0.0648351 0.686892 9.9973E-05 9.9973E-05 0.070547 0.133318 0.0441086
0.0532655 0.108793 0.819486 9.9973E-05 0.00798902 9.9973E-05 0.0101665 9.9973E-05
9.9964E-05 9.9964E-05 0.527311 0.101201 9.9964E-05 0.3032 0.0678885 9.9964E-05
9.9964E-05 0.0244149 0.798095 9.9964E-05 9.9964E-05 0.176143 0.000947257 9.9964E-05
9.99551E-05 9.99551E-05 0.958576 0.0365346 0.00439006 9.99551E-05 9.99551E-05 9.99551E-05
0.0841013 9.9955E-05 0.883948 9.9955E-05 9.9955E-05 0.0314507 9.9955E-05 9.9955E-05
9.99461E-05 9.99461E-05 0.998927 9.99461E-05 9.99461E-05 9.99461E-05 9.99461E-05 0.000473792
9.994E-05 9.994E-05 0.9993 9.994E-05 9.994E-05 9.994E-05 9.994E-05 9.994E-05
9.9946E-05 9.9946E-05 0.976146 9.9946E-05 9.9946E-05 9.9946E-05 9.9946E-05 0.0232548
9.994E-05 9.994E-05 0.9993 9.994E-05 9.994E-05 9.994E-05 9.994E-05 9.994E-05
9.994E-05 9.994E-05 0.9993 9.994E-05 9.994E-05 9.994E-05 9.994E-05 9.994E-05
9.99551E-05 9.99551E-05 0.899696 9.99551E-05 0.0255829 0.0742218 9.99551E-05 9.99551E-05
9.99551E-05 9.99551E-05 0.691052 9.99551E-05 9.99551E-05 0.211868 0.0965797 9.99551E-05
9.99461E-05 9.99461E-05 0.981312 9.99461E-05 9.99461E-05 9.99461E-05 0.018088 9.99461E-05
0.00658907 0.0876254 0.666525 0.0824293 9.9973E-05 0.156532 9.9973E-05 9.9973E-05
0.0860119 0.0432754 0.32686 0.494215 9.9973E-05 0.0493378 9.9973E-05 9.9973E-05
9.994E-05 9.994E-05 9.994E-05 0.9993 9.994E-05 9.994E-05 9.994E-05 9.994E-05
9.9973E-05 9.9973E-05 0.585258 0.0617675 9.9973E-05 0.285392 0.00713037 0.0601514
