9.994E-05 0.9993 9.994E-05 9.994E-05 9.994E-05 9.994E-05 9.994E-05 9.994E-05
9.9964E-05 0.254819 9.9964E-05 9.9964E-05 0.580823 0.0769547 9.9964E-05 0.0870033
9.9964E-05 0.236608 9.9964E-05 9.9964E-05 0.600455 0.137995 9.9964E-05 0.0245418
9.99551E-05 0.19229 9.99551E-05 9.99551E-05 0.782434 9.99551E-05 0.0247755 9.99551E-05
0.00987966 0.112898 9.9973E-05 0.0743951 0.722615 9.9973E-05 0.0799127 9.9973E-05
0.0074092 0.175224 9.9973E-05 9.9973E-05 0.598743 0.0346602 0.183664 9.9973E-05
9.9946E-05 0.269915 9.9946E-05 9.9946E-05 0.729485 9.9946E-05 9.9946E-05 9.9946E-05
9.9982E-05 0.267677 9.9982E-05 0.0110095 0.574806 0.0978482 0.00437129 0.0440875
9.9982E-05 0.159705 9.9982E-05 0.0317341 0.597547 0.0765169 0.110111 0.0241868
9.994E-05 0.9993 9.994E-05 9.994E-05 9.994E-05 9.994E-05 9.994E-05 9.994E-05
9.994E-05 0.9993 9.994E-05 9.994E-05 9.994E-05 9.994E-05 9.994E-05 9.994E-05
9.994E-05 0.9993 9.994E-05 9.994E-05 9.994E-05 9.994E-05 9.994E-05 9.994E-05
9.994E-05 0.9993 9.994E-05 9.994E-05 9.994E-05 9.994E-05 9.994E-05 9.994E-05
0.067515 0.886981 9.9955E-05 9.9955E-05 0.0450047 9.9955E-05 9.9955E-05 9.9955E-05
9.9946E-05 0.970113 9.9946E-05 9.9946E-05 9.9946E-05 0.0292875 9.9946E-05 9.9946E-05
9.9982E-05 0.201885 0.022763 0.0409594 0.490895 0.0274429 0.215855 9.9982E-05
0.100032 0.196883 0.0527335 0.0726953 0.287346 0.0569942 0.147226 0.0860905
9.9964E-05 0.152877 9.9964E-05 0.00116657 0.735494 9.9964E-05 0.110063 9.9964E-05
0.0543184 9.9964E-05 9.9964E-05 0.03606 0.901483 9.9964E-05 9.9964E-05 0.00773917
0.0865486 9.9964E-05 0.0176367 9.9964E-05 0.893442 9.9964E-05 0.00197315 9.9964E-05
9.9964E-05 0.0467414 9.9964E-05 0.0643251 0.884381 9.9964E-05 9.9964E-05 0.00415245
0.0700568 9.9964E-05 0.0299574 9.9964E-05 0.817979 0.0816072 9.9964E-05 9.9964E-05
0.104289 9.9964E-05 9.9964E-05 0.008769 0.870913 0.0156287 9.9964E-05 9.9964E-05
0.0174307 0.00224105 0.0294676 9.9982E-05 0.941415 0.00790087 9.9982E-05 0.00134435
9.9973E-05 9.9973E-05 0.00862221 0.0437687 0.864281 9.9973E-05 0.0755337 0.00749399
0.0231638 9.9973E-05 0.0432695 0.075752 0.61419 9.9973E-05 0.243325 9.9973E-05
0.0414854 9.9973E-05 9.9973E-05 0.106517 0.674519 0.0867621 0.0904175 9.9973E-05
9.9964E-05 9.9964E-05 0.0183591 9.9964E-05 0.974261 0.00468882 0.00229144 9.9964E-05
0.035765 0.0192106 0.0231236 0.0508288 0.7923 9.9982E-05 0.0785718 9.9982E-05
9.9964E-05 0.0247885 0.0127077 9.9964E-05 0.960811 9.9964E-05 0.00129254 9.9964E-05
0.057106 0.0301005 9.9955E-05 9.9955E-05 0.912294 9.9955E-05 9.9955E-05 9.9955E-05
0.0314149 9.9982E-05 0.0474907 0.0500212 0.801014 9.9982E-05 0.0678033 0.00205545
0.0519149 9.9991E-05 0.0478397 0.0245203 0.798288 0.059269 0.00600526 0.012063
0.00925162 0.00765868 0.122565 0.0116972 0.668599 0.0739498 0.0920511 0.0142273
0.134701 9.9964E-05 0.000493009 9.9964E-05 0.856447 0.00795874 9.9964E-05 9.9964E-05
9.9955E-05 0.0230591 9.9955E-05 9.9955E-05 0.938443 9.9955E-05 0.0379986 9.9955E-05
0.0295478 9.9955E-05 9.9955E-05 9.9955E-05 0.502321 9.9955E-05 0.467632 9.9955E-05
0.0996114 9.9991E-05 0.048724 0.0447033 0.549113 0.0209459 0.209639 0.0271633
0.0108911 9.9982E-05 9.9982E-05 0.0970719 0.598019 0.0649035 0.14854 0.080374
9.9973E-05 9.9973E-05 0.0650422 0.0390266 0.594173 9.9973E-05 0.274357 0.0271014
9.9982E-05 9.9982E-05 0.0650539 0.0542689 0.0959903 0.0593212 0.686189 0.0389771
0.0289581 0.0120832 0.0959418 0.0896122 0.0900696 0.0596137 0.617731 0.00599076
9.9982E-05 0.0346848 0.0437041 9.9982E-05 0.2515 0.0788238 0.540662 0.0504253
9.9982E-05 9.9982E-05 0.0192053 0.0113449 0.100162 0.0404923 0.793791 0.0348041
9.9973E-05 9.9973E-05 0.0412935 0.0472907 0.22641 0.0524151 0.632291 9.9973E-05
9.9946E-05 0.000135888 9.9946E-05 9.9946E-05 9.9946E-05 9.9946E-05 0.999264 9.9946E-05
9.994E-05 9.994E-05 9.994E-05 9.994E-05 9.994E-05 9.994E-05 0.9993 9.994E-05
0.0289888 9.9982E-05 0.0139731 0.016543 0.436747 0.0365657 0.466983 9.9982E-05
9.9982E-05 0.0640224 0.073733 0.0990439 0.146926 0.0347952 0.58128 9.9982E-05
9.9982E-05 0.0825599 0.0690466 9.9982E-05 0.374186 0.0215556 0.421747 0.0307058
9.9982E-05 0.0204764 9.9982E-05 0.0488062 0.231383 0.0522529 0.629671 0.017211
0.00444103 9.9973E-05 9.9973E-05 0.00987156 0.191952 0.0265081 0.766928 9.9973E-05
9.9955E-05 0.00482263 9.9955E-05 9.9955E-05 0.0153865 9.9955E-05 0.979291 9.9955E-05
0.108679 0.0269151 0.0435014 0.0412614 0.188581 9.9982E-05 0.590862 9.9982E-05
0.0480616 0.0364073 0.0505796 0.0265684 0.20839 9.9991E-05 0.599246 0.0306465
9.9982E-05 9.9982E-05 0.0637902 0.0142224 0.162295 0.0968178 0.645245 0.0174298
0.00398095 0.0610111 0.0510491 0.0731152 0.187953 0.0587346 0.564056 9.9991E-05
9.9973E-05 9.9973E-05 0.0483575 0.0565475 0.218392 9.9973E-05 0.644297 0.0321064
9.994E-05 9.994E-05 9.994E-05 9.994E-05 9.994E-05 9.994E-05 0.9993 9.994E-05
9.9973E-05 0.0412923 9.9973E-05 0.153343 0.263624 9.9973E-05 0.491691 0.0497497
9.9964E-05 9.9964E-05 0.0754779 0.0752723 0.217661 9.9964E-05 0.631189 9.9964E-05
9.99641E-05 0.0333064 0.0378788 9.99641E-05 9.99641E-05 9.99641E-05 0.900271 0.0281443
0.0291044 9.9991E-05 0.0175033 0.00400889 0.125831 0.0927664 0.678541 0.0521443
0.0522415 9.9955E-05 9.9955E-05 0.0164783 9.9955E-05 9.9955E-05 0.93078 9.9955E-05
9.9973E-05 0.0252596 0.00232024 0.0160089 0.098596 9.9973E-05 0.857515 9.9973E-05
0.022027 0.00859217 9.9964E-05 9.9964E-05 9.9964E-05 0.0263368 0.942644 9.9964E-05
9.9955E-05 9.9955E-05 9.9955E-05 0.0329649 9.9955E-05 9.9955E-05 0.939035 0.0275002
0.0930668 0.035397 0.00611585 9.9982E-05 9.9982E-05 0.0200182 0.82139 0.0238119
0.0149591 9.9991E-05 0.000844445 0.0207234 0.330241 0.0104996 0.618467 0.00416562
9.994E-05 9.994E-05 9.994E-05 9.994E-05 9.994E-05 9.994E-05 0.9993 9.994E-05
9.9973E-05 0.0273495 9.9973E-05 9.9973E-05 0.11136 0.0708415 0.735749 0.0544
0.0434664 9.9982E-05 0.0749343 9.9982E-05 0.0515567 0.0337993 0.751554 0.0444889
9.9955E-05 0.0857201 9.9955E-05 0.0136343 9.9955E-05 9.9955E-05 0.900146 9.9955E-05
9.9955E-05 0.0428124 9.9955E-05 0.00628278 9.9955E-05 9.9955E-05 0.950405 9.9955E-05
0.0658065 0.0697827 0.0771911 9.9973E-05 9.9973E-05 9.9973E-05 0.785228 0.00169132
0.00459545 0.00409659 9.9964E-05 0.0454029 9.9964E-05 9.9964E-05 0.945505 9.9964E-05
0.0157791 9.9982E-05 9.9982E-05 0.00736325 0.0133874 0.0279306 0.893684 0.0416557
0.10771 0.0270265 0.0457243 9.9982E-05 0.00780615 9.9982E-05 0.739552 0.0719812
0.0602293 9.9991E-05 0.139254 0.0662836 0.0142692 0.0998537 0.492604 0.127406
0.0924793 9.9982E-05 0.061463 0.0337931 9.9982E-05 0.0188947 0.676352 0.116818
0.0706958 9.9982E-05 0.0838035 0.0535922 9.9982E-05 0.036212 0.695761 0.0597354
0.0430811 9.9982E-05 0.0754758 0.0551094 9.9982E-05 0.052533 0.66457 0.109031
0.125202 9.9982E-05 0.0761304 0.0504587 9.9982E-05 0.0115467 0.621096 0.115367
0.010023 9.9982E-05 0.139417 0.064771 0.183705 9.9982E-05 0.457667 0.144218
0.114133 9.9991E-05 0.051963 0.0363784 0.0909748 0.0101639 0.514693 0.181594
0.0195584 9.9991E-05 0.12442 0.0625345 0.0533864 0.11029 0.454439 0.175271
0.0164654 0.0574525 0.135251 0.048491 0.137833 0.0816732 0.431478 0.0913567
9.9973E-05 9.9973E-05 0.140439 0.0736174 0.158177 9.9973E-05 0.476909 0.150558
0.0480673 9.9991E-05 0.0738388 0.0602681 0.0229859 0.044516 0.589 0.161224
0.0402435 0.0352985 0.110362 0.106534 0.0319039 0.0817019 0.475172 0.118784
0.202321 0.0455207 0.0530826 9.9991E-05 0.070989 0.045433 0.505314 0.0772392
0.156313 0.0319593 0.0954363 9.9991E-05 0.0327392 0.0451673 0.545968 0.0923165
0.00845487 0.02024 0.0504492 0.205369 0.0708124 0.0908618 0.32887 0.224942
9.994E-05 9.994E-05 9.994E-05 9.994E-05 9.994E-05 9.994E-05 9.994E-05 0.9993
0.0177253 0.0177833 9.9982E-05 9.9982E-05 0.00149216 0.00511297 0.0169017 0.940785
0.0284096 9.9964E-05 9.9964E-05 9.9964E-05 0.0700956 9.9964E-05 0.0259139 0.875181
9.994E-05 9.994E-05 9.994E-05 9.994E-05 9.994E-05 9.994E-05 9.994E-05 0.9993
9.994E-05 9.994E-05 9.994E-05 9.994E-05 9.994E-05 9.994E-05 9.994E-05 0.9993
9.994E-05 9.994E-05 9.994E-05 9.994E-05 9.994E-05 9.994E-05 9.994E-05 0.9993
9.9946E-05 9.9946E-05 9.9946E-05 9.9946E-05 0.00313241 9.9946E-05 9.9946E-05 0.996268
0.0011907 9.9982E-05 9.9982E-05 0.00164762 0.0827444 0.00320409 0.00626394 0.904749
9.99461E-05 9.99461E-05 9.99461E-05 9.99461E-05 9.99461E-05 9.99461E-05 0.0120229 0.987377
9.994E-05 9.994E-05 9.994E-05 9.994E-05 9.994E-05 9.994E-05 9.994E-05 0.9993
0.117563 0.0131095 0.324124 0.101916 0.107603 0.0857905 0.169165 0.0807284
0.064673 9.9964E-05 9.9964E-05 9.9964E-05 9.9964E-05 0.0226516 0.02402 0.888255
9.994E-05 9.994E-05 9.994E-05 9.994E-05 9.994E-05 9.994E-05 9.994E-05 0.9993
0.0281241 0.00313675 9.9964E-05 0.0431351 9.9964E-05 9.9964E-05 9.9964E-05 0.925204
0.147566 9.9982E-05 0.216542 0.126737 9.9982E-05 0.0512477 0.343749 0.113958
0.136961 0.00235442 0.216117 0.0844864 0.00730052 0.0607743 0.360721 0.131285
0.182481 0.0186123 0.184152 0.059928 0.0226084 0.109592 0.316076 0.10655
0.132572 9.9982E-05 0.21339 0.0942482 9.9982E-05 0.0413146 0.354542 0.163733
0.153319 9.9991E-05 0.248396 0.0865282 0.0231853 0.0396636 0.327437 0.12137
0.243113 9.9982E-05 0.216234 0.0530632 0.170412 9.9982E-05 0.244248 0.0727295
0.138074 9.9991E-05 0.139961 0.0765609 0.0768619 0.019002 0.380522 0.168919
0.187052 9.9982E-05 0.207363 0.0597619 9.9982E-05 0.00138116 0.424906 0.119336
0.179882 9.9991E-05 0.126002 0.0606905 0.0557872 0.073985 0.26494 0.238613
0.197701 9.9991E-05 0.183081 0.0834452 0.00444777 0.0736011 0.245351 0.212273
0.1042 9.9991E-05 0.164951 0.0828612 0.103957 0.0633211 0.347532 0.133078
0.29553 0.000114373 0.120888 0.0645009 9.9991E-05 0.0502584 0.322504 0.146105
0.119579 0.0192211 0.198588 0.0803239 9.9991E-05 0.0782198 0.434787 0.0691819
0.105576 0.00986313 0.20934 0.0886249 0.00988352 0.0611694 0.361966 0.153576
0.0521851 9.9964E-05 0.911929 0.0221245 9.9964E-05 0.0133618 9.9964E-05 9.9964E-05
0.0240805 0.0267889 0.896263 0.0383421 0.014225 9.9973E-05 9.9973E-05 9.9973E-05
9.994E-05 9.994E-05 0.9993 9.994E-05 9.994E-05 9.994E-05 9.994E-05 9.994E-05
9.9946E-05 9.9946E-05 0.992661 0.00673956 9.9946E-05 9.9946E-05 9.9946E-05 9.9946E-05
9.994E-05 9.994E-05 0.9993 9.994E-05 9.994E-05 9.994E-05 9.994E-05 9.994E-05
9.9946E-05 9.9946E-05 0.988798 9.9946E-05 9.9946E-05 9.9946E-05 9.9946E-05 0.0106023
0.0221752 9.9946E-05 0.977225 9.9946E-05 9.9946E-05 9.9946E-05 9.9946E-05 9.9946E-05
0.0599398 0.0372406 0.769827 9.9964E-05 9.9964E-05 9.9964E-05 0.132593 9.9964E-05
9.994E-05 9.994E-05 0.9993 9.994E-05 9.994E-05 9.994E-05 9.994E-05 9.994E-05
9.994E-05 9.994E-05 0.9993 9.994E-05 9.994E-05 9.994E-05 9.994E-05 9.994E-05
0.0688545 0.039018 0.891628 9.99551E-05 9.99551E-05 9.99551E-05 9.99551E-05 9.99551E-05
9.9946E-05 9.9946E-05 0.99182 9.9946E-05 9.9946E-05 9.9946E-05 9.9946E-05 0.00758066
0.0200693 9.9973E-05 0.71439 9.9973E-05 9.9973E-05 0.0978115 0.152896 0.0145338
9.994E-05 9.994E-05 9.994E-05 9.994E-05 9.994E-05 0.9993 9.994E-05 9.994E-05
0.0620193 9.9982E-05 0.187973 0.0623104 9.9982E-05 0.111682 0.412805 0.163009
9.994E-05 9.994E-05 9.994E-05 9.994E-05 9.994E-05 0.9993 9.994E-05 9.994E-05
9.994E-05 9.994E-05 9.994E-05 9.994E-05 9.994E-05 0.9993 9.994E-05 9.994E-05
0.0460215 9.99551E-05 9.99551E-05 9.99551E-05 9.99551E-05 0.952017 9.99551E-05 0.00146142
9.9982E-05 0.0249329 0.0578387 9.9982E-05 0.035959 0.769382 0.0656864 0.0460012
9.994E-05 9.994E-05 9.994E-05 9.994E-05 9.994E-05 0.9993 9.994E-05 9.994E-05
0.0294584 9.9973E-05 9.9973E-05 0.00358846 9.9973E-05 0.80097 0.150312 0.0153711
0.0222835 9.99586E-05 9.99586E-05 9.99586E-05 0.00874565 0.968471 9.99586E-05 9.99586E-05
9.9946E-05 9.9946E-05 9.9946E-05 9.9946E-05 9.9946E-05 0.958373 0.0410275 9.9946E-05
9.994E-05 9.994E-05 9.994E-05 9.994E-05 9.994E-05 0.9993 9.994E-05 9.994E-05
9.99461E-05 9.99461E-05 9.99461E-05 0.00771789 9.99461E-05 0.991682 9.99461E-05 9.99461E-05
9.9973E-05 9.9973E-05 0.0136316 9.9973E-05 0.00802289 0.952159 0.011197 0.01469
0.00568673 9.9982E-05 0.0602072 0.0680992 9.9982E-05 0.827531 0.0237803 0.014496
0.0234762 9.9964E-05 9.9964E-05 9.9964E-05 0.0133643 0.960769 0.00199076 9.9964E-05
0.0407165 9.9973E-05 0.0213086 9.9973E-05 9.9973E-05 0.837926 0.0869075 0.0128418
0.032118 0.00250085 0.00786491 0.0409856 9.9991E-05 0.881002 0.0315112 0.00391722
9.9973E-05 0.025613 9.9973E-05 0.0443656 0.0179941 0.866589 0.0451383 9.9973E-05
9.9955E-05 9.9955E-05 0.0371866 9.9955E-05 0.0024804 0.959833 9.9955E-05 9.9955E-05
0.179528 0.0376468 0.0674072 0.220786 9.9991E-05 0.0345039 0.410039 0.0499886
0.158477 0.0169143 0.0902 0.275778 9.9991E-05 0.012178 0.364063 0.0822897
0.205084 0.0284898 0.0528123 0.174931 9.9991E-05 0.0425852 0.349384 0.146613
0.146024 0.0384881 0.0387269 0.243142 9.9991E-05 0.0439745 0.407956 0.081589
0.979864 9.9955E-05 0.00330045 9.9955E-05 0.0163359 9.9955E-05 9.9955E-05 9.9955E-05
0.9993 9.994E-05 9.994E-05 9.994E-05 9.994E-05 9.994E-05 9.994E-05 9.994E-05
0.962042 9.9955E-05 9.9955E-05 0.0212093 9.9955E-05 9.9955E-05 9.9955E-05 0.0162485
0.9993 9.994E-05 9.994E-05 9.994E-05 9.994E-05 9.994E-05 9.994E-05 9.994E-05
0.9993 9.994E-05 9.994E-05 9.994E-05 9.994E-05 9.994E-05 9.994E-05 9.994E-05
0.9984 9.9946E-05 9.9946E-05 0.00100069 9.9946E-05 9.9946E-05 9.9946E-05 9.9946E-05
0.995026 9.9946E-05 9.9946E-05 9.9946E-05 9.9946E-05 9.9946E-05 9.9946E-05 0.00437394
0.782783 0.0184868 0.0450345 0.0432398 0.056905 0.0135078 0.0399431 9.9991E-05
0.8029 0.0295009 0.0122378 0.00553199 0.0118572 0.010244 0.10885 0.0188779
9.9964E-05 0.0146353 0.00312616 0.980975 9.9964E-05 9.9964E-05 9.9964E-05 0.000863688
9.994E-05 9.994E-05 9.994E-05 0.9993 9.994E-05 9.994E-05 9.994E-05 9.994E-05
9.994E-05 9.994E-05 9.994E-05 0.9993 9.994E-05 9.994E-05 9.994E-05 9.994E-05
9.994E-05 9.994E-05 9.994E-05 0.9993 9.994E-05 9.994E-05 9.994E-05 9.994E-05
9.994E-05 9.994E-05 9.994E-05 0.9993 9.994E-05 9.994E-05 9.994E-05 9.994E-05
0.0525649 9.9973E-05 9.9973E-05 0.781382 9.9973E-05 0.0317034 0.125553 0.00849725
9.994E-05 9.994E-05 9.994E-05 0.9993 9.994E-05 9.994E-05 9.994E-05 9.994E-05
9.994E-05 9.994E-05 9.994E-05 0.9993 9.994E-05 9.994E-05 9.994E-05 9.994E-05
0.00524935 0.0102705 9.9964E-05 0.976868 9.9964E-05 9.9964E-05 0.00721229 9.9964E-05
9.9955E-05 9.9955E-05 0.00143626 0.966177 9.9955E-05 0.0318869 9.9955E-05 9.9955E-05
9.994E-05 9.994E-05 9.994E-05 0.9993 9.994E-05 9.994E-05 9.994E-05 9.994E-05
0.0060798 9.9955E-05 9.9955E-05 0.974255 0.0191651 9.9955E-05 9.9955E-05 9.9955E-05
