0.9998 9.999E-05 9.999E-05
0.901399 9.9991E-05 0.0985008
0.953155 9.9991E-05 0.046745
0.563923 0.247359 0.188718
0.795876 0.000357497 0.203767
0.900169 0.0997308 9.9991E-05
0.825955 9.9991E-05 0.173945
0.839 0.0836767 0.0773231
0.691865 0.0232879 0.284847
0.591158 0.15687 0.251972
9.999E-05 0.9998 9.999E-05
9.9991E-05 0.973783 0.0261169
0.159089 0.840811 9.9991E-05
0.0601232 0.77207 0.167806
0.0717736 0.779986 0.14824
9.999E-05 0.9998 9.999E-05
9.999E-05 0.9998 9.999E-05
9.9991E-05 0.709191 0.290709
9.9991E-05 0.767067 0.232833
0.0276032 0.972297 9.9991E-05
0.0942723 0.837386 0.0683416
0.370443 0.604446 0.0251108
9.999E-05 0.9998 9.999E-05
0.0122803 0.890897 0.0968229
9.9991E-05 0.820451 0.179449
0.0435009 0.710728 0.245771
9.9991E-05 0.578087 0.421813
0.0154688 0.535767 0.448764
9.9991E-05 0.597596 0.402304
9.9991E-05 0.654323 0.345577
0.116837 9.9991E-05 0.883063
0.244848 0.10089 0.654262
0.00861115 0.142602 0.848787
0.0362182 0.219977 0.743804
0.037489 0.39536 0.567151
0.150435 0.0352174 0.814347
0.289296 0.139768 0.570935
0.0912366 0.198052 0.710712
0.0724908 0.19302 0.734489
0.06215 0.183846 0.754004
0.184309 0.0068833 0.808808
0.112243 0.112481 0.775276
0.0472358 0.177469 0.775295
9.9991E-05 0.273053 0.726847
0.0472442 0.0331048 0.919651
0.0425654 0.111071 0.846364
9.9991E-05 0.11742 0.88248
9.999E-05 9.999E-05 0.9998
0.0948147 0.193465 0.711721
0.128748 0.0297734 0.841478
0.016293 0.0595556 0.924151
0.0932951 0.0632255 0.843479
0.016464 9.9991E-05 0.983436
9.9991E-05 0.0904822 0.909418
9.999E-05 9.999E-05 0.9998
0.0151572 9.9991E-05 0.984743
9.9991E-05 0.018019 0.981881
0.0184777 0.122008 0.859515
0.0991469 9.9991E-05 0.900753
0.170442 0.0435808 0.785977
9.999E-05 9.999E-05 0.9998
0.121089 9.9991E-05 0.878811
0.0477939 0.019076 0.93313
9.999E-05 9.999E-05 0.9998
9.999E-05 9.999E-05 0.9998
9.999E-05 9.999E-05 0.9998
9.999E-05 9.999E-05 0.9998
9.9991E-05 0.0145223 0.985378
9.999E-05 9.999E-05 0.9998
9.999E-05 9.999E-05 0.9998
9.999E-05 9.999E-05 0.9998
0.0774375 9.9991E-05 0.922463
9.999E-05 9.999E-05 0.9998
0.0231814 0.0405657 0.936253
9.999E-05 9.999E-05 0.9998
9.999E-05 9.999E-05 0.9998
0.00424737 0.0829168 0.912836
