9.997E-05 9.997E-05 9.997E-05 9.997E-05 0.9996
9.999E-05 0.0529482 0.0468271 0.158328 0.741797
9.997E-05 9.997E-05 9.997E-05 0.9996 9.997E-05
0.154199 9.9982E-05 0.00967019 0.835931 9.9982E-05
9.9982E-05 0.171512 9.9982E-05 0.168055 0.660233
0.038464 9.9982E-05 9.9982E-05 0.0290071 0.932329
9.9982E-05 0.073816 0.0280371 9.9982E-05 0.897947
0.0598205 0.0732572 0.000588598 9.9991E-05 0.866234
9.9982E-05 0.302713 9.9982E-05 0.438278 0.258809
9.999E-05 0.156396 0.0684903 0.577529 0.197485
0.866112 9.9982E-05 0.0334459 0.100242 9.9982E-05
0.967884 0.0039584 0.0236383 0.00441956 9.9991E-05
0.693089 9.9982E-05 9.9982E-05 0.183154 0.123557
0.874638 0.0902433 0.0349183 9.9982E-05 9.9982E-05
0.761803 0.054212 0.0569223 0.126963 9.9991E-05
0.9996 9.997E-05 9.997E-05 9.997E-05 9.997E-05
0.9996 9.997E-05 9.997E-05 9.997E-05 9.997E-05
0.696388 0.30098 0.0024321 9.9982E-05 9.9982E-05
0.819686 0.177636 0.00247885 9.9982E-05 9.9982E-05
0.996276 9.9973E-05 9.9973E-05 0.00342359 9.9973E-05
0.714218 0.177104 9.9991E-05 0.0642164 0.0443618
0.55166 0.100233 9.9982E-05 9.9982E-05 0.347907
0.959264 9.9973E-05 9.9973E-05 9.9973E-05 0.0404365
0.924275 0.0754246 9.9973E-05 9.9973E-05 9.9973E-05
0.788745 0.199876 0.011179 9.9982E-05 9.9982E-05
0.605895 0.283516 9.9982E-05 9.9982E-05 0.110389
0.474068 0.525632 9.9973E-05 9.9973E-05 9.9973E-05
0.445347 0.455044 0.0359163 0.0635921 9.9991E-05
0.582519 0.402873 9.9982E-05 9.9982E-05 0.0144085
0.639509 0.360191 9.9973E-05 9.9973E-05 9.9973E-05
9.9973E-05 0.755185 9.9973E-05 0.244515 9.9973E-05
0.0544779 0.636226 9.9991E-05 0.254794 0.0544022
0.114404 0.838281 9.9982E-05 0.0471149 9.9982E-05
0.214224 0.771821 9.9991E-05 0.0105447 0.00331086
0.304328 0.639583 9.9982E-05 0.0558899 9.9982E-05
9.9982E-05 0.809042 9.9982E-05 0.182683 0.0080749
0.107129 0.559588 9.9982E-05 9.9982E-05 0.333083
0.225084 0.717497 9.9991E-05 0.04405 0.013269
0.135445 0.793207 9.9991E-05 0.0708062 0.000441996
0.138378 0.7789 0.0241222 0.0480112 0.010588
0.0169349 0.8277 9.9991E-05 0.0731555 0.0821101
0.196834 0.647265 9.9991E-05 0.104296 0.0515051
0.151979 0.768382 9.9991E-05 0.0640856 0.0154532
0.215728 0.724082 0.0110617 9.9991E-05 0.0490284
0.0487339 0.832222 9.9982E-05 0.118844 9.9982E-05
9.9973E-05 0.895525 9.9973E-05 9.9973E-05 0.104175
9.9973E-05 0.919786 9.9973E-05 9.9973E-05 0.0799137
9.997E-05 0.9996 9.997E-05 9.997E-05 9.997E-05
0.064686 0.771567 9.9982E-05 9.9982E-05 0.163547
9.9982E-05 0.842114 9.9982E-05 0.0643235 0.0933626
9.997E-05 0.9996 9.997E-05 9.997E-05 9.997E-05
9.9973E-05 0.873859 9.9973E-05 9.9973E-05 0.125841
9.9973E-05 0.945405 9.9973E-05 9.9973E-05 0.0542951
0.023041 0.957299 9.9982E-05 9.9982E-05 0.0194599
9.9973E-05 0.986984 9.9973E-05 0.0127166 9.9973E-05
9.9982E-05 0.95742 0.0324142 0.00996556 9.9982E-05
0.00268225 0.957909 0.0392086 9.9982E-05 9.9982E-05
0.11668 0.796597 0.00454653 9.9991E-05 0.0820762
0.0130146 0.942015 0.0203072 0.0245635 9.9991E-05
9.9982E-05 0.85776 0.0183209 9.9982E-05 0.123719
0.0101155 0.9619 0.0277848 9.9982E-05 9.9982E-05
9.9982E-05 0.756095 0.0952178 0.148487 9.9982E-05
9.9982E-05 0.927777 0.004462 0.0675607 9.9982E-05
9.9973E-05 0.909338 0.0903617 9.9973E-05 9.9973E-05
0.0418612 0.930119 0.0278203 9.9982E-05 9.9982E-05
9.9973E-05 0.955724 0.0439757 9.9973E-05 9.9973E-05
9.9973E-05 0.938638 0.0610626 9.9973E-05 9.9973E-05
9.9982E-05 0.967082 0.0296601 0.00305821 9.9982E-05
9.9973E-05 0.948394 0.0513061 9.9973E-05 9.9973E-05
9.9982E-05 0.972188 0.00217751 0.0254346 9.9982E-05
9.9973E-05 0.965094 0.034606 9.9973E-05 9.9973E-05
9.9982E-05 0.868327 0.0312059 9.9982E-05 0.100267
9.9982E-05 0.892684 0.0459686 0.0611469 9.9982E-05
9.9982E-05 0.861773 0.08948 9.9982E-05 0.0485472
0.0903251 0.33146 0.578015 9.9982E-05 9.9982E-05
9.997E-05 9.997E-05 0.9996 9.997E-05 9.997E-05
0.0255642 0.799107 0.0890691 0.0507816 0.0354776
