9.993E-05 0.999201 9.993E-05 9.993E-05 9.993E-05 9.993E-05 9.993E-05 9.993E-05 9.993E-05
0.0402047 0.251817 9.9964E-05 9.9964E-05 0.00937934 9.9964E-05 0.61517 9.9964E-05 0.0830295
0.09602 0.222214 9.9955E-05 9.9955E-05 9.9955E-05 9.9955E-05 0.645721 9.9955E-05 0.0355452
9.9955E-05 0.177944 9.9955E-05 9.9955E-05 9.9955E-05 9.9955E-05 0.765923 0.0399622 0.015671
9.9973E-05 0.0793418 0.100457 0.0331107 0.0270918 9.9973E-05 0.67704 0.0826588 9.9973E-05
0.0352664 0.115693 9.9964E-05 9.9964E-05 9.9964E-05 0.0703371 0.626024 0.15228 9.9964E-05
9.9937E-05 0.21689 9.9937E-05 9.9937E-05 9.9937E-05 9.9937E-05 0.782411 9.9937E-05 9.9937E-05
0.0977461 0.254999 9.9973E-05 9.9973E-05 9.9973E-05 0.0184619 0.514335 0.0970454 0.0171126
0.0320371 0.150157 9.9973E-05 0.0216403 9.9973E-05 9.9973E-05 0.689738 0.0778515 0.0282769
9.993E-05 0.999201 9.993E-05 9.993E-05 9.993E-05 9.993E-05 9.993E-05 9.993E-05 9.993E-05
9.993E-05 0.999201 9.993E-05 9.993E-05 9.993E-05 9.993E-05 9.993E-05 9.993E-05 9.993E-05
9.993E-05 0.999201 9.993E-05 9.993E-05 9.993E-05 9.993E-05 9.993E-05 9.993E-05 9.993E-05
9.993E-05 0.999201 9.993E-05 9.993E-05 9.993E-05 9.993E-05 9.993E-05 9.993E-05 9.993E-05
9.9955E-05 0.930192 0.04836 0.000482309 9.9955E-05 9.9955E-05 0.0204657 9.9955E-05 9.9955E-05
0.0184808 0.946271 0.0109882 9.9964E-05 0.0188405 9.9964E-05 9.9964E-05 9.9964E-05 0.00501988
0.0181576 0.138925 9.9982E-05 0.0128162 0.0586075 9.9982E-05 0.43583 0.301188 0.0342747
0.0994683 0.187957 0.0649524 0.0450659 0.00422003 9.9991E-05 0.391736 0.153862 0.0526383
9.9964E-05 0.146455 9.9964E-05 0.00537293 9.9964E-05 0.0429241 0.754065 0.0507832 9.9964E-05
9.9955E-05 9.9955E-05 0.0337009 0.0363788 9.9955E-05 9.9955E-05 0.880586 0.0488347 9.9955E-05
9.9964E-05 9.9964E-05 0.0608875 0.025058 0.0294781 0.0202358 0.863941 9.9964E-05 9.9964E-05
9.9964E-05 0.0210812 9.9964E-05 0.0403774 9.9964E-05 0.100643 0.827478 9.9964E-05 0.0100207
0.0535193 9.9973E-05 0.0819681 9.9973E-05 0.0228388 0.0393831 0.770393 9.9973E-05 0.0315975
0.0323101 9.9955E-05 0.121804 0.00621646 9.9955E-05 9.9955E-05 0.83917 9.9955E-05 9.9955E-05
0.00646578 0.00974287 0.0465957 9.9964E-05 0.0249102 9.9964E-05 0.911886 9.9964E-05 9.9964E-05
9.9946E-05 9.9946E-05 9.9946E-05 9.9946E-05 0.0310241 9.9946E-05 0.866661 0.101715 9.9946E-05
9.9973E-05 0.00134338 9.9973E-05 0.0714874 0.0886284 0.103743 0.636966 0.097531 9.9973E-05
0.0867067 9.9973E-05 0.0297875 0.122127 9.9973E-05 0.0594586 0.694915 0.0067046 9.9973E-05
0.0334042 9.9955E-05 9.9955E-05 9.9955E-05 0.0164206 9.9955E-05 0.898942 0.0507336 9.9955E-05
0.0180732 0.0374774 0.040572 0.03512 0.0189885 0.113803 0.735765 9.9982E-05 9.9982E-05
0.0109566 0.0498372 9.9955E-05 9.9955E-05 9.9955E-05 0.0936557 0.845051 9.9955E-05 9.9955E-05
9.9964E-05 0.0463498 0.101588 0.0188554 0.0302608 9.9964E-05 0.802546 9.9964E-05 9.9964E-05
0.0309397 9.9982E-05 0.00807557 0.0148386 0.0757072 0.0962063 0.744779 9.9982E-05 0.029254
0.0524483 9.9964E-05 0.0395001 9.9964E-05 9.9964E-05 0.13751 0.75575 9.9964E-05 0.0143916
0.0399391 0.0292797 9.9982E-05 0.00171514 0.0817617 0.191394 0.625503 0.0302077 9.9982E-05
9.9973E-05 9.9973E-05 0.162592 0.0188706 0.00386221 0.0201471 0.788697 0.00553124 9.9973E-05
9.9973E-05 0.0319633 0.000191641 0.00360566 9.9973E-05 0.057505 0.904271 0.00216332 9.9973E-05
9.9955E-05 9.9955E-05 0.0524554 9.9955E-05 9.9955E-05 0.125842 0.457715 0.363488 9.9955E-05
0.00549048 9.9973E-05 0.060749 0.0737173 9.9973E-05 0.247055 0.561383 0.0513051 9.9973E-05
0.0325095 9.9973E-05 9.9973E-05 0.0717925 9.9973E-05 0.262962 0.576155 0.0236353 0.0326465
9.9973E-05 0.00518905 0.00271202 0.0256541 9.9973E-05 0.326046 0.575994 0.064105 9.9973E-05
0.0148221 9.9982E-05 9.9982E-05 0.0232999 0.0897016 0.0494458 0.0186277 0.760724 0.0431793
0.0340471 0.0233968 9.9982E-05 0.0184595 0.0464547 0.0793894 0.0282732 0.769779 9.9982E-05
0.0686618 0.0342081 0.00943932 9.9982E-05 0.0905382 9.9982E-05 0.142576 0.613596 0.0407808
0.0491708 9.9982E-05 9.9982E-05 0.0196189 0.0503077 0.000611929 0.0219975 0.825071 0.0330218
0.0357449 9.9973E-05 9.9973E-05 0.0643415 0.00963527 0.1681 0.214684 0.507195 9.9973E-05
9.993E-05 9.993E-05 9.993E-05 9.993E-05 9.993E-05 9.993E-05 9.993E-05 0.999201 9.993E-05
9.993E-05 9.993E-05 9.993E-05 9.993E-05 9.993E-05 9.993E-05 9.993E-05 0.999201 9.993E-05
0.043899 9.9982E-05 0.0392719 0.0598846 0.0393587 0.00770857 0.382586 0.427091 9.9982E-05
0.0352718 0.0476851 0.0258644 0.0668687 0.106994 0.0289894 0.156491 0.531736 9.9991E-05
0.0136473 0.0709066 9.9982E-05 0.0275075 0.094288 9.9982E-05 0.418545 0.334498 0.0404075
0.0290405 0.037449 9.9982E-05 0.0521422 9.9982E-05 0.14955 0.240938 0.431667 0.0590135
0.0498495 0.00195857 0.0506605 0.0224112 0.0222423 0.0966408 0.19455 0.561587 9.9991E-05
0.00437576 9.9955E-05 0.0237519 9.9955E-05 9.9955E-05 9.9955E-05 9.9955E-05 0.960543 0.0108295
9.9982E-05 0.0700042 0.060266 0.0375404 0.031757 0.346299 0.140859 0.313074 9.9982E-05
9.999E-05 0.0592719 0.0173002 0.0261058 0.0168876 0.378794 0.188527 0.30521 0.00780375
0.0946915 9.9973E-05 9.9973E-05 9.9973E-05 0.116412 0.000882174 0.178164 0.580383 0.0291671
0.0857249 0.0739689 9.9982E-05 0.0913712 0.0566875 0.112972 0.156281 0.422795 9.9982E-05
0.0349801 9.9982E-05 9.9982E-05 0.0813628 0.0229467 0.0874054 0.232512 0.494344 0.0462485
9.9937E-05 9.9937E-05 9.9937E-05 0.00105082 9.9937E-05 9.9937E-05 9.9937E-05 0.99825 9.9937E-05
0.0300533 0.0273215 9.9991E-05 0.117905 0.00958917 0.164418 0.30096 0.345889 0.00376315
9.9991E-05 0.00121646 0.0589855 0.051638 0.058807 0.0183886 0.22698 0.561701 0.0221831
9.9964E-05 9.9964E-05 9.9964E-05 9.9964E-05 0.118412 0.0765855 0.0858027 0.693335 0.0254651
0.0768522 0.00841116 0.021231 0.0116721 0.0194503 0.122125 0.109094 0.617727 0.0134371
9.9955E-05 9.9955E-05 0.129686 0.000345352 9.9955E-05 9.9955E-05 9.9955E-05 0.779517 0.0899513
9.9964E-05 9.9964E-05 9.9964E-05 0.0439896 0.0830558 0.0834961 0.17004 0.619019 9.9964E-05
0.0145664 9.9946E-05 0.108064 9.9946E-05 9.9946E-05 9.9946E-05 9.9946E-05 0.87677 9.9946E-05
9.9946E-05 9.9946E-05 9.9946E-05 9.9946E-05 9.9946E-05 0.236719 9.9946E-05 0.736112 0.0265687
9.9964E-05 0.0024186 0.153793 9.9964E-05 0.0198948 9.9964E-05 9.9964E-05 0.770719 0.0527748
0.0100253 9.9991E-05 0.0203376 0.0439142 0.00662439 0.0849608 0.292934 0.520295 0.0208092
9.99461E-05 9.99461E-05 0.0539238 9.99461E-05 0.0313731 9.99461E-05 9.99461E-05 0.914103 9.99461E-05
0.0513678 0.0381871 9.9982E-05 9.9982E-05 0.0417552 0.0291409 0.160136 0.58493 0.0942827
0.0254797 9.9991E-05 0.0220448 0.0332523 0.0530719 0.27324 0.0209517 0.556562 0.0152973
9.9964E-05 0.083096 0.013512 0.032668 9.9964E-05 0.0534694 9.9964E-05 0.816855 9.9964E-05
9.9955E-05 0.0223631 9.9955E-05 0.0526192 9.9955E-05 0.0742424 9.9955E-05 0.850276 9.9955E-05
0.00654464 0.0507187 0.038962 0.019198 0.0631947 0.29456 9.9982E-05 0.526622 9.9982E-05
0.0060857 9.9964E-05 0.00576275 0.120328 9.9964E-05 0.16047 9.9964E-05 0.706954 9.9964E-05
0.0306005 9.9982E-05 0.014834 0.00355903 0.00347406 0.110066 9.9982E-05 0.803403 0.0338628
0.000612756 0.0280025 0.146261 9.9982E-05 0.0145992 0.230425 9.9982E-05 0.49693 0.0829697
9.9946E-05 9.9946E-05 9.9946E-05 9.9946E-05 9.9946E-05 0.940414 0.0511081 9.9946E-05 0.00787773
9.9937E-05 9.9937E-05 9.9937E-05 9.9937E-05 9.9937E-05 0.9729 9.9937E-05 0.0264008 9.9937E-05
0.0178455 0.0247897 9.9964E-05 0.00103965 9.9964E-05 0.949395 9.9964E-05 0.00653026 9.9964E-05
0.00472171 0.00575932 9.9955E-05 9.9955E-05 9.9955E-05 0.927895 9.9955E-05 0.0611246 9.9955E-05
0.00831097 9.99371E-05 9.99371E-05 9.99371E-05 9.99371E-05 0.990989 9.99371E-05 9.99371E-05 9.99371E-05
9.9973E-05 9.9973E-05 9.9973E-05 0.0779821 0.0590747 0.43383 0.245241 0.119989 0.0635837
0.0256549 0.00309088 9.9982E-05 0.0757677 0.0342969 0.483879 9.9982E-05 0.2332 0.143911
0.10768 9.9982E-05 9.9982E-05 0.0349329 0.0427597 0.408883 0.104909 0.169051 0.131585
0.0741325 0.0249788 9.9991E-05 0.041203 0.0421387 0.462607 0.131311 0.205466 0.0180628
9.9973E-05 9.9973E-05 9.9973E-05 0.0692376 0.0693228 0.465879 0.116325 0.222896 0.0560392
0.0523141 9.9991E-05 0.0222699 0.0698949 0.0918888 0.386514 0.0681753 0.248109 0.0607336
0.075005 0.00605025 9.9991E-05 0.110089 0.128157 0.322637 0.0349812 0.239837 0.0831432
0.0437243 0.0336219 0.191593 9.9991E-05 0.0181053 0.200468 0.0857125 0.296756 0.129919
0.0579163 0.0349756 0.153961 9.9991E-05 0.0802979 0.233628 0.0249835 0.352779 0.061358
0.0591014 0.0159577 9.9991E-05 0.163702 0.0497094 0.307762 0.0287078 0.232981 0.141979
9.9946E-05 9.9946E-05 9.9946E-05 9.9946E-05 0.00185427 9.9946E-05 9.9946E-05 0.015301 0.982245
9.9955E-05 0.0106715 9.9955E-05 0.00440092 9.9955E-05 9.9955E-05 9.9955E-05 0.0724815 0.911946
0.0297626 0.017172 0.0527816 9.9973E-05 9.9973E-05 0.0347435 9.9973E-05 0.0239923 0.841248
9.99316E-05 9.99316E-05 9.99316E-05 9.99316E-05 9.99316E-05 9.99316E-05 9.99316E-05 9.99316E-05 0.999201
9.993E-05 9.993E-05 9.993E-05 9.993E-05 9.993E-05 9.993E-05 9.993E-05 9.993E-05 0.999201
9.993E-05 9.993E-05 9.993E-05 9.993E-05 9.993E-05 9.993E-05 9.993E-05 9.993E-05 0.999201
9.9937E-05 9.9937E-05 0.0250313 9.9937E-05 9.9937E-05 9.9937E-05 9.9937E-05 9.9937E-05 0.974269
0.0243301 9.9964E-05 0.0494777 9.9964E-05 0.000830589 9.9964E-05 0.0635296 9.9964E-05 0.861432
9.993E-05 9.993E-05 9.993E-05 9.993E-05 9.993E-05 9.993E-05 9.993E-05 9.993E-05 0.999201
9.993E-05 9.993E-05 9.993E-05 9.993E-05 9.993E-05 9.993E-05 9.993E-05 9.993E-05 0.999201
0.0791208 9.9991E-05 0.052167 0.070107 0.252145 0.38509 0.0709274 0.0260052 0.064338
9.9964E-05 9.9964E-05 0.0310338 0.0621036 9.9964E-05 0.0524882 9.9964E-05 0.0031895 0.850785
9.9955E-05 9.9955E-05 9.9955E-05 0.0192101 0.0022107 0.000934345 9.9955E-05 9.9955E-05 0.977145
9.9964E-05 0.00508415 0.00655004 9.9964E-05 0.00550746 0.0158544 9.9964E-05 9.9964E-05 0.966604
9.9937E-05 9.9937E-05 9.9937E-05 0.00418128 9.9937E-05 0.995119 9.9937E-05 9.9937E-05 9.9937E-05
9.993E-05 9.993E-05 9.993E-05 9.993E-05 9.993E-05 0.999201 9.993E-05 9.993E-05 9.993E-05
9.993E-05 9.993E-05 9.993E-05 9.993E-05 9.993E-05 0.999201 9.993E-05 9.993E-05 9.993E-05
9.993E-05 9.993E-05 9.993E-05 9.993E-05 9.993E-05 0.999201 9.993E-05 9.993E-05 9.993E-05
9.9973E-05 9.9973E-05 0.0233306 0.00129226 0.11087 0.816992 9.9973E-05 0.0098637 0.0373516
9.9955E-05 9.9955E-05 0.152782 9.9955E-05 0.0554426 0.70623 0.0850466 9.9955E-05 9.9955E-05
9.9964E-05 9.9964E-05 0.0963158 9.9964E-05 0.0452334 0.769371 0.0552156 9.9964E-05 0.0334643
9.9964E-05 9.9964E-05 0.0490449 0.0167194 0.088049 0.82704 9.9964E-05 9.9964E-05 0.0187469
0.0197894 9.9955E-05 0.036804 9.9955E-05 9.9955E-05 0.864038 9.9955E-05 9.9955E-05 0.0788684
0.00322845 0.00417834 0.0212117 9.9964E-05 9.9964E-05 0.909224 9.9964E-05 9.9964E-05 0.0617572
0.0402974 9.9991E-05 0.0257112 0.0345196 0.037306 0.731054 0.100293 0.00764997 0.0230684
9.9955E-05 9.9955E-05 0.0324114 0.0611952 9.9955E-05 0.823093 9.9955E-05 9.9955E-05 0.0828008
0.0442888 0.0281242 0.0283024 0.0221179 0.0673779 0.764439 9.9982E-05 0.0451493 9.9982E-05
0.0483447 9.9991E-05 0.0140029 0.0270108 0.102917 0.673052 0.01988 0.0509963 0.0636964
9.9964E-05 0.00596854 0.00705618 0.0272324 0.958927 0.000416323 9.9964E-05 9.9964E-05 9.9964E-05
0.0276085 0.0218958 0.0228 0.0414238 0.856154 9.9973E-05 9.9973E-05 9.9973E-05 0.0298179
9.99346E-05 9.99346E-05 9.99346E-05 9.99346E-05 0.999201 9.99346E-05 9.99346E-05 9.99346E-05 9.99346E-05
9.9955E-05 9.9955E-05 9.9955E-05 0.0194127 0.957647 0.00827134 9.9955E-05 0.0141687 9.9955E-05
9.9937E-05 9.9937E-05 9.9937E-05 0.0104733 0.988827 9.9937E-05 9.9937E-05 9.9937E-05 9.9937E-05
9.993E-05 9.993E-05 9.993E-05 9.993E-05 0.999201 9.993E-05 9.993E-05 9.993E-05 9.993E-05
9.9946E-05 0.00348769 9.9946E-05 9.9946E-05 0.991154 9.9946E-05 0.00475909 9.9946E-05 9.9946E-05
9.99551E-05 0.0234976 0.146617 9.99551E-05 0.805284 9.99551E-05 9.99551E-05 0.0241017 9.99551E-05
9.99371E-05 9.99371E-05 9.99371E-05 9.99371E-05 0.989682 9.99371E-05 9.99371E-05 0.00961811 9.99371E-05
9.993E-05 9.993E-05 9.993E-05 9.993E-05 0.999201 9.993E-05 9.993E-05 9.993E-05 9.993E-05
9.99551E-05 0.0262647 0.0620679 9.99551E-05 0.908786 9.99551E-05 9.99551E-05 9.99551E-05 0.00238168
9.9937E-05 9.9937E-05 9.9937E-05 9.9937E-05 0.99279 0.00651056 9.9937E-05 9.9937E-05 9.9937E-05
0.0340268 0.00850005 0.0732845 9.9982E-05 0.728766 0.0804688 9.9982E-05 0.0719704 0.00278323
0.999201 9.993E-05 9.993E-05 9.993E-05 9.993E-05 9.993E-05 9.993E-05 9.993E-05 9.993E-05
0.0701535 9.9973E-05 0.0273124 9.9973E-05 0.101021 0.583698 9.9973E-05 0.123133 0.0943824
0.999201 9.993E-05 9.993E-05 9.993E-05 9.993E-05 9.993E-05 9.993E-05 9.993E-05 9.993E-05
0.999201 9.993E-05 9.993E-05 9.993E-05 9.993E-05 9.993E-05 9.993E-05 9.993E-05 9.993E-05
0.929827 9.99371E-05 0.0694731 9.99371E-05 9.99371E-05 9.99371E-05 9.99371E-05 9.99371E-05 9.99371E-05
0.815465 9.9973E-05 9.9973E-05 0.0304393 0.0211049 0.012648 9.9973E-05 0.0899119 0.0301306
0.999201 9.993E-05 9.993E-05 9.993E-05 9.993E-05 9.993E-05 9.993E-05 9.993E-05 9.993E-05
0.836083 0.0212749 0.0478832 9.9973E-05 9.9973E-05 0.0701058 0.00689142 0.0174618 9.9973E-05
0.979941 9.9946E-05 0.00963621 9.9946E-05 9.9946E-05 9.9946E-05 0.00982346 9.9946E-05 9.9946E-05
0.973084 9.9964E-05 9.9964E-05 0.00495256 0.0041861 0.00106722 9.9964E-05 0.0163099 9.9964E-05
0.976247 9.9946E-05 9.9946E-05 9.9946E-05 9.9946E-05 9.9946E-05 0.0025559 0.0205969 9.9946E-05
0.95779 9.9946E-05 9.9946E-05 0.00828731 0.0333232 9.9946E-05 9.9946E-05 9.9946E-05 9.9946E-05
0.953757 9.9955E-05 0.0158825 0.0231055 0.00675543 9.9955E-05 9.9955E-05 9.9955E-05 9.9955E-05
0.812271 9.9964E-05 9.9964E-05 0.0504404 0.0693041 9.9964E-05 9.9964E-05 0.0403293 0.0272557
0.930274 0.0425359 9.9964E-05 9.9964E-05 0.00663705 9.9964E-05 0.0111643 0.00898877 9.9964E-05
0.905239 0.00953593 0.0393857 9.9964E-05 9.9964E-05 9.9964E-05 9.9964E-05 0.0422778 0.00316202
0.878449 0.0144532 0.0427235 0.0382983 0.00642796 0.00777434 9.9982E-05 0.0116738 9.9982E-05
0.90213 0.014745 9.9973E-05 0.0481616 0.00258227 0.0105823 9.9973E-05 0.0214984 9.9973E-05
0.944864 9.9964E-05 9.9964E-05 0.00324759 0.012059 0.00208901 9.9964E-05 9.9964E-05 0.0373406
0.0439055 0.0413426 0.097546 0.279507 0.0451954 0.236618 9.9991E-05 0.200154 0.0556319
0.0358714 0.030595 0.096873 0.221068 0.0525119 0.203984 0.00892856 0.300977 0.0491911
0.0565156 0.0476307 0.142343 0.310832 0.00192827 0.154611 9.9991E-05 0.228574 0.0574641
0.0408245 0.0378271 0.126431 0.275524 0.00224908 0.196221 9.9991E-05 0.294053 0.0267689
0.0336573 9.9955E-05 0.904229 9.9955E-05 0.0496631 9.9955E-05 0.0119513 9.9955E-05 9.9955E-05
9.993E-05 9.993E-05 0.999201 9.993E-05 9.993E-05 9.993E-05 9.993E-05 9.993E-05 9.993E-05
9.9937E-05 9.9937E-05 0.983511 9.9937E-05 9.9937E-05 0.0157892 9.9937E-05 9.9937E-05 9.9937E-05
9.993E-05 9.993E-05 0.999201 9.993E-05 9.993E-05 9.993E-05 9.993E-05 9.993E-05 9.993E-05
9.9937E-05 9.9937E-05 0.990737 9.9937E-05 9.9937E-05 9.9937E-05 9.9937E-05 9.9937E-05 0.00856365
9.9955E-05 0.000853286 0.939521 0.0286348 9.9955E-05 0.0304913 9.9955E-05 9.9955E-05 9.9955E-05
9.9955E-05 9.9955E-05 0.954099 9.9955E-05 0.0100008 0.0264066 9.9955E-05 9.9955E-05 0.00899334
0.0527808 0.0135449 0.678949 0.0198491 0.029238 0.144767 0.0606712 9.998E-05 9.998E-05
0.0160286 9.9973E-05 0.849997 0.00407649 9.9973E-05 0.00410764 0.0849065 0.0405834 9.9973E-05
9.9955E-05 9.9955E-05 0.0178327 0.921235 0.00577792 0.054655 9.9955E-05 9.9955E-05 9.9955E-05
9.993E-05 9.993E-05 9.993E-05 0.999201 9.993E-05 9.993E-05 9.993E-05 9.993E-05 9.993E-05
0.00150387 9.9937E-05 9.9937E-05 0.997797 9.9937E-05 9.9937E-05 9.9937E-05 9.9937E-05 9.9937E-05
9.993E-05 9.993E-05 9.993E-05 0.999201 9.993E-05 9.993E-05 9.993E-05 9.993E-05 9.993E-05
9.993E-05 9.993E-05 9.993E-05 0.999201 9.993E-05 9.993E-05 9.993E-05 9.993E-05 9.993E-05
0.0285685 0.0170539 0.015651 0.853905 9.9964E-05 0.0844216 9.9964E-05 9.9964E-05 9.9964E-05
9.9955E-05 9.9955E-05 9.9955E-05 0.9729 0.00815484 0.0153144 9.9955E-05 9.9955E-05 0.00313111
9.993E-05 9.993E-05 9.993E-05 0.999201 9.993E-05 9.993E-05 9.993E-05 9.993E-05 9.993E-05
9.9946E-05 9.9946E-05 0.0154003 0.981567 9.9946E-05 9.9946E-05 9.9946E-05 9.9946E-05 0.00243344
9.9946E-05 9.9946E-05 9.9946E-05 0.969117 0.0117167 0.0185664 9.9946E-05 9.9946E-05 9.9946E-05
9.993E-05 9.993E-05 9.993E-05 0.999201 9.993E-05 9.993E-05 9.993E-05 9.993E-05 9.993E-05
9.9937E-05 9.9937E-05 9.9937E-05 0.975405 0.0238952 9.9937E-05 9.9937E-05 9.9937E-05 9.9937E-05
