9.993E-05 9.993E-05 9.993E-05 9.993E-05 9.993E-05 9.993E-05 9.993E-05 9.993E-05 0.999201
9.9964E-05 0.0500376 9.9964E-05 0.00722031 0.0761259 0.0333076 9.9964E-05 9.9964E-05 0.832909
9.993E-05 9.993E-05 9.993E-05 0.999201 9.993E-05 9.993E-05 9.993E-05 9.993E-05 9.993E-05
9.9955E-05 0.0668268 0.0866422 0.837105 9.9955E-05 0.0089262 9.9955E-05 9.9955E-05 9.9955E-05
9.9973E-05 0.0375725 0.163317 0.102893 9.9973E-05 0.00588114 0.0383779 9.9973E-05 0.651659
9.9946E-05 9.9946E-05 9.9946E-05 0.0109031 9.9946E-05 9.9946E-05 0.10171 9.9946E-05 0.886787
0.0302773 9.9973E-05 0.00634936 9.9973E-05 0.0396189 0.00963522 0.109756 9.9973E-05 0.804063
9.9946E-05 9.9946E-05 0.0690972 9.9946E-05 9.9946E-05 9.9946E-05 9.9946E-05 0.229995 0.700308
0.240195 0.0990344 0.0588209 0.0901663 9.9964E-05 9.9964E-05 9.9964E-05 9.9964E-05 0.511383
0.109418 9.9973E-05 9.9973E-05 0.0911754 0.094273 0.0431707 9.9973E-05 0.235134 0.426529
9.9946E-05 9.9946E-05 0.0201919 9.9946E-05 9.9946E-05 0.0330161 0.946192 9.9946E-05 9.9946E-05
0.024271 0.2185 9.9955E-05 9.9955E-05 9.9955E-05 9.9955E-05 0.609785 0.146944 9.9955E-05
9.9946E-05 9.9946E-05 9.9946E-05 0.0734759 9.9946E-05 9.9946E-05 0.878179 9.9946E-05 0.0477454
9.9955E-05 9.9955E-05 0.00600122 9.9955E-05 9.9955E-05 0.0364524 0.0101781 0.946868 9.9955E-05
0.151297 0.0742233 9.9973E-05 0.0815223 0.0545979 0.0487726 0.589287 9.9973E-05 9.9973E-05
9.996E-05 0.206568 9.996E-05 9.996E-05 9.996E-05 0.0168465 0.397843 0.375492 0.00285101
9.9946E-05 0.0447461 9.9946E-05 9.9946E-05 9.9946E-05 9.9946E-05 0.629604 0.32505 9.9946E-05
9.9973E-05 0.265455 0.0370422 0.0121944 0.0518242 0.00194925 9.9973E-05 0.631235 9.9973E-05
0.0322173 0.005567 0.0854416 0.00485536 0.0938798 9.9982E-05 0.442343 0.335496 9.9982E-05
9.9937E-05 9.9937E-05 9.9937E-05 0.0889885 9.9937E-05 9.9937E-05 9.9937E-05 0.910312 9.9937E-05
9.9973E-05 0.109779 9.9973E-05 0.0225178 0.0770769 0.0129658 9.9973E-05 0.734416 0.0429451
9.9937E-05 0.788711 9.9937E-05 9.9937E-05 9.9937E-05 9.9937E-05 9.9937E-05 9.9937E-05 0.210589
9.993E-05 9.993E-05 9.993E-05 9.993E-05 9.993E-05 9.993E-05 0.999201 9.993E-05 9.993E-05
9.993E-05 9.993E-05 9.993E-05 9.993E-05 9.993E-05 9.993E-05 9.993E-05 0.999201 9.993E-05
9.9955E-05 9.9955E-05 9.9955E-05 0.0377855 0.181273 9.9955E-05 0.309305 0.471137 9.9955E-05
0.0233846 0.050699 9.9973E-05 9.9973E-05 0.196542 9.9973E-05 0.162965 0.505349 0.0607601
0.0741148 0.902705 0.0225801 9.9946E-05 9.9946E-05 9.9946E-05 9.9946E-05 9.9946E-05 9.9946E-05
9.9973E-05 0.621635 9.9973E-05 0.0776106 0.224463 0.0202654 0.0282887 0.0274373 9.9973E-05
0.152305 0.640577 9.9973E-05 9.9973E-05 0.124254 9.9973E-05 0.0459611 0.0341567 0.00244665
9.993E-05 0.999201 9.993E-05 9.993E-05 9.993E-05 9.993E-05 9.993E-05 9.993E-05 9.993E-05
0.36123 0.0148594 0.0790493 0.105173 0.439289 9.9964E-05 9.9964E-05 9.9964E-05 9.9964E-05
0.316475 0.227758 0.131145 0.104499 0.198784 9.9973E-05 9.9973E-05 9.9973E-05 0.0210403
0.71145 0.0830216 0.0708855 0.0419857 0.0922578 9.9964E-05 9.9964E-05 9.9964E-05 9.9964E-05
0.999201 9.993E-05 9.993E-05 9.993E-05 9.993E-05 9.993E-05 9.993E-05 9.993E-05 9.993E-05
0.681696 0.175185 9.9964E-05 9.9964E-05 9.9964E-05 0.00307035 0.0437812 0.0958674 9.9964E-05
0.995225 9.99371E-05 9.99371E-05 9.99371E-05 9.99371E-05 9.99371E-05 9.99371E-05 9.99371E-05 0.00407496
0.588019 9.9973E-05 0.058596 0.0271879 9.9973E-05 0.00602048 9.9973E-05 0.150975 0.168902
0.770128 9.9946E-05 9.9946E-05 9.9946E-05 0.109242 9.9946E-05 0.120031 9.9946E-05 9.9946E-05
0.918957 9.9964E-05 0.0298536 0.02253 9.9964E-05 0.017682 9.9964E-05 0.0105774 9.9964E-05
0.59585 0.0613569 0.0187679 0.032666 0.228906 0.0384272 0.0238255 9.9982E-05 9.9982E-05
0.991644 9.99371E-05 9.99371E-05 9.99371E-05 9.99371E-05 9.99371E-05 9.99371E-05 9.99371E-05 0.00765605
0.410724 0.0724989 0.0449564 0.0663496 0.3071 9.9991E-05 0.00826422 0.0648343 0.0251724
0.622681 0.134049 9.9955E-05 0.0397506 0.203019 9.9955E-05 9.9955E-05 9.9955E-05 9.9955E-05
0.841197 0.0388919 0.0322654 9.9982E-05 0.00932405 0.0117421 0.06407 0.00230926 9.9982E-05
0.428349 9.99551E-05 0.380073 9.99551E-05 0.112429 9.99551E-05 0.0786495 9.99551E-05 9.99551E-05
0.0729655 0.0970929 0.777921 9.9955E-05 9.9955E-05 9.9955E-05 9.9955E-05 9.9955E-05 0.0515207
0.237607 9.9964E-05 0.638192 9.9964E-05 0.0573226 0.0507005 9.9964E-05 0.0157782 9.9964E-05
9.9937E-05 9.9937E-05 0.912536 9.9937E-05 0.086764 9.9937E-05 9.9937E-05 9.9937E-05 9.9937E-05
0.233063 0.0919754 0.526603 0.0825696 9.9973E-05 0.00454305 9.9973E-05 0.0609469 9.9973E-05
0.444578 0.0130355 0.375321 0.0372045 0.0509796 9.9991E-05 0.0184578 0.00829316 0.0520299
0.0351432 9.9955E-05 0.682039 9.9955E-05 0.17094 9.9955E-05 9.9955E-05 0.111378 9.9955E-05
9.9937E-05 9.9937E-05 0.994163 0.00513785 9.9937E-05 9.9937E-05 9.9937E-05 9.9937E-05 9.9937E-05
9.9955E-05 0.00984135 0.840012 9.9955E-05 0.140173 9.9955E-05 0.00947349 9.9955E-05 9.9955E-05
0.144836 0.0198568 0.631534 9.9973E-05 0.189841 0.000796236 0.0128363 9.9973E-05 9.9973E-05
0.158776 9.9946E-05 0.828043 9.9946E-05 9.9946E-05 0.0125811 9.9946E-05 9.9946E-05 9.9946E-05
9.9946E-05 9.9946E-05 0.926444 9.9946E-05 0.0466299 0.0263266 9.9946E-05 9.9946E-05 9.9946E-05
9.9964E-05 0.0353737 0.131403 0.0403582 0.757037 9.9964E-05 9.9964E-05 0.0354284 9.9964E-05
9.996E-05 0.119023 0.159474 0.00687209 0.602893 9.996E-05 9.996E-05 0.111338 9.996E-05
0.0267883 0.143632 0.2107 0.0235616 0.579087 0.0159316 9.9973E-05 9.9973E-05 9.9973E-05
0.132976 0.0715645 9.9955E-05 9.9955E-05 0.618154 9.9955E-05 9.9955E-05 9.9955E-05 0.176805
9.9946E-05 9.9946E-05 0.108728 9.9946E-05 0.80452 9.9946E-05 9.9946E-05 0.0861524 9.9946E-05
0.391021 9.9964E-05 9.9964E-05 0.00583737 0.486678 0.0995276 9.9964E-05 9.9964E-05 0.0165361
0.119854 9.9946E-05 9.9946E-05 9.9946E-05 0.832219 9.9946E-05 9.9946E-05 9.9946E-05 0.0473272
9.99371E-05 9.99371E-05 9.99371E-05 9.99371E-05 0.965522 0.0337789 9.99371E-05 9.99371E-05 9.99371E-05
0.0779668 0.0155727 9.9964E-05 9.9964E-05 0.827649 0.0216735 9.9964E-05 0.0567379 9.9964E-05
9.993E-05 9.993E-05 9.993E-05 9.993E-05 0.980553 9.993E-05 0.0187472 9.993E-05 9.993E-05
9.9946E-05 9.9946E-05 9.9946E-05 9.9946E-05 0.969653 0.00270456 0.0270428 9.9946E-05 9.9946E-05
9.995E-05 0.0369546 9.995E-05 0.0286512 0.912194 9.995E-05 9.995E-05 0.0217008 9.995E-05
9.9946E-05 0.0221586 9.9946E-05 9.9946E-05 0.976747 0.000495096 9.9946E-05 9.9946E-05 9.9946E-05
9.9946E-05 9.9946E-05 0.0166286 0.000335839 0.982436 9.9946E-05 9.9946E-05 9.9946E-05 9.9946E-05
0.016526 9.99371E-05 9.99371E-05 9.99371E-05 0.982774 9.99371E-05 9.99371E-05 9.99371E-05 9.99371E-05
0.284344 9.9964E-05 9.9964E-05 9.9964E-05 0.587099 0.0273813 9.9964E-05 0.00139517 0.0993807
9.9955E-05 9.9955E-05 0.145557 0.0387569 0.802196 0.0129906 9.9955E-05 9.9955E-05 9.9955E-05
0.120947 9.9973E-05 0.0638812 9.9973E-05 0.694733 0.0649756 9.9973E-05 0.035499 0.0196646
0.0346571 0.0217924 0.0528433 0.0431957 0.208355 0.570815 0.0281226 0.0393091 0.000910012
9.993E-05 9.993E-05 9.993E-05 9.993E-05 9.993E-05 0.999201 9.993E-05 9.993E-05 9.993E-05
0.177077 0.0191571 0.00596573 0.0790267 0.56059 0.0524084 0.105575 9.9982E-05 9.9982E-05
