9.993E-05 9.993E-05 9.993E-05 9.993E-05 9.993E-05 9.993E-05 9.993E-05 9.993E-05 0.999201
9.9955E-05 0.0755285 9.9955E-05 0.0617613 9.9955E-05 9.9955E-05 9.9955E-05 0.614387 0.247823
9.9955E-05 0.0655596 9.9955E-05 0.0908662 9.9955E-05 9.9955E-05 9.9955E-05 0.597659 0.245415
0.104653 9.9964E-05 9.9964E-05 0.00904848 0.0271859 9.9964E-05 9.9964E-05 0.653924 0.204789
0.124079 9.9973E-05 0.0843308 0.0165127 9.9973E-05 9.9973E-05 0.0570481 0.623444 0.0942852
0.138751 0.0124395 9.9982E-05 0.0300863 0.0146367 9.9982E-05 0.0132976 0.667012 0.123577
9.99371E-05 9.99371E-05 9.99371E-05 9.99371E-05 9.99371E-05 9.99371E-05 9.99371E-05 0.730943 0.268358
0.0790095 0.0257243 9.9973E-05 0.0725203 9.9973E-05 0.018106 9.9973E-05 0.505692 0.298648
9.9964E-05 0.0441037 0.0381053 0.0571331 9.9964E-05 9.9964E-05 9.9964E-05 0.662271 0.197987
9.9937E-05 9.9937E-05 0.000346593 9.9937E-05 9.9937E-05 9.9937E-05 9.9937E-05 9.9937E-05 0.998954
9.993E-05 9.993E-05 9.993E-05 9.993E-05 9.993E-05 9.993E-05 9.993E-05 9.993E-05 0.999201
9.993E-05 9.993E-05 9.993E-05 9.993E-05 9.993E-05 9.993E-05 9.993E-05 9.993E-05 0.999201
9.993E-05 9.993E-05 9.993E-05 9.993E-05 9.993E-05 9.993E-05 9.993E-05 9.993E-05 0.999201
0.032951 9.9964E-05 0.00308105 9.9964E-05 9.9964E-05 0.0141844 0.0436792 9.9964E-05 0.905704
0.0339065 9.9946E-05 9.9946E-05 9.9946E-05 9.9946E-05 9.9946E-05 0.00385308 9.9946E-05 0.961641
0.241575 0.00251189 0.0106105 0.0374643 0.0313712 0.0111759 9.9991E-05 0.484483 0.180708
0.178682 0.0386693 0.085249 0.0187277 0.0453394 0.00521789 0.0678312 0.365291 0.194993
0.0848166 0.0234285 9.9973E-05 0.0465272 9.9973E-05 0.0113799 9.9973E-05 0.668011 0.165537
0.0067391 9.9955E-05 0.0322595 9.9955E-05 9.9955E-05 9.9955E-05 0.0548182 0.905683 9.9955E-05
9.9955E-05 9.9955E-05 9.9955E-05 9.9955E-05 0.0492319 0.0139623 0.0215858 0.91472 9.9955E-05
9.9955E-05 9.9955E-05 0.0437358 9.9955E-05 0.0960264 9.9955E-05 9.9955E-05 0.836755 0.0229829
9.9955E-05 9.9955E-05 9.9955E-05 0.0476848 9.9955E-05 0.0397855 0.0880414 0.823988 9.9955E-05
9.9964E-05 9.9964E-05 0.00859644 0.00914991 0.0171866 9.9964E-05 0.0806516 0.884016 9.9964E-05
9.9955E-05 9.9955E-05 9.9955E-05 9.9955E-05 9.9955E-05 0.063176 0.0129172 0.910002 0.0134054
0.080973 9.9946E-05 9.9946E-05 9.9946E-05 9.9946E-05 0.0199048 9.9946E-05 0.898522 9.9946E-05
0.0832545 9.9964E-05 0.0592001 9.9964E-05 0.172447 0.0379968 9.9964E-05 0.646702 9.9964E-05
0.013687 9.9973E-05 0.10676 0.08832 0.0641383 9.9973E-05 0.0276937 0.699101 9.9973E-05
0.0696531 9.9946E-05 9.9946E-05 0.0232289 9.9946E-05 9.9946E-05 9.9946E-05 0.906518 9.9946E-05
0.0368178 9.9982E-05 9.9982E-05 0.0135921 0.139668 0.0208016 0.0155479 0.731502 0.0418713
9.9946E-05 9.9946E-05 9.9946E-05 9.9946E-05 0.0655978 9.9946E-05 9.9946E-05 0.929248 0.0045549
9.9973E-05 0.00384303 0.00284302 9.9973E-05 9.9973E-05 0.00817621 0.0636539 0.908906 0.012278
0.0875515 0.00269421 0.0600036 0.0139026 9.9973E-05 0.0727018 9.9973E-05 0.762846 9.9973E-05
9.9982E-05 0.00837367 0.0413572 0.0394671 0.144833 0.0320222 0.00405475 0.729692 9.9982E-05
0.0310192 9.9982E-05 0.0144461 0.0661393 0.140443 0.0798099 9.9982E-05 0.622297 0.0456455
9.9973E-05 9.9973E-05 0.0170559 0.0033176 0.030958 0.0103453 0.137715 0.800308 9.9973E-05
9.9946E-05 9.9946E-05 9.9946E-05 9.9946E-05 0.00961674 9.9946E-05 9.9946E-05 0.964092 0.0256917
0.297858 9.9955E-05 9.9955E-05 9.9955E-05 0.160246 9.9955E-05 0.0203809 0.521016 9.9955E-05
0.0740103 9.9973E-05 0.0627855 0.0128973 0.265126 9.9973E-05 0.0568177 0.528064 9.9973E-05
9.9964E-05 0.0152652 0.0895568 0.0421616 0.26254 9.9964E-05 9.9964E-05 0.590077 9.9964E-05
0.00746641 9.9964E-05 0.0554544 9.9964E-05 0.315957 9.9964E-05 0.0157995 0.604923 9.9964E-05
0.586912 0.0920584 0.0438844 0.0247071 0.0289971 0.118714 9.9982E-05 0.104527 9.9982E-05
0.531546 0.0270443 0.0381613 0.0830553 0.103972 0.0911674 0.0111898 0.113764 9.9991E-05
0.520183 0.0312492 9.9973E-05 0.0646864 9.9973E-05 0.088271 9.9973E-05 0.243317 0.0519934
0.668094 0.0419842 0.0376691 0.0263477 0.0395142 0.0639539 9.9982E-05 0.122237 9.9982E-05
0.440899 9.9982E-05 0.073724 0.0768154 0.124927 0.0239663 0.00412872 0.255339 9.9982E-05
0.999201 9.993E-05 9.993E-05 9.993E-05 9.993E-05 9.993E-05 9.993E-05 9.993E-05 9.993E-05
0.999201 9.993E-05 9.993E-05 9.993E-05 9.993E-05 9.993E-05 9.993E-05 9.993E-05 9.993E-05
0.396198 9.9982E-05 0.0313155 0.0466748 0.010927 0.0927605 0.0422927 0.379632 9.9982E-05
0.496064 9.9982E-05 0.0600484 0.0368181 0.0319987 0.0963003 9.9982E-05 0.214677 0.0638935
0.33213 0.0354948 9.9991E-05 0.0130958 0.0193516 0.0928497 0.00913503 0.399006 0.0988376
0.361531 0.0169911 0.0261099 0.0415311 0.228023 9.9982E-05 9.9982E-05 0.277348 0.0482656
0.540923 9.9982E-05 0.0196718 0.0349968 0.091947 0.0301959 0.0300346 0.252031 9.9982E-05
0.992431 9.9937E-05 0.00686964 9.9937E-05 9.9937E-05 9.9937E-05 9.9937E-05 9.9937E-05 9.9937E-05
0.293376 0.00293239 0.0482154 9.9991E-05 0.321539 0.0233918 0.045734 0.217326 0.0473856
0.337899 0.039799 0.0263642 9.9991E-05 0.315889 0.0160793 0.012675 0.1984 0.0527939
0.592043 0.0514855 9.9973E-05 0.0816859 0.00490641 0.116351 9.9973E-05 0.153228 9.9973E-05
0.333225 9.9982E-05 0.0615675 0.0999564 0.186767 0.0365217 9.9982E-05 0.198737 0.0830253
0.427825 0.0429125 0.091987 9.9973E-05 0.121959 0.0421474 9.9973E-05 0.272869 9.9973E-05
0.978285 9.9937E-05 9.9937E-05 0.0210153 9.9937E-05 9.9937E-05 9.9937E-05 9.9937E-05 9.9937E-05
0.32552 0.103998 0.113225 9.9982E-05 0.221897 0.0078679 9.9982E-05 0.163292 0.0639996
0.670004 0.00552996 0.0862315 9.9973E-05 9.9973E-05 0.068695 0.00559259 0.163647 9.9973E-05
0.671636 0.0201301 0.0217594 9.9982E-05 0.0828026 0.104693 9.9982E-05 0.0605877 0.0381916
0.511783 0.0337636 0.0502355 0.0692053 0.182551 0.00557984 0.0198274 0.117103 0.0099516
0.86051 0.012748 9.9964E-05 0.0402066 9.9964E-05 0.00135508 0.0847806 9.9964E-05 9.9964E-05
0.693334 9.9973E-05 0.0444719 9.9973E-05 0.0288669 0.0948458 9.9973E-05 0.130481 0.00770081
0.94759 0.00135764 9.9946E-05 9.9946E-05 9.9946E-05 9.9946E-05 0.0504529 9.9946E-05 9.9946E-05
0.663412 0.0435801 9.9946E-05 9.9946E-05 0.292408 9.9946E-05 9.9946E-05 9.9946E-05 9.9946E-05
0.803593 0.0321694 9.9955E-05 9.9955E-05 9.9955E-05 0.0506318 0.113106 9.9955E-05 9.9955E-05
0.353694 0.0391216 9.9982E-05 0.0725887 0.122653 0.0560887 0.00120983 0.354444 9.9982E-05
0.961262 9.9946E-05 9.9946E-05 9.9946E-05 9.9946E-05 0.00248987 0.0356486 9.9946E-05 9.9946E-05
0.622222 0.0757492 9.9982E-05 0.0662742 0.0352934 0.0460163 9.9982E-05 0.103148 0.0510972
0.525333 0.03141 0.0257935 0.0655355 0.21566 0.0330369 0.00683209 0.0962995 9.9991E-05
0.808202 9.9955E-05 9.9955E-05 9.9955E-05 0.0406679 9.9955E-05 0.078199 9.9955E-05 0.0724317
0.742387 9.9964E-05 0.0466778 0.00851851 0.148716 9.9964E-05 9.9964E-05 9.9964E-05 0.0533008
0.498866 9.9991E-05 0.0192374 0.0476709 0.230941 0.0959276 0.020268 0.0336353 0.0533535
0.688832 0.00220077 0.074303 9.9982E-05 0.166145 0.000558385 0.0255365 0.0422247 9.9982E-05
0.820442 0.0336074 0.0247272 9.9955E-05 0.120724 9.9955E-05 9.9955E-05 9.9955E-05 9.9955E-05
0.574594 0.119873 9.9973E-05 9.9973E-05 0.161079 0.0269702 0.109245 9.9973E-05 0.00793927
9.9955E-05 9.9955E-05 9.9955E-05 9.9955E-05 0.885284 0.0209752 0.0281929 0.0650477 9.9955E-05
0.0293725 9.9946E-05 0.00344041 9.9946E-05 0.966587 9.9946E-05 9.9946E-05 9.9946E-05 9.9946E-05
9.993E-05 9.993E-05 9.993E-05 9.993E-05 0.999201 9.993E-05 9.993E-05 9.993E-05 9.993E-05
0.0319849 9.9937E-05 9.9937E-05 9.9937E-05 0.967316 9.9937E-05 9.9937E-05 9.9937E-05 9.9937E-05
0.0289331 9.99371E-05 9.99371E-05 9.99371E-05 0.970367 9.99371E-05 9.99371E-05 9.99371E-05 9.99371E-05
0.143063 0.0533283 0.0596941 0.0115858 0.537288 0.0645721 9.9982E-05 0.130269 9.9982E-05
0.2066 0.0938751 0.00450543 0.052732 0.50803 0.00486932 0.0569303 0.0723575 9.9991E-05
0.120379 0.13494 0.00963178 0.105883 0.580288 0.0105567 9.9991E-05 0.0253314 0.0128907
0.144302 0.0373479 0.0332913 0.0565801 0.424439 0.0508505 9.9991E-05 0.201928 0.0511609
0.208067 0.0362733 0.0751107 9.9973E-05 0.47986 0.0910975 9.9973E-05 0.109292 9.9973E-05
0.155939 0.107458 9.9991E-05 0.0380923 0.502335 0.0425712 0.0572807 0.0923551 0.0038686
0.201091 0.0640159 0.122026 0.076607 0.379884 0.0947648 9.9991E-05 0.0585197 0.0029915
0.290178 0.0588147 9.9991E-05 0.0599812 0.227496 0.0521595 0.214351 0.0618219 0.0350983
0.320939 0.0357294 9.9991E-05 0.0411827 0.237855 0.0756039 0.191284 0.0607842 0.0365222
0.229808 0.169028 0.178783 0.0670517 0.252437 0.011068 9.9991E-05 0.0806437 0.011081
0.00258974 0.975218 0.00332025 0.000669543 9.9964E-05 0.0178028 9.9964E-05 9.9964E-05 9.9964E-05
9.9973E-05 0.883546 9.9973E-05 0.0231374 0.0461535 0.0182453 9.9973E-05 0.0133425 0.0152759
0.0316201 0.806641 0.0140016 0.00554572 0.0249237 9.9991E-05 0.0749897 0.0155829 0.0265952
9.99371E-05 0.988519 9.99371E-05 9.99371E-05 9.99371E-05 0.0107817 9.99371E-05 9.99371E-05 9.99371E-05
9.993E-05 0.999201 9.993E-05 9.993E-05 9.993E-05 9.993E-05 9.993E-05 9.993E-05 9.993E-05
9.993E-05 0.999201 9.993E-05 9.993E-05 9.993E-05 9.993E-05 9.993E-05 9.993E-05 9.993E-05
9.993E-05 0.999201 9.993E-05 9.993E-05 9.993E-05 9.993E-05 9.993E-05 9.993E-05 9.993E-05
0.0199196 0.883206 0.00493523 0.00677041 0.0517405 9.9991E-05 0.0126989 0.0157835 0.00484544
9.993E-05 0.999201 9.993E-05 9.993E-05 9.993E-05 9.993E-05 9.993E-05 9.993E-05 9.993E-05
9.993E-05 0.999201 9.993E-05 9.993E-05 9.993E-05 9.993E-05 9.993E-05 9.993E-05 9.993E-05
9.9982E-05 0.0669222 0.117193 0.0853499 0.399786 0.22313 0.0403332 0.0670858 9.9982E-05
0.0877969 0.875515 0.00729265 9.9964E-05 0.0268991 0.00209655 9.9964E-05 9.9964E-05 9.9964E-05
9.99371E-05 0.995127 0.00417372 9.99371E-05 9.99371E-05 9.99371E-05 9.99371E-05 9.99371E-05 9.99371E-05
9.99371E-05 0.99179 9.99371E-05 9.99371E-05 9.99371E-05 9.99371E-05 0.00751059 9.99371E-05 9.99371E-05
9.9946E-05 9.9946E-05 0.00863235 9.9946E-05 0.986774 0.00399439 9.9946E-05 9.9946E-05 9.9946E-05
9.993E-05 9.993E-05 9.993E-05 9.993E-05 0.999201 9.993E-05 9.993E-05 9.993E-05 9.993E-05
9.9946E-05 9.9946E-05 9.9946E-05 0.00946687 0.977681 0.0122524 9.9946E-05 9.9946E-05 9.9946E-05
9.993E-05 9.993E-05 9.993E-05 9.993E-05 0.999201 9.993E-05 9.993E-05 9.993E-05 9.993E-05
9.9982E-05 0.0260928 0.0181635 0.0153935 0.803036 0.11093 0.00794827 0.0182359 9.9982E-05
9.9955E-05 9.9955E-05 9.9955E-05 9.9955E-05 0.709999 0.0627042 0.0963594 0.130438 9.9955E-05
0.011391 0.0661127 9.9973E-05 9.9973E-05 0.781138 0.0378873 0.0627094 0.0404618 9.9973E-05
0.021556 9.9964E-05 0.0131796 9.9964E-05 0.836318 0.0761752 0.0523713 9.9964E-05 9.9964E-05
9.9955E-05 0.0638954 9.9955E-05 0.0125231 0.882057 9.9955E-05 0.0410244 9.9955E-05 9.9955E-05
9.9955E-05 0.0337702 9.9955E-05 9.9955E-05 0.948667 9.9955E-05 0.016122 9.9955E-05 0.000941192
0.0263952 0.0400773 0.0192274 0.00295315 0.731627 0.0418377 0.0284178 0.109365 9.9991E-05
9.9964E-05 0.0616681 9.9964E-05 0.0056352 0.847369 9.9964E-05 0.0755955 0.0093325 9.9964E-05
0.0470309 9.9982E-05 0.0210557 0.0479281 0.735511 0.0692975 0.0673218 9.9982E-05 0.0116546
0.0386078 0.0341021 9.9973E-05 0.0766579 0.649163 0.137778 9.9973E-05 0.0633916 9.9973E-05
9.9955E-05 9.9955E-05 0.00522184 9.9955E-05 0.0627916 0.913769 0.0177175 9.9955E-05 9.9955E-05
9.9982E-05 0.00863834 0.0576247 0.00910928 9.9982E-05 0.882194 0.0237196 0.0148256 0.00368839
9.993E-05 9.993E-05 9.993E-05 9.993E-05 9.993E-05 0.999201 9.993E-05 9.993E-05 9.993E-05
9.9937E-05 9.9937E-05 0.00778228 9.9937E-05 9.9937E-05 0.991518 9.9937E-05 9.9937E-05 9.9937E-05
9.9964E-05 0.00571952 0.0137637 0.00201644 0.0202603 0.95784 9.9964E-05 9.9964E-05 9.9964E-05
9.993E-05 9.993E-05 9.993E-05 9.993E-05 9.993E-05 0.999201 9.993E-05 9.993E-05 9.993E-05
0.000700805 0.00229585 9.9955E-05 9.9955E-05 9.9955E-05 0.989231 9.9955E-05 0.00727266 9.9955E-05
0.036807 9.9973E-05 0.0183131 9.9973E-05 9.9973E-05 0.751573 0.122455 0.0380795 0.0324721
9.993E-05 9.993E-05 9.993E-05 9.993E-05 9.993E-05 0.999201 9.993E-05 9.993E-05 9.993E-05
9.993E-05 9.993E-05 9.993E-05 9.993E-05 9.993E-05 0.999201 9.993E-05 9.993E-05 9.993E-05
9.9955E-05 0.0277972 9.9955E-05 9.9955E-05 9.9955E-05 0.868863 0.0941546 9.9955E-05 0.00868537
9.9946E-05 9.9946E-05 0.0229701 9.9946E-05 0.0004259 0.976004 9.9946E-05 9.9946E-05 9.9946E-05
0.0884242 0.022478 9.9973E-05 0.0812281 0.0487932 0.705675 0.0531015 9.9973E-05 9.9973E-05
9.993E-05 9.993E-05 9.993E-05 0.999201 9.993E-05 9.993E-05 9.993E-05 9.993E-05 9.993E-05
0.051592 0.0773317 0.0535972 0.0882134 0.569774 0.130075 0.0292171 9.9982E-05 9.9982E-05
9.993E-05 9.993E-05 9.993E-05 0.999201 9.993E-05 9.993E-05 9.993E-05 9.993E-05 9.993E-05
9.993E-05 9.993E-05 9.993E-05 0.999201 9.993E-05 9.993E-05 9.993E-05 9.993E-05 9.993E-05
9.99461E-05 0.0225619 9.99461E-05 0.926983 9.99461E-05 9.99461E-05 0.0498559 9.99461E-05 9.99461E-05
0.0868846 0.00562288 9.9964E-05 0.75799 0.0568413 9.9964E-05 9.9964E-05 0.0922616 9.9964E-05
9.993E-05 9.993E-05 9.993E-05 0.999201 9.993E-05 9.993E-05 9.993E-05 9.993E-05 9.993E-05
9.9964E-05 9.9964E-05 9.9964E-05 0.885817 0.0631449 0.013556 0.0277895 9.9964E-05 0.00929301
9.9937E-05 9.9937E-05 0.00101065 0.99829 9.9937E-05 9.9937E-05 9.9937E-05 9.9937E-05 9.9937E-05
9.99461E-05 9.99461E-05 9.99461E-05 0.967686 9.99461E-05 0.0182866 9.99461E-05 0.0134275 9.99461E-05
9.9937E-05 9.9937E-05 9.9937E-05 0.997246 9.9937E-05 9.9937E-05 9.9937E-05 9.9937E-05 0.00205459
0.0183448 9.9946E-05 0.00196589 0.97909 9.9946E-05 9.9946E-05 9.9946E-05 9.9946E-05 9.9946E-05
0.00573486 9.9973E-05 0.00860761 0.89449 9.9973E-05 0.0687779 9.9973E-05 0.0176532 0.00443666
0.034673 0.0490001 0.0104463 0.808692 0.0183337 0.0461604 9.9982E-05 0.0324944 9.9982E-05
9.9964E-05 9.9964E-05 0.00364543 0.92204 0.0446659 9.9964E-05 0.0170697 9.9964E-05 0.0121788
0.0302234 0.0222257 9.9973E-05 0.862372 9.9973E-05 0.00324052 0.0772772 9.9973E-05 0.00436146
0.0333957 0.00896233 0.0268012 0.831228 0.0141038 0.0163256 0.0672001 9.9991E-05 0.00188314
0.0550595 9.9973E-05 0.0431543 0.856744 9.9973E-05 9.9973E-05 0.0132949 0.0214551 0.00999257
9.9955E-05 0.00452893 9.9955E-05 0.945024 0.00102529 0.0489221 9.9955E-05 9.9955E-05 9.9955E-05
0.130142 0.0334512 0.274665 0.0353402 0.331338 0.0411612 0.115685 9.9991E-05 0.0381169
0.133365 0.0606519 0.260057 0.00687614 0.330066 0.0461919 0.0831106 0.0556695 0.0240117
0.153696 0.0690886 0.251046 0.0715298 0.250436 0.0288754 0.131787 9.9991E-05 0.0434405
0.180218 0.0211897 0.264519 0.0518316 0.324703 9.9982E-05 0.119178 9.9982E-05 0.0381605
9.9973E-05 9.9973E-05 0.00894012 0.0271587 0.00241499 0.0374778 0.891215 0.0324936 9.9973E-05
9.993E-05 9.993E-05 9.993E-05 9.993E-05 9.993E-05 9.993E-05 0.999201 9.993E-05 9.993E-05
9.9955E-05 9.9955E-05 0.00442308 0.00556481 9.9955E-05 0.0222867 0.967226 9.9955E-05 9.9955E-05
9.993E-05 9.993E-05 9.993E-05 9.993E-05 9.993E-05 9.993E-05 0.999201 9.993E-05 9.993E-05
9.9946E-05 0.0119631 0.0278921 9.9946E-05 9.9946E-05 9.9946E-05 0.959545 9.9946E-05 9.9946E-05
9.9946E-05 9.9946E-05 0.0206947 9.9946E-05 0.0228022 9.9946E-05 0.955903 9.9946E-05 9.9946E-05
9.9946E-05 0.0217355 9.9946E-05 9.9946E-05 0.0592409 9.9946E-05 0.918424 9.9946E-05 9.9946E-05
0.0842621 0.00457649 0.0399251 0.00570786 0.0659515 0.0158259 0.758177 0.0233965 0.00217747
0.0914239 9.9973E-05 9.9973E-05 0.0210338 0.0325781 9.9973E-05 0.799867 0.041566 0.0132313
0.0267674 0.025238 0.936736 9.9955E-05 9.9955E-05 9.9955E-05 9.9955E-05 9.9955E-05 0.0107592
9.993E-05 9.993E-05 0.999201 9.993E-05 9.993E-05 9.993E-05 9.993E-05 9.993E-05 9.993E-05
9.9937E-05 9.9937E-05 0.991879 9.9937E-05 9.9937E-05 0.0074211 9.9937E-05 9.9937E-05 9.9937E-05
9.9937E-05 9.9937E-05 0.995206 0.004094 9.9937E-05 9.9937E-05 9.9937E-05 9.9937E-05 9.9937E-05
9.993E-05 9.993E-05 0.999201 9.993E-05 9.993E-05 9.993E-05 9.993E-05 9.993E-05 9.993E-05
0.0396746 9.9973E-05 0.804865 0.00207927 0.113199 9.9973E-05 0.0160907 0.023792 9.9973E-05
9.993E-05 9.993E-05 0.999201 9.993E-05 9.993E-05 9.993E-05 9.993E-05 9.993E-05 9.993E-05
9.993E-05 9.993E-05 0.999201 9.993E-05 9.993E-05 9.993E-05 9.993E-05 9.993E-05 9.993E-05
9.993E-05 9.993E-05 0.999201 9.993E-05 9.993E-05 9.993E-05 9.993E-05 9.993E-05 9.993E-05
0.0385232 0.0309997 0.912956 0.00551256 9.9973E-05 0.00747223 9.9973E-05 9.9973E-05 0.00423653
9.993E-05 9.993E-05 0.999201 9.993E-05 9.993E-05 9.993E-05 9.993E-05 9.993E-05 9.993E-05
9.9955E-05 9.9955E-05 0.971749 9.9955E-05 9.9955E-05 0.00733182 0.0104563 0.00996305 9.9955E-05
