9.993E-05 9.993E-05 9.993E-05 9.993E-05 9.993E-05 9.993E-05 9.993E-05 0.999201 9.993E-05
0.0470597 9.9955E-05 9.9955E-05 0.600378 0.105627 9.9955E-05 9.9955E-05 0.246436 9.9955E-05
0.110666 9.9955E-05 9.9955E-05 0.593846 0.0500814 9.9955E-05 9.9955E-05 0.244907 9.9955E-05
9.9955E-05 9.9955E-05 9.9955E-05 0.712123 9.9955E-05 0.0288692 0.0796793 0.178829 9.9955E-05
9.9973E-05 0.0687752 0.0138547 0.661405 9.9973E-05 9.9973E-05 0.0776368 0.11087 0.0671583
0.00357901 9.9964E-05 9.9964E-05 0.648739 9.9964E-05 0.0638284 0.141543 0.14191 9.9964E-05
9.99371E-05 9.99371E-05 9.99371E-05 0.736252 9.99371E-05 9.99371E-05 9.99371E-05 0.263048 9.99371E-05
0.023257 9.99758E-05 0.00138703 0.551503 0.0548295 9.99758E-05 0.0859286 0.282795 9.99758E-05
0.0615837 9.9973E-05 0.0121382 0.673747 0.0555907 9.9973E-05 0.0196074 0.177034 9.9973E-05
9.993E-05 9.993E-05 9.993E-05 9.993E-05 9.993E-05 9.993E-05 9.993E-05 0.999201 9.993E-05
9.993E-05 9.993E-05 9.993E-05 9.993E-05 9.993E-05 9.993E-05 9.993E-05 0.999201 9.993E-05
9.993E-05 9.993E-05 9.993E-05 9.993E-05 9.993E-05 9.993E-05 9.993E-05 0.999201 9.993E-05
9.993E-05 9.993E-05 9.993E-05 9.993E-05 9.993E-05 9.993E-05 9.993E-05 0.999201 9.993E-05
9.9946E-05 0.0596357 9.9946E-05 9.9946E-05 9.9946E-05 9.9946E-05 0.0366572 0.903107 9.9946E-05
9.9946E-05 0.011088 9.9946E-05 9.9946E-05 9.9946E-05 9.9946E-05 0.00427576 0.984037 9.9946E-05
0.0137806 9.9982E-05 0.0244344 0.466066 0.0175298 9.9982E-05 0.237411 0.200437 0.0401405
0.0396768 0.132081 0.0935821 0.275182 0.0245217 0.0190482 0.148917 0.249201 0.0177903
0.0109062 0.0314085 0.014934 0.68208 0.00562822 0.000632768 0.10391 0.1504 9.9991E-05
9.99461E-05 0.0864068 0.0647674 0.848226 9.99461E-05 9.99461E-05 9.99461E-05 9.99461E-05 9.99461E-05
9.9946E-05 0.0487391 9.9946E-05 0.945173 9.9946E-05 9.9946E-05 9.9946E-05 9.9946E-05 0.0054885
9.9955E-05 9.9955E-05 0.00437404 0.924378 9.9955E-05 0.0502992 9.9955E-05 0.0204486 9.9955E-05
0.0584862 0.0752692 9.9973E-05 0.782156 0.0108314 9.9973E-05 0.0148353 9.9973E-05 0.058122
0.0238687 0.1243 0.026522 0.82481 9.9955E-05 9.9955E-05 9.9955E-05 9.9955E-05 9.9955E-05
9.9946E-05 0.0136244 9.9946E-05 0.953318 9.9946E-05 9.9946E-05 9.9946E-05 9.9946E-05 0.0324581
9.9964E-05 9.9964E-05 0.00769001 0.833054 9.9964E-05 0.0425826 0.110138 9.9964E-05 0.0061358
9.9964E-05 9.9964E-05 0.0652147 0.653695 9.9964E-05 0.101991 0.149539 9.9964E-05 0.0291608
0.0952966 0.0370331 0.0908562 0.684112 9.9973E-05 0.0482495 0.0441527 9.9973E-05 9.9973E-05
0.0125001 9.9955E-05 9.9955E-05 0.961319 9.9955E-05 9.9955E-05 0.0247502 9.9955E-05 0.000931093
0.0103455 0.0156958 0.0167257 0.753659 9.9982E-05 0.0756013 9.9982E-05 0.0460417 0.0817316
9.9955E-05 9.9955E-05 0.00504367 0.880756 9.9955E-05 0.0570451 9.9955E-05 0.0566554 9.9955E-05
9.9982E-05 0.0532026 0.00648725 0.838723 0.0044099 0.0398377 9.9982E-05 0.0369584 0.0201817
0.0122233 0.0200889 0.0741156 0.788996 0.00730769 9.9982E-05 0.0599594 9.9982E-05 0.0371089
0.0750017 9.9964E-05 0.0216073 0.758243 0.0153419 0.129407 9.9964E-05 9.9964E-05 9.9964E-05
0.0502726 9.9982E-05 0.00625462 0.638204 9.9982E-05 0.136374 0.0220297 0.0315949 0.115071
0.0334343 0.114746 9.9955E-05 0.848039 9.9955E-05 9.9955E-05 9.9955E-05 9.9955E-05 0.0032807
9.9964E-05 9.9964E-05 0.00705517 0.865845 9.9964E-05 0.0530278 0.00629739 0.0673751 9.9964E-05
9.9955E-05 0.0270205 9.9955E-05 0.514342 9.9955E-05 0.167429 0.290709 9.9955E-05 9.9955E-05
0.0350807 0.0321587 0.0723031 0.561669 9.9982E-05 0.205951 0.0853968 0.00724066 9.9982E-05
0.0516509 9.9973E-05 0.0477052 0.549066 0.0109938 0.264497 0.0757879 9.9973E-05 9.9973E-05
9.9955E-05 9.9955E-05 0.0292259 0.590554 9.9955E-05 0.34181 0.0379099 9.9955E-05 9.9955E-05
0.0559491 9.9982E-05 0.00569204 0.116711 0.0536012 0.0781762 0.613037 9.9982E-05 0.0766332
0.0851441 0.0412696 0.0257531 0.04644 0.0210597 0.0622379 0.626062 9.9991E-05 0.0919337
0.0870402 9.9973E-05 9.9973E-05 0.212101 0.0317727 9.9973E-05 0.537819 0.0298477 0.10112
0.0419924 9.9982E-05 0.0599305 0.0638809 0.0186529 0.0572099 0.680168 9.9982E-05 0.0779656
0.0862285 9.9973E-05 0.0547458 0.213554 9.9973E-05 0.162568 0.452002 9.9973E-05 0.0306018
9.993E-05 9.993E-05 9.993E-05 9.993E-05 9.993E-05 9.993E-05 0.999201 9.993E-05 9.993E-05
9.993E-05 9.993E-05 9.993E-05 9.993E-05 9.993E-05 9.993E-05 0.999201 9.993E-05 9.993E-05
0.0287884 0.0553711 0.0598599 0.380316 9.9982E-05 0.0183938 0.407239 9.9982E-05 0.0498327
0.0310469 0.0131889 0.0934877 0.144183 9.9991E-05 0.107168 0.473835 0.0611435 0.0758471
0.00916068 0.00119005 0.0157263 0.387388 0.0296319 0.070057 0.330006 0.074641 0.0821988
0.0172863 9.9973E-05 0.0526333 0.260268 9.9973E-05 0.181325 0.4507 0.0374875 9.9973E-05
0.0477179 0.0363521 0.0174871 0.162573 9.9982E-05 0.0880935 0.624543 9.9982E-05 0.0230336
0.0362952 9.9955E-05 0.023331 9.9955E-05 9.9955E-05 9.9955E-05 0.9253 0.0145741 9.9955E-05
9.9982E-05 0.0834581 0.0292189 0.179016 9.9982E-05 0.317899 0.337422 0.0304629 0.0223228
0.0115306 0.0473852 0.0367812 0.166354 0.0264953 0.318914 0.328413 0.0311753 0.032952
0.0915268 9.9982E-05 0.0238591 0.158252 0.028589 0.00699466 0.596806 9.9982E-05 0.093772
0.037107 0.0277371 0.0375091 0.214441 9.9991E-05 0.265006 0.305668 0.0909519 0.0214801
9.9982E-05 0.0199064 0.132642 0.214244 0.037839 0.106403 0.474383 9.9982E-05 0.0143822
0.00729145 9.9937E-05 9.9937E-05 9.9937E-05 9.9937E-05 9.9937E-05 0.992009 9.9937E-05 9.9937E-05
9.9973E-05 9.9973E-05 0.0845862 0.365325 0.00171247 0.227362 0.287833 0.0328811 9.9973E-05
9.9964E-05 0.0542917 0.10285 0.216197 9.9964E-05 9.9964E-05 0.561892 9.9964E-05 0.0643695
9.9973E-05 9.9973E-05 9.9973E-05 0.0443289 0.012784 0.119798 0.625377 0.0641449 0.133267
0.052694 0.0572301 0.0181246 0.139398 0.0323699 0.154874 0.525783 9.9991E-05 0.0194278
9.9964E-05 0.0621435 0.00847321 9.9964E-05 0.012779 9.9964E-05 0.874018 9.9964E-05 0.042187
9.9973E-05 9.9973E-05 0.0698781 0.0931523 9.9973E-05 0.148704 0.627413 0.00867113 0.0518816
0.00493602 0.0595639 9.9955E-05 9.9955E-05 9.9955E-05 9.9955E-05 0.920063 9.9955E-05 0.0149368
9.9946E-05 9.9946E-05 9.9946E-05 9.9946E-05 0.0474003 0.322269 0.629731 9.9946E-05 9.9946E-05
0.0122924 0.0857696 9.9973E-05 9.9973E-05 0.0211787 9.9973E-05 0.840485 0.000726615 0.0392475
0.016447 9.9982E-05 0.0475403 0.355408 0.0314857 0.0892734 0.436223 9.9982E-05 0.0234225
9.9946E-05 0.0319141 9.9946E-05 9.9946E-05 9.9946E-05 9.9946E-05 0.915521 9.9946E-05 0.0519651
0.0509066 9.9982E-05 9.9982E-05 0.109329 0.0545829 0.049249 0.637051 0.0256052 0.0730761
0.0437207 9.9982E-05 0.059563 0.0697973 0.013173 0.285444 0.492141 9.9982E-05 0.0359617
9.9955E-05 9.9955E-05 0.0178337 9.9955E-05 9.9955E-05 0.120049 0.794447 0.0671705 9.9955E-05
9.9955E-05 9.9955E-05 0.039109 9.9955E-05 9.9955E-05 0.143655 0.768735 0.0480012 9.9955E-05
0.0152795 0.0248683 0.013208 0.0114549 9.9991E-05 0.332734 0.445451 0.0495775 0.107327
9.9964E-05 0.0129811 0.0832465 0.0388614 9.9964E-05 0.201295 0.663216 9.9964E-05 9.9964E-05
0.0352036 9.9955E-05 9.9955E-05 9.9955E-05 0.0554579 0.185503 0.723336 9.9955E-05 9.9955E-05
0.0116062 0.0811621 9.9982E-05 0.000105174 0.112724 0.211629 0.497305 9.9982E-05 0.0852686
0.01415 9.9955E-05 9.9955E-05 0.0071822 9.9955E-05 0.977569 9.9955E-05 0.00059935 9.9955E-05
9.993E-05 9.993E-05 9.993E-05 9.993E-05 9.993E-05 0.999201 9.993E-05 9.993E-05 9.993E-05
0.0149962 9.9946E-05 9.9946E-05 9.9946E-05 9.9946E-05 0.938733 0.0456708 9.9946E-05 9.9946E-05
9.993E-05 9.993E-05 9.993E-05 9.993E-05 9.993E-05 0.999201 9.993E-05 9.993E-05 9.993E-05
0.0191452 9.9946E-05 9.9946E-05 9.9946E-05 9.9946E-05 0.970595 0.00966034 9.9946E-05 9.9946E-05
9.9973E-05 9.9973E-05 0.0240902 0.164847 0.0980178 0.53111 0.125682 9.9973E-05 0.0559534
0.0208585 0.00810121 0.000255738 0.0580235 0.154379 0.543163 0.160187 0.0180284 0.0370033
0.0880692 9.9991E-05 0.00891712 0.0764262 0.0834588 0.567371 0.118373 0.00560385 0.0516803
0.0666792 9.9991E-05 0.0174066 0.164711 0.0477376 0.431758 0.15281 0.0519951 0.0668019
9.9982E-05 9.9982E-05 0.0461792 0.124426 0.0694491 0.526881 0.128011 0.00416084 0.100693
0.0256129 0.0421558 0.0194419 0.0323122 0.0627166 0.520713 0.211858 0.0343778 0.0508117
0.0752242 0.0153624 0.132941 0.055221 0.0661173 0.339638 0.195037 0.00523906 0.115219
0.0491276 0.200072 9.9991E-05 0.11242 0.0657811 0.160857 0.278044 0.0389474 0.0946508
0.0487674 0.166937 9.9991E-05 0.0592491 0.0926879 0.19766 0.329071 0.0212719 0.0842568
0.082716 9.9982E-05 0.146544 9.9982E-05 0.189865 0.299837 0.243074 0.0335279 0.00423628
9.993E-05 9.993E-05 9.993E-05 9.993E-05 0.999201 9.993E-05 9.993E-05 9.993E-05 9.993E-05
0.0181831 0.0188459 9.9964E-05 9.9964E-05 0.935926 9.9964E-05 0.0122392 0.0144054 9.9964E-05
9.9982E-05 0.0608826 0.04288 9.9982E-05 0.837371 0.0137426 0.0291798 0.00775515 0.00798858
0.0194463 9.99371E-05 9.99371E-05 9.99371E-05 0.979854 9.99371E-05 9.99371E-05 9.99371E-05 9.99371E-05
9.993E-05 9.993E-05 9.993E-05 9.993E-05 0.999201 9.993E-05 9.993E-05 9.993E-05 9.993E-05
9.993E-05 9.993E-05 9.993E-05 9.993E-05 0.999201 9.993E-05 9.993E-05 9.993E-05 9.993E-05
0.00240185 9.99371E-05 9.99371E-05 9.99371E-05 0.996899 9.99371E-05 9.99371E-05 9.99371E-05 9.99371E-05
0.0241562 9.9955E-05 9.9955E-05 0.00749293 0.926364 0.0414872 9.9955E-05 9.9955E-05 9.9955E-05
9.99461E-05 0.00244776 9.99461E-05 9.99461E-05 0.996367 9.99461E-05 9.99461E-05 0.000586054 9.99461E-05
9.993E-05 9.993E-05 9.993E-05 9.993E-05 0.999201 9.993E-05 9.993E-05 9.993E-05 9.993E-05
0.050923 0.0422801 0.0806103 0.0886992 0.0494403 0.417844 9.99868E-05 9.99868E-05 0.270003
0.00984398 0.00489807 0.0385832 9.9973E-05 0.896983 9.9973E-05 0.0292742 9.9973E-05 0.0201181
0.016471 9.9946E-05 9.9946E-05 9.9946E-05 0.951016 0.0319133 9.9946E-05 9.9946E-05 9.9946E-05
9.9964E-05 0.00404467 0.0233869 9.9964E-05 0.95491 9.9964E-05 9.9964E-05 0.0107352 0.00652369
9.993E-05 9.993E-05 9.993E-05 9.993E-05 9.993E-05 0.999201 9.993E-05 9.993E-05 9.993E-05
9.993E-05 9.993E-05 9.993E-05 9.993E-05 9.993E-05 0.999201 9.993E-05 9.993E-05 9.993E-05
9.99371E-05 9.99371E-05 9.99371E-05 9.99371E-05 9.99371E-05 0.982535 9.99371E-05 0.0167658 9.99371E-05
9.993E-05 9.993E-05 9.993E-05 9.993E-05 9.993E-05 0.999201 9.993E-05 9.993E-05 9.993E-05
0.00917184 0.0286389 9.9964E-05 9.9964E-05 0.00151201 0.833989 9.9964E-05 9.9964E-05 0.126289
9.9964E-05 0.0968747 0.0245962 0.116893 9.9964E-05 0.717682 9.9964E-05 9.9964E-05 0.0435541
9.9964E-05 0.049418 9.9964E-05 0.0590802 0.0465321 0.837545 9.9964E-05 9.9964E-05 0.00702508
9.9964E-05 0.0660848 0.00398718 9.9964E-05 0.045333 0.813087 9.9964E-05 9.9964E-05 0.0711082
0.0541698 0.0536163 9.9955E-05 9.9955E-05 0.0751157 0.816598 9.9955E-05 9.9955E-05 9.9955E-05
0.0126971 0.0543376 9.9964E-05 9.9964E-05 0.0607947 0.866675 9.9964E-05 0.00509529 9.9964E-05
0.0420432 0.0472997 0.0805599 0.0905226 0.00136286 0.688825 9.9982E-05 9.9982E-05 0.0491863
9.9964E-05 0.098229 0.00448357 0.00690206 0.0589777 0.831008 9.9964E-05 9.9964E-05 9.9964E-05
0.082537 0.0357902 0.0290474 9.9982E-05 9.9982E-05 0.673194 0.0719344 0.0195448 0.0877518
0.0417548 0.0172592 0.0456195 0.0207512 0.0341006 0.688682 0.0214578 9.9991E-05 0.130275
9.99461E-05 0.0474638 9.99461E-05 9.99461E-05 9.99461E-05 9.99461E-05 0.00392425 9.99461E-05 0.948012
9.9964E-05 0.0173214 0.0463125 0.0291791 0.0134216 9.9964E-05 9.9964E-05 9.9964E-05 0.893366
9.993E-05 9.993E-05 9.993E-05 9.993E-05 9.993E-05 9.993E-05 9.993E-05 9.993E-05 0.999201
9.9946E-05 0.00321932 9.9946E-05 9.9946E-05 9.9946E-05 9.9946E-05 0.020484 9.9946E-05 0.975697
9.993E-05 9.993E-05 9.993E-05 9.993E-05 9.993E-05 9.993E-05 9.993E-05 9.993E-05 0.999201
9.9937E-05 9.9937E-05 9.9937E-05 9.9937E-05 0.0010815 9.9937E-05 9.9937E-05 9.9937E-05 0.998219
9.99371E-05 9.99371E-05 9.99371E-05 9.99371E-05 0.0188659 9.99371E-05 9.99371E-05 9.99371E-05 0.980435
9.9955E-05 0.16343 9.9955E-05 9.9955E-05 9.9955E-05 9.9955E-05 0.0305629 0.0488207 0.756687
0.00598384 9.9937E-05 9.9937E-05 9.9937E-05 9.9937E-05 9.9937E-05 9.9937E-05 9.9937E-05 0.993317
9.993E-05 9.993E-05 9.993E-05 9.993E-05 9.993E-05 9.993E-05 9.993E-05 9.993E-05 0.999201
9.9955E-05 0.0737929 9.9955E-05 9.9955E-05 0.0465642 9.9955E-05 9.9955E-05 0.0222699 0.856873
9.993E-05 9.993E-05 9.993E-05 9.993E-05 9.993E-05 9.993E-05 9.993E-05 9.993E-05 0.999201
0.0745203 0.0428238 0.0171461 9.9982E-05 0.0517839 0.0245243 0.100192 9.9982E-05 0.688809
0.999201 9.993E-05 9.993E-05 9.993E-05 9.993E-05 9.993E-05 9.993E-05 9.993E-05 9.993E-05
0.0516651 0.0489431 9.9973E-05 9.9973E-05 0.10595 0.621917 0.0835494 9.9973E-05 0.0876759
0.999201 9.993E-05 9.993E-05 9.993E-05 9.993E-05 9.993E-05 9.993E-05 9.993E-05 9.993E-05
0.999201 9.993E-05 9.993E-05 9.993E-05 9.993E-05 9.993E-05 9.993E-05 9.993E-05 9.993E-05
0.959692 0.0383367 9.99461E-05 9.99461E-05 0.0013719 9.99461E-05 9.99461E-05 9.99461E-05 9.99461E-05
0.709416 9.9973E-05 0.0191168 0.0430667 9.9973E-05 0.0949261 0.0709552 9.9973E-05 0.0622195
0.999201 9.993E-05 9.993E-05 9.993E-05 9.993E-05 9.993E-05 9.993E-05 9.993E-05 9.993E-05
0.862483 0.0256706 9.9964E-05 9.9964E-05 0.01362 0.0729541 0.0248726 9.9964E-05 9.9964E-05
0.999201 9.993E-05 9.993E-05 9.993E-05 9.993E-05 9.993E-05 9.993E-05 9.993E-05 9.993E-05
0.946789 9.99466E-05 9.99466E-05 9.99466E-05 9.99466E-05 0.0290007 9.99466E-05 9.99466E-05 0.023611
0.98776 9.9937E-05 9.9937E-05 9.9937E-05 9.9937E-05 9.9937E-05 9.9937E-05 0.0115405 9.9937E-05
0.981202 9.9946E-05 9.9946E-05 0.013959 9.9946E-05 9.9946E-05 0.00423976 9.9946E-05 9.9946E-05
0.972382 9.9955E-05 0.00108719 0.0167204 9.9955E-05 9.9955E-05 9.9955E-05 9.9955E-05 0.00931066
0.766401 9.9964E-05 9.9964E-05 9.9964E-05 0.0665638 0.0681602 0.0126209 9.9964E-05 0.0858546
0.918876 0.0175495 0.031603 0.00866275 9.9964E-05 9.9964E-05 9.9964E-05 0.0229087 9.9964E-05
0.836382 0.0265494 0.00344367 9.9982E-05 0.0305119 9.9982E-05 0.0501931 0.0096808 0.0430393
0.798719 0.0193835 0.0603467 9.9973E-05 0.0115423 0.037539 0.0721695 9.9973E-05 9.9973E-05
0.866669 0.0630575 0.0166862 0.0147251 0.00369744 9.9982E-05 9.9982E-05 0.00568922 0.029276
0.935036 0.00118105 9.9964E-05 9.9964E-05 0.00380257 0.0420311 9.9964E-05 9.9964E-05 0.0175494
0.055454 0.111888 0.235328 9.9991E-05 0.0191959 0.32158 0.132867 0.0522069 0.0713794
0.0335601 0.109505 0.222762 9.9982E-05 9.9982E-05 0.426497 0.101065 0.0318246 0.0745866
0.0463213 0.124969 0.279463 9.9991E-05 0.0611745 0.291996 0.138978 0.0455511 0.0114468
0.0493905 0.12235 0.20059 9.9982E-05 0.0520076 0.338185 0.198814 0.0384627 9.9982E-05
0.00254242 0.929605 9.9973E-05 0.0122297 9.9973E-05 9.9973E-05 0.0233844 0.00207207 0.0298667
9.993E-05 0.999201 9.993E-05 9.993E-05 9.993E-05 9.993E-05 9.993E-05 9.993E-05 9.993E-05
9.9937E-05 0.963695 9.9937E-05 9.9937E-05 9.9937E-05 0.0356059 9.9937E-05 9.9937E-05 9.9937E-05
9.993E-05 0.999201 9.993E-05 9.993E-05 9.993E-05 9.993E-05 9.993E-05 9.993E-05 9.993E-05
9.9937E-05 0.97924 0.0200604 9.9937E-05 9.9937E-05 9.9937E-05 9.9937E-05 9.9937E-05 9.9937E-05
0.0338319 0.948593 0.00851334 9.9955E-05 9.9955E-05 0.00856182 9.9955E-05 9.9955E-05 9.9955E-05
9.9955E-05 0.930441 0.0112142 9.9955E-05 0.0385424 9.9955E-05 0.0193025 9.9955E-05 9.9955E-05
0.00472072 0.813211 0.0354411 0.0397163 0.00305252 0.0614451 0.0162664 0.0260466 9.9991E-05
9.9964E-05 0.866777 9.9964E-05 0.0726637 0.00284683 0.0488837 0.00842917 9.9964E-05 9.9964E-05
9.9946E-05 9.9946E-05 0.988813 9.9946E-05 9.9946E-05 0.00822469 9.9946E-05 9.9946E-05 0.00236307
9.993E-05 9.993E-05 0.999201 9.993E-05 9.993E-05 9.993E-05 9.993E-05 9.993E-05 9.993E-05
9.993E-05 9.993E-05 0.999201 9.993E-05 9.993E-05 9.993E-05 9.993E-05 9.993E-05 9.993E-05
9.99371E-05 9.99371E-05 0.995858 9.99371E-05 9.99371E-05 9.99371E-05 9.99371E-05 0.00344241 9.99371E-05
9.993E-05 9.993E-05 0.999201 9.993E-05 9.993E-05 9.993E-05 9.993E-05 9.993E-05 9.993E-05
9.9955E-05 9.9955E-05 0.885904 9.9955E-05 9.9955E-05 0.030139 0.0566528 0.0268043 9.9955E-05
9.993E-05 9.993E-05 0.999201 9.993E-05 9.993E-05 9.993E-05 9.993E-05 9.993E-05 9.993E-05
9.9946E-05 9.9946E-05 0.960872 9.9946E-05 9.9946E-05 9.9946E-05 0.00536729 9.9946E-05 0.0331607
9.99371E-05 9.99371E-05 0.962186 0.037114 9.99371E-05 9.99371E-05 9.99371E-05 9.99371E-05 9.99371E-05
0.00549443 9.9964E-05 0.944924 9.9964E-05 0.0115909 9.9964E-05 0.0151115 9.9964E-05 0.0224794
9.993E-05 9.993E-05 0.999201 9.993E-05 9.993E-05 9.993E-05 9.993E-05 9.993E-05 9.993E-05
9.9946E-05 0.00526888 0.992946 9.9946E-05 0.00118559 9.9946E-05 9.9946E-05 9.9946E-05 9.9946E-05
