9.993E-05 9.993E-05 9.993E-05 9.993E-05 9.993E-05 0.999201 9.993E-05 9.993E-05 9.993E-05
9.9973E-05 0.00350417 0.0591534 0.0770781 9.9973E-05 0.103267 0.0338111 9.9973E-05 0.722887
9.9964E-05 9.9964E-05 0.0670335 0.0531105 9.9964E-05 0.0746895 0.0616528 9.9964E-05 0.743114
9.993E-05 9.993E-05 9.993E-05 9.993E-05 9.993E-05 9.993E-05 9.993E-05 9.993E-05 0.999201
9.9955E-05 0.132531 9.9955E-05 9.9955E-05 9.9955E-05 9.9955E-05 0.197522 0.0772271 0.59222
9.9982E-05 0.018397 0.0112346 0.0121121 0.17954 0.0582208 0.201145 9.9982E-05 0.51915
9.9946E-05 9.9946E-05 9.9946E-05 9.9946E-05 9.9946E-05 0.187716 0.359376 9.9946E-05 0.452308
9.999E-05 0.0262391 0.0764146 0.017077 0.0164285 0.209522 0.23519 0.00217281 0.416856
9.9973E-05 9.9973E-05 0.0653861 0.0274393 9.9973E-05 0.0902938 0.293452 0.0524709 0.470658
9.993E-05 9.993E-05 9.993E-05 9.993E-05 9.993E-05 0.999201 9.993E-05 9.993E-05 9.993E-05
9.993E-05 9.993E-05 9.993E-05 9.993E-05 9.993E-05 0.999201 9.993E-05 9.993E-05 9.993E-05
9.9946E-05 0.00120378 9.9946E-05 9.9946E-05 9.9946E-05 0.99635 9.9946E-05 0.00184625 9.9946E-05
0.00862194 9.9946E-05 9.9946E-05 0.0119279 9.9946E-05 0.97885 9.9946E-05 9.9946E-05 9.9946E-05
9.9946E-05 0.0414858 9.9946E-05 9.9946E-05 9.9946E-05 0.902922 0.0549927 9.9946E-05 9.9946E-05
0.0122326 0.0032527 0.0352939 9.9973E-05 0.0154846 0.871709 9.9973E-05 9.9973E-05 0.0617275
9.9982E-05 9.9982E-05 0.0136563 0.0101755 0.296268 0.0627242 0.0207931 0.0749089 0.521274
0.113193 0.0861823 0.106949 0.0264844 0.0868285 0.155552 0.032597 9.9991E-05 0.392114
9.993E-05 9.993E-05 9.993E-05 9.993E-05 9.993E-05 9.993E-05 9.993E-05 9.993E-05 0.999201
9.99461E-05 0.0196765 9.99461E-05 9.99461E-05 9.99461E-05 9.99461E-05 0.93064 9.99461E-05 0.0490842
0.00458578 0.0467114 9.9955E-05 9.9955E-05 9.9955E-05 9.9955E-05 0.939785 0.00841823 9.9955E-05
9.9955E-05 9.9955E-05 9.9955E-05 9.9955E-05 9.9955E-05 0.0439841 0.86499 0.0269127 0.0636131
0.0287743 0.0581014 0.0748206 9.9982E-05 0.0732887 9.9982E-05 0.686093 0.00933566 0.0693863
9.9973E-05 0.0825364 0.00802934 0.00411368 9.9973E-05 9.9973E-05 0.859524 0.0152656 0.0302315
0.0309699 9.9955E-05 0.00861099 9.9955E-05 9.9955E-05 0.0321538 0.927766 9.9955E-05 9.9955E-05
0.0171232 9.9946E-05 9.9946E-05 9.9946E-05 9.9946E-05 0.010297 0.97198 9.9946E-05 9.9946E-05
0.035975 9.9964E-05 0.0043146 9.9964E-05 0.262439 9.9964E-05 0.647169 0.0497032 9.9964E-05
9.9973E-05 0.00968352 0.0655293 9.9973E-05 0.0682586 0.013961 0.743053 0.0992147 9.9973E-05
9.99461E-05 9.99461E-05 0.0358295 9.99461E-05 9.99461E-05 9.99461E-05 0.92691 9.99461E-05 0.0366604
0.0212298 0.0150818 0.0507027 0.0331015 0.0735218 0.0472093 0.665101 0.0268447 0.0672077
9.9955E-05 9.9955E-05 9.9955E-05 0.00410176 9.9955E-05 0.037942 0.898375 9.9955E-05 0.0590818
9.9955E-05 0.0159146 9.9955E-05 9.9955E-05 9.9955E-05 0.0394786 0.934902 0.00920473 9.9955E-05
0.0949265 0.00470542 0.0127442 9.9973E-05 0.0127317 9.9973E-05 0.862933 0.0116593 9.9973E-05
9.9982E-05 0.00403057 0.0643799 0.0331536 0.060548 0.00484155 0.827905 0.00494157 9.9982E-05
0.0908037 9.9973E-05 0.0693431 0.00409455 0.13586 0.0496689 0.64993 9.9973E-05 9.9973E-05
9.9955E-05 0.11489 0.035019 9.9955E-05 9.9955E-05 9.9955E-05 0.817797 9.9955E-05 0.0317942
9.9955E-05 9.9955E-05 9.9955E-05 9.9955E-05 0.016623 0.062032 0.818829 9.9955E-05 0.102016
9.9946E-05 0.000673482 9.9946E-05 9.9946E-05 0.458635 9.9946E-05 0.540092 9.9946E-05 9.9946E-05
0.0106456 0.0646626 0.0683665 0.00427695 0.209643 9.9991E-05 0.526518 0.0557673 0.0600204
9.9982E-05 9.9982E-05 0.057217 0.0599527 0.149314 0.0154888 0.590466 0.112058 0.0153042
0.0308135 9.9973E-05 9.9973E-05 0.0485601 0.237882 0.0146193 0.629523 0.0383023 9.9973E-05
0.0967682 9.9964E-05 0.0250935 0.048546 0.631798 9.9964E-05 9.9964E-05 9.9964E-05 0.197395
0.0580609 9.9973E-05 0.0408567 0.000533857 0.651627 9.9973E-05 9.9973E-05 0.0640943 0.184527
0.0800462 0.00452076 0.0936335 0.0149937 0.518914 0.00237791 0.0148689 9.9991E-05 0.270545
0.0123552 9.9964E-05 0.00690237 0.0053769 0.737433 9.9964E-05 9.9964E-05 9.9964E-05 0.237532
0.0297834 0.000432567 0.0593645 9.9982E-05 0.579479 9.9982E-05 0.187178 0.0666145 0.0769477
9.9955E-05 9.9955E-05 0.0127177 9.9955E-05 0.978972 0.00316696 9.9955E-05 9.9955E-05 0.00464315
9.9937E-05 9.9937E-05 9.9937E-05 9.9937E-05 0.987919 9.9937E-05 0.0113815 9.9937E-05 9.9937E-05
0.012279 0.0363621 0.0369205 0.0145239 0.483663 9.9991E-05 0.368098 0.0324221 0.0156314
0.0887913 9.9982E-05 0.0357542 9.9982E-05 0.556716 0.0636977 0.0599124 0.0856472 0.109281
0.0813231 9.9991E-05 0.00751156 0.0292153 0.376087 0.067215 0.282086 0.00762568 0.148836
9.9982E-05 9.9982E-05 0.0541027 0.0237085 0.555232 0.04559 0.224577 0.0250203 0.0715688
9.9973E-05 0.0356812 0.0213041 9.9973E-05 0.720223 0.011548 0.154356 9.9973E-05 0.0565874
9.9964E-05 9.9964E-05 9.9964E-05 9.9964E-05 0.93205 0.0424603 0.0127482 0.00519251 0.0071493
0.0502351 0.0653448 9.9982E-05 0.046649 0.462577 0.0396657 0.26109 0.074238 9.9982E-05
0.0540401 0.0474269 0.0176228 0.0472099 0.509598 0.0349484 0.288954 9.9982E-05 9.9982E-05
0.0663065 9.9973E-05 0.0944941 9.9973E-05 0.621626 9.9973E-05 0.0331163 0.0333486 0.150808
0.0751641 0.0114468 0.0485251 9.9991E-05 0.505165 0.0607674 0.166677 0.100822 0.0313327
0.004855 0.0219973 9.9982E-05 0.0134836 0.559405 9.9982E-05 0.191401 0.120162 0.0884964
9.99371E-05 9.99371E-05 0.00503347 9.99371E-05 0.994267 9.99371E-05 9.99371E-05 9.99371E-05 9.99371E-05
9.999E-05 0.0316383 0.0288004 0.0196218 0.539126 0.0341945 0.161948 0.0862739 0.0982974
0.0369748 9.9964E-05 9.9964E-05 9.9964E-05 0.606567 0.0267027 0.210373 0.118983 9.9964E-05
0.0575046 9.9964E-05 9.9964E-05 9.9964E-05 0.792445 0.0166749 0.0508522 9.9964E-05 0.0821229
0.0635855 0.0187458 0.0494077 0.0170921 0.655616 0.0271063 0.121796 0.046551 9.9991E-05
0.0213323 0.0449224 9.99461E-05 9.99461E-05 0.933146 9.99461E-05 9.99461E-05 9.99461E-05 9.99461E-05
9.9964E-05 9.9964E-05 9.9964E-05 9.9964E-05 0.77293 0.01273 0.101551 0.0142198 0.0981699
9.9946E-05 0.0376438 0.0288751 9.9946E-05 0.932881 9.9946E-05 9.9946E-05 9.9946E-05 9.9946E-05
9.9937E-05 9.9937E-05 9.9937E-05 0.0184152 0.980885 9.9937E-05 9.9937E-05 9.9937E-05 9.9937E-05
0.00713223 0.0600587 0.0126106 9.99641E-05 0.881227 0.0385714 9.99641E-05 9.99641E-05 9.99641E-05
0.00331887 9.9973E-05 0.0158897 9.9973E-05 0.595751 9.9973E-05 0.214064 0.0643251 0.106351
9.99461E-05 0.0196879 0.0108425 9.99461E-05 0.96887 9.99461E-05 9.99461E-05 9.99461E-05 9.99461E-05
0.0112608 9.9982E-05 0.0547868 0.0653863 0.704795 0.0356558 0.0423893 9.9982E-05 0.0855264
0.0390445 0.0394901 0.0445114 0.0824206 0.736643 9.9991E-05 0.00997343 0.0234955 0.0243217
9.99371E-05 9.99371E-05 9.99371E-05 9.99371E-05 0.910245 0.0890556 9.99371E-05 9.99371E-05 9.99371E-05
9.9937E-05 9.9937E-05 9.9937E-05 9.9937E-05 0.945063 0.0542373 9.9937E-05 9.9937E-05 9.9937E-05
0.0498268 0.0394545 9.9964E-05 9.9964E-05 0.865336 0.0407984 0.00418411 9.9964E-05 9.9964E-05
9.9964E-05 0.040427 9.9964E-05 9.9964E-05 0.859867 0.00729578 0.0228945 0.0691155 9.9964E-05
9.9955E-05 9.9955E-05 0.0487684 0.0353289 0.8889 9.9955E-05 9.9955E-05 9.9955E-05 0.0265033
9.9982E-05 0.112755 0.0149311 0.0880395 0.694718 0.0193995 0.0141794 9.9982E-05 0.0557774
0.0614591 0.0858749 0.0357369 0.0790384 0.685102 9.9982E-05 9.9982E-05 0.046372 0.00621696
0.0578496 0.0658097 9.9964E-05 0.0933199 0.761347 9.9964E-05 9.9964E-05 0.0212743 9.9964E-05
0.0780253 0.0689297 0.0282487 0.0689214 0.742229 9.9973E-05 9.9973E-05 0.0133458 9.9973E-05
0.00496947 0.0734543 0.0160834 0.135361 0.748981 9.9973E-05 9.9973E-05 0.0208503 9.9973E-05
0.094832 0.0565586 0.0542497 0.0834222 0.708759 9.9973E-05 9.9973E-05 0.00187873 9.9973E-05
0.153515 9.9982E-05 9.9982E-05 0.150112 0.432573 0.00483829 0.163392 0.0489732 0.0463966
0.0626989 0.0749076 9.9973E-05 0.202336 0.48923 9.9973E-05 9.9973E-05 0.06258 0.107947
0.0313055 0.023029 0.11905 0.154333 0.572124 9.9982E-05 9.9982E-05 0.0227762 0.0771813
0.118114 0.0353548 0.0802524 0.073993 0.433059 0.0270068 0.117495 0.060391 0.0543342
0.128793 9.9973E-05 9.9973E-05 0.133292 0.546323 0.0103196 0.118026 0.0629469 9.9973E-05
0.0383979 0.0816823 0.0769953 0.136464 0.479716 9.9991E-05 0.070556 0.106571 0.00951807
0.119942 0.00644956 0.0831601 0.122526 0.445779 0.00766723 0.0859038 0.128472 9.9991E-05
0.0991524 0.194963 0.0678229 0.136238 0.326339 0.00253408 9.9991E-05 0.0106146 0.162236
0.10105 0.17357 0.0319933 0.0959391 0.433721 9.9973E-05 9.9973E-05 9.9973E-05 0.163426
0.0674973 0.00854118 0.070678 0.205154 0.369284 0.0144678 0.055173 0.201013 0.00819254
9.993E-05 9.993E-05 9.993E-05 0.999201 9.993E-05 9.993E-05 9.993E-05 9.993E-05 9.993E-05
9.9955E-05 9.9955E-05 9.9955E-05 0.963729 0.0288714 0.00594758 9.9955E-05 9.9955E-05 0.000951908
9.9973E-05 0.0566005 0.00197421 0.864499 9.9973E-05 0.0267563 0.0247412 0.0251288 9.9973E-05
9.993E-05 9.993E-05 9.993E-05 0.999201 9.993E-05 9.993E-05 9.993E-05 9.993E-05 9.993E-05
9.993E-05 9.993E-05 9.993E-05 0.999201 9.993E-05 9.993E-05 9.993E-05 9.993E-05 9.993E-05
9.993E-05 9.993E-05 9.993E-05 0.999201 9.993E-05 9.993E-05 9.993E-05 9.993E-05 9.993E-05
9.993E-05 9.993E-05 9.993E-05 0.999201 9.993E-05 9.993E-05 9.993E-05 9.993E-05 9.993E-05
9.9964E-05 0.0124957 9.9964E-05 0.892556 9.9964E-05 9.9964E-05 0.0530016 0.0219301 0.0196172
9.99371E-05 9.99371E-05 9.99371E-05 0.998097 9.99371E-05 0.00120337 9.99371E-05 9.99371E-05 9.99371E-05
9.993E-05 9.993E-05 9.993E-05 0.999201 9.993E-05 9.993E-05 9.993E-05 9.993E-05 9.993E-05
0.301563 0.0732921 0.102233 0.0878994 0.231012 0.0152401 0.104347 0.0843131 9.9991E-05
9.9964E-05 0.0118767 0.0287882 0.913802 0.0318527 9.9964E-05 9.9964E-05 0.0132804 9.9964E-05
9.9946E-05 0.00336857 0.00485646 0.991175 9.9946E-05 9.9946E-05 9.9946E-05 9.9946E-05 9.9946E-05
0.00240454 9.9946E-05 9.9946E-05 0.974125 9.9946E-05 9.9946E-05 9.9946E-05 0.0228712 9.9946E-05
0.240558 0.0920116 0.00685543 0.141923 0.341285 9.9982E-05 0.0486148 0.128552 9.9982E-05
0.228801 0.0640894 0.0576237 0.126578 0.353302 9.9982E-05 0.0893385 0.0800668 9.9982E-05
0.176647 0.162266 0.0878216 0.138927 0.327107 9.9991E-05 0.0211869 0.066373 0.0195717
0.196852 0.0778601 0.0918923 0.166282 0.302975 9.9982E-05 0.0728052 0.0911335 9.9982E-05
0.22442 0.0982588 0.0621132 0.148722 0.339584 9.9982E-05 0.0284929 0.0982098 9.9982E-05
0.202368 0.159494 0.00365733 0.104132 0.309558 9.9991E-05 0.158749 0.0195462 0.0423955
0.133388 0.162408 9.9973E-05 0.126335 0.403072 9.9973E-05 0.143169 0.0313266 9.9973E-05
0.2304 0.113264 9.9973E-05 0.119642 0.385199 9.9973E-05 0.0766272 0.0745682 9.9973E-05
0.138267 0.129835 0.0789441 0.238177 0.337078 9.9982E-05 0.0171507 0.0603485 9.9982E-05
0.134935 0.144134 0.0905097 0.199062 0.354913 9.9982E-05 0.0252531 0.0509935 9.9982E-05
0.155809 0.0954461 0.0495114 0.117701 0.380072 9.9982E-05 0.118922 0.0823382 9.9982E-05
0.081109 0.18485 0.0388738 0.150976 0.352262 9.9991E-05 0.0617901 0.09921 0.0308288
0.167348 0.113343 0.0749278 0.0527006 0.475932 0.0197019 0.0176801 0.0782671 9.9991E-05
0.222314 0.0531626 0.0417203 0.1308 0.392638 9.9991E-05 0.0285832 0.0783573 0.0523251
0.949726 0.0114207 9.9955E-05 9.9955E-05 9.9955E-05 9.9955E-05 0.0324058 0.00594745 9.9955E-05
0.888359 0.0238956 9.9982E-05 0.00271492 9.9982E-05 0.00540892 0.0182518 0.044695 0.0164753
0.999201 9.993E-05 9.993E-05 9.993E-05 9.993E-05 9.993E-05 9.993E-05 9.993E-05 9.993E-05
0.980721 9.9937E-05 9.9937E-05 9.9937E-05 9.9937E-05 9.9937E-05 9.9937E-05 0.018579 9.9937E-05
0.99577 9.9937E-05 9.9937E-05 9.9937E-05 9.9937E-05 9.9937E-05 9.9937E-05 0.00353052 9.9937E-05
0.999201 9.993E-05 9.993E-05 9.993E-05 9.993E-05 9.993E-05 9.993E-05 9.993E-05 9.993E-05
0.999201 9.993E-05 9.993E-05 9.993E-05 9.993E-05 9.993E-05 9.993E-05 9.993E-05 9.993E-05
0.727092 0.110681 9.9982E-05 0.000941033 0.11413 0.0276403 9.9982E-05 0.00732267 0.0119929
0.999201 9.993E-05 9.993E-05 9.993E-05 9.993E-05 9.993E-05 9.993E-05 9.993E-05 9.993E-05
0.999201 9.993E-05 9.993E-05 9.993E-05 9.993E-05 9.993E-05 9.993E-05 9.993E-05 9.993E-05
0.810478 0.0692711 9.9964E-05 0.0449173 9.9964E-05 0.0185157 9.9964E-05 9.9964E-05 0.056418
0.972327 0.00225781 9.9946E-05 9.9946E-05 9.9946E-05 9.9946E-05 9.9946E-05 0.0248155 9.9946E-05
0.771348 0.0180272 0.0748249 0.00570896 0.129454 9.9973E-05 9.9973E-05 9.9973E-05 0.000336103
9.993E-05 9.993E-05 0.999201 9.993E-05 9.993E-05 9.993E-05 9.993E-05 9.993E-05 9.993E-05
0.174465 0.0594437 0.0719895 0.171451 0.387513 9.9982E-05 9.9982E-05 0.0891361 0.0458019
9.993E-05 9.993E-05 0.999201 9.993E-05 9.993E-05 9.993E-05 9.993E-05 9.993E-05 9.993E-05
9.993E-05 9.993E-05 0.999201 9.993E-05 9.993E-05 9.993E-05 9.993E-05 9.993E-05 9.993E-05
9.99461E-05 0.0779585 0.899487 9.99461E-05 9.99461E-05 0.0219545 9.99461E-05 9.99461E-05 9.99461E-05
0.0321364 9.9964E-05 0.802035 0.010253 0.0531335 9.9964E-05 0.102042 9.9964E-05 9.9964E-05
9.993E-05 9.993E-05 0.999201 9.993E-05 9.993E-05 9.993E-05 9.993E-05 9.993E-05 9.993E-05
0.0142767 0.0392875 0.901183 9.9964E-05 0.0394538 0.00539904 9.9964E-05 9.9964E-05 9.9964E-05
9.9964E-05 0.0147771 0.975433 0.00551184 9.9964E-05 9.9964E-05 0.00264784 9.9964E-05 0.00123004
0.00981474 9.99461E-05 0.954913 9.99461E-05 9.99461E-05 9.99461E-05 0.0346726 9.99461E-05 9.99461E-05
9.9964E-05 9.9964E-05 0.947228 9.9964E-05 0.0102592 9.9964E-05 0.0237742 0.00285009 0.0154881
9.993E-05 9.993E-05 0.999201 9.993E-05 9.993E-05 9.993E-05 9.993E-05 9.993E-05 9.993E-05
0.0372658 9.99564E-05 0.958615 0.000168208 9.99564E-05 9.99564E-05 0.00345139 9.99564E-05 9.99564E-05
0.0617351 9.9973E-05 0.800979 0.0601099 0.00150862 9.9973E-05 9.9973E-05 0.0683359 0.00703216
0.000556075 0.0225142 0.901135 0.0168416 9.9973E-05 9.9973E-05 0.0443247 0.0143286 9.9973E-05
9.9964E-05 0.0397395 0.857707 0.00694591 0.0863681 9.9964E-05 9.9964E-05 0.00883965 9.9964E-05
0.00251968 0.00511948 0.895499 9.9973E-05 0.0293736 0.0218216 9.9973E-05 0.0453667 9.9973E-05
9.9973E-05 0.0135812 0.840782 9.9973E-05 0.0784619 0.0126459 9.9973E-05 0.0271592 0.0270698
0.0196992 0.0193221 0.945159 0.000261196 0.00717339 9.9973E-05 9.9973E-05 9.9973E-05 0.00808554
0.0197622 0.118571 0.0285698 0.0960814 0.429057 0.0406046 9.9982E-05 0.267154 9.9982E-05
0.0641205 0.11513 0.0665691 0.0805431 0.361287 0.0174712 0.0516731 0.243106 9.9991E-05
0.00488364 0.107173 0.0626349 0.109806 0.397861 0.0390323 9.9982E-05 0.27841 9.9982E-05
0.00606155 0.146165 0.0720061 0.085506 0.419023 0.0322233 9.9982E-05 0.238815 9.9982E-05
0.0286198 0.942694 9.9964E-05 9.9964E-05 0.0101557 0.00850247 0.00962801 9.9964E-05 9.9964E-05
9.993E-05 0.999201 9.993E-05 9.993E-05 9.993E-05 9.993E-05 9.993E-05 9.993E-05 9.993E-05
9.993E-05 0.999201 9.993E-05 9.993E-05 9.993E-05 9.993E-05 9.993E-05 9.993E-05 9.993E-05
9.993E-05 0.999201 9.993E-05 9.993E-05 9.993E-05 9.993E-05 9.993E-05 9.993E-05 9.993E-05
9.9937E-05 0.987401 9.9937E-05 0.0118992 9.9937E-05 9.9937E-05 9.9937E-05 9.9937E-05 9.9937E-05
9.9955E-05 0.954503 0.0165261 0.0238177 9.9955E-05 9.9955E-05 9.9955E-05 0.0046531 9.9955E-05
9.9964E-05 0.964858 0.00721311 9.9964E-05 9.9964E-05 0.00520025 9.9964E-05 0.0180348 0.00429413
0.0328078 0.796565 0.00513038 9.9982E-05 0.0220086 0.00484869 0.131326 0.00711309 9.9982E-05
9.9964E-05 0.802951 0.0467531 9.9964E-05 0.0704073 0.0139394 0.065549 9.9964E-05 9.9964E-05
9.993E-05 9.993E-05 9.993E-05 9.993E-05 9.993E-05 9.993E-05 9.993E-05 0.999201 9.993E-05
9.99371E-05 9.99371E-05 9.99371E-05 9.99371E-05 9.99371E-05 9.99371E-05 0.00743725 0.991863 9.99371E-05
9.993E-05 9.993E-05 9.993E-05 9.993E-05 9.993E-05 9.993E-05 9.993E-05 0.999201 9.993E-05
9.9937E-05 9.9937E-05 9.9937E-05 9.9937E-05 9.9937E-05 0.00016421 9.9937E-05 0.999136 9.9937E-05
9.993E-05 9.993E-05 9.993E-05 9.993E-05 9.993E-05 9.993E-05 9.993E-05 0.999201 9.993E-05
9.9964E-05 0.0212007 9.9964E-05 9.9964E-05 0.0384519 0.0119653 0.00582818 0.922154 9.9964E-05
9.993E-05 9.993E-05 9.993E-05 9.993E-05 9.993E-05 9.993E-05 9.993E-05 0.999201 9.993E-05
9.993E-05 9.993E-05 9.993E-05 9.993E-05 9.993E-05 9.993E-05 9.993E-05 0.999201 9.993E-05
9.9946E-05 9.9946E-05 0.0100161 9.9946E-05 9.9946E-05 9.9946E-05 9.9946E-05 0.949471 0.0399132
0.0265612 9.9973E-05 0.00103276 0.00580657 0.0444342 0.00273254 9.9973E-05 0.919133 9.9973E-05
9.993E-05 9.993E-05 9.993E-05 9.993E-05 9.993E-05 9.993E-05 9.993E-05 0.999201 9.993E-05
9.9946E-05 9.9946E-05 0.00603427 9.9946E-05 9.9946E-05 9.9946E-05 9.9946E-05 0.988158 0.00520778
