9.993E-05 9.993E-05 9.993E-05 0.999201 9.993E-05 9.993E-05 9.993E-05 9.993E-05 9.993E-05
9.9955E-05 0.0507554 0.093561 0.276821 0.578363 9.9955E-05 9.9955E-05 9.9955E-05 9.9955E-05
9.9955E-05 0.103888 0.0709286 0.29411 0.530574 9.9955E-05 9.9955E-05 9.9955E-05 9.9955E-05
9.99461E-05 9.99461E-05 9.99461E-05 0.21415 0.740694 0.0445565 9.99461E-05 9.99461E-05 9.99461E-05
0.0645942 0.0121612 9.9982E-05 0.11315 0.661392 0.0616264 0.0442504 9.9982E-05 0.0426254
9.9973E-05 0.0180365 9.9973E-05 0.151768 0.572166 0.16519 9.9973E-05 0.0897577 0.00278177
9.9946E-05 9.9946E-05 9.9946E-05 0.275465 0.717473 0.00646195 9.9946E-05 9.9946E-05 9.9946E-05
9.9964E-05 0.059409 0.0162923 0.307159 0.507109 0.109632 9.9964E-05 9.9964E-05 9.9964E-05
9.9973E-05 0.0428193 0.0287794 0.160472 0.68527 0.0562052 0.0261536 9.9973E-05 9.9973E-05
9.993E-05 9.993E-05 9.993E-05 0.999201 9.993E-05 9.993E-05 9.993E-05 9.993E-05 9.993E-05
9.993E-05 9.993E-05 9.993E-05 0.999201 9.993E-05 9.993E-05 9.993E-05 9.993E-05 9.993E-05
9.993E-05 9.993E-05 9.993E-05 0.999201 9.993E-05 9.993E-05 9.993E-05 9.993E-05 9.993E-05
0.00168927 9.9937E-05 9.9937E-05 0.997611 9.9937E-05 9.9937E-05 9.9937E-05 9.9937E-05 9.9937E-05
9.9937E-05 9.9937E-05 9.9937E-05 0.927402 9.9937E-05 9.9937E-05 9.9937E-05 9.9937E-05 0.0718983
0.000754748 0.00415873 9.9964E-05 0.952051 9.9964E-05 0.0371184 9.9964E-05 9.9964E-05 0.00551764
0.0252619 0.0249614 0.0110535 0.187538 0.460473 0.242357 0.0481552 9.9982E-05 9.9982E-05
0.0690046 0.0345023 0.0422729 0.204586 0.369136 0.139963 0.0967066 9.9991E-05 0.0437282
0.0153825 9.9964E-05 9.9964E-05 0.193528 0.6791 0.0826857 9.9964E-05 0.0289037 9.9964E-05
9.9964E-05 9.9964E-05 9.9964E-05 9.9964E-05 0.845198 0.0716317 0.0489374 0.0221352 0.0116982
9.9955E-05 9.9955E-05 9.9955E-05 9.9955E-05 0.918638 9.9955E-05 0.0301703 0.00487683 0.0458153
9.9964E-05 9.9964E-05 0.0183216 0.0259027 0.876778 9.9964E-05 0.0321644 0.0464336 9.9964E-05
0.0190687 0.0898176 9.9973E-05 9.9973E-05 0.750542 0.0463382 9.9973E-05 0.00633109 0.0876027
9.9955E-05 0.0246583 9.9955E-05 9.9955E-05 0.838232 9.9955E-05 0.0154253 9.9955E-05 0.121184
0.0239137 0.00690693 9.9955E-05 9.9955E-05 0.956557 9.9955E-05 9.9955E-05 9.9955E-05 0.0121221
0.0170264 9.9973E-05 0.0126195 9.9973E-05 0.8749 0.0620797 0.0317071 9.9973E-05 0.00136714
0.0625743 9.9964E-05 9.9964E-05 9.9964E-05 0.683418 0.0935579 0.0300941 0.129956 9.9964E-05
9.9973E-05 0.0945402 9.9973E-05 9.9973E-05 0.708425 0.0292143 0.0825849 0.0547029 0.0302326
0.00655425 0.0220653 0.000485814 9.9964E-05 0.955851 0.0146442 9.9964E-05 9.9964E-05 9.9964E-05
0.00377902 9.9973E-05 9.9973E-05 0.0697468 0.728257 9.9973E-05 0.0165961 0.12076 0.0605616
9.9946E-05 9.9946E-05 9.9946E-05 0.0281897 0.936778 9.9946E-05 9.9946E-05 0.0344324 9.9946E-05
0.0365528 9.9973E-05 9.9973E-05 0.0504407 0.822218 9.9973E-05 0.0264674 0.00810656 0.0559149
0.0646544 9.9964E-05 0.01413 9.9964E-05 0.769074 0.0801968 0.0715446 9.9964E-05 9.9964E-05
9.9955E-05 0.0477571 9.9955E-05 9.9955E-05 0.739521 9.9955E-05 0.0110463 0.201176 9.9955E-05
0.0922091 0.0552549 9.9973E-05 0.0599052 0.651344 9.9973E-05 9.9973E-05 0.119463 0.0215239
0.0738294 0.00247671 9.9955E-05 9.9955E-05 0.791687 9.9955E-05 9.9955E-05 9.9955E-05 0.131507
9.9946E-05 9.9946E-05 9.9946E-05 0.0629263 0.907998 9.9946E-05 9.9946E-05 0.028476 9.9946E-05
9.9955E-05 9.9955E-05 9.9955E-05 9.9955E-05 0.444844 0.365375 9.9955E-05 0.18043 0.00885182
9.9964E-05 0.0302462 9.9964E-05 9.9964E-05 0.550945 9.9964E-05 0.0534137 0.309873 0.0551218
9.9973E-05 0.045996 0.0216799 9.9973E-05 0.523661 0.038796 0.0998022 0.269764 9.9973E-05
9.9964E-05 9.9964E-05 9.9964E-05 0.000946871 0.536219 0.067237 0.051052 0.344145 9.9964E-05
0.124987 0.0527407 0.0684116 9.9973E-05 0.0714822 0.677802 9.9973E-05 0.00427658 9.9973E-05
0.0765178 0.0894284 0.0200012 0.00759498 0.0665158 0.603135 0.0520866 0.0630959 0.0216247
0.10209 0.0650978 0.0428589 0.0605183 0.16819 0.560945 9.9973E-05 9.9973E-05 9.9973E-05
0.0891961 0.047977 0.0419456 9.9973E-05 0.0609129 0.72377 9.9973E-05 0.0358988 9.9973E-05
0.0318304 0.0700451 9.9973E-05 9.9973E-05 0.242701 0.421348 0.0606553 0.17312 9.9973E-05
9.993E-05 9.993E-05 9.993E-05 9.993E-05 9.993E-05 0.999201 9.993E-05 9.993E-05 9.993E-05
9.993E-05 9.993E-05 9.993E-05 9.993E-05 9.993E-05 0.999201 9.993E-05 9.993E-05 9.993E-05
0.062872 0.024287 9.9982E-05 9.9982E-05 0.345354 0.459283 0.0552051 0.0343734 0.0184264
0.0701087 0.0308925 9.9991E-05 0.0446988 0.160319 0.514742 0.0563905 0.110181 0.0125675
0.0633354 0.0380697 0.0244873 0.0585153 0.394717 0.356919 0.0378514 0.0260054 9.9991E-05
9.9982E-05 0.0527407 0.0150247 0.0268034 0.242092 0.398001 0.0350455 0.230092 9.9982E-05
9.9982E-05 0.0415182 9.9982E-05 0.00619299 0.192544 0.600007 0.00641531 0.096216 0.0569061
9.9946E-05 9.9946E-05 9.9946E-05 0.0330409 9.9946E-05 0.94869 0.0176697 9.9946E-05 9.9946E-05
0.0152698 9.9982E-05 9.9982E-05 0.0120259 0.208984 0.344798 0.0364021 0.32448 0.0578403
0.0406513 9.9991E-05 0.0100661 0.0449788 0.203067 0.35266 0.00852544 0.295391 0.0445595
0.0917862 0.0923497 0.0206464 9.9973E-05 0.150044 0.617977 9.9973E-05 9.9973E-05 0.0268972
0.0584049 0.0910666 9.9982E-05 0.0810259 0.162122 0.334382 0.0991602 0.173639 9.9982E-05
0.0403036 9.9982E-05 0.0257616 9.9982E-05 0.228024 0.461988 0.123277 0.118463 0.00198278
9.9937E-05 9.9937E-05 9.9937E-05 9.9937E-05 9.9937E-05 0.975525 0.0237755 9.9937E-05 9.9937E-05
9.9982E-05 9.9982E-05 0.00299921 0.0437003 0.230507 0.363151 0.101326 0.24022 0.0178961
0.0755833 9.9964E-05 9.9964E-05 9.9964E-05 0.18689 0.607356 0.105359 9.9964E-05 0.0244121
0.136225 9.9973E-05 0.0290858 0.0177981 0.0515356 0.641651 9.9973E-05 0.123404 9.9973E-05
0.010485 0.034223 0.0703931 0.0186863 0.084651 0.503989 0.0569413 0.182596 0.0380356
9.9937E-05 9.9937E-05 9.9937E-05 9.9937E-05 9.9937E-05 0.916875 9.9937E-05 9.9937E-05 0.0824257
0.0488535 9.9982E-05 0.0121038 0.00663234 0.12773 0.696336 0.0388259 0.0693182 9.9982E-05
0.00756001 0.026546 9.9955E-05 9.9955E-05 9.9955E-05 0.879856 9.9955E-05 9.9955E-05 0.0855378
0.00750916 9.9964E-05 0.0266264 9.9964E-05 9.9964E-05 0.607536 0.000124221 0.357804 9.9964E-05
9.9955E-05 0.0357952 0.00981132 9.9955E-05 9.9955E-05 0.822613 9.9955E-05 9.9955E-05 0.13128
0.0303861 0.0311397 9.9982E-05 9.9982E-05 0.35497 0.425123 0.037782 0.1161 0.00429918
0.019167 0.0221225 9.9955E-05 9.9955E-05 9.9955E-05 0.87301 9.9955E-05 9.9955E-05 0.0852004
0.0322465 0.0481426 0.0550456 0.049995 0.0828783 0.663204 9.998E-05 0.0682879 9.998E-05
0.0315324 0.028207 0.0157944 9.9982E-05 0.041792 0.524146 0.0232475 0.335081 9.9982E-05
9.9973E-05 9.9973E-05 9.9973E-05 0.0582038 0.0550418 0.75179 0.0258546 0.089868 0.0189417
9.9955E-05 9.9955E-05 9.9955E-05 0.0320854 9.9955E-05 0.779934 0.0581889 0.129292 9.9955E-05
0.0836039 0.0297139 9.9982E-05 0.0780311 9.9982E-05 0.488248 0.0105202 0.29493 0.0147528
9.9964E-05 9.9964E-05 9.9964E-05 0.00421904 9.9964E-05 0.689385 0.0875738 0.202653 0.0157699
9.9973E-05 0.0553115 0.0364789 9.9973E-05 0.018876 0.678249 0.0360623 0.174722 9.9973E-05
0.0557362 9.9973E-05 0.134482 0.0163171 9.9973E-05 0.511986 9.9973E-05 0.124659 0.156519
9.9964E-05 9.9964E-05 9.9964E-05 9.9964E-05 0.0182234 0.0412745 0.00616702 0.915946 0.0179897
9.9946E-05 9.9946E-05 9.9946E-05 9.9946E-05 9.9946E-05 0.0173563 9.9946E-05 0.981194 0.000849966
9.99461E-05 0.00514921 9.99461E-05 0.0321865 9.99461E-05 9.99461E-05 9.99461E-05 0.962065 9.99461E-05
9.99371E-05 9.99371E-05 9.99371E-05 9.99371E-05 9.99371E-05 0.0189524 9.99371E-05 0.980348 9.99371E-05
9.9946E-05 0.0347774 9.9946E-05 9.9946E-05 9.9946E-05 0.0257677 9.9946E-05 0.938855 9.9946E-05
0.111997 9.9973E-05 0.0785747 9.9973E-05 0.261294 0.0659796 0.0274301 0.454425 9.9973E-05
0.0639918 0.0345067 0.137659 0.0150294 9.9982E-05 0.201433 0.0927633 0.454417 9.9982E-05
0.0261467 0.10598 0.128947 0.0307061 0.0344951 0.174923 0.0279926 0.47071 9.9991E-05
0.0630312 0.0602151 0.0273826 0.0548265 0.145571 0.10534 0.0377235 0.505811 9.9991E-05
0.102053 9.9982E-05 0.0547413 0.000379419 0.151029 0.138375 0.0682191 0.485003 9.9982E-05
0.0359394 0.0412803 0.129397 9.9991E-05 0.0270805 0.252639 0.0465691 0.442925 0.0240698
0.107241 0.0807225 0.0571806 0.00870304 0.0569008 0.195835 0.146457 0.34686 9.999E-05
0.0578577 0.0606781 0.123543 0.0633784 0.0345137 0.311669 9.9991E-05 0.151649 0.196611
0.128671 0.0510167 0.068318 0.0432968 0.0380626 0.340776 9.9991E-05 0.154219 0.17554
0.0337911 0.0646368 0.142456 0.00964031 0.0694444 0.205738 0.170891 0.303301 9.999E-05
9.9964E-05 9.9964E-05 0.977771 0.0044141 9.9964E-05 9.9964E-05 0.0113626 0.00493916 0.00111334
0.020411 0.0227156 0.929974 0.0152569 9.9964E-05 9.9964E-05 9.9964E-05 0.0112427 9.9964E-05
0.0215865 9.9982E-05 0.864405 0.0124269 9.9982E-05 0.0296557 0.0114141 0.0145321 0.0457795
9.993E-05 9.993E-05 0.999201 9.993E-05 9.993E-05 9.993E-05 9.993E-05 9.993E-05 9.993E-05
9.993E-05 9.993E-05 0.999201 9.993E-05 9.993E-05 9.993E-05 9.993E-05 9.993E-05 9.993E-05
9.993E-05 9.993E-05 0.999201 9.993E-05 9.993E-05 9.993E-05 9.993E-05 9.993E-05 9.993E-05
9.9937E-05 9.9937E-05 0.982597 9.9937E-05 9.9937E-05 9.9937E-05 9.9937E-05 9.9937E-05 0.0167033
9.9955E-05 0.0232671 0.861807 9.9955E-05 0.0433642 0.0710624 9.9955E-05 9.9955E-05 9.9955E-05
9.9937E-05 9.9937E-05 0.971222 9.9937E-05 9.9937E-05 9.9937E-05 0.0280785 9.9937E-05 9.9937E-05
9.993E-05 9.993E-05 0.999201 9.993E-05 9.993E-05 9.993E-05 9.993E-05 9.993E-05 9.993E-05
0.233117 0.0752111 0.0372023 9.9991E-05 0.085729 0.0328585 0.0962222 0.39488 0.0446802
9.9955E-05 9.9955E-05 0.887727 9.9955E-05 9.9955E-05 0.0455863 9.9955E-05 0.03991 0.0262765
9.993E-05 9.993E-05 0.999201 9.993E-05 9.993E-05 9.993E-05 9.993E-05 9.993E-05 9.993E-05
9.9955E-05 9.9955E-05 0.947196 9.9955E-05 9.9955E-05 9.9955E-05 0.00355604 0.034449 0.0142993
0.00225815 9.99461E-05 9.99461E-05 0.000587619 9.99461E-05 9.99461E-05 9.99461E-05 0.996555 9.99461E-05
9.993E-05 9.993E-05 9.993E-05 9.993E-05 9.993E-05 9.993E-05 9.993E-05 0.999201 9.993E-05
9.993E-05 9.993E-05 9.993E-05 9.993E-05 9.993E-05 9.993E-05 9.993E-05 0.999201 9.993E-05
9.993E-05 9.993E-05 9.993E-05 9.993E-05 9.993E-05 9.993E-05 9.993E-05 0.999201 9.993E-05
0.177107 0.00227387 0.00943071 9.9973E-05 9.9973E-05 9.9973E-05 0.0182295 0.779511 0.0131482
0.0645955 9.9964E-05 9.9964E-05 9.9964E-05 0.148846 0.0348168 9.9964E-05 0.701822 0.0495206
0.0548352 9.9964E-05 0.0279796 9.9964E-05 0.0239518 9.9964E-05 9.9964E-05 0.813354 0.0794796
0.124417 9.9964E-05 0.0151394 9.9964E-05 9.9964E-05 9.9964E-05 0.0118542 0.811852 0.0363383
9.9955E-05 0.0211566 0.105687 9.9955E-05 9.9955E-05 9.9955E-05 9.9955E-05 0.843741 0.0289162
9.9946E-05 9.9946E-05 0.0619468 9.9946E-05 9.9946E-05 9.9946E-05 9.9946E-05 0.907703 0.0297507
0.0408127 0.0377502 0.0273879 9.9982E-05 0.0760367 9.9982E-05 0.0580747 0.731331 0.028407
9.9955E-05 0.0244536 0.0631817 9.9955E-05 9.9955E-05 9.9955E-05 9.9955E-05 0.840936 0.0709286
0.0585799 0.046707 9.9982E-05 0.0154306 9.9982E-05 0.0666408 0.0126768 0.745863 0.0539019
0.121644 0.0508082 0.0248493 9.9991E-05 0.0259479 0.014212 0.0228342 0.724506 0.0150986
0.947822 0.0046557 9.9964E-05 9.9964E-05 9.9964E-05 9.9964E-05 0.00152258 0.0282356 0.0173638
0.897065 9.9973E-05 0.0177714 0.00819164 0.0211432 9.9973E-05 0.0303997 9.9973E-05 0.0251296
0.999201 9.993E-05 9.993E-05 9.993E-05 9.993E-05 9.993E-05 9.993E-05 9.993E-05 9.993E-05
0.999201 9.993E-05 9.993E-05 9.993E-05 9.993E-05 9.993E-05 9.993E-05 9.993E-05 9.993E-05
0.999201 9.993E-05 9.993E-05 9.993E-05 9.993E-05 9.993E-05 9.993E-05 9.993E-05 9.993E-05
0.999201 9.993E-05 9.993E-05 9.993E-05 9.993E-05 9.993E-05 9.993E-05 9.993E-05 9.993E-05
0.97255 9.9946E-05 9.9946E-05 9.9946E-05 0.0228825 9.9946E-05 0.00396798 9.9946E-05 9.9946E-05
0.794196 9.9955E-05 9.9955E-05 0.0533626 9.9955E-05 0.0046787 9.9955E-05 9.9955E-05 0.147263
0.999201 9.993E-05 9.993E-05 9.993E-05 9.993E-05 9.993E-05 9.993E-05 9.993E-05 9.993E-05
0.995022 9.9937E-05 9.9937E-05 9.9937E-05 9.9937E-05 9.9937E-05 9.9937E-05 9.9937E-05 0.00427802
0.882224 9.9955E-05 0.03329 0.012447 9.9955E-05 9.9955E-05 9.9955E-05 9.9955E-05 0.0715392
0.952563 9.9937E-05 9.9937E-05 9.9937E-05 9.9937E-05 9.9937E-05 0.0467373 9.9937E-05 9.9937E-05
0.756133 0.0452053 0.0220275 0.00386399 9.9982E-05 0.0599635 9.9982E-05 0.040544 0.072063
9.993E-05 0.999201 9.993E-05 9.993E-05 9.993E-05 9.993E-05 9.993E-05 9.993E-05 9.993E-05
0.103441 0.0530822 0.139995 9.9982E-05 9.9982E-05 0.0968535 0.0353257 0.540905 0.0301969
9.993E-05 0.999201 9.993E-05 9.993E-05 9.993E-05 9.993E-05 9.993E-05 9.993E-05 9.993E-05
9.993E-05 0.999201 9.993E-05 9.993E-05 9.993E-05 9.993E-05 9.993E-05 9.993E-05 9.993E-05
9.99461E-05 0.938693 9.99461E-05 9.99461E-05 0.0100311 9.99461E-05 9.99461E-05 9.99461E-05 0.0506762
0.0564998 0.75846 0.0179487 9.9991E-05 0.0590857 0.0706639 0.0233969 0.00141693 0.0124276
9.993E-05 0.999201 9.993E-05 9.993E-05 9.993E-05 9.993E-05 9.993E-05 9.993E-05 9.993E-05
0.0224796 0.792967 9.9973E-05 9.9973E-05 9.9973E-05 0.0978428 0.0010287 0.0404612 0.0449204
9.99461E-05 0.97177 0.002211 9.99461E-05 9.99461E-05 9.99461E-05 0.0254191 9.99461E-05 9.99461E-05
0.0278603 0.958839 9.99461E-05 9.99461E-05 9.99461E-05 0.012701 9.99461E-05 9.99461E-05 9.99461E-05
9.9937E-05 0.995275 9.9937E-05 0.00402543 9.9937E-05 9.9937E-05 9.9937E-05 9.9937E-05 9.9937E-05
0.0143262 0.9848 9.9946E-05 9.9946E-05 9.9946E-05 9.9946E-05 0.000273692 9.9946E-05 9.9946E-05
0.0143222 0.95716 0.0157597 9.9955E-05 0.0122586 9.9955E-05 9.9955E-05 9.9955E-05 9.9955E-05
0.0454115 0.804685 0.021388 9.9964E-05 9.9964E-05 0.0655918 0.0625238 9.9964E-05 9.9964E-05
0.0200652 0.842183 9.9973E-05 0.0143353 9.9973E-05 0.0166229 9.9973E-05 0.0562395 0.0502542
0.0354077 0.905388 0.0245057 9.9964E-05 9.9964E-05 0.0151032 9.9964E-05 9.9964E-05 0.0191961
0.01927 0.853057 9.9982E-05 9.9982E-05 0.0463605 0.000642396 0.0180229 0.0144071 0.0480407
9.99461E-05 0.875355 9.99461E-05 0.0245801 9.99461E-05 9.99461E-05 9.99461E-05 0.099465 9.99461E-05
0.00413439 0.915927 0.0153104 9.9964E-05 9.9964E-05 0.0357478 9.9964E-05 0.0284807 9.9964E-05
0.00748424 0.0460716 0.0691883 0.0364637 9.9991E-05 0.133229 0.242329 0.400528 0.0646057
0.0149941 0.00916322 9.9982E-05 0.0434789 9.9982E-05 0.17993 0.228064 0.442231 0.0819389
0.00255347 0.0668886 0.0700482 0.0438865 9.9991E-05 0.14538 0.272842 0.322358 0.0759434
9.9982E-05 0.0535972 0.0397128 0.0467948 9.9982E-05 0.163408 0.235852 0.372929 0.0875064
0.0626134 9.9964E-05 0.00146419 9.9964E-05 9.9964E-05 0.0159069 0.0256872 9.9964E-05 0.893929
9.993E-05 9.993E-05 9.993E-05 9.993E-05 9.993E-05 9.993E-05 9.993E-05 9.993E-05 0.999201
0.0134404 9.9955E-05 9.9955E-05 9.9955E-05 9.9955E-05 9.9955E-05 0.00101043 0.00930409 0.975745
9.993E-05 9.993E-05 9.993E-05 9.993E-05 9.993E-05 9.993E-05 9.993E-05 9.993E-05 0.999201
0.001108 9.99661E-05 9.99661E-05 0.00790617 9.99661E-05 9.99661E-05 0.0299295 0.016795 0.943861
9.9973E-05 0.0258641 0.018506 9.9973E-05 9.9973E-05 0.00120934 0.0235372 0.035821 0.894762
9.9964E-05 0.00185637 0.0109902 9.9964E-05 9.9964E-05 0.0188458 9.9964E-05 0.0357536 0.932154
0.0187234 0.0269695 9.9982E-05 0.0305173 0.0525001 9.9982E-05 0.00802913 0.134033 0.729028
9.9973E-05 0.0182474 9.9973E-05 0.0202373 0.0776287 9.9973E-05 0.00958368 0.0588339 0.815169
0.000880571 0.00533972 9.9955E-05 9.9955E-05 9.9955E-05 9.9955E-05 0.97144 0.0218404 9.9955E-05
9.993E-05 9.993E-05 9.993E-05 9.993E-05 9.993E-05 9.993E-05 0.999201 9.993E-05 9.993E-05
9.9946E-05 9.9946E-05 0.00221747 9.9946E-05 0.00465359 9.9946E-05 0.992529 9.9946E-05 9.9946E-05
9.993E-05 9.993E-05 9.993E-05 9.993E-05 9.993E-05 9.993E-05 0.999201 9.993E-05 9.993E-05
9.99371E-05 9.99371E-05 0.00256469 9.99371E-05 9.99371E-05 9.99371E-05 0.996736 9.99371E-05 9.99371E-05
9.9955E-05 0.0258548 9.9955E-05 9.9955E-05 0.00995407 9.9955E-05 0.888412 0.075279 9.9955E-05
9.993E-05 9.993E-05 9.993E-05 9.993E-05 9.993E-05 9.993E-05 0.999201 9.993E-05 9.993E-05
9.993E-05 9.993E-05 9.993E-05 9.993E-05 9.993E-05 9.993E-05 0.999201 9.993E-05 9.993E-05
9.9946E-05 0.00696826 9.9946E-05 0.00426636 9.9946E-05 9.9946E-05 0.988166 9.9946E-05 9.9946E-05
0.0202206 9.9964E-05 0.0141365 9.9964E-05 9.9964E-05 0.0368661 0.889679 0.0386982 9.9964E-05
9.993E-05 9.993E-05 9.993E-05 9.993E-05 9.993E-05 9.993E-05 0.999201 9.993E-05 9.993E-05
9.99315E-05 9.99315E-05 9.99315E-05 9.99315E-05 9.99315E-05 9.99315E-05 0.999201 9.99315E-05 9.99315E-05
