9.993E-05 9.993E-05 9.993E-05 9.993E-05 9.993E-05 9.993E-05 9.993E-05 9.993E-05 0.999201
9.9955E-05 0.104081 0.0501315 9.9955E-05 9.9955E-05 9.9955E-05 0.577614 9.9955E-05 0.267674
9.9955E-05 0.052158 0.0876474 9.9955E-05 9.9955E-05 9.9955E-05 0.595806 9.9955E-05 0.263889
9.99461E-05 9.99461E-05 9.99461E-05 9.99461E-05 9.99461E-05 9.99461E-05 0.700529 0.0811576 0.217714
0.0277659 0.00325647 9.9991E-05 0.0251019 0.0512024 0.057296 0.696788 0.0295145 0.108975
9.9964E-05 9.9964E-05 0.0479855 0.0234981 9.9964E-05 9.9964E-05 0.58963 0.15605 0.182437
9.99371E-05 9.99371E-05 9.99371E-05 9.99371E-05 9.99371E-05 9.99371E-05 0.720001 9.99371E-05 0.2793
9.9982E-05 0.0141434 0.121253 9.9982E-05 0.00207138 0.0306669 0.548443 0.0219556 0.261266
0.0511959 0.0150503 0.0723907 9.9973E-05 9.9973E-05 9.9973E-05 0.660809 0.0473407 0.152913
9.993E-05 9.993E-05 9.993E-05 9.993E-05 9.993E-05 9.993E-05 9.993E-05 9.993E-05 0.999201
9.993E-05 9.993E-05 9.993E-05 9.993E-05 9.993E-05 9.993E-05 9.993E-05 9.993E-05 0.999201
9.993E-05 9.993E-05 9.993E-05 9.993E-05 9.993E-05 9.993E-05 9.993E-05 9.993E-05 0.999201
9.9964E-05 0.00412331 9.9964E-05 0.00601151 9.9964E-05 0.00988121 9.9964E-05 0.00176413 0.97782
0.00439514 9.9955E-05 9.9955E-05 0.0776205 9.9955E-05 9.9955E-05 9.9955E-05 0.00455849 0.912926
9.9955E-05 9.9955E-05 9.9955E-05 0.0259962 9.9955E-05 0.0114564 9.9955E-05 0.0245266 0.937521
0.108667 9.9973E-05 0.0311071 9.9973E-05 9.9973E-05 0.0527346 0.453047 0.156839 0.197306
0.0652559 0.0153934 0.0532286 0.0185085 0.0760567 0.0436266 0.380133 0.132065 0.215732
9.9973E-05 0.0217967 0.012319 9.9973E-05 0.0878335 9.9973E-05 0.665421 0.03347 0.17886
0.0514032 0.0225964 9.9964E-05 0.0213654 9.9964E-05 9.9964E-05 0.882938 0.0212971 9.9964E-05
9.9946E-05 9.9946E-05 9.9946E-05 0.0608359 0.0638465 9.9946E-05 0.874718 9.9946E-05 9.9946E-05
0.0538651 0.00667918 9.9964E-05 9.9964E-05 0.113741 9.9964E-05 0.758283 9.9964E-05 0.0670317
0.00823124 0.0122766 0.0691576 0.084097 0.014667 0.0447915 0.733504 0.0331753 9.9991E-05
0.0641073 9.9973E-05 0.0395586 0.0518764 0.0408721 0.0134633 0.789822 9.9973E-05 9.9973E-05
9.9955E-05 9.9955E-05 9.9955E-05 0.0195307 9.9955E-05 0.0230631 0.956006 9.9955E-05 0.000900725
0.0124019 0.0102384 9.9973E-05 9.9973E-05 0.00130198 0.0112622 0.860036 0.10446 9.9973E-05
0.0206399 9.9973E-05 9.9973E-05 0.0208118 0.120819 0.0748406 0.661716 0.100873 9.9973E-05
0.110477 9.9982E-05 0.049222 0.033804 0.0566082 0.0217759 0.694126 0.0337868 9.9982E-05
9.9955E-05 9.9955E-05 0.000514206 9.9955E-05 9.9955E-05 0.0250888 0.943784 0.0301128 9.9955E-05
0.0325317 9.9964E-05 9.9964E-05 9.9964E-05 0.165303 9.9964E-05 0.734433 0.038193 0.0291392
9.9955E-05 9.9955E-05 0.00476338 9.9955E-05 0.0450536 9.9955E-05 0.898959 9.9955E-05 0.050724
9.9955E-05 9.9955E-05 9.9955E-05 0.0648042 9.9955E-05 0.011431 0.90749 9.9955E-05 0.0157752
0.0488025 9.9964E-05 9.9964E-05 0.0541665 9.9964E-05 0.0368117 0.796994 0.062825 9.9964E-05
0.00370818 9.9964E-05 0.0568778 0.00372417 0.224768 9.9964E-05 0.710522 9.9964E-05 9.9964E-05
9.9982E-05 9.9982E-05 0.0561158 0.00680167 0.139113 0.106535 0.637093 0.0113283 0.0428141
9.9955E-05 9.9955E-05 0.0510825 0.13125 9.9955E-05 9.9955E-05 0.788566 0.0286016 9.9955E-05
0.00159927 9.9973E-05 9.9973E-05 0.0157976 0.0107282 0.0181044 0.904303 9.9973E-05 0.0491677
9.9955E-05 9.9955E-05 9.9955E-05 0.0336877 0.201578 9.9955E-05 0.488633 0.275602 9.9955E-05
0.0547851 9.9964E-05 0.00461175 0.0245576 0.335294 9.9964E-05 0.580351 9.9964E-05 9.9964E-05
0.0515032 0.0395215 0.0347834 0.0254024 0.224071 9.9982E-05 0.597343 0.0271755 9.9982E-05
0.012719 9.9964E-05 9.9964E-05 0.0248031 0.362822 9.9964E-05 0.544867 0.0543894 9.9964E-05
0.0590042 0.0809919 0.0247471 9.9982E-05 0.11272 0.0941213 0.116561 0.511655 9.9982E-05
0.0491869 0.0623819 0.0679534 0.00507585 0.145647 0.0886914 0.0786673 0.492994 0.00940192
9.9973E-05 0.0683663 0.0935078 9.9973E-05 9.9973E-05 0.11016 0.231856 0.456799 0.0390103
0.0833784 0.0637007 0.0229756 9.9982E-05 0.108712 0.0920566 0.104342 0.524635 9.9982E-05
0.050143 9.9973E-05 0.0613249 9.9973E-05 0.282264 0.00186556 0.278617 0.325485 9.9973E-05
9.993E-05 9.993E-05 9.993E-05 9.993E-05 9.993E-05 9.993E-05 9.993E-05 0.999201 9.993E-05
0.0112328 9.9937E-05 9.9937E-05 9.9937E-05 9.9937E-05 9.9937E-05 9.9937E-05 0.988068 9.9937E-05
0.0218356 0.00649173 0.0637741 0.0219585 0.0284318 0.0386645 0.423679 0.395065 9.9991E-05
0.0745683 9.9982E-05 0.0593926 9.9982E-05 0.110518 0.0906146 0.200467 0.37556 0.0886791
0.0104299 0.0827903 9.9991E-05 0.0060059 0.00935841 0.092861 0.405485 0.299974 0.0929954
0.0298177 0.0193486 0.0699376 9.9982E-05 0.294735 9.9982E-05 0.186741 0.373175 0.0260447
9.9964E-05 9.9964E-05 0.074539 9.9964E-05 0.167385 0.0310723 0.260006 0.466598 9.9964E-05
9.9964E-05 9.9964E-05 0.0288162 9.9964E-05 0.0466408 9.9964E-05 0.0235418 0.885655 0.0149466
0.00905659 9.9982E-05 9.9982E-05 0.0514714 0.482383 0.0180893 0.16365 0.218528 0.0566216
0.00433911 0.0285107 0.000738222 0.0251712 0.451498 0.0223188 0.191852 0.236071 0.0395012
0.00333825 0.0274014 0.0718406 9.9991E-05 0.102973 0.0782602 0.229233 0.48143 0.00542327
0.0926032 9.9991E-05 0.055962 0.0206214 0.159504 0.0497305 0.217318 0.339099 0.065062
0.103234 0.00979471 0.000177364 0.0197885 0.207802 0.0353531 0.193467 0.430283 9.9991E-05
0.013544 9.9946E-05 0.000722031 9.9946E-05 9.9946E-05 9.9946E-05 9.9946E-05 0.985134 9.9946E-05
0.0985233 9.9982E-05 0.000176995 9.9982E-05 0.221807 0.0249486 0.248696 0.393997 0.0116518
0.103921 0.0010017 9.9973E-05 0.0415056 9.9973E-05 0.0743164 0.198122 0.580833 9.9973E-05
9.9973E-05 0.00896849 9.9973E-05 9.9973E-05 0.178061 0.0689851 0.115593 0.617777 0.0103155
0.0720166 0.0435497 0.0759481 0.058321 0.229562 9.9982E-05 0.107688 0.412714 9.9982E-05
9.9964E-05 0.036 0.00482137 0.104835 9.9964E-05 0.00555132 9.9964E-05 0.848392 9.9964E-05
0.0364224 9.9973E-05 9.9973E-05 9.9973E-05 0.172894 0.0531228 0.103504 0.617014 0.0167425
9.9955E-05 9.9955E-05 0.00956305 0.058469 9.9955E-05 0.00784301 9.9955E-05 0.923625 9.9955E-05
9.9946E-05 0.00125193 9.9946E-05 9.9946E-05 0.418814 9.9946E-05 9.9946E-05 0.579334 9.9946E-05
9.9955E-05 0.0268458 9.9955E-05 0.0578504 9.9955E-05 0.0172795 9.9955E-05 0.897525 9.9955E-05
0.0216945 0.00393216 0.015515 9.9982E-05 0.218611 0.039803 0.30676 0.393485 9.9982E-05
9.9955E-05 9.9955E-05 0.0369607 0.0337428 9.9955E-05 0.0218463 9.9955E-05 0.90695 9.9955E-05
9.9982E-05 0.065046 0.0403884 9.9982E-05 0.130435 0.0483233 0.109283 0.574731 0.0315937
0.0428643 0.00860505 0.0268624 0.0178391 0.354104 0.0569743 0.0528769 0.439774 9.9991E-05
0.0420472 9.9964E-05 9.9964E-05 0.00707298 0.147531 9.9964E-05 9.9964E-05 0.721395 0.0815548
0.0477876 9.9964E-05 0.00143739 9.9964E-05 0.16435 9.9964E-05 9.9964E-05 0.733526 0.0524995
9.9973E-05 9.9973E-05 9.9973E-05 0.0437295 0.368492 0.0551707 0.0104894 0.470691 0.0511273
0.104898 9.9964E-05 9.9964E-05 9.9964E-05 0.275636 9.9964E-05 0.0374085 0.578595 0.00306156
9.9946E-05 0.0349546 9.9946E-05 9.9946E-05 0.302773 9.9946E-05 9.9946E-05 0.661673 9.9946E-05
9.9982E-05 0.0865437 0.021941 0.127981 0.30516 0.0177384 9.9982E-05 0.409805 0.0306319
9.99551E-05 0.0108159 0.0307011 9.99551E-05 0.918887 0.0390962 9.99551E-05 9.99551E-05 9.99551E-05
0.00447046 9.9946E-05 9.9946E-05 0.0273538 0.967576 9.9946E-05 9.9946E-05 9.9946E-05 9.9946E-05
9.993E-05 9.993E-05 9.993E-05 9.993E-05 0.999201 9.993E-05 9.993E-05 9.993E-05 9.993E-05
9.9946E-05 9.9946E-05 9.9946E-05 0.0151459 0.958838 9.9946E-05 9.9946E-05 0.0254164 9.9946E-05
9.993E-05 9.993E-05 9.993E-05 9.993E-05 0.999201 9.993E-05 9.993E-05 9.993E-05 9.993E-05
0.00980339 0.0599085 0.0311595 0.000651468 0.6357 0.0590426 0.152506 0.0492381 0.00199075
0.0474769 0.12267 9.9991E-05 0.0144492 0.564367 0.03111 0.0700046 0.132382 0.0174409
9.9991E-05 0.0914457 0.0893884 0.00017793 0.652743 0.0204059 0.00865946 0.118779 0.0183006
9.9982E-05 0.0445593 0.0618968 9.9982E-05 0.481892 0.0592635 0.20195 0.0950808 0.0551579
0.0268178 0.0732131 0.0112903 9.9982E-05 0.53782 0.0888428 0.170417 0.091399 9.9982E-05
0.118476 0.0878912 9.9982E-05 0.0122556 0.60197 0.0141952 9.9982E-05 0.134867 0.0301453
0.0866282 0.0642928 0.0927238 0.0409046 0.437353 0.115169 0.0642419 0.0953852 0.0033008
9.9991E-05 0.0914606 0.0398133 0.148258 0.292067 0.0549624 0.0783325 0.248971 0.0460354
9.9991E-05 0.112664 0.0279398 0.141594 0.313466 0.0738014 0.0473543 0.230403 0.0526778
0.177486 0.163204 0.0671417 9.9991E-05 0.364401 0.0482638 0.00252708 0.156867 0.0200095
9.9937E-05 0.976929 9.9937E-05 9.9937E-05 9.9937E-05 0.022371 9.9937E-05 9.9937E-05 9.9937E-05
9.9973E-05 0.896834 0.00410054 9.9973E-05 0.0390197 0.0089096 9.9973E-05 0.0130905 0.0377456
9.9964E-05 0.826615 9.9964E-05 0.0579364 0.0312513 0.00154385 9.9964E-05 0.0822537 9.9964E-05
9.993E-05 0.999201 9.993E-05 9.993E-05 9.993E-05 9.993E-05 9.993E-05 9.993E-05 9.993E-05
9.993E-05 0.999201 9.993E-05 9.993E-05 9.993E-05 9.993E-05 9.993E-05 9.993E-05 9.993E-05
9.993E-05 0.999201 9.993E-05 9.993E-05 9.993E-05 9.993E-05 9.993E-05 9.993E-05 9.993E-05
9.993E-05 0.999201 9.993E-05 9.993E-05 9.993E-05 9.993E-05 9.993E-05 9.993E-05 9.993E-05
0.0101807 0.858049 0.0454506 9.9973E-05 0.0471571 0.00372205 0.0351402 9.9973E-05 9.9973E-05
0.0116518 0.987649 9.99371E-05 9.99371E-05 9.99371E-05 9.99371E-05 9.99371E-05 9.99371E-05 9.99371E-05
0.0105544 0.97275 9.9946E-05 0.016096 9.9946E-05 9.9946E-05 9.9946E-05 9.9946E-05 9.9946E-05
0.0678314 0.0627716 0.0789119 0.0703919 0.358135 0.263149 0.098609 9.9982E-05 9.9982E-05
9.9955E-05 0.905457 9.9955E-05 0.0219533 0.00396097 9.9955E-05 9.9955E-05 0.0681291 9.9955E-05
9.99371E-05 0.980108 9.99371E-05 9.99371E-05 0.0191922 9.99371E-05 9.99371E-05 9.99371E-05 9.99371E-05
0.00194347 0.948098 0.0106067 9.9955E-05 9.9955E-05 9.9955E-05 9.9955E-05 0.0388521 9.9955E-05
9.993E-05 9.993E-05 9.993E-05 9.993E-05 0.999201 9.993E-05 9.993E-05 9.993E-05 9.993E-05
9.993E-05 9.993E-05 9.993E-05 9.993E-05 0.999201 9.993E-05 9.993E-05 9.993E-05 9.993E-05
9.993E-05 9.993E-05 9.993E-05 9.993E-05 0.999201 9.993E-05 9.993E-05 9.993E-05 9.993E-05
9.9937E-05 9.9937E-05 0.00701938 9.9937E-05 0.992281 9.9937E-05 9.9937E-05 9.9937E-05 9.9937E-05
0.026092 0.0205564 9.9964E-05 9.9964E-05 0.865738 0.0869767 9.9964E-05 0.000236643 9.9964E-05
0.00706114 0.00398856 9.9973E-05 0.0740344 0.701485 0.0988919 0.114239 9.9973E-05 9.9973E-05
9.9964E-05 0.0922588 9.9964E-05 0.0617279 0.785739 0.0261452 0.0337297 9.9964E-05 9.9964E-05
0.0125823 0.0611308 9.9964E-05 0.0504684 0.812693 0.0627254 9.9964E-05 9.9964E-05 9.9964E-05
0.0120276 0.0817888 0.0191932 0.0230462 0.862199 9.9973E-05 9.9973E-05 9.9973E-05 0.00144568
9.9955E-05 0.0613698 0.000108983 0.0280171 0.910004 9.9955E-05 9.9955E-05 9.9955E-05 9.9955E-05
0.0649069 0.000273493 0.0408672 0.0362442 0.752899 9.9973E-05 0.104509 9.9973E-05 9.9973E-05
9.9964E-05 0.0453636 0.00119298 0.0906142 0.858342 9.9964E-05 9.9964E-05 9.9964E-05 0.00408732
0.0955355 9.9982E-05 0.0634222 0.0482245 0.602814 0.0718366 9.9982E-05 0.094751 0.0232162
0.0528582 0.0486821 0.0326109 9.9982E-05 0.657003 0.126207 0.0495689 0.032869 9.9982E-05
9.993E-05 9.993E-05 0.999201 9.993E-05 9.993E-05 9.993E-05 9.993E-05 9.993E-05 9.993E-05
0.0680905 0.094599 0.057386 0.0270372 0.564329 0.096883 9.9991E-05 0.0836948 0.00788056
9.993E-05 9.993E-05 0.999201 9.993E-05 9.993E-05 9.993E-05 9.993E-05 9.993E-05 9.993E-05
9.993E-05 9.993E-05 0.999201 9.993E-05 9.993E-05 9.993E-05 9.993E-05 9.993E-05 9.993E-05
9.99551E-05 9.99551E-05 0.940899 0.0504555 9.99551E-05 9.99551E-05 0.00736103 9.99551E-05 0.000784392
9.99771E-05 0.0133653 0.790655 9.99771E-05 0.0505189 0.00541154 0.0809549 0.058794 9.99771E-05
9.993E-05 9.993E-05 0.999201 9.993E-05 9.993E-05 9.993E-05 9.993E-05 9.993E-05 9.993E-05
9.9964E-05 9.9964E-05 0.830175 0.0777049 0.0665172 0.0170085 9.9964E-05 0.00819483 9.9964E-05
0.0139987 9.9946E-05 0.974654 0.0107473 9.9946E-05 9.9946E-05 9.9946E-05 9.9946E-05 9.9946E-05
9.9955E-05 0.00538365 0.971316 9.9955E-05 0.00984827 9.9955E-05 9.9955E-05 0.0129525 9.9955E-05
9.993E-05 9.993E-05 0.999201 9.993E-05 9.993E-05 9.993E-05 9.993E-05 9.993E-05 9.993E-05
9.99461E-05 0.00388721 0.990255 9.99461E-05 9.99461E-05 9.99461E-05 9.99461E-05 0.00525785 9.99461E-05
0.00173219 9.9955E-05 0.933165 9.9955E-05 0.0600779 9.9955E-05 9.9955E-05 9.9955E-05 0.0045249
0.0263419 0.0390876 0.830549 9.9964E-05 0.0482909 0.0553308 9.9964E-05 9.9964E-05 9.9964E-05
9.9964E-05 9.9964E-05 0.938556 0.0283614 0.00149175 9.9964E-05 9.9964E-05 0.00403626 0.0271551
9.9964E-05 0.0233767 0.855229 9.9964E-05 0.0317991 0.0164889 9.9964E-05 0.0727068 9.9964E-05
0.0376722 0.0165098 0.898845 0.0240625 0.0132602 0.00507252 9.9982E-05 9.9982E-05 0.00437824
0.0624904 9.9982E-05 0.817969 0.010511 0.0332119 0.00562319 9.9982E-05 0.0446561 0.0253383
9.9964E-05 0.0062854 0.962153 9.9964E-05 0.0145727 0.010131 9.9964E-05 0.00645822 9.9964E-05
0.0231459 9.9955E-05 0.0116657 9.9955E-05 0.0451434 0.919545 9.9955E-05 9.9955E-05 9.9955E-05
0.0611964 0.0210143 9.9973E-05 0.0491261 9.9973E-05 0.815582 9.9973E-05 0.0429207 0.00986013
9.993E-05 9.993E-05 9.993E-05 9.993E-05 9.993E-05 0.999201 9.993E-05 9.993E-05 9.993E-05
0.019199 0.00248596 9.9973E-05 9.9973E-05 0.000247589 0.956926 0.00294993 0.0178913 9.9973E-05
9.993E-05 9.993E-05 9.993E-05 9.993E-05 9.993E-05 0.999201 9.993E-05 9.993E-05 9.993E-05
9.993E-05 9.993E-05 9.993E-05 9.993E-05 9.993E-05 0.999201 9.993E-05 9.993E-05 9.993E-05
9.993E-05 9.993E-05 9.993E-05 9.993E-05 9.993E-05 0.999201 9.993E-05 9.993E-05 9.993E-05
9.9955E-05 9.9955E-05 9.9955E-05 0.0987663 9.9955E-05 0.75512 9.9955E-05 0.0947392 0.0508744
9.99418E-05 9.99418E-05 0.0122059 9.99418E-05 9.99418E-05 0.987095 9.99418E-05 9.99418E-05 9.99418E-05
9.993E-05 9.993E-05 9.993E-05 9.993E-05 9.993E-05 0.999201 9.993E-05 9.993E-05 9.993E-05
9.9964E-05 0.0357027 0.00817164 0.0653138 9.9964E-05 0.871678 9.9964E-05 9.9964E-05 0.0187336
9.993E-05 9.993E-05 9.993E-05 9.993E-05 9.993E-05 0.999201 9.993E-05 9.993E-05 9.993E-05
0.0156312 9.9973E-05 0.0959983 0.0352177 0.0668362 0.698774 9.9973E-05 0.0872428 9.9973E-05
0.278403 0.0536983 0.0413471 0.103485 0.374034 0.0157786 9.9991E-05 0.0954482 0.0377054
0.252394 0.00544819 0.015674 0.151335 0.329506 0.076611 0.0312991 0.0993998 0.0383326
0.267936 0.0638334 0.0488719 0.0848179 0.304094 9.9982E-05 9.9982E-05 0.175383 0.0548644
0.267515 0.0469805 0.0582567 0.0957873 0.301965 0.0100324 9.9991E-05 0.165019 0.0543447
9.9964E-05 9.9964E-05 9.9964E-05 0.910635 0.023752 0.040055 0.00810238 9.9964E-05 0.0170559
9.993E-05 9.993E-05 9.993E-05 0.999201 9.993E-05 9.993E-05 9.993E-05 9.993E-05 9.993E-05
9.9946E-05 9.9946E-05 0.00135546 0.953662 0.0443826 9.9946E-05 9.9946E-05 9.9946E-05 9.9946E-05
9.993E-05 9.993E-05 9.993E-05 0.999201 9.993E-05 9.993E-05 9.993E-05 9.993E-05 9.993E-05
0.00317623 0.0207383 0.00554976 0.970036 9.9955E-05 9.9955E-05 9.9955E-05 9.9955E-05 9.9955E-05
0.003932 0.0222924 9.9964E-05 0.951619 0.0192134 9.9964E-05 9.9964E-05 0.00254352 9.9964E-05
0.0143235 0.0238666 9.9964E-05 0.929083 9.9964E-05 0.0201738 9.9964E-05 0.0121534 9.9964E-05
0.0408561 9.9973E-05 0.0332848 0.741537 9.9973E-05 0.0411206 0.138637 9.9973E-05 0.00426505
0.0250829 9.9991E-05 0.0118254 0.826428 0.0908913 0.00327316 0.00952111 0.0272855 0.00559277
0.973165 9.9937E-05 9.9937E-05 9.9937E-05 0.0261352 9.9937E-05 9.9937E-05 9.9937E-05 9.9937E-05
0.997585 9.99371E-05 9.99371E-05 0.00171528 9.99371E-05 9.99371E-05 9.99371E-05 9.99371E-05 9.99371E-05
0.999201 9.993E-05 9.993E-05 9.993E-05 9.993E-05 9.993E-05 9.993E-05 9.993E-05 9.993E-05
0.999201 9.993E-05 9.993E-05 9.993E-05 9.993E-05 9.993E-05 9.993E-05 9.993E-05 9.993E-05
0.999201 9.993E-05 9.993E-05 9.993E-05 9.993E-05 9.993E-05 9.993E-05 9.993E-05 9.993E-05
0.867057 9.9982E-05 0.00389807 9.9982E-05 0.0458385 0.0180096 0.0224342 0.030991 0.0115714
0.983062 0.0125904 9.9946E-05 9.9946E-05 9.9946E-05 0.0037482 9.9946E-05 9.9946E-05 9.9946E-05
0.999201 9.993E-05 9.993E-05 9.993E-05 9.993E-05 9.993E-05 9.993E-05 9.993E-05 9.993E-05
0.999201 9.993E-05 9.993E-05 9.993E-05 9.993E-05 9.993E-05 9.993E-05 9.993E-05 9.993E-05
0.945669 9.9946E-05 9.9946E-05 9.9946E-05 9.9946E-05 0.00737822 9.9946E-05 0.0463529 9.9946E-05
0.999201 9.993E-05 9.993E-05 9.993E-05 9.993E-05 9.993E-05 9.993E-05 9.993E-05 9.993E-05
0.981537 0.0156342 9.99522E-05 9.99522E-05 9.99522E-05 9.99522E-05 0.00222936 9.99522E-05 9.99522E-05
