9.9892E-05 9.9892E-05 0.998801 9.9892E-05 9.9892E-05 9.9892E-05 9.9892E-05 9.9892E-05 9.9892E-05 9.9892E-05 9.9892E-05 9.9892E-05 9.9892E-05
0.0712248 9.9946E-05 0.0219368 0.0165873 0.817751 9.9946E-05 0.0270389 9.9946E-05 0.00903588 9.9946E-05 9.9946E-05 9.9946E-05 0.0358258
9.98921E-05 9.98921E-05 9.98921E-05 9.98921E-05 9.98921E-05 9.98921E-05 9.98921E-05 9.98921E-05 9.98921E-05 9.98921E-05 9.98921E-05 9.98921E-05 0.998801
9.9928E-05 9.9928E-05 9.9928E-05 0.0413791 9.9928E-05 9.9928E-05 9.9928E-05 0.00538351 0.0267601 0.0872693 9.9928E-05 9.9928E-05 0.838409
9.99011E-05 9.99011E-05 9.99011E-05 9.99011E-05 9.99011E-05 9.99011E-05 0.952561 0.0463404 9.99011E-05 9.99011E-05 9.99011E-05 9.99011E-05 9.99011E-05
9.99191E-05 9.99191E-05 0.0165941 9.99191E-05 0.91658 9.99191E-05 9.99191E-05 9.99191E-05 9.99191E-05 0.055311 0.0106159 9.99191E-05 9.99191E-05
9.98921E-05 9.98921E-05 9.98921E-05 9.98921E-05 0.998801 9.98921E-05 9.98921E-05 9.98921E-05 9.98921E-05 9.98921E-05 9.98921E-05 9.98921E-05 9.98921E-05
9.98921E-05 9.98921E-05 9.98921E-05 9.98921E-05 9.98921E-05 9.98921E-05 0.998801 9.98921E-05 9.98921E-05 9.98921E-05 9.98921E-05 9.98921E-05 9.98921E-05
0.0352153 0.0762902 0.0252709 0.00419293 9.9955E-05 0.071661 0.508796 0.0781913 9.9955E-05 9.9955E-05 9.9955E-05 9.9955E-05 0.199882
0.22811 9.9955E-05 0.212267 9.9955E-05 9.9955E-05 0.0647572 0.28589 9.9955E-05 0.0310537 9.9955E-05 0.00467992 0.0637078 0.109034
9.99011E-05 9.99011E-05 9.99011E-05 0.96983 9.99011E-05 9.99011E-05 0.0290708 9.99011E-05 9.99011E-05 9.99011E-05 9.99011E-05 9.99011E-05 9.99011E-05
9.98901E-05 9.98901E-05 9.98901E-05 9.98901E-05 9.98901E-05 9.98901E-05 9.98901E-05 9.98901E-05 9.98901E-05 9.98901E-05 9.98901E-05 0.998801 9.98901E-05
9.99101E-05 9.99101E-05 9.99101E-05 0.0187936 9.99101E-05 9.99101E-05 9.99101E-05 9.99101E-05 9.99101E-05 9.99101E-05 9.99101E-05 0.941695 0.0385126
9.9946E-05 0.0197087 9.9946E-05 0.00382424 9.9946E-05 0.108493 0.0677591 9.9946E-05 0.0454569 9.9946E-05 0.622133 0.132025 9.9946E-05
9.9955E-05 9.9955E-05 9.9955E-05 0.130617 0.103245 0.0188018 9.9955E-05 0.39204 0.0672652 9.9955E-05 0.144491 0.101624 0.0414173
9.9937E-05 9.9937E-05 0.00832428 0.161983 9.9937E-05 9.9937E-05 9.9937E-05 0.0934769 9.9937E-05 0.076213 0.388471 0.270833 9.9937E-05
9.99191E-05 9.99191E-05 9.99191E-05 0.0358049 9.99191E-05 9.99191E-05 9.99191E-05 0.00373348 9.99191E-05 0.919622 9.99191E-05 0.03994 9.99191E-05
0.0792299 0.060371 9.9928E-05 9.9928E-05 9.9928E-05 9.9928E-05 9.9928E-05 0.010336 0.023997 9.9928E-05 0.825267 9.9928E-05 9.9928E-05
9.9964E-05 0.148634 0.00630911 0.150732 9.9964E-05 0.0499615 9.9964E-05 0.102376 0.00798318 0.0269578 0.158395 0.348252 9.9964E-05
9.98921E-05 9.98921E-05 9.98921E-05 9.98921E-05 9.98921E-05 9.98921E-05 9.98921E-05 9.98921E-05 9.98921E-05 9.98921E-05 0.998801 9.98921E-05 9.98921E-05
0.104604 9.9937E-05 0.0549248 9.9937E-05 9.9937E-05 0.00556661 9.9937E-05 9.9937E-05 9.9937E-05 0.0133291 0.698018 0.122857 9.9937E-05
9.9937E-05 9.9937E-05 0.104963 0.0399588 9.9937E-05 9.9937E-05 0.104199 0.377394 9.9937E-05 0.0512773 0.321508 9.9937E-05 9.9937E-05
9.99011E-05 9.99011E-05 0.0324528 0.966448 9.99011E-05 9.99011E-05 9.99011E-05 9.99011E-05 9.99011E-05 9.99011E-05 9.99011E-05 9.99011E-05 9.99011E-05
0.00357451 9.99011E-05 9.99011E-05 9.99011E-05 9.99011E-05 9.99011E-05 9.99011E-05 9.99011E-05 9.99011E-05 0.995327 9.99011E-05 9.99011E-05 9.99011E-05
0.0806041 9.9955E-05 9.9955E-05 0.0613717 9.9955E-05 0.0210995 9.9955E-05 0.272105 9.9955E-05 0.0562713 0.35537 0.133991 0.0186874
0.199267 9.9946E-05 0.0241726 9.9946E-05 0.0430483 0.0915502 9.9946E-05 9.9946E-05 9.9946E-05 0.00544699 0.0455397 0.590376 9.9946E-05
9.991E-05 0.0755698 9.991E-05 9.991E-05 9.991E-05 9.991E-05 9.991E-05 0.904153 9.991E-05 0.0192781 9.991E-05 9.991E-05 9.991E-05
0.137817 0.0824115 9.9964E-05 0.02689 0.0460473 9.9964E-05 0.0129929 0.586107 0.011793 9.9964E-05 0.0372313 9.9964E-05 0.0583099
0.123447 9.996E-05 0.0093563 9.996E-05 0.00739702 0.0554582 0.0243454 0.688537 0.00171415 0.0091615 9.996E-05 0.0801842 9.996E-05
9.98921E-05 9.98921E-05 9.98921E-05 9.98921E-05 9.98921E-05 9.98921E-05 9.98921E-05 0.998801 9.98921E-05 9.98921E-05 9.98921E-05 9.98921E-05 9.98921E-05
0.311535 0.16121 9.99281E-05 9.99281E-05 9.99281E-05 0.325387 9.99281E-05 0.0131076 9.99281E-05 9.99281E-05 9.99281E-05 9.99281E-05 0.187961
0.218546 0.305002 9.9955E-05 9.9955E-05 0.0356842 0.143504 0.0486634 0.0559377 9.9955E-05 9.9955E-05 0.0260264 9.9955E-05 0.166137
0.092567 0.0710677 9.9928E-05 9.9928E-05 9.9928E-05 0.713259 9.9928E-05 0.0632688 9.9928E-05 9.9928E-05 0.0590383 9.9928E-05 9.9928E-05
9.99101E-05 9.99101E-05 9.99101E-05 9.99101E-05 9.99101E-05 0.955398 9.99101E-05 0.00398888 9.99101E-05 0.0396142 9.99101E-05 9.99101E-05 9.99101E-05
9.9919E-05 9.9919E-05 9.9919E-05 0.0402419 9.9919E-05 0.695229 9.9919E-05 0.197942 9.9919E-05 9.9919E-05 0.0656877 9.9919E-05 9.9919E-05
0.00259546 9.9928E-05 0.0280945 9.9928E-05 9.9928E-05 0.919098 9.9928E-05 9.9928E-05 0.0150701 9.9928E-05 9.9928E-05 0.0343421 9.9928E-05
9.9937E-05 0.0500587 0.0779656 9.9937E-05 0.0563954 0.53604 0.0704037 9.9937E-05 9.9937E-05 9.9937E-05 0.208437 9.9937E-05 9.9937E-05
0.182859 9.99281E-05 0.019275 0.0144769 9.99281E-05 0.726521 9.99281E-05 9.99281E-05 9.99281E-05 0.056069 9.99281E-05 9.99281E-05 9.99281E-05
9.9937E-05 0.0245979 9.9937E-05 0.0724119 9.9937E-05 0.88107 9.9937E-05 9.9937E-05 0.0128985 9.9937E-05 0.00558482 9.9937E-05 0.00273761
0.281044 0.0308563 0.066926 0.0560532 9.9955E-05 0.479095 9.9955E-05 0.0568853 0.00957516 9.9955E-05 0.0190644 9.9955E-05 9.9955E-05
0.0118649 9.99191E-05 9.99191E-05 9.99191E-05 9.99191E-05 0.885722 0.0607907 9.99191E-05 9.99191E-05 0.0407234 9.99191E-05 9.99191E-05 9.99191E-05
0.18606 0.208884 0.0722388 0.00229847 9.9964E-05 0.256426 0.00725478 0.0804283 9.9964E-05 9.9964E-05 0.0502702 0.135739 9.9964E-05
0.0813764 9.9928E-05 9.9928E-05 9.9928E-05 9.9928E-05 0.779013 9.9928E-05 0.0785923 9.9928E-05 9.9928E-05 9.9928E-05 0.00345624 0.0567626
9.9946E-05 0.0141361 9.9946E-05 0.0626797 9.9946E-05 0.890285 0.0106373 9.9946E-05 0.0042912 0.00235266 9.9946E-05 0.0150187 9.9946E-05
0.162241 0.481567 9.99281E-05 0.130132 9.99281E-05 0.132725 9.99281E-05 9.99281E-05 9.99281E-05 9.99281E-05 9.99281E-05 9.99281E-05 0.0925355
0.0821724 0.665356 9.9946E-05 9.9946E-05 0.0636582 0.0246061 0.00546498 0.081997 9.9946E-05 9.9946E-05 9.9946E-05 0.0761455 9.9946E-05
0.0171966 0.630727 9.99281E-05 9.99281E-05 0.0270959 0.295007 9.99281E-05 9.99281E-05 0.0291746 9.99281E-05 9.99281E-05 9.99281E-05 9.99281E-05
0.125835 0.873066 9.99011E-05 9.99011E-05 9.99011E-05 9.99011E-05 9.99011E-05 9.99011E-05 9.99011E-05 9.99011E-05 9.99011E-05 9.99011E-05 9.99011E-05
9.9946E-05 0.528628 0.0016759 9.9946E-05 9.9946E-05 0.109879 0.0251285 0.237204 9.9946E-05 9.9946E-05 9.9946E-05 0.0186261 0.0782588
0.0821901 0.333216 0.0411453 9.9946E-05 9.9946E-05 0.452213 0.0404737 0.00012101 9.9946E-05 9.9946E-05 9.9946E-05 0.0500417 9.9946E-05
0.0494437 0.841267 9.9919E-05 0.0258711 9.9919E-05 9.9919E-05 9.9919E-05 9.9919E-05 9.9919E-05 9.9919E-05 0.0825189 9.9919E-05 9.9919E-05
9.99101E-05 0.952913 0.0451237 9.99101E-05 9.99101E-05 9.99101E-05 9.99101E-05 9.99101E-05 0.000964581 9.99101E-05 9.99101E-05 9.99101E-05 9.99101E-05
0.0690746 0.803003 0.0350539 9.9928E-05 9.9928E-05 9.9928E-05 9.9928E-05 9.9928E-05 0.0111284 0.0809405 9.9928E-05 9.9928E-05 9.9928E-05
0.0581948 0.751557 9.9919E-05 0.0771203 9.9919E-05 0.112229 9.9919E-05 9.9919E-05 9.9919E-05 9.9919E-05 9.9919E-05 9.9919E-05 9.9919E-05
9.9919E-05 0.846783 9.9919E-05 9.9919E-05 0.0304275 0.105146 9.9919E-05 9.9919E-05 9.9919E-05 9.9919E-05 9.9919E-05 0.0167439 9.9919E-05
0.0577082 0.884898 9.99191E-05 9.99191E-05 9.99191E-05 9.99191E-05 9.99191E-05 9.99191E-05 0.0451277 9.99191E-05 9.99191E-05 9.99191E-05 0.0113666
0.761226 0.0686723 9.9946E-05 9.9946E-05 9.9946E-05 0.0032747 0.00405633 0.108703 0.0334951 0.0199729 9.9946E-05 9.9946E-05 9.9946E-05
0.496676 0.209431 9.9964E-05 0.024612 0.042453 0.0852486 0.0445637 0.028907 9.9964E-05 0.0244985 0.04321 9.9964E-05 9.9964E-05
0.700778 0.0914938 9.9955E-05 0.015735 0.027772 9.9955E-05 0.0161149 0.0991181 9.9955E-05 0.00897499 9.9955E-05 9.9955E-05 0.0395139
0.578202 0.016924 0.010239 0.00235964 0.0676093 0.120751 0.0582062 0.114264 9.9964E-05 9.9964E-05 9.9964E-05 0.0310446 9.9964E-05
0.779978 0.0928856 9.9946E-05 9.9946E-05 0.0221284 0.0301125 0.0140227 9.9946E-05 9.9946E-05 0.00815433 0.0521193 9.9946E-05 9.9946E-05
0.369996 9.9937E-05 9.9937E-05 9.9937E-05 0.0476689 0.463531 9.9937E-05 9.9937E-05 0.103403 9.9937E-05 9.9937E-05 0.00467798 0.0100239
0.730126 0.0195639 0.0442955 0.0456274 9.9946E-05 0.113817 0.0236578 9.9946E-05 9.9946E-05 9.9946E-05 9.9946E-05 0.0223131 9.9946E-05
0.976207 9.99012E-05 9.99012E-05 9.99012E-05 9.99012E-05 9.99012E-05 9.99012E-05 9.99012E-05 0.0226944 9.99012E-05 9.99012E-05 9.99012E-05 9.99012E-05
0.83497 9.9919E-05 9.9919E-05 9.9919E-05 9.9919E-05 0.07004 9.9919E-05 9.9919E-05 0.000785692 9.9919E-05 0.0933052 9.9919E-05 9.9919E-05
0.946431 9.99101E-05 0.00486587 9.99101E-05 9.99101E-05 9.99101E-05 9.99101E-05 9.99101E-05 9.99101E-05 9.99101E-05 9.99101E-05 0.0477038 9.99101E-05
0.965665 9.991E-05 9.991E-05 9.991E-05 9.991E-05 9.991E-05 9.991E-05 0.01272 9.991E-05 9.991E-05 9.991E-05 0.0206157 9.991E-05
0.916604 9.991E-05 9.991E-05 9.991E-05 9.991E-05 9.991E-05 9.991E-05 0.04761 9.991E-05 9.991E-05 0.0347867 9.991E-05 9.991E-05
0.987467 9.99011E-05 0.0114338 9.99011E-05 9.99011E-05 9.99011E-05 9.99011E-05 9.99011E-05 9.99011E-05 9.99011E-05 9.99011E-05 9.99011E-05 9.99011E-05
0.981854 0.000511974 9.99101E-05 9.99101E-05 9.99101E-05 9.99101E-05 9.99101E-05 9.99101E-05 9.99101E-05 9.99101E-05 9.99101E-05 9.99101E-05 0.0166347
0.916343 9.99012E-05 9.99012E-05 9.99012E-05 9.99012E-05 0.0825583 9.99012E-05 9.99012E-05 9.99012E-05 9.99012E-05 9.99012E-05 9.99012E-05 9.99012E-05
0.599074 9.99191E-05 9.99191E-05 9.99191E-05 0.140735 0.248495 0.0107973 9.99191E-05 9.99191E-05 9.99191E-05 9.99191E-05 9.99191E-05 9.99191E-05
0.890985 0.0471155 9.99281E-05 9.99281E-05 9.99281E-05 9.99281E-05 0.026816 9.99281E-05 0.010028 9.99281E-05 9.99281E-05 9.99281E-05 0.024256
0.574302 0.107987 0.0844167 0.0494569 9.9946E-05 0.129663 9.9946E-05 9.9946E-05 0.0476044 9.9946E-05 0.00596937 9.9946E-05 9.9946E-05
0.264525 0.0419896 0.00818661 0.0362038 9.9955E-05 0.041653 9.9955E-05 9.9955E-05 0.538878 9.9955E-05 0.0531078 9.9955E-05 0.014957
9.9892E-05 9.9892E-05 9.9892E-05 9.9892E-05 9.9892E-05 9.9892E-05 9.9892E-05 9.9892E-05 0.998801 9.9892E-05 9.9892E-05 9.9892E-05 9.9892E-05
0.483301 0.0283398 0.0478304 9.9955E-05 9.9955E-05 0.266545 9.9955E-05 9.9955E-05 0.0655535 0.0408645 9.9955E-05 0.0481433 0.018923
