9.998E-05 9.998E-05 0.9997 9.998E-05
0.190812 0.0936495 0.58169 0.133849
0.121185 0.151886 0.612687 0.114242
0.404314 0.0190814 0.576505 9.9991E-05
0.544593 9.9982E-05 0.455207 9.9982E-05
0.44476 0.0776925 0.472729 0.0048182
0.256447 0.0713229 0.67213 9.9991E-05
0.323529 0.111136 0.544949 0.0203858
0.40919 0.0506396 0.512915 0.0272559
9.998E-05 9.998E-05 0.9997 9.998E-05
9.998E-05 9.998E-05 0.9997 9.998E-05
9.998E-05 9.998E-05 0.9997 9.998E-05
9.998E-05 9.998E-05 0.9997 9.998E-05
0.000197352 0.00881353 0.990889 9.9991E-05
9.998E-05 9.998E-05 0.9997 9.998E-05
0.517044 0.0751517 0.407704 9.9991E-05
0.515776 0.0376012 0.40689 0.0397334
0.446533 9.9982E-05 0.553267 9.9982E-05
0.706072 0.016728 0.2771 9.9991E-05
0.746904 0.013772 0.239224 9.9991E-05
0.573913 9.9991E-05 0.405596 0.020391
0.63624 0.0584652 0.292892 0.0124024
0.635085 0.0493383 0.315477 9.9991E-05
0.629253 9.9982E-05 0.370547 9.9982E-05
0.681562 9.9982E-05 0.318238 9.9982E-05
0.768468 9.9982E-05 0.231332 9.9982E-05
0.683872 0.0643148 0.251714 9.9991E-05
0.5694 0.0612374 0.369262 9.9991E-05
0.65769 0.0285881 0.313622 9.9991E-05
0.568183 9.9982E-05 0.431617 9.9982E-05
0.632776 9.9982E-05 0.367024 9.9982E-05
0.723076 0.0280385 0.248785 9.9991E-05
0.636779 0.094604 0.268517 9.9991E-05
0.593454 0.101601 0.276307 0.028638
0.700556 0.0390262 0.260318 9.9991E-05
0.576285 9.9982E-05 0.423515 9.9982E-05
0.76508 0.039429 0.19539 9.9991E-05
0.757087 0.0344895 0.196836 0.0115867
0.675293 0.0756404 0.216956 0.0321101
0.773042 9.9991E-05 0.207464 0.0193943
0.782713 0.0806195 0.0745258 0.0621418
0.85297 0.0635649 0.083365 9.9991E-05
0.580081 0.146223 0.208959 0.0647368
0.849344 0.0617441 0.0760422 0.0128699
0.883296 0.0629685 0.0536356 9.9991E-05
0.82097 0.0701907 0.108739 9.9991E-05
0.838999 0.0612728 0.0996283 9.9991E-05
0.784086 0.0788421 0.136972 9.9991E-05
0.735648 0.0746865 0.189565 9.9991E-05
0.690367 0.023694 0.253036 0.0329028
0.767778 0.0764949 0.155627 9.9991E-05
0.804168 0.0999327 0.0957992 9.9991E-05
0.832723 0.0472896 0.119887 9.9991E-05
0.856173 0.00565253 0.138074 9.9991E-05
0.81068 0.0141845 0.14745 0.0276858
0.720996 0.134883 0.124962 0.0191588
0.73573 0.089322 0.164922 0.0100269
0.86423 9.9991E-05 0.105033 0.0306368
0.812538 0.0736699 0.113692 9.9991E-05
0.814594 0.019974 0.139191 0.0262416
0.896691 0.0170607 0.0861486 9.9991E-05
0.891278 0.0188854 0.0709734 0.018863
0.742468 0.0867252 0.113979 0.0568278
0.835566 0.101266 0.0581022 0.00506532
0.88162 9.9991E-05 0.110992 0.00728803
0.788447 0.122141 0.0611992 0.0282129
0.883396 0.0368583 0.0197857 0.05996
0.805769 0.117124 0.062736 0.0143705
0.755642 0.0884836 0.142105 0.0137695
0.824987 0.10774 0.0665919 0.000681096
0.678988 0.119625 0.159031 0.0423564
0.850623 0.0710564 0.0760044 0.00231636
0.770472 0.0552425 0.174185 9.9991E-05
0.829307 0.0482898 0.122304 9.9991E-05
0.852763 0.0382617 0.0791856 0.0297898
0.948405 9.9982E-05 0.0513946 9.9982E-05
0.830443 0.0899092 0.0507182 0.0289296
0.646965 0.0568402 0.146577 0.149618
0.767454 0.0996055 9.9991E-05 0.13284
0.864999 0.0161364 9.9991E-05 0.118765
0.868004 0.0460879 9.9991E-05 0.0858076
0.831537 0.0375219 9.9991E-05 0.130841
0.866106 0.0641848 9.9991E-05 0.0696096
0.815645 0.0298875 0.0186698 0.135798
0.636574 0.10547 0.0483844 0.209572
0.655803 0.138186 0.0359566 0.170055
0.734384 0.0848619 0.0906648 0.0900894
0.818033 9.9991E-05 0.0491437 0.132724
0.674834 0.0739172 0.0816373 0.169611
0.728591 0.107158 0.0344584 0.129793
0.675756 0.0956369 0.0804117 0.148196
0.715996 0.0847532 0.0852546 0.113997
0.689709 0.0955436 0.0273998 0.187348
9.998E-05 9.998E-05 9.998E-05 0.9997
0.00271663 0.00024785 0.0311296 0.965906
0.0917874 0.0199446 0.00789559 0.880372
9.998E-05 9.998E-05 9.998E-05 0.9997
9.998E-05 9.998E-05 9.998E-05 0.9997
9.998E-05 9.998E-05 9.998E-05 0.9997
9.998E-05 9.998E-05 9.998E-05 0.9997
0.0402957 0.0376085 0.0496668 0.872429
9.998E-05 9.998E-05 9.998E-05 0.9997
9.998E-05 9.998E-05 9.998E-05 0.9997
0.81501 0.0674876 9.9991E-05 0.117402
0.0558261 0.0288978 9.9991E-05 0.915176
9.998E-05 9.998E-05 9.998E-05 0.9997
9.998E-05 9.998E-05 9.998E-05 0.9997
0.878874 0.013291 9.9991E-05 0.107735
0.838456 0.0409439 9.9991E-05 0.1205
0.817029 0.0675467 9.9991E-05 0.115325
0.784211 0.0353937 9.9991E-05 0.180296
0.833313 0.0215719 9.9991E-05 0.145015
0.916695 0.0020533 0.00354881 0.0777026
0.808405 0.0427489 0.00461844 0.144228
0.866973 9.9982E-05 9.9982E-05 0.132827
0.705287 0.0795281 9.9991E-05 0.215085
0.7507 0.0670203 9.9991E-05 0.18218
0.839883 0.0499135 9.9991E-05 0.110103
0.734856 0.0529455 9.9991E-05 0.212099
0.873052 0.0688074 9.9991E-05 0.0580408
0.828316 0.0379562 9.9991E-05 0.133628
0.990944 9.9982E-05 9.9982E-05 0.00885563
0.954129 9.9982E-05 9.9982E-05 0.0456708
0.9997 9.998E-05 9.998E-05 9.998E-05
0.998838 9.9982E-05 9.9982E-05 0.000962361
0.977295 0.00760053 9.9991E-05 0.0150046
0.981543 9.9982E-05 9.9982E-05 0.0182573
0.9997 9.998E-05 9.998E-05 9.998E-05
0.945497 9.9982E-05 9.9982E-05 0.054303
0.975403 0.0243966 9.9982E-05 9.9982E-05
0.99946 9.9982E-05 9.9982E-05 0.000340367
0.891013 0.0205535 9.9991E-05 0.0883332
0.976033 9.9982E-05 9.9982E-05 0.023767
0.901742 0.0619328 9.9991E-05 0.0362255
9.998E-05 0.9997 9.998E-05 9.998E-05
0.660516 0.105865 9.9991E-05 0.233518
9.998E-05 0.9997 9.998E-05 9.998E-05
9.998E-05 0.9997 9.998E-05 9.998E-05
9.9982E-05 0.988064 9.9982E-05 0.0117357
0.176705 0.790443 0.0327518 9.9991E-05
9.998E-05 0.9997 9.998E-05 9.998E-05
0.105051 0.889761 9.9991E-05 0.00508793
9.9982E-05 0.984804 9.9982E-05 0.0149965
0.0357013 0.954642 9.9991E-05 0.0095563
9.9982E-05 0.994354 0.00544647 9.9982E-05
0.0169529 0.982847 9.9982E-05 9.9982E-05
0.011969 0.987831 9.9982E-05 9.9982E-05
0.106716 0.837302 9.9991E-05 0.0558825
0.018671 0.944108 0.0295576 0.00766392
0.0916314 0.88938 9.9991E-05 0.0188884
0.0808491 0.896664 0.0223869 9.9991E-05
0.0690599 0.878178 0.0199528 0.0328097
0.0447965 0.955004 9.9982E-05 9.9982E-05
0.839301 0.0564322 0.0241945 0.0800725
0.870286 0.0798012 9.9991E-05 0.0498129
0.819359 0.0468725 0.0393973 0.0943711
0.817604 0.0580292 0.0428215 0.0815455
0.814866 0.0568609 9.9991E-05 0.128173
0.775305 0.0127566 9.9991E-05 0.211839
0.782202 0.0380788 9.9991E-05 0.179619
0.789334 9.9982E-05 9.9982E-05 0.210466
0.785519 0.0249124 9.9991E-05 0.189469
0.762626 0.0392709 9.9991E-05 0.198003
0.789291 0.0110214 9.9991E-05 0.199588
0.753351 0.0094096 0.0833373 0.153902
0.79755 0.0186137 0.0221807 0.161655
0.9997 9.998E-05 9.998E-05 9.998E-05
0.9997 9.998E-05 9.998E-05 9.998E-05
0.9997 9.998E-05 9.998E-05 9.998E-05
0.9997 9.998E-05 9.998E-05 9.998E-05
0.9997 9.998E-05 9.998E-05 9.998E-05
0.985101 9.9982E-05 0.0146988 9.9982E-05
0.9997 9.998E-05 9.998E-05 9.998E-05
0.9997 9.998E-05 9.998E-05 9.998E-05
0.9997 9.998E-05 9.998E-05 9.998E-05
0.9997 9.998E-05 9.998E-05 9.998E-05
0.9997 9.998E-05 9.998E-05 9.998E-05
0.9997 9.998E-05 9.998E-05 9.998E-05
