9.998E-05 0.9997 9.998E-05 9.998E-05
0.14182 0.581443 0.0759859 0.200751
0.186 0.597057 0.0755097 0.141434
0.00506061 0.561928 9.9991E-05 0.432912
9.9982E-05 0.406755 9.9982E-05 0.593045
0.0649111 0.430274 0.00397215 0.500842
0.0345333 0.637033 9.9991E-05 0.328333
0.0877099 0.552277 0.0549861 0.305027
0.0925841 0.48509 0.0330743 0.389252
9.998E-05 0.9997 9.998E-05 9.998E-05
9.998E-05 0.9997 9.998E-05 9.998E-05
9.998E-05 0.9997 9.998E-05 9.998E-05
9.998E-05 0.9997 9.998E-05 9.998E-05
9.998E-05 0.9997 9.998E-05 9.998E-05
9.998E-05 0.9997 9.998E-05 9.998E-05
0.0406472 0.425484 9.9991E-05 0.533769
0.13374 0.375195 0.0525761 0.438489
0.0156705 0.527592 9.9991E-05 0.456638
9.9982E-05 0.278998 9.9982E-05 0.720802
9.9982E-05 0.243432 9.9982E-05 0.756369
9.9982E-05 0.389305 9.9982E-05 0.610495
0.0727856 0.260167 9.9991E-05 0.666947
0.0358575 0.301571 9.9991E-05 0.662471
0.0163238 0.36141 9.9991E-05 0.622167
9.9982E-05 0.295455 9.9982E-05 0.704345
0.00571638 0.22178 9.9991E-05 0.772404
0.0617406 0.232404 9.9991E-05 0.705756
0.0483256 0.343196 9.9991E-05 0.608379
0.0124045 0.30963 9.9991E-05 0.677865
9.9982E-05 0.432559 9.9982E-05 0.567241
9.9982E-05 0.376633 9.9982E-05 0.623168
0.0300203 0.243855 9.9991E-05 0.726025
0.0348151 0.268529 0.00420872 0.692447
0.0656321 0.256585 9.9991E-05 0.677683
0.0469851 0.302541 9.9991E-05 0.650374
9.9982E-05 0.432316 9.9982E-05 0.567484
0.0133458 0.158972 9.9991E-05 0.827582
0.0482448 0.177429 9.9991E-05 0.774226
0.0657148 0.191275 0.0418669 0.701143
9.9982E-05 0.203817 9.9982E-05 0.795983
0.0967551 0.0886037 0.0516835 0.762958
0.103934 0.0536873 0.0647801 0.777598
0.109666 0.197522 0.0707038 0.622108
0.0818103 0.0768933 0.0321474 0.809149
0.0856854 0.0691293 9.9991E-05 0.845085
0.0614744 0.121997 9.9991E-05 0.816428
0.081464 0.080298 9.9991E-05 0.838138
0.0555496 0.140044 9.9991E-05 0.804306
0.0716245 0.137519 9.9991E-05 0.790757
0.0439551 0.251899 9.9991E-05 0.704046
0.0806597 0.185829 0.01617 0.717342
0.106489 0.11711 9.9991E-05 0.776302
0.0777996 0.100175 9.9991E-05 0.821925
0.0197756 0.147138 0.00278479 0.830302
0.0586604 0.145287 0.0453369 0.750716
0.12391 0.104943 0.017427 0.75372
0.0693061 0.182427 9.9991E-05 0.748167
0.0240747 0.0985607 0.0148883 0.862476
0.0694177 0.133736 9.9991E-05 0.796746
0.0347676 0.172989 0.044661 0.747583
0.0123237 0.124823 9.9991E-05 0.862754
9.9982E-05 0.096553 9.9982E-05 0.903247
0.0946613 0.0960248 0.0602222 0.749092
0.118904 9.9982E-05 9.9982E-05 0.880896
9.9982E-05 0.107469 9.9982E-05 0.892331
0.134831 0.0386948 0.00593969 0.820535
0.0451196 0.0228479 0.033727 0.898306
0.0466802 0.0482362 0.0709613 0.834122
0.0546619 0.119799 9.9991E-05 0.825439
0.102363 0.0203061 9.9991E-05 0.877231
0.0951793 0.124201 0.064006 0.716614
0.113339 0.044039 0.0512882 0.791334
0.0267066 0.171248 9.9991E-05 0.801945
0.0309472 0.123305 9.9991E-05 0.845648
0.0309316 0.0694468 9.9991E-05 0.899522
0.0280122 0.0548209 0.00871757 0.908449
0.102763 0.0155196 0.036629 0.845088
0.0327157 0.0485995 0.17936 0.739325
0.0735281 9.9991E-05 0.103341 0.823031
0.0424083 9.9991E-05 0.112664 0.844827
0.111893 0.0234769 0.0648068 0.799824
0.0438396 9.9991E-05 0.145785 0.810275
0.093351 9.9991E-05 0.0928649 0.813684
0.0120718 0.0802559 0.143354 0.764318
0.0241737 0.0473933 0.25765 0.670783
0.118977 0.0475113 0.160652 0.67286
0.0971853 0.107959 0.0885696 0.706286
9.9991E-05 0.0662124 0.101993 0.831695
0.0591524 0.0314142 0.164691 0.744743
0.096387 0.0316496 0.0895289 0.782435
0.0887854 0.0785994 0.145052 0.687563
0.0878115 0.0807294 0.130598 0.700862
0.0982634 0.0229438 0.201607 0.677186
9.998E-05 9.998E-05 0.9997 9.998E-05
9.9991E-05 0.0125946 0.943297 0.0440083
0.0199546 0.0199939 0.90228 0.0577713
9.998E-05 9.998E-05 0.9997 9.998E-05
9.998E-05 9.998E-05 0.9997 9.998E-05
9.998E-05 9.998E-05 0.9997 9.998E-05
0.0156441 9.9982E-05 0.984156 9.9982E-05
0.0414459 0.00620681 0.901217 0.0511303
9.998E-05 9.998E-05 0.9997 9.998E-05
9.998E-05 9.998E-05 0.9997 9.998E-05
0.0927068 9.9991E-05 0.100082 0.807111
9.9982E-05 9.9982E-05 0.931874 0.0679256
9.998E-05 9.998E-05 0.9997 9.998E-05
9.9991E-05 0.0103234 0.989441 0.000135286
0.0214396 9.9991E-05 0.0864516 0.892009
0.0635506 9.9991E-05 0.102442 0.833907
0.0293514 9.9991E-05 0.10599 0.864559
0.0396252 9.9991E-05 0.12013 0.840145
0.039476 9.9991E-05 0.130259 0.830165
0.0370678 0.00934426 0.0960715 0.857516
0.0116357 9.9991E-05 0.155878 0.832386
9.9982E-05 9.9982E-05 0.14873 0.85107
0.0547583 9.9991E-05 0.234285 0.710857
0.0688124 9.9991E-05 0.200328 0.73076
0.0608524 0.00375923 0.113937 0.821451
0.0340502 0.00289939 0.2139 0.74915
0.077509 9.9991E-05 0.0820976 0.840293
0.0677008 9.9991E-05 0.125668 0.806531
0.9997 9.998E-05 9.998E-05 9.998E-05
0.0940616 9.9991E-05 0.195916 0.709923
0.9997 9.998E-05 9.998E-05 9.998E-05
0.9997 9.998E-05 9.998E-05 9.998E-05
0.944661 0.0133729 0.0333795 0.00858614
0.726737 0.0438591 9.9991E-05 0.229304
0.9997 9.998E-05 9.998E-05 9.998E-05
0.87694 9.9991E-05 0.0081925 0.114768
0.999106 9.99833E-05 9.99833E-05 0.00069374
0.982252 9.9982E-05 0.0175477 9.9982E-05
0.999533 0.000267433 9.9982E-05 9.9982E-05
0.938014 9.9982E-05 9.9982E-05 0.0617856
0.982555 0.0172446 9.9982E-05 9.9982E-05
0.840225 9.9991E-05 0.0384195 0.121256
0.922044 9.9991E-05 0.0179211 0.0599351
0.904775 9.9991E-05 0.00723938 0.087886
0.888736 0.0063454 9.9991E-05 0.104818
0.861204 0.0211962 9.9991E-05 0.1175
0.978637 9.9991E-05 0.016941 0.00432169
0.0119339 9.9991E-05 0.0465118 0.941454
9.9982E-05 9.9982E-05 0.064313 0.935487
9.9982E-05 9.9982E-05 0.0216065 0.978194
9.998E-05 9.998E-05 9.998E-05 0.9997
9.9982E-05 9.9982E-05 0.0450907 0.954709
9.9982E-05 9.9982E-05 0.0366386 0.963161
9.9982E-05 9.9982E-05 0.0359918 0.963808
9.9982E-05 9.9982E-05 0.033802 0.965998
0.0121745 9.9991E-05 0.0298367 0.957889
0.00720984 9.9991E-05 0.0183713 0.974319
9.9982E-05 9.9982E-05 0.144315 0.855485
9.9982E-05 9.9982E-05 0.0365462 0.963254
0.114037 9.9991E-05 0.0642957 0.821567
0.0430231 0.0178254 0.117101 0.822051
0.033332 9.9991E-05 0.0713299 0.895238
0.0593269 0.032567 0.125741 0.782365
0.0296573 0.0636533 0.0920255 0.814664
9.9982E-05 9.9982E-05 0.137109 0.862691
0.0588773 9.9991E-05 0.177323 0.763699
0.0350897 9.9991E-05 0.171369 0.793441
0.0521654 9.9991E-05 0.176889 0.770845
0.0287277 9.9991E-05 0.170027 0.801145
0.0396709 9.9991E-05 0.168851 0.791378
0.0414403 9.9991E-05 0.184446 0.774014
0.0619031 0.0697424 0.127968 0.740387
0.00379752 9.9991E-05 0.147277 0.848825
9.998E-05 9.998E-05 9.998E-05 0.9997
9.998E-05 9.998E-05 9.998E-05 0.9997
9.998E-05 9.998E-05 9.998E-05 0.9997
9.998E-05 9.998E-05 9.998E-05 0.9997
9.998E-05 9.998E-05 9.998E-05 0.9997
9.998E-05 9.998E-05 9.998E-05 0.9997
9.998E-05 9.998E-05 9.998E-05 0.9997
9.998E-05 9.998E-05 9.998E-05 0.9997
9.998E-05 9.998E-05 9.998E-05 0.9997
9.998E-05 9.998E-05 9.998E-05 0.9997
9.998E-05 9.998E-05 9.998E-05 0.9997
9.998E-05 9.998E-05 9.998E-05 0.9997
