0.9997 9.998E-05 9.998E-05 9.998E-05
0.558053 0.205743 0.115755 0.120449
0.55295 0.171401 0.0959843 0.179665
0.571001 0.425168 9.9991E-05 0.00373122
0.367447 0.632353 9.9982E-05 9.9982E-05
0.477678 0.409664 0.0226059 0.0900519
0.681432 0.259956 9.9991E-05 0.0585121
0.571749 0.326164 0.00994518 0.0921418
0.490136 0.411342 0.0321073 0.0664145
0.9997 9.998E-05 9.998E-05 9.998E-05
0.9997 9.998E-05 9.998E-05 9.998E-05
0.9997 9.998E-05 9.998E-05 9.998E-05
0.9997 9.998E-05 9.998E-05 9.998E-05
0.988785 0.0110147 9.9982E-05 9.9982E-05
0.9997 9.998E-05 9.998E-05 9.998E-05
0.430334 0.474852 0.0149114 0.0799025
0.421819 0.535938 0.0277171 0.0145256
0.513982 0.485818 9.9982E-05 9.9982E-05
0.309558 0.678135 0.0122073 9.9991E-05
0.259787 0.740013 9.9982E-05 9.9982E-05
0.39654 0.598287 0.00507236 9.9991E-05
0.265766 0.611625 0.051925 0.0706835
0.320875 0.575963 0.0394232 0.0637385
0.314506 0.64727 9.9991E-05 0.0381234
0.323025 0.676775 9.9982E-05 9.9982E-05
0.22561 0.77419 9.9982E-05 9.9982E-05
0.233339 0.703607 9.9991E-05 0.0629546
0.35517 0.595326 9.9991E-05 0.049404
0.321364 0.674889 9.9991E-05 0.00364763
0.383968 0.612912 9.9991E-05 0.00302031
0.385168 0.614632 9.9982E-05 9.9982E-05
0.207974 0.791826 9.9982E-05 9.9982E-05
0.255088 0.67171 9.9991E-05 0.0731015
0.276774 0.641681 0.00858048 0.0729646
0.275588 0.685286 9.9991E-05 0.0390255
0.407173 0.592628 9.9982E-05 9.9982E-05
0.179607 0.787348 9.9991E-05 0.0329456
0.195224 0.759792 9.9991E-05 0.0448839
0.225969 0.673537 0.0490592 0.0514353
0.176758 0.786872 0.0362694 9.9991E-05
0.07299 0.768988 0.070773 0.0872487
0.0597192 0.80588 9.9991E-05 0.134301
0.200949 0.643354 0.0437381 0.111959
0.0830136 0.832145 0.0167511 0.0680903
0.0547433 0.858453 9.9991E-05 0.0867039
0.0946293 0.842993 9.9991E-05 0.0622773
0.079107 0.86088 9.9991E-05 0.059913
0.117991 0.835585 9.9991E-05 0.0463245
0.148513 0.784071 9.9991E-05 0.0673161
0.288864 0.631409 0.00908323 0.0706433
0.160464 0.747237 0.00619539 0.0861038
0.0839123 0.861109 9.9991E-05 0.054879
0.108361 0.83658 9.9991E-05 0.0549591
0.0896344 0.892139 9.9991E-05 0.0181266
0.127219 0.792868 0.0386422 0.0412706
0.0861317 0.78635 0.0106981 0.11682
0.193596 0.682768 0.0397714 0.0838646
0.0619786 0.937821 9.9982E-05 9.9982E-05
0.0814802 0.840365 9.9991E-05 0.0780545
0.153596 0.762777 0.0453933 0.0382341
0.0938191 0.884684 9.9991E-05 0.0213971
0.0936766 0.891346 0.0148772 9.9991E-05
0.0934864 0.783112 0.0417476 0.0816541
0.0349278 0.858357 0.0196712 0.0870436
0.110621 0.885131 0.00414814 9.9991E-05
0.040496 0.825245 0.0221142 0.112145
0.0391138 0.858962 0.040199 0.0617253
0.0646578 0.79838 0.0329708 0.103991
0.175253 0.722543 0.0217417 0.0804614
0.0342182 0.856513 9.9991E-05 0.109169
0.1475 0.644403 0.0845237 0.123573
0.0494563 0.832838 0.0316014 0.0861042
0.159876 0.799089 9.9991E-05 0.0409349
0.132706 0.830359 9.9991E-05 0.0368354
0.0966708 0.839544 0.00587793 0.0579071
0.0629433 0.874711 0.0244221 0.0379236
0.0320114 0.82886 0.0539015 0.0852275
0.116921 0.661752 0.131506 0.0898212
0.000391127 0.808858 0.128627 0.0621244
9.9991E-05 0.809324 0.106027 0.0845489
0.0089863 0.839629 0.086449 0.0649357
9.9991E-05 0.79743 0.139392 0.0630783
9.9991E-05 0.795123 0.109611 0.0951656
0.0325407 0.858551 0.108808 9.9991E-05
0.0794452 0.623686 0.190663 0.106206
0.0210967 0.647232 0.209528 0.122143
0.0924977 0.72102 0.0774349 0.109048
0.0298329 0.827211 0.142857 9.9991E-05
0.0341186 0.753606 0.172441 0.0398342
0.0233002 0.761809 0.12658 0.0883106
0.0843989 0.747292 0.108551 0.0597587
0.0748193 0.76037 0.100024 0.0647866
0.0328835 0.688487 0.185702 0.0929271
9.998E-05 9.998E-05 0.9997 9.998E-05
0.00570867 0.00134038 0.979405 0.013546
0.0335925 0.103304 0.863004 9.9991E-05
9.998E-05 9.998E-05 0.9997 9.998E-05
9.998E-05 9.998E-05 0.9997 9.998E-05
9.998E-05 9.998E-05 0.9997 9.998E-05
9.998E-05 9.998E-05 0.9997 9.998E-05
0.0429206 9.9982E-05 0.956879 9.9982E-05
9.998E-05 9.998E-05 0.9997 9.998E-05
9.998E-05 9.998E-05 0.9997 9.998E-05
9.9991E-05 0.836674 0.0992283 0.0639982
9.9982E-05 0.0674269 0.932373 9.9982E-05
9.998E-05 9.998E-05 0.9997 9.998E-05
9.998E-05 9.998E-05 0.9997 9.998E-05
9.9991E-05 0.884092 0.106217 0.00959046
9.9991E-05 0.822496 0.125145 0.0522593
9.9991E-05 0.818319 0.131763 0.049818
9.9991E-05 0.778832 0.17089 0.0501772
9.9991E-05 0.791506 0.160103 0.0482907
9.9991E-05 0.862016 0.121224 0.0166593
0.00743554 0.795416 0.149004 0.0481444
9.9982E-05 0.86697 0.13283 9.9982E-05
9.9991E-05 0.624945 0.293573 0.0813813
9.9991E-05 0.678126 0.258746 0.0630281
9.9991E-05 0.80644 0.130672 0.0627876
9.9991E-05 0.730957 0.22261 0.0463336
9.9991E-05 0.86679 0.0675404 0.0655692
9.9991E-05 0.83822 0.117401 0.044279
9.9991E-05 0.961546 0.0203417 0.0180119
9.9982E-05 0.935209 0.0645908 9.9982E-05
9.998E-05 0.9997 9.998E-05 9.998E-05
9.998E-05 0.9997 9.998E-05 9.998E-05
9.9982E-05 0.932632 0.0671676 9.9982E-05
9.9982E-05 0.960592 0.0392085 9.9982E-05
9.9982E-05 0.965757 0.0340432 9.9982E-05
9.9982E-05 0.989335 0.0104651 9.9982E-05
9.9982E-05 0.992292 9.9982E-05 0.00750772
9.9982E-05 0.977557 0.0222426 9.9982E-05
9.9991E-05 0.914277 0.0800222 0.00560111
9.9982E-05 0.993857 0.00594305 9.9982E-05
9.9991E-05 0.876849 0.026168 0.0968831
9.998E-05 9.998E-05 9.998E-05 0.9997
9.9991E-05 0.716316 0.173049 0.110534
9.998E-05 9.998E-05 9.998E-05 0.9997
9.998E-05 9.998E-05 9.998E-05 0.9997
9.9982E-05 9.9982E-05 0.0332355 0.966565
9.9982E-05 0.218997 9.9982E-05 0.780803
9.998E-05 9.998E-05 9.998E-05 0.9997
0.00311181 0.105395 9.9991E-05 0.891393
9.9982E-05 9.9982E-05 0.0149381 0.984862
9.9982E-05 0.0379379 9.9982E-05 0.961862
9.998E-05 9.998E-05 9.998E-05 0.9997
9.998E-05 9.998E-05 9.998E-05 0.9997
9.9982E-05 9.9982E-05 0.0332145 0.966586
9.9991E-05 0.145678 0.0351829 0.81904
9.9982E-05 0.0577076 9.9982E-05 0.942092
0.0149722 0.107877 0.0100945 0.867056
0.0292551 0.112889 9.9991E-05 0.857756
0.0226725 0.173433 9.9991E-05 0.803795
9.9982E-05 9.9982E-05 0.0157873 0.984013
0.0188033 0.900856 0.062214 0.0181271
0.0356511 0.829773 0.0549294 0.0796465
0.0347024 0.814368 0.103914 0.0470161
0.0487714 0.80866 0.0810764 0.0614927
9.9991E-05 0.859932 0.130462 0.00950639
9.9991E-05 0.755241 0.229086 0.015573
9.9991E-05 0.787786 0.193088 0.0190263
9.9991E-05 0.763644 0.186317 0.0499396
9.9991E-05 0.774267 0.183757 0.0418758
9.9991E-05 0.775225 0.180669 0.0440057
9.9991E-05 0.799097 0.183763 0.0170401
0.00893926 0.790546 0.108366 0.0921486
0.00305568 0.818788 0.114849 0.0633074
9.998E-05 0.9997 9.998E-05 9.998E-05
9.998E-05 0.9997 9.998E-05 9.998E-05
9.998E-05 0.9997 9.998E-05 9.998E-05
9.998E-05 0.9997 9.998E-05 9.998E-05
9.998E-05 0.9997 9.998E-05 9.998E-05
9.998E-05 0.9997 9.998E-05 9.998E-05
9.998E-05 0.9997 9.998E-05 9.998E-05
9.998E-05 0.9997 9.998E-05 9.998E-05
9.998E-05 0.9997 9.998E-05 9.998E-05
9.998E-05 0.9997 9.998E-05 9.998E-05
9.998E-05 0.9997 9.998E-05 9.998E-05
9.998E-05 0.9997 9.998E-05 9.998E-05
