9.998E-05 9.998E-05 0.9997 9.998E-05
0.203455 0.115864 0.566376 0.114305
0.134632 0.164599 0.59663 0.104139
0.426624 0.00033143 0.572944 9.9991E-05
0.652832 9.9982E-05 0.346968 9.9982E-05
0.463598 0.0621638 0.469698 0.00454003
0.301918 0.047208 0.650774 9.9991E-05
0.342438 0.077439 0.559547 0.0205755
0.444306 0.078192 0.471038 0.00646354
9.998E-05 9.998E-05 0.9997 9.998E-05
9.998E-05 9.998E-05 0.9997 9.998E-05
9.998E-05 9.998E-05 0.9997 9.998E-05
9.998E-05 9.998E-05 0.9997 9.998E-05
0.0129618 9.9982E-05 0.986838 9.9982E-05
9.9982E-05 0.0046091 0.995191 9.9982E-05
0.537497 0.0240614 0.436881 0.00155988
0.503677 0.0391376 0.385256 0.0719289
0.448332 0.0389905 0.495611 0.0170669
0.704874 9.9982E-05 0.294926 9.9982E-05
0.73846 9.9982E-05 0.26134 9.9982E-05
0.618573 9.9982E-05 0.381227 9.9982E-05
0.651167 0.0800503 0.268683 9.9991E-05
0.659616 0.0703249 0.269959 9.9991E-05
0.592628 0.0390786 0.368194 9.9991E-05
0.684406 9.9982E-05 0.315394 9.9982E-05
0.805054 9.9982E-05 0.194746 9.9982E-05
0.70011 0.089415 0.210375 9.9991E-05
0.630007 0.0517685 0.318124 9.9991E-05
0.692832 0.0100209 0.297047 9.9991E-05
0.590861 9.9982E-05 0.408939 9.9982E-05
0.623809 9.9982E-05 0.375991 9.9982E-05
0.690904 0.0449756 0.253986 0.0101346
0.717965 0.0563815 0.211459 0.0141945
0.638073 0.099653 0.262174 9.9991E-05
0.730661 0.0250582 0.244181 9.9991E-05
0.5855 0.0086282 0.405772 9.9991E-05
0.814615 0.000778579 0.184507 9.9991E-05
0.78012 0.0214026 0.198377 9.9991E-05
0.73436 0.0655557 0.19068 0.00940467
0.8103 9.9991E-05 0.182843 0.0067568
0.828232 0.0714478 0.046687 0.0536328
0.802075 0.0965714 0.0918219 0.00953152
0.64157 0.109703 0.205222 0.0435048
0.86759 0.048394 0.0728527 0.0111635
0.867039 0.0703025 0.062559 9.9991E-05
0.812988 0.0966792 0.0902324 9.9991E-05
0.835052 0.0805447 0.0843033 9.9991E-05
0.813284 0.0688883 0.117727 9.9991E-05
0.790068 0.0457071 0.164125 9.9991E-05
0.687386 0.0469215 0.254331 0.0113613
0.753098 0.0728457 0.172372 0.00168463
0.785899 0.110914 0.103087 9.9991E-05
0.844839 0.052655 0.102406 9.9991E-05
0.864695 0.00125903 0.116895 0.0171512
0.853541 0.0162014 0.120537 0.0097207
0.772676 0.145528 0.0771266 0.0046697
0.756286 0.0954317 0.146336 0.00194659
0.888861 9.9991E-05 0.0750843 0.0359548
0.757549 0.137136 0.105216 9.9991E-05
0.780408 0.0418085 0.177684 9.9991E-05
0.883488 0.0226509 0.0937615 9.9991E-05
0.890896 9.9991E-05 0.0842716 0.0247328
0.793847 0.0948533 0.0659447 0.0453551
0.815649 0.117103 0.0385083 0.0287403
0.919951 9.9982E-05 0.0798493 9.9982E-05
0.837509 0.0958773 0.0608916 0.00572229
0.898521 0.0375477 0.0196015 0.0443296
0.833706 0.0693769 0.0654372 0.0314794
0.816819 0.0435628 0.130676 0.00894232
0.869997 0.0989885 0.0222713 0.00874282
0.682119 0.0942771 0.149556 0.0740483
0.845628 0.0750834 0.016078 0.0632103
0.774166 0.0560098 0.169724 9.9991E-05
0.863607 0.0270938 0.109199 9.9991E-05
0.868826 0.0514308 0.0796435 9.9991E-05
0.963523 9.9982E-05 0.036277 9.9982E-05
0.877041 0.0784622 0.0116888 0.0328079
0.667638 0.0640556 0.0933777 0.174928
0.855897 0.0224427 9.9991E-05 0.12156
0.852787 0.0224547 9.9991E-05 0.124658
0.839408 0.0426951 0.0492186 0.068678
0.84098 0.0241493 9.9991E-05 0.134771
0.870298 0.0398302 9.9991E-05 0.0897718
0.823015 0.0259638 0.0343188 0.116702
0.694112 0.0214849 0.0618481 0.222555
0.734722 0.0996368 0.029011 0.13663
0.747653 0.0770869 0.101179 0.0740807
0.861393 9.9991E-05 0.0420938 0.0964128
0.746907 0.0677289 0.0112043 0.17416
0.818822 0.0740668 0.0152829 0.091828
0.688642 0.0619889 0.0854688 0.163901
0.705853 0.0839599 0.0628303 0.147357
0.681845 0.0843972 0.0304229 0.203335
9.998E-05 9.998E-05 9.998E-05 0.9997
9.9991E-05 0.0366231 0.0144488 0.948828
0.0931668 9.9991E-05 0.0193538 0.887379
9.998E-05 9.998E-05 9.998E-05 0.9997
9.998E-05 9.998E-05 9.998E-05 0.9997
9.998E-05 9.998E-05 9.998E-05 0.9997
9.998E-05 9.998E-05 9.998E-05 0.9997
0.0578713 0.00686747 0.0125341 0.922727
9.998E-05 9.998E-05 9.998E-05 0.9997
9.998E-05 9.998E-05 9.998E-05 0.9997
0.823917 0.0673526 9.9991E-05 0.10863
0.0800147 0.00747965 9.9991E-05 0.912406
9.998E-05 9.998E-05 9.998E-05 0.9997
9.998E-05 9.998E-05 9.998E-05 0.9997
0.895817 0.0217604 9.9991E-05 0.0823227
0.832676 0.0722317 9.9991E-05 0.0949923
0.826285 0.0550884 9.9991E-05 0.118527
0.823638 0.0367924 9.9991E-05 0.13947
0.806806 0.0563777 9.9991E-05 0.136717
0.866471 0.00846075 9.9991E-05 0.124968
0.764383 0.0406794 9.9991E-05 0.194837
0.88396 9.9982E-05 9.9982E-05 0.11584
0.664776 0.0916875 9.9991E-05 0.243436
0.727847 0.0552108 9.9991E-05 0.216842
0.835145 0.0572852 9.9991E-05 0.10747
0.788877 0.0342941 9.9991E-05 0.176729
0.847301 0.0459801 0.0273926 0.0793261
0.822806 0.0372691 9.9991E-05 0.139825
0.922669 9.9982E-05 9.9982E-05 0.0771314
0.941523 9.9982E-05 9.9982E-05 0.0582766
0.990269 9.9982E-05 9.9982E-05 0.00953094
0.9997 9.998E-05 9.998E-05 9.998E-05
0.974666 9.9982E-05 9.9982E-05 0.0251342
0.92654 0.020951 9.9991E-05 0.0524089
0.970699 9.9982E-05 9.9982E-05 0.0291011
0.967626 9.9982E-05 9.9982E-05 0.0321745
0.978805 9.9982E-05 9.9982E-05 0.0209951
0.984495 9.9982E-05 9.9982E-05 0.015305
0.887309 9.9982E-05 9.9982E-05 0.112491
0.948077 9.9982E-05 9.9982E-05 0.0517232
0.861768 0.0692183 9.9991E-05 0.0689138
9.998E-05 0.9997 9.998E-05 9.998E-05
0.681421 0.104813 9.9991E-05 0.213666
9.998E-05 0.9997 9.998E-05 9.998E-05
9.998E-05 0.9997 9.998E-05 9.998E-05
9.9982E-05 0.954256 9.9982E-05 0.0455443
0.163641 0.819632 0.0166277 9.9991E-05
9.998E-05 0.9997 9.998E-05 9.998E-05
0.12926 0.869073 9.9991E-05 0.00156759
9.9982E-05 0.99847 9.9982E-05 0.0013298
0.0713074 0.928493 9.9982E-05 9.9982E-05
9.998E-05 0.9997 9.998E-05 9.998E-05
0.0731489 0.926651 9.9982E-05 9.9982E-05
9.998E-05 0.9997 9.998E-05 9.998E-05
0.145702 0.774164 9.9991E-05 0.0800344
0.0113942 0.962373 0.0261327 9.9991E-05
0.0833166 0.915112 9.9991E-05 0.00147092
0.102681 0.892741 9.9991E-05 0.00447786
0.0873042 0.887941 0.0226781 0.00207685
0.0415397 0.944443 0.013917 9.9991E-05
0.876149 0.039101 0.0156375 0.0691126
0.863876 0.0665121 0.016378 0.0532337
0.806393 0.0460539 0.0497458 0.0978071
0.812306 0.0617721 0.0475471 0.078375
0.788598 0.0283117 9.9991E-05 0.182991
0.714312 0.0291144 9.9991E-05 0.256473
0.740404 0.0429292 9.9991E-05 0.216566
0.734527 0.0224539 9.9991E-05 0.242919
0.724302 0.0546865 9.9991E-05 0.220912
0.701751 0.0618502 9.9991E-05 0.236299
0.738343 0.0337536 9.9991E-05 0.227803
0.70064 0.0482022 0.0917255 0.159432
0.746396 0.0422437 0.008578 0.202782
0.9997 9.998E-05 9.998E-05 9.998E-05
0.9997 9.998E-05 9.998E-05 9.998E-05
0.9997 9.998E-05 9.998E-05 9.998E-05
0.9997 9.998E-05 9.998E-05 9.998E-05
0.9997 9.998E-05 9.998E-05 9.998E-05
0.9997 9.998E-05 9.998E-05 9.998E-05
0.9997 9.998E-05 9.998E-05 9.998E-05
0.9997 9.998E-05 9.998E-05 9.998E-05
0.9997 9.998E-05 9.998E-05 9.998E-05
0.9997 9.998E-05 9.998E-05 9.998E-05
0.9997 9.998E-05 9.998E-05 9.998E-05
0.9997 9.998E-05 9.998E-05 9.998E-05
