9.998E-05 0.9997 9.998E-05 9.998E-05
0.225714 0.576786 0.10389 0.0936098
0.128085 0.599342 0.173586 0.0989873
0.440305 0.551094 0.00485897 0.00374211
0.595488 0.404312 9.9982E-05 9.9982E-05
0.428521 0.509965 0.0541224 0.00739148
0.291441 0.684885 0.0235734 9.9991E-05
0.310945 0.550595 0.102279 0.0361817
0.386871 0.510736 0.0701126 0.03228
9.998E-05 0.9997 9.998E-05 9.998E-05
9.998E-05 0.9997 9.998E-05 9.998E-05
9.998E-05 0.9997 9.998E-05 9.998E-05
9.998E-05 0.9997 9.998E-05 9.998E-05
9.998E-05 0.9997 9.998E-05 9.998E-05
9.998E-05 0.9997 9.998E-05 9.998E-05
0.550444 0.42607 0.023386 9.9991E-05
0.47997 0.37211 0.043068 0.104852
0.434546 0.519564 0.0441886 0.00170122
0.705854 0.270116 9.9991E-05 0.0239302
0.767053 0.222054 0.0107936 9.9991E-05
0.60984 0.389961 9.9982E-05 9.9982E-05
0.657969 0.261582 0.0750076 0.00544076
0.655463 0.283041 0.0613957 9.9991E-05
0.624523 0.337365 0.0380114 9.9991E-05
0.702818 0.296982 9.9982E-05 9.9982E-05
0.808938 0.190862 9.9982E-05 9.9982E-05
0.715808 0.22754 0.0565514 9.9991E-05
0.600837 0.342556 0.0565063 9.9991E-05
0.673486 0.291238 0.0351761 9.9991E-05
0.569382 0.418167 0.0123508 9.9991E-05
0.642582 0.357218 9.9982E-05 9.9982E-05
0.715453 0.260535 0.0239121 9.9991E-05
0.682521 0.272904 0.0444749 9.9991E-05
0.623527 0.261348 0.106685 0.00844027
0.697619 0.258179 0.0441014 9.9991E-05
0.582773 0.417027 9.9982E-05 9.9982E-05
0.815584 0.167008 0.0173079 9.9991E-05
0.730809 0.197895 0.0597233 0.0115724
0.691432 0.186893 0.0902859 0.0313892
0.820741 0.179059 9.9982E-05 9.9982E-05
0.824855 0.0653884 0.0821277 0.0276285
0.82141 0.0952719 0.0608015 0.0225166
0.619142 0.207434 0.129442 0.0439829
0.815101 0.0756374 0.109162 9.9991E-05
0.850928 0.0560568 0.0929148 9.9991E-05
0.832577 0.10532 0.0620037 9.9991E-05
0.864809 0.0706753 0.0644153 9.9991E-05
0.815469 0.108695 0.0757358 9.9991E-05
0.799144 0.163487 0.0372691 9.9991E-05
0.661292 0.268449 0.0566878 0.013571
0.778877 0.172768 0.0482547 9.9991E-05
0.821223 0.105862 0.0728151 9.9991E-05
0.859316 0.11262 0.0279637 9.9991E-05
0.837782 0.146543 9.9991E-05 0.015575
0.781606 0.137948 0.0178028 0.0626431
0.706923 0.115105 0.141271 0.0367016
0.758582 0.162776 0.0785425 9.9991E-05
0.861337 0.103378 0.0183335 0.0169518
0.808652 0.128731 0.062517 9.9991E-05
0.802492 0.180066 0.00578007 0.0116612
0.89872 0.089587 0.0115933 9.9991E-05
0.865664 0.0979221 0.0363136 9.9991E-05
0.809816 0.0989324 0.0686635 0.0225879
0.926464 0.0013037 0.0507329 0.0214995
0.893846 0.105954 9.9982E-05 9.9982E-05
0.845576 0.0441175 0.110207 9.9991E-05
0.882491 0.0304559 0.0187174 0.068336
0.897766 0.0355124 0.0589204 0.00780079
0.817386 0.142135 0.0403794 9.9991E-05
0.890212 0.0366523 0.0730355 9.9991E-05
0.709103 0.145966 0.0941613 0.0507701
0.869303 0.00947755 0.094053 0.0271669
0.814546 0.159404 0.02595 9.9991E-05
0.859424 0.134996 0.00547968 9.9991E-05
0.87566 0.0925375 0.0263352 0.00546746
0.954675 0.0424629 0.00276211 9.9991E-05
0.869331 0.00891538 0.0925798 0.0291742
0.749773 0.0718559 0.0289117 0.149459
0.834069 9.9991E-05 0.0425834 0.123247
0.816661 9.9991E-05 0.0323039 0.150935
0.863103 0.0194985 0.0658728 0.0515259
0.778236 9.9991E-05 0.0784677 0.143196
0.793251 9.9991E-05 0.0700202 0.136629
0.783855 0.0636924 0.0144261 0.138026
0.711689 0.0614896 0.0491358 0.177685
0.683199 0.0515484 0.108409 0.156844
0.672793 0.114291 0.116275 0.0966402
0.799418 0.0669829 0.00827058 0.125329
0.750131 0.0169879 0.0701186 0.162762
0.782359 0.0119802 0.090501 0.11516
0.709147 0.0809055 0.108031 0.101917
0.691194 0.0732907 0.0899936 0.145522
0.728407 0.0354597 0.0455166 0.190616
9.998E-05 9.998E-05 9.998E-05 0.9997
0.00897255 0.0338742 0.00398216 0.953171
0.0584328 0.0428501 0.0147474 0.88397
9.998E-05 9.998E-05 9.998E-05 0.9997
9.998E-05 9.998E-05 9.998E-05 0.9997
9.998E-05 9.998E-05 9.998E-05 0.9997
9.998E-05 9.998E-05 9.998E-05 0.9997
0.0350624 0.0238465 9.9991E-05 0.940991
9.998E-05 9.998E-05 9.998E-05 0.9997
9.998E-05 9.998E-05 9.998E-05 0.9997
0.821242 9.9991E-05 0.0575638 0.121094
0.0516471 9.9991E-05 0.0189496 0.929303
9.998E-05 9.998E-05 9.998E-05 0.9997
9.998E-05 9.998E-05 9.998E-05 0.9997
0.904894 9.9991E-05 0.031999 0.0630066
0.811507 9.9991E-05 0.0621796 0.126213
0.82375 9.9991E-05 0.0516502 0.1245
0.756242 9.9991E-05 0.0637953 0.179862
0.853925 9.9982E-05 9.9982E-05 0.145875
0.879226 9.9982E-05 9.9982E-05 0.120574
0.775315 9.9991E-05 0.0278877 0.196697
0.851762 9.9991E-05 0.000464607 0.147673
0.682678 9.9991E-05 0.1092 0.208022
0.720428 9.9991E-05 0.0784069 0.201065
0.843963 9.9991E-05 0.0356341 0.120303
0.722508 9.9991E-05 0.0728859 0.204506
0.77707 0.00858501 0.108706 0.105639
0.798506 9.9991E-05 0.0367287 0.164665
0.972042 9.9982E-05 9.9982E-05 0.0277585
0.942348 9.9982E-05 9.9982E-05 0.0574524
0.999041 9.9982E-05 9.9982E-05 0.000758945
0.9997 9.998E-05 9.998E-05 9.998E-05
0.951098 9.9982E-05 9.9982E-05 0.0487016
0.956536 9.9982E-05 9.9982E-05 0.0432641
0.940942 9.9982E-05 9.9982E-05 0.0588578
0.973372 9.9982E-05 9.9982E-05 0.0264284
0.986447 9.9982E-05 0.0133532 9.9982E-05
0.957908 9.9982E-05 9.9982E-05 0.0418922
0.876174 9.9991E-05 0.0226431 0.101083
0.982218 9.9991E-05 0.00373273 0.0139488
0.910647 9.9991E-05 0.0554549 0.0337976
9.998E-05 9.998E-05 0.9997 9.998E-05
0.723549 9.9991E-05 0.0919574 0.184394
9.998E-05 9.998E-05 0.9997 9.998E-05
9.998E-05 9.998E-05 0.9997 9.998E-05
9.9991E-05 0.0221525 0.945262 0.032485
0.213869 0.00227751 0.766159 0.0176943
9.998E-05 9.998E-05 0.9997 9.998E-05
0.132182 9.9982E-05 0.867619 9.9982E-05
9.9982E-05 9.9982E-05 0.95667 0.0431298
0.0322981 9.9982E-05 0.967502 9.9982E-05
9.998E-05 9.998E-05 0.9997 9.998E-05
0.0177843 9.9991E-05 0.975475 0.00664119
0.0320155 9.9982E-05 0.967785 9.9982E-05
0.17967 9.9991E-05 0.78364 0.036591
0.054471 9.99906E-05 0.945329 9.99906E-05
0.165821 9.9991E-05 0.828361 0.0057182
0.183136 9.9982E-05 0.816664 9.9982E-05
0.0711476 0.0176605 0.898972 0.0122195
0.0517468 9.99822E-05 0.948053 9.99822E-05
0.834782 0.0174936 0.0455893 0.102135
0.847502 0.0351564 0.0585457 0.058796
0.801415 0.0628813 0.0279878 0.107716
0.833219 0.0332833 0.0533924 0.0801054
0.757211 9.9991E-05 0.025444 0.217245
0.7697 9.9991E-05 0.0124223 0.217778
0.782974 9.9991E-05 0.0344403 0.182485
0.772455 9.9991E-05 0.0254537 0.201991
0.798321 9.9991E-05 0.0424581 0.159121
0.775102 9.9991E-05 0.0432036 0.181594
0.793761 9.9991E-05 0.0075936 0.198545
0.747601 0.0184692 0.109104 0.124827
0.805427 0.00534848 0.0397209 0.149504
0.9997 9.998E-05 9.998E-05 9.998E-05
0.9997 9.998E-05 9.998E-05 9.998E-05
0.9997 9.998E-05 9.998E-05 9.998E-05
0.9997 9.998E-05 9.998E-05 9.998E-05
0.9997 9.998E-05 9.998E-05 9.998E-05
0.980717 0.0190826 9.9982E-05 9.9982E-05
0.9997 9.998E-05 9.998E-05 9.998E-05
0.9997 9.998E-05 9.998E-05 9.998E-05
0.9997 9.998E-05 9.998E-05 9.998E-05
0.9997 9.998E-05 9.998E-05 9.998E-05
0.9997 9.998E-05 9.998E-05 9.998E-05
0.9997 9.998E-05 9.998E-05 9.998E-05
