9.998E-05 9.998E-05 9.998E-05 0.9997
0.15868 0.0324317 9.9991E-05 0.808788
0.0676815 9.9991E-05 0.0068023 0.925416
0.090001 0.256574 0.100046 0.553379
0.0855667 9.9991E-05 0.089404 0.824929
9.9982E-05 0.0299111 9.9982E-05 0.969889
0.0152391 9.9991E-05 0.0466217 0.938039
9.999E-05 0.0227054 0.0998081 0.877386
9.9982E-05 9.9982E-05 0.337399 0.662401
0.318627 9.9991E-05 0.114722 0.566551
9.998E-05 0.9997 9.998E-05 9.998E-05
0.0495656 0.950234 9.9982E-05 9.9982E-05
9.9982E-05 0.766022 9.9982E-05 0.233778
0.0522326 0.700613 0.146103 0.101051
0.102674 0.832905 9.9991E-05 0.0643203
9.9982E-05 0.981181 9.9982E-05 0.0186191
9.998E-05 0.9997 9.998E-05 9.998E-05
0.0612744 0.722749 0.215877 9.9991E-05
0.0138467 0.82811 0.157943 9.9991E-05
9.9991E-05 0.937544 0.0325316 0.0298244
0.121576 0.734968 0.0366081 0.106848
0.00624822 0.651424 0.0783208 0.264007
9.9982E-05 0.95046 9.9982E-05 0.0493396
0.0872584 0.897991 9.9991E-05 0.0146509
0.200965 0.798835 9.9982E-05 9.9982E-05
0.21318 0.542356 0.152595 0.0918688
0.0356985 0.549213 0.414989 9.9991E-05
0.314849 0.515064 0.104861 0.0652261
0.238482 0.499988 0.13721 0.12432
0.293982 0.680601 0.0253164 9.9991E-05
0.0831487 9.9991E-05 0.890919 0.0258326
0.0845494 0.0556272 0.70207 0.157753
0.0379007 0.100539 0.861461 9.9991E-05
9.9982E-05 0.0694662 0.930334 9.9982E-05
0.00113675 0.423299 0.575464 9.9991E-05
9.9991E-05 0.0148172 0.912645 0.0724381
9.9991E-05 0.127473 0.631061 0.241366
9.9982E-05 0.213276 0.786524 9.9982E-05
9.9982E-05 0.0842398 0.91556 9.9982E-05
0.242909 0.147989 0.581136 0.0279654
9.9982E-05 9.9982E-05 0.939131 0.0606688
0.24733 0.141451 0.491279 0.11994
0.0920433 0.13871 0.754631 0.0146151
0.0732341 0.160753 0.765913 9.9991E-05
0.0910818 0.0724725 0.836346 9.9991E-05
0.00864285 0.0667783 0.902677 0.021902
0.251907 0.0138003 0.723176 0.0111162
0.0650577 9.9982E-05 0.934742 9.9982E-05
0.0335917 0.0848489 0.723404 0.158156
0.189185 9.9991E-05 0.706747 0.103968
0.095742 9.9982E-05 0.904058 9.9982E-05
9.9982E-05 9.9982E-05 0.966607 0.0331934
0.319687 0.0113271 0.668886 9.9991E-05
0.0539494 9.9982E-05 0.945851 9.9982E-05
9.998E-05 9.998E-05 0.9997 9.998E-05
0.361017 9.9991E-05 0.56621 0.0726728
0.768168 0.00867407 0.158038 0.0651197
0.456377 0.120855 0.422668 9.9991E-05
0.730853 9.9991E-05 0.191331 0.0777156
0.63277 0.0150064 0.190249 0.161974
0.60876 0.025155 0.365985 9.9991E-05
0.7261 9.9991E-05 0.229783 0.0440177
0.714126 0.0100155 0.214445 0.0614135
0.9997 9.998E-05 9.998E-05 9.998E-05
0.88321 0.00325239 0.113438 9.9991E-05
0.890724 9.9982E-05 0.109076 9.9982E-05
0.940455 0.00236734 0.0570772 9.9991E-05
0.924455 0.0298908 0.0455547 9.9991E-05
0.970337 9.9982E-05 0.029463 9.9982E-05
0.940866 9.9982E-05 0.0589338 9.9982E-05
0.877798 9.9982E-05 0.122002 9.9982E-05
0.545782 9.9991E-05 0.345336 0.108782
0.921042 9.9991E-05 0.0604585 0.0183997
0.668035 0.00435703 0.301946 0.0256619
0.979619 0.0201814 9.9982E-05 9.9982E-05
0.9997 9.998E-05 9.998E-05 9.998E-05
0.575926 0.0857503 0.319958 0.0183663
