0.9997 9.998E-05 9.998E-05 9.998E-05
0.546245 0.241768 0.105994 0.105992
0.578462 0.122311 0.147231 0.151996
0.568953 0.412414 9.9991E-05 0.0185333
0.398815 0.567621 0.0334641 9.9991E-05
0.496153 0.427635 0.00794175 0.06827
0.642413 0.287664 9.9991E-05 0.069823
0.544422 0.325136 0.00890823 0.121534
0.501762 0.419478 0.00350568 0.0752548
0.9997 9.998E-05 9.998E-05 9.998E-05
0.9997 9.998E-05 9.998E-05 9.998E-05
0.9997 9.998E-05 9.998E-05 9.998E-05
0.9997 9.998E-05 9.998E-05 9.998E-05
0.9997 9.998E-05 9.998E-05 9.998E-05
0.9997 9.998E-05 9.998E-05 9.998E-05
0.401544 0.533757 9.9991E-05 0.0645985
0.381944 0.489068 0.00147277 0.127515
0.528781 0.422293 0.029233 0.0196928
0.275222 0.724578 9.9982E-05 9.9982E-05
0.256771 0.733777 9.9991E-05 0.00935219
0.413975 0.585825 9.9982E-05 9.9982E-05
0.270995 0.648035 0.0140686 0.0669016
0.293829 0.660071 0.0154906 0.0306095
0.358245 0.610007 0.000519455 0.0312278
0.304635 0.695165 9.9982E-05 9.9982E-05
0.197878 0.801922 9.9982E-05 9.9982E-05
0.243652 0.662286 9.9991E-05 0.0939619
0.322491 0.609847 9.9991E-05 0.0675617
0.310755 0.67187 9.9991E-05 0.0172752
0.421692 0.578108 9.9982E-05 9.9982E-05
0.390269 0.609531 9.9982E-05 9.9982E-05
0.263145 0.736655 9.9982E-05 9.9982E-05
0.259198 0.680623 9.9991E-05 0.0600792
0.269948 0.640828 9.9991E-05 0.0891241
0.25927 0.711821 9.9991E-05 0.0288093
0.416203 0.583597 9.9982E-05 9.9982E-05
0.1768 0.803137 9.9991E-05 0.0199635
0.197773 0.76654 9.9991E-05 0.0355866
0.18486 0.726025 0.0199055 0.0692097
0.213911 0.775116 0.0108727 9.9991E-05
0.076405 0.797167 0.0346927 0.0917349
0.0747023 0.785152 0.00213692 0.138009
0.208973 0.583675 0.0372995 0.170053
0.081602 0.812247 0.00585728 0.100294
0.0485176 0.833379 9.9991E-05 0.118004
0.0596384 0.885884 9.9991E-05 0.0543779
0.0773253 0.86921 9.9991E-05 0.0533649
0.118393 0.769256 9.9991E-05 0.112251
0.18276 0.773902 9.9991E-05 0.043238
0.239683 0.690233 0.0402572 0.0298273
0.165138 0.778172 0.00250733 0.0541828
0.0989657 0.836346 9.9991E-05 0.0645885
0.0916942 0.802194 9.9991E-05 0.106012
0.129261 0.790102 0.0463479 0.0342886
0.121996 0.771188 0.0683038 0.038512
0.0877455 0.748836 0.0151374 0.148281
0.177595 0.779569 9.9991E-05 0.0427359
0.0884873 0.866254 0.0188674 0.0263911
0.0945985 0.822198 9.9991E-05 0.0831037
0.122279 0.847599 9.9991E-05 0.0300216
0.109255 0.868512 9.9991E-05 0.0221331
0.105695 0.85051 0.0436952 9.9991E-05
0.0520495 0.804852 0.0390708 0.104027
0.000172874 0.901308 0.015593 0.0829263
0.104802 0.894998 9.9982E-05 9.9982E-05
0.0734973 0.810419 9.9991E-05 0.115984
0.0324554 0.894559 0.0545806 0.0184048
0.0610146 0.79731 0.0456116 0.0960638
0.135253 0.778327 0.0276186 0.0588014
0.0547954 0.803695 0.0333294 0.108181
0.168101 0.652851 0.0466187 0.132429
0.0121535 0.85999 0.0341404 0.0937159
0.16746 0.791444 9.9991E-05 0.0409962
0.123942 0.858602 9.9991E-05 0.0173562
0.0905263 0.815621 9.9991E-05 0.0937531
0.0688763 0.930924 9.9982E-05 9.9982E-05
0.002753 0.867881 0.0637541 0.065612
0.0735437 0.749383 0.120461 0.056612
0.00495135 0.841462 0.0988567 0.0547301
9.9991E-05 0.8572 0.11676 0.0259398
0.0266046 0.847942 0.0637222 0.0617312
9.9991E-05 0.800159 0.159566 0.0401756
9.9991E-05 0.831016 0.117896 0.0509885
0.0855623 0.780542 0.133795 9.9991E-05
0.0798792 0.690079 0.161632 0.0684096
0.0446117 0.695462 0.147077 0.11285
0.117481 0.724799 0.0805012 0.0772189
0.0468905 0.841285 0.0966977 0.0151268
0.0374409 0.824356 0.134365 0.00383856
0.0183372 0.774324 0.0975355 0.109803
0.0652352 0.680437 0.146914 0.107414
0.0870148 0.725963 0.110528 0.0764944
0.0400545 0.724533 0.16987 0.0655426
9.998E-05 9.998E-05 0.9997 9.998E-05
0.00958178 0.0345777 0.940792 0.0150489
0.0205522 0.0760331 0.903315 9.9991E-05
9.998E-05 9.998E-05 0.9997 9.998E-05
9.998E-05 9.998E-05 0.9997 9.998E-05
9.998E-05 9.998E-05 0.9997 9.998E-05
9.998E-05 9.998E-05 0.9997 9.998E-05
0.0326956 0.0192251 0.947979 9.9991E-05
9.998E-05 9.998E-05 0.9997 9.998E-05
9.998E-05 9.998E-05 0.9997 9.998E-05
9.9991E-05 0.770101 0.125113 0.104686
9.9982E-05 0.0700895 0.929711 9.9982E-05
9.998E-05 9.998E-05 0.9997 9.998E-05
9.998E-05 9.998E-05 0.9997 9.998E-05
9.9991E-05 0.848796 0.113685 0.0374188
9.9991E-05 0.84359 0.113229 0.043081
0.0111529 0.846206 0.120918 0.0217226
9.9991E-05 0.827528 0.141086 0.031285
9.9991E-05 0.81348 0.132665 0.0537552
9.9982E-05 0.888992 0.110809 9.9982E-05
9.9991E-05 0.836398 0.133989 0.0295137
9.9991E-05 0.862739 0.135533 0.00162784
9.9991E-05 0.701525 0.221324 0.0770505
9.9991E-05 0.724024 0.212272 0.0636038
0.00209451 0.859418 0.101116 0.0373718
9.9991E-05 0.736968 0.194651 0.0682812
9.9991E-05 0.861716 0.086103 0.0520813
9.9991E-05 0.822118 0.12165 0.0561329
9.9982E-05 0.969622 0.0301777 9.9982E-05
9.9991E-05 0.922844 0.0742866 0.00276982
9.9982E-05 0.983893 0.0159073 9.9982E-05
9.9982E-05 0.990366 0.00943401 9.9982E-05
9.9982E-05 0.966073 0.0337272 9.9982E-05
9.9982E-05 0.959687 0.0401131 9.9982E-05
9.9982E-05 0.977568 0.0222322 9.9982E-05
9.9982E-05 0.940622 0.0591781 9.9982E-05
9.998E-05 0.9997 9.998E-05 9.998E-05
9.9982E-05 0.986647 0.0131526 9.9982E-05
9.9991E-05 0.909877 0.0767057 0.0133174
9.9982E-05 0.981812 0.0179879 9.9982E-05
9.9991E-05 0.864664 0.0560381 0.0791982
9.998E-05 9.998E-05 9.998E-05 0.9997
9.9991E-05 0.696929 0.201165 0.101806
9.998E-05 9.998E-05 9.998E-05 0.9997
9.998E-05 9.998E-05 9.998E-05 0.9997
9.9982E-05 9.9982E-05 0.0595252 0.940275
0.0129113 0.14738 0.0408412 0.798868
9.998E-05 9.998E-05 9.998E-05 0.9997
9.9982E-05 0.123529 9.9982E-05 0.876271
9.9991E-05 0.0133183 0.0147922 0.97179
9.9991E-05 0.0380609 0.00474821 0.957091
9.998E-05 9.998E-05 9.998E-05 0.9997
9.9982E-05 0.0509987 9.9982E-05 0.948801
9.9982E-05 9.9982E-05 0.0381571 0.961643
9.9991E-05 0.156567 0.0304357 0.812898
0.0190037 0.0539891 9.9991E-05 0.926907
0.00239006 0.098591 0.0212216 0.877797
9.9991E-05 0.13508 0.0327446 0.832075
0.0314911 0.0890964 9.9991E-05 0.879313
9.9991E-05 0.0211179 0.000243208 0.978539
0.0274212 0.861339 0.0733266 0.0379137
0.0284579 0.837213 0.0861567 0.0481727
0.0153988 0.809274 0.115481 0.0598463
0.0417312 0.862226 0.0632357 0.0328068
9.9991E-05 0.785649 0.152862 0.0613886
9.9991E-05 0.771041 0.207222 0.0216375
9.9991E-05 0.770388 0.172199 0.0573125
9.9991E-05 0.749188 0.207264 0.0434481
9.9991E-05 0.781022 0.2012 0.0176778
9.9991E-05 0.788571 0.187543 0.0237862
9.9991E-05 0.761065 0.202462 0.0363725
0.0279271 0.729936 0.137546 0.104591
0.00064578 0.802452 0.153778 0.0431249
9.998E-05 0.9997 9.998E-05 9.998E-05
9.998E-05 0.9997 9.998E-05 9.998E-05
9.998E-05 0.9997 9.998E-05 9.998E-05
9.998E-05 0.9997 9.998E-05 9.998E-05
9.998E-05 0.9997 9.998E-05 9.998E-05
9.998E-05 0.9997 9.998E-05 9.998E-05
9.998E-05 0.9997 9.998E-05 9.998E-05
9.998E-05 0.9997 9.998E-05 9.998E-05
9.998E-05 0.9997 9.998E-05 9.998E-05
9.998E-05 0.9997 9.998E-05 9.998E-05
9.998E-05 0.9997 9.998E-05 9.998E-05
9.998E-05 0.9997 9.998E-05 9.998E-05
