9.995E-05 9.995E-05 9.995E-05 9.995E-05 9.995E-05 0.9994 9.995E-05
0.0633592 9.9973E-05 0.477725 9.9973E-05 9.9973E-05 0.357336 0.10128
0.0809164 9.9973E-05 0.48027 9.9973E-05 9.9973E-05 0.36577 0.0727432
9.99551E-05 9.99551E-05 0.740972 9.99551E-05 9.99551E-05 0.258528 9.99551E-05
9.9973E-05 0.0208026 0.758801 9.9973E-05 0.0271656 0.192931 9.9973E-05
0.0242812 9.9964E-05 0.737504 9.9964E-05 9.9964E-05 0.237815 9.9964E-05
9.9955E-05 9.9955E-05 0.657784 9.9955E-05 9.9955E-05 0.341716 9.9955E-05
0.0665357 9.9973E-05 0.592128 9.9973E-05 9.9973E-05 0.338175 0.00286157
0.0332841 9.9973E-05 0.69526 9.9973E-05 9.9973E-05 0.26584 0.00531589
9.995E-05 9.995E-05 9.995E-05 9.995E-05 9.995E-05 0.9994 9.995E-05
9.995E-05 9.995E-05 9.995E-05 9.995E-05 9.995E-05 0.9994 9.995E-05
9.995E-05 9.995E-05 9.995E-05 9.995E-05 9.995E-05 0.9994 9.995E-05
9.995E-05 9.995E-05 9.995E-05 9.995E-05 9.995E-05 0.9994 9.995E-05
0.00519848 0.0004779 0.0486699 9.9982E-05 0.0254228 0.920031 9.9982E-05
9.9964E-05 9.9964E-05 9.9964E-05 0.0353773 9.9964E-05 0.960449 0.00377342
0.0265757 0.00375931 0.764769 9.9973E-05 9.9973E-05 0.204596 9.9973E-05
0.0828818 0.0452464 0.516057 9.9991E-05 0.0599286 0.260577 0.0352088
9.99551E-05 9.99551E-05 0.769697 9.99551E-05 9.99551E-05 0.229803 9.99551E-05
9.99641E-05 9.99641E-05 0.982486 9.99641E-05 0.004685 0.0124295 9.99641E-05
9.99551E-05 9.99551E-05 0.974039 9.99551E-05 0.0254611 9.99551E-05 9.99551E-05
9.9973E-05 0.023434 0.830721 9.9973E-05 9.9973E-05 0.143198 0.00234712
0.0328224 9.9982E-05 0.813832 9.9982E-05 0.104395 0.0480777 0.000673103
9.9964E-05 9.9964E-05 0.916812 9.9964E-05 0.0260952 0.0566928 9.9964E-05
9.9955E-05 9.9955E-05 0.918583 9.9955E-05 9.9955E-05 0.0809168 9.9955E-05
9.99551E-05 9.99551E-05 0.968222 9.99551E-05 9.99551E-05 0.0312783 9.99551E-05
0.00723781 0.0226075 0.877801 0.0414615 0.0292725 0.0215196 9.9991E-05
0.0439225 0.0464303 0.837539 9.9982E-05 0.0333765 0.0385318 9.9982E-05
9.99551E-05 9.99551E-05 0.963766 9.99551E-05 9.99551E-05 0.0357339 9.99551E-05
9.9973E-05 0.00870005 0.864036 9.9973E-05 0.0278566 0.0991069 9.9973E-05
9.9955E-05 9.9955E-05 0.892017 9.9955E-05 9.9955E-05 0.107483 9.9955E-05
9.99641E-05 9.99641E-05 0.835887 9.99641E-05 0.0210034 0.14271 9.99641E-05
9.9982E-05 0.0267661 0.918945 0.0017736 0.00999277 0.0423225 9.9982E-05
0.0208463 0.0058718 0.907133 9.9991E-05 0.0311965 0.0315194 0.00333358
0.0803224 0.0277961 0.708026 0.0876528 9.9982E-05 0.0960027 9.9982E-05
9.9964E-05 9.9964E-05 0.85228 9.9964E-05 0.109076 0.0382443 9.9964E-05
9.9955E-05 9.9955E-05 0.871146 9.9955E-05 9.9955E-05 0.128354 9.9955E-05
9.9955E-05 9.9955E-05 0.975965 9.9955E-05 0.0235348 9.9955E-05 9.9955E-05
0.00790777 0.0537434 0.844315 0.0164948 0.0645061 0.0129329 9.9997E-05
0.0648212 0.0975898 0.697468 9.9991E-05 0.0397622 0.046409 0.0538504
9.9991E-05 0.0139513 0.824036 0.0470786 0.0456703 0.0226196 0.0465443
0.0660863 0.0352184 0.689524 0.105184 9.9982E-05 9.9982E-05 0.103787
0.075912 0.0696444 0.677712 0.0931874 0.0550669 0.00053547 0.0279416
0.103838 9.9982E-05 0.678293 0.119822 9.9982E-05 0.0427375 0.0551095
0.0300172 0.0524376 0.781828 0.108707 9.9982E-05 9.9982E-05 0.0268102
0.0594191 0.08657 0.804859 0.0488524 9.9973E-05 9.9973E-05 9.9973E-05
0.0432344 0.0374081 0.918958 9.9964E-05 9.9964E-05 9.9964E-05 9.9964E-05
0.0603253 0.0568372 0.833077 0.0494605 9.9973E-05 9.9973E-05 9.9973E-05
0.050267 0.0616408 0.864653 0.0086488 0.01459 9.9982E-05 9.9982E-05
0.0812807 0.0893817 0.690599 0.0644954 0.023126 0.0510173 9.9991E-05
0.0423961 0.0134913 0.717691 0.0479686 9.9991E-05 0.127663 0.0506892
0.0723081 0.0371495 0.825096 0.0258922 9.9991E-05 0.010306 0.0291477
0.089934 0.0522854 0.775868 0.0649811 0.0167312 9.9982E-05 9.9982E-05
0.0265534 0.0712133 0.883443 0.01849 9.9973E-05 9.9973E-05 9.9973E-05
0.0123453 0.0839876 0.672253 0.0938483 0.090892 0.0264237 0.0202505
0.0252839 0.0269166 0.698821 0.105315 0.0460781 0.0427175 0.0548672
0.135253 9.9973E-05 0.765312 0.0852096 9.9973E-05 9.9973E-05 0.0139256
0.0414918 0.0663403 0.673847 0.0894146 0.0392259 0.0865978 0.00308214
0.00573888 0.10628 0.773575 0.0709842 0.0214179 9.9991E-05 0.0219044
0.0465868 0.0435036 0.90951 9.9964E-05 9.9964E-05 9.9964E-05 9.9964E-05
0.0326722 0.116751 0.76064 0.0310635 0.00546634 0.0327262 0.0206798
0.0116663 0.13815 0.736494 0.0842049 0.0292845 9.9982E-05 9.9982E-05
9.9982E-05 0.0078417 0.751135 0.177427 9.9982E-05 0.00356856 0.0598279
0.0763131 0.0836943 0.667769 0.115577 0.0310509 9.9991E-05 0.0254956
0.080509 0.0304264 0.642208 0.0946331 0.145278 9.9991E-05 0.00684601
9.9973E-05 0.0572405 0.786779 0.121517 9.9973E-05 9.9973E-05 0.0341642
0.0923574 0.00813301 0.680907 0.072981 0.124933 9.9991E-05 0.0205882
0.0360079 0.0300328 0.720408 0.105079 9.9982E-05 9.9982E-05 0.108273
0.0630415 9.9991E-05 0.566948 0.109953 0.185508 0.00503408 0.0694157
0.0367627 0.0735164 0.842272 0.0447761 9.9982E-05 9.9982E-05 0.00247258
0.0866189 9.9982E-05 0.631904 0.157174 0.112414 9.9982E-05 0.0116892
0.0688965 9.9982E-05 0.739486 0.0687173 9.9982E-05 0.0196854 0.103015
0.0442928 0.0435304 0.653571 0.125923 0.0603685 9.9991E-05 0.0722148
0.0289773 0.0487533 0.764354 0.0778042 0.0322902 0.0391178 0.00870352
0.0382181 0.119291 0.766299 0.0441312 0.0118183 0.00657724 0.0136658
0.0855472 0.0386187 0.604187 0.193318 0.0435931 0.0252459 0.00949024
0.0386569 0.0957984 0.699212 0.0745902 0.0532679 9.9991E-05 0.0383743
0.0932549 0.0204341 0.771391 0.0410546 0.0151392 9.9991E-05 0.0586259
0.0649588 9.9991E-05 0.585801 0.109143 0.111472 0.00702163 0.121504
0.0927612 0.0503029 0.45757 0.218077 0.103812 9.9991E-05 0.0773768
0.0388045 0.0722045 0.426123 0.195743 0.135806 9.9991E-05 0.131219
0.0743469 0.0928862 0.453295 0.210705 0.10385 9.9991E-05 0.0648169
0.0579755 0.0515619 0.41469 0.176564 0.146871 9.9991E-05 0.152237
0.10723 0.0464287 0.519083 0.148592 0.0655822 9.9991E-05 0.112984
0.0502483 0.0313311 0.554075 0.15104 9.9982E-05 9.9982E-05 0.213106
0.0296026 0.0623558 0.480576 0.139067 0.0810363 0.0187933 0.188569
0.135512 0.0430289 0.448301 0.11709 0.0691174 9.9991E-05 0.18685
0.0603716 0.0934395 0.58292 0.143305 0.00259328 0.0418834 0.0754872
0.00653689 0.0939882 0.52059 0.191255 9.9982E-05 9.9982E-05 0.18743
0.0799072 0.0347743 0.454941 0.163803 0.112105 0.020536 0.133933
0.0874734 0.13192 0.458431 0.187185 0.0238565 9.9991E-05 0.111035
0.062447 9.9991E-05 0.508947 0.0734568 0.21047 0.0280683 0.116511
0.0736745 9.9991E-05 0.480572 0.117522 0.188924 0.0276841 0.111524
0.123927 0.194251 0.336817 0.114299 9.9991E-05 0.0162924 0.214314
9.995E-05 9.995E-05 9.995E-05 9.995E-05 9.995E-05 9.995E-05 0.9994
0.0252434 9.9964E-05 9.9964E-05 9.9964E-05 9.9964E-05 0.0237813 0.950575
0.00109602 0.00285326 0.0816507 9.9982E-05 0.0812503 9.9982E-05 0.83295
9.995E-05 9.995E-05 9.995E-05 9.995E-05 9.995E-05 9.995E-05 0.9994
9.995E-05 9.995E-05 9.995E-05 9.995E-05 9.995E-05 9.995E-05 0.9994
9.9955E-05 9.9955E-05 9.9955E-05 9.9955E-05 0.00630279 9.9955E-05 0.993197
9.995E-05 9.995E-05 9.995E-05 9.995E-05 9.995E-05 9.995E-05 0.9994
0.00451554 0.0284177 0.0782429 9.9973E-05 9.9973E-05 9.9973E-05 0.888524
9.995E-05 9.995E-05 9.995E-05 9.995E-05 9.995E-05 9.995E-05 0.9994
9.995E-05 9.995E-05 9.995E-05 9.995E-05 9.995E-05 9.995E-05 0.9994
0.0677985 0.102948 0.298741 0.333436 0.102628 9.9991E-05 0.0943498
9.9982E-05 0.048591 0.0124967 0.013996 0.0218769 9.9982E-05 0.902839
9.995E-05 9.995E-05 9.995E-05 9.995E-05 9.995E-05 9.995E-05 0.9994
9.9973E-05 0.0133592 9.9973E-05 9.9973E-05 0.0140989 0.0172875 0.954954
0.0308484 0.1336 0.262456 0.29339 0.144667 9.9991E-05 0.134939
0.0692822 0.0879429 0.369722 0.255888 0.069638 9.9991E-05 0.147427
0.0837032 0.111048 0.292982 0.257927 0.172138 9.9991E-05 0.0821018
0.0654641 0.0982919 0.293449 0.278337 0.0884703 9.9991E-05 0.175887
0.0425308 0.0839957 0.298837 0.290151 0.134124 9.9991E-05 0.150261
9.9982E-05 0.0511339 0.454274 0.207523 0.218678 9.9982E-05 0.0681912
0.0635831 0.0865418 0.334533 0.227266 0.145157 9.9991E-05 0.14282
0.0519772 0.0692297 0.330003 0.276026 0.128559 9.9991E-05 0.144105
0.0896512 0.0791548 0.258801 0.211833 0.140838 9.9991E-05 0.219622
0.0679821 0.0496289 0.279923 0.221858 0.17025 9.9991E-05 0.210257
0.0962072 0.0929577 0.393823 0.17117 0.104237 9.9991E-05 0.141504
0.041541 0.1006 0.316908 0.141644 0.151697 9.9991E-05 0.24751
0.0845218 0.0939971 0.319975 0.242988 0.151957 9.9991E-05 0.106461
0.0564642 0.0801367 0.352469 0.267027 0.080734 9.9991E-05 0.163069
0.0173745 0.00118718 9.9973E-05 0.95799 0.0231479 9.9973E-05 9.9973E-05
9.9982E-05 0.055533 9.9982E-05 0.890587 0.0349312 0.0184994 0.00024983
9.995E-05 9.995E-05 9.995E-05 0.9994 9.995E-05 9.995E-05 9.995E-05
9.995E-05 9.995E-05 9.995E-05 0.9994 9.995E-05 9.995E-05 9.995E-05
9.995E-05 9.995E-05 9.995E-05 0.9994 9.995E-05 9.995E-05 9.995E-05
9.995E-05 9.995E-05 9.995E-05 0.9994 9.995E-05 9.995E-05 9.995E-05
9.995E-05 9.995E-05 9.995E-05 0.9994 9.995E-05 9.995E-05 9.995E-05
9.9973E-05 9.9973E-05 0.0961396 0.791859 0.0977746 0.0139273 9.9973E-05
0.0080976 9.9955E-05 9.9955E-05 0.991403 9.9955E-05 9.9955E-05 9.9955E-05
9.995E-05 9.995E-05 9.995E-05 0.9994 9.995E-05 9.995E-05 9.995E-05
9.9964E-05 9.9964E-05 9.9964E-05 0.902853 0.0835167 9.9964E-05 0.0132309
9.9964E-05 0.00696468 9.9964E-05 0.979785 9.9964E-05 9.9964E-05 0.0128508
0.0937273 0.0200784 0.0462652 0.766338 0.0597594 0.0071664 0.006665
0.9994 9.995E-05 9.995E-05 9.995E-05 9.995E-05 9.995E-05 9.995E-05
0.0862008 0.106747 0.31191 0.200832 0.105019 9.9991E-05 0.189191
0.9994 9.995E-05 9.995E-05 9.995E-05 9.995E-05 9.995E-05 9.995E-05
0.9994 9.995E-05 9.995E-05 9.995E-05 9.995E-05 9.995E-05 9.995E-05
0.923016 9.9973E-05 9.9973E-05 9.9973E-05 0.0664686 0.003187 0.00702838
0.751454 0.0557587 0.12701 0.0452016 9.9982E-05 9.9982E-05 0.0203761
0.9994 9.995E-05 9.995E-05 9.995E-05 9.995E-05 9.995E-05 9.995E-05
0.853863 9.9964E-05 0.0892597 9.9964E-05 0.0564775 9.9964E-05 9.9964E-05
0.979948 9.9955E-05 0.0195527 9.9955E-05 9.9955E-05 9.9955E-05 9.9955E-05
0.957403 9.9964E-05 9.9964E-05 0.0214186 9.9964E-05 9.9964E-05 0.0207781
0.9994 9.995E-05 9.995E-05 9.995E-05 9.995E-05 9.995E-05 9.995E-05
0.963379 0.00417192 9.9964E-05 0.032049 9.9964E-05 9.9964E-05 9.9964E-05
0.929927 0.000783032 9.9991E-05 0.0177593 0.00641101 0.00866156 0.036358
0.828887 0.0619607 9.9982E-05 0.0290352 0.00049022 9.9982E-05 0.0794268
0.978519 0.00660438 9.9982E-05 9.9982E-05 0.00379873 0.00991901 0.000958835
0.872825 0.0103712 0.0049608 0.0669432 0.0314847 9.9991E-05 0.0133146
0.868617 0.0562639 0.043538 9.9973E-05 0.031281 9.9973E-05 9.9973E-05
0.885668 0.0441386 0.0391738 9.9982E-05 0.010014 0.020806 9.9982E-05
0.954382 0.0134414 9.9973E-05 0.0265056 0.00537107 9.9973E-05 9.9973E-05
0.0470241 0.258673 0.286227 0.110447 0.198754 0.0295444 0.0693304
0.0561015 0.248593 0.287319 0.0928356 0.197298 0.0146891 0.103164
0.0843259 0.277942 0.25869 0.0541104 0.186893 0.0475822 0.090457
0.0757819 0.255398 0.277753 0.105704 0.178963 0.0407726 0.0656271
0.00195527 9.9973E-05 0.0143478 0.057658 0.925739 9.9973E-05 9.9973E-05
9.995E-05 9.995E-05 9.995E-05 9.995E-05 0.9994 9.995E-05 9.995E-05
9.9955E-05 0.00199247 9.9955E-05 9.9955E-05 0.997508 9.9955E-05 9.9955E-05
9.995E-05 9.995E-05 9.995E-05 9.995E-05 0.9994 9.995E-05 9.995E-05
9.9955E-05 9.9955E-05 9.9955E-05 0.000983862 0.998516 9.9955E-05 9.9955E-05
9.9955E-05 0.00549312 9.9955E-05 9.9955E-05 0.994007 9.9955E-05 9.9955E-05
0.00496594 0.0143429 0.0205418 9.9991E-05 0.937694 0.0149729 0.00738284
0.0127121 0.0527814 0.0829648 0.0638231 0.753654 0.0230327 0.0110314
0.0596474 9.9973E-05 0.0915095 9.9973E-05 0.825566 9.9973E-05 0.0229775
9.995E-05 0.9994 9.995E-05 9.995E-05 9.995E-05 9.995E-05 9.995E-05
9.995E-05 0.9994 9.995E-05 9.995E-05 9.995E-05 9.995E-05 9.995E-05
9.9955E-05 0.989683 9.9955E-05 9.9955E-05 0.00981711 9.9955E-05 9.9955E-05
9.995E-05 0.9994 9.995E-05 9.995E-05 9.995E-05 9.995E-05 9.995E-05
9.995E-05 0.9994 9.995E-05 9.995E-05 9.995E-05 9.995E-05 9.995E-05
0.00683871 0.855574 0.0927205 9.9982E-05 0.0437913 9.9982E-05 0.000875773
9.995E-05 0.9994 9.995E-05 9.995E-05 9.995E-05 9.995E-05 9.995E-05
9.995E-05 0.9994 9.995E-05 9.995E-05 9.995E-05 9.995E-05 9.995E-05
9.9964E-05 0.983571 9.9964E-05 9.9964E-05 0.0109558 0.00507347 9.9964E-05
0.00394569 0.97044 9.9973E-05 0.0123253 9.9973E-05 9.9973E-05 0.0129888
9.995E-05 0.9994 9.995E-05 9.995E-05 9.995E-05 9.995E-05 9.995E-05
9.9955E-05 0.994313 9.9955E-05 0.00518733 9.9955E-05 9.9955E-05 9.9955E-05
