9.995E-05 9.995E-05 9.995E-05 9.995E-05 0.9994 9.995E-05 9.995E-05
0.0344927 0.101999 9.9973E-05 9.9973E-05 0.375905 9.9973E-05 0.487303
0.115452 0.0769332 9.9973E-05 9.9973E-05 0.368338 9.9973E-05 0.438977
9.99551E-05 9.99551E-05 9.99551E-05 9.99551E-05 0.261049 9.99551E-05 0.738451
9.9973E-05 9.9973E-05 9.9973E-05 0.0265264 0.15207 0.0174355 0.803668
0.0177165 0.00221535 9.9973E-05 9.9973E-05 0.222052 9.9973E-05 0.757716
9.9955E-05 9.9955E-05 9.9955E-05 9.9955E-05 0.335917 9.9955E-05 0.663583
0.0584466 9.9964E-05 9.9964E-05 9.9964E-05 0.366732 9.9964E-05 0.574422
0.0185143 9.9964E-05 9.9964E-05 9.9964E-05 0.253978 9.9964E-05 0.727108
9.995E-05 9.995E-05 9.995E-05 9.995E-05 0.9994 9.995E-05 9.995E-05
9.995E-05 9.995E-05 9.995E-05 9.995E-05 0.9994 9.995E-05 9.995E-05
9.995E-05 9.995E-05 9.995E-05 9.995E-05 0.9994 9.995E-05 9.995E-05
9.995E-05 9.995E-05 9.995E-05 9.995E-05 0.9994 9.995E-05 9.995E-05
9.9955E-05 9.9955E-05 9.9955E-05 0.0894299 0.91007 9.9955E-05 9.9955E-05
0.0316658 9.9964E-05 9.9964E-05 0.000886067 0.967048 9.9964E-05 9.9964E-05
0.0452843 9.9973E-05 9.9973E-05 9.9973E-05 0.202947 0.0149696 0.736499
0.0776928 0.0164347 0.061822 0.065846 0.218416 0.0229252 0.536864
9.9955E-05 9.9955E-05 9.9955E-05 9.9955E-05 0.221821 9.9955E-05 0.777679
9.9964E-05 9.9964E-05 9.9964E-05 0.0506547 0.0113368 9.9964E-05 0.937609
9.99551E-05 9.99551E-05 9.99551E-05 0.0338571 9.99551E-05 9.99551E-05 0.965643
9.9964E-05 9.9964E-05 9.9964E-05 9.9964E-05 0.104088 0.0373025 0.85821
0.0117068 9.9973E-05 9.9973E-05 0.0816394 0.0310934 9.9973E-05 0.87526
9.9964E-05 9.9964E-05 9.9964E-05 0.108508 0.0373458 9.9964E-05 0.853746
9.9964E-05 9.9964E-05 9.9964E-05 0.0196075 0.0809204 9.9964E-05 0.899072
9.99551E-05 9.99551E-05 9.99551E-05 9.99551E-05 0.0500823 9.99551E-05 0.949418
9.9973E-05 9.9973E-05 0.0381347 9.9973E-05 0.0378627 0.0453527 0.87835
0.0230417 9.9982E-05 9.9982E-05 0.0245874 0.0377756 0.0824421 0.831953
9.99551E-05 9.99551E-05 9.99551E-05 9.99551E-05 0.0571847 9.99551E-05 0.942316
9.9973E-05 9.9973E-05 9.9973E-05 0.0211917 0.0827766 0.0303532 0.865379
9.9955E-05 9.9955E-05 9.9955E-05 9.9955E-05 0.118854 9.9955E-05 0.880647
9.99641E-05 9.99641E-05 9.99641E-05 0.0290619 0.107249 9.99641E-05 0.863289
9.9973E-05 9.9973E-05 0.00491764 9.9973E-05 0.0280632 0.0281066 0.938613
0.00780592 9.9982E-05 9.9982E-05 0.0245737 0.058232 0.00852592 0.900663
0.0691284 9.9982E-05 0.118639 0.00496639 0.0949377 9.9982E-05 0.712129
9.9964E-05 9.9964E-05 9.9964E-05 0.136737 0.0314562 9.9964E-05 0.831407
9.9955E-05 9.9955E-05 9.9955E-05 9.9955E-05 0.126028 9.9955E-05 0.873472
0.00725622 9.9964E-05 9.9964E-05 0.0351347 9.9964E-05 9.9964E-05 0.957209
9.9973E-05 9.9973E-05 9.9973E-05 0.0906187 0.0295816 0.0478338 0.831666
0.0159565 0.0650257 9.9991E-05 0.0266312 0.0171919 0.0817404 0.793354
9.9991E-05 0.0165097 0.00199406 0.0502815 0.0223913 0.0605763 0.848147
0.0602855 0.0799545 0.0962124 9.9982E-05 9.9982E-05 0.0839405 0.679407
0.067941 0.0146918 0.172974 9.9991E-05 0.012569 0.0762754 0.655449
0.113154 0.0591771 0.126604 9.9982E-05 0.063463 9.9982E-05 0.637402
0.100944 0.0645817 0.0932888 9.9982E-05 9.9982E-05 0.0420692 0.698917
0.0978449 9.9973E-05 0.0526012 9.9973E-05 9.9973E-05 0.0685484 0.780706
0.0569164 9.9964E-05 9.9964E-05 9.9964E-05 9.9964E-05 0.0247848 0.917899
0.0509485 9.9955E-05 9.9955E-05 9.9955E-05 9.9955E-05 9.9955E-05 0.948552
0.0205474 9.9982E-05 0.0630827 0.0179556 9.9982E-05 0.0472823 0.850932
0.066601 9.9982E-05 0.0942166 9.9982E-05 0.0381926 0.106106 0.694684
0.0253234 0.06251 0.0541105 9.9982E-05 0.117081 9.9982E-05 0.740775
0.0461913 0.0760004 9.9982E-05 9.9982E-05 0.0265804 0.0950889 0.755939
0.0794656 9.9982E-05 0.0414934 0.0266226 9.9982E-05 0.0493107 0.802908
0.0360978 9.9982E-05 0.0320649 0.00987752 9.9982E-05 0.0860969 0.835663
0.0256407 0.033717 0.0598594 0.154717 0.0270345 0.039924 0.659107
0.0415485 0.048337 0.0957091 0.0651748 0.0362153 0.0387429 0.674272
0.111106 0.00262222 0.0919416 0.00367033 9.9991E-05 0.034855 0.755705
0.0956007 0.017386 0.0642541 0.023898 0.0627557 0.10255 0.633555
0.00550148 0.0601807 0.0552759 0.0224125 9.9991E-05 0.070202 0.786328
0.0594047 9.9973E-05 0.0082336 9.9973E-05 9.9973E-05 0.040868 0.891194
9.9982E-05 0.0782311 0.0959353 9.9982E-05 0.0658043 0.110405 0.649424
9.9973E-05 9.9973E-05 0.088585 0.0613653 9.9973E-05 0.111269 0.738481
9.9973E-05 0.0301761 0.176268 9.9973E-05 9.9973E-05 0.0391424 0.754113
0.104092 0.0570516 0.102679 9.9982E-05 9.9982E-05 0.0759244 0.660053
0.0856438 0.0451585 0.0670899 0.0565425 9.9991E-05 0.135589 0.609876
9.9973E-05 0.0120317 0.118295 9.9973E-05 9.9973E-05 0.0776822 0.791692
0.0991379 0.0321436 0.0657531 0.088581 9.9991E-05 0.0282204 0.686064
0.0110782 0.118049 0.0978429 9.9982E-05 9.9982E-05 0.104257 0.668573
0.087237 0.107648 0.130007 0.147059 0.00718928 9.9991E-05 0.520759
0.0264619 0.0424565 0.039453 0.0448348 9.9991E-05 0.0345331 0.812161
0.0805211 0.0352399 0.0742049 0.0812889 9.9991E-05 0.00207988 0.726565
0.0877873 0.102657 0.0923377 9.9982E-05 0.0332021 9.9982E-05 0.683816
0.100828 0.0786601 0.109928 9.9982E-05 9.9982E-05 0.0787954 0.631588
0.0739456 0.0289703 0.0457425 0.0177811 0.033478 0.0301943 0.769888
0.0540321 9.9982E-05 0.0410871 9.9982E-05 0.0161612 0.123747 0.764773
0.0668032 0.0190891 0.190982 0.0533305 0.035974 0.033192 0.60063
0.0217636 0.061783 0.0467088 0.0245818 9.9991E-05 0.0965898 0.748473
0.0355093 0.0827776 0.0722324 9.9982E-05 9.9982E-05 0.036105 0.773176
0.0366415 0.153005 0.0767828 0.137683 0.0057261 9.9991E-05 0.590062
0.113696 0.129098 0.123516 0.114861 9.9991E-05 0.0956222 0.423106
0.0452838 0.169058 0.115264 0.0972157 9.9991E-05 0.0998001 0.473279
0.0319707 0.0887564 0.200983 0.115854 9.9991E-05 0.112874 0.449462
0.0847491 0.166596 0.13489 0.104551 9.9991E-05 0.0587606 0.450353
0.0734731 0.132345 0.130802 0.0887743 9.9991E-05 0.0881439 0.486362
9.9973E-05 0.157442 0.155829 9.9973E-05 9.9973E-05 0.126066 0.560364
0.0237137 0.236649 0.134154 0.030661 0.00469259 0.0919658 0.478164
0.131694 0.171672 0.127809 0.0326902 0.0109343 0.0825563 0.442645
0.0652811 0.0732543 0.154201 0.045424 0.0277282 0.0716719 0.562439
0.00380655 0.165815 0.183887 9.9991E-05 0.00561607 0.10902 0.531755
0.0294878 0.176534 0.137832 0.0870183 0.0327348 0.111085 0.425309
0.112853 0.126513 0.183887 0.0309886 9.9991E-05 0.148339 0.397319
0.0977111 0.125089 0.0978519 0.187303 0.0215486 9.9991E-05 0.470397
0.11057 0.0886605 0.137662 0.167072 0.00800342 9.9991E-05 0.487932
0.116605 0.20236 0.112449 0.00127337 0.00192101 0.208672 0.35672
9.995E-05 0.9994 9.995E-05 9.995E-05 9.995E-05 9.995E-05 9.995E-05
9.9964E-05 0.941348 0.0432259 9.9964E-05 0.015026 9.9964E-05 9.9964E-05
9.9982E-05 0.850257 9.9982E-05 0.0312275 0.00530321 0.00524992 0.107762
9.995E-05 0.9994 9.995E-05 9.995E-05 9.995E-05 9.995E-05 9.995E-05
9.995E-05 0.9994 9.995E-05 9.995E-05 9.995E-05 9.995E-05 9.995E-05
9.995E-05 0.9994 9.995E-05 9.995E-05 9.995E-05 9.995E-05 9.995E-05
9.995E-05 0.9994 9.995E-05 9.995E-05 9.995E-05 9.995E-05 9.995E-05
9.9964E-05 0.908434 9.9964E-05 0.0053128 9.9964E-05 9.9964E-05 0.0858537
9.995E-05 0.9994 9.995E-05 9.995E-05 9.995E-05 9.995E-05 9.995E-05
9.995E-05 0.9994 9.995E-05 9.995E-05 9.995E-05 9.995E-05 9.995E-05
0.08888 0.141299 0.310856 0.0934496 9.9991E-05 0.119446 0.245969
0.003681 0.914797 0.0044213 0.0151356 9.9982E-05 9.9982E-05 0.0617651
9.995E-05 0.9994 9.995E-05 9.995E-05 9.995E-05 9.995E-05 9.995E-05
9.995E-05 0.9994 9.995E-05 9.995E-05 9.995E-05 9.995E-05 9.995E-05
0.0560927 0.146248 0.327038 0.111099 9.9991E-05 0.161319 0.198103
0.10877 0.150673 0.25272 0.0734454 9.9991E-05 0.13839 0.275902
0.0789341 0.166872 0.23952 0.150297 9.9991E-05 0.127597 0.23668
0.0865034 0.164028 0.28439 0.0819903 9.9991E-05 0.135302 0.247687
0.0600182 0.176127 0.275246 0.0828872 9.9991E-05 0.118262 0.287359
0.00558795 0.122069 0.213611 0.153158 9.9991E-05 0.0645384 0.440936
0.0495699 0.180689 0.216184 0.125003 9.9991E-05 0.0594774 0.368976
0.007563 0.180803 0.253649 0.13907 9.9991E-05 0.0853143 0.333501
0.108179 0.253781 0.182018 0.129855 9.9991E-05 0.0978192 0.228248
0.0683945 0.213428 0.220024 0.13959 9.9991E-05 0.0739419 0.284522
0.0666714 0.128963 0.2009 0.109758 9.9991E-05 0.100642 0.392965
0.0538178 0.227467 0.146451 0.188466 9.9991E-05 0.072022 0.311676
0.103096 0.0805629 0.238184 0.125614 9.9991E-05 0.164319 0.288124
0.0630606 0.152268 0.284162 0.0519038 9.9991E-05 0.118662 0.329844
9.9973E-05 9.9973E-05 0.912456 0.0484952 9.9973E-05 0.012577 0.026172
0.0153849 0.00783605 0.826465 9.9991E-05 0.0139171 0.0321693 0.104128
9.995E-05 9.995E-05 0.9994 9.995E-05 9.995E-05 9.995E-05 9.995E-05
9.9964E-05 9.9964E-05 0.98927 0.00611178 9.9964E-05 9.9964E-05 0.00421842
9.995E-05 9.995E-05 0.9994 9.995E-05 9.995E-05 9.995E-05 9.995E-05
9.995E-05 9.995E-05 0.9994 9.995E-05 9.995E-05 9.995E-05 9.995E-05
9.995E-05 9.995E-05 0.9994 9.995E-05 9.995E-05 9.995E-05 9.995E-05
0.00671391 9.9982E-05 0.701773 0.171761 0.0268028 9.9982E-05 0.09275
9.995E-05 9.995E-05 0.9994 9.995E-05 9.995E-05 9.995E-05 9.995E-05
9.995E-05 9.995E-05 0.9994 9.995E-05 9.995E-05 9.995E-05 9.995E-05
9.9973E-05 0.0378431 0.852542 0.103358 0.00595721 9.9973E-05 9.9973E-05
9.995E-05 9.995E-05 0.9994 9.995E-05 9.995E-05 9.995E-05 9.995E-05
0.0928171 0.0320976 0.739976 0.0709236 0.0226397 9.9991E-05 0.0414464
0.9994 9.995E-05 9.995E-05 9.995E-05 9.995E-05 9.995E-05 9.995E-05
0.132099 0.189766 0.219607 0.118916 9.9991E-05 0.0359238 0.303588
0.9994 9.995E-05 9.995E-05 9.995E-05 9.995E-05 9.995E-05 9.995E-05
0.9994 9.995E-05 9.995E-05 9.995E-05 9.995E-05 9.995E-05 9.995E-05
0.950838 9.99551E-05 9.99551E-05 0.0486624 9.99551E-05 9.99551E-05 9.99551E-05
0.749298 0.0137136 0.0437646 9.9982E-05 9.9982E-05 0.0329894 0.160035
0.9994 9.995E-05 9.995E-05 9.995E-05 9.995E-05 9.995E-05 9.995E-05
0.888076 9.9973E-05 9.9973E-05 0.0633819 9.9973E-05 0.0236901 0.0245519
0.99929 9.9955E-05 9.9955E-05 9.9955E-05 9.9955E-05 0.000209888 9.9955E-05
0.95248 0.0016603 0.0233579 9.9982E-05 9.9982E-05 0.0012955 0.0210066
0.991575 9.9955E-05 9.9955E-05 9.9955E-05 0.00792552 9.9955E-05 9.9955E-05
0.971092 9.9973E-05 0.0174122 9.9973E-05 9.9973E-05 0.00268754 0.00850847
0.985415 9.9964E-05 9.9964E-05 0.00582892 0.00835614 9.9964E-05 9.9964E-05
0.820287 0.0596621 0.0998153 9.9973E-05 9.9973E-05 0.0199356 9.9973E-05
0.951716 9.9973E-05 9.9973E-05 0.0122905 0.020985 0.0147083 9.9973E-05
0.895741 0.000110759 0.027493 0.0480753 9.9991E-05 0.0212831 0.00719689
0.872554 9.9982E-05 0.00209858 0.0461885 9.9982E-05 0.027874 0.0510852
0.871571 9.9991E-05 0.0448338 0.0180615 0.0184964 0.0347682 0.0121694
0.955105 0.0201068 0.00540202 0.0163596 9.9982E-05 9.9982E-05 0.00282642
0.0702096 0.0774372 0.101443 0.136479 0.0175278 0.348373 0.24853
0.0870051 0.106478 0.0774934 0.214121 0.0336027 0.282256 0.199043
0.0761073 0.137775 0.0130358 0.14703 0.0149369 0.374286 0.236828
0.101226 0.0999381 0.0452035 0.138168 0.0288449 0.269031 0.317588
0.00430887 9.9991E-05 0.0246193 0.946471 0.00619513 0.0168006 0.00150491
9.995E-05 9.995E-05 9.995E-05 0.9994 9.995E-05 9.995E-05 9.995E-05
0.00272946 9.9955E-05 9.9955E-05 0.996771 9.9955E-05 9.9955E-05 9.9955E-05
9.995E-05 9.995E-05 9.995E-05 0.9994 9.995E-05 9.995E-05 9.995E-05
9.9964E-05 0.00571363 9.9964E-05 0.988818 9.9964E-05 0.00506882 9.9964E-05
0.00794734 0.0249917 9.9973E-05 0.93541 9.9973E-05 0.0313506 9.9973E-05
0.0321907 0.000571866 9.9964E-05 0.966838 9.9964E-05 9.9964E-05 9.9964E-05
0.0355831 9.9991E-05 0.0213875 0.788046 0.0108708 0.0166121 0.1274
9.9991E-05 0.00388786 0.00170656 0.885874 0.00815912 0.0392222 0.0610506
9.995E-05 9.995E-05 9.995E-05 9.995E-05 9.995E-05 0.9994 9.995E-05
9.995E-05 9.995E-05 9.995E-05 9.995E-05 9.995E-05 0.9994 9.995E-05
9.995E-05 9.995E-05 9.995E-05 9.995E-05 9.995E-05 0.9994 9.995E-05
9.995E-05 9.995E-05 9.995E-05 9.995E-05 9.995E-05 0.9994 9.995E-05
9.995E-05 9.995E-05 9.995E-05 9.995E-05 9.995E-05 0.9994 9.995E-05
0.0257405 9.9973E-05 9.9973E-05 0.0113268 9.9973E-05 0.914815 0.0478177
9.995E-05 9.995E-05 9.995E-05 9.995E-05 9.995E-05 0.9994 9.995E-05
9.995E-05 9.995E-05 9.995E-05 9.995E-05 9.995E-05 0.9994 9.995E-05
9.995E-05 9.995E-05 9.995E-05 9.995E-05 9.995E-05 0.9994 9.995E-05
9.9955E-05 9.9955E-05 0.0153585 9.9955E-05 9.9955E-05 0.984142 9.9955E-05
9.995E-05 9.995E-05 9.995E-05 9.995E-05 9.995E-05 0.9994 9.995E-05
9.9973E-05 9.9973E-05 0.0147433 0.032354 9.9973E-05 0.940405 0.0121975
