9.995E-05 9.995E-05 9.995E-05 0.9994 9.995E-05 9.995E-05 9.995E-05
0.482181 0.0729124 9.9973E-05 0.373948 0.0706591 9.9973E-05 9.9973E-05
0.381346 0.0723824 9.9973E-05 0.418491 0.127481 9.9973E-05 9.9973E-05
0.719956 9.99551E-05 9.99551E-05 0.279544 9.99551E-05 9.99551E-05 9.99551E-05
0.749425 9.9964E-05 9.9964E-05 0.163799 9.9964E-05 0.0863758 9.9964E-05
0.786318 0.0225929 9.9964E-05 0.190689 9.9964E-05 9.9964E-05 9.9964E-05
0.607581 9.99551E-05 9.99551E-05 0.391919 9.99551E-05 9.99551E-05 9.99551E-05
0.554988 0.0163994 9.9973E-05 0.362558 0.065755 9.9973E-05 9.9973E-05
0.637717 0.0113179 9.9982E-05 0.28662 0.00632624 9.9982E-05 0.0578186
9.995E-05 9.995E-05 9.995E-05 0.9994 9.995E-05 9.995E-05 9.995E-05
9.995E-05 9.995E-05 9.995E-05 0.9994 9.995E-05 9.995E-05 9.995E-05
9.995E-05 9.995E-05 9.995E-05 0.9994 9.995E-05 9.995E-05 9.995E-05
9.9955E-05 0.000177584 9.9955E-05 0.999323 9.9955E-05 9.9955E-05 9.9955E-05
0.000384383 9.9973E-05 9.9973E-05 0.97434 0.000446813 0.0245291 9.9973E-05
9.9964E-05 0.0144244 9.9964E-05 0.979118 9.9964E-05 0.00605777 9.9964E-05
0.808964 9.9955E-05 9.9955E-05 0.190536 9.9955E-05 9.9955E-05 9.9955E-05
0.490155 0.0390288 0.0488175 0.268843 0.0498985 0.093042 0.0102151
0.749392 9.99551E-05 9.99551E-05 0.250108 9.99551E-05 9.99551E-05 9.99551E-05
0.959787 9.99551E-05 9.99551E-05 9.99551E-05 9.99551E-05 0.039713 9.99551E-05
0.9994 9.995E-05 9.995E-05 9.995E-05 9.995E-05 9.995E-05 9.995E-05
0.823775 9.9964E-05 9.9964E-05 0.141641 9.9964E-05 9.9964E-05 0.0341845
0.87124 9.9973E-05 9.9973E-05 0.0457811 0.0168748 0.0658043 9.9973E-05
0.888743 9.9964E-05 9.9964E-05 0.0565333 9.9964E-05 0.0543237 9.9964E-05
0.89721 9.9955E-05 9.9955E-05 0.102291 9.9955E-05 9.9955E-05 9.9955E-05
0.944672 9.99551E-05 9.99551E-05 0.0548278 9.99551E-05 9.99551E-05 9.99551E-05
0.894037 9.9991E-05 0.0279228 0.00513372 0.00140249 0.0277396 0.0436641
0.867958 9.9973E-05 9.9973E-05 0.0457252 0.048231 9.9973E-05 0.0377864
0.937853 9.99551E-05 9.99551E-05 0.0616477 9.99551E-05 9.99551E-05 9.99551E-05
0.873564 9.9973E-05 9.9973E-05 0.115432 9.9973E-05 0.00713805 0.00356557
0.880261 9.9955E-05 9.9955E-05 0.119239 9.9955E-05 9.9955E-05 9.9955E-05
0.857928 9.99641E-05 9.99641E-05 0.121643 9.99641E-05 0.0200286 9.99641E-05
0.946673 9.99641E-05 9.99641E-05 0.0433823 9.99641E-05 9.99641E-05 0.00954459
0.915397 9.9982E-05 9.9982E-05 0.0424314 0.021018 0.0143798 0.00657346
0.756698 9.9982E-05 0.0858747 0.0927323 0.0402776 0.0242171 9.9982E-05
0.862394 9.9973E-05 9.9973E-05 0.0384738 0.0043947 0.0944375 9.9973E-05
0.870583 9.9955E-05 9.9955E-05 0.128918 9.9955E-05 9.9955E-05 9.9955E-05
0.948739 9.9964E-05 9.9964E-05 9.9964E-05 9.9964E-05 0.0436552 0.00720634
0.82928 9.9991E-05 0.00859162 0.0241388 0.00610637 0.0741565 0.0576265
0.814945 0.0333938 9.9991E-05 0.0431893 0.0349975 0.0318008 0.041574
0.881451 0.0390338 0.0129069 0.00862775 9.9991E-05 0.0154093 0.042471
0.674138 0.138143 0.117909 9.9982E-05 0.0213173 9.9982E-05 0.0482927
0.645544 0.0485223 0.12124 9.9991E-05 0.118486 0.00119647 0.0649111
0.732513 0.0600965 0.0715594 0.0414777 0.0941532 9.9982E-05 9.9982E-05
0.738927 0.0959078 0.0542692 9.9991E-05 0.0517783 0.0127037 0.0463143
0.750047 9.99793E-05 0.0878189 9.99793E-05 0.0915327 9.99793E-05 0.0703016
0.91806 9.9964E-05 9.9964E-05 9.9964E-05 0.0433756 9.9964E-05 0.0381642
0.873873 9.9973E-05 0.0382526 9.9973E-05 0.0374829 9.9973E-05 0.0500918
0.89743 9.9973E-05 0.0230212 9.9973E-05 0.0525617 0.0266872 9.9973E-05
0.67582 9.9982E-05 0.11042 0.0349235 0.0814185 9.9982E-05 0.0972179
0.771121 0.0457908 0.0396327 0.0815862 0.0391153 0.022654 9.9991E-05
0.818322 0.0499318 9.9982E-05 0.030867 0.064163 9.9982E-05 0.0365165
0.784354 9.9982E-05 0.0706698 9.9982E-05 0.0566693 0.0442832 0.0438235
0.790492 9.9982E-05 0.0451644 9.9982E-05 0.0676732 0.0175347 0.078936
0.692042 0.0128034 0.0994418 0.0373855 9.9991E-05 0.0816173 0.0766101
0.7032 0.0544162 0.092833 0.0208629 0.0263922 0.0620678 0.0402277
0.661373 0.0282467 0.0977529 9.9982E-05 0.135503 9.9982E-05 0.0769241
0.648065 0.000889825 0.085216 0.0661439 0.0481868 0.0317247 0.119774
0.80675 0.0458501 0.0490017 9.9982E-05 0.0138629 9.9982E-05 0.0843349
0.873803 9.9964E-05 9.9964E-05 9.9964E-05 0.0793668 9.9964E-05 0.0464299
0.764182 9.9973E-05 0.0634186 9.9973E-05 0.0443884 9.9973E-05 0.127711
0.774705 9.9982E-05 0.0796956 9.9982E-05 0.00119518 0.0351908 0.109013
0.705875 0.0659189 0.146606 9.9982E-05 0.0162478 9.9982E-05 0.065153
0.648094 0.10637 0.0491968 9.9991E-05 0.11749 0.0238302 0.0549184
0.641595 0.0445208 0.0817268 9.9991E-05 0.0750471 0.102618 0.0543921
0.77561 0.046223 0.127994 0.00427288 9.9982E-05 9.9982E-05 0.0457006
0.744271 0.0269622 0.0529531 9.9991E-05 0.0845963 0.085198 0.0059196
0.691797 0.1063 0.0806714 9.9982E-05 0.0395323 9.9982E-05 0.0814994
0.648233 0.0361727 0.0939234 0.00552439 0.0742368 0.119496 0.0224138
0.872009 0.0288658 0.0303686 9.9982E-05 0.0109439 9.9982E-05 0.0576129
0.680576 0.0251942 0.107127 9.9991E-05 0.0868333 0.0868601 0.0133098
0.727674 0.0900647 0.0689395 0.0197605 0.0933615 9.9982E-05 9.9982E-05
0.622699 0.0609096 0.0903271 9.9991E-05 0.118031 0.0416537 0.0662789
0.76907 0.0258728 0.0338214 0.0370064 0.0580299 0.0626872 0.0135123
0.797024 0.00498838 0.0446997 0.0340654 0.0185343 9.9991E-05 0.100588
0.626006 0.0498195 0.156066 0.00538888 0.0282213 0.0591101 0.0753881
0.702679 0.0675522 0.0699204 9.9982E-05 9.9982E-05 0.0318197 0.127829
0.739291 0.0896398 0.0409078 9.9991E-05 0.103594 0.0059516 0.0205156
0.610363 0.130643 0.0765125 0.00812379 0.00704366 0.167214 9.9991E-05
0.486447 0.179625 0.143506 9.9991E-05 0.0718981 0.0645284 0.053896
0.432016 0.175231 0.148165 9.9991E-05 0.0352761 0.11623 0.0929826
0.43097 0.133032 0.184109 9.9991E-05 0.0977998 0.103926 0.0500623
0.425557 0.165821 0.161703 9.9991E-05 0.0678924 0.110561 0.0683651
0.487276 0.112021 0.165891 9.9991E-05 0.0711023 0.10024 0.0633697
0.589059 0.17881 0.121308 9.9982E-05 0.0461002 9.9982E-05 0.0645231
0.461838 0.241979 0.13824 9.9991E-05 0.0662219 0.0509273 0.0406949
0.448197 0.204036 0.113039 9.9991E-05 0.10712 0.0415315 0.0859769
0.521884 0.112136 0.155569 0.0385862 0.0824183 0.0413527 0.0480545
0.593714 0.174793 0.160629 9.9973E-05 9.9973E-05 9.9973E-05 0.0705635
0.420849 0.189695 0.129887 9.9991E-05 0.0552248 0.100902 0.103342
0.379716 0.120604 0.182301 0.000325759 0.0827138 0.0459838 0.188356
0.458129 0.13994 0.101632 0.0176045 0.0806302 0.186041 0.0160232
0.462856 0.0996751 0.144643 0.0110261 0.0820041 0.199696 9.9991E-05
0.318939 0.249817 0.109556 0.017389 0.102187 9.9991E-05 0.202012
9.995E-05 0.9994 9.995E-05 9.995E-05 9.995E-05 9.995E-05 9.995E-05
9.9973E-05 0.946593 0.0193355 0.0314871 0.00228404 9.9973E-05 9.9973E-05
9.9964E-05 0.917828 9.9964E-05 0.0186661 9.9964E-05 0.0631056 9.9964E-05
9.9955E-05 0.982349 9.9955E-05 9.9955E-05 0.0171509 9.9955E-05 9.9955E-05
9.995E-05 0.9994 9.995E-05 9.995E-05 9.995E-05 9.995E-05 9.995E-05
9.995E-05 0.9994 9.995E-05 9.995E-05 9.995E-05 9.995E-05 9.995E-05
9.995E-05 0.9994 9.995E-05 9.995E-05 9.995E-05 9.995E-05 9.995E-05
0.0586409 0.90726 0.0179735 0.0112659 9.9982E-05 0.00465955 9.9982E-05
9.995E-05 0.9994 9.995E-05 9.995E-05 9.995E-05 9.995E-05 9.995E-05
9.995E-05 0.9994 9.995E-05 9.995E-05 9.995E-05 9.995E-05 9.995E-05
0.27236 0.100564 0.295953 0.0047307 0.091833 0.116805 0.117754
0.0212724 0.93956 9.9973E-05 9.9973E-05 9.9973E-05 0.0319186 0.00694921
9.9955E-05 0.99889 9.9955E-05 9.9955E-05 9.9955E-05 9.9955E-05 0.00060993
9.995E-05 0.9994 9.995E-05 9.995E-05 9.995E-05 9.995E-05 9.995E-05
0.272128 0.171333 0.24575 0.00846625 0.0591923 0.0965846 0.146547
0.314513 0.129448 0.264219 9.9991E-05 0.0735462 0.117468 0.100706
0.274393 0.140527 0.249288 9.9991E-05 0.0539681 0.14717 0.134554
0.269246 0.193639 0.258374 9.9991E-05 0.0755701 0.106078 0.0969919
0.321719 0.128361 0.29236 9.9991E-05 0.0574065 0.105726 0.0943275
0.393279 0.0775432 0.198037 9.9991E-05 0.0233744 0.21065 0.0970166
0.427395 0.183548 0.198999 9.9991E-05 0.00210367 0.121799 0.0660562
0.278938 0.164792 0.259034 9.9991E-05 0.0511882 0.151743 0.094204
0.249881 0.236483 0.14719 9.9991E-05 0.0845506 0.177295 0.1045
0.279888 0.217279 0.192846 9.9991E-05 0.0927824 0.156163 0.0609416
0.35226 0.148139 0.118747 9.9991E-05 0.0802565 0.147943 0.152554
0.263496 0.216248 0.140894 9.9991E-05 0.125725 0.151867 0.101671
0.348748 0.0938173 0.223012 9.9991E-05 0.0765428 0.145552 0.112228
0.314023 0.158891 0.235852 9.9991E-05 0.0812319 0.088703 0.1212
9.9964E-05 9.9964E-05 0.947447 9.9964E-05 9.9964E-05 0.0412258 0.0109275
9.9973E-05 9.9973E-05 0.878638 0.0106445 9.9973E-05 0.0405641 0.0698538
9.995E-05 9.995E-05 0.9994 9.995E-05 9.995E-05 9.995E-05 9.995E-05
9.995E-05 9.995E-05 0.9994 9.995E-05 9.995E-05 9.995E-05 9.995E-05
9.9955E-05 0.00271942 0.996781 9.9955E-05 9.9955E-05 9.9955E-05 9.9955E-05
9.995E-05 9.995E-05 0.9994 9.995E-05 9.995E-05 9.995E-05 9.995E-05
9.995E-05 9.995E-05 0.9994 9.995E-05 9.995E-05 9.995E-05 9.995E-05
9.9973E-05 0.0599012 0.780747 0.026612 9.9973E-05 0.13244 9.9973E-05
9.995E-05 9.995E-05 0.9994 9.995E-05 9.995E-05 9.995E-05 9.995E-05
9.995E-05 9.995E-05 0.9994 9.995E-05 9.995E-05 9.995E-05 9.995E-05
9.9973E-05 9.9973E-05 0.858021 0.0371627 0.00136996 0.103146 9.9973E-05
9.995E-05 9.995E-05 0.9994 9.995E-05 9.995E-05 9.995E-05 9.995E-05
0.094783 9.9973E-05 0.751766 9.9973E-05 0.101887 0.0512641 9.9973E-05
9.995E-05 9.995E-05 9.995E-05 9.995E-05 0.9994 9.995E-05 9.995E-05
0.249666 0.232446 0.201214 9.9991E-05 0.118957 0.110542 0.0870749
9.995E-05 9.995E-05 9.995E-05 9.995E-05 0.9994 9.995E-05 9.995E-05
9.995E-05 9.995E-05 9.995E-05 9.995E-05 0.9994 9.995E-05 9.995E-05
9.9964E-05 0.0367746 9.9964E-05 9.9964E-05 0.928042 0.0347839 9.9964E-05
0.106445 0.00293741 0.060442 9.9982E-05 0.801845 9.9982E-05 0.0281308
9.995E-05 9.995E-05 9.995E-05 9.995E-05 0.9994 9.995E-05 9.995E-05
0.024512 9.9973E-05 0.0299787 9.9973E-05 0.878111 0.0670979 9.9973E-05
9.9964E-05 0.000755932 9.9964E-05 9.9964E-05 0.996042 0.00280245 9.9964E-05
0.034046 9.9973E-05 0.000370525 9.9973E-05 0.95775 9.9973E-05 0.00753369
9.995E-05 9.995E-05 9.995E-05 9.995E-05 0.9994 9.995E-05 9.995E-05
9.9964E-05 9.9964E-05 0.00845655 9.9964E-05 0.964559 9.9964E-05 0.0265847
9.9955E-05 0.0105154 9.9955E-05 9.9955E-05 0.988985 9.9955E-05 9.9955E-05
0.0263165 0.0409877 0.0254906 9.9991E-05 0.833634 0.012994 0.0604771
9.9973E-05 9.9973E-05 9.9973E-05 0.0268192 0.919648 0.0384339 0.0147992
9.9964E-05 0.0196293 0.0273561 9.9964E-05 0.952615 9.9964E-05 9.9964E-05
9.9973E-05 9.9973E-05 0.022762 9.9973E-05 0.90044 0.0323379 0.0441599
0.0610777 9.9982E-05 0.00268262 0.014078 0.881426 9.9982E-05 0.0405362
0.0190229 0.00236236 0.0366641 9.9982E-05 0.909858 0.0318923 9.9982E-05
0.229392 0.0982201 0.0951265 0.0144183 0.0821689 0.146745 0.333928
0.311972 0.138813 0.0522246 9.9991E-05 0.0766647 0.156995 0.263231
0.27673 0.137719 0.0638692 0.0125677 0.0603425 0.152737 0.296035
0.259415 0.129305 0.0674068 0.0240151 0.0770157 0.128328 0.314515
9.9964E-05 0.00833814 0.065156 9.9964E-05 9.9964E-05 0.926106 9.9964E-05
9.995E-05 9.995E-05 9.995E-05 9.995E-05 9.995E-05 0.9994 9.995E-05
0.000708234 9.9964E-05 9.9964E-05 9.9964E-05 9.9964E-05 0.991025 0.00786716
9.995E-05 9.995E-05 9.995E-05 9.995E-05 9.995E-05 0.9994 9.995E-05
9.995E-05 9.995E-05 9.995E-05 9.995E-05 9.995E-05 0.9994 9.995E-05
9.9973E-05 0.0119916 9.9973E-05 9.9973E-05 0.00644551 0.974647 0.00661602
9.9955E-05 0.00809612 9.9955E-05 9.9955E-05 9.9955E-05 0.991404 9.9955E-05
0.060913 9.9991E-05 0.0612334 0.0462649 0.0246719 0.803236 0.0035814
0.0743503 9.9964E-05 9.9964E-05 9.9964E-05 0.0562215 0.869028 9.9964E-05
9.995E-05 9.995E-05 9.995E-05 9.995E-05 9.995E-05 9.995E-05 0.9994
9.995E-05 9.995E-05 9.995E-05 9.995E-05 9.995E-05 9.995E-05 0.9994
9.995E-05 9.995E-05 9.995E-05 9.995E-05 9.995E-05 9.995E-05 0.9994
9.995E-05 9.995E-05 9.995E-05 9.995E-05 9.995E-05 9.995E-05 0.9994
9.995E-05 9.995E-05 9.995E-05 9.995E-05 9.995E-05 9.995E-05 0.9994
0.0348629 9.9982E-05 9.9982E-05 0.0291047 0.0219676 0.034183 0.879682
9.995E-05 9.995E-05 9.995E-05 9.995E-05 9.995E-05 9.995E-05 0.9994
9.995E-05 9.995E-05 9.995E-05 9.995E-05 9.995E-05 9.995E-05 0.9994
9.995E-05 9.995E-05 9.995E-05 9.995E-05 9.995E-05 9.995E-05 0.9994
0.0293459 0.00275125 9.9982E-05 0.000660578 0.00321263 9.9982E-05 0.96383
9.995E-05 9.995E-05 9.995E-05 9.995E-05 9.995E-05 9.995E-05 0.9994
9.9955E-05 9.9955E-05 0.0095688 9.9955E-05 9.9955E-05 9.9955E-05 0.989931
