9.995E-05 9.995E-05 9.995E-05 9.995E-05 9.995E-05 9.995E-05 0.9994
0.0936189 0.467517 9.9973E-05 0.0819063 9.9973E-05 9.9973E-05 0.356658
0.0568834 0.48214 9.9973E-05 0.0983911 9.9973E-05 9.9973E-05 0.362286
9.99551E-05 0.744138 9.99551E-05 9.99551E-05 9.99551E-05 9.99551E-05 0.255363
9.9973E-05 0.842642 9.9973E-05 9.9973E-05 0.0257383 0.00454956 0.12677
0.00800598 0.795038 9.9973E-05 0.00400865 9.9973E-05 9.9973E-05 0.192647
9.9955E-05 0.636142 9.9955E-05 9.9955E-05 9.9955E-05 9.9955E-05 0.363358
0.0307424 0.541183 9.9982E-05 0.0685726 0.0111091 9.9982E-05 0.348193
0.00863894 0.667221 9.9982E-05 0.0180262 0.0469101 9.9982E-05 0.259004
9.995E-05 9.995E-05 9.995E-05 9.995E-05 9.995E-05 9.995E-05 0.9994
9.995E-05 9.995E-05 9.995E-05 9.995E-05 9.995E-05 9.995E-05 0.9994
9.995E-05 9.995E-05 9.995E-05 9.995E-05 9.995E-05 9.995E-05 0.9994
0.013147 9.9955E-05 9.9955E-05 9.9955E-05 9.9955E-05 9.9955E-05 0.986353
9.9955E-05 9.9955E-05 9.9955E-05 9.9955E-05 9.9955E-05 0.0609672 0.938533
9.9964E-05 9.9964E-05 9.9964E-05 0.0114398 9.9964E-05 0.0124838 0.975677
0.00950182 0.722727 9.9982E-05 0.00971471 0.0280058 9.9982E-05 0.229851
0.0659007 0.523018 9.9991E-05 0.0987441 0.0439889 0.0357929 0.232456
9.9964E-05 0.786524 9.9964E-05 9.9964E-05 9.9964E-05 0.000662192 0.212414
9.9964E-05 0.975864 9.9964E-05 9.9964E-05 9.9964E-05 0.018627 0.00510958
9.99551E-05 0.958914 9.99551E-05 9.99551E-05 9.99551E-05 0.0405859 9.99551E-05
9.9964E-05 0.81618 9.9964E-05 9.9964E-05 0.0191471 9.9964E-05 0.164273
9.9973E-05 0.865333 9.9973E-05 0.0199587 9.9973E-05 0.0760709 0.0383379
9.9982E-05 0.850266 9.9982E-05 0.0176122 0.0108503 0.0573958 0.0636755
9.9955E-05 0.930417 9.9955E-05 9.9955E-05 9.9955E-05 9.9955E-05 0.0690829
9.99551E-05 0.933933 9.99551E-05 9.99551E-05 9.99551E-05 9.99551E-05 0.0655673
9.9982E-05 0.856969 0.0320119 9.9982E-05 0.0660287 0.0114223 0.0333686
9.9982E-05 0.873517 9.9982E-05 0.0209512 0.0621684 0.00230189 0.0408614
9.99551E-05 0.979773 9.99551E-05 9.99551E-05 9.99551E-05 9.99551E-05 0.0197275
9.9982E-05 0.818231 0.0252512 0.00961151 9.9982E-05 0.0298272 0.11688
9.9955E-05 0.872496 9.9955E-05 9.9955E-05 9.9955E-05 9.9955E-05 0.127004
9.99641E-05 0.882989 9.99641E-05 9.99641E-05 0.00760137 9.99641E-05 0.10901
0.00958632 0.905586 0.0117005 9.9982E-05 0.0487956 9.9982E-05 0.0241318
0.0230341 0.907345 0.0180401 0.00571976 9.9991E-05 0.0287491 0.0170124
0.0235654 0.790519 0.0502549 0.0390262 0.0127465 9.9991E-05 0.0837875
9.9973E-05 0.810881 9.9973E-05 0.0300673 9.9973E-05 0.129997 0.0287548
9.9955E-05 0.870785 9.9955E-05 9.9955E-05 9.9955E-05 9.9955E-05 0.128715
9.9955E-05 0.914178 9.9955E-05 9.9955E-05 9.9955E-05 0.0853221 9.9955E-05
9.999E-05 0.760028 0.000331877 0.0390438 0.082803 0.112107 0.00558596
0.0527181 0.800488 9.9991E-05 0.0422661 0.0596995 0.00261568 0.0421124
0.039173 0.812863 0.0166742 9.9991E-05 0.0225482 0.0742795 0.0343623
0.0573001 0.683723 0.160844 0.0660686 0.0318635 9.9982E-05 9.9982E-05
9.9982E-05 0.710124 0.111266 0.0924141 0.0706527 0.0153431 9.9982E-05
0.068127 0.676012 0.105593 0.121156 9.9991E-05 0.0128205 0.0161916
0.0432112 0.743152 0.0982098 0.0587537 0.0564732 9.9982E-05 9.9982E-05
0.0125297 0.733034 0.100386 0.0854955 0.0683551 9.9982E-05 9.9982E-05
9.9973E-05 0.900148 0.00678789 0.0606418 0.0321219 9.9973E-05 9.9973E-05
9.9973E-05 0.881711 0.0351919 0.0426416 0.0401553 9.9973E-05 9.9973E-05
9.9982E-05 0.830262 0.0731243 0.0469937 0.0391414 0.0102785 9.9982E-05
9.9982E-05 0.630659 0.150408 0.0775095 0.102873 9.9982E-05 0.0383508
0.036426 0.773194 0.0636169 0.0330342 9.9982E-05 9.9982E-05 0.0935293
0.0511142 0.72715 0.0127845 0.0888872 0.0971429 9.9991E-05 0.0228211
9.9982E-05 0.798332 0.0643044 0.082937 0.0143923 0.0398342 9.9982E-05
9.9973E-05 0.802755 0.035521 0.0535347 0.107889 9.9973E-05 9.9973E-05
9.9991E-05 0.679911 0.0779142 0.0105084 0.0459038 0.123808 0.0618546
0.0455891 0.676914 0.107047 0.0170015 0.00909017 0.116445 0.0279145
0.0346861 0.679192 0.123796 0.139583 0.0225434 9.9982E-05 9.9982E-05
0.0743243 0.587159 0.0676734 0.0983916 0.114197 0.0156752 0.0425798
0.0418463 0.764156 0.05669 9.9982E-05 0.0831391 0.0539685 9.9982E-05
9.9964E-05 0.831232 9.9964E-05 0.0963923 0.0719763 9.9964E-05 9.9964E-05
0.065616 0.7693 9.9982E-05 0.0437309 0.112456 9.9982E-05 0.00869749
0.00125762 0.772817 0.0954276 0.00959148 0.101673 0.0191337 9.9991E-05
0.0306591 0.775527 0.179861 9.9973E-05 0.0136529 9.9973E-05 9.9973E-05
0.0872282 0.643008 0.0695904 0.092427 0.0810081 0.0266381 9.9991E-05
0.0361266 0.597221 0.0953968 0.0547685 0.0783528 0.138034 9.9991E-05
0.0115025 0.815691 0.122978 9.9973E-05 0.049528 9.9973E-05 9.9973E-05
0.0374531 0.623531 0.152411 0.064673 0.0182905 0.103541 9.9991E-05
0.11257 0.682022 0.121587 0.0205666 0.0630552 9.9982E-05 9.9982E-05
0.0308364 0.520874 0.156984 0.0875514 0.0449359 0.148948 0.0098703
0.044709 0.825972 0.0223071 0.0458966 0.053791 0.00722382 9.9991E-05
9.9973E-05 0.629371 0.167192 0.0978344 9.9973E-05 0.105302 9.9973E-05
0.0797663 0.723425 0.0700679 0.100439 9.9982E-05 9.9982E-05 0.0261015
0.0716731 0.618849 0.132766 0.0750782 0.061797 0.039737 9.9991E-05
0.0122729 0.754601 0.0409902 0.053454 0.0933679 0.0092294 0.0360845
0.00338089 0.792436 0.0561554 0.0656903 0.0821374 9.9982E-05 9.9982E-05
0.0365414 0.567608 0.167158 0.0751472 0.0840335 0.0462047 0.0233069
0.0321358 0.721791 0.0560776 0.00387519 0.147477 0.0385428 9.9991E-05
0.0557553 0.780295 0.0655913 0.0698996 9.9982E-05 0.0282593 9.9982E-05
0.145608 0.538458 0.103353 0.0662013 9.9982E-05 0.14618 9.9982E-05
0.143184 0.39952 0.201625 0.0547612 0.0538909 0.146919 9.9991E-05
0.196787 0.358086 0.163916 0.0716839 0.0953447 0.114083 9.9991E-05
0.115003 0.424597 0.239179 0.076612 0.0744987 0.0592509 0.0108587
0.171832 0.40747 0.168224 0.0690308 0.0769528 0.106391 9.9991E-05
0.133077 0.426899 0.196623 0.0527234 0.098002 0.092575 9.9991E-05
0.194109 0.478944 0.137105 0.0223143 0.137927 0.0295001 9.9991E-05
0.231215 0.503367 0.130042 0.0280348 0.0534786 0.053762 9.9991E-05
0.213555 0.465647 0.171795 0.0898381 0.0345182 0.0140689 0.0105779
0.0794917 0.504311 0.161171 0.0946901 0.0866654 0.0421985 0.0314721
0.180529 0.505703 0.181589 9.9982E-05 0.127837 9.9982E-05 0.00414249
0.239289 0.350614 0.17058 0.0617814 0.092075 0.0752829 0.0103773
0.144486 0.354217 0.214042 0.118589 0.148653 0.0199128 9.9991E-05
0.124613 0.453192 0.109795 0.0675269 9.9991E-05 0.218583 0.0261894
0.117481 0.398723 0.201415 0.0680431 9.9991E-05 0.188264 0.0259748
0.215999 0.348966 0.0846071 0.124823 0.22538 9.9991E-05 0.000124262
0.9994 9.995E-05 9.995E-05 9.995E-05 9.995E-05 9.995E-05 9.995E-05
0.944638 0.0014337 0.0127726 9.9982E-05 9.9982E-05 0.0307367 0.0102194
0.876816 0.0337358 9.9991E-05 0.00662063 0.00473994 0.0624163 0.0155716
0.994774 9.9955E-05 9.9955E-05 0.00472588 9.9955E-05 9.9955E-05 9.9955E-05
0.9994 9.995E-05 9.995E-05 9.995E-05 9.995E-05 9.995E-05 9.995E-05
0.9994 9.995E-05 9.995E-05 9.995E-05 9.995E-05 9.995E-05 9.995E-05
0.9994 9.995E-05 9.995E-05 9.995E-05 9.995E-05 9.995E-05 9.995E-05
0.910335 0.0308616 9.9991E-05 0.0258184 0.0105089 0.0144305 0.00794536
0.9994 9.995E-05 9.995E-05 9.995E-05 9.995E-05 9.995E-05 9.995E-05
0.9994 9.995E-05 9.995E-05 9.995E-05 9.995E-05 9.995E-05 9.995E-05
0.117772 0.244317 0.302672 0.0994858 0.131834 0.10382 9.9991E-05
0.896847 0.0349518 9.9982E-05 0.0226573 0.015224 0.0301202 9.9982E-05
0.9994 9.995E-05 9.995E-05 9.995E-05 9.995E-05 9.995E-05 9.995E-05
0.9994 9.995E-05 9.995E-05 9.995E-05 9.995E-05 9.995E-05 9.995E-05
0.16564 0.212309 0.358068 0.0456329 0.142445 0.0758051 9.9991E-05
0.156461 0.298746 0.274936 0.0511945 0.124184 0.0943778 9.9991E-05
0.156618 0.245482 0.254757 0.0578443 0.12532 0.159879 9.9991E-05
0.200063 0.175557 0.287759 0.10158 0.155122 0.0798189 9.9991E-05
0.160602 0.234402 0.310833 0.0688129 0.114336 0.110914 9.9991E-05
0.0973822 0.412369 0.276903 9.9982E-05 0.0394348 0.173712 9.9982E-05
0.197323 0.33121 0.235094 0.0502572 0.0659338 0.120082 9.9991E-05
0.18344 0.316104 0.268693 0.00675782 0.0673417 0.157564 9.9991E-05
0.251456 0.196195 0.217973 0.0881002 0.0950697 0.151105 9.9991E-05
0.254314 0.222298 0.223966 0.0665339 0.0837314 0.149056 9.9991E-05
0.146974 0.368715 0.198726 0.0637612 0.108832 0.112891 9.9991E-05
0.213431 0.367087 0.160078 0.0280735 0.0843298 0.146901 9.9991E-05
0.095503 0.269474 0.262517 0.101779 0.123334 0.147293 9.9991E-05
0.165632 0.313198 0.256901 0.0692145 0.132029 0.0629261 9.9991E-05
9.9973E-05 9.9973E-05 0.942519 0.015117 0.0258569 0.0162074 9.9973E-05
0.00703099 9.9982E-05 0.901274 9.9982E-05 0.048109 0.02629 0.0170958
9.995E-05 9.995E-05 0.9994 9.995E-05 9.995E-05 9.995E-05 9.995E-05
9.995E-05 9.995E-05 0.9994 9.995E-05 9.995E-05 9.995E-05 9.995E-05
9.995E-05 9.995E-05 0.9994 9.995E-05 9.995E-05 9.995E-05 9.995E-05
9.995E-05 9.995E-05 0.9994 9.995E-05 9.995E-05 9.995E-05 9.995E-05
9.9955E-05 9.9955E-05 0.999299 9.9955E-05 9.9955E-05 9.9955E-05 0.000200931
9.9982E-05 0.0725531 0.737594 9.9982E-05 0.0562794 0.0808379 0.0525355
9.995E-05 9.995E-05 0.9994 9.995E-05 9.995E-05 9.995E-05 9.995E-05
9.995E-05 9.995E-05 0.9994 9.995E-05 9.995E-05 9.995E-05 9.995E-05
9.9955E-05 9.9955E-05 0.896395 9.9955E-05 9.9955E-05 0.103106 9.9955E-05
9.9955E-05 9.9955E-05 0.996522 9.9955E-05 9.9955E-05 0.00297843 9.9955E-05
9.9991E-05 0.0640324 0.760972 0.0639426 0.0592433 0.0337431 0.0179664
9.995E-05 9.995E-05 9.995E-05 0.9994 9.995E-05 9.995E-05 9.995E-05
0.220539 0.215094 0.224827 0.132353 0.0962854 0.110803 9.9991E-05
9.995E-05 9.995E-05 9.995E-05 0.9994 9.995E-05 9.995E-05 9.995E-05
9.995E-05 9.995E-05 9.995E-05 0.9994 9.995E-05 9.995E-05 9.995E-05
0.00208356 9.9964E-05 9.9964E-05 0.948766 9.9964E-05 0.0487505 9.9964E-05
0.0233485 0.0900662 0.0368579 0.795671 0.0419526 9.9991E-05 0.0120041
9.995E-05 9.995E-05 9.995E-05 0.9994 9.995E-05 9.995E-05 9.995E-05
0.02442 0.0133153 9.9973E-05 0.898967 9.9973E-05 0.0629974 9.9973E-05
9.995E-05 9.995E-05 9.995E-05 0.9994 9.995E-05 9.995E-05 9.995E-05
9.9964E-05 0.0373635 0.000231 0.962006 9.9964E-05 9.9964E-05 9.9964E-05
9.9973E-05 0.0165471 9.9973E-05 0.973407 9.9973E-05 0.00939034 0.000355634
9.9955E-05 9.9955E-05 9.9955E-05 0.985511 0.0139889 9.9955E-05 9.9955E-05
0.0159945 9.9973E-05 0.0170465 0.963619 9.9973E-05 9.9973E-05 0.00304016
0.0229295 0.0151326 0.0588451 0.835842 0.0560309 0.0111196 9.9991E-05
9.9973E-05 0.0319726 9.9973E-05 0.919282 9.9973E-05 0.0472879 0.00115786
0.00282617 9.9982E-05 0.0201892 0.912632 0.0143531 0.0497997 9.9982E-05
9.9982E-05 9.9982E-05 0.0224909 0.911433 0.0331244 0.0265227 0.00622902
9.9991E-05 0.104331 0.000990255 0.860785 0.015261 0.00327609 0.0152568
9.9955E-05 9.9955E-05 9.9955E-05 0.995731 9.9955E-05 0.0037691 9.9955E-05
0.0935719 0.253492 0.0941819 0.0707627 0.323217 0.15696 0.00781444
0.104847 0.302692 0.0831882 0.0802396 0.262747 0.165028 0.00125823
0.11876 0.217577 0.0662185 0.105561 0.312678 0.170381 0.00882541
0.0973165 0.304871 0.057893 0.0643299 0.304132 0.147846 0.0236119
9.9973E-05 9.9973E-05 0.0262122 0.0149427 9.9973E-05 0.927205 0.0313397
9.995E-05 9.995E-05 9.995E-05 9.995E-05 9.995E-05 0.9994 9.995E-05
0.00173014 9.9964E-05 9.9964E-05 9.9964E-05 0.0085829 0.989287 9.9964E-05
9.995E-05 9.995E-05 9.995E-05 9.995E-05 9.995E-05 0.9994 9.995E-05
9.9973E-05 9.9973E-05 9.9973E-05 0.0306593 0.0165747 0.947842 0.00462381
0.0168787 9.9964E-05 9.9964E-05 9.9964E-05 0.00678472 0.975937 9.9964E-05
0.0277945 0.0024363 9.9973E-05 9.9973E-05 0.0163839 0.953085 9.9973E-05
0.0250056 0.0486547 0.048583 0.0452003 0.0353746 0.766563 0.0306192
0.00836929 0.0795658 9.9991E-05 0.00143348 0.0197679 0.871418 0.0193452
9.9964E-05 9.9964E-05 0.00377769 9.9964E-05 0.993427 9.9964E-05 0.00239515
9.9955E-05 9.9955E-05 9.9955E-05 9.9955E-05 0.996886 0.00261467 9.9955E-05
9.995E-05 9.995E-05 9.995E-05 9.995E-05 0.9994 9.995E-05 9.995E-05
9.995E-05 9.995E-05 9.995E-05 9.995E-05 0.9994 9.995E-05 9.995E-05
9.995E-05 9.995E-05 9.995E-05 9.995E-05 0.9994 9.995E-05 9.995E-05
9.9973E-05 0.0748678 9.9973E-05 9.9973E-05 0.897867 0.0144887 0.0124765
9.995E-05 9.995E-05 9.995E-05 9.995E-05 0.9994 9.995E-05 9.995E-05
9.995E-05 9.995E-05 9.995E-05 9.995E-05 0.9994 9.995E-05 9.995E-05
9.995E-05 9.995E-05 9.995E-05 9.995E-05 0.9994 9.995E-05 9.995E-05
0.00606988 9.9955E-05 9.9955E-05 9.9955E-05 0.99343 9.9955E-05 9.9955E-05
9.995E-05 9.995E-05 9.995E-05 9.995E-05 0.9994 9.995E-05 9.995E-05
9.9955E-05 9.9955E-05 0.0202299 9.9955E-05 0.97927 9.9955E-05 9.9955E-05
