9.995E-05 9.995E-05 9.995E-05 0.9994 9.995E-05 9.995E-05 9.995E-05
0.00268251 9.9991E-05 0.0998536 0.354437 0.0108494 0.486994 0.0450837
9.9973E-05 9.9973E-05 0.053114 0.35424 9.9973E-05 0.486731 0.105616
9.99551E-05 9.99551E-05 9.99551E-05 0.288913 9.99551E-05 0.710587 9.99551E-05
0.0616012 9.9973E-05 9.9973E-05 0.160605 0.0178744 0.759619 9.9973E-05
0.00452368 9.9973E-05 9.9973E-05 0.210315 9.9973E-05 0.76285 0.0220121
9.99551E-05 9.99551E-05 9.99551E-05 0.349174 9.99551E-05 0.650326 9.99551E-05
9.9964E-05 9.9964E-05 9.9964E-05 0.323406 9.9964E-05 0.583613 0.0925807
9.9982E-05 9.9982E-05 0.0161181 0.258738 0.0137771 0.696136 0.0150308
9.995E-05 9.995E-05 9.995E-05 0.9994 9.995E-05 9.995E-05 9.995E-05
9.995E-05 9.995E-05 9.995E-05 0.9994 9.995E-05 9.995E-05 9.995E-05
9.995E-05 9.995E-05 9.995E-05 0.9994 9.995E-05 9.995E-05 9.995E-05
9.995E-05 9.995E-05 9.995E-05 0.9994 9.995E-05 9.995E-05 9.995E-05
0.0335439 9.9964E-05 9.9964E-05 0.946718 9.9964E-05 0.019338 9.9964E-05
0.0203373 9.9973E-05 0.00520569 0.966572 9.9973E-05 9.9973E-05 0.00758522
9.999E-05 0.0364079 0.000318425 0.226278 0.0308908 0.696564 0.00944059
0.117537 9.9982E-05 0.0735495 0.267992 9.9982E-05 0.495467 0.0452554
9.9955E-05 9.9955E-05 9.9955E-05 0.250231 9.9955E-05 0.749269 9.9955E-05
0.0425051 9.9973E-05 9.9973E-05 0.00861715 0.0116587 0.936919 9.9973E-05
0.0387962 9.9964E-05 9.9964E-05 9.9964E-05 0.0163563 0.944448 9.9964E-05
9.9973E-05 9.9973E-05 0.00456357 0.129178 0.0186969 0.847261 9.9973E-05
0.0561997 9.9982E-05 0.00688256 0.0257417 9.9982E-05 0.896779 0.0141974
0.0577341 9.9964E-05 9.9964E-05 0.0235205 9.9964E-05 0.918346 9.9964E-05
0.0216641 9.9964E-05 9.9964E-05 0.0827447 9.9964E-05 0.895191 9.9964E-05
9.99551E-05 9.99551E-05 9.99551E-05 0.0481185 9.99551E-05 0.951382 9.99551E-05
0.0249324 0.0433491 9.9991E-05 0.0177727 0.0251507 0.884381 0.00431384
0.0141737 9.9982E-05 9.9982E-05 0.0469675 0.0926411 0.814206 0.0318119
9.99551E-05 9.99551E-05 9.99551E-05 0.0482739 9.99551E-05 0.951226 9.99551E-05
0.00514389 0.0173536 9.9973E-05 0.086713 9.9973E-05 0.89049 9.9973E-05
9.9955E-05 9.9955E-05 9.9955E-05 0.120409 9.9955E-05 0.879092 9.9955E-05
0.0306118 9.99641E-05 9.99641E-05 0.129323 9.99641E-05 0.839666 9.99641E-05
0.00783778 0.0155085 9.9982E-05 0.0392433 0.0525797 0.884631 9.9982E-05
0.0354095 9.9991E-05 0.00166994 0.0368166 0.0436268 0.877692 0.00468465
0.00160193 0.102716 0.00855363 0.101075 9.9991E-05 0.766825 0.0191284
0.0716534 9.9964E-05 9.9964E-05 0.0187899 9.9964E-05 0.909157 9.9964E-05
9.9955E-05 9.9955E-05 9.9955E-05 0.105998 9.9955E-05 0.893502 9.9955E-05
0.0370429 9.9964E-05 9.9964E-05 9.9964E-05 0.000786201 0.961771 9.9964E-05
0.0585088 0.0310391 0.0114668 0.00934503 0.0556081 0.814212 0.0198199
0.00787467 9.9991E-05 0.0424455 0.0234576 0.102323 0.779747 0.0440524
0.0214389 0.0251088 0.0205013 0.0196594 0.0175545 0.895637 9.9991E-05
9.9982E-05 0.108869 0.110893 9.9982E-05 0.0469853 0.691583 0.0414706
0.0105606 0.0978479 0.0381962 9.9991E-05 0.0501422 0.729404 0.0737487
0.00469951 0.0880052 0.0805744 0.0677866 9.9991E-05 0.672401 0.0864328
9.9982E-05 0.0857913 0.0503096 9.9982E-05 0.03878 0.766054 0.0588655
9.9973E-05 0.092717 9.9973E-05 9.9973E-05 0.0684505 0.762803 0.0757292
9.9964E-05 9.9964E-05 9.9964E-05 9.9964E-05 0.0309718 0.936804 0.0318243
9.9973E-05 0.00981195 9.9973E-05 9.9973E-05 0.0306389 0.92764 0.0316091
0.03031 0.0401063 9.9982E-05 9.9982E-05 0.0270046 0.83679 0.0655895
0.00976366 0.10986 9.9991E-05 0.0763714 0.0702037 0.643978 0.0897238
0.00476845 0.0622093 0.0511026 0.105836 9.9991E-05 0.750094 0.0258894
9.9991E-05 0.0184713 0.0763455 0.0334582 0.0551411 0.740969 0.0755152
0.0252541 0.0538183 9.9982E-05 9.9982E-05 0.0069813 0.829007 0.0847397
0.00337058 0.0402183 0.000132576 9.9991E-05 0.0194131 0.88088 0.0558858
0.0830817 0.0801025 9.9982E-05 0.0511771 0.0878158 0.697623 9.9982E-05
0.0427427 0.101188 0.0517602 0.0472366 0.0415051 0.705778 0.00978884
0.00459563 0.136821 0.0694111 9.9991E-05 0.035615 0.618948 0.134509
9.9991E-05 0.143627 0.0255326 0.0726075 0.100061 0.549289 0.108783
0.0331898 0.0954532 0.0360296 9.9982E-05 0.106631 0.728497 9.9982E-05
9.9964E-05 9.9964E-05 9.9964E-05 9.9964E-05 0.0385643 0.904254 0.0567816
0.0169766 9.9991E-05 0.0691063 0.0163591 0.10961 0.736311 0.0515375
0.0865642 0.0696957 9.9982E-05 9.9982E-05 0.0837478 0.746786 0.0130068
9.9991E-05 0.129428 0.0470438 0.0153578 0.014232 0.787891 0.00594725
0.0392763 0.0900777 0.0930757 9.9991E-05 0.0487004 0.655729 0.0730407
0.11151 0.096339 0.0123555 0.0278553 0.0186448 0.644079 0.0892159
9.9973E-05 0.129585 0.013894 9.9973E-05 0.0402601 0.815961 9.9973E-05
0.111794 0.0582679 0.0620156 9.9991E-05 0.0124295 0.654704 0.100689
9.9982E-05 0.0799987 0.11061 9.9982E-05 0.0481724 0.718305 0.0427135
0.1754 0.120593 0.0426106 0.00806897 9.9991E-05 0.570347 0.0828804
0.0081367 0.0557328 0.0536769 9.9991E-05 0.0392671 0.809473 0.0336135
0.112155 0.129212 0.0234918 9.9982E-05 9.9982E-05 0.669512 0.0654289
9.9982E-05 0.0971364 0.0871382 0.024845 9.9982E-05 0.717717 0.0729631
0.0291294 0.0974166 0.0823074 9.9991E-05 0.0436246 0.67057 0.0768525
0.0274638 0.0557037 0.0168241 0.0587356 0.0640173 0.713489 0.0637665
9.9982E-05 0.0523657 9.9982E-05 0.0253 0.106225 0.777352 0.0385572
0.0473431 0.186193 0.0272704 0.0433808 0.0546495 0.559591 0.0815723
0.0350101 0.0533655 0.0139997 9.9991E-05 0.122997 0.744413 0.0301142
0.00582523 0.0481773 0.0666416 9.9991E-05 0.0529975 0.699512 0.126746
0.120539 0.115183 0.123655 9.9982E-05 9.9982E-05 0.599548 0.0408756
0.131274 0.135811 0.118604 9.9991E-05 0.0898845 0.469969 0.0543574
0.106867 0.170163 0.138168 9.9991E-05 0.102007 0.413617 0.0690791
0.0875513 0.227259 0.0547708 9.9991E-05 0.0978326 0.445948 0.0865382
0.092442 0.156215 0.146525 9.9991E-05 0.0781564 0.433518 0.0930435
0.0900024 0.152248 0.142163 9.9991E-05 0.0726759 0.470109 0.0727015
9.9982E-05 0.173168 0.129404 9.9982E-05 0.103073 0.56867 0.0254861
0.0331837 0.0889567 0.251544 9.9991E-05 0.0939411 0.477157 0.0551171
9.9982E-05 0.113764 0.217189 9.9982E-05 0.0568954 0.507193 0.104759
0.0233407 0.132264 0.0914409 0.0554333 0.0827297 0.499443 0.115349
9.9973E-05 0.158968 0.16375 9.9973E-05 0.100533 0.576449 9.9973E-05
0.0389039 0.0953684 0.190261 9.9991E-05 0.0842392 0.48519 0.105938
0.0414736 0.158466 0.167831 0.000970654 0.130067 0.378958 0.122234
0.219344 0.0906163 0.118005 0.025406 9.9991E-05 0.466955 0.0795737
0.20808 0.12104 0.110401 0.0161904 9.9991E-05 0.4641 0.0800898
0.0237502 0.0841281 0.241244 0.00814176 0.213944 0.318579 0.110212
9.995E-05 9.995E-05 0.9994 9.995E-05 9.995E-05 9.995E-05 9.995E-05
9.9982E-05 0.0179175 0.945804 0.0240112 9.9982E-05 0.00321513 0.00885181
0.0650724 9.9973E-05 0.834926 0.0157445 9.9973E-05 0.0839569 9.9973E-05
9.9955E-05 9.9955E-05 0.978842 9.9955E-05 9.9955E-05 9.9955E-05 0.0206584
9.995E-05 9.995E-05 0.9994 9.995E-05 9.995E-05 9.995E-05 9.995E-05
9.995E-05 9.995E-05 0.9994 9.995E-05 9.995E-05 9.995E-05 9.995E-05
9.995E-05 9.995E-05 0.9994 9.995E-05 9.995E-05 9.995E-05 9.995E-05
9.9964E-05 9.9964E-05 0.912644 9.9964E-05 9.9964E-05 0.0408133 0.0461431
9.995E-05 9.995E-05 0.9994 9.995E-05 9.995E-05 9.995E-05 9.995E-05
9.995E-05 9.995E-05 0.9994 9.995E-05 9.995E-05 9.995E-05 9.995E-05
0.0853846 0.288415 0.0968655 9.9991E-05 0.135926 0.2683 0.12501
0.0208309 9.9973E-05 0.95239 9.9973E-05 0.0158585 0.0106206 9.9973E-05
9.995E-05 9.995E-05 0.9994 9.995E-05 9.995E-05 9.995E-05 9.995E-05
9.9964E-05 0.00557506 0.990818 9.9964E-05 0.00320726 9.9964E-05 9.9964E-05
0.0778144 0.291894 0.148229 9.9991E-05 0.158212 0.279232 0.0445187
0.0728145 0.273287 0.15561 9.9991E-05 0.0999096 0.329623 0.0686557
0.129936 0.244629 0.168818 9.9991E-05 0.0726554 0.301289 0.0825715
0.0789878 0.265093 0.191245 9.9991E-05 0.108448 0.264235 0.091892
0.103337 0.283811 0.150295 9.9991E-05 0.0882058 0.306648 0.0676042
0.193284 0.195994 0.0899846 9.9991E-05 0.0909406 0.381316 0.0483802
0.173698 0.20509 0.174301 9.9991E-05 0.0213425 0.364275 0.0611935
0.145692 0.285006 0.160161 9.9991E-05 0.0622263 0.316745 0.0300692
0.155222 0.138774 0.246447 9.9991E-05 0.0746503 0.302165 0.0826413
0.165879 0.170599 0.217604 9.9991E-05 0.0571325 0.308756 0.0799307
0.087257 0.211903 0.144059 9.9991E-05 0.116991 0.360649 0.0790412
0.182917 0.146376 0.192609 9.9991E-05 0.064323 0.329011 0.084664
0.102016 0.276697 0.066737 0.00860479 0.110378 0.341962 0.0936048
0.0777767 0.285602 0.139103 9.9991E-05 0.0892955 0.298242 0.10988
9.995E-05 9.995E-05 9.995E-05 9.995E-05 9.995E-05 9.995E-05 0.9994
0.0755625 0.225637 0.231721 9.9991E-05 0.0578284 0.299232 0.10992
9.995E-05 9.995E-05 9.995E-05 9.995E-05 9.995E-05 9.995E-05 0.9994
9.995E-05 9.995E-05 9.995E-05 9.995E-05 9.995E-05 9.995E-05 0.9994
0.0518363 9.9973E-05 0.00626743 0.0163963 9.9973E-05 9.9973E-05 0.9252
0.0372378 0.0160468 9.9982E-05 9.9982E-05 0.0410092 0.135344 0.770162
9.995E-05 9.995E-05 9.995E-05 9.995E-05 9.995E-05 9.995E-05 0.9994
0.0648697 0.0131478 9.9991E-05 0.00293544 0.00961083 0.0159211 0.893415
0.0233761 9.99668E-05 0.0143834 9.99668E-05 9.99668E-05 9.99668E-05 0.961841
9.9973E-05 0.0239311 0.00863557 9.9973E-05 9.9973E-05 0.000424899 0.966708
0.0153942 9.9973E-05 9.9973E-05 9.9973E-05 0.00442225 0.024415 0.955469
9.9955E-05 9.9955E-05 9.9955E-05 9.9955E-05 0.034096 9.9955E-05 0.965404
9.9955E-05 0.0390858 9.9955E-05 9.9955E-05 9.9955E-05 9.9955E-05 0.960414
9.9982E-05 0.0686576 0.0331878 9.9982E-05 0.0650254 0.0236053 0.809324
0.0330828 9.9973E-05 9.9973E-05 0.00176056 9.9973E-05 0.00547255 0.959384
0.0362797 0.00347306 0.0384869 9.9991E-05 0.0217881 0.0645635 0.835309
0.0252914 9.9982E-05 0.00371925 9.9982E-05 0.0516738 0.0141552 0.90496
0.00832666 9.9991E-05 0.00965759 0.0238017 0.00840514 0.096512 0.853197
0.000225068 0.059398 9.9973E-05 0.026959 9.9973E-05 9.9973E-05 0.913118
0.0319849 0.945883 9.9973E-05 9.9973E-05 9.9973E-05 0.0125229 0.00930951
0.0472309 0.873851 0.00507096 0.00735068 0.0662967 9.9982E-05 9.9982E-05
9.995E-05 0.9994 9.995E-05 9.995E-05 9.995E-05 9.995E-05 9.995E-05
0.0293364 0.970164 9.9955E-05 9.9955E-05 9.9955E-05 9.9955E-05 9.9955E-05
9.995E-05 0.9994 9.995E-05 9.995E-05 9.995E-05 9.995E-05 9.995E-05
9.995E-05 0.9994 9.995E-05 9.995E-05 9.995E-05 9.995E-05 9.995E-05
9.995E-05 0.9994 9.995E-05 9.995E-05 9.995E-05 9.995E-05 9.995E-05
0.137243 0.797597 9.9964E-05 0.0647595 9.9964E-05 9.9964E-05 9.9964E-05
9.9955E-05 0.992654 9.9955E-05 9.9955E-05 9.9955E-05 9.9955E-05 0.00684658
9.995E-05 0.9994 9.995E-05 9.995E-05 9.995E-05 9.995E-05 9.995E-05
0.090241 0.882683 0.00827535 0.0185008 9.9973E-05 9.9973E-05 9.9973E-05
9.9964E-05 0.980065 0.002327 9.9964E-05 0.0172082 9.9964E-05 9.9964E-05
0.101397 0.734651 0.0208902 9.9991E-05 0.00449317 0.0739355 0.0645331
0.110495 0.102945 0.101969 0.0261702 0.305592 0.253536 0.0992933
0.108521 0.112427 0.0794131 0.0525557 0.33631 0.222207 0.0885667
0.167111 0.094779 0.114423 0.0293224 0.285092 0.218378 0.0908949
0.174055 0.0641808 0.101378 0.0177406 0.297154 0.26177 0.0837208
0.92122 0.0393519 9.9982E-05 9.9982E-05 0.00342944 0.0223077 0.0134908
0.9994 9.995E-05 9.995E-05 9.995E-05 9.995E-05 9.995E-05 9.995E-05
0.968772 9.9964E-05 9.9964E-05 9.9964E-05 0.00877256 9.9964E-05 0.0220552
0.9994 9.995E-05 9.995E-05 9.995E-05 9.995E-05 9.995E-05 9.995E-05
0.989583 9.9955E-05 9.9955E-05 0.00991682 9.9955E-05 9.9955E-05 9.9955E-05
0.962175 9.9964E-05 9.9964E-05 9.9964E-05 0.0274286 9.9964E-05 0.00999655
0.98337 0.00610163 0.010129 9.9964E-05 9.9964E-05 9.9964E-05 9.9964E-05
0.709321 9.9973E-05 9.9973E-05 9.9973E-05 0.0605326 0.222876 0.00697056
0.845792 9.9982E-05 9.9982E-05 0.00764006 0.0106533 0.127257 0.00845764
0.0165395 0.0105693 9.9973E-05 9.9973E-05 0.959905 0.0126866 9.9973E-05
9.995E-05 9.995E-05 9.995E-05 9.995E-05 0.9994 9.995E-05 9.995E-05
9.995E-05 9.995E-05 9.995E-05 9.995E-05 0.9994 9.995E-05 9.995E-05
9.995E-05 9.995E-05 9.995E-05 9.995E-05 0.9994 9.995E-05 9.995E-05
9.995E-05 9.995E-05 9.995E-05 9.995E-05 0.9994 9.995E-05 9.995E-05
0.0383728 9.9982E-05 9.9982E-05 0.000398626 0.874067 0.0598253 0.027136
9.995E-05 9.995E-05 9.995E-05 9.995E-05 0.9994 9.995E-05 9.995E-05
9.995E-05 9.995E-05 9.995E-05 9.995E-05 0.9994 9.995E-05 9.995E-05
9.9955E-05 9.9955E-05 0.00576818 9.9955E-05 0.993732 9.9955E-05 9.9955E-05
9.9982E-05 0.0039787 0.0159187 0.000731446 0.964914 9.9982E-05 0.0142577
9.995E-05 9.995E-05 9.995E-05 9.995E-05 0.9994 9.995E-05 9.995E-05
9.995E-05 9.995E-05 9.995E-05 9.995E-05 0.9994 9.995E-05 9.995E-05
