9.995E-05 9.995E-05 9.995E-05 0.9994 9.995E-05 9.995E-05 9.995E-05
0.0132103 0.0362457 9.9973E-05 0.814836 9.9973E-05 9.9973E-05 0.135408
0.9994 9.995E-05 9.995E-05 9.995E-05 9.995E-05 9.995E-05 9.995E-05
0.734002 0.00668282 9.9973E-05 9.9973E-05 0.133127 9.9973E-05 0.125889
0.0369426 0.00695532 0.0654554 0.818272 9.9991E-05 0.027569 0.0447055
0.0218115 9.9964E-05 9.9964E-05 0.857204 0.120584 9.9964E-05 9.9964E-05
0.00659778 0.0260493 0.0234294 0.885282 9.9982E-05 9.9982E-05 0.0584419
9.9973E-05 0.00712895 9.9973E-05 0.885598 0.0366122 0.0703606 9.9973E-05
0.383522 0.00521923 9.9982E-05 0.353664 0.0270481 0.230347 9.9982E-05
0.00546322 0.019895 0.188254 0.559693 0.0794148 0.114251 0.0330283
0.00702511 0.0675668 9.9973E-05 9.9973E-05 0.88549 0.0396177 9.9973E-05
9.9955E-05 9.9955E-05 0.0637206 9.9955E-05 0.93578 9.9955E-05 9.9955E-05
0.0297759 9.9973E-05 9.9973E-05 0.154161 0.784641 0.0311215 9.9973E-05
0.0705228 0.0431588 0.0806928 9.9982E-05 0.739131 9.9982E-05 0.0662947
0.0743271 0.0477526 0.253964 0.015235 0.554491 0.0338269 0.0204037
9.9964E-05 9.9964E-05 9.9964E-05 0.0739506 0.899512 9.9964E-05 0.0261373
9.995E-05 9.995E-05 9.995E-05 9.995E-05 0.9994 9.995E-05 9.995E-05
0.0514229 9.9964E-05 9.9964E-05 9.9964E-05 0.747139 9.9964E-05 0.201038
0.0126215 0.0293183 0.0844422 9.9991E-05 0.771007 0.0665358 0.0359748
0.106899 9.9964E-05 9.9964E-05 9.9964E-05 0.889972 0.00272973 9.9964E-05
9.9982E-05 9.9982E-05 0.0642623 0.0482595 0.773194 0.071519 0.042565
9.9964E-05 9.9964E-05 0.100159 0.337404 0.562037 9.9964E-05 9.9964E-05
9.9955E-05 0.000510929 9.9955E-05 9.9955E-05 0.998989 9.9955E-05 9.9955E-05
9.9964E-05 9.9964E-05 9.9964E-05 0.0143034 0.86098 9.9964E-05 0.124317
0.0158983 0.010571 0.181411 9.9982E-05 0.63438 9.9982E-05 0.157539
9.9973E-05 9.9973E-05 0.0467914 0.12494 0.575267 9.9973E-05 0.252703
9.9973E-05 9.9973E-05 0.133652 9.9973E-05 0.561111 0.232237 0.0727002
0.0554519 0.0144551 0.0948906 9.9982E-05 0.451841 9.9982E-05 0.383161
9.9973E-05 9.9973E-05 0.221401 0.0204751 0.491904 9.9973E-05 0.265919
0.0407647 9.9973E-05 0.0308406 9.9973E-05 0.552849 9.9973E-05 0.375246
0.174038 9.9973E-05 0.205977 9.9973E-05 9.9973E-05 0.275881 0.343803
0.185082 9.9991E-05 0.0549104 0.0473676 0.13897 0.435581 0.13799
0.0161205 9.9964E-05 0.89993 9.9964E-05 9.9964E-05 9.9964E-05 0.0835499
9.9955E-05 9.9955E-05 0.965112 9.9955E-05 9.9955E-05 0.034388 9.9955E-05
9.9955E-05 9.9955E-05 0.802693 9.9955E-05 0.196807 9.9955E-05 9.9955E-05
0.0435143 9.9964E-05 0.94278 9.9964E-05 9.9964E-05 9.9964E-05 0.0133061
0.00207713 9.9964E-05 0.796604 0.200919 9.9964E-05 9.9964E-05 9.9964E-05
9.9973E-05 9.9973E-05 0.594518 0.0423137 0.121399 9.9973E-05 0.241469
9.9955E-05 0.0152596 0.984241 9.9955E-05 9.9955E-05 9.9955E-05 9.9955E-05
9.999E-05 0.0199699 0.597018 0.0261731 0.0168967 0.027803 0.312039
0.0134003 9.9964E-05 0.949565 0.0366346 9.9964E-05 9.9964E-05 9.9964E-05
0.0473715 0.00187984 0.402244 0.031419 0.097871 0.0729675 0.346247
9.9955E-05 9.9955E-05 0.889879 9.9955E-05 9.9955E-05 9.9955E-05 0.109621
9.9982E-05 0.000985832 0.843724 9.9982E-05 0.0686201 0.0434204 0.0430502
0.0194248 9.9982E-05 0.0381534 9.9982E-05 0.0517061 0.675125 0.215391
9.999E-05 0.0126329 0.00164309 0.0552046 0.0524551 0.764418 0.113546
9.9982E-05 0.0330122 0.176906 9.9982E-05 0.0152619 0.666383 0.108237
9.9955E-05 9.9955E-05 9.9955E-05 9.9955E-05 9.9955E-05 0.960819 0.0386815
0.0784663 0.00492901 0.348185 0.0292165 0.0453666 0.493737 9.9991E-05
0.0481784 9.9982E-05 0.424831 0.0424849 9.9982E-05 0.378387 0.105918
0.0121857 9.9964E-05 9.9964E-05 9.9964E-05 9.9964E-05 0.767675 0.219739
9.9964E-05 9.9964E-05 9.9964E-05 0.00143491 0.0036675 0.994498 9.9964E-05
9.9964E-05 0.0105847 9.9964E-05 9.9964E-05 9.9964E-05 0.824235 0.16478
9.9973E-05 9.9973E-05 0.104152 9.9973E-05 0.0136845 0.787879 0.0939846
9.9964E-05 9.9964E-05 0.133264 9.9964E-05 9.9964E-05 0.857369 0.00896755
9.9955E-05 0.0686871 9.9955E-05 9.9955E-05 9.9955E-05 0.930813 9.9955E-05
0.0365146 0.00695504 9.9982E-05 9.9982E-05 0.0696335 0.092605 0.794092
0.00413468 9.9991E-05 0.0246806 0.0418284 0.0157179 0.126841 0.786697
0.0582347 9.9982E-05 9.9982E-05 0.0532009 0.0618501 0.0496907 0.776824
9.9973E-05 9.9973E-05 0.0921103 0.187054 9.9973E-05 0.0536331 0.666902
9.9973E-05 9.9973E-05 9.9973E-05 0.0352238 0.0107683 0.111208 0.8425
0.0620319 0.0734616 0.339789 0.00547972 9.9982E-05 9.9982E-05 0.519038
9.9964E-05 9.9964E-05 0.161054 0.0162552 9.9964E-05 9.9964E-05 0.82229
9.99551E-05 0.0295881 9.99551E-05 9.99551E-05 9.99551E-05 9.99551E-05 0.969912
9.9973E-05 0.0127779 0.15132 9.9973E-05 0.0192636 9.9973E-05 0.816339
9.995E-05 9.995E-05 9.995E-05 9.995E-05 9.995E-05 9.995E-05 0.9994
9.9955E-05 0.00557508 9.9955E-05 9.9955E-05 9.9955E-05 9.9955E-05 0.993925
0.00923985 9.9964E-05 9.9964E-05 9.9964E-05 0.0340302 9.9964E-05 0.95633
9.99662E-05 0.00541437 0.00167703 9.99662E-05 9.99662E-05 9.99662E-05 0.992509
0.0220754 9.9955E-05 9.9955E-05 9.9955E-05 9.9955E-05 9.9955E-05 0.977425
9.9964E-05 0.00679752 0.0236075 9.9964E-05 9.9964E-05 9.9964E-05 0.969195
9.9982E-05 0.0163009 0.170366 0.111776 9.9982E-05 0.0377023 0.663655
0.0507076 9.9964E-05 9.9964E-05 9.9964E-05 9.9964E-05 0.0171006 0.931792
9.9991E-05 0.0503465 0.139186 0.0539727 0.0313105 0.00433883 0.720745
9.9991E-05 0.499032 0.0541915 0.00232296 0.053577 0.0296968 0.36108
9.995E-05 0.9994 9.995E-05 9.995E-05 9.995E-05 9.995E-05 9.995E-05
9.9982E-05 0.0289266 0.194852 9.9982E-05 0.0261844 0.0429199 0.706918
