9.995E-05 9.995E-05 9.995E-05 9.995E-05 9.995E-05 0.9994 9.995E-05
0.483996 9.9973E-05 0.0643014 9.9973E-05 9.9973E-05 0.347671 0.103732
0.495187 9.9973E-05 0.104884 9.9973E-05 9.9973E-05 0.345966 0.0536631
0.737428 9.99551E-05 9.99551E-05 9.99551E-05 9.99551E-05 0.262073 9.99551E-05
0.768714 9.9973E-05 9.9973E-05 0.016434 0.0236805 0.190871 9.9973E-05
0.773942 9.9964E-05 0.0184727 9.9964E-05 9.9964E-05 0.207185 9.9964E-05
0.630345 9.9955E-05 9.9955E-05 9.9955E-05 9.9955E-05 0.369155 9.9955E-05
0.581238 9.9973E-05 0.0617275 9.9973E-05 9.9973E-05 0.340454 0.0162805
0.658747 9.9973E-05 0.0491614 9.9973E-05 9.9973E-05 0.279104 0.012687
9.995E-05 9.995E-05 9.995E-05 9.995E-05 9.995E-05 0.9994 9.995E-05
9.995E-05 9.995E-05 9.995E-05 9.995E-05 9.995E-05 0.9994 9.995E-05
9.995E-05 9.995E-05 9.995E-05 9.995E-05 9.995E-05 0.9994 9.995E-05
9.995E-05 9.995E-05 9.995E-05 9.995E-05 9.995E-05 0.9994 9.995E-05
0.0423574 0.0125772 9.9973E-05 9.9973E-05 0.0507764 0.893989 9.9973E-05
9.9982E-05 0.0194342 0.00630705 9.9982E-05 0.0207038 0.942776 0.0105791
0.747521 9.9973E-05 0.0467695 0.0281346 9.9973E-05 0.177275 9.9973E-05
0.514289 9.9991E-05 0.0846826 0.0650541 0.0513882 0.251387 0.0330989
0.758012 9.9955E-05 9.9955E-05 9.9955E-05 9.9955E-05 0.241488 9.9955E-05
0.978275 9.99551E-05 9.99551E-05 9.99551E-05 0.0212254 9.99551E-05 9.99551E-05
0.977714 9.99641E-05 9.99641E-05 0.0196084 0.00227756 9.99641E-05 9.99641E-05
0.863489 9.9964E-05 9.9964E-05 0.0108958 9.9964E-05 0.125215 9.9964E-05
0.849368 9.9982E-05 0.0371569 9.9982E-05 0.0750646 0.0331794 0.00503101
0.88819 9.9964E-05 9.9964E-05 9.9964E-05 0.0487658 0.0626438 9.9964E-05
0.89766 9.9964E-05 9.9964E-05 9.9964E-05 0.0264157 0.0755248 9.9964E-05
0.950186 9.99551E-05 9.99551E-05 9.99551E-05 9.99551E-05 0.0493138 9.99551E-05
0.860625 0.0292005 9.9982E-05 0.0133456 0.0510603 0.0455691 9.9982E-05
0.826292 9.9982E-05 0.0447675 0.0656039 0.022777 0.0403598 9.9982E-05
0.944938 9.99551E-05 9.99551E-05 9.99551E-05 9.99551E-05 0.0545618 9.99551E-05
0.845901 0.021159 9.9973E-05 9.9973E-05 0.0126048 0.120036 9.9973E-05
0.869567 9.9955E-05 9.9955E-05 9.9955E-05 9.9955E-05 0.129934 9.9955E-05
0.874544 9.9973E-05 9.9973E-05 0.00443646 0.0314549 0.0892645 9.9973E-05
0.915011 9.9964E-05 9.9964E-05 0.0162879 9.9964E-05 0.0683011 9.9964E-05
0.919853 9.9973E-05 0.0203549 9.9973E-05 0.0180549 0.0414374 9.9973E-05
0.76649 0.0556031 0.0649854 0.000174608 0.00421767 0.0937423 0.0147872
0.844415 9.9973E-05 0.0635698 9.9973E-05 0.0455091 0.046206 9.9973E-05
0.860556 9.9955E-05 9.9955E-05 9.9955E-05 9.9955E-05 0.138944 9.9955E-05
0.934608 9.9982E-05 0.00876408 0.0121865 0.0428596 9.9982E-05 0.00138232
0.80809 0.0173493 0.0456837 0.0171745 0.0714017 0.0268547 0.0134463
0.784958 9.9982E-05 0.0517679 0.0810871 9.9982E-05 0.029593 0.0523939
0.901907 0.00191081 9.9991E-05 0.0239584 0.0304462 0.0197358 0.0219423
0.675417 0.130033 0.0521869 0.0643435 9.9982E-05 9.9982E-05 0.0778196
0.717915 0.0920908 0.0564888 0.107485 9.9982E-05 9.9982E-05 0.0258197
0.672558 0.10427 0.111891 9.9982E-05 9.9982E-05 0.056731 0.05435
0.752482 0.104227 0.0616783 0.0278427 9.9982E-05 9.9982E-05 0.0535699
0.732698 0.119668 0.0714357 0.06533 0.00336924 9.9991E-05 0.00739871
0.878229 0.00167608 0.0580443 0.0617503 9.9973E-05 9.9973E-05 9.9973E-05
0.862326 0.0251365 0.0478126 0.0644252 9.9973E-05 9.9973E-05 9.9973E-05
0.872483 0.0350864 0.0337469 0.0403447 0.018139 9.9982E-05 9.9982E-05
0.633915 0.135292 0.0520252 0.109343 0.0234149 0.0459101 9.9991E-05
0.771923 0.054668 0.02129 9.9982E-05 9.9982E-05 0.111057 0.0408618
0.753377 0.0389938 0.0547211 0.0772142 9.9991E-05 0.0126451 0.0629486
0.839197 0.017943 0.0803585 0.0405211 0.0217805 9.9982E-05 9.9982E-05
0.739223 0.0687856 0.0355248 0.156167 9.9973E-05 9.9973E-05 9.9973E-05
0.678241 0.121289 0.0123308 0.0734618 0.0899164 9.9991E-05 0.0246607
0.684307 0.094929 0.0140651 0.04054 0.0509709 0.0365566 0.0786312
0.701067 0.118621 0.113785 0.0283905 0.00310532 9.9991E-05 0.0349299
0.603074 0.0845587 0.0798457 0.1009 0.0413197 0.0902023 9.9991E-05
0.760816 0.0561465 9.9982E-05 0.110578 0.0164545 9.9982E-05 0.0558053
0.807081 0.0897369 0.042195 0.0606871 9.9973E-05 9.9973E-05 9.9973E-05
0.7597 0.0293573 0.0289129 0.125089 9.9991E-05 0.00402051 0.0528202
0.695518 0.117437 0.0137505 0.139985 0.0164321 9.9991E-05 0.0167774
0.697444 0.186929 0.0137106 0.0214923 0.00215447 9.9991E-05 0.0781699
0.762507 0.0481338 0.0563264 0.0682692 9.9991E-05 0.00359361 0.0610705
0.625585 0.0871316 0.0890485 0.0518777 0.101777 9.9991E-05 0.04448
0.815611 0.131052 9.9973E-05 0.0412544 9.9973E-05 9.9973E-05 0.0117822
0.666809 0.0969529 0.10197 0.0209596 0.0694162 9.9991E-05 0.0437922
0.695258 0.106961 0.0259868 0.051508 0.0103815 9.9991E-05 0.109804
0.59014 0.100281 0.102047 9.9991E-05 0.176381 0.00480512 0.0262456
0.837452 0.0191903 0.0442968 0.0386188 0.0261697 9.9991E-05 0.0341726
0.730031 0.131757 0.0761641 0.0109074 0.0376191 9.9991E-05 0.0134214
0.682692 0.0959489 0.101094 9.9982E-05 9.9982E-05 0.033575 0.0864902
0.637869 0.110134 0.0944835 0.018478 0.0357624 9.9991E-05 0.103173
0.805641 0.0291949 0.0535821 0.0604516 9.9991E-05 0.0474443 0.00358629
0.804621 0.0653466 0.0361059 0.0835816 9.9991E-05 0.00236207 0.0078832
0.582125 0.189064 0.0925025 0.0557488 0.0530081 0.0100698 0.0174818
0.712103 0.0732932 0.0198577 0.116653 0.0562246 9.9991E-05 0.0217685
0.732914 0.0404743 0.0689608 0.0169988 0.0377366 9.9991E-05 0.102815
0.560319 0.0575071 0.0462336 9.9982E-05 0.160949 9.9982E-05 0.174792
0.418388 0.147868 0.0885881 0.0914367 0.12195 9.9991E-05 0.13167
0.435462 0.178464 0.0432992 0.0529674 0.13709 9.9991E-05 0.152617
0.416371 0.226147 0.0951869 0.0533358 0.111671 9.9991E-05 0.0971882
0.419315 0.146019 0.0781583 0.0566936 0.103962 9.9991E-05 0.195753
0.516793 0.136815 0.0858581 0.0609058 0.0872333 9.9991E-05 0.112295
0.495189 0.164476 0.0302579 0.0926204 0.0332359 0.00549505 0.178725
0.461486 0.123603 0.0566623 0.0882482 0.0203414 9.9991E-05 0.249559
0.426376 0.123728 0.126664 0.069952 0.0301719 0.00932486 0.213784
0.514597 0.122495 0.0847764 0.055939 0.0578937 0.0448272 0.119471
0.562022 0.190554 0.0017272 0.0803113 9.9982E-05 9.9982E-05 0.165185
0.351403 0.156992 0.103787 0.0710576 0.126427 9.9991E-05 0.190235
0.431856 0.140862 0.113663 0.127966 0.0255744 9.9991E-05 0.15998
0.441244 0.116552 0.0940442 0.0129459 0.213739 0.0157371 0.105738
0.458838 0.164542 0.0635438 9.9991E-05 0.216037 0.0175104 0.0794292
0.339069 0.12814 0.0909307 0.176915 0.0392379 9.9991E-05 0.225607
9.995E-05 9.995E-05 9.995E-05 9.995E-05 9.995E-05 9.995E-05 0.9994
0.0243831 0.0248126 0.00347272 9.9982E-05 9.9982E-05 0.00967206 0.93746
0.0215433 9.9973E-05 9.9973E-05 9.9973E-05 0.0330922 0.0342416 0.910823
9.9955E-05 9.9955E-05 0.0156611 9.9955E-05 9.9955E-05 9.9955E-05 0.983839
9.995E-05 9.995E-05 9.995E-05 9.995E-05 9.995E-05 9.995E-05 0.9994
9.995E-05 9.995E-05 9.995E-05 9.995E-05 9.995E-05 9.995E-05 0.9994
9.995E-05 9.995E-05 9.995E-05 9.995E-05 9.995E-05 9.995E-05 0.9994
0.0486983 9.9964E-05 9.9964E-05 9.9964E-05 0.0190199 9.9964E-05 0.931882
9.995E-05 9.995E-05 9.995E-05 9.995E-05 9.995E-05 9.995E-05 0.9994
9.995E-05 9.995E-05 9.995E-05 9.995E-05 9.995E-05 9.995E-05 0.9994
0.236294 0.37164 0.114039 0.0929479 0.104233 0.00580866 0.0750374
0.0112192 0.0128901 9.9982E-05 0.0457247 0.0387385 9.9982E-05 0.891227
9.9955E-05 9.9955E-05 9.9955E-05 0.0263973 9.9955E-05 9.9955E-05 0.973103
9.9955E-05 9.9955E-05 9.9955E-05 9.9955E-05 9.9955E-05 0.007594 0.991906
0.258164 0.324413 0.0488185 0.117664 0.106202 9.9991E-05 0.144639
0.286314 0.284104 0.0812263 0.0787642 0.101338 9.9991E-05 0.168153
0.282323 0.268056 0.055805 0.0826294 0.155763 9.9991E-05 0.155324
0.26465 0.266227 0.0648646 0.108357 0.099109 9.9991E-05 0.196692
0.300124 0.290646 0.0858195 0.0504299 0.124908 9.9991E-05 0.147972
0.431726 0.244909 9.9982E-05 0.0483172 0.182865 9.9982E-05 0.091983
0.354423 0.219689 0.0362892 0.0846245 0.163181 9.9991E-05 0.141694
0.266025 0.286245 0.0327109 0.0625234 0.169766 9.9991E-05 0.18263
0.284465 0.158356 0.0819144 0.050906 0.143451 9.9991E-05 0.280807
0.281769 0.20118 0.0693878 0.0429064 0.162271 9.9991E-05 0.242386
0.363874 0.173787 0.0652431 0.104938 0.140488 9.9991E-05 0.15157
0.34006 0.139791 0.0438662 0.0695888 0.157412 0.00334198 0.24594
0.328133 0.232066 0.0985351 0.0918568 0.159484 0.00417402 0.0857512
0.355094 0.287602 0.0618461 0.0624756 0.0783612 9.9991E-05 0.154522
0.00146071 0.919236 0.0545658 0.00711296 0.0174246 9.9982E-05 9.9982E-05
9.9982E-05 0.851238 9.9982E-05 0.0716822 0.0390151 0.0135182 0.0243466
9.995E-05 0.9994 9.995E-05 9.995E-05 9.995E-05 9.995E-05 9.995E-05
9.9955E-05 0.988281 9.9955E-05 0.0112194 9.9955E-05 9.9955E-05 9.9955E-05
9.9955E-05 0.997482 0.00201867 9.9955E-05 9.9955E-05 9.9955E-05 9.9955E-05
9.995E-05 0.9994 9.995E-05 9.995E-05 9.995E-05 9.995E-05 9.995E-05
9.995E-05 0.9994 9.995E-05 9.995E-05 9.995E-05 9.995E-05 9.995E-05
0.0385101 0.785166 0.00689086 0.0249772 0.121201 0.0231545 9.9991E-05
9.995E-05 0.9994 9.995E-05 9.995E-05 9.995E-05 9.995E-05 9.995E-05
9.995E-05 0.9994 9.995E-05 9.995E-05 9.995E-05 9.995E-05 9.995E-05
9.9973E-05 0.898234 9.9973E-05 9.9973E-05 0.0702115 0.0128858 0.0183683
9.995E-05 0.9994 9.995E-05 9.995E-05 9.995E-05 9.995E-05 9.995E-05
0.071838 0.725441 0.0888533 0.0253555 0.0872018 9.9991E-05 0.00121014
9.995E-05 9.995E-05 0.9994 9.995E-05 9.995E-05 9.995E-05 9.995E-05
0.279271 0.202291 0.167651 0.0578131 0.0694405 9.9991E-05 0.223433
9.995E-05 9.995E-05 0.9994 9.995E-05 9.995E-05 9.995E-05 9.995E-05
9.995E-05 9.995E-05 0.9994 9.995E-05 9.995E-05 9.995E-05 9.995E-05
9.9973E-05 9.9973E-05 0.900351 9.9973E-05 0.0570878 0.0206207 0.0216404
0.0829489 0.0185129 0.768944 0.0586759 9.9991E-05 0.000112311 0.070706
9.995E-05 9.995E-05 0.9994 9.995E-05 9.995E-05 9.995E-05 9.995E-05
0.0385313 0.0192327 0.882422 0.000143822 0.0594703 9.9982E-05 9.9982E-05
9.9955E-05 9.9955E-05 0.996111 9.9955E-05 9.9955E-05 9.9955E-05 0.00338938
9.9964E-05 0.0260113 0.971574 0.00201441 9.9964E-05 9.9964E-05 9.9964E-05
9.995E-05 9.995E-05 0.9994 9.995E-05 9.995E-05 9.995E-05 9.995E-05
0.00491525 0.0201962 0.972921 9.9973E-05 9.9973E-05 0.00166783 9.9973E-05
0.0110323 0.0165085 0.972059 9.9964E-05 9.9964E-05 9.9964E-05 9.9964E-05
9.9982E-05 0.0601509 0.846332 0.0507343 0.00517393 9.9982E-05 0.0374087
9.9964E-05 9.9964E-05 0.94483 9.9964E-05 0.0399694 0.0148005 9.9964E-05
0.02765 0.00487498 0.858097 9.9991E-05 0.039419 0.00615874 0.0637005
0.0157808 0.00922396 0.859382 0.0888386 0.0265745 9.9982E-05 9.9982E-05
0.00958409 9.9973E-05 0.915903 0.0558924 9.9973E-05 0.0183211 9.9973E-05
0.0256015 0.0128865 0.951446 9.9973E-05 0.00976587 9.9973E-05 9.9973E-05
0.236945 0.117237 0.0880343 0.305614 0.136817 0.0279466 0.087407
0.22415 0.144325 0.116127 0.31198 0.0962145 0.035116 0.072088
0.188539 0.0535389 0.108076 0.321159 0.154931 0.0504899 0.123267
0.226842 0.0979846 0.0919119 0.296672 0.141791 0.0429483 0.101851
9.9982E-05 0.020694 9.9982E-05 0.0581411 0.899663 0.014329 0.00697258
9.995E-05 9.995E-05 9.995E-05 9.995E-05 0.9994 9.995E-05 9.995E-05
9.9955E-05 9.9955E-05 0.00828027 9.9955E-05 0.99122 9.9955E-05 9.9955E-05
9.995E-05 9.995E-05 9.995E-05 9.995E-05 0.9994 9.995E-05 9.995E-05
9.9955E-05 9.9955E-05 9.9955E-05 0.0144471 0.985053 9.9955E-05 9.9955E-05
9.9964E-05 9.9964E-05 0.0251775 0.0213185 0.953104 9.9964E-05 9.9964E-05
9.9982E-05 0.0032651 9.9982E-05 0.00970878 0.963553 0.00294018 0.0203333
0.160095 0.00181993 0.0312758 9.9982E-05 0.7498 0.0568093 9.9982E-05
0.0931279 0.0183424 0.0517372 9.9982E-05 0.832741 9.9982E-05 0.00385157
9.995E-05 9.995E-05 9.995E-05 0.9994 9.995E-05 9.995E-05 9.995E-05
9.995E-05 9.995E-05 9.995E-05 0.9994 9.995E-05 9.995E-05 9.995E-05
9.995E-05 9.995E-05 9.995E-05 0.9994 9.995E-05 9.995E-05 9.995E-05
9.9973E-05 9.9973E-05 0.01347 0.969291 0.0129139 0.00402495 9.9973E-05
9.995E-05 9.995E-05 9.995E-05 0.9994 9.995E-05 9.995E-05 9.995E-05
0.0968739 0.00345905 0.0184957 0.860293 0.0206781 9.9982E-05 9.9982E-05
9.995E-05 9.995E-05 9.995E-05 0.9994 9.995E-05 9.995E-05 9.995E-05
9.995E-05 9.995E-05 9.995E-05 0.9994 9.995E-05 9.995E-05 9.995E-05
9.995E-05 9.995E-05 9.995E-05 0.9994 9.995E-05 9.995E-05 9.995E-05
9.9964E-05 0.0170455 0.0032836 0.979271 9.9964E-05 9.9964E-05 9.9964E-05
9.9964E-05 9.9964E-05 9.9964E-05 0.992286 0.00582976 9.9964E-05 0.00148405
9.995E-05 9.995E-05 9.995E-05 0.9994 9.995E-05 9.995E-05 9.995E-05
