9.99281E-05 9.99281E-05 9.99281E-05 0.100095 0.899106 9.99281E-05 9.99281E-05 9.99281E-05 9.99281E-05 9.99281E-05
9.9955E-05 9.9955E-05 9.9955E-05 0.434838 0.260718 9.9955E-05 0.0577118 9.9955E-05 0.0277883 0.218444
9.9928E-05 0.012636 9.9928E-05 9.9928E-05 0.986565 9.9928E-05 9.9928E-05 9.9928E-05 9.9928E-05 9.9928E-05
0.22672 0.00783066 9.9973E-05 9.9973E-05 0.601313 0.0775175 0.0426787 0.014654 9.9973E-05 0.0289861
0.0218203 9.9946E-05 9.9946E-05 0.95969 9.9946E-05 9.9946E-05 9.9946E-05 0.00508969 0.0128002 9.9946E-05
9.9937E-05 9.9937E-05 9.9937E-05 0.724521 0.216846 0.0579338 9.9937E-05 9.9937E-05 9.9937E-05 9.9937E-05
9.9955E-05 9.9955E-05 0.0652906 0.85048 0.0324742 9.9955E-05 9.9955E-05 9.9955E-05 0.024222 0.0270332
9.9928E-05 9.9928E-05 9.9928E-05 0.979773 9.9928E-05 0.0194274 9.9928E-05 9.9928E-05 9.9928E-05 9.9928E-05
0.08389 0.231508 9.9964E-05 0.446573 0.171895 0.0107979 0.0549362 9.9964E-05 9.9964E-05 9.9964E-05
9.9973E-05 0.0402136 0.0350759 9.9973E-05 0.664485 0.0122921 0.00981301 0.158724 0.0790963 9.9973E-05
0.94941 9.9937E-05 9.9937E-05 0.00155681 9.9937E-05 0.048334 9.9937E-05 9.9937E-05 9.9937E-05 9.9937E-05
9.99201E-05 9.99201E-05 0.999101 9.99201E-05 9.99201E-05 9.99201E-05 9.99201E-05 9.99201E-05 9.99201E-05 9.99201E-05
0.0661846 9.9955E-05 0.717383 0.0589941 0.15461 0.00232928 9.9955E-05 9.9955E-05 9.9955E-05 9.9955E-05
9.9937E-05 9.9937E-05 0.971925 9.9937E-05 9.9937E-05 9.9937E-05 0.00835526 9.9937E-05 0.0190204 9.9937E-05
0.395217 9.9955E-05 0.453685 9.9955E-05 0.0348123 9.9955E-05 9.9955E-05 9.9955E-05 0.0384318 0.0773537
0.0597548 9.9955E-05 0.36989 9.9955E-05 9.9955E-05 0.0434664 9.9955E-05 9.9955E-05 0.012319 0.51407
0.0400068 9.9928E-05 9.9928E-05 9.9928E-05 9.9928E-05 0.959194 9.9928E-05 9.9928E-05 9.9928E-05 9.9928E-05
0.00317172 0.122681 0.054493 9.9982E-05 0.00883002 0.361415 0.2109 0.0195 9.9982E-05 0.218809
0.396596 0.117993 0.456809 9.9964E-05 9.9964E-05 0.00666318 9.9964E-05 0.00757735 0.0139616 9.9964E-05
9.99465E-05 0.055346 0.501383 9.99465E-05 9.99465E-05 0.234247 9.99465E-05 9.99465E-05 9.99465E-05 0.208424
9.9973E-05 0.0110709 0.330502 9.9973E-05 0.121769 0.382358 0.147523 0.00177981 9.9973E-05 0.00469742
9.9937E-05 0.0356028 9.9937E-05 0.0481262 9.9937E-05 9.9937E-05 9.9937E-05 9.9937E-05 9.9937E-05 0.915571
9.99201E-05 9.99201E-05 9.99201E-05 9.99201E-05 9.99201E-05 9.99201E-05 9.99201E-05 9.99201E-05 9.99201E-05 0.999101
9.99201E-05 9.99201E-05 9.99201E-05 9.99201E-05 9.99201E-05 0.999101 9.99201E-05 9.99201E-05 9.99201E-05 9.99201E-05
0.111454 0.0721823 0.68448 9.9955E-05 0.00765937 9.9955E-05 0.123725 9.9955E-05 9.9955E-05 9.9955E-05
9.9928E-05 9.9928E-05 0.850632 9.9928E-05 9.9928E-05 9.9928E-05 0.148569 9.9928E-05 9.9928E-05 9.9928E-05
0.671435 0.152952 9.9946E-05 9.9946E-05 9.9946E-05 0.0598347 9.9946E-05 0.115178 9.9946E-05 9.9946E-05
0.439982 0.0270832 0.0314363 9.9973E-05 0.0668015 9.9973E-05 0.308215 9.9973E-05 0.00245975 0.123723
0.356792 0.159071 0.227855 0.0337172 9.9964E-05 9.9964E-05 0.179024 9.9964E-05 9.9964E-05 0.0431415
0.983487 9.9928E-05 9.9928E-05 9.9928E-05 9.9928E-05 9.9928E-05 0.0157133 9.9928E-05 9.9928E-05 9.9928E-05
0.0338778 0.77291 9.9946E-05 9.9946E-05 0.00880142 9.9946E-05 0.183811 9.9946E-05 9.9946E-05 9.9946E-05
0.0962754 0.572566 9.9973E-05 9.9973E-05 0.133779 9.9973E-05 0.0876028 0.0812756 0.00280909 0.0253926
9.9946E-05 0.794442 0.0373587 9.9946E-05 9.9946E-05 9.9946E-05 0.131209 9.9946E-05 9.9946E-05 0.0363912
0.088684 0.575431 9.9946E-05 9.9946E-05 9.9946E-05 0.11067 9.9946E-05 0.224616 9.9946E-05 9.9946E-05
0.136299 0.75641 0.0648259 9.9964E-05 9.9964E-05 9.9964E-05 0.019118 9.9964E-05 0.00526875 0.0176785
9.9946E-05 0.940513 9.9946E-05 0.0445115 9.9946E-05 0.00141493 9.9946E-05 9.9946E-05 0.0129608 9.9946E-05
9.9946E-05 0.63358 9.9946E-05 0.216279 9.9946E-05 9.9946E-05 9.9946E-05 0.0148052 9.9946E-05 0.134736
0.0038157 0.852841 9.9955E-05 9.9955E-05 0.00173051 0.0738036 9.9955E-05 9.9955E-05 9.9955E-05 0.067309
0.0637216 0.81458 9.9955E-05 9.9955E-05 9.9955E-05 0.0227093 9.9955E-05 0.0867967 0.0116923 9.9955E-05
0.0612539 0.466553 9.9973E-05 9.9973E-05 0.0017306 9.9973E-05 0.272666 0.0934959 0.0130996 0.0909006
9.99201E-05 0.999101 9.99201E-05 9.99201E-05 9.99201E-05 9.99201E-05 9.99201E-05 9.99201E-05 9.99201E-05 9.99201E-05
9.9964E-05 0.252463 0.14706 9.9964E-05 0.149607 0.0130938 0.345654 0.0917225 9.9964E-05 9.9964E-05
9.9964E-05 0.753388 0.116523 0.00298524 0.00214563 9.9964E-05 0.115902 9.9964E-05 0.00865539 9.9964E-05
0.137671 0.582577 9.9973E-05 0.0626448 9.9973E-05 0.06576 0.0292996 0.116093 0.00565388 9.9973E-05
0.266914 0.192174 9.9955E-05 9.9955E-05 0.0123766 9.9955E-05 0.100599 0.427437 9.9955E-05 9.9955E-05
9.996E-05 0.048606 0.131822 0.0399435 9.996E-05 9.996E-05 0.0370301 0.729709 0.0124897 9.996E-05
9.9955E-05 0.0555214 9.9955E-05 9.9955E-05 9.9955E-05 0.0546352 0.152023 0.72302 0.0143004 9.9955E-05
9.993E-05 0.00938798 9.993E-05 9.993E-05 9.993E-05 9.993E-05 0.0495581 0.940354 9.993E-05 9.993E-05
9.9946E-05 0.214292 0.17412 0.103902 9.9946E-05 9.9946E-05 9.9946E-05 0.507087 9.9946E-05 9.9946E-05
9.9964E-05 0.191746 0.080407 0.016345 0.0781303 9.9964E-05 0.271568 0.361404 9.9964E-05 9.9964E-05
9.9937E-05 9.9937E-05 9.9937E-05 9.9937E-05 9.9937E-05 9.9937E-05 0.0209782 0.890342 9.9937E-05 0.0879805
0.0181898 9.9937E-05 9.9937E-05 9.9937E-05 0.0244312 9.9937E-05 9.9937E-05 0.956679 9.9937E-05 9.9937E-05
0.00345705 9.9955E-05 9.9955E-05 9.9955E-05 9.9955E-05 0.0222723 0.113262 0.852825 9.9955E-05 0.00768341
9.9937E-05 0.0986345 9.9937E-05 9.9937E-05 9.9937E-05 9.9937E-05 9.9937E-05 0.807547 9.9937E-05 0.0931195
9.9946E-05 0.0470817 0.02337 9.9946E-05 9.9946E-05 9.9946E-05 9.9946E-05 0.924913 0.00403546 9.9946E-05
0.0267883 9.9946E-05 9.9946E-05 9.9946E-05 9.9946E-05 9.9946E-05 0.0840105 0.854401 0.0342007 9.9946E-05
0.0929537 9.9955E-05 9.9955E-05 0.0559775 9.9955E-05 0.00956573 0.703171 0.137833 9.9955E-05 9.9955E-05
0.00406102 0.178913 9.9955E-05 0.153364 9.9955E-05 9.9955E-05 0.62305 9.9955E-05 9.9955E-05 0.040112
0.0217925 9.9964E-05 9.9964E-05 9.9964E-05 0.0225325 0.0504158 0.711884 0.186951 0.00602447 9.9964E-05
0.0664475 0.0608061 9.9955E-05 0.136464 9.9955E-05 9.9955E-05 0.703763 9.9955E-05 9.9955E-05 0.0320196
0.0783559 9.9946E-05 9.9946E-05 0.00399186 9.9946E-05 9.9946E-05 0.740788 0.176265 9.9946E-05 9.9946E-05
9.9955E-05 0.3159 9.9955E-05 9.9955E-05 0.0799315 9.9955E-05 0.498339 0.0135342 0.0917955 9.9955E-05
9.9964E-05 0.111667 9.9964E-05 0.00691539 9.9964E-05 0.00934405 0.774573 0.0565322 9.9964E-05 0.0405694
9.99281E-05 9.99281E-05 9.99281E-05 9.99281E-05 9.99281E-05 9.99281E-05 0.972957 9.99281E-05 0.026244 9.99281E-05
9.9937E-05 0.0997294 9.9937E-05 9.9937E-05 9.9937E-05 9.9937E-05 0.891867 9.9937E-05 9.9937E-05 0.00770415
9.99201E-05 9.99201E-05 9.99201E-05 9.99201E-05 9.99201E-05 9.99201E-05 0.999101 9.99201E-05 9.99201E-05 9.99201E-05
9.9928E-05 9.9928E-05 0.00508561 9.9928E-05 9.9928E-05 9.9928E-05 0.994115 9.9928E-05 9.9928E-05 9.9928E-05
9.9928E-05 9.9928E-05 9.9928E-05 9.9928E-05 9.9928E-05 9.9928E-05 0.969559 9.9928E-05 9.9928E-05 0.029642
9.9928E-05 9.9928E-05 9.9928E-05 9.9928E-05 9.9928E-05 9.9928E-05 0.993862 9.9928E-05 0.00533814 9.9928E-05
9.9946E-05 9.9946E-05 9.9946E-05 0.00875122 0.00821728 9.9946E-05 0.981259 9.9946E-05 9.9946E-05 0.00117276
9.99281E-05 0.0181122 9.99281E-05 9.99281E-05 9.99281E-05 9.99281E-05 0.981088 9.99281E-05 9.99281E-05 9.99281E-05
9.9955E-05 0.241903 0.0669895 0.085026 9.9955E-05 9.9955E-05 0.601376 9.9955E-05 0.00420537 9.9955E-05
9.99281E-05 9.99281E-05 9.99281E-05 9.99281E-05 9.99281E-05 9.99281E-05 0.978028 0.0211728 9.99281E-05 9.99281E-05
9.9982E-05 0.14226 0.00697715 0.00907784 0.00345526 9.9982E-05 0.667344 0.0710654 0.0544854 0.0451344
0.0332846 9.9973E-05 0.00562953 9.9973E-05 0.0157426 9.9973E-05 0.291872 0.0565327 0.557924 0.0387152
9.99201E-05 9.99201E-05 9.99201E-05 9.99201E-05 9.99201E-05 9.99201E-05 9.99201E-05 9.99201E-05 0.999101 9.99201E-05
0.125445 0.148906 9.9982E-05 0.0083495 0.0295152 0.00331569 0.587295 0.0384854 0.0584875 9.9982E-05
