9.994E-05 9.994E-05 9.994E-05 9.994E-05 9.994E-05 0.9993 9.994E-05 9.994E-05
9.9964E-05 9.9964E-05 0.0552813 0.638686 9.9964E-05 0.258769 0.0468642 9.9964E-05
9.9964E-05 9.9964E-05 0.086964 0.657399 9.9964E-05 0.217448 0.0377885 9.9964E-05
0.0881761 9.9964E-05 9.9964E-05 0.709014 9.9964E-05 0.194048 0.00836193 9.9964E-05
0.236888 0.00744855 9.9973E-05 0.633826 0.0458831 0.0756539 9.9973E-05 9.9973E-05
0.223045 9.9973E-05 0.0486098 0.553042 9.9973E-05 0.166827 0.00817552 9.9973E-05
9.9946E-05 9.9946E-05 9.9946E-05 0.713344 9.9946E-05 0.286057 9.9946E-05 9.9946E-05
0.0290669 9.9982E-05 0.0631602 0.536073 9.9982E-05 0.293342 0.0515279 0.0266298
0.0313227 0.0369077 0.0721567 0.664271 9.9982E-05 0.19468 0.00046176 9.9982E-05
9.994E-05 9.994E-05 9.994E-05 9.994E-05 9.994E-05 0.9993 9.994E-05 9.994E-05
9.994E-05 9.994E-05 9.994E-05 9.994E-05 9.994E-05 0.9993 9.994E-05 9.994E-05
9.994E-05 9.994E-05 9.994E-05 9.994E-05 9.994E-05 0.9993 9.994E-05 9.994E-05
9.9946E-05 9.9946E-05 9.9946E-05 9.9946E-05 9.9946E-05 0.991259 0.00814138 9.9946E-05
9.9964E-05 0.0223696 9.9964E-05 0.00786776 0.0649809 0.904382 9.9964E-05 9.9964E-05
9.9946E-05 9.9946E-05 9.9946E-05 9.9946E-05 9.9946E-05 0.951229 9.9946E-05 0.0481709
0.288458 0.0467922 0.0166815 0.501451 9.9973E-05 0.146318 9.9973E-05 9.9973E-05
0.252065 9.9982E-05 0.0864915 0.308473 0.0836028 0.216117 0.0530505 9.9982E-05
0.146628 0.00404464 0.0114538 0.640527 9.9991E-05 0.149235 0.0361646 0.0118475
0.0122724 0.0263518 9.9973E-05 0.901087 0.0330856 9.9973E-05 0.0269035 9.9973E-05
9.9964E-05 0.0300552 9.9964E-05 0.873833 0.0754697 9.9964E-05 9.9964E-05 0.0202419
9.9964E-05 0.0636398 9.9964E-05 0.893021 9.9964E-05 0.0330779 0.00986093 9.9964E-05
0.0286263 9.9982E-05 0.0557978 0.771514 0.0637494 9.9982E-05 0.0117836 0.068329
0.0331152 0.0106658 0.0477169 0.820194 0.0880086 9.9973E-05 9.9973E-05 9.9973E-05
9.9964E-05 9.9964E-05 9.9964E-05 0.941521 0.0286707 0.000317418 9.9964E-05 0.0290913
0.136819 0.0022791 9.9964E-05 0.856067 9.9964E-05 9.9964E-05 9.9964E-05 0.00443488
0.299523 0.0232144 0.0498171 0.556758 0.0203218 9.9982E-05 9.9982E-05 0.0501653
0.16241 0.102245 0.0739956 0.613897 0.0255432 0.00783485 9.9991E-05 0.0139744
0.051899 9.9955E-05 0.0123021 0.935299 9.9955E-05 9.9955E-05 9.9955E-05 9.9955E-05
0.091619 0.0334909 0.0132566 0.785897 0.0382271 0.0233114 9.9991E-05 0.014098
0.0209444 9.9955E-05 9.9955E-05 0.948273 9.9955E-05 0.0302826 9.9955E-05 9.9955E-05
9.9982E-05 0.00782372 9.9982E-05 0.857832 0.0768232 0.0438124 0.00305438 0.0104542
0.0442874 0.0594896 0.00354661 0.816946 9.9982E-05 9.9982E-05 0.0189114 0.0566186
0.111314 0.0644297 0.0529547 0.751108 9.9982E-05 9.9982E-05 0.00655401 0.013439
0.0998739 0.0619731 0.062496 0.566516 0.0336312 0.0548466 0.01091 0.109754
9.9955E-05 9.9955E-05 9.9955E-05 0.772963 0.206762 9.9955E-05 9.9955E-05 0.0197753
0.0902959 9.9955E-05 9.9955E-05 0.872507 9.9955E-05 0.0366971 9.9955E-05 9.9955E-05
0.449064 9.9955E-05 9.9955E-05 0.52543 0.0250068 9.9955E-05 9.9955E-05 9.9955E-05
0.244379 0.0622751 0.0309892 0.524908 0.0986154 9.9982E-05 9.9982E-05 0.0386334
0.169276 0.132458 0.0694414 0.571599 9.9973E-05 9.9973E-05 0.0569259 9.9973E-05
0.298255 0.0972556 9.9982E-05 0.548054 0.0243424 9.9982E-05 0.00937281 0.02252
0.818014 9.9973E-05 0.0519444 0.0566919 9.9973E-05 9.9973E-05 0.02753 0.0455193
0.810951 0.0552547 0.0419907 0.0295718 0.048566 9.9982E-05 9.9982E-05 0.0134656
0.689749 9.9973E-05 0.0502129 0.17683 9.9973E-05 0.0634164 0.0194923 9.9973E-05
0.896667 0.0119006 0.00813668 0.0795774 9.9982E-05 0.000578785 0.00293914 9.9982E-05
0.606692 0.073715 0.0458644 0.252476 9.9973E-05 9.9973E-05 9.9973E-05 0.0209527
0.981809 9.9946E-05 9.9946E-05 0.0175918 9.9946E-05 9.9946E-05 9.9946E-05 9.9946E-05
0.9993 9.994E-05 9.994E-05 9.994E-05 9.994E-05 9.994E-05 9.994E-05 9.994E-05
0.555969 0.0184018 0.0372903 0.353595 0.0293556 9.9982E-05 9.9982E-05 0.00518788
0.573707 0.0863403 0.0485005 0.132758 9.9982E-05 0.0869734 9.9982E-05 0.0715208
0.400987 0.0232359 0.00389188 0.385783 0.00838231 0.0970927 0.0206188 0.0600088
0.633232 0.0597647 0.0400488 0.229607 9.9982E-05 0.0181995 0.018948 9.9982E-05
0.764999 0.0491268 0.0359379 0.131921 0.0177152 9.9973E-05 9.9973E-05 9.9973E-05
0.952252 0.00954722 9.9964E-05 9.9964E-05 9.9964E-05 0.0284199 9.9964E-05 0.00938051
0.560901 0.0434574 9.9991E-05 0.204436 0.0833842 0.0345561 0.0365615 0.036604
0.587524 0.00569608 9.9991E-05 0.201131 0.0618733 0.0477303 0.0274962 0.0684495
0.741967 9.9973E-05 0.07606 0.123446 9.9973E-05 9.9973E-05 0.0127988 0.0454287
0.533386 0.0654893 0.066672 0.236782 0.00383626 0.0526552 0.00941397 0.031765
0.554079 0.0929428 0.00477475 0.225237 0.0123361 9.9991E-05 0.0391411 0.0713896
0.980297 9.9955E-05 0.00906386 9.9955E-05 9.9955E-05 0.0101398 9.9955E-05 9.9955E-05
0.582867 0.105382 0.0119331 0.225989 9.9991E-05 0.0234618 0.0236216 0.0266459
0.59788 0.123963 0.0184302 0.216644 0.00698589 9.9982E-05 9.9982E-05 0.0358968
0.78671 0.0268284 9.9973E-05 0.0891977 9.9973E-05 0.00326799 9.9973E-05 0.0936956
0.77503 0.0298164 0.0629748 0.0810765 0.001433 9.9991E-05 0.0329641 0.0166051
0.945253 9.9964E-05 0.0052024 9.9964E-05 0.0448372 9.9964E-05 0.00430769 9.9964E-05
0.847517 0.0221335 9.9973E-05 0.102299 9.9973E-05 0.0200219 9.9973E-05 0.00772921
0.963361 9.9955E-05 0.0203563 9.9955E-05 0.015783 9.9955E-05 9.9955E-05 9.9955E-05
0.980856 9.9946E-05 9.9946E-05 9.9946E-05 9.9946E-05 9.9946E-05 0.0185446 9.9946E-05
0.848129 9.9973E-05 0.0182013 9.9973E-05 0.101614 0.0270599 9.9973E-05 0.00469533
0.66691 0.0271749 9.9973E-05 0.288296 0.0105684 9.9973E-05 0.00675067 9.9973E-05
0.958131 9.99551E-05 0.00730333 9.99551E-05 0.0340662 9.99551E-05 9.99551E-05 9.99551E-05
0.787958 9.9973E-05 0.0574744 0.0949904 9.9973E-05 0.0393332 0.0199441 9.9973E-05
0.888547 0.00333438 9.9973E-05 0.00913203 9.9973E-05 9.9973E-05 0.0514085 0.047278
0.912507 0.013872 9.9955E-05 9.9955E-05 9.9955E-05 0.0731214 9.9955E-05 9.9955E-05
0.943018 0.0296445 9.9955E-05 9.9955E-05 9.9955E-05 0.0268376 9.9955E-05 9.9955E-05
0.873139 9.9973E-05 0.00800994 9.9973E-05 0.0136355 0.0481545 9.9973E-05 0.056761
0.922105 0.0753516 9.9964E-05 9.9964E-05 0.000503894 0.00163986 9.9964E-05 9.9964E-05
0.981449 9.9964E-05 0.00491376 9.9964E-05 0.00055557 9.9964E-05 0.0126823 9.9964E-05
0.700434 9.9982E-05 0.0051504 9.9982E-05 0.146126 0.0382765 0.0930795 0.0167338
0.646279 0.00455529 0.00154043 0.0507652 0.0553747 9.9991E-05 0.124334 0.117052
0.732133 0.0315038 9.9973E-05 9.9973E-05 0.0738039 9.9973E-05 0.10658 0.0556791
0.751515 0.0429963 0.0074254 9.9982E-05 0.0457617 9.9982E-05 0.0535706 0.0985313
0.759456 0.0217408 0.0135476 9.9982E-05 0.0588588 9.9982E-05 0.106025 0.0401724
0.771624 0.037119 0.0582148 9.9982E-05 0.0314435 9.9982E-05 0.064951 0.0364483
0.488077 0.0273243 9.9973E-05 0.162943 9.9973E-05 9.9973E-05 0.211486 0.10987
0.570667 0.0427316 0.0103432 0.0436592 0.039477 0.00560511 0.21271 0.0748074
0.617544 0.00631425 0.0711332 0.0570051 0.0197629 0.00132153 0.151441 0.075479
0.506942 0.0294694 0.0429204 0.163349 0.0238626 0.02431 0.0738224 0.135324
0.544858 0.0827223 0.00698012 0.103553 9.9982E-05 9.9982E-05 0.129901 0.131785
0.587243 0.0172882 0.115634 0.0433273 0.0355989 0.00958093 0.104943 0.0863855
0.466696 0.124845 0.0749743 0.0470122 0.029405 0.00155467 0.0968149 0.158698
0.485354 9.9991E-05 0.0322866 0.092127 0.192399 0.0360489 0.0967666 0.064918
0.46826 9.9991E-05 0.0360041 0.0659205 0.187218 0.0201881 0.0804742 0.141836
0.443606 0.151782 0.0810867 0.00131506 0.0213385 0.0383575 0.205052 0.0574631
9.9946E-05 9.9946E-05 9.9946E-05 9.9946E-05 9.9946E-05 9.9946E-05 0.974128 0.0252727
9.9955E-05 9.9955E-05 0.0223316 9.9955E-05 9.9955E-05 0.0271809 0.949988 9.9955E-05
0.0306475 0.0297323 0.00670366 9.99856E-05 0.0569473 0.016104 0.859665 9.99856E-05
9.994E-05 9.994E-05 9.994E-05 9.994E-05 9.994E-05 9.994E-05 0.9993 9.994E-05
9.994E-05 9.994E-05 9.994E-05 9.994E-05 9.994E-05 9.994E-05 0.9993 9.994E-05
9.994E-05 9.994E-05 9.994E-05 9.994E-05 9.994E-05 9.994E-05 0.9993 9.994E-05
9.994E-05 9.994E-05 9.994E-05 9.994E-05 9.994E-05 9.994E-05 0.9993 9.994E-05
0.0108072 9.9982E-05 0.00273592 0.0955591 0.0150252 9.9982E-05 0.868883 0.00678916
9.9955E-05 0.00374304 0.00104527 9.9955E-05 9.9955E-05 9.9955E-05 0.994712 9.9955E-05
9.994E-05 9.994E-05 9.994E-05 9.994E-05 9.994E-05 9.994E-05 0.9993 9.994E-05
0.274313 0.0972055 0.0682835 0.0693348 0.109691 9.9991E-05 0.0679314 0.313141
0.0299779 0.00237837 0.0016062 9.9982E-05 0.0395606 0.00162367 0.924653 9.9982E-05
9.9955E-05 0.0155257 0.00597562 9.9955E-05 9.9955E-05 9.9955E-05 0.977999 9.9955E-05
9.9955E-05 9.9955E-05 9.9955E-05 9.9955E-05 0.0160069 9.9955E-05 0.952625 0.0308681
0.409031 0.143055 0.0539842 9.9982E-05 0.0712866 9.9982E-05 0.108278 0.214165
0.447138 0.105131 0.0293387 0.0241044 0.0657973 9.9991E-05 0.11359 0.214801
0.470195 0.0774148 0.0257544 9.9982E-05 0.102918 9.9982E-05 0.129136 0.194382
0.42084 0.1112 0.0401539 0.0016841 0.0622214 9.9991E-05 0.152758 0.211043
0.488675 0.072777 9.9973E-05 9.9973E-05 0.114733 9.9973E-05 0.0942313 0.229284
0.348447 0.0710441 9.9982E-05 0.144738 0.181354 9.9982E-05 0.0426052 0.211611
0.52372 0.00927175 0.0120124 0.0468826 0.11651 9.9991E-05 0.147769 0.143734
0.564959 0.02484 9.9973E-05 9.9973E-05 0.120885 9.9973E-05 0.102282 0.186734
0.395445 0.0577789 0.0462126 0.0101468 0.131805 9.9991E-05 0.2446 0.113912
0.449438 0.0201181 0.0328583 9.9982E-05 0.154756 9.9982E-05 0.195842 0.146788
0.41088 0.0983108 0.0574231 0.093382 0.096726 9.9991E-05 0.10123 0.141948
0.364733 0.0722011 0.0561818 0.0164321 0.207575 9.9991E-05 0.176739 0.106037
0.490183 0.0908605 0.0699245 9.9991E-05 0.11761 0.00522706 0.0531014 0.172993
0.417531 0.127354 0.0494026 0.0245355 0.0339802 0.00531683 0.13346 0.208421
0.00888388 0.00077682 0.036173 0.00351329 0.0321976 9.9982E-05 9.9982E-05 0.918255
9.9973E-05 0.0578855 9.9973E-05 9.9973E-05 0.0294588 0.0053075 0.027471 0.879577
9.994E-05 9.994E-05 9.994E-05 9.994E-05 9.994E-05 9.994E-05 9.994E-05 0.9993
9.994E-05 9.994E-05 9.994E-05 9.994E-05 9.994E-05 9.994E-05 9.994E-05 0.9993
9.9946E-05 0.0066681 9.9946E-05 9.9946E-05 9.9946E-05 9.9946E-05 9.9946E-05 0.992732
9.9946E-05 9.9946E-05 9.9946E-05 9.9946E-05 9.9946E-05 9.9946E-05 0.00212957 0.997271
9.994E-05 9.994E-05 9.994E-05 9.994E-05 9.994E-05 9.994E-05 9.994E-05 0.9993
0.164274 9.9973E-05 9.9973E-05 0.0115103 0.0575776 0.0390532 9.9973E-05 0.727285
9.9946E-05 9.9946E-05 0.0332955 9.9946E-05 9.9946E-05 9.9946E-05 9.9946E-05 0.966105
9.9946E-05 0.00529316 9.9946E-05 9.9946E-05 9.9946E-05 9.9946E-05 9.9946E-05 0.994107
9.9973E-05 9.9973E-05 0.00915358 9.9973E-05 0.0957865 0.0275462 0.0128509 0.854363
9.994E-05 9.994E-05 9.994E-05 9.994E-05 9.994E-05 9.994E-05 9.994E-05 0.9993
0.138222 9.9973E-05 0.089373 9.9973E-05 0.0882513 9.9973E-05 0.0183951 0.665459
9.994E-05 9.994E-05 0.9993 9.994E-05 9.994E-05 9.994E-05 9.994E-05 9.994E-05
0.544278 0.0327675 0.100121 9.9982E-05 0.0529463 9.9982E-05 0.138117 0.13157
9.994E-05 9.994E-05 0.9993 9.994E-05 9.994E-05 9.994E-05 9.994E-05 9.994E-05
9.994E-05 9.994E-05 0.9993 9.994E-05 9.994E-05 9.994E-05 9.994E-05 9.994E-05
9.9955E-05 9.9955E-05 0.945838 9.9955E-05 0.0422193 9.9955E-05 0.0114424 9.9955E-05
0.13333 0.0304994 0.74365 0.0389631 0.0221172 0.00883092 0.0087234 0.0138861
9.994E-05 9.994E-05 0.9993 9.994E-05 9.994E-05 9.994E-05 9.994E-05 9.994E-05
0.0473582 9.9964E-05 0.895224 9.9964E-05 0.0401143 0.0169035 9.9964E-05 9.9964E-05
9.9955E-05 9.9955E-05 0.979715 9.9955E-05 0.0149412 9.9955E-05 0.00484444 9.9955E-05
0.0119312 9.9964E-05 0.939719 0.0189244 9.9964E-05 9.9964E-05 9.9964E-05 0.0290253
9.994E-05 9.994E-05 0.9993 9.994E-05 9.994E-05 9.994E-05 9.994E-05 9.994E-05
0.00786045 9.9964E-05 0.963797 9.9964E-05 9.9964E-05 0.0019512 9.9964E-05 0.0259919
9.9955E-05 9.9955E-05 0.970581 9.9955E-05 9.9955E-05 9.9955E-05 0.0207446 0.00817473
0.0594713 0.0573317 0.816191 9.9973E-05 9.9973E-05 9.9973E-05 0.0388082 0.0278981
0.000278995 9.9964E-05 0.94174 9.9964E-05 0.0374886 0.0200931 9.9964E-05 9.9964E-05
0.101603 0.00914692 0.837944 0.0164703 0.0288565 9.9982E-05 0.00577989 9.9982E-05
0.0419653 0.0303978 0.887262 9.9982E-05 0.0284279 0.00623101 9.9982E-05 0.0055159
0.0628427 0.0147734 0.849538 9.9982E-05 0.0463668 0.0159092 0.0103698 9.9982E-05
0.0250351 9.9955E-05 0.932863 9.9955E-05 9.9955E-05 9.9955E-05 9.9955E-05 0.0416024
0.374634 0.287177 0.032816 9.9991E-05 0.122654 0.0474192 0.0614815 0.0737188
0.349803 0.388445 0.0270467 9.9991E-05 0.093377 0.0455885 0.0790286 0.0166114
0.391744 0.267202 0.0746982 9.9991E-05 0.111043 0.0306669 0.102833 0.0217123
0.446059 0.215953 0.0531485 9.9991E-05 0.138255 0.0556638 0.0855756 0.00524394
0.0329357 9.9973E-05 0.0030637 0.030285 0.926507 9.9973E-05 9.9973E-05 0.00690853
9.994E-05 9.994E-05 9.994E-05 9.994E-05 0.9993 9.994E-05 9.994E-05 9.994E-05
9.994E-05 9.994E-05 9.994E-05 9.994E-05 0.9993 9.994E-05 9.994E-05 9.994E-05
9.994E-05 9.994E-05 9.994E-05 9.994E-05 0.9993 9.994E-05 9.994E-05 9.994E-05
9.9964E-05 0.00771963 0.00250244 9.9964E-05 0.975701 9.9964E-05 0.0136775 9.9964E-05
9.9964E-05 0.000218068 9.9964E-05 0.0147743 0.972648 9.9964E-05 0.0119596 9.9964E-05
0.0663966 0.0199029 0.00485092 9.9982E-05 0.877021 0.0105878 0.0210412 9.9982E-05
0.0183683 0.0233792 9.9991E-05 0.0408769 0.754818 0.0211652 0.00151422 0.139778
0.0702654 0.0433483 0.0216475 0.013636 0.850803 9.9973E-05 9.9973E-05 9.9973E-05
9.9946E-05 0.998215 9.9946E-05 9.9946E-05 9.9946E-05 9.9946E-05 9.9946E-05 0.00118499
9.994E-05 0.9993 9.994E-05 9.994E-05 9.994E-05 9.994E-05 9.994E-05 9.994E-05
9.994E-05 0.9993 9.994E-05 9.994E-05 9.994E-05 9.994E-05 9.994E-05 9.994E-05
9.9946E-05 0.994755 0.00464538 9.9946E-05 9.9946E-05 9.9946E-05 9.9946E-05 9.9946E-05
9.994E-05 0.9993 9.994E-05 9.994E-05 9.994E-05 9.994E-05 9.994E-05 9.994E-05
0.0901024 0.889047 9.9964E-05 9.9964E-05 0.00557049 0.0148799 9.9964E-05 9.9964E-05
9.994E-05 0.9993 9.994E-05 9.994E-05 9.994E-05 9.994E-05 9.994E-05 9.994E-05
9.994E-05 0.9993 9.994E-05 9.994E-05 9.994E-05 9.994E-05 9.994E-05 9.994E-05
9.994E-05 0.9993 9.994E-05 9.994E-05 9.994E-05 9.994E-05 9.994E-05 9.994E-05
9.9964E-05 0.982609 0.000878903 9.9964E-05 9.9964E-05 9.9964E-05 0.000498433 0.0156135
9.994E-05 0.9993 9.994E-05 9.994E-05 9.994E-05 9.994E-05 9.994E-05 9.994E-05
9.994E-05 0.9993 9.994E-05 9.994E-05 9.994E-05 9.994E-05 9.994E-05 9.994E-05
