9.994E-05 9.994E-05 9.994E-05 9.994E-05 0.9993 9.994E-05 9.994E-05 9.994E-05
9.9964E-05 9.9964E-05 0.0583354 9.9964E-05 0.264412 0.599529 9.9964E-05 0.0773228
9.9964E-05 9.9964E-05 0.0825714 9.9964E-05 0.245445 0.615359 9.9964E-05 0.0562241
9.99551E-05 0.123232 9.99551E-05 9.99551E-05 0.198194 0.678075 9.99551E-05 9.99551E-05
0.0213806 9.9973E-05 9.9973E-05 0.1105 0.133102 0.692913 0.0418044 9.9973E-05
9.9964E-05 0.182872 0.0504498 9.9964E-05 0.168626 0.597653 9.9964E-05 9.9964E-05
9.99461E-05 9.99461E-05 9.99461E-05 9.99461E-05 0.261483 0.737917 9.99461E-05 9.99461E-05
9.9982E-05 0.155406 0.079724 9.9982E-05 0.292883 0.447799 0.009915 0.0140741
9.9982E-05 0.028827 0.0553366 0.0357 0.214433 0.635536 9.9982E-05 0.0299675
9.994E-05 9.994E-05 9.994E-05 9.994E-05 0.9993 9.994E-05 9.994E-05 9.994E-05
9.994E-05 9.994E-05 9.994E-05 9.994E-05 0.9993 9.994E-05 9.994E-05 9.994E-05
9.994E-05 9.994E-05 9.994E-05 9.994E-05 0.9993 9.994E-05 9.994E-05 9.994E-05
9.9946E-05 9.9946E-05 9.9946E-05 9.9946E-05 0.985715 9.9946E-05 9.9946E-05 0.0136853
0.0577638 9.9955E-05 9.9955E-05 9.9955E-05 0.90954 0.0321968 9.9955E-05 9.9955E-05
0.0265438 9.9964E-05 9.9964E-05 0.00496968 0.963244 9.9964E-05 0.00484305 9.9964E-05
9.9964E-05 0.412539 9.9964E-05 0.00204054 0.210169 0.374852 9.9964E-05 9.9964E-05
0.0956862 0.040709 0.0852405 0.0704719 0.208795 0.373357 0.0570019 0.0687383
9.9955E-05 0.161399 9.9955E-05 9.9955E-05 0.179198 0.658903 9.9955E-05 9.9955E-05
0.0482934 9.9955E-05 9.9955E-05 0.0425209 9.9955E-05 0.908686 9.9955E-05 9.9955E-05
0.0593747 9.9955E-05 9.9955E-05 9.9955E-05 9.9955E-05 0.913245 0.0268803 9.9955E-05
9.9964E-05 9.9964E-05 9.9964E-05 0.0518661 0.0474711 0.884588 9.9964E-05 0.0156749
0.0639138 0.0396894 0.0736477 9.9973E-05 9.9973E-05 0.790801 0.0316482 9.9973E-05
0.0895499 9.9973E-05 0.0222218 0.0248885 9.9973E-05 0.855519 9.9973E-05 0.00752107
0.0208642 9.9955E-05 9.9955E-05 9.9955E-05 9.9955E-05 0.93949 0.0391462 9.9955E-05
9.9973E-05 0.0258702 9.9973E-05 0.0432397 9.9973E-05 0.901006 0.0161561 0.0134281
0.021128 0.230589 9.9973E-05 0.0399682 9.9973E-05 0.654153 0.0538614 9.9973E-05
0.0296003 0.0842247 0.0838423 0.0973823 9.9973E-05 0.70465 9.9973E-05 9.9973E-05
9.9955E-05 9.9955E-05 0.0258623 9.9955E-05 9.9955E-05 0.953886 0.0197515 9.9955E-05
0.0257685 0.0871553 9.9982E-05 0.0173221 0.0348319 0.822684 0.0120381 9.9982E-05
9.9955E-05 0.00808544 9.9955E-05 9.9955E-05 0.0226612 0.968754 9.9955E-05 9.9955E-05
0.0383495 9.9964E-05 9.9964E-05 0.0445909 0.0302983 0.886361 9.9964E-05 9.9964E-05
9.9982E-05 0.033969 0.00463826 0.0540104 9.9982E-05 0.8125 0.0794152 0.0152668
0.0414216 0.152434 0.0225938 0.00823803 9.9991E-05 0.724937 0.0290819 0.0211934
0.0279735 0.152526 0.0749096 9.9991E-05 0.0378068 0.617247 0.0832526 0.00618444
0.15471 9.9964E-05 0.0154118 9.9964E-05 9.9964E-05 0.812103 0.0173752 9.9964E-05
9.9946E-05 9.9946E-05 9.9946E-05 9.9946E-05 0.0399115 0.959489 9.9946E-05 9.9946E-05
0.00832012 0.453423 0.0298356 9.9964E-05 9.9964E-05 0.508021 9.9964E-05 9.9964E-05
0.075403 0.267123 0.0129544 0.0779231 9.9982E-05 0.557102 0.00929384 9.9982E-05
9.9973E-05 0.25644 0.0407269 0.100717 9.9973E-05 0.547341 9.9973E-05 0.0544753
0.00931376 0.341625 9.9982E-05 0.0469876 9.9982E-05 0.547494 0.0236846 0.0306957
9.9964E-05 0.893221 0.0205467 9.9964E-05 9.9964E-05 9.9964E-05 0.0569192 0.0289128
9.9973E-05 0.888381 0.0638988 0.0238979 9.9973E-05 0.0155952 0.00792706 9.9973E-05
9.9982E-05 0.651038 0.0761629 9.9982E-05 0.0696412 0.164683 0.0345704 0.00370486
9.9955E-05 0.914227 0.0330313 9.9955E-05 9.9955E-05 0.0522417 9.9955E-05 9.9955E-05
9.9973E-05 0.646976 0.0760773 0.0477587 9.9973E-05 0.211214 0.0176741 9.9973E-05
9.994E-05 0.9993 9.994E-05 9.994E-05 9.994E-05 9.994E-05 9.994E-05 9.994E-05
9.994E-05 0.9993 9.994E-05 9.994E-05 9.994E-05 9.994E-05 9.994E-05 9.994E-05
9.9973E-05 0.531358 0.0446101 0.0296442 9.9973E-05 0.356273 0.0378156 9.9973E-05
9.9982E-05 0.646228 0.0166971 0.0728667 0.0514642 0.177915 0.0346294 9.9982E-05
9.9982E-05 0.429382 0.0782833 9.9982E-05 0.0729951 0.353008 0.0441709 0.0219603
9.9982E-05 0.645916 0.0178288 0.0412041 0.0327691 0.224593 9.9982E-05 0.0374892
0.0169785 0.742163 0.0177021 0.0191911 0.0153652 0.173871 0.0146298 9.9991E-05
9.9964E-05 0.950466 9.9964E-05 0.0106339 0.00216966 0.0363301 9.9964E-05 9.9964E-05
0.0732092 0.633065 9.9991E-05 0.0483869 0.045841 0.166376 0.0228916 0.0101301
0.0427305 0.631135 9.9991E-05 0.00716986 0.0723014 0.177094 0.0455358 0.0239334
9.9973E-05 0.71392 0.074191 9.9973E-05 9.9973E-05 0.13746 0.0579929 0.0161354
9.9982E-05 0.552061 0.0481824 0.0643259 0.0579633 0.18613 0.0911381 9.9982E-05
9.9955E-05 0.682772 9.9955E-05 0.0843518 9.9955E-05 0.232377 9.9955E-05 9.9955E-05
9.99461E-05 0.979386 9.99461E-05 9.99461E-05 0.0200147 9.99461E-05 9.99461E-05 9.99461E-05
9.9973E-05 0.609067 9.9973E-05 0.100491 0.0116938 0.256819 9.9973E-05 0.0216292
0.062523 0.59183 0.00109343 0.0859678 0.00134081 0.222611 0.0345341 9.9991E-05
9.99551E-05 0.921225 9.99551E-05 9.99551E-05 9.99551E-05 0.00170128 0.0765735 9.99551E-05
9.9982E-05 0.805425 0.0169907 0.0299142 0.0129711 0.085105 9.9982E-05 0.0493942
0.0388099 0.884582 0.0130889 9.9964E-05 9.9964E-05 9.9964E-05 9.9964E-05 0.0631191
9.9973E-05 0.904339 9.9973E-05 0.0165752 0.0189443 0.053644 0.00619771 9.9973E-05
0.045361 0.944 0.0101395 9.9955E-05 9.9955E-05 9.9955E-05 9.9955E-05 9.9955E-05
9.9955E-05 0.934941 9.9955E-05 0.0152104 9.9955E-05 9.9955E-05 9.9955E-05 0.0493492
0.136487 0.814226 0.0146736 9.9973E-05 0.0143897 9.9973E-05 9.9973E-05 0.0199234
0.00197198 0.615475 0.0102508 0.0547786 9.9982E-05 0.299316 0.0180078 9.9982E-05
0.0537413 0.945659 9.99461E-05 9.99461E-05 9.99461E-05 9.99461E-05 9.99461E-05 9.99461E-05
9.9973E-05 0.758422 0.0515362 9.9973E-05 0.0451905 0.124198 9.9973E-05 0.020354
0.0196817 0.771922 0.0568391 0.0345858 9.9991E-05 0.0459157 0.0628561 0.00809959
9.9973E-05 0.908064 0.00177018 0.0022865 0.0864041 0.00117575 9.9973E-05 9.9973E-05
9.9955E-05 0.941165 9.9955E-05 0.0229194 0.0354163 9.9955E-05 9.9955E-05 9.9955E-05
0.0258221 0.754372 0.0257923 0.040646 0.0482666 0.0169138 0.0880876 9.9991E-05
9.9955E-05 0.953004 9.9955E-05 0.0382139 9.9955E-05 0.0082827 9.9955E-05 9.9955E-05
0.00334563 0.93523 0.0358318 9.9964E-05 9.9964E-05 9.9964E-05 9.9964E-05 0.0251931
0.173856 0.717166 0.0220191 9.9973E-05 0.0187306 9.9973E-05 9.9973E-05 0.0679282
0.0927459 0.623155 0.0311716 0.0829904 9.9991E-05 0.0142523 0.0701099 0.085475
0.051378 0.747521 9.9973E-05 0.0577847 9.9973E-05 9.9973E-05 0.0331454 0.109871
0.0514359 0.760799 0.0481004 0.0395756 9.9982E-05 9.9982E-05 0.0688361 0.0310534
0.100063 0.744359 9.9973E-05 0.00221475 9.9973E-05 9.9973E-05 0.0310956 0.121968
0.0671834 0.703588 0.0385506 0.043719 9.9982E-05 9.9982E-05 0.0419554 0.104803
9.9982E-05 0.503715 9.9982E-05 0.0175671 0.0291585 0.177116 0.153758 0.118485
0.0189689 0.548526 0.0860674 0.0321974 9.9991E-05 0.0214609 0.0767401 0.215939
0.0270115 0.591809 0.0967231 0.0192969 9.9991E-05 0.032279 0.0674151 0.165365
0.00771195 0.534684 0.0546866 0.0608978 0.0361394 0.141247 0.0797964 0.0848368
9.9991E-05 0.556346 0.0231746 0.0655189 0.000594443 0.0926536 0.0941306 0.167482
0.0657375 0.625347 0.0807546 0.0508298 9.9982E-05 9.9982E-05 0.0652129 0.111918
9.9991E-05 0.512577 0.0657873 0.118152 0.00253469 0.0670245 0.142284 0.0915394
0.211297 0.554651 0.0458989 9.9991E-05 0.0281069 0.037035 0.0425496 0.0803624
0.178895 0.528136 0.0170165 9.9991E-05 0.0357552 0.0678373 0.105832 0.0664277
0.00220743 0.415136 0.105903 0.180377 0.0392297 0.00598333 0.0602657 0.190898
9.994E-05 9.994E-05 9.994E-05 9.994E-05 9.994E-05 9.994E-05 9.994E-05 0.9993
9.9964E-05 0.0438182 9.9964E-05 9.9964E-05 0.015837 9.9964E-05 0.0255542 0.914391
0.00746147 0.0553235 9.9991E-05 0.0273899 0.00336853 0.0410286 0.010466 0.854862
9.994E-05 9.994E-05 9.994E-05 9.994E-05 9.994E-05 9.994E-05 9.994E-05 0.9993
9.994E-05 9.994E-05 9.994E-05 9.994E-05 9.994E-05 9.994E-05 9.994E-05 0.9993
9.994E-05 9.994E-05 9.994E-05 9.994E-05 9.994E-05 9.994E-05 9.994E-05 0.9993
0.00696612 9.9955E-05 0.0047788 9.9955E-05 9.9955E-05 9.9955E-05 9.9955E-05 0.987755
9.9964E-05 9.9964E-05 9.9964E-05 0.0170795 0.0112242 0.0507536 9.9964E-05 0.920543
9.9946E-05 9.9946E-05 0.000425001 9.9946E-05 9.9946E-05 9.9946E-05 9.9946E-05 0.998975
9.9946E-05 9.9946E-05 9.9946E-05 0.00397425 9.9946E-05 9.9946E-05 9.9946E-05 0.995426
0.105524 0.297135 0.0707148 0.0711901 9.9991E-05 0.0762769 0.296651 0.0824084
0.0296322 0.0315291 0.00249392 0.0337299 9.9973E-05 9.9973E-05 9.9973E-05 0.902315
9.994E-05 9.994E-05 9.994E-05 9.994E-05 9.994E-05 9.994E-05 9.994E-05 0.9993
0.0318978 0.00551944 9.9982E-05 0.00197664 9.9982E-05 0.00245666 0.00861216 0.949337
0.113437 0.454856 9.9973E-05 0.112367 9.9973E-05 9.9973E-05 0.202458 0.116582
0.101912 0.483511 0.0516936 0.0595763 9.9982E-05 9.9982E-05 0.201277 0.101829
0.132323 0.38439 0.0663544 0.0762937 0.00409988 0.00742074 0.206457 0.122662
0.122821 0.395494 0.0648757 0.0940823 9.9982E-05 9.9982E-05 0.18354 0.138987
0.0775459 0.44846 0.0673339 0.0518243 9.9982E-05 9.9982E-05 0.220561 0.134075
0.178843 0.38968 0.0126121 9.9982E-05 9.9982E-05 0.137652 0.166522 0.11449
0.148304 0.449834 0.0216673 0.0459791 9.9991E-05 0.0388703 0.147657 0.147588
0.135198 0.509451 0.00355089 0.0428339 9.9982E-05 9.9982E-05 0.218217 0.0905495
0.119588 0.42505 0.0765113 0.0595337 9.9991E-05 0.00798825 0.092677 0.218551
0.143065 0.418077 0.0508471 0.0356944 0.0053111 9.9991E-05 0.150148 0.196758
0.097086 0.461843 0.0416211 0.0654557 9.9991E-05 0.107528 0.137726 0.0886408
0.174572 0.464208 0.0481035 0.0210111 9.9982E-05 9.9982E-05 0.0768419 0.215063
0.107826 0.517288 0.0948665 0.0992157 0.0134193 9.9991E-05 0.13305 0.0342338
0.0940867 0.403901 0.0734341 0.0429093 0.00647742 0.0339434 0.228772 0.116476
0.0416425 9.9973E-05 0.00176779 0.0289159 9.9973E-05 0.0480399 0.879334 9.9973E-05
0.0408051 9.9982E-05 9.9982E-05 0.0326659 0.0204016 0.0473064 0.852532 0.00608898
9.994E-05 9.994E-05 9.994E-05 9.994E-05 9.994E-05 9.994E-05 0.9993 9.994E-05
9.994E-05 9.994E-05 9.994E-05 9.994E-05 9.994E-05 9.994E-05 0.9993 9.994E-05
9.9946E-05 9.9946E-05 9.9946E-05 0.00712984 9.9946E-05 9.9946E-05 0.99227 9.9946E-05
9.9946E-05 9.9946E-05 9.9946E-05 9.9946E-05 9.9946E-05 9.9946E-05 0.992876 0.00652471
9.994E-05 9.994E-05 9.994E-05 9.994E-05 9.994E-05 9.994E-05 0.9993 9.994E-05
0.151311 0.0260642 9.9982E-05 0.0271187 0.0389841 0.0212727 0.735049 9.9982E-05
9.9946E-05 9.9946E-05 0.0259129 9.9946E-05 9.9946E-05 9.9946E-05 0.973487 9.9946E-05
9.994E-05 9.994E-05 9.994E-05 9.994E-05 9.994E-05 9.994E-05 0.9993 9.994E-05
0.0635205 9.9973E-05 0.0376275 9.9973E-05 0.000927086 9.9973E-05 0.824349 0.0732759
9.994E-05 9.994E-05 9.994E-05 9.994E-05 9.994E-05 9.994E-05 0.9993 9.994E-05
0.0135309 0.0807483 0.078535 0.00948552 0.0108708 9.9991E-05 0.746592 0.0601376
9.994E-05 9.994E-05 0.9993 9.994E-05 9.994E-05 9.994E-05 9.994E-05 9.994E-05
0.0808618 0.423717 0.104782 0.0466442 9.9982E-05 9.9982E-05 0.157059 0.186736
9.994E-05 9.994E-05 0.9993 9.994E-05 9.994E-05 9.994E-05 9.994E-05 9.994E-05
9.994E-05 9.994E-05 0.9993 9.994E-05 9.994E-05 9.994E-05 9.994E-05 9.994E-05
0.0555513 9.9964E-05 0.928606 9.9964E-05 9.9964E-05 0.00612648 9.9964E-05 0.00931593
0.0217952 0.0610329 0.782121 0.000650715 0.0126637 0.0545581 0.0670517 0.000126418
9.994E-05 9.994E-05 0.9993 9.994E-05 9.994E-05 9.994E-05 9.994E-05 9.994E-05
0.0712912 0.0694877 0.836351 9.9964E-05 9.9964E-05 9.9964E-05 0.0224698 9.9964E-05
9.99461E-05 9.99461E-05 0.991338 9.99461E-05 9.99461E-05 9.99461E-05 9.99461E-05 0.00806272
9.9973E-05 0.0232843 0.923026 0.0225977 9.9973E-05 9.9973E-05 0.020626 0.0101662
9.9946E-05 9.9946E-05 0.987927 9.9946E-05 0.0114729 9.9946E-05 9.9946E-05 9.9946E-05
9.9955E-05 0.0496032 0.948424 9.9955E-05 9.9955E-05 9.9955E-05 0.00147342 9.9955E-05
0.00691401 9.9964E-05 0.972984 0.00216359 9.9964E-05 9.9964E-05 0.0175386 9.9964E-05
0.00608136 9.9973E-05 0.884053 0.0398474 9.9973E-05 9.9973E-05 0.0236815 0.0460365
9.9955E-05 0.0311132 0.965026 9.9955E-05 9.9955E-05 0.00336135 9.9955E-05 9.9955E-05
0.0230343 0.0977039 0.863068 9.9964E-05 9.9964E-05 9.9964E-05 9.9964E-05 0.0157943
0.0422588 0.014968 0.893211 0.0491628 9.9964E-05 9.9964E-05 9.9964E-05 9.9964E-05
9.9964E-05 0.0654 0.868842 0.0447159 0.0206424 9.9964E-05 9.9964E-05 9.9964E-05
9.9955E-05 0.0426692 0.943411 9.9955E-05 9.9955E-05 9.9955E-05 0.0134202 9.9955E-05
0.104688 0.470613 0.0319751 0.268603 0.0465885 9.9991E-05 0.0410816 0.0363502
0.106786 0.509093 0.0111522 0.272719 0.0177785 9.9991E-05 0.0308761 0.0514959
0.12278 0.417334 0.0866012 0.251886 0.0321721 9.9991E-05 0.00364688 0.0854799
0.106356 0.450429 0.0241511 0.280886 0.0450056 9.9982E-05 9.9982E-05 0.0929721
0.930546 9.9973E-05 0.0289515 0.00636464 9.9973E-05 0.0218947 0.0119433 9.9973E-05
0.9993 9.994E-05 9.994E-05 9.994E-05 9.994E-05 9.994E-05 9.994E-05 9.994E-05
0.967881 9.9955E-05 0.0162812 0.0153379 9.9955E-05 9.9955E-05 9.9955E-05 9.9955E-05
0.9993 9.994E-05 9.994E-05 9.994E-05 9.994E-05 9.994E-05 9.994E-05 9.994E-05
0.990452 9.9946E-05 0.00894797 9.9946E-05 9.9946E-05 9.9946E-05 9.9946E-05 9.9946E-05
0.974713 9.9955E-05 0.00201395 9.9955E-05 9.9955E-05 9.9955E-05 9.9955E-05 0.0227733
0.950479 0.0194259 0.0026065 0.0011214 9.9973E-05 9.9973E-05 9.9973E-05 0.0260669
0.744178 0.0522205 9.9982E-05 0.0495394 0.0280231 0.0561495 0.0696899 9.9982E-05
0.801012 0.01184 0.00707648 0.0101072 0.0017903 0.115537 0.0525378 9.9991E-05
9.9955E-05 9.9955E-05 9.9955E-05 0.966107 9.9955E-05 9.9955E-05 0.020862 0.0125312
9.994E-05 9.994E-05 9.994E-05 0.9993 9.994E-05 9.994E-05 9.994E-05 9.994E-05
9.994E-05 9.994E-05 9.994E-05 0.9993 9.994E-05 9.994E-05 9.994E-05 9.994E-05
9.9946E-05 9.9946E-05 9.9946E-05 0.993968 9.9946E-05 0.00543228 9.9946E-05 9.9946E-05
9.994E-05 9.994E-05 9.994E-05 0.9993 9.994E-05 9.994E-05 9.994E-05 9.994E-05
9.9964E-05 0.0923132 9.9964E-05 0.87215 0.0149407 0.0201957 9.9964E-05 9.9964E-05
9.994E-05 9.994E-05 9.994E-05 0.9993 9.994E-05 9.994E-05 9.994E-05 9.994E-05
9.994E-05 9.994E-05 9.994E-05 0.9993 9.994E-05 9.994E-05 9.994E-05 9.994E-05
0.00419712 9.9955E-05 9.9955E-05 0.983662 0.0116407 9.9955E-05 9.9955E-05 9.9955E-05
0.00316116 0.0290955 0.0276201 0.88723 9.9982E-05 9.9982E-05 0.0315641 0.0211289
9.994E-05 9.994E-05 9.994E-05 0.9993 9.994E-05 9.994E-05 9.994E-05 9.994E-05
0.024034 9.9955E-05 9.9955E-05 0.971381 9.9955E-05 9.9955E-05 0.00408535 9.9955E-05
