9.994E-05 9.994E-05 9.994E-05 9.994E-05 9.994E-05 0.9993 9.994E-05 9.994E-05
9.9964E-05 9.9964E-05 0.537305 0.0910643 0.0836572 0.287573 9.9964E-05 9.9964E-05
9.9964E-05 9.9964E-05 0.551293 0.0777284 0.102811 0.267768 9.9964E-05 9.9964E-05
9.99551E-05 0.103008 0.685966 9.99551E-05 9.99551E-05 0.210526 9.99551E-05 9.99551E-05
0.0503392 0.128636 0.675109 9.9973E-05 9.9973E-05 0.128579 0.0170372 9.9973E-05
9.9982E-05 0.120694 0.631163 0.00853688 0.0561158 0.16202 0.0212705 9.9982E-05
9.9946E-05 9.9946E-05 0.721481 9.9946E-05 9.9946E-05 0.277919 9.9946E-05 9.9946E-05
0.0221932 0.077033 0.487062 0.0521246 0.0819941 0.267149 9.9991E-05 0.0123439
0.0455712 0.0593596 0.577953 0.0210055 0.0762268 0.219684 9.9982E-05 9.9982E-05
9.994E-05 9.994E-05 9.994E-05 9.994E-05 9.994E-05 0.9993 9.994E-05 9.994E-05
9.994E-05 9.994E-05 9.994E-05 9.994E-05 9.994E-05 0.9993 9.994E-05 9.994E-05
9.994E-05 9.994E-05 9.994E-05 9.994E-05 9.994E-05 0.9993 9.994E-05 9.994E-05
9.994E-05 9.994E-05 9.994E-05 9.994E-05 9.994E-05 0.9993 9.994E-05 9.994E-05
9.9955E-05 9.9955E-05 0.000540116 9.9955E-05 9.9955E-05 0.941869 0.0570907 9.9955E-05
9.9964E-05 0.0372259 9.9964E-05 9.9964E-05 0.012336 0.943193 0.00684499 9.9964E-05
0.00289875 0.316538 0.463967 9.9973E-05 0.0262406 0.190056 9.9973E-05 9.9973E-05
0.0519441 0.264402 0.273213 0.0517179 0.0615714 0.23027 0.0667816 9.9991E-05
0.0108968 0.124278 0.683714 9.9973E-05 0.00252892 0.178282 9.9973E-05 9.9973E-05
0.0105965 9.9964E-05 0.898897 0.0348039 9.9964E-05 9.9964E-05 0.0553028 9.9964E-05
9.9955E-05 9.9955E-05 0.902031 9.9955E-05 9.9955E-05 9.9955E-05 0.0658625 0.0316065
0.0826422 9.9955E-05 0.872785 9.9955E-05 9.9955E-05 0.0440731 9.9955E-05 9.9955E-05
9.9982E-05 0.0156869 0.832591 0.00302032 0.0533987 9.9982E-05 0.0784553 0.0166474
9.9964E-05 9.9964E-05 0.877503 0.0206788 0.00373374 9.9964E-05 0.0976845 9.9964E-05
9.9955E-05 9.9955E-05 0.947918 9.9955E-05 9.9955E-05 9.9955E-05 0.0262671 0.0253152
9.9964E-05 0.0130956 0.969179 0.00103544 9.9964E-05 9.9964E-05 9.9964E-05 0.0162905
0.0390942 0.222763 0.657954 9.9973E-05 9.9973E-05 9.9973E-05 0.00389661 0.0759918
0.105843 0.0889559 0.697655 9.9973E-05 0.0826695 9.9973E-05 0.0245763 9.9973E-05
9.9964E-05 0.00414598 0.949054 9.9964E-05 0.0221202 9.9964E-05 9.9964E-05 0.0242801
0.0171771 0.0767465 0.781015 9.9982E-05 9.9982E-05 0.0331025 0.0445946 0.0471639
0.0090723 0.0859771 0.832091 0.0179365 0.0137381 0.0260619 9.9991E-05 0.0150228
9.9964E-05 9.9964E-05 0.907656 9.9964E-05 9.9964E-05 0.0173202 0.0491325 0.0254915
0.0321098 0.0258577 0.836741 9.9982E-05 0.0314972 9.9982E-05 0.00798714 0.0656071
0.0422748 9.9982E-05 0.813805 0.0388093 0.0303637 9.9982E-05 0.0301597 0.0443879
9.9982E-05 0.093766 0.663323 9.9982E-05 0.0421929 0.0439865 0.0300324 0.126499
9.9964E-05 0.0266544 0.797856 9.9964E-05 0.0460592 9.9964E-05 0.12903 9.9964E-05
9.9955E-05 0.108816 0.836244 9.9955E-05 9.9955E-05 0.0544396 9.9955E-05 9.9955E-05
9.9955E-05 0.444899 0.55013 9.9955E-05 9.9955E-05 9.9955E-05 0.00447202 9.9955E-05
0.0502721 0.17787 0.585666 0.00534485 0.0625761 9.9991E-05 0.0879901 0.0301808
0.0934343 0.23493 0.5838 0.0515415 0.035994 9.9973E-05 9.9973E-05 9.9973E-05
0.0519593 0.26321 0.603804 0.0494884 9.9973E-05 9.9973E-05 9.9973E-05 0.031239
9.9973E-05 0.918751 0.00444945 0.0546484 0.00568454 9.9973E-05 9.9973E-05 0.0161662
0.0173854 0.903534 0.0105359 9.9973E-05 0.0525252 9.9973E-05 9.9973E-05 0.01572
9.9973E-05 0.687993 0.226696 9.9973E-05 0.0102648 0.0354347 9.9973E-05 0.0393119
0.00590177 0.935733 0.0278234 9.9964E-05 0.0301421 9.9964E-05 9.9964E-05 9.9964E-05
0.0472269 0.640761 0.248534 9.9982E-05 0.0496027 9.9982E-05 0.002873 0.0108021
9.9946E-05 0.994763 9.9946E-05 9.9946E-05 9.9946E-05 0.00463733 9.9946E-05 9.9946E-05
0.00432605 0.991847 9.9955E-05 9.9955E-05 9.9955E-05 0.00332722 9.9955E-05 9.9955E-05
0.00952475 0.500962 0.384653 9.9982E-05 0.0327403 9.9982E-05 0.0502797 0.0216405
0.0538691 0.640283 0.148428 9.9982E-05 0.0466522 0.0539502 9.9982E-05 0.0566174
9.9982E-05 0.488175 0.339884 0.00029556 0.0425863 0.0703122 9.9982E-05 0.0585475
0.0420647 0.59028 0.248849 9.9973E-05 0.0847844 0.0337218 9.9973E-05 9.9973E-05
0.018724 0.726577 0.201635 9.9973E-05 0.0308227 9.9973E-05 0.0219409 9.9973E-05
0.0412209 0.87176 0.0574597 9.9964E-05 9.9964E-05 0.0291594 9.9964E-05 9.9964E-05
0.0611366 0.598743 0.202973 0.019421 9.9991E-05 0.0187703 0.0515378 0.0473182
9.9991E-05 0.479431 0.271636 0.0770898 0.0184948 0.0581066 0.0560795 0.0390625
9.9964E-05 0.650486 0.173556 9.9964E-05 0.0927468 9.9964E-05 9.9964E-05 0.082811
0.0656461 0.571032 0.148028 0.000922278 0.0893505 0.0825309 0.0108778 0.0316133
0.0684094 0.650874 0.214886 0.0235331 9.9982E-05 9.9982E-05 0.00695731 0.0351399
0.0183036 0.908337 0.0455691 9.9964E-05 0.0273906 9.9964E-05 9.9964E-05 9.9964E-05
0.0736075 0.548095 0.291414 0.0519182 9.9973E-05 0.0346659 9.9973E-05 9.9973E-05
0.077595 0.58292 0.221433 9.9991E-05 0.00155888 0.0100829 0.0243259 0.081984
0.00327153 0.908075 0.0422528 9.9973E-05 9.9973E-05 0.0139262 9.9973E-05 0.0321741
0.0494994 0.690681 0.0641606 0.0579108 0.076475 0.0321111 0.0177842 0.0113775
9.9955E-05 0.931138 9.9955E-05 9.9955E-05 0.00135161 9.9955E-05 0.0670108 9.9955E-05
0.0251928 0.867707 0.0630853 9.9964E-05 9.9964E-05 0.0436154 9.9964E-05 9.9964E-05
9.9955E-05 0.936107 9.9955E-05 9.9955E-05 0.0203009 9.9955E-05 0.043092 9.9955E-05
9.9946E-05 0.958378 9.9946E-05 0.0410226 9.9946E-05 9.9946E-05 9.9946E-05 9.9946E-05
9.9964E-05 0.865361 9.9964E-05 0.00288526 0.0258012 9.9964E-05 0.105553 9.9964E-05
0.0111396 0.663853 0.274527 9.9982E-05 0.0231553 9.9982E-05 0.016292 0.0108325
9.99551E-05 0.988616 9.99551E-05 9.99551E-05 0.00189151 9.99551E-05 0.00899295 9.99551E-05
9.9973E-05 0.74415 0.140044 0.0372211 0.0431819 0.0351034 9.9973E-05 9.9973E-05
0.0374512 0.82488 0.0347245 0.0257871 0.0493529 9.9991E-05 0.00353379 0.0241709
9.99461E-05 0.906346 9.99461E-05 9.99461E-05 9.99461E-05 0.093054 9.99461E-05 9.99461E-05
0.0422836 0.925792 9.9964E-05 9.9964E-05 0.00389929 0.0276255 9.9964E-05 9.9964E-05
9.9973E-05 0.7881 9.9973E-05 9.9973E-05 0.00175524 0.064694 0.0372304 0.107921
0.0744179 0.906025 9.9955E-05 9.9955E-05 9.9955E-05 9.9955E-05 0.0190577 9.9955E-05
9.9955E-05 0.907888 9.9955E-05 0.0343613 0.0572508 9.9955E-05 9.9955E-05 9.9955E-05
9.9982E-05 0.702005 0.0188449 0.143852 0.0172781 0.0027294 0.115091 9.9982E-05
0.0205643 0.713452 9.9982E-05 0.125615 0.0341947 9.9982E-05 0.041745 0.0642288
0.0383348 0.700262 9.9982E-05 0.128195 0.00369479 9.9982E-05 0.0666808 0.0626324
0.0503331 0.711522 9.9982E-05 0.078381 0.0206134 9.9982E-05 0.0250482 0.113902
9.9964E-05 0.767025 9.9964E-05 0.138692 9.9964E-05 9.9964E-05 0.0296627 0.0642206
0.0235288 0.7241 9.9982E-05 0.0800939 0.0375467 9.9982E-05 0.0365709 0.0979602
0.0102812 0.416082 0.248873 0.116144 9.9982E-05 9.9982E-05 0.0102748 0.198145
0.0216031 0.48484 0.130097 0.145001 0.0330928 0.0432245 0.0477409 0.0944008
0.0117356 0.614512 0.00698579 0.165196 0.0908564 0.0211088 0.00546787 0.0841374
0.057356 0.516402 0.152249 0.10076 0.0705619 0.0152095 0.00930256 0.0781589
0.0645625 0.577491 0.115139 0.115341 9.9982E-05 0.00760509 9.9982E-05 0.119661
0.0595851 0.593246 9.9973E-05 0.195141 9.9973E-05 9.9973E-05 0.0849765 0.0667513
0.117887 0.451394 0.0511825 0.105332 0.0860564 0.00677445 0.0128527 0.16852
9.9991E-05 0.519877 0.0275571 0.0765103 0.0757711 0.0470787 0.20629 0.0468149
9.9991E-05 0.602621 0.00740818 0.0944394 0.0524899 0.0309507 0.147595 0.064396
0.167772 0.350662 0.0766764 0.186173 0.101251 0.0148071 0.00195456 0.100704
9.994E-05 9.994E-05 9.994E-05 0.9993 9.994E-05 9.994E-05 9.994E-05 9.994E-05
9.9973E-05 0.0361655 9.9973E-05 0.89231 0.0167061 0.0112993 9.9973E-05 0.0432191
9.9973E-05 0.0892939 0.00320827 0.848786 9.9973E-05 0.0142098 0.0442017 9.9973E-05
9.9947E-05 9.9947E-05 9.9947E-05 0.996334 9.9947E-05 9.9947E-05 9.9947E-05 0.0030663
9.994E-05 9.994E-05 9.994E-05 0.9993 9.994E-05 9.994E-05 9.994E-05 9.994E-05
9.994E-05 9.994E-05 9.994E-05 0.9993 9.994E-05 9.994E-05 9.994E-05 9.994E-05
0.00393882 9.9964E-05 9.9964E-05 0.96838 0.0187651 9.9964E-05 9.9964E-05 0.00851638
9.9964E-05 0.033279 0.0707702 0.890296 9.9964E-05 9.9964E-05 0.00525538 9.9964E-05
0.00906265 9.9946E-05 9.9946E-05 0.990338 9.9946E-05 9.9946E-05 9.9946E-05 9.9946E-05
9.994E-05 9.994E-05 9.994E-05 0.9993 9.994E-05 9.994E-05 9.994E-05 9.994E-05
0.0840955 0.22978 0.0852282 0.116579 0.0804064 9.9991E-05 0.0986905 0.30512
0.100767 9.9955E-05 9.9955E-05 0.896401 9.9955E-05 9.9955E-05 0.00233212 9.9955E-05
9.994E-05 9.994E-05 9.994E-05 0.9993 9.994E-05 9.994E-05 9.994E-05 9.994E-05
0.0166288 0.00886994 0.00449125 0.961246 9.9973E-05 9.9973E-05 0.00846373 9.9973E-05
0.110667 0.401027 0.0275544 0.118151 0.0605684 0.00157017 0.0682141 0.212248
0.0934763 0.400959 0.00179533 0.127614 0.0651888 9.9991E-05 0.0989534 0.211913
0.0916466 0.407956 9.9991E-05 0.131031 0.0374171 0.0108407 0.144459 0.176549
0.111672 0.343553 0.0358936 0.182623 0.0432255 9.9991E-05 0.0901608 0.192772
0.0734494 0.354876 9.9982E-05 0.135739 0.045968 9.9982E-05 0.123317 0.266451
0.0343721 0.273523 0.217218 0.108641 0.00660599 9.9991E-05 0.162298 0.197242
0.0741405 0.436319 0.0575613 0.161157 9.9991E-05 0.00997028 0.0805819 0.180171
0.0498822 0.442993 0.0247273 0.136411 9.9982E-05 9.9982E-05 0.137502 0.208284
0.0581344 0.305252 0.0349811 0.237505 0.086623 9.9991E-05 0.150062 0.127342
0.0605031 0.296503 0.0326092 0.189781 0.0650081 0.00407278 0.178838 0.172685
0.101976 0.430924 0.0639847 0.136217 0.0478753 9.9991E-05 0.0806129 0.13831
0.099793 0.358644 0.0386521 0.170974 0.06686 9.9991E-05 0.163021 0.101956
0.0752407 0.49187 9.99962E-05 0.085468 0.065904 0.0254244 0.101268 0.154725
0.0842528 0.440175 0.0516874 0.129058 0.0306521 9.9991E-05 0.0714104 0.192664
9.994E-05 9.994E-05 9.994E-05 9.994E-05 0.9993 9.994E-05 9.994E-05 9.994E-05
0.0544774 0.421616 9.9982E-05 0.195447 0.0874636 9.9982E-05 0.0692451 0.171551
9.994E-05 9.994E-05 9.994E-05 9.994E-05 0.9993 9.994E-05 9.994E-05 9.994E-05
9.994E-05 9.994E-05 9.994E-05 9.994E-05 0.9993 9.994E-05 9.994E-05 9.994E-05
9.99461E-05 9.99461E-05 9.99461E-05 9.99461E-05 0.950416 9.99461E-05 0.0489847 9.99461E-05
0.00635008 0.10965 9.9982E-05 0.02395 0.795466 0.01562 9.9982E-05 0.0487633
9.994E-05 9.994E-05 9.994E-05 9.994E-05 0.9993 9.994E-05 9.994E-05 9.994E-05
9.9973E-05 0.0700563 0.0128902 9.9973E-05 0.874392 9.9973E-05 0.0217851 0.0205768
9.9955E-05 9.9955E-05 9.9955E-05 0.0154321 0.968691 9.9955E-05 0.0153774 9.9955E-05
0.0077684 9.9955E-05 9.9955E-05 0.020468 0.971264 9.9955E-05 9.9955E-05 9.9955E-05
9.994E-05 9.994E-05 9.994E-05 9.994E-05 0.9993 9.994E-05 9.994E-05 9.994E-05
9.9955E-05 0.0267291 9.9955E-05 9.9955E-05 0.966272 9.9955E-05 9.9955E-05 0.00649909
9.9955E-05 0.0334585 9.9955E-05 9.9955E-05 0.954912 9.9955E-05 9.9955E-05 0.0111294
0.0715819 9.9973E-05 9.9973E-05 0.0664403 0.828552 9.9973E-05 0.00942209 0.0237035
9.9955E-05 9.9955E-05 9.9955E-05 9.9955E-05 0.948347 0.0435861 0.00756662 9.9955E-05
9.9964E-05 0.117455 9.9964E-05 0.0177866 0.859316 9.9964E-05 9.9964E-05 0.00504275
0.0289399 0.0516435 9.9973E-05 9.9973E-05 0.870464 0.0057854 0.0428673 9.9973E-05
0.0601004 0.0278664 9.9982E-05 0.0098498 0.866893 0.0100066 0.0250838 9.9982E-05
0.000862296 0.0615169 9.9973E-05 9.9973E-05 0.90447 9.9973E-05 0.0205381 0.012313
0.0382588 0.04784 0.0139378 9.9982E-05 0.029638 9.9982E-05 0.0195033 0.850622
0.0450321 9.9982E-05 0.0250175 0.019673 9.9982E-05 0.0105384 0.0238469 0.875692
9.994E-05 9.994E-05 9.994E-05 9.994E-05 9.994E-05 9.994E-05 9.994E-05 0.9993
0.0267016 9.9946E-05 9.9946E-05 9.9946E-05 9.9946E-05 9.9946E-05 9.9946E-05 0.972699
9.994E-05 9.994E-05 9.994E-05 9.994E-05 9.994E-05 9.994E-05 9.994E-05 0.9993
9.994E-05 9.994E-05 9.994E-05 9.994E-05 9.994E-05 9.994E-05 9.994E-05 0.9993
9.9964E-05 9.9964E-05 0.029536 9.9964E-05 9.9964E-05 0.000775369 0.00360493 0.965684
0.0372852 0.15069 9.9973E-05 9.9973E-05 9.9973E-05 0.0340554 0.083354 0.694315
9.9946E-05 9.9946E-05 9.9946E-05 9.9946E-05 0.000300906 9.9946E-05 9.9946E-05 0.999099
9.994E-05 9.994E-05 9.994E-05 9.994E-05 9.994E-05 9.994E-05 9.994E-05 0.9993
9.9973E-05 9.9973E-05 9.9973E-05 0.017071 0.00686327 0.0213949 0.0678091 0.886562
9.994E-05 9.994E-05 9.994E-05 9.994E-05 9.994E-05 9.994E-05 9.994E-05 0.9993
0.017398 0.166013 9.9982E-05 9.9982E-05 0.0737699 0.000755376 0.0315641 0.7103
0.286973 0.394114 9.9991E-05 0.0660337 0.0237806 0.0331995 0.115582 0.0802179
0.290168 0.404119 9.9982E-05 0.0952889 9.9982E-05 0.0308039 0.134196 0.0452238
0.211926 0.432345 9.9982E-05 0.103721 0.0415881 0.0483607 0.161859 9.9982E-05
0.268549 0.460963 9.9982E-05 0.0551227 0.0330169 0.0433055 0.138843 9.9982E-05
9.9973E-05 9.9973E-05 0.0178515 9.9973E-05 0.00676029 0.0123548 0.9201 0.0426338
9.994E-05 9.994E-05 9.994E-05 9.994E-05 9.994E-05 9.994E-05 0.9993 9.994E-05
0.00955916 9.9955E-05 9.9955E-05 9.9955E-05 9.9955E-05 9.9955E-05 0.969281 0.0206597
9.994E-05 9.994E-05 9.994E-05 9.994E-05 9.994E-05 9.994E-05 0.9993 9.994E-05
0.00384229 9.9946E-05 9.9946E-05 9.9946E-05 9.9946E-05 9.9946E-05 0.995558 9.9946E-05
0.014379 9.9955E-05 9.9955E-05 0.00266521 9.9955E-05 9.9955E-05 0.982456 9.9955E-05
9.9982E-05 0.0146941 0.0257639 0.00624697 0.0199273 9.9982E-05 0.931857 0.00131115
9.9991E-05 0.0518592 0.0426452 0.0299992 0.0137199 0.0367069 0.759651 0.0653189
0.00215545 0.0694116 0.0586834 9.9982E-05 0.0170391 0.0155581 0.836952 9.9982E-05
0.996207 9.9946E-05 9.9946E-05 9.9946E-05 9.9946E-05 9.9946E-05 9.9946E-05 0.00319378
0.9993 9.994E-05 9.994E-05 9.994E-05 9.994E-05 9.994E-05 9.994E-05 9.994E-05
0.9993 9.994E-05 9.994E-05 9.994E-05 9.994E-05 9.994E-05 9.994E-05 9.994E-05
0.9993 9.994E-05 9.994E-05 9.994E-05 9.994E-05 9.994E-05 9.994E-05 9.994E-05
0.9993 9.994E-05 9.994E-05 9.994E-05 9.994E-05 9.994E-05 9.994E-05 9.994E-05
0.860196 0.0590303 0.0107338 9.9973E-05 0.0398818 9.9973E-05 0.029858 9.9973E-05
0.990051 9.9955E-05 9.9955E-05 9.9955E-05 9.9955E-05 0.00130568 0.00814367 9.9955E-05
0.9993 9.994E-05 9.994E-05 9.994E-05 9.994E-05 9.994E-05 9.994E-05 9.994E-05
0.978117 9.9964E-05 0.0150885 9.9964E-05 0.00482952 0.00156485 9.9964E-05 9.9964E-05
0.965055 9.9946E-05 9.9946E-05 9.9946E-05 9.9946E-05 9.9946E-05 9.9946E-05 0.0343455
0.9993 9.994E-05 9.994E-05 9.994E-05 9.994E-05 9.994E-05 9.994E-05 9.994E-05
0.9993 9.994E-05 9.994E-05 9.994E-05 9.994E-05 9.994E-05 9.994E-05 9.994E-05
