0.9993 9.994E-05 9.994E-05 9.994E-05 9.994E-05 9.994E-05 9.994E-05 9.994E-05
0.26808 0.0820857 9.9964E-05 9.9964E-05 0.570347 9.9964E-05 9.9964E-05 0.0790879
0.258986 0.124861 9.9964E-05 9.9964E-05 0.582783 9.9964E-05 9.9964E-05 0.032969
0.207378 9.9964E-05 0.0775936 9.9964E-05 0.711609 9.9964E-05 9.9964E-05 0.00301926
0.109902 9.9982E-05 0.0972961 0.0153839 0.675776 0.0968669 0.00457513 9.9982E-05
0.202687 0.0207386 0.184805 9.9973E-05 0.581706 9.9973E-05 9.9973E-05 0.00976368
0.266058 0.00664041 9.9955E-05 9.9955E-05 0.726801 9.9955E-05 9.9955E-05 9.9955E-05
0.312199 0.0864318 0.0389986 9.9982E-05 0.534902 9.9982E-05 0.01421 0.0130592
0.203014 0.0490116 0.0251097 0.0317587 0.657964 9.9982E-05 9.9982E-05 0.0329424
0.9993 9.994E-05 9.994E-05 9.994E-05 9.994E-05 9.994E-05 9.994E-05 9.994E-05
0.9993 9.994E-05 9.994E-05 9.994E-05 9.994E-05 9.994E-05 9.994E-05 9.994E-05
0.9993 9.994E-05 9.994E-05 9.994E-05 9.994E-05 9.994E-05 9.994E-05 9.994E-05
0.9993 9.994E-05 9.994E-05 9.994E-05 9.994E-05 9.994E-05 9.994E-05 9.994E-05
0.943371 9.9946E-05 9.9946E-05 9.9946E-05 9.9946E-05 0.0560288 9.9946E-05 9.9946E-05
0.95109 9.9955E-05 9.9955E-05 9.9955E-05 9.9955E-05 0.0171645 0.0312456 9.9955E-05
0.187325 0.043709 0.33694 0.014885 0.416609 9.9982E-05 0.000332483 9.9982E-05
0.204128 0.104581 0.192504 0.00331473 0.284595 0.117785 0.0574322 0.0356607
0.190757 9.9964E-05 0.155028 9.9964E-05 0.652154 9.9964E-05 9.9964E-05 0.00166173
9.9964E-05 9.9964E-05 0.0112355 0.0622334 0.864661 0.0614707 9.9964E-05 9.9964E-05
9.9955E-05 9.9955E-05 9.9955E-05 9.9955E-05 0.915254 0.0670487 0.0171977 9.9955E-05
0.00755244 9.9964E-05 9.9964E-05 0.0639542 0.916063 9.9964E-05 9.9964E-05 0.0120303
9.9973E-05 0.0683381 0.0273396 9.9973E-05 0.769582 0.064808 0.0696326 9.9973E-05
9.99769E-05 0.0276836 9.99769E-05 0.0126017 0.862214 0.095796 0.0014043 9.99769E-05
9.9964E-05 0.012221 9.9964E-05 9.9964E-05 0.919283 0.0597671 0.00832868 9.9964E-05
9.9955E-05 9.9955E-05 9.9955E-05 0.0315815 0.918514 9.9955E-05 0.0494051 9.9955E-05
9.9982E-05 0.0129528 0.24459 0.0667348 0.589734 0.0223161 0.0634726 9.9982E-05
9.9982E-05 0.0719901 0.124808 0.111859 0.658985 0.0271293 0.00502898 9.9982E-05
9.9973E-05 0.0681323 0.0462566 9.9973E-05 0.878683 9.9973E-05 0.00481826 0.00180983
0.0193858 0.0207529 0.022334 0.0331866 0.802078 0.033742 0.0592488 0.00927156
0.0416876 9.9964E-05 0.0268973 0.00411242 0.926903 9.9964E-05 9.9964E-05 9.9964E-05
0.0061658 9.9964E-05 9.9964E-05 0.0304363 0.939943 0.0230555 9.9964E-05 9.9964E-05
9.9982E-05 0.00937052 0.00959052 0.0439451 0.810659 0.0397069 0.0865279 9.9982E-05
9.9982E-05 0.0654621 0.133387 0.0336125 0.719983 0.0351652 0.0121906 9.9982E-05
0.0351325 0.0822681 0.151388 0.00957004 0.613561 0.0170303 0.09095 9.9991E-05
9.9973E-05 0.085147 9.9973E-05 0.0254901 0.781278 0.0971751 0.0106103 9.9973E-05
0.0327987 9.9955E-05 0.00724676 9.9955E-05 0.959455 9.9955E-05 9.9955E-05 9.9955E-05
9.9964E-05 9.9964E-05 0.430593 0.0331106 0.485528 0.0503688 9.9964E-05 9.9964E-05
9.9982E-05 0.0427425 0.275196 0.085298 0.501229 0.0668128 0.0285213 9.9982E-05
9.9973E-05 0.0552065 0.285403 0.0772793 0.533642 9.9973E-05 9.9973E-05 0.04817
9.9973E-05 9.9973E-05 0.32437 0.0903829 0.543553 0.0308822 0.0105118 9.9973E-05
9.9973E-05 0.0331204 0.913659 0.00688431 0.0120831 9.9973E-05 9.9973E-05 0.0339532
9.9964E-05 0.0464788 0.8638 0.057636 0.0316848 9.9964E-05 9.9964E-05 9.9964E-05
0.051981 0.0787692 0.640943 9.9982E-05 0.195704 9.9982E-05 0.00491376 0.0274889
9.9964E-05 0.0172175 0.963324 0.00115042 0.017908 9.9964E-05 9.9964E-05 9.9964E-05
9.9973E-05 0.0665946 0.65266 0.0540625 0.202509 9.9973E-05 0.0238743 9.9973E-05
0.0234706 9.9955E-05 0.97152 0.00450928 9.9955E-05 9.9955E-05 9.9955E-05 9.9955E-05
0.00693687 9.9946E-05 0.992463 9.9946E-05 9.9946E-05 9.9946E-05 9.9946E-05 9.9946E-05
9.9982E-05 0.0246769 0.513875 0.0235106 0.40323 0.014877 0.0196307 9.9982E-05
0.0669814 0.044948 0.588451 0.0590518 0.165472 9.9982E-05 0.0748953 9.9982E-05
0.102881 0.0226903 0.377315 9.9982E-05 0.398668 0.0183274 0.0799186 9.9982E-05
0.0338027 0.0570602 0.592975 0.0573447 0.251443 9.9982E-05 9.9982E-05 0.00717482
0.00176221 0.0494463 0.735915 9.9973E-05 0.211774 9.9973E-05 0.000803148 9.9973E-05
0.0488223 0.00226612 0.948412 9.9955E-05 9.9955E-05 9.9955E-05 9.9955E-05 9.9955E-05
0.0247787 9.9982E-05 0.618351 0.0592277 0.192552 0.0753199 0.0295703 9.9982E-05
0.0425531 9.9991E-05 0.592141 0.023531 0.218304 0.0375984 0.0610761 0.0246966
9.9973E-05 0.0903162 0.675533 0.000281293 0.171445 9.9973E-05 0.0621247 9.9973E-05
0.0853962 0.0597671 0.534342 0.113515 0.184815 9.9991E-05 0.0157293 0.00633533
9.9982E-05 9.9982E-05 0.656528 0.059399 0.229503 0.00379517 0.042758 0.00781639
0.0304039 9.99461E-05 0.968996 9.99461E-05 9.99461E-05 9.99461E-05 9.99461E-05 9.99461E-05
0.0720858 9.9973E-05 0.522481 0.0884972 0.265524 9.9973E-05 9.9973E-05 0.0511123
0.00849122 9.9982E-05 0.636753 0.0745326 0.215088 0.0101799 0.0547548 9.9982E-05
0.0060851 9.9973E-05 0.849278 9.9973E-05 0.0444662 9.9973E-05 0.0700093 0.0298616
0.0102977 0.0623585 0.843896 9.9973E-05 0.066237 0.0169104 9.9973E-05 9.9973E-05
9.9964E-05 0.014338 0.913291 0.0167686 9.9964E-05 0.0552026 9.9964E-05 9.9964E-05
0.0160562 9.9973E-05 0.822869 0.00931711 0.12187 9.9973E-05 0.0295876 9.9973E-05
0.0125847 0.036473 0.884942 9.9964E-05 9.9964E-05 0.0656008 9.9964E-05 9.9964E-05
9.9946E-05 9.9946E-05 0.992124 9.9946E-05 9.9946E-05 9.9946E-05 9.9946E-05 0.00727631
0.0155192 9.9973E-05 0.897614 9.9973E-05 9.9973E-05 0.0774903 0.007728 0.00134898
9.9973E-05 0.00419736 0.681345 0.00205474 0.275583 9.9973E-05 0.0365205 9.9973E-05
9.99551E-05 0.036032 0.925665 9.99551E-05 9.99551E-05 0.0378036 9.99551E-05 9.99551E-05
0.0577844 0.0464151 0.759186 9.9982E-05 0.0681197 9.9982E-05 0.0260724 0.0422225
9.9991E-05 0.0177036 0.813704 0.0521921 0.0588913 0.00258208 0.0195512 0.0352753
0.0783293 9.99461E-05 0.921071 9.99461E-05 9.99461E-05 9.99461E-05 9.99461E-05 9.99461E-05
0.0589962 9.9955E-05 0.908479 0.0320254 9.9955E-05 9.9955E-05 9.9955E-05 9.9955E-05
0.0763999 0.0907309 0.69612 0.0424247 9.9982E-05 0.00957844 0.0845463 9.9982E-05
0.0150483 9.9964E-05 0.904266 0.0736063 9.9964E-05 0.00667923 9.9964E-05 9.9964E-05
9.9955E-05 0.046539 0.945973 9.9955E-05 9.9955E-05 0.00698843 9.9955E-05 9.9955E-05
0.0458597 0.0047588 0.781979 9.9982E-05 9.9982E-05 0.0649219 0.0074508 0.0948301
9.9973E-05 0.0410482 0.709343 9.9973E-05 9.9973E-05 0.0661813 0.0701392 0.112989
9.9973E-05 9.9973E-05 0.719916 0.0237112 9.9973E-05 0.087457 0.0363821 0.132233
9.9982E-05 0.0266213 0.733039 0.0641721 9.9982E-05 0.0536723 0.0537904 0.0685053
9.9964E-05 9.9964E-05 0.782896 9.9964E-05 9.9964E-05 0.0662373 0.0487013 0.101765
9.9973E-05 0.0078257 0.787188 9.9973E-05 9.9973E-05 0.0693095 0.0585276 0.0768495
9.9991E-05 0.0268763 0.527668 0.0807834 0.0926564 0.0142909 0.110126 0.147499
9.9982E-05 9.9982E-05 0.525459 0.0452562 0.11431 0.0588959 0.0580675 0.197812
0.00403925 0.0893331 0.615846 0.041144 0.0154309 0.00167462 0.0702762 0.162256
0.0341902 0.051928 0.548047 0.0739412 0.116341 0.0194654 0.086772 0.0693158
9.9973E-05 9.9973E-05 0.604572 0.0518411 0.121926 9.9973E-05 0.102057 0.119304
0.00634917 9.9991E-05 0.695307 0.0737195 0.00799311 0.0587911 0.0429148 0.114826
9.9991E-05 0.0903151 0.464603 0.11458 0.0438536 0.0333269 0.125379 0.127843
0.0300723 0.0655212 0.519573 9.9991E-05 0.0433811 0.221586 0.0311789 0.0885878
0.0535198 0.0818251 0.553312 9.9991E-05 0.0329015 0.157738 0.0650869 0.0555172
0.0170526 0.0767054 0.370064 0.167696 0.0557227 0.0294853 0.084097 0.199177
9.994E-05 9.994E-05 9.994E-05 9.994E-05 9.994E-05 9.994E-05 9.994E-05 0.9993
0.034207 0.00238825 0.0302864 9.9973E-05 9.9973E-05 9.9973E-05 0.0417522 0.891066
0.0173898 0.00424811 0.0919928 0.00566598 9.9991E-05 0.0398164 0.0106556 0.830131
9.994E-05 9.994E-05 9.994E-05 9.994E-05 9.994E-05 9.994E-05 9.994E-05 0.9993
9.994E-05 9.994E-05 9.994E-05 9.994E-05 9.994E-05 9.994E-05 9.994E-05 0.9993
9.994E-05 9.994E-05 9.994E-05 9.994E-05 9.994E-05 9.994E-05 9.994E-05 0.9993
9.994E-05 9.994E-05 9.994E-05 9.994E-05 9.994E-05 9.994E-05 9.994E-05 0.9993
9.9955E-05 9.9955E-05 9.9955E-05 0.0323698 0.0559623 9.9955E-05 9.9955E-05 0.911168
9.9946E-05 9.9946E-05 9.9946E-05 0.00690765 9.9946E-05 9.9946E-05 9.9946E-05 0.992493
9.994E-05 9.994E-05 9.994E-05 9.994E-05 9.994E-05 9.994E-05 9.994E-05 0.9993
9.9991E-05 0.0565584 0.235394 0.137319 0.0898997 0.0614819 0.29872 0.120527
0.00304582 9.9973E-05 0.0722889 0.0270241 9.9973E-05 0.0206517 9.9973E-05 0.87669
9.994E-05 9.994E-05 9.994E-05 9.994E-05 9.994E-05 9.994E-05 9.994E-05 0.9993
0.000716458 9.9946E-05 9.9946E-05 9.9946E-05 9.9946E-05 9.9946E-05 9.9946E-05 0.998684
9.9982E-05 0.0322675 0.460031 0.101279 9.9982E-05 0.0607231 0.243991 0.101508
9.9982E-05 0.0654308 0.458076 0.100626 9.9982E-05 0.0422314 0.247022 0.086414
9.9991E-05 0.0784515 0.493415 0.0564785 0.0081714 0.0825167 0.174236 0.10663
9.9982E-05 0.0900304 0.474174 0.0622814 9.9982E-05 0.0570343 0.182658 0.133621
9.9982E-05 0.041739 0.483307 0.0816333 9.9982E-05 0.103159 0.201456 0.0885059
9.9991E-05 0.0152528 0.312486 0.110944 0.184129 0.132552 0.188315 0.0562214
9.9991E-05 0.00637101 0.44091 0.0591388 0.0760026 0.13019 0.160996 0.126292
9.9973E-05 9.9973E-05 0.497017 0.0424061 9.9973E-05 0.128897 0.207337 0.124043
9.9991E-05 0.0618473 0.42233 0.0445313 0.000292028 0.121269 0.114058 0.235572
9.9991E-05 0.038388 0.416123 0.0380354 0.0186 0.110277 0.148499 0.229977
9.9991E-05 0.0304527 0.434938 0.124622 0.0289222 0.110059 0.148145 0.122761
9.9991E-05 0.0297119 0.486695 0.0370724 0.0159699 0.16041 0.074219 0.195822
0.0121956 0.0652293 0.499557 0.0946176 9.9991E-05 0.0809188 0.178829 0.0685525
9.9991E-05 0.0705146 0.460266 0.104022 0.00490673 0.0568077 0.197822 0.10556
9.9955E-05 9.9955E-05 0.0295321 9.9955E-05 9.9955E-05 0.0231891 0.946779 9.9955E-05
0.00629521 9.9982E-05 9.9982E-05 0.0559093 0.0093284 0.0408207 0.870453 0.0169937
9.994E-05 9.994E-05 9.994E-05 9.994E-05 9.994E-05 9.994E-05 0.9993 9.994E-05
9.9946E-05 9.9946E-05 9.9946E-05 0.00702174 9.9946E-05 9.9946E-05 0.992379 9.9946E-05
9.994E-05 9.994E-05 9.994E-05 9.994E-05 9.994E-05 9.994E-05 0.9993 9.994E-05
9.994E-05 9.994E-05 9.994E-05 9.994E-05 9.994E-05 9.994E-05 0.9993 9.994E-05
9.9946E-05 9.9946E-05 9.9946E-05 9.9946E-05 9.9946E-05 0.0134614 0.985939 9.9946E-05
0.0496824 9.9973E-05 0.0507159 9.9973E-05 9.9973E-05 0.10108 0.784269 0.0139528
9.9946E-05 0.0340698 9.9946E-05 9.9946E-05 9.9946E-05 9.9946E-05 0.965331 9.9946E-05
9.994E-05 9.994E-05 9.994E-05 9.994E-05 9.994E-05 9.994E-05 0.9993 9.994E-05
0.0242578 9.9964E-05 9.9964E-05 9.9964E-05 9.9964E-05 0.0585704 0.882178 0.0345944
9.994E-05 9.994E-05 9.994E-05 9.994E-05 9.994E-05 9.994E-05 0.9993 9.994E-05
0.0251857 0.0931169 0.0832816 0.0577172 9.9982E-05 0.0271205 0.713378 9.9982E-05
9.9946E-05 0.996815 9.9946E-05 9.9946E-05 9.9946E-05 9.9946E-05 0.00258545 9.9946E-05
9.9991E-05 0.0605212 0.486635 0.043475 0.00317557 0.0437629 0.147766 0.214564
9.994E-05 0.9993 9.994E-05 9.994E-05 9.994E-05 9.994E-05 9.994E-05 9.994E-05
9.994E-05 0.9993 9.994E-05 9.994E-05 9.994E-05 9.994E-05 9.994E-05 9.994E-05
9.99551E-05 0.898216 9.99551E-05 9.99551E-05 9.99551E-05 0.0634673 9.99551E-05 0.0378171
9.9982E-05 0.753381 0.0831042 0.031189 0.0791231 9.9982E-05 0.0155593 0.037443
9.994E-05 0.9993 9.994E-05 9.994E-05 9.994E-05 9.994E-05 9.994E-05 9.994E-05
9.9955E-05 0.895463 9.9955E-05 9.9955E-05 9.9955E-05 0.0813906 0.0226464 9.9955E-05
9.9946E-05 0.989716 9.9946E-05 9.9946E-05 9.9946E-05 0.00968402 9.9946E-05 9.9946E-05
9.9964E-05 0.950032 9.9964E-05 0.00299834 0.0191679 9.9964E-05 0.027402 9.9964E-05
9.9946E-05 0.983734 9.9946E-05 9.9946E-05 0.0156667 9.9946E-05 9.9946E-05 9.9946E-05
9.9955E-05 0.969923 9.9955E-05 0.00873108 9.9955E-05 9.9955E-05 0.0208464 9.9955E-05
9.9955E-05 0.984355 9.9955E-05 9.9955E-05 9.9955E-05 9.9955E-05 0.0146068 0.000538164
9.9973E-05 0.805835 0.0654144 0.0143152 9.9973E-05 9.9973E-05 0.0695178 0.0446173
0.0134887 0.93248 0.0187769 0.0115424 9.9973E-05 0.0234116 9.9973E-05 9.9973E-05
0.00805095 0.875714 0.0898612 9.9973E-05 9.9973E-05 0.0165987 9.9973E-05 0.00947562
9.99646E-05 0.856485 0.0550106 0.0494677 9.99646E-05 0.038637 9.99646E-05 9.99646E-05
0.0235984 0.886688 0.0638101 0.0255035 9.9964E-05 9.9964E-05 9.9964E-05 9.9964E-05
0.00286711 0.976553 0.0168342 9.9964E-05 9.9964E-05 9.9964E-05 0.00334545 9.9964E-05
0.0463794 0.0535573 0.384958 0.239213 9.9991E-05 0.145026 0.0836674 0.047099
0.0574158 0.0369917 0.339709 0.293238 9.9991E-05 0.201282 0.0353394 0.0359239
0.045319 0.0427796 0.356815 0.280975 9.9982E-05 0.198698 9.9982E-05 0.0752136
0.0584021 0.0531407 0.369626 0.30083 9.9991E-05 0.154103 0.00516227 0.058637
0.0228333 0.0231995 9.9982E-05 0.0201674 0.027025 0.886614 0.0199608 9.9982E-05
9.994E-05 9.994E-05 9.994E-05 9.994E-05 9.994E-05 0.9993 9.994E-05 9.994E-05
9.9955E-05 9.9955E-05 9.9955E-05 9.9955E-05 0.00306078 0.961524 9.9955E-05 0.0349156
9.994E-05 9.994E-05 9.994E-05 9.994E-05 9.994E-05 0.9993 9.994E-05 9.994E-05
9.9946E-05 9.9946E-05 9.9946E-05 9.9946E-05 9.9946E-05 0.975725 9.9946E-05 0.023675
9.9982E-05 0.0101465 0.00341783 0.000670578 9.9982E-05 0.944567 0.0295674 0.0114305
9.9955E-05 9.9955E-05 9.9955E-05 0.0230939 9.9955E-05 0.950554 9.9955E-05 0.0258528
0.0288603 0.0261793 9.9982E-05 0.0434244 0.118869 0.731851 0.0506157 9.9982E-05
0.00397334 0.0235066 0.0656165 9.9973E-05 0.0387736 0.86783 9.9973E-05 9.9973E-05
9.9946E-05 9.9946E-05 0.0140127 0.985388 9.9946E-05 9.9946E-05 9.9946E-05 9.9946E-05
9.9946E-05 9.9946E-05 9.9946E-05 0.997763 0.00163745 9.9946E-05 9.9946E-05 9.9946E-05
9.994E-05 9.994E-05 9.994E-05 0.9993 9.994E-05 9.994E-05 9.994E-05 9.994E-05
9.994E-05 9.994E-05 9.994E-05 0.9993 9.994E-05 9.994E-05 9.994E-05 9.994E-05
9.994E-05 9.994E-05 9.994E-05 0.9993 9.994E-05 9.994E-05 9.994E-05 9.994E-05
0.00214321 0.0398472 0.0245263 0.883376 0.0286971 0.0212105 9.9982E-05 9.9982E-05
9.994E-05 9.994E-05 9.994E-05 0.9993 9.994E-05 9.994E-05 9.994E-05 9.994E-05
9.994E-05 9.994E-05 9.994E-05 0.9993 9.994E-05 9.994E-05 9.994E-05 9.994E-05
9.994E-05 9.994E-05 9.994E-05 0.9993 9.994E-05 9.994E-05 9.994E-05 9.994E-05
9.9973E-05 0.0154684 0.0404497 0.921056 9.9973E-05 9.9973E-05 0.010378 0.0123475
9.994E-05 9.994E-05 9.994E-05 0.9993 9.994E-05 9.994E-05 9.994E-05 9.994E-05
9.9946E-05 9.9946E-05 9.9946E-05 0.991025 9.9946E-05 9.9946E-05 9.9946E-05 0.0083754
