9.994E-05 9.994E-05 0.9993 9.994E-05 9.994E-05 9.994E-05 9.994E-05 9.994E-05
0.00177971 9.9973E-05 0.255063 9.9973E-05 0.540819 0.0894826 9.9973E-05 0.112556
9.9964E-05 9.9964E-05 0.228155 9.9964E-05 0.628641 0.0730539 9.9964E-05 0.0697502
9.9955E-05 0.0257118 0.180929 9.9955E-05 0.792859 9.9955E-05 9.9955E-05 9.9955E-05
9.9973E-05 0.156627 0.0958212 0.0419092 0.660423 9.9973E-05 0.0449205 9.9973E-05
9.9964E-05 0.234259 0.174935 9.9964E-05 0.573394 0.0170112 9.9964E-05 9.9964E-05
9.9946E-05 9.9946E-05 0.281272 9.9946E-05 0.718128 9.9946E-05 9.9946E-05 9.9946E-05
0.0141039 0.070911 0.272985 9.9982E-05 0.539376 0.0789818 9.9982E-05 0.0234431
9.9973E-05 9.9973E-05 0.162841 9.9973E-05 0.668113 0.076229 0.0688832 0.0236337
9.994E-05 9.994E-05 0.9993 9.994E-05 9.994E-05 9.994E-05 9.994E-05 9.994E-05
9.9946E-05 9.9946E-05 0.997763 9.9946E-05 9.9946E-05 9.9946E-05 0.00163769 9.9946E-05
9.9955E-05 9.9955E-05 0.995776 0.000147716 9.9955E-05 9.9955E-05 0.00357697 9.9955E-05
9.994E-05 9.994E-05 0.9993 9.994E-05 9.994E-05 9.994E-05 9.994E-05 9.994E-05
9.9964E-05 9.9964E-05 0.878221 0.061302 0.0597252 9.9964E-05 0.000352015 9.9964E-05
0.0213627 9.9964E-05 0.939751 0.0303645 9.9964E-05 0.00812155 9.9964E-05 9.9964E-05
0.00797177 0.291619 0.160177 9.9982E-05 0.475058 0.0059641 0.0590099 9.9982E-05
0.0739513 0.119755 0.214757 0.081723 0.349711 0.0662517 0.0481614 0.0456891
9.9973E-05 0.0904773 0.145101 9.9973E-05 0.755485 9.9973E-05 0.00827808 0.000358641
9.9955E-05 9.9955E-05 9.9955E-05 0.0816411 0.899017 9.9955E-05 9.9955E-05 0.0188426
0.0224434 9.9955E-05 9.9955E-05 0.052951 0.924106 9.9955E-05 9.9955E-05 9.9955E-05
9.9964E-05 9.9964E-05 0.0228877 9.9964E-05 0.900098 9.9964E-05 0.0397792 0.0368355
0.0370506 9.9964E-05 9.9964E-05 0.044726 0.817876 0.0999478 9.9964E-05 9.9964E-05
9.9964E-05 9.9964E-05 9.9964E-05 0.0982796 0.8369 0.0394242 0.0249963 9.9964E-05
0.0385885 9.9964E-05 9.9964E-05 0.0209041 0.937741 0.00236682 9.9964E-05 9.9964E-05
0.030688 0.0845247 9.9973E-05 0.00642082 0.84246 9.9973E-05 0.0356065 9.9973E-05
0.0501712 0.199894 9.9982E-05 0.0148875 0.663216 0.00516795 0.0664631 9.9982E-05
9.9973E-05 0.0809161 9.9973E-05 0.0150486 0.705759 0.0848564 0.11312 9.9973E-05
0.00610526 9.9955E-05 9.9955E-05 9.9955E-05 0.966105 0.0272896 9.9955E-05 9.9955E-05
0.0299869 0.151919 0.0168696 0.00963981 0.732771 0.0166937 0.0364338 0.00568617
9.9964E-05 0.0570445 0.0403584 9.9964E-05 0.893748 9.9964E-05 0.0084492 9.9964E-05
0.0112787 9.9982E-05 0.0140778 0.0158158 0.874346 9.9982E-05 0.0640483 0.0202331
0.100635 0.0578373 9.9991E-05 0.00407871 0.771626 0.0235911 0.0181873 0.0239447
0.00773466 0.140294 9.9982E-05 9.9982E-05 0.758303 0.0774223 0.00870043 0.00734616
0.123653 0.0657176 0.0591189 0.00360102 0.617684 0.0798587 0.0147125 0.035654
0.0665452 9.9964E-05 9.9964E-05 0.109357 0.796892 0.0268059 9.9964E-05 9.9964E-05
9.9964E-05 0.0612352 0.0578092 0.019816 0.86074 9.9964E-05 9.9964E-05 9.9964E-05
9.9955E-05 0.52688 9.9955E-05 0.0210872 0.451534 9.9955E-05 9.9955E-05 9.9955E-05
9.9982E-05 0.35791 9.9982E-05 0.0475359 0.500886 0.0274275 0.0599187 0.00612119
9.999E-05 0.303518 0.00900952 0.00188733 0.481871 0.0641926 0.107772 0.0316495
0.02503 0.321633 9.9982E-05 0.0273144 0.574114 9.9982E-05 0.0329046 0.018804
0.0408497 0.901808 9.9973E-05 9.9973E-05 0.0067302 0.016575 9.9973E-05 0.0337374
9.9964E-05 0.923175 0.0129627 9.9964E-05 9.9964E-05 0.0115561 0.0519065 9.9964E-05
0.0525215 0.621297 0.050364 9.9982E-05 0.196501 0.0701169 9.9982E-05 0.00900033
9.9973E-05 0.939471 9.9973E-05 9.9973E-05 0.036069 0.0131677 0.00907248 0.00191981
9.9973E-05 0.711238 9.9973E-05 0.00061683 0.228337 0.0411519 0.0183567 9.9973E-05
9.9964E-05 0.877372 9.9964E-05 9.9964E-05 0.109469 0.00958796 0.00317108 9.9964E-05
9.9973E-05 0.910695 0.00810395 9.9973E-05 0.061752 0.00160168 0.0175476 9.9973E-05
0.0281142 0.497107 9.9982E-05 0.0140917 0.344362 0.059371 0.0567545 9.9982E-05
0.0721854 0.544826 0.0796776 0.00288782 0.227768 0.0200131 0.0525421 9.9991E-05
0.0563215 0.434754 0.0932203 9.9991E-05 0.371481 0.0225723 0.0122177 0.00933316
9.9982E-05 0.651147 0.0149959 9.9982E-05 0.25898 0.0440967 0.0209717 0.0096088
9.9982E-05 0.734285 0.00688196 0.0247845 0.191673 0.037194 0.00498181 9.9982E-05
9.9955E-05 0.852617 0.0433375 9.9955E-05 0.103546 9.9955E-05 9.9955E-05 9.9955E-05
0.0331555 0.580558 0.0533308 0.105319 0.194773 9.9991E-05 0.0225955 0.0101683
0.0645476 0.592215 0.0341337 0.0417832 0.228936 9.9991E-05 0.00533288 0.032951
0.0245352 0.747424 9.9973E-05 9.9973E-05 0.157734 0.0680219 0.00198437 9.9973E-05
0.0300385 0.557411 0.0675042 0.0119257 0.176394 0.0793358 0.0772905 9.9991E-05
0.05314 0.616701 9.9991E-05 0.00887403 0.249825 0.0431154 0.0176241 0.0106204
9.9973E-05 0.876351 0.0072651 9.9973E-05 0.0998613 0.0080099 0.00821287 9.9973E-05
9.9982E-05 0.599306 0.0422023 9.9982E-05 0.173592 0.042401 0.112642 0.0296572
0.063789 0.60962 9.9973E-05 0.048038 0.228541 9.9973E-05 0.0497116 9.9973E-05
0.0817685 0.732274 0.035081 9.9973E-05 0.117256 9.9973E-05 9.9973E-05 0.0333213
9.9982E-05 0.782071 0.033652 9.9982E-05 0.0625244 0.0907416 0.0272488 0.00356202
0.0696528 0.823132 9.9982E-05 0.0548384 9.9982E-05 0.0261682 0.0228029 0.00320556
9.99551E-05 0.845601 0.0179154 9.99551E-05 0.135983 9.99551E-05 9.99551E-05 9.99551E-05
9.9964E-05 0.907175 0.0152926 0.0739502 9.9964E-05 9.9964E-05 0.00318222 9.9964E-05
9.9946E-05 0.999196 9.9946E-05 9.9946E-05 9.9946E-05 9.9946E-05 9.9946E-05 0.000204484
0.0105091 0.824842 0.0266668 0.0880664 9.9991E-05 0.0314571 0.0104114 0.00794684
9.9982E-05 0.619576 9.9982E-05 0.000177717 0.329779 0.0266934 0.0185164 0.00505687
9.99551E-05 0.877071 9.99551E-05 0.0732082 9.99551E-05 0.0492206 9.99551E-05 9.99551E-05
0.0121774 0.75023 0.0369887 9.9982E-05 0.113924 0.0628056 9.9982E-05 0.0236746
0.0162353 0.88617 9.9982E-05 9.9982E-05 0.0217222 0.0359253 0.00849948 0.0312479
9.99461E-05 0.901559 0.097841 9.99461E-05 9.99461E-05 9.99461E-05 9.99461E-05 9.99461E-05
9.9955E-05 0.892457 0.0556308 9.9955E-05 9.9955E-05 9.9955E-05 0.0514123 9.9955E-05
0.0668005 0.866706 0.0489943 0.0170993 9.9964E-05 9.9964E-05 9.9964E-05 9.9964E-05
9.9955E-05 0.916151 0.0124844 9.9955E-05 9.9955E-05 9.9955E-05 0.0708644 9.9955E-05
9.9955E-05 0.997012 9.9955E-05 9.9955E-05 0.00214923 9.9955E-05 0.000339064 9.9955E-05
0.00600705 0.768907 0.0146609 0.113903 9.9982E-05 0.0129341 9.9982E-05 0.0833879
0.081589 0.693439 9.9991E-05 0.0630967 0.0206274 0.0160871 0.0300353 0.0950261
0.0199943 0.839522 9.9973E-05 0.0670096 9.9973E-05 9.9973E-05 0.00357991 0.0695941
0.0292984 0.863664 9.9982E-05 0.0201044 9.9982E-05 0.00590313 0.0423284 0.0385021
0.0164293 0.849154 9.9964E-05 0.0832046 9.9964E-05 9.9964E-05 9.9964E-05 0.0508119
0.0148083 0.805928 9.9982E-05 0.0831166 9.9982E-05 0.0135759 0.00464284 0.0777286
0.121032 0.395647 0.0126726 0.0540956 0.224713 0.019028 0.067781 0.105031
0.0459941 0.679253 9.9973E-05 0.0507459 9.9973E-05 9.9973E-05 0.0100243 0.213683
0.00833493 0.683335 0.00474071 0.0305235 9.9982E-05 0.0935147 9.9982E-05 0.179351
0.0708602 0.56983 0.0440031 0.044465 0.118563 0.0598249 0.0313241 0.0611302
0.102884 0.621901 0.00345512 9.9982E-05 0.132014 9.9982E-05 0.05297 0.0865749
0.0283062 0.636185 9.9982E-05 0.107267 9.9982E-05 0.0373577 0.0526578 0.138026
0.110228 0.561849 0.0123153 0.0194224 0.018634 0.0600044 0.110077 0.10747
0.024081 0.557103 0.0282685 0.195458 0.0660902 0.0558402 9.9991E-05 0.0730593
0.0637848 0.615732 0.0311017 0.161654 0.0180044 0.0468933 9.9991E-05 0.0627298
0.118954 0.45554 0.0537411 9.9982E-05 9.9982E-05 0.0520822 0.135989 0.183493
0.0148357 9.9946E-05 9.9946E-05 9.9946E-05 9.9946E-05 9.9946E-05 9.9946E-05 0.984565
9.9973E-05 0.00834921 0.0062506 9.9973E-05 0.0245535 0.0172691 9.9973E-05 0.943278
9.9973E-05 0.0632931 0.0249728 0.0308062 0.0079489 9.9973E-05 9.9973E-05 0.872679
9.994E-05 9.994E-05 9.994E-05 9.994E-05 9.994E-05 9.994E-05 9.994E-05 0.9993
9.994E-05 9.994E-05 9.994E-05 9.994E-05 9.994E-05 9.994E-05 9.994E-05 0.9993
9.994E-05 9.994E-05 9.994E-05 9.994E-05 9.994E-05 9.994E-05 9.994E-05 0.9993
9.994E-05 9.994E-05 9.994E-05 9.994E-05 9.994E-05 9.994E-05 9.994E-05 0.9993
0.0310341 0.00512279 0.00357098 9.9982E-05 0.0662272 9.9982E-05 0.00406298 0.889782
9.9946E-05 9.9946E-05 9.9946E-05 9.9946E-05 9.9946E-05 0.00787589 9.9946E-05 0.991524
0.00767131 9.9946E-05 9.9946E-05 9.9946E-05 9.9946E-05 9.9946E-05 9.9946E-05 0.991729
0.235613 0.321292 9.9991E-05 0.0926499 0.0282139 0.0623248 0.153788 0.106019
9.9964E-05 0.0436936 9.9964E-05 0.014123 9.9964E-05 9.9964E-05 0.00238949 0.939394
9.994E-05 9.994E-05 9.994E-05 9.994E-05 9.994E-05 9.994E-05 9.994E-05 0.9993
0.00358851 9.9964E-05 0.0163664 0.0469702 9.9964E-05 9.9964E-05 9.9964E-05 0.932675
0.164111 0.483887 9.9982E-05 0.0354293 9.9982E-05 0.0250348 0.15238 0.138958
0.169958 0.542295 9.9982E-05 0.0369184 9.9982E-05 0.0553163 0.0744413 0.120871
0.138337 0.581311 9.9982E-05 0.0464382 9.9982E-05 0.0339838 0.102685 0.0970457
0.155831 0.477482 9.9982E-05 0.0352458 9.9982E-05 0.0554518 0.117042 0.158749
0.225313 0.489456 9.9973E-05 0.0759439 9.9973E-05 9.9973E-05 0.0627045 0.146282
0.167579 0.356213 9.9991E-05 0.157399 0.107227 0.00412708 0.0956798 0.111676
0.154249 0.442742 9.9982E-05 0.093998 0.0620204 9.9982E-05 0.111049 0.135742
0.196239 0.495257 9.9973E-05 0.129588 9.9973E-05 9.9973E-05 0.0442193 0.134397
0.0869475 0.462296 9.9982E-05 0.110214 9.9982E-05 0.103657 0.0308754 0.20581
0.123192 0.487851 9.9991E-05 0.113058 0.0223245 0.053895 0.0291577 0.170422
0.0929753 0.597056 9.9991E-05 0.0609617 0.0271012 0.0194028 0.0764741 0.125929
0.0622479 0.53951 9.9982E-05 0.0975606 9.9982E-05 0.0490091 0.0551968 0.196275
0.135396 0.557538 9.9982E-05 0.11769 9.9982E-05 0.053418 0.0707057 0.0650522
0.162917 0.514905 9.9982E-05 0.0794244 9.9982E-05 0.0504375 0.0696798 0.122436
0.905209 9.9973E-05 9.9973E-05 0.0460099 0.00793859 0.0241772 0.016365 9.9973E-05
0.87967 9.9973E-05 9.9973E-05 0.0302478 0.0172771 9.9973E-05 0.044629 0.0278762
0.9993 9.994E-05 9.994E-05 9.994E-05 9.994E-05 9.994E-05 9.994E-05 9.994E-05
0.957362 0.0225402 9.9964E-05 9.9964E-05 9.9964E-05 0.00706402 0.0126336 9.9964E-05
0.9993 9.994E-05 9.994E-05 9.994E-05 9.994E-05 9.994E-05 9.994E-05 9.994E-05
0.9993 9.994E-05 9.994E-05 9.994E-05 9.994E-05 9.994E-05 9.994E-05 9.994E-05
0.9993 9.994E-05 9.994E-05 9.994E-05 9.994E-05 9.994E-05 9.994E-05 9.994E-05
0.769629 9.9973E-05 0.0611042 0.141224 0.0274281 9.9973E-05 0.000314682 9.9973E-05
0.983702 9.9946E-05 9.9946E-05 9.9946E-05 9.9946E-05 0.0156978 9.9946E-05 9.9946E-05
0.9993 9.994E-05 9.994E-05 9.994E-05 9.994E-05 9.994E-05 9.994E-05 9.994E-05
0.888618 9.9964E-05 0.0340739 0.0591932 9.9964E-05 9.9964E-05 9.9964E-05 0.0177148
0.994243 9.9946E-05 9.9946E-05 9.9946E-05 9.9946E-05 9.9946E-05 0.00515764 9.9946E-05
0.750447 0.0739851 9.9982E-05 0.0489621 9.9982E-05 0.0551769 0.0611559 0.010073
9.994E-05 9.994E-05 9.994E-05 9.994E-05 9.994E-05 0.9993 9.994E-05 9.994E-05
0.134755 0.494594 9.9991E-05 0.043913 0.00189945 0.0872466 0.0601308 0.177361
9.994E-05 9.994E-05 9.994E-05 9.994E-05 9.994E-05 0.9993 9.994E-05 9.994E-05
9.994E-05 9.994E-05 9.994E-05 9.994E-05 9.994E-05 0.9993 9.994E-05 9.994E-05
9.99461E-05 9.99461E-05 9.99461E-05 0.0476926 9.99461E-05 0.951708 9.99461E-05 9.99461E-05
0.00724485 0.0960711 0.0145064 9.9982E-05 0.0143717 0.812463 0.0551427 9.9982E-05
9.994E-05 9.994E-05 9.994E-05 9.994E-05 9.994E-05 0.9993 9.994E-05 9.994E-05
0.00340485 0.0848788 9.9964E-05 0.0218503 9.9964E-05 0.889466 9.9964E-05 9.9964E-05
9.9946E-05 9.9946E-05 9.9946E-05 0.0136542 9.9946E-05 0.985746 9.9946E-05 9.9946E-05
0.0253105 0.0226476 9.9964E-05 9.9964E-05 9.9964E-05 0.937051 9.9964E-05 0.0145907
9.9946E-05 9.9946E-05 9.9946E-05 0.00046044 9.9946E-05 0.99894 9.9946E-05 9.9946E-05
9.9946E-05 0.0316554 9.9946E-05 9.9946E-05 9.9946E-05 0.967745 9.9946E-05 9.9946E-05
0.00409912 9.9955E-05 9.9955E-05 9.9955E-05 9.9955E-05 0.984312 9.9955E-05 0.0110891
0.0378493 9.9964E-05 9.9964E-05 9.9964E-05 9.9964E-05 0.84019 0.0524169 0.0691437
9.9982E-05 0.00577556 9.9982E-05 0.0221111 0.00891718 0.947185 0.0133051 0.00250618
0.0281477 0.0681188 0.00232208 0.0253268 9.9982E-05 0.846147 9.9982E-05 0.0297371
9.9955E-05 0.0153823 9.9955E-05 9.9955E-05 9.9955E-05 0.893803 0.0903147 9.9955E-05
9.9982E-05 0.0366678 0.0165686 0.00164719 0.0343398 0.898434 0.0121431 9.9982E-05
0.0183631 0.00100495 9.9955E-05 9.9955E-05 9.9955E-05 0.980132 9.9955E-05 9.9955E-05
0.0431046 0.410419 0.0524509 0.102723 9.9991E-05 0.0529182 0.273203 0.0650807
9.9982E-05 0.461927 0.0443345 0.0910929 9.9982E-05 0.0955303 0.250208 0.0567075
9.9982E-05 0.418646 0.0494485 0.162035 9.9982E-05 0.0284399 0.239298 0.101932
9.9982E-05 0.463436 0.0416539 0.118645 9.9982E-05 0.05449 0.254472 0.0671035
0.00665896 9.9964E-05 9.9964E-05 0.952647 0.00193245 0.0383613 9.9964E-05 9.9964E-05
9.994E-05 9.994E-05 9.994E-05 0.9993 9.994E-05 9.994E-05 9.994E-05 9.994E-05
9.9946E-05 9.9946E-05 9.9946E-05 0.968664 9.9946E-05 9.9946E-05 0.0307358 9.9946E-05
9.994E-05 9.994E-05 9.994E-05 0.9993 9.994E-05 9.994E-05 9.994E-05 9.994E-05
0.000818327 9.9964E-05 9.9964E-05 0.98642 9.9964E-05 9.9964E-05 0.010584 0.00177772
9.9973E-05 0.00428985 9.9973E-05 0.961564 9.9973E-05 0.0202744 0.00742604 0.00614626
9.9964E-05 0.0118409 0.00951141 0.959085 9.9964E-05 9.9964E-05 9.9964E-05 0.0191624
0.0364871 9.9982E-05 0.0110069 0.763948 0.0782797 0.0813807 0.0286981 9.9982E-05
0.0116196 0.0870686 0.012796 0.844714 0.0390134 0.000529236 0.004159 9.9991E-05
0.0125296 0.00736679 9.9964E-05 0.00837456 9.9964E-05 9.9964E-05 0.971329 9.9964E-05
9.994E-05 9.994E-05 9.994E-05 9.994E-05 9.994E-05 9.994E-05 0.9993 9.994E-05
0.00371783 0.00921011 9.9955E-05 9.9955E-05 9.9955E-05 9.9955E-05 0.986572 9.9955E-05
9.994E-05 9.994E-05 9.994E-05 9.994E-05 9.994E-05 9.994E-05 0.9993 9.994E-05
9.994E-05 9.994E-05 9.994E-05 9.994E-05 9.994E-05 9.994E-05 0.9993 9.994E-05
9.9973E-05 0.0454202 0.0105896 0.0241703 0.0182547 9.9973E-05 0.901265 9.9973E-05
9.994E-05 9.994E-05 9.994E-05 9.994E-05 9.994E-05 9.994E-05 0.9993 9.994E-05
9.9946E-05 9.9946E-05 9.9946E-05 9.9946E-05 9.9946E-05 0.017697 0.981703 9.9946E-05
0.0041714 9.9946E-05 9.9946E-05 9.9946E-05 9.9946E-05 9.9946E-05 0.995229 9.9946E-05
0.0217538 9.99461E-05 9.99461E-05 9.99461E-05 9.99461E-05 9.99461E-05 0.977647 9.99461E-05
9.994E-05 9.994E-05 9.994E-05 9.994E-05 9.994E-05 9.994E-05 0.9993 9.994E-05
9.9946E-05 9.9946E-05 9.9946E-05 0.0287555 9.9946E-05 9.9946E-05 0.970645 9.9946E-05
