0.9993 9.994E-05 9.994E-05 9.994E-05 9.994E-05 9.994E-05 9.994E-05 9.994E-05
0.791517 9.9964E-05 0.0282456 9.9964E-05 9.9964E-05 9.9964E-05 0.0921581 0.0876791
9.994E-05 9.994E-05 9.994E-05 9.994E-05 9.994E-05 9.994E-05 9.994E-05 0.9993
9.9955E-05 0.0886354 9.9955E-05 9.9955E-05 9.9955E-05 0.0564516 9.9955E-05 0.854413
0.697227 9.9982E-05 0.0257007 9.9982E-05 0.0678462 0.0492908 0.01885 0.140885
0.758817 0.188005 9.9955E-05 9.9955E-05 9.9955E-05 9.9955E-05 9.9955E-05 0.0526784
0.851728 9.9955E-05 0.019585 9.9955E-05 0.128187 9.9955E-05 9.9955E-05 9.9955E-05
0.887548 0.0765355 9.9955E-05 9.9955E-05 9.9955E-05 0.0354169 9.9955E-05 9.9955E-05
0.427388 0.0253518 9.9973E-05 9.9973E-05 0.159757 9.9973E-05 0.0683087 0.318895
0.467709 9.9973E-05 0.0367426 0.218493 9.9973E-05 9.9973E-05 0.166762 0.109994
9.9964E-05 0.810075 0.0353873 9.9964E-05 9.9964E-05 0.150656 9.9964E-05 0.00348231
9.9955E-05 0.907767 0.00254786 9.9955E-05 0.089185 9.9955E-05 9.9955E-05 9.9955E-05
0.097532 0.853361 9.9955E-05 9.9955E-05 9.9955E-05 9.9955E-05 9.9955E-05 0.0486071
9.9964E-05 0.773091 0.0574353 9.9964E-05 9.9964E-05 0.0781731 9.9964E-05 0.0909007
9.9982E-05 0.658313 0.0655565 0.0978423 0.00348481 9.9982E-05 0.0178435 0.15676
0.0709196 0.906352 9.9955E-05 9.9955E-05 9.9955E-05 0.0222288 9.9955E-05 9.9955E-05
9.994E-05 0.9993 9.994E-05 9.994E-05 9.994E-05 9.994E-05 9.994E-05 9.994E-05
9.9964E-05 0.601979 9.9964E-05 0.19705 9.9964E-05 9.9964E-05 0.171604 0.0289666
9.9991E-05 0.783374 0.00318348 0.0963 0.100456 0.00552205 0.000726802 0.010337
9.9964E-05 0.806144 9.9964E-05 0.0338927 9.9964E-05 0.0327982 9.9964E-05 0.126766
0.0658026 0.676754 9.9982E-05 0.0460044 0.0571719 9.9982E-05 0.131204 0.0228632
0.379813 0.446604 9.9964E-05 9.9964E-05 9.9964E-05 0.0944952 0.0786882 9.9964E-05
0.0212833 0.901308 9.9955E-05 9.9955E-05 9.9955E-05 0.0769085 9.9955E-05 9.9955E-05
0.0340099 0.849441 9.9973E-05 0.0194152 9.9973E-05 0.0184546 0.0783796 9.9973E-05
9.996E-05 0.684158 9.996E-05 0.097686 9.996E-05 9.996E-05 0.160437 0.0573188
0.0917697 0.625804 9.9973E-05 0.0778803 0.0726992 9.9973E-05 0.131546 9.9973E-05
9.9973E-05 0.523359 9.9973E-05 0.196689 0.00453001 0.214821 0.0603012 9.9973E-05
0.0316721 0.426109 0.00930056 9.9991E-05 0.0337199 0.103807 0.335665 0.0596273
0.0230185 0.501752 9.9973E-05 0.144504 0.0674872 9.9973E-05 0.262939 9.9973E-05
9.9955E-05 0.677818 0.00444216 9.9955E-05 9.9955E-05 9.9955E-05 0.31724 9.9955E-05
9.996E-05 9.996E-05 9.996E-05 0.4413 0.158141 9.996E-05 0.29729 0.10287
0.0754145 9.9973E-05 9.9973E-05 0.337352 0.286767 9.9973E-05 0.208746 0.0914199
9.9982E-05 0.00355483 9.9982E-05 0.806183 0.0599753 0.0146325 0.0780439 0.0374101
9.9964E-05 0.00323146 9.9964E-05 0.895179 0.0944189 0.00677077 9.9964E-05 9.9964E-05
9.9946E-05 0.143368 9.9946E-05 0.856033 9.9946E-05 9.9946E-05 9.9946E-05 9.9946E-05
0.00729219 9.99461E-05 9.99461E-05 0.992108 9.99461E-05 9.99461E-05 9.99461E-05 9.99461E-05
0.228456 0.0117099 9.9973E-05 0.698851 0.0195061 0.0411765 9.9973E-05 9.9973E-05
9.9964E-05 0.0545328 9.9964E-05 0.857216 9.9964E-05 0.0344586 0.0533925 9.9964E-05
9.995E-05 9.995E-05 0.0156454 0.829624 9.995E-05 0.154231 9.995E-05 9.995E-05
9.998E-05 0.0628878 0.0511532 0.58691 9.998E-05 0.0864342 0.184463 0.0279521
9.9955E-05 9.9955E-05 9.9955E-05 0.9562 0.0389408 9.9955E-05 0.00435984 9.9955E-05
0.0419455 0.0565325 9.9991E-05 0.296906 0.130612 0.0404094 0.335015 0.0984793
9.9964E-05 0.0213699 9.9964E-05 0.86069 9.9964E-05 9.9964E-05 0.110678 0.00686203
9.9973E-05 0.0849715 0.0361534 0.750588 0.107833 0.0201545 9.9973E-05 9.9973E-05
9.998E-05 0.0716603 9.998E-05 0.0445963 0.0276907 0.588241 0.257394 0.0102172
9.9955E-05 0.0475259 9.9955E-05 9.9955E-05 0.891865 0.0601091 9.9955E-05 9.9955E-05
9.9973E-05 9.9973E-05 0.0426738 0.227908 0.660025 0.00527836 0.0638157 9.9973E-05
9.9946E-05 9.9946E-05 9.9946E-05 9.9946E-05 0.903328 9.9946E-05 0.0960724 9.9946E-05
0.0374133 0.118898 9.9982E-05 0.152671 0.47649 0.0951078 9.9982E-05 0.11922
0.0196799 9.9982E-05 9.9982E-05 0.416209 0.405681 0.00821303 0.120182 0.0298352
9.9955E-05 9.9955E-05 9.9955E-05 9.9955E-05 0.208315 0.757112 0.0340733 9.9955E-05
9.994E-05 9.994E-05 9.994E-05 9.994E-05 9.994E-05 0.9993 9.994E-05 9.994E-05
9.9955E-05 9.9955E-05 9.9955E-05 9.9955E-05 0.128475 0.689887 0.181138 9.9955E-05
9.9955E-05 9.9955E-05 9.9955E-05 0.00888096 9.9955E-05 0.97545 0.0151693 9.9955E-05
9.9946E-05 9.9946E-05 9.9946E-05 0.0774992 0.921901 9.9946E-05 9.9946E-05 9.9946E-05
9.9946E-05 9.9946E-05 0.0458872 9.9946E-05 0.953513 9.9946E-05 9.9946E-05 9.9946E-05
9.9982E-05 0.126305 0.0652375 0.074946 0.0474446 9.9982E-05 0.630539 0.0553284
0.0344992 0.15721 9.9964E-05 9.9964E-05 0.348697 9.9964E-05 0.459195 9.9964E-05
0.0388759 9.9973E-05 9.9973E-05 9.9973E-05 0.186891 0.0138521 0.732421 0.0276603
0.162 9.9973E-05 9.9973E-05 0.0929923 0.0728299 0.0696391 0.602238 9.9973E-05
0.0166535 0.0158537 9.9973E-05 9.9973E-05 0.00611861 0.12395 0.837124 9.9973E-05
9.9964E-05 9.9964E-05 0.0853773 0.438515 9.9964E-05 9.9964E-05 0.462452 0.0132554
0.0510526 9.9973E-05 9.9973E-05 0.0190077 0.0120367 9.9973E-05 0.898355 0.0192486
0.00745865 9.99551E-05 0.0388244 9.99551E-05 9.99551E-05 9.99551E-05 0.953217 9.99551E-05
9.997E-05 0.0185578 0.0218869 0.0966055 9.997E-05 0.0308142 0.831836 9.997E-05
9.9946E-05 9.9946E-05 9.9946E-05 9.9946E-05 9.9946E-05 0.00119871 0.998202 9.9946E-05
9.994E-05 9.994E-05 9.994E-05 9.994E-05 9.994E-05 9.994E-05 0.9993 9.994E-05
9.9946E-05 9.9946E-05 9.9946E-05 9.9946E-05 9.9946E-05 9.9946E-05 0.994554 0.00484663
9.994E-05 9.994E-05 9.994E-05 9.994E-05 9.994E-05 9.994E-05 0.9993 9.994E-05
9.9955E-05 9.9955E-05 9.9955E-05 9.9955E-05 0.0261744 9.9955E-05 0.952898 0.020428
9.9964E-05 9.9964E-05 0.00500393 0.00220785 9.9964E-05 0.0195595 0.972829 9.9964E-05
0.112924 9.996E-05 0.0129004 0.313426 9.996E-05 9.996E-05 0.56035 9.996E-05
9.9955E-05 9.9955E-05 0.0162697 9.9955E-05 0.024994 9.9955E-05 0.958237 9.9955E-05
0.0115139 9.9973E-05 0.0399835 0.136792 9.9973E-05 0.157697 0.653713 9.9973E-05
9.9973E-05 0.0305657 0.627106 0.0314172 9.9973E-05 0.0971067 0.213505 9.9973E-05
9.994E-05 9.994E-05 0.9993 9.994E-05 9.994E-05 9.994E-05 9.994E-05 9.994E-05
0.0316329 0.020597 0.0894471 0.20299 9.99974E-05 0.038163 0.568598 0.0484722
