9.994E-05 9.994E-05 9.994E-05 9.994E-05 9.994E-05 9.994E-05 0.9993 9.994E-05
9.9964E-05 0.075865 0.0852036 0.555546 9.9964E-05 9.9964E-05 0.282986 9.9964E-05
9.9964E-05 0.048844 0.129718 0.5691 9.9964E-05 9.9964E-05 0.251938 9.9964E-05
9.9964E-05 9.9964E-05 0.00163718 0.733568 9.9964E-05 0.0651494 0.199246 9.9964E-05
0.0244089 9.9982E-05 9.9982E-05 0.667863 0.0675402 0.0792977 0.114691 0.0459996
9.9973E-05 9.9973E-05 0.0214825 0.618739 0.000689461 0.207927 0.150862 9.9973E-05
9.9946E-05 9.9946E-05 9.9946E-05 0.707819 9.9946E-05 9.9946E-05 0.291581 9.9946E-05
0.00827281 0.0117871 0.101062 0.533151 9.9982E-05 0.0497311 0.295795 9.9982E-05
9.9973E-05 0.0334704 0.0758388 0.644836 9.9973E-05 9.9973E-05 0.155419 0.0901367
9.994E-05 9.994E-05 9.994E-05 9.994E-05 9.994E-05 9.994E-05 0.9993 9.994E-05
9.994E-05 9.994E-05 9.994E-05 9.994E-05 9.994E-05 9.994E-05 0.9993 9.994E-05
9.994E-05 9.994E-05 9.994E-05 9.994E-05 9.994E-05 9.994E-05 0.9993 9.994E-05
9.994E-05 9.994E-05 9.994E-05 9.994E-05 9.994E-05 9.994E-05 0.9993 9.994E-05
9.9964E-05 9.9964E-05 9.9964E-05 0.012375 0.0817443 9.9964E-05 0.904019 0.00146184
9.9955E-05 9.9955E-05 0.000791167 9.9955E-05 0.0234649 9.9955E-05 0.975244 9.9955E-05
0.0383266 9.9973E-05 0.0246024 0.449973 9.9973E-05 0.264097 0.222701 9.9973E-05
0.0236708 0.0483441 0.0433152 0.349434 0.0442729 0.189316 0.232371 0.0692765
0.0040207 0.0256907 0.00285755 0.724434 9.9982E-05 0.0412851 0.201512 9.9982E-05
9.9964E-05 0.0297115 9.9964E-05 0.823361 0.0814118 9.9964E-05 9.9964E-05 0.0651159
0.0178405 9.9973E-05 0.00175633 0.924663 0.0267584 9.9973E-05 9.9973E-05 0.0286824
9.9964E-05 0.0208579 9.9964E-05 0.888911 9.9964E-05 9.9964E-05 0.00299757 0.0868336
0.0252447 9.9973E-05 0.0497047 0.788425 0.103867 0.0324593 9.9973E-05 9.9973E-05
9.9973E-05 0.00570901 0.0148207 0.873015 0.0898071 9.9973E-05 9.9973E-05 0.016348
0.0020243 9.9955E-05 9.9955E-05 0.968585 0.0288909 9.9955E-05 9.9955E-05 9.9955E-05
9.9955E-05 9.9955E-05 9.9955E-05 0.903437 9.9955E-05 0.0763965 9.9955E-05 0.0196666
0.0350893 9.9964E-05 9.9964E-05 0.651075 9.9964E-05 0.256195 9.9964E-05 0.0572407
9.9973E-05 9.9973E-05 0.0660795 0.67749 0.0403711 0.11161 9.9973E-05 0.10415
0.0153387 9.9955E-05 0.0146921 0.969469 9.9955E-05 9.9955E-05 9.9955E-05 9.9955E-05
0.0281201 0.0262709 0.00617831 0.742174 0.0469863 0.0752758 0.0408773 0.0341168
9.9955E-05 9.9955E-05 9.9955E-05 0.947979 9.9955E-05 9.9955E-05 0.0240499 0.0274713
9.9973E-05 0.00985068 9.9973E-05 0.919424 0.0406877 9.9973E-05 0.0167554 0.0129825
0.0584899 0.00340729 0.0222976 0.777038 9.9982E-05 0.0740954 9.9982E-05 0.0644716
0.0190491 0.0160357 0.0383674 0.801617 0.0095318 0.0579904 9.9991E-05 0.0573086
0.0932966 0.00258306 0.0710612 0.618094 9.9991E-05 0.151221 0.0474881 0.016156
0.0033781 9.9955E-05 9.9955E-05 0.808537 0.187586 9.9955E-05 9.9955E-05 9.9955E-05
9.9955E-05 9.9955E-05 9.9955E-05 0.882343 9.9955E-05 0.0628376 0.0543195 9.9955E-05
9.9955E-05 9.9955E-05 9.9955E-05 0.529948 0.0201561 0.449396 9.9955E-05 9.9955E-05
0.0325051 0.00875565 0.0436272 0.514915 0.0692386 0.295858 9.9991E-05 0.0350003
9.9982E-05 0.0388406 0.0385216 0.564594 0.0169436 0.244658 9.9982E-05 0.0962423
0.0115845 0.0167118 9.9982E-05 0.613598 0.0238028 0.273571 9.9982E-05 0.0605323
0.018869 0.0560614 0.0145653 0.0548186 9.9973E-05 0.855386 9.9973E-05 9.9973E-05
0.00864392 0.0353912 9.9991E-05 0.0160488 0.00198872 0.847544 0.0111072 0.0791764
0.0392109 0.0390324 0.0539429 0.189722 9.9982E-05 0.614236 0.0636559 9.9982E-05
9.9973E-05 0.0297743 0.051187 0.0427929 9.9973E-05 0.857111 9.9973E-05 0.0188353
0.024541 9.9973E-05 0.0895496 0.170469 9.9973E-05 0.666337 9.9973E-05 0.0488034
9.9946E-05 9.9946E-05 9.9946E-05 9.9946E-05 9.9946E-05 0.999088 0.000312776 9.9946E-05
9.9946E-05 9.9946E-05 9.9946E-05 9.9946E-05 9.9946E-05 0.996503 0.00289714 9.9946E-05
0.0261337 9.9982E-05 0.0211793 0.381702 0.0103465 0.534536 9.9982E-05 0.0259026
0.0473142 9.9982E-05 0.05066 0.169546 9.9982E-05 0.601804 0.0602359 0.0702407
0.0454758 0.0628452 0.0223371 0.365511 9.9991E-05 0.374601 0.0904143 0.0387159
9.9982E-05 0.00600841 0.0264723 0.192164 9.9982E-05 0.702505 0.0454749 0.0271758
9.9964E-05 9.9964E-05 0.0328743 0.176555 0.0440364 0.746134 9.9964E-05 9.9964E-05
9.9964E-05 9.9964E-05 9.9964E-05 0.037915 9.9964E-05 0.947313 0.00739269 0.00697958
0.0181358 0.0550401 9.9991E-05 0.177182 0.0795216 0.586363 0.0365526 0.0471053
0.0492236 0.0482903 9.9991E-05 0.195182 0.0502853 0.599888 0.0419826 0.0150481
0.0803719 0.00104446 0.0734996 0.170201 9.9973E-05 0.674583 9.9973E-05 9.9973E-05
0.0188359 9.9991E-05 0.0799823 0.164894 0.0257931 0.554774 0.0985098 0.0571105
9.9964E-05 0.0497602 9.9964E-05 0.191388 9.9964E-05 0.691609 9.9964E-05 0.0668435
9.99461E-05 9.99461E-05 9.99461E-05 9.99461E-05 9.99461E-05 0.976748 0.022652 9.99461E-05
9.9973E-05 0.0504909 9.9973E-05 0.169816 9.9973E-05 0.665768 0.0301131 0.0835121
0.0383329 9.9982E-05 9.9982E-05 0.173145 0.0103209 0.680619 0.0015636 0.0958189
0.0507133 0.00411459 9.9973E-05 0.00083525 9.9973E-05 0.92218 0.0218571 9.9973E-05
0.0639252 0.00166941 0.0450105 0.0672423 0.00996337 0.730008 0.0410096 0.0411719
9.9973E-05 9.9973E-05 0.0218021 9.9973E-05 0.0765393 0.863472 0.00341396 0.0344727
0.0167745 9.9964E-05 9.9964E-05 0.11107 9.9964E-05 0.849474 0.0222808 9.9964E-05
9.9964E-05 9.9964E-05 0.0222303 9.9964E-05 0.0275561 0.933931 0.0158827 9.9964E-05
9.9946E-05 0.0170384 9.9946E-05 9.9946E-05 9.9946E-05 0.982362 9.9946E-05 9.9946E-05
0.00168736 9.9973E-05 0.00745282 9.9973E-05 0.106853 0.872255 0.0114517 9.9973E-05
0.0164982 9.9973E-05 0.0485019 0.320759 9.9973E-05 0.572106 9.9973E-05 0.0418343
9.99551E-05 9.99551E-05 9.99551E-05 9.99551E-05 0.0352638 0.951401 0.0128359 9.99551E-05
9.9973E-05 0.0444679 0.0492312 0.11122 9.9973E-05 0.744641 0.0501393 9.9973E-05
0.0498708 0.0285352 0.0343807 0.0307512 0.0310753 0.800946 9.9991E-05 0.0243413
9.9946E-05 9.9946E-05 9.9946E-05 9.9946E-05 9.9946E-05 0.899072 0.100328 9.9946E-05
9.9964E-05 9.9964E-05 0.0253285 9.9964E-05 9.9964E-05 0.895986 0.0495132 0.0287728
0.0692149 9.9973E-05 9.9973E-05 9.9973E-05 0.0267103 0.83446 0.0317245 0.03759
9.9946E-05 9.9946E-05 9.9946E-05 9.9946E-05 9.9946E-05 0.948297 9.9946E-05 0.0511032
9.9973E-05 0.0188244 0.0517714 0.00475836 9.9973E-05 0.921442 9.9973E-05 0.00290402
9.9964E-05 0.0757217 9.9964E-05 9.9964E-05 0.0947825 0.819741 0.0093552 9.9964E-05
0.0383312 0.0604652 0.0802768 0.0135595 0.133944 0.620262 9.9991E-05 0.0530604
0.0244063 0.0960043 9.9973E-05 9.9973E-05 0.0963335 0.769856 9.9973E-05 0.0130996
0.0611466 0.0508239 0.0444065 9.9982E-05 0.0997008 0.665794 9.9982E-05 0.0779286
0.032933 0.130816 9.9973E-05 9.9973E-05 0.0688356 0.764839 9.9973E-05 0.0022762
0.032161 0.10617 0.0258058 9.9982E-05 0.0562794 0.763268 9.9982E-05 0.0161162
0.125665 0.113823 0.00198541 0.122229 0.0101212 0.568999 9.9991E-05 0.0570773
0.0548236 0.217 9.9991E-05 0.0103458 0.0523043 0.623943 0.0280152 0.0134687
0.0675898 0.164683 0.109466 0.00093529 0.0258457 0.588549 9.9991E-05 0.0428311
0.110515 0.0555132 0.0777765 0.124371 0.029675 0.521337 0.0203271 0.0604854
0.122512 0.133861 9.9982E-05 0.115263 9.9982E-05 0.547158 0.0102674 0.0707392
0.027078 0.160695 0.0113962 9.9991E-05 0.0650647 0.679633 0.000723706 0.0553085
0.153964 0.100039 0.100023 0.0248261 0.00767043 0.502534 9.9991E-05 0.110843
0.0434345 0.105839 0.0430623 0.0118635 0.19051 0.554171 0.0510195 9.9991E-05
0.103837 0.0664493 0.0410236 0.0177871 0.184545 0.537631 0.0486271 9.9991E-05
0.0414703 0.199132 0.0873588 0.0267037 9.9991E-05 0.447927 0.010463 0.186845
9.994E-05 0.9993 9.994E-05 9.994E-05 9.994E-05 9.994E-05 9.994E-05 9.994E-05
0.00437251 0.949013 0.0143266 0.000551665 9.9982E-05 0.0187905 0.0127455 9.9982E-05
0.0122664 0.853429 0.00226779 0.018602 0.0779389 0.0352958 9.9982E-05 9.9982E-05
9.9946E-05 0.989506 0.00989456 9.9946E-05 9.9946E-05 9.9946E-05 9.9946E-05 9.9946E-05
9.994E-05 0.9993 9.994E-05 9.994E-05 9.994E-05 9.994E-05 9.994E-05 9.994E-05
9.994E-05 0.9993 9.994E-05 9.994E-05 9.994E-05 9.994E-05 9.994E-05 9.994E-05
9.9955E-05 0.985463 9.9955E-05 9.9955E-05 0.012338 9.9955E-05 9.9955E-05 0.0016991
9.9982E-05 0.926171 0.00382305 0.047899 9.9982E-05 0.0161371 0.00541015 0.000359463
9.9946E-05 0.999004 9.9946E-05 9.9946E-05 9.9946E-05 9.9946E-05 9.9946E-05 0.000396804
9.994E-05 0.9993 9.994E-05 9.994E-05 9.994E-05 9.994E-05 9.994E-05 9.994E-05
0.278016 0.105966 0.059038 0.0750094 0.0820583 0.315498 9.9991E-05 0.0843143
9.9964E-05 0.866476 9.9964E-05 9.9964E-05 0.0426193 0.0865708 9.9964E-05 0.00393368
9.994E-05 0.9993 9.994E-05 9.994E-05 9.994E-05 9.994E-05 9.994E-05 9.994E-05
0.0133859 0.925773 9.9982E-05 0.00131949 9.9982E-05 0.0201965 0.0167433 0.0223823
0.21499 0.0795574 0.0253852 9.9982E-05 0.105604 0.501547 9.9982E-05 0.0727158
0.229318 0.106578 0.0722966 9.9982E-05 0.105922 0.41287 9.9982E-05 0.0728153
0.148311 0.102759 0.0275946 9.9982E-05 0.144414 0.510624 9.9982E-05 0.0660962
0.193683 0.11734 0.045419 9.9982E-05 0.098351 0.461011 9.9982E-05 0.0839959
0.20492 0.130081 0.0304125 0.00512458 0.0839286 0.487098 9.9991E-05 0.0583346
0.181229 0.075972 9.9982E-05 0.132647 0.176809 0.353107 9.9982E-05 0.0800364
0.133724 0.135636 0.0565117 0.0226402 0.12666 0.514219 9.9991E-05 0.0105089
0.229431 0.119707 9.9973E-05 9.9973E-05 0.130968 0.468691 9.9973E-05 0.0509025
0.132356 0.202252 0.0658953 0.0143323 0.156944 0.36397 9.9991E-05 0.0641508
0.110317 0.188581 0.0520106 9.9982E-05 0.103878 0.514331 9.9982E-05 0.0306813
0.11378 0.127112 0.0288942 0.0475234 0.0858825 0.5374 9.9991E-05 0.0593092
0.0408455 0.195604 0.0333553 9.9982E-05 0.150055 0.527181 9.9982E-05 0.0527593
0.166827 0.049939 0.0797021 9.9982E-05 0.118735 0.497671 9.9982E-05 0.0869264
0.194654 0.121412 0.0437152 9.9982E-05 0.0651862 0.509071 9.9982E-05 0.0657604
0.910496 0.0191507 0.0471516 9.9973E-05 0.014135 0.00876733 9.9973E-05 9.9973E-05
0.883484 9.9973E-05 9.9973E-05 0.0243333 0.0183076 9.9973E-05 0.0205533 0.0530216
0.9993 9.994E-05 9.994E-05 9.994E-05 9.994E-05 9.994E-05 9.994E-05 9.994E-05
0.994792 9.9946E-05 9.9946E-05 9.9946E-05 9.9946E-05 9.9946E-05 9.9946E-05 0.00460855
0.9993 9.994E-05 9.994E-05 9.994E-05 9.994E-05 9.994E-05 9.994E-05 9.994E-05
0.999252 9.9946E-05 9.9946E-05 9.9946E-05 9.9946E-05 9.9946E-05 9.9946E-05 0.000148292
0.9993 9.994E-05 9.994E-05 9.994E-05 9.994E-05 9.994E-05 9.994E-05 9.994E-05
0.794445 9.9973E-05 9.9973E-05 9.9973E-05 0.141357 0.0111767 0.0435007 0.00922081
0.993022 9.9946E-05 0.00637791 9.9946E-05 9.9946E-05 9.9946E-05 9.9946E-05 9.9946E-05
0.9993 9.994E-05 9.994E-05 9.994E-05 9.994E-05 9.994E-05 9.994E-05 9.994E-05
0.900578 0.00959533 9.9964E-05 9.9964E-05 0.0634337 9.9964E-05 0.0259931 9.9964E-05
0.995575 9.9946E-05 9.9946E-05 9.9946E-05 9.9946E-05 9.9946E-05 9.9946E-05 0.00382513
0.732639 0.0208209 0.0963033 9.9973E-05 0.0588032 0.0911339 9.9973E-05 9.9973E-05
9.994E-05 9.994E-05 0.9993 9.994E-05 9.994E-05 9.994E-05 9.994E-05 9.994E-05
0.163496 0.167783 0.0979371 9.9982E-05 0.0437732 0.472238 9.9982E-05 0.0545724
9.994E-05 9.994E-05 0.9993 9.994E-05 9.994E-05 9.994E-05 9.994E-05 9.994E-05
9.994E-05 9.994E-05 0.9993 9.994E-05 9.994E-05 9.994E-05 9.994E-05 9.994E-05
0.0118387 0.0306735 0.904444 9.9964E-05 0.0526438 9.9964E-05 9.9964E-05 9.9964E-05
9.9973E-05 0.0271263 0.729126 0.120432 0.0489181 0.0740979 9.9973E-05 9.9973E-05
9.994E-05 9.994E-05 0.9993 9.994E-05 9.994E-05 9.994E-05 9.994E-05 9.994E-05
9.9973E-05 9.9973E-05 0.836653 0.0291296 0.0474278 0.0808243 9.9973E-05 0.00566572
9.99461E-05 9.99461E-05 0.997576 9.99461E-05 0.0018243 9.99461E-05 9.99461E-05 9.99461E-05
0.0351617 9.9955E-05 0.945797 9.9955E-05 9.9955E-05 9.9955E-05 9.9955E-05 0.0185414
9.994E-05 9.994E-05 0.9993 9.994E-05 9.994E-05 9.994E-05 9.994E-05 9.994E-05
9.9955E-05 9.9955E-05 0.989444 9.9955E-05 9.9955E-05 0.00978841 9.9955E-05 0.000267926
0.0286648 0.0185678 0.943826 9.9973E-05 0.00554841 9.9973E-05 9.9973E-05 0.00309266
0.0518487 0.0306238 0.76945 0.00575806 0.00507584 0.103727 9.9991E-05 0.0334169
9.9973E-05 9.9973E-05 0.94512 0.000834153 0.0191824 0.0244147 0.0101493 9.9973E-05
0.0154859 0.00319186 0.834284 9.9982E-05 0.0392781 0.106655 9.9982E-05 0.000905523
0.00141293 9.9973E-05 0.878823 9.9973E-05 0.0255072 0.0316596 9.9973E-05 0.0622973
9.9973E-05 9.9973E-05 0.843104 9.9973E-05 0.0086091 0.0692343 0.0253934 0.0533596
0.0350872 9.9973E-05 0.907655 9.9973E-05 9.9973E-05 0.00710781 0.00126468 0.0485857
0.0384472 0.0750775 0.0642952 9.9991E-05 0.129681 0.389825 0.0285164 0.274057
0.0188228 0.0682152 0.0317788 9.9991E-05 0.147989 0.477556 0.00714971 0.248388
9.9982E-05 0.0677804 0.0685154 9.9982E-05 0.104922 0.400878 0.0464865 0.311218
0.052605 0.0621237 0.0280531 0.0173899 0.104523 0.423976 0.0663627 0.244966
0.0363132 9.9955E-05 0.0028498 9.9955E-05 0.960337 9.9955E-05 9.9955E-05 9.9955E-05
9.994E-05 9.994E-05 9.994E-05 9.994E-05 0.9993 9.994E-05 9.994E-05 9.994E-05
9.9946E-05 9.9946E-05 0.00112245 9.9946E-05 0.998278 9.9946E-05 9.9946E-05 9.9946E-05
9.994E-05 9.994E-05 9.994E-05 9.994E-05 0.9993 9.994E-05 9.994E-05 9.994E-05
9.9946E-05 9.9946E-05 9.9946E-05 9.9946E-05 0.98569 9.9946E-05 9.9946E-05 0.0137107
9.9946E-05 9.9946E-05 9.9946E-05 9.9946E-05 0.958054 9.9946E-05 9.9946E-05 0.0413464
9.9973E-05 9.9973E-05 0.00410298 9.9973E-05 0.97416 0.0136893 0.00019902 0.00754862
0.0979947 0.00146866 0.0666025 0.0792575 0.707855 9.9991E-05 0.00104961 0.0456721
0.00187017 9.9982E-05 0.0208983 0.0852277 0.856742 0.015717 9.9982E-05 0.0193454
9.994E-05 9.994E-05 9.994E-05 9.994E-05 9.994E-05 9.994E-05 9.994E-05 0.9993
9.994E-05 9.994E-05 9.994E-05 9.994E-05 9.994E-05 9.994E-05 9.994E-05 0.9993
9.994E-05 9.994E-05 9.994E-05 9.994E-05 9.994E-05 9.994E-05 9.994E-05 0.9993
9.994E-05 9.994E-05 9.994E-05 9.994E-05 9.994E-05 9.994E-05 9.994E-05 0.9993
9.994E-05 9.994E-05 9.994E-05 9.994E-05 9.994E-05 9.994E-05 9.994E-05 0.9993
9.9982E-05 0.0107912 0.014066 0.0333511 0.00759437 0.0546148 9.9982E-05 0.879383
9.9946E-05 9.9946E-05 0.00266816 9.9946E-05 9.9946E-05 9.9946E-05 9.9946E-05 0.996732
9.994E-05 9.994E-05 9.994E-05 9.994E-05 9.994E-05 9.994E-05 9.994E-05 0.9993
9.9946E-05 9.9946E-05 9.9946E-05 9.9946E-05 9.9946E-05 9.9946E-05 0.0115011 0.987899
0.029256 0.00654098 0.0234629 9.9973E-05 9.9973E-05 0.0108346 9.9973E-05 0.929606
9.994E-05 9.994E-05 9.994E-05 9.994E-05 9.994E-05 9.994E-05 9.994E-05 0.9993
0.0131155 0.00337085 9.9973E-05 9.9973E-05 0.0237883 9.9973E-05 0.000702689 0.958723
