9.993E-05 0.999201 9.993E-05 9.993E-05 9.993E-05 9.993E-05 9.993E-05 9.993E-05 9.993E-05
0.0367404 0.78799 9.9973E-05 0.0256936 9.9973E-05 9.9973E-05 0.080775 0.0306965 0.0378048
0.999201 9.993E-05 9.993E-05 9.993E-05 9.993E-05 9.993E-05 9.993E-05 9.993E-05 9.993E-05
0.922972 9.9946E-05 0.0716068 9.9946E-05 9.9946E-05 9.9946E-05 9.9946E-05 9.9946E-05 0.0048212
0.0819507 0.736843 9.9964E-05 9.9964E-05 9.9964E-05 0.168862 9.9964E-05 0.0113143 0.000630727
0.0320427 0.856985 0.0656334 0.0448396 9.9955E-05 9.9955E-05 9.9955E-05 9.9955E-05 9.9955E-05
9.9982E-05 0.802197 9.9982E-05 0.0245689 0.0525381 0.0883712 0.00442846 0.0155356 0.0121611
9.9964E-05 0.802834 0.10691 9.9964E-05 0.0164802 0.00683476 0.0665415 9.9964E-05 9.9964E-05
0.24952 0.422559 0.0552019 9.9964E-05 0.0921514 0.180168 9.9964E-05 9.9964E-05 9.9964E-05
0.0770267 0.576362 9.9973E-05 9.9973E-05 0.0277484 0.0146275 0.242387 9.9973E-05 0.0615488
9.9973E-05 9.9973E-05 0.0134281 0.860073 0.0493043 0.0267065 9.9973E-05 0.0147148 0.0354738
9.9937E-05 9.9937E-05 9.9937E-05 0.995152 9.9937E-05 0.00414881 9.9937E-05 9.9937E-05 9.9937E-05
9.9937E-05 0.150205 9.9937E-05 0.849096 9.9937E-05 9.9937E-05 9.9937E-05 9.9937E-05 9.9937E-05
0.0803782 9.9973E-05 0.0832011 0.73125 9.9973E-05 0.0580451 9.9973E-05 0.00627635 0.0405495
9.9964E-05 0.0420691 0.00973325 0.0356583 9.9964E-05 9.9964E-05 9.9964E-05 0.907249 0.00489019
9.9964E-05 0.01926 0.382758 0.46398 9.9964E-05 9.9964E-05 9.9964E-05 0.124787 0.00881466
9.9937E-05 9.9937E-05 0.841567 0.157733 9.9937E-05 9.9937E-05 9.9937E-05 9.9937E-05 9.9937E-05
0.0278006 9.9973E-05 0.735416 9.9973E-05 0.0395729 0.0124323 0.163421 0.0210579 9.9973E-05
9.9955E-05 9.9955E-05 0.0407233 0.0870779 0.0081369 9.9955E-05 9.9955E-05 0.863562 9.9955E-05
0.0539589 9.9955E-05 0.914095 9.9955E-05 9.9955E-05 0.00269668 9.9955E-05 0.0287499 9.9955E-05
0.0577569 0.053354 0.60441 0.12052 9.9964E-05 9.9964E-05 0.163559 9.9964E-05 9.9964E-05
0.0272117 0.297638 0.571506 9.9973E-05 0.0409296 9.9973E-05 0.00735338 0.055062 9.9973E-05
9.9946E-05 0.00743351 0.0959208 0.896046 9.9946E-05 9.9946E-05 9.9946E-05 9.9946E-05 9.9946E-05
9.9937E-05 9.9937E-05 0.995531 9.9937E-05 9.9937E-05 9.9937E-05 0.00376928 9.9937E-05 9.9937E-05
9.9946E-05 9.9946E-05 0.0490965 0.0883621 9.9946E-05 9.9946E-05 9.9946E-05 0.861942 9.9946E-05
9.9955E-05 0.0322003 9.9955E-05 0.707119 0.0462042 9.9955E-05 0.213977 9.9955E-05 9.9955E-05
9.9955E-05 9.9955E-05 0.194173 9.9955E-05 0.14019 0.201753 9.9955E-05 0.463384 9.9955E-05
0.0724997 0.00915347 9.9973E-05 9.9973E-05 9.9973E-05 0.111893 0.103797 0.687227 0.0151291
9.9964E-05 0.0331005 0.0238666 9.9964E-05 0.0774574 9.9964E-05 0.169902 0.695274 9.9964E-05
9.9937E-05 9.9937E-05 9.9937E-05 9.9937E-05 9.9937E-05 9.9937E-05 0.0542101 0.94509 9.9937E-05
0.112452 9.9955E-05 9.9955E-05 9.9955E-05 0.595422 0.0678573 0.223769 9.9955E-05 9.9955E-05
0.145614 0.0381213 9.9982E-05 0.0257866 0.618079 0.0659637 0.105747 9.9982E-05 0.000487508
0.00060399 9.9955E-05 9.9955E-05 9.9955E-05 0.827222 9.9955E-05 0.0528621 0.118812 9.9955E-05
9.9946E-05 9.9946E-05 0.0719258 9.9946E-05 0.892299 0.0351755 9.9946E-05 9.9946E-05 9.9946E-05
0.0149405 9.9964E-05 9.9964E-05 0.170457 0.793688 9.9964E-05 0.0172812 9.9964E-05 0.00323334
9.9964E-05 0.00716173 9.9964E-05 0.0348155 0.89626 9.9964E-05 0.0565751 9.9964E-05 0.00478815
0.0523432 0.21724 0.0645867 9.9955E-05 0.66533 9.9955E-05 9.9955E-05 9.9955E-05 9.9955E-05
9.99371E-05 9.99371E-05 9.99371E-05 9.99371E-05 0.94597 9.99371E-05 9.99371E-05 0.0533309 9.99371E-05
9.9955E-05 9.9955E-05 0.0732746 9.9955E-05 0.816931 0.0953676 9.9955E-05 9.9955E-05 0.0139271
9.9964E-05 9.9964E-05 9.9964E-05 9.9964E-05 0.413879 0.0512018 0.239789 0.277737 0.0169931
9.99371E-05 0.00260565 9.99371E-05 9.99371E-05 0.996695 9.99371E-05 9.99371E-05 9.99371E-05 9.99371E-05
9.9973E-05 0.0944948 9.9973E-05 0.135979 0.346405 0.077989 0.298495 0.0463369 9.9973E-05
0.00459969 9.9982E-05 9.9982E-05 0.0778987 0.793203 0.0124598 0.0811591 0.0112628 0.0192165
9.999E-05 0.016013 0.0471033 0.00345694 0.806649 0.0149797 0.00216201 0.0593333 0.0502034
0.0564655 9.9973E-05 9.9973E-05 0.0462408 0.402138 0.250446 0.21924 0.0251688 9.9973E-05
9.9955E-05 0.0262616 9.9955E-05 0.125158 9.9955E-05 0.802191 0.0458904 9.9955E-05 9.9955E-05
9.99551E-05 9.99551E-05 0.0337743 9.99551E-05 0.320605 0.606709 9.99551E-05 9.99551E-05 0.0384114
9.9937E-05 9.9937E-05 9.9937E-05 9.9937E-05 9.9937E-05 0.94793 0.0513706 9.9937E-05 9.9937E-05
0.0274337 0.0360024 9.9964E-05 9.9964E-05 0.184152 0.504324 9.9964E-05 0.247688 9.9964E-05
0.0500452 0.01651 9.9973E-05 0.108158 0.245574 0.441739 0.137674 9.9973E-05 9.9973E-05
9.9946E-05 9.9946E-05 0.0335407 9.9946E-05 9.9946E-05 0.864946 0.100914 9.9946E-05 9.9946E-05
9.9937E-05 0.0335515 9.9937E-05 9.9937E-05 9.9937E-05 0.965749 9.9937E-05 9.9937E-05 9.9937E-05
9.9964E-05 0.0116054 0.0421369 9.9964E-05 9.9964E-05 0.841502 0.0972305 9.9964E-05 0.0071257
9.9964E-05 9.9964E-05 0.0501141 9.9964E-05 0.10749 0.784842 0.0544052 9.9964E-05 0.00274915
9.9937E-05 9.9937E-05 9.9937E-05 0.0128832 9.9937E-05 0.986417 9.9937E-05 9.9937E-05 9.9937E-05
0.00407747 9.9964E-05 9.9964E-05 9.9964E-05 9.9964E-05 0.830644 0.10514 0.0042215 0.0555175
0.0670834 9.9955E-05 9.9955E-05 0.00415513 9.9955E-05 9.9955E-05 0.889657 0.0386051 9.9955E-05
0.0106838 0.0901975 0.0870532 9.9982E-05 0.0257916 0.167868 0.6155 0.00270562 9.9982E-05
9.9955E-05 0.0978814 9.9955E-05 9.9955E-05 9.9955E-05 0.122229 0.773714 9.9955E-05 0.00567606
9.9973E-05 0.114402 9.9973E-05 0.0321023 0.0723632 0.0298152 0.677494 0.0735236 9.9973E-05
9.9964E-05 0.0193755 0.0107502 9.9964E-05 9.9964E-05 0.0422947 0.814216 0.112964 9.9964E-05
0.0536389 0.00373429 9.9982E-05 9.9982E-05 0.140691 0.0656363 0.626275 0.0537723 0.0560527
9.9946E-05 0.0423278 9.9946E-05 9.9946E-05 0.12415 9.9946E-05 0.832922 9.9946E-05 9.9946E-05
9.99371E-05 9.99371E-05 9.99371E-05 9.99371E-05 9.99371E-05 9.99371E-05 0.985262 9.99371E-05 0.0140386
9.9946E-05 9.9946E-05 0.0560842 9.9946E-05 0.0889999 9.9946E-05 0.854316 9.9946E-05 9.9946E-05
9.994E-05 9.994E-05 9.994E-05 0.0195323 9.994E-05 9.994E-05 0.925804 0.0540638 9.994E-05
9.993E-05 9.993E-05 9.993E-05 9.993E-05 9.993E-05 9.993E-05 0.999201 9.993E-05 9.993E-05
9.9937E-05 9.9937E-05 9.9937E-05 9.9937E-05 9.9937E-05 9.9937E-05 0.920567 0.0787332 9.9937E-05
9.9937E-05 9.9937E-05 9.9937E-05 9.9937E-05 9.9937E-05 9.9937E-05 0.983492 9.9937E-05 0.0158081
0.0136581 9.9955E-05 9.9955E-05 0.025594 9.9955E-05 0.00568838 0.95456 9.9955E-05 9.9955E-05
9.99461E-05 9.99461E-05 0.0151096 9.99461E-05 0.0816033 9.99461E-05 0.902687 9.99461E-05 9.99461E-05
9.9964E-05 0.0583206 9.9964E-05 9.9964E-05 0.342237 0.0183298 0.572404 9.9964E-05 0.00830851
0.0422743 9.9946E-05 9.9946E-05 9.9946E-05 9.9946E-05 0.00109523 0.956031 9.9946E-05 9.9946E-05
9.9973E-05 0.0355238 9.9973E-05 9.9973E-05 0.107105 0.0494561 0.637181 0.109121 0.0613133
9.9973E-05 0.000344204 0.0611037 9.9973E-05 9.9973E-05 0.0653165 0.239719 0.0419958 0.591221
9.993E-05 9.993E-05 9.993E-05 9.993E-05 9.993E-05 9.993E-05 9.993E-05 9.993E-05 0.999201
0.00525631 0.0153841 9.9973E-05 9.9973E-05 0.287243 9.9973E-05 0.533383 0.0870523 0.0713819
