0.999101 9.99201E-05 9.99201E-05 9.99201E-05 9.99201E-05 9.99201E-05 9.99201E-05 9.99201E-05 9.99201E-05 9.99201E-05
0.739886 9.9955E-05 0.0896423 9.9955E-05 9.9955E-05 9.9955E-05 9.9955E-05 0.0986923 0.0151048 0.0561752
9.99201E-05 9.99201E-05 9.99201E-05 9.99201E-05 9.99201E-05 9.99201E-05 9.99201E-05 0.999101 9.99201E-05 9.99201E-05
9.9955E-05 0.00880959 0.11134 0.0662457 9.9955E-05 9.9955E-05 9.9955E-05 0.795005 0.0180999 9.9955E-05
0.841768 9.9946E-05 0.007069 0.141492 9.9946E-05 9.9946E-05 9.9946E-05 0.00907181 9.9946E-05 9.9946E-05
0.881194 0.0485944 9.9955E-05 9.9955E-05 0.0159258 0.0436319 9.9955E-05 0.0101544 9.9955E-05 9.9955E-05
0.903775 9.9946E-05 9.9946E-05 0.0164464 0.0724339 9.9946E-05 9.9946E-05 9.9946E-05 9.9946E-05 0.00674491
0.880073 0.00296819 9.9946E-05 0.01656 9.9946E-05 0.0997987 9.9946E-05 9.9946E-05 9.9946E-05 9.9946E-05
0.354555 0.00788234 9.9955E-05 0.0899341 9.9955E-05 9.9955E-05 0.223399 0.32373 9.9955E-05 9.9955E-05
0.377728 9.9964E-05 9.9964E-05 9.9964E-05 9.9964E-05 0.0127794 0.0602506 0.234527 0.0563768 0.257938
9.9937E-05 9.9937E-05 0.94237 0.0312012 9.9937E-05 9.9937E-05 9.9937E-05 9.9937E-05 0.0257289 9.9937E-05
9.99281E-05 9.99281E-05 9.99281E-05 9.99281E-05 0.967698 0.0315026 9.99281E-05 9.99281E-05 9.99281E-05 9.99281E-05
0.0927557 9.9937E-05 0.529753 9.9937E-05 0.376791 9.9937E-05 9.9937E-05 9.9937E-05 9.9937E-05 9.9937E-05
0.0215163 9.9964E-05 9.9964E-05 9.9964E-05 0.764586 0.128949 9.9964E-05 0.0407655 0.0103036 0.0334802
9.9946E-05 9.9946E-05 0.263152 9.9946E-05 0.662997 9.9946E-05 9.9946E-05 0.0270637 0.0461873 9.9946E-05
9.9946E-05 0.260471 0.524603 9.9946E-05 0.172258 0.0420681 9.9946E-05 9.9946E-05 9.9946E-05 9.9946E-05
9.9955E-05 0.0798826 0.388227 9.9955E-05 0.0594745 0.46582 9.9955E-05 9.9955E-05 0.00609597 9.9955E-05
9.9964E-05 0.818038 9.9964E-05 9.9964E-05 0.00351278 0.038742 0.0187262 9.9964E-05 0.012607 0.107974
9.9964E-05 9.9964E-05 9.9964E-05 0.0742274 0.780354 0.0358628 0.0489574 0.0394599 0.0207384 9.9964E-05
9.9946E-05 0.0714263 0.723943 9.9946E-05 9.9946E-05 0.0910478 9.9946E-05 0.112983 9.9946E-05 9.9946E-05
9.9964E-05 0.12781 0.0580579 9.9964E-05 0.301376 0.298951 9.9964E-05 0.108234 9.9964E-05 0.105171
9.99201E-05 0.999101 9.99201E-05 9.99201E-05 9.99201E-05 9.99201E-05 9.99201E-05 9.99201E-05 9.99201E-05 9.99201E-05
9.99201E-05 9.99201E-05 0.999101 9.99201E-05 9.99201E-05 9.99201E-05 9.99201E-05 9.99201E-05 9.99201E-05 9.99201E-05
9.99201E-05 9.99201E-05 9.99201E-05 9.99201E-05 9.99201E-05 0.999101 9.99201E-05 9.99201E-05 9.99201E-05 9.99201E-05
9.998E-05 0.00789293 0.0478633 9.998E-05 0.647786 0.103433 0.0840288 0.0286363 0.0118485 0.0683115
0.0732416 9.9946E-05 9.9946E-05 9.9946E-05 0.724662 0.092436 9.9946E-05 9.9946E-05 9.9946E-05 0.109061
9.9946E-05 0.152984 9.9946E-05 0.166534 0.526682 9.9946E-05 0.1532 9.9946E-05 9.9946E-05 9.9946E-05
0.000204207 0.140358 0.0129139 0.0709383 0.454574 9.9982E-05 9.9982E-05 0.0552631 0.0192635 0.246285
9.9937E-05 0.0120715 9.9937E-05 9.9937E-05 0.788081 9.9937E-05 9.9937E-05 9.9937E-05 9.9937E-05 0.199148
9.99281E-05 9.99281E-05 9.99281E-05 9.99281E-05 0.83084 9.99281E-05 9.99281E-05 9.99281E-05 9.99281E-05 0.16836
9.9946E-05 9.9946E-05 9.9946E-05 0.00283924 9.9946E-05 9.9946E-05 0.612363 0.111796 9.9946E-05 0.272402
0.0234759 0.0365925 9.9973E-05 0.0940989 0.0709032 9.9973E-05 0.483397 0.121435 9.9973E-05 0.169797
9.997E-05 0.0427507 9.997E-05 0.0761319 0.115263 9.997E-05 0.644709 0.0148474 0.00729154 0.0987073
9.9937E-05 9.9937E-05 9.9937E-05 0.14855 9.9937E-05 0.0930343 0.757716 9.9937E-05 9.9937E-05 9.9937E-05
9.9946E-05 0.0176131 0.0200657 9.9946E-05 0.244325 9.9946E-05 0.717397 9.9946E-05 9.9946E-05 9.9946E-05
9.99281E-05 9.99281E-05 9.99281E-05 9.99281E-05 9.99281E-05 9.99281E-05 0.990489 9.99281E-05 0.00871203 9.99281E-05
0.237505 0.0944765 9.9955E-05 0.022685 9.9955E-05 9.9955E-05 0.64222 0.00261409 9.9955E-05 9.9955E-05
9.9937E-05 9.9937E-05 0.140677 9.9937E-05 9.9937E-05 9.9937E-05 0.768975 9.9937E-05 9.9937E-05 0.0896488
9.995E-05 9.995E-05 0.021238 0.00188749 9.995E-05 0.0170887 0.953367 9.995E-05 0.00591935 9.995E-05
9.9955E-05 0.112083 0.0637716 9.9955E-05 9.9955E-05 9.9955E-05 0.496213 9.9955E-05 0.0195427 0.30789
0.0136807 9.99281E-05 9.99281E-05 9.99281E-05 9.99281E-05 9.99281E-05 0.98552 9.99281E-05 9.99281E-05 9.99281E-05
0.0370531 9.9964E-05 9.9964E-05 0.12122 0.225948 9.9964E-05 0.358386 0.0129763 9.9964E-05 0.244015
9.9955E-05 0.00436102 9.9955E-05 9.9955E-05 0.0851949 0.00137025 0.84567 9.9955E-05 9.9955E-05 0.0629042
0.0171818 9.9964E-05 9.9964E-05 0.106665 9.9964E-05 0.106744 0.6724 9.9964E-05 0.062479 0.03413
9.99461E-05 9.99461E-05 0.143063 0.194997 9.99461E-05 9.99461E-05 0.468297 9.99461E-05 9.99461E-05 0.193044
0.0573431 9.9955E-05 9.9955E-05 0.67594 0.134681 9.9955E-05 0.00191857 9.9955E-05 9.9955E-05 0.129617
9.9946E-05 9.9946E-05 9.9946E-05 0.823372 9.9946E-05 0.131833 0.0274152 9.9946E-05 0.0167804 9.9946E-05
9.9928E-05 9.9928E-05 9.9928E-05 0.853053 9.9928E-05 9.9928E-05 9.9928E-05 9.9928E-05 9.9928E-05 0.146148
0.0220325 9.9955E-05 9.9955E-05 0.586698 0.293809 9.9955E-05 0.00395518 0.093006 9.9955E-05 9.9955E-05
0.0352502 0.0235081 9.9973E-05 0.33906 0.0516696 9.9973E-05 0.33608 0.0623752 9.9973E-05 0.151756
9.9937E-05 0.11663 9.9937E-05 0.702919 9.9937E-05 9.9937E-05 9.9937E-05 9.9937E-05 9.9937E-05 0.179752
9.9928E-05 9.9928E-05 0.0411515 0.958049 9.9928E-05 9.9928E-05 9.9928E-05 9.9928E-05 9.9928E-05 9.9928E-05
9.9946E-05 0.0481987 9.9946E-05 0.771878 9.9946E-05 0.00417225 9.9946E-05 9.9946E-05 9.9946E-05 0.175151
9.9955E-05 0.0291306 0.0335079 0.738504 9.9955E-05 9.9955E-05 0.0871315 9.9955E-05 9.9955E-05 0.111226
9.9946E-05 9.9946E-05 9.9946E-05 0.843403 9.9946E-05 9.9946E-05 0.105025 0.00268998 9.9946E-05 0.0482826
9.99371E-05 9.99371E-05 9.99371E-05 0.909412 9.99371E-05 9.99371E-05 9.99371E-05 9.99371E-05 0.0480061 0.0418824
9.9973E-05 0.111395 9.9973E-05 0.0451154 0.0226151 9.9973E-05 0.0142841 0.0137998 0.00448535 0.788006
0.0848661 0.0982432 9.9982E-05 0.0662897 0.0432549 0.00272375 0.105291 0.0126524 9.9982E-05 0.586479
0.000960439 0.0119471 0.038414 0.102518 9.9991E-05 0.00572219 0.030295 0.0607913 0.000732429 0.74852
0.163886 0.036474 9.9964E-05 0.00752668 0.0222227 9.9964E-05 0.140835 9.9964E-05 9.9964E-05 0.628656
0.0237201 9.9964E-05 0.0495397 0.0559614 9.9964E-05 0.00986503 0.0481765 9.9964E-05 9.9964E-05 0.812337
0.0593774 9.9982E-05 0.0101336 0.00660736 9.9982E-05 0.00707932 0.371166 0.0206704 0.106947 0.417818
0.00553933 9.9946E-05 0.0664281 9.9946E-05 9.9946E-05 9.9946E-05 0.0828911 9.9946E-05 9.9946E-05 0.844542
9.99371E-05 9.99371E-05 0.0204019 9.99371E-05 9.99371E-05 9.99371E-05 9.99371E-05 9.99371E-05 0.014243 0.964656
9.9937E-05 0.0640254 9.9937E-05 9.9937E-05 9.9937E-05 9.9937E-05 0.0614372 9.9937E-05 9.9937E-05 0.873838
9.99281E-05 9.99281E-05 9.99281E-05 9.99281E-05 9.99281E-05 0.0215797 9.99281E-05 9.99281E-05 9.99281E-05 0.977621
9.99201E-05 9.99201E-05 9.99201E-05 9.99201E-05 9.99201E-05 9.99201E-05 9.99201E-05 9.99201E-05 9.99201E-05 0.999101
9.9946E-05 0.0845034 9.9946E-05 9.9946E-05 0.0097285 9.9946E-05 9.9946E-05 9.9946E-05 0.00269415 0.902474
9.9937E-05 0.0263513 9.9937E-05 9.9937E-05 9.9937E-05 9.9937E-05 9.9937E-05 9.9937E-05 0.00207362 0.970876
9.9928E-05 9.9928E-05 9.9928E-05 9.9928E-05 9.9928E-05 9.9928E-05 9.9928E-05 0.0294636 9.9928E-05 0.969737
9.99201E-05 9.99201E-05 9.99201E-05 9.99201E-05 9.99201E-05 0.060085 9.99201E-05 9.99201E-05 9.99201E-05 0.939116
0.121572 9.9955E-05 9.9955E-05 0.021541 9.9955E-05 9.9955E-05 0.0665113 9.9955E-05 0.00402429 0.785851
9.99281E-05 9.99281E-05 9.99281E-05 9.99281E-05 9.99281E-05 9.99281E-05 9.99281E-05 0.0331171 9.99281E-05 0.966083
0.0253338 0.0149214 9.9973E-05 0.0577707 0.0218408 9.9973E-05 0.146948 9.9973E-05 0.0568516 0.676034
0.0166264 0.0483369 0.0164538 0.0609092 9.9973E-05 9.9973E-05 9.9973E-05 0.00365698 0.546786 0.30693
9.99201E-05 9.99201E-05 9.99201E-05 9.99201E-05 9.99201E-05 9.99201E-05 9.99201E-05 9.99201E-05 0.999101 9.99201E-05
0.0164777 9.9973E-05 9.9973E-05 0.0333053 0.00859891 0.036194 0.180243 9.9973E-05 0.0609156 0.663966
