9.98831E-05 9.98831E-05 9.98831E-05 9.98831E-05 9.98831E-05 9.98831E-05 9.98831E-05 9.98831E-05 9.98831E-05 0.998702 9.98831E-05 9.98831E-05 9.98831E-05 9.98831E-05
9.9919E-05 9.9919E-05 9.9919E-05 9.9919E-05 9.9919E-05 0.0577753 9.9919E-05 0.0923104 9.9919E-05 0.020573 9.9919E-05 0.796334 9.9919E-05 0.0321079
0.998702 9.98831E-05 9.98831E-05 9.98831E-05 9.98831E-05 9.98831E-05 9.98831E-05 9.98831E-05 9.98831E-05 9.98831E-05 9.98831E-05 9.98831E-05 9.98831E-05 9.98831E-05
0.811021 9.9919E-05 9.9919E-05 0.0442749 9.9919E-05 9.9919E-05 9.9919E-05 9.9919E-05 9.9919E-05 9.9919E-05 0.0557545 9.9919E-05 0.0643228 0.0237271
0.0737328 9.9919E-05 0.747817 9.9919E-05 9.9919E-05 0.0494561 9.9919E-05 0.0730384 9.9919E-05 9.9919E-05 9.9919E-05 0.0550565 9.9919E-05 9.9919E-05
9.98921E-05 9.98921E-05 9.98921E-05 0.0332646 9.98921E-05 9.98921E-05 9.98921E-05 9.98921E-05 9.98921E-05 9.98921E-05 9.98921E-05 0.965537 9.98921E-05 9.98921E-05
9.98921E-05 9.98921E-05 9.98921E-05 9.98921E-05 9.98921E-05 9.98921E-05 0.0522731 9.98921E-05 9.98921E-05 9.98921E-05 9.98921E-05 0.946528 9.98921E-05 9.98921E-05
9.98831E-05 9.98831E-05 0.998702 9.98831E-05 9.98831E-05 9.98831E-05 9.98831E-05 9.98831E-05 9.98831E-05 9.98831E-05 9.98831E-05 9.98831E-05 9.98831E-05 9.98831E-05
0.19409 9.9937E-05 0.107196 0.010045 9.9937E-05 9.9937E-05 9.9937E-05 0.0385712 0.125508 9.9937E-05 9.9937E-05 0.448074 0.0758171 9.9937E-05
0.114175 9.9955E-05 0.273094 0.0405717 9.9955E-05 0.15701 0.0131926 9.9955E-05 0.064645 0.150423 0.0992138 9.9955E-05 9.9955E-05 0.0871747
9.9883E-05 9.9883E-05 9.9883E-05 9.9883E-05 9.9883E-05 9.9883E-05 9.9883E-05 0.998702 9.9883E-05 9.9883E-05 9.9883E-05 9.9883E-05 9.9883E-05 9.9883E-05
9.98831E-05 0.998702 9.98831E-05 9.98831E-05 9.98831E-05 9.98831E-05 9.98831E-05 9.98831E-05 9.98831E-05 9.98831E-05 9.98831E-05 9.98831E-05 9.98831E-05 9.98831E-05
9.99101E-05 0.76594 0.0488289 9.99101E-05 9.99101E-05 9.99101E-05 9.99101E-05 0.0800331 9.99101E-05 9.99101E-05 9.99101E-05 0.104199 9.99101E-05 9.99101E-05
0.107826 0.570054 0.00320528 0.160476 9.9928E-05 9.9928E-05 9.9928E-05 9.9928E-05 9.9928E-05 9.9928E-05 9.9928E-05 9.9928E-05 0.12209 0.0355491
0.0651719 0.46328 9.9946E-05 9.9946E-05 0.00586452 0.0788727 9.9946E-05 0.0151189 0.110265 9.9946E-05 0.198077 9.9946E-05 9.9946E-05 0.0627498
9.9919E-05 0.0284192 9.9919E-05 9.9919E-05 0.0993542 9.9919E-05 9.9919E-05 0.0071948 9.9919E-05 0.000497217 0.863635 9.9919E-05 9.9919E-05 9.9919E-05
9.99101E-05 0.0265374 9.99101E-05 0.881672 0.0569524 9.99101E-05 9.99101E-05 0.0338393 9.99101E-05 9.99101E-05 9.99101E-05 9.99101E-05 9.99101E-05 9.99101E-05
9.99101E-05 9.99101E-05 9.99101E-05 0.0300019 9.99101E-05 0.162766 0.0206386 9.99101E-05 0.0483358 9.99101E-05 0.737358 9.99101E-05 9.99101E-05 9.99101E-05
0.0220424 0.658304 9.9955E-05 0.0131283 9.9955E-05 9.9955E-05 0.0247277 0.0185342 0.0661444 9.9955E-05 0.117501 9.9955E-05 0.0503815 0.0287366
9.98831E-05 9.98831E-05 9.98831E-05 9.98831E-05 9.98831E-05 9.98831E-05 9.98831E-05 9.98831E-05 9.98831E-05 9.98831E-05 0.998702 9.98831E-05 9.98831E-05 9.98831E-05
0.0243974 0.318914 9.9955E-05 0.199234 9.9955E-05 0.144806 9.9955E-05 0.0985325 0.0302486 0.0475712 0.128724 9.9955E-05 0.00707229 9.9955E-05
9.9928E-05 9.9928E-05 0.121418 9.9928E-05 0.788373 0.0111559 9.9928E-05 9.9928E-05 0.0593397 9.9928E-05 0.011656 0.00725742 9.9928E-05 9.9928E-05
9.98831E-05 9.98831E-05 9.98831E-05 9.98831E-05 0.998702 9.98831E-05 9.98831E-05 9.98831E-05 9.98831E-05 9.98831E-05 9.98831E-05 9.98831E-05 9.98831E-05 9.98831E-05
9.98831E-05 9.98831E-05 9.98831E-05 0.998702 9.98831E-05 9.98831E-05 9.98831E-05 9.98831E-05 9.98831E-05 9.98831E-05 9.98831E-05 9.98831E-05 9.98831E-05 9.98831E-05
0.043185 0.238129 9.9946E-05 0.0103883 9.9946E-05 0.24307 9.9946E-05 0.125197 0.0124335 9.9946E-05 0.316082 0.0109153 9.9946E-05 9.9946E-05
9.9937E-05 0.701453 9.9937E-05 9.9937E-05 9.9937E-05 0.124793 0.0220005 9.9937E-05 0.00887018 0.0855909 9.9937E-05 0.0191066 0.0374859 9.9937E-05
9.9928E-05 0.590979 9.9928E-05 0.0208668 0.00150268 0.0839915 9.9928E-05 9.9928E-05 0.161207 9.9928E-05 9.9928E-05 9.9928E-05 0.140653 9.9928E-05
0.0880322 0.330995 9.9937E-05 9.9937E-05 0.117854 0.416909 9.9937E-05 0.000733982 0.0102591 9.9937E-05 9.9937E-05 9.9937E-05 0.0345183 9.9937E-05
9.9928E-05 0.554239 9.9928E-05 9.9928E-05 0.0223486 0.303 9.9928E-05 9.9928E-05 0.0995689 9.9928E-05 9.9928E-05 0.016648 9.9928E-05 0.00339619
9.99011E-05 0.671085 9.99011E-05 9.99011E-05 9.99011E-05 0.299498 9.99011E-05 0.0283176 9.99011E-05 9.99011E-05 9.99011E-05 9.99011E-05 9.99011E-05 9.99011E-05
0.125728 9.9919E-05 9.9919E-05 9.9919E-05 9.9919E-05 0.23166 0.233879 9.9919E-05 0.339484 9.9919E-05 0.0683507 9.9919E-05 9.9919E-05 9.9919E-05
0.0801253 9.9955E-05 0.00396704 9.9955E-05 0.00647831 0.135237 0.341243 9.9955E-05 0.16575 0.00315296 0.108746 0.154801 9.9955E-05 9.9955E-05
9.9919E-05 0.0143894 9.9919E-05 9.9919E-05 0.0620523 0.0941616 0.0594478 9.9919E-05 0.76905 9.9919E-05 9.9919E-05 9.9919E-05 9.9919E-05 9.9919E-05
9.99101E-05 9.99101E-05 9.99101E-05 0.0709134 9.99101E-05 9.99101E-05 0.17925 9.99101E-05 0.692504 9.99101E-05 9.99101E-05 9.99101E-05 0.0563333 9.99101E-05
0.0177877 0.166089 9.9919E-05 9.9919E-05 9.9919E-05 9.9919E-05 9.9919E-05 0.10911 0.693945 9.9919E-05 0.0121694 9.9919E-05 9.9919E-05 9.9919E-05
9.99101E-05 9.99101E-05 9.99101E-05 9.99101E-05 0.0048526 9.99101E-05 9.99101E-05 9.99101E-05 0.8624 0.0438007 9.99101E-05 9.99101E-05 0.0879479 9.99101E-05
0.0176222 9.9928E-05 0.235433 9.9928E-05 0.0479811 9.9928E-05 9.9928E-05 9.9928E-05 0.617093 0.0314128 0.0496585 9.9928E-05 9.9928E-05 9.9928E-05
9.99191E-05 9.99191E-05 9.99191E-05 0.00900472 0.00630221 9.99191E-05 9.99191E-05 9.99191E-05 0.947285 0.0270456 0.00946359 9.99191E-05 9.99191E-05 9.99191E-05
9.99013E-05 9.99013E-05 9.99013E-05 9.99013E-05 9.99013E-05 9.99013E-05 9.99013E-05 0.0185265 0.885177 9.99013E-05 9.99013E-05 9.99013E-05 0.095198 9.99013E-05
9.994E-05 9.994E-05 9.994E-05 9.994E-05 0.00673356 0.28241 9.994E-05 0.048105 0.536067 0.000474258 0.0598334 9.994E-05 0.0394154 0.0263614
9.99101E-05 9.99101E-05 9.99101E-05 0.00397419 9.99101E-05 9.99101E-05 0.0183418 9.99101E-05 0.871659 9.99101E-05 9.99101E-05 0.105026 9.99101E-05 9.99101E-05
0.0445117 0.0852586 9.9955E-05 0.0269904 9.9955E-05 0.261796 0.279746 0.0175849 0.169685 0.100787 9.9955E-05 9.9955E-05 0.0131402 9.9955E-05
0.0145432 0.0281169 0.0116016 0.00106638 9.9946E-05 0.232891 0.0505369 0.0576734 0.602971 9.9946E-05 9.9946E-05 9.9946E-05 9.9946E-05 9.9946E-05
9.9955E-05 0.0737657 0.00142143 0.0485379 9.9955E-05 0.0312898 0.145087 9.9955E-05 0.638368 9.9955E-05 0.00263586 9.9955E-05 0.0385639 0.0198306
0.0179873 9.99191E-05 9.99191E-05 9.99191E-05 9.99191E-05 0.111687 9.99191E-05 0.0898193 0.141975 9.99191E-05 9.99191E-05 9.99191E-05 0.637632 9.99191E-05
9.9928E-05 0.140073 0.0089448 9.9928E-05 9.9928E-05 0.0324409 0.597584 9.9928E-05 9.9928E-05 9.9928E-05 9.9928E-05 9.9928E-05 0.215591 0.00456716
9.99101E-05 9.99101E-05 9.99101E-05 0.0137573 9.99101E-05 9.99101E-05 0.903383 0.0482555 9.99101E-05 9.99101E-05 9.99101E-05 9.99101E-05 9.99101E-05 0.033605
9.98831E-05 9.98831E-05 9.98831E-05 9.98831E-05 9.98831E-05 9.98831E-05 0.998702 9.98831E-05 9.98831E-05 9.98831E-05 9.98831E-05 9.98831E-05 9.98831E-05 9.98831E-05
0.094078 0.181731 0.0473289 9.9919E-05 9.9919E-05 9.9919E-05 0.654988 9.9919E-05 0.020975 9.9919E-05 9.9919E-05 9.9919E-05 9.9919E-05 9.9919E-05
0.00271488 0.00975925 0.0775709 9.9946E-05 9.9946E-05 0.0566449 0.474162 0.0368285 0.322483 0.0192362 9.9946E-05 9.9946E-05 9.9946E-05 9.9946E-05
9.991E-05 9.991E-05 9.991E-05 9.991E-05 9.991E-05 9.991E-05 0.0365132 9.991E-05 9.991E-05 9.991E-05 0.0040151 0.0703523 0.88812 9.991E-05
9.99011E-05 9.99011E-05 9.99011E-05 9.99011E-05 9.99011E-05 9.99011E-05 0.0217268 9.99011E-05 9.99011E-05 0.0380234 9.99011E-05 9.99011E-05 0.939151 9.99011E-05
9.99101E-05 0.00324513 9.99101E-05 9.99101E-05 9.99101E-05 0.118031 9.99101E-05 9.99101E-05 9.99101E-05 0.00448848 9.99101E-05 9.99101E-05 0.873236 9.99101E-05
9.991E-05 9.991E-05 9.991E-05 9.991E-05 9.991E-05 0.00130571 9.991E-05 9.991E-05 0.108891 9.991E-05 9.991E-05 9.991E-05 0.886156 0.0026478
9.98921E-05 9.98921E-05 9.98921E-05 9.98921E-05 9.98921E-05 9.98921E-05 0.969799 9.98921E-05 9.98921E-05 9.98921E-05 9.98921E-05 9.98921E-05 0.0290019 9.98921E-05
9.99011E-05 9.99011E-05 9.99011E-05 9.99011E-05 9.99011E-05 0.0666497 0.875818 9.99011E-05 9.99011E-05 9.99011E-05 9.99011E-05 9.99011E-05 9.99011E-05 0.0564329
9.99326E-05 9.99326E-05 9.99326E-05 0.0185588 0.00542798 0.820368 9.99326E-05 9.99326E-05 0.135953 9.99326E-05 0.0182077 9.99326E-05 9.99326E-05 0.000684754
0.0391822 0.010928 0.000296898 0.0511644 0.04189 0.803909 0.0383703 9.9946E-05 9.9946E-05 0.0136597 9.9946E-05 9.9946E-05 9.9946E-05 9.9946E-05
0.0416067 9.9946E-05 0.031779 9.9946E-05 0.0408925 0.610362 0.213154 0.04868 9.9946E-05 0.00481686 9.9946E-05 0.00810898 9.9946E-05 9.9946E-05
9.9946E-05 0.00985352 0.0707608 9.9946E-05 0.0171511 0.615526 0.0616464 9.9946E-05 0.144906 0.0252596 9.9946E-05 0.0542974 9.9946E-05 9.9946E-05
9.9937E-05 9.9937E-05 9.9937E-05 0.0240458 9.9937E-05 0.685604 0.0393949 9.9937E-05 9.9937E-05 0.00208034 0.0283945 0.0100878 0.209693 9.9937E-05
9.99101E-05 9.99101E-05 9.99101E-05 9.99101E-05 9.99101E-05 0.371794 9.99101E-05 9.99101E-05 0.532545 0.0073087 9.99101E-05 9.99101E-05 9.99101E-05 0.0873535
9.99281E-05 9.99281E-05 9.99281E-05 0.0429675 9.99281E-05 0.732458 0.0856005 9.99281E-05 0.0700484 0.0163746 9.99281E-05 9.99281E-05 0.0517514 9.99281E-05
9.98922E-05 9.98922E-05 9.98922E-05 9.98922E-05 9.98922E-05 0.980946 9.98922E-05 9.98922E-05 9.98922E-05 9.98922E-05 9.98922E-05 9.98922E-05 9.98922E-05 0.0178553
9.9919E-05 9.9919E-05 9.9919E-05 9.9919E-05 9.9919E-05 0.803868 9.9919E-05 0.0320049 0.125937 9.9919E-05 9.9919E-05 9.9919E-05 0.0326835 0.00460758
9.98921E-05 9.98921E-05 9.98921E-05 9.98921E-05 9.98921E-05 0.955929 9.98921E-05 9.98921E-05 9.98921E-05 9.98921E-05 9.98921E-05 9.98921E-05 0.0428728 9.98921E-05
9.99011E-05 9.99011E-05 9.99011E-05 9.99011E-05 9.99011E-05 0.927555 9.99011E-05 0.00104303 0.0703031 9.99011E-05 9.99011E-05 9.99011E-05 9.99011E-05 9.99011E-05
0.033952 9.99101E-05 9.99101E-05 9.99101E-05 0.0234865 0.939 9.99101E-05 9.99101E-05 9.99101E-05 9.99101E-05 9.99101E-05 9.99101E-05 0.00256282 9.99101E-05
9.99011E-05 9.99011E-05 9.99011E-05 9.99011E-05 9.99011E-05 0.969771 9.99011E-05 9.99011E-05 9.99011E-05 0.0168433 9.99011E-05 9.99011E-05 9.99011E-05 0.0122866
0.00203619 9.991E-05 9.991E-05 9.991E-05 9.991E-05 0.966354 0.0273252 0.00328527 9.991E-05 9.991E-05 9.991E-05 9.991E-05 9.991E-05 9.991E-05
9.99011E-05 9.99011E-05 9.99011E-05 0.0248264 9.99011E-05 0.936656 9.99011E-05 9.99011E-05 0.037419 9.99011E-05 9.99011E-05 9.99011E-05 9.99011E-05 9.99011E-05
9.99281E-05 9.99281E-05 0.00282739 9.99281E-05 9.99281E-05 0.570682 9.99281E-05 9.99281E-05 0.199918 9.99281E-05 9.99281E-05 0.123751 0.0678391 0.0341835
9.99011E-05 9.99011E-05 0.0540768 9.99011E-05 9.99011E-05 0.896184 0.04864 9.99011E-05 9.99011E-05 9.99011E-05 9.99011E-05 9.99011E-05 9.99011E-05 9.99011E-05
9.9928E-05 9.9928E-05 9.9928E-05 9.9928E-05 9.9928E-05 0.63815 9.9928E-05 0.00470796 0.0228245 0.050457 9.9928E-05 9.9928E-05 0.236447 0.0466137
0.00384434 0.0278403 9.9955E-05 0.006895 0.0272019 0.287871 9.9955E-05 0.0208825 9.9955E-05 9.9955E-05 0.0294188 9.9955E-05 0.0606748 0.534871
9.98831E-05 9.98831E-05 9.98831E-05 9.98831E-05 9.98831E-05 9.98831E-05 9.98831E-05 9.98831E-05 9.98831E-05 9.98831E-05 9.98831E-05 9.98831E-05 9.98831E-05 0.998702
0.0168012 0.0225626 9.9955E-05 0.0451772 9.9955E-05 0.596979 9.9955E-05 0.00451421 0.0873008 0.0609673 9.9955E-05 9.9955E-05 0.0945418 0.0706561
