9.98921E-05 9.98921E-05 9.98921E-05 9.98921E-05 9.98921E-05 9.98921E-05 9.98921E-05 9.98921E-05 9.98921E-05 0.998801 9.98921E-05 9.98921E-05 9.98921E-05
0.522062 9.9946E-05 0.0618872 0.0374572 0.0305825 0.131427 0.109205 9.9946E-05 9.9946E-05 0.106779 9.9946E-05 9.9946E-05 9.9946E-05
9.9892E-05 9.9892E-05 0.998801 9.9892E-05 9.9892E-05 9.9892E-05 9.9892E-05 9.9892E-05 9.9892E-05 9.9892E-05 9.9892E-05 9.9892E-05 9.9892E-05
9.9937E-05 9.9937E-05 0.741711 0.0482187 0.00683419 0.00645903 9.9937E-05 9.9937E-05 9.9937E-05 9.9937E-05 0.0871995 0.108878 9.9937E-05
0.789325 9.99281E-05 9.99281E-05 9.99281E-05 0.000416207 0.0676162 0.0769578 9.99281E-05 9.99281E-05 9.99281E-05 0.0648857 9.99281E-05 9.99281E-05
0.998801 9.98921E-05 9.98921E-05 9.98921E-05 9.98921E-05 9.98921E-05 9.98921E-05 9.98921E-05 9.98921E-05 9.98921E-05 9.98921E-05 9.98921E-05 9.98921E-05
0.897778 0.0246526 9.99191E-05 9.99191E-05 9.99191E-05 9.99191E-05 0.0718645 9.99191E-05 9.99191E-05 0.00480546 9.99191E-05 9.99191E-05 9.99191E-05
9.9892E-05 9.9892E-05 9.9892E-05 9.9892E-05 9.9892E-05 9.9892E-05 0.998801 9.9892E-05 9.9892E-05 9.9892E-05 9.9892E-05 9.9892E-05 9.9892E-05
0.576205 0.0787834 0.144982 9.9928E-05 9.9928E-05 9.9928E-05 9.9928E-05 0.0466965 0.152534 9.9928E-05 9.9928E-05 9.9928E-05 9.9928E-05
9.9946E-05 9.9946E-05 0.143553 9.9946E-05 0.0624973 0.0575101 0.547316 0.0638822 0.0752673 0.0493741 9.9946E-05 9.9946E-05 9.9946E-05
9.99191E-05 9.99191E-05 0.0892838 9.99191E-05 0.0171106 9.99191E-05 9.99191E-05 0.111522 9.99191E-05 9.99191E-05 9.99191E-05 0.781184 9.99191E-05
9.98921E-05 9.98921E-05 9.98921E-05 9.98921E-05 9.98921E-05 9.98921E-05 9.98921E-05 9.98921E-05 9.98921E-05 9.98921E-05 9.98921E-05 9.98921E-05 0.998801
0.0938046 9.9937E-05 0.0681427 9.9937E-05 9.9937E-05 9.9937E-05 9.9937E-05 0.0498318 9.9937E-05 0.034465 9.9937E-05 0.19124 0.561816
9.9928E-05 9.9928E-05 0.00295368 9.9928E-05 0.00163556 9.9928E-05 0.0532199 9.9928E-05 0.0159618 9.9928E-05 9.9928E-05 9.9928E-05 0.92543
9.9928E-05 9.9928E-05 0.0615801 0.446093 0.0538784 9.9928E-05 9.9928E-05 9.9928E-05 0.0625714 9.9928E-05 9.9928E-05 9.9928E-05 0.375078
9.9937E-05 9.9937E-05 9.9937E-05 0.685025 0.00547071 9.9937E-05 9.9937E-05 0.0033099 9.9937E-05 0.00534423 9.9937E-05 0.225375 0.0747752
9.98921E-05 9.98921E-05 9.98921E-05 9.98921E-05 9.98921E-05 9.98921E-05 9.98921E-05 9.98921E-05 9.98921E-05 9.98921E-05 9.98921E-05 0.998801 9.98921E-05
9.9928E-05 0.00817177 9.9928E-05 0.850233 0.00218009 0.072373 9.9928E-05 9.9928E-05 0.0662422 9.9928E-05 9.9928E-05 9.9928E-05 9.9928E-05
9.9946E-05 0.11317 9.9946E-05 0.277414 9.9946E-05 0.00436373 9.9946E-05 9.9946E-05 0.0695517 9.9946E-05 0.0178229 0.125044 0.392034
9.99101E-05 9.99101E-05 0.0195954 0.933776 9.99101E-05 9.99101E-05 0.0456299 9.99101E-05 9.99101E-05 9.99101E-05 9.99101E-05 9.99101E-05 9.99101E-05
9.9946E-05 0.0103036 0.0246154 0.697364 9.9946E-05 0.068246 0.0728029 9.9946E-05 9.9946E-05 0.0445434 9.9946E-05 0.0815247 9.9946E-05
9.9919E-05 9.9919E-05 9.9919E-05 0.698187 9.9919E-05 9.9919E-05 0.278682 9.9919E-05 9.9919E-05 0.019853 9.9919E-05 0.00237902 9.9919E-05
9.99101E-05 9.99101E-05 9.99101E-05 9.99101E-05 0.00917723 9.99101E-05 9.99101E-05 9.99101E-05 9.99101E-05 0.0897679 9.99101E-05 0.900056 9.99101E-05
9.99101E-05 9.99101E-05 9.99101E-05 9.99101E-05 9.99101E-05 0.0533949 0.0630701 9.99101E-05 9.99101E-05 9.99101E-05 9.99101E-05 0.882536 9.99101E-05
9.995E-05 9.995E-05 0.033852 0.207365 0.0120062 0.106027 9.995E-05 0.0156144 0.0330086 9.995E-05 9.995E-05 0.0333715 0.558256
9.9928E-05 0.0892818 9.9928E-05 9.9928E-05 9.9928E-05 0.198265 0.00280217 9.9928E-05 9.9928E-05 0.0778017 9.9928E-05 9.9928E-05 0.63105
9.9919E-05 9.9919E-05 9.9919E-05 0.643087 9.9919E-05 0.0464276 9.9919E-05 9.9919E-05 0.109043 9.9919E-05 0.200543 9.9919E-05 9.9919E-05
0.00928645 9.9955E-05 0.0432467 0.575576 0.0146333 0.284724 9.9955E-05 9.9955E-05 9.9955E-05 0.00598956 0.0416666 9.9955E-05 0.0243775
0.0904184 0.0502433 9.9946E-05 0.516199 9.9946E-05 0.244927 9.9946E-05 9.9946E-05 0.048965 0.00546573 9.9946E-05 9.9946E-05 0.0431818
9.99101E-05 9.99101E-05 9.99101E-05 0.806311 9.99101E-05 0.134494 9.99101E-05 0.0581955 9.99101E-05 9.99101E-05 9.99101E-05 9.99101E-05 9.99101E-05
9.9928E-05 0.453499 0.103121 0.0194692 9.9928E-05 0.187186 9.9928E-05 9.9928E-05 0.235926 9.9928E-05 9.9928E-05 9.9928E-05 9.9928E-05
0.0531923 0.630424 0.0478903 0.192375 0.00331045 9.9946E-05 9.9946E-05 0.0648941 9.9946E-05 0.0073143 9.9946E-05 9.9946E-05 9.9946E-05
9.9928E-05 0.000596155 0.0557648 9.9928E-05 9.9928E-05 0.0984037 9.9928E-05 9.9928E-05 0.835932 9.9928E-05 9.9928E-05 9.9928E-05 0.00850369
0.00142507 0.0386962 9.9937E-05 9.9937E-05 9.9937E-05 9.9937E-05 9.9937E-05 0.0125221 0.887781 9.9937E-05 0.0291494 0.0297266 9.9937E-05
9.9937E-05 9.9937E-05 9.9937E-05 0.259059 0.00122031 0.0266833 9.9937E-05 0.00153014 0.686179 9.9937E-05 9.9937E-05 9.9937E-05 0.0246286
9.99191E-05 9.99191E-05 9.99191E-05 9.99191E-05 9.99191E-05 9.99191E-05 0.000152824 0.0438582 0.917385 0.0377052 9.99191E-05 9.99191E-05 9.99191E-05
9.9937E-05 9.9937E-05 0.0127959 0.0333041 9.9937E-05 9.9937E-05 0.204919 9.9937E-05 0.656488 0.053069 0.0387243 9.9937E-05 9.9937E-05
9.9937E-05 9.9937E-05 9.9937E-05 0.0116844 9.9937E-05 0.0562683 9.9937E-05 0.0130057 0.781982 0.0380137 9.9937E-05 0.0983462 9.9937E-05
9.9928E-05 0.0235151 9.9928E-05 9.9928E-05 0.00989394 9.9928E-05 9.9928E-05 0.00159016 0.932215 9.9928E-05 0.0319864 9.9928E-05 9.9928E-05
9.994E-05 9.994E-05 0.00509973 0.0630225 0.0524254 0.196842 9.994E-05 9.994E-05 0.602012 0.0257892 0.0542096 9.994E-05 9.994E-05
0.0130934 0.059597 9.99371E-05 9.99371E-05 9.99371E-05 0.0195562 0.016559 0.0111497 0.879345 9.99371E-05 9.99371E-05 9.99371E-05 9.99371E-05
9.9964E-05 0.169477 9.9964E-05 0.0406501 0.0076258 0.235757 0.062806 0.0315265 0.216881 0.0846111 9.9964E-05 9.9964E-05 0.150265
9.99191E-05 9.99191E-05 0.0119176 0.0557616 9.99191E-05 0.140957 9.99191E-05 9.99191E-05 0.790464 9.99191E-05 9.99191E-05 9.99191E-05 9.99191E-05
0.00130699 9.9937E-05 9.9937E-05 9.9937E-05 0.0284147 9.9937E-05 9.9937E-05 0.0546669 0.716057 9.9937E-05 0.0842546 9.9937E-05 0.1146
9.9892E-05 9.9892E-05 9.9892E-05 9.9892E-05 9.9892E-05 9.9892E-05 9.9892E-05 0.998801 9.9892E-05 9.9892E-05 9.9892E-05 9.9892E-05 9.9892E-05
9.9937E-05 0.616247 9.9937E-05 9.9937E-05 0.00508917 0.113973 0.0922056 9.9937E-05 9.9937E-05 9.9937E-05 0.138973 9.9937E-05 0.0328131
9.99371E-05 0.729914 9.99371E-05 9.99371E-05 0.0331916 0.0795004 9.99371E-05 9.99371E-05 0.0733338 9.99371E-05 0.0095459 0.0738149 9.99371E-05
9.9919E-05 0.928156 9.9919E-05 9.9919E-05 9.9919E-05 0.0134736 9.9919E-05 0.0172582 9.9919E-05 9.9919E-05 0.0402125 9.9919E-05 9.9919E-05
9.9928E-05 0.193813 0.0940036 9.9928E-05 9.9928E-05 9.9928E-05 9.9928E-05 9.9928E-05 0.110309 9.9928E-05 0.359749 9.9928E-05 0.241326
9.9955E-05 0.404745 0.0104493 9.9955E-05 9.9955E-05 0.0644655 0.0193683 0.137256 0.262313 0.0674297 9.9955E-05 9.9955E-05 0.0334734
9.9919E-05 0.220431 9.9919E-05 9.9919E-05 9.9919E-05 0.137628 9.9919E-05 9.9919E-05 0.00179704 9.9919E-05 0.639244 9.9919E-05 9.9919E-05
9.99011E-05 9.99011E-05 9.99011E-05 9.99011E-05 9.99011E-05 9.99011E-05 9.99011E-05 9.99011E-05 9.99011E-05 0.00832928 0.990572 9.99011E-05 9.99011E-05
9.99281E-05 9.99281E-05 9.99281E-05 9.99281E-05 9.99281E-05 0.0996594 0.0180365 0.0195955 9.99281E-05 0.00630733 0.855602 9.99281E-05 9.99281E-05
9.991E-05 9.991E-05 9.991E-05 9.991E-05 9.991E-05 0.0380573 9.991E-05 9.991E-05 9.991E-05 9.991E-05 0.928244 0.0326993 9.991E-05
0.000637918 0.988975 9.9919E-05 9.9919E-05 9.9919E-05 9.9919E-05 9.9919E-05 9.9919E-05 0.00533042 9.9919E-05 9.9919E-05 9.9919E-05 0.00415782
9.99011E-05 0.948254 9.99011E-05 9.99011E-05 0.0506468 9.99011E-05 9.99011E-05 9.99011E-05 9.99011E-05 9.99011E-05 9.99011E-05 9.99011E-05 9.99011E-05
0.04156 0.0506136 0.0088184 0.0471519 0.0403845 0.751813 9.9964E-05 0.0219763 9.9964E-05 9.9964E-05 0.0230085 9.9964E-05 0.0142735
0.0510436 0.194046 0.00799891 0.103865 9.9955E-05 0.590676 0.0175982 9.9955E-05 0.0335106 9.9955E-05 9.9955E-05 0.000761733 9.9955E-05
0.0801019 0.107875 9.9928E-05 9.9928E-05 9.9928E-05 0.731543 9.9928E-05 9.9928E-05 9.9928E-05 9.9928E-05 0.000446507 0.079234 9.9928E-05
0.0522192 0.0633391 9.9955E-05 9.9955E-05 9.9955E-05 0.662157 0.121981 9.9955E-05 0.05876 0.00208219 0.0148102 9.9955E-05 0.0241508
9.9937E-05 0.00415478 9.9937E-05 0.0393053 9.9937E-05 0.74359 0.0845591 0.0173864 9.9937E-05 9.9937E-05 0.110305 9.9937E-05 9.9937E-05
9.9946E-05 0.0769309 0.0388747 9.9946E-05 0.0816708 0.514491 0.00969738 0.0518828 0.225853 9.9946E-05 9.9946E-05 9.9946E-05 9.9946E-05
9.9946E-05 9.9946E-05 0.0331049 9.9946E-05 9.9946E-05 0.833094 0.00972739 0.0125289 0.0491672 0.0456854 9.9946E-05 0.0160928 9.9946E-05
9.99102E-05 0.0560348 9.99102E-05 9.99102E-05 0.0206734 0.922293 9.99102E-05 9.99102E-05 9.99102E-05 9.99102E-05 9.99102E-05 9.99102E-05 9.99102E-05
9.99101E-05 9.99101E-05 9.99101E-05 0.054916 9.99101E-05 0.85199 9.99101E-05 9.99101E-05 0.0764726 9.99101E-05 0.0157227 9.99101E-05 9.99101E-05
9.99101E-05 9.99101E-05 9.99101E-05 9.99101E-05 9.99101E-05 0.993017 9.99101E-05 9.99101E-05 0.00535051 9.99101E-05 9.99101E-05 0.000633421 9.99101E-05
9.99101E-05 9.99101E-05 9.99101E-05 9.99101E-05 9.99101E-05 0.960043 9.99101E-05 0.0178042 9.99101E-05 9.99101E-05 9.99101E-05 9.99101E-05 0.0211536
9.99011E-05 9.99011E-05 9.99011E-05 0.0303623 9.99011E-05 0.968539 9.99011E-05 9.99011E-05 9.99011E-05 9.99011E-05 9.99011E-05 9.99011E-05 9.99011E-05
9.99101E-05 9.99101E-05 9.99101E-05 9.99101E-05 0.000553805 0.986591 9.99101E-05 9.99101E-05 9.99101E-05 0.0118562 9.99101E-05 9.99101E-05 9.99101E-05
9.991E-05 0.077519 9.991E-05 9.991E-05 9.991E-05 0.916127 9.991E-05 9.991E-05 9.991E-05 9.991E-05 9.991E-05 0.00535507 9.991E-05
9.99012E-05 9.99012E-05 9.99012E-05 9.99012E-05 9.99012E-05 0.996567 9.99012E-05 0.00233419 9.99012E-05 9.99012E-05 9.99012E-05 9.99012E-05 9.99012E-05
0.0102292 0.0853189 9.99371E-05 9.99371E-05 9.99371E-05 0.582938 0.0297525 9.99371E-05 0.192061 9.99371E-05 9.99371E-05 9.99371E-05 0.0990012
9.99191E-05 0.0963627 9.99191E-05 9.99191E-05 9.99191E-05 0.77349 0.0267537 0.102494 9.99191E-05 9.99191E-05 9.99191E-05 9.99191E-05 9.99191E-05
9.9937E-05 9.9937E-05 9.9937E-05 9.9937E-05 0.0610883 0.619559 9.9937E-05 0.020301 0.11135 0.0550342 0.131967 9.9937E-05 9.9937E-05
9.9964E-05 0.0343577 9.9964E-05 0.0366766 0.575504 0.278838 9.9964E-05 0.0189123 9.9964E-05 0.0045333 0.00454172 0.00940261 0.0368337
9.9892E-05 9.9892E-05 9.9892E-05 9.9892E-05 0.998801 9.9892E-05 9.9892E-05 9.9892E-05 9.9892E-05 9.9892E-05 9.9892E-05 9.9892E-05 9.9892E-05
9.9955E-05 9.9955E-05 0.00237447 9.9955E-05 0.0762423 0.564732 0.0307191 9.9955E-05 0.148273 0.0273991 0.116273 9.9955E-05 0.0334874
