9.98741E-05 9.98741E-05 9.98741E-05 9.98741E-05 9.98741E-05 9.98741E-05 9.98741E-05 9.98741E-05 9.98741E-05 9.98741E-05 9.98741E-05 0.998602 9.98741E-05 9.98741E-05 9.98741E-05
9.9946E-05 0.242721 0.0698432 0.0106607 0.430867 9.9946E-05 9.9946E-05 0.0615375 0.014489 9.9946E-05 9.9946E-05 0.127148 0.0334537 0.00868139 9.9946E-05
9.98741E-05 9.98741E-05 9.98741E-05 9.98741E-05 9.98741E-05 9.98741E-05 9.98741E-05 9.98741E-05 9.98741E-05 9.98741E-05 9.98741E-05 9.98741E-05 9.98741E-05 0.998602 9.98741E-05
0.0235035 9.991E-05 0.0722935 9.991E-05 9.991E-05 9.991E-05 0.0876992 9.991E-05 9.991E-05 9.991E-05 9.991E-05 9.991E-05 0.014402 0.801103 9.991E-05
9.98921E-05 9.98921E-05 9.98921E-05 9.98921E-05 0.944461 9.98921E-05 9.98921E-05 9.98921E-05 9.98921E-05 9.98921E-05 9.98921E-05 9.98921E-05 9.98921E-05 0.0383192 0.0160207
9.98741E-05 0.998602 9.98741E-05 9.98741E-05 9.98741E-05 9.98741E-05 9.98741E-05 9.98741E-05 9.98741E-05 9.98741E-05 9.98741E-05 9.98741E-05 9.98741E-05 9.98741E-05 9.98741E-05
9.98921E-05 0.94018 9.98921E-05 9.98921E-05 9.98921E-05 9.98921E-05 9.98921E-05 9.98921E-05 9.98921E-05 9.98921E-05 0.0519794 9.98921E-05 0.00664192 9.98921E-05 9.98921E-05
9.98741E-05 9.98741E-05 9.98741E-05 9.98741E-05 0.998602 9.98741E-05 9.98741E-05 9.98741E-05 9.98741E-05 9.98741E-05 9.98741E-05 9.98741E-05 9.98741E-05 9.98741E-05 9.98741E-05
9.9955E-05 0.188516 9.9955E-05 0.0252864 0.171044 0.0718465 0.0743956 0.106476 9.9955E-05 0.0103826 9.9955E-05 0.0604854 9.9955E-05 0.267057 0.0240104
9.9937E-05 9.9937E-05 9.9937E-05 0.0399637 0.392239 9.9937E-05 9.9937E-05 9.9937E-05 0.0605731 0.0781469 0.114175 0.241183 0.00622812 0.0667924 9.9937E-05
0.88865 9.99011E-05 0.0362788 9.99011E-05 9.99011E-05 9.99011E-05 0.0581855 9.99011E-05 9.99011E-05 9.99011E-05 9.99011E-05 9.99011E-05 0.0157869 9.99011E-05 9.99011E-05
0.970963 9.98831E-05 9.98831E-05 9.98831E-05 9.98831E-05 9.98831E-05 9.98831E-05 9.98831E-05 9.98831E-05 9.98831E-05 9.98831E-05 9.98831E-05 9.98831E-05 9.98831E-05 0.0277388
0.873062 0.0483768 9.99011E-05 9.99011E-05 9.99011E-05 9.99011E-05 9.99011E-05 9.99011E-05 9.99011E-05 9.99011E-05 9.99011E-05 0.0341665 9.99011E-05 0.0432959 9.99011E-05
9.9919E-05 9.9919E-05 9.9919E-05 9.9919E-05 9.9919E-05 0.784559 0.0446698 9.9919E-05 9.9919E-05 0.00130545 9.9919E-05 9.9919E-05 0.0240608 0.133665 0.0108406
0.106065 0.0634422 9.9919E-05 9.9919E-05 9.9919E-05 9.9919E-05 9.9919E-05 9.9919E-05 0.202834 9.9919E-05 9.9919E-05 9.9919E-05 0.0392354 0.0422903 0.545234
0.237392 9.9955E-05 0.474178 0.000535796 9.9955E-05 0.0317478 0.0152268 0.00741525 0.179386 9.9955E-05 9.9955E-05 0.0068559 0.00513653 9.9955E-05 0.0416268
0.202931 9.99011E-05 0.262056 9.99011E-05 9.99011E-05 0.51963 9.99011E-05 9.99011E-05 9.99011E-05 9.99011E-05 9.99011E-05 9.99011E-05 9.99011E-05 9.99011E-05 0.0142837
9.9937E-05 9.9937E-05 0.389055 0.0562154 9.9937E-05 0.152936 0.0102808 0.0796804 9.9937E-05 9.9937E-05 0.13713 9.9937E-05 9.9937E-05 0.0209755 0.153028
0.298907 9.9946E-05 9.9946E-05 9.9946E-05 9.9946E-05 0.197098 0.0105699 9.9946E-05 0.0272021 0.0499214 0.0321147 0.00974431 0.0035741 9.9946E-05 0.370268
9.9874E-05 9.9874E-05 9.9874E-05 9.9874E-05 9.9874E-05 9.9874E-05 9.9874E-05 9.9874E-05 0.998602 9.9874E-05 9.9874E-05 9.9874E-05 9.9874E-05 9.9874E-05 9.9874E-05
0.0805881 0.129097 9.9937E-05 0.177922 9.9937E-05 0.281192 9.9937E-05 9.9937E-05 0.268997 0.0173403 9.9937E-05 0.00906408 9.9937E-05 9.9937E-05 0.0350996
9.98831E-05 9.98831E-05 0.950559 9.98831E-05 0.0481423 9.98831E-05 9.98831E-05 9.98831E-05 9.98831E-05 9.98831E-05 9.98831E-05 9.98831E-05 9.98831E-05 9.98831E-05 9.98831E-05
9.98741E-05 9.98741E-05 0.998602 9.98741E-05 9.98741E-05 9.98741E-05 9.98741E-05 9.98741E-05 9.98741E-05 9.98741E-05 9.98741E-05 9.98741E-05 9.98741E-05 9.98741E-05 9.98741E-05
9.9874E-05 9.9874E-05 9.9874E-05 9.9874E-05 9.9874E-05 0.998602 9.9874E-05 9.9874E-05 9.9874E-05 9.9874E-05 9.9874E-05 9.9874E-05 9.9874E-05 9.9874E-05 9.9874E-05
0.222159 9.9955E-05 9.9955E-05 0.107406 0.0348483 0.289243 9.9955E-05 9.9955E-05 0.0305465 0.026247 9.9955E-05 0.0215229 0.00845369 0.0289588 0.230116
0.221549 0.0882353 9.9937E-05 0.0707562 9.9937E-05 0.248127 9.9937E-05 0.227622 0.0951415 9.9937E-05 9.9937E-05 0.0379975 0.00987146 9.9937E-05 9.9937E-05
9.98921E-05 9.98921E-05 9.98921E-05 9.98921E-05 9.98921E-05 9.98921E-05 0.0674395 0.00205589 9.98921E-05 9.98921E-05 9.98921E-05 9.98921E-05 9.98921E-05 9.98921E-05 0.929306
0.00823288 9.9946E-05 0.125028 0.13793 0.0459502 9.9946E-05 0.0415138 9.9946E-05 9.9946E-05 0.00574526 0.0250894 9.9946E-05 9.9946E-05 0.0415884 0.568322
0.0282255 0.0621225 0.0104584 0.099938 9.9946E-05 0.0251152 9.9946E-05 0.0354743 9.9946E-05 0.0104128 0.00925572 9.9946E-05 9.9946E-05 9.9946E-05 0.718398
9.98741E-05 9.98741E-05 9.98741E-05 9.98741E-05 9.98741E-05 9.98741E-05 9.98741E-05 9.98741E-05 9.98741E-05 9.98741E-05 9.98741E-05 9.98741E-05 9.98741E-05 9.98741E-05 0.998602
9.98831E-05 9.98831E-05 9.98831E-05 0.0509585 9.98831E-05 9.98831E-05 9.98831E-05 0.947743 9.98831E-05 9.98831E-05 9.98831E-05 9.98831E-05 9.98831E-05 9.98831E-05 9.98831E-05
9.98741E-05 9.98741E-05 9.98741E-05 9.98741E-05 9.98741E-05 9.98741E-05 9.98741E-05 0.998602 9.98741E-05 9.98741E-05 9.98741E-05 9.98741E-05 9.98741E-05 9.98741E-05 9.98741E-05
9.991E-05 9.991E-05 9.991E-05 0.113685 9.991E-05 9.991E-05 9.991E-05 9.991E-05 9.991E-05 0.652032 0.0916021 9.991E-05 9.991E-05 0.0383218 0.103361
9.991E-05 9.991E-05 9.991E-05 9.991E-05 9.991E-05 0.0265028 0.174047 9.991E-05 9.991E-05 0.72566 0.037448 9.991E-05 9.991E-05 9.991E-05 0.0353441
0.0707612 9.991E-05 9.991E-05 9.991E-05 9.991E-05 9.991E-05 9.991E-05 0.163728 0.0241649 0.597554 9.991E-05 9.991E-05 9.991E-05 9.991E-05 0.142793
9.99011E-05 9.99011E-05 9.99011E-05 0.0276247 9.99011E-05 9.99011E-05 9.99011E-05 0.00623976 9.99011E-05 0.956418 9.99011E-05 9.99011E-05 9.99011E-05 0.00861851 9.99011E-05
9.9919E-05 9.9919E-05 0.0277165 9.9919E-05 0.203966 9.9919E-05 9.9919E-05 9.9919E-05 0.0962474 0.637774 0.0100657 0.0233315 9.9919E-05 9.9919E-05 9.9919E-05
9.9919E-05 9.9919E-05 0.0682864 9.9919E-05 9.9919E-05 9.9919E-05 0.0181327 0.0226828 9.9919E-05 0.824313 9.9919E-05 0.0315419 9.9919E-05 9.9919E-05 0.0341435
9.99011E-05 9.99011E-05 9.99011E-05 9.99011E-05 9.99011E-05 9.99011E-05 0.0243274 9.99011E-05 0.0282381 0.941203 9.99011E-05 9.99011E-05 0.00513292 9.99011E-05 9.99011E-05
9.9928E-05 9.9928E-05 0.0801509 0.257003 9.9928E-05 9.9928E-05 0.0084512 9.9928E-05 9.9928E-05 0.532412 9.9928E-05 0.0633004 0.0279302 9.9928E-05 0.0299522
9.99011E-05 0.00576069 9.99011E-05 9.99011E-05 9.99011E-05 9.99011E-05 9.99011E-05 0.0957441 9.99011E-05 0.895512 0.00188392 9.99011E-05 9.99011E-05 9.99011E-05 9.99011E-05
0.0666822 9.9955E-05 9.9955E-05 0.353302 9.9955E-05 0.00983568 0.0525564 9.9955E-05 0.0459685 0.174292 0.0935112 0.0781768 9.9955E-05 0.0703655 0.0548094
9.9928E-05 9.9928E-05 9.9928E-05 0.0624022 9.9928E-05 0.0100606 9.9928E-05 0.136645 9.9928E-05 0.604372 0.00575754 9.9928E-05 9.9928E-05 0.0377903 0.142173
9.9919E-05 9.9919E-05 9.9919E-05 9.9919E-05 9.9919E-05 0.127304 0.127298 9.9919E-05 9.9919E-05 0.613661 0.0554525 9.9919E-05 0.0159193 9.9919E-05 0.0594651
0.01095 9.99281E-05 9.99281E-05 0.18216 9.99281E-05 9.99281E-05 0.515149 0.110791 0.100773 0.0554356 9.99281E-05 9.99281E-05 9.99281E-05 0.0239412 9.99281E-05
0.134871 0.000443599 9.9937E-05 0.048618 9.9937E-05 9.9937E-05 0.196688 0.124052 9.9937E-05 9.9937E-05 0.47367 9.9937E-05 0.0105231 9.9937E-05 0.0104344
9.99371E-05 9.99371E-05 9.99371E-05 0.0304795 9.99371E-05 0.0269584 0.00731789 9.99371E-05 0.00931348 0.22315 0.64109 0.0235907 0.0374 9.99371E-05 9.99371E-05
9.98831E-05 9.98831E-05 9.98831E-05 9.98831E-05 9.98831E-05 9.98831E-05 9.98831E-05 0.00171328 9.98831E-05 9.98831E-05 0.996988 9.98831E-05 9.98831E-05 9.98831E-05 9.98831E-05
9.9928E-05 9.9928E-05 9.9928E-05 9.9928E-05 0.0121573 9.9928E-05 0.0433377 9.9928E-05 0.0203443 0.0081708 0.498938 9.9928E-05 9.9928E-05 0.0969701 0.319282
0.0218221 9.9928E-05 9.9928E-05 0.0559367 0.0567379 9.9928E-05 9.9928E-05 9.9928E-05 9.9928E-05 0.405679 0.418122 9.9928E-05 9.9928E-05 0.0404922 0.000410731
9.991E-05 0.00944711 9.991E-05 0.068262 9.991E-05 9.991E-05 0.814474 0.0156312 9.991E-05 9.991E-05 0.0911865 9.991E-05 9.991E-05 9.991E-05 9.991E-05
9.98921E-05 9.98921E-05 9.98921E-05 9.98921E-05 0.00417089 9.98921E-05 0.991845 9.98921E-05 9.98921E-05 9.98921E-05 0.00278502 9.98921E-05 9.98921E-05 9.98921E-05 9.98921E-05
9.99101E-05 9.99101E-05 9.99101E-05 0.095664 9.99101E-05 9.99101E-05 0.766041 0.0933341 9.99101E-05 9.99101E-05 0.0421656 9.99101E-05 0.00179666 9.99101E-05 9.99101E-05
9.9892E-05 9.9892E-05 0.0592976 9.9892E-05 9.9892E-05 9.9892E-05 0.869785 9.9892E-05 9.9892E-05 0.0697192 9.9892E-05 9.9892E-05 9.9892E-05 9.9892E-05 9.9892E-05
9.98921E-05 9.98921E-05 9.98921E-05 9.98921E-05 9.98921E-05 9.98921E-05 9.98921E-05 9.98921E-05 0.00495218 0.0365826 0.957266 9.98921E-05 9.98921E-05 9.98921E-05 9.98921E-05
9.99101E-05 9.99101E-05 0.00539742 9.99101E-05 9.99101E-05 9.99101E-05 9.99101E-05 9.99101E-05 9.99101E-05 9.99101E-05 0.939666 0.00450299 0.0434719 0.0059629 9.99101E-05
9.99101E-05 9.99101E-05 0.0893998 0.707757 9.99101E-05 9.99101E-05 9.99101E-05 0.122966 9.99101E-05 9.99101E-05 0.0763998 9.99101E-05 9.99101E-05 0.00247858 9.99101E-05
0.086454 9.9928E-05 0.0613196 0.485985 0.0638342 9.9928E-05 9.9928E-05 0.19787 9.9928E-05 0.0609724 0.0427654 9.9928E-05 9.9928E-05 9.9928E-05 9.9928E-05
9.9937E-05 0.0523667 9.9937E-05 0.62983 0.00718481 9.9937E-05 9.9937E-05 0.0112241 9.9937E-05 9.9937E-05 0.1483 0.0165537 9.9937E-05 0.0114833 0.122358
0.0119934 9.9937E-05 0.0946885 0.579442 0.168403 9.9937E-05 9.9937E-05 0.0383818 9.9937E-05 0.101241 9.9937E-05 0.00425309 9.9937E-05 9.9937E-05 0.000898453
9.9919E-05 9.9919E-05 9.9919E-05 0.662074 9.9919E-05 0.00722499 0.189312 0.0733429 0.0413737 9.9919E-05 9.9919E-05 9.9919E-05 9.9919E-05 9.9919E-05 0.0257731
9.99281E-05 9.99281E-05 9.99281E-05 0.464521 9.99281E-05 9.99281E-05 0.000654058 9.99281E-05 9.99281E-05 0.38621 0.00242425 0.0190248 0.0806439 0.0457229 9.99281E-05
0.0303586 9.9928E-05 0.0197322 0.762037 0.0032877 9.9928E-05 0.0885031 9.9928E-05 9.9928E-05 0.078904 9.9928E-05 0.016378 9.9928E-05 9.9928E-05 9.9928E-05
9.98833E-05 9.98833E-05 9.98833E-05 0.971186 9.98833E-05 9.98833E-05 9.98833E-05 9.98833E-05 9.98833E-05 9.98833E-05 9.98833E-05 9.98833E-05 0.0275154 9.98833E-05 9.98833E-05
9.99144E-05 9.99144E-05 9.99144E-05 0.848563 9.99144E-05 9.99144E-05 0.0314987 9.99144E-05 0.0494432 0.0650265 9.99144E-05 9.99144E-05 0.0044693 9.99144E-05 9.99144E-05
0.00206997 9.98922E-05 9.98922E-05 0.978176 9.98922E-05 9.98922E-05 9.98922E-05 9.98922E-05 9.98922E-05 9.98922E-05 9.98922E-05 9.98922E-05 9.98922E-05 9.98922E-05 0.0185558
0.0446492 9.9901E-05 9.9901E-05 0.945096 9.9901E-05 9.9901E-05 9.9901E-05 9.9901E-05 9.9901E-05 9.9901E-05 9.9901E-05 9.9901E-05 0.00679355 0.00236263 9.9901E-05
9.99011E-05 9.99011E-05 0.0193622 0.936793 9.99011E-05 9.99011E-05 9.99011E-05 9.99011E-05 9.99011E-05 9.99011E-05 9.99011E-05 9.99011E-05 9.99011E-05 0.00735372 0.0353923
9.99011E-05 9.99011E-05 0.00488118 0.982916 0.00518427 9.99011E-05 9.99011E-05 9.99011E-05 9.99011E-05 9.99011E-05 9.99011E-05 9.99011E-05 0.00592 9.99011E-05 9.99011E-05
9.98831E-05 9.98831E-05 9.98831E-05 0.950761 9.98831E-05 9.98831E-05 9.98831E-05 9.98831E-05 9.98831E-05 9.98831E-05 0.0479401 9.98831E-05 9.98831E-05 9.98831E-05 9.98831E-05
9.98922E-05 9.98922E-05 9.98922E-05 0.911097 9.98922E-05 9.98922E-05 9.98922E-05 9.98922E-05 0.0206436 0.0670608 9.98922E-05 9.98922E-05 9.98922E-05 9.98922E-05 9.98922E-05
9.99191E-05 0.100943 9.99191E-05 0.586861 9.99191E-05 0.00103627 9.99191E-05 0.0934881 9.99191E-05 0.185215 9.99191E-05 9.99191E-05 0.0315579 9.99191E-05 9.99191E-05
9.98921E-05 9.98921E-05 9.98921E-05 0.918273 9.98921E-05 9.98921E-05 9.98921E-05 9.98921E-05 9.98921E-05 9.98921E-05 0.0527095 9.98921E-05 9.98921E-05 0.0278192 9.98921E-05
9.993E-05 9.993E-05 9.993E-05 0.536354 9.993E-05 0.0180578 0.195183 0.00858277 9.993E-05 0.0675272 9.993E-05 0.0797722 0.0516121 9.993E-05 0.042211
9.9937E-05 9.9937E-05 0.0618286 0.343552 0.0148858 0.0260694 0.0087444 9.9937E-05 9.9937E-05 0.0251664 9.9937E-05 9.9937E-05 0.518628 9.9937E-05 0.000425666
9.98741E-05 9.98741E-05 9.98741E-05 9.98741E-05 9.98741E-05 9.98741E-05 9.98741E-05 9.98741E-05 9.98741E-05 9.98741E-05 9.98741E-05 9.98741E-05 0.998602 9.98741E-05 9.98741E-05
0.0464847 9.9955E-05 9.9955E-05 0.57742 0.00117064 0.00920629 0.133595 9.9955E-05 9.9955E-05 0.0979492 9.9955E-05 0.0320377 0.0437204 0.0157887 0.0421283
