9.98831E-05 0.998702 9.98831E-05 9.98831E-05 9.98831E-05 9.98831E-05 9.98831E-05 9.98831E-05 9.98831E-05 9.98831E-05 9.98831E-05 9.98831E-05 9.98831E-05 9.98831E-05
0.0108727 0.0337873 0.821565 9.9946E-05 9.9946E-05 9.9946E-05 0.0741331 0.00222652 9.9946E-05 9.9946E-05 9.9946E-05 0.0196061 0.0214756 0.0157336
9.98831E-05 9.98831E-05 9.98831E-05 9.98831E-05 9.98831E-05 9.98831E-05 9.98831E-05 9.98831E-05 9.98831E-05 9.98831E-05 9.98831E-05 9.98831E-05 0.998702 9.98831E-05
9.991E-05 9.991E-05 9.991E-05 0.034718 9.991E-05 9.991E-05 9.991E-05 9.991E-05 0.110786 9.991E-05 0.00642558 9.991E-05 0.847071 9.991E-05
0.0404563 9.99101E-05 0.905665 9.99101E-05 9.99101E-05 9.99101E-05 9.99101E-05 9.99101E-05 0.0526027 9.99101E-05 9.99101E-05 9.99101E-05 0.000277033 9.99101E-05
9.9919E-05 0.0910057 0.795531 0.0318196 9.9919E-05 9.9919E-05 9.9919E-05 0.0512915 9.9919E-05 9.9919E-05 9.9919E-05 9.9919E-05 0.0294534 9.9919E-05
9.99101E-05 0.0730009 0.747387 9.99101E-05 9.99101E-05 0.0758282 9.99101E-05 9.99101E-05 9.99101E-05 0.102785 9.99101E-05 9.99101E-05 9.99101E-05 9.99101E-05
9.99011E-05 9.99011E-05 0.96266 0.019033 9.99011E-05 9.99011E-05 9.99011E-05 9.99011E-05 0.0172077 9.99011E-05 9.99011E-05 9.99011E-05 9.99011E-05 9.99011E-05
9.99191E-05 9.99191E-05 0.515719 0.0170698 9.99191E-05 9.99191E-05 9.99191E-05 9.99191E-05 9.99191E-05 0.0563455 9.99191E-05 0.30144 0.108526 9.99191E-05
9.9928E-05 0.0532523 0.354212 9.9928E-05 0.276846 9.9928E-05 0.130505 9.9928E-05 9.9928E-05 9.9928E-05 9.9928E-05 9.9928E-05 0.134744 0.0496401
9.99011E-05 9.99011E-05 9.99011E-05 9.99011E-05 9.99011E-05 9.99011E-05 9.99011E-05 0.963536 0.0325592 9.99011E-05 9.99011E-05 9.99011E-05 9.99011E-05 0.00280584
9.98921E-05 9.98921E-05 9.98921E-05 9.98921E-05 9.98921E-05 0.034811 9.98921E-05 9.98921E-05 9.98921E-05 9.98921E-05 0.96399 9.98921E-05 9.98921E-05 9.98921E-05
9.98921E-05 9.98921E-05 0.0944468 9.98921E-05 9.98921E-05 9.98921E-05 9.98921E-05 0.904354 9.98921E-05 9.98921E-05 9.98921E-05 9.98921E-05 9.98921E-05 9.98921E-05
9.9928E-05 9.9928E-05 9.9928E-05 0.0799556 9.9928E-05 9.9928E-05 9.9928E-05 9.9928E-05 0.0741834 0.051204 0.679726 9.9928E-05 0.0600613 0.0540701
0.0422059 9.9928E-05 9.9928E-05 9.9928E-05 0.167721 9.9928E-05 9.9928E-05 0.70029 9.9928E-05 9.9928E-05 0.020761 9.9928E-05 0.0354489 0.0327733
9.9919E-05 0.0135327 9.9919E-05 9.9919E-05 9.9919E-05 9.9919E-05 9.9919E-05 0.00475328 0.0239945 9.9919E-05 0.950378 9.9919E-05 9.9919E-05 0.00644182
9.98921E-05 9.98921E-05 9.98921E-05 0.895497 9.98921E-05 9.98921E-05 9.98921E-05 0.103304 9.98921E-05 9.98921E-05 9.98921E-05 9.98921E-05 9.98921E-05 9.98921E-05
9.9928E-05 9.9928E-05 9.9928E-05 0.146304 9.9928E-05 9.9928E-05 0.0945782 9.9928E-05 0.0208726 9.9928E-05 0.570108 0.157221 0.0101157 9.9928E-05
0.0520407 9.9937E-05 9.9937E-05 0.065874 9.9937E-05 0.107211 9.9937E-05 0.639597 9.9937E-05 0.024847 0.094309 9.9937E-05 9.9937E-05 0.0154216
0.0773699 9.99281E-05 0.00710523 0.0258201 9.99281E-05 9.99281E-05 9.99281E-05 9.99281E-05 0.0398372 9.99281E-05 0.847119 9.99281E-05 0.00194949 9.99281E-05
0.178943 0.0431938 9.9946E-05 0.297375 9.9946E-05 9.9946E-05 0.0340839 0.121259 0.00677272 9.9946E-05 0.315412 9.9946E-05 0.0023603 9.9946E-05
9.9919E-05 9.9919E-05 0.22776 9.9919E-05 9.9919E-05 9.9919E-05 0.00962711 9.9919E-05 0.0321579 9.9919E-05 0.714751 9.9919E-05 0.0148043 9.9919E-05
9.99101E-05 0.0797516 9.99101E-05 0.124811 9.99101E-05 9.99101E-05 9.99101E-05 0.641071 9.99101E-05 9.99101E-05 0.153368 9.99101E-05 9.99101E-05 9.99101E-05
9.98801E-05 9.98801E-05 9.98801E-05 0.988168 0.0106334 9.98801E-05 9.98801E-05 9.98801E-05 9.98801E-05 9.98801E-05 9.98801E-05 9.98801E-05 9.98801E-05 9.98801E-05
0.292223 9.9928E-05 9.9928E-05 0.0641253 9.9928E-05 9.9928E-05 0.0679041 0.347945 9.9928E-05 9.9928E-05 0.215956 9.9928E-05 0.0110472 9.9928E-05
9.9946E-05 0.102091 9.9946E-05 9.9946E-05 0.0653101 0.0729609 0.145463 0.00293692 9.9946E-05 9.9946E-05 0.581217 0.00834392 9.9946E-05 0.021077
9.9919E-05 9.9919E-05 9.9919E-05 9.9919E-05 0.141804 9.9919E-05 9.9919E-05 0.31652 0.182979 9.9919E-05 0.191363 0.166434 9.9919E-05 9.9919E-05
0.150066 9.9928E-05 9.9928E-05 9.9928E-05 9.9928E-05 9.9928E-05 0.299616 0.388326 9.9928E-05 9.9928E-05 0.0868168 9.9928E-05 0.0651876 0.0091881
0.119432 0.0135794 9.9946E-05 9.9946E-05 0.0505624 0.0260054 0.206705 0.21374 9.9946E-05 9.9946E-05 0.334322 0.0350551 9.9946E-05 9.9946E-05
9.9919E-05 9.9919E-05 9.9919E-05 9.9919E-05 0.0226253 0.0126595 0.115192 0.813264 9.9919E-05 9.9919E-05 9.9919E-05 0.0353598 9.9919E-05 9.9919E-05
9.98831E-05 9.98831E-05 9.98831E-05 9.98831E-05 9.98831E-05 9.98831E-05 9.98831E-05 9.98831E-05 9.98831E-05 9.98831E-05 9.98831E-05 0.998702 9.98831E-05 9.98831E-05
9.9901E-05 0.00767719 9.9901E-05 9.9901E-05 9.9901E-05 9.9901E-05 9.9901E-05 9.9901E-05 9.9901E-05 9.9901E-05 0.00585673 0.985367 9.9901E-05 9.9901E-05
0.737315 9.9919E-05 9.9919E-05 9.9919E-05 0.0218252 0.090128 0.111773 9.9919E-05 9.9919E-05 0.0380603 9.9919E-05 9.9919E-05 9.9919E-05 9.9919E-05
9.98831E-05 9.98831E-05 9.98831E-05 9.98831E-05 0.998702 9.98831E-05 9.98831E-05 9.98831E-05 9.98831E-05 9.98831E-05 9.98831E-05 9.98831E-05 9.98831E-05 9.98831E-05
0.887039 9.9901E-05 9.9901E-05 9.9901E-05 9.9901E-05 9.9901E-05 9.9901E-05 0.0826591 9.9901E-05 9.9901E-05 9.9901E-05 0.0292031 9.9901E-05 9.9901E-05
9.98831E-05 9.98831E-05 9.98831E-05 9.98831E-05 9.98831E-05 9.98831E-05 9.98831E-05 9.98831E-05 9.98831E-05 0.998702 9.98831E-05 9.98831E-05 9.98831E-05 9.98831E-05
0.730313 0.0579777 0.15194 9.9919E-05 9.9919E-05 0.0209399 9.9919E-05 9.9919E-05 0.0379294 9.9919E-05 9.9919E-05 9.9919E-05 9.9919E-05 9.9919E-05
9.99011E-05 9.99011E-05 9.99011E-05 0.016237 9.99011E-05 9.99011E-05 9.99011E-05 0.0466573 9.99011E-05 0.936007 9.99011E-05 9.99011E-05 9.99011E-05 9.99011E-05
0.777475 9.99011E-05 9.99011E-05 9.99011E-05 9.99011E-05 9.99011E-05 9.99011E-05 9.99011E-05 0.138415 0.0830112 9.99011E-05 9.99011E-05 9.99011E-05 9.99011E-05
0.529274 0.0361489 9.9946E-05 9.9946E-05 0.00154293 9.9946E-05 0.210668 0.070815 0.0851327 0.0497575 9.9946E-05 9.9946E-05 9.9946E-05 0.0160604
0.61332 9.9928E-05 0.0160499 0.0067963 0.0284522 9.9928E-05 9.9928E-05 9.9928E-05 9.9928E-05 0.148366 9.9928E-05 0.186216 9.9928E-05 9.9928E-05
9.9946E-05 0.061959 9.9946E-05 9.9946E-05 0.264952 0.119835 0.293189 9.9946E-05 0.0145662 0.164483 0.047319 9.9946E-05 0.033097 9.9946E-05
0.861922 9.99011E-05 9.99011E-05 9.99011E-05 0.110756 9.99011E-05 0.0262232 9.99011E-05 9.99011E-05 9.99011E-05 9.99011E-05 9.99011E-05 9.99011E-05 9.99011E-05
9.9901E-05 9.9901E-05 9.9901E-05 9.9901E-05 0.976349 9.9901E-05 0.00546437 9.9901E-05 9.9901E-05 0.0170877 9.9901E-05 9.9901E-05 9.9901E-05 9.9901E-05
9.99281E-05 9.99281E-05 9.99281E-05 9.99281E-05 0.19587 9.99281E-05 0.229447 0.0428765 0.361111 9.99281E-05 9.99281E-05 0.151419 0.0184766 9.99281E-05
0.0227613 0.00937152 0.00179756 9.9946E-05 9.9946E-05 0.879073 9.9946E-05 0.0592392 0.0115246 9.9946E-05 9.9946E-05 0.0136391 9.9946E-05 0.00199404
0.0157578 9.99281E-05 9.99281E-05 0.0684778 0.156191 0.700499 0.040435 9.99281E-05 9.99281E-05 9.99281E-05 9.99281E-05 9.99281E-05 9.99281E-05 0.0178401
9.991E-05 9.991E-05 9.991E-05 9.991E-05 9.991E-05 0.941689 9.991E-05 9.991E-05 0.00189869 0.0150496 9.991E-05 0.0403633 9.991E-05 9.991E-05
0.229623 9.9928E-05 0.0500987 9.9928E-05 0.00084894 0.566583 9.9928E-05 9.9928E-05 9.9928E-05 9.9928E-05 0.0893398 9.9928E-05 0.0627079 9.9928E-05
0.402538 0.0326007 9.9937E-05 9.9937E-05 0.0150807 0.41083 0.0729073 9.9937E-05 9.9937E-05 0.00891259 9.9937E-05 9.9937E-05 0.0564311 9.9937E-05
9.991E-05 9.991E-05 9.991E-05 9.991E-05 9.991E-05 0.212379 0.0892161 9.991E-05 0.616328 9.991E-05 9.991E-05 0.081078 9.991E-05 9.991E-05
9.98921E-05 9.98921E-05 0.00765904 9.98921E-05 9.98921E-05 9.98921E-05 9.98921E-05 9.98921E-05 0.991142 9.98921E-05 9.98921E-05 9.98921E-05 9.98921E-05 9.98921E-05
9.99191E-05 0.0298696 9.99191E-05 9.99191E-05 9.99191E-05 0.170314 0.0921197 9.99191E-05 0.703793 9.99191E-05 9.99191E-05 9.99191E-05 9.99191E-05 0.00300469
9.991E-05 9.991E-05 9.991E-05 9.991E-05 0.0248956 9.991E-05 0.0078844 9.991E-05 0.950112 0.0161091 9.991E-05 9.991E-05 9.991E-05 9.991E-05
9.99011E-05 9.99011E-05 9.99011E-05 9.99011E-05 0.0633266 0.870916 0.0646581 9.99011E-05 9.99011E-05 9.99011E-05 9.99011E-05 9.99011E-05 9.99011E-05 9.99011E-05
9.98921E-05 9.98921E-05 9.98921E-05 9.98921E-05 9.98921E-05 0.982303 9.98921E-05 9.98921E-05 9.98921E-05 9.98921E-05 9.98921E-05 9.98921E-05 9.98921E-05 0.0164982
0.0400157 9.99371E-05 0.0674876 9.99371E-05 0.00182172 0.0954961 0.775729 9.99371E-05 9.99371E-05 9.99371E-05 9.99371E-05 0.00506772 9.99371E-05 0.0136826
0.0448501 0.002252 0.0137848 9.9946E-05 9.9946E-05 0.0677268 0.660938 9.9946E-05 9.9946E-05 0.0272898 0.148822 0.0337366 9.9946E-05 9.9946E-05
0.100888 9.9937E-05 0.0321665 0.0333322 9.9937E-05 9.9937E-05 0.642515 9.9937E-05 0.0734608 9.9937E-05 9.9937E-05 0.0923979 0.0245404 9.9937E-05
0.0942737 0.0324214 0.134261 9.9937E-05 0.028085 0.0500196 0.649654 0.0105858 9.9937E-05 9.9937E-05 9.9937E-05 9.9937E-05 9.9937E-05 9.9937E-05
9.9928E-05 9.9928E-05 9.9928E-05 9.9928E-05 9.9928E-05 0.0779713 0.749898 9.9928E-05 0.0659221 0.0554896 0.0304204 0.0194993 9.9928E-05 9.9928E-05
9.9946E-05 9.9946E-05 0.00335377 9.9946E-05 0.0186377 0.00737963 0.399088 0.00423586 9.9946E-05 0.438842 9.9946E-05 9.9946E-05 0.0276979 0.100165
9.99191E-05 0.0174905 9.99191E-05 9.99191E-05 0.111192 0.00153643 0.786506 9.99191E-05 9.99191E-05 0.082376 9.99191E-05 9.99191E-05 9.99191E-05 9.99191E-05
9.98922E-05 9.98922E-05 9.98922E-05 9.98922E-05 9.98922E-05 9.98922E-05 0.977609 9.98922E-05 9.98922E-05 9.98922E-05 9.98922E-05 9.98922E-05 9.98922E-05 0.0211921
0.0626843 9.9919E-05 9.9919E-05 0.0262513 9.9919E-05 9.9919E-05 0.803429 9.9919E-05 9.9919E-05 0.0673826 0.0393537 9.9919E-05 9.9919E-05 9.9919E-05
9.98921E-05 9.98921E-05 9.98921E-05 0.00514863 9.98921E-05 9.98921E-05 0.993653 9.98921E-05 9.98921E-05 9.98921E-05 9.98921E-05 9.98921E-05 9.98921E-05 9.98921E-05
9.98831E-05 9.98831E-05 9.98831E-05 9.98831E-05 9.98831E-05 9.98831E-05 0.998702 9.98831E-05 9.98831E-05 9.98831E-05 9.98831E-05 9.98831E-05 9.98831E-05 9.98831E-05
9.9928E-05 9.9928E-05 9.9928E-05 9.9928E-05 9.9928E-05 9.9928E-05 0.965819 0.0033092 0.00154711 9.9928E-05 0.0259085 9.9928E-05 0.00121068 0.00140588
0.024291 9.98921E-05 9.98921E-05 9.98921E-05 9.98921E-05 9.98921E-05 0.97451 9.98921E-05 9.98921E-05 9.98921E-05 9.98921E-05 9.98921E-05 9.98921E-05 9.98921E-05
9.99011E-05 9.99011E-05 9.99011E-05 9.99011E-05 9.99011E-05 9.99011E-05 0.972183 9.99011E-05 0.00642769 9.99011E-05 9.99011E-05 9.99011E-05 0.0202905 9.99011E-05
0.0213764 9.99191E-05 9.99191E-05 0.0229248 9.99191E-05 9.99191E-05 0.920312 9.99191E-05 9.99191E-05 9.99191E-05 9.99191E-05 0.0265285 9.99191E-05 0.00795947
0.157752 9.99281E-05 0.0769806 9.99281E-05 9.99281E-05 9.99281E-05 0.545589 9.99281E-05 9.99281E-05 0.0848063 9.99281E-05 0.109481 9.99281E-05 0.0245914
9.99011E-05 9.99011E-05 9.99011E-05 9.99011E-05 9.99011E-05 0.0456296 0.895737 9.99011E-05 9.99011E-05 9.99011E-05 9.99011E-05 9.99011E-05 0.0575347 9.99011E-05
0.0924958 0.0570715 9.9955E-05 0.0205353 0.000524284 9.9955E-05 0.579804 9.9955E-05 0.141577 0.0500519 0.00289508 9.9955E-05 9.9955E-05 0.0545453
0.0338727 9.9973E-05 0.00715757 9.9973E-05 0.0149159 0.00454275 0.298885 0.0421373 0.0513879 0.00926447 0.0310228 0.000907926 9.9973E-05 0.505606
9.98831E-05 9.98831E-05 9.98831E-05 9.98831E-05 9.98831E-05 9.98831E-05 9.98831E-05 9.98831E-05 9.98831E-05 9.98831E-05 9.98831E-05 9.98831E-05 9.98831E-05 0.998702
9.9955E-05 0.0037632 9.9955E-05 0.0295018 0.171435 9.9955E-05 0.598575 0.0637374 0.0752822 0.0219648 9.9955E-05 9.9955E-05 0.0134825 0.0217581
