9.99101E-05 9.99101E-05 9.99101E-05 9.99101E-05 9.99101E-05 9.99101E-05 9.99101E-05 9.99101E-05 9.99101E-05 9.99101E-05 0.999001
0.10544 9.9937E-05 0.089483 9.9937E-05 9.9937E-05 9.9937E-05 9.9937E-05 9.9937E-05 0.0103792 9.9937E-05 0.793998
9.99101E-05 9.99101E-05 9.99101E-05 0.999001 9.99101E-05 9.99101E-05 9.99101E-05 9.99101E-05 9.99101E-05 9.99101E-05 9.99101E-05
0.11458 9.9928E-05 9.9928E-05 0.702971 9.9928E-05 9.9928E-05 9.9928E-05 9.9928E-05 9.9928E-05 0.18165 9.9928E-05
9.9964E-05 0.0464192 0.0399655 0.0221643 0.0413522 9.9964E-05 0.0610319 9.9964E-05 0.00628844 9.9964E-05 0.782379
0.0104056 9.9937E-05 9.9937E-05 9.9937E-05 9.9937E-05 9.9937E-05 0.0376842 0.0145877 9.9937E-05 9.9937E-05 0.936623
9.9937E-05 9.9937E-05 9.9937E-05 9.9937E-05 0.0988213 0.0332776 0.0481179 9.9937E-05 9.9937E-05 9.9937E-05 0.819084
9.9946E-05 0.0252088 9.9946E-05 9.9946E-05 0.0319359 9.9946E-05 9.9946E-05 0.142691 9.9946E-05 0.0520048 0.747559
9.9955E-05 9.9955E-05 0.0522467 0.12691 0.272012 0.0139644 9.9955E-05 0.0248112 9.9955E-05 9.9955E-05 0.509556
9.9982E-05 0.0466108 0.0101885 0.122263 0.0438798 0.130268 9.9982E-05 0.0917569 0.0318275 0.0331973 0.489809
0.972529 0.0265713 9.9919E-05 9.9919E-05 9.9919E-05 9.9919E-05 9.9919E-05 9.9919E-05 9.9919E-05 9.9919E-05 9.9919E-05
9.99191E-05 9.99191E-05 9.99191E-05 9.99191E-05 9.99191E-05 9.99191E-05 0.924254 0.0748464 9.99191E-05 9.99191E-05 9.99191E-05
0.0626829 0.036378 9.9937E-05 9.9937E-05 9.9937E-05 9.9937E-05 0.725602 9.9937E-05 9.9937E-05 9.9937E-05 0.174638
9.9946E-05 0.0151668 9.9946E-05 0.0803985 9.9946E-05 9.9946E-05 0.114362 0.744041 0.0454325 9.9946E-05 9.9946E-05
0.00415303 9.9964E-05 9.9964E-05 0.0717345 9.9964E-05 0.0345249 0.759509 0.0561655 0.0669067 9.9964E-05 0.00660664
0.509431 9.9946E-05 9.9946E-05 9.9946E-05 9.9946E-05 9.9946E-05 0.148126 0.308464 0.00143753 0.0319415 9.9946E-05
0.168787 9.9928E-05 9.9928E-05 9.9928E-05 9.9928E-05 9.9928E-05 0.169062 0.661352 9.9928E-05 9.9928E-05 9.9928E-05
0.00404144 9.9964E-05 0.114453 0.0595381 0.0510113 0.0316437 9.9964E-05 0.695329 9.9964E-05 0.0435838 9.9964E-05
9.9955E-05 9.9955E-05 9.9955E-05 9.9955E-05 0.0138975 0.0893687 0.59048 0.27678 0.0031883 0.0257859 9.9955E-05
0.0254959 0.0217419 9.9937E-05 0.0569354 9.9937E-05 9.9937E-05 9.9937E-05 0.895127 9.9937E-05 9.9937E-05 9.9937E-05
9.9955E-05 9.9955E-05 0.0353937 0.0481433 0.0784144 9.9955E-05 0.0339062 0.781524 9.9955E-05 9.9955E-05 0.0221189
0.745068 9.9946E-05 0.0775544 0.00593526 9.9946E-05 9.9946E-05 9.9946E-05 9.9946E-05 9.9946E-05 0.0118458 0.158997
0.999001 9.99101E-05 9.99101E-05 9.99101E-05 9.99101E-05 9.99101E-05 9.99101E-05 9.99101E-05 9.99101E-05 9.99101E-05 9.99101E-05
9.99101E-05 9.99101E-05 9.99101E-05 9.99101E-05 9.99101E-05 9.99101E-05 9.99101E-05 0.999001 9.99101E-05 9.99101E-05 9.99101E-05
9.9937E-05 0.120004 9.9937E-05 0.0530368 9.9937E-05 9.9937E-05 0.586909 0.23935 9.9937E-05 9.9937E-05 9.9937E-05
9.9964E-05 0.0114902 0.109568 9.9964E-05 0.00615979 0.0765921 0.271551 0.471731 9.9964E-05 9.9964E-05 0.0525087
9.9928E-05 9.9928E-05 9.9928E-05 9.9928E-05 9.9928E-05 0.109002 0.639715 9.9928E-05 9.9928E-05 0.250483 9.9928E-05
0.134116 9.9964E-05 0.352232 0.0569544 9.9964E-05 0.00936162 0.421011 9.9964E-05 0.0212906 0.00463363 9.9964E-05
9.9937E-05 9.9937E-05 0.171746 9.9937E-05 9.9937E-05 0.17717 0.633452 9.9937E-05 9.9937E-05 9.9937E-05 0.0169319
9.99191E-05 9.99191E-05 0.101958 9.99191E-05 9.99191E-05 9.99191E-05 0.897143 9.99191E-05 9.99191E-05 9.99191E-05 9.99191E-05
9.9937E-05 9.9937E-05 0.172744 0.173053 0.394608 0.258896 9.9937E-05 9.9937E-05 9.9937E-05 9.9937E-05 9.9937E-05
0.00306824 0.0263531 0.0439676 0.164404 0.331827 0.31537 0.105664 9.9973E-05 9.9973E-05 9.9973E-05 0.00904603
9.9946E-05 9.9946E-05 0.13538 0.028273 0.0269162 0.79205 0.0167814 9.9946E-05 9.9946E-05 9.9946E-05 9.9946E-05
9.9955E-05 0.057628 9.9955E-05 9.9955E-05 0.00026534 0.823503 9.9955E-05 0.0142801 9.9955E-05 0.0977859 0.00603831
0.103354 9.9928E-05 9.9928E-05 9.9928E-05 9.9928E-05 0.784346 0.1115 9.9928E-05 9.9928E-05 9.9928E-05 9.9928E-05
9.9937E-05 0.103834 9.9937E-05 9.9937E-05 9.9937E-05 0.856968 9.9937E-05 0.00150065 9.9937E-05 9.9937E-05 0.0369983
0.0267692 0.0151135 9.9973E-05 0.0405196 9.9973E-05 0.606574 9.9973E-05 0.0574517 0.00494383 0.044912 0.203416
0.0885591 9.9946E-05 0.0376805 9.9946E-05 9.9946E-05 0.821166 0.0418405 9.9946E-05 9.9946E-05 0.0101541 9.9946E-05
9.9946E-05 0.000812899 9.9946E-05 0.0166094 9.9946E-05 0.840064 9.9946E-05 9.9946E-05 0.0144734 0.12744 9.9946E-05
0.0263988 9.9964E-05 0.269197 0.0304861 9.9964E-05 0.440911 0.0927004 9.9964E-05 0.0441239 0.0957831 9.9964E-05
9.99101E-05 9.99101E-05 9.99101E-05 9.99101E-05 9.99101E-05 0.999001 9.99101E-05 9.99101E-05 9.99101E-05 9.99101E-05 9.99101E-05
0.0353635 0.0359993 0.257091 0.00605555 0.164814 0.264318 0.0802037 0.0914254 9.9982E-05 9.9982E-05 0.0645292
0.0137316 0.00632192 0.194112 0.0341872 0.00982942 0.732276 0.00914181 9.9964E-05 9.9964E-05 9.9964E-05 9.9964E-05
0.0743871 0.0365704 9.9955E-05 9.9955E-05 0.0300584 0.828586 0.015876 9.9955E-05 0.0140221 9.9955E-05 9.9955E-05
9.99101E-05 0.999001 9.99101E-05 9.99101E-05 9.99101E-05 9.99101E-05 9.99101E-05 9.99101E-05 9.99101E-05 9.99101E-05 9.99101E-05
9.997E-05 0.00801632 0.0405209 9.997E-05 0.666966 0.018575 0.0976334 9.997E-05 0.0151514 0.137071 0.0157667
9.99461E-05 9.99461E-05 0.0352902 9.99461E-05 0.549151 0.327498 9.99461E-05 9.99461E-05 0.043276 0.0441853 9.99461E-05
9.99101E-05 9.99101E-05 9.99101E-05 9.99101E-05 0.999001 9.99101E-05 9.99101E-05 9.99101E-05 9.99101E-05 9.99101E-05 9.99101E-05
9.9955E-05 9.9955E-05 9.9955E-05 0.0176498 0.268487 0.270039 0.163097 9.9955E-05 9.9955E-05 0.254684 0.0255428
9.9973E-05 0.168455 0.0842483 0.0462278 0.197981 0.375836 0.0235109 9.9973E-05 9.9973E-05 0.0739475 0.0294944
9.9946E-05 9.9946E-05 0.114673 9.9946E-05 0.262414 9.9946E-05 9.9946E-05 0.011165 9.9946E-05 0.606892 0.00425675
9.99101E-05 9.99101E-05 9.99101E-05 9.99101E-05 9.99101E-05 9.99101E-05 9.99101E-05 9.99101E-05 9.99101E-05 0.999001 9.99101E-05
9.99281E-05 9.99281E-05 0.116023 9.99281E-05 9.99281E-05 9.99281E-05 9.99281E-05 9.99281E-05 0.00716035 0.876017 9.99281E-05
0.0108558 0.0266339 0.0903826 9.9937E-05 9.9937E-05 9.9937E-05 9.9937E-05 9.9937E-05 9.9937E-05 0.871428 9.9937E-05
9.9919E-05 9.9919E-05 9.9919E-05 9.9919E-05 0.995813 9.9919E-05 9.9919E-05 9.9919E-05 0.0032882 9.9919E-05 9.9919E-05
9.99191E-05 9.99191E-05 9.99191E-05 9.99191E-05 0.973939 9.99191E-05 9.99191E-05 9.99191E-05 0.025162 9.99191E-05 9.99191E-05
9.9955E-05 0.0253954 0.834046 0.0127352 0.0258469 9.9955E-05 0.0616363 0.0398405 9.9955E-05 9.9955E-05 9.9955E-05
9.9955E-05 9.9955E-05 0.489135 0.02065 0.178206 9.9955E-05 0.281761 9.9955E-05 0.00653125 9.9955E-05 0.0232162
0.00848532 9.9946E-05 0.688999 9.9946E-05 0.224857 9.9946E-05 9.9946E-05 9.9946E-05 0.00265804 9.9946E-05 0.0744002
0.0750712 9.9955E-05 0.612243 9.9955E-05 0.0108935 0.141685 0.0200701 9.9955E-05 9.9955E-05 9.9955E-05 0.139537
9.9946E-05 0.00273802 0.790973 9.9946E-05 0.0480581 9.9946E-05 9.9946E-05 0.128085 9.9946E-05 0.0295464 9.9946E-05
9.9946E-05 9.9946E-05 0.474289 0.00177206 9.9946E-05 0.407138 9.9946E-05 9.9946E-05 0.104654 9.9946E-05 0.0115474
9.9955E-05 0.0566554 0.74073 9.9955E-05 0.094057 0.0534938 9.9955E-05 9.9955E-05 9.9955E-05 0.01374 0.0408242
9.99191E-05 9.99191E-05 0.972277 9.99191E-05 9.99191E-05 9.99191E-05 9.99191E-05 9.99191E-05 0.026824 9.99191E-05 9.99191E-05
9.9946E-05 9.9946E-05 0.827902 9.9946E-05 9.9946E-05 0.0713896 9.9946E-05 0.0689477 0.0163817 0.0147795 9.9946E-05
9.99281E-05 9.99281E-05 0.948409 9.99281E-05 9.99281E-05 9.99281E-05 0.00900433 9.99281E-05 9.99281E-05 0.0417873 9.99281E-05
9.9928E-05 0.0367148 0.914699 9.9928E-05 9.9928E-05 9.9928E-05 0.0477871 9.9928E-05 9.9928E-05 9.9928E-05 9.9928E-05
9.9928E-05 9.9928E-05 0.965816 0.00903543 9.9928E-05 9.9928E-05 0.0243495 9.9928E-05 9.9928E-05 9.9928E-05 9.9928E-05
9.9937E-05 9.9937E-05 0.928238 0.0269923 9.9937E-05 9.9937E-05 9.9937E-05 9.9937E-05 0.00993468 0.0341354 9.9937E-05
9.9928E-05 9.9928E-05 0.947866 0.0131204 0.0382142 9.9928E-05 9.9928E-05 9.9928E-05 9.9928E-05 9.9928E-05 9.9928E-05
9.99371E-05 0.0752501 0.914672 9.99371E-05 9.99371E-05 0.00403669 9.99371E-05 9.99371E-05 0.00534127 9.99371E-05 9.99371E-05
9.9946E-05 9.9946E-05 0.671982 9.9946E-05 9.9946E-05 0.191955 9.9946E-05 0.00899218 0.029061 9.9946E-05 0.0974101
9.9937E-05 0.016443 0.918679 0.0194259 0.0447528 9.9937E-05 9.9937E-05 9.9937E-05 9.9937E-05 9.9937E-05 9.9937E-05
0.0184824 0.0128447 0.611388 9.9964E-05 9.9964E-05 0.10029 9.9964E-05 9.9964E-05 0.0770051 0.164192 0.0153975
0.0772735 0.00718135 0.176996 0.0318628 0.033866 9.9982E-05 0.00167547 0.0208992 0.588204 0.0618419 9.9982E-05
9.99101E-05 9.99101E-05 9.99101E-05 9.99101E-05 9.99101E-05 9.99101E-05 9.99101E-05 9.99101E-05 0.999001 9.99101E-05 9.99101E-05
9.9964E-05 0.0178635 0.53512 0.058825 9.9964E-05 0.120169 0.133966 9.9964E-05 0.0429322 0.0907245 9.9964E-05
