9.994E-05 9.994E-05 9.994E-05 9.994E-05 0.9993 9.994E-05 9.994E-05 9.994E-05
9.9955E-05 9.9955E-05 0.0316226 9.9955E-05 0.864264 9.9955E-05 9.9955E-05 0.103614
0.9993 9.994E-05 9.994E-05 9.994E-05 9.994E-05 9.994E-05 9.994E-05 9.994E-05
0.777154 0.0408017 0.0437832 9.9964E-05 9.9964E-05 0.137861 9.9964E-05 9.9964E-05
0.0263737 0.140318 9.9973E-05 0.0399102 0.741283 9.9973E-05 9.9973E-05 0.0518148
0.0650784 9.9964E-05 9.9964E-05 0.0462318 0.829593 0.0586965 9.9964E-05 9.9964E-05
9.996E-05 0.0180385 0.0149676 9.996E-05 0.868941 9.996E-05 9.996E-05 0.0976528
9.9973E-05 0.0590003 0.00852508 0.0101917 0.864674 0.057309 9.9973E-05 9.9973E-05
0.217829 0.133177 9.9964E-05 9.9964E-05 0.500371 9.9964E-05 0.148223 9.9964E-05
0.136453 9.998E-05 0.0660466 0.121553 0.519264 9.998E-05 0.0288444 0.127639
0.0121861 0.000335665 0.050802 0.461367 9.9973E-05 0.475009 9.9973E-05 9.9973E-05
9.994E-05 9.994E-05 9.994E-05 0.9993 9.994E-05 9.994E-05 9.994E-05 9.994E-05
9.9955E-05 9.9955E-05 9.9955E-05 0.82596 0.126814 0.046726 9.9955E-05 9.9955E-05
0.039508 0.0124363 0.0403646 0.613561 0.00450671 0.23523 0.0240406 0.030352
0.11963 9.9955E-05 0.0431908 0.836679 9.9955E-05 9.9955E-05 9.9955E-05 9.9955E-05
9.9946E-05 9.9946E-05 9.9946E-05 0.503955 9.9946E-05 0.495446 9.9946E-05 9.9946E-05
9.994E-05 9.994E-05 9.994E-05 9.994E-05 9.994E-05 0.9993 9.994E-05 9.994E-05
9.9964E-05 9.9964E-05 0.000806076 9.9964E-05 9.9964E-05 0.682604 0.140751 0.175439
9.9973E-05 0.0238712 0.00423648 0.83905 9.9973E-05 0.0134936 0.119049 9.9973E-05
0.12359 0.00897623 9.9964E-05 9.9964E-05 9.9964E-05 0.865276 0.00175705 9.9964E-05
0.0751857 0.0111984 9.9991E-05 0.202144 0.0253303 0.557366 0.036249 0.0924264
0.041947 9.9973E-05 9.9973E-05 9.9973E-05 0.36052 0.471822 0.116051 0.00935904
9.9955E-05 9.9955E-05 0.0326218 0.0690732 9.9955E-05 0.897805 9.9955E-05 9.9955E-05
9.9946E-05 9.9946E-05 9.9946E-05 9.9946E-05 9.9946E-05 0.933355 9.9946E-05 0.0660456
0.00532481 9.9973E-05 9.9973E-05 0.794917 9.9973E-05 0.071065 0.0521301 0.0762627
9.9973E-05 0.0227416 9.9973E-05 0.770236 0.071149 0.0128407 9.9973E-05 0.122733
9.9973E-05 0.0843554 9.9973E-05 0.566058 9.9973E-05 0.0372063 0.230006 0.0820746
0.0108345 0.0295698 0.00461161 0.557 0.0350524 0.037055 0.0229085 0.302969
9.9955E-05 9.9955E-05 9.9955E-05 0.649201 9.9955E-05 9.9955E-05 0.163405 0.186894
9.9955E-05 0.00885766 9.9955E-05 0.791496 9.9955E-05 9.9955E-05 9.9955E-05 0.199147
0.190072 0.000293323 9.9964E-05 9.9964E-05 9.9964E-05 9.9964E-05 0.496361 0.312874
0.189848 0.125642 9.9982E-05 0.0945041 0.0424965 9.9982E-05 0.360447 0.186862
9.995E-05 9.995E-05 9.995E-05 0.0411031 9.995E-05 9.995E-05 0.812157 0.14624
9.995E-05 0.131764 9.995E-05 9.995E-05 9.995E-05 0.0887169 0.779019 9.995E-05
9.9946E-05 9.9946E-05 9.9946E-05 0.327806 9.9946E-05 9.9946E-05 0.671595 9.9946E-05
0.0113052 9.9964E-05 0.0276732 9.9964E-05 0.0113795 9.9964E-05 0.949242 9.9964E-05
0.0175731 9.9964E-05 9.9964E-05 9.9964E-05 0.217094 0.0578545 0.707078 9.9964E-05
9.9955E-05 9.9955E-05 9.9955E-05 9.9955E-05 9.9955E-05 0.0990112 0.885763 0.0147264
9.9964E-05 0.0155625 0.00202636 9.9964E-05 9.9964E-05 0.00305415 0.978957 9.9964E-05
9.998E-05 0.100476 0.0279079 0.105604 0.0501669 9.998E-05 0.510204 0.205441
9.99461E-05 9.99461E-05 9.99461E-05 9.99461E-05 9.99461E-05 9.99461E-05 0.962019 0.0373816
0.082123 0.158078 9.9982E-05 0.110571 0.0577086 9.9982E-05 0.262384 0.328936
0.0108432 9.9964E-05 9.9964E-05 0.143917 9.9964E-05 9.9964E-05 0.724696 0.120144
9.999E-05 0.157905 0.0163917 0.147622 0.0294811 0.00913107 0.635215 0.0041539
0.0745636 0.451232 9.9982E-05 0.0620101 9.9982E-05 0.0974355 0.0645185 0.250041
9.9982E-05 0.639929 0.00524852 0.203884 0.0131605 9.9982E-05 0.098122 0.0394555
9.9973E-05 0.689003 0.0504019 9.9973E-05 9.9973E-05 0.0457612 0.0988367 0.115697
9.994E-05 0.886646 9.994E-05 9.994E-05 9.994E-05 9.994E-05 9.994E-05 0.112754
0.110693 0.589655 9.9955E-05 0.299152 9.9955E-05 9.9955E-05 9.9955E-05 9.9955E-05
0.0389102 0.497579 9.9982E-05 0.0619826 0.0377376 9.9982E-05 0.204586 0.159004
9.9964E-05 0.821829 0.00330956 9.9964E-05 9.9964E-05 0.0629472 9.9964E-05 0.111515
9.9946E-05 0.970155 9.9946E-05 9.9946E-05 9.9946E-05 0.0292456 9.9946E-05 9.9946E-05
9.9955E-05 0.872345 9.9955E-05 9.9955E-05 9.9955E-05 0.00590857 9.9955E-05 0.121247
9.996E-05 0.75927 9.996E-05 9.996E-05 9.996E-05 0.074263 0.118502 0.0475656
0.00437492 0.971639 9.995E-05 9.995E-05 9.995E-05 9.995E-05 0.0234865 9.995E-05
9.9964E-05 0.923634 0.0414182 0.000883262 0.0336647 9.9964E-05 9.9964E-05 9.9964E-05
9.9973E-05 0.0387058 0.00743771 0.0456942 9.9973E-05 9.9973E-05 0.106379 0.801483
0.0283066 0.228579 9.9982E-05 0.0925231 0.041277 0.0525576 9.9982E-05 0.556557
0.105697 0.0914319 9.9973E-05 9.9973E-05 0.00850646 0.0398023 9.9973E-05 0.754262
9.997E-05 0.0502825 9.997E-05 0.0540871 0.208861 9.997E-05 0.138166 0.548304
9.9955E-05 0.170048 9.9955E-05 9.9955E-05 9.9955E-05 0.0408228 9.9955E-05 0.78863
0.0202751 9.9964E-05 0.111674 9.9964E-05 9.9964E-05 9.9964E-05 0.528387 0.339263
0.0161426 0.0817543 9.9982E-05 9.9982E-05 0.063888 0.0338436 0.0434165 0.760755
9.99461E-05 9.99461E-05 0.0278144 9.99461E-05 9.99461E-05 9.99461E-05 9.99461E-05 0.971586
9.995E-05 9.995E-05 9.995E-05 9.995E-05 9.995E-05 0.00985124 0.0158807 0.973768
9.9955E-05 9.9955E-05 9.9955E-05 0.0239894 0.00051442 9.9955E-05 9.9955E-05 0.974996
9.9946E-05 9.9946E-05 0.00588301 9.9946E-05 9.9946E-05 9.9946E-05 9.9946E-05 0.993517
0.0152366 9.9955E-05 9.9955E-05 0.018489 9.9955E-05 9.9955E-05 9.9955E-05 0.965775
0.000832838 9.9946E-05 9.9946E-05 9.9946E-05 9.9946E-05 9.9946E-05 9.9946E-05 0.998567
0.0179646 0.00790295 9.9955E-05 9.9955E-05 9.9955E-05 9.9955E-05 9.9955E-05 0.973633
9.99461E-05 9.99461E-05 0.0142612 9.99461E-05 9.99461E-05 9.99461E-05 9.99461E-05 0.985139
9.996E-05 9.996E-05 0.00664207 9.996E-05 0.0974166 9.996E-05 0.225658 0.669884
0.0175944 0.0281625 0.0114412 9.9964E-05 9.9964E-05 9.9964E-05 9.9964E-05 0.942402
9.998E-05 0.098982 0.0722652 0.023113 0.00176393 9.998E-05 0.188383 0.615293
0.00388575 9.9973E-05 0.560672 0.0289304 9.9973E-05 0.0316294 9.9973E-05 0.374582
9.994E-05 9.994E-05 0.9993 9.994E-05 9.994E-05 9.994E-05 9.994E-05 9.994E-05
0.00319316 0.0389183 0.0584557 0.134915 0.0251431 9.9991E-05 0.105182 0.634094
