9.98921E-05 9.98921E-05 9.98921E-05 9.98921E-05 9.98921E-05 9.98921E-05 9.98921E-05 9.98921E-05 9.98921E-05 9.98921E-05 9.98921E-05 9.98921E-05 0.998801
0.0140767 9.9946E-05 0.0397525 0.0869331 9.9946E-05 9.9946E-05 9.9946E-05 9.9946E-05 0.0229858 0.0148853 0.747593 9.9946E-05 0.0731738
9.98921E-05 9.98921E-05 9.98921E-05 9.98921E-05 9.98921E-05 9.98921E-05 9.98921E-05 9.98921E-05 0.998801 9.98921E-05 9.98921E-05 9.98921E-05 9.98921E-05
9.99101E-05 9.99101E-05 9.99101E-05 0.0205756 0.0828749 9.99101E-05 9.99101E-05 9.99101E-05 0.87356 0.0220905 9.99101E-05 9.99101E-05 9.99101E-05
9.9928E-05 0.131569 9.9928E-05 9.9928E-05 9.9928E-05 0.0785246 9.9928E-05 9.9928E-05 0.00549879 9.9928E-05 0.774543 0.0090653 9.9928E-05
9.9937E-05 0.0944968 9.9937E-05 0.0256136 0.0588171 9.9937E-05 9.9937E-05 9.9937E-05 0.0165848 9.9937E-05 0.765679 9.9937E-05 0.0381092
0.0355573 9.99191E-05 9.99191E-05 9.99191E-05 9.99191E-05 9.99191E-05 0.00703296 9.99191E-05 9.99191E-05 9.99191E-05 0.952977 9.99191E-05 0.00353352
9.99101E-05 9.99101E-05 9.99101E-05 9.99101E-05 0.025389 9.99101E-05 9.99101E-05 9.99101E-05 9.99101E-05 9.99101E-05 0.915932 0.0576798 9.99101E-05
9.9919E-05 9.9919E-05 0.407811 9.9919E-05 0.00576027 9.9919E-05 9.9919E-05 9.9919E-05 0.226182 9.9919E-05 0.359347 9.9919E-05 9.9919E-05
0.108735 9.9946E-05 9.9946E-05 9.9946E-05 0.0205004 9.9946E-05 9.9946E-05 9.9946E-05 0.0314163 0.0576202 0.40427 0.314412 0.0624455
9.98921E-05 9.98921E-05 9.98921E-05 0.998801 9.98921E-05 9.98921E-05 9.98921E-05 9.98921E-05 9.98921E-05 9.98921E-05 9.98921E-05 9.98921E-05 9.98921E-05
9.99011E-05 0.512247 9.99011E-05 9.99011E-05 9.99011E-05 9.99011E-05 0.486655 9.99011E-05 9.99011E-05 9.99011E-05 9.99011E-05 9.99011E-05 9.99011E-05
9.9919E-05 0.915664 9.9919E-05 9.9919E-05 0.0210093 9.9919E-05 9.9919E-05 9.9919E-05 9.9919E-05 9.9919E-05 0.0156537 9.9919E-05 0.0467741
9.991E-05 9.991E-05 9.991E-05 9.991E-05 9.991E-05 9.991E-05 0.964336 9.991E-05 0.00564959 0.0290154 9.991E-05 9.991E-05 9.991E-05
9.9946E-05 0.59607 9.9946E-05 0.0665515 9.9946E-05 9.9946E-05 0.193583 0.0213067 0.0724646 0.0406606 0.00876417 9.9946E-05 9.9946E-05
0.024591 0.0295508 9.9937E-05 0.402749 0.00221598 9.9937E-05 0.539752 9.9937E-05 9.9937E-05 9.9937E-05 9.9937E-05 9.9937E-05 0.000441532
9.99101E-05 0.142468 9.99101E-05 0.000194412 0.856339 9.99101E-05 9.99101E-05 9.99101E-05 9.99101E-05 9.99101E-05 9.99101E-05 9.99101E-05 9.99101E-05
0.0823784 9.9928E-05 0.236161 0.108005 9.9928E-05 9.9928E-05 0.567107 9.9928E-05 9.9928E-05 0.00554962 9.9928E-05 9.9928E-05 9.9928E-05
9.9919E-05 0.191514 9.9919E-05 9.9919E-05 9.9919E-05 0.137468 0.66983 9.9919E-05 9.9919E-05 0.000288408 9.9919E-05 9.9919E-05 9.9919E-05
9.99101E-05 9.99101E-05 9.99101E-05 9.99101E-05 9.99101E-05 9.99101E-05 0.980218 9.99101E-05 0.0107066 9.99101E-05 9.99101E-05 0.00807649 9.99101E-05
0.0578678 0.000206895 9.9964E-05 9.9964E-05 0.11877 0.00926854 0.623234 0.0871273 0.00147273 9.9964E-05 9.9964E-05 0.0162711 0.0853815
9.9928E-05 9.9928E-05 9.9928E-05 0.638016 9.9928E-05 9.9928E-05 9.9928E-05 0.162087 0.0293077 9.9928E-05 0.152867 9.9928E-05 0.0169231
9.99011E-05 9.99011E-05 9.99011E-05 0.970061 9.99011E-05 9.99011E-05 9.99011E-05 9.99011E-05 9.99011E-05 9.99011E-05 9.99011E-05 9.99011E-05 0.0288399
9.98921E-05 9.98921E-05 9.98921E-05 9.98921E-05 0.998801 9.98921E-05 9.98921E-05 9.98921E-05 9.98921E-05 9.98921E-05 9.98921E-05 9.98921E-05 9.98921E-05
0.142235 0.0897532 9.9919E-05 9.9919E-05 9.9919E-05 9.9919E-05 0.705989 0.0611227 9.9919E-05 9.9919E-05 9.9919E-05 9.9919E-05 9.9919E-05
0.174112 0.0475754 9.9928E-05 9.9928E-05 9.9928E-05 9.9928E-05 0.642175 9.9928E-05 9.9928E-05 9.9928E-05 9.9928E-05 0.0520384 0.0832995
0.0279156 0.392844 0.267687 9.9946E-05 0.0650785 0.0753494 9.9946E-05 0.170226 9.9946E-05 0.000299904 9.9946E-05 9.9946E-05 9.9946E-05
0.222836 0.461109 0.00982918 0.10204 9.9946E-05 9.9946E-05 9.9946E-05 0.126887 0.0522115 0.0244877 9.9946E-05 9.9946E-05 9.9946E-05
0.201334 0.379093 0.0648012 9.9946E-05 0.0161785 9.9946E-05 0.232808 0.0970892 9.9946E-05 9.9946E-05 0.00809618 9.9946E-05 9.9946E-05
0.0344121 0.964489 9.9901E-05 9.9901E-05 9.9901E-05 9.9901E-05 9.9901E-05 9.9901E-05 9.9901E-05 9.9901E-05 9.9901E-05 9.9901E-05 9.9901E-05
9.9892E-05 9.9892E-05 0.998801 9.9892E-05 9.9892E-05 9.9892E-05 9.9892E-05 9.9892E-05 9.9892E-05 9.9892E-05 9.9892E-05 9.9892E-05 9.9892E-05
9.991E-05 9.991E-05 0.94956 9.991E-05 9.991E-05 9.991E-05 9.991E-05 9.991E-05 9.991E-05 9.991E-05 9.991E-05 0.0033175 0.0461237
0.0876988 9.99101E-05 9.99101E-05 9.99101E-05 9.99101E-05 9.99101E-05 9.99101E-05 0.895121 0.0161809 9.99101E-05 9.99101E-05 9.99101E-05 9.99101E-05
9.9919E-05 9.9919E-05 9.9919E-05 9.9919E-05 0.0558887 0.0567439 9.9919E-05 0.798235 9.9919E-05 9.9919E-05 9.9919E-05 0.0882332 9.9919E-05
9.9928E-05 0.0767884 0.0671415 0.0394231 9.9928E-05 9.9928E-05 0.0172046 0.798643 9.9928E-05 9.9928E-05 9.9928E-05 9.9928E-05 9.9928E-05
0.0689617 9.99281E-05 0.0288575 9.99281E-05 9.99281E-05 9.99281E-05 9.99281E-05 0.846116 0.0409 9.99281E-05 9.99281E-05 9.99281E-05 0.0143656
9.9937E-05 9.9937E-05 9.9937E-05 0.0053821 9.9937E-05 9.9937E-05 0.0792626 0.744685 9.9937E-05 0.00448167 0.0815576 9.9937E-05 0.0839315
0.143381 0.00521487 0.216381 0.024811 0.0743226 9.9946E-05 9.9946E-05 0.500831 9.9946E-05 9.9946E-05 9.9946E-05 9.9946E-05 0.0344585
9.99011E-05 9.99011E-05 9.99011E-05 9.99011E-05 9.99011E-05 0.0397446 9.99011E-05 0.959156 9.99011E-05 9.99011E-05 9.99011E-05 9.99011E-05 9.99011E-05
0.182526 0.16463 9.9937E-05 9.9937E-05 9.9937E-05 0.140405 9.9937E-05 0.433443 9.9937E-05 0.0315986 9.9937E-05 9.9937E-05 0.0466983
9.99191E-05 9.99191E-05 0.505039 9.99191E-05 0.0484377 9.99191E-05 9.99191E-05 0.427599 9.99191E-05 9.99191E-05 9.99191E-05 0.0180258 9.99191E-05
0.312118 9.9964E-05 0.0886405 9.9964E-05 0.0071462 0.0644345 0.108294 0.26152 9.9964E-05 0.0296385 9.9964E-05 0.0642204 0.0635879
0.0978145 9.9937E-05 0.0361342 9.9937E-05 9.9937E-05 9.9937E-05 9.9937E-05 0.813723 0.037864 0.0131212 0.000643753 9.9937E-05 9.9937E-05
9.9928E-05 9.9928E-05 9.9928E-05 0.0558771 0.0191518 9.9928E-05 9.9928E-05 0.736261 9.9928E-05 0.0077996 9.9928E-05 0.180111 9.9928E-05
9.9892E-05 9.9892E-05 9.9892E-05 9.9892E-05 9.9892E-05 9.9892E-05 9.9892E-05 9.9892E-05 9.9892E-05 9.9892E-05 9.9892E-05 0.998801 9.9892E-05
9.9928E-05 0.0453875 0.0535002 9.9928E-05 9.9928E-05 0.794131 9.9928E-05 0.0716179 9.9928E-05 9.9928E-05 0.0345635 9.9928E-05 9.9928E-05
0.178444 9.9946E-05 9.9946E-05 9.9946E-05 0.0473592 0.588061 9.9946E-05 0.131882 0.00445333 0.041121 9.9946E-05 0.00807934 9.9946E-05
0.0426536 9.991E-05 0.202345 9.991E-05 9.991E-05 0.754003 9.991E-05 9.991E-05 9.991E-05 9.991E-05 9.991E-05 9.991E-05 9.991E-05
9.9928E-05 0.00640578 9.9928E-05 9.9928E-05 9.9928E-05 0.569879 0.150028 0.0813774 0.19151 9.9928E-05 9.9928E-05 9.9928E-05 9.9928E-05
0.0714601 0.0452375 9.9964E-05 9.9964E-05 9.9964E-05 0.337111 0.00376259 0.33608 0.0488215 9.9964E-05 0.00628946 0.143237 0.00760098
0.0870862 9.9928E-05 0.0613863 0.0828857 9.9928E-05 0.75042 9.9928E-05 9.9928E-05 0.0174219 9.9928E-05 9.9928E-05 9.9928E-05 9.9928E-05
9.9919E-05 9.9919E-05 9.9919E-05 9.9919E-05 0.00680143 0.916838 9.9919E-05 9.9919E-05 9.9919E-05 9.9919E-05 9.9919E-05 0.0171923 0.0582686
0.163215 9.9946E-05 9.9946E-05 0.00752794 0.0216806 0.743246 9.9946E-05 9.9946E-05 9.9946E-05 0.0046079 9.9946E-05 0.0194472 0.0396751
0.028932 9.9946E-05 9.9946E-05 0.0602938 0.0247907 0.745972 9.9946E-05 0.0865091 9.9946E-05 0.00331841 9.9946E-05 0.0495847 9.9946E-05
9.991E-05 9.991E-05 0.0593876 9.991E-05 9.991E-05 0.840957 0.0986561 9.991E-05 9.991E-05 9.991E-05 9.991E-05 9.991E-05 9.991E-05
9.99101E-05 0.0397795 9.99101E-05 9.99101E-05 9.99101E-05 0.929251 9.99101E-05 9.99101E-05 9.99101E-05 0.0299701 9.99101E-05 9.99101E-05 9.99101E-05
0.71846 9.9946E-05 9.9946E-05 9.9946E-05 0.0128234 0.112672 9.9946E-05 0.0354503 0.0111855 0.00908494 0.0997237 9.9946E-05 9.9946E-05
0.508506 0.0245624 0.0159251 9.9946E-05 9.9946E-05 0.270602 0.0345608 0.0767505 9.9946E-05 9.9946E-05 0.0684931 9.9946E-05 9.9946E-05
0.751828 9.9928E-05 0.0102409 9.9928E-05 0.0412941 0.121595 9.9928E-05 9.9928E-05 0.0742434 9.9928E-05 9.9928E-05 9.9928E-05 9.9928E-05
0.698772 0.0610089 9.99449E-05 0.00179002 9.99449E-05 9.99449E-05 9.99449E-05 0.0970164 9.99449E-05 9.99449E-05 0.120526 9.99449E-05 0.0201876
0.846261 9.9937E-05 9.9937E-05 9.9937E-05 0.0183086 0.0315088 0.0395922 9.9937E-05 9.9937E-05 9.9937E-05 9.9937E-05 0.0573453 0.00628447
0.493857 0.0741724 0.200668 9.9955E-05 9.9955E-05 9.9955E-05 9.9955E-05 0.118512 9.9955E-05 0.0984786 0.00315964 0.00128227 0.00937085
0.874658 0.00296596 9.99191E-05 0.0996749 9.99191E-05 9.99191E-05 9.99191E-05 9.99191E-05 9.99191E-05 9.99191E-05 9.99191E-05 0.0218024 9.99191E-05
0.984192 9.99012E-05 9.99012E-05 9.99012E-05 9.99012E-05 9.99012E-05 9.99012E-05 9.99012E-05 9.99012E-05 0.0147088 9.99012E-05 9.99012E-05 9.99012E-05
0.810417 9.9919E-05 9.9919E-05 9.9919E-05 9.9919E-05 9.9919E-05 0.0522539 0.12774 9.9919E-05 0.0086901 9.9919E-05 9.9919E-05 9.9919E-05
0.962792 9.99101E-05 9.99101E-05 9.99101E-05 0.0169564 9.99101E-05 9.99101E-05 9.99101E-05 9.99101E-05 9.99101E-05 9.99101E-05 9.99101E-05 0.0192525
0.946444 0.0404421 9.99101E-05 9.99101E-05 9.99101E-05 9.99101E-05 9.99101E-05 9.99101E-05 9.99101E-05 9.99101E-05 9.99101E-05 0.0121146 9.99101E-05
0.94806 9.99101E-05 0.0257113 0.0252293 9.99101E-05 9.99101E-05 9.99101E-05 9.99101E-05 9.99101E-05 9.99101E-05 9.99101E-05 9.99101E-05 9.99101E-05
0.965814 9.9919E-05 9.9919E-05 9.9919E-05 9.9919E-05 9.9919E-05 9.9919E-05 9.9919E-05 0.00882482 0.00336968 9.9919E-05 9.9919E-05 0.0210927
0.985156 9.99101E-05 9.99101E-05 0.00867966 9.99101E-05 9.99101E-05 9.99101E-05 9.99101E-05 0.00516558 9.99101E-05 9.99101E-05 9.99101E-05 9.99101E-05
0.962146 9.99191E-05 9.99191E-05 9.99191E-05 0.00185271 9.99191E-05 9.99191E-05 0.0341137 9.99191E-05 9.99191E-05 9.99191E-05 0.000988734 9.99191E-05
0.672179 9.99371E-05 0.0276048 9.99371E-05 9.99371E-05 9.99371E-05 0.049412 0.105639 9.99371E-05 0.00690592 0.13756 9.99371E-05 9.99371E-05
0.89609 9.99191E-05 9.99191E-05 9.99191E-05 9.99191E-05 9.99191E-05 9.99191E-05 9.99191E-05 0.018892 0.0137527 9.99191E-05 0.0703661 9.99191E-05
0.546359 9.9955E-05 0.0773067 9.9955E-05 9.9955E-05 0.0625524 0.0481354 0.135249 9.9955E-05 0.0880566 9.9955E-05 0.00725066 0.0345912
0.19435 0.0174484 0.00897305 0.0577636 9.9973E-05 0.037343 0.0371542 9.9973E-05 0.014281 0.585844 0.0353387 0.0112041 9.9973E-05
9.9892E-05 9.9892E-05 9.9892E-05 9.9892E-05 9.9892E-05 9.9892E-05 9.9892E-05 9.9892E-05 9.9892E-05 0.998801 9.9892E-05 9.9892E-05 9.9892E-05
0.62035 0.00388722 9.9964E-05 9.9964E-05 0.0305874 0.0742196 9.9964E-05 0.0958634 0.0359175 0.0720514 9.9964E-05 0.0200607 0.0466632
