9.99101E-05 9.99101E-05 9.99101E-05 9.99101E-05 9.99101E-05 9.99101E-05 9.99101E-05 9.99101E-05 9.99101E-05 0.999001 9.99101E-05
9.9946E-05 9.9946E-05 9.9946E-05 9.9946E-05 9.9946E-05 9.9946E-05 0.00400976 0.0594237 0.0845549 0.73995 0.111462
9.99101E-05 9.99101E-05 9.99101E-05 9.99101E-05 9.99101E-05 9.99101E-05 9.99101E-05 0.999001 9.99101E-05 9.99101E-05 9.99101E-05
9.9937E-05 9.9937E-05 0.0636958 9.9937E-05 9.9937E-05 9.9937E-05 0.0685506 0.834457 9.9937E-05 9.9937E-05 0.0325966
9.9973E-05 0.070091 9.9973E-05 0.132676 0.0898846 0.000437178 0.000229656 0.0252843 0.0259587 0.655139 9.9973E-05
9.9946E-05 9.9946E-05 0.0702934 0.0315974 9.9946E-05 9.9946E-05 9.9946E-05 0.0145764 9.9946E-05 0.794334 0.0885994
0.178802 9.9946E-05 9.9946E-05 9.9946E-05 0.0104381 9.9946E-05 0.00677005 9.9946E-05 0.022063 0.781327 9.9946E-05
0.0705539 9.9973E-05 0.104861 0.00124138 0.0174214 0.00203941 9.9973E-05 0.0104006 9.9973E-05 0.764169 0.0290132
9.9955E-05 0.0258437 0.025591 9.9955E-05 0.0928652 0.0318051 9.9955E-05 0.586356 9.9955E-05 0.237039 9.9955E-05
0.105172 9.9964E-05 9.9964E-05 9.9964E-05 0.0299863 0.107663 0.0650335 0.0131694 0.164782 0.513794 9.9964E-05
9.9919E-05 9.9919E-05 9.9919E-05 0.987377 9.9919E-05 9.9919E-05 0.0117234 9.9919E-05 9.9919E-05 9.9919E-05 9.9919E-05
0.999001 9.99101E-05 9.99101E-05 9.99101E-05 9.99101E-05 9.99101E-05 9.99101E-05 9.99101E-05 9.99101E-05 9.99101E-05 9.99101E-05
0.00294958 9.9919E-05 9.9919E-05 0.996151 9.9919E-05 9.9919E-05 9.9919E-05 9.9919E-05 9.9919E-05 9.9919E-05 9.9919E-05
0.951657 9.9928E-05 9.9928E-05 9.9928E-05 0.00638918 9.9928E-05 9.9928E-05 0.0411546 9.9928E-05 9.9928E-05 9.9928E-05
0.0452837 0.480348 0.00753184 0.188098 9.9964E-05 9.9964E-05 0.0611048 0.0850636 9.9964E-05 9.9964E-05 0.13217
0.190391 9.9937E-05 0.0268684 0.0716252 9.9937E-05 9.9937E-05 9.9937E-05 9.9937E-05 9.9937E-05 9.9937E-05 0.710416
9.9928E-05 0.0891882 0.798921 0.111092 9.9928E-05 9.9928E-05 9.9928E-05 9.9928E-05 9.9928E-05 9.9928E-05 9.9928E-05
0.0051124 9.99433E-05 9.99433E-05 9.99433E-05 0.0142777 9.99433E-05 9.99433E-05 9.99433E-05 0.209752 9.99433E-05 0.770158
0.398656 0.158754 9.9946E-05 0.304099 0.122565 9.9946E-05 9.9946E-05 9.9946E-05 0.0153265 9.9946E-05 9.9946E-05
9.99191E-05 9.99191E-05 9.99191E-05 9.99191E-05 9.99191E-05 9.99191E-05 9.99191E-05 0.00890361 9.99191E-05 9.99191E-05 0.990197
0.157744 9.9955E-05 0.0100924 9.9955E-05 9.9955E-05 0.0253579 9.9955E-05 9.9955E-05 0.113014 0.0204643 0.672828
9.9928E-05 0.0702621 9.9928E-05 9.9928E-05 9.9928E-05 9.9928E-05 9.9928E-05 9.9928E-05 9.9928E-05 0.0928039 0.836135
9.9937E-05 9.9937E-05 0.0611829 0.234591 9.9937E-05 9.9937E-05 0.0192292 9.9937E-05 9.9937E-05 9.9937E-05 0.684298
9.99101E-05 9.99101E-05 0.999001 9.99101E-05 9.99101E-05 9.99101E-05 9.99101E-05 9.99101E-05 9.99101E-05 9.99101E-05 9.99101E-05
0.355485 0.0907678 0.104964 0.21657 9.9973E-05 0.0205836 9.9973E-05 0.0161655 0.122372 9.9973E-05 0.0727916
0.872723 9.9928E-05 9.9928E-05 9.9928E-05 9.9928E-05 9.9928E-05 9.9928E-05 9.9928E-05 0.105992 0.0204858 9.9928E-05
9.9928E-05 0.939029 9.9928E-05 9.9928E-05 0.052772 0.00739948 9.9928E-05 9.9928E-05 9.9928E-05 9.9928E-05 9.9928E-05
9.9955E-05 0.570396 0.00201397 9.9955E-05 9.9955E-05 9.9955E-05 0.011799 0.0640993 0.213404 9.9955E-05 0.137788
0.0787308 0.815119 9.9937E-05 9.9937E-05 9.9937E-05 9.9937E-05 9.9937E-05 9.9937E-05 0.0978994 0.00755116 9.9937E-05
9.99101E-05 0.999001 9.99101E-05 9.99101E-05 9.99101E-05 9.99101E-05 9.99101E-05 9.99101E-05 9.99101E-05 9.99101E-05 9.99101E-05
9.9937E-05 9.9937E-05 9.9937E-05 9.9937E-05 0.242777 0.208767 9.9937E-05 0.322856 0.224901 9.9937E-05 9.9937E-05
0.0846056 0.026207 9.9964E-05 9.9964E-05 0.341463 0.00991507 9.9964E-05 0.311578 0.19309 9.9964E-05 0.0327421
9.9937E-05 0.0768274 9.9937E-05 9.9937E-05 9.9937E-05 0.770811 9.9937E-05 9.9937E-05 0.0911 9.9937E-05 0.0605623
9.9928E-05 0.0068198 0.0623449 9.9928E-05 9.9928E-05 0.930036 9.9928E-05 9.9928E-05 9.9928E-05 9.9928E-05 9.9928E-05
0.0939981 0.157047 9.9964E-05 0.0100742 9.9964E-05 0.611327 0.0118315 0.025382 9.9964E-05 9.9964E-05 0.0899406
0.0505692 9.99191E-05 9.99191E-05 9.99191E-05 9.99191E-05 0.948532 9.99191E-05 9.99191E-05 9.99191E-05 9.99191E-05 9.99191E-05
9.9937E-05 9.9937E-05 9.9937E-05 9.9937E-05 9.9937E-05 0.659856 0.0053332 9.9937E-05 9.9937E-05 0.171532 0.162579
9.9946E-05 0.0379912 0.0344419 9.9946E-05 9.9946E-05 0.747129 9.9946E-05 9.9946E-05 0.161126 0.0187125 9.9946E-05
9.994E-05 9.994E-05 9.994E-05 0.0092679 0.025551 0.883775 0.0166298 9.994E-05 9.994E-05 9.994E-05 0.0641769
9.994E-05 9.994E-05 9.994E-05 0.0782166 9.994E-05 0.583821 0.0190532 9.994E-05 0.247676 9.994E-05 0.0706344
9.99281E-05 9.99281E-05 0.0233658 9.99281E-05 9.99281E-05 0.967557 9.99281E-05 9.99281E-05 9.99281E-05 0.00827747 9.99281E-05
0.123907 0.115057 9.9964E-05 9.9964E-05 0.144242 0.317969 9.9964E-05 0.0598504 0.178223 0.060353 9.9964E-05
9.9937E-05 0.0762865 9.9937E-05 9.9937E-05 9.9937E-05 0.688575 9.9937E-05 0.116965 0.117475 9.9937E-05 9.9937E-05
0.0484539 0.00313086 0.0359181 0.000531038 0.0217433 0.879053 0.00172395 9.9973E-05 9.9973E-05 0.00914602 9.9973E-05
9.99371E-05 9.99371E-05 9.99371E-05 0.224132 0.566355 0.18768 9.99371E-05 9.99371E-05 0.0211335 9.99371E-05 9.99371E-05
0.0697289 0.0845134 9.9964E-05 0.0208555 0.804457 0.00376467 0.00315571 9.9964E-05 9.9964E-05 0.0131246 9.9964E-05
9.9955E-05 9.9955E-05 9.9955E-05 0.048348 0.557637 0.243155 0.0747895 0.0055268 0.0700446 9.9955E-05 9.9955E-05
9.9919E-05 9.9919E-05 9.9919E-05 9.9919E-05 0.879726 9.9919E-05 9.9919E-05 9.9919E-05 0.119375 9.9919E-05 9.9919E-05
0.108006 0.087364 9.9946E-05 9.9946E-05 0.47773 0.18036 9.9946E-05 0.14594 9.9946E-05 9.9946E-05 9.9946E-05
0.0382365 9.9955E-05 9.9955E-05 0.0422975 0.284858 0.523798 9.9955E-05 9.9955E-05 0.0672114 0.0430989 9.9955E-05
9.9928E-05 9.9928E-05 9.9928E-05 9.9928E-05 0.797206 9.9928E-05 9.9928E-05 9.9928E-05 0.140745 9.9928E-05 0.0612493
9.99191E-05 9.99191E-05 9.99191E-05 9.99191E-05 0.990821 9.99191E-05 9.99191E-05 9.99191E-05 9.99191E-05 0.00828001 9.99191E-05
9.9946E-05 9.9946E-05 0.0654437 9.9946E-05 0.783597 9.9946E-05 0.00421263 9.9946E-05 0.128748 0.0173993 9.9946E-05
9.9955E-05 9.9955E-05 0.0350855 9.9955E-05 0.745323 0.114009 0.00198248 9.9955E-05 0.0533155 9.9955E-05 0.0497852
9.9928E-05 9.9928E-05 9.9928E-05 9.9928E-05 0.833187 0.150353 9.9928E-05 0.0156608 9.9928E-05 9.9928E-05 9.9928E-05
9.99191E-05 9.99191E-05 9.99191E-05 9.99191E-05 0.952292 9.99191E-05 0.046809 9.99191E-05 9.99191E-05 9.99191E-05 9.99191E-05
0.00243394 9.99371E-05 9.99371E-05 9.99371E-05 0.166118 9.99371E-05 9.99371E-05 9.99371E-05 0.740028 9.99371E-05 0.0907202
9.9946E-05 0.182392 9.9946E-05 9.9946E-05 0.103902 0.10518 9.9946E-05 9.9946E-05 0.60772 0.000207398 9.9946E-05
9.9964E-05 0.0949723 9.9964E-05 0.0589373 0.131987 9.9964E-05 0.00340479 0.0391249 0.648808 0.0223658 9.9964E-05
0.0209968 0.0624408 9.9955E-05 9.9955E-05 0.0491912 0.136828 9.9955E-05 9.9955E-05 0.610459 0.119585 9.9955E-05
9.9946E-05 9.9946E-05 0.0411187 9.9946E-05 0.111614 9.9946E-05 9.9946E-05 9.9946E-05 0.815668 0.021705 0.009295
9.9937E-05 9.9937E-05 9.9937E-05 9.9937E-05 9.9937E-05 0.465269 0.106806 0.00852367 0.418702 9.9937E-05 9.9937E-05
9.994E-05 9.994E-05 0.0232833 0.00889053 9.994E-05 0.104945 9.994E-05 9.994E-05 0.849655 0.0126264 9.994E-05
9.99192E-05 9.99192E-05 9.99192E-05 9.99192E-05 9.99192E-05 9.99192E-05 0.0202727 9.99192E-05 0.978828 9.99192E-05 9.99192E-05
0.0601617 9.9937E-05 9.9937E-05 9.9937E-05 9.9937E-05 0.0900653 0.0170293 9.9937E-05 0.832044 9.9937E-05 9.9937E-05
9.99191E-05 9.99191E-05 9.99191E-05 0.00661275 9.99191E-05 9.99191E-05 9.99191E-05 9.99191E-05 0.992488 9.99191E-05 9.99191E-05
0.00650556 0.00591192 9.9946E-05 0.014292 9.9946E-05 9.9946E-05 0.000709604 9.9946E-05 0.971981 9.9946E-05 9.9946E-05
9.9928E-05 0.0600692 9.9928E-05 9.9928E-05 9.9928E-05 9.9928E-05 9.9928E-05 0.014756 0.924375 9.9928E-05 9.9928E-05
9.99101E-05 9.99101E-05 9.99101E-05 9.99101E-05 9.99101E-05 9.99101E-05 9.99101E-05 9.99101E-05 0.999001 9.99101E-05 9.99101E-05
9.9919E-05 9.9919E-05 9.9919E-05 9.9919E-05 9.9919E-05 9.9919E-05 9.9919E-05 0.0146042 0.984497 9.9919E-05 9.9919E-05
9.99281E-05 9.99281E-05 0.0253497 9.99281E-05 9.99281E-05 0.0149975 9.99281E-05 9.99281E-05 0.958853 9.99281E-05 9.99281E-05
0.0926652 9.9955E-05 9.9955E-05 9.9955E-05 0.00548674 0.222089 0.00610673 9.9955E-05 0.597322 0.0758307 9.9955E-05
9.99371E-05 9.99371E-05 9.99371E-05 9.99371E-05 0.0541416 9.99371E-05 0.00313487 0.00929755 0.932726 9.99371E-05 9.99371E-05
0.010828 0.012367 9.9973E-05 9.9973E-05 0.0545624 0.127235 0.0495622 9.9973E-05 0.659386 0.0392444 0.0465145
0.0213088 9.9973E-05 9.9973E-05 9.9973E-05 0.0648783 0.0206409 0.563121 0.0162991 0.259558 0.012274 0.0416199
9.99101E-05 9.99101E-05 9.99101E-05 9.99101E-05 9.99101E-05 9.99101E-05 0.999001 9.99101E-05 9.99101E-05 9.99101E-05 9.99101E-05
9.9964E-05 9.9964E-05 0.00181731 0.127563 0.0428402 0.27491 0.0571747 0.0368 0.458495 9.9964E-05 9.9964E-05
