0.999201 9.993E-05 9.993E-05 9.993E-05 9.993E-05 9.993E-05 9.993E-05 9.993E-05 9.993E-05
0.238942 9.9955E-05 9.9955E-05 9.9955E-05 9.9955E-05 0.578867 9.9955E-05 0.105389 0.0763018
0.235052 9.9955E-05 9.9955E-05 9.9955E-05 9.9955E-05 0.617165 9.9955E-05 0.0656167 0.0816666
0.206669 9.99461E-05 9.99461E-05 9.99461E-05 0.106336 0.686395 9.99461E-05 9.99461E-05 9.99461E-05
0.134144 0.0650618 0.0387173 0.0642425 0.123038 0.574497 9.9973E-05 9.9973E-05 9.9973E-05
0.172546 9.9964E-05 9.9964E-05 9.9964E-05 0.154251 0.587346 0.0436979 9.9964E-05 0.0417591
0.263587 9.9946E-05 9.9946E-05 9.9946E-05 9.9946E-05 0.727624 9.9946E-05 9.9946E-05 0.00818931
0.264687 9.9964E-05 9.9964E-05 9.9964E-05 0.0756309 0.551139 9.9964E-05 0.0224192 0.0857244
0.180667 0.0466745 0.0124604 0.000891474 0.0837039 0.59651 9.9991E-05 0.011298 0.0676949
0.999201 9.993E-05 9.993E-05 9.993E-05 9.993E-05 9.993E-05 9.993E-05 9.993E-05 9.993E-05
0.999201 9.993E-05 9.993E-05 9.993E-05 9.993E-05 9.993E-05 9.993E-05 9.993E-05 9.993E-05
0.999201 9.993E-05 9.993E-05 9.993E-05 9.993E-05 9.993E-05 9.993E-05 9.993E-05 9.993E-05
0.993519 9.99469E-05 9.99469E-05 9.99469E-05 9.99469E-05 9.99469E-05 0.000814408 0.00506672 9.99469E-05
0.911747 0.00432568 9.9955E-05 0.0432712 0.0401567 9.9955E-05 9.9955E-05 9.9955E-05 9.9955E-05
0.948917 9.9955E-05 0.0147762 0.00311051 0.0326964 9.9955E-05 9.9955E-05 9.9955E-05 9.9955E-05
0.194091 0.0639497 0.0270352 9.9964E-05 0.285167 0.429357 9.9964E-05 9.9964E-05 9.9964E-05
0.216735 0.0427502 0.0664389 0.0637551 0.157409 0.333878 0.00284027 0.0603289 0.0558642
0.162766 9.9982E-05 9.9982E-05 0.00467601 0.0946115 0.645589 0.0337573 0.0169638 0.0414365
9.9964E-05 0.0679782 9.9964E-05 0.0253368 0.0623379 0.814861 0.0290863 9.9964E-05 9.9964E-05
9.9964E-05 0.0269504 0.0157718 0.0372147 9.9964E-05 0.915058 0.00460534 9.9964E-05 9.9964E-05
0.0420137 0.062516 9.9964E-05 9.9964E-05 9.9964E-05 0.886536 0.00830823 9.9964E-05 0.000226435
9.9982E-05 9.9982E-05 0.020842 0.0897478 0.00131445 0.803554 0.011339 0.00739791 0.065605
9.9973E-05 0.0144376 0.0252929 0.10407 9.9973E-05 0.84359 9.9973E-05 0.000988861 0.0113212
0.0192383 9.9955E-05 0.0115831 0.0497295 9.9955E-05 0.918949 9.9955E-05 9.9955E-05 9.9955E-05
9.9973E-05 0.0298833 0.0312531 0.0166667 0.117317 0.786045 9.9973E-05 0.0185342 9.9973E-05
9.9973E-05 0.0364929 0.0377383 0.0387392 0.0991894 0.666008 0.121532 9.9973E-05 9.9973E-05
9.9973E-05 0.105803 9.9973E-05 0.0345353 0.01227 0.706018 0.0460999 9.9973E-05 0.0949742
9.99652E-05 9.99652E-05 0.0398102 0.0143021 0.0207284 0.921596 9.99652E-05 9.99652E-05 0.00316353
0.0212401 0.00923858 0.0318702 0.0378621 0.0766143 0.780257 0.042718 9.9982E-05 9.9982E-05
0.0288347 9.9946E-05 9.9946E-05 9.9946E-05 9.9946E-05 0.923902 0.0466635 9.9946E-05 9.9946E-05
0.0346543 0.0151244 0.017175 0.0562739 9.9973E-05 0.866134 9.9973E-05 0.0103386 9.9973E-05
9.9982E-05 0.0695128 0.0458088 0.00772027 0.059007 0.760902 9.9982E-05 0.0182458 0.0386036
9.9964E-05 9.9964E-05 0.0243723 9.9964E-05 9.9964E-05 0.758409 0.167898 0.00555415 0.0433664
0.0341208 9.9982E-05 0.111995 0.000256751 0.0148675 0.65807 0.133275 9.9982E-05 0.047215
9.9955E-05 9.9955E-05 0.0225639 0.0827251 9.9955E-05 0.865318 9.9955E-05 9.9955E-05 0.0288929
0.0463803 9.9955E-05 9.9955E-05 0.000525672 0.0221814 0.930413 9.9955E-05 9.9955E-05 9.9955E-05
9.9973E-05 0.00015715 9.9973E-05 0.00990555 0.328345 0.508786 0.151384 9.9973E-05 0.001121
9.9973E-05 0.107853 9.9973E-05 0.0146879 0.0624202 0.524411 0.289896 9.9973E-05 0.000431664
9.9973E-05 0.083153 9.9973E-05 9.9973E-05 0.0555912 0.56446 0.199905 0.0402589 0.056332
9.9955E-05 0.0416465 9.9955E-05 9.9955E-05 0.0641707 0.568755 0.324928 9.9955E-05 9.9955E-05
9.9982E-05 0.0518736 0.056996 9.9982E-05 0.696873 0.0188405 0.0656395 0.0641306 0.0454469
0.0278901 0.0836958 0.00643102 9.9991E-05 0.651529 0.019364 0.110057 0.0429499 0.0579835
0.0457656 9.9973E-05 0.104163 9.9973E-05 0.569811 0.209201 9.9973E-05 0.042417 0.0283422
9.9973E-05 9.9973E-05 0.0454415 9.9973E-05 0.744692 0.0481565 0.132282 0.0192461 0.0098819
9.9973E-05 0.0531154 0.0349894 9.9973E-05 0.460704 0.210352 0.187571 9.9973E-05 0.0529692
9.993E-05 9.993E-05 9.993E-05 9.993E-05 0.999201 9.993E-05 9.993E-05 9.993E-05 9.993E-05
9.993E-05 9.993E-05 9.993E-05 9.993E-05 0.999201 9.993E-05 9.993E-05 9.993E-05 9.993E-05
9.999E-05 0.034315 0.0386314 0.0178727 0.479674 0.363114 0.0249893 0.00815068 0.033153
0.0669898 0.0552745 0.122529 0.0223232 0.425953 0.148639 0.118595 9.9991E-05 0.0395966
0.0721298 0.0184926 0.0701542 9.9991E-05 0.342724 0.405207 0.0215232 0.0366341 0.0330345
0.043331 0.0419603 9.9973E-05 9.9973E-05 0.453021 0.177021 0.24443 9.9973E-05 0.0399364
9.9982E-05 0.0028505 0.00304556 0.0507562 0.640679 0.162457 0.104186 9.9982E-05 0.0358255
9.9955E-05 0.026126 0.0429421 0.0333032 0.897129 9.9955E-05 9.9955E-05 9.9955E-05 9.9955E-05
0.0616118 0.0265051 0.0101409 0.0786081 0.350329 0.159102 0.313503 9.9982E-05 9.9982E-05
0.0525449 0.0121257 0.0295437 0.0485702 0.26388 0.187988 0.401328 0.00391957 9.9991E-05
9.9982E-05 0.00766593 0.0713743 9.9982E-05 0.600522 0.114767 0.0620696 0.0296912 0.11371
0.0849442 0.0884286 0.0289701 9.9982E-05 0.318562 0.213357 0.208697 9.9982E-05 0.0568411
9.9973E-05 0.0919541 0.0646796 9.9973E-05 0.434649 0.228668 0.150361 0.0293883 9.9973E-05
0.00400095 9.9946E-05 9.9946E-05 9.9946E-05 0.993139 9.9946E-05 9.9946E-05 9.9946E-05 0.00226053
0.0413586 0.0874117 0.0274601 9.9982E-05 0.432039 0.170776 0.228374 9.9982E-05 0.0123796
9.9973E-05 0.116219 0.0709332 0.00630563 0.554679 0.201433 0.0501301 9.9973E-05 9.9973E-05
0.0292094 0.00864333 0.0835646 9.9982E-05 0.605094 0.0923173 0.17266 0.00831115 9.9982E-05
0.0090011 0.050709 0.0121634 0.0062084 0.535475 0.100677 0.185561 0.0632186 0.0369868
9.9964E-05 9.9964E-05 0.0502137 0.0932355 0.824214 9.9964E-05 9.9964E-05 0.00171273 0.0302242
0.0249953 0.0580332 0.061297 9.9973E-05 0.655935 0.0792825 0.120157 9.9973E-05 9.9973E-05
9.9946E-05 9.9946E-05 0.0466858 0.0834072 0.869307 9.9946E-05 9.9946E-05 9.9946E-05 9.9946E-05
9.9946E-05 9.9946E-05 9.9946E-05 9.9946E-05 0.634859 9.9946E-05 0.347191 0.0173509 9.9946E-05
9.9955E-05 9.9955E-05 0.0228667 0.163968 0.767965 9.9955E-05 9.9955E-05 0.0447002 9.9955E-05
9.9982E-05 0.0416286 0.021907 0.00681875 0.406624 0.31342 0.158351 9.9982E-05 0.0510509
9.9946E-05 9.9946E-05 0.0512262 0.0387593 0.909415 9.9946E-05 9.9946E-05 9.9946E-05 9.9946E-05
0.0278643 9.9982E-05 0.0236923 9.9982E-05 0.623206 0.127518 0.058184 0.0729927 0.0663429
9.9982E-05 0.0224422 0.0462159 0.0291951 0.492031 0.0704007 0.263881 9.9982E-05 0.0756344
0.0800594 0.0288811 9.9982E-05 0.0264311 0.783705 9.9982E-05 0.0686323 0.0040968 0.00799457
0.0338406 0.0631942 9.9955E-05 9.9955E-05 0.728258 9.9955E-05 0.174208 9.9955E-05 9.9955E-05
0.0565602 9.9973E-05 0.0897185 0.0584466 0.463811 9.9973E-05 0.319959 9.9973E-05 0.0112051
0.00665933 0.0923636 9.9973E-05 0.0110269 0.598519 0.0278835 0.263247 9.9973E-05 9.9973E-05
9.9955E-05 9.9955E-05 9.9955E-05 0.00125668 0.756787 9.9955E-05 0.178792 0.0626638 9.9955E-05
0.0346196 9.9982E-05 0.0376429 0.0964257 0.476546 0.0120235 0.233122 0.10942 9.9982E-05
0.00607052 0.0214789 9.9973E-05 9.9973E-05 0.0589905 0.0020641 0.882501 0.0285954 9.9973E-05
9.993E-05 9.993E-05 9.993E-05 9.993E-05 9.993E-05 9.993E-05 0.999201 9.993E-05 9.993E-05
0.00351538 9.9955E-05 0.00169607 9.9955E-05 0.0142736 9.9955E-05 0.980015 9.9955E-05 9.9955E-05
9.993E-05 9.993E-05 9.993E-05 9.993E-05 9.993E-05 9.993E-05 0.999201 9.993E-05 9.993E-05
9.9946E-05 9.9946E-05 9.9946E-05 0.0127433 0.019426 9.9946E-05 0.967231 9.9946E-05 9.9946E-05
9.9982E-05 0.0245883 0.0843011 9.9982E-05 0.0972409 0.191105 0.556622 0.0397329 0.00620931
0.0466745 0.0647479 0.0369716 0.0291312 0.216143 0.0444664 0.438952 0.122813 9.9991E-05
0.0169611 0.0168013 0.0245648 9.9991E-05 0.154683 0.100712 0.50391 0.10077 0.0814978
0.0415625 0.0281113 0.0765271 9.9991E-05 0.11155 0.190539 0.446332 0.0253974 0.0798812
0.00339248 0.0476209 0.0702535 9.9982E-05 0.064267 0.160256 0.60949 0.0445201 9.9982E-05
0.0136838 0.0359847 0.051033 0.00151423 0.332117 0.0614691 0.376225 0.0902672 0.0377063
0.00924089 0.106843 0.094247 0.00282646 0.17527 0.0952491 0.34277 0.0996329 0.0739203
0.0516113 9.9991E-05 0.0322528 0.215125 0.305323 0.0285513 0.236176 0.0752906 0.0555705
0.0339068 9.9991E-05 0.0965993 0.176605 0.339385 0.0391575 0.188381 0.0654577 0.0604078
0.0107761 0.172739 0.0459719 9.9991E-05 0.164014 0.029533 0.334603 0.148103 0.0941606
9.9946E-05 9.9946E-05 9.9946E-05 9.9946E-05 9.9946E-05 9.9946E-05 0.0353678 0.957407 0.00662514
0.0114319 9.9955E-05 0.0176794 9.9955E-05 0.0272812 9.9955E-05 9.9955E-05 0.943108 9.9955E-05
9.9964E-05 0.00269686 9.9964E-05 0.00140171 0.062686 0.0458289 9.9964E-05 0.886987 9.9964E-05
9.99461E-05 9.99461E-05 0.0142823 0.0304866 9.99461E-05 9.99461E-05 9.99461E-05 0.954631 9.99461E-05
9.993E-05 9.993E-05 9.993E-05 9.993E-05 9.993E-05 9.993E-05 9.993E-05 0.999201 9.993E-05
9.993E-05 9.993E-05 9.993E-05 9.993E-05 9.993E-05 9.993E-05 9.993E-05 0.999201 9.993E-05
9.993E-05 9.993E-05 9.993E-05 9.993E-05 9.993E-05 9.993E-05 9.993E-05 0.999201 9.993E-05
9.9973E-05 0.0104902 9.9973E-05 0.025356 9.9973E-05 0.0355409 0.0232333 0.899571 0.00550825
9.99371E-05 0.000370934 9.99371E-05 9.99371E-05 9.99371E-05 9.99371E-05 9.99371E-05 0.99893 9.99371E-05
9.993E-05 9.993E-05 9.993E-05 9.993E-05 9.993E-05 9.993E-05 9.993E-05 0.999201 9.993E-05
9.9982E-05 0.0784517 0.26594 0.0347815 9.9982E-05 0.08613 0.418277 0.0400392 0.0761807
9.9964E-05 0.0104189 0.00181073 0.0467904 0.0723419 9.9964E-05 9.9964E-05 0.868238 9.9964E-05
0.00383988 0.0186758 9.9946E-05 9.9946E-05 9.9946E-05 9.9946E-05 9.9946E-05 0.976885 9.9946E-05
9.9964E-05 0.0133716 9.9964E-05 0.00396157 9.9964E-05 9.9964E-05 0.0207281 0.956663 0.00487623
9.993E-05 9.993E-05 9.993E-05 9.993E-05 9.993E-05 9.993E-05 0.999201 9.993E-05 9.993E-05
9.993E-05 9.993E-05 9.993E-05 9.993E-05 9.993E-05 9.993E-05 0.999201 9.993E-05 9.993E-05
9.993E-05 9.993E-05 9.993E-05 9.993E-05 9.993E-05 9.993E-05 0.999201 9.993E-05 9.993E-05
9.9937E-05 9.9937E-05 9.9937E-05 9.9937E-05 9.9937E-05 9.9937E-05 0.996239 0.00306153 9.9937E-05
9.9973E-05 0.000278056 0.169671 0.0164857 9.9973E-05 9.9973E-05 0.751585 0.0345855 0.0270953
9.9964E-05 9.9964E-05 0.0749312 0.0758047 9.9964E-05 0.1355 0.703184 0.01018 9.9964E-05
0.00708522 0.012509 0.0285758 0.0786515 9.9991E-05 0.0550903 0.780923 0.0339788 0.00308622
9.9964E-05 9.9964E-05 0.0747647 0.0477411 0.0143693 9.9964E-05 0.859402 0.00332341 9.9964E-05
9.9955E-05 9.9955E-05 9.9955E-05 0.0604784 9.9955E-05 9.9955E-05 0.844694 0.0433469 0.0509806
9.9955E-05 9.9955E-05 9.9955E-05 0.0240844 9.9955E-05 9.9955E-05 0.886684 0.0583182 0.0304133
9.9991E-05 0.0187903 0.0351638 0.0257793 0.012606 0.0668363 0.753053 0.041449 0.0462228
9.9964E-05 0.00343632 9.9964E-05 0.0847016 9.9964E-05 9.9964E-05 0.849312 0.0503642 0.0117861
0.0168394 0.0490031 0.069714 0.00325901 0.0805844 9.9982E-05 0.740043 9.9982E-05 0.0403575
0.000397104 0.0159228 0.14214 0.00269924 9.9991E-05 0.066978 0.70042 0.033311 0.0380324
9.9946E-05 0.0165056 0.88892 9.9946E-05 9.9946E-05 9.9946E-05 0.0939751 9.9946E-05 9.9946E-05
9.9964E-05 0.0171203 0.898544 0.00879356 9.9964E-05 0.0546186 9.9964E-05 0.0205234 9.9964E-05
9.9937E-05 9.9937E-05 0.973486 9.9937E-05 9.9937E-05 9.9937E-05 0.0258148 9.9937E-05 9.9937E-05
9.9937E-05 0.00381034 0.99549 9.9937E-05 9.9937E-05 9.9937E-05 9.9937E-05 9.9937E-05 9.9937E-05
9.9937E-05 9.9937E-05 0.96961 9.9937E-05 9.9937E-05 9.9937E-05 0.02969 9.9937E-05 9.9937E-05
9.993E-05 9.993E-05 0.999201 9.993E-05 9.993E-05 9.993E-05 9.993E-05 9.993E-05 9.993E-05
9.9946E-05 9.9946E-05 0.968387 0.00659083 9.9946E-05 9.9946E-05 9.9946E-05 0.0244224 9.9946E-05
0.026872 0.0350597 0.73547 0.130074 0.062831 0.00939303 9.9973E-05 9.9973E-05 9.9973E-05
9.993E-05 9.993E-05 0.999201 9.993E-05 9.993E-05 9.993E-05 9.993E-05 9.993E-05 9.993E-05
9.993E-05 9.993E-05 0.999201 9.993E-05 9.993E-05 9.993E-05 9.993E-05 9.993E-05 9.993E-05
0.0148113 9.99551E-05 0.882188 0.0307747 9.99551E-05 9.99551E-05 9.99551E-05 0.0717263 9.99551E-05
9.99371E-05 0.00814663 0.991154 9.99371E-05 9.99371E-05 9.99371E-05 9.99371E-05 9.99371E-05 9.99371E-05
9.9964E-05 9.9964E-05 0.750441 0.0731897 0.0973078 9.9964E-05 9.9964E-05 0.00882825 0.069833
9.993E-05 9.993E-05 9.993E-05 9.993E-05 9.993E-05 9.993E-05 9.993E-05 9.993E-05 0.999201
9.9991E-05 0.0588791 0.126436 0.0449662 0.0844499 0.0117122 0.494729 0.07899 0.0997374
9.993E-05 9.993E-05 9.993E-05 9.993E-05 9.993E-05 9.993E-05 9.993E-05 9.993E-05 0.999201
9.993E-05 9.993E-05 9.993E-05 9.993E-05 9.993E-05 9.993E-05 9.993E-05 9.993E-05 0.999201
9.9955E-05 9.9955E-05 9.9955E-05 0.0636241 0.0214882 9.9955E-05 9.9955E-05 0.00762589 0.906762
9.9973E-05 0.0117214 0.0710933 9.9973E-05 0.013993 0.0368869 0.0985151 9.9973E-05 0.76749
9.993E-05 9.993E-05 9.993E-05 9.993E-05 9.993E-05 9.993E-05 9.993E-05 9.993E-05 0.999201
0.00628902 9.9973E-05 0.000337635 0.0752896 0.0152974 9.9973E-05 0.05528 9.9973E-05 0.847206
9.9946E-05 9.9946E-05 9.9946E-05 9.9946E-05 0.0333171 9.9946E-05 9.9946E-05 0.00286806 0.963215
9.99371E-05 9.99371E-05 9.99371E-05 9.99371E-05 0.0345147 9.99371E-05 9.99371E-05 9.99371E-05 0.964786
9.9937E-05 9.9937E-05 9.9937E-05 9.9937E-05 9.9937E-05 0.0155042 9.9937E-05 9.9937E-05 0.983796
9.9937E-05 0.00785678 9.9937E-05 9.9937E-05 9.9937E-05 9.9937E-05 9.9937E-05 9.9937E-05 0.991444
0.00173176 9.9946E-05 0.0174275 9.9946E-05 9.9946E-05 9.9946E-05 9.9946E-05 9.9946E-05 0.980241
9.9964E-05 0.0461619 0.0894852 9.9964E-05 0.00279291 9.9964E-05 9.9964E-05 0.0370502 0.82411
0.00809766 9.9955E-05 9.9955E-05 0.0365555 9.9955E-05 0.0206466 9.9955E-05 9.9955E-05 0.934201
0.000899363 0.011565 0.0156476 0.0101721 0.0302498 9.9991E-05 0.02994 0.0144531 0.886973
0.0212082 0.0239971 0.0180805 9.9973E-05 9.9973E-05 9.9973E-05 0.0791255 0.0228508 0.834438
0.0331516 0.0296595 9.9973E-05 0.036108 9.9973E-05 9.9973E-05 0.00957643 0.0121928 0.879012
9.9946E-05 9.9946E-05 0.0175257 0.0347445 9.9946E-05 9.9946E-05 9.9946E-05 9.9946E-05 0.94713
0.0350483 0.273069 0.0121046 0.102738 0.105569 9.9991E-05 0.417822 0.0105913 0.0429572
0.0293105 0.23204 0.0216927 0.111318 0.147165 0.0383419 0.355651 0.0643822 9.9991E-05
0.0517582 0.266415 0.0150273 0.119344 0.113575 9.9991E-05 0.339236 0.0448651 0.0496793
0.0427283 0.227306 0.0104438 0.107118 0.128885 9.9991E-05 0.357209 0.0614666 0.0647432
9.9982E-05 9.9982E-05 0.0631882 0.908767 0.000473214 0.00330957 0.0193609 0.00434291 0.000358099
9.993E-05 9.993E-05 9.993E-05 0.999201 9.993E-05 9.993E-05 9.993E-05 9.993E-05 9.993E-05
0.00660172 0.0176964 9.9964E-05 0.944303 9.9964E-05 0.00536252 9.9964E-05 9.9964E-05 0.0256368
9.993E-05 9.993E-05 9.993E-05 0.999201 9.993E-05 9.993E-05 9.993E-05 9.993E-05 9.993E-05
0.00989721 9.9946E-05 9.9946E-05 0.985685 9.9946E-05 9.9946E-05 9.9946E-05 0.00381827 9.9946E-05
9.9955E-05 0.0124952 9.9955E-05 0.955302 9.9955E-05 9.9955E-05 0.00575301 0.0259504 9.9955E-05
9.9955E-05 0.0127737 0.00130054 0.943006 9.9955E-05 9.9955E-05 0.0424201 9.9955E-05 9.9955E-05
0.0373437 9.9982E-05 0.0235858 0.743516 0.000851817 0.0658085 0.113798 9.9982E-05 0.0148962
9.9973E-05 0.0091712 9.9973E-05 0.840765 0.0283344 0.055752 0.0512272 9.9973E-05 0.0144501
0.00445 0.99485 9.9937E-05 9.9937E-05 9.9937E-05 9.9937E-05 9.9937E-05 9.9937E-05 9.9937E-05
9.99371E-05 0.983573 9.99371E-05 0.0157278 9.99371E-05 9.99371E-05 9.99371E-05 9.99371E-05 9.99371E-05
9.993E-05 0.999201 9.993E-05 9.993E-05 9.993E-05 9.993E-05 9.993E-05 9.993E-05 9.993E-05
9.9937E-05 0.986535 0.0127657 9.9937E-05 9.9937E-05 9.9937E-05 9.9937E-05 9.9937E-05 9.9937E-05
9.99371E-05 0.992774 9.99371E-05 9.99371E-05 9.99371E-05 9.99371E-05 0.0065266 9.99371E-05 9.99371E-05
9.9946E-05 0.878455 9.9946E-05 9.9946E-05 9.9946E-05 9.9946E-05 0.0946942 0.026251 9.9946E-05
9.9946E-05 0.946699 9.9946E-05 9.9946E-05 9.9946E-05 9.9946E-05 0.0341572 9.9946E-05 0.0185439
9.993E-05 0.999201 9.993E-05 9.993E-05 9.993E-05 9.993E-05 9.993E-05 9.993E-05 9.993E-05
0.00106938 0.953507 9.9955E-05 0.0303006 9.9955E-05 9.9955E-05 9.9955E-05 0.014623 9.9955E-05
9.9964E-05 0.914667 0.0213217 9.9964E-05 0.0472498 9.9964E-05 0.00591827 9.9964E-05 0.0104432
9.993E-05 0.999201 9.993E-05 9.993E-05 9.993E-05 9.993E-05 9.993E-05 9.993E-05 9.993E-05
9.993E-05 0.999201 9.993E-05 9.993E-05 9.993E-05 9.993E-05 9.993E-05 9.993E-05 9.993E-05
