0.999201 9.993E-05 9.993E-05 9.993E-05 9.993E-05 9.993E-05 9.993E-05 9.993E-05 9.993E-05
0.0817292 9.9964E-05 9.9964E-05 0.0717645 0.0215599 0.759656 9.9964E-05 0.0648901 9.9964E-05
0.0783899 9.9964E-05 9.9964E-05 0.02242 0.0943493 0.744406 9.9964E-05 0.0600351 9.9964E-05
9.993E-05 9.993E-05 9.993E-05 9.993E-05 9.993E-05 0.999201 9.993E-05 9.993E-05 9.993E-05
0.00384142 0.0062938 0.0708198 9.9982E-05 0.177466 0.621903 0.0200261 9.9982E-05 0.0994506
0.0942575 9.9964E-05 0.0175282 9.9964E-05 0.128201 0.54894 9.9964E-05 9.9964E-05 0.210674
0.17035 9.9946E-05 9.9946E-05 9.9946E-05 0.326679 0.502371 9.9946E-05 9.9946E-05 9.9946E-05
0.173205 9.9973E-05 9.9973E-05 9.9973E-05 0.174357 0.445859 0.018722 0.0592571 0.128301
0.0687224 0.0453817 9.9982E-05 0.0254449 0.318353 0.497832 0.00478993 0.0392758 9.9982E-05
0.999201 9.993E-05 9.993E-05 9.993E-05 9.993E-05 9.993E-05 9.993E-05 9.993E-05 9.993E-05
0.999201 9.993E-05 9.993E-05 9.993E-05 9.993E-05 9.993E-05 9.993E-05 9.993E-05 9.993E-05
0.982412 9.9937E-05 9.9937E-05 9.9937E-05 9.9937E-05 0.0168887 9.9937E-05 9.9937E-05 9.9937E-05
0.99504 9.9937E-05 9.9937E-05 0.00426093 9.9937E-05 9.9937E-05 9.9937E-05 9.9937E-05 9.9937E-05
0.899348 0.00316149 0.0212473 9.9955E-05 0.0757431 9.9955E-05 9.9955E-05 9.9955E-05 9.9955E-05
0.922215 9.9946E-05 0.0155119 9.9946E-05 9.9946E-05 0.0616731 9.9946E-05 9.9946E-05 9.9946E-05
0.106 0.0309571 9.9964E-05 9.9964E-05 0.184165 0.431504 9.9964E-05 9.9964E-05 0.246974
0.122222 0.0225026 0.045165 0.10337 0.0753707 0.389735 0.0273101 9.9991E-05 0.214224
9.993E-05 9.993E-05 9.993E-05 9.993E-05 9.993E-05 0.999201 9.993E-05 9.993E-05 9.993E-05
9.9964E-05 0.0216995 0.0309641 9.9964E-05 0.862815 0.0563062 9.9964E-05 9.9964E-05 0.0278158
9.9937E-05 9.9937E-05 0.0190971 9.9937E-05 0.980203 9.9937E-05 9.9937E-05 9.9937E-05 9.9937E-05
0.0332864 0.0294521 9.9964E-05 0.0227516 0.830933 0.0831774 9.9964E-05 9.9964E-05 9.9964E-05
9.9973E-05 9.9973E-05 0.0726731 9.9973E-05 0.740587 0.0645211 0.0153744 0.0690461 0.0374985
9.9964E-05 0.00516679 0.057312 9.9964E-05 0.866337 0.0564353 9.9964E-05 0.0143487 9.9964E-05
0.0396871 9.9964E-05 0.0146805 9.9964E-05 0.929066 9.9964E-05 0.00955709 0.00660978 9.9964E-05
0.00350695 9.9946E-05 9.9946E-05 0.00053468 0.995359 9.9946E-05 9.9946E-05 9.9946E-05 9.9946E-05
0.0188169 0.0462122 0.0125674 9.9982E-05 0.669955 0.00118821 0.0573485 9.9982E-05 0.193711
0.00448253 0.0722039 0.00787246 9.9982E-05 0.782181 9.9982E-05 0.00390296 0.0809511 0.0482059
9.9964E-05 9.9964E-05 0.0054236 9.9964E-05 0.857295 0.0793398 0.0497302 0.00781164 9.9964E-05
0.0548863 0.0200599 0.035053 9.9982E-05 0.748521 0.0306435 0.0439904 9.9982E-05 0.0666459
0.0236603 9.9955E-05 9.9955E-05 9.9955E-05 0.808035 0.167054 9.9955E-05 0.000751037 9.9955E-05
0.0434958 9.99371E-05 9.99371E-05 9.99371E-05 0.955805 9.99371E-05 9.99371E-05 9.99371E-05 9.99371E-05
9.9964E-05 0.0227187 9.9964E-05 0.026207 0.906574 9.9964E-05 0.0205936 9.9964E-05 0.0235073
0.0204482 0.0185186 9.9991E-05 0.0267806 0.821065 0.0067308 0.00459596 0.0564972 0.0452641
0.0581851 9.9964E-05 9.9964E-05 9.9964E-05 0.6804 9.9964E-05 0.112936 0.060295 0.0877839
9.9964E-05 9.9964E-05 0.119402 9.9964E-05 0.76127 0.0732185 0.0294804 0.0162293 9.9964E-05
0.0450975 0.00305617 9.9964E-05 9.9964E-05 0.791663 0.133279 9.9964E-05 9.9964E-05 0.0265048
9.9946E-05 9.9946E-05 9.9946E-05 9.9946E-05 0.543616 9.9946E-05 9.9946E-05 0.0135264 0.442258
9.9982E-05 0.0689065 0.0433643 0.00796357 0.535284 0.0381099 9.9982E-05 0.0718007 0.234371
0.0128679 0.0931266 0.019193 0.0632866 0.553831 0.0286983 9.9991E-05 0.0852096 0.143687
9.9964E-05 0.0609881 9.9964E-05 0.0372333 0.653352 9.9964E-05 0.0149845 9.9964E-05 0.233042
9.9973E-05 0.0065019 9.9973E-05 0.0519433 9.9973E-05 0.265871 0.0689863 0.0557525 0.550645
9.9973E-05 0.0766857 0.010097 9.9973E-05 9.9973E-05 0.241516 0.0862749 0.0268499 0.558277
0.00937597 9.9982E-05 9.9982E-05 0.0285544 0.0597563 0.224622 0.0899461 0.0925728 0.494973
9.9973E-05 0.0170129 9.9973E-05 0.00826668 9.9973E-05 0.256357 0.0578806 0.0627968 0.597386
9.9973E-05 0.0387004 9.9973E-05 9.9973E-05 0.186765 0.0655915 0.0129822 0.0401365 0.655525
9.9955E-05 9.9955E-05 9.9955E-05 9.9955E-05 0.0062228 0.019775 9.9955E-05 0.00105124 0.972451
0.00224729 9.9964E-05 9.9964E-05 9.9964E-05 0.000575663 0.0106841 9.9964E-05 0.0220227 0.96407
9.9982E-05 0.0506151 0.00137675 9.9982E-05 0.380963 0.06065 0.0254567 0.0270989 0.453639
0.0294767 0.0791895 9.9982E-05 9.9982E-05 0.0938744 0.116549 0.0500306 0.0362837 0.594397
0.0742448 9.9982E-05 9.9982E-05 0.0119109 0.257379 0.17754 0.094132 0.021109 0.363485
0.0160942 0.0639424 9.9982E-05 0.0160714 0.29666 0.03611 9.9982E-05 0.0378868 0.533035
0.00664952 9.9982E-05 0.00179506 9.9982E-05 0.146068 0.0511966 0.0107405 0.0311231 0.752228
9.9955E-05 0.0052537 9.9955E-05 9.9955E-05 0.0595542 0.0598261 9.9955E-05 9.9955E-05 0.874866
0.0442844 0.016958 0.0801757 0.00600171 0.170603 0.0193084 0.00155363 0.00034927 0.660766
0.0463248 0.00372667 0.0508598 0.0279619 0.238688 0.0177184 0.00969019 9.9991E-05 0.60493
9.9964E-05 9.9964E-05 9.9964E-05 9.9964E-05 0.0338932 0.164611 0.0656096 0.092223 0.643264
0.0612942 0.034919 9.9991E-05 0.0184532 0.158759 0.0629574 0.0545779 0.0671274 0.541812
9.9973E-05 0.0625398 9.9973E-05 0.0203501 0.154183 0.143811 0.0511498 9.9973E-05 0.567666
0.028031 9.99461E-05 9.99461E-05 9.99461E-05 9.99461E-05 0.0288944 9.99461E-05 9.99461E-05 0.942475
0.0297765 0.0908981 9.9982E-05 0.0182932 0.247209 0.00880361 9.9982E-05 0.0567606 0.548059
9.9973E-05 0.0862471 0.00502273 9.9973E-05 0.228578 0.0236938 0.074597 9.9973E-05 0.581561
0.0227354 9.99551E-05 9.99551E-05 9.99551E-05 0.114428 9.99551E-05 0.0223421 9.99551E-05 0.839994
0.0188205 9.9973E-05 0.0414877 0.0846618 0.108859 9.9973E-05 9.9973E-05 0.03194 0.713931
9.99551E-05 0.0100246 0.0223583 9.99551E-05 9.99551E-05 9.99551E-05 9.99551E-05 0.00446611 0.962651
0.00635534 0.00698922 9.9973E-05 9.9973E-05 0.126404 0.020282 0.00371547 9.9973E-05 0.835954
9.9955E-05 9.9955E-05 0.0417458 9.9955E-05 9.9955E-05 0.0206692 9.9955E-05 0.0349388 0.902146
9.99371E-05 9.99371E-05 9.99371E-05 0.0506452 9.99371E-05 9.99371E-05 9.99371E-05 9.99371E-05 0.948655
0.0247619 9.9964E-05 0.0815789 9.9964E-05 9.9964E-05 9.9964E-05 0.0236516 0.0293118 0.840296
9.9964E-05 0.041266 9.9964E-05 9.9964E-05 0.182506 0.128524 9.9964E-05 0.0222698 0.625034
9.99371E-05 9.99371E-05 9.99371E-05 9.99371E-05 9.99371E-05 9.99371E-05 9.99371E-05 0.00497254 0.994328
0.0212577 9.99643E-05 9.99643E-05 0.0568528 9.99643E-05 0.0939333 9.99643E-05 0.0263485 0.801208
9.9973E-05 0.0320914 9.9973E-05 0.0607779 0.0727767 9.9973E-05 0.0434497 0.0591124 0.731492
0.0685917 9.99371E-05 9.99371E-05 9.99371E-05 9.99371E-05 9.99371E-05 9.99371E-05 9.99371E-05 0.930709
0.0593791 0.0289343 9.9946E-05 9.9946E-05 9.9946E-05 9.9946E-05 9.9946E-05 9.9946E-05 0.911087
0.0645442 0.0215865 0.0120297 9.9964E-05 9.9964E-05 9.9964E-05 0.0365874 9.9964E-05 0.864852
0.000530123 0.0292133 0.0311152 9.9964E-05 0.0224855 9.9964E-05 9.9964E-05 9.9964E-05 0.916256
9.9955E-05 9.9955E-05 9.9955E-05 0.0380532 9.9955E-05 0.0186803 9.9955E-05 0.0153107 0.927456
0.035236 9.9973E-05 0.120195 0.11617 9.9973E-05 0.03435 0.00061055 9.9973E-05 0.693138
9.9982E-05 0.0371583 0.081356 0.100132 9.9982E-05 0.0478589 0.073773 0.0172034 0.642319
9.9964E-05 0.0125709 0.0648499 0.105289 9.9964E-05 9.9964E-05 0.0386776 9.9964E-05 0.778213
9.9964E-05 9.9964E-05 0.0486937 0.0333539 9.9964E-05 9.9964E-05 0.0479836 0.0420524 0.827516
9.9973E-05 0.00366435 0.0664454 0.11699 9.9973E-05 9.9973E-05 0.0500632 0.0120081 0.750529
9.9973E-05 0.0252336 0.0655417 0.101192 9.9973E-05 9.9973E-05 0.0524422 0.042779 0.712512
9.9982E-05 0.0424579 0.0263589 0.111449 0.132022 0.0860769 0.0985068 9.9982E-05 0.502929
9.9973E-05 0.0457593 9.9973E-05 0.181753 0.00267645 0.0909198 0.0520899 9.9973E-05 0.626501
9.9991E-05 0.039385 0.0466189 0.149346 0.0472568 0.0433853 0.0576777 0.0940696 0.522161
0.0390898 0.0614627 0.0206046 0.0838458 0.157486 0.0485516 0.0883848 0.0677928 0.432782
0.00616541 0.0486859 9.9973E-05 0.127678 0.149774 9.9973E-05 0.113177 9.9973E-05 0.55422
9.9991E-05 0.0431339 0.0521022 0.131978 0.0101338 0.0187849 0.0284893 0.0820607 0.633217
9.9973E-05 0.128631 9.9973E-05 0.109532 0.0880798 9.9973E-05 0.131641 0.0799374 0.461878
9.9973E-05 9.9973E-05 0.166745 0.0755655 9.9973E-05 0.155737 0.0255057 0.0580071 0.51814
9.9973E-05 9.9973E-05 0.165054 0.0725435 9.9973E-05 0.163399 0.0634501 0.0378465 0.497407
0.0238963 0.192955 9.9991E-05 0.204048 0.0230737 0.0350322 0.0831118 0.0717866 0.365997
9.993E-05 9.993E-05 9.993E-05 0.999201 9.993E-05 9.993E-05 9.993E-05 9.993E-05 9.993E-05
0.0229098 9.9973E-05 0.0021076 0.924074 9.9973E-05 0.0103525 9.9973E-05 0.0367109 0.0035455
0.0210467 9.9964E-05 0.0787151 0.830487 0.0244562 9.9964E-05 9.9964E-05 9.9964E-05 0.0448956
9.993E-05 9.993E-05 9.993E-05 0.999201 9.993E-05 9.993E-05 9.993E-05 9.993E-05 9.993E-05
9.993E-05 9.993E-05 9.993E-05 0.999201 9.993E-05 9.993E-05 9.993E-05 9.993E-05 9.993E-05
9.993E-05 9.993E-05 9.993E-05 0.999201 9.993E-05 9.993E-05 9.993E-05 9.993E-05 9.993E-05
9.9946E-05 9.9946E-05 0.00305206 0.98967 9.9946E-05 9.9946E-05 0.0066785 9.9946E-05 9.9946E-05
9.9982E-05 0.0139291 0.00436341 0.886154 0.0100535 0.0345272 9.9982E-05 0.0375814 0.0131911
9.993E-05 9.993E-05 9.993E-05 0.999201 9.993E-05 9.993E-05 9.993E-05 9.993E-05 9.993E-05
9.993E-05 9.993E-05 9.993E-05 0.999201 9.993E-05 9.993E-05 9.993E-05 9.993E-05 9.993E-05
9.9982E-05 0.0907649 0.0856545 0.0952467 0.0876794 9.9982E-05 0.292468 0.0694544 0.278532
0.00410383 0.0255935 9.9955E-05 0.898483 9.9955E-05 9.9955E-05 9.9955E-05 9.9955E-05 0.0713194
9.993E-05 9.993E-05 9.993E-05 0.999201 9.993E-05 9.993E-05 9.993E-05 9.993E-05 9.993E-05
0.00864901 0.039816 0.0350074 0.910244 9.9964E-05 9.9964E-05 0.00588404 9.9964E-05 9.9964E-05
9.9964E-05 0.0806406 0.105762 0.0700001 9.9964E-05 9.9964E-05 0.163822 9.9964E-05 0.579375
9.9973E-05 0.0359013 0.0826712 0.112175 9.9973E-05 9.9973E-05 0.185582 0.026356 0.557014
9.9973E-05 0.0374601 0.159143 0.0931145 9.9973E-05 9.9973E-05 0.176882 0.0127815 0.520319
9.9973E-05 0.0282437 0.0782252 0.17353 9.9973E-05 9.9973E-05 0.160801 0.0152037 0.543697
9.9982E-05 0.0806726 0.0654965 0.122312 0.0182709 9.9982E-05 0.219315 0.0196349 0.474098
9.9982E-05 0.0702866 0.121274 0.0918049 0.187965 9.9982E-05 0.15524 0.0196374 0.353592
0.00879758 0.0288305 0.114417 0.14921 0.0960481 9.9982E-05 0.176776 9.9982E-05 0.425721
9.9964E-05 0.0220688 0.133341 0.111482 9.9964E-05 9.9964E-05 0.185179 9.9964E-05 0.547529
9.9982E-05 0.0453391 0.116681 0.196508 0.0227066 9.9982E-05 0.126588 0.0715238 0.420454
9.9982E-05 0.0393893 0.134307 0.174322 0.0474788 9.9982E-05 0.119584 0.0477461 0.436973
9.9982E-05 0.0848526 0.0754334 0.12559 0.0950462 9.9982E-05 0.0836079 0.0388554 0.496414
9.9982E-05 0.050157 0.149122 0.161586 0.0697199 9.9982E-05 0.0409637 0.0461781 0.482074
0.0101786 0.0388154 0.110035 0.0737295 9.9982E-05 9.9982E-05 0.183231 0.0359396 0.547871
9.9982E-05 0.0574037 0.0228891 0.133344 9.9982E-05 0.0762721 0.143771 0.0392544 0.526866
9.9982E-05 0.00834526 9.9982E-05 0.0078813 0.0571372 0.00255511 0.877439 0.0340188 0.0124237
0.00634629 0.0332703 0.032256 9.9964E-05 9.9964E-05 0.0312273 0.8965 9.9964E-05 9.9964E-05
9.993E-05 9.993E-05 9.993E-05 9.993E-05 9.993E-05 9.993E-05 0.999201 9.993E-05 9.993E-05
9.9946E-05 0.0121591 9.9946E-05 9.9946E-05 0.0387278 9.9946E-05 0.948513 9.9946E-05 9.9946E-05
9.993E-05 9.993E-05 9.993E-05 9.993E-05 9.993E-05 9.993E-05 0.999201 9.993E-05 9.993E-05
0.0090173 9.9955E-05 9.9955E-05 0.0133882 9.9955E-05 9.9955E-05 0.973534 0.00356073 9.9955E-05
9.9937E-05 9.9937E-05 9.9937E-05 9.9937E-05 9.9937E-05 9.9937E-05 0.982344 9.9937E-05 0.0169564
0.0235862 9.9973E-05 0.157079 9.9973E-05 0.00038873 0.0252987 0.789775 9.9973E-05 0.00357276
9.993E-05 9.993E-05 9.993E-05 9.993E-05 9.993E-05 9.993E-05 0.999201 9.993E-05 9.993E-05
9.993E-05 9.993E-05 9.993E-05 9.993E-05 9.993E-05 9.993E-05 0.999201 9.993E-05 9.993E-05
0.0369205 9.9964E-05 0.0880972 0.017546 9.9964E-05 0.0156817 0.841355 9.9964E-05 9.9964E-05
9.993E-05 9.993E-05 9.993E-05 9.993E-05 9.993E-05 9.993E-05 0.999201 9.993E-05 9.993E-05
0.00285479 9.9982E-05 0.0360404 0.0400614 9.9982E-05 0.0165474 0.746732 0.0943505 0.0632139
9.993E-05 9.993E-05 9.993E-05 9.993E-05 9.993E-05 9.993E-05 9.993E-05 0.999201 9.993E-05
9.9982E-05 0.047912 0.108127 0.171795 9.9982E-05 0.042381 0.161498 0.0518162 0.416271
9.993E-05 9.993E-05 9.993E-05 9.993E-05 9.993E-05 9.993E-05 9.993E-05 0.999201 9.993E-05
9.993E-05 9.993E-05 9.993E-05 9.993E-05 9.993E-05 9.993E-05 9.993E-05 0.999201 9.993E-05
0.0215295 0.00854202 0.097443 9.9964E-05 0.00984671 9.9964E-05 9.9964E-05 0.862239 9.9964E-05
9.9973E-05 0.0314342 9.9973E-05 0.013833 0.063272 9.9973E-05 0.0254672 0.822172 0.0435216
9.993E-05 9.993E-05 9.993E-05 9.993E-05 9.993E-05 9.993E-05 9.993E-05 0.999201 9.993E-05
9.99461E-05 9.99461E-05 0.0323192 9.99461E-05 9.99461E-05 9.99461E-05 9.99461E-05 0.8674 0.0996815
9.9946E-05 0.0166769 9.9946E-05 0.00228849 9.9946E-05 9.9946E-05 9.9946E-05 0.980435 9.9946E-05
9.9946E-05 9.9946E-05 9.9946E-05 9.9946E-05 9.9946E-05 9.9946E-05 0.00794164 0.986827 0.00463171
0.00174716 9.9937E-05 9.9937E-05 9.9937E-05 9.9937E-05 9.9937E-05 9.9937E-05 0.997553 9.9937E-05
9.9955E-05 0.00332614 9.9955E-05 9.9955E-05 9.9955E-05 0.00569165 9.9955E-05 0.983946 0.00653658
9.99371E-05 9.99371E-05 9.99371E-05 9.99371E-05 9.99371E-05 9.99371E-05 0.00589534 0.993405 9.99371E-05
9.9982E-05 0.0418054 0.0308806 0.0301166 9.9982E-05 0.024984 0.0625109 0.781194 0.0283083
0.0145422 9.99371E-05 9.99371E-05 9.99371E-05 9.99371E-05 9.99371E-05 9.99371E-05 0.984758 9.99371E-05
0.017358 9.9964E-05 0.00876948 0.0426313 9.9964E-05 0.0205468 9.9964E-05 0.910295 9.9964E-05
0.00804506 0.0359628 0.0432555 0.023712 0.00636181 9.9991E-05 0.00411768 0.858194 0.0202512
0.0108437 0.0287291 0.0227194 9.9973E-05 9.9973E-05 0.0189815 0.0210752 0.897351 9.9973E-05
9.9946E-05 9.9946E-05 9.9946E-05 9.9946E-05 9.9946E-05 9.9946E-05 0.0181263 0.979012 0.00226243
0.047899 0.272173 0.120336 0.0624766 9.9982E-05 9.9982E-05 0.0617564 0.0773277 0.357832
0.0274499 0.270968 0.123998 0.0713056 0.0100604 9.9991E-05 0.0651736 0.0471929 0.383751
0.0551175 0.279261 0.136842 0.0741985 9.9973E-05 9.9973E-05 9.9973E-05 0.0454377 0.408843
0.0476701 0.24733 0.129077 0.0867029 9.9973E-05 9.9973E-05 9.9973E-05 0.0600138 0.428906
9.9964E-05 0.0240588 0.929842 9.9964E-05 0.000117383 0.0091675 0.0364148 9.9964E-05 9.9964E-05
9.993E-05 9.993E-05 0.999201 9.993E-05 9.993E-05 9.993E-05 9.993E-05 9.993E-05 9.993E-05
9.9946E-05 0.00183221 0.996085 9.9946E-05 9.9946E-05 9.9946E-05 9.9946E-05 0.00148347 9.9946E-05
9.993E-05 9.993E-05 0.999201 9.993E-05 9.993E-05 9.993E-05 9.993E-05 9.993E-05 9.993E-05
9.9946E-05 0.00215296 0.992194 9.9946E-05 9.9946E-05 9.9946E-05 0.0050537 9.9946E-05 9.9946E-05
9.9946E-05 0.00784403 0.951752 0.0398044 9.9946E-05 9.9946E-05 9.9946E-05 9.9946E-05 9.9946E-05
9.9964E-05 0.00468084 0.966457 0.00293903 9.9964E-05 9.9964E-05 9.9964E-05 0.00778246 0.0177408
0.0288476 0.0422874 0.773349 9.9982E-05 0.0593805 9.9982E-05 0.0233601 0.0470301 0.0255451
0.00725505 0.00312693 0.863381 9.9982E-05 9.9982E-05 0.0323767 0.0126876 0.00743312 0.0735399
9.9964E-05 0.960386 0.0075653 9.9964E-05 9.9964E-05 0.00442224 9.9964E-05 0.00194464 0.0252823
9.993E-05 0.999201 9.993E-05 9.993E-05 9.993E-05 9.993E-05 9.993E-05 9.993E-05 9.993E-05
9.993E-05 0.999201 9.993E-05 9.993E-05 9.993E-05 9.993E-05 9.993E-05 9.993E-05 9.993E-05
9.993E-05 0.999201 9.993E-05 9.993E-05 9.993E-05 9.993E-05 9.993E-05 9.993E-05 9.993E-05
9.993E-05 0.999201 9.993E-05 9.993E-05 9.993E-05 9.993E-05 9.993E-05 9.993E-05 9.993E-05
9.9964E-05 0.82534 0.00172796 9.9964E-05 0.0157986 0.0155661 9.9964E-05 9.9964E-05 0.141168
9.993E-05 0.999201 9.993E-05 9.993E-05 9.993E-05 9.993E-05 9.993E-05 9.993E-05 9.993E-05
9.993E-05 0.999201 9.993E-05 9.993E-05 9.993E-05 9.993E-05 9.993E-05 9.993E-05 9.993E-05
9.9946E-05 0.986984 0.0116838 9.9946E-05 9.9946E-05 9.9946E-05 9.9946E-05 0.000732835 9.9946E-05
9.9946E-05 0.930399 9.9946E-05 9.9946E-05 9.9946E-05 9.9946E-05 0.0517177 9.9946E-05 0.0172833
9.9955E-05 0.965974 0.0187776 0.0137378 9.9955E-05 9.9955E-05 0.00101071 9.9955E-05 9.9955E-05
9.9946E-05 0.968165 0.0139121 0.0173229 9.9946E-05 9.9946E-05 9.9946E-05 9.9946E-05 9.9946E-05
