9.993E-05 9.993E-05 0.999201 9.993E-05 9.993E-05 9.993E-05 9.993E-05 9.993E-05 9.993E-05
9.9955E-05 9.9955E-05 0.255466 0.0791058 0.578666 9.9955E-05 9.9955E-05 0.0862631 9.9955E-05
9.9955E-05 9.9955E-05 0.254222 0.0644066 0.603584 9.9955E-05 9.9955E-05 0.0772874 9.9955E-05
9.99461E-05 9.99461E-05 0.197581 9.99461E-05 0.766197 9.99461E-05 0.0356217 9.99461E-05 9.99461E-05
0.066089 0.00469007 0.110721 9.9982E-05 0.654806 0.0535508 0.00626085 9.9982E-05 0.103682
0.0107001 9.9973E-05 0.173232 0.0273064 0.609422 0.043174 0.135866 9.9973E-05 9.9973E-05
9.9946E-05 9.9946E-05 0.260414 9.9946E-05 0.68056 9.9946E-05 0.0584261 9.9946E-05 9.9946E-05
9.9964E-05 9.9964E-05 0.283228 0.0798384 0.513975 9.9964E-05 0.0871218 0.0354374 9.9964E-05
9.9973E-05 9.9973E-05 0.190043 0.0503247 0.669383 9.9973E-05 0.0239163 0.0313167 0.0347159
9.9937E-05 0.00112889 0.998172 9.9937E-05 9.9937E-05 9.9937E-05 9.9937E-05 9.9937E-05 9.9937E-05
9.993E-05 9.993E-05 0.999201 9.993E-05 9.993E-05 9.993E-05 9.993E-05 9.993E-05 9.993E-05
9.993E-05 9.993E-05 0.999201 9.993E-05 9.993E-05 9.993E-05 9.993E-05 9.993E-05 9.993E-05
9.993E-05 9.993E-05 0.999201 9.993E-05 9.993E-05 9.993E-05 9.993E-05 9.993E-05 9.993E-05
0.0371722 0.00910354 0.889437 9.9955E-05 0.0637872 9.9955E-05 9.9955E-05 9.9955E-05 9.9955E-05
9.9946E-05 0.0175871 0.948917 9.9946E-05 9.9946E-05 9.9946E-05 0.0328958 9.9946E-05 9.9946E-05
0.00986198 9.9964E-05 0.200892 9.9964E-05 0.414104 9.9964E-05 0.251659 9.9964E-05 0.123083
0.0554136 0.023219 0.224976 0.0895374 0.25459 0.0457918 0.216102 0.0380562 0.0523148
9.9955E-05 9.9955E-05 0.168623 0.00519298 0.73239 0.0932946 9.9955E-05 9.9955E-05 9.9955E-05
0.0587144 9.9946E-05 9.9946E-05 9.9946E-05 0.927425 9.9946E-05 9.9946E-05 9.9946E-05 0.0132613
0.0422195 0.00128515 9.9964E-05 9.9964E-05 0.910179 0.0392612 9.9964E-05 0.00665537 9.9964E-05
9.9964E-05 9.9964E-05 0.0168801 9.9964E-05 0.878855 0.0200448 9.9964E-05 0.00430758 0.0795122
0.0981291 0.0144028 9.9973E-05 0.0455644 0.785794 9.9973E-05 0.018253 0.0375566 9.9973E-05
0.116319 9.9955E-05 9.9955E-05 0.0283282 0.83591 9.9955E-05 9.9955E-05 9.9955E-05 0.0189424
0.0185175 0.024774 9.9955E-05 0.0198915 0.936317 9.9955E-05 9.9955E-05 9.9955E-05 9.9955E-05
9.9955E-05 0.0215978 9.9955E-05 9.9955E-05 0.880357 9.9955E-05 0.0835655 0.0139802 9.9955E-05
0.00697894 0.0584669 9.9982E-05 0.0127992 0.638461 0.108553 0.121253 9.9982E-05 0.0532887
0.0173407 0.00220407 9.9982E-05 0.10369 0.746122 0.0352787 0.0139848 9.9982E-05 0.0811793
9.9955E-05 0.00359814 9.9955E-05 0.0147403 0.893683 9.9955E-05 0.0874787 9.9955E-05 9.9955E-05
0.029079 0.0634121 0.0144939 0.00641719 0.779926 0.0634606 0.00862003 9.9991E-05 0.0344913
9.9955E-05 9.9955E-05 0.045022 0.0350673 0.837439 0.0819715 9.9955E-05 9.9955E-05 9.9955E-05
0.0562301 9.99461E-05 0.0462375 9.99461E-05 0.896933 9.99461E-05 9.99461E-05 9.99461E-05 9.99461E-05
0.00867652 0.0439482 9.9982E-05 0.00627044 0.722002 0.0555028 0.133756 9.9982E-05 0.0296446
0.0247302 0.00482426 9.9973E-05 0.0530328 0.716261 0.1792 9.9973E-05 9.9973E-05 0.0216519
9.999E-05 0.099705 0.0618871 0.104936 0.572993 0.093641 0.0236834 0.00730269 0.0357511
0.144417 0.0383512 9.9955E-05 9.9955E-05 0.810021 9.9955E-05 9.9955E-05 9.9955E-05 0.00671054
0.00383129 9.9964E-05 0.0453864 9.9964E-05 0.912757 0.0364271 9.9964E-05 9.9964E-05 0.00119823
0.0540979 9.9964E-05 9.9964E-05 0.0157637 0.46271 0.19808 0.268949 9.9964E-05 9.9964E-05
0.054813 9.9973E-05 9.9973E-05 0.0119996 0.590786 0.257675 0.0453726 9.9973E-05 0.0390533
0.00659195 9.9982E-05 9.9982E-05 0.0667825 0.544428 0.175794 0.0923004 0.0173729 0.0965301
9.9964E-05 9.9964E-05 0.000513758 9.9964E-05 0.594949 0.309053 0.0456965 9.9964E-05 0.0493876
9.9973E-05 0.101579 9.9973E-05 0.0481587 0.0873994 0.0962055 0.62582 0.0405369 9.9973E-05
9.999E-05 0.0985165 0.00945024 0.00885743 0.0501947 0.0577762 0.697331 0.0446395 0.0331348
0.0122508 0.10088 0.0257623 0.0566485 0.210184 0.055677 0.505314 0.0331836 9.9991E-05
9.9982E-05 0.0564036 9.9982E-05 0.0371467 0.0696604 0.0794718 0.672767 0.0696246 0.0147262
0.0051968 0.0357465 9.9982E-05 0.0492906 0.276919 0.128239 0.42821 9.9982E-05 0.0761971
9.993E-05 9.993E-05 9.993E-05 9.993E-05 9.993E-05 9.993E-05 0.999201 9.993E-05 9.993E-05
9.9937E-05 9.9937E-05 9.9937E-05 9.9937E-05 9.9937E-05 9.9937E-05 0.996681 9.9937E-05 0.00261906
0.0336442 0.0866185 9.9982E-05 0.0427594 0.405108 0.0360947 0.370927 9.9982E-05 0.024648
0.00515235 0.0981132 0.066028 0.0375082 0.216518 0.141348 0.362443 9.9991E-05 0.0727899
9.9982E-05 0.0630799 0.0951071 0.0391213 0.431916 0.0505042 0.286524 0.0335471 9.9982E-05
9.9973E-05 9.9973E-05 0.0463322 0.0437639 0.227709 0.287253 0.360179 9.9973E-05 0.0344632
9.9982E-05 0.0153792 0.00449724 0.0566447 0.210396 0.114792 0.55637 9.9982E-05 0.0417209
0.0499157 0.00816124 0.000175446 9.9973E-05 0.0291343 0.0132488 0.899065 9.9973E-05 9.9973E-05
0.0507944 0.054502 0.0585254 9.9982E-05 0.218269 0.352635 0.24286 9.9982E-05 0.0222146
0.013431 0.0267361 0.0554395 9.9991E-05 0.220508 0.417182 0.227061 0.0198692 0.0196739
0.00663113 0.109609 9.9991E-05 0.0847935 0.175007 0.0775788 0.522537 0.0147089 0.0090356
0.0135656 0.0219185 0.0731705 0.031252 0.214172 0.285201 0.279408 9.9991E-05 0.0812129
9.9973E-05 0.0917422 9.9973E-05 9.9973E-05 0.244495 0.122613 0.434745 0.0188806 0.0872245
9.9946E-05 9.9946E-05 9.9946E-05 0.0239761 9.9946E-05 9.9946E-05 0.946716 9.9946E-05 0.0287084
9.9973E-05 9.9973E-05 0.0330527 0.027354 0.226317 0.253412 0.339845 9.9973E-05 0.119719
9.9964E-05 0.0662714 9.9964E-05 9.9964E-05 0.131992 9.9964E-05 0.650067 0.0131674 0.138103
0.0140552 0.0367978 0.00762912 9.9991E-05 0.0687985 0.225219 0.62872 0.00895949 0.00972081
9.9982E-05 9.9982E-05 0.00245032 0.0941965 0.0687525 0.24046 0.510021 0.045518 0.0384022
0.0405055 0.0528541 9.9973E-05 0.0235706 9.9973E-05 9.9973E-05 0.845455 0.030362 0.00695258
9.9973E-05 0.0586895 0.028888 9.9973E-05 0.0503983 0.175287 0.640538 9.9973E-05 0.0458991
0.0686938 0.00585463 9.9964E-05 0.0272519 9.9964E-05 9.9964E-05 0.892712 0.00508745 9.9964E-05
9.9937E-05 9.9937E-05 9.9937E-05 9.9937E-05 9.9937E-05 0.37711 0.622191 9.9937E-05 9.9937E-05
0.104796 0.0302546 9.9955E-05 9.9955E-05 9.9955E-05 9.9955E-05 0.836447 0.0280036 9.9955E-05
0.0222593 0.0204912 9.9991E-05 0.0385617 0.275737 0.134899 0.486416 0.014049 0.0074864
0.0212004 0.0372769 9.9946E-05 9.9946E-05 9.9946E-05 9.9946E-05 0.940923 9.9946E-05 9.9946E-05
9.9982E-05 0.0198854 0.0594596 0.0588579 0.0908186 0.154281 0.572304 0.0441937 9.9982E-05
0.0462833 0.0575068 9.9991E-05 0.0324713 0.0521973 0.237799 0.536747 0.0324015 0.00449409
9.9964E-05 9.9964E-05 0.0697237 9.9964E-05 0.000385819 0.0820626 0.806134 9.9964E-05 0.0412937
9.9964E-05 9.9964E-05 0.0540843 9.9964E-05 0.0272127 0.116119 0.756921 9.9964E-05 0.0452634
9.9973E-05 0.0959444 0.0490751 0.00491148 9.9973E-05 0.332442 0.485936 9.9973E-05 0.0313903
0.0219699 9.9973E-05 0.00129504 0.00243344 9.9973E-05 0.20292 0.687349 9.9973E-05 0.0837319
0.0118077 9.9964E-05 9.9964E-05 0.0333194 0.0122866 0.220256 0.72193 9.9964E-05 9.9964E-05
0.089572 0.0291524 0.00870189 9.9973E-05 9.9973E-05 0.214599 0.539159 0.118516 9.9973E-05
9.9955E-05 9.9955E-05 9.9955E-05 9.9955E-05 0.0103546 0.970968 9.9955E-05 0.0151903 0.00298695
9.9946E-05 9.9946E-05 9.9946E-05 0.000757383 9.9946E-05 0.994958 0.00368459 9.9946E-05 9.9946E-05
9.993E-05 9.993E-05 9.993E-05 9.993E-05 9.993E-05 0.999201 9.993E-05 9.993E-05 9.993E-05
9.9946E-05 9.9946E-05 9.9946E-05 9.9946E-05 9.9946E-05 0.967775 0.0219802 0.00964534 9.9946E-05
0.0132333 9.9937E-05 9.9937E-05 9.9937E-05 9.9937E-05 0.986067 9.9937E-05 9.9937E-05 9.9937E-05
9.9973E-05 0.0842355 9.9973E-05 9.9973E-05 0.186398 0.582007 0.0805009 0.0633283 0.00322998
0.0144267 0.0278836 0.0106123 9.9991E-05 0.0125195 0.577582 0.182991 0.118468 0.0554175
9.9991E-05 0.0305888 0.023085 0.0775828 0.0636481 0.555922 0.143766 0.0792687 0.0260388
9.9991E-05 0.0599092 0.033403 0.0648502 0.188493 0.466968 0.0879194 0.0318985 0.0664585
9.9982E-05 0.053069 0.0213358 9.9982E-05 0.0935469 0.572024 0.138086 0.0602479 0.0614908
0.0825503 0.0313029 0.00080081 0.0641581 9.9991E-05 0.48484 0.164552 0.0859564 0.0857388
0.00180743 0.111792 0.0156504 0.0777835 0.0542849 0.342039 0.218322 0.0789153 0.0994053
0.199983 0.0425748 0.0359085 0.0521753 0.0492609 0.226217 0.293217 0.100565 9.9991E-05
0.177372 0.0599432 0.0207218 0.0734268 0.0666876 0.244917 0.285901 0.0709309 9.9991E-05
9.9991E-05 0.0196317 0.0263795 0.084435 0.0124751 0.363328 0.186009 0.1334 0.174241
9.993E-05 9.993E-05 9.993E-05 9.993E-05 9.993E-05 9.993E-05 9.993E-05 0.999201 9.993E-05
9.99461E-05 0.036853 0.0167564 9.99461E-05 9.99461E-05 9.99461E-05 9.99461E-05 0.945791 9.99461E-05
0.0582009 0.00644532 9.9973E-05 0.00497594 9.9973E-05 0.0553197 0.0320706 0.842688 9.9973E-05
9.99371E-05 9.99371E-05 9.99371E-05 0.0107014 9.99371E-05 9.99371E-05 9.99371E-05 0.988599 9.99371E-05
9.993E-05 9.993E-05 9.993E-05 9.993E-05 9.993E-05 9.993E-05 9.993E-05 0.999201 9.993E-05
9.993E-05 9.993E-05 9.993E-05 9.993E-05 9.993E-05 9.993E-05 9.993E-05 0.999201 9.993E-05
9.9937E-05 9.9937E-05 9.9937E-05 9.9937E-05 9.9937E-05 0.00142329 9.9937E-05 0.997877 9.9937E-05
0.00345678 9.9964E-05 9.9964E-05 9.9964E-05 0.0719141 0.0268117 9.9964E-05 0.88182 0.0155975
9.99371E-05 9.99371E-05 9.99371E-05 9.99371E-05 9.99371E-05 9.99371E-05 9.99371E-05 0.984708 0.014592
9.993E-05 9.993E-05 9.993E-05 9.993E-05 9.993E-05 9.993E-05 9.993E-05 0.999201 9.993E-05
0.066478 0.237956 9.9982E-05 0.0853393 0.105698 0.371336 9.9982E-05 0.0460059 0.0869868
0.0341209 9.9955E-05 9.9955E-05 9.9955E-05 9.9955E-05 9.9955E-05 0.0922717 0.84045 0.0326573
9.9946E-05 9.9946E-05 9.9946E-05 9.9946E-05 9.9946E-05 0.00910795 9.9946E-05 0.975766 0.0145262
0.00879478 9.9946E-05 9.9946E-05 9.9946E-05 9.9946E-05 9.9946E-05 9.9946E-05 0.988044 0.00256107
9.993E-05 9.993E-05 9.993E-05 9.993E-05 9.993E-05 0.999201 9.993E-05 9.993E-05 9.993E-05
9.993E-05 9.993E-05 9.993E-05 9.993E-05 9.993E-05 0.999201 9.993E-05 9.993E-05 9.993E-05
9.993E-05 9.993E-05 9.993E-05 9.993E-05 9.993E-05 0.999201 9.993E-05 9.993E-05 9.993E-05
9.993E-05 9.993E-05 9.993E-05 9.993E-05 9.993E-05 0.999201 9.993E-05 9.993E-05 9.993E-05
9.9964E-05 0.0741458 9.9964E-05 0.00979311 9.9964E-05 0.867116 9.9964E-05 0.0160887 0.0324562
0.0706834 0.0559819 9.9964E-05 0.00362247 0.131601 0.737712 9.9964E-05 9.9964E-05 9.9964E-05
0.0941322 0.0692184 0.00922622 0.0125071 0.0292119 0.734477 9.9991E-05 0.0263257 0.0248014
0.0537407 0.10676 9.9955E-05 9.9955E-05 9.9955E-05 0.825591 9.9955E-05 0.0134092 9.9955E-05
0.0570058 0.00268179 9.9973E-05 0.0467008 9.9973E-05 0.820136 9.9973E-05 0.0628055 0.0103697
0.0510527 9.9955E-05 9.9955E-05 0.0254815 9.9955E-05 0.884699 9.9955E-05 0.0382673 9.9955E-05
0.0319401 0.0301835 9.9982E-05 0.0507261 0.0318207 0.76977 9.9982E-05 0.057345 0.0280146
0.110057 9.9964E-05 9.9964E-05 0.0114698 9.9964E-05 0.799312 9.9964E-05 0.0624339 0.0163277
0.0433849 0.105441 0.0206624 0.0379439 9.9982E-05 0.764475 0.0172085 9.9982E-05 0.0106843
0.0253599 0.123226 9.9991E-05 0.0142472 0.023621 0.720597 0.0320133 0.0335343 0.027301
0.00184656 0.936886 9.9964E-05 0.0238795 0.0189394 0.018049 9.9964E-05 9.9964E-05 9.9964E-05
0.0300045 0.850963 0.0131821 9.9973E-05 0.013551 9.9973E-05 9.9973E-05 0.015905 0.0760941
9.993E-05 0.999201 9.993E-05 9.993E-05 9.993E-05 9.993E-05 9.993E-05 9.993E-05 9.993E-05
9.9937E-05 0.973272 9.9937E-05 9.9937E-05 9.9937E-05 9.9937E-05 0.0260282 9.9937E-05 9.9937E-05
9.993E-05 0.999201 9.993E-05 9.993E-05 9.993E-05 9.993E-05 9.993E-05 9.993E-05 9.993E-05
9.9937E-05 0.987064 9.9937E-05 9.9937E-05 9.9937E-05 9.9937E-05 9.9937E-05 0.0122361 9.9937E-05
9.993E-05 0.999201 9.993E-05 9.993E-05 9.993E-05 9.993E-05 9.993E-05 9.993E-05 9.993E-05
0.0835047 0.768793 0.0394842 9.9964E-05 9.9964E-05 9.9964E-05 0.105337 9.9964E-05 0.00248172
9.993E-05 0.999201 9.993E-05 9.993E-05 9.993E-05 9.993E-05 9.993E-05 9.993E-05 9.993E-05
9.993E-05 0.999201 9.993E-05 9.993E-05 9.993E-05 9.993E-05 9.993E-05 9.993E-05 9.993E-05
0.0760925 0.881258 0.0265635 0.00629209 9.9964E-05 9.9964E-05 9.9964E-05 0.0093936 9.9964E-05
9.99371E-05 0.986801 9.99371E-05 9.99371E-05 9.99371E-05 9.99371E-05 9.99371E-05 9.99371E-05 0.0124998
0.0519663 0.690326 0.00126954 0.0419444 9.9982E-05 0.0811057 0.0763393 9.9982E-05 0.0568492
9.993E-05 9.993E-05 9.993E-05 0.999201 9.993E-05 9.993E-05 9.993E-05 9.993E-05 9.993E-05
0.00982291 0.0828385 9.9982E-05 0.0741765 9.9982E-05 0.630856 0.0717152 0.101573 0.028818
9.993E-05 9.993E-05 9.993E-05 0.999201 9.993E-05 9.993E-05 9.993E-05 9.993E-05 9.993E-05
9.993E-05 9.993E-05 9.993E-05 0.999201 9.993E-05 9.993E-05 9.993E-05 9.993E-05 9.993E-05
0.0655096 9.99371E-05 9.99371E-05 0.933791 9.99371E-05 9.99371E-05 9.99371E-05 9.99371E-05 9.99371E-05
9.9973E-05 0.0306143 0.00634461 0.788022 9.9973E-05 0.14334 0.028651 0.00272867 9.9973E-05
9.993E-05 9.993E-05 9.993E-05 0.999201 9.993E-05 9.993E-05 9.993E-05 9.993E-05 9.993E-05
9.99461E-05 9.99461E-05 9.99461E-05 0.859659 9.99461E-05 0.12627 9.99461E-05 9.99461E-05 0.0134709
9.993E-05 9.993E-05 9.993E-05 0.999201 9.993E-05 9.993E-05 9.993E-05 9.993E-05 9.993E-05
9.9964E-05 0.013536 0.00919689 0.940964 9.9964E-05 0.0346538 9.9964E-05 9.9964E-05 0.00124904
9.993E-05 9.993E-05 9.993E-05 0.999201 9.993E-05 9.993E-05 9.993E-05 9.993E-05 9.993E-05
9.99371E-05 9.99371E-05 9.99371E-05 0.988263 9.99371E-05 9.99371E-05 9.99371E-05 9.99371E-05 0.011037
9.9946E-05 0.0365101 9.9946E-05 0.955666 9.9946E-05 9.9946E-05 9.9946E-05 0.00722469 9.9946E-05
0.0400932 0.0272381 9.9982E-05 0.743497 0.0385624 9.9982E-05 0.0581541 0.0471144 0.0451409
0.0350358 9.9955E-05 0.0176742 0.926938 9.9955E-05 9.9955E-05 0.0198523 9.9955E-05 9.9955E-05
0.0309006 0.0258814 0.00310943 0.847982 9.9982E-05 0.0119829 0.0615779 0.0183657 9.9982E-05
0.0465834 0.0485415 0.013976 0.84154 9.9982E-05 9.9982E-05 0.00151454 0.00225012 0.0453942
0.00345361 0.0131263 0.0265574 0.822355 0.00827703 0.0408733 0.0625117 9.9991E-05 0.0227459
9.9955E-05 0.0233764 9.9955E-05 0.946262 9.9955E-05 0.0233887 0.00647307 9.9955E-05 9.9955E-05
0.10564 0.0282367 0.051663 0.0476708 9.9991E-05 0.285282 0.164364 0.0337463 0.283298
0.167335 0.0477519 0.0174869 0.0312681 9.9991E-05 0.260148 0.203749 0.0452373 0.226924
0.115907 9.9982E-05 0.0577542 0.0334198 9.9982E-05 0.256322 0.24152 0.0652101 0.229667
0.132631 9.9982E-05 0.0498512 0.0352647 9.9982E-05 0.264919 0.249929 0.0249348 0.242269
0.940726 9.9955E-05 0.00256055 9.9955E-05 9.9955E-05 9.9955E-05 0.03829 0.0179242 9.9955E-05
0.999201 9.993E-05 9.993E-05 9.993E-05 9.993E-05 9.993E-05 9.993E-05 9.993E-05 9.993E-05
0.984195 9.9955E-05 9.9955E-05 0.00322532 9.9955E-05 9.9955E-05 9.9955E-05 0.0026307 0.00944888
0.999201 9.993E-05 9.993E-05 9.993E-05 9.993E-05 9.993E-05 9.993E-05 9.993E-05 9.993E-05
0.978064 0.00854556 9.9946E-05 9.9946E-05 9.9946E-05 9.9946E-05 9.9946E-05 9.9946E-05 0.0127912
0.929407 9.9964E-05 0.00150908 0.0128438 9.9964E-05 0.0320983 9.9964E-05 9.9964E-05 0.0237421
0.905066 0.0178756 9.9973E-05 0.00933465 9.9973E-05 0.0222625 9.9973E-05 0.0299649 0.0151965
0.780011 0.018868 9.9973E-05 0.0119174 0.106587 0.0689316 9.9973E-05 9.9973E-05 0.0133844
0.896997 9.9955E-05 0.0276121 9.9955E-05 0.0262232 0.0486679 9.9955E-05 9.9955E-05 9.9955E-05
9.9937E-05 0.0033566 9.9937E-05 9.9937E-05 9.9937E-05 9.9937E-05 9.9937E-05 9.9937E-05 0.995944
9.9955E-05 0.00189279 9.9955E-05 0.0018515 9.9955E-05 0.0318505 9.9955E-05 9.9955E-05 0.963905
9.993E-05 9.993E-05 9.993E-05 9.993E-05 9.993E-05 9.993E-05 9.993E-05 9.993E-05 0.999201
9.993E-05 9.993E-05 9.993E-05 9.993E-05 9.993E-05 9.993E-05 9.993E-05 9.993E-05 0.999201
9.993E-05 9.993E-05 9.993E-05 9.993E-05 9.993E-05 9.993E-05 9.993E-05 9.993E-05 0.999201
0.0352521 9.9964E-05 9.9964E-05 0.0539158 9.9964E-05 0.0684167 9.9964E-05 0.0259546 0.816061
9.9937E-05 9.9937E-05 9.9937E-05 9.9937E-05 9.9937E-05 9.9937E-05 0.0048032 9.9937E-05 0.994497
9.993E-05 9.993E-05 9.993E-05 9.993E-05 9.993E-05 9.993E-05 9.993E-05 9.993E-05 0.999201
9.99371E-05 9.99371E-05 0.0210518 9.99371E-05 9.99371E-05 9.99371E-05 9.99371E-05 9.99371E-05 0.978249
9.9964E-05 0.0430684 9.9964E-05 0.0180064 9.9964E-05 0.0360791 0.0124167 9.9964E-05 0.890029
9.993E-05 9.993E-05 9.993E-05 9.993E-05 9.993E-05 9.993E-05 9.993E-05 9.993E-05 0.999201
0.0223138 9.9946E-05 9.9946E-05 9.9946E-05 0.00830866 9.9946E-05 9.9946E-05 9.9946E-05 0.968778
