9.993E-05 9.993E-05 9.993E-05 9.993E-05 9.993E-05 9.993E-05 9.993E-05 9.993E-05 0.999201
0.0560377 0.0378658 9.9982E-05 0.00830619 0.0238792 9.9982E-05 0.0533435 0.000688526 0.819679
0.999201 9.993E-05 9.993E-05 9.993E-05 9.993E-05 9.993E-05 9.993E-05 9.993E-05 9.993E-05
0.875693 0.0303453 0.0380417 9.9973E-05 0.0199997 0.0233968 9.9973E-05 0.012224 9.9973E-05
0.0164967 9.9955E-05 0.0320313 9.9955E-05 9.9955E-05 9.9955E-05 0.156862 9.9955E-05 0.79411
0.0232035 0.129236 9.9946E-05 9.9946E-05 9.9946E-05 9.9946E-05 9.9946E-05 9.9946E-05 0.84696
9.9955E-05 9.9955E-05 0.0226336 9.9955E-05 0.00687127 9.9955E-05 0.0662728 9.9955E-05 0.903723
9.9955E-05 9.9955E-05 0.0916146 9.9955E-05 9.9955E-05 0.0516427 9.9955E-05 0.00950771 0.846735
0.20593 9.9946E-05 9.9946E-05 0.296231 9.9946E-05 9.9946E-05 9.9946E-05 9.9946E-05 0.497238
0.0882863 9.9973E-05 0.0196711 9.9973E-05 0.0282692 0.432547 0.0362235 9.9973E-05 0.394703
0.0330621 0.872047 0.0771003 9.9955E-05 0.0172909 9.9955E-05 9.9955E-05 9.9955E-05 9.9955E-05
9.9946E-05 0.827671 9.9946E-05 9.9946E-05 9.9946E-05 9.9946E-05 0.0170247 0.154704 9.9946E-05
0.0915856 0.826662 0.0167995 9.9955E-05 9.9955E-05 9.9955E-05 9.9955E-05 9.9955E-05 0.0644532
0.0442107 0.640475 9.9964E-05 9.9964E-05 0.021495 9.9964E-05 0.0460606 0.247359 9.9964E-05
0.095842 0.647324 9.9964E-05 9.9964E-05 0.0608513 0.12481 0.070773 9.9964E-05 9.9964E-05
0.0161561 0.844243 0.00339731 9.9973E-05 9.9973E-05 0.109027 0.0225283 9.9973E-05 0.00434836
9.9937E-05 0.938515 9.9937E-05 9.9937E-05 9.9937E-05 0.0607851 9.9937E-05 9.9937E-05 9.9937E-05
0.0176149 0.544049 9.9973E-05 0.040804 0.00737963 9.9973E-05 0.180839 0.209013 9.9973E-05
9.9964E-05 0.734057 0.0232816 9.9964E-05 0.0325773 9.9964E-05 0.0467718 0.162912 9.9964E-05
0.0796477 0.856237 0.0202269 9.9955E-05 9.9955E-05 9.9955E-05 9.9955E-05 0.0433885 9.9955E-05
0.0242937 0.682497 9.9973E-05 9.9973E-05 9.9973E-05 0.0148429 0.124069 0.0849946 0.0690025
9.9946E-05 0.368356 9.9946E-05 9.9946E-05 9.9946E-05 9.9946E-05 9.9946E-05 0.273896 0.357149
9.9955E-05 0.894585 9.9955E-05 9.9955E-05 0.00569205 9.9955E-05 0.0280498 9.9955E-05 0.0711729
9.99371E-05 0.638012 9.99371E-05 9.99371E-05 9.99371E-05 0.361288 9.99371E-05 9.99371E-05 9.99371E-05
9.9955E-05 0.549695 9.9955E-05 9.9955E-05 0.00838208 9.9955E-05 0.159164 0.282259 9.9955E-05
9.9964E-05 0.566796 9.9964E-05 0.0665891 9.9964E-05 0.0641384 0.172872 9.9964E-05 0.129205
9.997E-05 0.474449 0.130005 0.277843 9.997E-05 0.0428019 0.0389799 0.0356211 9.997E-05
0.0692842 0.41985 9.9964E-05 9.9964E-05 0.023202 9.9964E-05 0.278865 0.208399 9.9964E-05
9.9964E-05 0.401473 9.9964E-05 0.0665008 9.9964E-05 9.9964E-05 0.178461 0.326893 0.0262721
9.9955E-05 0.501044 9.9955E-05 0.243892 0.00441201 9.9955E-05 0.250152 9.9955E-05 9.9955E-05
9.9937E-05 9.9937E-05 9.9937E-05 0.987222 9.9937E-05 9.9937E-05 0.0120782 9.9937E-05 9.9937E-05
9.993E-05 9.993E-05 9.993E-05 0.999201 9.993E-05 9.993E-05 9.993E-05 9.993E-05 9.993E-05
9.9937E-05 9.9937E-05 9.9937E-05 9.9937E-05 9.9937E-05 9.9937E-05 0.0500036 0.949297 9.9937E-05
9.9937E-05 9.9937E-05 0.0380143 9.9937E-05 9.9937E-05 0.961286 9.9937E-05 9.9937E-05 9.9937E-05
9.9946E-05 0.130644 9.9946E-05 0.0389123 9.9946E-05 9.9946E-05 9.9946E-05 0.829844 9.9946E-05
9.9973E-05 9.9973E-05 0.012682 0.19109 0.0232543 0.269363 0.0472694 0.456041 9.9973E-05
9.9937E-05 9.9937E-05 9.9937E-05 9.9937E-05 9.9937E-05 9.9937E-05 9.9937E-05 0.815743 0.183558
0.00700324 0.0150989 9.9973E-05 0.163301 9.9973E-05 0.47519 0.0722558 0.266851 9.9973E-05
9.9946E-05 9.9946E-05 0.122719 9.9946E-05 9.9946E-05 0.0744204 9.9946E-05 0.802261 9.9946E-05
0.00978725 9.9967E-05 0.0279243 9.9967E-05 0.00238451 9.9967E-05 0.304314 0.65519 9.9967E-05
9.9946E-05 9.9946E-05 9.9946E-05 0.189646 9.9946E-05 0.198591 9.9946E-05 0.611163 9.9946E-05
0.0201392 0.0573752 0.0988914 0.0155896 9.9991E-05 0.197912 0.316458 0.226792 0.0667416
9.9946E-05 9.9946E-05 9.9946E-05 9.9946E-05 9.9946E-05 0.124692 0.08936 0.785349 9.9946E-05
9.993E-05 9.993E-05 9.993E-05 9.993E-05 9.993E-05 0.999201 9.993E-05 9.993E-05 9.993E-05
0.103495 9.99551E-05 0.574407 9.99551E-05 9.99551E-05 0.0343726 0.287226 9.99551E-05 9.99551E-05
9.9973E-05 9.9973E-05 0.673306 0.136044 0.0112232 9.9973E-05 0.0427762 0.0465348 0.0898165
9.996E-05 9.996E-05 0.362843 0.0889136 0.0383419 0.345821 0.16368 9.996E-05 9.996E-05
9.994E-05 9.994E-05 0.783652 0.119255 9.994E-05 9.994E-05 0.0964938 9.994E-05 9.994E-05
0.0553311 9.9955E-05 0.401975 9.9955E-05 9.9955E-05 9.9955E-05 9.9955E-05 0.529724 0.0124701
0.0500731 9.9982E-05 0.315882 0.0740167 9.9982E-05 0.0793495 0.201115 0.221939 0.0574253
0.0306912 9.9946E-05 0.874442 9.9946E-05 9.9946E-05 9.9946E-05 0.0942674 9.9946E-05 9.9946E-05
9.9937E-05 9.9937E-05 0.981935 9.9937E-05 9.9937E-05 9.9937E-05 9.9937E-05 0.0173659 9.9937E-05
9.9955E-05 0.0205888 0.890466 9.9955E-05 0.000780218 9.9955E-05 0.0876651 9.9955E-05 9.9955E-05
9.995E-05 9.995E-05 0.749014 9.995E-05 9.995E-05 0.0641399 0.101787 0.0845596 9.995E-05
9.9946E-05 9.9946E-05 0.816512 0.109481 9.9946E-05 0.0734076 9.9946E-05 9.9946E-05 9.9946E-05
0.0244582 9.9946E-05 0.916978 9.9946E-05 0.0579644 9.9946E-05 9.9946E-05 9.9946E-05 9.9946E-05
0.00285017 0.00797697 0.0268631 0.0631636 0.0278241 9.9991E-05 0.701615 0.119656 0.0499508
9.9973E-05 0.0661229 0.103645 0.0808684 9.9973E-05 9.9973E-05 0.603113 0.102603 0.043348
0.0485057 9.9973E-05 0.225021 0.0300644 9.9973E-05 0.0219294 0.645453 9.9973E-05 0.0287271
9.9964E-05 9.9964E-05 9.9964E-05 0.0762368 9.9964E-05 0.0100528 0.67628 0.0826016 0.154429
9.9964E-05 0.0371948 0.0917621 0.00611758 9.9964E-05 0.0356781 0.828848 9.9964E-05 9.9964E-05
0.0480622 9.9964E-05 9.9964E-05 9.9964E-05 0.12084 0.295508 0.482927 0.0522641 9.9964E-05
0.00739297 9.9955E-05 0.0531549 9.9955E-05 9.9955E-05 0.156003 0.782949 9.9955E-05 9.9955E-05
9.99371E-05 9.99371E-05 9.99371E-05 9.99371E-05 0.0165158 9.99371E-05 0.982785 9.99371E-05 9.99371E-05
0.00582248 0.0157244 9.9964E-05 9.9964E-05 0.00139224 9.9964E-05 0.738909 0.237752 9.9964E-05
9.993E-05 9.993E-05 9.993E-05 9.993E-05 9.993E-05 9.993E-05 0.999201 9.993E-05 9.993E-05
9.9946E-05 0.00257301 9.9946E-05 9.9946E-05 0.00106849 9.9946E-05 0.995759 9.9946E-05 9.9946E-05
0.017474 0.0213547 9.9955E-05 0.0148792 9.9955E-05 9.9955E-05 0.945792 9.9955E-05 9.9955E-05
9.993E-05 9.993E-05 9.993E-05 9.993E-05 9.993E-05 9.993E-05 0.999201 9.993E-05 9.993E-05
0.0160006 9.9946E-05 0.0362265 9.9946E-05 9.9946E-05 9.9946E-05 0.947173 9.9946E-05 9.9946E-05
9.99371E-05 9.99371E-05 9.99371E-05 9.99371E-05 9.99371E-05 9.99371E-05 0.969179 0.0301213 9.99371E-05
9.997E-05 9.997E-05 0.0402595 0.117085 0.0123706 9.997E-05 0.580115 0.146647 0.103223
0.0561325 9.9946E-05 0.0381572 9.9946E-05 9.9946E-05 9.9946E-05 0.905111 9.9946E-05 9.9946E-05
9.9973E-05 9.9973E-05 0.0342595 9.9973E-05 0.0635587 0.0117978 0.674108 0.18096 0.0350162
0.00681594 0.0708808 0.0158817 0.00187037 0.518085 0.0328413 0.331189 9.9991E-05 0.0223361
9.993E-05 9.993E-05 9.993E-05 9.993E-05 0.999201 9.993E-05 9.993E-05 9.993E-05 9.993E-05
0.0151863 0.00991952 0.0538844 9.9991E-05 0.0632531 0.156654 0.618457 0.0624366 0.0201092
