9.993E-05 9.993E-05 9.993E-05 9.993E-05 9.993E-05 9.993E-05 9.993E-05 0.999201 9.993E-05
9.9955E-05 0.0960911 9.9955E-05 0.0564913 9.9955E-05 0.584182 9.9955E-05 0.262736 9.9955E-05
9.9955E-05 0.0568924 9.9955E-05 0.11982 9.9955E-05 0.583991 9.9955E-05 0.238796 9.9955E-05
0.0245725 0.00386991 0.0852295 9.9964E-05 9.9964E-05 0.673103 9.9964E-05 0.212826 9.9964E-05
9.9973E-05 9.9973E-05 0.108114 9.9973E-05 0.0545274 0.651357 0.0541497 0.0880893 0.043462
0.0411368 0.000470308 0.115 0.0656932 0.0086408 0.604783 9.9982E-05 0.164076 9.9982E-05
9.99371E-05 9.99371E-05 9.99371E-05 9.99371E-05 9.99371E-05 0.739817 9.99371E-05 0.259483 9.99371E-05
9.9964E-05 0.0259956 0.0641866 0.084421 9.9964E-05 0.525971 9.9964E-05 0.299026 9.9964E-05
9.9973E-05 0.0182306 9.9973E-05 0.0755479 9.9973E-05 0.661026 0.00809399 0.156579 0.0802229
9.993E-05 9.993E-05 9.993E-05 9.993E-05 9.993E-05 9.993E-05 9.993E-05 0.999201 9.993E-05
9.993E-05 9.993E-05 9.993E-05 9.993E-05 9.993E-05 9.993E-05 9.993E-05 0.999201 9.993E-05
9.9937E-05 9.9937E-05 9.9937E-05 9.9937E-05 9.9937E-05 9.9937E-05 0.00423795 0.995062 9.9937E-05
9.9937E-05 9.9937E-05 9.9937E-05 9.9937E-05 9.9937E-05 9.9937E-05 0.00439107 0.994909 9.9937E-05
9.9955E-05 9.9955E-05 0.00425838 9.9955E-05 0.0457393 9.9955E-05 9.9955E-05 0.931534 0.0179686
9.9964E-05 0.000573421 0.0149113 9.9964E-05 0.00277514 9.9964E-05 9.9964E-05 0.964452 0.016888
0.0179077 9.9982E-05 0.270537 0.00574894 9.9982E-05 0.475901 0.0149994 0.16897 0.0457364
0.0543469 0.0808051 0.0963808 0.0492044 0.0852585 0.390248 0.0234447 0.21662 0.00369249
0.045586 0.00336485 0.0486012 9.9973E-05 9.9973E-05 0.695007 0.0184166 0.188724 9.9973E-05
9.9955E-05 9.9955E-05 0.0133361 9.9955E-05 0.0346635 0.911255 9.9955E-05 9.9955E-05 0.0402457
9.9955E-05 9.9955E-05 9.9955E-05 9.9955E-05 0.0167362 0.940605 0.0245611 9.9955E-05 0.0175984
0.0265873 0.0113169 9.9964E-05 9.9964E-05 9.9964E-05 0.880885 9.9964E-05 0.0440042 0.0368072
9.9964E-05 0.0254064 9.9964E-05 0.0691442 0.0601979 0.825389 0.0194623 9.9964E-05 9.9964E-05
0.000173854 9.9964E-05 9.9964E-05 0.0452182 0.0999857 0.84987 9.9964E-05 9.9964E-05 0.0043526
0.0223611 9.9955E-05 9.9955E-05 9.9955E-05 0.0317054 0.936474 0.00895929 9.9955E-05 9.9955E-05
9.9973E-05 0.0118455 0.0974758 9.9973E-05 0.00399367 0.848105 0.0287048 9.9973E-05 0.00957575
0.116129 9.9973E-05 0.131269 9.9973E-05 0.0365495 0.601842 0.0811629 9.9973E-05 0.0327477
0.0348005 9.9973E-05 0.0763837 0.0910592 0.0328649 0.65134 9.9973E-05 9.9973E-05 0.113252
9.9955E-05 0.00792814 0.053014 9.9955E-05 9.9955E-05 0.925477 0.0130812 9.9955E-05 9.9955E-05
0.107657 9.9991E-05 0.00284628 0.0122513 0.00466607 0.775617 0.0308111 0.0530713 0.0129799
0.0698919 9.9946E-05 9.9946E-05 9.9946E-05 9.9946E-05 0.886248 9.9946E-05 0.0432609 9.9946E-05
0.0256101 0.00826781 9.9973E-05 9.9973E-05 0.0621264 0.851241 9.9973E-05 0.0406987 0.0117562
9.9982E-05 0.0162404 0.0823378 0.00168053 0.002274 0.778165 0.0748142 9.9982E-05 0.0442881
0.17927 9.9964E-05 9.9964E-05 0.0607606 0.00669395 0.73405 9.9964E-05 9.9964E-05 0.0188252
0.0965382 9.9982E-05 0.0143541 0.0732896 9.9982E-05 0.651595 0.121394 0.0417068 0.000922242
0.0263485 9.9973E-05 9.9973E-05 0.00713138 0.13033 0.800857 0.0342769 9.9973E-05 0.000756014
0.0326526 9.9946E-05 9.9946E-05 9.9946E-05 9.9946E-05 0.902405 9.9946E-05 0.064343 9.9946E-05
0.16097 9.9955E-05 0.29983 9.9955E-05 0.0447015 0.493999 9.9955E-05 9.9955E-05 9.9955E-05
0.323069 9.9973E-05 0.0404984 0.0113124 0.0689887 0.523451 9.9973E-05 9.9973E-05 0.0323807
0.242527 0.011355 0.0785337 0.0603101 9.9973E-05 0.535593 9.9973E-05 9.9973E-05 0.0713803
0.495775 9.9955E-05 9.9955E-05 9.9955E-05 9.9955E-05 0.496436 9.9955E-05 0.000101559 0.00718739
0.106197 0.03721 0.598967 0.0485694 9.9982E-05 0.0490846 0.132032 9.9982E-05 0.0277406
0.10649 0.0373591 0.619894 0.0346629 9.9991E-05 0.0597814 0.0880755 0.00715912 0.0464778
9.9982E-05 0.0530581 0.523979 0.087858 0.0117683 0.177528 0.100772 0.0448366 9.9982E-05
0.103339 0.0196942 0.689239 0.036051 9.9982E-05 0.0620153 0.0595246 9.9982E-05 0.029937
0.199957 9.9973E-05 0.442065 0.0575574 9.9973E-05 0.226757 0.0321989 9.9973E-05 0.0411654
9.9937E-05 9.9937E-05 0.979455 9.9937E-05 9.9937E-05 9.9937E-05 9.9937E-05 9.9937E-05 0.0198459
9.993E-05 9.993E-05 0.999201 9.993E-05 9.993E-05 9.993E-05 9.993E-05 9.993E-05 9.993E-05
9.9973E-05 9.9973E-05 0.436369 0.0353032 0.0353978 0.384314 0.0928388 9.9973E-05 0.0154769
0.049038 9.9982E-05 0.465856 0.00286964 9.9982E-05 0.159843 0.133048 0.10438 0.0847655
0.0120803 0.047514 0.348701 0.00809795 9.9991E-05 0.411181 0.0760084 0.0883589 0.00795835
0.224843 0.0148652 0.440395 0.0422323 9.9982E-05 0.186929 9.9982E-05 0.0530165 0.0375191
0.0823464 9.9982E-05 0.613481 0.0592165 0.0262896 0.17193 0.0363714 9.9982E-05 0.0101649
9.9955E-05 9.9955E-05 0.936571 0.00853785 9.9955E-05 9.9955E-05 9.9955E-05 0.0248583 0.0295328
0.444341 9.9982E-05 0.210514 9.9982E-05 0.0522668 0.175965 0.0185413 0.0673978 0.0307739
0.399515 0.013144 0.282241 9.99867E-05 0.0337406 0.186659 0.0108993 0.0736006 9.99867E-05
0.0802777 0.0142921 0.566291 0.0895838 9.9973E-05 0.161266 0.0879897 9.9973E-05 9.9973E-05
0.183207 9.9991E-05 0.337576 0.0830554 0.030031 0.180594 0.0295386 0.0902224 0.0656748
0.119022 0.0297491 0.427966 9.9982E-05 0.00768983 0.252567 0.0570467 9.9982E-05 0.10576
9.993E-05 9.993E-05 0.999201 9.993E-05 9.993E-05 9.993E-05 9.993E-05 9.993E-05 9.993E-05
0.256066 9.9973E-05 0.391487 0.0384499 9.9973E-05 0.200444 9.9973E-05 0.031968 0.081286
9.9964E-05 9.9964E-05 0.589933 9.9964E-05 0.0627365 0.18359 0.0737866 9.9964E-05 0.0895539
0.0859703 0.0552286 0.662541 9.9964E-05 9.9964E-05 0.0744155 0.121444 9.9964E-05 9.9964E-05
0.207623 0.0230376 0.504871 0.0353023 0.0121497 0.130192 0.0518293 9.9991E-05 0.0348948
9.99461E-05 9.99461E-05 0.895664 9.99461E-05 0.0881311 9.99461E-05 0.0156057 9.99461E-05 9.99461E-05
0.0636656 9.9973E-05 0.653567 9.9973E-05 9.9973E-05 0.154205 0.0703485 0.00407331 0.0538403
9.9955E-05 0.0129018 0.916482 0.00336783 0.066749 9.9955E-05 9.9955E-05 9.9955E-05 9.9955E-05
0.313718 0.0324131 0.638058 9.9955E-05 9.9955E-05 9.9955E-05 9.9955E-05 9.9955E-05 0.0153107
9.9964E-05 0.053357 0.808953 0.0226554 0.0696696 9.9964E-05 0.044965 9.9964E-05 9.9964E-05
0.186066 9.9973E-05 0.543546 0.0283708 9.9973E-05 0.189689 9.9973E-05 0.00691398 0.0451134
9.9946E-05 9.9946E-05 0.923692 9.9946E-05 0.0404979 9.9946E-05 0.0352106 9.9946E-05 9.9946E-05
0.121951 0.0546517 0.609259 0.0405841 9.9982E-05 0.0932191 0.017212 0.0629228 9.9982E-05
0.27392 0.060238 0.490639 0.0370725 9.9982E-05 0.0824514 0.0542919 9.9982E-05 0.00118783
0.108569 9.9964E-05 0.768378 0.0262116 9.9964E-05 9.9964E-05 9.9964E-05 0.063481 0.03296
0.0963019 9.9955E-05 0.772845 9.9955E-05 9.9955E-05 9.9955E-05 9.9955E-05 0.0484005 0.0819526
0.288639 9.9982E-05 0.451273 0.0304794 0.0381672 9.9982E-05 0.106224 0.0541865 0.030831
0.213076 9.9964E-05 0.659679 9.9964E-05 9.9964E-05 0.00358914 9.9964E-05 0.0201022 0.103154
0.234012 0.0071821 0.747685 0.0106207 9.9955E-05 9.9955E-05 9.9955E-05 9.9955E-05 9.9955E-05
0.265843 0.0820028 0.488509 9.9973E-05 0.0799417 9.9973E-05 0.0597884 0.0236156 9.9973E-05
0.91552 9.9955E-05 0.0117055 0.0111871 9.9955E-05 0.0610871 9.9955E-05 9.9955E-05 9.9955E-05
0.98123 9.9946E-05 0.00347485 9.9946E-05 0.0146954 9.9946E-05 9.9946E-05 9.9946E-05 9.9946E-05
0.98561 9.99371E-05 0.0136906 9.99371E-05 9.99371E-05 9.99371E-05 9.99371E-05 9.99371E-05 9.99371E-05
0.99772 9.9937E-05 0.00158014 9.9937E-05 9.9937E-05 9.9937E-05 9.9937E-05 9.9937E-05 9.9937E-05
0.999201 9.993E-05 9.993E-05 9.993E-05 9.993E-05 9.993E-05 9.993E-05 9.993E-05 9.993E-05
0.51143 0.0443128 0.138021 9.9964E-05 9.9964E-05 0.205638 0.100198 9.9964E-05 9.9964E-05
0.478978 0.170051 0.199868 0.0353511 9.9991E-05 0.0303059 0.0303849 0.0328258 0.0221362
0.519764 0.126963 0.166803 0.116619 0.0160093 0.0307339 9.9982E-05 9.9982E-05 0.0229073
0.50866 0.031868 0.129322 0.0562097 9.9991E-05 0.163825 0.0327554 0.0440327 0.0332275
0.575273 0.0451791 0.149888 9.9982E-05 9.9982E-05 0.0950398 0.102504 0.0267478 0.00516833
0.489236 0.0618998 0.173799 0.0526158 0.144671 0.0415884 0.00778158 0.0158284 0.01258
0.404603 0.0465749 0.152352 0.0726628 0.0106896 0.10977 0.102433 0.00299866 0.0979161
0.138358 0.120839 0.342492 0.0512962 0.206054 0.0456444 0.0611863 0.0340304 9.9991E-05
0.208871 0.0578872 0.304382 0.0442076 0.203489 0.0532465 0.0912697 0.0365477 9.9991E-05
0.295088 0.160641 0.207363 0.0697258 9.9991E-05 0.0034856 0.092739 0.0106328 0.160224
9.993E-05 0.999201 9.993E-05 9.993E-05 9.993E-05 9.993E-05 9.993E-05 9.993E-05 9.993E-05
0.0120067 0.930493 9.9982E-05 0.012408 0.00537394 0.00837797 0.00513999 0.0260002 9.9982E-05
0.0300858 0.818889 0.0422886 0.0217909 0.0650732 0.0112985 9.9991E-05 0.00933925 0.00113444
9.99371E-05 0.984996 9.99371E-05 9.99371E-05 9.99371E-05 9.99371E-05 0.0143041 9.99371E-05 9.99371E-05
9.993E-05 0.999201 9.993E-05 9.993E-05 9.993E-05 9.993E-05 9.993E-05 9.993E-05 9.993E-05
9.993E-05 0.999201 9.993E-05 9.993E-05 9.993E-05 9.993E-05 9.993E-05 9.993E-05 9.993E-05
9.9937E-05 0.979858 9.9937E-05 9.9937E-05 0.0194424 9.9937E-05 9.9937E-05 9.9937E-05 9.9937E-05
9.9955E-05 0.849366 9.9955E-05 0.0284971 0.0199783 0.101659 9.9955E-05 9.9955E-05 9.9955E-05
9.9955E-05 0.964062 9.9955E-05 0.000966406 9.9955E-05 9.9955E-05 0.00745267 9.9955E-05 0.027019
9.993E-05 0.999201 9.993E-05 9.993E-05 9.993E-05 9.993E-05 9.993E-05 9.993E-05 9.993E-05
0.370332 0.0559081 0.0495837 0.0874124 0.0397324 0.0890908 0.22765 9.9991E-05 0.0801908
9.9946E-05 0.909979 0.0601051 9.9946E-05 9.9946E-05 9.9946E-05 9.9946E-05 9.9946E-05 0.0293161
9.99371E-05 0.997065 9.99371E-05 9.99371E-05 9.99371E-05 9.99371E-05 9.99371E-05 9.99371E-05 0.0022354
0.0646959 0.934605 9.9937E-05 9.9937E-05 9.9937E-05 9.9937E-05 9.9937E-05 9.9937E-05 9.9937E-05
0.938921 9.99371E-05 9.99371E-05 9.99371E-05 9.99371E-05 9.99371E-05 9.99371E-05 9.99371E-05 0.0603792
0.997131 9.9937E-05 9.9937E-05 0.00216957 9.9937E-05 9.9937E-05 9.9937E-05 9.9937E-05 9.9937E-05
0.996878 9.99371E-05 9.99371E-05 9.99371E-05 9.99371E-05 9.99371E-05 9.99371E-05 0.00242221 9.99371E-05
0.998503 9.9937E-05 9.9937E-05 0.000797246 9.9937E-05 9.9937E-05 9.9937E-05 9.9937E-05 9.9937E-05
0.838587 9.9964E-05 9.9964E-05 0.00500968 0.0483959 9.9964E-05 0.0910815 9.9964E-05 0.0165256
0.731824 9.9955E-05 9.9955E-05 9.9955E-05 0.0823536 0.142355 0.0429677 9.9955E-05 9.9955E-05
0.751528 0.066476 0.050919 9.9982E-05 0.0293448 0.00370088 0.0542894 0.0435416 9.9982E-05
0.840655 0.00556998 0.0237349 9.9973E-05 0.0329472 9.9973E-05 0.0704698 9.9973E-05 0.0263234
0.828232 0.0544208 9.9955E-05 0.0308926 0.0859543 9.9955E-05 9.9955E-05 9.9955E-05 9.9955E-05
0.860693 0.0523478 9.9955E-05 9.9955E-05 0.0641475 9.9955E-05 9.9955E-05 0.0223121 9.9955E-05
0.766017 9.9973E-05 9.9973E-05 0.0321456 0.053257 0.065565 0.0309788 9.9973E-05 0.0517367
0.748703 0.0634806 9.9973E-05 9.9973E-05 0.131071 0.0138214 9.9973E-05 0.00661305 0.0360115
0.715337 9.9982E-05 0.0416316 0.0355499 0.0639436 9.9982E-05 0.101837 0.0099314 0.0315703
0.739656 0.0427854 0.0284101 0.0302759 0.0291086 9.9982E-05 0.110298 9.9982E-05 0.0192667
9.993E-05 9.993E-05 9.993E-05 0.999201 9.993E-05 9.993E-05 9.993E-05 9.993E-05 9.993E-05
0.614632 0.104808 0.0514103 0.10776 0.0344945 9.9982E-05 0.0800997 0.0065957 9.9982E-05
9.993E-05 9.993E-05 9.993E-05 0.999201 9.993E-05 9.993E-05 9.993E-05 9.993E-05 9.993E-05
9.993E-05 9.993E-05 9.993E-05 0.999201 9.993E-05 9.993E-05 9.993E-05 9.993E-05 9.993E-05
9.99461E-05 0.00127796 9.99461E-05 0.955712 0.0424099 9.99461E-05 9.99461E-05 9.99461E-05 9.99461E-05
0.0193477 9.9991E-05 0.0330501 0.815947 0.0123395 0.039714 0.0245417 0.00344105 0.0515187
9.9937E-05 9.9937E-05 9.9937E-05 0.993869 9.9937E-05 9.9937E-05 9.9937E-05 0.00543167 9.9937E-05
0.0545663 9.99461E-05 9.99461E-05 0.884528 0.0603059 9.99461E-05 9.99461E-05 9.99461E-05 9.99461E-05
9.99371E-05 9.99371E-05 9.99371E-05 0.985809 9.99371E-05 9.99371E-05 9.99371E-05 9.99371E-05 0.0134911
9.9955E-05 0.00497274 0.0150063 0.959013 9.9955E-05 9.9955E-05 0.020508 9.9955E-05 9.9955E-05
9.9955E-05 9.9955E-05 9.9955E-05 0.954893 0.0107563 0.00226615 9.9955E-05 0.0315844 9.9955E-05
9.99371E-05 9.99371E-05 9.99371E-05 0.963824 9.99371E-05 9.99371E-05 9.99371E-05 9.99371E-05 0.0354763
9.9937E-05 9.9937E-05 9.9937E-05 0.991857 9.9937E-05 9.9937E-05 0.00744364 9.9937E-05 9.9937E-05
9.9964E-05 0.041413 0.0447796 0.815304 9.9964E-05 9.9964E-05 0.0531812 9.9964E-05 0.0449222
0.018711 9.9964E-05 0.0399593 0.912552 0.0142735 9.9964E-05 9.9964E-05 0.0141047 9.9964E-05
0.0541597 0.0184289 0.0855497 0.830524 0.0102681 9.9973E-05 0.000769289 9.9973E-05 9.9973E-05
0.000992535 9.9982E-05 0.00399234 0.856329 0.0509524 9.9982E-05 0.0181646 0.0159995 0.0533693
9.9955E-05 9.9955E-05 0.0987536 0.833364 9.9955E-05 0.00820043 9.9955E-05 9.9955E-05 0.0591823
0.0566269 0.00526369 9.9964E-05 0.933268 9.9964E-05 9.9964E-05 9.9964E-05 0.00423229 0.00020915
0.0185785 0.0280727 9.997E-05 0.0150495 0.0216014 0.00503816 0.91136 9.997E-05 9.997E-05
9.9973E-05 0.0561439 9.9973E-05 9.9973E-05 0.0535417 0.0149665 0.861933 0.00460028 0.00851499
0.0148714 9.9937E-05 9.9937E-05 9.9937E-05 9.9937E-05 9.9937E-05 0.984429 9.9937E-05 9.9937E-05
9.9946E-05 9.9946E-05 0.0261346 9.9946E-05 9.9946E-05 9.9946E-05 0.968243 9.9946E-05 0.00502309
9.9937E-05 9.9937E-05 9.9937E-05 9.9937E-05 9.9937E-05 9.9937E-05 0.988333 9.9937E-05 0.0109673
9.993E-05 9.993E-05 9.993E-05 9.993E-05 9.993E-05 9.993E-05 0.999201 9.993E-05 9.993E-05
9.99371E-05 0.000996262 9.99371E-05 9.99371E-05 9.99371E-05 9.99371E-05 0.998304 9.99371E-05 9.99371E-05
9.9955E-05 9.9955E-05 0.05087 9.9955E-05 0.126553 9.9955E-05 0.788062 0.0340146 9.9955E-05
9.993E-05 9.993E-05 9.993E-05 9.993E-05 9.993E-05 9.993E-05 0.999201 9.993E-05 9.993E-05
9.993E-05 9.993E-05 9.993E-05 9.993E-05 9.993E-05 9.993E-05 0.999201 9.993E-05 9.993E-05
9.9955E-05 0.0247906 9.9955E-05 9.9955E-05 0.0757656 9.9955E-05 0.870692 0.0282521 9.9955E-05
9.9937E-05 9.9937E-05 9.9937E-05 9.9937E-05 9.9937E-05 9.9937E-05 0.971644 9.9937E-05 0.0276562
0.118149 9.9973E-05 0.0379057 0.0811247 0.0164633 9.9973E-05 0.717037 9.9973E-05 0.0290208
0.326827 0.0258175 0.178988 0.00495314 0.0881195 9.9991E-05 0.0666877 0.0330807 0.275427
0.251739 0.0463603 0.198834 0.0365573 0.126556 0.0102599 0.0328895 0.0467122 0.250092
0.264727 0.0811939 0.195204 0.0441943 0.123729 9.9982E-05 9.9982E-05 0.027331 0.263421
0.309626 0.0455068 0.220268 0.0405127 0.114979 9.9982E-05 9.9982E-05 0.0590961 0.20981
9.9973E-05 0.00188479 0.0238683 9.9973E-05 0.883638 0.0367201 0.0524775 9.9973E-05 0.00111182
9.993E-05 9.993E-05 9.993E-05 9.993E-05 0.999201 9.993E-05 9.993E-05 9.993E-05 9.993E-05
9.9955E-05 0.00231812 9.9955E-05 0.0447715 0.949201 9.9955E-05 9.9955E-05 9.9955E-05 0.00320992
9.993E-05 9.993E-05 9.993E-05 9.993E-05 0.999201 9.993E-05 9.993E-05 9.993E-05 9.993E-05
9.9955E-05 0.0177162 9.9955E-05 0.0141932 0.956212 9.9955E-05 9.9955E-05 9.9955E-05 0.0113788
0.0360157 9.99623E-05 0.00157009 9.99623E-05 0.931676 9.99623E-05 9.99623E-05 9.99623E-05 0.030238
0.0520497 0.0213847 9.9955E-05 9.9955E-05 0.923464 9.9955E-05 9.9955E-05 9.9955E-05 0.00260154
0.0863545 9.9973E-05 9.9973E-05 0.0268864 0.753887 0.0901637 0.0104481 0.0319604 9.9973E-05
0.0477283 0.00287682 0.045202 9.9982E-05 0.869268 0.031401 0.00280188 0.000522492 9.9982E-05
9.9946E-05 0.0104012 9.9946E-05 9.9946E-05 9.9946E-05 9.9946E-05 0.0233531 9.9946E-05 0.965646
9.993E-05 9.993E-05 9.993E-05 9.993E-05 9.993E-05 9.993E-05 9.993E-05 9.993E-05 0.999201
9.993E-05 9.993E-05 9.993E-05 9.993E-05 9.993E-05 9.993E-05 9.993E-05 9.993E-05 0.999201
9.993E-05 9.993E-05 9.993E-05 9.993E-05 9.993E-05 9.993E-05 9.993E-05 9.993E-05 0.999201
9.99371E-05 0.00407664 9.99371E-05 9.99371E-05 9.99371E-05 9.99371E-05 9.99371E-05 9.99371E-05 0.995224
0.0331876 9.9964E-05 0.0562745 9.9964E-05 0.0370072 0.00978642 9.9964E-05 9.9964E-05 0.863344
9.993E-05 9.993E-05 9.993E-05 9.993E-05 9.993E-05 9.993E-05 9.993E-05 9.993E-05 0.999201
9.993E-05 9.993E-05 9.993E-05 9.993E-05 9.993E-05 9.993E-05 9.993E-05 9.993E-05 0.999201
9.993E-05 9.993E-05 9.993E-05 9.993E-05 9.993E-05 9.993E-05 9.993E-05 9.993E-05 0.999201
9.9955E-05 9.9955E-05 0.0609367 0.00381583 9.9955E-05 9.9955E-05 0.034635 9.9955E-05 0.900113
9.993E-05 9.993E-05 9.993E-05 9.993E-05 9.993E-05 9.993E-05 9.993E-05 9.993E-05 0.999201
9.9937E-05 9.9937E-05 9.9937E-05 9.9937E-05 9.9937E-05 9.9937E-05 0.0160618 9.9937E-05 0.983239
