9.993E-05 0.999201 9.993E-05 9.993E-05 9.993E-05 9.993E-05 9.993E-05 9.993E-05 9.993E-05
9.9973E-05 0.0807241 9.9973E-05 9.9973E-05 0.0397502 0.00202231 0.0585553 0.00641613 0.812232
9.9964E-05 0.0600759 0.037168 9.9964E-05 0.0605699 9.9964E-05 0.017444 9.9964E-05 0.824342
9.993E-05 9.993E-05 9.993E-05 9.993E-05 9.993E-05 9.993E-05 9.993E-05 9.993E-05 0.999201
0.0732574 0.0159381 0.13879 0.0918016 9.9982E-05 0.0539532 9.9982E-05 0.0447535 0.581306
9.9982E-05 0.0520478 0.22904 0.147568 0.0365687 9.9982E-05 0.00214023 0.0198926 0.512542
9.9946E-05 0.180733 0.281761 9.9946E-05 9.9946E-05 9.9946E-05 9.9946E-05 9.9946E-05 0.536906
9.9973E-05 0.165866 0.183495 0.119777 0.0563722 0.00227894 9.9973E-05 9.9973E-05 0.47191
0.0520765 0.0433941 0.232316 0.0491946 0.0301597 9.9982E-05 0.0305101 9.9982E-05 0.562149
9.993E-05 0.999201 9.993E-05 9.993E-05 9.993E-05 9.993E-05 9.993E-05 9.993E-05 9.993E-05
9.993E-05 0.999201 9.993E-05 9.993E-05 9.993E-05 9.993E-05 9.993E-05 9.993E-05 9.993E-05
9.993E-05 0.999201 9.993E-05 9.993E-05 9.993E-05 9.993E-05 9.993E-05 9.993E-05 9.993E-05
9.9946E-05 0.99337 9.9946E-05 9.9946E-05 9.9946E-05 0.0047064 0.00132393 9.9946E-05 9.9946E-05
0.00745359 0.877198 0.0779635 9.9955E-05 9.9955E-05 9.9955E-05 9.9955E-05 0.0368847 9.9955E-05
9.9964E-05 0.948339 9.9964E-05 0.00314654 0.0179395 0.0187315 9.9964E-05 9.9964E-05 0.0114438
0.00388722 0.0798321 0.110723 0.196327 0.0279529 0.00618436 0.0271445 9.9991E-05 0.547848
0.0870056 0.114267 9.9982E-05 0.129565 0.094448 9.9982E-05 0.0171997 0.137874 0.41944
9.9937E-05 9.9937E-05 9.9937E-05 9.9937E-05 9.9937E-05 0.00879304 9.9937E-05 9.9937E-05 0.990507
0.0546142 9.9955E-05 0.872583 9.9955E-05 9.9955E-05 9.9955E-05 9.9955E-05 0.0296549 0.0426485
9.99371E-05 9.99371E-05 0.966035 9.99371E-05 9.99371E-05 9.99371E-05 9.99371E-05 0.0332659 9.99371E-05
0.0223327 0.0565786 0.807519 9.9964E-05 9.9964E-05 9.9964E-05 0.028532 9.9964E-05 0.0846382
9.9973E-05 9.9973E-05 0.754509 0.063287 0.0569771 0.00892811 9.9973E-05 0.0735406 0.042458
0.0107304 9.9973E-05 0.83867 9.9973E-05 0.0122937 0.0140626 9.9973E-05 0.0870638 0.0368796
9.9946E-05 0.00107894 0.99294 9.9946E-05 0.00538184 9.9946E-05 9.9946E-05 9.9946E-05 9.9946E-05
0.044221 0.0136885 0.941491 9.99461E-05 9.99461E-05 9.99461E-05 9.99461E-05 9.99461E-05 9.99461E-05
0.0561777 0.0105467 0.66765 0.239523 9.9964E-05 0.0257032 9.9964E-05 9.9964E-05 9.9964E-05
0.120414 0.00278978 0.769023 0.0329176 0.0632113 9.9973E-05 9.9973E-05 0.0113447 9.9973E-05
9.99461E-05 9.99461E-05 0.918692 9.99461E-05 0.00694351 9.99461E-05 9.99461E-05 9.99461E-05 0.0737649
9.9973E-05 0.0492204 0.755825 0.143029 0.0102595 0.0285653 9.9973E-05 0.0128009 9.9973E-05
0.0101461 0.0138972 0.788515 9.9955E-05 9.9955E-05 9.9955E-05 9.9955E-05 9.9955E-05 0.186942
9.9964E-05 0.046975 0.906487 9.9964E-05 9.9964E-05 0.00805795 0.0129 0.0251802 9.9964E-05
0.0398465 9.9964E-05 0.901068 9.9964E-05 0.0195999 0.0361933 0.00289206 9.9964E-05 9.9964E-05
0.00667698 0.0189322 0.76844 0.10836 0.0578788 9.9982E-05 0.0313937 9.9982E-05 0.00811925
9.9973E-05 0.0765226 0.614913 0.12689 0.040873 0.126508 0.0139939 9.9973E-05 9.9973E-05
9.9955E-05 9.9955E-05 0.726034 9.9955E-05 0.0226135 9.9955E-05 9.9955E-05 0.135948 0.114905
9.9955E-05 0.0375732 0.744026 0.0324015 9.9955E-05 9.9955E-05 9.9955E-05 9.9955E-05 0.1855
9.9955E-05 9.9955E-05 0.524036 0.44844 0.000876788 9.9955E-05 9.9955E-05 0.0261471 9.9955E-05
0.0698913 9.9991E-05 0.520066 0.210401 0.0573039 0.0178507 0.0103211 0.067328 0.0467383
0.0734346 9.9982E-05 0.592751 0.158841 0.0710046 9.9982E-05 0.0846707 0.00854319 0.0105556
0.0482241 0.0116938 0.633929 0.193485 9.9982E-05 0.0553803 0.0269007 0.0301864 9.9982E-05
0.00431214 9.9973E-05 9.9973E-05 0.705764 0.0248724 0.056303 0.022174 9.9973E-05 0.186274
0.0965463 9.9973E-05 9.9973E-05 0.593539 0.0148312 0.0659416 0.0304314 9.9973E-05 0.198411
9.9973E-05 9.9973E-05 0.0354178 0.593466 0.0380631 0.0287197 0.0297571 9.9973E-05 0.274276
0.00630606 9.9964E-05 9.9964E-05 0.74965 0.0287738 0.0234407 9.9964E-05 9.9964E-05 0.19143
0.0563304 9.9973E-05 0.116114 0.715153 0.0418651 0.0147968 9.9973E-05 9.9973E-05 0.0554411
9.9937E-05 9.9937E-05 9.9937E-05 0.998219 9.9937E-05 9.9937E-05 9.9937E-05 9.9937E-05 0.00108103
9.993E-05 9.993E-05 9.993E-05 0.999201 9.993E-05 9.993E-05 9.993E-05 9.993E-05 9.993E-05
0.00680679 9.9982E-05 0.354434 0.551588 0.0381894 0.00899246 9.9982E-05 0.0204148 0.0193748
0.0825043 0.0604734 0.075118 0.529825 0.0280595 0.0780539 9.9991E-05 0.0251589 0.120707
0.00613741 0.0715747 0.247072 0.479688 9.9973E-05 0.0303489 9.9973E-05 9.9973E-05 0.164879
0.0228078 0.0312777 0.250633 0.584202 0.0573939 9.9973E-05 9.9973E-05 9.9973E-05 0.0533856
0.000844974 9.9973E-05 0.0501373 0.822891 0.0406551 0.0152979 9.9973E-05 9.9973E-05 0.0698734
9.9964E-05 0.0228404 0.0124912 0.930095 0.0120298 9.9964E-05 9.9964E-05 9.9964E-05 0.0221434
0.0272046 0.0511338 0.15256 0.632117 9.9982E-05 0.0235665 0.0107394 0.102479 9.9982E-05
0.0255573 0.0487308 0.236778 0.563274 9.9982E-05 0.0347213 0.0200939 0.0706449 9.9982E-05
9.9964E-05 9.9964E-05 0.0295179 0.652337 0.0681354 0.0627465 9.9964E-05 9.9964E-05 0.186863
0.0912078 0.0618416 0.193006 0.430844 0.0493107 0.101256 0.0136367 0.0097439 0.049153
0.0779366 9.9973E-05 0.139674 0.678547 9.9973E-05 0.0121082 0.0264873 9.9973E-05 0.0649478
9.9955E-05 0.0190562 0.00643391 0.972087 9.9955E-05 9.9955E-05 9.9955E-05 9.9955E-05 0.00192311
0.0776191 0.0285911 0.157053 0.58438 0.0112987 0.00909095 0.008416 9.9991E-05 0.123451
0.104148 0.00884176 0.168111 0.658855 9.9982E-05 0.0269602 9.9982E-05 0.00346888 0.0294146
9.9964E-05 0.00288378 0.100627 0.853391 9.9964E-05 0.0213291 9.9964E-05 9.9964E-05 0.0213687
0.0426156 0.0130635 0.0740717 0.76524 0.00207873 0.0474108 0.0553195 9.9982E-05 9.9982E-05
9.9955E-05 9.9955E-05 9.9955E-05 0.935123 9.9955E-05 0.00419635 0.046688 0.0134925 9.9955E-05
0.0271578 9.9964E-05 0.120608 0.773695 9.9964E-05 0.0173327 9.9964E-05 9.9964E-05 0.060807
0.00166247 9.9964E-05 9.9964E-05 0.931859 0.0241766 9.9964E-05 0.00703882 0.0348635 9.9964E-05
9.9937E-05 9.9937E-05 9.9937E-05 0.962515 9.9937E-05 9.9937E-05 0.0367855 9.9937E-05 9.9937E-05
9.9973E-05 0.0108438 9.9973E-05 0.876248 0.0120211 0.0229438 0.0225805 0.0550634 9.9973E-05
0.0204652 9.9973E-05 0.103172 0.725252 0.000605232 9.9973E-05 0.0137261 9.9973E-05 0.136479
9.99551E-05 0.00205425 9.99551E-05 0.982928 0.00143781 0.0130803 9.99551E-05 9.99551E-05 9.99551E-05
9.9973E-05 0.0398186 0.0106931 0.818012 0.0258672 9.9973E-05 0.0461936 9.9973E-05 0.0591153
0.00568596 9.9991E-05 0.0280421 0.805287 0.0349644 0.0423979 0.035841 0.0313301 0.0163519
9.9946E-05 0.0834775 0.0521325 0.86379 9.9946E-05 9.9946E-05 9.9946E-05 9.9946E-05 9.9946E-05
0.025983 0.0550199 9.9946E-05 0.918397 9.9946E-05 9.9946E-05 9.9946E-05 9.9946E-05 9.9946E-05
9.9964E-05 0.0836113 9.9964E-05 0.805034 0.0189381 0.0674112 9.9964E-05 0.0246056 9.9964E-05
0.0639008 9.9955E-05 0.0143639 0.911657 9.9955E-05 9.9955E-05 9.9955E-05 0.0095789 9.9955E-05
9.9946E-05 9.9946E-05 9.9946E-05 0.932017 0.02891 9.9946E-05 0.0384735 9.9946E-05 9.9946E-05
9.9973E-05 0.0142179 9.9973E-05 0.714891 9.9973E-05 0.012162 0.128154 0.0749187 0.0553568
0.0440327 9.9991E-05 0.00312614 0.634847 0.0294205 0.101444 0.067266 0.114519 0.00524433
0.0125849 9.9964E-05 9.9964E-05 0.721076 9.9964E-05 0.0785189 0.112033 0.075387 9.9964E-05
0.00433381 0.0148451 9.9982E-05 0.758676 0.0410119 0.0778047 0.0566953 0.0464331 9.9982E-05
9.9964E-05 9.9964E-05 9.9964E-05 0.705148 0.0108677 0.0815362 0.121087 0.0809606 9.9964E-05
0.0152227 9.9982E-05 0.0026162 0.785242 0.00292923 0.0483846 0.0790534 0.0663524 9.9982E-05
0.0466099 0.0155739 0.099921 0.510263 0.000184449 0.168099 0.051958 0.0308532 0.0765373
0.0674589 0.0209464 0.0173257 0.446415 0.0245591 0.130282 0.182664 0.0244018 0.0859461
0.0161407 9.9991E-05 0.0194775 0.511422 0.123916 0.0626501 0.184264 0.0411242 0.0409057
0.0702389 0.0284628 0.11044 0.409347 0.0826836 0.133555 0.0981766 0.00458622 0.0625091
0.0641807 0.0124922 0.120448 0.537064 9.9973E-05 0.164768 0.100747 9.9973E-05 9.9973E-05
0.109994 9.9982E-05 9.9982E-05 0.495936 0.0823549 0.0900268 0.147756 0.0629755 0.0107573
0.102307 9.9983E-05 0.0661815 0.468145 0.109488 0.128477 0.104607 0.0205944 9.9983E-05
9.9973E-05 9.9973E-05 9.9973E-05 0.453222 0.0505913 0.050192 0.0808479 0.234926 0.129921
9.9973E-05 9.9973E-05 9.9973E-05 0.479425 0.0465383 0.10425 0.0828407 0.17896 0.107686
0.194781 0.0111397 0.00416958 0.369793 0.0934253 0.0680646 0.222809 9.9991E-05 0.0357176
9.9937E-05 9.9937E-05 9.9937E-05 9.9937E-05 9.9937E-05 0.00563163 0.993669 9.9937E-05 9.9937E-05
9.9955E-05 0.0263129 9.9955E-05 9.9955E-05 0.0399657 9.9955E-05 0.927148 0.00607407 9.9955E-05
9.9973E-05 0.0140825 0.0435659 0.00701336 0.00896445 9.9973E-05 0.852601 0.0734728 9.9973E-05
9.99461E-05 0.0019227 9.99461E-05 9.99461E-05 0.00025059 9.99461E-05 0.997227 9.99461E-05 9.99461E-05
9.993E-05 9.993E-05 9.993E-05 9.993E-05 9.993E-05 9.993E-05 0.999201 9.993E-05 9.993E-05
9.993E-05 9.993E-05 9.993E-05 9.993E-05 9.993E-05 9.993E-05 0.999201 9.993E-05 9.993E-05
9.993E-05 9.993E-05 9.993E-05 9.993E-05 9.993E-05 9.993E-05 0.999201 9.993E-05 9.993E-05
0.0614687 9.9964E-05 0.0556604 9.9964E-05 9.9964E-05 0.00469717 0.846103 9.9964E-05 0.0316708
9.993E-05 9.993E-05 9.993E-05 9.993E-05 9.993E-05 9.993E-05 0.999201 9.993E-05 9.993E-05
9.993E-05 9.993E-05 9.993E-05 9.993E-05 9.993E-05 9.993E-05 0.999201 9.993E-05 9.993E-05
0.0896411 9.9982E-05 0.114586 0.226441 0.101633 0.297575 0.0872033 0.0827203 9.9982E-05
0.0380109 9.9955E-05 9.9955E-05 0.0195807 9.9955E-05 9.9955E-05 0.930048 0.0118606 9.9955E-05
9.99371E-05 0.00478576 9.99371E-05 9.99371E-05 9.99371E-05 9.99371E-05 0.994515 9.99371E-05 9.99371E-05
0.011142 0.0114464 9.9964E-05 9.9964E-05 9.9964E-05 0.000755925 0.973382 0.00287387 9.9964E-05
0.0869791 0.0112098 9.9982E-05 0.440207 0.0181383 0.231415 0.0950579 0.116794 9.9982E-05
0.087726 9.9982E-05 0.0496995 0.39302 0.0496735 0.201954 0.107564 0.110163 9.9982E-05
0.0978048 0.0172497 0.00355184 0.363086 0.051266 0.215223 0.0989398 0.152779 9.9991E-05
0.0683462 9.9982E-05 0.0281308 0.36265 0.0615338 0.228151 0.185235 0.0657535 9.9982E-05
0.0961413 9.9982E-05 0.0506062 0.351353 0.025226 0.238949 0.115517 0.122008 9.9982E-05
0.0409939 9.9973E-05 0.180562 0.322515 9.9973E-05 0.223336 0.0550424 0.177251 9.9973E-05
0.0439116 9.9982E-05 0.104959 0.362919 0.00774642 0.16143 0.161147 0.157687 9.9982E-05
0.0504812 9.9973E-05 0.0250788 0.444507 9.9973E-05 0.242741 0.113326 0.123566 9.9973E-05
0.05059 9.9982E-05 0.0667871 0.350738 0.0960683 0.0884208 0.222266 0.12493 9.9982E-05
0.0375114 9.9982E-05 0.0476116 0.337533 0.0764957 0.163984 0.191055 0.145609 9.9982E-05
0.09878 9.9982E-05 0.0883214 0.417201 0.048696 0.127126 0.107583 0.112093 9.9982E-05
0.0100892 9.9982E-05 0.0422253 0.358836 0.0385459 0.076231 0.222075 0.251797 9.9982E-05
0.0879068 0.00386247 9.9982E-05 0.450088 0.0821429 0.179149 0.0803713 0.116279 9.9982E-05
0.0606554 9.9982E-05 0.0268844 0.446115 0.024168 0.221637 0.140563 0.0797765 9.9982E-05
9.9964E-05 9.9964E-05 0.0617131 9.9964E-05 0.011258 0.885749 9.9964E-05 0.029115 0.0117647
0.0607022 0.00637578 9.9964E-05 9.9964E-05 9.9964E-05 0.881145 0.0201683 9.9964E-05 0.031209
9.993E-05 9.993E-05 9.993E-05 9.993E-05 9.993E-05 0.999201 9.993E-05 9.993E-05 9.993E-05
0.00902377 9.9937E-05 9.9937E-05 9.9937E-05 9.9937E-05 0.990277 9.9937E-05 9.9937E-05 9.9937E-05
9.993E-05 9.993E-05 9.993E-05 9.993E-05 9.993E-05 0.999201 9.993E-05 9.993E-05 9.993E-05
9.993E-05 9.993E-05 9.993E-05 9.993E-05 9.993E-05 0.999201 9.993E-05 9.993E-05 9.993E-05
0.00914519 9.99371E-05 9.99371E-05 9.99371E-05 9.99371E-05 0.990155 9.99371E-05 9.99371E-05 9.99371E-05
0.0325984 0.0196171 0.00482076 0.0591674 9.9982E-05 0.718417 9.9982E-05 0.143535 0.0216439
9.993E-05 9.993E-05 9.993E-05 9.993E-05 9.993E-05 0.999201 9.993E-05 9.993E-05 9.993E-05
9.993E-05 9.993E-05 9.993E-05 9.993E-05 9.993E-05 0.999201 9.993E-05 9.993E-05 9.993E-05
9.9964E-05 0.00823837 9.9964E-05 9.9964E-05 9.9964E-05 0.876017 0.0138945 0.0641837 0.037267
0.000826831 9.9946E-05 9.9946E-05 9.9946E-05 9.9946E-05 0.991631 9.9946E-05 0.00694265 9.9946E-05
9.9955E-05 9.9955E-05 9.9955E-05 0.18547 0.0831744 0.696126 9.9955E-05 0.0347299 9.9955E-05
9.993E-05 9.993E-05 9.993E-05 9.993E-05 0.999201 9.993E-05 9.993E-05 9.993E-05 9.993E-05
0.0629057 9.9982E-05 9.9982E-05 0.376426 0.0487546 0.154599 0.181229 0.097901 0.0779847
9.993E-05 9.993E-05 9.993E-05 9.993E-05 0.999201 9.993E-05 9.993E-05 9.993E-05 9.993E-05
9.993E-05 9.993E-05 9.993E-05 9.993E-05 0.999201 9.993E-05 9.993E-05 9.993E-05 9.993E-05
9.99461E-05 9.99461E-05 9.99461E-05 9.99461E-05 0.89584 9.99461E-05 0.0383831 0.0651769 9.99461E-05
0.0461383 9.9964E-05 0.093935 0.0108932 0.842459 0.00617445 9.9964E-05 9.9964E-05 9.9964E-05
9.993E-05 9.993E-05 9.993E-05 9.993E-05 0.999201 9.993E-05 9.993E-05 9.993E-05 9.993E-05
9.9955E-05 9.9955E-05 9.9955E-05 0.045961 0.884775 0.0235668 9.9955E-05 0.0451976 9.9955E-05
0.0161811 9.99461E-05 9.99461E-05 0.0201702 0.963049 9.99461E-05 9.99461E-05 9.99461E-05 9.99461E-05
9.99461E-05 9.99461E-05 0.0263462 9.99461E-05 0.94871 0.0243444 9.99461E-05 9.99461E-05 9.99461E-05
0.0154823 9.9946E-05 9.9946E-05 9.9946E-05 0.982762 9.9946E-05 9.9946E-05 9.9946E-05 0.00115622
9.993E-05 9.993E-05 9.993E-05 9.993E-05 0.999201 9.993E-05 9.993E-05 9.993E-05 9.993E-05
9.9973E-05 0.00754803 0.0194094 9.9973E-05 0.934133 0.0255852 0.00536624 9.9973E-05 0.00765856
0.00315038 9.9964E-05 9.9964E-05 9.9964E-05 0.797003 0.0960454 0.0604964 9.9964E-05 0.0429049
0.00246607 9.9955E-05 9.9955E-05 0.0350023 0.907007 9.9955E-05 9.9955E-05 0.0550251 9.9955E-05
0.010639 0.00909031 9.9982E-05 0.0537713 0.863152 0.0400295 0.00263415 0.0204839 9.9982E-05
0.0387608 9.9982E-05 9.9982E-05 0.027339 0.862716 0.000874011 0.00443497 0.0513079 0.0143671
9.9973E-05 0.0102893 9.9973E-05 0.0745859 0.854002 9.9973E-05 0.0118099 0.0350209 0.0139925
9.9964E-05 0.00219109 0.0157212 9.9964E-05 0.959492 0.0188716 0.0033242 9.9964E-05 9.9964E-05
0.260758 0.0475401 9.9982E-05 0.393741 0.0527282 0.0418559 0.0868982 0.116279 9.9982E-05
0.298467 0.0240192 9.9982E-05 0.407997 0.0309124 0.0548093 0.0604619 0.123133 9.9982E-05
0.255071 0.0358827 9.9982E-05 0.402844 0.066874 0.00495338 0.105909 0.128266 9.9982E-05
0.216435 0.056298 9.9982E-05 0.440236 0.0480205 0.0243141 0.0440223 0.170474 9.9982E-05
0.0334456 9.9982E-05 0.0254743 9.9982E-05 0.00394743 0.0364032 0.0133772 0.869704 0.0174485
9.993E-05 9.993E-05 9.993E-05 9.993E-05 9.993E-05 9.993E-05 9.993E-05 0.999201 9.993E-05
0.0268534 9.9937E-05 9.9937E-05 9.9937E-05 9.9937E-05 9.9937E-05 9.9937E-05 0.972447 9.9937E-05
9.993E-05 9.993E-05 9.993E-05 9.993E-05 9.993E-05 9.993E-05 9.993E-05 0.999201 9.993E-05
9.993E-05 9.993E-05 9.993E-05 9.993E-05 9.993E-05 9.993E-05 9.993E-05 0.999201 9.993E-05
0.0276045 9.9955E-05 9.9955E-05 9.9955E-05 0.0017128 9.9955E-05 0.0351662 0.935017 9.9955E-05
9.9937E-05 9.9937E-05 9.9937E-05 9.9937E-05 0.0163798 9.9937E-05 9.9937E-05 0.982921 9.9937E-05
0.0265733 0.0228506 0.0288907 0.0560612 0.0272158 0.0465126 9.9991E-05 0.789899 0.00189655
0.0012762 0.0311195 0.0284289 0.0970182 9.9964E-05 9.9964E-05 9.9964E-05 0.841757 9.9964E-05
0.972256 0.00970135 9.9946E-05 9.9946E-05 9.9946E-05 9.9946E-05 9.9946E-05 9.9946E-05 0.0174433
0.999201 9.993E-05 9.993E-05 9.993E-05 9.993E-05 9.993E-05 9.993E-05 9.993E-05 9.993E-05
0.989256 9.9937E-05 9.9937E-05 0.0100445 9.9937E-05 9.9937E-05 9.9937E-05 9.9937E-05 9.9937E-05
0.991085 0.00331109 9.9946E-05 9.9946E-05 9.9946E-05 0.00500411 9.9946E-05 9.9946E-05 9.9946E-05
0.999201 9.993E-05 9.993E-05 9.993E-05 9.993E-05 9.993E-05 9.993E-05 9.993E-05 9.993E-05
0.831938 9.9973E-05 0.00174411 0.104558 9.9973E-05 9.9973E-05 0.00347176 0.0432055 0.0147824
0.999201 9.993E-05 9.993E-05 9.993E-05 9.993E-05 9.993E-05 9.993E-05 9.993E-05 9.993E-05
0.999201 9.993E-05 9.993E-05 9.993E-05 9.993E-05 9.993E-05 9.993E-05 9.993E-05 9.993E-05
0.97621 9.9955E-05 9.9955E-05 9.9955E-05 0.0209258 9.9955E-05 0.000156412 0.00220797 9.9955E-05
0.90066 9.9973E-05 9.9973E-05 0.0269549 0.0240383 0.0195999 0.0205201 0.00792733 9.9973E-05
0.999201 9.993E-05 9.993E-05 9.993E-05 9.993E-05 9.993E-05 9.993E-05 9.993E-05 9.993E-05
0.999201 9.993E-05 9.993E-05 9.993E-05 9.993E-05 9.993E-05 9.993E-05 9.993E-05 9.993E-05
