9.993E-05 9.993E-05 9.993E-05 9.993E-05 9.993E-05 0.999201 9.993E-05 9.993E-05 9.993E-05
9.9955E-05 0.581267 9.9955E-05 9.9955E-05 0.0878882 0.264164 9.9955E-05 9.9955E-05 0.0661816
9.9955E-05 0.587877 9.9955E-05 9.9955E-05 0.0540772 0.254734 9.9955E-05 9.9955E-05 0.102813
9.99551E-05 0.609577 0.158795 9.99551E-05 9.99551E-05 0.214661 0.0164674 9.99551E-05 9.99551E-05
0.0590427 0.62508 0.180282 9.9964E-05 9.9964E-05 0.0805292 0.0546666 9.9964E-05 9.9964E-05
0.0193664 0.631678 0.132848 0.0108117 0.00821912 0.145163 9.9982E-05 9.9982E-05 0.0517141
9.9937E-05 0.71297 9.9937E-05 9.9937E-05 9.9937E-05 0.28633 9.9937E-05 9.9937E-05 9.9937E-05
9.9964E-05 0.503976 0.131596 9.9964E-05 0.0230375 0.269017 9.9964E-05 9.9964E-05 0.0719739
9.9973E-05 0.631334 0.0943271 9.9973E-05 0.0251816 0.156425 0.038475 9.9973E-05 0.0539575
9.993E-05 9.993E-05 9.993E-05 9.993E-05 9.993E-05 0.999201 9.993E-05 9.993E-05 9.993E-05
9.993E-05 9.993E-05 9.993E-05 9.993E-05 9.993E-05 0.999201 9.993E-05 9.993E-05 9.993E-05
9.9937E-05 9.9937E-05 9.9937E-05 9.9937E-05 0.000588419 0.998712 9.9937E-05 9.9937E-05 9.9937E-05
9.9937E-05 9.9937E-05 9.9937E-05 9.9937E-05 0.00933654 0.989964 9.9937E-05 9.9937E-05 9.9937E-05
0.0644991 9.9955E-05 0.00438842 9.9955E-05 9.9955E-05 0.92845 0.00216275 9.9955E-05 9.9955E-05
0.00199111 9.9955E-05 0.0330886 9.9955E-05 9.9955E-05 0.936665 9.9955E-05 0.0277559 9.9955E-05
9.9964E-05 0.425326 0.312893 9.9964E-05 9.9964E-05 0.206898 0.0207389 0.0337443 9.9964E-05
0.113289 0.312726 0.148259 0.014441 0.0696784 0.232234 0.0306396 0.011075 0.0676582
9.9973E-05 0.64619 0.119931 0.040631 0.00162703 0.19031 0.00101122 9.9973E-05 9.9973E-05
0.0856534 0.868761 0.0102264 9.9964E-05 0.00812917 9.9964E-05 0.0268303 9.9964E-05 9.9964E-05
0.067276 0.908184 9.9955E-05 0.00839512 9.9955E-05 9.9955E-05 9.9955E-05 0.0156451 9.9955E-05
9.9973E-05 0.819977 9.9973E-05 0.077337 0.00810362 0.0709619 0.0173707 9.9973E-05 0.00595002
0.0664215 0.784993 0.0389629 0.0197265 0.0203873 9.9982E-05 9.9982E-05 0.0276902 0.0416189
0.0829073 0.868047 9.9955E-05 9.9955E-05 9.9955E-05 9.9955E-05 0.0290363 9.9955E-05 0.01951
0.0456291 0.919691 9.9955E-05 9.9955E-05 9.9955E-05 0.0113175 9.9955E-05 0.0228631 9.9955E-05
9.9964E-05 0.837662 0.0764365 9.9964E-05 9.9964E-05 0.0231883 0.0182488 0.044064 9.9964E-05
0.0117002 0.672679 0.0904169 0.112359 9.9973E-05 9.9973E-05 0.0538135 0.0587319 9.9973E-05
0.028224 0.696938 0.00724961 0.0291437 9.9982E-05 0.00832841 0.127909 9.9982E-05 0.102008
9.9955E-05 0.929154 0.0489973 9.9955E-05 0.00018774 9.9955E-05 9.9955E-05 9.9955E-05 0.0211613
9.9973E-05 0.756226 0.00673371 0.0973881 9.9973E-05 0.0344116 0.0269044 0.0780359 9.9973E-05
9.9946E-05 0.914479 9.9946E-05 0.0624437 9.9946E-05 0.0224772 9.9946E-05 9.9946E-05 9.9946E-05
0.0465861 0.888483 9.9955E-05 9.9955E-05 9.9955E-05 0.017856 0.0465751 9.9955E-05 9.9955E-05
9.9964E-05 0.818264 0.0434916 9.9964E-05 9.9964E-05 9.9964E-05 0.0610322 0.0588852 0.017927
0.00604156 0.735553 9.9973E-05 0.184836 9.9973E-05 9.9973E-05 0.0154623 0.0315123 0.026295
9.9982E-05 0.610124 0.0206808 0.114797 9.9982E-05 0.0442561 0.0211563 0.0816553 0.10713
0.110814 0.841193 9.9955E-05 0.00705056 9.9955E-05 9.9955E-05 9.9955E-05 9.9955E-05 0.0404428
9.9964E-05 0.889866 9.9964E-05 0.0272899 9.9964E-05 0.0452685 0.0363608 0.000814672 9.9964E-05
0.0232636 0.534737 0.306192 0.113726 9.9964E-05 9.9964E-05 0.0216804 9.9964E-05 9.9964E-05
0.037071 0.584923 0.0182999 0.273654 9.9973E-05 9.9973E-05 0.0762638 9.9973E-05 0.00948848
9.9982E-05 0.544729 0.0918642 0.203838 0.0333482 0.00579506 0.0950603 9.9982E-05 0.0251651
0.0179101 0.597955 0.0489109 0.287424 9.9964E-05 9.9964E-05 0.0474006 9.9964E-05 9.9964E-05
9.9982E-05 0.0464995 0.648235 0.0608148 0.0690003 9.9982E-05 0.0514011 0.0990768 0.024773
0.0222119 0.00677345 0.678331 0.119593 9.9991E-05 0.013318 0.0402587 0.0807598 0.0386542
9.9973E-05 0.225559 0.502734 9.9973E-05 0.050384 0.0694819 9.9973E-05 0.077899 0.0736424
9.9982E-05 0.0168756 0.754285 0.122231 0.0305392 9.9982E-05 0.00821701 0.0638923 0.00375959
0.00604579 0.193295 0.385585 0.266635 9.9982E-05 9.9982E-05 0.0787601 0.00900418 0.0604741
9.993E-05 9.993E-05 0.999201 9.993E-05 9.993E-05 9.993E-05 9.993E-05 9.993E-05 9.993E-05
9.993E-05 9.993E-05 0.999201 9.993E-05 9.993E-05 9.993E-05 9.993E-05 9.993E-05 9.993E-05
0.0180405 0.392656 0.426775 9.9982E-05 0.00740735 9.9982E-05 0.0651169 0.0349525 0.0548525
0.00775941 0.113468 0.497704 0.0718561 9.9991E-05 0.101088 0.097426 0.0763189 0.0342804
9.9982E-05 0.419398 0.312209 9.9982E-05 0.0403449 0.0826651 0.000195805 0.0939012 0.0510865
9.9982E-05 0.227919 0.381528 0.253755 0.0081493 0.0264692 0.0566041 9.9982E-05 0.0453754
0.0558225 0.173958 0.588326 0.0981318 9.9973E-05 9.9973E-05 9.9973E-05 0.0124758 0.0709864
9.9946E-05 9.9946E-05 0.962136 9.9946E-05 9.9946E-05 9.9946E-05 0.0371427 0.000121673 9.9946E-05
0.0287539 0.157336 0.301759 0.377579 9.9982E-05 0.035813 0.0855909 9.9982E-05 0.0129674
0.0442745 0.119047 0.312932 0.39522 0.0178144 0.0564766 0.0357171 0.0149993 0.00351952
9.9982E-05 0.174038 0.58114 0.0600773 0.0221498 9.9982E-05 0.00477757 0.0779685 0.0796494
0.0260893 0.192757 0.319363 0.161548 9.9991E-05 0.0597829 0.0979388 0.0348915 0.10753
9.9973E-05 0.241382 0.444384 0.101529 0.0328317 9.9973E-05 0.112234 0.0673394 9.9973E-05
9.993E-05 9.993E-05 0.999201 9.993E-05 9.993E-05 9.993E-05 9.993E-05 9.993E-05 9.993E-05
9.9982E-05 0.255947 0.411966 0.185975 9.9982E-05 0.0313833 0.0895026 0.0125398 0.0124866
0.0108936 0.187644 0.568221 9.9982E-05 9.9982E-05 0.0142568 0.0927306 0.122602 0.00345249
9.9973E-05 0.0624565 0.662615 0.121157 0.00328295 0.0252985 9.9973E-05 0.12489 9.9973E-05
0.0276339 0.165098 0.52654 0.152869 0.034493 9.9991E-05 0.0457421 0.00553689 0.0419871
0.0990089 9.9964E-05 0.846614 9.9964E-05 0.0123283 0.00162515 9.9964E-05 0.0400243 9.9964E-05
9.9973E-05 0.126772 0.669578 0.117275 9.9973E-05 0.00789119 0.0191382 0.0590456 9.9973E-05
0.102936 9.9946E-05 0.881383 9.9946E-05 9.9946E-05 9.9946E-05 9.9946E-05 9.9946E-05 0.0150811
9.9946E-05 9.9946E-05 0.64751 0.330376 0.0215143 9.9946E-05 9.9946E-05 9.9946E-05 9.9946E-05
0.125049 9.9964E-05 0.81908 9.9964E-05 0.00476521 9.9964E-05 9.9964E-05 0.0454353 0.00527111
0.0513769 0.288092 0.478519 0.0631598 9.9982E-05 9.9982E-05 0.063797 0.0220209 0.0328344
0.0634227 9.9955E-05 0.909995 9.9955E-05 0.0183029 9.9955E-05 9.9955E-05 0.00777974 9.9955E-05
9.9982E-05 0.108185 0.629645 0.0885171 0.0617403 0.0400392 9.9982E-05 0.0221399 0.049533
0.047418 0.0223532 0.491268 0.327951 0.0155725 9.9991E-05 0.0247812 0.0153619 0.0551943
0.00297617 0.00580432 0.713686 0.156711 9.9973E-05 0.064241 0.0562817 9.9973E-05 9.9973E-05
9.9964E-05 0.0328348 0.723525 0.110503 9.9964E-05 0.0533864 0.0793511 9.9964E-05 9.9964E-05
0.0198028 9.9982E-05 0.482893 0.352165 9.9982E-05 0.0296332 0.0127149 0.0776164 0.0249744
0.0105341 9.9964E-05 0.646065 0.211021 0.0148473 9.9964E-05 0.117133 9.9964E-05 9.9964E-05
9.9955E-05 9.9955E-05 0.739606 0.202783 0.0368201 9.9955E-05 9.9955E-05 9.9955E-05 0.0202917
0.116906 0.0169475 0.51001 0.161493 0.120502 0.0331947 9.9982E-05 0.0407476 9.9982E-05
9.9937E-05 0.0921697 9.9937E-05 0.907131 9.9937E-05 9.9937E-05 9.9937E-05 9.9937E-05 9.9937E-05
0.0152993 9.9946E-05 0.0105312 0.97357 9.9946E-05 9.9946E-05 9.9946E-05 9.9946E-05 9.9946E-05
9.9955E-05 9.9955E-05 0.00294075 0.969897 9.9955E-05 0.0109412 9.9955E-05 9.9955E-05 0.0157216
9.9937E-05 9.9937E-05 0.0301666 0.969134 9.9937E-05 9.9937E-05 9.9937E-05 9.9937E-05 9.9937E-05
9.993E-05 9.993E-05 9.993E-05 0.999201 9.993E-05 9.993E-05 9.993E-05 9.993E-05 9.993E-05
9.9982E-05 0.16352 0.0925123 0.530012 0.0976951 9.9982E-05 0.031255 0.0680609 0.016744
9.9991E-05 0.00485548 0.248458 0.49002 0.14247 0.0248975 0.00532111 0.0736684 0.0102094
9.9991E-05 0.0338975 0.148297 0.577596 0.0987992 0.0411111 0.0103007 0.00310404 0.0867949
9.9991E-05 0.191503 0.118425 0.470018 0.0322436 0.0452089 0.0254632 0.0619762 0.0550626
9.9973E-05 0.14697 0.0784906 0.502154 0.0996148 9.9973E-05 0.0457753 0.126695 9.9973E-05
0.0519083 0.0288596 0.239045 0.454919 0.0656861 0.00830466 0.105232 0.0227443 0.0233013
0.00333427 0.0199269 0.217913 0.390214 0.0722835 0.00662528 0.101465 0.10718 0.0810582
0.174342 0.00953995 0.295207 0.311595 0.10579 0.0571426 9.9991E-05 0.0251613 0.0211213
0.181225 0.026596 0.313146 0.283621 0.0550768 0.0619586 9.9991E-05 0.0549881 0.0232877
9.9991E-05 0.011847 0.153129 0.332385 0.16055 0.0211766 0.172451 0.0498294 0.098532
9.993E-05 9.993E-05 9.993E-05 9.993E-05 0.999201 9.993E-05 9.993E-05 9.993E-05 9.993E-05
0.00262078 0.0293754 9.9964E-05 0.0316322 0.900443 9.9964E-05 9.9964E-05 9.9964E-05 0.0355288
0.0492381 0.00456718 0.0320619 0.068945 0.844788 9.9964E-05 9.9964E-05 9.9964E-05 9.9964E-05
9.993E-05 9.993E-05 9.993E-05 9.993E-05 0.999201 9.993E-05 9.993E-05 9.993E-05 9.993E-05
9.993E-05 9.993E-05 9.993E-05 9.993E-05 0.999201 9.993E-05 9.993E-05 9.993E-05 9.993E-05
9.993E-05 9.993E-05 9.993E-05 9.993E-05 0.999201 9.993E-05 9.993E-05 9.993E-05 9.993E-05
9.993E-05 9.993E-05 9.993E-05 9.993E-05 0.999201 9.993E-05 9.993E-05 9.993E-05 9.993E-05
9.9964E-05 0.0819991 0.00377968 0.0330638 0.867089 9.9964E-05 9.9964E-05 0.0136689 9.9964E-05
9.993E-05 9.993E-05 9.993E-05 9.993E-05 0.999201 9.993E-05 9.993E-05 9.993E-05 9.993E-05
9.993E-05 9.993E-05 9.993E-05 9.993E-05 0.999201 9.993E-05 9.993E-05 9.993E-05 9.993E-05
0.0682197 0.0938025 9.9982E-05 0.381117 0.0482001 9.9982E-05 0.0546272 0.276805 0.0770293
0.014555 9.9955E-05 0.0614816 9.9955E-05 0.913537 9.9955E-05 0.00992634 9.9955E-05 9.9955E-05
9.9946E-05 9.9946E-05 9.9946E-05 9.9946E-05 0.993477 9.9946E-05 0.0011579 9.9946E-05 0.00476516
0.00138427 9.9955E-05 9.9955E-05 0.011447 0.947459 9.9955E-05 0.0392101 9.9955E-05 9.9955E-05
9.993E-05 9.993E-05 9.993E-05 0.999201 9.993E-05 9.993E-05 9.993E-05 9.993E-05 9.993E-05
9.993E-05 9.993E-05 9.993E-05 0.999201 9.993E-05 9.993E-05 9.993E-05 9.993E-05 9.993E-05
9.993E-05 9.993E-05 9.993E-05 0.999201 9.993E-05 9.993E-05 9.993E-05 9.993E-05 9.993E-05
9.993E-05 9.993E-05 9.993E-05 0.999201 9.993E-05 9.993E-05 9.993E-05 9.993E-05 9.993E-05
9.9964E-05 9.9964E-05 9.9964E-05 0.846017 0.0137274 9.9964E-05 0.0175542 0.11773 0.00457158
0.0614857 0.151795 9.9964E-05 0.658993 9.9964E-05 9.9964E-05 0.0253949 0.101931 9.9964E-05
0.0701506 0.0127226 0.0138713 0.783045 0.052485 9.9982E-05 0.0200725 0.0474526 9.9982E-05
0.0585998 9.9973E-05 0.0423311 0.783226 0.0111538 9.9973E-05 0.000210075 0.104179 9.9973E-05
0.0543693 9.9964E-05 9.9964E-05 0.833062 0.0796663 9.9964E-05 9.9964E-05 0.0244149 0.00808751
0.0562532 9.9946E-05 9.9946E-05 0.88199 0.061157 9.9946E-05 9.9946E-05 9.9946E-05 9.9946E-05
0.0016918 0.0803891 9.9982E-05 0.802787 0.0228305 9.9982E-05 0.049053 0.0150245 0.0280241
0.102354 0.00907925 9.9982E-05 0.801964 0.0694253 0.00136079 0.00643724 9.9982E-05 0.00917927
0.0262504 9.9982E-05 0.0380625 0.773226 9.9982E-05 0.00509543 0.0417644 0.0811231 0.034278
0.0169143 9.9991E-05 0.0415302 0.70815 0.0577211 0.0129038 0.0246956 0.12556 0.0124248
0.0178845 9.9973E-05 0.00703316 0.0221572 9.9973E-05 9.9973E-05 0.0113625 0.913391 0.027872
0.0419414 9.9964E-05 9.9964E-05 9.9964E-05 0.0356884 0.0197215 0.0641701 0.838079 9.9964E-05
9.993E-05 9.993E-05 9.993E-05 9.993E-05 9.993E-05 9.993E-05 9.993E-05 0.999201 9.993E-05
9.9937E-05 9.9937E-05 0.00581318 9.9937E-05 9.9937E-05 9.9937E-05 9.9937E-05 0.993487 9.9937E-05
9.9937E-05 9.9937E-05 9.9937E-05 0.010423 9.9937E-05 9.9937E-05 9.9937E-05 0.988877 9.9937E-05
9.9955E-05 9.9955E-05 9.9955E-05 0.0021859 0.0155473 9.9955E-05 9.9955E-05 0.973995 0.00777229
0.0215068 9.9946E-05 0.000113547 9.9946E-05 9.9946E-05 9.9946E-05 9.9946E-05 0.97778 9.9946E-05
0.109123 0.00884111 9.9964E-05 9.9964E-05 0.00843525 0.0524643 9.9964E-05 0.820737 9.9964E-05
9.993E-05 9.993E-05 9.993E-05 9.993E-05 9.993E-05 9.993E-05 9.993E-05 0.999201 9.993E-05
9.993E-05 9.993E-05 9.993E-05 9.993E-05 9.993E-05 9.993E-05 9.993E-05 0.999201 9.993E-05
0.0613669 0.0167577 9.9964E-05 9.9964E-05 0.026004 0.00773573 9.9964E-05 0.887736 9.9964E-05
9.993E-05 9.993E-05 9.993E-05 9.993E-05 9.993E-05 9.993E-05 9.993E-05 0.999201 9.993E-05
0.044734 9.9982E-05 0.0509512 0.0484665 0.00278943 9.9982E-05 0.038584 0.735286 0.0789894
9.993E-05 9.993E-05 9.993E-05 9.993E-05 9.993E-05 9.993E-05 9.993E-05 9.993E-05 0.999201
0.048539 9.9982E-05 0.129312 0.511028 0.0916779 9.9982E-05 0.0466859 0.108599 0.063958
9.993E-05 9.993E-05 9.993E-05 9.993E-05 9.993E-05 9.993E-05 9.993E-05 9.993E-05 0.999201
9.993E-05 9.993E-05 9.993E-05 9.993E-05 9.993E-05 9.993E-05 9.993E-05 9.993E-05 0.999201
0.085934 0.00117542 9.99551E-05 9.99551E-05 0.00589772 9.99551E-05 9.99551E-05 9.99551E-05 0.906493
9.9964E-05 0.0398139 0.0780059 0.068993 9.9964E-05 9.9964E-05 9.9964E-05 0.0406956 0.772092
9.993E-05 9.993E-05 9.993E-05 9.993E-05 9.993E-05 9.993E-05 9.993E-05 9.993E-05 0.999201
0.0211322 9.9964E-05 0.00201056 0.0460339 9.9964E-05 9.9964E-05 9.9964E-05 0.0616813 0.868742
9.99371E-05 9.99371E-05 9.99371E-05 9.99371E-05 0.0119715 9.99371E-05 9.99371E-05 9.99371E-05 0.987329
9.9955E-05 9.9955E-05 0.0141261 9.9955E-05 9.9955E-05 9.9955E-05 0.00331645 0.016068 0.96599
0.00637036 9.9946E-05 9.9946E-05 9.9946E-05 9.9946E-05 0.00836781 9.9946E-05 9.9946E-05 0.984662
9.993E-05 9.993E-05 9.993E-05 9.993E-05 9.993E-05 9.993E-05 9.993E-05 9.993E-05 0.999201
0.0268183 9.9946E-05 9.9946E-05 9.9946E-05 9.9946E-05 9.9946E-05 9.9946E-05 0.00639723 0.966185
9.9982E-05 9.9982E-05 0.0478366 0.00595405 0.0478022 0.00270935 0.0187515 0.0623522 0.814394
0.00045865 9.9964E-05 9.9964E-05 0.0106976 9.9964E-05 0.0149393 0.0190749 9.9964E-05 0.95443
9.9946E-05 9.9946E-05 0.117407 9.9946E-05 9.9946E-05 9.9946E-05 9.9946E-05 0.0126454 0.869348
0.0134083 9.9973E-05 0.0399344 0.0435912 9.9973E-05 0.0166291 0.0320474 9.9973E-05 0.85409
0.00538745 0.0196711 0.0335095 9.9982E-05 0.00675171 0.0137955 0.0674959 9.9982E-05 0.853189
0.0218347 9.9946E-05 9.9946E-05 9.9946E-05 9.9946E-05 9.9946E-05 9.9946E-05 0.0204893 0.957076
0.125117 9.9991E-05 0.0778781 0.334117 0.055677 0.0356017 0.290405 0.0445025 0.0366023
0.126245 0.0506987 0.0521524 0.323125 0.0321171 0.0525751 0.283036 0.0571071 0.0229441
0.117718 9.9982E-05 0.1159 0.287587 0.0503377 0.056004 0.333269 9.9982E-05 0.0389843
0.148163 9.9991E-05 0.161349 0.30079 0.0330596 0.0512929 0.237588 0.0183399 0.0493175
0.950621 0.00495721 9.9955E-05 9.9955E-05 9.9955E-05 9.9955E-05 9.9955E-05 0.0332142 0.0107075
0.999201 9.993E-05 9.993E-05 9.993E-05 9.993E-05 9.993E-05 9.993E-05 9.993E-05 9.993E-05
0.972881 9.9937E-05 9.9937E-05 9.9937E-05 9.9937E-05 9.9937E-05 0.0264195 9.9937E-05 9.9937E-05
0.999201 9.993E-05 9.993E-05 9.993E-05 9.993E-05 9.993E-05 9.993E-05 9.993E-05 9.993E-05
0.979226 9.9946E-05 9.9946E-05 9.9946E-05 9.9946E-05 9.9946E-05 0.0186496 0.00152497 9.9946E-05
0.895922 9.9973E-05 0.000183366 0.0656434 0.01971 9.9973E-05 0.0128925 0.00534932 9.9973E-05
0.901203 0.0110819 9.9973E-05 0.0604344 9.9973E-05 0.00134628 0.0132442 0.0123899 9.9973E-05
0.764221 0.0586955 9.9991E-05 0.0488284 0.0330431 0.00617634 0.0462991 0.0138418 0.0287951
0.850159 0.0060356 0.0770476 0.0406857 0.0107938 9.9973E-05 9.9973E-05 9.9973E-05 0.0149782
9.9937E-05 9.9937E-05 9.9937E-05 9.9937E-05 9.9937E-05 9.9937E-05 0.998957 0.000343022 9.9937E-05
0.00903965 9.9964E-05 9.9964E-05 0.00627953 0.00105851 9.9964E-05 0.972845 9.9964E-05 0.0103779
9.9946E-05 9.9946E-05 9.9946E-05 9.9946E-05 9.9946E-05 9.9946E-05 0.987758 0.00108995 0.0105525
9.993E-05 9.993E-05 9.993E-05 9.993E-05 9.993E-05 9.993E-05 0.999201 9.993E-05 9.993E-05
9.993E-05 9.993E-05 9.993E-05 9.993E-05 9.993E-05 9.993E-05 0.999201 9.993E-05 9.993E-05
0.011945 0.00508263 0.0102045 0.101376 9.9964E-05 9.9964E-05 0.870992 9.9964E-05 9.9964E-05
9.993E-05 9.993E-05 9.993E-05 9.993E-05 9.993E-05 9.993E-05 0.999201 9.993E-05 9.993E-05
9.993E-05 9.993E-05 9.993E-05 9.993E-05 9.993E-05 9.993E-05 0.999201 9.993E-05 9.993E-05
0.0119489 9.9955E-05 0.0091445 9.9955E-05 9.9955E-05 9.9955E-05 0.968814 0.00959245 9.9955E-05
9.9964E-05 9.9964E-05 0.0310676 0.00536773 9.9964E-05 9.9964E-05 0.916961 0.0140677 0.0321364
9.993E-05 9.993E-05 9.993E-05 9.993E-05 9.993E-05 9.993E-05 0.999201 9.993E-05 9.993E-05
9.993E-05 9.993E-05 9.993E-05 9.993E-05 9.993E-05 9.993E-05 0.999201 9.993E-05 9.993E-05
