9.98831E-05 9.98831E-05 9.98831E-05 9.98831E-05 9.98831E-05 9.98831E-05 9.98831E-05 9.98831E-05 9.98831E-05 0.998702 9.98831E-05 9.98831E-05 9.98831E-05 9.98831E-05
9.9919E-05 9.9919E-05 9.9919E-05 0.103267 9.9919E-05 9.9919E-05 0.700188 0.0734363 9.9919E-05 0.0771661 9.9919E-05 0.0450436 9.9919E-05 9.9919E-05
9.98831E-05 9.98831E-05 9.98831E-05 9.98831E-05 9.98831E-05 9.98831E-05 9.98831E-05 9.98831E-05 9.98831E-05 9.98831E-05 9.98831E-05 0.998702 9.98831E-05 9.98831E-05
0.100211 9.991E-05 0.0638384 9.991E-05 0.00195719 9.991E-05 9.991E-05 9.991E-05 9.991E-05 9.991E-05 9.991E-05 0.832995 9.991E-05 9.991E-05
9.9937E-05 0.00639357 9.9937E-05 9.9937E-05 0.00394026 0.021682 0.924928 0.00771816 9.9937E-05 9.9937E-05 0.0169027 9.9937E-05 9.9937E-05 0.017736
0.0298533 9.9919E-05 9.9919E-05 9.9919E-05 9.9919E-05 9.9919E-05 0.769574 0.0546739 9.9919E-05 0.0948495 9.9919E-05 0.05015 9.9919E-05 9.9919E-05
9.99191E-05 9.99191E-05 9.99191E-05 0.00409851 9.99191E-05 9.99191E-05 0.781224 9.99191E-05 9.99191E-05 0.0877212 9.99191E-05 9.99191E-05 0.0399497 0.0861072
9.99011E-05 9.99011E-05 0.00178309 9.99011E-05 9.99011E-05 9.99011E-05 0.923517 9.99011E-05 9.99011E-05 9.99011E-05 9.99011E-05 9.99011E-05 0.073601 9.99011E-05
9.9937E-05 9.9937E-05 9.9937E-05 0.170739 9.9937E-05 9.9937E-05 0.533551 9.9937E-05 0.0632223 0.00224642 0.0385119 0.162448 0.0285818 9.9937E-05
9.9955E-05 9.9955E-05 9.9955E-05 0.231971 0.0560245 0.0182605 0.257087 9.9955E-05 0.000997681 0.0811783 9.9955E-05 0.184284 0.097971 0.0717267
9.99011E-05 9.99011E-05 0.0288965 9.99011E-05 0.0108562 9.99011E-05 9.99011E-05 0.959148 9.99011E-05 9.99011E-05 9.99011E-05 9.99011E-05 9.99011E-05 9.99011E-05
9.98921E-05 9.98921E-05 9.98921E-05 9.98921E-05 9.98921E-05 9.98921E-05 9.98921E-05 0.00781831 9.98921E-05 9.98921E-05 9.98921E-05 9.98921E-05 0.990983 9.98921E-05
9.98921E-05 9.98921E-05 9.98921E-05 9.98921E-05 9.98921E-05 9.98921E-05 9.98921E-05 0.981322 9.98921E-05 0.0174796 9.98921E-05 9.98921E-05 9.98921E-05 9.98921E-05
9.99011E-05 9.99011E-05 9.99011E-05 9.99011E-05 0.00510766 9.99011E-05 9.99011E-05 9.99011E-05 9.99011E-05 9.99011E-05 9.99011E-05 0.0269713 0.966822 9.99011E-05
9.9928E-05 0.0238462 9.9928E-05 9.9928E-05 0.0280111 9.9928E-05 9.9928E-05 0.255507 9.9928E-05 9.9928E-05 0.352733 0.0814992 0.257603 9.9928E-05
0.323294 0.00676347 9.9937E-05 9.9937E-05 9.9937E-05 0.0108534 9.9937E-05 0.311666 9.9937E-05 9.9937E-05 0.111699 0.0242474 0.210778 9.9937E-05
0.986661 9.9892E-05 9.9892E-05 9.9892E-05 9.9892E-05 9.9892E-05 9.9892E-05 9.9892E-05 9.9892E-05 9.9892E-05 0.0121401 9.9892E-05 9.9892E-05 9.9892E-05
0.595144 0.00832212 0.036173 9.9928E-05 9.9928E-05 0.207457 9.9928E-05 9.9928E-05 9.9928E-05 9.9928E-05 0.0896536 0.0624513 9.9928E-05 9.9928E-05
9.9937E-05 9.9937E-05 0.123876 9.9937E-05 0.00741229 9.9937E-05 9.9937E-05 0.0302132 9.9937E-05 0.000586173 0.105473 9.9937E-05 0.712256 0.0194837
0.250844 9.99191E-05 9.99191E-05 0.0313494 9.99191E-05 9.99191E-05 9.99191E-05 0.0110979 9.99191E-05 9.99191E-05 9.99191E-05 0.114275 0.591534 9.99191E-05
0.219689 9.9928E-05 9.9928E-05 9.9928E-05 9.9928E-05 0.142506 9.9928E-05 9.9928E-05 0.0537216 0.0385293 9.9928E-05 0.0418593 0.502896 9.9928E-05
0.257379 9.99011E-05 9.99011E-05 9.99011E-05 9.99011E-05 9.99011E-05 0.247052 9.99011E-05 9.99011E-05 9.99011E-05 0.49447 9.99011E-05 9.99011E-05 9.99011E-05
0.691572 9.9919E-05 9.9919E-05 9.9919E-05 0.00544288 9.9919E-05 9.9919E-05 0.15642 0.0596395 0.0860261 9.9919E-05 9.9919E-05 9.9919E-05 9.9919E-05
0.965809 9.99011E-05 9.99011E-05 9.99011E-05 9.99011E-05 0.026772 9.99011E-05 9.99011E-05 9.99011E-05 9.99011E-05 9.99011E-05 9.99011E-05 9.99011E-05 0.00632048
0.0542215 0.0258831 9.9937E-05 9.9937E-05 9.9937E-05 0.0733934 9.9937E-05 0.115521 9.9937E-05 9.9937E-05 0.24283 0.031136 0.456315 9.9937E-05
9.9928E-05 9.9928E-05 9.9928E-05 0.0298144 9.9928E-05 0.0903751 9.9928E-05 9.9928E-05 0.0010173 0.0446967 0.0393634 9.9928E-05 0.793934 9.9928E-05
0.0178377 9.9919E-05 0.0612517 0.0620616 9.9919E-05 9.9919E-05 9.9919E-05 9.9919E-05 0.00672481 9.9919E-05 0.851225 9.9919E-05 9.9919E-05 9.9919E-05
9.9973E-05 0.0157532 0.0144867 9.9973E-05 0.0289613 0.14573 0.0161106 0.0142174 9.9973E-05 0.00847644 0.675529 0.0443627 0.0170966 0.0189753
9.9928E-05 0.050159 9.9928E-05 9.9928E-05 9.9928E-05 0.0774768 9.9928E-05 9.9928E-05 0.0356702 9.9928E-05 0.606689 9.9928E-05 0.181673 0.0475329
9.98831E-05 9.98831E-05 9.98831E-05 9.98831E-05 9.98831E-05 9.98831E-05 9.98831E-05 9.98831E-05 9.98831E-05 9.98831E-05 0.998702 9.98831E-05 9.98831E-05 9.98831E-05
9.98921E-05 9.98921E-05 9.98921E-05 0.9736 9.98921E-05 9.98921E-05 9.98921E-05 9.98921E-05 9.98921E-05 9.98921E-05 0.0252011 9.98921E-05 9.98921E-05 9.98921E-05
9.991E-05 9.991E-05 9.991E-05 0.851375 9.991E-05 9.991E-05 0.0525501 9.991E-05 9.991E-05 9.991E-05 0.0343257 9.991E-05 9.991E-05 0.0607499
9.99191E-05 0.741487 9.99191E-05 9.99191E-05 9.99191E-05 0.105672 9.99191E-05 9.99191E-05 9.99191E-05 9.99191E-05 0.0694317 0.0187512 9.99191E-05 0.0637588
0.0979089 0.63576 0.13675 9.9919E-05 9.9919E-05 9.9919E-05 9.9919E-05 9.9919E-05 0.00563528 9.9919E-05 9.9919E-05 9.9919E-05 9.9919E-05 0.123047
9.991E-05 0.884238 9.991E-05 9.991E-05 9.991E-05 9.991E-05 9.991E-05 0.0309939 0.00842167 9.991E-05 0.0753471 9.991E-05 9.991E-05 9.991E-05
9.99101E-05 0.537657 9.99101E-05 0.4163 9.99101E-05 9.99101E-05 9.99101E-05 9.99101E-05 0.0139214 0.0311221 9.99101E-05 9.99101E-05 9.99101E-05 9.99101E-05
9.991E-05 0.783524 9.991E-05 9.991E-05 9.991E-05 9.991E-05 0.150988 9.991E-05 9.991E-05 0.0297479 9.991E-05 9.991E-05 0.0347408 9.991E-05
0.138627 0.0372316 0.0662982 0.735609 9.9919E-05 9.9919E-05 9.9919E-05 9.9919E-05 9.9919E-05 0.0213356 9.9919E-05 9.9919E-05 9.9919E-05 9.9919E-05
9.99101E-05 0.936868 0.0210578 9.99101E-05 0.0317202 9.99101E-05 9.99101E-05 9.99101E-05 0.00935534 9.99101E-05 9.99101E-05 9.99101E-05 9.99101E-05 9.99101E-05
9.9937E-05 0.52321 0.0697796 9.9937E-05 0.017108 0.275678 9.9937E-05 0.0545912 9.9937E-05 0.02157 0.0373637 9.9937E-05 9.9937E-05 9.9937E-05
9.99191E-05 0.151156 9.99191E-05 0.828482 0.000198589 9.99191E-05 9.99191E-05 9.99191E-05 9.99191E-05 9.99191E-05 9.99191E-05 9.99191E-05 0.0144581 0.00480571
9.9937E-05 0.20846 0.0210921 0.0794669 9.9937E-05 0.324774 9.9937E-05 9.9937E-05 9.9937E-05 0.0806835 9.9937E-05 9.9937E-05 0.190911 0.0939132
9.99101E-05 0.955991 9.99101E-05 9.99101E-05 0.0165253 0.0250787 9.99101E-05 9.99101E-05 9.99101E-05 9.99101E-05 9.99101E-05 9.99101E-05 9.99101E-05 0.00140565
0.0826845 0.494935 0.159498 9.9946E-05 0.015047 0.0364114 0.00256851 9.9946E-05 9.9946E-05 9.9946E-05 0.0611127 9.9946E-05 9.9946E-05 0.147144
9.98831E-05 9.98831E-05 9.98831E-05 9.98831E-05 9.98831E-05 9.98831E-05 9.98831E-05 9.98831E-05 0.998702 9.98831E-05 9.98831E-05 9.98831E-05 9.98831E-05 9.98831E-05
9.9946E-05 0.00341328 0.0365635 0.0551634 9.9946E-05 9.9946E-05 0.0022079 9.9946E-05 9.9946E-05 0.00969124 0.139506 9.9946E-05 0.0516735 0.701181
0.0460588 9.99101E-05 9.99101E-05 9.99101E-05 0.0188998 9.99101E-05 9.99101E-05 9.99101E-05 9.99101E-05 0.00328374 9.99101E-05 9.99101E-05 9.99101E-05 0.930759
9.9919E-05 9.9919E-05 0.034812 0.011583 9.9919E-05 0.0802387 9.9919E-05 9.9919E-05 0.0198165 9.9919E-05 9.9919E-05 9.9919E-05 9.9919E-05 0.85265
9.9937E-05 0.242559 0.192489 9.9937E-05 9.9937E-05 9.9937E-05 0.0264733 9.9937E-05 9.9937E-05 9.9937E-05 0.0702331 0.0186043 0.172979 0.275963
9.9928E-05 0.271257 9.9928E-05 9.9928E-05 9.9928E-05 0.0432869 0.0588961 9.9928E-05 0.048378 9.9928E-05 9.9928E-05 9.9928E-05 0.0647533 0.512629
9.99011E-05 9.99011E-05 0.907072 9.99011E-05 9.99011E-05 0.0755735 9.99011E-05 9.99011E-05 9.99011E-05 9.99011E-05 9.99011E-05 9.99011E-05 9.99011E-05 0.0162553
9.99011E-05 9.99011E-05 0.925756 9.99011E-05 9.99011E-05 9.99011E-05 9.99011E-05 9.99011E-05 9.99011E-05 0.000712442 9.99011E-05 9.99011E-05 9.99011E-05 0.072433
9.99101E-05 9.99101E-05 0.799593 9.99101E-05 9.99101E-05 0.149428 9.99101E-05 9.99101E-05 9.99101E-05 0.00289064 0.0470891 9.99101E-05 9.99101E-05 9.99101E-05
9.991E-05 9.991E-05 0.942981 0.0508819 9.991E-05 0.0037853 9.991E-05 9.991E-05 0.00135309 9.991E-05 9.991E-05 9.991E-05 9.991E-05 9.991E-05
9.9901E-05 9.9901E-05 9.9901E-05 0.0376254 9.9901E-05 9.9901E-05 9.9901E-05 9.9901E-05 0.0206698 9.9901E-05 9.9901E-05 9.9901E-05 9.9901E-05 0.940606
9.99101E-05 9.99101E-05 9.99101E-05 9.99101E-05 0.0326564 0.0606701 9.99101E-05 9.99101E-05 9.99101E-05 9.99101E-05 9.99101E-05 0.0749194 9.99101E-05 0.830755
9.99191E-05 9.99191E-05 9.99191E-05 0.046158 9.99191E-05 0.83696 9.99191E-05 9.99191E-05 9.99191E-05 9.99191E-05 0.0623957 0.0401525 9.99191E-05 0.0134347
0.0461749 9.9946E-05 9.9946E-05 0.000455001 9.9946E-05 0.548941 0.111779 9.9946E-05 0.011162 9.9946E-05 0.114239 0.0159714 9.9946E-05 0.150678
9.9955E-05 9.9955E-05 9.9955E-05 0.00754299 0.0110847 0.671061 0.0208784 0.0364524 0.0439613 9.9955E-05 0.0801329 0.0263921 9.9955E-05 0.101994
9.9937E-05 0.0679212 0.0185374 9.9937E-05 9.9937E-05 0.625762 0.160798 9.9937E-05 9.9937E-05 0.0298125 0.07166 9.9937E-05 9.9937E-05 0.0248094
0.0504498 9.9928E-05 0.0532215 0.0347476 9.9928E-05 0.711965 9.9928E-05 9.9928E-05 0.0726999 9.9928E-05 9.9928E-05 9.9928E-05 9.9928E-05 0.0761171
9.9928E-05 0.0146952 0.0150798 0.437185 0.0974157 0.389282 9.9928E-05 0.0455435 9.9928E-05 9.9928E-05 9.9928E-05 9.9928E-05 9.9928E-05 9.9928E-05
0.0136765 9.9946E-05 0.0991179 0.0221072 9.9946E-05 0.75191 9.9946E-05 0.00698265 0.0279622 0.033042 9.9946E-05 0.044602 9.9946E-05 9.9946E-05
9.99012E-05 9.99012E-05 9.99012E-05 9.99012E-05 0.0321281 0.946412 9.99012E-05 9.99012E-05 9.99012E-05 9.99012E-05 9.99012E-05 9.99012E-05 9.99012E-05 0.0203607
9.9928E-05 0.0638559 0.0163609 9.9928E-05 0.00430955 0.833892 9.9928E-05 9.9928E-05 9.9928E-05 9.9928E-05 0.031053 9.9928E-05 0.0497295 9.9928E-05
9.98832E-05 9.98832E-05 9.98832E-05 9.98832E-05 9.98832E-05 0.998702 9.98832E-05 9.98832E-05 9.98832E-05 9.98832E-05 9.98832E-05 9.98832E-05 9.98832E-05 9.98832E-05
9.99101E-05 9.99101E-05 9.99101E-05 9.99101E-05 0.0105099 0.960614 9.99101E-05 0.0271487 0.000728621 9.99101E-05 9.99101E-05 9.99101E-05 9.99101E-05 9.99101E-05
9.99011E-05 9.99011E-05 9.99011E-05 9.99011E-05 9.99011E-05 0.976223 9.99011E-05 9.99011E-05 9.99011E-05 9.99011E-05 0.0196458 0.00303208 9.99011E-05 9.99011E-05
9.99011E-05 0.0507663 9.99011E-05 9.99011E-05 9.99011E-05 0.941299 9.99011E-05 9.99011E-05 9.99011E-05 0.00683619 9.99011E-05 9.99011E-05 9.99011E-05 9.99011E-05
9.98921E-05 9.98921E-05 9.98921E-05 9.98921E-05 9.98921E-05 0.976069 9.98921E-05 9.98921E-05 9.98921E-05 9.98921E-05 9.98921E-05 0.0227323 9.98921E-05 9.98921E-05
0.0310427 0.0213138 9.99191E-05 0.0251404 0.00902453 0.912579 9.99191E-05 9.99191E-05 9.99191E-05 9.99191E-05 9.99191E-05 9.99191E-05 9.99191E-05 9.99191E-05
9.99101E-05 9.99101E-05 9.99101E-05 0.249818 0.00759989 0.568279 0.0385862 9.99101E-05 9.99101E-05 9.99101E-05 9.99101E-05 9.99101E-05 0.134817 9.99101E-05
9.99191E-05 9.99191E-05 9.99191E-05 9.99191E-05 0.016674 0.890185 9.99191E-05 9.99191E-05 0.04553 9.99191E-05 9.99191E-05 0.0314126 9.99191E-05 0.0152991
9.995E-05 0.0491077 0.134364 0.0301915 0.04995 0.606881 9.995E-05 9.995E-05 0.00883977 0.0455151 0.024299 9.995E-05 0.0503517 9.995E-05
9.9946E-05 9.9946E-05 0.0126496 9.9946E-05 0.497938 0.293691 9.9946E-05 0.0212195 9.9946E-05 9.9946E-05 0.0209149 0.0308436 0.075401 0.0467424
9.98831E-05 9.98831E-05 9.98831E-05 9.98831E-05 0.998702 9.98831E-05 9.98831E-05 9.98831E-05 9.98831E-05 9.98831E-05 9.98831E-05 9.98831E-05 9.98831E-05 9.98831E-05
9.9946E-05 0.187275 0.0940116 9.9946E-05 0.0494933 0.504502 9.9946E-05 0.00470488 9.9946E-05 0.0548631 0.0833667 0.0211831 9.9946E-05 9.9946E-05
