9.995E-05 0.9994 9.995E-05 9.995E-05 9.995E-05 9.995E-05 9.995E-05
9.9973E-05 0.270206 9.9973E-05 9.9973E-05 0.0623796 0.0803123 0.586802
9.9973E-05 0.257624 9.9973E-05 9.9973E-05 0.0352506 0.0970495 0.609775
9.9973E-05 0.19508 9.9973E-05 9.9973E-05 0.00347964 0.00986275 0.791277
0.076942 0.100142 0.112763 0.063099 9.9982E-05 9.9982E-05 0.646854
0.233725 0.156749 9.9982E-05 9.9982E-05 0.000463117 0.0657607 0.543102
9.9955E-05 0.276018 9.9955E-05 9.9955E-05 9.9955E-05 9.9955E-05 0.723482
0.0466174 0.297491 9.9991E-05 0.00856472 0.00442159 0.0919253 0.55088
0.041431 0.204989 0.000835574 0.00280575 0.0259256 0.0830751 0.640938
9.995E-05 0.9994 9.995E-05 9.995E-05 9.995E-05 9.995E-05 9.995E-05
9.995E-05 0.9994 9.995E-05 9.995E-05 9.995E-05 9.995E-05 9.995E-05
9.995E-05 0.9994 9.995E-05 9.995E-05 9.995E-05 9.995E-05 9.995E-05
9.9964E-05 0.991202 9.9964E-05 0.00349816 0.00489962 9.9964E-05 9.9964E-05
9.9964E-05 0.90815 0.0423584 9.9964E-05 9.9964E-05 9.9964E-05 0.0490921
0.00867429 0.967616 0.00115323 0.0222564 9.9973E-05 9.9973E-05 9.9973E-05
0.28216 0.185368 9.9982E-05 0.0245641 9.9982E-05 0.0260526 0.481655
0.0888799 0.16613 0.068349 0.0301048 0.0592488 0.0701874 0.5171
0.0438255 0.159108 9.9982E-05 0.00419759 9.9982E-05 0.0257573 0.766912
0.0129059 9.9973E-05 0.047553 9.9973E-05 0.00209623 9.9973E-05 0.937145
9.9964E-05 9.9964E-05 0.0343116 0.0156358 9.9964E-05 9.9964E-05 0.949653
9.9964E-05 0.0544164 0.0747133 9.9964E-05 9.9964E-05 9.9964E-05 0.87047
0.0966358 9.9982E-05 9.9982E-05 0.0226583 0.0266854 0.0500944 0.803726
0.00259317 9.9991E-05 0.0665949 0.00923266 0.00739383 0.00341836 0.910667
9.9973E-05 0.0217326 9.9973E-05 0.0434841 9.9973E-05 0.00685452 0.927629
0.0714174 9.9973E-05 0.0154553 0.000345624 9.9973E-05 9.9973E-05 0.912482
0.348873 0.000144586 0.0130774 0.0600997 9.9982E-05 9.9982E-05 0.577606
0.105618 9.9973E-05 0.116888 9.9973E-05 9.9973E-05 0.0722479 0.704946
0.0221319 9.9973E-05 9.9973E-05 0.0125089 9.9973E-05 0.00943472 0.955625
0.179246 0.0393817 0.0212464 0.0519255 9.9991E-05 0.00289563 0.705205
9.9955E-05 0.0381009 9.9955E-05 9.9955E-05 9.9955E-05 9.9955E-05 0.961399
9.9973E-05 0.02109 0.0314498 9.9973E-05 0.00762314 9.9973E-05 0.939537
9.9964E-05 9.9964E-05 0.0834775 0.0902803 9.9964E-05 9.9964E-05 0.825842
0.146839 0.00631497 0.0301617 9.9991E-05 0.0198815 0.0105699 0.786133
0.142827 0.0653611 9.9982E-05 0.106538 9.9982E-05 0.0659481 0.619126
0.0198717 9.9991E-05 0.0978059 0.00974541 0.00656843 0.0828355 0.783073
0.00373889 0.0604629 9.9964E-05 9.9964E-05 9.9964E-05 9.9964E-05 0.935398
0.463083 9.9955E-05 9.9955E-05 9.9955E-05 9.9955E-05 9.9955E-05 0.536418
0.285522 9.9982E-05 0.103705 0.00748007 9.9982E-05 0.0255215 0.577572
0.275272 0.00617956 0.0835349 9.9991E-05 0.0573736 0.04835 0.52919
0.366873 9.9973E-05 0.0238048 9.9973E-05 0.013888 9.9973E-05 0.595134
0.802487 9.9982E-05 9.9982E-05 0.0495928 0.0370467 0.0590344 0.0516385
0.810696 0.0265044 0.0378162 0.0332939 0.0229112 0.0546259 0.0141527
0.633722 0.0643751 9.9991E-05 0.0379076 0.0109338 0.0613195 0.191642
0.846751 9.9973E-05 9.9973E-05 0.023158 9.9973E-05 0.058339 0.0714521
0.685237 9.9982E-05 0.0372607 0.0145111 9.9982E-05 0.0423262 0.220465
0.937509 0.0149963 9.9973E-05 9.9973E-05 9.9973E-05 0.00108778 0.0461073
0.992637 0.00686332 9.9955E-05 9.9955E-05 9.9955E-05 9.9955E-05 9.9955E-05
0.619729 9.9973E-05 9.9973E-05 0.0171034 9.9973E-05 0.0287357 0.334132
0.618068 0.101897 0.037781 0.0358724 9.9991E-05 0.03966 0.166622
0.47679 0.0708307 9.9982E-05 0.0402337 0.00757406 9.9982E-05 0.404371
0.692052 0.0298976 0.0330323 9.9982E-05 9.9982E-05 0.0388882 0.20593
0.792615 0.00554951 0.00425064 9.9982E-05 9.9982E-05 0.0367992 0.160586
0.906776 0.0407143 9.9964E-05 9.9964E-05 9.9964E-05 9.9964E-05 0.0521097
0.63887 0.0394432 0.0106263 0.0494302 9.9982E-05 9.9982E-05 0.26143
0.633377 0.035957 0.0176957 0.0473743 0.0436113 0.00199068 0.219994
0.643276 9.9982E-05 9.9982E-05 0.0454026 0.00554767 0.10401 0.201564
0.636163 0.0694873 0.0504654 0.0476555 9.9991E-05 0.0561673 0.139961
0.652259 9.99731E-05 0.0751912 9.99731E-05 0.0337025 9.99731E-05 0.238547
0.89247 0.0469165 0.00725442 9.9982E-05 9.9982E-05 0.0337277 0.0194311
0.656199 0.0340523 0.0733634 9.9973E-05 9.9973E-05 9.9973E-05 0.236086
0.695429 9.9982E-05 0.0896853 0.0190054 9.9982E-05 0.0101134 0.185567
0.916366 0.00762291 9.9973E-05 0.0384755 9.9973E-05 9.9973E-05 0.037236
0.84696 0.0493438 0.0195868 0.00301749 0.0484471 0.032545 9.9991E-05
0.927517 9.9964E-05 9.9964E-05 9.9964E-05 0.0379045 0.0341785 9.9964E-05
0.799612 9.9973E-05 0.0366808 0.0197795 9.9973E-05 9.9973E-05 0.143627
0.956895 0.00103444 9.9964E-05 9.9964E-05 9.9964E-05 0.0416704 9.9964E-05
0.9994 9.995E-05 9.995E-05 9.995E-05 9.995E-05 9.995E-05 9.995E-05
0.894994 0.0262714 9.9973E-05 9.9973E-05 0.0605129 0.0179213 9.9973E-05
0.724601 9.9973E-05 0.00540799 9.9973E-05 9.9973E-05 0.00452855 0.265162
0.997994 9.99551E-05 9.99551E-05 9.99551E-05 9.99551E-05 0.00150627 9.99551E-05
0.717452 0.0578539 9.9991E-05 0.00233388 0.0678679 0.0535899 0.100802
0.890587 9.9973E-05 9.9973E-05 9.9973E-05 0.0177031 0.0455842 0.0458255
0.916119 0.0749228 0.00855789 9.9964E-05 9.9964E-05 9.9964E-05 9.9964E-05
0.92386 0.0448837 0.0308569 9.9964E-05 9.9964E-05 9.9964E-05 9.9964E-05
0.860814 0.0435704 0.000191587 0.0951241 9.9973E-05 9.9973E-05 9.9973E-05
0.943881 0.00617233 0.0495465 9.9964E-05 9.9964E-05 9.9964E-05 9.9964E-05
0.956221 9.9955E-05 9.9955E-05 9.9955E-05 9.9955E-05 0.0432795 9.9955E-05
0.748947 9.9982E-05 9.9982E-05 0.043004 0.128094 0.0107693 0.0689851
0.732684 9.9982E-05 0.0344448 0.0957869 0.112477 0.0244065 9.9982E-05
0.850004 9.9973E-05 0.0265477 0.00984123 0.113307 9.9973E-05 9.9973E-05
0.901672 0.00788546 9.9982E-05 0.0360434 0.0357381 0.0184608 9.9982E-05
0.904831 9.9964E-05 9.9964E-05 0.00913331 0.0856359 9.9964E-05 9.9964E-05
0.866988 9.9982E-05 0.0141887 0.0282883 0.0892666 0.00106817 9.9982E-05
0.589101 0.0192545 0.0184928 0.116205 0.122535 9.9991E-05 0.134312
0.562434 0.0148663 0.0584973 0.132871 0.18636 9.9991E-05 0.0448713
0.679613 0.0104629 0.0334937 0.00786777 0.159301 0.0945889 0.0146724
0.477093 0.0343158 0.0329112 0.0917795 0.114843 0.0642838 0.184774
0.610693 0.0138303 0.0421712 0.125292 0.0992892 9.9991E-05 0.108624
0.57529 0.00394502 0.0869384 0.071571 0.16992 0.0690229 0.0233126
0.532827 0.0116421 0.142751 0.141827 0.0729877 0.068978 0.0289871
0.592237 0.0351056 0.0253274 0.0651757 0.154923 0.0589242 0.0683068
0.551626 0.031034 9.9991E-05 0.133879 0.159248 0.0369192 0.0871929
0.455085 0.0378607 0.170667 0.0763815 0.160136 0.0729952 0.0268745
9.995E-05 9.995E-05 9.995E-05 9.995E-05 0.9994 9.995E-05 9.995E-05
0.0341697 0.0135693 9.9964E-05 9.9964E-05 0.951861 9.9964E-05 9.9964E-05
0.0570993 0.00277697 0.0476957 9.9991E-05 0.870663 0.00626737 0.0153979
9.995E-05 9.995E-05 9.995E-05 9.995E-05 0.9994 9.995E-05 9.995E-05
9.995E-05 9.995E-05 9.995E-05 9.995E-05 0.9994 9.995E-05 9.995E-05
9.995E-05 9.995E-05 9.995E-05 9.995E-05 0.9994 9.995E-05 9.995E-05
9.995E-05 9.995E-05 9.995E-05 9.995E-05 0.9994 9.995E-05 9.995E-05
9.9973E-05 0.000853007 9.9973E-05 0.0205571 0.945142 9.9973E-05 0.033148
9.995E-05 9.995E-05 9.995E-05 9.995E-05 0.9994 9.995E-05 9.995E-05
9.995E-05 9.995E-05 9.995E-05 9.995E-05 0.9994 9.995E-05 9.995E-05
0.311033 9.9991E-05 0.140966 0.248801 0.148991 0.0490833 0.101026
0.0757877 9.9955E-05 9.9955E-05 9.9955E-05 0.923713 9.9955E-05 9.9955E-05
9.995E-05 9.995E-05 9.995E-05 9.995E-05 0.9994 9.995E-05 9.995E-05
0.0229391 0.00778172 9.9964E-05 9.9964E-05 0.968879 9.9964E-05 9.9964E-05
0.581491 9.9982E-05 0.117643 0.175967 0.122495 0.00220467 9.9982E-05
0.589575 9.9982E-05 0.0729746 0.170749 0.121894 0.0446063 9.9982E-05
0.622453 0.000996004 0.0843997 0.17002 0.103619 0.0184127 9.9991E-05
0.551782 9.9982E-05 0.0885091 0.146738 0.177161 0.0356104 9.9982E-05
0.504147 9.9982E-05 0.0947079 0.19464 0.153995 0.0523095 9.9982E-05
0.474868 9.9991E-05 0.0575129 0.150656 0.0882486 0.011143 0.217472
0.467233 0.015147 0.0414988 0.111035 0.218167 0.0461593 0.10076
0.623969 9.9973E-05 0.0514341 0.15607 0.168227 9.9973E-05 9.9973E-05
0.529766 9.9982E-05 0.0891291 0.0946487 0.231582 0.0546745 9.9982E-05
0.583772 9.9982E-05 0.0888517 0.083371 0.197867 0.0459387 9.9982E-05
0.497276 9.9991E-05 0.0660927 0.136673 0.120808 0.114804 0.0642467
0.553528 9.9991E-05 0.114391 0.048338 0.219774 0.0355633 0.0283058
0.554556 0.0137616 0.0613354 0.195319 0.0850386 0.0712364 0.018753
0.489205 0.00436457 0.103835 0.219079 0.141988 0.0217909 0.0197385
9.9982E-05 9.9982E-05 0.00319039 0.953853 0.00872134 0.0103611 0.0236737
9.9982E-05 0.000110958 0.0808466 0.898322 0.016046 9.9982E-05 0.00447473
9.995E-05 9.995E-05 9.995E-05 0.9994 9.995E-05 9.995E-05 9.995E-05
0.0435003 9.9964E-05 9.9964E-05 0.95465 9.9964E-05 9.9964E-05 0.00144969
9.995E-05 9.995E-05 9.995E-05 0.9994 9.995E-05 9.995E-05 9.995E-05
9.995E-05 9.995E-05 9.995E-05 0.9994 9.995E-05 9.995E-05 9.995E-05
9.995E-05 9.995E-05 9.995E-05 0.9994 9.995E-05 9.995E-05 9.995E-05
0.121149 0.0390706 0.084625 0.750323 9.9982E-05 9.9982E-05 0.00463281
9.9955E-05 9.9955E-05 9.9955E-05 0.998908 9.9955E-05 0.000592143 9.9955E-05
9.9955E-05 9.9955E-05 0.00593847 0.993562 9.9955E-05 9.9955E-05 9.9955E-05
9.9973E-05 0.0288087 9.9973E-05 0.926143 0.0385547 0.00619363 9.9973E-05
9.995E-05 9.995E-05 9.995E-05 0.9994 9.995E-05 9.995E-05 9.995E-05
0.125594 9.9982E-05 0.0245402 0.753481 0.00142392 0.0947609 9.9982E-05
9.995E-05 9.995E-05 9.995E-05 9.995E-05 9.995E-05 0.9994 9.995E-05
0.483909 9.9982E-05 0.043385 0.16323 0.225846 0.0834291 9.9982E-05
9.995E-05 9.995E-05 9.995E-05 9.995E-05 9.995E-05 0.9994 9.995E-05
9.995E-05 9.995E-05 9.995E-05 9.995E-05 9.995E-05 0.9994 9.995E-05
9.9982E-05 0.0112852 9.9982E-05 0.00197985 0.0202936 0.965458 0.000783259
0.134702 9.9973E-05 9.9973E-05 0.0172176 9.9973E-05 0.810239 0.0375417
9.995E-05 9.995E-05 9.995E-05 9.995E-05 9.995E-05 0.9994 9.995E-05
0.0859004 9.9964E-05 9.9964E-05 0.0284295 9.9964E-05 0.88527 9.9964E-05
9.995E-05 9.995E-05 9.995E-05 9.995E-05 9.995E-05 0.9994 9.995E-05
0.00339948 9.9991E-05 0.000894851 0.0264697 0.0102026 0.939835 0.019098
9.995E-05 9.995E-05 9.995E-05 9.995E-05 9.995E-05 0.9994 9.995E-05
9.9955E-05 0.0176175 9.9955E-05 9.9955E-05 9.9955E-05 0.981883 9.9955E-05
9.9964E-05 9.9964E-05 9.9964E-05 0.0364537 0.0123505 0.950796 9.9964E-05
0.0326934 9.9991E-05 0.0450286 0.050691 0.0356935 0.794987 0.0408067
0.0285694 9.9973E-05 0.0016852 9.9973E-05 9.9973E-05 0.944573 0.0248723
0.0821538 0.0158017 0.01495 0.012544 0.0141345 0.860316 9.9991E-05
0.0483293 0.0135951 0.028816 0.0333072 9.9982E-05 0.875753 9.9982E-05
0.0351048 0.0349208 0.0494813 9.9982E-05 9.9982E-05 0.869444 0.0108496
0.00667088 9.9973E-05 0.00720895 0.0252663 9.9973E-05 0.960554 9.9973E-05
0.547949 0.0194161 0.272215 0.0468355 0.0854278 0.0280566 9.9991E-05
0.628219 0.0119425 0.284361 0.0127778 0.0213609 0.0219296 0.0194096
0.537154 0.0206509 0.306621 0.000687945 0.0870902 0.0476967 9.9991E-05
0.61239 0.0302015 0.274485 9.9982E-05 0.0582843 0.0244389 9.9982E-05
0.0327743 9.9991E-05 0.363538 0.0905816 0.232073 0.137857 0.143076
9.99821E-05 9.99821E-05 0.51457 0.010184 0.266989 0.10594 0.102117
0.0817136 9.9991E-05 0.408774 0.0267621 0.272344 0.112993 0.0973127
0.0831685 9.9991E-05 0.425529 0.0324941 0.249152 0.112076 0.0974804
0.0391325 9.9991E-05 0.427259 0.0495779 0.260229 0.115041 0.10866
0.114785 9.9991E-05 0.397833 0.0317625 0.242351 0.0827387 0.130431
0.0576063 9.9991E-05 0.397737 0.0236987 0.280672 0.116987 0.123198
9.9991E-05 0.0178897 0.331805 0.0866157 0.158918 0.14285 0.261821
0.19609 9.9991E-05 0.305978 0.0177043 0.195984 0.122423 0.161721
9.995E-05 9.995E-05 0.9994 9.995E-05 9.995E-05 9.995E-05 9.995E-05
9.995E-05 9.995E-05 0.9994 9.995E-05 9.995E-05 9.995E-05 9.995E-05
9.995E-05 9.995E-05 0.9994 9.995E-05 9.995E-05 9.995E-05 9.995E-05
9.9955E-05 0.00553809 0.993962 9.9955E-05 9.9955E-05 9.9955E-05 9.9955E-05
9.995E-05 9.995E-05 0.9994 9.995E-05 9.995E-05 9.995E-05 9.995E-05
0.0754311 9.9964E-05 0.90598 9.9964E-05 9.9964E-05 9.9964E-05 0.0181893
9.995E-05 9.995E-05 0.9994 9.995E-05 9.995E-05 9.995E-05 9.995E-05
9.995E-05 9.995E-05 0.9994 9.995E-05 9.995E-05 9.995E-05 9.995E-05
9.995E-05 9.995E-05 0.9994 9.995E-05 9.995E-05 9.995E-05 9.995E-05
0.0014513 9.9964E-05 0.992522 0.00562719 9.9964E-05 9.9964E-05 9.9964E-05
9.995E-05 9.995E-05 0.9994 9.995E-05 9.995E-05 9.995E-05 9.995E-05
9.995E-05 9.995E-05 0.9994 9.995E-05 9.995E-05 9.995E-05 9.995E-05
