9.995E-05 9.995E-05 9.995E-05 9.995E-05 0.9994 9.995E-05 9.995E-05
0.0579618 0.0569231 9.9982E-05 0.613215 0.249536 0.0221649 9.9982E-05
0.0662011 0.0827984 9.9973E-05 0.632785 0.217915 9.9973E-05 9.9973E-05
0.00446933 9.9973E-05 9.9973E-05 0.659654 0.185698 9.9973E-05 0.149879
9.999E-05 0.00928812 0.0493722 0.677061 0.0960746 0.0543033 0.113801
9.9973E-05 0.0539126 9.9973E-05 0.620343 0.16398 9.9973E-05 0.161465
9.9955E-05 9.9955E-05 9.9955E-05 0.705602 0.293898 9.9955E-05 9.9955E-05
9.9982E-05 0.0701854 0.00106444 0.537442 0.285658 9.9982E-05 0.10545
9.9973E-05 0.0801245 9.9973E-05 0.670952 0.189184 0.0594401 9.9973E-05
9.995E-05 9.995E-05 9.995E-05 9.995E-05 0.9994 9.995E-05 9.995E-05
9.995E-05 9.995E-05 9.995E-05 9.995E-05 0.9994 9.995E-05 9.995E-05
0.000236706 9.9955E-05 9.9955E-05 9.9955E-05 0.999264 9.9955E-05 9.9955E-05
9.995E-05 9.995E-05 9.995E-05 9.995E-05 0.9994 9.995E-05 9.995E-05
9.9964E-05 9.9964E-05 9.9964E-05 0.0261469 0.922672 0.0507814 9.9964E-05
9.9973E-05 0.000916063 0.0153984 9.9973E-05 0.974409 9.9973E-05 0.00897693
9.999E-05 0.0260238 0.042695 0.506937 0.196628 0.0521841 0.175432
0.066619 0.103814 0.0356283 0.361793 0.209391 0.0240823 0.198672
0.0322058 9.9973E-05 9.9973E-05 0.568948 0.201454 9.9973E-05 0.197092
0.0179789 9.9964E-05 9.9964E-05 0.915001 9.9964E-05 0.0666206 9.9964E-05
9.9973E-05 9.9973E-05 0.0271419 0.92903 9.9973E-05 0.0159493 0.0275787
0.0225762 9.9973E-05 9.9973E-05 0.893978 0.0250638 0.0580821 9.9973E-05
0.00329141 0.0856599 0.0389539 0.783177 9.9991E-05 0.0497388 0.0390787
0.0172575 0.0466249 9.9973E-05 0.848352 9.9973E-05 0.0874654 9.9973E-05
9.9955E-05 9.9955E-05 0.0371742 0.962326 9.9955E-05 9.9955E-05 9.9955E-05
0.0107983 9.9973E-05 0.036702 0.928236 9.9973E-05 0.0239637 9.9973E-05
9.9973E-05 9.9973E-05 0.0415194 0.591755 9.9973E-05 0.0791558 0.28727
9.9973E-05 0.0648055 9.9973E-05 0.624152 9.9973E-05 0.120253 0.19049
9.9964E-05 0.00975096 0.0228996 0.96695 9.9964E-05 9.9964E-05 9.9964E-05
9.9982E-05 9.9982E-05 0.014581 0.706593 0.0443155 0.0310608 0.203249
9.9973E-05 9.9973E-05 0.0292721 0.878184 0.0447054 9.9973E-05 0.047539
0.0133633 9.9982E-05 0.0123975 0.868345 0.0382085 0.0674861 9.9982E-05
0.0130774 9.9982E-05 0.0775102 0.759213 9.9982E-05 0.0678641 0.0821351
9.9982E-05 0.0666054 0.0045534 0.712971 9.9982E-05 0.0484537 0.167216
0.00211959 0.042072 0.129424 0.643287 0.0351375 0.00113089 0.14683
9.9982E-05 0.0466827 0.0481326 0.775146 9.9982E-05 0.0846573 0.0451815
9.9973E-05 9.9973E-05 9.9973E-05 0.944472 0.0214006 0.0128804 0.0209471
9.9955E-05 9.9955E-05 9.9955E-05 0.479131 9.9955E-05 9.9955E-05 0.520369
0.0148898 0.0328383 9.9982E-05 0.541665 9.9982E-05 0.0935046 0.316902
0.0444683 0.0444219 9.9991E-05 0.510529 0.00288164 0.0925725 0.305027
9.9982E-05 9.9982E-05 0.0335649 0.516693 0.00729592 0.04929 0.392957
0.0591245 0.0517589 0.031983 9.9973E-05 9.9973E-05 9.9973E-05 0.856834
9.999E-05 0.0521009 0.0242321 0.00657721 0.00493497 0.00166923 0.910386
0.00893904 0.0779234 0.0609928 0.242911 0.0418939 9.9991E-05 0.56724
0.0116943 0.00304676 0.0184086 0.0449218 9.9982E-05 9.9982E-05 0.921729
9.9973E-05 0.0513199 9.9973E-05 0.179414 9.9973E-05 0.0389697 0.729997
9.9955E-05 9.9955E-05 9.9955E-05 9.9955E-05 0.00734759 9.9955E-05 0.992153
9.9955E-05 9.9955E-05 9.9955E-05 9.9955E-05 0.00967155 9.9955E-05 0.989829
9.9982E-05 0.0454577 0.0107559 0.381203 9.9982E-05 0.00089678 0.561486
9.9991E-05 0.036918 0.0342967 0.164952 0.0579248 0.0556532 0.650156
0.0208391 9.9982E-05 0.0581111 0.378598 0.0987843 9.9982E-05 0.443467
0.00655746 0.0028481 9.9991E-05 0.188751 0.0504914 0.0282624 0.72299
9.9964E-05 0.0306581 9.9964E-05 0.184474 9.9964E-05 9.9964E-05 0.784468
9.9964E-05 9.9964E-05 9.9964E-05 0.0640486 0.0385324 9.9964E-05 0.897019
0.0104312 9.9991E-05 0.00560027 0.176349 0.0184856 0.0757123 0.713322
0.0857001 9.9991E-05 0.0489216 0.173721 0.0379245 0.0141445 0.639488
9.9973E-05 0.063475 0.0180257 0.0821308 9.9973E-05 9.9973E-05 0.836069
9.9991E-05 0.062023 0.0244557 0.149344 0.0851903 0.0694565 0.60943
0.00899388 9.9982E-05 0.00526787 0.160763 9.9982E-05 0.0590675 0.765708
9.9973E-05 0.00594513 9.9973E-05 0.0542404 0.00846852 9.9973E-05 0.931046
0.0234056 9.9982E-05 9.9982E-05 0.215432 0.0464286 0.0225917 0.691942
9.9973E-05 9.9973E-05 0.0535311 0.148124 9.9973E-05 0.0840398 0.714005
9.9973E-05 9.9973E-05 0.0864351 0.0196285 0.0382976 9.9973E-05 0.855339
0.020122 0.0264648 0.00594678 0.150001 0.00828972 0.0408555 0.748321
0.0313464 0.0081677 9.9964E-05 9.9964E-05 9.9964E-05 9.9964E-05 0.960086
9.9982E-05 9.9982E-05 0.0403635 0.0389982 0.0440207 0.0220013 0.854416
9.9955E-05 0.0211363 9.9955E-05 9.9955E-05 9.9955E-05 9.9955E-05 0.978364
9.995E-05 9.995E-05 9.995E-05 9.995E-05 9.995E-05 9.995E-05 0.9994
0.0276951 0.0549437 9.9982E-05 9.9982E-05 0.0342345 0.0112644 0.871662
9.9973E-05 0.0327254 9.9973E-05 0.299388 9.9973E-05 0.00730139 0.660285
9.99551E-05 0.00843407 9.99551E-05 9.99551E-05 9.99551E-05 9.99551E-05 0.991066
0.0353123 0.0281454 9.9982E-05 0.081496 0.0459973 9.9982E-05 0.808849
0.0474637 0.0252914 9.9982E-05 0.0162406 9.9982E-05 0.0298197 0.880985
9.9955E-05 9.9955E-05 9.9955E-05 9.9955E-05 0.0728133 9.9955E-05 0.926687
9.9964E-05 9.9964E-05 9.9964E-05 9.9964E-05 0.0527974 0.0156374 0.931165
9.9973E-05 0.0228184 0.0561073 9.9973E-05 0.0610112 9.9973E-05 0.859763
9.9964E-05 9.9964E-05 9.9964E-05 0.00904314 9.9964E-05 0.0724602 0.918097
0.0292796 0.0270715 9.9964E-05 9.9964E-05 9.9964E-05 9.9964E-05 0.943249
0.117801 9.9982E-05 0.0230599 0.0776202 0.0204052 9.9982E-05 0.760914
0.100911 0.0338457 0.0414548 9.9982E-05 9.9982E-05 0.163556 0.660032
0.129414 0.0180618 0.0643921 9.9982E-05 9.9982E-05 0.0570397 0.730892
0.0478351 0.0153226 0.0911423 9.9991E-05 0.00587004 0.0748792 0.764851
0.14395 0.0481584 9.9973E-05 9.9973E-05 9.9973E-05 0.0266582 0.780934
0.115618 0.0337025 0.0359951 9.9982E-05 9.9982E-05 0.049224 0.76526
0.112078 9.9982E-05 0.0876636 0.172343 9.9982E-05 0.048454 0.579261
0.18855 0.0248303 0.0341978 9.9991E-05 0.00891608 0.0272289 0.716177
0.150556 0.0811223 0.0589334 9.9991E-05 0.0114691 0.0347942 0.663025
0.0770388 0.0657524 0.0881332 0.139811 0.0352816 0.0426412 0.551342
0.143547 9.9991E-05 0.0843883 0.0780582 0.0102803 0.0344259 0.6492
0.143577 0.0353584 0.0314056 9.9991E-05 0.0161591 0.0954356 0.677964
0.0807369 0.0746521 0.109162 0.0162408 0.0147496 0.150796 0.553663
0.11602 0.070317 0.0603208 0.0930162 0.0319011 9.9991E-05 0.628325
0.113467 0.0521142 0.110811 0.031648 0.0285519 0.00860672 0.654802
0.213034 0.0806872 0.0303912 0.073911 0.029286 0.157407 0.415284
0.9994 9.995E-05 9.995E-05 9.995E-05 9.995E-05 9.995E-05 9.995E-05
0.976149 9.9964E-05 9.9964E-05 0.000363085 0.0230882 9.9964E-05 9.9964E-05
0.863341 0.0274966 9.9982E-05 0.0520845 9.9982E-05 0.0467264 0.0101515
0.9994 9.995E-05 9.995E-05 9.995E-05 9.995E-05 9.995E-05 9.995E-05
0.9994 9.995E-05 9.995E-05 9.995E-05 9.995E-05 9.995E-05 9.995E-05
0.9994 9.995E-05 9.995E-05 9.995E-05 9.995E-05 9.995E-05 9.995E-05
0.977897 9.9955E-05 9.9955E-05 0.0216036 9.9955E-05 9.9955E-05 9.9955E-05
0.870434 0.0357412 9.9973E-05 0.0634811 9.9973E-05 9.9973E-05 0.0300433
0.963413 0.0281185 9.9973E-05 0.0032486 9.9973E-05 0.00491955 9.9973E-05
0.9994 9.995E-05 9.995E-05 9.995E-05 9.995E-05 9.995E-05 9.995E-05
0.136376 0.0919718 0.290106 0.0580076 9.9991E-05 0.175573 0.247865
0.908303 9.9973E-05 9.9973E-05 9.9973E-05 0.0253887 0.0202227 0.0457858
0.9994 9.995E-05 9.995E-05 9.995E-05 9.995E-05 9.995E-05 9.995E-05
0.9994 9.995E-05 9.995E-05 9.995E-05 9.995E-05 9.995E-05 9.995E-05
0.106995 0.020215 0.212833 9.9982E-05 9.9982E-05 0.0991297 0.560627
0.118169 0.0492074 0.185654 9.9982E-05 9.9982E-05 0.057474 0.589296
0.119662 0.0515693 0.174049 9.9982E-05 9.9982E-05 0.0980153 0.556505
0.176599 0.0556448 0.153277 9.9982E-05 9.9982E-05 0.0654717 0.548807
0.0938772 0.0308246 0.209461 9.9982E-05 9.9982E-05 0.124393 0.541245
0.133602 0.0269407 0.199304 0.133495 9.9991E-05 0.0806007 0.425957
0.162754 0.0382862 0.17017 9.9982E-05 9.9982E-05 0.117825 0.510766
0.141532 9.9973E-05 0.218909 9.9973E-05 9.9973E-05 0.111196 0.528064
0.250576 0.0691743 0.112811 0.0138393 9.9991E-05 0.0948291 0.45867
0.225851 0.0596806 0.140209 9.9982E-05 9.9982E-05 0.101295 0.472764
0.15033 0.0640638 0.0807749 0.0210694 9.9991E-05 0.139579 0.544083
0.210525 0.0324751 0.0368168 9.9982E-05 9.9982E-05 0.157234 0.562749
0.064396 0.0866566 0.183067 9.9982E-05 9.9982E-05 0.15695 0.508731
0.151203 0.0199398 0.243531 0.0296271 9.9991E-05 0.105596 0.450004
9.99704E-05 9.99704E-05 0.821561 9.99704E-05 9.99704E-05 0.0675936 0.110445
9.9964E-05 9.9964E-05 0.894379 0.0542364 9.9964E-05 0.0509842 9.9964E-05
9.995E-05 9.995E-05 0.9994 9.995E-05 9.995E-05 9.995E-05 9.995E-05
9.9955E-05 9.9955E-05 0.998414 9.9955E-05 9.9955E-05 0.00108589 9.9955E-05
9.995E-05 9.995E-05 0.9994 9.995E-05 9.995E-05 9.995E-05 9.995E-05
9.995E-05 9.995E-05 0.9994 9.995E-05 9.995E-05 9.995E-05 9.995E-05
9.995E-05 9.995E-05 0.9994 9.995E-05 9.995E-05 9.995E-05 9.995E-05
0.0506132 9.9982E-05 0.7369 9.9982E-05 0.0344605 0.0334656 0.144361
9.995E-05 9.995E-05 0.9994 9.995E-05 9.995E-05 9.995E-05 9.995E-05
9.995E-05 9.995E-05 0.9994 9.995E-05 9.995E-05 9.995E-05 9.995E-05
0.0507862 9.9973E-05 0.911209 0.00541544 0.0322897 9.9973E-05 9.9973E-05
9.995E-05 9.995E-05 0.9994 9.995E-05 9.995E-05 9.995E-05 9.995E-05
0.0213052 0.0923448 0.752511 9.9982E-05 9.9982E-05 0.00621024 0.127429
9.995E-05 0.9994 9.995E-05 9.995E-05 9.995E-05 9.995E-05 9.995E-05
0.194889 0.0766862 0.168984 9.9982E-05 9.9982E-05 0.0818285 0.477412
9.995E-05 0.9994 9.995E-05 9.995E-05 9.995E-05 9.995E-05 9.995E-05
9.995E-05 0.9994 9.995E-05 9.995E-05 9.995E-05 9.995E-05 9.995E-05
0.0258363 0.973664 9.99551E-05 9.99551E-05 9.99551E-05 9.99551E-05 9.99551E-05
0.0373105 0.802482 9.9973E-05 0.0920125 9.9973E-05 9.9973E-05 0.0678948
9.995E-05 0.9994 9.995E-05 9.995E-05 9.995E-05 9.995E-05 9.995E-05
9.9964E-05 0.88078 9.9964E-05 0.0201326 9.9964E-05 9.9964E-05 0.0986874
0.00836203 0.979152 9.9973E-05 0.000885189 9.9973E-05 0.011301 9.9973E-05
9.9964E-05 0.940224 0.0429784 0.0163977 9.9964E-05 9.9964E-05 9.9964E-05
9.9964E-05 0.973917 9.9964E-05 0.0123677 0.013315 9.9964E-05 9.9964E-05
9.9955E-05 0.999297 9.9955E-05 9.9955E-05 9.9955E-05 9.9955E-05 0.000203227
0.0114602 0.969556 0.0182298 9.9973E-05 9.9973E-05 9.9973E-05 0.000454302
0.0111421 0.873992 0.0214481 0.00470185 9.9991E-05 0.0755246 0.0130909
9.9973E-05 0.966383 9.9973E-05 0.0293303 0.000570415 9.9973E-05 0.00341599
0.0465428 0.889923 0.0105078 9.9982E-05 0.0012191 9.9982E-05 0.0516073
9.9982E-05 0.839735 0.0275949 9.9982E-05 0.0218595 0.0174279 0.0931827
0.00101163 0.892054 9.9973E-05 9.9973E-05 9.9973E-05 0.0906773 0.0159572
9.9991E-05 0.925678 0.00887719 0.0130659 0.0142238 0.0235818 0.0144729
0.0774681 0.0517402 0.0517791 9.9991E-05 0.044556 0.345693 0.428663
0.0809906 0.0263612 0.0307552 0.00669516 0.0195729 0.349879 0.485746
0.106743 0.0862125 0.0268444 9.9991E-05 0.0250386 0.308109 0.446952
0.0398714 0.0565305 0.0265034 9.9991E-05 0.0422533 0.314766 0.519976
0.19495 0.0560968 0.0839593 0.0891286 9.9991E-05 0.455315 0.12045
0.196148 0.0705102 0.0184767 0.00103379 9.9991E-05 0.664815 0.0489159
0.231363 0.077286 0.0291317 0.0303332 9.9991E-05 0.52664 0.105147
0.199496 0.0464812 0.0480927 9.9982E-05 9.9982E-05 0.582254 0.123477
0.240218 0.081698 0.0458689 0.0225475 9.9991E-05 0.517192 0.0923757
0.218168 0.0730178 0.0202651 0.0473026 9.9991E-05 0.524355 0.116791
0.20856 0.0422118 0.00345519 0.0222684 9.9991E-05 0.472658 0.250746
0.13747 0.042258 0.10288 0.171246 9.9991E-05 0.383977 0.162069
0.15415 0.0712671 0.00753546 0.109539 9.9991E-05 0.453421 0.203987
9.9955E-05 9.9955E-05 0.00688196 9.9955E-05 9.9955E-05 0.992618 9.9955E-05
9.995E-05 9.995E-05 9.995E-05 9.995E-05 9.995E-05 0.9994 9.995E-05
9.995E-05 9.995E-05 9.995E-05 9.995E-05 9.995E-05 0.9994 9.995E-05
9.995E-05 9.995E-05 9.995E-05 9.995E-05 9.995E-05 0.9994 9.995E-05
9.995E-05 9.995E-05 9.995E-05 9.995E-05 9.995E-05 0.9994 9.995E-05
9.9964E-05 9.9964E-05 9.9964E-05 9.9964E-05 0.00800238 0.967708 0.0238899
9.995E-05 9.995E-05 9.995E-05 9.995E-05 9.995E-05 0.9994 9.995E-05
9.995E-05 9.995E-05 9.995E-05 9.995E-05 9.995E-05 0.9994 9.995E-05
9.9955E-05 9.9955E-05 9.9955E-05 9.9955E-05 0.00406196 0.995438 9.9955E-05
9.995E-05 9.995E-05 9.995E-05 9.995E-05 9.995E-05 0.9994 9.995E-05
9.995E-05 9.995E-05 9.995E-05 9.995E-05 9.995E-05 0.9994 9.995E-05
9.995E-05 9.995E-05 9.995E-05 9.995E-05 9.995E-05 0.9994 9.995E-05
