0.9994 9.995E-05 9.995E-05 9.995E-05 9.995E-05 9.995E-05 9.995E-05
0.343841 0.0878204 9.9973E-05 9.9973E-05 9.9973E-05 0.0372264 0.530812
0.364282 0.0747508 9.9973E-05 9.9973E-05 9.9973E-05 0.101919 0.458748
0.275862 0.000541805 9.99641E-05 9.99641E-05 9.99641E-05 9.99641E-05 0.723196
0.142575 9.9973E-05 0.0382513 0.0103883 9.9973E-05 9.9973E-05 0.808485
0.206537 9.9964E-05 9.9964E-05 9.9964E-05 9.9964E-05 0.010146 0.782917
0.339057 9.9955E-05 9.9955E-05 9.9955E-05 9.9955E-05 9.9955E-05 0.660443
0.330149 0.0137452 9.9973E-05 9.9973E-05 9.9973E-05 0.0514356 0.60437
0.200038 9.9973E-05 9.9973E-05 0.061103 9.9973E-05 0.0427629 0.695796
0.9994 9.995E-05 9.995E-05 9.995E-05 9.995E-05 9.995E-05 9.995E-05
0.9994 9.995E-05 9.995E-05 9.995E-05 9.995E-05 9.995E-05 9.995E-05
0.9994 9.995E-05 9.995E-05 9.995E-05 9.995E-05 9.995E-05 9.995E-05
0.9994 9.995E-05 9.995E-05 9.995E-05 9.995E-05 9.995E-05 9.995E-05
0.949277 9.9964E-05 0.0364553 9.9964E-05 9.9964E-05 0.0138677 9.9964E-05
0.976469 9.9964E-05 0.00589517 9.9964E-05 9.9964E-05 0.0172361 9.9964E-05
0.229762 9.9964E-05 9.9964E-05 9.9964E-05 9.9964E-05 0.0261756 0.743662
0.227876 0.0559849 0.0927619 0.0586098 0.0429551 0.0533633 0.468449
0.219264 9.9955E-05 9.9955E-05 9.9955E-05 9.9955E-05 9.9955E-05 0.780236
9.99551E-05 9.99551E-05 0.00768572 9.99551E-05 9.99551E-05 9.99551E-05 0.991815
9.99551E-05 9.99551E-05 0.00262953 9.99551E-05 9.99551E-05 9.99551E-05 0.996871
0.107002 0.0247798 9.9973E-05 0.0198158 9.9973E-05 9.9973E-05 0.848103
0.0153678 9.9973E-05 0.0632834 9.9973E-05 9.9973E-05 0.02809 0.892959
0.0483236 9.9964E-05 0.0855478 9.9964E-05 9.9964E-05 9.9964E-05 0.865729
0.0754059 9.9964E-05 0.00278257 9.9964E-05 9.9964E-05 9.9964E-05 0.921412
0.0268019 9.99551E-05 9.99551E-05 9.99551E-05 9.99551E-05 9.99551E-05 0.972698
0.0261015 9.9982E-05 0.0022701 0.0280724 0.0261501 9.9982E-05 0.917206
0.0165125 9.9982E-05 0.0283316 0.0390594 9.9982E-05 0.0412058 0.874691
0.020671 9.99551E-05 9.99551E-05 9.99551E-05 9.99551E-05 9.99551E-05 0.978829
0.0873919 9.9964E-05 0.0291646 9.9964E-05 9.9964E-05 9.9964E-05 0.883044
0.122184 9.9955E-05 9.9955E-05 9.9955E-05 9.9955E-05 9.9955E-05 0.877317
0.0809217 9.99641E-05 0.0211545 9.99641E-05 9.99641E-05 9.99641E-05 0.897524
0.0240977 0.00768052 9.9973E-05 0.0225609 9.9973E-05 9.9973E-05 0.945361
0.0475517 0.0206256 0.00947 9.9982E-05 9.9982E-05 0.0205188 0.901634
0.0852216 0.0039535 9.9991E-05 0.0464112 0.0700771 0.0504311 0.743806
0.0448143 9.9982E-05 0.100144 9.9982E-05 0.00180132 0.011259 0.841782
0.107774 9.9955E-05 9.9955E-05 9.9955E-05 9.9955E-05 9.9955E-05 0.891727
9.9955E-05 9.9955E-05 0.0426468 9.9955E-05 9.9955E-05 9.9955E-05 0.956853
0.0340602 0.00203273 0.0660195 0.0885317 0.00748219 0.0178893 0.783984
9.9982E-05 0.0608297 0.0226563 0.0711937 9.9982E-05 0.0621352 0.782985
0.0202194 0.0400853 0.0269478 0.0331361 0.0378479 9.9991E-05 0.841664
9.9982E-05 0.0653355 9.9982E-05 0.0326137 0.159227 0.0630085 0.679616
9.9982E-05 9.9982E-05 0.00806245 0.120521 0.135412 0.0662984 0.669506
0.0463884 0.0569437 9.9982E-05 9.9982E-05 0.141616 0.0704946 0.684357
9.9982E-05 0.0492214 9.9982E-05 0.0303619 0.0855536 0.0432463 0.791417
9.9982E-05 9.9982E-05 0.0241249 0.106746 0.0643849 0.104946 0.699598
9.9973E-05 9.9973E-05 9.9973E-05 0.0326239 0.00219371 0.0495498 0.915333
9.9973E-05 9.9973E-05 9.9973E-05 0.0221025 0.0278979 0.0516135 0.898086
9.9982E-05 9.9982E-05 0.0556603 0.0175539 0.0258589 0.0402345 0.860492
0.0515833 9.9991E-05 0.00647525 0.101308 0.123057 0.0581381 0.659339
0.0818651 0.0506301 9.9991E-05 0.0217147 0.0700253 0.0373001 0.738365
0.00476129 0.0367501 9.9991E-05 0.0541627 0.0185527 0.0953331 0.79034
9.9982E-05 9.9982E-05 0.0429499 0.0443411 0.0635012 0.0949108 0.754097
9.9973E-05 9.9973E-05 9.9973E-05 0.0176406 0.0823773 0.0855725 0.81411
0.0307693 0.0333259 0.114979 0.145445 0.0808819 9.9991E-05 0.594499
0.0387726 0.0653722 0.0991129 0.0684019 0.0910053 0.0436516 0.593683
9.9982E-05 0.0443359 9.9982E-05 0.0297414 0.115604 0.143229 0.66689
0.0769181 0.0225999 0.0143383 0.0870349 0.0881952 0.110773 0.600141
9.9982E-05 0.0623547 0.0585792 0.0791194 0.0589714 9.9982E-05 0.740775
9.9973E-05 9.9973E-05 9.9973E-05 0.0523234 0.00988272 0.0558039 0.88169
0.0392572 0.0293514 0.0205953 0.0935434 0.046613 0.0734782 0.697162
9.9982E-05 9.9982E-05 0.0469496 0.0981132 0.122295 0.0112222 0.72122
9.9973E-05 0.0343666 9.9973E-05 0.0111212 0.191761 9.9973E-05 0.762452
9.9991E-05 0.0667558 0.049423 0.0649452 0.0963613 0.089653 0.632762
9.9991E-05 0.0364171 0.0802589 0.0643345 0.134757 0.105251 0.578882
9.9964E-05 9.9964E-05 9.9964E-05 0.0912606 0.118017 9.9964E-05 0.790322
9.9991E-05 0.00623328 0.064907 0.0208541 0.152646 0.109408 0.645852
9.9991E-05 0.118966 0.00538001 0.061882 0.116529 0.0166697 0.680473
9.9991E-05 0.0447865 0.0767035 0.0451523 0.17765 0.110357 0.545251
9.9982E-05 0.0423648 9.9982E-05 0.0791263 0.0459177 0.0217456 0.810646
9.9982E-05 0.00125518 0.0773314 9.9982E-05 0.193928 0.128413 0.598872
0.0350572 0.0916901 9.9982E-05 9.9982E-05 0.10231 0.0832646 0.687478
9.9991E-05 0.0631526 0.0590672 0.0554397 0.120467 0.0500155 0.651758
0.0467235 9.99909E-05 0.0121195 0.0882264 0.0635767 0.0506346 0.738619
0.0195248 9.9982E-05 9.9982E-05 0.106943 0.0640789 0.029907 0.779346
0.0358426 0.0260678 0.0641021 0.0719306 0.224465 0.0588132 0.518779
9.9991E-05 0.0284501 0.0598725 0.125151 0.0654732 0.0284169 0.692536
9.9991E-05 0.0425596 0.0210108 0.0609207 0.0639331 0.106172 0.705304
0.0171538 0.133377 0.132479 9.9991E-05 0.116599 0.0419944 0.558297
9.9991E-05 0.129338 0.14707 0.0934552 0.187349 0.0702455 0.372443
9.9991E-05 0.151274 0.154027 0.0793978 0.177409 0.0561739 0.381618
0.00301173 0.13212 0.126592 0.0826054 0.190603 0.0846594 0.380407
9.9991E-05 0.175563 0.138715 0.0852763 0.159824 0.0610598 0.379462
9.9991E-05 0.149087 0.138704 0.0867948 0.153698 0.0862537 0.385363
9.9991E-05 0.142301 0.035738 0.0429067 0.216908 0.0067021 0.555344
9.9991E-05 0.236427 0.0738145 0.0301435 0.104862 0.076503 0.47815
0.00171373 0.176886 0.0806884 0.0378968 0.132528 0.155951 0.414337
0.0348394 0.10201 0.0656913 0.0656001 0.13241 0.121933 0.477515
0.0200191 0.1481 9.9991E-05 0.061279 0.202876 0.0171549 0.550472
9.9991E-05 0.152735 0.045241 0.123652 0.127292 0.0772549 0.473725
0.0130549 0.143308 0.0527687 0.177316 0.20902 0.100204 0.304328
0.0165109 0.104529 0.222497 9.9991E-05 0.0988165 0.0596923 0.497855
0.0193243 0.108337 0.194841 9.9991E-05 0.153159 0.0534689 0.470769
0.0199341 0.221985 0.00916325 0.186585 0.113067 0.127419 0.321847
9.9955E-05 0.987767 0.0117337 9.9955E-05 9.9955E-05 9.9955E-05 9.9955E-05
0.0157183 0.930944 9.9973E-05 9.9973E-05 0.0434645 9.9973E-05 0.00957292
0.0145714 0.866039 0.068891 0.0128257 9.9991E-05 0.00524701 0.0323258
9.995E-05 0.9994 9.995E-05 9.995E-05 9.995E-05 9.995E-05 9.995E-05
9.995E-05 0.9994 9.995E-05 9.995E-05 9.995E-05 9.995E-05 9.995E-05
9.995E-05 0.9994 9.995E-05 9.995E-05 9.995E-05 9.995E-05 9.995E-05
9.9955E-05 0.99841 9.9955E-05 9.9955E-05 9.9955E-05 9.9955E-05 0.00108987
9.9973E-05 0.925795 9.9973E-05 0.00846808 9.9973E-05 0.00449471 0.0609423
9.9964E-05 0.977781 0.00188276 9.9964E-05 0.019936 9.9964E-05 9.9964E-05
9.995E-05 0.9994 9.995E-05 9.995E-05 9.995E-05 9.995E-05 9.995E-05
0.0030325 0.129851 0.0837285 0.138298 0.336384 0.0747229 0.233984
9.9982E-05 0.914603 0.00731169 9.9982E-05 0.00943898 0.00389688 0.0645491
0.0152626 0.937734 9.9973E-05 0.00404299 9.9973E-05 0.0426605 9.9973E-05
9.9964E-05 0.980989 0.0140181 0.0045927 9.9964E-05 9.9964E-05 9.9964E-05
9.9991E-05 0.126628 0.107197 0.141556 0.327355 0.085144 0.21202
9.9991E-05 0.132649 0.135384 0.139729 0.271713 0.0903224 0.230102
9.9991E-05 0.109041 0.217007 0.0869645 0.270437 0.0767253 0.239725
9.9991E-05 0.170575 0.126226 0.121134 0.255708 0.0826138 0.243642
9.9991E-05 0.124734 0.160503 0.0966885 0.292233 0.065835 0.259907
9.9991E-05 0.115753 0.20743 0.0949558 0.191829 0.0259738 0.363959
9.9991E-05 0.187013 0.153891 0.0562654 0.180498 0.0561599 0.366073
9.9991E-05 0.140092 0.200763 0.0842511 0.269892 0.0153625 0.289539
9.9991E-05 0.22388 0.18917 0.0920612 0.15835 0.122786 0.213653
9.9991E-05 0.213925 0.208113 0.0533415 0.195183 0.0808 0.248538
9.9991E-05 0.114778 0.138273 0.113138 0.174894 0.0600209 0.398796
9.9991E-05 0.19773 0.208174 0.0612066 0.162387 0.0826955 0.287707
0.00470035 0.0768053 0.15002 0.0898365 0.26977 0.0969505 0.311917
9.9991E-05 0.13508 0.108126 0.0769216 0.266985 0.061786 0.351001
9.9964E-05 9.9964E-05 9.9964E-05 0.00721982 0.98377 0.0086107 9.9964E-05
0.0312697 9.9973E-05 0.0300994 0.0507292 0.887602 9.9973E-05 9.9973E-05
9.995E-05 9.995E-05 9.995E-05 9.995E-05 0.9994 9.995E-05 9.995E-05
9.995E-05 9.995E-05 9.995E-05 9.995E-05 0.9994 9.995E-05 9.995E-05
9.995E-05 9.995E-05 9.995E-05 9.995E-05 0.9994 9.995E-05 9.995E-05
9.995E-05 9.995E-05 9.995E-05 9.995E-05 0.9994 9.995E-05 9.995E-05
9.995E-05 9.995E-05 9.995E-05 9.995E-05 0.9994 9.995E-05 9.995E-05
0.0323277 9.9982E-05 0.112779 0.0329601 0.801998 9.9982E-05 0.019735
9.9964E-05 9.9964E-05 9.9964E-05 0.00840126 0.982179 0.00901963 9.9964E-05
9.995E-05 9.995E-05 9.995E-05 9.995E-05 0.9994 9.995E-05 9.995E-05
0.0257697 0.0222079 0.0850945 9.9982E-05 0.848492 0.0182356 9.9982E-05
9.995E-05 9.995E-05 9.995E-05 9.995E-05 0.9994 9.995E-05 9.995E-05
0.00436242 0.00233585 0.0794093 0.0367543 0.779001 0.0650723 0.0330646
9.995E-05 9.995E-05 9.995E-05 9.995E-05 9.995E-05 0.9994 9.995E-05
9.9991E-05 0.197594 0.0910406 0.109239 0.224468 0.122348 0.255211
9.995E-05 9.995E-05 9.995E-05 9.995E-05 9.995E-05 0.9994 9.995E-05
9.995E-05 9.995E-05 9.995E-05 9.995E-05 9.995E-05 0.9994 9.995E-05
0.0237677 0.0141365 0.0345546 9.9973E-05 9.9973E-05 0.927241 9.9973E-05
9.9991E-05 0.0518709 0.00828328 0.0165795 0.0633063 0.774815 0.0850446
9.995E-05 9.995E-05 9.995E-05 9.995E-05 9.995E-05 0.9994 9.995E-05
0.027444 9.9982E-05 0.0882695 0.00114902 0.030543 0.852395 9.9982E-05
9.9955E-05 9.9955E-05 0.0461665 9.9955E-05 9.9955E-05 0.953334 9.9955E-05
9.9973E-05 9.9973E-05 9.9973E-05 0.0317845 0.0370283 0.90351 0.027377
0.00971605 9.9955E-05 9.9955E-05 9.9955E-05 9.9955E-05 0.989784 9.9955E-05
9.9955E-05 9.9955E-05 9.9955E-05 9.9955E-05 9.9955E-05 0.971831 0.0276693
9.9964E-05 0.00386838 9.9964E-05 0.00277184 9.9964E-05 0.99296 9.9964E-05
9.9973E-05 0.0298615 9.9973E-05 0.0783159 0.0715064 0.820016 9.9973E-05
0.0172746 9.9982E-05 0.0129208 0.0307841 9.9982E-05 0.926883 0.0119376
9.9982E-05 0.00970118 0.0757301 9.9982E-05 0.0216326 0.866394 0.0263417
0.0153987 0.0194348 0.0264024 0.0355534 0.0250954 0.857867 0.0202486
0.0363832 9.9973E-05 9.9973E-05 0.0458259 9.9973E-05 0.854445 0.0630464
9.9973E-05 9.9973E-05 0.0198263 0.0108386 0.0109088 0.958126 9.9973E-05
0.0377034 0.0835246 0.124132 0.309931 0.139776 0.0642391 0.240694
0.0244059 0.0984875 0.155586 0.23196 0.0876111 0.0694346 0.332515
0.051913 0.108475 0.14453 0.284808 0.0819642 0.113323 0.214988
0.048846 0.111399 0.151413 0.265743 0.0655958 0.111392 0.245612
9.9973E-05 9.9973E-05 0.953486 9.9973E-05 0.0417143 0.00363045 0.000869083
9.995E-05 9.995E-05 0.9994 9.995E-05 9.995E-05 9.995E-05 9.995E-05
9.9964E-05 9.9964E-05 0.962657 0.0297777 9.9964E-05 0.00716541 9.9964E-05
9.995E-05 9.995E-05 0.9994 9.995E-05 9.995E-05 9.995E-05 9.995E-05
9.995E-05 9.995E-05 0.9994 9.995E-05 9.995E-05 9.995E-05 9.995E-05
9.995E-05 9.995E-05 0.9994 9.995E-05 9.995E-05 9.995E-05 9.995E-05
9.9955E-05 0.00991376 0.989586 9.9955E-05 9.9955E-05 9.9955E-05 9.9955E-05
0.0330014 9.9982E-05 0.786435 0.0327888 0.0922236 9.9982E-05 0.055351
0.00912087 9.9982E-05 0.859488 0.023795 9.9982E-05 0.00953261 0.097864
9.995E-05 9.995E-05 9.995E-05 0.9994 9.995E-05 9.995E-05 9.995E-05
9.995E-05 9.995E-05 9.995E-05 0.9994 9.995E-05 9.995E-05 9.995E-05
9.995E-05 9.995E-05 9.995E-05 0.9994 9.995E-05 9.995E-05 9.995E-05
9.995E-05 9.995E-05 9.995E-05 0.9994 9.995E-05 9.995E-05 9.995E-05
9.995E-05 9.995E-05 9.995E-05 0.9994 9.995E-05 9.995E-05 9.995E-05
0.0384433 0.0106224 0.0230064 0.835231 9.9982E-05 9.9982E-05 0.0924965
9.995E-05 9.995E-05 9.995E-05 0.9994 9.995E-05 9.995E-05 9.995E-05
9.995E-05 9.995E-05 9.995E-05 0.9994 9.995E-05 9.995E-05 9.995E-05
9.995E-05 9.995E-05 9.995E-05 0.9994 9.995E-05 9.995E-05 9.995E-05
9.9955E-05 9.9955E-05 9.9955E-05 0.93648 0.0630203 9.9955E-05 9.9955E-05
9.9964E-05 9.9964E-05 9.9964E-05 0.990787 0.00716896 0.0016441 9.9964E-05
9.9964E-05 0.00123644 0.00262195 0.995742 9.9964E-05 9.9964E-05 9.9964E-05
