9.995E-05 9.995E-05 9.995E-05 9.995E-05 9.995E-05 9.995E-05 0.9994
9.9973E-05 0.0712547 9.9973E-05 9.9973E-05 0.0238714 0.0389914 0.865583
9.995E-05 9.995E-05 9.995E-05 9.995E-05 9.995E-05 0.9994 9.995E-05
9.9973E-05 0.0399958 9.9973E-05 0.0597572 0.00516862 0.894779 9.9973E-05
0.119628 9.9982E-05 0.0753293 9.9982E-05 0.00289591 0.0120657 0.789881
9.9955E-05 9.9955E-05 9.9955E-05 0.0573143 9.9955E-05 9.9955E-05 0.942186
9.9982E-05 0.12553 9.9982E-05 0.0165537 0.0079692 0.00860644 0.841141
9.9973E-05 9.9973E-05 0.0262317 0.11097 0.000641254 9.9973E-05 0.861857
0.0101976 0.0485214 0.137609 9.9982E-05 9.9982E-05 0.422466 0.381006
9.999E-05 0.106162 0.198718 0.0508141 0.0251871 0.0537486 0.56527
0.954412 9.9964E-05 9.9964E-05 0.0373226 0.00786506 9.9964E-05 9.9964E-05
0.959143 9.9955E-05 9.9955E-05 0.0403575 9.9955E-05 9.9955E-05 9.9955E-05
0.759494 9.9964E-05 9.9964E-05 0.0581502 9.9964E-05 9.9964E-05 0.181956
0.0527854 0.0559844 0.0109665 0.727911 0.0240976 0.128155 9.9991E-05
0.709666 9.9973E-05 9.9973E-05 0.162984 0.0492575 0.0777932 9.9973E-05
0.121022 9.9991E-05 0.00369098 0.850725 0.0156142 0.000138966 0.00870844
0.087135 9.9955E-05 9.9955E-05 0.912365 9.9955E-05 9.9955E-05 9.9955E-05
9.9973E-05 0.259849 0.0915011 0.607957 9.9973E-05 0.040393 9.9973E-05
0.743771 9.9964E-05 0.104061 0.151768 9.9964E-05 9.9964E-05 9.9964E-05
9.9964E-05 9.9964E-05 0.0129064 0.903222 9.9964E-05 0.0834721 9.9964E-05
0.326789 0.144983 9.9973E-05 0.421395 9.9973E-05 0.106533 9.9973E-05
0.0723379 0.0753319 9.9973E-05 0.556776 9.9973E-05 9.9973E-05 0.295255
0.0543543 9.9964E-05 9.9964E-05 0.940898 0.00434825 9.9964E-05 9.9964E-05
9.9955E-05 0.00737527 9.9955E-05 0.992125 9.9955E-05 9.9955E-05 9.9955E-05
0.225947 0.12781 9.9982E-05 0.581175 0.022417 0.0424499 9.9982E-05
0.237571 0.268151 9.9982E-05 0.445819 0.00761733 9.9982E-05 0.0406421
0.746669 0.0198575 0.233074 9.9964E-05 9.9964E-05 9.9964E-05 9.9964E-05
0.631097 0.322433 9.9973E-05 9.9973E-05 9.9973E-05 0.0328081 0.0133621
0.702311 0.273336 0.00435822 9.9973E-05 9.9973E-05 9.9973E-05 0.0196943
0.91602 0.0834807 9.9955E-05 9.9955E-05 9.9955E-05 9.9955E-05 9.9955E-05
9.9964E-05 0.368278 0.432722 9.9964E-05 9.9964E-05 0.1986 9.9964E-05
0.0130217 0.231617 0.50175 9.9982E-05 9.9982E-05 0.165011 0.0884007
0.109014 0.147293 0.638214 0.0486101 9.9982E-05 0.0566692 9.9982E-05
0.140431 9.9973E-05 0.847614 0.00761932 9.9973E-05 9.9973E-05 0.00403523
0.397604 0.0237283 0.496263 0.0412764 9.9982E-05 0.0409283 9.9982E-05
9.9982E-05 0.109508 0.654764 0.0522603 0.00944646 0.173821 9.9982E-05
9.9973E-05 9.9973E-05 0.559168 0.166863 9.9973E-05 0.0681412 0.205528
9.9982E-05 0.093571 0.651333 0.207806 9.9982E-05 0.0103806 0.0367089
9.9973E-05 9.9973E-05 0.809126 0.120023 0.00561269 0.0649377 9.9973E-05
0.182165 0.261815 0.429761 0.0828198 0.0346364 0.00870215 9.9991E-05
9.9982E-05 0.100895 0.759302 0.0788282 9.9982E-05 0.00961121 0.0511643
0.193384 0.398567 0.257838 0.00878655 9.9991E-05 0.0938941 0.0474306
0.263486 0.177214 0.512199 9.9973E-05 9.9973E-05 0.0468016 9.9973E-05
0.281059 0.0217771 0.60986 0.0510768 0.0309851 9.9991E-05 0.00514229
0.180912 0.18374 0.618772 9.9973E-05 9.9973E-05 0.0162763 9.9973E-05
0.00861572 0.129108 0.719118 9.9982E-05 0.0297952 9.9982E-05 0.113163
9.9955E-05 9.9955E-05 0.963081 9.9955E-05 0.0364196 9.9955E-05 9.9955E-05
9.9955E-05 0.0784903 0.92101 9.9955E-05 9.9955E-05 9.9955E-05 9.9955E-05
0.195555 0.0161314 0.727492 9.9982E-05 9.9982E-05 0.0597174 0.000904345
0.0973047 0.111922 0.671245 9.9982E-05 9.9982E-05 0.0463922 0.0729361
9.9964E-05 0.243358 0.729692 0.0265499 9.9964E-05 9.9964E-05 9.9964E-05
9.9964E-05 9.9964E-05 0.947671 9.9964E-05 0.00341545 9.9964E-05 0.0485139
9.9973E-05 0.299204 0.697905 9.9973E-05 0.00132225 9.9973E-05 0.00126877
9.9964E-05 0.143991 0.79952 0.0560897 9.9964E-05 9.9964E-05 9.9964E-05
9.995E-05 9.995E-05 0.9994 9.995E-05 9.995E-05 9.995E-05 9.995E-05
0.0238546 0.134025 0.727669 9.9982E-05 0.104206 0.010045 9.9982E-05
0.0303552 0.827717 0.0286882 0.0743563 0.00837525 0.0304081 9.9991E-05
0.0889882 0.75444 0.109634 0.00226698 9.9982E-05 9.9982E-05 0.0444702
0.0283132 0.75388 0.122962 9.9982E-05 9.9982E-05 0.00948638 0.0851593
0.045592 0.643573 0.11983 9.9973E-05 9.9973E-05 9.9973E-05 0.190705
9.9964E-05 0.834518 0.0912424 0.0738397 9.9964E-05 9.9964E-05 9.9964E-05
9.9982E-05 0.562376 0.269062 9.9982E-05 0.0645984 0.100337 0.00342701
9.9964E-05 0.878216 0.0978661 9.9964E-05 9.9964E-05 9.9964E-05 0.0235176
9.99551E-05 0.972799 9.99551E-05 9.99551E-05 0.0267013 9.99551E-05 9.99551E-05
0.0156028 0.925607 9.9973E-05 0.0459925 0.0124979 9.9973E-05 9.9973E-05
0.0164574 0.983043 9.9955E-05 9.9955E-05 9.9955E-05 9.9955E-05 9.9955E-05
9.9955E-05 0.996267 9.9955E-05 9.9955E-05 0.00323274 9.9955E-05 9.9955E-05
0.0140295 0.969339 9.9973E-05 0.00472304 9.9973E-05 0.0116085 9.9973E-05
9.9955E-05 0.979226 9.9955E-05 9.9955E-05 9.9955E-05 0.0202737 9.9955E-05
9.995E-05 0.9994 9.995E-05 9.995E-05 9.995E-05 9.995E-05 9.995E-05
9.99551E-05 0.994031 9.99551E-05 0.00546932 9.99551E-05 9.99551E-05 9.99551E-05
9.9973E-05 0.690007 0.20769 9.9973E-05 0.00581838 9.9973E-05 0.0961841
9.9955E-05 0.980302 9.9955E-05 9.9955E-05 9.9955E-05 9.9955E-05 0.0191982
9.9982E-05 0.688669 0.150593 0.0692406 0.0632185 9.9982E-05 0.0280783
9.9991E-05 0.328962 0.0192831 0.0451856 0.562374 0.00976943 0.0343263
9.995E-05 9.995E-05 9.995E-05 9.995E-05 0.9994 9.995E-05 9.995E-05
0.119496 0.616549 0.149229 9.9991E-05 0.0556363 0.0370324 0.0219565
