0.9994 9.995E-05 9.995E-05 9.995E-05 9.995E-05 9.995E-05 9.995E-05
0.371499 0.459556 9.9973E-05 9.9973E-05 0.0785348 9.9973E-05 0.0901109
0.361484 0.449073 9.9973E-05 9.9973E-05 0.115739 9.9973E-05 0.0734044
0.296706 0.702794 9.99551E-05 9.99551E-05 9.99551E-05 9.99551E-05 9.99551E-05
0.147104 0.827596 9.9973E-05 0.0119771 9.9973E-05 0.0130233 9.9973E-05
0.216822 0.771114 9.9964E-05 9.9964E-05 0.0116634 9.9964E-05 9.9964E-05
0.374397 0.625103 9.99551E-05 9.99551E-05 9.99551E-05 9.99551E-05 9.99551E-05
0.365766 0.585613 9.9964E-05 9.9964E-05 0.0482212 9.9964E-05 9.9964E-05
0.258184 0.683807 9.9973E-05 9.9973E-05 0.0255063 9.9973E-05 0.0322021
0.9994 9.995E-05 9.995E-05 9.995E-05 9.995E-05 9.995E-05 9.995E-05
0.9994 9.995E-05 9.995E-05 9.995E-05 9.995E-05 9.995E-05 9.995E-05
0.9994 9.995E-05 9.995E-05 9.995E-05 9.995E-05 9.995E-05 9.995E-05
0.9994 9.995E-05 9.995E-05 9.995E-05 9.995E-05 9.995E-05 9.995E-05
0.944315 9.9955E-05 9.9955E-05 0.0551854 9.9955E-05 9.9955E-05 9.9955E-05
0.940302 9.9973E-05 0.0161275 0.0389546 9.9973E-05 0.00431591 9.9973E-05
0.217923 0.690085 9.9973E-05 9.9973E-05 0.027229 0.0644622 9.9973E-05
0.216547 0.491179 0.0742379 0.0369275 0.0668143 0.071346 0.0429479
0.271846 0.727655 9.99551E-05 9.99551E-05 9.99551E-05 9.99551E-05 9.99551E-05
0.0131866 0.970696 9.9964E-05 0.0157175 9.9964E-05 9.9964E-05 9.9964E-05
9.99551E-05 0.999143 9.99551E-05 0.000357517 9.99551E-05 9.99551E-05 9.99551E-05
0.11991 0.862071 9.9964E-05 9.9964E-05 9.9964E-05 0.0176194 9.9964E-05
0.0538177 0.846365 9.9973E-05 0.074725 0.024792 9.9973E-05 9.9973E-05
0.0458258 0.906869 9.9964E-05 0.0469054 9.9964E-05 9.9964E-05 9.9964E-05
0.0899181 0.909582 9.9955E-05 9.9955E-05 9.9955E-05 9.9955E-05 9.9955E-05
0.0660851 0.933415 9.99551E-05 9.99551E-05 9.99551E-05 9.99551E-05 9.99551E-05
0.0535307 0.868623 0.0229857 0.0131614 9.9982E-05 0.0414997 9.9982E-05
0.0539867 0.807399 9.9982E-05 0.0204852 0.0434223 0.0745065 9.9982E-05
0.0542684 0.945232 9.99551E-05 9.99551E-05 9.99551E-05 9.99551E-05 9.99551E-05
0.0927313 0.848846 0.010786 0.0411105 9.9982E-05 0.00632599 9.9982E-05
0.0864878 0.913012 9.9955E-05 9.9955E-05 9.9955E-05 9.9955E-05 9.9955E-05
0.0830608 0.916439 9.99551E-05 9.99551E-05 9.99551E-05 9.99551E-05 9.99551E-05
0.0297954 0.911976 0.0235416 0.0107448 9.9991E-05 0.0213097 0.00253218
0.0291576 0.847963 9.9982E-05 0.0430739 0.0271467 0.0524587 9.9982E-05
0.0725127 0.787183 0.0350919 9.9982E-05 0.0550529 0.0499595 9.9982E-05
0.0665393 0.814689 9.9964E-05 0.118372 9.9964E-05 9.9964E-05 9.9964E-05
0.134986 0.864514 9.9955E-05 9.9955E-05 9.9955E-05 9.9955E-05 9.9955E-05
9.9964E-05 0.941471 9.9964E-05 0.0472956 9.9964E-05 0.0108333 9.9964E-05
0.0313784 0.806273 0.00669042 0.0832041 9.9991E-05 0.0529421 0.0194123
0.0169961 0.785945 9.9982E-05 9.9982E-05 0.0441287 0.0949128 0.0578173
0.0238713 0.886167 0.0190491 0.0192061 9.9991E-05 0.0297554 0.0218514
9.9973E-05 0.677489 0.123676 9.9973E-05 0.0911274 9.9973E-05 0.107408
9.9982E-05 0.694401 0.0910229 0.0133478 0.118526 0.0825025 9.9982E-05
0.0480967 0.709975 0.0976138 9.9982E-05 0.0658194 9.9982E-05 0.0782954
9.9982E-05 0.753822 0.0961688 9.9982E-05 0.0834851 0.0164737 0.0498507
9.9982E-05 0.668694 0.0991354 0.0182412 0.0952544 0.118475 9.9982E-05
9.9964E-05 0.930592 9.9964E-05 9.9964E-05 0.0333736 0.0356345 9.9964E-05
9.9973E-05 0.909324 0.0311237 9.9973E-05 0.0266196 0.032633 9.9973E-05
9.9982E-05 0.804711 0.0539582 0.0196714 0.0666739 0.0547853 9.9982E-05
0.0549142 0.687616 0.0945024 0.0438734 0.0147217 0.104273 9.9991E-05
0.116042 0.715667 0.0982591 9.9982E-05 0.0247921 9.9982E-05 0.0450406
0.0244486 0.774066 0.0150164 9.9991E-05 0.046723 0.100429 0.0392165
9.9982E-05 0.747843 0.0467522 0.0522115 0.0994026 0.0535906 9.9982E-05
9.9982E-05 0.800925 0.0711623 0.0100944 0.0481485 0.0694698 9.9982E-05
0.0253185 0.682549 0.0833997 0.0876631 0.0045386 0.0848809 0.0316503
0.0371615 0.640106 0.106644 0.105961 0.00993047 0.0481059 0.0520915
9.9982E-05 0.721744 0.106337 9.9982E-05 0.130452 0.0268049 0.0144621
0.0853746 0.693046 0.0585751 9.9991E-05 0.0665898 0.0614015 0.0349129
9.9991E-05 0.707193 0.115321 0.0077867 0.0183581 0.108077 0.0431644
9.9973E-05 0.895006 9.9973E-05 0.00780718 0.0558143 0.0410722 9.9973E-05
0.0559423 0.695115 0.048921 9.9991E-05 0.0173176 0.136611 0.0459931
9.9982E-05 0.759415 0.0845752 0.0381194 0.00657193 0.111118 9.9982E-05
9.9982E-05 0.689831 0.18959 0.0408677 9.9982E-05 0.0191333 0.0603785
9.9991E-05 0.679487 0.0695539 0.02776 0.0580672 0.0876902 0.0773417
0.0175789 0.560784 0.0888277 0.113008 0.134141 0.0154947 0.0701658
9.9982E-05 0.815914 0.127105 0.00741715 9.9982E-05 0.0362674 0.0130963
9.9991E-05 0.655418 0.10438 0.105886 0.0876079 0.0241016 0.0225073
9.9991E-05 0.654479 0.121704 0.0127023 0.0506936 0.0526998 0.107621
9.9991E-05 0.5388 0.128543 0.151949 0.0882491 0.00471948 0.0876404
9.9991E-05 0.859953 0.0206065 0.013107 0.0267035 0.0640602 0.0154703
9.9982E-05 0.64757 0.119641 0.0927646 0.118842 9.9982E-05 0.0209825
9.9973E-05 0.752546 0.0948915 9.9973E-05 0.0870133 9.9973E-05 0.0652491
9.9991E-05 0.641155 0.095159 0.0400019 0.116248 0.0334736 0.0738628
0.0650738 0.722202 0.0510422 0.0140431 0.0714094 0.0721748 0.00405446
0.0159995 0.7439 0.0485662 9.9991E-05 0.0564388 0.132414 0.0025816
0.0430241 0.547853 0.208544 0.0668065 0.0535571 0.076014 0.00420132
9.9991E-05 0.691733 0.086026 0.0427835 0.026004 0.119673 0.0336807
9.9991E-05 0.702534 0.0611291 0.0384542 0.100876 0.0357983 0.0611084
9.9982E-05 0.566043 0.127337 0.148763 0.0417443 9.9982E-05 0.115912
9.9991E-05 0.412826 0.132988 0.095958 0.0859451 0.144742 0.12744
9.9991E-05 0.422618 0.148981 0.122247 0.044687 0.107786 0.153581
9.9991E-05 0.491617 0.182275 0.0703143 0.0607378 0.0801395 0.114816
9.9991E-05 0.461538 0.107392 0.104559 0.0549061 0.108655 0.16285
9.9991E-05 0.510611 0.13618 0.0590037 0.0619845 0.0854794 0.146641
0.0256788 0.620361 0.170284 0.00306258 9.9991E-05 0.072486 0.108028
9.9991E-05 0.457522 0.149912 0.0541645 0.0609819 0.059846 0.217473
0.0106899 0.488629 0.0836653 0.0617643 0.104954 0.0723208 0.177977
0.0305293 0.486275 0.136401 0.0285413 0.122521 0.0793221 0.116411
9.9982E-05 0.535827 0.168723 9.9982E-05 0.0128765 0.106357 0.176017
9.9991E-05 0.456766 0.103762 0.0901145 0.0476894 0.134856 0.166712
0.000267078 0.398974 0.180253 0.00205296 0.110364 0.145828 0.16226
0.0377006 0.420763 0.150915 0.225677 0.042213 9.9991E-05 0.122631
0.00179203 0.481789 0.132765 0.216886 0.0726191 9.9991E-05 0.0940495
9.9991E-05 0.339254 0.109958 0.00552008 0.0871298 0.219601 0.238437
9.995E-05 9.995E-05 9.995E-05 9.995E-05 9.995E-05 9.995E-05 0.9994
0.0204981 0.00362192 0.0561034 9.9973E-05 9.9973E-05 9.9973E-05 0.919477
0.0371791 9.9982E-05 0.0172213 0.0759083 0.0171438 9.9982E-05 0.852347
9.9955E-05 9.9955E-05 0.0109921 9.9955E-05 9.9955E-05 9.9955E-05 0.988508
9.995E-05 9.995E-05 9.995E-05 9.995E-05 9.995E-05 9.995E-05 0.9994
9.995E-05 9.995E-05 9.995E-05 9.995E-05 9.995E-05 9.995E-05 0.9994
9.995E-05 9.995E-05 9.995E-05 9.995E-05 9.995E-05 9.995E-05 0.9994
9.9964E-05 0.085301 9.9964E-05 0.00398474 9.9964E-05 9.9964E-05 0.910314
9.9964E-05 9.9964E-05 9.9964E-05 0.00728348 9.9964E-05 0.0347992 0.957517
9.9955E-05 9.9955E-05 9.9955E-05 9.9955E-05 0.00264272 9.9955E-05 0.996858
0.00642366 0.268688 0.296424 0.0893804 0.116073 0.117363 0.105648
9.9982E-05 0.00900165 9.9982E-05 0.0561402 0.00303826 0.0176273 0.913993
9.995E-05 9.995E-05 9.995E-05 9.995E-05 9.995E-05 9.995E-05 0.9994
9.9964E-05 9.9964E-05 9.9964E-05 0.0074893 9.9964E-05 0.0203459 0.971765
9.9991E-05 0.244655 0.268644 0.0928022 0.0409309 0.17012 0.182748
0.00595937 0.25389 0.302051 0.0751945 0.132427 0.115239 0.115239
9.9991E-05 0.320184 0.244207 0.126669 0.0585983 0.0996592 0.150583
9.9991E-05 0.272851 0.24784 0.0424287 0.100244 0.109493 0.227043
9.9991E-05 0.303425 0.255288 0.144847 0.0198622 0.120913 0.155566
9.9982E-05 0.414647 0.257049 0.177859 9.9982E-05 0.0440121 0.106232
9.9991E-05 0.396563 0.217011 0.140859 0.034016 0.068197 0.143255
9.9991E-05 0.325514 0.278365 0.143631 0.0141473 0.0897704 0.148472
9.9991E-05 0.241607 0.159542 0.168263 0.10134 0.0414131 0.287735
9.9991E-05 0.23981 0.193873 0.190999 0.0942718 0.0589728 0.221973
9.9991E-05 0.431299 0.205709 0.0944908 0.00853025 0.125302 0.13457
9.9991E-05 0.28365 0.138268 0.190727 0.0625996 0.123479 0.201176
9.9991E-05 0.317608 0.233408 0.140491 0.104328 0.133062 0.0710033
9.9991E-05 0.347767 0.237656 0.0900425 0.0767589 0.0807835 0.166892
9.9973E-05 0.0119394 0.929003 0.0291935 0.0295639 9.9973E-05 9.9973E-05
0.00448562 9.9982E-05 0.879155 0.0491659 9.9982E-05 0.0536635 0.0133296
9.995E-05 9.995E-05 0.9994 9.995E-05 9.995E-05 9.995E-05 9.995E-05
9.995E-05 9.995E-05 0.9994 9.995E-05 9.995E-05 9.995E-05 9.995E-05
9.995E-05 9.995E-05 0.9994 9.995E-05 9.995E-05 9.995E-05 9.995E-05
9.9955E-05 9.9955E-05 0.993092 9.9955E-05 0.00640825 9.9955E-05 9.9955E-05
9.995E-05 9.995E-05 0.9994 9.995E-05 9.995E-05 9.995E-05 9.995E-05
0.0182024 0.0711248 0.770031 0.140342 9.9973E-05 9.9973E-05 9.9973E-05
9.995E-05 9.995E-05 0.9994 9.995E-05 9.995E-05 9.995E-05 9.995E-05
9.995E-05 9.995E-05 0.9994 9.995E-05 9.995E-05 9.995E-05 9.995E-05
0.0347959 9.9982E-05 0.825459 0.0752758 0.0164931 9.9982E-05 0.0477765
9.9955E-05 9.9955E-05 0.990038 9.9955E-05 9.9955E-05 0.00946238 9.9955E-05
0.00639939 0.0864532 0.7302 0.0509596 0.111584 0.0143035 9.9991E-05
9.995E-05 9.995E-05 9.995E-05 9.995E-05 0.9994 9.995E-05 9.995E-05
9.9991E-05 0.323703 0.221866 0.0731189 0.0986985 0.0921739 0.190339
9.995E-05 9.995E-05 9.995E-05 9.995E-05 0.9994 9.995E-05 9.995E-05
9.995E-05 9.995E-05 9.995E-05 9.995E-05 0.9994 9.995E-05 9.995E-05
9.9964E-05 9.9964E-05 9.9964E-05 0.0182986 0.958041 9.9964E-05 0.0232603
9.9973E-05 0.160434 0.0801752 9.9973E-05 0.751256 0.00783463 9.9973E-05
9.995E-05 9.995E-05 9.995E-05 9.995E-05 0.9994 9.995E-05 9.995E-05
0.0201113 9.9973E-05 0.0296738 0.0547846 0.89513 9.9973E-05 9.9973E-05
9.9955E-05 9.9955E-05 9.9955E-05 0.00597851 0.993522 9.9955E-05 9.9955E-05
9.9955E-05 9.9955E-05 0.0440837 9.9955E-05 0.955417 9.9955E-05 9.9955E-05
9.995E-05 9.995E-05 9.995E-05 9.995E-05 0.9994 9.995E-05 9.995E-05
9.995E-05 9.995E-05 9.995E-05 9.995E-05 0.9994 9.995E-05 9.995E-05
9.9964E-05 9.9964E-05 0.00445623 9.9964E-05 0.993915 9.9964E-05 0.00122937
9.9991E-05 0.0288474 0.0676629 0.00159022 0.82191 0.0434814 0.0364083
0.0506086 9.9982E-05 0.00757713 0.0264911 0.909524 9.9982E-05 0.00559898
0.0135608 0.0616264 0.0539961 0.02145 0.836469 9.9991E-05 0.0127972
0.0113683 0.00532225 0.00503192 0.0448313 0.882598 0.0507482 9.9991E-05
0.0298763 0.0490673 9.9991E-05 0.0284452 0.826473 0.0628558 0.00318193
0.00496832 9.9982E-05 0.0417276 9.9982E-05 0.91095 0.0198074 0.0223471
0.00550591 0.241469 0.122052 0.175773 0.0788034 0.293551 0.0828458
0.0112222 0.271294 0.146717 0.15815 0.0785817 0.239978 0.0940575
0.0352913 0.235466 0.0801255 0.153542 0.0879334 0.277591 0.130051
0.0179225 0.274297 0.0873063 0.166835 0.111239 0.228141 0.114259
0.0121161 9.9955E-05 9.9955E-05 0.987384 9.9955E-05 9.9955E-05 9.9955E-05
9.995E-05 9.995E-05 9.995E-05 0.9994 9.995E-05 9.995E-05 9.995E-05
9.9955E-05 9.9955E-05 9.9955E-05 0.9959 0.00360031 9.9955E-05 9.9955E-05
9.995E-05 9.995E-05 9.995E-05 0.9994 9.995E-05 9.995E-05 9.995E-05
9.995E-05 9.995E-05 9.995E-05 0.9994 9.995E-05 9.995E-05 9.995E-05
9.9964E-05 9.9964E-05 9.9964E-05 0.946203 9.9964E-05 0.0389113 0.0144855
9.9982E-05 0.0314006 9.9982E-05 0.928751 0.0104394 0.0253114 0.00389759
0.0138829 0.126116 0.0465214 0.701102 0.0413652 0.0709125 9.9991E-05
0.0185078 0.0395083 0.0170897 0.90619 0.0112737 0.0073302 9.9991E-05
9.995E-05 9.995E-05 9.995E-05 9.995E-05 9.995E-05 0.9994 9.995E-05
9.995E-05 9.995E-05 9.995E-05 9.995E-05 9.995E-05 0.9994 9.995E-05
9.995E-05 9.995E-05 9.995E-05 9.995E-05 9.995E-05 0.9994 9.995E-05
9.995E-05 9.995E-05 9.995E-05 9.995E-05 9.995E-05 0.9994 9.995E-05
9.995E-05 9.995E-05 9.995E-05 9.995E-05 9.995E-05 0.9994 9.995E-05
9.9973E-05 0.0665895 9.9973E-05 0.0243737 0.0106732 0.898064 9.9973E-05
9.995E-05 9.995E-05 9.995E-05 9.995E-05 9.995E-05 0.9994 9.995E-05
9.995E-05 9.995E-05 9.995E-05 9.995E-05 9.995E-05 0.9994 9.995E-05
9.995E-05 9.995E-05 9.995E-05 9.995E-05 9.995E-05 0.9994 9.995E-05
0.00165213 9.9955E-05 9.9955E-05 9.9955E-05 9.9955E-05 0.997848 9.9955E-05
9.995E-05 9.995E-05 9.995E-05 9.995E-05 9.995E-05 0.9994 9.995E-05
9.9964E-05 9.9964E-05 0.00248229 9.9964E-05 9.9964E-05 0.995819 0.00129858
