9.995E-05 9.995E-05 9.995E-05 9.995E-05 0.9994 9.995E-05 9.995E-05
0.0990566 9.9973E-05 9.9973E-05 0.0701646 0.404237 9.9973E-05 0.426242
0.064351 9.9973E-05 9.9973E-05 0.10774 0.394917 9.9973E-05 0.432692
9.99551E-05 9.99551E-05 9.99551E-05 9.99551E-05 0.316613 9.99551E-05 0.682887
9.9973E-05 0.0905925 0.0287563 9.9973E-05 0.193774 9.9973E-05 0.686577
9.9955E-05 9.9955E-05 9.9955E-05 9.9955E-05 0.262992 9.9955E-05 0.736508
9.99551E-05 9.99551E-05 9.99551E-05 9.99551E-05 0.410928 9.99551E-05 0.588573
9.9964E-05 9.9964E-05 9.9964E-05 0.0697905 0.399406 9.9964E-05 0.530404
9.9973E-05 9.9973E-05 0.0445676 0.0426623 0.283915 9.9973E-05 0.628555
9.995E-05 9.995E-05 9.995E-05 9.995E-05 0.9994 9.995E-05 9.995E-05
9.995E-05 9.995E-05 9.995E-05 9.995E-05 0.9994 9.995E-05 9.995E-05
9.995E-05 9.995E-05 9.995E-05 9.995E-05 0.9994 9.995E-05 9.995E-05
9.995E-05 9.995E-05 9.995E-05 9.995E-05 0.9994 9.995E-05 9.995E-05
9.9973E-05 0.075176 0.00146324 0.00712187 0.915939 9.9973E-05 9.9973E-05
0.00711129 0.00615397 9.9964E-05 9.9964E-05 0.986335 9.9964E-05 9.9964E-05
9.9973E-05 9.9973E-05 0.00194826 0.0153008 0.234188 9.9973E-05 0.748263
0.0519375 0.0238042 0.0675242 0.0276387 0.272888 9.9991E-05 0.556107
9.99551E-05 9.99551E-05 9.99551E-05 9.99551E-05 0.279786 9.99551E-05 0.719715
9.99641E-05 0.0596125 9.99641E-05 9.99641E-05 0.0353542 9.99641E-05 0.904633
9.99551E-05 0.0370567 9.99551E-05 9.99551E-05 9.99551E-05 9.99551E-05 0.962444
9.9964E-05 9.9964E-05 0.0427221 9.9964E-05 0.130862 9.9964E-05 0.826016
9.9973E-05 0.0887638 9.9973E-05 0.0283293 0.0472096 9.9973E-05 0.835397
9.9964E-05 0.0765428 9.9964E-05 9.9964E-05 0.0457765 9.9964E-05 0.877281
9.9964E-05 0.005806 9.9964E-05 9.9964E-05 0.0854042 9.9964E-05 0.90839
9.99551E-05 9.99551E-05 9.99551E-05 9.99551E-05 0.0739282 9.99551E-05 0.925572
9.9973E-05 0.00329042 9.9973E-05 9.9973E-05 0.0251032 0.0326298 0.938677
9.9982E-05 0.0196709 0.0561366 0.0706255 0.0417637 9.9982E-05 0.811603
9.99551E-05 9.99551E-05 9.99551E-05 9.99551E-05 0.0835761 9.99551E-05 0.915924
9.9964E-05 0.0302939 9.9964E-05 9.9964E-05 0.10841 9.9964E-05 0.860896
9.9955E-05 9.9955E-05 9.9955E-05 9.9955E-05 0.167964 9.9955E-05 0.831537
9.9973E-05 0.0249341 0.0174101 9.9973E-05 0.132572 9.9973E-05 0.824784
0.0138242 0.00399561 0.0602764 9.9991E-05 0.0319449 0.0102567 0.879602
0.00290826 0.0190575 0.020182 0.00499093 0.0670962 9.9991E-05 0.885665
9.9991E-05 0.00369772 0.0252064 0.0539384 0.109968 0.0234411 0.783648
9.9964E-05 0.101331 9.9964E-05 9.9964E-05 0.0353205 9.9964E-05 0.862949
9.9955E-05 9.9955E-05 9.9955E-05 9.9955E-05 0.140425 9.9955E-05 0.859076
9.9964E-05 0.00137204 9.9964E-05 0.0125366 9.9964E-05 9.9964E-05 0.985691
9.9982E-05 0.0738312 0.0674687 0.0219236 0.0359069 9.9982E-05 0.80067
0.0451331 0.0154455 0.0466138 0.0344576 0.0599658 9.9991E-05 0.798284
0.0153126 0.0153859 0.0241181 9.9991E-05 0.0303407 0.0209986 0.893744
0.0571384 9.9982E-05 0.0267644 0.0532099 9.9982E-05 0.134193 0.728494
0.0375424 9.9991E-05 0.0451765 0.0409864 0.0184803 0.141429 0.716286
0.0430625 9.9982E-05 9.9982E-05 0.0947004 0.0456559 0.127474 0.688907
0.0267694 9.9982E-05 0.0450448 0.0381175 9.9982E-05 0.0908361 0.799032
9.9973E-05 9.9973E-05 0.0619028 0.0823892 9.9973E-05 0.0622293 0.793179
9.9964E-05 9.9964E-05 0.0116981 0.0279671 9.9964E-05 9.9964E-05 0.959935
9.9973E-05 9.9973E-05 0.00923714 0.0240767 9.9973E-05 0.00393122 0.962455
9.9982E-05 0.0149196 0.0140832 0.0467872 9.9982E-05 0.0140447 0.909965
9.9982E-05 9.9982E-05 0.0671617 0.0609857 0.0471817 0.120808 0.703663
0.0297036 9.9982E-05 9.9982E-05 0.0149793 0.112881 0.0568292 0.785407
0.0461932 9.9991E-05 0.0401603 0.0661151 0.0248324 0.016324 0.806275
9.9982E-05 0.0625249 0.0675681 0.0456534 9.9982E-05 0.0344701 0.789584
9.9973E-05 9.9973E-05 0.0380305 0.0462002 9.9973E-05 0.0162754 0.899194
0.0267609 0.0992141 0.0581641 9.9991E-05 0.0345809 0.0634053 0.717775
0.0546572 0.0866837 0.0667842 0.0356368 0.0367439 0.0815239 0.63797
0.0249239 9.9982E-05 0.0260207 0.0840079 9.9982E-05 0.0908993 0.773948
0.011863 0.0157225 0.0787591 0.0613358 0.0628249 0.110197 0.659298
0.0239241 0.0164673 0.100151 9.9982E-05 9.9982E-05 0.0632537 0.796004
9.9964E-05 9.9964E-05 0.0681256 0.0427252 9.9964E-05 9.9964E-05 0.888749
0.0287527 9.9982E-05 0.124477 0.048407 0.0236592 9.9982E-05 0.774505
9.9973E-05 0.0102715 0.131522 9.9973E-05 9.9973E-05 0.0794364 0.77847
0.0438216 0.00303286 0.0127619 9.9991E-05 0.0178738 0.144299 0.778111
0.0566283 0.0466909 0.0471728 0.0616984 9.9991E-05 0.0713737 0.716336
0.0339062 0.128574 0.0566047 0.0802192 9.9991E-05 0.104636 0.595959
0.0206615 0.00208193 0.0496553 9.9982E-05 9.9982E-05 0.0736948 0.853706
0.0209532 0.0925392 0.013621 0.123397 9.9991E-05 0.0630419 0.686348
0.0933244 9.9982E-05 0.0522089 0.00318334 9.9982E-05 0.089323 0.76176
0.0494629 0.130692 9.9991E-05 0.0713286 0.0133806 0.149999 0.585036
0.0175091 0.0190428 0.0348386 0.0481279 9.9991E-05 0.0289439 0.851438
0.0247964 0.083704 9.9982E-05 0.0481478 9.9982E-05 0.120735 0.722417
0.091297 9.9982E-05 9.9982E-05 0.0597214 0.0198278 0.0778343 0.75112
0.0506366 0.0353878 0.0321414 0.0513765 9.9991E-05 0.0893219 0.741036
9.9991E-05 0.00901252 0.0666353 0.0822203 0.045282 0.016954 0.779796
9.9982E-05 9.9982E-05 0.104842 0.0449145 0.00918156 0.0280523 0.81281
0.0262453 0.0651504 0.0442155 0.085578 0.00919569 0.133445 0.63617
0.0111035 0.0169418 0.111685 9.9982E-05 9.9982E-05 0.0560486 0.804021
0.0485011 0.0197163 0.006205 0.0809478 9.9991E-05 0.0527449 0.791785
0.158923 0.129155 9.9982E-05 0.00717514 9.9982E-05 0.0766199 0.627927
0.141079 0.0736416 0.0780145 0.0637367 9.9991E-05 0.123203 0.520225
0.146117 0.087181 0.0710009 0.0323996 9.9991E-05 0.144766 0.518435
0.127034 0.0528632 0.0515838 0.0773294 9.9991E-05 0.185703 0.505387
0.202315 0.0587762 0.0642601 0.0527799 9.9991E-05 0.117525 0.504244
0.157706 0.0411685 0.0851549 0.0525825 9.9991E-05 0.119959 0.543329
0.141874 9.9991E-05 0.0487357 0.0282469 0.00706453 0.152095 0.621883
0.217569 0.072603 0.0444399 0.0194844 9.9991E-05 0.097987 0.547816
0.20138 0.0250646 0.0483632 0.0929401 9.9991E-05 0.115725 0.516428
0.102951 0.0231818 0.10133 0.0413894 0.032245 0.139966 0.558937
0.193071 9.9982E-05 0.0877403 9.9982E-05 0.00336741 0.174683 0.540938
0.143461 0.0741542 0.066248 0.108252 9.9991E-05 0.105166 0.502618
0.132845 0.0292471 0.162342 0.0885319 9.9991E-05 0.141225 0.445709
0.100054 0.260356 9.9991E-05 0.108202 0.0101838 0.0712547 0.449849
0.0943676 0.220426 9.9991E-05 0.060511 0.020991 0.105611 0.497993
0.221569 0.00568321 0.195551 0.0909572 9.9991E-05 0.110398 0.375741
0.9994 9.995E-05 9.995E-05 9.995E-05 9.995E-05 9.995E-05 9.995E-05
0.968558 9.9964E-05 9.9964E-05 9.9964E-05 0.0284618 9.9964E-05 0.00258049
0.89609 0.0417414 9.9982E-05 9.9982E-05 0.0175983 0.0121113 0.0322587
0.9994 9.995E-05 9.995E-05 9.995E-05 9.995E-05 9.995E-05 9.995E-05
0.9994 9.995E-05 9.995E-05 9.995E-05 9.995E-05 9.995E-05 9.995E-05
0.9994 9.995E-05 9.995E-05 9.995E-05 9.995E-05 9.995E-05 9.995E-05
0.9994 9.995E-05 9.995E-05 9.995E-05 9.995E-05 9.995E-05 9.995E-05
0.877766 9.9973E-05 0.0563459 0.0335832 9.9973E-05 9.9973E-05 0.0320046
0.988206 9.9955E-05 0.0112941 9.9955E-05 9.9955E-05 9.9955E-05 9.9955E-05
0.9994 9.995E-05 9.995E-05 9.995E-05 9.995E-05 9.995E-05 9.995E-05
0.126099 0.0705007 0.143913 0.0962862 9.9991E-05 0.259114 0.303986
0.907792 0.0412043 0.0222313 9.9973E-05 9.9973E-05 9.9973E-05 0.0284725
0.9994 9.995E-05 9.995E-05 9.995E-05 9.995E-05 9.995E-05 9.995E-05
0.9994 9.995E-05 9.995E-05 9.995E-05 9.995E-05 9.995E-05 9.995E-05
0.142512 0.14096 0.11215 0.070192 9.9991E-05 0.245473 0.288613
0.163203 0.0882831 0.100707 0.0955672 9.9991E-05 0.235123 0.317017
0.158177 0.149053 0.0829515 0.0738574 9.9991E-05 0.225207 0.310654
0.186704 0.0996894 0.116421 0.0576373 9.9991E-05 0.232363 0.307085
0.15967 0.130414 0.086608 0.0648275 9.9991E-05 0.276248 0.282131
0.0974222 0.218911 0.0467491 0.0245631 9.9991E-05 0.17886 0.433395
0.183007 0.198424 0.0365263 9.9982E-05 9.9982E-05 0.175952 0.40589
0.151547 0.177202 0.0795318 9.9982E-05 9.9982E-05 0.271797 0.319722
0.244602 0.145995 0.0647192 0.0990748 9.9991E-05 0.126234 0.319276
0.220637 0.161939 0.0570078 0.0862961 9.9991E-05 0.142825 0.331195
0.113886 0.11122 0.108591 0.0856212 9.9991E-05 0.137535 0.443046
0.221417 0.192839 0.0540278 0.0592657 9.9991E-05 0.0799611 0.392389
0.100771 0.103035 0.112601 0.0930168 9.9991E-05 0.238209 0.352267
0.157271 0.0862663 0.0995331 0.0588725 9.9991E-05 0.248904 0.349053
9.9964E-05 0.0352263 9.9964E-05 0.0133572 9.9964E-05 0.951017 9.9964E-05
0.00131284 0.0474199 0.0511264 9.9982E-05 0.0146454 0.885295 9.9982E-05
9.995E-05 9.995E-05 9.995E-05 9.995E-05 9.995E-05 0.9994 9.995E-05
9.9955E-05 9.9955E-05 9.9955E-05 9.9955E-05 9.9955E-05 0.990087 0.00941296
9.995E-05 9.995E-05 9.995E-05 9.995E-05 9.995E-05 0.9994 9.995E-05
9.995E-05 9.995E-05 9.995E-05 9.995E-05 9.995E-05 0.9994 9.995E-05
9.9964E-05 0.00897662 9.9964E-05 9.9964E-05 0.00673621 0.983887 9.9964E-05
0.00230824 0.117632 9.9982E-05 9.9982E-05 0.0262136 0.813441 0.0402054
9.9955E-05 9.9955E-05 9.9955E-05 0.00127562 9.9955E-05 0.998225 9.9955E-05
9.995E-05 9.995E-05 9.995E-05 9.995E-05 9.995E-05 0.9994 9.995E-05
9.9964E-05 0.0688043 9.9964E-05 9.9964E-05 0.0269964 0.903799 9.9964E-05
9.9964E-05 9.9964E-05 0.0107667 9.9964E-05 0.00848142 0.980352 9.9964E-05
9.9982E-05 0.100584 0.00832029 0.0940259 9.9982E-05 0.732069 0.0648007
9.995E-05 9.995E-05 9.995E-05 0.9994 9.995E-05 9.995E-05 9.995E-05
0.216696 0.055184 0.0700013 0.0790466 9.9991E-05 0.210936 0.368037
9.995E-05 9.995E-05 9.995E-05 0.9994 9.995E-05 9.995E-05 9.995E-05
9.995E-05 9.995E-05 9.995E-05 0.9994 9.995E-05 9.995E-05 9.995E-05
0.00636176 0.0775725 9.9964E-05 0.915666 9.9964E-05 9.9964E-05 9.9964E-05
9.9973E-05 9.9973E-05 0.0653814 0.743847 9.9973E-05 0.0511416 0.13933
9.995E-05 9.995E-05 9.995E-05 0.9994 9.995E-05 9.995E-05 9.995E-05
0.00378012 0.0851918 9.9991E-05 0.846718 0.00166749 0.0483598 0.0141827
0.0229315 0.0184569 9.9973E-05 0.954928 9.9973E-05 9.9973E-05 0.00338334
0.00301772 9.9973E-05 9.9973E-05 0.964495 9.9973E-05 0.00598139 0.0262064
9.995E-05 9.995E-05 9.995E-05 0.9994 9.995E-05 9.995E-05 9.995E-05
9.9964E-05 9.9964E-05 0.0106512 0.986659 0.00228994 9.9964E-05 9.9964E-05
9.9955E-05 9.9955E-05 9.9955E-05 0.97605 9.9955E-05 0.0234502 9.9955E-05
0.0775767 9.9973E-05 0.0420921 0.84677 9.9973E-05 0.033261 9.9973E-05
9.9982E-05 0.0263249 9.9982E-05 0.934701 0.0170169 0.00402225 0.0177353
0.0414641 0.00474937 9.9991E-05 0.841042 0.0181366 0.0551621 0.0393461
9.9982E-05 0.0263075 0.065335 0.873257 9.9982E-05 0.0244897 0.0104104
9.9982E-05 0.0094068 0.0531879 0.874101 0.0240446 9.9982E-05 0.0390592
0.0252018 9.9982E-05 0.0311984 0.924128 9.9982E-05 0.0145 0.00477233
0.0987007 0.110304 0.330439 0.0566015 0.0189269 0.0960573 0.288971
0.13043 0.143553 0.303423 0.0644048 0.00472534 0.126442 0.227022
0.125665 0.146159 0.295691 0.0524154 0.055988 0.0821484 0.241932
0.106571 0.158234 0.279371 0.0718992 0.0408112 0.0540562 0.289058
9.9991E-05 0.914819 0.000666602 0.01583 0.0156322 0.0308464 0.0221055
9.995E-05 0.9994 9.995E-05 9.995E-05 9.995E-05 9.995E-05 9.995E-05
9.995E-05 0.9994 9.995E-05 9.995E-05 9.995E-05 9.995E-05 9.995E-05
9.995E-05 0.9994 9.995E-05 9.995E-05 9.995E-05 9.995E-05 9.995E-05
9.9955E-05 0.994048 0.00545234 9.9955E-05 9.9955E-05 9.9955E-05 9.9955E-05
0.0123644 0.970684 0.0136421 0.0017826 9.9982E-05 9.9982E-05 0.00132727
0.00145371 0.948515 0.0117618 0.0057838 9.9991E-05 0.0223736 0.0100117
9.9991E-05 0.794871 0.0353093 0.0395631 0.0284347 0.0750134 0.0267085
0.000978715 0.90455 0.00470429 0.0151306 0.00558369 9.9991E-05 0.0689531
9.995E-05 9.995E-05 0.9994 9.995E-05 9.995E-05 9.995E-05 9.995E-05
9.995E-05 9.995E-05 0.9994 9.995E-05 9.995E-05 9.995E-05 9.995E-05
9.995E-05 9.995E-05 0.9994 9.995E-05 9.995E-05 9.995E-05 9.995E-05
9.9955E-05 0.00118558 0.998315 9.9955E-05 9.9955E-05 9.9955E-05 9.9955E-05
9.995E-05 9.995E-05 0.9994 9.995E-05 9.995E-05 9.995E-05 9.995E-05
9.9973E-05 0.05892 0.822068 0.0155165 9.9973E-05 9.9973E-05 0.103196
9.995E-05 9.995E-05 0.9994 9.995E-05 9.995E-05 9.995E-05 9.995E-05
9.995E-05 9.995E-05 0.9994 9.995E-05 9.995E-05 9.995E-05 9.995E-05
9.995E-05 9.995E-05 0.9994 9.995E-05 9.995E-05 9.995E-05 9.995E-05
9.9964E-05 9.9964E-05 0.966564 0.00411332 9.9964E-05 0.0289227 9.9964E-05
9.995E-05 9.995E-05 0.9994 9.995E-05 9.995E-05 9.995E-05 9.995E-05
9.9964E-05 0.0012177 0.992882 9.9964E-05 0.00550084 9.9964E-05 9.9964E-05
