9.995E-05 0.9994 9.995E-05 9.995E-05 9.995E-05 9.995E-05 9.995E-05
0.561913 0.269396 0.0824941 9.9973E-05 0.0858968 9.9973E-05 9.9973E-05
0.575171 0.259236 0.0999793 9.9973E-05 0.065314 9.9973E-05 9.9973E-05
0.799903 0.199598 9.9955E-05 9.9955E-05 9.9955E-05 9.9955E-05 9.9955E-05
0.748017 0.0906811 9.9982E-05 0.00621713 9.9982E-05 0.0558619 0.0990228
0.615111 0.19345 0.0413685 9.9982E-05 0.0094087 9.9982E-05 0.140461
0.70662 0.29035 0.00263048 9.9964E-05 9.9964E-05 9.9964E-05 9.9964E-05
0.500122 0.299895 0.0987023 9.9973E-05 9.9973E-05 9.9973E-05 0.10098
0.641914 0.179283 0.0898725 9.9991E-05 0.0140606 0.0229614 0.0518084
9.995E-05 0.9994 9.995E-05 9.995E-05 9.995E-05 9.995E-05 9.995E-05
9.995E-05 0.9994 9.995E-05 9.995E-05 9.995E-05 9.995E-05 9.995E-05
9.995E-05 0.9994 9.995E-05 9.995E-05 9.995E-05 9.995E-05 9.995E-05
9.9955E-05 0.980254 9.9955E-05 0.0192462 9.9955E-05 9.9955E-05 9.9955E-05
0.0305006 0.918589 0.0017755 9.9973E-05 9.9973E-05 0.0488346 9.9973E-05
9.9964E-05 0.965977 0.0198189 0.0138041 9.9964E-05 9.9964E-05 9.9964E-05
0.406022 0.210249 9.9991E-05 0.0407861 0.00275028 0.0814556 0.258637
0.398728 0.208609 0.0749107 0.0310111 0.0280787 0.106913 0.151749
0.769104 0.178986 9.9973E-05 9.9973E-05 0.00399111 9.9973E-05 0.0476183
0.926458 9.9955E-05 9.9955E-05 9.9955E-05 9.9955E-05 0.0730424 9.9955E-05
0.920437 9.9964E-05 9.9964E-05 0.0529351 9.9964E-05 0.0262277 9.9964E-05
0.8926 0.0525927 9.9973E-05 9.9973E-05 0.0210395 0.0334679 9.9973E-05
0.791788 9.9991E-05 0.0431085 0.0277082 0.00576179 0.00252788 0.129005
0.864863 9.9982E-05 0.0731984 0.00373253 0.0055162 0.0524904 9.9982E-05
0.917047 0.0130123 0.0125936 0.0453885 9.9982E-05 9.9982E-05 0.0117585
0.90392 9.9973E-05 9.9973E-05 0.0513994 0.00017037 9.9973E-05 0.0442101
0.642135 9.9973E-05 9.9973E-05 0.0398873 9.9973E-05 0.00782267 0.309855
0.698064 9.9982E-05 0.0626678 9.9982E-05 0.00600477 0.0892507 0.143813
0.931607 9.99555E-05 9.99555E-05 9.99555E-05 9.99555E-05 9.99555E-05 0.0678936
0.701489 0.0433101 0.02099 0.0266667 9.9991E-05 0.0361565 0.171287
0.949506 0.00710194 0.0147089 9.9973E-05 9.9973E-05 9.9973E-05 0.0283835
0.901503 0.03281 9.9973E-05 0.0241136 9.9973E-05 0.0412738 9.9973E-05
0.79747 9.9973E-05 9.9973E-05 0.0766146 9.9973E-05 0.0484273 0.077188
0.728311 0.00696485 0.0534007 0.0293402 0.00829063 0.0383556 0.135337
0.53228 0.0600532 0.0675648 0.100323 0.00993131 9.9991E-05 0.229748
0.834518 9.9973E-05 0.0743657 0.0336991 9.9973E-05 0.0571174 9.9973E-05
0.921232 0.040061 9.9964E-05 9.9964E-05 9.9964E-05 9.9964E-05 0.0383074
0.50488 9.9964E-05 9.9964E-05 9.9964E-05 9.9964E-05 0.00171816 0.493002
0.561938 9.9982E-05 0.0393637 9.9982E-05 0.0553645 0.107539 0.235594
0.562648 9.9982E-05 0.0813235 9.9982E-05 0.0409758 0.0902262 0.224626
0.509645 9.9982E-05 9.9982E-05 0.0202139 0.0364838 0.0597081 0.37375
0.00475887 9.9982E-05 0.00998954 0.032104 0.0466128 9.9982E-05 0.906335
0.0583522 0.0294575 0.0606582 0.0102014 9.9991E-05 0.0136114 0.827619
0.175097 0.0665056 0.0638959 0.0606575 0.0390499 9.9991E-05 0.594694
0.0523767 9.9964E-05 0.032542 9.9964E-05 9.9964E-05 9.9964E-05 0.914681
0.214421 9.9973E-05 0.0566534 9.9973E-05 9.9973E-05 0.0422161 0.686409
0.017698 0.0145821 9.9964E-05 9.9964E-05 9.9964E-05 9.9964E-05 0.96732
9.9955E-05 0.00213777 9.9955E-05 9.9955E-05 9.9955E-05 9.9955E-05 0.997362
0.365407 9.9982E-05 0.0104184 0.0566505 9.9982E-05 0.0209973 0.546327
0.109554 0.0885789 0.0126387 0.0391913 9.9991E-05 0.0298336 0.720104
0.359771 0.122424 0.0670039 0.027124 0.00947713 9.9991E-05 0.4141
0.18541 0.0427264 0.0207087 0.00150275 0.00873746 0.000123956 0.740791
0.165091 9.9964E-05 0.0232786 9.9964E-05 9.9964E-05 9.9964E-05 0.81123
0.0366304 0.0399623 9.9973E-05 9.9973E-05 9.9973E-05 0.0211479 0.901959
0.116675 0.0414943 9.9991E-05 0.0588035 0.00805912 0.0928622 0.682005
0.263431 0.0391754 9.9991E-05 0.0510779 0.030469 0.0305337 0.585213
0.172445 9.9973E-05 0.0934292 0.0596498 9.9973E-05 9.9973E-05 0.674176
0.219745 0.083265 0.069608 0.0386181 9.9991E-05 0.0669215 0.521742
0.205305 9.9982E-05 9.9982E-05 0.0227007 0.0119837 0.0424176 0.717393
9.99551E-05 0.000736493 9.99551E-05 9.99551E-05 9.99551E-05 9.99551E-05 0.998764
0.253219 0.0257421 9.9982E-05 9.9982E-05 0.0293267 0.075337 0.616175
0.202659 0.00646784 0.00651755 0.0644066 9.9991E-05 0.0760386 0.64381
0.154649 0.025685 9.9973E-05 0.125497 9.9973E-05 9.9973E-05 0.693868
0.0437636 0.00982359 0.0703058 9.9991E-05 0.0148204 0.0780929 0.783094
9.9973E-05 9.9973E-05 0.00850943 0.0356888 9.9973E-05 0.0508795 0.904622
0.146675 0.0252571 9.9982E-05 0.043552 9.9982E-05 0.0406405 0.743676
9.9955E-05 9.9955E-05 0.0117994 9.9955E-05 9.9955E-05 9.9955E-05 0.987701
9.9955E-05 9.9955E-05 9.9955E-05 9.9955E-05 0.0408437 9.9955E-05 0.958657
9.9973E-05 0.023316 0.0200171 9.9973E-05 0.0102367 9.9973E-05 0.94613
0.310016 9.9982E-05 0.0097401 0.0127606 9.9982E-05 0.033502 0.633781
9.99551E-05 9.99551E-05 9.99551E-05 0.0162826 9.99551E-05 9.99551E-05 0.983218
0.071695 0.0640256 0.0331368 9.9982E-05 0.0076413 9.9982E-05 0.823301
0.0248425 9.9991E-05 0.0650613 0.0300924 0.0186335 0.019597 0.841673
9.9955E-05 0.0817044 9.9955E-05 9.9955E-05 9.9955E-05 9.9955E-05 0.917796
9.9955E-05 0.0511687 9.9955E-05 9.9955E-05 9.9955E-05 9.9955E-05 0.948332
9.9982E-05 0.0477743 0.0206857 0.100315 9.9982E-05 0.0206153 0.81041
9.9964E-05 0.00795289 9.9964E-05 9.9964E-05 9.9964E-05 0.0451704 0.946477
9.9955E-05 9.9955E-05 0.0180397 9.9955E-05 9.9955E-05 9.9955E-05 0.981461
0.0536835 0.00813249 9.9982E-05 0.0274592 0.121545 9.9982E-05 0.78898
9.9982E-05 9.9982E-05 0.00861404 0.0345103 0.108861 0.0578098 0.790005
9.9973E-05 9.9973E-05 9.9973E-05 0.034979 0.108933 0.039935 0.815853
9.9991E-05 0.00455462 0.0196597 0.0730119 0.0680573 0.0121644 0.822452
9.9973E-05 9.9973E-05 9.9973E-05 0.0333405 0.106164 0.020124 0.840071
9.9982E-05 9.9982E-05 0.0137666 0.0191937 0.108894 0.00107473 0.856871
0.107486 9.9982E-05 9.9982E-05 0.159958 0.120081 0.107731 0.504545
0.0225364 0.00291716 0.0440308 0.0601996 0.17976 9.9991E-05 0.690456
0.0561296 0.00319147 0.0994084 0.0656944 0.145427 0.0387501 0.591399
0.137248 0.0508781 0.0519358 0.0997872 0.0571876 0.0895262 0.513437
0.0597362 0.00222024 9.9991E-05 0.129145 0.102304 0.0569266 0.649568
9.9982E-05 9.9982E-05 0.0471346 0.0920697 0.10033 0.0961995 0.664066
0.0213961 9.9991E-05 0.108033 0.128228 0.079419 0.157273 0.505551
0.105634 0.027682 0.067136 0.0682457 0.163857 0.0367243 0.530721
0.0856312 0.0185316 0.0384423 0.114383 0.14164 9.9991E-05 0.601272
9.9991E-05 0.0351815 0.150233 0.059377 0.145105 0.183848 0.426155
9.995E-05 9.995E-05 9.995E-05 9.995E-05 0.9994 9.995E-05 9.995E-05
9.9973E-05 0.0195031 9.9973E-05 0.00128861 0.925991 9.9973E-05 0.0529178
9.9982E-05 0.0385625 0.00208625 0.00969136 0.865286 9.9982E-05 0.0841742
9.9964E-05 0.00558479 9.9964E-05 9.9964E-05 0.985234 9.9964E-05 0.00878139
9.995E-05 9.995E-05 9.995E-05 9.995E-05 0.9994 9.995E-05 9.995E-05
9.995E-05 9.995E-05 9.995E-05 9.995E-05 0.9994 9.995E-05 9.995E-05
9.995E-05 9.995E-05 9.995E-05 9.995E-05 0.9994 9.995E-05 9.995E-05
0.0438348 9.9964E-05 0.00438004 9.9964E-05 0.951385 9.9964E-05 9.9964E-05
9.9955E-05 9.9955E-05 9.9955E-05 9.9955E-05 0.996139 0.00336138 9.9955E-05
9.995E-05 9.995E-05 9.995E-05 9.995E-05 0.9994 9.995E-05 9.995E-05
0.0490285 9.9991E-05 0.0895605 0.283452 0.116945 0.121405 0.339509
9.9964E-05 0.00175389 9.9964E-05 9.9964E-05 0.885192 9.9964E-05 0.112654
9.995E-05 9.995E-05 9.995E-05 9.995E-05 0.9994 9.995E-05 9.995E-05
9.9964E-05 0.0123674 0.0112167 9.9964E-05 0.976016 9.9964E-05 9.9964E-05
9.9991E-05 0.0114063 0.0068312 0.235496 0.0947595 0.141256 0.510151
9.9982E-05 9.9982E-05 0.0835316 0.212954 0.117926 0.0860224 0.499365
9.9991E-05 0.0102727 0.0503336 0.156936 0.108017 0.107392 0.566949
9.9982E-05 9.9982E-05 0.0606574 0.181684 0.14783 0.0777809 0.531848
0.00486431 9.9991E-05 0.0257957 0.238631 0.178542 0.0951407 0.456926
0.203459 9.9991E-05 0.0451839 0.277618 0.145851 0.0691048 0.258683
0.0860711 9.9982E-05 9.9982E-05 0.119576 0.201495 0.064217 0.528441
0.0261837 9.9982E-05 9.9982E-05 0.190006 0.141492 0.09986 0.542258
0.0285684 9.9991E-05 0.0634183 0.155808 0.228896 0.117246 0.405964
0.00498114 9.9991E-05 0.0703405 0.161206 0.198423 0.0895931 0.475357
0.0702615 9.9991E-05 0.101824 0.109835 0.101814 0.0980161 0.518149
0.0570472 9.9991E-05 0.0328876 0.0942085 0.223796 0.0925927 0.499368
9.9991E-05 0.010347 0.069308 0.172754 0.083884 0.122327 0.54128
9.9982E-05 9.9982E-05 0.0697882 0.1849 0.135072 0.0872591 0.522781
9.995E-05 9.995E-05 0.9994 9.995E-05 9.995E-05 9.995E-05 9.995E-05
9.9982E-05 9.9982E-05 0.0974314 0.15705 0.174112 0.0723399 0.498866
9.995E-05 9.995E-05 0.9994 9.995E-05 9.995E-05 9.995E-05 9.995E-05
9.995E-05 9.995E-05 0.9994 9.995E-05 9.995E-05 9.995E-05 9.995E-05
0.0548487 9.9973E-05 0.940388 0.00361711 0.000846238 9.9973E-05 9.9973E-05
0.042372 0.0108591 0.739637 0.0111913 9.9991E-05 0.0383699 0.15747
9.995E-05 9.995E-05 0.9994 9.995E-05 9.995E-05 9.995E-05 9.995E-05
9.9964E-05 9.9964E-05 0.867404 0.0283289 9.9964E-05 9.9964E-05 0.103867
9.9955E-05 9.9955E-05 0.987691 9.9955E-05 0.0118092 9.9955E-05 9.9955E-05
9.9964E-05 9.9964E-05 0.944484 0.0508027 9.9964E-05 9.9964E-05 0.00431297
9.9964E-05 9.9964E-05 0.989023 9.9964E-05 9.9964E-05 0.00668585 0.00389129
9.995E-05 9.995E-05 0.9994 9.995E-05 9.995E-05 9.995E-05 9.995E-05
0.0215289 9.9964E-05 0.968005 9.9964E-05 0.010066 9.9964E-05 9.9964E-05
9.9982E-05 9.9982E-05 0.850734 0.0548267 0.0278681 0.0469877 0.0193836
0.0153301 9.9982E-05 0.955586 9.9982E-05 0.000564045 0.0147199 0.0136002
9.9973E-05 0.00311754 0.869052 9.9973E-05 0.0347787 9.9973E-05 0.0927521
9.9982E-05 0.0126119 0.861697 9.9982E-05 0.0107499 0.0653513 0.0493904
9.9982E-05 0.0185443 0.84257 9.9982E-05 0.0260343 0.0264965 0.086155
9.9973E-05 0.0112055 0.95322 0.0255125 0.0097622 9.9973E-05 9.9973E-05
9.9955E-05 9.9955E-05 0.0135567 0.985944 9.9955E-05 9.9955E-05 9.9955E-05
0.0227704 0.00556099 9.9982E-05 0.883475 0.0442467 0.0437467 9.9982E-05
9.995E-05 9.995E-05 9.995E-05 0.9994 9.995E-05 9.995E-05 9.995E-05
9.9964E-05 9.9964E-05 9.9964E-05 0.982661 9.9964E-05 0.0128849 0.00405463
9.995E-05 9.995E-05 9.995E-05 0.9994 9.995E-05 9.995E-05 9.995E-05
9.995E-05 9.995E-05 9.995E-05 0.9994 9.995E-05 9.995E-05 9.995E-05
9.995E-05 9.995E-05 9.995E-05 0.9994 9.995E-05 9.995E-05 9.995E-05
0.0617924 0.0231277 9.99972E-05 0.818867 0.0360132 0.0417215 0.0183786
9.995E-05 9.995E-05 9.995E-05 0.9994 9.995E-05 9.995E-05 9.995E-05
9.995E-05 9.995E-05 9.995E-05 0.9994 9.995E-05 9.995E-05 9.995E-05
9.9973E-05 0.0449218 0.00240772 0.903405 0.048966 9.9973E-05 9.9973E-05
9.9964E-05 0.00305385 9.9964E-05 0.980035 9.9964E-05 0.0165112 9.9964E-05
9.9964E-05 9.9964E-05 0.0624325 0.696486 9.9964E-05 9.9964E-05 0.240681
9.9991E-05 0.0277981 0.0572467 0.0711512 0.062412 0.363728 0.417564
9.9991E-05 0.0297652 0.104327 0.0814184 0.0133941 0.342201 0.428795
9.9991E-05 0.0158768 0.0830436 0.0138501 0.0726165 0.330206 0.484307
9.9991E-05 0.038915 0.0869206 0.0143576 0.0616833 0.302163 0.49586
0.185893 9.9991E-05 0.0910942 0.108195 0.206434 0.402046 0.00623775
0.0536797 9.99821E-05 0.075601 0.0698188 0.296456 0.504245 9.99821E-05
0.140143 9.9982E-05 0.111319 0.101435 0.271221 0.375683 9.9982E-05
0.130227 9.9982E-05 0.0809566 0.0655871 0.262143 0.460887 9.9982E-05
0.123574 9.9982E-05 0.111439 0.081772 0.255798 0.427216 9.9982E-05
0.131825 9.9982E-05 0.107842 0.0625148 0.278339 0.41928 9.9982E-05
0.161313 9.9991E-05 0.0757959 0.0913244 0.256359 0.378299 0.0368081
0.189284 0.00374791 0.122544 0.126457 0.196311 0.321545 0.0401116
0.158015 9.9991E-05 0.113165 0.0843052 0.18632 0.350042 0.108053
9.995E-05 9.995E-05 9.995E-05 9.995E-05 9.995E-05 0.9994 9.995E-05
9.995E-05 9.995E-05 9.995E-05 9.995E-05 9.995E-05 0.9994 9.995E-05
9.995E-05 9.995E-05 9.995E-05 9.995E-05 9.995E-05 0.9994 9.995E-05
9.995E-05 9.995E-05 9.995E-05 9.995E-05 9.995E-05 0.9994 9.995E-05
9.995E-05 9.995E-05 9.995E-05 9.995E-05 9.995E-05 0.9994 9.995E-05
9.9955E-05 9.9955E-05 9.9955E-05 9.9955E-05 9.9955E-05 0.942386 0.0571142
9.995E-05 9.995E-05 9.995E-05 9.995E-05 9.995E-05 0.9994 9.995E-05
9.995E-05 9.995E-05 9.995E-05 9.995E-05 9.995E-05 0.9994 9.995E-05
9.9955E-05 0.00289052 9.9955E-05 9.9955E-05 9.9955E-05 0.99661 9.9955E-05
9.9973E-05 0.0017277 9.9973E-05 0.0315762 9.9973E-05 0.918626 0.0477697
9.995E-05 9.995E-05 9.995E-05 9.995E-05 9.995E-05 0.9994 9.995E-05
9.995E-05 9.995E-05 9.995E-05 9.995E-05 9.995E-05 0.9994 9.995E-05
