9.98741E-05 0.998602 9.98741E-05 9.98741E-05 9.98741E-05 9.98741E-05 9.98741E-05 9.98741E-05 9.98741E-05 9.98741E-05 9.98741E-05 9.98741E-05 9.98741E-05 9.98741E-05 9.98741E-05
9.9928E-05 0.0448811 9.9928E-05 0.112262 0.693334 9.9928E-05 9.9928E-05 0.0738867 0.0562504 9.9928E-05 0.00227325 9.9928E-05 0.0163132 9.9928E-05 9.9928E-05
9.98741E-05 9.98741E-05 9.98741E-05 9.98741E-05 9.98741E-05 9.98741E-05 9.98741E-05 0.998602 9.98741E-05 9.98741E-05 9.98741E-05 9.98741E-05 9.98741E-05 9.98741E-05 9.98741E-05
9.9919E-05 9.9919E-05 0.132256 9.9919E-05 9.9919E-05 0.102789 9.9919E-05 0.697206 9.9919E-05 0.0312545 9.9919E-05 9.9919E-05 0.019627 0.0159677 9.9919E-05
9.99011E-05 9.99011E-05 9.99011E-05 0.0127127 9.99011E-05 9.99011E-05 9.99011E-05 9.99011E-05 0.934304 9.99011E-05 0.0504725 9.99011E-05 0.00141158 9.99011E-05 9.99011E-05
9.98831E-05 0.0455325 9.98831E-05 9.98831E-05 9.98831E-05 9.98831E-05 9.98831E-05 9.98831E-05 0.953169 9.98831E-05 9.98831E-05 9.98831E-05 9.98831E-05 9.98831E-05 9.98831E-05
9.98831E-05 0.00284035 9.98831E-05 9.98831E-05 0.995861 9.98831E-05 9.98831E-05 9.98831E-05 9.98831E-05 9.98831E-05 9.98831E-05 9.98831E-05 9.98831E-05 9.98831E-05 9.98831E-05
9.98831E-05 9.98831E-05 0.0309439 9.98831E-05 0.967758 9.98831E-05 9.98831E-05 9.98831E-05 9.98831E-05 9.98831E-05 9.98831E-05 9.98831E-05 9.98831E-05 9.98831E-05 9.98831E-05
0.0985799 9.9928E-05 9.9928E-05 9.9928E-05 9.9928E-05 9.9928E-05 0.00596822 0.0928735 0.703345 9.9928E-05 0.0453907 0.0153764 9.9928E-05 0.0376665 9.9928E-05
9.9946E-05 0.12794 0.064452 9.9946E-05 0.307779 9.9946E-05 0.0798455 0.1491 9.9946E-05 9.9946E-05 0.0992049 0.102476 0.0358401 9.9946E-05 0.0327631
9.98741E-05 9.98741E-05 9.98741E-05 0.998602 9.98741E-05 9.98741E-05 9.98741E-05 9.98741E-05 9.98741E-05 9.98741E-05 9.98741E-05 9.98741E-05 9.98741E-05 9.98741E-05 9.98741E-05
9.98831E-05 9.98831E-05 9.98831E-05 0.0516165 9.98831E-05 9.98831E-05 9.98831E-05 9.98831E-05 9.98831E-05 9.98831E-05 9.98831E-05 0.947085 9.98831E-05 9.98831E-05 9.98831E-05
9.98831E-05 9.98831E-05 9.98831E-05 9.98831E-05 9.98831E-05 9.98831E-05 9.98831E-05 9.98831E-05 0.0273139 9.98831E-05 9.98831E-05 9.98831E-05 9.98831E-05 9.98831E-05 0.971388
9.98921E-05 9.98921E-05 9.98921E-05 9.98921E-05 9.98921E-05 9.98921E-05 9.98921E-05 0.000582151 9.98921E-05 9.98921E-05 9.98921E-05 0.979719 0.0185006 9.98921E-05 9.98921E-05
9.9919E-05 9.9919E-05 9.9919E-05 0.000935487 9.9919E-05 0.0114724 0.116917 9.9919E-05 9.9919E-05 0.0279398 9.9919E-05 9.9919E-05 0.0469761 9.9919E-05 0.79486
9.9937E-05 0.00281434 9.9937E-05 0.0706533 9.9937E-05 0.72194 9.9937E-05 9.9937E-05 0.0175185 0.075992 9.9937E-05 0.0579722 0.0117771 9.9937E-05 0.0406333
9.98921E-05 9.98921E-05 9.98921E-05 9.98921E-05 9.98921E-05 9.98921E-05 9.98921E-05 9.98921E-05 9.98921E-05 0.0742061 9.98921E-05 9.98921E-05 9.98921E-05 0.865722 0.0588733
0.122773 9.9928E-05 9.9928E-05 9.9928E-05 9.9928E-05 0.426838 0.0214933 0.00770964 9.9928E-05 0.160302 0.0920812 9.9928E-05 9.9928E-05 0.168003 9.9928E-05
0.00506882 9.99011E-05 0.107012 9.99011E-05 9.99011E-05 9.99011E-05 9.99011E-05 9.99011E-05 9.99011E-05 9.99011E-05 9.99011E-05 9.99011E-05 9.99011E-05 0.0286938 0.858127
0.0153338 9.99101E-05 9.99101E-05 9.99101E-05 0.00957919 0.942749 0.00838768 0.0229516 9.99101E-05 9.99101E-05 9.99101E-05 9.99101E-05 9.99101E-05 9.99101E-05 9.99101E-05
9.9964E-05 0.0459712 0.0185187 0.00437281 9.9964E-05 0.215567 9.9964E-05 0.0247103 0.0199605 0.0159094 0.0877905 0.191197 9.9964E-05 0.205926 0.169676
9.98901E-05 9.98901E-05 9.98901E-05 0.018024 0.33752 0.184334 9.98901E-05 9.98901E-05 9.98901E-05 0.459023 9.98901E-05 9.98901E-05 9.98901E-05 9.98901E-05 9.98901E-05
9.98921E-05 0.00282028 9.98921E-05 0.00186722 9.98921E-05 0.994114 9.98921E-05 9.98921E-05 9.98921E-05 9.98921E-05 9.98921E-05 9.98921E-05 9.98921E-05 9.98921E-05 9.98921E-05
9.98741E-05 9.98741E-05 9.98741E-05 9.98741E-05 9.98741E-05 9.98741E-05 9.98741E-05 9.98741E-05 9.98741E-05 9.98741E-05 9.98741E-05 9.98741E-05 9.98741E-05 0.998602 9.98741E-05
9.99101E-05 9.99101E-05 9.99101E-05 9.99101E-05 9.99101E-05 9.99101E-05 9.99101E-05 9.99101E-05 0.0010995 9.99101E-05 0.137383 0.0284536 9.99101E-05 0.0261028 0.805962
0.0466349 0.046452 9.9937E-05 9.9937E-05 0.0137029 0.0606633 0.00269651 9.9937E-05 9.9937E-05 9.9937E-05 0.0964415 0.73092 9.9937E-05 9.9937E-05 0.00178952
0.0788298 9.9919E-05 0.0244799 9.9919E-05 9.9919E-05 9.9919E-05 0.0226635 9.9919E-05 9.9919E-05 0.841247 9.9919E-05 0.00267086 9.9919E-05 0.0292094 9.9919E-05
0.0118923 9.9964E-05 0.0148252 0.0289498 9.9964E-05 0.0228351 9.9964E-05 0.0271908 0.0311751 0.456409 0.207192 0.0133878 0.0131334 9.9964E-05 0.172609
0.0306845 9.9928E-05 9.9928E-05 9.9928E-05 0.0120141 9.9928E-05 0.0726757 9.9928E-05 9.9928E-05 0.55848 0.0824918 0.173246 9.9928E-05 9.9928E-05 0.0696082
9.98741E-05 9.98741E-05 9.98741E-05 9.98741E-05 9.98741E-05 9.98741E-05 9.98741E-05 9.98741E-05 9.98741E-05 0.998602 9.98741E-05 9.98741E-05 9.98741E-05 9.98741E-05 9.98741E-05
0.907994 9.98921E-05 9.98921E-05 9.98921E-05 9.98921E-05 9.98921E-05 9.98921E-05 0.0807423 9.98921E-05 0.0100647 9.98921E-05 9.98921E-05 9.98921E-05 9.98921E-05 9.98921E-05
0.791617 0.0165256 9.9928E-05 9.9928E-05 0.0106945 0.00808354 9.9928E-05 0.0852351 0.00934209 0.0777031 9.9928E-05 9.9928E-05 9.9928E-05 9.9928E-05 9.9928E-05
0.0754394 9.9946E-05 0.0431091 9.9946E-05 0.000423734 0.012917 0.563124 0.0605834 9.9946E-05 0.0716641 0.17136 9.9946E-05 9.9946E-05 9.9946E-05 0.000779855
9.98921E-05 9.98921E-05 9.98921E-05 9.98921E-05 9.98921E-05 9.98921E-05 0.983118 9.98921E-05 9.98921E-05 0.00639062 9.98921E-05 9.98921E-05 9.98921E-05 0.00929235 9.98921E-05
9.9919E-05 9.9919E-05 9.9919E-05 0.0600011 9.9919E-05 0.0713513 0.673865 9.9919E-05 0.0108652 0.0959162 9.9919E-05 0.0871015 9.9919E-05 9.9919E-05 9.9919E-05
9.98921E-05 0.033409 9.98921E-05 9.98921E-05 0.00572485 9.98921E-05 0.959667 9.98921E-05 9.98921E-05 9.98921E-05 9.98921E-05 9.98921E-05 9.98921E-05 9.98921E-05 9.98921E-05
9.9955E-05 0.0175733 0.093177 9.9955E-05 0.148024 0.0711754 0.421848 0.0819014 0.0342362 9.9955E-05 0.0657893 0.0635998 0.0021751 9.9955E-05 9.9955E-05
0.0952103 0.0228685 9.99101E-05 9.99101E-05 9.99101E-05 0.12455 0.709276 9.99101E-05 9.99101E-05 9.99101E-05 0.0470957 9.99101E-05 9.99101E-05 9.99101E-05 9.99101E-05
9.991E-05 9.991E-05 0.0897966 0.0300474 9.991E-05 9.991E-05 0.82995 0.0305465 9.991E-05 9.991E-05 9.991E-05 9.991E-05 0.0186605 9.991E-05 9.991E-05
9.9946E-05 0.0359299 0.0814787 0.0351143 9.9946E-05 9.9946E-05 0.426992 0.0250342 9.9946E-05 0.112213 0.241221 9.9946E-05 0.0214462 9.9946E-05 0.0199704
0.177467 9.99011E-05 9.99011E-05 9.99011E-05 0.150677 9.99011E-05 0.669847 9.99011E-05 9.99011E-05 9.99011E-05 9.99011E-05 9.99011E-05 9.99011E-05 0.000910484 9.99011E-05
0.177953 0.0960046 0.0326075 0.00415076 9.9937E-05 9.9937E-05 0.30203 0.000683368 9.9937E-05 9.9937E-05 0.25558 0.130292 9.9937E-05 9.9937E-05 9.9937E-05
9.9919E-05 9.9919E-05 9.9919E-05 0.00717427 9.9919E-05 9.9919E-05 0.738198 0.0328309 9.9919E-05 0.0314115 0.133277 0.0562084 9.9919E-05 9.9919E-05 9.9919E-05
9.99101E-05 9.99101E-05 9.99101E-05 0.000526103 9.99101E-05 0.0160906 0.96615 9.99101E-05 9.99101E-05 9.99101E-05 9.99101E-05 0.0051459 0.0110882 9.99101E-05 9.99101E-05
0.118302 9.99101E-05 0.365422 0.0840252 9.99101E-05 9.99101E-05 0.340828 9.99101E-05 9.99101E-05 9.99101E-05 0.0904226 9.99101E-05 9.99101E-05 9.99101E-05 9.99101E-05
0.637104 0.00236722 0.230159 9.9937E-05 0.0133101 9.9937E-05 9.9937E-05 9.9937E-05 9.9937E-05 0.0133652 9.9937E-05 0.0850503 9.9937E-05 0.00692355 0.0110207
0.11125 9.99191E-05 0.486682 9.99191E-05 9.99191E-05 9.99191E-05 0.165894 9.99191E-05 9.99191E-05 9.99191E-05 0.162368 9.99191E-05 0.0602249 0.0126807 9.99191E-05
0.910544 9.98921E-05 0.0584537 9.98921E-05 9.98921E-05 9.98921E-05 9.98921E-05 9.98921E-05 9.98921E-05 9.98921E-05 0.0298033 9.98921E-05 9.98921E-05 9.98921E-05 9.98921E-05
0.241962 9.9928E-05 0.32772 9.9928E-05 9.9928E-05 9.9928E-05 0.115498 0.0601566 0.0355405 0.0912216 9.9928E-05 0.127102 9.9928E-05 9.9928E-05 9.9928E-05
0.406703 9.9928E-05 0.0153991 9.9928E-05 9.9928E-05 9.9928E-05 0.364067 9.9928E-05 0.0813979 9.9928E-05 0.0772896 0.0325097 9.9928E-05 9.9928E-05 0.0218341
0.369859 9.9901E-05 0.484449 9.9901E-05 9.9901E-05 0.0502513 9.9901E-05 9.9901E-05 9.9901E-05 9.9901E-05 0.0943417 9.9901E-05 9.9901E-05 9.9901E-05 9.9901E-05
9.98741E-05 9.98741E-05 0.998602 9.98741E-05 9.98741E-05 9.98741E-05 9.98741E-05 9.98741E-05 9.98741E-05 9.98741E-05 9.98741E-05 9.98741E-05 9.98741E-05 9.98741E-05 9.98741E-05
9.99011E-05 9.99011E-05 0.843381 9.99011E-05 9.99011E-05 9.99011E-05 9.99011E-05 0.0109181 9.99011E-05 9.99011E-05 0.141791 9.99011E-05 0.0028109 9.99011E-05 9.99011E-05
9.9901E-05 9.9901E-05 0.836647 9.9901E-05 9.9901E-05 0.00469508 0.0179687 9.9901E-05 9.9901E-05 9.9901E-05 0.13959 9.9901E-05 9.9901E-05 9.9901E-05 9.9901E-05
0.943964 9.991E-05 0.0147853 9.991E-05 9.991E-05 9.991E-05 9.991E-05 9.991E-05 0.0141133 9.991E-05 9.991E-05 9.991E-05 0.0156802 9.991E-05 0.010458
0.895064 0.0209804 0.000348436 0.0287033 9.99101E-05 9.99101E-05 9.99101E-05 9.99101E-05 9.99101E-05 9.99101E-05 9.99101E-05 9.99101E-05 0.0539049 9.99101E-05 9.99101E-05
0.180526 9.99191E-05 9.99191E-05 9.99191E-05 9.99191E-05 9.99191E-05 9.99191E-05 0.00140082 0.00467484 0.146932 0.659091 9.99191E-05 0.0064763 9.99191E-05 9.99191E-05
0.304124 0.00900606 9.99191E-05 9.99191E-05 9.99191E-05 0.0911948 9.99191E-05 9.99191E-05 9.99191E-05 0.0314893 0.513058 0.0502285 9.99191E-05 9.99191E-05 9.99191E-05
0.255085 9.9946E-05 9.9946E-05 0.0118252 9.9946E-05 9.9946E-05 0.0459952 0.0011539 0.0438454 0.175081 0.430533 9.9946E-05 0.0225767 0.0133056 9.9946E-05
0.0603986 9.991E-05 9.991E-05 9.991E-05 0.158518 9.991E-05 0.0954187 9.991E-05 9.991E-05 0.120367 0.564299 9.991E-05 9.991E-05 9.991E-05 9.991E-05
0.0171923 9.9919E-05 0.0644016 9.9919E-05 0.0058736 0.0284051 9.9919E-05 9.9919E-05 9.9919E-05 9.9919E-05 0.832705 9.9919E-05 9.9919E-05 0.050523 9.9919E-05
9.99101E-05 9.99101E-05 9.99101E-05 9.99101E-05 0.00382132 9.99101E-05 0.34276 0.0451892 9.99101E-05 9.99101E-05 0.506619 9.99101E-05 0.100611 9.99101E-05 9.99101E-05
9.99011E-05 0.0338956 9.99011E-05 9.99011E-05 9.99011E-05 9.99011E-05 0.122166 9.99011E-05 0.0570619 9.99011E-05 0.785778 9.99011E-05 9.99011E-05 9.99011E-05 9.99011E-05
9.98922E-05 9.98922E-05 9.98922E-05 9.98922E-05 0.0100659 9.98922E-05 9.98922E-05 9.98922E-05 9.98922E-05 9.98922E-05 0.934124 9.98922E-05 0.0546112 9.98922E-05 9.98922E-05
9.9919E-05 9.9919E-05 0.00320205 0.00500072 9.9919E-05 9.9919E-05 0.0673478 9.9919E-05 9.9919E-05 9.9919E-05 0.881931 0.0345301 0.00708855 9.9919E-05 9.9919E-05
9.98832E-05 9.98832E-05 9.98832E-05 9.98832E-05 9.98832E-05 9.98832E-05 9.98832E-05 9.98832E-05 9.98832E-05 9.98832E-05 0.957339 9.98832E-05 9.98832E-05 9.98832E-05 0.0413625
9.98831E-05 9.98831E-05 9.98831E-05 9.98831E-05 9.98831E-05 9.98831E-05 9.98831E-05 9.98831E-05 9.98831E-05 9.98831E-05 0.998238 9.98831E-05 9.98831E-05 9.98831E-05 0.000463215
9.9919E-05 9.9919E-05 9.9919E-05 9.9919E-05 9.9919E-05 0.00757011 9.9919E-05 0.0189959 0.0142245 0.048697 0.904649 9.9919E-05 9.9919E-05 9.9919E-05 0.00496378
9.99011E-05 0.0117622 9.99011E-05 9.99011E-05 9.99011E-05 9.99011E-05 9.99011E-05 0.0104648 0.00428602 9.99011E-05 0.972388 9.99011E-05 9.99011E-05 9.99011E-05 9.99011E-05
0.047189 9.98921E-05 9.98921E-05 9.98921E-05 9.98921E-05 9.98921E-05 9.98921E-05 0.0159251 9.98921E-05 9.98921E-05 0.935687 9.98921E-05 9.98921E-05 9.98921E-05 9.98921E-05
9.98832E-05 9.98832E-05 9.98832E-05 9.98832E-05 9.98832E-05 9.98832E-05 0.0943622 9.98832E-05 9.98832E-05 9.98832E-05 0.904339 9.98832E-05 9.98832E-05 9.98832E-05 9.98832E-05
0.121554 9.99191E-05 9.99191E-05 9.99191E-05 0.210716 9.99191E-05 0.0674904 9.99191E-05 9.99191E-05 9.99191E-05 0.53475 0.0343105 0.0302789 9.99191E-05 9.99191E-05
0.0194236 9.99191E-05 9.99191E-05 9.99191E-05 0.0183964 9.99191E-05 9.99191E-05 0.0395798 9.99191E-05 0.0399202 0.878921 9.99191E-05 0.00285927 9.99191E-05 9.99191E-05
9.9928E-05 0.057925 0.20151 9.9928E-05 9.9928E-05 0.00865375 0.0499297 9.9928E-05 9.9928E-05 9.9928E-05 0.613504 9.9928E-05 0.0623986 9.9928E-05 0.00527913
9.9964E-05 0.00469476 0.0299471 0.00804434 0.00684267 0.0546113 9.9964E-05 0.033734 0.00423626 9.9964E-05 0.217166 0.0361394 0.598504 9.9964E-05 0.00567994
9.98741E-05 9.98741E-05 9.98741E-05 9.98741E-05 9.98741E-05 9.98741E-05 9.98741E-05 9.98741E-05 9.98741E-05 9.98741E-05 9.98741E-05 9.98741E-05 0.998602 9.98741E-05 9.98741E-05
9.9937E-05 0.0240793 0.105717 9.9937E-05 9.9937E-05 9.9937E-05 0.155261 0.010529 9.9937E-05 0.0135512 0.543884 9.9937E-05 0.0416988 9.9937E-05 0.104581
