9.99101E-05 9.99101E-05 9.99101E-05 9.99101E-05 9.99101E-05 9.99101E-05 9.99101E-05 9.99101E-05 9.99101E-05 0.999001 9.99101E-05
0.0113199 0.0804267 0.0149367 0.0491664 9.9964E-05 9.9964E-05 9.9964E-05 0.00466064 0.020057 0.819033 9.9964E-05
0.999001 9.99101E-05 9.99101E-05 9.99101E-05 9.99101E-05 9.99101E-05 9.99101E-05 9.99101E-05 9.99101E-05 9.99101E-05 9.99101E-05
0.90466 9.9928E-05 9.9928E-05 0.0221116 9.9928E-05 9.9928E-05 9.9928E-05 9.9928E-05 9.9928E-05 9.9928E-05 0.0724291
0.057779 9.9955E-05 9.9955E-05 0.013306 0.168294 0.038801 9.9955E-05 9.9955E-05 0.00122383 0.720096 9.9955E-05
0.0808698 9.9955E-05 9.9955E-05 0.0834173 9.9955E-05 0.0239633 0.00373417 9.9955E-05 9.9955E-05 0.776209 0.0313068
9.9937E-05 0.0552704 9.9937E-05 9.9937E-05 0.0469508 0.0528368 9.9937E-05 9.9937E-05 9.9937E-05 0.844242 9.9937E-05
9.9928E-05 9.9928E-05 9.9928E-05 9.9928E-05 9.9928E-05 9.9928E-05 9.9928E-05 0.0416382 9.9928E-05 0.815252 0.14231
0.158464 9.9946E-05 0.392771 0.0390116 9.9946E-05 9.9946E-05 9.9946E-05 0.00333634 9.9946E-05 0.405817 9.9946E-05
0.168969 0.165669 9.9964E-05 9.9964E-05 9.9964E-05 9.9964E-05 0.0218508 0.0788375 0.0341346 0.407695 0.122444
9.9937E-05 9.9937E-05 0.00021337 0.96465 9.9937E-05 9.9937E-05 9.9937E-05 0.0247028 0.0097345 9.9937E-05 9.9937E-05
9.99101E-05 9.99101E-05 9.99101E-05 9.99101E-05 9.99101E-05 0.999001 9.99101E-05 9.99101E-05 9.99101E-05 9.99101E-05 9.99101E-05
0.0361201 9.9946E-05 9.9946E-05 0.732423 9.9946E-05 0.158284 9.9946E-05 0.000878187 9.9946E-05 0.0716956 9.9946E-05
0.0434482 9.9946E-05 9.9946E-05 9.9946E-05 9.9946E-05 0.715172 9.9946E-05 0.0167054 0.0489106 9.9946E-05 0.175164
0.122963 0.0135862 9.9964E-05 0.270576 9.9964E-05 0.464945 0.0649131 9.9964E-05 0.0439908 9.9964E-05 0.0186257
0.0325307 9.9955E-05 9.9955E-05 0.220557 9.9955E-05 0.149026 9.9955E-05 9.9955E-05 0.00245608 0.0295703 0.56536
9.9919E-05 9.9919E-05 9.9919E-05 0.38957 9.9919E-05 9.9919E-05 9.9919E-05 9.9919E-05 9.9919E-05 9.9919E-05 0.609531
9.9946E-05 0.0395865 0.236775 9.9946E-05 9.9946E-05 0.0532362 9.9946E-05 9.9946E-05 0.0330954 9.9946E-05 0.636707
9.9937E-05 9.9937E-05 9.9937E-05 0.0902338 0.0731658 0.763651 9.9937E-05 9.9937E-05 9.9937E-05 9.9937E-05 0.0722494
0.0881179 9.9928E-05 9.9928E-05 9.9928E-05 9.9928E-05 9.9928E-05 9.9928E-05 0.0139033 9.9928E-05 9.9928E-05 0.897179
0.0160935 0.123614 9.9946E-05 9.9946E-05 9.9946E-05 0.0937255 9.9946E-05 9.9946E-05 9.9946E-05 0.035545 0.730422
0.0421419 0.107404 0.00374451 0.0295699 9.9955E-05 9.9955E-05 9.9955E-05 9.9955E-05 9.9955E-05 0.285806 0.530834
9.99101E-05 9.99101E-05 9.99101E-05 0.999001 9.99101E-05 9.99101E-05 9.99101E-05 9.99101E-05 9.99101E-05 9.99101E-05 9.99101E-05
9.99101E-05 9.99101E-05 9.99101E-05 9.99101E-05 9.99101E-05 9.99101E-05 9.99101E-05 9.99101E-05 9.99101E-05 9.99101E-05 0.999001
0.0319094 0.128243 9.9955E-05 0.0502648 9.9955E-05 0.686516 9.9955E-05 9.9955E-05 0.015387 9.9955E-05 0.0871797
9.9946E-05 0.103218 9.9946E-05 9.9946E-05 9.9946E-05 0.697214 9.9946E-05 0.0315568 9.9946E-05 0.12834 0.0390718
9.9946E-05 9.9946E-05 0.215292 9.9946E-05 0.0896268 0.485718 0.0854404 9.9946E-05 9.9946E-05 9.9946E-05 0.123323
0.05953 0.30118 9.9955E-05 0.0910881 9.9955E-05 0.514357 9.9955E-05 0.0276041 9.9955E-05 0.0057406 9.9955E-05
9.9928E-05 0.187909 0.0602311 9.9928E-05 9.9928E-05 0.75106 9.9928E-05 9.9928E-05 9.9928E-05 9.9928E-05 9.9928E-05
9.9937E-05 0.170121 0.0628007 0.0356932 9.9937E-05 0.730686 9.9937E-05 9.9937E-05 9.9937E-05 9.9937E-05 9.9937E-05
9.99101E-05 9.99101E-05 0.999001 9.99101E-05 9.99101E-05 9.99101E-05 9.99101E-05 9.99101E-05 9.99101E-05 9.99101E-05 9.99101E-05
9.99101E-05 9.99101E-05 0.999001 9.99101E-05 9.99101E-05 9.99101E-05 9.99101E-05 9.99101E-05 9.99101E-05 9.99101E-05 9.99101E-05
0.0288657 0.118864 9.9946E-05 9.9946E-05 0.0482834 0.0790162 0.724371 9.9946E-05 9.9946E-05 9.9946E-05 9.9946E-05
9.9937E-05 9.9937E-05 9.9937E-05 9.9937E-05 0.0504131 9.9937E-05 0.939577 0.00772408 9.9937E-05 9.9937E-05 0.00158634
9.9946E-05 9.9946E-05 0.124396 0.0423571 9.9946E-05 0.226397 0.59158 0.0146708 9.9946E-05 9.9946E-05 9.9946E-05
9.99191E-05 9.99191E-05 9.99191E-05 9.99191E-05 9.99191E-05 9.99191E-05 0.983362 9.99191E-05 9.99191E-05 0.0157384 9.99191E-05
0.0156198 9.9955E-05 9.9955E-05 9.9955E-05 0.080704 9.9955E-05 0.592603 0.0163417 9.9955E-05 0.20365 0.090581
9.9937E-05 0.0411473 0.0762333 0.107895 9.9937E-05 9.9937E-05 0.774024 9.9937E-05 9.9937E-05 9.9937E-05 9.9937E-05
9.9937E-05 9.9937E-05 9.9937E-05 9.9937E-05 0.0803613 9.9937E-05 0.862078 9.9937E-05 0.0227941 9.9937E-05 0.0340672
0.0617911 0.248521 9.9964E-05 0.0861905 0.0821808 9.9964E-05 0.492608 0.00337252 0.0249359 9.9964E-05 9.9964E-05
9.99191E-05 9.99191E-05 0.303291 9.99191E-05 9.99191E-05 9.99191E-05 0.69581 9.99191E-05 9.99191E-05 9.99191E-05 9.99191E-05
0.0357497 0.300634 9.9955E-05 9.9955E-05 0.139537 0.180637 0.33054 9.9955E-05 9.9955E-05 0.0124026 9.9955E-05
9.9946E-05 0.0917279 0.0608566 9.9946E-05 9.9946E-05 0.135998 0.62009 0.0907275 9.9946E-05 9.9946E-05 9.9946E-05
9.9955E-05 0.0395755 9.9955E-05 0.0346064 0.0788574 0.00925248 0.833284 9.9955E-05 0.0039242 9.9955E-05 9.9955E-05
9.99101E-05 9.99101E-05 9.99101E-05 9.99101E-05 9.99101E-05 9.99101E-05 9.99101E-05 0.999001 9.99101E-05 9.99101E-05 9.99101E-05
9.9937E-05 9.9937E-05 0.116563 9.9937E-05 0.753996 0.127879 9.9937E-05 9.9937E-05 9.9937E-05 0.000862189 9.9937E-05
9.9955E-05 0.045589 9.9955E-05 9.9955E-05 0.736091 9.9955E-05 0.11415 0.0151383 0.0217295 9.9955E-05 0.0668031
9.9928E-05 0.121649 0.182888 9.9928E-05 0.694663 9.9928E-05 9.9928E-05 9.9928E-05 9.9928E-05 9.9928E-05 9.9928E-05
0.0729558 9.9937E-05 9.9937E-05 9.9937E-05 0.52486 0.357363 0.0441215 9.9937E-05 9.9937E-05 9.9937E-05 9.9937E-05
0.0396774 0.142202 0.0567406 9.9973E-05 0.343285 0.00183864 0.254847 0.113569 9.9973E-05 0.0475407 9.9973E-05
9.9946E-05 0.141125 0.0414361 9.9946E-05 0.744814 9.9946E-05 9.9946E-05 0.0318095 9.9946E-05 9.9946E-05 0.0402159
9.9937E-05 9.9937E-05 9.9937E-05 0.0453016 0.942931 9.9937E-05 0.00602735 9.9937E-05 0.00504029 9.9937E-05 9.9937E-05
9.99281E-05 0.228932 9.99281E-05 9.99281E-05 0.690695 9.99281E-05 9.99281E-05 9.99281E-05 9.99281E-05 9.99281E-05 0.0795737
9.9973E-05 0.101672 0.0070322 0.0330011 0.694061 9.9973E-05 0.138092 0.000374302 0.00426449 9.9973E-05 0.0212024
0.0135505 0.03496 0.0519773 9.9964E-05 0.797484 0.00463198 0.0520079 0.044989 9.9964E-05 9.9964E-05 9.9964E-05
0.0421448 0.069462 9.99371E-05 9.99371E-05 0.840138 9.99371E-05 9.99371E-05 9.99371E-05 0.0475554 9.99371E-05 9.99371E-05
9.9955E-05 0.735826 0.0462795 9.9955E-05 9.9955E-05 0.0374431 9.9955E-05 9.9955E-05 0.0501453 0.0141097 0.115696
9.9955E-05 0.70961 0.0581207 0.0480917 0.118944 0.0488444 9.9955E-05 9.9955E-05 9.9955E-05 9.9955E-05 0.015889
0.0547793 0.835164 9.9937E-05 9.9937E-05 0.0709305 9.9937E-05 9.9937E-05 9.9937E-05 9.9937E-05 0.0384266 9.9937E-05
9.9937E-05 0.647308 9.9937E-05 9.9937E-05 9.9937E-05 0.0307818 0.144147 9.9937E-05 9.9937E-05 0.177063 9.9937E-05
9.9946E-05 0.737795 0.054968 9.9946E-05 0.057169 9.9946E-05 9.9946E-05 0.102002 9.9946E-05 9.9946E-05 0.0474659
0.0543647 0.459521 9.9946E-05 9.9946E-05 9.9946E-05 9.9946E-05 0.375696 0.0084387 0.10138 9.9946E-05 9.9946E-05
9.9955E-05 0.86633 0.0104381 0.0305334 9.9955E-05 9.9955E-05 0.0326457 0.0357776 9.9955E-05 0.0237754 9.9955E-05
9.99191E-05 0.971885 9.99191E-05 9.99191E-05 9.99191E-05 9.99191E-05 9.99191E-05 9.99191E-05 0.0272158 9.99191E-05 9.99191E-05
9.994E-05 0.838321 9.994E-05 9.994E-05 9.994E-05 0.0483503 0.05309 9.994E-05 0.020436 9.994E-05 0.0392032
9.99191E-05 0.953013 9.99191E-05 9.99191E-05 9.99191E-05 0.0460879 9.99191E-05 9.99191E-05 9.99191E-05 9.99191E-05 9.99191E-05
0.00635525 0.985734 9.9937E-05 9.9937E-05 9.9937E-05 0.00439747 0.00281398 9.9937E-05 9.9937E-05 9.9937E-05 9.9937E-05
0.02239 0.976711 9.9919E-05 9.9919E-05 9.9919E-05 9.9919E-05 9.9919E-05 9.9919E-05 9.9919E-05 9.9919E-05 9.9919E-05
9.9919E-05 0.982465 9.9919E-05 9.9919E-05 9.9919E-05 9.9919E-05 9.9919E-05 9.9919E-05 0.0166358 9.9919E-05 9.9919E-05
0.00511817 0.980404 9.9928E-05 0.0136786 9.9928E-05 9.9928E-05 9.9928E-05 9.9928E-05 9.9928E-05 9.9928E-05 9.9928E-05
9.99281E-05 0.960253 9.99281E-05 9.99281E-05 9.99281E-05 9.99281E-05 9.99281E-05 0.0146223 9.99281E-05 9.99281E-05 0.0243257
9.99461E-05 0.604128 0.0572234 9.99461E-05 9.99461E-05 9.99461E-05 0.258718 9.99461E-05 0.0114024 0.0679286 9.99461E-05
0.0236426 0.913949 9.9946E-05 9.9946E-05 0.0200465 9.9946E-05 9.9946E-05 0.0402408 0.00152178 9.9946E-05 9.9946E-05
9.9973E-05 0.542108 0.0390688 9.9973E-05 0.0575708 0.0883241 0.0932177 0.0740874 0.0905271 0.014796 9.9973E-05
0.00526448 0.22025 9.9964E-05 0.051302 0.0133449 9.9964E-05 0.0855164 9.9964E-05 0.619257 9.9964E-05 0.00466486
9.99101E-05 9.99101E-05 9.99101E-05 9.99101E-05 9.99101E-05 9.99101E-05 9.99101E-05 9.99101E-05 0.999001 9.99101E-05 9.99101E-05
0.0508244 0.618797 9.9973E-05 0.0287641 0.0524836 0.0430833 0.12462 9.9973E-05 0.0653435 0.0157843 9.9973E-05
