9.993E-05 9.993E-05 9.993E-05 9.993E-05 9.993E-05 9.993E-05 9.993E-05 9.993E-05 0.999201
0.565625 9.9955E-05 0.0935186 9.9955E-05 9.9955E-05 9.9955E-05 9.9955E-05 0.0832268 0.25713
0.588006 9.9955E-05 0.0396767 9.9955E-05 9.9955E-05 9.9955E-05 9.9955E-05 0.111708 0.26011
0.629026 9.99461E-05 9.99461E-05 9.99461E-05 0.172587 9.99461E-05 9.99461E-05 9.99461E-05 0.197788
0.648533 0.0667661 9.9973E-05 0.00821551 0.122965 0.0784395 9.9973E-05 9.9973E-05 0.0747816
0.605974 9.9964E-05 0.00754129 9.9964E-05 0.180034 9.9964E-05 9.9964E-05 0.0423161 0.163735
0.711746 9.99371E-05 9.99371E-05 9.99371E-05 9.99371E-05 9.99371E-05 9.99371E-05 9.99371E-05 0.287555
0.515619 9.9973E-05 0.0129897 0.0172821 0.0860627 9.9973E-05 9.9973E-05 0.0804356 0.287311
0.645903 0.0549234 0.0368462 9.9973E-05 0.0550002 9.9973E-05 9.9973E-05 0.0485978 0.15843
9.993E-05 9.993E-05 9.993E-05 9.993E-05 9.993E-05 9.993E-05 9.993E-05 9.993E-05 0.999201
9.9937E-05 9.9937E-05 0.0112968 9.9937E-05 9.9937E-05 9.9937E-05 9.9937E-05 9.9937E-05 0.988004
9.993E-05 9.993E-05 9.993E-05 9.993E-05 9.993E-05 9.993E-05 9.993E-05 9.993E-05 0.999201
9.993E-05 9.993E-05 9.993E-05 9.993E-05 9.993E-05 9.993E-05 9.993E-05 9.993E-05 0.999201
9.9955E-05 0.0229083 9.9955E-05 0.00731116 9.9955E-05 0.0376349 9.9955E-05 9.9955E-05 0.931646
9.9955E-05 9.9955E-05 9.9955E-05 0.0118482 9.9955E-05 0.0124406 9.9955E-05 0.00403682 0.971175
0.383201 0.00813623 9.9964E-05 9.9964E-05 0.407012 9.9964E-05 9.9964E-05 0.0536219 0.147629
0.321442 0.0190799 0.0939967 9.9982E-05 0.116488 0.127055 9.9982E-05 0.122365 0.199373
0.700973 9.9964E-05 0.0180459 9.9964E-05 0.106628 9.9964E-05 0.00258605 9.9964E-05 0.171367
0.86974 0.0269327 0.0112428 9.9964E-05 0.083621 0.00806372 9.9964E-05 9.9964E-05 9.9964E-05
0.88424 9.9964E-05 0.00558543 0.0417097 9.9964E-05 0.0243637 0.0437019 9.9964E-05 9.9964E-05
0.846645 0.0628459 9.9955E-05 9.9955E-05 9.9955E-05 9.9955E-05 0.0643655 9.9955E-05 0.0256439
0.722889 9.9982E-05 0.00767379 0.0354189 0.0160504 0.0961497 0.0705869 0.0510309 9.9982E-05
0.840194 0.00153599 9.9973E-05 0.00215455 9.9973E-05 0.0837739 0.0425829 0.0294588 9.9973E-05
0.94836 9.9955E-05 9.9955E-05 0.0256905 9.9955E-05 0.0211425 9.9955E-05 0.00430771 9.9955E-05
0.9282 0.032827 0.0114044 0.0134419 9.9964E-05 9.9964E-05 9.9964E-05 9.9964E-05 0.0137265
0.645743 0.0196421 9.9973E-05 0.0949706 0.125688 0.00956371 0.104093 9.9973E-05 9.9973E-05
0.705364 0.0371246 9.9982E-05 0.0312945 0.028419 0.0223037 0.0885284 0.0867662 9.9982E-05
0.964173 9.9955E-05 9.9955E-05 0.0258803 0.00335085 9.9955E-05 9.9955E-05 0.00609644 9.9955E-05
0.776376 0.0403091 9.9991E-05 0.0439163 0.00929096 0.0155956 0.0915056 0.00983172 0.013075
0.946183 9.9946E-05 9.9946E-05 9.9946E-05 9.9946E-05 9.9946E-05 0.0483954 9.9946E-05 0.00482212
0.906977 9.9964E-05 0.00428928 0.0121424 9.9964E-05 0.0510802 9.9964E-05 9.9964E-05 0.0251111
0.801304 0.0786431 9.9964E-05 0.0742586 0.010477 9.9964E-05 9.9964E-05 0.0349172 9.9964E-05
0.75297 0.0308908 9.9982E-05 0.00116662 0.00737437 0.00689203 0.156326 0.0441796 9.9982E-05
0.642221 0.0416883 0.00474435 0.0839845 0.00577107 9.9991E-05 0.15622 0.0579818 0.0072894
0.778317 9.9955E-05 9.9955E-05 9.9955E-05 9.9955E-05 0.144978 0.0444536 0.0317523 9.9955E-05
0.927772 0.0385207 9.9955E-05 9.9955E-05 0.00616725 9.9955E-05 9.9955E-05 9.9955E-05 0.0270404
0.495859 9.9955E-05 9.9955E-05 9.9955E-05 0.292506 0.041854 0.169281 9.9955E-05 9.9955E-05
0.503819 0.0320787 9.9973E-05 9.9973E-05 0.0820538 0.0642068 0.280811 0.0367308 9.9973E-05
0.554821 0.0890594 0.0392987 9.9973E-05 0.0400687 9.9973E-05 0.232121 0.0443311 9.9973E-05
0.584199 0.0245978 9.9964E-05 9.9964E-05 0.036973 0.00157953 0.35225 9.9964E-05 9.9964E-05
0.0246435 9.9964E-05 0.0563032 0.0808842 0.816962 9.9964E-05 0.0208074 9.9964E-05 9.9964E-05
9.9973E-05 0.00310789 9.9973E-05 0.0403792 0.827233 9.9973E-05 0.0387597 0.0463035 0.0439167
0.164173 9.9973E-05 0.0507161 0.0845364 0.59172 9.9973E-05 9.9973E-05 0.0573635 0.0511913
0.0186027 0.00608425 0.0331968 0.0534666 0.877886 9.9973E-05 9.9973E-05 0.0104642 9.9973E-05
0.228381 0.0637435 9.9973E-05 0.0366058 0.500508 9.9973E-05 0.125335 0.0451255 9.9973E-05
9.993E-05 9.993E-05 9.993E-05 9.993E-05 0.999201 9.993E-05 9.993E-05 9.993E-05 9.993E-05
9.993E-05 9.993E-05 9.993E-05 9.993E-05 0.999201 9.993E-05 9.993E-05 9.993E-05 9.993E-05
0.368121 0.0420151 9.9973E-05 0.0591953 0.415846 0.0457272 9.9973E-05 0.0687962 9.9973E-05
0.183612 0.101438 9.9982E-05 0.0681866 0.508628 9.9982E-05 0.0661371 0.0245957 0.0472033
0.407621 9.9973E-05 0.0356864 0.0428917 0.411032 9.9973E-05 9.9973E-05 0.0502215 0.0522474
0.235103 0.043877 9.9973E-05 9.9973E-05 0.40702 9.9973E-05 0.245964 0.029666 0.0380703
0.18462 0.0316305 9.9982E-05 0.0357438 0.645047 0.0394454 0.0146673 0.0486464 9.9982E-05
9.9955E-05 0.0418084 9.9955E-05 9.9955E-05 0.937381 0.000154253 9.9955E-05 9.9955E-05 0.020157
0.207829 0.0493964 9.9982E-05 0.0422602 0.269303 0.0420087 0.322989 9.9982E-05 0.066013
0.232877 0.0313082 0.0196117 0.0626089 0.307326 0.0289979 0.277278 9.9991E-05 0.0398921
0.152968 9.9973E-05 0.0130371 0.0595196 0.595217 9.9973E-05 0.0640713 0.114887 9.9973E-05
0.105088 0.0839683 0.0290285 0.0323186 0.421136 0.0179936 0.149713 0.0656987 0.0950556
0.260088 0.0712999 0.0209091 0.0739187 0.510404 0.00723287 0.0330427 0.0230044 9.9991E-05
9.9937E-05 0.007231 9.9937E-05 9.9937E-05 0.992069 9.9937E-05 9.9937E-05 9.9937E-05 9.9937E-05
0.184445 0.0692449 0.0145506 9.9982E-05 0.300986 9.9982E-05 0.295777 0.0654153 0.0693803
0.193177 0.0946308 9.9964E-05 0.0828654 0.580673 0.0482543 9.9964E-05 9.9964E-05 9.9964E-05
0.0759775 0.0886667 9.9982E-05 0.0949557 0.546003 0.0395532 0.148278 9.9982E-05 0.00636572
0.0771412 0.0493821 0.0562711 0.00974257 0.588251 0.0317035 0.142027 0.0421956 0.0032855
9.9964E-05 0.018086 9.9964E-05 0.0399173 0.838812 0.100232 9.9964E-05 0.00255296 9.9964E-05
0.101505 0.0522566 9.9982E-05 0.0530566 0.63864 0.0138637 0.125715 9.9982E-05 0.0147626
9.9964E-05 9.9964E-05 0.00894625 0.0461491 0.8164 0.0842242 9.9964E-05 0.0438811 9.9964E-05
9.9946E-05 9.9946E-05 0.0500958 9.9946E-05 0.682849 9.9946E-05 0.266455 9.9946E-05 9.9946E-05
9.9982E-05 9.9982E-05 0.00534902 0.0505427 0.784366 0.128934 0.000173009 0.0210026 0.00943359
0.297327 0.0493252 0.0346577 0.0330881 0.514616 9.9991E-05 0.0556208 0.0121723 0.00309213
9.9964E-05 9.9964E-05 0.00103273 0.00749731 0.927485 0.0484335 9.9964E-05 0.0151518 9.9964E-05
0.118252 9.9973E-05 0.0435371 9.9973E-05 0.709005 9.9973E-05 0.0520267 0.056346 0.0205333
0.0338625 9.9982E-05 0.035884 0.0617962 0.620447 0.0380531 0.164983 0.0447739 9.9982E-05
0.0150601 0.0126315 9.9982E-05 9.9982E-05 0.832766 0.0111367 0.0298715 0.00547298 0.0928615
0.00538001 0.0304014 9.9964E-05 9.9964E-05 0.839068 9.9964E-05 0.0991202 9.9964E-05 0.0256306
9.9973E-05 9.9973E-05 9.9973E-05 0.0843386 0.53802 0.0253492 0.283496 0.0196726 0.0488243
0.0159177 0.0796449 0.00672998 0.00103777 0.740094 0.0096838 0.146692 9.9982E-05 9.9982E-05
9.9955E-05 0.0338255 9.9955E-05 9.9955E-05 0.79776 0.0217261 0.146188 9.9955E-05 9.9955E-05
0.0105683 9.9991E-05 0.110022 0.0341126 0.458819 0.114565 0.224428 0.00247993 0.0449043
0.0221872 9.9973E-05 9.9973E-05 0.00245422 0.039811 0.0469549 0.877778 0.0105144 9.9973E-05
9.9937E-05 9.9937E-05 9.9937E-05 9.9937E-05 9.9937E-05 0.0012178 0.998083 9.9937E-05 9.9937E-05
9.9946E-05 9.9946E-05 9.9946E-05 9.9946E-05 0.00831548 9.9946E-05 0.963577 9.9946E-05 0.0275074
9.99371E-05 9.99371E-05 9.99371E-05 9.99371E-05 0.0124049 9.99371E-05 0.986896 9.99371E-05 9.99371E-05
9.9946E-05 9.9946E-05 9.9946E-05 9.9946E-05 0.0467348 9.9946E-05 0.917785 0.0348806 9.9946E-05
0.14057 0.0286965 0.0880372 0.0758283 0.159649 9.9982E-05 0.487651 0.0193678 9.9982E-05
0.0573455 9.9991E-05 0.0935598 0.00622883 0.189625 0.0127091 0.597307 0.0251236 0.0180013
0.0372897 9.9973E-05 0.101041 9.9973E-05 0.210108 9.9973E-05 0.549279 0.0780705 0.0239132
0.167269 0.0348973 0.0231363 0.0189109 0.158992 0.0170789 0.470672 0.0756101 0.0334334
0.165755 0.0669982 0.0874001 0.0703455 0.167696 9.9973E-05 0.441505 9.9973E-05 9.9973E-05
0.0102538 0.0521383 0.0703068 9.9982E-05 0.19398 0.0241395 0.597085 0.0518962 9.9982E-05
0.0240993 0.107883 0.0666804 0.130725 0.255218 9.9991E-05 0.290946 0.0974992 0.0268489
0.0376226 9.9991E-05 0.0773308 0.0228633 0.362757 0.182143 0.218958 0.0701291 0.0280961
0.0438145 9.9991E-05 0.0769497 0.0718394 0.340515 0.171524 0.215492 0.0523893 0.0273764
0.0452718 0.148665 0.161401 0.0444147 0.226825 9.9991E-05 0.306925 0.0477266 0.0186713
9.993E-05 9.993E-05 0.999201 9.993E-05 9.993E-05 9.993E-05 9.993E-05 9.993E-05 9.993E-05
9.9946E-05 9.9946E-05 0.950232 0.0143738 9.9946E-05 9.9946E-05 9.9946E-05 9.9946E-05 0.034795
9.9955E-05 9.9955E-05 0.829703 9.9955E-05 0.073826 0.0659188 9.9955E-05 9.9955E-05 0.0300525
9.99461E-05 9.99461E-05 0.975832 9.99461E-05 0.0135952 9.99461E-05 9.99461E-05 0.00997303 9.99461E-05
9.993E-05 9.993E-05 0.999201 9.993E-05 9.993E-05 9.993E-05 9.993E-05 9.993E-05 9.993E-05
9.993E-05 9.993E-05 0.999201 9.993E-05 9.993E-05 9.993E-05 9.993E-05 9.993E-05 9.993E-05
0.00100953 9.99371E-05 0.998291 9.99371E-05 9.99371E-05 9.99371E-05 9.99371E-05 9.99371E-05 9.99371E-05
0.0431315 9.9964E-05 0.875119 9.9964E-05 9.9964E-05 0.0453812 0.0346125 0.00135615 9.9964E-05
9.99461E-05 0.00846214 0.989128 0.0018102 9.99461E-05 9.99461E-05 9.99461E-05 9.99461E-05 9.99461E-05
9.993E-05 9.993E-05 0.999201 9.993E-05 9.993E-05 9.993E-05 9.993E-05 9.993E-05 9.993E-05
0.110268 0.0621773 0.0512524 0.216866 9.9982E-05 0.0426848 0.472772 0.043779 9.9982E-05
9.9964E-05 0.036641 0.8852 0.00594122 0.0618972 0.00992061 9.9964E-05 9.9964E-05 9.9964E-05
9.993E-05 9.993E-05 0.999201 9.993E-05 9.993E-05 9.993E-05 9.993E-05 9.993E-05 9.993E-05
9.9973E-05 0.00393334 0.946285 9.9973E-05 0.00447943 0.0433816 0.00143274 9.9973E-05 0.000188335
9.9937E-05 9.9937E-05 9.9937E-05 0.0121493 9.9937E-05 9.9937E-05 0.987151 9.9937E-05 9.9937E-05
9.993E-05 9.993E-05 9.993E-05 9.993E-05 9.993E-05 9.993E-05 0.999201 9.993E-05 9.993E-05
9.993E-05 9.993E-05 9.993E-05 9.993E-05 9.993E-05 9.993E-05 0.999201 9.993E-05 9.993E-05
9.993E-05 9.993E-05 9.993E-05 9.993E-05 9.993E-05 9.993E-05 0.999201 9.993E-05 9.993E-05
9.9964E-05 0.0274453 9.9964E-05 0.0816234 9.9964E-05 0.0366663 0.845569 0.00829633 9.9964E-05
0.116798 0.0549002 9.9964E-05 0.0661888 9.9964E-05 0.0561674 0.705545 9.9964E-05 9.9964E-05
0.0820208 9.9973E-05 0.0339755 0.034628 9.9973E-05 0.0622006 0.759017 9.9973E-05 0.0278579
9.9964E-05 9.9964E-05 0.0217644 0.0838409 0.00334877 0.0532236 0.837422 9.9964E-05 9.9964E-05
9.9955E-05 9.9955E-05 0.0964503 9.9955E-05 9.9955E-05 0.0959137 0.752213 0.0549233 9.9955E-05
9.9955E-05 9.9955E-05 0.057455 9.9955E-05 9.9955E-05 0.0485633 0.886105 0.00737698 9.9955E-05
0.0602425 0.0295552 0.0201311 0.0391637 9.9991E-05 0.0684051 0.757833 0.0212547 0.00331433
9.9955E-05 9.9955E-05 0.0716406 9.9955E-05 9.9955E-05 0.113619 0.79015 0.0240901 9.9955E-05
9.9982E-05 0.03638 9.9982E-05 0.0816535 0.0669969 0.090218 0.678209 0.0131623 0.0331809
9.9991E-05 0.00308945 0.0335068 0.105723 0.105048 0.0321133 0.676707 0.0369202 0.0067917
0.00326542 9.9964E-05 9.9964E-05 0.928527 9.9964E-05 0.0246821 0.0192824 0.0238429 9.9964E-05
0.0283006 0.0445103 0.0205259 0.858656 9.9982E-05 0.0369136 9.9982E-05 0.00714377 0.00375025
9.993E-05 9.993E-05 9.993E-05 0.999201 9.993E-05 9.993E-05 9.993E-05 9.993E-05 9.993E-05
9.99371E-05 9.99371E-05 9.99371E-05 0.995437 9.99371E-05 9.99371E-05 0.00386367 9.99371E-05 9.99371E-05
9.9937E-05 9.9937E-05 0.00128614 0.998014 9.9937E-05 9.9937E-05 9.9937E-05 9.9937E-05 9.9937E-05
9.993E-05 9.993E-05 9.993E-05 0.999201 9.993E-05 9.993E-05 9.993E-05 9.993E-05 9.993E-05
9.993E-05 9.993E-05 9.993E-05 0.999201 9.993E-05 9.993E-05 9.993E-05 9.993E-05 9.993E-05
9.9955E-05 9.9955E-05 9.9955E-05 0.763401 0.0780029 0.144915 9.9955E-05 9.9955E-05 0.0131819
9.9937E-05 9.9937E-05 9.9937E-05 0.988942 9.9937E-05 9.9937E-05 9.9937E-05 0.0103586 9.9937E-05
9.9946E-05 0.0061698 9.9946E-05 0.992618 9.9946E-05 9.9946E-05 9.9946E-05 0.000612155 9.9946E-05
9.9955E-05 9.9955E-05 0.0475877 0.864742 9.9955E-05 0.0862099 9.9955E-05 9.9955E-05 0.000960546
9.99371E-05 9.99371E-05 9.99371E-05 0.991384 9.99371E-05 9.99371E-05 9.99371E-05 9.99371E-05 0.00791643
9.9991E-05 0.0281826 0.0145807 0.671977 0.117735 0.0323258 0.0451068 0.0716948 0.0182972
9.993E-05 9.993E-05 9.993E-05 9.993E-05 9.993E-05 9.993E-05 9.993E-05 0.999201 9.993E-05
9.9982E-05 0.0325035 0.133117 0.118471 0.0770834 0.00520179 0.548039 0.0853855 9.9982E-05
9.993E-05 9.993E-05 9.993E-05 9.993E-05 9.993E-05 9.993E-05 9.993E-05 0.999201 9.993E-05
9.993E-05 9.993E-05 9.993E-05 9.993E-05 9.993E-05 9.993E-05 9.993E-05 0.999201 9.993E-05
9.99461E-05 9.99461E-05 0.0166101 9.99461E-05 9.99461E-05 0.035018 9.99461E-05 0.947772 9.99461E-05
0.0546635 9.9982E-05 9.9982E-05 0.0578034 0.013042 0.0435541 0.0168045 0.808318 0.00561412
9.993E-05 9.993E-05 9.993E-05 9.993E-05 9.993E-05 9.993E-05 9.993E-05 0.999201 9.993E-05
9.9955E-05 9.9955E-05 9.9955E-05 9.9955E-05 0.020123 0.032306 0.0660385 0.881033 9.9955E-05
0.0251637 9.9955E-05 0.011171 9.9955E-05 9.9955E-05 0.0231988 9.9955E-05 0.939967 9.9955E-05
9.99371E-05 0.00780687 9.99371E-05 9.99371E-05 9.99371E-05 9.99371E-05 9.99371E-05 0.991494 9.99371E-05
0.00972218 9.9946E-05 9.9946E-05 9.9946E-05 9.9946E-05 9.9946E-05 9.9946E-05 0.980081 0.00959739
9.99461E-05 9.99461E-05 9.99461E-05 9.99461E-05 0.0168623 9.99461E-05 9.99461E-05 0.981669 0.000868608
9.9946E-05 9.9946E-05 0.023708 0.0416333 9.9946E-05 9.9946E-05 9.9946E-05 0.934059 9.9946E-05
9.9973E-05 0.0672673 0.0341279 0.0822596 9.9973E-05 0.00459894 0.0317313 0.779715 9.9973E-05
9.9955E-05 9.9955E-05 9.9955E-05 9.9955E-05 9.9955E-05 0.00722044 0.0335756 0.948767 0.0099372
9.9964E-05 9.9964E-05 0.037127 0.0203285 0.0609335 0.0251149 9.9964E-05 0.856096 9.9964E-05
9.9973E-05 0.00152085 9.9973E-05 0.00539915 0.0479521 0.0630034 0.0114637 0.870361 9.9973E-05
9.9964E-05 0.0399512 9.9964E-05 9.9964E-05 0.047704 0.0149662 9.9964E-05 0.887821 0.00915744
9.9955E-05 9.9955E-05 9.9955E-05 0.00302914 9.9955E-05 9.9955E-05 0.0194858 0.958331 0.0186542
9.9991E-05 0.266609 0.066463 0.0206485 0.146596 0.130085 0.284281 0.0521739 0.0330432
9.9991E-05 0.222942 0.0758664 0.00050172 0.229923 0.112122 0.324942 0.0193492 0.0142544
9.9991E-05 0.248575 0.060511 0.00638891 0.182587 0.152139 0.244166 0.0692936 0.0362398
9.9982E-05 0.27204 0.057139 9.9982E-05 0.215037 0.130506 0.246882 0.0357353 0.0424605
0.00661451 0.0312325 9.9955E-05 0.056104 9.9955E-05 0.905549 9.9955E-05 9.9955E-05 9.9955E-05
9.993E-05 9.993E-05 9.993E-05 9.993E-05 9.993E-05 0.999201 9.993E-05 9.993E-05 9.993E-05
9.9955E-05 0.00234473 9.9955E-05 9.9955E-05 9.9955E-05 0.984523 0.00968299 0.00294962 9.9955E-05
9.993E-05 9.993E-05 9.993E-05 9.993E-05 9.993E-05 0.999201 9.993E-05 9.993E-05 9.993E-05
9.9964E-05 0.00741543 0.0159002 0.0028091 9.9964E-05 0.968042 9.9964E-05 0.00543303 9.9964E-05
9.9955E-05 0.00980716 0.00753866 9.9955E-05 9.9955E-05 0.971434 9.9955E-05 0.0107207 9.9955E-05
9.9964E-05 0.0130691 0.00501649 9.9964E-05 9.9964E-05 0.965114 0.0122617 0.00413864 9.9964E-05
0.0767782 0.03145 9.9982E-05 0.0333482 0.080588 0.717667 0.012153 0.0478152 9.9982E-05
0.0480934 9.9946E-05 9.9946E-05 9.9946E-05 9.9946E-05 0.881634 0.0696727 9.9946E-05 9.9946E-05
9.9946E-05 0.951531 9.9946E-05 9.9946E-05 9.9946E-05 0.0273282 0.0205412 9.9946E-05 9.9946E-05
9.993E-05 0.999201 9.993E-05 9.993E-05 9.993E-05 9.993E-05 9.993E-05 9.993E-05 9.993E-05
9.993E-05 0.999201 9.993E-05 9.993E-05 9.993E-05 9.993E-05 9.993E-05 9.993E-05 9.993E-05
9.99371E-05 0.996422 9.99371E-05 9.99371E-05 9.99371E-05 9.99371E-05 9.99371E-05 0.0028783 9.99371E-05
9.993E-05 0.999201 9.993E-05 9.993E-05 9.993E-05 9.993E-05 9.993E-05 9.993E-05 9.993E-05
9.9955E-05 0.841643 9.9955E-05 9.9955E-05 0.00460643 9.9955E-05 0.111728 0.0415231 9.9955E-05
9.993E-05 0.999201 9.993E-05 9.993E-05 9.993E-05 9.993E-05 9.993E-05 9.993E-05 9.993E-05
9.993E-05 0.999201 9.993E-05 9.993E-05 9.993E-05 9.993E-05 9.993E-05 9.993E-05 9.993E-05
9.993E-05 0.999201 9.993E-05 9.993E-05 9.993E-05 9.993E-05 9.993E-05 9.993E-05 9.993E-05
9.9964E-05 0.909923 9.9964E-05 0.0453277 0.0310088 9.9964E-05 0.00216423 0.0111763 9.9964E-05
9.993E-05 0.999201 9.993E-05 9.993E-05 9.993E-05 9.993E-05 9.993E-05 9.993E-05 9.993E-05
9.993E-05 0.999201 9.993E-05 9.993E-05 9.993E-05 9.993E-05 9.993E-05 9.993E-05 9.993E-05
