9.993E-05 9.993E-05 0.999201 9.993E-05 9.993E-05 9.993E-05 9.993E-05 9.993E-05 9.993E-05
9.9955E-05 9.9955E-05 0.286166 0.0685607 0.550839 9.9955E-05 9.9955E-05 0.0939341 9.9955E-05
9.9955E-05 9.9955E-05 0.258522 0.0846173 0.569998 9.9955E-05 9.9955E-05 0.086363 9.9955E-05
9.99461E-05 9.99461E-05 0.225664 9.99461E-05 0.684521 9.99461E-05 0.0892161 9.99461E-05 9.99461E-05
0.0407847 0.065721 0.109867 9.9982E-05 0.685541 0.058094 0.0343136 9.9982E-05 0.00547901
9.9973E-05 9.9973E-05 0.18164 0.0250852 0.524275 0.0634978 0.201033 0.00416875 9.9973E-05
9.99371E-05 9.99371E-05 0.274249 9.99371E-05 0.725051 9.99371E-05 9.99371E-05 9.99371E-05 9.99371E-05
9.99803E-05 9.99803E-05 0.268309 0.0806967 0.526202 9.99803E-05 0.0935283 0.0253549 0.00560906
9.9973E-05 0.0598216 0.186951 0.0704681 0.654123 9.9973E-05 0.0214525 0.00688396 9.9973E-05
9.993E-05 9.993E-05 0.999201 9.993E-05 9.993E-05 9.993E-05 9.993E-05 9.993E-05 9.993E-05
9.993E-05 9.993E-05 0.999201 9.993E-05 9.993E-05 9.993E-05 9.993E-05 9.993E-05 9.993E-05
9.994E-05 0.0179281 0.9795 9.994E-05 9.994E-05 0.00197211 9.994E-05 9.994E-05 9.994E-05
9.9937E-05 9.9937E-05 0.986347 9.9937E-05 9.9937E-05 9.9937E-05 9.9937E-05 9.9937E-05 0.012953
0.0338236 0.000713298 0.943553 9.9964E-05 0.00928984 9.9964E-05 0.0122206 9.9964E-05 9.9964E-05
0.00307606 9.9955E-05 0.939529 9.9955E-05 9.9955E-05 9.9955E-05 0.055887 9.9955E-05 0.00100796
9.9973E-05 0.0265119 0.163666 0.00510961 0.438832 9.9973E-05 0.36265 9.9973E-05 0.00293086
0.0623319 0.0196033 0.254518 0.0556978 0.372341 0.0258318 0.106311 0.049969 0.0533974
9.9973E-05 9.9973E-05 0.211353 0.00952684 0.694203 0.0603592 0.0172622 0.00699637 9.9973E-05
0.0711721 0.0270806 9.9955E-05 9.9955E-05 0.881055 9.9955E-05 0.0201923 9.9955E-05 9.9955E-05
0.0525227 9.9946E-05 9.9946E-05 9.9946E-05 0.927774 9.9946E-05 9.9946E-05 9.9946E-05 0.0191038
9.9955E-05 0.0270073 0.0438622 9.9955E-05 0.895556 0.0330749 9.9955E-05 9.9955E-05 9.9955E-05
0.0871079 9.9964E-05 9.9964E-05 0.0772413 0.809289 9.9964E-05 0.0117394 9.9964E-05 0.0142228
0.104652 0.00336411 9.9955E-05 0.0303081 0.861176 9.9955E-05 9.9955E-05 9.9955E-05 9.9955E-05
9.9946E-05 9.9946E-05 9.9946E-05 9.9946E-05 0.930268 9.9946E-05 9.9946E-05 0.00577041 0.063362
0.00788307 0.0325123 9.9964E-05 9.9964E-05 0.803434 9.9964E-05 0.133162 9.9964E-05 0.0226093
0.0109562 0.0365631 9.9973E-05 9.9973E-05 0.634441 0.159527 0.10801 9.9973E-05 0.0502031
0.00868859 0.132334 9.9973E-05 0.0899158 0.69451 0.0562638 9.9973E-05 9.9973E-05 0.017988
9.9955E-05 9.9955E-05 9.9955E-05 0.0172831 0.90135 9.9955E-05 0.070933 9.9955E-05 0.00993372
9.9973E-05 0.0351848 0.0488865 9.9973E-05 0.746697 0.120469 0.00343147 9.9973E-05 0.0450311
9.9955E-05 9.9955E-05 0.03947 9.9955E-05 0.94515 0.0077929 9.9955E-05 0.00708733 9.9955E-05
0.0132046 0.0373652 0.0154058 9.997E-05 0.909016 9.997E-05 9.997E-05 0.00290066 0.021808
9.9973E-05 0.0392199 9.9973E-05 0.00922044 0.819259 0.051954 0.0134717 9.9973E-05 0.0665747
0.0113242 0.022839 9.9964E-05 0.0365597 0.740299 0.188578 9.9964E-05 9.9964E-05 9.9964E-05
9.9964E-05 9.9964E-05 0.0318089 0.0558992 0.705721 0.089125 9.9964E-05 9.9964E-05 0.117046
0.0960244 0.00366382 9.9973E-05 0.0753416 0.794353 9.9973E-05 0.0133209 9.9973E-05 0.0169967
9.9955E-05 0.00431459 0.0549238 9.9955E-05 0.925216 0.0150455 9.9955E-05 9.9955E-05 9.9955E-05
0.00482483 9.9955E-05 9.9955E-05 9.9955E-05 0.502555 0.185117 0.307003 9.9955E-05 9.9955E-05
0.0599856 0.0477571 9.9964E-05 0.066725 0.514702 0.31043 9.9964E-05 9.9964E-05 9.9964E-05
0.00678911 0.0697685 9.9982E-05 0.067742 0.571915 0.218746 0.0536557 0.0111843 9.9982E-05
9.9964E-05 0.0659612 9.9964E-05 9.9964E-05 0.594885 0.282853 0.0381435 0.0177571 9.9964E-05
9.9982E-05 0.0510048 9.9982E-05 0.0215495 0.0652656 0.00736617 0.669031 0.065207 0.120376
0.0070078 0.0594781 9.9991E-05 0.062244 0.0514082 0.0951902 0.601332 0.0242618 0.0989777
9.9973E-05 9.9973E-05 0.0289334 0.024735 0.222335 9.9973E-05 0.508244 0.0556437 0.159809
9.9982E-05 0.0601559 9.9982E-05 0.0330605 0.0835601 0.0620211 0.677117 0.0223578 0.0615281
9.997E-05 0.0689738 9.997E-05 0.0713622 0.271262 0.149778 0.402483 9.997E-05 0.0358408
9.993E-05 9.993E-05 9.993E-05 9.993E-05 9.993E-05 9.993E-05 0.999201 9.993E-05 9.993E-05
9.993E-05 9.993E-05 9.993E-05 9.993E-05 9.993E-05 9.993E-05 0.999201 9.993E-05 9.993E-05
0.0116687 0.0282959 9.9982E-05 0.0499555 0.387295 0.0451814 0.4272 9.9982E-05 0.0502036
9.998E-05 0.109729 0.0534324 0.0014561 0.206086 0.176297 0.388889 9.998E-05 0.0639103
0.0225639 9.9991E-05 0.0920375 0.0239643 0.403276 0.04117 0.308554 0.0506769 0.0576574
9.9973E-05 0.060656 0.014194 0.0460892 0.251729 0.282464 0.344567 9.9973E-05 9.9973E-05
0.0334769 9.9973E-05 0.00625618 0.0582696 0.230587 0.128334 0.542777 9.9973E-05 9.9973E-05
9.9955E-05 0.0359926 0.0124275 0.0262378 9.9955E-05 9.9955E-05 0.924842 9.9955E-05 9.9955E-05
0.055725 0.0090428 0.0403906 9.9982E-05 0.215185 0.430685 0.226432 9.9982E-05 0.0223398
0.0194671 9.9991E-05 0.0453474 0.0152112 0.227935 0.42749 0.225174 0.022036 0.017239
9.9982E-05 0.000264767 9.9982E-05 0.087588 0.165865 0.0633428 0.553293 0.0287831 0.100664
9.999E-05 0.120729 0.0973249 0.0816947 0.102774 0.196408 0.318775 0.0311208 0.0510731
9.9982E-05 0.0564421 9.9982E-05 0.0170793 0.295948 0.19059 0.397987 0.00434309 0.037411
9.9937E-05 0.00600511 9.9937E-05 9.9937E-05 9.9937E-05 9.9937E-05 0.993295 9.9937E-05 9.9937E-05
0.0237418 0.125427 0.0323391 0.0197086 0.154903 0.220361 0.391193 0.0196945 0.0126308
9.99681E-05 0.0890047 9.99681E-05 9.99681E-05 0.215395 9.99681E-05 0.57718 0.0297916 0.0882285
0.048259 0.0257598 9.9982E-05 9.9982E-05 0.121916 0.0524005 0.590158 0.0112364 0.15007
0.0193333 0.0586333 0.0104974 0.046397 0.0993898 0.260791 0.479272 0.0255863 9.9991E-05
0.0913001 9.9964E-05 9.9964E-05 0.00293473 9.9964E-05 9.9964E-05 0.856251 0.0422038 0.00691093
9.9973E-05 0.0223174 0.0173872 9.9973E-05 0.117394 0.159861 0.601623 9.9973E-05 0.0811176
0.0943762 9.9955E-05 9.9955E-05 0.0458361 9.9955E-05 9.9955E-05 0.858205 9.9955E-05 0.00108305
9.9946E-05 9.9946E-05 9.9946E-05 9.9946E-05 9.9946E-05 0.357022 0.612823 0.0295551 9.9946E-05
0.152488 9.9973E-05 0.0187948 0.00336067 9.9973E-05 9.9973E-05 0.765598 0.0151739 0.0442848
0.000267746 0.0851777 9.9982E-05 0.0777564 0.261083 0.102707 0.44874 9.9982E-05 0.024068
0.0571011 9.9955E-05 9.9955E-05 9.9955E-05 9.9955E-05 9.9955E-05 0.838057 0.0527609 0.0515813
9.9982E-05 9.9982E-05 0.0545908 0.0362981 0.0877159 0.0618428 0.62467 0.0891631 0.0455196
0.0125495 0.0101314 9.9991E-05 0.0577302 0.0564009 0.248957 0.518632 0.0593663 0.036133
0.0280608 0.0100516 0.066889 0.0111355 0.04067 0.089898 0.753095 9.9982E-05 9.9982E-05
9.9964E-05 0.0656363 0.0515759 0.00602456 9.9964E-05 0.137872 0.738492 9.9964E-05 9.9964E-05
0.0540961 0.0082582 0.0595776 0.0433668 9.9982E-05 0.323184 0.380945 9.9982E-05 0.130372
0.0532967 0.0590366 0.0109994 9.9973E-05 0.0257578 0.22105 0.629559 9.9973E-05 9.9973E-05
0.0432468 9.9964E-05 9.9964E-05 0.0270853 9.9964E-05 0.137593 0.772029 0.019646 9.9964E-05
0.0856057 9.9982E-05 0.0463991 9.9982E-05 0.00804782 0.235568 0.511863 0.0992699 0.0130469
0.0152268 0.042423 9.9955E-05 9.9955E-05 0.019165 0.922685 9.9955E-05 9.9955E-05 9.9955E-05
9.993E-05 9.993E-05 9.993E-05 9.993E-05 9.993E-05 0.999201 9.993E-05 9.993E-05 9.993E-05
9.9955E-05 9.9955E-05 0.00850836 0.0279644 9.9955E-05 0.934314 0.0287138 9.9955E-05 9.9955E-05
9.9937E-05 9.9937E-05 9.9937E-05 9.9937E-05 9.9937E-05 0.979503 0.0197975 9.9937E-05 9.9937E-05
9.9946E-05 9.9946E-05 9.9946E-05 9.9946E-05 0.0101135 0.971657 0.0176298 9.9946E-05 9.9946E-05
9.9982E-05 0.0210845 9.9982E-05 0.00503115 0.0920738 0.554601 0.203714 0.0562769 0.0670188
9.999E-05 0.0239017 0.0301078 0.0294165 0.00906775 0.446231 0.293631 0.157962 0.00958274
9.9991E-05 0.0277285 0.0194655 0.0670755 0.0610717 0.600461 0.101491 0.0996837 0.0229233
9.999E-05 0.0351765 0.0368404 0.0798844 0.166862 0.462905 0.132639 0.0298328 0.0557594
9.9982E-05 0.0665574 0.0075337 9.9982E-05 0.107979 0.536931 0.144288 0.0445675 0.0919437
0.0431348 9.998E-05 9.998E-05 0.1057 0.0609057 0.47073 0.119465 0.137202 0.0626631
9.999E-05 0.113188 0.0059104 0.0892471 0.0240639 0.395138 0.174915 0.073238 0.124199
0.176916 9.999E-05 0.0340106 0.0527601 0.0405216 0.259774 0.278935 0.112501 0.0444822
0.170555 9.999E-05 0.0306198 0.0457018 0.0762486 0.349112 0.247885 0.0357926 0.0439846
9.998E-05 0.129553 0.0351122 0.0574097 9.998E-05 0.403415 0.158582 0.163759 0.0519698
0.00189877 9.9955E-05 9.9955E-05 0.00994419 9.9955E-05 0.0320208 9.9955E-05 0.955636 9.9955E-05
0.00825394 9.9964E-05 0.0251687 0.0142508 9.9964E-05 0.0163474 9.9964E-05 0.935579 9.9964E-05
0.0293048 0.0372467 9.9973E-05 9.9973E-05 0.0323152 0.0792097 0.00809415 0.81353 9.9973E-05
9.99371E-05 9.99371E-05 9.99371E-05 0.011368 9.99371E-05 9.99371E-05 9.99371E-05 0.987932 9.99371E-05
9.993E-05 9.993E-05 9.993E-05 9.993E-05 9.993E-05 9.993E-05 9.993E-05 0.999201 9.993E-05
9.993E-05 9.993E-05 9.993E-05 9.993E-05 9.993E-05 9.993E-05 9.993E-05 0.999201 9.993E-05
9.993E-05 9.993E-05 9.993E-05 9.993E-05 9.993E-05 9.993E-05 9.993E-05 0.999201 9.993E-05
9.9946E-05 9.9946E-05 9.9946E-05 9.9946E-05 0.107841 9.9946E-05 9.9946E-05 0.889054 0.00250498
9.9955E-05 0.0231571 9.9955E-05 0.00613217 9.9955E-05 9.9955E-05 0.0146205 0.95559 9.9955E-05
9.993E-05 9.993E-05 9.993E-05 9.993E-05 9.993E-05 9.993E-05 9.993E-05 0.999201 9.993E-05
0.040605 0.0969715 9.998E-05 0.0330544 0.0624203 0.519093 9.998E-05 0.0263264 0.22133
0.0436523 0.0297054 9.9964E-05 9.9964E-05 0.0062748 0.0537675 9.9964E-05 0.8662 9.9964E-05
9.993E-05 9.993E-05 9.993E-05 9.993E-05 9.993E-05 9.993E-05 9.993E-05 0.999201 9.993E-05
9.9946E-05 0.0177159 9.9946E-05 9.9946E-05 9.9946E-05 0.0304009 9.9946E-05 0.951284 9.9946E-05
9.993E-05 9.993E-05 9.993E-05 9.993E-05 9.993E-05 0.999201 9.993E-05 9.993E-05 9.993E-05
9.993E-05 9.993E-05 9.993E-05 9.993E-05 9.993E-05 0.999201 9.993E-05 9.993E-05 9.993E-05
9.993E-05 9.993E-05 9.993E-05 9.993E-05 9.993E-05 0.999201 9.993E-05 9.993E-05 9.993E-05
9.9937E-05 9.9937E-05 9.9937E-05 9.9937E-05 9.9937E-05 0.988976 9.9937E-05 9.9937E-05 0.0103245
0.0260024 0.0503608 9.9982E-05 0.00601306 0.00137244 0.78271 9.9982E-05 0.015742 0.117599
0.0979795 9.9955E-05 9.9955E-05 9.9955E-05 0.119725 0.733376 9.9955E-05 9.9955E-05 0.0484199
0.0783923 9.9973E-05 9.9973E-05 0.0136388 0.0549462 0.798139 0.0294518 0.0251319 9.9973E-05
0.0569443 9.9964E-05 9.9964E-05 9.9964E-05 9.9964E-05 0.841132 0.00785816 0.00781083 0.0858544
0.0600224 9.9964E-05 0.00118037 0.00746711 9.9964E-05 0.85442 9.9964E-05 0.0765107 9.9964E-05
0.0261312 9.9946E-05 9.9946E-05 9.9946E-05 9.9946E-05 0.920277 9.9946E-05 0.052992 9.9946E-05
0.036592 0.0421073 9.998E-05 0.0487522 0.0663022 0.738884 9.998E-05 0.0371958 0.0299663
0.0538189 9.9964E-05 0.00323836 0.0646035 9.9964E-05 0.836027 9.9964E-05 0.0419128 9.9964E-05
0.0413324 0.0435421 0.0179547 0.0421997 9.9982E-05 0.758343 0.0304748 9.9982E-05 0.065953
0.00688093 0.0190339 9.9991E-05 0.033168 0.0204917 0.759061 0.0343599 0.0326293 0.0942752
0.0267643 0.00364874 9.9964E-05 0.0347922 9.9964E-05 0.0363151 9.9964E-05 9.9964E-05 0.89808
0.0252534 0.0539596 9.9964E-05 9.9964E-05 0.0337417 9.9964E-05 9.9964E-05 0.00476854 0.881877
9.9937E-05 9.9937E-05 9.9937E-05 9.9937E-05 9.9937E-05 0.0121099 9.9937E-05 9.9937E-05 0.987191
9.9946E-05 0.0133156 9.9946E-05 9.9946E-05 0.00230743 9.9946E-05 9.9946E-05 9.9946E-05 0.983777
9.9937E-05 0.00590166 9.9937E-05 9.9937E-05 9.9937E-05 9.9937E-05 9.9937E-05 9.9937E-05 0.993399
9.9937E-05 9.9937E-05 9.9937E-05 9.9937E-05 9.9937E-05 0.0304614 9.9937E-05 9.9937E-05 0.968839
9.993E-05 9.993E-05 9.993E-05 9.993E-05 9.993E-05 9.993E-05 9.993E-05 9.993E-05 0.999201
0.135719 9.9955E-05 0.0449683 9.9955E-05 9.9955E-05 9.9955E-05 0.0486965 9.9955E-05 0.770116
9.9937E-05 9.9937E-05 9.9937E-05 0.0052962 9.9937E-05 9.9937E-05 9.9937E-05 9.9937E-05 0.994004
9.993E-05 9.993E-05 9.993E-05 9.993E-05 9.993E-05 9.993E-05 9.993E-05 9.993E-05 0.999201
0.08203 9.9964E-05 0.0246014 0.00415388 9.9964E-05 9.9964E-05 9.9964E-05 0.0164092 0.872406
9.993E-05 9.993E-05 9.993E-05 9.993E-05 9.993E-05 9.993E-05 9.993E-05 9.993E-05 0.999201
0.0135594 0.0786985 9.9982E-05 0.0868148 9.9982E-05 0.0413598 0.0560257 0.019578 0.703764
9.993E-05 9.993E-05 9.993E-05 0.999201 9.993E-05 9.993E-05 9.993E-05 9.993E-05 9.993E-05
0.0466083 0.00662697 9.9982E-05 0.0890264 9.9982E-05 0.592204 0.0643616 0.121039 0.079933
9.993E-05 9.993E-05 9.993E-05 0.999201 9.993E-05 9.993E-05 9.993E-05 9.993E-05 9.993E-05
9.993E-05 9.993E-05 9.993E-05 0.999201 9.993E-05 9.993E-05 9.993E-05 9.993E-05 9.993E-05
0.0609798 9.99461E-05 9.99461E-05 0.931769 0.00665158 9.99461E-05 9.99461E-05 9.99461E-05 9.99461E-05
0.0253461 9.997E-05 0.00248713 0.807235 9.997E-05 0.0699273 0.0269101 9.997E-05 0.0677948
9.993E-05 9.993E-05 9.993E-05 0.999201 9.993E-05 9.993E-05 9.993E-05 9.993E-05 9.993E-05
0.0398549 9.997E-05 0.0232034 0.820805 9.997E-05 0.0970307 0.0115244 0.00728185 9.997E-05
0.0045663 0.00985098 9.997E-05 0.963522 0.0016976 9.997E-05 9.997E-05 0.00794207 0.0121209
9.9955E-05 0.00714609 9.9955E-05 0.939512 9.9955E-05 9.9955E-05 0.018033 9.9955E-05 0.0348089
9.9937E-05 9.9937E-05 0.00581316 0.993487 9.9937E-05 9.9937E-05 9.9937E-05 9.9937E-05 9.9937E-05
9.9946E-05 0.00519196 9.9946E-05 0.981935 9.9946E-05 9.9946E-05 0.0122732 9.9946E-05 9.9946E-05
9.9946E-05 9.9946E-05 9.9946E-05 0.985175 9.9946E-05 9.9946E-05 0.00968438 9.9946E-05 0.00454114
0.0264712 0.0407534 9.9973E-05 0.863043 9.9973E-05 9.9973E-05 0.0029569 0.0476426 0.0188326
9.9955E-05 9.9955E-05 0.0217885 0.942666 9.9955E-05 0.0156836 9.9955E-05 9.9955E-05 0.0193618
9.9973E-05 9.9973E-05 0.00539104 0.88005 9.9973E-05 0.0617772 0.0223199 0.0199946 0.0101672
0.0266477 0.0505119 9.9973E-05 0.855197 9.9973E-05 0.0107815 9.9973E-05 0.0485751 0.00798674
9.9973E-05 0.0499766 0.0153685 0.887097 0.000538494 0.0130583 0.0336613 9.9973E-05 9.9973E-05
9.9946E-05 9.9946E-05 9.9946E-05 0.97085 9.9946E-05 9.9946E-05 0.0136924 9.9946E-05 0.0148578
0.108328 0.278687 0.0381927 0.0444286 9.9991E-05 0.343969 0.124923 0.018682 0.0426895
0.114818 0.324983 0.0159545 0.0418905 9.9982E-05 0.373322 0.0859406 0.0428927 9.9982E-05
0.0981696 0.291172 0.0534416 0.0639824 9.9982E-05 0.243591 0.195948 0.0534962 9.9982E-05
0.116153 0.23304 0.0537415 0.0713016 9.9982E-05 0.286869 0.204132 0.0345622 9.9982E-05
0.903622 0.00457159 9.9982E-05 0.00198576 0.0297939 0.00139271 0.0045318 9.9982E-05 0.053902
0.999201 9.993E-05 9.993E-05 9.993E-05 9.993E-05 9.993E-05 9.993E-05 9.993E-05 9.993E-05
0.972027 9.9946E-05 9.9946E-05 9.9946E-05 9.9946E-05 0.0190855 9.9946E-05 0.00828818 9.9946E-05
0.999201 9.993E-05 9.993E-05 9.993E-05 9.993E-05 9.993E-05 9.993E-05 9.993E-05 9.993E-05
0.985137 0.011496 0.00276737 9.9946E-05 9.9946E-05 9.9946E-05 9.9946E-05 9.9946E-05 9.9946E-05
0.950942 0.00192812 9.9955E-05 0.00207604 9.9955E-05 0.0445539 9.9955E-05 9.9955E-05 9.9955E-05
0.973271 0.0161772 9.9946E-05 9.9946E-05 9.9946E-05 9.9946E-05 9.9946E-05 0.00995191 9.9946E-05
0.722943 0.0169647 0.0213047 0.0350352 0.0709531 0.100013 9.998E-05 0.0325868 9.998E-05
0.864094 0.00905097 9.9973E-05 0.0287708 0.0522071 9.9973E-05 0.0197325 0.0258448 9.9973E-05
9.9946E-05 0.988119 9.9946E-05 9.9946E-05 9.9946E-05 0.00375179 9.9946E-05 9.9946E-05 0.00753001
0.000944482 0.993458 9.9946E-05 9.9946E-05 9.9946E-05 9.9946E-05 0.00499764 9.9946E-05 9.9946E-05
9.993E-05 0.999201 9.993E-05 9.993E-05 9.993E-05 9.993E-05 9.993E-05 9.993E-05 9.993E-05
9.99371E-05 0.977831 9.99371E-05 0.0214696 9.99371E-05 9.99371E-05 9.99371E-05 9.99371E-05 9.99371E-05
0.00635392 0.957272 9.9955E-05 9.9955E-05 9.9955E-05 0.0230798 9.9955E-05 9.9955E-05 0.0127941
0.0171147 0.866636 0.0164617 9.9973E-05 0.0176499 0.0376471 0.044191 9.9973E-05 9.9973E-05
9.993E-05 0.999201 9.993E-05 9.993E-05 9.993E-05 9.993E-05 9.993E-05 9.993E-05 9.993E-05
9.993E-05 0.999201 9.993E-05 9.993E-05 9.993E-05 9.993E-05 9.993E-05 9.993E-05 9.993E-05
9.993E-05 0.999201 9.993E-05 9.993E-05 9.993E-05 9.993E-05 9.993E-05 9.993E-05 9.993E-05
9.9955E-05 0.974674 9.9955E-05 0.0102795 9.9955E-05 9.9955E-05 0.000610204 9.9955E-05 0.0139365
0.00728019 0.99202 9.99371E-05 9.99371E-05 9.99371E-05 9.99371E-05 9.99371E-05 9.99371E-05 9.99371E-05
9.993E-05 0.999201 9.993E-05 9.993E-05 9.993E-05 9.993E-05 9.993E-05 9.993E-05 9.993E-05
