9.993E-05 9.993E-05 9.993E-05 9.993E-05 0.999201 9.993E-05 9.993E-05 9.993E-05 9.993E-05
0.0851503 9.9955E-05 0.068619 9.9955E-05 0.260475 9.9955E-05 0.585255 9.9955E-05 9.9955E-05
0.0653634 9.9955E-05 0.0882559 9.9955E-05 0.251501 9.9955E-05 0.59438 9.9955E-05 9.9955E-05
9.9955E-05 0.00210965 9.9955E-05 9.9955E-05 0.223614 0.117841 0.655936 9.9955E-05 9.9955E-05
9.9973E-05 9.9973E-05 9.9973E-05 0.0571474 0.13623 0.0440129 0.673145 0.043685 0.0454796
0.007489 0.0388993 0.0401517 0.0159059 0.144174 0.125944 0.627237 9.9982E-05 9.9982E-05
9.99371E-05 9.99371E-05 9.99371E-05 9.99371E-05 0.260263 9.99371E-05 0.739037 9.99371E-05 9.99371E-05
0.0240408 0.00491747 0.0819521 9.9982E-05 0.298145 0.114553 0.469523 0.00666906 9.9982E-05
0.0359061 9.9973E-05 0.0657459 9.9973E-05 0.192728 0.0256551 0.656658 9.9973E-05 0.0230075
9.993E-05 9.993E-05 9.993E-05 9.993E-05 0.999201 9.993E-05 9.993E-05 9.993E-05 9.993E-05
9.993E-05 9.993E-05 9.993E-05 9.993E-05 0.999201 9.993E-05 9.993E-05 9.993E-05 9.993E-05
9.993E-05 9.993E-05 9.993E-05 9.993E-05 0.999201 9.993E-05 9.993E-05 9.993E-05 9.993E-05
0.00189936 9.9946E-05 9.9946E-05 9.9946E-05 0.99448 9.9946E-05 9.9946E-05 0.00302145 9.9946E-05
9.9955E-05 9.9955E-05 9.9955E-05 0.0342859 0.938662 0.011232 9.9955E-05 9.9955E-05 0.0153208
9.9955E-05 9.9955E-05 0.00839598 9.9955E-05 0.920826 0.027597 9.9955E-05 0.0426811 9.9955E-05
9.9973E-05 9.9973E-05 0.00101289 9.9973E-05 0.176545 0.279636 0.486041 0.0181195 0.0383455
0.0332859 9.9982E-05 0.101814 0.0843004 0.208701 0.250293 0.283863 9.9982E-05 0.0375438
0.0207258 0.0691622 9.9982E-05 0.0155202 0.195124 0.0318529 0.657689 0.0097264 9.9982E-05
9.9964E-05 9.9964E-05 9.9964E-05 0.0551685 9.9964E-05 0.03464 0.878144 0.00885257 0.0227947
9.9964E-05 9.9964E-05 9.9964E-05 0.0541454 9.9964E-05 0.0528676 0.850353 0.0283246 0.0139094
9.9955E-05 0.0646114 9.9955E-05 9.9955E-05 0.0311986 9.9955E-05 0.850362 9.9955E-05 0.0533284
9.9964E-05 9.9964E-05 0.0619622 0.125108 9.9964E-05 0.0156622 0.758131 0.0387367 9.9964E-05
0.0112323 0.0602636 0.0336252 0.0817007 9.9982E-05 9.9982E-05 0.79075 0.0129157 0.00931262
9.9946E-05 9.9946E-05 9.9946E-05 0.0209674 9.9946E-05 9.9946E-05 0.913036 0.0653966 9.9946E-05
0.0112468 0.00514217 9.9973E-05 9.9973E-05 9.9973E-05 0.0474379 0.905845 0.00602385 0.0240046
9.9964E-05 0.151991 9.9964E-05 9.9964E-05 9.9964E-05 0.112569 0.625878 0.0426402 0.0665215
9.9964E-05 0.0522822 0.084028 9.9964E-05 9.9964E-05 0.0383928 0.706807 9.9964E-05 0.11809
9.9955E-05 9.9955E-05 0.0196484 9.9955E-05 9.9955E-05 0.0786018 0.890928 0.0103222 9.9955E-05
9.9982E-05 0.110213 0.0138181 0.00637594 0.053196 0.142981 0.650918 0.0222975 9.9982E-05
9.9946E-05 0.0193989 9.9946E-05 9.9946E-05 0.01466 9.9946E-05 0.965341 9.9946E-05 9.9946E-05
0.0157346 9.9973E-05 9.9973E-05 0.0422831 0.0265639 9.9973E-05 0.854622 0.0270059 0.0334908
0.00698427 0.0531214 0.0290505 9.9982E-05 9.9982E-05 0.0612069 0.789402 0.0243274 0.0357077
9.9955E-05 0.199184 0.0226579 0.0220036 9.9955E-05 9.9955E-05 0.755655 9.9955E-05 9.9955E-05
9.9973E-05 0.1872 0.0304819 9.9973E-05 0.0694066 0.0783723 0.537812 0.0964269 9.9973E-05
9.9955E-05 9.9955E-05 0.0496473 0.0923787 9.9955E-05 9.9955E-05 0.836804 0.0206702 9.9955E-05
9.9973E-05 0.00176883 9.9973E-05 0.019563 0.0117679 0.00270329 0.950514 9.9973E-05 0.0133832
9.9955E-05 0.183576 9.9955E-05 0.00134543 9.9955E-05 0.342706 0.471873 9.9955E-05 9.9955E-05
9.9973E-05 0.296197 9.9973E-05 0.0544775 9.9973E-05 0.0319342 0.554318 0.0137148 0.0490591
0.0397046 0.270041 0.0334621 9.9973E-05 9.9973E-05 0.0352357 0.557864 9.9973E-05 0.0633925
9.9964E-05 0.340136 9.9964E-05 0.0113746 9.9964E-05 0.0662476 0.558315 9.9964E-05 0.0235266
0.0285159 0.0588668 0.0314985 9.9982E-05 9.9982E-05 0.741949 0.00195333 0.073772 0.0632451
0.0535329 9.9982E-05 0.0324458 0.0100129 9.9982E-05 0.726636 0.0900211 0.0292488 0.0579027
0.0480607 9.9973E-05 0.0863651 9.9973E-05 0.0229054 0.617336 0.162374 0.0626586 9.9973E-05
0.0464073 0.0370589 0.0240154 9.9982E-05 9.9982E-05 0.762929 0.0706863 0.0403741 0.0183289
9.9973E-05 0.160236 0.055547 9.9973E-05 9.9973E-05 0.465 0.20558 0.0548604 0.0584768
9.993E-05 9.993E-05 9.993E-05 9.993E-05 9.993E-05 0.999201 9.993E-05 9.993E-05 9.993E-05
9.993E-05 9.993E-05 9.993E-05 9.993E-05 9.993E-05 0.999201 9.993E-05 9.993E-05 9.993E-05
9.9982E-05 0.0172448 0.0511642 0.0194562 9.9982E-05 0.497931 0.333407 0.0460379 0.0345595
9.9982E-05 0.0706081 0.0292986 9.9982E-05 0.059376 0.517774 0.147097 0.0683934 0.107254
0.0381641 0.0352761 0.00523322 0.00246739 0.0840543 0.365447 0.371924 0.081475 0.0159594
9.9973E-05 0.250368 0.0436115 9.9973E-05 0.0426656 0.386477 0.215578 9.9973E-05 0.061
9.9982E-05 0.0588746 0.0196635 0.0169275 9.9982E-05 0.677345 0.160738 0.0363551 0.0298962
9.9955E-05 9.9955E-05 0.0233642 9.9955E-05 0.0237457 0.937321 9.9955E-05 9.9955E-05 0.0150691
9.9964E-05 0.392663 9.9964E-05 0.0653046 0.0417653 0.331337 0.16853 9.9964E-05 9.9964E-05
0.00799877 0.383678 9.9982E-05 0.0219701 0.0345983 0.33737 0.20151 0.012675 9.9982E-05
0.0121797 0.0889973 0.0801439 9.9973E-05 9.9973E-05 0.576189 0.145485 0.0967059 9.9973E-05
0.0133045 0.186121 0.0543258 9.9991E-05 0.085484 0.428362 0.141891 0.015503 0.0749082
0.044332 0.156179 9.9973E-05 9.9973E-05 9.9973E-05 0.455059 0.173314 0.070953 0.0998635
9.993E-05 9.993E-05 9.993E-05 9.993E-05 9.993E-05 0.999201 9.993E-05 9.993E-05 9.993E-05
9.9973E-05 0.272525 0.0270235 9.9973E-05 0.0744629 0.328072 0.181272 9.9973E-05 0.116344
9.9964E-05 9.9964E-05 9.9964E-05 0.033672 9.9964E-05 0.587818 0.222585 0.0730517 0.0824733
0.0174198 0.115966 9.9973E-05 9.9973E-05 0.0178403 0.698863 0.0772032 0.0724077 9.9973E-05
0.0413689 0.105482 0.0437625 0.017081 0.0142913 0.609548 0.08435 0.0461274 0.0379883
0.0238947 9.9964E-05 0.0458495 0.0635155 9.9964E-05 0.850632 9.9964E-05 9.9964E-05 0.015708
9.9973E-05 0.0656028 9.9973E-05 9.9973E-05 0.0250316 0.696328 0.0612465 0.0689587 0.0825325
9.9955E-05 9.9955E-05 0.0126311 0.0429451 9.9955E-05 0.936314 9.9955E-05 0.00761025 9.9955E-05
0.0197656 0.25974 9.9946E-05 9.9946E-05 9.9946E-05 0.719895 9.9946E-05 9.9946E-05 9.9946E-05
0.00577816 9.9964E-05 0.0151747 0.0760571 9.9964E-05 0.875422 9.9964E-05 0.0271679 9.9964E-05
0.0424433 0.050945 0.0271983 0.00664282 9.9991E-05 0.478291 0.303216 0.00943821 0.0817254
9.9946E-05 9.9946E-05 9.9946E-05 0.0302277 9.9946E-05 0.940134 9.9946E-05 0.0290391 9.9946E-05
0.0658486 0.0792791 0.0430236 9.9982E-05 0.0506283 0.659731 0.0724478 0.0288421 9.9982E-05
0.0348608 0.187368 0.00991203 0.00985924 9.9991E-05 0.55506 0.095505 0.0880407 0.0192939
9.9955E-05 0.0367659 9.9955E-05 9.9955E-05 0.0710373 0.87208 9.9955E-05 9.9955E-05 0.0196168
9.9964E-05 0.0778229 9.9964E-05 9.9964E-05 0.0399582 0.815305 0.0105726 9.9964E-05 0.0559413
9.9982E-05 0.316995 9.9982E-05 0.0331174 0.0501027 0.515544 0.0124861 0.063694 0.0078601
9.9964E-05 0.147344 9.9964E-05 0.0158306 9.9964E-05 0.683573 0.0570038 9.9964E-05 0.0958483
0.0390961 0.106798 9.9946E-05 9.9946E-05 9.9946E-05 0.853506 9.9946E-05 9.9946E-05 9.9946E-05
0.0926658 0.169764 0.0453972 0.103325 0.0018529 0.522378 9.9991E-05 0.0471192 0.0173978
9.9955E-05 0.915752 9.9955E-05 0.0255293 9.9955E-05 9.9955E-05 0.0493785 9.9955E-05 0.0088406
0.0152023 0.984098 9.9937E-05 9.9937E-05 9.9937E-05 9.9937E-05 9.9937E-05 9.9937E-05 9.9937E-05
9.9946E-05 0.961248 9.9946E-05 9.9946E-05 0.018563 0.0195889 9.9946E-05 9.9946E-05 9.9946E-05
9.9937E-05 0.943168 9.9937E-05 9.9937E-05 9.9937E-05 0.0561327 9.9937E-05 9.9937E-05 9.9937E-05
9.9937E-05 0.991151 9.9937E-05 9.9937E-05 9.9937E-05 9.9937E-05 9.9937E-05 9.9937E-05 0.00814931
0.0945917 0.510243 9.9982E-05 9.9982E-05 0.0303664 0.13415 0.137808 0.0519085 0.0407324
0.148832 0.392661 9.9991E-05 0.0715945 0.0423495 0.223645 0.0465024 0.0518287 0.0224867
0.113484 0.496518 0.0841051 9.9991E-05 0.0241676 0.16801 0.0601692 0.0191752 0.0342703
0.0488028 0.44318 0.0514187 9.9991E-05 0.0440253 0.142813 0.158548 0.0316819 0.07943
0.0906348 0.494044 9.9982E-05 9.9982E-05 0.00712365 0.164445 0.129536 0.059358 0.0546583
0.0596995 0.463978 0.10567 0.0584521 0.0398813 0.192864 9.9991E-05 0.0400169 0.0393372
0.0672864 0.358506 0.077295 0.00373842 0.0109624 0.216017 0.027324 0.106543 0.132329
0.0953241 0.202923 0.0291059 0.208315 0.0547811 0.360791 0.0310896 0.0175698 9.9991E-05
0.0703406 0.234898 0.0236175 0.18406 0.0250813 0.336641 0.0449398 0.0803216 9.9991E-05
0.171058 0.27599 0.0839893 9.9991E-05 0.0194653 0.222673 0.0245229 0.0348534 0.167349
0.988043 9.9937E-05 9.9937E-05 9.9937E-05 9.9937E-05 9.9937E-05 9.9937E-05 0.0112573 9.9937E-05
0.904108 0.0226868 0.0136063 0.0393579 0.0106883 9.9973E-05 0.00925319 9.9973E-05 9.9973E-05
0.790821 0.0572753 9.9982E-05 0.0421016 0.00466963 0.0648037 0.0290627 9.9982E-05 0.0110659
0.999201 9.993E-05 9.993E-05 9.993E-05 9.993E-05 9.993E-05 9.993E-05 9.993E-05 9.993E-05
0.999201 9.993E-05 9.993E-05 9.993E-05 9.993E-05 9.993E-05 9.993E-05 9.993E-05 9.993E-05
0.988091 9.99371E-05 9.99371E-05 0.011209 9.99371E-05 9.99371E-05 9.99371E-05 9.99371E-05 9.99371E-05
0.960457 9.9955E-05 0.000924197 0.0097665 9.9955E-05 9.9955E-05 9.9955E-05 0.0283524 9.9955E-05
0.877148 0.00451561 9.9982E-05 0.00377221 9.9982E-05 0.0219163 0.0562395 0.000730194 0.0354786
0.997333 9.99371E-05 9.99371E-05 9.99371E-05 9.99371E-05 9.99371E-05 9.99371E-05 9.99371E-05 0.00196743
0.999201 9.993E-05 9.993E-05 9.993E-05 9.993E-05 9.993E-05 9.993E-05 9.993E-05 9.993E-05
0.0489247 0.501627 0.0581804 0.0197716 9.9982E-05 9.9982E-05 0.0854263 0.210607 0.0752623
0.90298 9.9964E-05 0.0148814 0.0441412 9.9964E-05 0.0297353 9.9964E-05 9.9964E-05 0.00786268
0.999201 9.993E-05 9.993E-05 9.993E-05 9.993E-05 9.993E-05 9.993E-05 9.993E-05 9.993E-05
0.975295 0.0141985 9.9955E-05 9.9955E-05 0.00580614 0.0042005 9.9955E-05 9.9955E-05 9.9955E-05
9.9946E-05 0.983917 9.9946E-05 9.9946E-05 9.9946E-05 9.9946E-05 9.9946E-05 0.00196654 0.0135166
9.9937E-05 0.994317 0.00498367 9.9937E-05 9.9937E-05 9.9937E-05 9.9937E-05 9.9937E-05 9.9937E-05
9.993E-05 0.999201 9.993E-05 9.993E-05 9.993E-05 9.993E-05 9.993E-05 9.993E-05 9.993E-05
9.993E-05 0.999201 9.993E-05 9.993E-05 9.993E-05 9.993E-05 9.993E-05 9.993E-05 9.993E-05
0.00985638 0.798679 0.0300997 9.9973E-05 9.9973E-05 0.0485978 9.9973E-05 0.0994904 0.0129764
0.0117941 0.685106 9.9973E-05 0.0884316 9.9973E-05 9.9973E-05 0.0949663 0.10922 0.0101825
0.0493844 0.827577 9.9964E-05 0.0816758 9.9964E-05 9.9964E-05 9.9964E-05 0.0369533 0.00400959
0.00990658 0.813779 9.9964E-05 0.0550213 9.9964E-05 0.0113821 9.9964E-05 0.109511 9.9964E-05
0.0910796 0.875666 0.0106256 0.0221287 9.9955E-05 9.9955E-05 9.9955E-05 9.9955E-05 9.9955E-05
0.0429967 0.927617 9.9955E-05 0.0284415 0.00044499 9.9955E-05 9.9955E-05 9.9955E-05 9.9955E-05
0.0246151 0.744108 0.0336004 0.0418927 9.9982E-05 9.9982E-05 0.0745795 0.0372118 0.0437924
0.0290404 0.860168 0.0330182 0.0671176 0.0102554 9.9964E-05 9.9964E-05 9.9964E-05 9.9964E-05
0.00884063 0.677543 0.0449902 0.0433736 0.00727682 0.102091 0.00602362 0.0839196 0.0259416
0.0591351 0.693403 0.0109609 0.0286901 9.9991E-05 0.0604676 0.0167183 0.114465 0.0160601
9.993E-05 9.993E-05 0.999201 9.993E-05 9.993E-05 9.993E-05 9.993E-05 9.993E-05 9.993E-05
0.0951273 0.512968 0.0989952 0.0338536 9.9982E-05 0.0640938 9.9982E-05 0.132746 0.0620161
9.9937E-05 0.00538094 0.99392 9.9937E-05 9.9937E-05 9.9937E-05 9.9937E-05 9.9937E-05 9.9937E-05
9.993E-05 9.993E-05 0.999201 9.993E-05 9.993E-05 9.993E-05 9.993E-05 9.993E-05 9.993E-05
0.0137389 9.99461E-05 0.936323 0.0493386 9.99461E-05 9.99461E-05 9.99461E-05 9.99461E-05 9.99461E-05
0.0376868 0.00117677 0.801505 9.9982E-05 9.9982E-05 0.0436302 0.103541 0.00157817 0.0106825
9.9946E-05 9.9946E-05 0.983 9.9946E-05 0.00657416 9.9946E-05 9.9946E-05 0.00982608 9.9946E-05
0.00101551 0.113141 0.86781 9.9973E-05 0.00191951 0.00746756 9.9973E-05 0.00834659 9.9973E-05
0.0093268 9.9964E-05 0.963062 0.0206625 9.9964E-05 9.9964E-05 0.00597507 9.9964E-05 0.000573703
9.99371E-05 9.99371E-05 0.992984 9.99371E-05 9.99371E-05 9.99371E-05 9.99371E-05 9.99371E-05 0.0063162
9.993E-05 9.993E-05 0.999201 9.993E-05 9.993E-05 9.993E-05 9.993E-05 9.993E-05 9.993E-05
9.9955E-05 9.9955E-05 0.975188 9.9955E-05 9.9955E-05 0.0151779 0.00225733 9.9955E-05 0.00687717
9.9946E-05 9.9946E-05 0.951266 0.0167492 9.9946E-05 9.9946E-05 9.9946E-05 0.0313852 9.9946E-05
0.0803413 9.9973E-05 0.765108 9.9973E-05 9.9973E-05 0.0079836 0.0176854 0.056938 0.0716433
9.9955E-05 0.0387879 0.931108 9.9955E-05 0.0168019 9.9955E-05 9.9955E-05 0.0128029 9.9955E-05
0.00192457 0.0150242 0.831379 0.0465346 9.9973E-05 0.0942339 9.9973E-05 0.0106036 9.9973E-05
0.0328349 0.0135928 0.835514 0.0316166 0.0115904 0.0347808 9.9982E-05 9.9982E-05 0.0398705
9.9973E-05 9.9973E-05 0.870076 0.0267488 0.0275191 0.0520731 9.9973E-05 0.0074925 0.0157902
0.010204 9.99672E-05 0.918078 9.99672E-05 0.0128348 0.0150765 9.99672E-05 0.0434071 9.99672E-05
0.00252228 0.0579207 0.0320304 9.9964E-05 9.9964E-05 9.9964E-05 0.0118071 0.89532 9.9964E-05
0.0160794 9.9973E-05 9.9973E-05 0.026878 0.0108662 9.9973E-05 0.0181658 0.893909 0.0338017
9.993E-05 9.993E-05 9.993E-05 9.993E-05 9.993E-05 9.993E-05 9.993E-05 0.999201 9.993E-05
9.9937E-05 9.9937E-05 9.9937E-05 9.9937E-05 9.9937E-05 9.9937E-05 9.9937E-05 0.996876 0.00242461
9.9946E-05 9.9946E-05 0.00131622 9.9946E-05 9.9946E-05 9.9946E-05 9.9946E-05 0.957791 0.0402931
9.993E-05 9.993E-05 9.993E-05 9.993E-05 9.993E-05 9.993E-05 9.993E-05 0.999201 9.993E-05
9.993E-05 9.993E-05 9.993E-05 9.993E-05 9.993E-05 9.993E-05 9.993E-05 0.999201 9.993E-05
9.9955E-05 9.9955E-05 9.9955E-05 0.131508 0.0629132 0.0225012 9.9955E-05 0.782577 9.9955E-05
9.993E-05 9.993E-05 9.993E-05 9.993E-05 9.993E-05 9.993E-05 9.993E-05 0.999201 9.993E-05
9.993E-05 9.993E-05 9.993E-05 9.993E-05 9.993E-05 9.993E-05 9.993E-05 0.999201 9.993E-05
0.0401171 9.99551E-05 9.99551E-05 0.0845422 0.0213367 9.99551E-05 9.99551E-05 0.853504 9.99551E-05
0.0121592 0.029341 9.9946E-05 9.9946E-05 9.9946E-05 9.9946E-05 9.9946E-05 0.9579 9.9946E-05
9.9973E-05 0.0142476 0.0822376 0.0419293 9.9973E-05 0.0796628 9.9973E-05 0.75882 0.0228032
0.0637747 0.270325 0.043729 0.108712 0.0419784 0.174431 9.9991E-05 0.0314165 0.265533
0.0261149 0.347476 0.0217656 0.0889509 0.0130346 0.187433 0.0404755 0.0451396 0.22961
0.108625 0.222631 0.0484963 0.121038 0.0312156 0.220939 9.9982E-05 9.9982E-05 0.246856
0.100154 0.230972 0.086687 0.114175 0.0451868 0.22754 9.9982E-05 9.9982E-05 0.195086
0.0144623 0.00760868 0.0039289 0.901822 9.9973E-05 0.0235648 9.9973E-05 0.0483139 9.9973E-05
9.993E-05 9.993E-05 9.993E-05 0.999201 9.993E-05 9.993E-05 9.993E-05 9.993E-05 9.993E-05
9.9946E-05 9.9946E-05 0.0124128 0.976279 9.9946E-05 9.9946E-05 9.9946E-05 9.9946E-05 0.0107087
9.993E-05 9.993E-05 9.993E-05 0.999201 9.993E-05 9.993E-05 9.993E-05 9.993E-05 9.993E-05
0.00753068 0.00146261 9.9964E-05 0.966822 0.0090091 9.9964E-05 9.9964E-05 9.9964E-05 0.0147763
9.9955E-05 0.0168364 0.01719 0.930691 9.9955E-05 9.9955E-05 9.9955E-05 9.9955E-05 0.0347832
0.011373 0.0395369 9.9955E-05 0.945465 0.00312531 9.9955E-05 9.9955E-05 9.9955E-05 9.9955E-05
0.029967 0.0262838 0.0663546 0.747878 0.0220112 0.00652734 0.0686678 0.0322099 9.9991E-05
9.9955E-05 0.0395852 9.9955E-05 0.846857 9.9955E-05 0.104609 0.00844974 9.9955E-05 9.9955E-05
9.9964E-05 0.0307479 9.9964E-05 0.00195815 0.0028163 9.9964E-05 9.9964E-05 0.00207483 0.962003
9.993E-05 9.993E-05 9.993E-05 9.993E-05 9.993E-05 9.993E-05 9.993E-05 9.993E-05 0.999201
9.993E-05 9.993E-05 9.993E-05 9.993E-05 9.993E-05 9.993E-05 9.993E-05 9.993E-05 0.999201
9.993E-05 9.993E-05 9.993E-05 9.993E-05 9.993E-05 9.993E-05 9.993E-05 9.993E-05 0.999201
9.993E-05 9.993E-05 9.993E-05 9.993E-05 9.993E-05 9.993E-05 9.993E-05 9.993E-05 0.999201
0.00751502 0.0200896 0.0403129 0.00066329 9.99736E-05 0.0665141 9.99736E-05 9.99736E-05 0.864605
0.026436 9.99371E-05 9.99371E-05 9.99371E-05 9.99371E-05 9.99371E-05 9.99371E-05 9.99371E-05 0.972864
9.993E-05 9.993E-05 9.993E-05 9.993E-05 9.993E-05 9.993E-05 9.993E-05 9.993E-05 0.999201
9.99371E-05 9.99371E-05 9.99371E-05 9.99371E-05 0.00894448 9.99371E-05 9.99371E-05 9.99371E-05 0.990356
9.9955E-05 9.9955E-05 0.00286544 9.9955E-05 9.9955E-05 0.0184455 9.9955E-05 0.010886 0.967303
9.993E-05 9.993E-05 9.993E-05 9.993E-05 9.993E-05 9.993E-05 9.993E-05 9.993E-05 0.999201
9.9937E-05 9.9937E-05 9.9937E-05 0.00237695 9.9937E-05 9.9937E-05 9.9937E-05 9.9937E-05 0.996923
