9.993E-05 9.993E-05 0.999201 9.993E-05 9.993E-05 9.993E-05 9.993E-05 9.993E-05 9.993E-05
9.9964E-05 0.06701 0.239735 9.9964E-05 9.9964E-05 9.9964E-05 0.0655066 0.00555478 0.621794
9.9955E-05 0.0743483 0.221287 9.9955E-05 9.9955E-05 9.9955E-05 0.0570993 9.9955E-05 0.646765
0.0643705 9.99461E-05 0.177899 9.99461E-05 9.99461E-05 9.99461E-05 9.99461E-05 9.99461E-05 0.757131
0.0965551 9.9973E-05 0.109718 9.9973E-05 0.0183213 0.0682725 9.9973E-05 0.0388226 0.668011
0.113227 0.0235062 0.147398 0.0280283 9.9982E-05 0.0521448 0.0120558 9.9982E-05 0.62344
0.0182034 9.9946E-05 0.272409 9.9946E-05 9.9946E-05 9.9946E-05 9.9946E-05 9.9946E-05 0.708788
0.023085 0.127362 0.256095 9.9973E-05 9.9973E-05 9.9973E-05 0.0268338 0.0487443 0.517579
0.0333728 0.0431926 0.18119 9.9964E-05 0.0558593 9.9964E-05 9.9964E-05 9.9964E-05 0.685986
9.993E-05 9.993E-05 0.999201 9.993E-05 9.993E-05 9.993E-05 9.993E-05 9.993E-05 9.993E-05
9.993E-05 9.993E-05 0.999201 9.993E-05 9.993E-05 9.993E-05 9.993E-05 9.993E-05 9.993E-05
9.993E-05 9.993E-05 0.999201 9.993E-05 9.993E-05 9.993E-05 9.993E-05 9.993E-05 9.993E-05
9.993E-05 9.993E-05 0.999201 9.993E-05 9.993E-05 9.993E-05 9.993E-05 9.993E-05 9.993E-05
9.9946E-05 9.9946E-05 0.920137 9.9946E-05 0.00295027 0.0763135 9.9946E-05 9.9946E-05 9.9946E-05
0.0511683 0.00133531 0.919481 9.9964E-05 9.9964E-05 0.013766 0.0138495 9.9964E-05 9.9964E-05
0.235169 0.0534674 0.186218 9.9964E-05 9.9964E-05 9.9964E-05 9.9964E-05 0.0518068 0.47294
0.141481 0.0930659 0.213485 9.9991E-05 0.0513309 0.0788881 0.0328402 0.0493086 0.3395
0.0203829 0.00720893 0.172842 0.0352012 9.9973E-05 9.9973E-05 0.00835112 9.9973E-05 0.755714
0.0258685 9.9964E-05 9.9964E-05 9.9964E-05 0.0359422 0.0547398 0.00531885 9.9964E-05 0.877731
0.0231559 9.9973E-05 9.9973E-05 0.0998395 9.9973E-05 0.0380573 0.00418231 0.0102002 0.824265
9.9955E-05 9.9955E-05 0.0212984 0.0828897 0.0327792 9.9955E-05 9.9955E-05 9.9955E-05 0.862533
0.0401503 0.0655634 9.9964E-05 9.9964E-05 9.9964E-05 0.0895764 0.00585013 9.9964E-05 0.79846
9.9964E-05 0.0322155 9.9964E-05 9.9964E-05 0.00618641 0.104374 0.0140841 9.9964E-05 0.84274
9.9973E-05 0.00491274 0.00107038 0.00109696 9.9973E-05 0.0324392 9.9973E-05 0.050953 0.909228
0.0946381 9.9955E-05 9.9955E-05 9.9955E-05 9.9955E-05 9.9955E-05 0.0131219 0.00317436 0.888566
0.088211 0.0484779 0.00750381 0.153309 0.0263781 9.9982E-05 9.9982E-05 0.0632652 0.612655
9.9964E-05 0.0618079 9.9964E-05 0.113085 0.113258 0.031844 9.9964E-05 9.9964E-05 0.679605
0.042568 0.00628689 9.9955E-05 9.9955E-05 9.9955E-05 9.9955E-05 9.9955E-05 0.00923759 0.941408
9.9982E-05 0.0333412 0.0369053 0.114676 0.0203109 0.0183807 9.9982E-05 0.0361585 0.740028
9.9946E-05 9.9946E-05 0.0345735 0.0599618 9.9946E-05 9.9946E-05 9.9946E-05 9.9946E-05 0.904865
9.9982E-05 9.9982E-05 0.0233632 0.001719 0.0142134 0.0329079 0.0112142 0.00962286 0.906759
0.0771528 0.00631668 9.9982E-05 0.0107475 0.0496364 9.9982E-05 0.0355284 0.0582015 0.762217
9.9982E-05 0.0462342 9.9982E-05 0.169432 0.0200324 0.00436502 0.0210441 0.00939576 0.729296
0.00550463 0.0827746 0.0376036 0.211951 0.000472662 9.9982E-05 9.9982E-05 0.105848 0.555646
9.9946E-05 0.0239904 9.9946E-05 9.9946E-05 9.9946E-05 0.153725 9.9946E-05 9.9946E-05 0.821684
9.9946E-05 9.9946E-05 0.0367153 0.0488668 9.9946E-05 9.9946E-05 9.9946E-05 9.9946E-05 0.913818
0.293601 0.0256669 9.9973E-05 0.212739 0.0170746 0.0269192 9.9973E-05 9.9973E-05 0.4237
0.0396857 0.0075433 9.9973E-05 0.315248 0.0678193 0.0430775 9.9973E-05 9.9973E-05 0.526326
0.0781995 0.0389896 0.0161433 0.19377 0.107587 9.9982E-05 0.0522249 9.9982E-05 0.512885
0.059697 9.9955E-05 9.9955E-05 0.378596 0.0273258 9.9955E-05 9.9955E-05 9.9955E-05 0.533881
0.610939 0.0115389 9.9982E-05 0.114228 0.000542231 9.9982E-05 0.0623632 0.123289 0.0769002
0.51548 0.0568533 9.9991E-05 0.0500916 0.0618849 0.0630371 0.00284551 0.125765 0.123942
0.48444 0.0842101 0.029695 9.9973E-05 9.9973E-05 9.9973E-05 0.0745997 0.0925167 0.234238
0.610252 0.0414638 9.9982E-05 0.122486 0.0194462 9.9982E-05 0.0198489 0.078784 0.10752
0.358812 0.0733514 9.9973E-05 0.21641 0.051431 9.9973E-05 9.9973E-05 0.034865 0.264831
0.999201 9.993E-05 9.993E-05 9.993E-05 9.993E-05 9.993E-05 9.993E-05 9.993E-05 9.993E-05
0.999201 9.993E-05 9.993E-05 9.993E-05 9.993E-05 9.993E-05 9.993E-05 9.993E-05 9.993E-05
0.383655 0.0518439 9.9991E-05 0.0268948 0.0291432 0.047732 0.00808839 0.0433882 0.409154
0.414068 0.0311671 0.0669238 0.0614464 0.107071 9.9982E-05 9.9982E-05 0.130056 0.189068
0.268149 0.0057681 0.10432 0.0752313 0.0284471 0.00134029 0.0428203 0.0621725 0.411752
0.343304 0.0785075 0.0271905 0.230501 0.0726117 9.9973E-05 9.9973E-05 9.9973E-05 0.247586
0.581575 0.0723244 9.9982E-05 0.0700179 0.0559385 0.0315079 9.9982E-05 0.0254401 0.162996
0.959358 9.9946E-05 0.0129604 9.9946E-05 0.0270816 9.9946E-05 9.9946E-05 9.9946E-05 9.9946E-05
0.265356 9.9982E-05 0.025421 0.338352 0.0520243 0.0753679 9.9982E-05 0.0154276 0.227851
0.255724 9.9991E-05 0.0555674 0.373874 0.0261669 0.00928032 0.013952 0.0280917 0.237244
0.525144 0.097483 9.9973E-05 0.0452823 9.9973E-05 9.9973E-05 0.0314989 0.117362 0.18293
0.356927 0.0911404 0.0487753 0.180275 0.127911 0.00633703 9.9991E-05 0.0328517 0.155683
0.434014 9.9982E-05 9.9982E-05 0.147829 0.0421051 0.00677888 0.0116974 0.0664124 0.290963
0.999201 9.993E-05 9.993E-05 9.993E-05 9.993E-05 9.993E-05 9.993E-05 9.993E-05 9.993E-05
0.369278 9.9964E-05 0.0370774 0.263376 0.0665931 9.9964E-05 9.9964E-05 9.9964E-05 0.263276
0.546909 9.9964E-05 9.9964E-05 9.9964E-05 0.092842 0.0461838 9.9964E-05 0.0946676 0.218997
0.572554 9.9973E-05 9.9973E-05 0.144698 0.0267429 9.9973E-05 0.0176624 0.10778 0.130262
0.431715 0.0580667 0.0131194 0.179318 0.0546989 0.0192442 0.062914 0.04166 0.139263
0.787161 0.0398729 9.9982E-05 0.00291021 0.0258529 0.0833099 0.0248222 0.0358704 9.9982E-05
0.613341 9.9973E-05 0.0238956 0.136493 0.0427247 9.9973E-05 9.9973E-05 0.0463824 0.136863
0.844703 0.0345761 9.9964E-05 9.9964E-05 9.9964E-05 0.0493234 0.0405809 0.0304164 9.9964E-05
0.564351 9.9946E-05 9.9946E-05 0.41325 9.9946E-05 9.9946E-05 0.0217997 9.9946E-05 9.9946E-05
0.766365 0.0184573 9.9964E-05 9.9964E-05 9.9964E-05 0.152236 0.0371121 0.0254298 9.9964E-05
0.451546 0.0157747 9.9991E-05 0.136318 0.0674741 0.0292896 0.0141423 0.0124608 0.272894
0.900852 0.0185644 9.9964E-05 9.9964E-05 9.9964E-05 0.032849 0.0165716 0.0307627 9.9964E-05
0.586073 0.0376881 0.0477305 0.108489 9.9982E-05 9.9982E-05 0.0754299 0.0261953 0.118194
0.461516 0.0540961 9.9991E-05 0.252414 0.0297551 0.0163602 0.0344801 0.0854597 0.0658183
0.679909 9.9973E-05 0.10622 0.139942 0.0517328 0.0125325 9.9973E-05 9.9973E-05 0.00936355
0.65142 0.00701212 0.0639448 0.180575 0.0966479 9.9964E-05 9.9964E-05 9.9964E-05 9.9964E-05
0.424011 9.9964E-05 0.0301252 0.377159 9.9964E-05 0.106113 9.9964E-05 0.0621918 9.9964E-05
0.56489 9.9973E-05 9.9973E-05 0.296088 0.0926889 0.026935 0.000734659 0.0183636 9.9973E-05
0.718587 0.037903 9.9955E-05 0.168865 9.9955E-05 9.9955E-05 0.0741454 9.9955E-05 9.9955E-05
0.462212 0.0068184 0.0157383 0.216333 9.9991E-05 0.166539 0.0758182 0.0296975 0.026744
9.9955E-05 0.0131154 9.9955E-05 0.942031 9.9955E-05 9.9955E-05 0.0420356 9.9955E-05 0.00231852
9.993E-05 9.993E-05 9.993E-05 0.999201 9.993E-05 9.993E-05 9.993E-05 9.993E-05 9.993E-05
0.032373 0.0296573 0.0281795 0.90929 9.9955E-05 9.9955E-05 9.9955E-05 9.9955E-05 9.9955E-05
0.00147075 9.99371E-05 9.99371E-05 0.99783 9.99371E-05 9.99371E-05 9.99371E-05 9.99371E-05 9.99371E-05
9.9946E-05 0.0598245 9.9946E-05 0.932631 9.9946E-05 0.00694445 9.9946E-05 9.9946E-05 9.9946E-05
0.0649683 9.9973E-05 9.9973E-05 0.56273 0.0597754 9.9973E-05 0.0348559 0.0981439 0.179226
0.269142 9.9982E-05 0.0167091 0.525129 0.0138677 9.9982E-05 0.100729 0.0720286 0.00219521
0.116146 0.098702 0.010067 0.550261 0.0277423 0.00395196 0.151137 0.0160883 0.025904
0.0926025 0.0618243 0.040111 0.50686 0.0200106 9.9991E-05 0.0373271 0.0670508 0.174114
0.104169 9.9982E-05 0.0086907 0.559546 0.0398423 9.9982E-05 0.0665995 0.0906495 0.130303
0.238846 0.0174264 9.9991E-05 0.536466 0.0560249 0.0530354 0.069915 0.0114302 0.0167566
0.16398 0.0717737 0.0169112 0.353534 0.118364 9.9991E-05 0.0836544 0.138962 0.0527209
0.319603 0.0376717 0.0260445 0.225742 9.9991E-05 0.240072 0.0873141 0.0193154 0.044137
0.334133 0.0425648 0.0356298 0.228543 9.9991E-05 0.157073 0.0716545 0.112222 0.0180804
0.177414 0.0669796 0.0494605 0.322323 0.144377 9.9991E-05 0.132339 0.0672246 0.0397819
9.99371E-05 9.99371E-05 9.99371E-05 9.99371E-05 9.99371E-05 9.99371E-05 0.983856 0.0154449 9.99371E-05
9.9955E-05 9.9955E-05 0.0252993 0.0144689 9.9955E-05 9.9955E-05 0.953821 9.9955E-05 0.00591135
9.9973E-05 9.9973E-05 0.0129097 0.0401538 0.025116 0.0821302 0.816944 9.9973E-05 0.0224464
9.993E-05 9.993E-05 9.993E-05 9.993E-05 9.993E-05 9.993E-05 0.999201 9.993E-05 9.993E-05
9.993E-05 9.993E-05 9.993E-05 9.993E-05 9.993E-05 9.993E-05 0.999201 9.993E-05 9.993E-05
9.993E-05 9.993E-05 9.993E-05 9.993E-05 9.993E-05 9.993E-05 0.999201 9.993E-05 9.993E-05
9.9946E-05 9.9946E-05 9.9946E-05 0.0157444 9.9946E-05 0.0165695 0.967086 9.9946E-05 9.9946E-05
0.0211559 9.9964E-05 9.9964E-05 0.0371814 9.9964E-05 0.00908538 0.860332 9.9964E-05 0.0718454
9.9946E-05 9.9946E-05 9.9946E-05 9.9946E-05 0.00247419 9.9946E-05 0.98656 0.0103661 9.9946E-05
9.993E-05 9.993E-05 9.993E-05 9.993E-05 9.993E-05 9.993E-05 0.999201 9.993E-05 9.993E-05
9.9982E-05 0.0505481 9.9982E-05 0.406798 0.0526656 0.0902644 0.0592326 0.238398 0.101894
0.0544864 0.00299304 9.9964E-05 9.9964E-05 0.00705617 0.0243567 0.910708 9.9964E-05 9.9964E-05
9.9937E-05 9.9937E-05 9.9937E-05 9.9937E-05 0.00891401 9.9937E-05 0.990386 9.9937E-05 9.9937E-05
9.99371E-05 9.99371E-05 9.99371E-05 0.016199 9.99371E-05 9.99371E-05 0.983101 9.99371E-05 9.99371E-05
9.9937E-05 9.9937E-05 9.9937E-05 0.987981 9.9937E-05 9.9937E-05 9.9937E-05 0.0113199 9.9937E-05
9.993E-05 9.993E-05 9.993E-05 0.999201 9.993E-05 9.993E-05 9.993E-05 9.993E-05 9.993E-05
9.993E-05 9.993E-05 9.993E-05 0.999201 9.993E-05 9.993E-05 9.993E-05 9.993E-05 9.993E-05
9.993E-05 9.993E-05 9.993E-05 0.999201 9.993E-05 9.993E-05 9.993E-05 9.993E-05 9.993E-05
9.9973E-05 0.0199834 9.9973E-05 0.821459 0.00750332 0.0220502 0.0080351 0.120669 9.9973E-05
9.9964E-05 9.9964E-05 9.9964E-05 0.713231 0.0107632 0.0889868 9.9964E-05 0.0892565 0.0973627
9.9991E-05 0.00149888 0.00472208 0.816146 0.0208879 0.0601365 0.0423853 0.0245624 0.0295615
9.9955E-05 9.9955E-05 9.9955E-05 0.867959 9.9955E-05 0.0624329 0.015434 0.0536745 9.9955E-05
9.9964E-05 0.038275 9.9964E-05 0.81951 9.9964E-05 0.0419346 0.0967746 0.00310568 9.9964E-05
9.9964E-05 0.00184321 9.9964E-05 0.885897 9.9964E-05 0.0624531 0.0360417 0.0133651 9.9964E-05
9.9982E-05 0.00991506 9.9982E-05 0.76786 0.0239553 0.0441247 0.0171731 0.0314354 0.105337
9.9955E-05 0.0349878 9.9955E-05 0.857754 9.9955E-05 0.101189 0.00557029 9.9955E-05 9.9955E-05
0.018711 0.0478453 0.0263914 0.750869 0.0336267 0.0392846 9.9982E-05 0.083072 9.9982E-05
0.0187148 0.0287646 9.9982E-05 0.679329 0.0263197 9.9982E-05 0.037208 0.148115 0.0613491
9.9964E-05 0.0248276 9.9964E-05 0.0381905 0.0154289 0.0118919 9.9964E-05 0.909261 9.9964E-05
9.9973E-05 9.9973E-05 0.0058895 9.9973E-05 0.0187657 0.0210944 0.0422874 0.893118 0.018545
9.993E-05 9.993E-05 9.993E-05 9.993E-05 9.993E-05 9.993E-05 9.993E-05 0.999201 9.993E-05
9.993E-05 9.993E-05 9.993E-05 9.993E-05 9.993E-05 9.993E-05 9.993E-05 0.999201 9.993E-05
9.993E-05 9.993E-05 9.993E-05 9.993E-05 9.993E-05 9.993E-05 9.993E-05 0.999201 9.993E-05
9.993E-05 9.993E-05 9.993E-05 9.993E-05 9.993E-05 9.993E-05 9.993E-05 0.999201 9.993E-05
0.0211158 9.9946E-05 9.9946E-05 9.9946E-05 9.9946E-05 0.0127136 9.9946E-05 0.965571 9.9946E-05
0.0690884 9.9964E-05 0.0348783 9.9964E-05 0.00726446 0.118835 9.9964E-05 0.769534 9.9964E-05
9.993E-05 9.993E-05 9.993E-05 9.993E-05 9.993E-05 9.993E-05 9.993E-05 0.999201 9.993E-05
9.993E-05 9.993E-05 9.993E-05 9.993E-05 9.993E-05 9.993E-05 9.993E-05 0.999201 9.993E-05
9.9964E-05 9.9964E-05 0.0116264 9.9964E-05 9.9964E-05 0.085585 0.0573974 0.837645 0.00734595
9.9937E-05 9.9937E-05 9.9937E-05 9.9937E-05 0.0239786 9.9937E-05 9.9937E-05 0.975322 9.9937E-05
0.0468207 0.101492 0.000881386 0.0239008 0.00860636 0.0670581 0.0140098 0.737131 9.9991E-05
9.993E-05 0.999201 9.993E-05 9.993E-05 9.993E-05 9.993E-05 9.993E-05 9.993E-05 9.993E-05
0.0803344 0.074912 9.9982E-05 0.606672 0.00220754 0.0603364 0.0861921 0.0891457 9.9982E-05
9.9946E-05 0.977675 9.9946E-05 9.9946E-05 9.9946E-05 9.9946E-05 0.0084325 0.0132923 9.9946E-05
9.993E-05 0.999201 9.993E-05 9.993E-05 9.993E-05 9.993E-05 9.993E-05 9.993E-05 9.993E-05
9.99461E-05 0.938071 9.99461E-05 9.99461E-05 9.99461E-05 0.0429517 0.0183779 9.99461E-05 9.99461E-05
0.0368247 0.80687 0.0167371 9.9973E-05 9.9973E-05 9.9973E-05 0.00291419 0.122337 0.0140174
9.993E-05 0.999201 9.993E-05 9.993E-05 9.993E-05 9.993E-05 9.993E-05 9.993E-05 9.993E-05
0.0361511 0.803359 9.9964E-05 0.0712204 9.9964E-05 0.0668638 9.9964E-05 0.0220063 9.9964E-05
9.99461E-05 0.960616 9.99461E-05 9.99461E-05 9.99461E-05 0.0198846 0.0189001 9.99461E-05 9.99461E-05
9.9955E-05 0.915079 0.000184334 0.0502668 9.9955E-05 9.9955E-05 9.9955E-05 0.0339701 9.9955E-05
9.993E-05 0.999201 9.993E-05 9.993E-05 9.993E-05 9.993E-05 9.993E-05 9.993E-05 9.993E-05
9.9955E-05 0.949553 9.9955E-05 0.015778 0.00227112 9.9955E-05 9.9955E-05 9.9955E-05 0.0318983
9.9946E-05 0.991168 9.9946E-05 9.9946E-05 0.00177033 9.9946E-05 0.00646157 9.9946E-05 9.9946E-05
0.016168 0.827544 9.9973E-05 0.00844908 0.0778477 9.9973E-05 0.0334888 0.0362021 9.9973E-05
9.9964E-05 0.977969 0.00899534 0.00307223 9.9964E-05 0.00173943 9.9964E-05 9.9964E-05 0.00782371
0.0118458 0.912077 9.9955E-05 0.0485127 9.9955E-05 0.0270645 9.9955E-05 9.9955E-05 9.9955E-05
0.0209226 0.913049 9.9982E-05 0.00556295 0.023051 0.0111502 0.0116807 0.0143834 9.9982E-05
9.9973E-05 0.904075 0.0224893 0.0214684 0.0480524 9.9973E-05 0.00279465 9.9973E-05 0.000820065
9.9955E-05 0.915171 9.9955E-05 0.050912 9.9955E-05 0.0139026 9.9955E-05 0.0195144 9.9955E-05
0.112191 0.0459958 0.0543393 0.373169 0.254481 0.107935 0.0226237 0.0291643 9.9991E-05
0.147039 0.0217105 0.0198077 0.384886 0.226668 0.104396 0.0356266 0.0597669 9.9991E-05
0.179154 0.0332032 0.0540413 0.314219 0.258437 0.0798806 0.064194 9.9991E-05 0.0167708
0.124715 0.0459344 0.0514813 0.407815 0.237843 0.113757 0.0182545 9.9982E-05 9.9982E-05
0.0146327 9.9973E-05 0.00351337 9.9973E-05 0.0101842 0.928759 9.9973E-05 0.0316746 0.0109367
9.993E-05 9.993E-05 9.993E-05 9.993E-05 9.993E-05 0.999201 9.993E-05 9.993E-05 9.993E-05
9.9955E-05 0.00815304 9.9955E-05 0.00329528 9.9955E-05 0.967354 0.0206983 9.9955E-05 9.9955E-05
9.993E-05 9.993E-05 9.993E-05 9.993E-05 9.993E-05 0.999201 9.993E-05 9.993E-05 9.993E-05
9.9964E-05 0.0086299 9.9964E-05 0.00443646 0.00860133 0.963834 0.0140982 9.9964E-05 9.9964E-05
9.9946E-05 9.9946E-05 9.9946E-05 0.0241565 0.0360998 0.939144 9.9946E-05 9.9946E-05 9.9946E-05
9.9955E-05 9.9955E-05 9.9955E-05 0.0284858 0.00483943 0.962308 0.00386741 9.9955E-05 9.9955E-05
9.9982E-05 0.0220328 0.0122864 0.00284069 0.0585377 0.763415 9.9982E-05 0.0222071 0.11848
0.0175201 9.9982E-05 0.00420615 0.0962257 0.011004 0.813222 0.0179466 9.9982E-05 0.0396754
9.9946E-05 9.9946E-05 9.9946E-05 0.0031637 0.993864 9.9946E-05 9.9946E-05 0.00237265 9.9946E-05
9.993E-05 9.993E-05 9.993E-05 9.993E-05 0.999201 9.993E-05 9.993E-05 9.993E-05 9.993E-05
9.9937E-05 0.00334394 9.9937E-05 9.9937E-05 0.995957 9.9937E-05 9.9937E-05 9.9937E-05 9.9937E-05
9.993E-05 9.993E-05 9.993E-05 9.993E-05 0.999201 9.993E-05 9.993E-05 9.993E-05 9.993E-05
9.993E-05 9.993E-05 9.993E-05 9.993E-05 0.999201 9.993E-05 9.993E-05 9.993E-05 9.993E-05
0.0159129 0.0475048 0.00304654 0.0648859 0.86825 9.9964E-05 9.9964E-05 9.9964E-05 9.9964E-05
9.993E-05 9.993E-05 9.993E-05 9.993E-05 0.999201 9.993E-05 9.993E-05 9.993E-05 9.993E-05
9.993E-05 9.993E-05 9.993E-05 9.993E-05 0.999201 9.993E-05 9.993E-05 9.993E-05 9.993E-05
9.9973E-05 0.0016362 0.00265591 9.9973E-05 0.961622 0.00919905 0.00334152 0.0212453 9.9973E-05
0.00216843 9.9946E-05 9.9946E-05 9.9946E-05 0.945792 9.9946E-05 9.9946E-05 0.0514399 9.9946E-05
9.9946E-05 9.9946E-05 9.9946E-05 9.9946E-05 0.978738 0.0123467 0.00831597 9.9946E-05 9.9946E-05
9.9937E-05 9.9937E-05 9.9937E-05 9.9937E-05 0.9893 9.9937E-05 0.00999995 9.9937E-05 9.9937E-05
