9.993E-05 9.993E-05 9.993E-05 0.999201 9.993E-05 9.993E-05 9.993E-05 9.993E-05 9.993E-05
9.9955E-05 9.9955E-05 9.9955E-05 0.764217 9.9955E-05 0.0459412 0.0590498 0.130292 9.9955E-05
9.993E-05 9.993E-05 9.993E-05 9.993E-05 9.993E-05 9.993E-05 0.999201 9.993E-05 9.993E-05
9.9964E-05 9.9964E-05 9.9964E-05 9.9964E-05 0.00439535 0.012247 0.860901 0.0719675 0.0500897
0.00639629 9.9973E-05 0.0336434 0.655782 9.9973E-05 0.0067096 0.0540913 0.243077 9.9973E-05
9.9955E-05 0.0409166 9.9955E-05 0.838279 0.0316301 9.9955E-05 9.9955E-05 9.9955E-05 0.0886748
0.120314 0.0635703 9.9955E-05 0.803712 0.0119037 9.9955E-05 9.9955E-05 9.9955E-05 9.9955E-05
0.0812138 0.0407359 9.9973E-05 0.845227 0.0037489 0.010262 9.9973E-05 9.9973E-05 0.0185121
0.209403 9.9946E-05 9.9946E-05 0.478656 9.9946E-05 9.9946E-05 0.311342 9.9946E-05 9.9946E-05
0.0745485 0.0450491 0.131515 0.554583 0.046269 0.0344759 0.111975 9.9991E-05 0.00148483
9.9964E-05 0.298669 9.9964E-05 9.9964E-05 9.9964E-05 0.0060992 0.0893122 0.226087 0.379433
9.9937E-05 0.961063 9.9937E-05 9.9937E-05 9.9937E-05 9.9937E-05 9.9937E-05 0.0382377 9.9937E-05
9.9937E-05 0.925434 9.9937E-05 0.0738664 9.9937E-05 9.9937E-05 9.9937E-05 9.9937E-05 9.9937E-05
0.0759246 0.699201 9.9973E-05 9.9973E-05 0.0825159 0.0468089 0.0444126 9.9973E-05 0.0508375
9.9964E-05 0.189627 9.9964E-05 9.9964E-05 0.177588 0.0293798 0.0641716 0.538833 9.9964E-05
9.9955E-05 0.363486 9.9955E-05 9.9955E-05 0.471478 9.9955E-05 9.9955E-05 0.0309649 0.133571
9.993E-05 9.993E-05 9.993E-05 9.993E-05 9.993E-05 9.993E-05 9.993E-05 9.993E-05 0.999201
9.9937E-05 9.9937E-05 0.187125 9.9937E-05 0.812175 9.9937E-05 9.9937E-05 9.9937E-05 9.9937E-05
0.096888 0.282831 0.0681286 9.9982E-05 0.273884 0.0013795 0.0275705 0.249119 9.9982E-05
9.993E-05 9.993E-05 9.993E-05 9.993E-05 0.999201 9.993E-05 9.993E-05 9.993E-05 9.993E-05
9.9973E-05 0.0883056 0.121369 0.0435575 0.560313 0.011323 9.9973E-05 9.9973E-05 0.174832
9.9955E-05 9.9955E-05 9.9955E-05 0.255611 0.188359 9.9955E-05 9.9955E-05 0.366799 0.188731
9.9964E-05 0.0633013 9.9964E-05 9.9964E-05 9.9964E-05 0.0152719 0.0379281 0.036319 0.84678
9.9937E-05 9.9937E-05 0.0478643 9.9937E-05 9.9937E-05 9.9937E-05 9.9937E-05 9.9937E-05 0.951436
9.9964E-05 0.709114 0.189657 9.9964E-05 0.0443136 9.9964E-05 9.9964E-05 0.052403 0.0041123
0.0326142 0.769087 0.120689 0.060194 0.0170158 9.9964E-05 9.9964E-05 9.9964E-05 9.9964E-05
0.0540281 9.9946E-05 9.9946E-05 9.9946E-05 0.0368321 9.9946E-05 9.9946E-05 0.90854 9.9946E-05
9.9973E-05 9.9973E-05 0.129956 0.0154051 0.0292515 0.0230773 0.0317787 0.770231 9.9973E-05
0.0049079 0.0985148 0.0458279 0.0153417 9.9964E-05 9.9964E-05 9.9964E-05 0.835008 9.9964E-05
9.993E-05 9.993E-05 9.993E-05 9.993E-05 9.993E-05 9.993E-05 9.993E-05 0.999201 9.993E-05
0.521931 9.9955E-05 0.255434 9.9955E-05 9.9955E-05 9.9955E-05 0.217439 0.00469573 9.9955E-05
0.55308 0.103985 0.0650078 0.0476564 0.0243937 0.00916838 0.168951 0.0276579 9.9991E-05
0.57671 9.9964E-05 0.00257339 9.9964E-05 0.0243019 9.9964E-05 0.0582386 0.337776 9.9964E-05
0.805701 9.9955E-05 9.9955E-05 0.0274769 9.9955E-05 9.9955E-05 9.9955E-05 0.0916947 0.0746276
0.452415 0.110524 0.0270065 9.9982E-05 0.15879 0.00698675 0.0148309 0.229247 9.9982E-05
0.772149 0.0364987 9.9973E-05 0.0266736 9.9973E-05 0.0163738 0.0959247 9.9973E-05 0.0520803
0.476487 9.9964E-05 9.9964E-05 0.210189 0.283488 0.0148521 0.0145842 9.9964E-05 9.9964E-05
0.512776 9.9973E-05 0.135131 0.0479018 9.9973E-05 9.9973E-05 0.00448135 0.124206 0.175203
0.741955 9.9955E-05 9.9955E-05 9.9955E-05 0.207254 0.0109916 0.0392999 9.9955E-05 9.9955E-05
0.264433 9.9955E-05 0.393299 9.9955E-05 0.154665 9.9955E-05 9.9955E-05 0.187103 9.9955E-05
0.731537 0.00452518 0.0722551 0.0550061 9.9973E-05 9.9973E-05 0.00803973 9.9973E-05 0.128336
0.280843 0.182065 0.365933 0.0239958 0.00717838 9.9991E-05 0.110467 0.0232863 0.00613045
0.55649 0.100883 0.0173187 9.9964E-05 9.9964E-05 9.9964E-05 0.0543999 0.270508 9.9964E-05
0.59685 9.9964E-05 9.9964E-05 0.0593032 9.9964E-05 0.0374802 9.9964E-05 0.275813 0.0301541
0.653094 0.155683 0.152326 9.9973E-05 0.00550751 0.0174273 0.0156614 9.9973E-05 9.9973E-05
0.809727 0.0800643 0.0400821 0.00728169 9.9973E-05 0.00768293 9.9973E-05 0.0548622 9.9973E-05
0.968073 9.99371E-05 9.99371E-05 9.99371E-05 9.99371E-05 0.0312271 9.99371E-05 9.99371E-05 9.99371E-05
0.835217 9.9937E-05 0.164083 9.9937E-05 9.9937E-05 9.9937E-05 9.9937E-05 9.9937E-05 9.9937E-05
0.524476 9.9964E-05 0.0300782 0.014566 9.9964E-05 9.9964E-05 0.0667581 0.363722 9.9964E-05
0.675936 0.152726 0.117811 0.0441242 9.9964E-05 9.9964E-05 0.00900328 9.9964E-05 9.9964E-05
0.629607 9.9955E-05 0.337867 9.9955E-05 0.0300443 9.9955E-05 0.00198197 9.9955E-05 9.9955E-05
0.999201 9.993E-05 9.993E-05 9.993E-05 9.993E-05 9.993E-05 9.993E-05 9.993E-05 9.993E-05
0.620475 9.9946E-05 0.32771 9.9946E-05 9.9946E-05 9.9946E-05 9.9946E-05 9.9946E-05 0.0512156
0.785445 9.9955E-05 0.139385 9.9955E-05 9.9955E-05 9.9955E-05 9.9955E-05 0.0140487 0.0606219
0.973164 0.0261363 9.9937E-05 9.9937E-05 9.9937E-05 9.9937E-05 9.9937E-05 9.9937E-05 9.9937E-05
0.750576 9.9955E-05 0.182651 9.9955E-05 9.9955E-05 0.0621816 0.00409228 9.9955E-05 9.9955E-05
9.9964E-05 9.9964E-05 0.752397 9.9964E-05 9.9964E-05 0.0325348 0.0145667 0.159658 0.0404438
0.0144425 9.9964E-05 0.6987 0.0317295 0.0398818 9.9964E-05 9.9964E-05 0.214846 9.9964E-05
0.0806965 9.9964E-05 0.660594 9.9964E-05 9.9964E-05 9.9964E-05 0.102166 0.154165 0.00197919
0.048013 9.9955E-05 0.622249 0.156476 9.9955E-05 9.9955E-05 9.9955E-05 0.172762 9.9955E-05
0.112369 9.9964E-05 0.82907 0.018407 0.00826872 9.9964E-05 9.9964E-05 9.9964E-05 0.0314859
0.188133 0.00655689 0.582172 0.0245145 9.9991E-05 0.0812863 0.081333 0.0288662 0.00703797
0.0351934 9.9964E-05 0.921217 0.0271948 9.9964E-05 9.9964E-05 0.0123121 9.9964E-05 0.00368231
9.99371E-05 9.99371E-05 0.951171 9.99371E-05 9.99371E-05 0.0481292 9.99371E-05 9.99371E-05 9.99371E-05
9.9946E-05 9.9946E-05 0.917276 9.9946E-05 0.0710011 9.9946E-05 9.9946E-05 0.0111233 9.9946E-05
9.9937E-05 9.9937E-05 0.995666 9.9937E-05 9.9937E-05 9.9937E-05 9.9937E-05 0.0036348 9.9937E-05
9.9937E-05 9.9937E-05 0.999079 9.9937E-05 9.9937E-05 0.000221623 9.9937E-05 9.9937E-05 9.9937E-05
9.9955E-05 9.9955E-05 0.951183 9.9955E-05 0.0223065 9.9955E-05 0.000526718 0.025484 9.9955E-05
9.9946E-05 9.9946E-05 0.989676 9.9946E-05 9.9946E-05 0.00215904 0.00756482 9.9946E-05 9.9946E-05
9.9937E-05 9.9937E-05 0.96558 9.9937E-05 9.9937E-05 9.9937E-05 0.0337207 9.9937E-05 9.9937E-05
0.00449971 9.99551E-05 0.963789 9.99551E-05 0.0259322 9.99551E-05 9.99551E-05 9.99551E-05 0.00527964
0.239643 9.9955E-05 0.597055 0.151752 9.9955E-05 0.0110499 9.9955E-05 9.9955E-05 9.9955E-05
9.9946E-05 9.9946E-05 0.940354 9.9946E-05 9.9946E-05 0.0143063 0.0447404 9.9946E-05 9.9946E-05
0.0984529 0.0324451 0.795125 0.0115083 9.9973E-05 0.0551576 9.9973E-05 0.00701104 9.9973E-05
0.0314697 0.0372753 0.308923 9.9982E-05 0.0390459 0.545282 0.00304116 0.0347637 9.9982E-05
9.993E-05 9.993E-05 9.993E-05 9.993E-05 9.993E-05 0.999201 9.993E-05 9.993E-05 9.993E-05
0.0873797 0.0292914 0.689042 0.00675031 9.9991E-05 0.0511928 0.017725 0.0874506 0.0310682
