9.993E-05 9.993E-05 0.999201 9.993E-05 9.993E-05 9.993E-05 9.993E-05 9.993E-05 9.993E-05
9.9955E-05 0.030757 0.0754741 9.9955E-05 9.9955E-05 9.9955E-05 9.9955E-05 0.840585 0.0526837
9.9955E-05 0.0683763 0.059507 9.9955E-05 9.9955E-05 9.9955E-05 9.9955E-05 0.851587 0.0200302
9.993E-05 9.993E-05 9.993E-05 9.993E-05 9.993E-05 9.993E-05 9.993E-05 0.999201 9.993E-05
0.19137 9.9964E-05 9.9964E-05 0.0466604 0.056555 0.0698423 9.9964E-05 0.635172 9.9964E-05
0.141334 0.0259026 0.0630545 9.9973E-05 0.00760316 9.9973E-05 0.211922 0.549884 9.9973E-05
0.33546 9.9946E-05 0.157713 9.9946E-05 9.9946E-05 9.9946E-05 9.9946E-05 0.506228 9.9946E-05
0.134492 0.072286 0.145747 9.9964E-05 9.9964E-05 9.9964E-05 0.133878 0.513196 9.9964E-05
0.20593 0.0254348 0.0807079 9.9973E-05 9.9973E-05 0.0534173 0.0760908 0.558119 9.9973E-05
9.9937E-05 0.000805408 0.998495 9.9937E-05 9.9937E-05 9.9937E-05 9.9937E-05 9.9937E-05 9.9937E-05
9.993E-05 9.993E-05 0.999201 9.993E-05 9.993E-05 9.993E-05 9.993E-05 9.993E-05 9.993E-05
9.9937E-05 9.9937E-05 0.987799 9.9937E-05 9.9937E-05 9.9937E-05 9.9937E-05 0.0115017 9.9937E-05
9.9937E-05 9.9937E-05 0.9957 9.9937E-05 9.9937E-05 9.9937E-05 9.9937E-05 9.9937E-05 0.00360024
0.00257052 9.9955E-05 0.93587 9.9955E-05 0.0372623 0.0237971 9.9955E-05 9.9955E-05 9.9955E-05
9.9964E-05 0.015453 0.927042 0.0252671 0.005524 9.9964E-05 9.9964E-05 0.0263142 9.9964E-05
0.0972293 9.9964E-05 0.03676 9.9964E-05 9.9964E-05 0.0346101 0.297924 0.533077 9.9964E-05
0.0883124 0.0325599 0.125679 0.0663151 0.0351863 0.0431095 0.184384 0.424354 9.9991E-05
9.993E-05 9.993E-05 9.993E-05 9.993E-05 9.993E-05 9.993E-05 9.993E-05 0.999201 9.993E-05
0.915832 9.9955E-05 9.9955E-05 9.9955E-05 0.0272263 0.00651446 9.9955E-05 0.0499278 9.9955E-05
0.979044 9.99371E-05 9.99371E-05 9.99371E-05 0.0202566 9.99371E-05 9.99371E-05 9.99371E-05 9.99371E-05
0.79885 9.9964E-05 0.0630824 9.9964E-05 9.9964E-05 0.0193553 9.9964E-05 0.0995486 0.0187635
0.701408 0.0462079 9.9991E-05 0.0556676 0.0674726 0.0215212 0.0133064 0.0743824 0.0199337
0.906635 0.00227819 9.9955E-05 9.9955E-05 0.0575626 9.9955E-05 9.9955E-05 0.0330248 9.9955E-05
0.956585 9.9946E-05 0.0219435 0.0208713 9.9946E-05 9.9946E-05 9.9946E-05 9.9946E-05 9.9946E-05
0.97709 9.9955E-05 0.0140102 0.00406903 9.9955E-05 9.9955E-05 9.9955E-05 9.9955E-05 0.00433055
0.711416 9.9964E-05 9.9964E-05 0.0519251 0.00496936 0.0332322 0.198057 9.9964E-05 9.9964E-05
0.80384 0.0702051 0.00258072 9.9964E-05 9.9964E-05 0.0924767 0.0304973 9.9964E-05 9.9964E-05
0.878243 0.0234133 9.99461E-05 9.99461E-05 9.99461E-05 9.99461E-05 9.99461E-05 0.0977443 9.99461E-05
0.736361 0.00927847 0.050085 0.0301258 0.0213505 0.0209749 0.079917 0.0511853 0.000722063
0.787947 9.9955E-05 0.0375487 9.9955E-05 9.9955E-05 9.9955E-05 0.0444126 0.129592 9.9955E-05
0.89114 9.9955E-05 0.0727874 9.9955E-05 0.0229627 0.0126097 9.9955E-05 9.9955E-05 9.9955E-05
0.819605 0.0159354 9.9973E-05 0.0435873 9.9973E-05 0.0393361 0.0717191 9.9973E-05 0.00951764
0.85862 0.0613819 0.00364213 9.9973E-05 9.9973E-05 0.00933834 0.0221411 9.9973E-05 0.0445766
0.62609 0.0791774 0.0670345 0.0798267 9.9991E-05 0.0107673 0.0890801 0.0197324 0.028192
0.80435 9.9946E-05 9.9946E-05 9.9946E-05 0.128391 9.9946E-05 9.9946E-05 0.0666595 9.9946E-05
0.820375 9.9964E-05 0.0507115 9.9964E-05 9.9964E-05 0.00938698 0.0165744 0.102552 9.9964E-05
0.599937 9.9946E-05 9.9946E-05 9.9946E-05 0.0417667 9.9946E-05 0.357697 9.9946E-05 9.9946E-05
0.507449 0.0369529 0.00577822 0.024576 0.0832215 0.09459 0.146617 0.100716 9.9991E-05
0.606182 0.10045 0.00124436 9.9982E-05 9.9982E-05 0.0793326 0.137472 0.00964967 0.0654691
0.684622 9.9973E-05 9.9973E-05 0.0369468 0.0190304 0.0576488 0.167691 9.9973E-05 0.0337607
9.9973E-05 0.00849017 9.9973E-05 0.0686057 9.9973E-05 0.0272412 0.746821 0.134441 0.014101
0.0704243 0.0267318 9.9982E-05 0.00903205 0.0104732 0.0836121 0.758555 0.0409719 9.9982E-05
0.0592018 0.0721441 0.0163924 0.0510146 9.9982E-05 9.9982E-05 0.548958 0.199255 0.0528343
9.9964E-05 0.0160406 9.9964E-05 9.9964E-05 9.9964E-05 0.0136719 0.82192 0.127746 0.0202218
0.192553 0.0699207 9.9973E-05 0.00275995 9.9973E-05 0.0278115 0.676573 0.0300828 9.9973E-05
9.9946E-05 9.9946E-05 0.00385733 9.9946E-05 9.9946E-05 9.9946E-05 0.981331 0.0142124 9.9946E-05
9.9937E-05 9.9937E-05 0.0210813 9.9937E-05 9.9937E-05 9.9937E-05 0.978219 9.9937E-05 9.9937E-05
0.418248 0.0489637 9.9973E-05 0.00398322 0.0485304 0.0257454 0.45423 9.9973E-05 9.9973E-05
0.00452532 0.0430045 0.0333433 0.0275752 0.013869 0.0541719 0.650413 0.172998 9.9991E-05
0.27865 9.9982E-05 0.0566646 0.0833383 0.00236665 9.9982E-05 0.338094 0.195381 0.0453055
0.204129 0.0421105 0.0564961 9.9973E-05 9.9973E-05 0.0304375 0.644458 0.0220695 9.9973E-05
0.163726 0.0353687 0.00618535 9.9973E-05 9.9973E-05 0.00515733 0.760291 0.028972 9.9973E-05
9.9946E-05 0.00760075 9.9946E-05 9.9946E-05 9.9946E-05 9.9946E-05 0.9567 0.0351 9.9946E-05
0.234223 9.9982E-05 0.0454628 0.0336216 0.0941521 0.0329234 0.528105 9.9982E-05 0.0313124
0.209888 9.9982E-05 0.0445963 0.0750021 0.0510224 0.0331694 0.544522 9.9982E-05 0.0416
0.031294 0.0605239 9.9982E-05 0.0629716 9.9982E-05 0.00053864 0.669407 0.163907 0.0111583
0.229252 0.0567022 0.0741823 0.0512074 0.0111766 0.074143 0.491552 0.0116842 9.9991E-05
0.188991 9.9982E-05 9.9982E-05 0.0497517 0.00571795 0.064903 0.559736 0.101987 0.0287137
9.9955E-05 0.00587561 0.00150591 9.9955E-05 9.9955E-05 9.9955E-05 0.977922 0.0141967 9.9955E-05
0.233194 0.0225869 0.0584454 0.0199659 9.9991E-05 0.0369611 0.612423 0.012814 0.00351048
0.169284 9.9973E-05 9.9973E-05 0.0364321 0.0366014 0.0354133 0.694267 0.0277028 9.9973E-05
9.99551E-05 9.99551E-05 9.99551E-05 0.0880776 9.99551E-05 0.00838791 0.827863 0.0751718 9.99551E-05
0.176838 0.0202055 0.0106766 0.0110491 0.00432171 0.0340643 0.698518 9.9991E-05 0.044227
9.99551E-05 0.0239145 9.99551E-05 9.99551E-05 0.0353847 0.0149634 0.925238 9.99551E-05 9.99551E-05
0.0993496 9.9973E-05 0.00476823 0.0418954 9.9973E-05 0.0152071 0.79942 0.0390601 9.9973E-05
9.9955E-05 0.0272112 0.00584451 9.9955E-05 0.0485964 9.9955E-05 0.917848 9.9955E-05 9.9955E-05
9.9937E-05 9.9937E-05 9.9937E-05 9.9937E-05 9.9937E-05 9.9937E-05 0.949022 9.9937E-05 0.0502789
9.9964E-05 0.0197224 0.037129 9.9964E-05 0.102993 9.9964E-05 0.833431 9.9964E-05 0.00632513
0.270968 0.0220288 9.9982E-05 0.0573166 9.9982E-05 0.0251298 0.545323 0.0693472 0.00968673
9.99551E-05 0.0280848 0.00357594 9.99551E-05 0.00582428 9.99551E-05 0.962015 9.99551E-05 9.99551E-05
0.015362 0.000995679 0.0223701 0.0093403 9.9982E-05 9.9982E-05 0.780471 0.104415 0.0668455
0.0557041 0.0485432 9.9964E-05 0.0768201 9.9964E-05 9.9964E-05 0.767372 9.9964E-05 0.0511604
9.99371E-05 9.99371E-05 0.0974084 9.99371E-05 9.99371E-05 9.99371E-05 0.901892 9.99371E-05 9.99371E-05
9.9946E-05 9.9946E-05 0.0583288 9.9946E-05 9.9946E-05 0.0324584 0.908613 9.9946E-05 9.9946E-05
0.0463063 0.0224285 0.036463 0.0482867 0.0126217 9.9973E-05 0.833594 9.9973E-05 9.9973E-05
9.9955E-05 9.9955E-05 0.00572996 9.9955E-05 0.0423772 0.0513215 0.900072 9.9955E-05 9.9955E-05
9.9955E-05 0.0241504 9.9955E-05 9.9955E-05 9.9955E-05 9.9955E-05 0.957963 0.0134726 0.0039142
9.9964E-05 9.9964E-05 9.9964E-05 0.016862 0.103283 9.9964E-05 0.688202 0.100729 0.090524
9.9982E-05 0.0462426 9.9982E-05 0.0922706 0.154703 0.0449061 0.577864 0.0136048 0.0702082
9.9964E-05 9.9964E-05 9.9964E-05 0.06474 0.0817431 0.0247771 0.705069 9.9964E-05 0.123271
9.9973E-05 0.00321608 9.9973E-05 0.0621105 0.0882913 0.0218301 0.748694 9.9973E-05 0.0755581
9.9973E-05 0.0119843 9.9973E-05 0.0793119 0.129518 0.0112666 0.682554 9.9973E-05 0.085066
0.00620265 0.016002 9.9982E-05 0.072697 0.101013 0.01653 0.715055 9.9982E-05 0.0723002
0.129818 0.00161477 0.0268145 0.118202 0.000706375 0.0841226 0.487659 0.0161737 0.134889
0.0103036 9.9982E-05 9.9982E-05 0.0979588 0.0034024 0.0543778 0.567164 0.0770761 0.189517
0.00221408 0.0615526 0.0352292 0.0976038 0.0437334 0.00638604 0.534586 0.0524365 0.166259
0.161065 0.0746614 0.033988 0.077509 0.0441209 0.012154 0.461156 0.0465436 0.0888021
0.172977 9.9964E-05 9.9964E-05 0.125469 9.9964E-05 0.060449 0.512026 9.9964E-05 0.128679
0.0430179 0.0288454 9.9991E-05 0.0796564 0.0929231 0.0615609 0.56988 0.0110375 0.112979
0.0909966 0.0903751 0.00646267 0.129511 0.00462804 0.112622 0.455482 9.9991E-05 0.109822
9.9982E-05 0.0144062 0.0021355 0.0443415 0.176529 9.9982E-05 0.540329 0.123108 0.0989509
9.9973E-05 0.0470856 9.9973E-05 0.0980819 0.169248 9.9973E-05 0.516518 0.107533 0.0612342
0.0816163 0.0630922 0.0285602 0.0766568 9.9982E-05 0.183746 0.329911 9.9982E-05 0.236217
9.993E-05 9.993E-05 9.993E-05 9.993E-05 9.993E-05 9.993E-05 9.993E-05 9.993E-05 0.999201
9.9955E-05 0.0513164 0.0160324 9.9955E-05 9.9955E-05 9.9955E-05 9.9955E-05 0.0173091 0.914842
0.012454 9.9964E-05 0.023211 9.9964E-05 0.0382419 9.9964E-05 0.0441581 9.9964E-05 0.881535
9.993E-05 9.993E-05 9.993E-05 9.993E-05 9.993E-05 9.993E-05 9.993E-05 9.993E-05 0.999201
9.993E-05 9.993E-05 9.993E-05 9.993E-05 9.993E-05 9.993E-05 9.993E-05 9.993E-05 0.999201
9.993E-05 9.993E-05 9.993E-05 9.993E-05 9.993E-05 9.993E-05 9.993E-05 9.993E-05 0.999201
9.993E-05 9.993E-05 9.993E-05 9.993E-05 9.993E-05 9.993E-05 9.993E-05 9.993E-05 0.999201
0.0175411 9.9964E-05 9.9964E-05 9.9964E-05 9.9964E-05 0.0451308 0.0510256 0.0373162 0.848586
9.993E-05 9.993E-05 9.993E-05 9.993E-05 9.993E-05 9.993E-05 9.993E-05 9.993E-05 0.999201
9.993E-05 9.993E-05 9.993E-05 9.993E-05 9.993E-05 9.993E-05 9.993E-05 9.993E-05 0.999201
0.103245 0.0807095 9.9982E-05 0.236914 0.0827247 0.118226 0.260742 9.9982E-05 0.117238
9.9964E-05 9.9964E-05 0.000981117 9.9964E-05 0.037605 0.00795347 0.0643937 9.9964E-05 0.888667
9.99371E-05 9.99371E-05 0.0191867 9.99371E-05 9.99371E-05 9.99371E-05 9.99371E-05 9.99371E-05 0.980114
9.99371E-05 9.99371E-05 9.99371E-05 9.99371E-05 9.99371E-05 0.0219801 9.99371E-05 9.99371E-05 0.97732
0.0668088 0.0336994 9.9982E-05 0.191903 0.0550008 0.144964 0.364594 9.9982E-05 0.14283
0.105831 0.0613758 9.9982E-05 0.18815 0.0716498 0.0992055 0.343275 9.9982E-05 0.130313
9.9973E-05 0.0413683 9.9973E-05 0.215638 0.143244 0.0606353 0.446011 9.9973E-05 0.0928024
0.064368 0.044363 9.9982E-05 0.205624 0.0930055 0.0614347 0.347457 9.9982E-05 0.183548
0.0668195 0.074528 9.9982E-05 0.221805 0.0889573 0.0561424 0.301684 9.9982E-05 0.189864
0.168906 0.00684332 9.9982E-05 0.207574 0.175205 0.0041456 0.313684 9.9982E-05 0.123443
0.114756 0.0154285 0.0045057 0.176704 0.116998 0.022952 0.386674 9.9991E-05 0.161881
0.0618103 0.00534845 9.9982E-05 0.234428 0.124163 0.0330688 0.399332 9.9982E-05 0.141649
0.0595092 0.0773694 9.9982E-05 0.130561 0.157734 0.0484877 0.317534 9.9982E-05 0.208605
0.0491969 0.0673395 0.0137138 0.105683 0.155904 0.021781 0.37238 9.9991E-05 0.213901
0.122458 0.0709309 9.9982E-05 0.127821 0.0763243 0.0846286 0.39831 9.9982E-05 0.119327
0.0307237 0.0184452 9.9982E-05 0.0995674 0.192588 0.0217674 0.410338 9.9982E-05 0.22637
9.9982E-05 0.0672477 0.0254401 0.18036 0.129046 0.0611991 0.480056 9.9982E-05 0.0564511
0.014603 0.0679491 9.9991E-05 0.197778 0.0757576 0.0536387 0.429999 0.0396252 0.12055
0.0129164 0.00361375 9.9973E-05 0.938227 0.0213017 0.0126656 0.0109756 9.9973E-05 9.9973E-05
9.9964E-05 9.9964E-05 9.9964E-05 0.870069 0.0134262 0.0633706 9.9964E-05 0.0448482 0.00788636
9.993E-05 9.993E-05 9.993E-05 0.999201 9.993E-05 9.993E-05 9.993E-05 9.993E-05 9.993E-05
9.9937E-05 9.9937E-05 9.9937E-05 0.988117 9.9937E-05 0.011183 9.9937E-05 9.9937E-05 9.9937E-05
9.9937E-05 9.9937E-05 9.9937E-05 0.980677 9.9937E-05 0.0186233 9.9937E-05 9.9937E-05 9.9937E-05
9.9937E-05 9.9937E-05 0.00480563 0.994495 9.9937E-05 9.9937E-05 9.9937E-05 9.9937E-05 9.9937E-05
9.9946E-05 9.9946E-05 9.9946E-05 0.994995 0.00335368 9.9946E-05 9.9946E-05 0.00105165 9.9946E-05
9.9964E-05 9.9964E-05 0.0492194 0.754572 0.14318 9.9964E-05 0.0399399 0.0126891 9.9964E-05
9.99371E-05 0.00756366 9.99371E-05 0.991737 9.99371E-05 9.99371E-05 9.99371E-05 9.99371E-05 9.99371E-05
9.993E-05 9.993E-05 9.993E-05 0.999201 9.993E-05 9.993E-05 9.993E-05 9.993E-05 9.993E-05
9.9955E-05 9.9955E-05 9.9955E-05 0.824053 0.0734552 9.9955E-05 9.9955E-05 0.0619469 0.0400451
9.9946E-05 9.9946E-05 9.9946E-05 0.960183 0.0311564 9.9946E-05 9.9946E-05 9.9946E-05 0.0080613
9.9964E-05 0.0707512 9.9964E-05 0.757956 0.00533809 0.0149447 0.15061 9.9964E-05 9.9964E-05
9.993E-05 0.999201 9.993E-05 9.993E-05 9.993E-05 9.993E-05 9.993E-05 9.993E-05 9.993E-05
9.9982E-05 0.0745106 9.9982E-05 0.181487 0.0939041 0.0416645 0.366307 0.0598632 0.182063
9.993E-05 0.999201 9.993E-05 9.993E-05 9.993E-05 9.993E-05 9.993E-05 9.993E-05 9.993E-05
9.993E-05 0.999201 9.993E-05 9.993E-05 9.993E-05 9.993E-05 9.993E-05 9.993E-05 9.993E-05
9.99461E-05 0.942317 9.99461E-05 9.99461E-05 0.044284 9.99461E-05 9.99461E-05 9.99461E-05 0.0127995
0.0848202 0.804473 0.0108599 9.9955E-05 9.9955E-05 9.9955E-05 0.0993469 9.9955E-05 9.9955E-05
9.993E-05 0.999201 9.993E-05 9.993E-05 9.993E-05 9.993E-05 9.993E-05 9.993E-05 9.993E-05
9.99461E-05 0.877468 9.99461E-05 9.99461E-05 0.0555613 9.99461E-05 0.0663712 9.99461E-05 9.99461E-05
0.00596487 0.973391 0.00253665 9.9955E-05 9.9955E-05 9.9955E-05 9.9955E-05 0.0176072 9.9955E-05
9.9946E-05 0.949243 9.9946E-05 9.9946E-05 9.9946E-05 9.9946E-05 0.0456463 9.9946E-05 0.00451102
9.9946E-05 0.992671 0.00349365 9.9946E-05 9.9946E-05 9.9946E-05 9.9946E-05 0.00323571 9.9946E-05
9.99452E-05 0.996775 0.00252543 9.99452E-05 9.99452E-05 9.99452E-05 9.99452E-05 9.99452E-05 9.99452E-05
9.99371E-05 0.97086 9.99371E-05 0.0284405 9.99371E-05 9.99371E-05 9.99371E-05 9.99371E-05 9.99371E-05
9.9982E-05 0.80356 9.9982E-05 0.0668898 0.00762761 0.0509285 0.00899957 0.0418903 0.0199042
0.00805644 0.92699 0.0121803 9.9973E-05 0.00331444 0.00913158 0.0400271 9.9973E-05 9.9973E-05
9.9973E-05 0.882794 0.0161708 0.0229573 0.00923428 9.9973E-05 0.0673748 9.9973E-05 0.00116874
9.9982E-05 0.891602 0.000769118 0.0216667 0.0324731 0.0345631 9.9982E-05 0.00881903 0.0099072
9.9973E-05 0.87305 0.00134964 9.9973E-05 0.0430409 0.0277539 0.0334166 0.0210894 9.9973E-05
9.9964E-05 0.948669 9.9964E-05 0.0251829 9.9964E-05 0.00991498 0.00476314 9.9964E-05 0.0110698
9.9982E-05 0.0360073 0.0321582 0.0807731 0.130667 0.239206 0.394138 9.9982E-05 0.0868501
0.0162134 0.0496498 0.0288973 0.073214 0.129558 0.278434 0.331557 9.9991E-05 0.0923771
9.9982E-05 0.0446271 0.0375286 0.0102498 0.148221 0.29667 0.392998 9.9982E-05 0.0695055
9.9982E-05 0.0564812 0.0275996 0.0300815 0.125538 0.252138 0.431756 9.9982E-05 0.0762059
0.0205284 9.9964E-05 9.9964E-05 0.0221245 0.929752 0.0255754 9.9964E-05 9.9964E-05 0.00161993
9.993E-05 9.993E-05 9.993E-05 9.993E-05 0.999201 9.993E-05 9.993E-05 9.993E-05 9.993E-05
9.9937E-05 0.00165193 9.9937E-05 9.9937E-05 0.997649 9.9937E-05 9.9937E-05 9.9937E-05 9.9937E-05
9.993E-05 9.993E-05 9.993E-05 9.993E-05 0.999201 9.993E-05 9.993E-05 9.993E-05 9.993E-05
9.9955E-05 0.00465624 9.9955E-05 9.9955E-05 0.982043 0.0126645 9.9955E-05 0.000136542 9.9955E-05
9.9955E-05 0.00654792 9.9955E-05 9.9955E-05 0.977874 0.0137018 0.0013764 9.9955E-05 9.9955E-05
9.9964E-05 0.0087736 0.0111133 0.00835477 0.941179 9.9964E-05 9.9964E-05 9.9964E-05 0.0301791
0.106333 0.00818699 0.019662 0.0546725 0.747927 0.0629186 9.9973E-05 9.9973E-05 9.9973E-05
0.0262981 9.9982E-05 0.0221667 0.0139402 0.855803 0.0164393 0.0425265 9.9982E-05 0.0226261
9.9946E-05 9.9946E-05 0.0138967 0.00798143 9.9946E-05 0.977522 9.9946E-05 9.9946E-05 9.9946E-05
9.993E-05 9.993E-05 9.993E-05 9.993E-05 9.993E-05 0.999201 9.993E-05 9.993E-05 9.993E-05
9.9937E-05 0.0258041 9.9937E-05 9.9937E-05 9.9937E-05 0.973496 9.9937E-05 9.9937E-05 9.9937E-05
9.993E-05 9.993E-05 9.993E-05 9.993E-05 9.993E-05 0.999201 9.993E-05 9.993E-05 9.993E-05
9.993E-05 9.993E-05 9.993E-05 9.993E-05 9.993E-05 0.999201 9.993E-05 9.993E-05 9.993E-05
9.9964E-05 0.00541495 0.00796151 9.9964E-05 0.041715 0.875357 0.0691515 9.9964E-05 9.9964E-05
9.993E-05 9.993E-05 9.993E-05 9.993E-05 9.993E-05 0.999201 9.993E-05 9.993E-05 9.993E-05
9.993E-05 9.993E-05 9.993E-05 9.993E-05 9.993E-05 0.999201 9.993E-05 9.993E-05 9.993E-05
9.9964E-05 0.00837258 0.0108798 9.9964E-05 0.0112421 0.967286 9.9964E-05 0.00181997 9.9964E-05
0.00974784 9.9964E-05 9.9964E-05 0.0321068 9.9964E-05 0.930925 0.0239073 9.9964E-05 0.0029131
9.9937E-05 9.9937E-05 9.9937E-05 9.9937E-05 0.00896386 0.990337 9.9937E-05 9.9937E-05 9.9937E-05
9.993E-05 9.993E-05 9.993E-05 9.993E-05 9.993E-05 0.999201 9.993E-05 9.993E-05 9.993E-05
