9.993E-05 9.993E-05 9.993E-05 9.993E-05 9.993E-05 9.993E-05 9.993E-05 0.999201 9.993E-05
0.0943876 9.9955E-05 9.9955E-05 9.9955E-05 0.0690198 0.58694 9.9955E-05 0.249153 9.9955E-05
0.0680735 9.9955E-05 9.9955E-05 9.9955E-05 0.0848991 0.610079 9.9955E-05 0.236449 9.9955E-05
9.99551E-05 9.99551E-05 9.99551E-05 9.99551E-05 0.0176144 0.734672 9.99551E-05 0.212554 0.0346597
0.0471186 9.9982E-05 0.0567971 0.0174585 0.0195055 0.674592 0.0803657 0.103963 9.9982E-05
9.9964E-05 0.147205 9.9964E-05 9.9964E-05 0.0379095 0.603208 9.9964E-05 0.183649 0.0276279
9.9937E-05 9.9937E-05 9.9937E-05 9.9937E-05 9.9937E-05 0.713106 9.9937E-05 0.286195 9.9937E-05
0.04326 0.1165 9.9964E-05 9.9964E-05 0.0667213 0.488024 9.9964E-05 0.285094 9.9964E-05
9.9964E-05 0.0562353 0.0595576 9.9964E-05 0.076413 0.622611 9.9964E-05 0.184783 9.9964E-05
9.993E-05 9.993E-05 9.993E-05 9.993E-05 9.993E-05 9.993E-05 9.993E-05 0.999201 9.993E-05
9.993E-05 9.993E-05 9.993E-05 9.993E-05 9.993E-05 9.993E-05 9.993E-05 0.999201 9.993E-05
9.993E-05 9.993E-05 9.993E-05 9.993E-05 9.993E-05 9.993E-05 9.993E-05 0.999201 9.993E-05
9.993E-05 9.993E-05 9.993E-05 9.993E-05 9.993E-05 9.993E-05 9.993E-05 0.999201 9.993E-05
9.9964E-05 0.00887412 0.0243423 0.0517624 9.9964E-05 0.0208038 9.9964E-05 0.893818 9.9964E-05
9.9946E-05 0.0417349 9.9946E-05 9.9946E-05 0.00115142 9.9946E-05 9.9946E-05 0.956514 9.9946E-05
9.9964E-05 0.297437 0.0313221 9.9964E-05 0.0702164 0.432622 9.9964E-05 0.168003 9.9964E-05
0.0194798 0.182179 0.0565092 0.041524 0.0594972 0.354064 0.0937423 0.192904 9.9991E-05
9.9973E-05 0.0280092 0.00331774 9.9973E-05 0.0143572 0.70524 9.9973E-05 0.169878 0.0788979
9.9946E-05 9.9946E-05 0.0385564 0.0651944 9.9946E-05 0.89565 9.9946E-05 9.9946E-05 9.9946E-05
9.996E-05 9.996E-05 0.00882217 0.0463813 9.996E-05 0.911952 0.00980373 9.996E-05 0.0226413
9.9955E-05 9.9955E-05 0.0445937 9.9955E-05 9.9955E-05 0.882169 9.9955E-05 0.0305345 0.0422035
9.9955E-05 9.9955E-05 9.9955E-05 0.127064 0.0362023 0.809826 0.0264083 9.9955E-05 9.9955E-05
9.9955E-05 9.9955E-05 0.00461069 0.118222 0.0199647 0.856703 9.9955E-05 9.9955E-05 9.9955E-05
9.9955E-05 9.9955E-05 9.9955E-05 0.0231661 9.9955E-05 0.94209 0.0328336 0.0014106 9.9955E-05
9.99461E-05 0.0701337 0.0147905 9.99461E-05 9.99461E-05 0.914476 9.99461E-05 9.99461E-05 9.99461E-05
9.9973E-05 0.106368 0.0332361 0.0277418 9.9973E-05 0.655546 0.0471106 9.9973E-05 0.129698
9.9973E-05 0.0168369 0.0935976 0.0276424 0.0822501 0.745306 9.9973E-05 9.9973E-05 0.0340671
9.99371E-05 0.0431635 9.99371E-05 9.99371E-05 9.99371E-05 0.956137 9.99371E-05 9.99371E-05 9.99371E-05
9.999E-05 0.0596554 0.00506401 0.0337647 0.00343869 0.787236 0.0337444 0.0267766 0.0502204
9.9946E-05 9.9946E-05 9.9946E-05 9.9946E-05 9.9946E-05 0.929013 9.9946E-05 0.0387905 0.0315973
9.9955E-05 9.9955E-05 9.9955E-05 0.0413976 9.9955E-05 0.923646 9.9955E-05 0.0268989 0.00755799
9.9973E-05 0.0310914 0.0553555 0.0236718 0.00167426 0.830179 0.0577284 9.9973E-05 9.9973E-05
9.9973E-05 9.9973E-05 9.9973E-05 0.0081635 0.0285961 0.775332 0.00737618 0.00267453 0.177558
9.9973E-05 0.0389872 9.9973E-05 9.9973E-05 0.0586734 0.62529 0.0734532 0.03164 0.171656
9.9955E-05 9.9955E-05 0.0366934 0.13363 0.0372832 0.791894 9.9955E-05 9.9955E-05 9.9955E-05
9.9955E-05 9.9955E-05 0.00193763 9.9955E-05 9.9955E-05 0.930637 9.9955E-05 0.0361858 0.0307402
9.9955E-05 0.363869 9.9955E-05 0.0100881 9.9955E-05 0.489899 9.9955E-05 9.9955E-05 0.135644
9.999E-05 0.0090994 0.0246574 0.0428852 0.0121596 0.625417 0.0224775 0.00120283 0.262001
0.0274822 9.9973E-05 0.0644371 9.9973E-05 0.0453325 0.562682 9.9973E-05 0.00309953 0.296667
9.9955E-05 0.0443644 0.0142681 9.9955E-05 9.9955E-05 0.562262 9.9955E-05 9.9955E-05 0.378606
0.0667992 0.57986 0.0439203 9.9982E-05 0.0246511 0.159256 0.114898 9.9982E-05 0.0104152
0.0285102 0.615791 0.07074 0.032546 0.0293821 0.045582 0.0768249 9.9991E-05 0.100523
0.0664957 0.505562 9.9982E-05 0.00870417 0.0558396 0.222562 0.0892309 0.0514067 9.9982E-05
0.0542815 0.63281 0.0424837 9.9991E-05 0.0308865 0.091891 0.0473529 0.0103135 0.0898807
9.9973E-05 0.394313 0.054963 9.9973E-05 0.0473272 0.277252 0.0446605 9.9973E-05 0.181184
9.9937E-05 0.994993 9.9937E-05 9.9937E-05 0.00430764 9.9937E-05 9.9937E-05 9.9937E-05 9.9937E-05
9.993E-05 0.999201 9.993E-05 9.993E-05 9.993E-05 9.993E-05 9.993E-05 9.993E-05 9.993E-05
0.0191639 0.452992 0.0222575 0.0410242 0.0425373 0.375704 0.0231278 9.9991E-05 0.0230929
9.9982E-05 0.422995 0.107256 9.9982E-05 0.0763632 0.14358 0.0813997 0.0702736 0.0979327
0.0664597 0.310999 9.9982E-05 9.9982E-05 0.0305716 0.382962 0.0781376 0.068354 0.0623157
0.0226894 0.386625 0.0727266 9.9982E-05 0.0456348 0.242279 9.9982E-05 0.010988 0.218858
9.9982E-05 0.583511 0.0525982 0.00379159 0.0462679 0.182376 9.9982E-05 0.0062637 0.124992
9.9964E-05 0.934845 0.0271546 0.00524878 0.00374422 9.9964E-05 9.9964E-05 0.0286078 9.9964E-05
9.9982E-05 0.29733 0.0505731 0.038032 9.9982E-05 0.176058 0.0286841 0.0415097 0.367614
0.0155571 0.310172 0.00453098 0.0428533 9.9991E-05 0.216921 0.0273967 0.0354587 0.34701
0.0501806 0.561951 0.0230066 9.9973E-05 0.0961647 0.166676 0.101722 9.9973E-05 9.9973E-05
9.9982E-05 0.312315 0.0535971 9.9982E-05 0.0553926 0.185194 0.0720406 0.093585 0.227676
0.0267485 0.471268 0.0681374 0.0100544 9.9982E-05 0.312172 0.044273 9.9982E-05 0.0671466
9.993E-05 0.999201 9.993E-05 9.993E-05 9.993E-05 9.993E-05 9.993E-05 9.993E-05 9.993E-05
0.0165119 0.397377 0.0903682 0.00228772 0.0166918 0.277222 9.9991E-05 0.0217214 0.17772
9.9973E-05 0.625652 0.0702071 0.0238499 9.9973E-05 0.200696 0.0748996 0.00439549 9.9973E-05
0.006095 0.639148 9.9973E-05 9.9973E-05 9.9973E-05 0.063856 0.0785581 0.0300824 0.181961
0.0451443 0.41982 0.0687636 0.0101655 0.0582767 0.161504 0.0107053 0.00102169 0.2246
9.9955E-05 0.850038 9.9955E-05 0.113291 0.0222772 9.9955E-05 0.0138941 9.9955E-05 9.9955E-05
9.9973E-05 0.583047 0.0431225 9.9973E-05 9.9973E-05 0.172245 0.05085 0.00931731 0.141119
0.00786942 0.922956 9.9964E-05 0.0498548 0.0122467 9.9964E-05 0.00667335 9.9964E-05 9.9964E-05
0.0140667 0.615227 0.0250071 9.9955E-05 9.9955E-05 9.9955E-05 9.9955E-05 9.9955E-05 0.3452
0.0341313 0.782782 9.9973E-05 0.113973 0.0109336 9.9973E-05 0.049161 0.00871893 9.9973E-05
0.0245437 0.422886 0.0445124 9.9982E-05 0.0385837 0.331629 0.0465267 9.9982E-05 0.0911191
9.9955E-05 0.941855 9.9955E-05 0.0317109 0.00309474 9.9955E-05 0.0228392 9.9955E-05 9.9955E-05
0.0743745 0.563334 9.9982E-05 9.9982E-05 0.0654832 0.16886 0.0244601 0.030047 0.0732411
0.00451157 0.43987 0.00910505 0.0500504 0.0576447 0.0664038 0.0295078 9.9991E-05 0.342807
9.9964E-05 0.774892 0.0717883 0.011213 9.9964E-05 9.9964E-05 9.9964E-05 0.057695 0.0840117
9.9955E-05 0.841245 0.0613589 9.9955E-05 9.9955E-05 9.9955E-05 9.9955E-05 0.0433583 0.0535385
9.9973E-05 0.438577 0.0412411 0.0111693 9.9973E-05 9.9973E-05 0.0722967 0.0340471 0.402369
9.9955E-05 0.723123 0.0465778 0.028471 9.9955E-05 9.9955E-05 9.9955E-05 9.9955E-05 0.201329
0.0445858 0.666072 9.9973E-05 0.00220923 0.0582641 0.0157879 9.9973E-05 9.9973E-05 0.212781
0.086156 0.426901 9.9991E-05 0.159953 0.0128268 0.0259315 0.0347316 0.0328116 0.220589
9.9955E-05 9.9955E-05 0.0125995 0.0108586 0.0432758 9.9955E-05 9.9955E-05 9.9955E-05 0.932766
9.9946E-05 0.0094297 9.9946E-05 0.0026346 9.9946E-05 9.9946E-05 9.9946E-05 9.9946E-05 0.987336
9.9937E-05 9.9937E-05 9.9937E-05 9.9937E-05 0.00958444 9.9937E-05 9.9937E-05 9.9937E-05 0.989716
9.9946E-05 0.0299568 9.9946E-05 9.9946E-05 0.00224645 9.9946E-05 9.9946E-05 9.9946E-05 0.967197
9.9946E-05 9.9946E-05 9.9946E-05 9.9946E-05 9.9946E-05 0.0319431 9.9946E-05 0.00236374 0.965093
0.0733463 0.129624 0.0552058 9.9973E-05 9.9973E-05 0.168616 0.0670326 9.9973E-05 0.505876
0.107426 0.106224 0.0235247 9.9991E-05 0.0433658 0.0320605 0.0283991 0.0202868 0.638614
0.0972722 0.0429957 0.0156885 9.9991E-05 0.101257 0.0585979 0.0683103 0.00358285 0.612195
0.0266517 0.164005 9.9991E-05 0.00357584 0.0642652 0.164564 0.0491733 0.0669547 0.46071
0.0805628 0.101813 0.0308771 9.9982E-05 9.9982E-05 0.15832 0.0760476 0.00440527 0.547775
0.0428491 0.147388 0.0745863 0.0326552 0.0909125 0.0483429 0.0219087 9.9991E-05 0.541258
0.054657 0.193689 0.106127 0.00670663 0.08721 0.0603783 0.0988529 0.00846947 0.38391
0.0766554 0.324963 9.9991E-05 0.186655 0.0445579 0.0433619 0.0627318 0.0447461 0.216228
0.0769119 0.320011 9.9991E-05 0.141126 0.0737361 0.0176665 0.137989 0.0278978 0.204562
0.157197 0.165695 0.147024 9.9991E-05 0.0817652 0.0729476 0.0170754 0.0306266 0.327569
0.960267 9.9937E-05 9.9937E-05 9.9937E-05 9.9937E-05 9.9937E-05 0.0390331 9.9937E-05 9.9937E-05
0.902778 9.9955E-05 9.9955E-05 9.9955E-05 0.0208405 9.9955E-05 9.9955E-05 0.0138999 0.0619822
0.840137 0.0477096 0.0248322 0.0365519 0.00176855 9.9982E-05 9.9982E-05 0.0120296 0.0367711
0.978585 9.99371E-05 9.99371E-05 9.99371E-05 0.0207158 9.99371E-05 9.99371E-05 9.99371E-05 9.99371E-05
0.999201 9.993E-05 9.993E-05 9.993E-05 9.993E-05 9.993E-05 9.993E-05 9.993E-05 9.993E-05
0.999201 9.993E-05 9.993E-05 9.993E-05 9.993E-05 9.993E-05 9.993E-05 9.993E-05 9.993E-05
0.989385 9.9937E-05 9.9937E-05 9.9937E-05 9.9937E-05 9.9937E-05 0.00991554 9.9937E-05 9.9937E-05
0.879369 9.9964E-05 0.0138259 9.9964E-05 0.00605544 0.0859087 0.0144414 9.9964E-05 9.9964E-05
0.975164 9.99461E-05 9.99461E-05 9.99461E-05 9.99461E-05 0.000223486 9.99461E-05 9.99461E-05 0.0240127
0.999201 9.993E-05 9.993E-05 9.993E-05 9.993E-05 9.993E-05 9.993E-05 9.993E-05 9.993E-05
0.0278307 9.9982E-05 0.0657125 0.0804755 0.0532873 0.0863739 0.241342 9.9982E-05 0.444778
0.894364 0.0321489 0.0472766 0.0257102 9.9955E-05 9.9955E-05 9.9955E-05 9.9955E-05 9.9955E-05
0.989369 9.99371E-05 0.00993176 9.99371E-05 9.99371E-05 9.99371E-05 9.99371E-05 9.99371E-05 9.99371E-05
0.905988 0.0091094 0.048867 0.00526878 9.9964E-05 9.9964E-05 9.9964E-05 9.9964E-05 0.0303672
9.99371E-05 9.99371E-05 0.00383865 9.99371E-05 9.99371E-05 9.99371E-05 9.99371E-05 9.99371E-05 0.995462
9.993E-05 9.993E-05 9.993E-05 9.993E-05 9.993E-05 9.993E-05 9.993E-05 9.993E-05 0.999201
9.993E-05 9.993E-05 9.993E-05 9.993E-05 9.993E-05 9.993E-05 9.993E-05 9.993E-05 0.999201
9.993E-05 9.993E-05 9.993E-05 9.993E-05 9.993E-05 9.993E-05 9.993E-05 9.993E-05 0.999201
0.0177668 9.9964E-05 9.9964E-05 0.0391262 0.0498206 9.9964E-05 0.121987 9.9964E-05 0.770899
9.9955E-05 9.9955E-05 9.9955E-05 0.108989 9.9955E-05 0.108969 0.0574309 9.9955E-05 0.724111
0.07072 0.00184296 9.9982E-05 0.0238755 0.035527 0.0403363 0.0300716 9.9982E-05 0.797427
9.9946E-05 9.9946E-05 9.9946E-05 0.0625951 9.9946E-05 9.9946E-05 0.0725304 9.9946E-05 0.864275
0.101184 9.9955E-05 9.9955E-05 0.0362248 0.0324444 9.9955E-05 9.9955E-05 9.9955E-05 0.829647
0.054084 9.9955E-05 9.9955E-05 0.0517089 9.9955E-05 9.9955E-05 0.0153335 9.9955E-05 0.878374
0.000806237 9.9982E-05 0.0284587 0.00531652 0.025136 0.0385873 0.0894308 9.9982E-05 0.812065
0.0376132 9.9964E-05 0.0147049 0.143859 0.0100712 9.9964E-05 9.9964E-05 9.9964E-05 0.793352
9.9982E-05 0.0158952 0.0353633 0.0825682 0.0428676 9.9982E-05 0.0593604 0.0208715 0.742874
0.0430978 9.9973E-05 9.9973E-05 0.0262714 0.0349479 0.0292556 0.130657 9.9973E-05 0.735471
0.0143338 9.9964E-05 0.0384147 0.0272614 9.9964E-05 9.9964E-05 0.909246 9.9964E-05 0.0103442
0.00284927 9.9973E-05 0.0444451 0.041187 9.9973E-05 0.00914789 0.890039 0.0120319 9.9973E-05
9.993E-05 9.993E-05 9.993E-05 9.993E-05 9.993E-05 9.993E-05 0.999201 9.993E-05 9.993E-05
9.9946E-05 0.00474326 0.0185697 9.9946E-05 9.9946E-05 9.9946E-05 0.976087 9.9946E-05 9.9946E-05
9.993E-05 9.993E-05 9.993E-05 9.993E-05 9.993E-05 9.993E-05 0.999201 9.993E-05 9.993E-05
0.00360012 9.9955E-05 9.9955E-05 9.9955E-05 9.9955E-05 9.9955E-05 0.978588 0.0051556 0.0121567
9.99615E-05 0.00076217 9.99615E-05 0.0151711 9.99615E-05 9.99615E-05 0.981797 0.00176991 9.99615E-05
9.9973E-05 0.119381 0.0143464 0.0718641 9.9973E-05 0.00676621 0.772669 0.0146732 9.9973E-05
9.993E-05 9.993E-05 9.993E-05 9.993E-05 9.993E-05 9.993E-05 0.999201 9.993E-05 9.993E-05
9.993E-05 9.993E-05 9.993E-05 9.993E-05 9.993E-05 9.993E-05 0.999201 9.993E-05 9.993E-05
0.0264408 9.9955E-05 9.9955E-05 0.0571292 9.9955E-05 9.9955E-05 0.874709 0.0412215 9.9955E-05
0.00743466 9.9955E-05 0.010094 0.0091976 9.9955E-05 9.9955E-05 0.972774 9.9955E-05 9.9955E-05
0.0295791 0.0419141 0.0376119 0.0402283 0.0747753 9.9982E-05 0.669695 9.9982E-05 0.105997
9.99371E-05 9.99371E-05 9.99371E-05 0.00310838 0.996192 9.99371E-05 9.99371E-05 9.99371E-05 9.99371E-05
0.0664775 0.0948731 0.0048717 0.00956217 0.0976856 9.9991E-05 0.0865777 0.00733916 0.632513
9.993E-05 9.993E-05 9.993E-05 9.993E-05 0.999201 9.993E-05 9.993E-05 9.993E-05 9.993E-05
9.993E-05 9.993E-05 9.993E-05 9.993E-05 0.999201 9.993E-05 9.993E-05 9.993E-05 9.993E-05
0.00926933 9.99461E-05 9.99461E-05 0.0486943 0.941437 9.99461E-05 9.99461E-05 9.99461E-05 9.99461E-05
9.9973E-05 0.037368 9.9973E-05 0.0252319 0.799604 0.0683805 0.0210927 9.9973E-05 0.0480234
9.993E-05 9.993E-05 9.993E-05 9.993E-05 0.999201 9.993E-05 9.993E-05 9.993E-05 9.993E-05
9.9964E-05 0.0164851 9.9964E-05 0.0586231 0.839416 9.9964E-05 0.00113429 9.9964E-05 0.0839417
0.0178362 9.9946E-05 9.9946E-05 0.00312473 0.978439 9.9946E-05 9.9946E-05 9.9946E-05 9.9946E-05
9.99371E-05 9.99371E-05 9.99371E-05 9.99371E-05 0.962888 9.99371E-05 9.99371E-05 9.99371E-05 0.036412
9.9937E-05 9.9937E-05 9.9937E-05 9.9937E-05 0.983688 9.9937E-05 9.9937E-05 0.0156125 9.9937E-05
9.9946E-05 9.9946E-05 0.001943 9.9946E-05 0.991842 9.9946E-05 0.00561493 9.9946E-05 9.9946E-05
0.0221045 9.9946E-05 9.9946E-05 9.9946E-05 0.954962 0.0223343 9.9946E-05 9.9946E-05 9.9946E-05
0.0373277 9.9964E-05 0.0773186 9.9964E-05 0.833854 9.9964E-05 0.0470677 9.9964E-05 0.0040324
9.9946E-05 9.9946E-05 9.9946E-05 0.0145131 0.976075 9.9946E-05 9.9946E-05 0.00881253 9.9946E-05
9.9964E-05 0.0079565 9.9964E-05 0.0244035 0.867315 9.9964E-05 9.9964E-05 0.00374917 0.0961762
9.9991E-05 0.0179548 0.0441764 0.0344457 0.868119 0.00546341 0.0187009 0.0098164 0.00122322
9.9955E-05 0.0289173 0.0820501 9.9955E-05 0.866625 9.9955E-05 9.9955E-05 0.0219075 9.9955E-05
9.9955E-05 9.9955E-05 0.0324066 9.9955E-05 0.902014 9.9955E-05 0.00765806 9.9955E-05 0.0574218
0.0237708 0.169448 0.252284 0.134846 0.00358736 9.9991E-05 0.000591823 0.0602593 0.355112
0.0249699 0.103091 0.261418 0.100774 0.0450344 0.0164657 0.0233317 0.0441033 0.380812
0.0393168 0.135494 0.207985 0.138107 0.0478632 9.9991E-05 0.0439963 0.0469205 0.340218
0.0431435 0.153281 0.22787 0.137939 0.0465257 9.9982E-05 9.9982E-05 0.0541286 0.336913
0.00357004 9.9955E-05 9.9955E-05 0.931572 9.9955E-05 0.040458 0.0239 9.9955E-05 9.9955E-05
9.993E-05 9.993E-05 9.993E-05 0.999201 9.993E-05 9.993E-05 9.993E-05 9.993E-05 9.993E-05
0.0127836 9.9964E-05 0.00689775 0.947385 0.0278308 9.9964E-05 0.00470264 9.9964E-05 9.9964E-05
9.993E-05 9.993E-05 9.993E-05 0.999201 9.993E-05 9.993E-05 9.993E-05 9.993E-05 9.993E-05
0.00929355 0.000835784 0.012116 0.977255 9.9955E-05 9.9955E-05 9.9955E-05 9.9955E-05 9.9955E-05
0.0126507 9.9964E-05 0.0145531 0.962657 0.0014581 9.9964E-05 9.9964E-05 9.9964E-05 0.00828146
0.00720415 9.9973E-05 0.0134016 0.969265 0.00256704 9.9973E-05 9.9973E-05 0.000251595 0.00701104
0.001977 9.9982E-05 0.0365311 0.798194 9.9982E-05 0.0519581 0.0251092 0.0292772 0.0567536
9.9973E-05 0.0880707 0.017187 0.766244 0.0293098 9.9973E-05 0.00546192 9.9973E-05 0.0934263
9.9937E-05 9.9937E-05 0.980442 9.9937E-05 9.9937E-05 9.9937E-05 9.9937E-05 9.9937E-05 0.0188585
9.993E-05 9.993E-05 0.999201 9.993E-05 9.993E-05 9.993E-05 9.993E-05 9.993E-05 9.993E-05
9.993E-05 9.993E-05 0.999201 9.993E-05 9.993E-05 9.993E-05 9.993E-05 9.993E-05 9.993E-05
9.9946E-05 9.9946E-05 0.9856 0.00870575 0.00509476 9.9946E-05 9.9946E-05 9.9946E-05 9.9946E-05
0.00449895 9.99461E-05 0.976633 9.99461E-05 9.99461E-05 9.99461E-05 0.0182684 9.99461E-05 9.99461E-05
9.9982E-05 0.0766118 0.797038 0.0139122 0.000552809 0.0298402 9.9982E-05 0.00841962 0.0734253
9.993E-05 9.993E-05 0.999201 9.993E-05 9.993E-05 9.993E-05 9.993E-05 9.993E-05 9.993E-05
9.993E-05 9.993E-05 0.999201 9.993E-05 9.993E-05 9.993E-05 9.993E-05 9.993E-05 9.993E-05
9.9955E-05 9.9955E-05 0.974362 0.0141015 0.00992455 9.9955E-05 0.00111241 9.9955E-05 9.9955E-05
9.9955E-05 9.9955E-05 0.925508 9.9955E-05 0.0179004 9.9955E-05 0.0556818 9.9955E-05 0.000409742
9.993E-05 9.993E-05 0.999201 9.993E-05 9.993E-05 9.993E-05 9.993E-05 9.993E-05 9.993E-05
9.99623E-05 9.99623E-05 0.965015 0.014196 9.99623E-05 9.99623E-05 0.0172912 0.00299832 9.99623E-05
