9.998E-05 9.998E-05 0.9997 9.998E-05
0.111215 0.117141 0.573639 0.198005
0.15271 0.0928201 0.603066 0.151405
0.00184497 9.9991E-05 0.586318 0.411737
9.9982E-05 9.9982E-05 0.428549 0.571251
0.0808181 9.9991E-05 0.47385 0.445232
0.0488383 9.9991E-05 0.660749 0.290312
0.0937669 0.0139973 0.586197 0.306039
0.0886299 0.0275843 0.509347 0.374439
9.998E-05 9.998E-05 0.9997 9.998E-05
9.998E-05 9.998E-05 0.9997 9.998E-05
9.998E-05 9.998E-05 0.9997 9.998E-05
9.998E-05 9.998E-05 0.9997 9.998E-05
0.0054064 9.9991E-05 0.975923 0.0185701
9.998E-05 9.998E-05 0.9997 9.998E-05
0.0935225 9.9991E-05 0.447141 0.459237
0.12342 0.0761353 0.422083 0.378362
0.0526581 0.00676872 0.524137 0.416436
9.9982E-05 9.9982E-05 0.303587 0.696213
0.0174455 9.9991E-05 0.286302 0.696153
9.9991E-05 0.0140241 0.378487 0.607389
0.0937101 9.9991E-05 0.25034 0.65585
0.0574293 9.9991E-05 0.293478 0.648993
0.0279881 9.9991E-05 0.366858 0.605054
9.9982E-05 9.9982E-05 0.307018 0.692782
0.0312294 9.9991E-05 0.227318 0.741353
0.0847804 9.9991E-05 0.238809 0.676311
0.0405881 9.9991E-05 0.345296 0.614016
0.0205496 9.9991E-05 0.320772 0.658578
0.0156878 9.9991E-05 0.411948 0.572264
9.9982E-05 9.9982E-05 0.378093 0.621707
0.0150292 9.9991E-05 0.265216 0.719655
0.0899783 9.9991E-05 0.223466 0.686456
0.065331 9.9991E-05 0.27281 0.661759
0.0226529 9.9991E-05 0.263416 0.713831
0.0079573 9.9991E-05 0.424701 0.567242
0.0425414 9.9991E-05 0.184196 0.773163
0.0495976 9.9991E-05 0.169314 0.780988
0.0951169 0.0211694 0.190006 0.693708
9.9991E-05 0.000588557 0.227969 0.771342
0.0692346 0.0369751 0.0812103 0.81258
0.121128 9.9991E-05 0.0884713 0.790301
0.121977 0.0346719 0.206759 0.636593
0.0947941 0.00776096 0.0756808 0.821764
0.0922035 9.9991E-05 0.08304 0.824656
0.0606235 9.9991E-05 0.125885 0.813392
0.0516509 9.9991E-05 0.131862 0.816387
0.0960927 9.9991E-05 0.118158 0.785649
0.0645194 9.9991E-05 0.144772 0.790608
0.0557046 0.0132882 0.265956 0.665051
0.0623848 9.9991E-05 0.138693 0.798822
0.107674 9.9991E-05 0.107991 0.784234
0.00805579 9.9991E-05 0.134104 0.857741
0.0129574 0.0344161 0.125539 0.827087
0.0291011 0.0379598 0.143848 0.789092
0.105928 9.9991E-05 0.10823 0.785742
0.112577 0.00400425 0.187124 0.696294
0.0204276 0.00577198 0.109703 0.864097
0.0367976 9.9991E-05 0.143419 0.819683
0.0409634 9.9991E-05 0.192191 0.766746
0.0201645 9.9991E-05 0.102068 0.877667
0.0194827 0.0602372 0.122896 0.797385
0.125241 0.0185283 0.0697071 0.786524
0.0817045 0.027019 0.053462 0.837815
9.9982E-05 9.9982E-05 0.110838 0.888962
0.101529 0.0039138 0.0644483 0.830109
0.0208529 0.0906009 0.0380297 0.850517
0.0887591 0.0912365 0.071224 0.74878
0.0498785 9.9991E-05 0.136578 0.813444
0.109543 0.0191136 0.041462 0.829882
0.14629 0.052649 0.14541 0.655651
0.0754764 0.0551475 0.0385999 0.830776
0.0705048 9.9991E-05 0.169188 0.760207
0.0457256 9.9991E-05 0.132405 0.821769
0.0800509 9.9991E-05 0.0879657 0.831883
0.0381395 0.00778468 0.05117 0.902906
0.0823567 0.0406579 0.0310165 0.845969
0.0388879 0.123858 0.057665 0.779589
0.0807237 0.108736 9.9991E-05 0.810441
0.0447515 0.124072 9.9991E-05 0.831077
0.0679957 0.020561 9.9991E-05 0.911343
0.0398856 0.126718 0.0192964 0.8141
0.0680516 0.0926226 9.9991E-05 0.839226
0.0217349 0.121544 0.0506187 0.806102
0.0797878 0.16817 0.0683157 0.683726
0.109866 0.191974 0.0475921 0.650568
0.0896093 0.0928619 0.101926 0.715603
9.9991E-05 0.106061 0.0232167 0.870622
0.144633 0.117645 0.0223259 0.715396
0.110752 0.122366 0.0306352 0.736246
0.0827198 0.137396 0.0845295 0.695355
0.0979289 0.126302 0.072132 0.703637
0.0708811 0.184725 0.0291785 0.715215
0.00742597 0.953504 9.9991E-05 0.0389697
9.9982E-05 0.999512 0.000287749 9.9982E-05
0.0121828 0.861438 0.0175502 0.108829
9.998E-05 0.9997 9.998E-05 9.998E-05
9.998E-05 0.9997 9.998E-05 9.998E-05
9.998E-05 0.9997 9.998E-05 9.998E-05
0.000878236 0.998922 9.9982E-05 9.9982E-05
0.0322381 0.868427 0.0173154 0.0820193
9.998E-05 0.9997 9.998E-05 9.998E-05
9.998E-05 0.9997 9.998E-05 9.998E-05
0.0650092 0.0897769 9.9991E-05 0.845114
0.0179057 0.912997 9.9991E-05 0.0689975
9.998E-05 0.9997 9.998E-05 9.998E-05
9.998E-05 0.9997 9.998E-05 9.998E-05
0.0137599 0.111431 9.9991E-05 0.874709
0.0541356 0.117228 9.9991E-05 0.828537
0.0388938 0.132864 9.9991E-05 0.828142
0.027327 0.175413 9.9991E-05 0.79716
0.0368527 0.120446 9.9991E-05 0.842601
0.00584314 0.0957466 9.9991E-05 0.89831
0.094315 0.187333 9.9991E-05 0.718252
0.00268428 0.140176 9.9991E-05 0.85704
0.109574 0.267452 9.9991E-05 0.622874
0.0579731 0.238965 9.9991E-05 0.702962
0.0565814 0.0892978 0.00323046 0.85089
0.0789321 0.27447 9.9991E-05 0.646498
0.061703 0.103909 9.9991E-05 0.834288
0.0559523 0.1389 9.9991E-05 0.805048
0.9997 9.998E-05 9.998E-05 9.998E-05
0.0998184 0.202297 9.9991E-05 0.697785
0.9997 9.998E-05 9.998E-05 9.998E-05
0.9997 9.998E-05 9.998E-05 9.998E-05
0.969952 0.0125182 0.0174298 9.9991E-05
0.818581 9.9991E-05 0.0122472 0.169072
0.9997 9.998E-05 9.998E-05 9.998E-05
0.894208 9.9982E-05 9.9982E-05 0.105592
0.9997 9.998E-05 9.998E-05 9.998E-05
0.978551 0.0126067 9.9991E-05 0.00874278
0.9997 9.998E-05 9.998E-05 9.998E-05
0.992033 0.00776696 9.9982E-05 9.9982E-05
0.9997 9.998E-05 9.998E-05 9.998E-05
0.81862 0.016767 9.9991E-05 0.164513
0.941473 0.0102519 9.9991E-05 0.0481749
0.908965 0.017387 9.9991E-05 0.0735475
0.857334 9.9982E-05 9.9982E-05 0.142466
0.932569 0.000718064 0.0226684 0.0440443
0.907214 9.9982E-05 9.9982E-05 0.092586
0.00146066 0.00187883 9.9991E-05 0.996561
9.9982E-05 0.0541825 9.9982E-05 0.945618
9.998E-05 9.998E-05 9.998E-05 0.9997
9.998E-05 9.998E-05 9.998E-05 0.9997
9.9982E-05 0.00848903 9.9982E-05 0.991311
9.9982E-05 0.0111562 9.9982E-05 0.988644
9.9982E-05 0.00457366 9.9982E-05 0.995226
9.9982E-05 0.0161633 9.9982E-05 0.983637
0.00851089 9.9982E-05 9.9982E-05 0.991289
9.9982E-05 0.0155781 9.9982E-05 0.984222
9.9982E-05 0.0996935 9.9982E-05 0.900107
9.9982E-05 0.0246978 9.9982E-05 0.975102
0.0708801 0.0393773 9.9991E-05 0.889643
0.0414014 0.0769427 0.0288495 0.852806
0.0596291 0.072579 0.0484629 0.819329
0.0822105 0.128406 0.0195518 0.769832
0.0546892 0.0589271 0.0432344 0.843149
0.0387459 0.165853 0.00435743 0.791043
0.00488154 0.153263 9.9991E-05 0.841755
0.0357863 0.151753 9.9991E-05 0.812361
0.00511218 0.199576 9.9991E-05 0.795212
0.04072 0.167591 9.9991E-05 0.791589
0.0333615 0.182797 9.9991E-05 0.783741
0.00986211 0.150844 9.9991E-05 0.839194
0.0662854 0.0953987 0.0476771 0.790639
0.0518114 0.135723 0.00588068 0.806585
9.998E-05 9.998E-05 9.998E-05 0.9997
9.998E-05 9.998E-05 9.998E-05 0.9997
9.998E-05 9.998E-05 9.998E-05 0.9997
9.998E-05 9.998E-05 9.998E-05 0.9997
9.998E-05 9.998E-05 9.998E-05 0.9997
9.998E-05 9.998E-05 9.998E-05 0.9997
9.998E-05 9.998E-05 9.998E-05 0.9997
9.998E-05 9.998E-05 9.998E-05 0.9997
9.998E-05 9.998E-05 9.998E-05 0.9997
9.998E-05 9.998E-05 9.998E-05 0.9997
9.998E-05 9.998E-05 9.998E-05 0.9997
9.998E-05 9.998E-05 9.998E-05 0.9997
