9.998E-05 9.998E-05 0.9997 9.998E-05
0.182144 0.100412 0.582357 0.135086
0.147115 0.16706 0.582615 0.10321
0.425437 0.0247332 0.54973 9.9991E-05
0.650999 9.9982E-05 0.348801 9.9982E-05
0.427641 0.0785848 0.493674 9.9991E-05
0.345601 0.0133937 0.640906 9.9991E-05
0.297347 0.115345 0.571659 0.0156499
0.404235 0.109521 0.485245 0.000998633
9.998E-05 9.998E-05 0.9997 9.998E-05
9.998E-05 9.998E-05 0.9997 9.998E-05
9.998E-05 9.998E-05 0.9997 9.998E-05
9.998E-05 9.998E-05 0.9997 9.998E-05
9.998E-05 9.998E-05 0.9997 9.998E-05
9.998E-05 9.998E-05 0.9997 9.998E-05
0.573825 0.0442477 0.381827 9.9991E-05
0.461938 0.110745 0.384523 0.0427942
0.51115 0.000446446 0.488303 9.9991E-05
0.701373 9.9991E-05 0.288334 0.010193
0.768026 9.9982E-05 0.231774 9.9982E-05
0.592922 9.9982E-05 0.406878 9.9982E-05
0.673882 0.0758963 0.250062 0.000159393
0.672322 0.0339417 0.293636 9.9991E-05
0.647845 0.0323399 0.319715 9.9991E-05
0.70467 9.9982E-05 0.29513 9.9982E-05
0.782287 0.0184321 0.199181 9.9991E-05
0.695337 0.0772704 0.227293 9.9991E-05
0.589666 0.0694342 0.3408 9.9991E-05
0.70245 9.9982E-05 0.29735 9.9982E-05
0.570864 0.0157835 0.413253 9.9991E-05
0.646629 9.9982E-05 0.353171 9.9982E-05
0.723717 0.0218619 0.246914 0.00750654
0.702119 0.0306423 0.236711 0.0305273
0.653794 0.0933105 0.229238 0.0236568
0.640739 0.0780958 0.281065 9.9991E-05
0.597511 9.9982E-05 0.402289 9.9982E-05
0.811013 0.018064 0.170823 9.9991E-05
0.803478 0.0263102 0.170111 9.9991E-05
0.770375 0.0324853 0.182087 0.0150519
0.791605 9.9991E-05 0.201361 0.0069338
0.827988 0.101199 0.0410467 0.0297659
0.827395 0.0738915 0.0986136 9.9991E-05
0.613625 0.149498 0.202135 0.0347421
0.837089 0.0808603 0.0738001 0.00825035
0.872568 0.0631643 0.0641676 9.9991E-05
0.846331 0.0632727 0.0902959 9.9991E-05
0.865763 0.0350906 0.0990467 9.9991E-05
0.842837 0.0437305 0.113333 9.9991E-05
0.770005 0.062966 0.166929 9.9991E-05
0.671655 0.0430241 0.275578 0.00974308
0.787163 0.0535562 0.155929 0.00335236
0.825994 0.0690867 0.10482 9.9991E-05
0.876296 9.9982E-05 0.123504 9.9982E-05
0.841252 0.0250046 0.120983 0.0127603
0.79352 0.0129521 0.148198 0.04533
0.79133 0.118879 0.0796726 0.0101187
0.759745 0.0821153 0.15804 9.9991E-05
0.871808 0.0251252 0.102967 9.9991E-05
0.868128 0.027784 0.103988 9.9991E-05
0.796135 0.0523586 0.151406 9.9991E-05
0.916532 9.9982E-05 0.0832683 9.9982E-05
0.834203 0.04395 0.05322 0.0686271
0.805052 0.0896899 0.0803421 0.0249156
0.864976 0.098667 0.0230702 0.0132872
0.909815 9.9982E-05 0.0899855 9.9982E-05
0.842799 0.110201 0.0457343 0.00126586
0.846827 0.037974 0.0495497 0.0656489
0.839207 0.065364 0.0538342 0.0415944
0.819372 0.0630387 0.117489 9.9991E-05
0.866473 0.0996879 0.0285229 0.00531617
0.679246 0.117777 0.139928 0.0630495
0.858837 0.0789037 0.0234133 0.0388458
0.795976 0.0448852 0.159039 9.9991E-05
0.839655 0.0242589 0.135986 9.9991E-05
0.863325 0.0635875 0.0729875 9.9991E-05
0.943705 0.0239337 0.0322615 9.9991E-05
0.863385 0.0874998 0.0264478 0.0226676
0.742118 0.0432757 0.0667592 0.147847
0.837958 0.00718218 9.9991E-05 0.15476
0.842054 0.0377277 9.9991E-05 0.120118
0.781107 0.0824324 9.9991E-05 0.136361
0.826258 0.0364514 9.9991E-05 0.137191
0.82491 0.0740928 9.9991E-05 0.100898
0.788296 9.9991E-05 0.0440386 0.167565
0.704986 0.0684453 0.0195511 0.207018
0.69093 0.113181 0.0351285 0.160761
0.698654 0.0816504 0.110989 0.108707
0.79402 9.9991E-05 0.0602823 0.145597
0.742432 0.102419 9.9991E-05 0.155049
0.764219 0.112847 0.0176717 0.105262
0.696516 0.111274 0.0555297 0.13668
0.721036 0.0792864 0.074987 0.124691
0.670354 0.105868 0.0328766 0.190902
9.998E-05 9.998E-05 9.998E-05 0.9997
0.0382463 9.9991E-05 0.0289452 0.932709
0.177089 0.0110811 0.00702195 0.804808
9.998E-05 9.998E-05 9.998E-05 0.9997
9.998E-05 9.998E-05 9.998E-05 0.9997
9.998E-05 9.998E-05 9.998E-05 0.9997
9.998E-05 9.998E-05 9.998E-05 0.9997
0.0620711 0.0421778 0.0156363 0.880115
9.9982E-05 9.9982E-05 0.00203546 0.997765
9.998E-05 9.998E-05 9.998E-05 0.9997
0.809508 0.0717887 9.9991E-05 0.118603
0.0653967 9.9982E-05 9.9982E-05 0.934403
9.998E-05 9.998E-05 9.998E-05 0.9997
0.00476247 9.9982E-05 9.9982E-05 0.995038
0.841831 0.0251536 9.9991E-05 0.132915
0.816625 0.0708979 9.9991E-05 0.112377
0.806675 0.0473865 9.9991E-05 0.145839
0.741524 0.0735966 9.9991E-05 0.184779
0.819555 0.0579842 9.9991E-05 0.122361
0.852464 0.0152823 9.9991E-05 0.132154
0.814701 9.9982E-05 9.9982E-05 0.185099
0.856653 9.9982E-05 9.9982E-05 0.143147
0.703643 0.0695721 9.9991E-05 0.226685
0.703202 0.0822877 9.9991E-05 0.214411
0.825548 0.0700451 9.9991E-05 0.104307
0.7177 0.0658748 9.9991E-05 0.216326
0.852072 0.0920996 0.00245214 0.0533759
0.804583 0.0613361 9.9991E-05 0.133981
0.884592 0.0123372 9.9991E-05 0.10297
0.931725 0.0177439 9.9991E-05 0.0504311
0.983936 9.9982E-05 9.9982E-05 0.0158641
0.967815 9.9982E-05 9.9982E-05 0.0319847
0.959518 0.0105715 9.9991E-05 0.0298102
0.918089 9.9982E-05 9.9982E-05 0.0817114
0.974937 9.9982E-05 9.9982E-05 0.0248626
0.944965 9.9982E-05 9.9982E-05 0.054835
0.979668 0.0201319 9.9982E-05 9.9982E-05
0.954944 0.0051233 9.9991E-05 0.0398331
0.876241 0.0104233 9.9991E-05 0.113236
0.930548 9.9982E-05 9.9982E-05 0.0692516
0.863256 0.0586936 9.9991E-05 0.0779508
9.998E-05 0.9997 9.998E-05 9.998E-05
0.710465 0.105977 9.9991E-05 0.183457
9.998E-05 0.9997 9.998E-05 9.998E-05
9.998E-05 0.9997 9.998E-05 9.998E-05
9.9991E-05 0.957791 0.00820787 0.0339014
0.179742 0.764741 0.0455623 0.00995499
9.998E-05 0.9997 9.998E-05 9.998E-05
0.134656 0.865144 9.9982E-05 9.9982E-05
9.998E-05 0.9997 9.998E-05 9.998E-05
0.0571096 0.920949 9.9991E-05 0.0218411
9.998E-05 0.9997 9.998E-05 9.998E-05
9.998E-05 0.9997 9.998E-05 9.998E-05
0.0631884 0.924781 9.9991E-05 0.0119302
0.156946 0.800443 9.9991E-05 0.0425108
0.0241446 0.974014 0.00174162 9.9991E-05
0.114896 0.824371 0.00228134 0.0584511
0.0832409 0.902534 0.0141247 9.9991E-05
0.0831209 0.869661 0.0276642 0.0195544
0.000743872 0.984069 0.0150869 9.9991E-05
0.889592 0.0262103 0.00753747 0.0766603
0.925044 9.9982E-05 9.9982E-05 0.0747557
0.871748 0.0287509 0.017459 0.0820424
0.852806 0.0511085 0.0383637 0.0577218
0.806356 0.0112354 9.9991E-05 0.182309
0.835187 0.0204626 9.9991E-05 0.144251
0.810208 0.0226205 9.9991E-05 0.167071
0.812829 0.00223157 9.9991E-05 0.18484
0.809238 0.0183472 9.9991E-05 0.172315
0.816104 0.0163785 9.9991E-05 0.167417
0.803323 0.0337615 9.9991E-05 0.162815
0.836592 0.0413602 0.0342429 0.0878048
0.829692 0.0599297 9.9991E-05 0.110278
0.9997 9.998E-05 9.998E-05 9.998E-05
0.9997 9.998E-05 9.998E-05 9.998E-05
0.9997 9.998E-05 9.998E-05 9.998E-05
0.9997 9.998E-05 9.998E-05 9.998E-05
0.9997 9.998E-05 9.998E-05 9.998E-05
0.9997 9.998E-05 9.998E-05 9.998E-05
0.9997 9.998E-05 9.998E-05 9.998E-05
0.9997 9.998E-05 9.998E-05 9.998E-05
0.9997 9.998E-05 9.998E-05 9.998E-05
0.9997 9.998E-05 9.998E-05 9.998E-05
0.9997 9.998E-05 9.998E-05 9.998E-05
0.9997 9.998E-05 9.998E-05 9.998E-05
