9.998E-05 0.9997 9.998E-05 9.998E-05
0.0288043 0.727297 0.0939504 0.149949
0.000221497 0.71178 0.172953 0.115046
0.0377351 0.796178 0.0135579 0.152529
0.105599 0.605098 0.0503835 0.23892
0.0435651 0.687176 0.119535 0.149724
0.0182947 0.878891 0.0304076 0.0724067
0.0154722 0.755874 0.0968968 0.131757
0.114832 0.686893 0.0911715 0.107103
9.998E-05 0.9997 9.998E-05 9.998E-05
9.998E-05 0.9997 9.998E-05 9.998E-05
9.998E-05 0.9997 9.998E-05 9.998E-05
9.998E-05 0.9997 9.998E-05 9.998E-05
9.998E-05 0.9997 9.998E-05 9.998E-05
9.998E-05 0.9997 9.998E-05 9.998E-05
0.0929877 0.628566 0.0794197 0.199027
0.113801 0.524332 0.165996 0.195871
0.020111 0.750513 0.0480155 0.181361
0.140111 0.557487 0.0323248 0.270078
0.135253 0.491686 0.0652031 0.307858
0.134422 0.652669 9.9991E-05 0.212809
0.0937204 0.486254 0.130593 0.289433
0.174484 0.496365 0.10186 0.227291
0.047637 0.62155 0.0602841 0.270529
0.153792 0.568351 9.9991E-05 0.277757
0.19553 0.460771 0.0673562 0.276343
0.221978 0.459869 0.172449 0.145704
0.0238566 0.619819 0.0983868 0.257938
0.163173 0.504913 0.0571578 0.274756
0.0855396 0.665108 0.0424166 0.206935
0.0993518 0.620486 0.0200752 0.260087
0.177531 0.480034 0.0623679 0.280066
0.126312 0.427154 0.125277 0.321256
0.0785602 0.483056 0.136042 0.302342
0.135121 0.522319 0.117052 0.225509
0.117082 0.678597 0.00970397 0.194617
0.160507 0.417622 0.0921979 0.329674
0.179637 0.392173 0.0769634 0.351227
0.189034 0.404187 0.123966 0.282814
0.14815 0.434142 0.0167801 0.400928
0.0797438 0.243268 0.143646 0.533342
0.148503 0.213436 0.165071 0.47299
9.9991E-05 0.375222 0.174605 0.450072
0.156191 0.284955 0.132344 0.42651
0.23112 0.251249 0.168488 0.349143
0.260432 0.329313 0.18778 0.222474
0.234784 0.2924 0.169603 0.303214
0.198915 0.324284 0.115612 0.361188
0.215901 0.315598 0.126725 0.341775
0.122292 0.444492 0.0839397 0.349276
0.171026 0.343214 0.138503 0.347258
0.195618 0.287912 0.161968 0.354502
0.219786 0.321409 0.146433 0.312372
0.186253 0.280364 0.0581436 0.475239
0.160516 0.280339 0.0864339 0.472711
0.101275 0.290035 0.162123 0.446567
0.157931 0.33691 0.0896831 0.415476
0.152975 0.305743 0.0660812 0.475201
0.23612 0.341845 0.133463 0.288572
0.200316 0.388106 0.12632 0.285258
0.281719 0.270624 0.0827591 0.364898
0.139325 0.264099 0.026142 0.570434
0.160584 0.262791 0.200573 0.376052
0.139913 0.193272 0.183456 0.483359
0.188192 0.308186 0.0357904 0.467831
0.17206 0.24381 0.186191 0.397939
0.179759 0.212424 0.0729422 0.534874
0.140122 0.201889 0.159475 0.498514
0.206391 0.333383 0.0732654 0.38696
0.12959 0.197709 0.151638 0.521064
0.0576875 0.322507 0.156063 0.463743
0.214406 0.175281 0.106249 0.504065
0.21771 0.348604 0.108926 0.324761
0.250969 0.298813 0.10992 0.340299
0.154385 0.236804 0.136999 0.471812
0.27726 0.205796 0.0574297 0.459514
0.180796 0.201714 0.173381 0.444109
0.0446229 0.210323 0.110897 0.634156
0.199549 0.0709292 0.0632691 0.666253
0.162412 0.0345776 0.0716076 0.731403
0.211579 0.0587001 0.113295 0.616426
0.134912 0.0844702 0.0835422 0.697076
0.148458 0.0912289 0.105395 0.654918
0.0850697 0.209977 0.0639837 0.640969
0.173817 0.116509 0.121986 0.587688
0.111686 0.121369 0.160573 0.606372
0.150988 0.238308 0.113072 0.497632
0.160151 0.172635 0.0214864 0.645728
0.154114 0.142635 0.0825627 0.620689
0.234684 0.110001 0.122979 0.532336
0.0440255 0.193968 0.121299 0.640708
0.0863874 0.177176 0.117001 0.619436
0.209759 0.129593 0.13873 0.521919
9.998E-05 9.998E-05 9.998E-05 0.9997
9.998E-05 9.998E-05 9.998E-05 0.9997
9.998E-05 9.998E-05 9.998E-05 0.9997
9.998E-05 9.998E-05 9.998E-05 0.9997
9.998E-05 9.998E-05 9.998E-05 0.9997
9.998E-05 9.998E-05 9.998E-05 0.9997
9.998E-05 9.998E-05 9.998E-05 0.9997
9.998E-05 9.998E-05 9.998E-05 0.9997
9.998E-05 9.998E-05 9.998E-05 0.9997
9.998E-05 9.998E-05 9.998E-05 0.9997
0.197615 0.0758469 0.101052 0.625486
9.998E-05 9.998E-05 9.998E-05 0.9997
9.998E-05 9.998E-05 9.998E-05 0.9997
9.998E-05 9.998E-05 9.998E-05 0.9997
0.197482 0.0052747 0.075503 0.72174
0.162179 0.0317515 0.0795891 0.72648
0.130604 0.0589689 0.0975472 0.71288
0.132769 0.0107844 0.0814929 0.774954
0.193832 0.0153981 0.0857617 0.705009
0.177139 0.107324 0.0528644 0.662673
0.15232 0.0898452 0.0611351 0.6967
0.124377 0.0504651 0.0546712 0.770487
0.159711 0.0103246 0.0947567 0.735208
0.126929 0.0770522 0.075867 0.720152
0.195621 0.0723126 0.118864 0.613202
0.149133 0.0653348 0.0771703 0.708362
0.194861 0.0854846 0.132037 0.587618
0.132812 0.0831543 0.0940016 0.690032
0.0571006 9.9991E-05 0.0341584 0.908641
0.114183 0.0224534 9.9991E-05 0.863264
0.0369303 9.9982E-05 9.9982E-05 0.96287
0.0743424 9.9982E-05 9.9982E-05 0.925458
0.0825437 9.9991E-05 0.0320129 0.885343
0.00649795 9.9991E-05 0.00523329 0.988169
0.0478391 9.9982E-05 9.9982E-05 0.951961
0.0932122 0.0492401 9.9991E-05 0.857448
0.075267 9.9991E-05 0.0676281 0.857005
0.0383405 9.9982E-05 9.9982E-05 0.96146
0.035324 9.9991E-05 0.0270664 0.93751
0.0589134 9.9982E-05 9.9982E-05 0.940887
0.0707176 9.9991E-05 0.136185 0.792998
9.998E-05 9.998E-05 0.9997 9.998E-05
0.140468 0.0272262 0.133261 0.699045
9.998E-05 9.998E-05 0.9997 9.998E-05
9.998E-05 9.998E-05 0.9997 9.998E-05
9.9982E-05 9.9982E-05 0.969358 0.0304418
0.0296428 0.0172784 0.810032 0.143047
9.998E-05 9.998E-05 0.9997 9.998E-05
0.000125646 0.0108084 0.911539 0.0775266
9.998E-05 9.998E-05 0.9997 9.998E-05
9.9991E-05 0.00979856 0.980269 0.00983269
9.998E-05 9.998E-05 0.9997 9.998E-05
0.002994 9.9982E-05 0.996806 9.9982E-05
9.9982E-05 9.9982E-05 0.965325 0.0344751
0.0737075 9.9991E-05 0.834475 0.0917179
9.9982E-05 0.00144122 0.998359 9.9982E-05
9.9991E-05 0.018729 0.920925 0.0602465
0.0533638 0.0169545 0.902092 0.0275897
0.068694 0.066648 0.849851 0.0148073
9.9982E-05 9.9982E-05 0.980326 0.0194745
0.347549 0.103312 0.0772382 0.471901
0.355374 0.0784168 0.137545 0.428664
0.417324 0.117981 0.0947553 0.369939
0.351467 0.109477 0.1014 0.437656
0.268921 0.0714618 0.0669102 0.592707
0.332186 9.9991E-05 0.0656041 0.60211
0.287882 9.9991E-05 0.083891 0.628127
0.306496 9.9991E-05 0.0568504 0.636553
0.314186 9.9991E-05 0.0792762 0.606438
0.303794 9.9991E-05 0.102293 0.593813
0.289897 0.024437 0.0850956 0.60057
0.262617 0.108802 0.118368 0.510213
0.284612 0.0482887 0.103794 0.563306
0.9997 9.998E-05 9.998E-05 9.998E-05
0.9997 9.998E-05 9.998E-05 9.998E-05
0.9997 9.998E-05 9.998E-05 9.998E-05
0.9997 9.998E-05 9.998E-05 9.998E-05
0.9997 9.998E-05 9.998E-05 9.998E-05
0.980803 0.0112882 9.9991E-05 0.0078086
0.9997 9.998E-05 9.998E-05 9.998E-05
0.9997 9.998E-05 9.998E-05 9.998E-05
0.9997 9.998E-05 9.998E-05 9.998E-05
0.9997 9.998E-05 9.998E-05 9.998E-05
0.9997 9.998E-05 9.998E-05 9.998E-05
0.9997 9.998E-05 9.998E-05 9.998E-05
