0.9997 9.998E-05 9.998E-05 9.998E-05
0.577752 0.19273 0.127998 0.10152
0.60257 0.10947 0.106462 0.181498
0.602287 0.397513 9.9982E-05 9.9982E-05
0.459062 0.540738 9.9982E-05 9.9982E-05
0.481473 0.453173 0.00226089 0.063093
0.654784 0.299677 9.9991E-05 0.0454386
0.581593 0.323343 0.0397218 0.0553418
0.513666 0.408723 0.0164211 0.0611897
0.9997 9.998E-05 9.998E-05 9.998E-05
0.9997 9.998E-05 9.998E-05 9.998E-05
0.9997 9.998E-05 9.998E-05 9.998E-05
0.9997 9.998E-05 9.998E-05 9.998E-05
0.9997 9.998E-05 9.998E-05 9.998E-05
0.996783 9.9982E-05 9.9982E-05 0.00301697
0.442473 0.538996 9.9991E-05 0.0184309
0.433694 0.340398 0.0620689 0.163839
0.552831 0.401193 0.0380994 0.00787689
0.279481 0.720319 9.9982E-05 9.9982E-05
0.254354 0.745447 9.9982E-05 9.9982E-05
0.379108 0.620692 9.9982E-05 9.9982E-05
0.20842 0.700863 0.0215806 0.0691365
0.23718 0.697968 0.00552014 0.0593317
0.384575 0.601275 9.9991E-05 0.0140492
0.324726 0.675074 9.9982E-05 9.9982E-05
0.230145 0.769655 9.9982E-05 9.9982E-05
0.21853 0.708949 9.9991E-05 0.0724214
0.344085 0.599426 9.9991E-05 0.0563889
0.301675 0.68247 9.9991E-05 0.015755
0.435196 0.564604 9.9982E-05 9.9982E-05
0.357444 0.642356 9.9982E-05 9.9982E-05
0.228749 0.74623 9.9991E-05 0.0249209
0.282069 0.667738 9.9991E-05 0.0500931
0.304361 0.618415 0.0197726 0.0574516
0.274112 0.715239 9.9991E-05 0.0105497
0.420701 0.579099 9.9982E-05 9.9982E-05
0.193422 0.765126 9.9991E-05 0.0413528
0.18051 0.753042 9.9991E-05 0.0663483
0.218793 0.712667 0.0412987 0.0272412
0.211383 0.78715 0.00136724 9.9991E-05
0.064734 0.813586 0.0552734 0.0664068
0.0547269 0.816197 0.00311286 0.125963
0.216707 0.636229 0.0277672 0.119297
0.0829684 0.785314 0.0445193 0.0871983
0.0600904 0.847625 9.9991E-05 0.0921841
0.0936263 0.850395 9.9991E-05 0.0558792
0.077883 0.857481 9.9991E-05 0.0645358
0.123015 0.762417 0.0124003 0.102167
0.143303 0.793159 9.9991E-05 0.0634376
0.288217 0.643025 0.0352815 0.0334761
0.167274 0.73339 0.0100134 0.0893235
0.0976994 0.785555 9.9991E-05 0.116645
0.0614377 0.827417 9.9991E-05 0.111046
0.129508 0.868595 0.0008937 0.00100394
0.124333 0.799188 0.0304125 0.0460662
0.107926 0.73581 0.0229656 0.133298
0.192719 0.732224 9.9991E-05 0.074957
0.0901594 0.879775 0.023905 0.00616101
0.117497 0.805951 9.9991E-05 0.0764519
0.152568 0.781214 0.00623579 0.0599823
0.0929147 0.906885 9.9982E-05 9.9982E-05
0.0878717 0.866641 0.0453873 9.9991E-05
0.0750071 0.785521 0.0732676 0.0662044
0.0643813 0.820907 0.00732026 0.107392
0.0971787 0.887773 0.0149479 9.9991E-05
0.0467775 0.832229 9.9991E-05 0.120893
0.0222858 0.853552 0.0660191 0.0581432
0.0616503 0.773877 0.0547823 0.109691
0.155592 0.773921 0.00650738 0.0639796
0.0422048 0.865284 9.9991E-05 0.0924115
0.139576 0.727466 0.0406067 0.0923515
0.0307531 0.82977 0.0442626 0.0952145
0.17728 0.781738 9.9991E-05 0.0408822
0.128043 0.823567 9.9991E-05 0.0482891
0.0812816 0.861351 9.9991E-05 0.0572671
0.0755321 0.908536 9.9991E-05 0.015832
0.0349337 0.835291 0.0170146 0.11276
0.0716574 0.654631 0.18648 0.0872318
0.00297345 0.835625 0.10929 0.0521114
9.9991E-05 0.834905 0.136737 0.0282579
0.0131223 0.8405 0.0698425 0.0765355
0.00707169 0.789839 0.150134 0.0529556
9.9991E-05 0.846122 0.0814282 0.0723497
0.0516811 0.796405 0.151814 9.9991E-05
0.0456677 0.691163 0.173718 0.0894519
0.018042 0.659764 0.188888 0.133306
0.112391 0.740721 0.0708249 0.076063
0.0405903 0.817683 0.141626 9.9991E-05
0.010549 0.746756 0.133548 0.109147
0.0166353 0.80588 0.103791 0.0736935
0.0909167 0.665052 0.156326 0.0877054
0.0756448 0.691694 0.147874 0.0847865
0.020605 0.645896 0.21749 0.116009
9.998E-05 9.998E-05 0.9997 9.998E-05
0.0344128 9.9982E-05 0.965387 9.9982E-05
0.00452062 0.0789103 0.916469 9.9991E-05
9.998E-05 9.998E-05 0.9997 9.998E-05
9.998E-05 9.998E-05 0.9997 9.998E-05
9.998E-05 9.998E-05 0.9997 9.998E-05
9.998E-05 9.998E-05 0.9997 9.998E-05
0.0259478 0.0583577 0.915594 9.9991E-05
0.00166885 9.9982E-05 0.998131 9.9982E-05
9.998E-05 9.998E-05 0.9997 9.998E-05
9.9991E-05 0.779148 0.138042 0.08271
9.9982E-05 0.0755411 0.924259 9.9982E-05
9.998E-05 9.998E-05 0.9997 9.998E-05
0.00924832 0.00247407 0.988178 9.9991E-05
9.9991E-05 0.818685 0.153889 0.0273256
9.9991E-05 0.826531 0.118469 0.0548995
9.9991E-05 0.776805 0.129691 0.093404
9.9991E-05 0.750577 0.195899 0.0534235
9.9991E-05 0.813883 0.123625 0.0623914
9.9991E-05 0.897703 0.0667864 0.0354111
9.9991E-05 0.72553 0.174061 0.100309
9.9982E-05 0.81638 0.18342 9.9982E-05
9.9991E-05 0.657151 0.270954 0.071795
9.9991E-05 0.725791 0.20983 0.0642792
9.9991E-05 0.784353 0.121856 0.0936916
9.9991E-05 0.746818 0.218744 0.0343385
9.9991E-05 0.818587 0.0923635 0.08895
9.9991E-05 0.786017 0.166857 0.0470259
9.9991E-05 0.95271 0.0426643 0.00452552
9.9982E-05 0.924871 0.0749289 9.9982E-05
9.998E-05 0.9997 9.998E-05 9.998E-05
9.998E-05 0.9997 9.998E-05 9.998E-05
9.9982E-05 0.968727 0.0310726 9.9982E-05
9.9982E-05 0.952295 0.0475045 9.9982E-05
9.9982E-05 0.954711 0.0450894 9.9982E-05
9.9982E-05 0.981283 0.0185169 9.9982E-05
9.9991E-05 0.994603 0.00258762 0.00270903
9.9982E-05 0.980304 0.0194964 9.9982E-05
9.9982E-05 0.871807 0.127993 9.9982E-05
9.9982E-05 0.96238 0.0374203 9.9982E-05
9.9991E-05 0.85391 0.0671515 0.0788385
9.998E-05 9.998E-05 9.998E-05 0.9997
9.9991E-05 0.629599 0.220956 0.149345
9.998E-05 9.998E-05 9.998E-05 0.9997
9.998E-05 9.998E-05 9.998E-05 0.9997
9.9982E-05 9.9982E-05 0.0409041 0.958896
0.0320171 0.1583 9.9991E-05 0.809583
9.998E-05 9.998E-05 9.998E-05 0.9997
9.9982E-05 0.0906331 9.9982E-05 0.909167
9.998E-05 9.998E-05 9.998E-05 0.9997
9.9982E-05 0.0417873 9.9982E-05 0.958013
0.0115187 9.9982E-05 9.9982E-05 0.988281
9.9982E-05 0.0183652 9.9982E-05 0.981435
9.9982E-05 9.9982E-05 0.0113629 0.988437
9.9991E-05 0.141633 0.03983 0.818437
9.9982E-05 0.0787167 9.9982E-05 0.921083
0.0168989 0.0731987 0.0349106 0.874992
9.9991E-05 0.114565 0.0113268 0.874008
0.0233022 0.109621 0.0144206 0.852656
9.9991E-05 0.0152658 0.0267998 0.957834
0.0467284 0.797508 0.0870767 0.0686871
0.00679851 0.875128 0.0761927 0.0418805
0.0304346 0.754184 0.160356 0.0550263
0.0572217 0.751258 0.0935538 0.0979666
9.9991E-05 0.757591 0.177196 0.0651129
9.9991E-05 0.727201 0.2362 0.0364995
9.9991E-05 0.748617 0.203441 0.0478417
9.9991E-05 0.737879 0.218354 0.0436674
9.9991E-05 0.726774 0.200598 0.072528
9.9991E-05 0.719688 0.232191 0.0480208
9.9991E-05 0.702466 0.231262 0.0661722
0.0434761 0.764904 0.157822 0.0337978
9.9991E-05 0.824298 0.15822 0.0173818
9.998E-05 0.9997 9.998E-05 9.998E-05
9.998E-05 0.9997 9.998E-05 9.998E-05
9.998E-05 0.9997 9.998E-05 9.998E-05
0.000721113 0.999079 9.9982E-05 9.9982E-05
9.998E-05 0.9997 9.998E-05 9.998E-05
9.998E-05 0.9997 9.998E-05 9.998E-05
9.998E-05 0.9997 9.998E-05 9.998E-05
9.998E-05 0.9997 9.998E-05 9.998E-05
9.998E-05 0.9997 9.998E-05 9.998E-05
9.998E-05 0.9997 9.998E-05 9.998E-05
9.998E-05 0.9997 9.998E-05 9.998E-05
9.998E-05 0.9997 9.998E-05 9.998E-05
