9.998E-05 9.998E-05 9.998E-05 0.9997
0.118443 0.108009 0.180827 0.592721
0.08585 0.163779 0.177783 0.572588
0.00306905 0.040576 0.400724 0.555631
9.9982E-05 9.9982E-05 0.618783 0.381017
0.0270598 0.105906 0.408215 0.458819
9.999E-05 0.0349951 0.296231 0.668673
0.0386119 0.120063 0.316324 0.525001
0.0204359 0.0831258 0.415936 0.480502
9.998E-05 9.998E-05 9.998E-05 0.9997
9.998E-05 9.998E-05 9.998E-05 0.9997
9.998E-05 9.998E-05 9.998E-05 0.9997
9.998E-05 9.998E-05 9.998E-05 0.9997
9.998E-05 9.998E-05 9.998E-05 0.9997
9.998E-05 9.998E-05 9.998E-05 0.9997
0.044071 0.0673026 0.499694 0.388932
0.0256606 0.127045 0.460155 0.38714
0.0298922 0.0273346 0.423527 0.519246
9.9982E-05 9.9982E-05 0.73418 0.26562
9.9991E-05 0.0359565 0.721289 0.242655
9.9982E-05 9.9982E-05 0.635617 0.364183
0.00289276 0.0745855 0.673523 0.248999
9.9991E-05 0.0213469 0.680794 0.297759
9.9991E-05 0.016734 0.639158 0.344008
9.9982E-05 9.9982E-05 0.700534 0.299266
9.9991E-05 0.00719328 0.797204 0.195502
9.9991E-05 0.0760692 0.703781 0.22005
9.9991E-05 0.0512902 0.634423 0.314187
9.9991E-05 0.0263914 0.672195 0.301314
9.9991E-05 0.00819087 0.556241 0.435468
9.9982E-05 9.9982E-05 0.598234 0.401567
9.9991E-05 0.0214742 0.724899 0.253527
9.9991E-05 0.0358144 0.719702 0.244384
9.9991E-05 0.0900252 0.664362 0.245513
9.9991E-05 0.0692307 0.671131 0.259538
9.9982E-05 9.9982E-05 0.602728 0.397072
9.9991E-05 0.0433243 0.797058 0.159518
9.9991E-05 0.0368626 0.771987 0.19105
0.0307374 0.0945248 0.682888 0.19185
0.0425657 9.9991E-05 0.76814 0.189195
0.0399588 0.107029 0.801464 0.0515485
0.0261893 0.0755542 0.838407 0.0598498
0.0442555 0.149863 0.611096 0.194785
0.0326793 0.106435 0.780007 0.080878
9.9991E-05 0.0868002 0.83357 0.0795298
9.9991E-05 0.0803037 0.788472 0.131124
9.9991E-05 0.0607193 0.825434 0.113747
9.9991E-05 0.0691657 0.810415 0.12032
9.9991E-05 0.0590226 0.797038 0.143839
0.032606 0.0480983 0.642767 0.276528
0.0244021 0.0606917 0.743461 0.171445
9.9991E-05 0.0902553 0.779194 0.130451
9.9991E-05 0.0650325 0.823821 0.111046
0.0362731 0.0166155 0.810282 0.13683
0.0572828 0.0313738 0.782208 0.129135
0.00678612 0.160747 0.736862 0.0956053
0.0249668 0.0810446 0.724641 0.169347
0.0178883 0.00287546 0.868595 0.110641
9.9991E-05 0.0810337 0.780996 0.137871
0.0256676 9.9991E-05 0.809534 0.164699
9.9991E-05 0.000524558 0.911681 0.0876949
0.0152937 0.0230909 0.869794 0.0918219
0.0543054 0.0778318 0.781851 0.0860115
0.0118299 0.0910083 0.878793 0.0183693
9.9982E-05 9.9982E-05 0.882807 0.116993
0.000741237 0.121198 0.82883 0.049231
0.0533846 0.0338553 0.885507 0.0272531
0.00808575 0.0788068 0.874483 0.0386244
0.0124407 0.0662123 0.766337 0.15501
0.00171879 0.105593 0.859221 0.0334674
0.0486189 0.113731 0.680693 0.156957
0.0171353 0.0613969 0.871459 0.0500092
9.9991E-05 0.0503724 0.78762 0.161908
9.9991E-05 0.0402041 0.83708 0.122616
9.9991E-05 0.0417734 0.883136 0.0749908
0.00941026 9.9991E-05 0.923875 0.0666145
0.0266948 0.116458 0.820152 0.0366946
0.0902806 0.073324 0.766108 0.0702879
0.0590429 0.104794 0.836063 9.9991E-05
0.116325 0.0423273 0.841248 9.9991E-05
0.058356 0.0722894 0.869255 9.9991E-05
0.100992 0.034869 0.864039 9.9991E-05
0.0996009 0.0543975 0.845902 9.9991E-05
0.167979 0.00488069 0.780056 0.0470843
0.244172 0.0319086 0.667102 0.0568173
0.149019 0.100727 0.684437 0.0658172
0.0718657 0.123707 0.708438 0.0959892
0.127429 0.0142145 0.800947 0.0574091
0.163469 0.0800395 0.712264 0.0442276
0.128681 0.10144 0.750987 0.0188918
0.12641 0.0728449 0.732612 0.0681334
0.119169 0.0856087 0.719038 0.0761839
0.193854 0.100348 0.653694 0.0521031
0.9997 9.998E-05 9.998E-05 9.998E-05
0.940441 9.9991E-05 0.00911905 0.0503399
0.886364 9.9991E-05 0.093533 0.0200031
0.9997 9.998E-05 9.998E-05 9.998E-05
0.9997 9.998E-05 9.998E-05 9.998E-05
0.9997 9.998E-05 9.998E-05 9.998E-05
0.9997 9.998E-05 9.998E-05 9.998E-05
0.871782 0.016774 0.0857069 0.0257368
0.993929 0.00587132 9.9982E-05 9.9982E-05
0.9997 9.998E-05 9.998E-05 9.998E-05
0.10932 0.0795198 0.81106 9.9991E-05
0.876709 9.9982E-05 0.123091 9.9982E-05
0.9875 0.0122997 9.9982E-05 9.9982E-05
0.9997 9.998E-05 9.998E-05 9.998E-05
0.123045 0.0236783 0.853177 9.9991E-05
0.109766 0.0397465 0.850388 9.9991E-05
0.126234 0.0603738 0.813292 9.9991E-05
0.165839 0.0658236 0.768237 9.9991E-05
0.137999 0.0511811 0.81072 9.9991E-05
0.0968564 0.00704736 0.895996 9.9991E-05
0.171245 0.0256653 0.78814 0.0149496
0.138069 0.00281117 0.85902 9.9991E-05
0.245426 0.0632922 0.691182 9.9991E-05
0.199807 0.0560336 0.744059 9.9991E-05
0.105089 0.0546412 0.835713 0.00455771
0.216647 0.0157447 0.752 0.0156079
0.0821832 0.0737431 0.835854 0.00821971
0.11112 0.0784708 0.810309 9.9991E-05
0.0236308 9.9982E-05 0.976169 9.9982E-05
0.0521094 9.9982E-05 0.947691 9.9982E-05
0.00463161 9.9982E-05 0.995168 9.9982E-05
9.998E-05 9.998E-05 0.9997 9.998E-05
0.0167568 9.9982E-05 0.983043 9.9982E-05
0.0150245 0.00646781 0.978408 9.9991E-05
0.00712859 9.9982E-05 0.992671 9.9982E-05
0.0155436 9.9982E-05 0.984256 9.9982E-05
9.9982E-05 0.0145211 0.985279 9.9982E-05
9.9982E-05 0.00323101 0.996569 9.9982E-05
0.0890326 9.9982E-05 0.910767 9.9982E-05
0.0157974 9.9982E-05 0.984003 9.9982E-05
0.042179 9.9982E-05 0.957621 9.9982E-05
9.998E-05 0.9997 9.998E-05 9.998E-05
0.196095 0.110803 0.693003 9.9991E-05
9.998E-05 0.9997 9.998E-05 9.998E-05
9.998E-05 0.9997 9.998E-05 9.998E-05
0.0234855 0.976315 9.9982E-05 9.9982E-05
0.0136091 0.775675 0.210616 9.9991E-05
9.998E-05 0.9997 9.998E-05 9.998E-05
9.9991E-05 0.839599 0.130307 0.0299944
0.0221438 0.941734 0.033038 0.00308418
0.0139691 0.920377 0.0655543 9.9991E-05
9.998E-05 0.9997 9.998E-05 9.998E-05
9.998E-05 0.9997 9.998E-05 9.998E-05
0.0345627 0.965237 9.9982E-05 9.9982E-05
0.0568356 0.791308 0.151757 9.9991E-05
9.9991E-05 0.907507 0.0762079 0.0161853
0.0358535 0.881786 0.0650226 0.0173384
9.9982E-05 0.919696 0.0801037 9.9982E-05
9.9991E-05 0.856642 0.0800808 0.0631772
0.0295344 0.9491 0.0212654 9.9991E-05
0.0982566 0.0316633 0.861213 0.00886677
0.0735122 0.0140883 0.912299 9.9991E-05
0.10064 0.0568244 0.804036 0.0384999
0.0591654 0.0600313 0.853458 0.0273454
0.13901 0.00799483 0.852895 9.9991E-05
0.158282 0.0320105 0.809607 9.9991E-05
0.16473 0.0537689 0.781401 9.9991E-05
0.183967 0.0195544 0.796378 9.9991E-05
0.162588 0.0255946 0.811717 9.9991E-05
0.157223 0.0290842 0.813593 9.9991E-05
0.173876 9.9982E-05 0.825924 9.9982E-05
0.0908585 0.0725775 0.816824 0.01974
0.142432 0.0276719 0.829797 9.9991E-05
9.998E-05 9.998E-05 0.9997 9.998E-05
9.998E-05 9.998E-05 0.9997 9.998E-05
9.998E-05 9.998E-05 0.9997 9.998E-05
9.998E-05 9.998E-05 0.9997 9.998E-05
9.998E-05 9.998E-05 0.9997 9.998E-05
9.998E-05 9.998E-05 0.9997 9.998E-05
9.998E-05 9.998E-05 0.9997 9.998E-05
9.998E-05 9.998E-05 0.9997 9.998E-05
9.998E-05 9.998E-05 0.9997 9.998E-05
9.998E-05 9.998E-05 0.9997 9.998E-05
9.998E-05 9.998E-05 0.9997 9.998E-05
9.998E-05 9.998E-05 0.9997 9.998E-05
