9.998E-05 9.998E-05 9.998E-05 0.9997
0.247281 0.108433 0.0780967 0.566189
0.134042 0.0888547 0.161165 0.615939
0.396212 9.9991E-05 0.00570687 0.597981
0.59766 9.9982E-05 9.9982E-05 0.40214
0.448192 0.0215417 0.0491417 0.481124
0.326089 9.9991E-05 0.00895851 0.664853
0.311073 0.0136606 0.102988 0.572279
0.382289 0.0359838 0.0630533 0.518674
9.998E-05 9.998E-05 9.998E-05 0.9997
9.998E-05 9.998E-05 9.998E-05 0.9997
9.998E-05 9.998E-05 9.998E-05 0.9997
9.998E-05 9.998E-05 9.998E-05 0.9997
9.998E-05 9.998E-05 9.998E-05 0.9997
9.998E-05 9.998E-05 9.998E-05 0.9997
0.500972 9.9991E-05 0.0584299 0.440498
0.467308 0.0211577 0.111728 0.399806
0.446031 9.9991E-05 0.015872 0.537997
0.704076 0.00849574 9.9991E-05 0.287329
0.750185 9.9982E-05 9.9982E-05 0.249615
0.609624 9.9982E-05 9.9982E-05 0.390176
0.645708 0.0184657 0.0744504 0.261376
0.685058 9.9991E-05 0.0191488 0.295693
0.604022 9.9991E-05 0.0264441 0.369434
0.661102 9.9982E-05 9.9982E-05 0.338698
0.771648 9.9982E-05 9.9982E-05 0.228152
0.718758 9.9991E-05 0.040549 0.240593
0.591931 9.9991E-05 0.070172 0.337797
0.662883 9.9991E-05 0.0346215 0.302396
0.62551 9.9982E-05 9.9982E-05 0.37429
0.616573 9.9982E-05 9.9982E-05 0.383227
0.721769 9.9991E-05 0.0196772 0.258454
0.657084 9.9991E-05 0.0812399 0.261576
0.654959 0.00238689 0.0805454 0.262109
0.678415 9.9991E-05 0.0619334 0.259552
0.59332 9.9982E-05 9.9982E-05 0.40648
0.780874 0.00299586 0.0390373 0.177093
0.798366 0.00996212 0.0146187 0.177053
0.678218 0.0292016 0.0872968 0.205284
0.80863 9.9982E-05 9.9982E-05 0.19117
0.811457 0.0350513 0.0666982 0.086793
0.805328 0.0138215 0.104031 0.0768194
0.617997 0.0369613 0.128569 0.216473
0.781157 0.0254157 0.104937 0.0884904
0.806904 9.9991E-05 0.127385 0.0656113
0.824727 9.9991E-05 0.0642874 0.110885
0.836463 9.9991E-05 0.0673019 0.0961356
0.788117 9.9991E-05 0.0835006 0.128283
0.713397 9.9991E-05 0.081909 0.204594
0.658889 0.0286545 0.052058 0.260399
0.726322 0.00739349 0.0995519 0.166732
0.79938 9.9991E-05 0.0869904 0.11353
0.784702 9.9991E-05 0.0833542 0.131844
0.845198 0.0217061 0.0224666 0.110629
0.8186 0.0371447 0.0193348 0.124921
0.704636 0.0550982 0.130095 0.110171
0.687561 9.9991E-05 0.122722 0.189616
0.86555 0.0271951 9.9991E-05 0.107154
0.787664 9.9991E-05 0.121874 0.0903619
0.815918 0.0174195 0.022328 0.144335
0.867969 9.9991E-05 0.0147938 0.117137
0.876293 0.000625145 9.9991E-05 0.122982
0.771771 0.0239704 0.0942391 0.110019
0.819622 0.0111076 0.102619 0.0666515
0.878554 9.9982E-05 9.9982E-05 0.121246
0.822663 9.9991E-05 0.131127 0.0461099
0.870882 0.0510302 0.0323537 0.0457341
0.825598 0.0312262 0.0727309 0.0704447
0.789752 9.9991E-05 0.063276 0.146872
0.833892 9.9991E-05 0.105783 0.0602255
0.651022 0.071183 0.116076 0.16172
0.825227 0.0583644 0.0813651 0.0350431
0.782778 9.9991E-05 0.0549174 0.162205
0.832099 9.9991E-05 0.0360181 0.131783
0.871565 9.9991E-05 0.049336 0.0789989
0.924456 9.9982E-05 9.9982E-05 0.0753445
0.858086 0.0216045 0.0764954 0.0438142
0.713385 0.148534 0.0637451 0.0743358
0.881974 0.0973222 0.020604 9.9991E-05
0.820084 0.137426 0.0423899 9.9991E-05
0.818811 0.0837584 0.0574968 0.0399337
0.818296 0.142418 0.0391862 9.9991E-05
0.85324 0.110519 0.0361412 9.9991E-05
0.708395 0.189277 0.010111 0.0922178
0.695331 0.237927 0.0362734 0.0304691
0.66751 0.164545 0.131893 0.0360521
0.719432 0.0790744 0.0944956 0.106998
0.805492 0.144233 9.9991E-05 0.0501752
0.777165 0.122066 0.0735776 0.0271905
0.75596 0.11051 0.0997137 0.0338162
0.697919 0.121802 0.0872389 0.09304
0.739166 0.114505 0.0782583 0.0680706
0.674279 0.201399 0.0946898 0.0296324
9.998E-05 0.9997 9.998E-05 9.998E-05
0.0199187 0.942785 0.0213334 0.0159629
0.141164 0.853932 0.00151918 0.00338508
9.998E-05 0.9997 9.998E-05 9.998E-05
9.998E-05 0.9997 9.998E-05 9.998E-05
9.998E-05 0.9997 9.998E-05 9.998E-05
9.998E-05 0.9997 9.998E-05 9.998E-05
0.000173286 0.935061 0.038429 0.026337
9.998E-05 0.9997 9.998E-05 9.998E-05
9.998E-05 0.9997 9.998E-05 9.998E-05
0.809769 0.102063 0.0880685 9.9991E-05
0.0848653 0.903763 0.011272 9.9991E-05
9.998E-05 0.9997 9.998E-05 9.998E-05
9.9982E-05 0.991032 9.9982E-05 0.00876817
0.836251 0.107479 0.0561697 9.9991E-05
0.853024 0.120579 0.0262964 9.9991E-05
0.864746 0.0997818 0.0353723 9.9991E-05
0.826216 0.142419 0.031265 9.9991E-05
0.850741 0.106334 0.0428251 9.9991E-05
0.865402 0.109918 0.0245802 9.9991E-05
0.81067 0.165643 0.0235865 9.9991E-05
0.861836 0.137964 9.9982E-05 9.9982E-05
0.728826 0.194705 0.0763696 9.9991E-05
0.724133 0.207145 0.0686216 9.9991E-05
0.811229 0.123059 0.0656128 9.9991E-05
0.762575 0.180496 0.0568282 9.9991E-05
0.848308 0.0840938 0.0674982 9.9991E-05
0.820563 0.140342 0.0389948 9.9991E-05
0.960424 0.0393759 9.9982E-05 9.9982E-05
0.945431 0.0543687 9.9982E-05 9.9982E-05
0.9997 9.998E-05 9.998E-05 9.998E-05
0.971537 0.0282625 9.9982E-05 9.9982E-05
0.963787 0.0360134 9.9982E-05 9.9982E-05
0.975672 0.0241283 9.9982E-05 9.9982E-05
0.980192 0.0196081 9.9982E-05 9.9982E-05
0.909816 0.0629978 0.0270867 9.9991E-05
0.988676 9.9982E-05 0.0111237 9.9982E-05
0.990886 0.00891435 9.9982E-05 9.9982E-05
0.857216 0.132802 0.00988159 9.9991E-05
0.952588 0.0472121 9.9982E-05 9.9982E-05
0.940235 0.0100374 0.049628 9.9991E-05
9.998E-05 9.998E-05 0.9997 9.998E-05
0.717945 0.173036 0.108919 9.9991E-05
9.998E-05 9.998E-05 0.9997 9.998E-05
9.998E-05 9.998E-05 0.9997 9.998E-05
9.9991E-05 0.0258423 0.970319 0.00373905
0.238575 0.0194066 0.737074 0.00494456
9.998E-05 9.998E-05 0.9997 9.998E-05
0.137131 0.00259877 0.86017 9.9991E-05
9.9991E-05 0.0164786 0.971825 0.0115969
0.031785 9.9982E-05 0.968015 9.9982E-05
9.998E-05 9.998E-05 0.9997 9.998E-05
9.998E-05 9.998E-05 0.9997 9.998E-05
9.9982E-05 0.0273875 0.972413 9.9982E-05
0.0980557 0.0452648 0.85658 9.9991E-05
0.0321365 0.00548424 0.92208 0.0402992
0.0540432 0.0279432 0.917914 9.9991E-05
0.156741 9.9982E-05 0.84306 9.9982E-05
0.109396 0.00222055 0.873495 0.014889
0.0276698 9.9982E-05 0.97213 9.9982E-05
0.823134 0.108903 0.0250278 0.0429353
0.896801 0.0421553 0.0422925 0.0187516
0.790998 0.0921821 0.0702946 0.0465257
0.795306 0.0934605 0.0593075 0.0519261
0.818677 0.143933 0.0372895 9.9991E-05
0.824634 0.170547 0.00471945 9.9991E-05
0.793688 0.172824 0.0333879 9.9991E-05
0.800454 0.199346 9.9982E-05 9.9982E-05
0.782345 0.183922 0.0336339 9.9991E-05
0.79809 0.16684 0.0349706 9.9991E-05
0.829961 0.161053 0.00888557 9.9991E-05
0.795108 0.123468 0.0551124 0.0263124
0.770226 0.175176 0.0544982 9.9991E-05
0.9997 9.998E-05 9.998E-05 9.998E-05
0.9997 9.998E-05 9.998E-05 9.998E-05
0.9997 9.998E-05 9.998E-05 9.998E-05
0.9997 9.998E-05 9.998E-05 9.998E-05
0.9997 9.998E-05 9.998E-05 9.998E-05
0.9997 9.998E-05 9.998E-05 9.998E-05
0.9997 9.998E-05 9.998E-05 9.998E-05
0.9997 9.998E-05 9.998E-05 9.998E-05
0.9997 9.998E-05 9.998E-05 9.998E-05
0.9997 9.998E-05 9.998E-05 9.998E-05
0.9997 9.998E-05 9.998E-05 9.998E-05
0.9997 9.998E-05 9.998E-05 9.998E-05
