9.998E-05 9.998E-05 9.998E-05 0.9997
0.0515755 9.9991E-05 0.153875 0.794449
9.9982E-05 0.110348 9.9982E-05 0.889452
0.328178 0.119091 0.069535 0.483196
0.0461641 0.0273048 0.126373 0.800158
0.15725 9.9982E-05 9.9982E-05 0.84255
9.999E-05 0.107841 0.0399528 0.852106
0.0710727 0.0990934 9.9991E-05 0.829734
9.9982E-05 0.296451 9.9982E-05 0.703349
0.0688795 0.0429344 0.259336 0.62885
0.950486 0.0493144 9.9982E-05 9.9982E-05
0.9997 9.998E-05 9.998E-05 9.998E-05
0.836105 9.9982E-05 9.9982E-05 0.163695
0.800085 0.102084 0.063158 0.0346734
0.771208 0.0320429 0.144702 0.0520467
0.964114 9.9982E-05 9.9982E-05 0.0356857
0.9997 9.998E-05 9.998E-05 9.998E-05
0.736405 0.186144 0.0773509 9.9991E-05
0.839862 0.15842 0.00161828 9.9991E-05
0.961439 9.9982E-05 9.9982E-05 0.038361
0.796194 0.0147469 0.127528 0.0615311
0.55542 0.0663607 0.0535871 0.324633
0.9997 9.998E-05 9.998E-05 9.998E-05
0.93864 0.022878 0.038382 9.9991E-05
0.77297 0.0145763 0.212353 9.9991E-05
0.632877 0.133624 0.140035 0.0934639
0.603189 0.330136 0.0665754 9.9991E-05
0.517697 0.0513264 0.412555 0.0184222
0.578489 0.175317 0.23735 0.00884394
0.714431 9.9982E-05 0.285369 9.9982E-05
0.0151153 0.745731 0.1918 0.0473538
9.9991E-05 0.635505 0.134385 0.230009
0.140429 0.769249 0.0902213 9.9991E-05
0.0680934 0.923609 9.9991E-05 0.0081978
0.351677 0.630577 0.0176463 9.9991E-05
0.0205434 0.721993 0.0997317 0.157732
0.112194 0.590868 9.9991E-05 0.296838
0.185074 0.674858 0.116037 0.0240305
0.0233463 0.976454 9.9982E-05 9.9982E-05
0.203994 0.503281 0.292626 9.9991E-05
9.9991E-05 0.849693 0.0411113 0.109096
0.0994343 0.555859 0.24552 0.0991863
0.129894 0.630541 0.239465 9.9991E-05
0.210193 0.785086 0.00329379 0.00142637
0.0301994 0.750992 0.179683 0.0391255
0.114515 0.767334 0.11805 9.9991E-05
9.9982E-05 0.879989 0.119811 9.9982E-05
9.9982E-05 0.943626 0.0561745 9.9982E-05
0.0871233 0.82523 9.9991E-05 0.0875468
9.9991E-05 0.826631 0.0821204 0.0911487
9.9982E-05 0.851034 0.148766 9.9982E-05
9.998E-05 0.9997 9.998E-05 9.998E-05
9.9982E-05 0.833143 0.166657 9.9982E-05
9.9982E-05 0.870556 0.129244 9.9982E-05
9.998E-05 0.9997 9.998E-05 9.998E-05
9.9982E-05 0.805385 0.194415 9.9982E-05
0.0901345 0.139323 0.770443 9.9991E-05
0.129352 0.162918 0.666148 0.0415817
9.9991E-05 0.217552 0.713097 0.0692505
9.9991E-05 0.203185 0.602878 0.193837
0.0280725 0.183103 0.788725 9.9991E-05
9.9991E-05 0.302585 0.602039 0.0952769
9.9991E-05 0.199053 0.791597 0.00925039
9.998E-05 9.998E-05 0.9997 9.998E-05
0.0386847 0.117153 0.844062 9.9991E-05
0.00739647 9.9982E-05 0.992404 9.9982E-05
9.9982E-05 0.0896542 0.910146 9.9982E-05
0.0476589 9.9982E-05 0.952141 9.9982E-05
9.998E-05 9.998E-05 0.9997 9.998E-05
9.9982E-05 0.0247276 0.975072 9.9982E-05
9.9982E-05 0.187239 0.812562 9.9982E-05
9.9991E-05 0.280265 0.676428 0.0432078
9.998E-05 9.998E-05 0.9997 9.998E-05
0.03967 0.183861 0.776369 9.9991E-05
0.0421734 9.9982E-05 0.957627 9.9982E-05
9.998E-05 9.998E-05 0.9997 9.998E-05
0.0646315 0.239722 0.656885 0.0387618
