9.996E-05 9.996E-05 9.996E-05 9.996E-05 0.9995 9.996E-05
0.0964286 0.42381 9.9982E-05 9.9982E-05 0.399869 0.0796929
0.0581239 0.471713 9.9982E-05 9.9982E-05 0.359416 0.110547
9.99641E-05 0.697613 9.99641E-05 9.99641E-05 0.301987 9.99641E-05
9.9973E-05 0.720265 9.9973E-05 0.0891199 0.190316 9.9973E-05
9.9964E-05 0.762342 9.9964E-05 9.9964E-05 0.237258 9.9964E-05
9.9964E-05 0.614834 9.9964E-05 9.9964E-05 0.384766 9.9964E-05
9.9973E-05 0.554621 9.9973E-05 9.9973E-05 0.357042 0.0880371
0.00409859 0.684228 9.9991E-05 0.0167135 0.267662 0.0271975
9.996E-05 9.996E-05 9.996E-05 9.996E-05 0.9995 9.996E-05
9.996E-05 9.996E-05 9.996E-05 9.996E-05 0.9995 9.996E-05
9.996E-05 9.996E-05 9.996E-05 9.996E-05 0.9995 9.996E-05
9.996E-05 9.996E-05 9.996E-05 9.996E-05 0.9995 9.996E-05
9.9973E-05 0.0305259 9.9973E-05 0.0415531 0.927621 9.9973E-05
9.9982E-05 0.0146341 0.020839 9.9982E-05 0.957414 0.00691298
9.9973E-05 0.684343 9.9973E-05 0.0386244 0.276733 9.9973E-05
0.0543501 0.467762 0.0731542 0.0450585 0.253535 0.106141
9.9964E-05 0.724964 9.9964E-05 9.9964E-05 0.274636 9.9964E-05
9.99641E-05 0.983689 9.99641E-05 9.99641E-05 0.0159114 9.99641E-05
9.99641E-05 0.985648 9.99641E-05 9.99641E-05 0.013952 9.99641E-05
9.9964E-05 0.836597 9.9964E-05 9.9964E-05 0.163003 9.9964E-05
0.000702075 0.909391 9.9982E-05 9.9982E-05 0.0416827 0.0480247
9.9964E-05 0.944424 9.9964E-05 9.9964E-05 0.0551763 9.9964E-05
9.9964E-05 0.905899 9.9964E-05 9.9964E-05 0.093701 9.9964E-05
9.9964E-05 0.930926 9.9964E-05 9.9964E-05 0.0686739 9.9964E-05
9.9982E-05 0.933833 0.0220078 0.0155332 0.0284258 9.9982E-05
9.9982E-05 0.836474 9.9982E-05 0.0677139 0.0540456 0.0415665
9.99641E-05 0.939601 9.99641E-05 9.99641E-05 0.059999 9.99641E-05
9.9964E-05 0.900324 9.9964E-05 9.9964E-05 0.0992757 9.9964E-05
9.9964E-05 0.864525 9.9964E-05 9.9964E-05 0.135075 9.9964E-05
9.99641E-05 0.889985 9.99641E-05 9.99641E-05 0.109615 9.99641E-05
9.9973E-05 0.922863 9.9973E-05 0.00448849 0.072349 9.9973E-05
9.9982E-05 0.940416 9.9982E-05 0.00287997 0.0465748 0.00992887
9.9982E-05 0.774303 0.0816595 9.9982E-05 0.106942 0.0368947
9.9973E-05 0.927356 9.9973E-05 9.9973E-05 0.0458054 0.0265385
9.9964E-05 0.845505 9.9964E-05 9.9964E-05 0.154095 9.9964E-05
9.996E-05 0.9995 9.996E-05 9.996E-05 9.996E-05 9.996E-05
9.9982E-05 0.871917 9.9982E-05 0.107476 0.0198178 0.000589656
0.0450097 0.809841 9.9991E-05 0.0954369 0.0370913 0.0125214
0.018715 0.872184 0.026607 0.0475842 0.0348096 9.9991E-05
0.0801766 0.731987 0.135054 0.00374061 9.9991E-05 0.0489411
0.00348709 0.724616 0.107172 0.110704 9.9991E-05 0.0539214
0.0548262 0.70691 0.105503 9.9991E-05 0.0699803 0.0626811
0.0390068 0.799857 0.0918266 0.033103 9.9991E-05 0.0361068
9.9982E-05 0.793576 0.0545986 0.104048 9.9982E-05 0.0475767
9.9973E-05 0.958698 9.9973E-05 0.00926081 9.9973E-05 0.0317411
9.9973E-05 0.93328 9.9973E-05 0.0367155 9.9973E-05 0.0297041
9.9982E-05 0.928589 0.0216838 0.0246749 9.9982E-05 0.0248521
9.9991E-05 0.657607 0.119188 0.0792791 0.071451 0.0723748
0.0289812 0.749382 0.0575511 9.9991E-05 0.133873 0.0301128
0.037942 0.803407 0.0273682 0.0551608 0.0190278 0.057094
9.9982E-05 0.851503 0.0180749 0.0467028 9.9982E-05 0.0835198
9.9973E-05 0.861407 9.9973E-05 0.0756864 9.9973E-05 0.062607
0.0570067 0.716172 0.0769711 0.116138 0.0336121 9.9991E-05
0.0579042 0.632825 0.135253 0.0998165 0.0375113 0.0366903
0.0217553 0.731842 0.120218 0.0101655 9.9991E-05 0.115919
0.0135684 0.67936 0.0885117 0.0527566 0.0833275 0.0824756
0.0633685 0.7762 0.0440102 0.116221 9.9982E-05 9.9982E-05
9.9973E-05 0.939591 9.9973E-05 0.0081318 9.9973E-05 0.0519777
9.9991E-05 0.780654 0.0594682 0.0807422 0.0265802 0.0524555
9.9982E-05 0.783587 0.0808871 0.135006 9.9982E-05 0.000320081
0.03172 0.7633 0.164748 0.0130605 0.0270724 9.9991E-05
0.0941725 0.796794 0.0371155 0.0522039 9.9991E-05 0.0196137
0.0268954 0.749389 0.0784785 0.0997798 9.9991E-05 0.0453576
0.00211109 0.810743 0.129437 0.0575083 9.9982E-05 9.9982E-05
0.0269471 0.731517 0.0709388 0.0710352 9.9991E-05 0.0994619
0.113044 0.777293 0.0738189 0.0155278 9.9991E-05 0.020216
0.0751858 0.681774 0.101225 0.0436416 9.9991E-05 0.0980733
0.00115708 0.853559 0.0384472 0.0699391 0.00584175 0.0310561
0.0391701 0.764287 0.105075 0.0110996 9.9991E-05 0.0802687
0.0858793 0.770223 0.0556221 9.9991E-05 0.0207709 0.0674049
0.0799614 0.67425 0.133837 0.0358596 9.9991E-05 0.0759919
0.0184059 0.789186 0.0145431 0.111117 0.0401226 0.0266256
0.0245781 0.817007 0.0391055 0.107373 0.0101004 0.00183586
0.0217316 0.675954 0.168806 0.0769278 9.9991E-05 0.0564802
0.0318266 0.734393 0.0472534 0.174463 9.9991E-05 0.0119647
0.0440753 0.806789 0.0697834 0.00493336 9.9991E-05 0.0743189
0.160055 0.631367 0.142556 0.0148369 9.9991E-05 0.0510855
0.169881 0.50335 0.136183 0.190386 9.9982E-05 9.9982E-05
0.143348 0.483403 0.158835 0.157636 9.9991E-05 0.0566788
0.104801 0.498314 0.16384 0.153274 9.9991E-05 0.0796708
0.145863 0.480355 0.172261 0.143472 9.9991E-05 0.0579489
0.135632 0.522678 0.14247 0.14925 9.9991E-05 0.0498698
0.171732 0.618423 0.158951 0.0506946 9.9982E-05 9.9982E-05
0.253909 0.567603 0.124468 0.0142552 9.9991E-05 0.0396648
0.196041 0.515787 0.102593 0.079244 9.9991E-05 0.106235
0.0915248 0.570618 0.138226 0.0630116 0.0387246 0.0978953
0.160936 0.577812 0.165222 0.0958299 9.9982E-05 9.9982E-05
0.152662 0.503693 0.144943 0.142762 9.9991E-05 0.0558398
0.120314 0.427791 0.198366 0.159119 9.9991E-05 0.0943102
0.20846 0.536149 0.0917585 0.0469033 0.0142034 0.102526
0.147519 0.584364 0.144166 0.0146838 0.0176933 0.0915739
0.211934 0.371004 0.105245 0.209044 0.00781408 0.0949591
0.9995 9.996E-05 9.996E-05 9.996E-05 9.996E-05 9.996E-05
0.955377 0.0263946 9.9982E-05 9.9982E-05 0.0114379 0.00659011
0.921552 0.0337473 9.9982E-05 0.037268 9.9982E-05 0.00723286
0.9995 9.996E-05 9.996E-05 9.996E-05 9.996E-05 9.996E-05
0.9995 9.996E-05 9.996E-05 9.996E-05 9.996E-05 9.996E-05
0.9995 9.996E-05 9.996E-05 9.996E-05 9.996E-05 9.996E-05
0.9995 9.996E-05 9.996E-05 9.996E-05 9.996E-05 9.996E-05
0.911422 0.076733 9.9973E-05 9.9973E-05 0.0115453 9.9973E-05
0.9995 9.996E-05 9.996E-05 9.996E-05 9.996E-05 9.996E-05
0.9995 9.996E-05 9.996E-05 9.996E-05 9.996E-05 9.996E-05
0.118603 0.269647 0.328403 0.18869 9.9991E-05 0.0945575
0.953307 0.0245632 9.9991E-05 0.0163166 0.00192655 0.0037863
0.9995 9.996E-05 9.996E-05 9.996E-05 9.996E-05 9.996E-05
0.974351 9.9964E-05 0.0252489 9.9964E-05 9.9964E-05 9.9964E-05
0.155115 0.343306 0.300209 0.180306 9.9991E-05 0.0209644
0.161457 0.385306 0.24822 0.112335 9.9991E-05 0.0925823
0.183485 0.366632 0.223387 0.167029 9.9991E-05 0.0593668
0.198386 0.284242 0.247224 0.149062 9.9991E-05 0.120986
0.163453 0.288133 0.323161 0.143397 9.9991E-05 0.0817553
0.114324 0.521689 0.211238 0.123592 9.9991E-05 0.0290565
0.192723 0.459419 0.210793 0.121456 9.9991E-05 0.0155095
0.167265 0.356982 0.273648 0.167682 9.9991E-05 0.0343226
0.241512 0.344577 0.186006 0.148963 9.9991E-05 0.0788428
0.247788 0.360724 0.170193 0.133296 9.9991E-05 0.0878984
0.143255 0.438187 0.171872 0.175178 9.9991E-05 0.0714076
0.237194 0.379538 0.137411 0.176869 9.9991E-05 0.0688884
0.104874 0.356632 0.250924 0.168821 0.0190309 0.0997192
0.171702 0.395631 0.239419 0.131714 9.9991E-05 0.0614341
9.9973E-05 0.0182192 0.966777 9.9973E-05 9.9973E-05 0.0147042
0.0333214 9.9982E-05 0.860498 0.0810461 0.0249349 9.9982E-05
9.996E-05 9.996E-05 0.9995 9.996E-05 9.996E-05 9.996E-05
9.996E-05 9.996E-05 0.9995 9.996E-05 9.996E-05 9.996E-05
9.996E-05 9.996E-05 0.9995 9.996E-05 9.996E-05 9.996E-05
9.996E-05 9.996E-05 0.9995 9.996E-05 9.996E-05 9.996E-05
9.9964E-05 9.9964E-05 0.99792 9.9964E-05 0.00168055 9.9964E-05
9.9982E-05 0.111871 0.811906 0.0521997 0.0238242 9.9982E-05
9.996E-05 9.996E-05 0.9995 9.996E-05 9.996E-05 9.996E-05
9.996E-05 9.996E-05 0.9995 9.996E-05 9.996E-05 9.996E-05
0.0374141 9.9982E-05 0.940886 9.9982E-05 0.0175888 0.00391166
9.996E-05 9.996E-05 0.9995 9.996E-05 9.996E-05 9.996E-05
0.0164139 0.0554014 0.742652 0.0670107 9.9991E-05 0.118422
9.996E-05 9.996E-05 9.996E-05 9.996E-05 9.996E-05 0.9995
0.228445 0.315525 0.211175 0.153786 9.9991E-05 0.090969
9.996E-05 9.996E-05 9.996E-05 9.996E-05 9.996E-05 0.9995
9.996E-05 9.996E-05 9.996E-05 9.996E-05 9.996E-05 0.9995
0.0408136 9.9973E-05 0.00610468 9.9973E-05 9.9973E-05 0.952782
9.9973E-05 0.188192 0.0454294 9.9973E-05 9.9973E-05 0.766079
9.996E-05 9.996E-05 9.996E-05 9.996E-05 9.996E-05 0.9995
0.0041705 0.068149 0.0183672 0.00539799 9.9991E-05 0.903815
0.0116564 9.9964E-05 9.9964E-05 9.9964E-05 9.9964E-05 0.987944
9.9964E-05 0.00359093 9.9964E-05 9.9964E-05 9.9964E-05 0.996009
9.9973E-05 0.0186553 9.9973E-05 9.9973E-05 0.00452927 0.976515
9.996E-05 9.996E-05 9.996E-05 9.996E-05 9.996E-05 0.9995
9.9964E-05 9.9964E-05 0.00366458 9.9964E-05 9.9964E-05 0.995936
0.0849192 9.9982E-05 0.0388779 0.0578074 9.9982E-05 0.818196
9.9973E-05 9.9973E-05 9.9973E-05 0.0122221 0.0155659 0.971912
9.9982E-05 0.0314342 0.0243044 9.9982E-05 0.000689223 0.943372
9.9991E-05 0.0126658 0.0250145 0.0523211 0.00800513 0.901894
0.0119669 0.0960827 9.9991E-05 0.0653025 0.000511482 0.826036
9.9964E-05 9.9964E-05 0.0321374 9.9964E-05 9.9964E-05 0.967463
0.13531 0.282404 0.115036 0.359575 0.00738099 0.100294
0.0640525 0.314167 0.144726 0.377921 9.9991E-05 0.099033
0.129439 0.277816 0.0901982 0.415448 0.0249181 0.0621803
0.094177 0.378596 0.060405 0.360582 0.017758 0.0884813
0.185327 0.145883 0.0868933 0.481845 9.9991E-05 0.0999515
0.260274 9.99821E-05 0.0253269 0.582802 9.99821E-05 0.131397
0.231541 0.111367 0.0493947 0.494892 9.9991E-05 0.112705
0.211488 0.112746 0.015372 0.548161 9.9991E-05 0.112134
0.246469 0.0772568 0.0413172 0.517334 9.9991E-05 0.117522
0.215009 0.145178 0.0558244 0.488099 9.9991E-05 0.0957902
0.214149 0.145274 0.0328362 0.493017 9.9991E-05 0.114625
0.20199 0.200558 0.0105738 0.443065 0.0276605 0.116153
0.16549 0.288711 9.9982E-05 0.438635 9.9982E-05 0.106964
9.996E-05 9.996E-05 9.996E-05 0.9995 9.996E-05 9.996E-05
9.996E-05 9.996E-05 9.996E-05 0.9995 9.996E-05 9.996E-05
9.996E-05 9.996E-05 9.996E-05 0.9995 9.996E-05 9.996E-05
9.996E-05 9.996E-05 9.996E-05 0.9995 9.996E-05 9.996E-05
9.996E-05 9.996E-05 9.996E-05 0.9995 9.996E-05 9.996E-05
9.9964E-05 9.9964E-05 9.9964E-05 0.987689 0.0119116 9.9964E-05
9.996E-05 9.996E-05 9.996E-05 0.9995 9.996E-05 9.996E-05
9.996E-05 9.996E-05 9.996E-05 0.9995 9.996E-05 9.996E-05
9.996E-05 9.996E-05 9.996E-05 0.9995 9.996E-05 9.996E-05
9.996E-05 9.996E-05 9.996E-05 0.9995 9.996E-05 9.996E-05
9.996E-05 9.996E-05 9.996E-05 0.9995 9.996E-05 9.996E-05
9.996E-05 9.996E-05 9.996E-05 0.9995 9.996E-05 9.996E-05
