9.996E-05 9.996E-05 9.996E-05 9.996E-05 0.9995 9.996E-05
0.0692259 9.9982E-05 9.9982E-05 0.499249 0.359841 0.071484
0.0662204 9.9982E-05 9.9982E-05 0.445607 0.382563 0.10541
9.99641E-05 9.99641E-05 9.99641E-05 0.701116 0.298484 9.99641E-05
9.9973E-05 0.0715482 9.9973E-05 0.746158 0.181994 9.9973E-05
9.9973E-05 9.9973E-05 9.9973E-05 0.767614 0.226648 0.00543838
9.9964E-05 9.9964E-05 9.9964E-05 0.62979 0.36981 9.9964E-05
9.9973E-05 9.9973E-05 9.9973E-05 0.579314 0.36245 0.0579367
0.00122594 0.0444616 9.9991E-05 0.662768 0.280097 0.0113471
9.996E-05 9.996E-05 9.996E-05 9.996E-05 0.9995 9.996E-05
9.996E-05 9.996E-05 9.996E-05 9.996E-05 0.9995 9.996E-05
9.996E-05 9.996E-05 9.996E-05 9.996E-05 0.9995 9.996E-05
0.00880219 9.9964E-05 9.9964E-05 9.9964E-05 0.990798 9.9964E-05
9.9964E-05 0.0757539 9.9964E-05 9.9964E-05 0.923846 9.9964E-05
0.0210748 0.010204 0.00529615 0.00659543 0.95673 9.9991E-05
9.9973E-05 9.9973E-05 9.9973E-05 0.751653 0.239666 0.00838085
0.0374301 0.0797216 0.120201 0.496192 0.222938 0.0435167
9.9964E-05 9.9964E-05 9.9964E-05 0.73201 0.26759 9.9964E-05
9.9973E-05 0.0392231 9.9973E-05 0.946095 0.0143816 9.9973E-05
9.996E-05 9.996E-05 9.996E-05 0.9995 9.996E-05 9.996E-05
9.9973E-05 0.0104363 9.9973E-05 0.872541 0.116723 9.9973E-05
9.9973E-05 9.9973E-05 9.9973E-05 0.93762 0.0468024 0.0152776
9.9973E-05 0.0216894 9.9973E-05 0.929748 0.0482626 9.9973E-05
9.9964E-05 9.9964E-05 9.9964E-05 0.897654 0.101946 9.9964E-05
9.99641E-05 9.99641E-05 9.99641E-05 0.953655 0.0459453 9.99641E-05
9.9982E-05 0.103165 0.00613869 0.846536 0.04396 9.9982E-05
9.9982E-05 0.0912856 9.9982E-05 0.829161 0.0356464 0.0437074
9.9964E-05 9.9964E-05 9.9964E-05 0.92636 0.0732399 9.9964E-05
9.9964E-05 9.9964E-05 9.9964E-05 0.909888 0.0897126 9.9964E-05
9.9964E-05 9.9964E-05 9.9964E-05 0.869221 0.130379 9.9964E-05
9.9964E-05 9.9964E-05 9.9964E-05 0.879916 0.119684 9.9964E-05
9.9973E-05 0.0164034 9.9973E-05 0.938213 0.0450837 9.9973E-05
0.0313489 9.9982E-05 9.9982E-05 0.91295 0.0447243 0.0107764
0.034702 9.9991E-05 0.0627504 0.792553 0.0763661 0.0335288
9.9973E-05 9.9973E-05 9.9973E-05 0.922593 0.0300891 0.0470184
9.9964E-05 9.9964E-05 9.9964E-05 0.885385 0.114215 9.9964E-05
9.9964E-05 0.00814883 9.9964E-05 0.991451 9.9964E-05 9.9964E-05
0.000494428 0.0938131 9.9991E-05 0.847167 0.028638 0.0297871
0.0637945 0.0654783 9.9991E-05 0.802787 0.0363136 0.0315266
0.0246772 0.0453537 9.9982E-05 0.920344 0.00942505 9.9982E-05
0.074765 0.00829517 0.125566 0.716871 9.9991E-05 0.0744031
0.0130354 0.0953414 0.155553 0.649108 9.9991E-05 0.0868616
0.0352704 9.9991E-05 0.0759409 0.767132 0.0467321 0.0748249
0.031054 0.0108917 0.120264 0.815701 9.9991E-05 0.0219897
9.9982E-05 0.0771708 0.0615699 0.815778 9.9982E-05 0.0452811
9.9973E-05 0.0358146 9.9973E-05 0.896569 9.9973E-05 0.0673162
9.9973E-05 0.0401008 9.9973E-05 0.922199 9.9973E-05 0.0374005
9.9982E-05 0.0523786 0.0352698 0.8924 9.9982E-05 0.0197517
9.9991E-05 0.125411 0.120852 0.645812 0.0400561 0.0677689
0.040172 0.00537165 0.0562922 0.787076 0.108329 0.00275946
0.0362109 0.0659728 0.00271864 0.80188 0.0292153 0.0640027
9.9982E-05 0.0424963 0.0388352 0.869485 9.9982E-05 0.0489837
9.9982E-05 0.0531428 0.0852842 0.808913 9.9982E-05 0.05246
0.0105508 0.171378 0.0722121 0.72337 0.0223889 9.9991E-05
0.061889 0.0927133 0.107511 0.692498 0.0293492 0.0160388
0.0079903 0.0234749 0.0969815 0.74508 9.9991E-05 0.126373
0.00968882 0.0862309 0.106529 0.662401 0.0721288 0.0630216
0.0235131 0.141811 0.0783036 0.756172 9.9982E-05 9.9982E-05
9.9973E-05 0.0385388 9.9973E-05 0.86983 9.9973E-05 0.0913317
0.00533569 0.127449 0.0191779 0.7982 0.0126282 0.0372085
9.9973E-05 0.160128 0.0981476 0.741424 9.9973E-05 9.9973E-05
0.0502459 0.0244004 0.17292 0.751293 0.00104086 9.9991E-05
0.0833437 0.055356 0.0541679 0.756107 0.00904819 0.0419773
0.0463305 0.0570662 0.156332 0.644898 0.00322849 0.0921448
9.9973E-05 0.0792829 0.0888886 0.831529 9.9973E-05 9.9973E-05
0.0130489 0.0346603 0.101711 0.755574 9.9991E-05 0.0949053
0.0922082 0.0369464 0.103877 0.750549 9.9991E-05 0.0163192
0.10171 0.0525571 0.173937 0.620664 9.9991E-05 0.0510325
0.0137388 0.0422727 0.0513961 0.876153 9.9991E-05 0.0163394
0.043323 0.00393017 0.145643 0.724761 9.9991E-05 0.0822433
0.0552593 9.9991E-05 0.050275 0.82946 0.00538394 0.0595221
0.0349806 0.0990535 0.115778 0.633905 9.9991E-05 0.116183
9.9991E-05 0.106973 0.0253224 0.790655 0.0415712 0.0353787
9.9991E-05 0.11433 0.0358612 0.822371 0.0112498 0.0160888
0.0227154 0.0922494 0.185688 0.629394 0.0226623 0.0472903
0.0296351 0.191777 0.0448373 0.733551 9.9982E-05 9.9982E-05
0.0781516 0.0654688 0.0471779 0.752115 9.9991E-05 0.0569868
0.154514 0.051008 0.115997 0.646292 9.9991E-05 0.0320891
0.126654 0.154867 0.136535 0.493525 9.9991E-05 0.0883183
0.164053 0.130937 0.160503 0.46819 9.9991E-05 0.076217
0.0957991 0.113405 0.194692 0.517404 0.00403218 0.0746672
0.219909 0.102337 0.14657 0.485807 9.9991E-05 0.0452782
0.151044 0.137657 0.148574 0.476212 9.9991E-05 0.0864126
0.165246 0.0336472 0.190471 0.55629 9.9991E-05 0.0542454
0.204978 0.055771 0.121176 0.515984 0.0332158 0.0688753
0.201739 0.0882398 0.116241 0.501633 9.9991E-05 0.0920473
0.079794 0.0719229 0.145609 0.551566 0.0488615 0.102246
0.151003 0.10011 0.179937 0.56875 9.9982E-05 9.9982E-05
0.154181 0.0627888 0.153106 0.464896 9.9991E-05 0.164927
0.13368 0.205309 0.185535 0.386954 9.9991E-05 0.088421
0.161059 0.0980522 0.127406 0.495316 0.0345579 0.0836079
0.141753 0.0755044 0.193719 0.45744 0.0343773 0.0972063
0.196921 0.204833 0.100969 0.372695 0.00200026 0.122582
0.9995 9.996E-05 9.996E-05 9.996E-05 9.996E-05 9.996E-05
0.968759 9.9982E-05 0.00591439 9.9982E-05 0.00565237 0.0194739
0.903077 0.0302739 9.9991E-05 0.0149246 0.020226 0.0313984
0.9995 9.996E-05 9.996E-05 9.996E-05 9.996E-05 9.996E-05
0.9995 9.996E-05 9.996E-05 9.996E-05 9.996E-05 9.996E-05
0.9995 9.996E-05 9.996E-05 9.996E-05 9.996E-05 9.996E-05
0.9995 9.996E-05 9.996E-05 9.996E-05 9.996E-05 9.996E-05
0.92913 9.9991E-05 0.0127412 0.0303634 0.00511161 0.0225534
0.9995 9.996E-05 9.996E-05 9.996E-05 9.996E-05 9.996E-05
0.9995 9.996E-05 9.996E-05 9.996E-05 9.996E-05 9.996E-05
0.109683 0.165838 0.333564 0.284746 9.9991E-05 0.106069
0.932202 0.0590215 0.000942793 0.00405665 9.9991E-05 0.00367704
0.996832 9.9964E-05 9.9964E-05 9.9964E-05 0.00276774 9.9964E-05
0.9995 9.996E-05 9.996E-05 9.996E-05 9.996E-05 9.996E-05
0.141054 0.173984 0.318352 0.305012 9.9991E-05 0.0614986
0.148713 0.167834 0.29966 0.314058 9.9991E-05 0.0696352
0.159354 0.177381 0.297096 0.286271 0.00375649 0.0761414
0.214659 0.136909 0.270431 0.28734 9.9991E-05 0.0905609
0.164233 0.139866 0.330246 0.31415 9.9991E-05 0.0514054
0.164882 0.124718 0.239031 0.452913 9.9991E-05 0.0183558
0.176693 0.174569 0.231368 0.368703 9.9991E-05 0.0485665
0.166185 0.144543 0.288124 0.382257 9.9991E-05 0.0187912
0.238848 0.161037 0.190093 0.317738 9.9991E-05 0.0921838
0.254767 0.160728 0.200097 0.29832 9.9991E-05 0.0859871
0.16509 0.141697 0.18257 0.446307 9.9991E-05 0.0642362
0.251864 0.193775 0.131427 0.352174 9.9991E-05 0.0706602
0.0586255 0.178296 0.242141 0.429144 9.9991E-05 0.0916937
0.138194 0.158069 0.251039 0.373997 0.007268 0.0714336
9.9982E-05 0.0219883 0.962853 0.00644679 9.9982E-05 0.00851247
0.00666621 0.0474368 0.930226 9.9982E-05 0.0154708 9.9982E-05
9.996E-05 9.996E-05 0.9995 9.996E-05 9.996E-05 9.996E-05
9.996E-05 9.996E-05 0.9995 9.996E-05 9.996E-05 9.996E-05
9.996E-05 9.996E-05 0.9995 9.996E-05 9.996E-05 9.996E-05
9.996E-05 9.996E-05 0.9995 9.996E-05 9.996E-05 9.996E-05
9.996E-05 9.996E-05 0.9995 9.996E-05 9.996E-05 9.996E-05
9.9991E-05 0.071376 0.807009 0.0910974 0.0279691 0.0024485
9.996E-05 9.996E-05 0.9995 9.996E-05 9.996E-05 9.996E-05
9.996E-05 9.996E-05 0.9995 9.996E-05 9.996E-05 9.996E-05
0.0373278 9.9973E-05 0.954321 9.9973E-05 0.00805121 9.9973E-05
9.996E-05 9.996E-05 0.9995 9.996E-05 9.996E-05 9.996E-05
0.0172213 0.061065 0.785555 0.0198857 9.9991E-05 0.116173
9.996E-05 9.996E-05 9.996E-05 9.996E-05 9.996E-05 0.9995
0.220985 0.124928 0.218195 0.324971 9.9991E-05 0.110821
9.996E-05 9.996E-05 9.996E-05 9.996E-05 9.996E-05 0.9995
9.996E-05 9.996E-05 9.996E-05 9.996E-05 9.996E-05 0.9995
0.041233 9.9982E-05 0.0111373 9.9982E-05 0.0104545 0.936975
0.0132537 0.00873394 0.0492726 0.159438 9.9991E-05 0.769201
9.996E-05 9.996E-05 9.996E-05 9.996E-05 9.996E-05 0.9995
9.9982E-05 9.9982E-05 0.0440585 0.0895316 0.00010125 0.866109
0.024507 9.9973E-05 9.9973E-05 9.9973E-05 0.00647126 0.968722
9.9964E-05 9.9964E-05 9.9964E-05 0.0411531 9.9964E-05 0.958447
9.996E-05 9.996E-05 9.996E-05 9.996E-05 9.996E-05 0.9995
9.9964E-05 9.9964E-05 0.000577645 9.9964E-05 9.9964E-05 0.999022
9.9964E-05 9.9964E-05 0.00824843 9.9964E-05 9.9964E-05 0.991352
0.0317496 0.0815637 0.0551788 9.9982E-05 9.9982E-05 0.831308
9.9973E-05 9.9973E-05 9.9973E-05 0.0222754 0.0251719 0.952253
0.0195003 0.0238655 0.0141617 0.0115332 0.0230811 0.907858
0.0139727 0.0662617 0.0308826 0.0219859 0.0179935 0.848904
9.9982E-05 0.0424734 9.9982E-05 0.0261121 0.0212765 0.909938
9.9982E-05 0.032263 0.0392347 9.9982E-05 0.0159132 0.912389
0.12858 0.38521 0.11891 0.286661 0.0131525 0.0674862
0.0321271 0.370845 0.154376 0.375539 9.9991E-05 0.0670129
0.137546 0.392765 0.104963 0.270889 0.0327521 0.0610851
0.110187 0.346026 0.103932 0.338452 0.0246105 0.0767924
0.226986 0.449894 0.0868641 0.183534 9.9991E-05 0.0526211
0.195169 0.715147 9.99731E-05 9.99731E-05 9.99731E-05 0.0893835
0.22164 0.54569 0.0115244 0.0943849 9.9991E-05 0.126661
0.277871 0.599309 0.0135208 0.0154813 9.9991E-05 0.093718
0.242832 0.570231 0.0176004 0.063066 9.9991E-05 0.106171
0.237357 0.536187 0.0301337 0.106182 9.9991E-05 0.0900407
0.220867 0.532263 0.0194942 0.133522 9.9991E-05 0.0937531
0.174752 0.450822 0.0869114 0.21032 0.0306543 0.0465413
0.154815 0.504807 0.029051 0.197879 9.9991E-05 0.113348
9.996E-05 0.9995 9.996E-05 9.996E-05 9.996E-05 9.996E-05
9.996E-05 0.9995 9.996E-05 9.996E-05 9.996E-05 9.996E-05
9.996E-05 0.9995 9.996E-05 9.996E-05 9.996E-05 9.996E-05
9.996E-05 0.9995 9.996E-05 9.996E-05 9.996E-05 9.996E-05
9.996E-05 0.9995 9.996E-05 9.996E-05 9.996E-05 9.996E-05
9.9973E-05 0.97244 9.9973E-05 0.00854502 0.0187154 9.9973E-05
9.996E-05 0.9995 9.996E-05 9.996E-05 9.996E-05 9.996E-05
9.996E-05 0.9995 9.996E-05 9.996E-05 9.996E-05 9.996E-05
9.9964E-05 0.99336 9.9964E-05 9.9964E-05 0.00624 9.9964E-05
9.9964E-05 0.969965 0.0296348 9.9964E-05 9.9964E-05 9.9964E-05
9.996E-05 0.9995 9.996E-05 9.996E-05 9.996E-05 9.996E-05
9.996E-05 0.9995 9.996E-05 9.996E-05 9.996E-05 9.996E-05
