9.996E-05 9.996E-05 9.996E-05 9.996E-05 0.9995 9.996E-05
0.0989808 9.9982E-05 0.477462 0.0388164 0.384541 9.9982E-05
0.0449205 9.9982E-05 0.469677 0.101924 0.383278 9.9982E-05
9.99641E-05 9.99641E-05 0.693669 9.99641E-05 0.305931 9.99641E-05
9.9973E-05 9.9973E-05 0.742999 9.9973E-05 0.181903 0.0747983
9.9973E-05 9.9973E-05 0.743194 0.0518398 0.204666 9.9973E-05
9.9964E-05 9.9964E-05 0.609407 9.9964E-05 0.390193 9.9964E-05
0.00246982 0.00394992 0.61422 0.0326842 0.346576 9.9991E-05
0.0103599 9.9991E-05 0.671775 0.0265783 0.252725 0.0384617
9.996E-05 9.996E-05 9.996E-05 9.996E-05 0.9995 9.996E-05
9.996E-05 9.996E-05 9.996E-05 9.996E-05 0.9995 9.996E-05
9.996E-05 9.996E-05 9.996E-05 9.996E-05 0.9995 9.996E-05
9.996E-05 9.996E-05 9.996E-05 9.996E-05 0.9995 9.996E-05
9.9982E-05 0.00387984 0.0581504 9.9982E-05 0.917319 0.0204506
0.00884836 0.0241105 9.9982E-05 0.00616256 0.960679 9.9982E-05
9.999E-05 0.00706678 0.713206 0.0136273 0.248379 0.0176207
0.0424938 0.0347944 0.493743 0.0622721 0.274429 0.0922677
9.9964E-05 9.9964E-05 0.727582 9.9964E-05 0.272018 9.9964E-05
9.9973E-05 9.9973E-05 0.962046 9.9973E-05 0.015074 0.0225796
9.996E-05 9.996E-05 0.9995 9.996E-05 9.996E-05 9.996E-05
0.0182769 9.9973E-05 0.856051 9.9973E-05 0.125372 9.9973E-05
9.9973E-05 9.9973E-05 0.948095 0.0348197 0.0167852 9.9973E-05
9.9964E-05 9.9964E-05 0.965305 9.9964E-05 0.0342952 9.9964E-05
9.9964E-05 9.9964E-05 0.936502 9.9964E-05 0.0630985 9.9964E-05
9.9964E-05 9.9964E-05 0.933303 9.9964E-05 0.066297 9.9964E-05
9.9973E-05 9.9973E-05 0.946377 9.9973E-05 0.0170797 0.0362438
9.9982E-05 9.9982E-05 0.843834 0.0428422 0.0493122 0.0638116
9.9964E-05 9.9964E-05 0.94394 9.9964E-05 0.0556603 9.9964E-05
9.9964E-05 9.9964E-05 0.897972 9.9964E-05 0.101628 9.9964E-05
9.9964E-05 9.9964E-05 0.860345 9.9964E-05 0.139255 9.9964E-05
9.99641E-05 9.99641E-05 0.869935 9.99641E-05 0.129666 9.99641E-05
9.9973E-05 9.9973E-05 0.962329 9.9973E-05 0.0286385 0.00873213
9.9973E-05 9.9973E-05 0.921944 0.00555073 0.0722054 9.9973E-05
0.0328137 0.0628036 0.72989 0.053601 0.105869 0.015022
9.9982E-05 9.9982E-05 0.944027 0.0144651 0.0352878 0.00602005
9.9964E-05 9.9964E-05 0.83548 9.9964E-05 0.164121 9.9964E-05
9.9964E-05 9.9964E-05 0.997708 0.00189198 9.9964E-05 9.9964E-05
0.0327371 0.00181577 0.823991 0.0441443 0.0147847 0.0825274
0.0553547 9.9991E-05 0.827924 0.0532891 0.0337947 0.0295372
0.0455915 0.0080915 0.862922 9.9991E-05 0.0263044 0.0569906
0.0732709 0.147601 0.716455 0.0624733 9.9982E-05 9.9982E-05
0.0343727 0.166255 0.708436 0.0216884 9.9991E-05 0.069147
0.033911 0.0774851 0.739874 0.0933914 0.0552382 9.9991E-05
0.0308334 0.121478 0.764775 0.0501436 9.9991E-05 0.0326706
9.9982E-05 0.0640645 0.818184 0.0439643 9.9982E-05 0.0735875
9.9973E-05 9.9973E-05 0.926527 0.0400594 9.9973E-05 0.0331133
9.9982E-05 0.0146988 0.867852 0.0503039 9.9982E-05 0.0669451
9.9982E-05 0.0420939 0.863032 0.0744472 9.9982E-05 0.0202272
9.9991E-05 0.125819 0.686844 0.0472185 0.0473878 0.0926304
0.0266092 0.0602768 0.785936 0.0148894 0.112189 9.9991E-05
0.00917316 9.9991E-05 0.817806 0.0943592 0.0461131 0.0324489
9.9982E-05 0.0736261 0.822444 0.0578416 9.9982E-05 0.045888
9.9991E-05 0.0882363 0.814559 0.0292287 0.0139665 0.05391
0.0259649 0.0658588 0.70341 0.0194371 0.0347179 0.150611
0.055962 0.0859577 0.753532 0.0134166 0.0369168 0.0542154
0.00594342 0.130291 0.767058 0.0965073 9.9982E-05 9.9982E-05
0.00358528 0.0797258 0.654273 0.107941 0.0706562 0.083819
0.077456 0.0739604 0.750055 0.0350641 9.9991E-05 0.063364
9.9973E-05 9.9973E-05 0.881921 0.0563924 9.9973E-05 0.0613862
0.0427926 0.00208271 0.74168 0.0636947 0.0416341 0.108116
9.9982E-05 0.122072 0.734213 0.0188056 9.9982E-05 0.124709
0.0330746 0.165013 0.801612 9.9973E-05 9.9973E-05 9.9973E-05
0.0522349 0.0575097 0.762317 0.0551458 0.0290339 0.0437583
0.0788853 0.0697657 0.693099 0.0648241 9.9991E-05 0.0933264
9.9973E-05 0.0968639 0.850858 9.9973E-05 9.9973E-05 0.0519779
0.0454747 0.0555686 0.751813 0.0794133 9.9991E-05 0.06763
0.0965017 0.107951 0.729243 0.0125495 9.9991E-05 0.0536551
0.0606273 0.117036 0.659667 0.123707 9.9991E-05 0.0388621
0.0333287 0.0531089 0.824569 0.0195574 9.9991E-05 0.0693361
0.0129686 0.117888 0.776679 0.0922643 9.9982E-05 9.9982E-05
0.0796545 0.0541657 0.789886 0.0631289 0.0130645 9.9991E-05
0.067766 0.100551 0.712573 0.0652412 9.9991E-05 0.0537684
0.0143409 0.0481557 0.80668 0.0524706 0.0500409 0.0283121
0.00314674 0.0371891 0.765822 0.030011 0.0192336 0.144598
0.00304799 0.22579 0.638664 0.062931 0.0152157 0.0543521
0.0151343 0.0634674 0.712913 0.0210972 9.9991E-05 0.187288
0.0976314 0.062571 0.767478 0.0599276 9.9991E-05 0.0122919
0.203217 0.105222 0.679173 0.00189008 0.00781129 0.00268742
0.155795 0.183377 0.4735 0.0489772 9.9991E-05 0.138251
0.186537 0.184011 0.446299 0.0607764 9.9991E-05 0.122278
0.140694 0.205391 0.431876 0.0828184 9.9991E-05 0.13912
0.167602 0.187032 0.446321 0.0642334 9.9991E-05 0.134712
0.129247 0.208146 0.492042 0.0561432 9.9991E-05 0.114321
0.105232 0.19503 0.567393 0.0191455 9.9991E-05 0.1131
0.237823 0.10794 0.470089 0.109627 9.9991E-05 0.0744221
0.223304 0.132939 0.428252 0.155757 9.9991E-05 0.0596481
0.089246 0.167939 0.528007 0.0819187 0.0276665 0.105223
0.134874 0.206718 0.535483 0.025652 9.9991E-05 0.0971722
0.170275 0.145018 0.388413 0.150408 9.9991E-05 0.145787
0.145844 0.2192 0.385253 0.0999906 9.9991E-05 0.149612
0.146149 0.0868735 0.565449 0.0946375 0.0122747 0.0946158
0.171807 0.199622 0.515259 0.0795275 0.0278192 0.00596457
0.235056 0.114684 0.319472 0.09178 0.000194499 0.238814
0.9995 9.996E-05 9.996E-05 9.996E-05 9.996E-05 9.996E-05
0.959941 9.9973E-05 9.9973E-05 0.0316942 0.00806464 9.9973E-05
0.923109 9.9982E-05 0.0559397 0.00885229 9.9982E-05 0.0118994
0.9995 9.996E-05 9.996E-05 9.996E-05 9.996E-05 9.996E-05
0.9995 9.996E-05 9.996E-05 9.996E-05 9.996E-05 9.996E-05
0.9995 9.996E-05 9.996E-05 9.996E-05 9.996E-05 9.996E-05
0.9995 9.996E-05 9.996E-05 9.996E-05 9.996E-05 9.996E-05
0.900148 9.9982E-05 0.0273024 9.9982E-05 0.00592026 0.0664296
0.997165 9.9964E-05 9.9964E-05 9.9964E-05 0.0024351 9.9964E-05
0.9995 9.996E-05 9.996E-05 9.996E-05 9.996E-05 9.996E-05
0.108821 0.298701 0.316521 0.10302 9.9991E-05 0.172837
0.944833 9.9982E-05 0.0306747 0.00708514 9.9982E-05 0.017207
0.999452 9.9964E-05 9.9964E-05 0.000147654 9.9964E-05 9.9964E-05
0.99376 9.9964E-05 9.9964E-05 9.9964E-05 0.00583967 9.9964E-05
0.130609 0.343013 0.313357 0.0643026 9.9991E-05 0.14862
0.15356 0.29057 0.354366 0.0727424 9.9991E-05 0.128661
0.156077 0.324911 0.32217 0.0610795 9.9991E-05 0.135662
0.189202 0.2873 0.336992 0.0741225 9.9991E-05 0.112284
0.153217 0.271234 0.341169 0.0560275 9.9991E-05 0.178252
0.133343 0.207786 0.538778 0.0206746 9.9991E-05 0.0993183
0.212488 0.21578 0.446632 0.0139793 9.9991E-05 0.111021
0.186099 0.306152 0.349036 0.0130226 9.9991E-05 0.14559
0.298868 0.155665 0.296691 0.104972 9.9991E-05 0.143703
0.259047 0.152196 0.329948 0.104084 9.9991E-05 0.154624
0.143256 0.202481 0.427471 0.0887702 9.9991E-05 0.137922
0.307417 0.137102 0.355013 0.062093 9.9991E-05 0.138275
0.127561 0.259867 0.358275 0.10437 9.9991E-05 0.149828
0.164348 0.256429 0.403826 0.0569641 9.9991E-05 0.118334
0.00149742 0.94538 9.9982E-05 0.034517 9.9982E-05 0.0184059
0.0107688 0.899595 9.9982E-05 9.9982E-05 0.0243915 0.0650451
9.996E-05 0.9995 9.996E-05 9.996E-05 9.996E-05 9.996E-05
9.9964E-05 0.991969 9.9964E-05 9.9964E-05 9.9964E-05 0.00763127
9.996E-05 0.9995 9.996E-05 9.996E-05 9.996E-05 9.996E-05
9.996E-05 0.9995 9.996E-05 9.996E-05 9.996E-05 9.996E-05
9.996E-05 0.9995 9.996E-05 9.996E-05 9.996E-05 9.996E-05
9.9982E-05 0.771679 0.153336 9.9982E-05 0.00718094 0.0676037
9.996E-05 0.9995 9.996E-05 9.996E-05 9.996E-05 9.996E-05
9.996E-05 0.9995 9.996E-05 9.996E-05 9.996E-05 9.996E-05
0.0370456 0.947735 9.9973E-05 9.9973E-05 0.0149192 9.9973E-05
9.9964E-05 0.992819 9.9964E-05 9.9964E-05 9.9964E-05 0.00678127
0.00209469 0.831109 0.0795662 0.0632589 9.9991E-05 0.0238714
9.996E-05 9.996E-05 9.996E-05 0.9995 9.996E-05 9.996E-05
0.218634 0.234593 0.339413 0.0863176 9.9991E-05 0.120943
9.996E-05 9.996E-05 9.996E-05 0.9995 9.996E-05 9.996E-05
9.996E-05 9.996E-05 9.996E-05 0.9995 9.996E-05 9.996E-05
0.0447323 9.9982E-05 9.9982E-05 0.927773 0.0179093 0.00938553
0.0380755 0.00399304 0.130688 0.809392 0.0177515 9.9991E-05
9.996E-05 9.996E-05 9.996E-05 0.9995 9.996E-05 9.996E-05
9.9973E-05 0.0608844 0.0647692 0.874047 9.9973E-05 9.9973E-05
0.00129018 0.00187889 0.0144736 0.972175 9.9991E-05 0.0100825
9.9973E-05 0.0460433 0.0098978 0.943759 9.9973E-05 9.9973E-05
9.9964E-05 9.9964E-05 9.9964E-05 0.994599 0.00500122 9.9964E-05
9.996E-05 9.996E-05 9.996E-05 0.9995 9.996E-05 9.996E-05
0.0121794 0.0397698 9.9982E-05 0.911462 0.0363891 9.9982E-05
0.0442749 0.051336 0.0241638 0.815454 9.9991E-05 0.0646717
9.9973E-05 9.9973E-05 0.0170159 0.942908 0.0397758 9.9973E-05
0.0127071 0.00605915 0.0373518 0.917092 9.9991E-05 0.0266904
0.0213864 0.0154128 0.0459208 0.877885 0.00179299 0.0376024
0.0196298 9.9991E-05 0.0112156 0.897465 0.0164791 0.0551104
9.9982E-05 0.0236976 0.00895614 0.964024 0.00312216 9.9982E-05
0.101966 0.14467 0.23657 0.0861803 0.0364528 0.394161
0.110146 0.12964 0.341035 0.0575074 0.011597 0.350074
0.124032 0.0757117 0.290134 0.135514 0.0179476 0.356661
0.111367 0.113072 0.321187 0.0951902 0.0298909 0.329293
0.28141 0.0474411 0.12785 0.108672 9.9991E-05 0.434527
0.277269 0.0106903 9.99821E-05 0.101704 9.99821E-05 0.610136
0.234138 0.0220922 0.144974 0.109054 9.9991E-05 0.489642
0.275842 0.0301943 0.112852 0.0856726 9.9991E-05 0.495339
0.263621 0.0153872 0.101545 0.111219 0.00491815 0.503309
0.289947 0.00705266 0.103201 0.119869 9.9991E-05 0.479831
0.266527 0.0191268 0.147972 0.09605 9.9991E-05 0.470224
0.165799 0.0592296 0.215823 0.155752 0.0464203 0.356977
0.208663 0.0478539 0.246393 0.128431 9.9991E-05 0.368559
9.996E-05 9.996E-05 9.996E-05 9.996E-05 9.996E-05 0.9995
9.996E-05 9.996E-05 9.996E-05 9.996E-05 9.996E-05 0.9995
9.996E-05 9.996E-05 9.996E-05 9.996E-05 9.996E-05 0.9995
9.996E-05 9.996E-05 9.996E-05 9.996E-05 9.996E-05 0.9995
9.996E-05 9.996E-05 9.996E-05 9.996E-05 9.996E-05 0.9995
9.9964E-05 9.9964E-05 0.0574045 9.9964E-05 9.9964E-05 0.942196
9.996E-05 9.996E-05 9.996E-05 9.996E-05 9.996E-05 0.9995
9.996E-05 9.996E-05 9.996E-05 9.996E-05 9.996E-05 0.9995
9.996E-05 9.996E-05 9.996E-05 9.996E-05 9.996E-05 0.9995
9.9964E-05 0.0541013 9.9964E-05 9.9964E-05 9.9964E-05 0.945499
9.996E-05 9.996E-05 9.996E-05 9.996E-05 9.996E-05 0.9995
9.996E-05 9.996E-05 9.996E-05 9.996E-05 9.996E-05 0.9995
