9.996E-05 9.996E-05 9.996E-05 9.996E-05 9.996E-05 0.9995
0.442622 9.9991E-05 0.0664762 0.0945438 0.0066868 0.389572
0.424368 9.9982E-05 0.0939962 0.0694606 9.9982E-05 0.411975
0.711367 9.99641E-05 9.99641E-05 9.99641E-05 9.99641E-05 0.288233
0.807685 0.00874461 9.9982E-05 9.9982E-05 0.0247202 0.15865
0.754249 9.9973E-05 0.0148359 9.9973E-05 9.9973E-05 0.230615
0.655288 9.9964E-05 9.9964E-05 9.9964E-05 9.9964E-05 0.344312
0.573397 9.9973E-05 0.0590199 9.9973E-05 9.9973E-05 0.367284
0.678116 9.9973E-05 0.021312 9.9973E-05 9.9973E-05 0.300272
9.996E-05 9.996E-05 9.996E-05 9.996E-05 9.996E-05 0.9995
9.996E-05 9.996E-05 9.996E-05 9.996E-05 9.996E-05 0.9995
9.996E-05 9.996E-05 9.996E-05 9.996E-05 9.996E-05 0.9995
9.996E-05 9.996E-05 9.996E-05 9.996E-05 9.996E-05 0.9995
0.030656 9.9982E-05 0.0163481 9.9982E-05 0.02489 0.927906
9.9964E-05 9.9964E-05 0.0385071 9.9964E-05 9.9964E-05 0.961093
0.70663 9.9982E-05 0.00267506 9.9982E-05 0.0536422 0.236852
0.45049 0.067875 0.0509318 0.0603978 0.111918 0.258387
0.720066 9.9964E-05 9.9964E-05 9.9964E-05 9.9964E-05 0.279534
0.994715 9.99641E-05 9.99641E-05 9.99641E-05 9.99641E-05 0.00488501
0.9995 9.996E-05 9.996E-05 9.996E-05 9.996E-05 9.996E-05
0.87816 9.9973E-05 9.9973E-05 0.0012807 9.9973E-05 0.120259
0.915359 9.9973E-05 0.0269734 9.9973E-05 9.9973E-05 0.0573674
0.934558 9.9973E-05 9.9973E-05 9.9973E-05 0.0231162 0.0420256
0.903384 9.9964E-05 9.9964E-05 9.9964E-05 9.9964E-05 0.0962162
0.961254 9.9964E-05 9.9964E-05 9.9964E-05 9.9964E-05 0.0383458
0.902575 0.0453879 9.9982E-05 9.9982E-05 0.0243923 0.0274445
0.857138 9.9982E-05 0.0413656 9.9982E-05 0.047533 0.0537637
0.932213 9.9964E-05 9.9964E-05 9.9964E-05 9.9964E-05 0.0673876
0.889481 0.00217522 9.9982E-05 9.9982E-05 0.00790635 0.100238
0.84834 9.9964E-05 9.9964E-05 9.9964E-05 9.9964E-05 0.151261
0.871992 9.99641E-05 9.99641E-05 9.99641E-05 9.99641E-05 0.127608
0.95896 9.9973E-05 9.9973E-05 9.9973E-05 0.0123274 0.028413
0.87988 0.0196558 0.0145137 0.00575223 0.0476962 0.0325023
0.70314 0.0720644 0.0903476 9.9991E-05 0.00949435 0.124854
0.938608 9.9991E-05 0.00255972 0.00183225 0.0236635 0.0332369
0.82922 9.9964E-05 9.9964E-05 9.9964E-05 9.9964E-05 0.17038
0.954915 9.9964E-05 9.9964E-05 9.9964E-05 0.0446852 9.9964E-05
0.831673 0.00716659 0.0081106 0.013596 0.109627 0.0298266
0.799297 9.9991E-05 0.0549293 0.0139092 0.0874916 0.0442729
0.821481 0.00617765 9.9991E-05 0.048737 0.0928029 0.0307012
0.749087 0.105886 0.0574641 0.0663145 0.0211482 9.9991E-05
0.736218 0.138039 0.0762299 0.0108769 0.0385356 9.9991E-05
0.77357 0.0742199 0.0668141 0.0616185 9.9991E-05 0.023677
0.768986 0.0938122 0.0606098 0.0706335 0.00585857 9.9991E-05
0.828193 0.0245482 0.0591504 9.9982E-05 0.0879084 9.9982E-05
0.95731 9.9973E-05 0.0330582 9.9973E-05 0.00933154 9.9973E-05
0.915201 0.0154736 0.0335123 9.9982E-05 0.0356129 9.9982E-05
0.885603 0.0597763 0.0194826 9.9982E-05 0.0349384 9.9982E-05
0.627317 0.121439 0.0513816 9.9991E-05 0.120783 0.0789791
0.782296 0.0381779 0.0171638 0.0388842 9.9991E-05 0.123378
0.83345 0.00313807 0.0705706 0.0463227 0.00620472 0.0403143
0.779025 0.0606572 0.0665403 9.9982E-05 0.0935775 9.9982E-05
0.910293 0.033131 0.0562758 9.9973E-05 9.9973E-05 9.9973E-05
0.780533 0.101167 9.9991E-05 0.045786 0.0632986 0.00911453
0.723249 0.110061 0.0148833 0.0638374 0.0551596 0.0328091
0.764768 0.125084 0.0910094 0.00249614 0.0165421 9.9991E-05
0.61117 0.0652126 0.11493 0.0317717 0.11001 0.0669057
0.803616 0.032622 0.0110696 0.0428064 0.109786 9.9991E-05
0.898922 9.9973E-05 0.0604968 9.9973E-05 0.0402811 9.9973E-05
0.771589 0.0183073 0.0132663 0.0238801 0.152849 0.0201087
0.752562 0.100578 0.0229586 9.9982E-05 0.123701 9.9982E-05
0.706501 0.180648 9.9982E-05 0.0459928 0.0666581 9.9982E-05
0.728548 9.9982E-05 0.0972043 0.109742 0.0643057 9.9982E-05
0.694823 0.0804851 0.0830289 0.0578661 0.0836966 9.9991E-05
0.786499 0.11292 9.9982E-05 9.9982E-05 0.0940026 0.00637917
0.743249 0.0857936 0.103196 0.0312565 0.0364041 9.9991E-05
0.751376 0.0632016 0.0631789 0.0727893 0.0493545 9.9991E-05
0.696287 0.0986339 0.0694515 0.0622586 0.0732685 9.9991E-05
0.893105 0.0192016 0.0375828 0.0287309 0.0212802 9.9991E-05
0.733408 0.0906291 0.12882 0.0151831 0.0318596 9.9991E-05
0.763316 0.0628602 0.0883244 0.0642662 9.9991E-05 0.0211335
0.701957 0.128527 0.0448251 0.0809907 0.0436 9.9991E-05
0.820776 0.0178296 0.0412161 9.9991E-05 0.0850205 0.0350577
0.780227 0.0357629 0.0363856 0.0267053 0.115513 0.0054057
0.617753 0.184217 0.0676257 9.9991E-05 0.104465 0.0258395
0.767392 0.0534092 0.0219243 9.9982E-05 0.157075 9.9982E-05
0.814375 0.0375774 0.0762372 0.0708213 0.000889035 9.9991E-05
0.692042 0.108098 0.0398972 0.156382 0.00348018 9.9991E-05
0.539553 0.138155 0.0358318 0.141664 0.144696 9.9991E-05
0.46401 0.183135 0.047203 0.162128 0.143424 9.9991E-05
0.487064 0.173781 0.0877872 0.118992 0.132276 9.9991E-05
0.499811 0.160566 0.0747597 0.151725 0.113039 9.9991E-05
0.50352 0.152969 0.0855404 0.153271 0.1046 9.9991E-05
0.583919 0.172768 0.00441788 0.125459 0.113337 9.9991E-05
0.449313 0.145314 0.0404699 0.255072 0.109731 9.9991E-05
0.45982 0.131242 0.131702 0.209095 0.0680417 9.9991E-05
0.507632 0.176439 0.0974449 0.0974839 0.0909292 0.0300702
0.56971 0.171939 9.9982E-05 0.155302 0.102849 9.9982E-05
0.424792 0.214904 0.0669183 0.20022 0.0930659 9.9991E-05
0.428064 0.182752 0.0859701 0.140252 0.162861 9.9991E-05
0.546386 0.127876 0.0766908 0.191996 0.0402119 0.0168399
0.519884 0.174612 0.0795813 0.147456 0.0477275 0.0307397
0.393758 0.152069 0.0981371 0.172728 0.183208 9.9991E-05
9.996E-05 9.996E-05 9.996E-05 0.9995 9.996E-05 9.996E-05
0.00427447 0.024756 0.00389842 0.960433 9.9991E-05 0.00653815
0.0708621 9.9991E-05 0.00545518 0.897962 0.0149867 0.0106344
9.996E-05 9.996E-05 9.996E-05 0.9995 9.996E-05 9.996E-05
9.996E-05 9.996E-05 9.996E-05 0.9995 9.996E-05 9.996E-05
9.996E-05 9.996E-05 9.996E-05 0.9995 9.996E-05 9.996E-05
9.996E-05 9.996E-05 9.996E-05 0.9995 9.996E-05 9.996E-05
0.0783839 9.9973E-05 0.00299508 0.918321 9.9973E-05 9.9973E-05
9.996E-05 9.996E-05 9.996E-05 0.9995 9.996E-05 9.996E-05
9.996E-05 9.996E-05 9.996E-05 0.9995 9.996E-05 9.996E-05
0.289318 0.309685 0.11629 0.105 0.179607 9.9991E-05
0.0656432 9.9973E-05 9.9973E-05 0.901384 0.0326728 9.9973E-05
9.996E-05 9.996E-05 9.996E-05 0.9995 9.996E-05 9.996E-05
9.996E-05 9.996E-05 9.996E-05 0.9995 9.996E-05 9.996E-05
0.343838 0.279185 0.0709903 0.134734 0.171152 9.9991E-05
0.337243 0.283185 0.0916372 0.145404 0.142431 9.9991E-05
0.342782 0.266992 0.0883959 0.14783 0.1539 9.9991E-05
0.292676 0.271505 0.0923872 0.199673 0.143658 9.9991E-05
0.297179 0.322993 0.0581391 0.163164 0.158425 9.9991E-05
0.515973 0.242765 0.0267517 0.147345 0.0670658 9.9991E-05
0.3296 0.242464 0.136792 0.162487 0.128558 9.9991E-05
0.379975 0.282523 0.0266113 0.163861 0.14693 9.9991E-05
0.329422 0.200171 0.0928432 0.220017 0.157446 9.9991E-05
0.2981 0.22868 0.0879807 0.217899 0.167239 9.9991E-05
0.418923 0.183519 0.0702063 0.159595 0.167657 9.9991E-05
0.366593 0.172245 0.0480278 0.237885 0.17515 9.9991E-05
0.345346 0.243265 0.12313 0.104959 0.183199 9.9991E-05
0.390106 0.254347 0.0328807 0.179772 0.142794 9.9991E-05
0.0395601 0.948358 0.00457434 9.9982E-05 0.00730781 9.9982E-05
9.9991E-05 0.863195 0.00752716 0.00258568 0.0974327 0.0291593
9.996E-05 0.9995 9.996E-05 9.996E-05 9.996E-05 9.996E-05
9.996E-05 0.9995 9.996E-05 9.996E-05 9.996E-05 9.996E-05
9.996E-05 0.9995 9.996E-05 9.996E-05 9.996E-05 9.996E-05
9.996E-05 0.9995 9.996E-05 9.996E-05 9.996E-05 9.996E-05
9.9964E-05 0.999142 9.9964E-05 0.000458418 9.9964E-05 9.9964E-05
0.141742 0.750076 9.9982E-05 9.9982E-05 0.0859485 0.0220337
9.996E-05 0.9995 9.996E-05 9.996E-05 9.996E-05 9.996E-05
9.996E-05 0.9995 9.996E-05 9.996E-05 9.996E-05 9.996E-05
9.9973E-05 0.933345 9.9973E-05 0.0404168 9.9973E-05 0.0259386
9.996E-05 0.9995 9.996E-05 9.996E-05 9.996E-05 9.996E-05
0.0370493 0.768115 0.0723757 0.0111505 0.101446 0.00986351
9.996E-05 9.996E-05 0.9995 9.996E-05 9.996E-05 9.996E-05
0.358715 0.247255 0.115876 0.20171 0.0763448 9.9991E-05
9.996E-05 9.996E-05 0.9995 9.996E-05 9.996E-05 9.996E-05
9.996E-05 9.996E-05 0.9995 9.996E-05 9.996E-05 9.996E-05
9.9982E-05 9.9982E-05 0.950003 0.0321145 0.0155151 0.0021677
0.116165 0.0706993 0.743648 0.00623337 0.063154 9.9991E-05
9.996E-05 9.996E-05 0.9995 9.996E-05 9.996E-05 9.996E-05
0.0614404 0.0129571 0.925303 9.9973E-05 9.9973E-05 9.9973E-05
9.996E-05 9.996E-05 0.9995 9.996E-05 9.996E-05 9.996E-05
0.0296452 9.9973E-05 0.940521 9.9973E-05 0.029534 9.9973E-05
9.996E-05 9.996E-05 0.9995 9.996E-05 9.996E-05 9.996E-05
9.9964E-05 0.00582481 0.993775 9.9964E-05 9.9964E-05 9.9964E-05
0.000738555 9.9982E-05 0.976715 0.0183639 9.9982E-05 0.00398262
0.0349615 0.0526244 0.785431 0.0586492 0.0682336 9.9991E-05
0.0450929 9.9982E-05 0.934736 9.9982E-05 0.00472128 0.0152494
0.0125173 0.0421548 0.857102 0.0343426 0.0537837 9.9991E-05
9.9991E-05 0.0254834 0.852439 0.00828688 0.100076 0.0136146
0.132022 9.9982E-05 0.81187 9.9982E-05 0.0247887 0.0311186
0.0273581 0.0520099 0.919829 9.9982E-05 0.000603076 9.9982E-05
0.269659 0.120804 0.0614967 0.0906017 0.421086 0.0363526
0.324764 0.105526 0.0198223 0.121536 0.407906 0.0204451
0.310576 0.0791604 0.086357 0.125452 0.383012 0.0154433
0.307077 0.0926876 0.0588824 0.0857732 0.416192 0.0393871
0.180004 0.0893018 0.0588099 0.171433 0.500352 9.9991E-05
0.0285946 9.99821E-05 0.0705092 0.22833 0.672366 9.99821E-05
0.124083 0.00923729 0.0772488 0.223459 0.565873 9.9991E-05
0.0650523 0.00161262 0.0521055 0.244276 0.636853 9.9991E-05
0.0996073 0.00919322 0.0787919 0.215361 0.596947 9.9991E-05
0.14664 0.0203355 0.086904 0.210605 0.535415 9.9991E-05
0.140078 0.0303125 0.0789005 0.217586 0.533023 9.9991E-05
0.176278 0.0747645 0.10212 0.143811 0.477815 0.0252109
0.256323 0.0180356 0.0767277 0.181754 0.466796 0.000363953
9.996E-05 9.996E-05 9.996E-05 9.996E-05 0.9995 9.996E-05
9.996E-05 9.996E-05 9.996E-05 9.996E-05 0.9995 9.996E-05
9.996E-05 9.996E-05 9.996E-05 9.996E-05 0.9995 9.996E-05
9.996E-05 9.996E-05 9.996E-05 9.996E-05 0.9995 9.996E-05
9.996E-05 9.996E-05 9.996E-05 9.996E-05 0.9995 9.996E-05
0.00779145 9.9991E-05 0.0111233 0.0031539 0.971166 0.0066657
9.996E-05 9.996E-05 9.996E-05 9.996E-05 0.9995 9.996E-05
9.996E-05 9.996E-05 9.996E-05 9.996E-05 0.9995 9.996E-05
9.996E-05 9.996E-05 9.996E-05 9.996E-05 0.9995 9.996E-05
0.0356578 0.0328035 9.9982E-05 9.9982E-05 0.931192 0.000147132
9.996E-05 9.996E-05 9.996E-05 9.996E-05 0.9995 9.996E-05
9.996E-05 9.996E-05 9.996E-05 9.996E-05 0.9995 9.996E-05
