9.996E-05 9.996E-05 9.996E-05 9.996E-05 0.9995 9.996E-05
0.0207259 9.9973E-05 9.9973E-05 9.9973E-05 0.859365 0.11961
9.9964E-05 9.9964E-05 0.234392 9.9964E-05 0.765208 9.9964E-05
0.0535921 0.147933 0.294645 0.00478095 0.498949 9.9991E-05
0.00382597 0.011966 0.0209139 0.124356 0.76288 0.0760581
9.9964E-05 0.172612 9.9964E-05 9.9964E-05 0.826988 9.9964E-05
0.0335323 0.00187217 9.9991E-05 0.121709 0.812035 0.0307519
9.9973E-05 0.0438127 9.9973E-05 0.185537 0.77035 9.9973E-05
9.998E-05 9.998E-05 0.214935 0.0859775 0.657012 0.0418753
0.0342311 0.0389619 9.9991E-05 0.237715 0.599028 0.0899638
0.0235181 0.919398 9.9973E-05 0.0567839 9.9973E-05 9.9973E-05
9.9973E-05 0.961944 9.9973E-05 0.0156308 9.9973E-05 0.0221257
9.9973E-05 0.840548 9.9973E-05 0.0363282 0.122823 9.9973E-05
0.0691768 0.801915 0.107295 0.021413 9.9982E-05 9.9982E-05
0.0742989 0.779208 0.0789309 9.999E-05 0.0210224 0.0464401
9.9964E-05 0.979099 9.9964E-05 9.9964E-05 9.9964E-05 0.0205014
9.996E-05 0.9995 9.996E-05 9.996E-05 9.996E-05 9.996E-05
0.0019754 0.645317 0.130688 0.0366039 9.9991E-05 0.185316
0.0114256 0.755005 0.218534 0.0148352 9.99845E-05 9.99845E-05
9.9973E-05 0.922296 0.0106519 9.9973E-05 0.0667517 9.9973E-05
9.999E-05 0.815097 0.00975549 0.057037 0.0707742 0.0472365
9.9973E-05 0.532398 9.9973E-05 9.9973E-05 0.325083 0.14222
0.00032521 0.993483 9.9973E-05 9.9973E-05 0.00589139 9.9973E-05
9.9973E-05 0.899971 9.9973E-05 0.0104155 9.9973E-05 0.089314
0.000727521 0.685167 0.0973056 9.9991E-05 0.0131543 0.203545
9.9973E-05 0.661816 9.9973E-05 9.9973E-05 0.110123 0.227762
9.998E-05 0.574017 0.250148 0.119497 9.998E-05 0.0561391
0.0093348 0.498658 0.0763143 9.9991E-05 0.0111366 0.404456
9.9973E-05 0.529962 0.181413 9.9973E-05 9.9973E-05 0.288325
9.9964E-05 0.630695 9.9964E-05 9.9964E-05 9.9964E-05 0.368905
9.9973E-05 9.9973E-05 0.636837 0.0200608 9.9973E-05 0.342802
9.998E-05 9.998E-05 0.496632 0.0439114 0.157564 0.301692
9.997E-05 0.0595927 0.884765 9.997E-05 9.997E-05 0.0553427
9.9964E-05 9.9964E-05 0.701064 0.298536 9.9964E-05 9.9964E-05
9.9964E-05 0.206499 0.793101 9.9964E-05 9.9964E-05 9.9964E-05
0.013554 9.9964E-05 0.986046 9.9964E-05 9.9964E-05 9.9964E-05
0.00845985 0.0276027 0.759008 0.00012948 0.2047 9.9991E-05
9.9964E-05 9.9964E-05 0.925962 9.9964E-05 9.9964E-05 0.073638
0.0152772 9.997E-05 0.9644 0.020023 9.997E-05 9.997E-05
0.0106677 0.111482 0.471685 9.9982E-05 9.9982E-05 0.405965
9.9964E-05 9.9964E-05 0.886171 9.9964E-05 9.9964E-05 0.113429
9.999E-05 0.0802298 0.45996 0.09583 0.0458445 0.318035
9.997E-05 0.0639752 0.869878 9.997E-05 9.997E-05 0.0658471
0.0177025 0.125306 0.656554 0.200237 9.9982E-05 9.9982E-05
9.9991E-05 0.00967762 0.121853 0.613918 0.000843589 0.253608
9.999E-05 0.102919 0.0822782 0.71677 0.0289151 0.0690184
0.0365889 9.998E-05 0.0279807 0.747125 9.998E-05 0.188105
9.996E-05 9.996E-05 9.996E-05 0.909145 9.996E-05 0.0904547
0.00141262 0.05266 0.372777 0.435472 0.137578 9.999E-05
9.998E-05 9.998E-05 0.298244 0.367319 0.0939606 0.240276
9.9964E-05 9.9964E-05 9.9964E-05 0.893453 9.9964E-05 0.106147
9.996E-05 9.996E-05 9.996E-05 0.9995 9.996E-05 9.996E-05
9.9982E-05 0.0276234 9.9982E-05 0.803044 0.0160436 0.15309
9.997E-05 9.997E-05 0.173893 0.730108 9.997E-05 0.0956985
9.996E-05 9.996E-05 9.996E-05 0.9995 9.996E-05 9.996E-05
0.0623001 9.9973E-05 9.9973E-05 0.891486 9.9973E-05 0.045914
9.9973E-05 0.128423 9.9973E-05 9.9973E-05 0.00825893 0.863019
9.999E-05 0.216939 0.0338982 0.124433 0.0249741 0.599656
9.998E-05 0.00045165 9.998E-05 0.130013 0.022645 0.846691
9.998E-05 9.998E-05 0.0752514 0.0299158 0.164569 0.730064
9.997E-05 0.0563501 9.997E-05 0.10158 9.997E-05 0.84177
0.0859629 9.9982E-05 0.345666 9.9982E-05 0.054285 0.513886
9.998E-05 9.998E-05 0.0451353 0.147654 0.0139298 0.793081
0.036893 9.996E-05 9.996E-05 9.996E-05 9.996E-05 0.962707
0.0210058 0.0485258 0.107025 9.998E-05 9.998E-05 0.823243
9.9964E-05 9.9964E-05 0.0365568 9.9964E-05 9.9964E-05 0.963043
9.996E-05 9.996E-05 9.996E-05 9.996E-05 9.996E-05 0.9995
9.997E-05 0.0410411 9.997E-05 0.0177169 9.997E-05 0.940942
0.0067227 9.9964E-05 9.9964E-05 9.9964E-05 9.9964E-05 0.992877
9.9964E-05 9.9964E-05 9.9964E-05 0.0373958 9.9964E-05 0.962204
0.00711283 9.9964E-05 9.9964E-05 9.9964E-05 9.9964E-05 0.992487
0.00803942 9.999E-05 0.165323 0.0293613 0.0605577 0.736619
0.00185206 9.9973E-05 9.9973E-05 0.0802194 9.9973E-05 0.917629
0.0905163 9.998E-05 0.231532 0.0150522 9.998E-05 0.6627
0.57851 0.108185 9.9982E-05 0.0694674 9.9982E-05 0.243638
0.9995 9.996E-05 9.996E-05 9.996E-05 9.996E-05 9.996E-05
0.0604551 0.00930693 0.231491 0.0391366 0.0286143 0.630996
