9.996E-05 0.9995 9.996E-05 9.996E-05 9.996E-05 9.996E-05
9.9982E-05 0.388196 0.41766 0.0743975 0.119547 9.9982E-05
9.9982E-05 0.392785 0.417706 0.125512 0.0637973 9.9982E-05
9.99641E-05 0.299173 0.700427 9.99641E-05 9.99641E-05 9.99641E-05
9.9973E-05 0.176826 0.78188 9.9973E-05 9.9973E-05 0.0409936
9.9982E-05 0.261929 0.672866 0.0603582 0.00464656 9.9982E-05
9.9964E-05 0.391442 0.608158 9.9964E-05 9.9964E-05 9.9964E-05
9.9982E-05 0.387995 0.530722 0.0730755 0.00800727 9.9982E-05
9.9973E-05 0.266088 0.696503 0.0371084 9.9973E-05 9.9973E-05
9.996E-05 0.9995 9.996E-05 9.996E-05 9.996E-05 9.996E-05
9.996E-05 0.9995 9.996E-05 9.996E-05 9.996E-05 9.996E-05
9.996E-05 0.9995 9.996E-05 9.996E-05 9.996E-05 9.996E-05
9.996E-05 0.9995 9.996E-05 9.996E-05 9.996E-05 9.996E-05
9.9964E-05 0.922427 9.9964E-05 9.9964E-05 9.9964E-05 0.0771734
0.00101928 0.967231 9.9991E-05 0.0134142 0.0112724 0.00696346
0.00769218 0.242986 0.745514 0.00360731 9.9982E-05 9.9982E-05
0.0699854 0.292207 0.408107 0.0751569 0.0173769 0.137167
9.9964E-05 0.278118 0.721483 9.9964E-05 9.9964E-05 9.9964E-05
9.9973E-05 0.0194928 0.941953 9.9973E-05 9.9973E-05 0.0382546
9.99641E-05 9.99641E-05 0.985331 9.99641E-05 9.99641E-05 0.0142688
9.9964E-05 0.1223 0.8773 9.9964E-05 9.9964E-05 9.9964E-05
9.9991E-05 0.0422104 0.865466 0.0322113 0.00912441 0.050888
9.9973E-05 0.0447786 0.907073 9.9973E-05 9.9973E-05 0.0478482
9.9964E-05 0.0941635 0.905437 9.9964E-05 9.9964E-05 9.9964E-05
9.9964E-05 0.0398326 0.959768 9.9964E-05 9.9964E-05 9.9964E-05
0.0475996 0.0249141 0.906756 9.9982E-05 9.9982E-05 0.0205301
9.9982E-05 0.0507797 0.873964 0.0404471 9.9982E-05 0.0346091
9.9964E-05 0.0634583 0.936142 9.9964E-05 9.9964E-05 9.9964E-05
9.9964E-05 0.108312 0.891288 9.9964E-05 9.9964E-05 9.9964E-05
9.9964E-05 0.14745 0.85215 9.9964E-05 9.9964E-05 9.9964E-05
9.9973E-05 0.127644 0.812213 9.9973E-05 9.9973E-05 0.0598431
0.0180273 0.0546457 0.922425 9.9991E-05 0.000548034 0.00425361
9.9982E-05 0.0362256 0.921137 0.0259454 9.9982E-05 0.0164917
0.0504308 0.0992317 0.809256 0.0408813 9.9982E-05 9.9982E-05
9.9973E-05 0.0322244 0.862039 9.9973E-05 9.9973E-05 0.105437
9.9964E-05 0.185029 0.814571 9.9964E-05 9.9964E-05 9.9964E-05
9.9964E-05 9.9964E-05 0.957481 9.9964E-05 9.9964E-05 0.0421188
0.0456317 0.033024 0.779699 0.0482361 0.0163777 0.0770321
0.0169182 0.0374546 0.8485 0.0609633 0.0251638 0.0110006
0.0518336 0.0290996 0.888225 9.9982E-05 0.0306417 9.9982E-05
0.125809 9.9982E-05 0.713955 0.0634217 0.096614 9.9982E-05
0.136153 9.9991E-05 0.779533 0.0301185 0.0232162 0.030879
9.9991E-05 0.0585565 0.757285 0.118908 0.0487583 0.0163925
0.0597638 9.9982E-05 0.803929 0.0791178 0.056989 9.9982E-05
0.147379 9.9982E-05 0.751828 0.0801934 9.9982E-05 0.0204005
0.0663214 9.9973E-05 0.924145 0.0092342 9.9973E-05 9.9973E-05
0.0473025 9.9973E-05 0.916843 0.0355548 9.9973E-05 9.9973E-05
0.0891425 9.9982E-05 0.82129 0.0309807 9.9982E-05 0.0583864
0.177966 0.0606852 0.745849 0.0153004 9.9982E-05 9.9982E-05
0.0452923 0.11325 0.800953 0.00210667 0.0382982 9.9991E-05
0.0573592 0.0374645 0.800064 0.0533688 0.0516438 9.9991E-05
0.0587757 9.9982E-05 0.807209 0.0805916 9.9982E-05 0.0532237
0.0678302 9.9973E-05 0.882243 0.0496264 9.9973E-05 9.9973E-05
0.119979 0.0610561 0.691853 0.000648479 0.0433502 0.0831129
0.119957 0.0570999 0.682216 0.0444675 0.0441886 0.0520713
0.047943 9.9982E-05 0.815007 0.106002 0.0308477 9.9982E-05
0.162802 0.0752839 0.637874 0.113926 0.00685089 0.00326304
0.175751 9.9991E-05 0.784051 0.00216572 0.026503 0.0114291
0.0256326 9.9973E-05 0.939902 0.0341653 9.9973E-05 9.9973E-05
0.158695 0.070494 0.714145 0.0424296 0.0141364 9.9991E-05
0.17043 9.9982E-05 0.797752 0.00426734 9.9982E-05 0.0273506
0.17727 9.9982E-05 0.760953 9.9982E-05 0.0581261 0.0034506
0.0927072 9.9991E-05 0.720701 0.0831569 0.0731092 0.0302262
0.120972 9.9991E-05 0.643783 0.0569971 0.042805 0.135343
0.167126 0.0230882 0.8059 9.9982E-05 0.00368583 9.9982E-05
0.0647974 9.9991E-05 0.743378 0.0857061 0.028529 0.0774896
0.123093 9.9982E-05 0.780432 0.00822463 0.0880498 9.9982E-05
0.0701276 9.9991E-05 0.636014 0.0745347 0.0727362 0.146488
0.0886907 9.9973E-05 0.866811 0.0441985 9.9973E-05 9.9973E-05
0.107026 9.9982E-05 0.732278 0.0701106 9.9982E-05 0.0903856
0.0333092 0.0378244 0.774055 0.0828101 0.0719015 9.9991E-05
0.177985 9.9991E-05 0.667587 0.0665455 0.0803575 0.00742519
0.0869104 0.0399294 0.809136 0.0393003 0.0139462 0.0107773
0.105569 0.0314238 0.843817 0.01899 9.9982E-05 9.9982E-05
0.205057 0.0253533 0.615792 0.0468345 0.0226527 0.0843096
0.168972 9.9991E-05 0.771463 0.00475257 0.0255029 0.0292102
0.039482 9.9991E-05 0.821389 0.0658616 0.0518536 0.0213142
0.0783928 9.9991E-05 0.617218 0.0357128 0.139454 0.129122
0.18606 9.9991E-05 0.534128 0.0452221 0.130696 0.103793
0.240679 9.9991E-05 0.498056 0.0619381 0.130789 0.068438
0.282699 9.9991E-05 0.443783 0.0972044 0.110104 0.0661088
0.293117 9.9991E-05 0.435037 0.0380526 0.18056 0.053133
0.212393 9.9991E-05 0.518627 0.0763866 0.147159 0.0453341
0.202879 9.9982E-05 0.568131 0.0241661 0.204624 9.9982E-05
0.22404 9.9991E-05 0.478684 0.0149802 0.264887 0.0173093
0.138119 9.9991E-05 0.517709 0.130221 0.194523 0.0193291
0.212222 0.0262513 0.540896 0.0937119 0.0935285 0.0333903
0.213707 9.9982E-05 0.585456 0.0412057 0.159431 9.9982E-05
0.222277 9.9991E-05 0.491073 0.0973378 0.145575 0.043637
0.285237 9.9991E-05 0.484641 0.1109 0.108815 0.0103067
0.0450871 0.0300489 0.471875 0.0620595 0.158013 0.232916
0.0781859 0.0185028 0.494871 0.0731808 0.124728 0.210531
0.332451 0.00402617 0.351736 0.0955719 0.216115 9.9991E-05
9.996E-05 9.996E-05 9.996E-05 9.996E-05 0.9995 9.996E-05
9.9982E-05 0.0108979 9.9982E-05 0.0331629 0.947476 0.00826354
9.9973E-05 9.9973E-05 0.0393527 9.9973E-05 0.857374 0.102974
9.996E-05 9.996E-05 9.996E-05 9.996E-05 0.9995 9.996E-05
9.996E-05 9.996E-05 9.996E-05 9.996E-05 0.9995 9.996E-05
9.996E-05 9.996E-05 9.996E-05 9.996E-05 0.9995 9.996E-05
9.9964E-05 9.9964E-05 9.9964E-05 9.9964E-05 0.99564 0.00396041
9.9964E-05 9.9964E-05 0.0872655 9.9964E-05 0.912335 9.9964E-05
9.996E-05 9.996E-05 9.996E-05 9.996E-05 0.9995 9.996E-05
9.996E-05 9.996E-05 9.996E-05 9.996E-05 0.9995 9.996E-05
0.43967 9.9991E-05 0.289081 0.110611 0.130157 0.0303816
0.0715221 9.9973E-05 9.9973E-05 9.9973E-05 0.923233 0.00494544
9.996E-05 9.996E-05 9.996E-05 9.996E-05 0.9995 9.996E-05
9.9964E-05 9.9964E-05 9.9964E-05 9.9964E-05 0.984817 0.0147836
0.416874 9.9991E-05 0.31438 0.0565755 0.138243 0.073827
0.3737 9.9991E-05 0.344243 0.0847457 0.151827 0.0453852
0.324063 9.9991E-05 0.348031 0.0869796 0.157379 0.0834473
0.411596 9.9991E-05 0.307769 0.0710472 0.18249 0.0269977
0.330675 9.9991E-05 0.375938 0.0546656 0.134954 0.103667
0.204305 9.9991E-05 0.484686 0.0608398 0.120033 0.130037
0.291195 0.00576898 0.402351 0.0199592 0.174974 0.105753
0.326528 9.9991E-05 0.390619 0.0185033 0.161348 0.102902
0.25137 9.9991E-05 0.274167 0.0720532 0.226889 0.175421
0.223883 9.9991E-05 0.320474 0.0648143 0.238537 0.152191
0.272477 9.9991E-05 0.462975 0.0802016 0.0999668 0.0842792
0.156717 9.9991E-05 0.420411 0.0414303 0.204511 0.176831
0.347084 9.9991E-05 0.324351 0.106475 0.099656 0.122333
0.316225 9.9991E-05 0.413882 0.0615638 0.150141 0.0580878
9.996E-05 9.996E-05 9.996E-05 0.9995 9.996E-05 9.996E-05
0.301228 9.9991E-05 0.314947 0.102331 0.213477 0.0679174
9.996E-05 9.996E-05 9.996E-05 0.9995 9.996E-05 9.996E-05
9.996E-05 9.996E-05 9.996E-05 0.9995 9.996E-05 9.996E-05
9.9973E-05 9.9973E-05 9.9973E-05 0.937336 0.000829544 0.0615348
0.0569779 0.00249332 0.130677 0.790921 0.01883 9.9991E-05
9.996E-05 9.996E-05 9.996E-05 0.9995 9.996E-05 9.996E-05
9.9982E-05 0.0104578 0.044207 0.90191 9.9982E-05 0.0432247
9.9973E-05 9.9973E-05 9.9973E-05 0.984914 0.00428555 0.0105003
0.0178877 0.00623384 0.0158638 0.959815 9.9982E-05 9.9982E-05
9.9985E-05 0.0135969 0.0100264 0.974148 9.9985E-05 0.00202912
0.00930909 9.9964E-05 9.9964E-05 0.990291 9.9964E-05 9.9964E-05
0.0216206 0.000654862 9.9973E-05 0.977425 9.9973E-05 9.9973E-05
0.119491 9.9982E-05 0.0223323 0.806152 0.0518246 9.9982E-05
9.9973E-05 9.9973E-05 0.00482043 0.955478 9.9973E-05 0.0394017
0.0502145 9.9982E-05 0.0654904 0.849843 9.9982E-05 0.0342526
0.0518667 0.0217492 0.023807 0.859796 9.9991E-05 0.0426812
0.0610739 0.0193426 0.0994624 0.81931 9.9991E-05 0.000711578
9.9982E-05 0.00508818 9.9982E-05 0.947046 0.0323167 0.0153488
0.895972 9.9982E-05 0.0299008 0.0431432 0.0307838 9.9982E-05
0.865988 9.9982E-05 9.9982E-05 0.034637 0.0818377 0.0173371
0.9808 9.9973E-05 9.9973E-05 0.00716372 0.0117362 9.9973E-05
0.963582 9.9982E-05 0.00374687 0.0154935 0.0169773 9.9982E-05
0.966396 9.9973E-05 9.9973E-05 0.0104914 0.0228125 9.9973E-05
0.932666 9.9973E-05 9.9973E-05 0.00874561 0.0582888 9.9973E-05
0.949722 9.9982E-05 0.0097959 0.00754292 0.0327396 9.9982E-05
0.759384 0.0127782 0.0745445 0.0297647 0.0224828 0.101046
0.935034 9.9964E-05 9.9964E-05 0.0645665 9.9964E-05 9.9964E-05
0.968238 9.9973E-05 9.9973E-05 0.0193006 0.0121615 9.9973E-05
0.821129 9.9982E-05 9.9982E-05 0.038457 0.0789925 0.0612214
0.956688 9.9964E-05 9.9964E-05 9.9964E-05 0.042912 9.9964E-05
0.792687 9.9982E-05 0.0380664 0.11892 0.0501265 9.9982E-05
0.415231 0.0324724 0.297936 0.0394451 0.071652 0.143263
0.342901 0.0605365 0.256494 0.0403038 0.11899 0.180774
0.349603 0.0393184 0.284563 0.0860841 0.111911 0.128521
0.28449 0.0613668 0.325011 0.0781219 0.0591302 0.19188
0.0563917 0.00485581 0.0474383 0.00721889 9.9991E-05 0.883995
9.996E-05 9.996E-05 9.996E-05 9.996E-05 9.996E-05 0.9995
0.0166896 9.9982E-05 9.9982E-05 0.00798969 0.0216991 0.953422
9.996E-05 9.996E-05 9.996E-05 9.996E-05 9.996E-05 0.9995
9.9973E-05 9.9973E-05 9.9973E-05 0.0123403 0.0228428 0.964517
0.0236191 9.9982E-05 9.9982E-05 0.00380996 0.00649231 0.965879
9.9973E-05 9.9973E-05 9.9973E-05 0.0203875 0.0121953 0.967117
0.0165517 0.0439095 0.0811449 0.0345833 9.9991E-05 0.823711
0.00736386 9.9991E-05 0.11664 0.00206878 0.00145575 0.872372
0.895907 0.0506381 9.9973E-05 9.9973E-05 9.9973E-05 0.0531555
0.9024 0.0411238 9.9973E-05 9.9973E-05 9.9973E-05 0.0561761
0.910697 0.0403631 9.9973E-05 9.9973E-05 9.9973E-05 0.0486397
0.91008 0.0526088 9.9973E-05 9.9973E-05 9.9973E-05 0.0370116
0.913669 0.027091 9.9973E-05 9.9973E-05 9.9973E-05 0.0589399
0.807356 0.061152 0.00776158 9.9982E-05 9.9982E-05 0.123531
0.932452 0.0441602 9.9973E-05 9.9973E-05 9.9973E-05 0.0230881
0.932959 0.0303808 9.9973E-05 9.9973E-05 9.9973E-05 0.0363604
0.898288 0.0373875 9.9973E-05 9.9973E-05 9.9973E-05 0.0640245
0.926611 0.0309695 0.0182922 9.9982E-05 9.9982E-05 0.0239268
0.900083 0.0388404 9.9973E-05 9.9973E-05 9.9973E-05 0.0607762
0.915803 0.0371402 9.9973E-05 9.9973E-05 9.9973E-05 0.046757
