0.9995 9.996E-05 9.996E-05 9.996E-05 9.996E-05 9.996E-05
0.505493 9.9991E-05 0.129106 0.0216411 0.233278 0.110382
0.515772 9.9982E-05 0.156689 9.9982E-05 0.23714 0.0901981
0.480266 9.9964E-05 9.9964E-05 9.9964E-05 0.519334 9.9964E-05
0.334845 0.0241704 9.9982E-05 0.0271235 0.613661 9.9982E-05
0.387581 9.9982E-05 0.0455829 0.0435447 0.523091 9.9982E-05
0.568889 9.9973E-05 0.00903213 9.9973E-05 0.421779 9.9973E-05
0.446836 9.9982E-05 0.106782 9.9982E-05 0.422101 0.0240813
0.409581 0.0169317 0.0416596 9.9991E-05 0.491179 0.0405494
0.9995 9.996E-05 9.996E-05 9.996E-05 9.996E-05 9.996E-05
0.9995 9.996E-05 9.996E-05 9.996E-05 9.996E-05 9.996E-05
0.9995 9.996E-05 9.996E-05 9.996E-05 9.996E-05 9.996E-05
0.9995 9.996E-05 9.996E-05 9.996E-05 9.996E-05 9.996E-05
0.980285 9.9964E-05 9.9964E-05 0.0193148 9.9964E-05 9.9964E-05
0.992474 9.9964E-05 9.9964E-05 0.00712628 9.9964E-05 9.9964E-05
0.334537 0.055825 0.0528748 9.9982E-05 0.556563 9.9982E-05
0.345782 0.0926632 0.0461116 0.0555127 0.406446 0.0534845
0.439468 9.9964E-05 9.9964E-05 9.9964E-05 0.560132 9.9964E-05
0.173116 0.0379623 9.9982E-05 0.0528899 0.735832 9.9982E-05
0.158073 9.9973E-05 9.9973E-05 0.0464381 0.795189 9.9973E-05
0.27692 0.0301255 9.9973E-05 9.9973E-05 0.692654 9.9973E-05
0.195452 9.9982E-05 0.0458412 0.076191 0.682316 9.9982E-05
0.229556 0.00329769 0.0308988 0.0915367 0.644611 9.9991E-05
0.260692 9.9973E-05 9.9973E-05 0.0466337 0.692375 9.9973E-05
0.233894 0.0175858 9.9982E-05 0.00976819 0.738552 9.9982E-05
0.161861 0.0253788 9.9982E-05 0.0115071 0.801054 9.9982E-05
0.184767 0.0400688 0.0586679 0.0330624 0.683334 9.9991E-05
0.221857 9.99641E-05 9.99641E-05 9.99641E-05 0.777743 9.99641E-05
0.247181 0.0129957 9.9982E-05 0.0177956 0.721828 9.9982E-05
0.320066 9.9964E-05 9.9964E-05 9.9964E-05 0.679535 9.9964E-05
0.295876 9.9973E-05 9.9973E-05 0.0439762 0.659848 9.9973E-05
0.166913 0.0378028 9.9982E-05 9.9982E-05 0.787324 0.00775988
0.20292 9.9973E-05 0.0421568 9.9973E-05 0.754624 9.9973E-05
0.19534 9.9973E-05 0.0634104 9.9973E-05 0.74095 9.9973E-05
0.179613 9.9982E-05 0.0398499 0.110188 0.670149 9.9982E-05
0.321615 9.9973E-05 9.9973E-05 0.000989798 0.677096 9.9973E-05
0.10365 9.9973E-05 9.9973E-05 0.00720012 0.88885 9.9973E-05
0.138013 0.0545021 0.0213096 0.0612552 0.72482 9.9991E-05
0.144787 0.0716967 0.0389528 0.0136223 0.696642 0.0342991
0.144945 0.0413625 9.9982E-05 0.0112725 0.80222 9.9982E-05
0.032178 0.0239996 0.0826127 9.99988E-05 0.775779 0.0853302
0.0197931 0.036803 0.11512 9.9982E-05 0.828084 9.9982E-05
0.13934 9.9982E-05 0.0848332 9.9982E-05 0.719943 0.0556837
0.0345912 0.0260423 0.0487642 9.9982E-05 0.890402 9.9982E-05
0.0203607 0.030843 0.0625731 9.9982E-05 0.886023 9.9982E-05
0.0542806 0.0346887 0.0337757 9.9982E-05 0.877055 9.9982E-05
0.0377322 0.0194818 0.006402 9.9982E-05 0.936184 9.9982E-05
0.0722762 0.0340074 0.0398518 0.0089895 0.844775 9.9991E-05
0.098108 0.0868027 0.0485579 9.9982E-05 0.766331 9.9982E-05
0.217671 0.000203703 0.0252303 9.9991E-05 0.73638 0.0204154
0.105957 0.0422686 0.0721945 9.9991E-05 0.764375 0.015105
0.0639047 0.0445312 0.0423692 9.9982E-05 0.848995 9.9982E-05
0.0484915 0.0276167 0.00287314 9.9982E-05 0.920819 9.9982E-05
0.114986 0.0601807 9.99935E-05 0.0753925 0.740975 0.00836621
0.0762272 0.0242094 0.0210624 0.0469401 0.773272 0.0582891
0.0325001 0.00179196 0.108067 9.9982E-05 0.857441 9.9982E-05
0.111049 0.0748851 0.0721997 0.0166106 0.709872 0.0153833
0.0446824 0.0604038 0.0180713 9.9991E-05 0.871789 0.00495347
0.0705904 0.0230759 0.0504738 9.9982E-05 0.85566 9.9982E-05
0.10432 0.0857385 0.0401174 9.9991E-05 0.754861 0.0148627
0.0405728 0.0881795 9.9973E-05 9.9973E-05 0.870948 9.9973E-05
0.0506031 9.9973E-05 9.9973E-05 9.9973E-05 0.930699 0.018398
0.0585319 0.0311264 0.0275125 0.0556712 0.764471 0.0626868
0.0029089 9.9991E-05 0.0900621 0.116098 0.76034 0.0304905
0.0657218 0.0123401 9.9991E-05 0.00575016 0.903994 0.0120939
0.0266247 0.00688482 0.0756795 0.0494783 0.835693 0.00563968
9.9982E-05 0.0277184 0.031094 9.9982E-05 0.875813 0.0651743
0.0299752 0.00663537 0.078013 0.0549363 0.799043 0.0313972
0.0945366 9.9982E-05 0.0123422 0.0279204 0.865001 9.9982E-05
0.00321292 9.9982E-05 0.0693286 0.0495626 0.877696 9.9982E-05
0.0569013 9.9982E-05 0.054122 9.9982E-05 0.839256 0.0495211
0.010153 0.0251229 0.0371871 0.0223113 0.838798 0.0664273
0.128185 0.0210533 0.0136966 9.9982E-05 0.836865 9.9982E-05
0.104701 0.0660078 0.0488629 9.9982E-05 0.780229 9.9982E-05
0.0670589 9.9991E-05 0.0340587 0.0477956 0.848784 0.00220295
0.0209201 0.0924556 9.9991E-05 0.00957303 0.867389 0.00956215
9.9982E-05 0.0127296 0.0472585 9.9982E-05 0.902243 0.0375695
0.074489 9.9991E-05 0.0163956 0.102319 0.628188 0.178509
9.9991E-05 0.0234482 0.0341595 0.0803517 0.74846 0.113481
9.9991E-05 0.0326521 0.011596 0.0628557 0.779039 0.113757
0.0183001 0.0347261 0.0422326 0.0389327 0.80419 0.0616181
9.9991E-05 0.0235313 0.0426434 0.0925255 0.739214 0.101985
9.9991E-05 0.0237276 0.0504057 0.0334392 0.791435 0.100892
0.0265386 0.102894 0.0275975 0.0113784 0.65508 0.176512
0.0053614 0.0112577 0.0465795 0.0764966 0.698901 0.161404
0.0109114 0.0418039 0.106195 0.0063898 0.677964 0.156736
0.0893541 0.0781499 0.0646358 0.0225056 0.663967 0.0813873
0.00147814 0.0734894 9.9982E-05 9.9982E-05 0.788084 0.136749
9.9991E-05 0.00639802 0.0983098 0.0603849 0.635376 0.199431
0.0177848 0.135296 0.0749234 0.0115223 0.643095 0.117378
0.0677187 9.9991E-05 0.0906768 0.175862 0.604558 0.0610845
0.03973 9.9991E-05 0.0585441 0.18412 0.645193 0.0723129
0.030536 0.214655 0.102456 0.0211467 0.422678 0.208529
9.996E-05 9.996E-05 9.996E-05 9.996E-05 9.996E-05 0.9995
0.0358758 9.9973E-05 0.0405027 9.9973E-05 9.9973E-05 0.923322
0.00132653 0.0134505 9.9991E-05 0.0690028 0.0511824 0.864938
9.996E-05 9.996E-05 9.996E-05 9.996E-05 9.996E-05 0.9995
9.996E-05 9.996E-05 9.996E-05 9.996E-05 9.996E-05 0.9995
9.996E-05 9.996E-05 9.996E-05 9.996E-05 9.996E-05 0.9995
9.9973E-05 0.00667191 9.9973E-05 0.00140279 9.9973E-05 0.991625
0.0047687 9.9982E-05 0.0440991 9.9982E-05 0.0643426 0.88659
9.996E-05 9.996E-05 9.996E-05 9.996E-05 9.996E-05 0.9995
9.996E-05 9.996E-05 9.996E-05 9.996E-05 9.996E-05 0.9995
9.9991E-05 0.0854449 0.0583299 0.0778631 0.674771 0.103491
9.9982E-05 0.0544615 0.00899837 9.9982E-05 0.0705664 0.865774
9.996E-05 9.996E-05 9.996E-05 9.996E-05 9.996E-05 0.9995
0.00460581 0.0179659 9.9982E-05 0.0160964 9.9982E-05 0.961132
9.9991E-05 0.0734715 0.0176603 0.0501062 0.728785 0.129877
9.9991E-05 0.0427225 0.0451822 0.0829483 0.704812 0.124235
9.9991E-05 0.0642771 0.0153409 0.117428 0.70518 0.0976741
9.9991E-05 0.0137482 0.0166674 0.122653 0.666898 0.179933
9.9991E-05 0.0356335 0.0288192 0.109952 0.722267 0.103229
9.9991E-05 0.0393782 0.00225338 0.136373 0.733991 0.0879043
9.9991E-05 0.0732204 0.0239133 0.139661 0.630456 0.132649
9.9982E-05 0.0390134 9.9982E-05 0.110333 0.734245 0.116209
9.9991E-05 0.0484678 0.0559458 0.111461 0.572288 0.211737
9.9991E-05 0.0351927 0.0342686 0.161901 0.583777 0.184761
9.9991E-05 0.0939784 0.0361052 0.0721654 0.697412 0.100239
9.9991E-05 0.0463142 0.0335522 0.161569 0.55504 0.203425
9.9991E-05 0.0436601 0.0630864 0.111392 0.683375 0.0983868
9.9991E-05 0.0320365 0.0509914 0.0580571 0.720037 0.138778
9.9964E-05 9.9964E-05 9.9964E-05 9.9964E-05 0.95649 0.0431101
9.9982E-05 0.0666385 9.9982E-05 0.0279157 0.845121 0.0601245
9.9964E-05 9.9964E-05 9.9964E-05 9.9964E-05 0.996508 0.0030918
9.9982E-05 0.0165805 9.9982E-05 0.00317157 0.950291 0.029757
9.9973E-05 0.0110142 9.9973E-05 9.9973E-05 0.961841 0.0268445
9.9964E-05 9.9964E-05 9.9964E-05 9.9964E-05 0.932187 0.0674131
9.9964E-05 9.9964E-05 9.9964E-05 9.9964E-05 0.984896 0.0147037
9.9964E-05 9.9964E-05 9.9964E-05 0.103225 0.896375 9.9964E-05
9.9964E-05 9.9964E-05 0.035418 9.9964E-05 0.964182 9.9964E-05
9.9973E-05 9.9973E-05 9.9973E-05 0.00325891 0.981051 0.0153905
9.9973E-05 9.9973E-05 9.9973E-05 0.0778579 0.831275 0.0905672
9.9973E-05 0.0051468 9.9973E-05 9.9973E-05 0.931437 0.0631161
9.9991E-05 0.0334167 0.0734761 0.0178379 0.836628 0.0385414
9.996E-05 9.996E-05 0.9995 9.996E-05 9.996E-05 9.996E-05
9.9991E-05 0.0370748 0.0757896 0.0775665 0.631085 0.178384
9.996E-05 9.996E-05 0.9995 9.996E-05 9.996E-05 9.996E-05
9.996E-05 9.996E-05 0.9995 9.996E-05 9.996E-05 9.996E-05
9.9973E-05 9.9973E-05 0.88835 0.110405 9.9973E-05 0.000944865
0.00431321 0.0245526 0.765999 9.9991E-05 0.145599 0.0594353
9.996E-05 9.996E-05 0.9995 9.996E-05 9.996E-05 9.996E-05
9.9973E-05 9.9973E-05 0.845774 0.0456058 0.108321 9.9973E-05
9.9973E-05 9.9973E-05 0.995686 0.00278693 9.9973E-05 0.00122704
9.9973E-05 0.0145133 0.948295 9.9973E-05 0.0368919 9.9973E-05
0.00407956 9.9973E-05 0.984696 0.0109244 9.9973E-05 9.9973E-05
9.9973E-05 0.00625097 0.988784 9.9973E-05 0.00466556 9.9973E-05
9.9964E-05 9.9964E-05 0.984944 9.9964E-05 9.9964E-05 0.014656
9.9991E-05 0.0529289 0.799412 0.00105589 0.116266 0.030237
0.0182572 9.9973E-05 0.957411 0.0240319 9.9973E-05 9.9973E-05
9.99778E-05 9.99778E-05 0.897748 9.99778E-05 0.0716968 0.0302555
0.0213457 0.0693191 0.856878 0.0389727 0.0133845 9.9991E-05
0.00295552 0.0361908 0.897548 0.0321635 0.0310421 9.9991E-05
9.9973E-05 0.0195069 0.975463 0.00473026 9.9973E-05 9.9973E-05
0.0169445 0.313598 0.0434828 0.110129 0.396566 0.119279
0.0192829 0.277933 0.0618822 0.096344 0.493625 0.0509328
0.0363273 0.288172 0.0710552 0.153605 0.34082 0.110021
0.043292 0.310107 0.071863 0.124425 0.376465 0.0738468
9.9973E-05 0.00868976 9.9973E-05 0.954657 0.0363528 9.9973E-05
9.996E-05 9.996E-05 9.996E-05 0.9995 9.996E-05 9.996E-05
9.9964E-05 9.9964E-05 0.0167574 0.982843 9.9964E-05 9.9964E-05
9.996E-05 9.996E-05 9.996E-05 0.9995 9.996E-05 9.996E-05
9.9973E-05 0.020908 9.9973E-05 0.953641 9.9973E-05 0.0251514
9.9982E-05 0.0295591 0.00788123 0.93739 9.9982E-05 0.0249693
9.9991E-05 0.0119609 0.0155851 0.961889 0.000105741 0.0103592
0.0295503 0.0309413 0.0422535 0.768988 0.0974841 0.0307826
0.0373203 9.9982E-05 0.0100816 0.86392 0.0884781 9.9982E-05
9.9982E-05 0.96086 0.000178013 9.9982E-05 0.0311534 0.00760886
9.996E-05 0.9995 9.996E-05 9.996E-05 9.996E-05 9.996E-05
9.996E-05 0.9995 9.996E-05 9.996E-05 9.996E-05 9.996E-05
9.996E-05 0.9995 9.996E-05 9.996E-05 9.996E-05 9.996E-05
9.996E-05 0.9995 9.996E-05 9.996E-05 9.996E-05 9.996E-05
0.0397192 0.85941 9.9982E-05 0.0125588 0.0881123 9.9982E-05
9.996E-05 0.9995 9.996E-05 9.996E-05 9.996E-05 9.996E-05
9.996E-05 0.9995 9.996E-05 9.996E-05 9.996E-05 9.996E-05
9.9964E-05 0.997848 0.00175173 9.9964E-05 9.9964E-05 9.9964E-05
9.9973E-05 0.928824 0.0114395 9.9973E-05 0.0594362 9.9973E-05
9.9973E-05 0.970061 0.0241611 9.9973E-05 9.9973E-05 0.00547841
9.9982E-05 0.96301 9.9982E-05 0.00769535 0.0286859 0.000408398
