0.998602 9.98742E-05 9.98742E-05 9.98742E-05 9.98742E-05 9.98742E-05 9.98742E-05 9.98742E-05 9.98742E-05 9.98742E-05 9.98742E-05 9.98742E-05 9.98742E-05 9.98742E-05 9.98742E-05
0.445799 9.9919E-05 9.9919E-05 0.0778483 9.9919E-05 9.9919E-05 9.9919E-05 9.9919E-05 0.0276203 0.346487 9.9919E-05 9.9919E-05 0.0287309 0.0726148 9.9919E-05
9.98741E-05 9.98741E-05 9.98741E-05 0.998602 9.98741E-05 9.98741E-05 9.98741E-05 9.98741E-05 9.98741E-05 9.98741E-05 9.98741E-05 9.98741E-05 9.98741E-05 9.98741E-05 9.98741E-05
9.9901E-05 9.9901E-05 9.9901E-05 0.881664 0.0446862 9.9901E-05 9.9901E-05 9.9901E-05 0.0233225 9.9901E-05 0.0492281 9.9901E-05 9.9901E-05 9.9901E-05 9.9901E-05
9.98921E-05 0.114547 9.98921E-05 9.98921E-05 9.98921E-05 9.98921E-05 9.98921E-05 9.98921E-05 9.98921E-05 0.866418 9.98921E-05 0.0178362 9.98921E-05 9.98921E-05 9.98921E-05
0.839844 9.9919E-05 9.9919E-05 0.00263255 9.9919E-05 9.9919E-05 0.0604591 0.0786105 9.9919E-05 9.9919E-05 0.00209521 9.9919E-05 0.0154597 9.9919E-05 9.9919E-05
0.878775 9.9919E-05 0.0180301 9.9919E-05 9.9919E-05 0.0312328 9.9919E-05 9.9919E-05 0.00772594 9.9919E-05 9.9919E-05 9.9919E-05 9.9919E-05 0.0100196 0.0533172
9.98741E-05 9.98741E-05 9.98741E-05 9.98741E-05 9.98741E-05 9.98741E-05 9.98741E-05 9.98741E-05 9.98741E-05 0.998602 9.98741E-05 9.98741E-05 9.98741E-05 9.98741E-05 9.98741E-05
0.400449 9.9928E-05 0.0393229 0.0973961 9.9928E-05 0.0337724 0.0602147 9.9928E-05 9.9928E-05 0.0795752 9.9928E-05 0.28847 9.9928E-05 9.9928E-05 9.9928E-05
9.9919E-05 9.9919E-05 0.317634 0.107453 9.9919E-05 9.9919E-05 9.9919E-05 9.9919E-05 0.0259828 0.506832 0.0160699 9.9919E-05 9.9919E-05 9.9919E-05 0.0251283
9.98741E-05 9.98741E-05 9.98741E-05 9.98741E-05 9.98741E-05 9.98741E-05 9.98741E-05 9.98741E-05 9.98741E-05 9.98741E-05 9.98741E-05 9.98741E-05 0.998602 9.98741E-05 9.98741E-05
9.99101E-05 0.118778 9.99101E-05 9.99101E-05 9.99101E-05 9.99101E-05 9.99101E-05 0.0380295 0.00450163 9.99101E-05 0.698281 9.99101E-05 9.99101E-05 9.99101E-05 0.139411
0.000139511 0.0294517 9.9928E-05 0.0551538 9.9928E-05 9.9928E-05 9.9928E-05 9.9928E-05 9.9928E-05 0.135404 0.268447 9.9928E-05 0.370514 9.9928E-05 0.14009
9.98741E-05 9.98741E-05 9.98741E-05 9.98741E-05 9.98741E-05 9.98741E-05 9.98741E-05 9.98741E-05 9.98741E-05 9.98741E-05 9.98741E-05 9.98741E-05 9.98741E-05 9.98741E-05 0.998602
0.0117249 0.675395 0.0151354 0.0148593 0.0246163 9.9937E-05 9.9937E-05 9.9937E-05 0.0313287 9.9937E-05 9.9937E-05 9.9937E-05 0.111238 9.9937E-05 0.115003
9.98831E-05 9.98831E-05 9.98831E-05 9.98831E-05 0.978385 9.98831E-05 9.98831E-05 9.98831E-05 9.98831E-05 9.98831E-05 9.98831E-05 9.98831E-05 0.0203162 9.98831E-05 9.98831E-05
9.98741E-05 9.98741E-05 9.98741E-05 9.98741E-05 9.98741E-05 9.98741E-05 9.98741E-05 9.98741E-05 9.98741E-05 9.98741E-05 0.998602 9.98741E-05 9.98741E-05 9.98741E-05 9.98741E-05
9.9928E-05 9.9928E-05 9.9928E-05 0.0229835 0.493945 9.9928E-05 9.9928E-05 0.0389651 9.9928E-05 9.9928E-05 0.0957498 0.168284 9.9928E-05 0.15727 0.0220023
9.9964E-05 0.240485 0.0262279 0.0113787 0.191915 0.0732117 0.0324629 9.9964E-05 0.00496848 9.9964E-05 0.167675 0.018978 0.0447622 9.9964E-05 0.187536
9.98741E-05 9.98741E-05 9.98741E-05 9.98741E-05 0.998602 9.98741E-05 9.98741E-05 9.98741E-05 9.98741E-05 9.98741E-05 9.98741E-05 9.98741E-05 9.98741E-05 9.98741E-05 9.98741E-05
0.0359467 0.076745 9.9955E-05 0.0967211 0.00122175 0.0240261 0.626492 0.0153087 9.9955E-05 9.9955E-05 9.9955E-05 9.9955E-05 0.0282367 0.0236592 0.0711426
0.274076 0.09702 9.9919E-05 9.9919E-05 0.180375 9.9919E-05 9.9919E-05 0.261741 9.9919E-05 0.0268889 9.9919E-05 9.9919E-05 0.159 9.9919E-05 9.9919E-05
9.98741E-05 9.98741E-05 9.98741E-05 9.98741E-05 9.98741E-05 9.98741E-05 9.98741E-05 9.98741E-05 9.98741E-05 9.98741E-05 9.98741E-05 9.98741E-05 0.998602 9.98741E-05 9.98741E-05
9.98741E-05 9.98741E-05 9.98741E-05 9.98741E-05 9.98741E-05 9.98741E-05 0.998602 9.98741E-05 9.98741E-05 9.98741E-05 9.98741E-05 9.98741E-05 9.98741E-05 9.98741E-05 9.98741E-05
9.9937E-05 0.633075 9.9937E-05 0.00433965 0.157978 9.9937E-05 0.00743076 0.00108802 9.9937E-05 0.0017597 9.9937E-05 9.9937E-05 9.9937E-05 0.00859402 0.185036
0.0055213 9.99011E-05 9.99011E-05 9.99011E-05 9.99011E-05 9.99011E-05 0.0218784 9.99011E-05 9.99011E-05 9.99011E-05 9.99011E-05 9.99011E-05 9.99011E-05 0.0325434 0.938958
9.9919E-05 0.453394 9.9919E-05 9.9919E-05 9.9919E-05 0.0414692 0.00144247 0.143717 9.9919E-05 9.9919E-05 0.17905 0.180029 9.9919E-05 9.9919E-05 9.9919E-05
9.9946E-05 0.62391 9.9946E-05 0.0435042 9.9946E-05 0.0339798 0.0160153 0.0573608 0.00287999 0.00373366 9.9946E-05 9.9946E-05 0.0501242 0.167893 9.9946E-05
0.0233789 0.650268 9.9919E-05 9.9919E-05 9.9919E-05 9.9919E-05 9.9919E-05 0.0596837 9.9919E-05 9.9919E-05 0.0680613 0.105914 9.9919E-05 0.0917947 9.9919E-05
9.98741E-05 0.998602 9.98741E-05 9.98741E-05 9.98741E-05 9.98741E-05 9.98741E-05 9.98741E-05 9.98741E-05 9.98741E-05 9.98741E-05 9.98741E-05 9.98741E-05 9.98741E-05 9.98741E-05
9.98741E-05 9.98741E-05 9.98741E-05 9.98741E-05 9.98741E-05 9.98741E-05 9.98741E-05 9.98741E-05 9.98741E-05 9.98741E-05 9.98741E-05 0.998602 9.98741E-05 9.98741E-05 9.98741E-05
9.98831E-05 9.98831E-05 9.98831E-05 9.98831E-05 9.98831E-05 9.98831E-05 9.98831E-05 9.98831E-05 9.98831E-05 9.98831E-05 9.98831E-05 0.978046 9.98831E-05 9.98831E-05 0.0206557
9.99101E-05 0.0264213 9.99101E-05 0.0181654 9.99101E-05 0.0140794 9.99101E-05 0.843828 9.99101E-05 9.99101E-05 9.99101E-05 9.99101E-05 9.99101E-05 0.0965065 9.99101E-05
9.99011E-05 9.99011E-05 9.99011E-05 9.99011E-05 9.99011E-05 0.0268345 9.99011E-05 0.950553 9.99011E-05 9.99011E-05 0.00908965 9.99011E-05 9.99011E-05 9.99011E-05 0.0124243
9.991E-05 0.0227864 9.991E-05 9.991E-05 9.991E-05 9.991E-05 9.991E-05 0.756431 9.991E-05 9.991E-05 9.991E-05 0.110004 0.0736419 9.991E-05 0.036137
9.98741E-05 9.98741E-05 0.998602 9.98741E-05 9.98741E-05 9.98741E-05 9.98741E-05 9.98741E-05 9.98741E-05 9.98741E-05 9.98741E-05 9.98741E-05 9.98741E-05 9.98741E-05 9.98741E-05
0.0339904 9.9928E-05 9.9928E-05 0.0340448 0.10117 9.9928E-05 9.9928E-05 0.655171 0.00140767 0.145258 9.9928E-05 9.9928E-05 9.9928E-05 0.0281587 9.9928E-05
9.9901E-05 0.0116803 0.912157 9.9901E-05 0.0705503 9.9901E-05 9.9901E-05 9.9901E-05 9.9901E-05 9.9901E-05 0.0045136 9.9901E-05 9.9901E-05 9.9901E-05 9.9901E-05
9.9928E-05 9.9928E-05 0.189689 0.00209656 9.9928E-05 0.0433218 0.000496426 0.748326 0.00347076 9.9928E-05 9.9928E-05 9.9928E-05 0.0118002 9.9928E-05 9.9928E-05
9.9919E-05 0.22795 0.10931 0.0141393 9.9919E-05 9.9919E-05 9.9919E-05 0.379419 0.00665289 9.9919E-05 9.9919E-05 9.9919E-05 9.9919E-05 0.26163 9.9919E-05
9.99011E-05 9.99011E-05 0.264959 9.99011E-05 9.99011E-05 9.99011E-05 0.0278762 0.313017 9.99011E-05 9.99011E-05 9.99011E-05 0.393048 9.99011E-05 9.99011E-05 9.99011E-05
0.0419682 0.0203456 0.151235 0.0524165 0.00843174 0.140937 0.00616049 0.133726 0.0110296 9.9982E-05 0.0260343 0.0556214 9.9982E-05 0.249949 0.101945
9.991E-05 9.991E-05 9.991E-05 0.0385917 9.991E-05 9.991E-05 9.991E-05 0.798423 0.000742666 9.991E-05 9.991E-05 0.0515459 9.991E-05 0.109698 9.991E-05
9.99101E-05 9.99101E-05 9.99101E-05 9.99101E-05 9.99101E-05 9.99101E-05 0.00389498 0.927736 0.019047 9.99101E-05 9.99101E-05 9.99101E-05 0.0438233 0.00449974 9.99101E-05
9.99461E-05 9.99461E-05 0.169977 0.00586316 0.0188528 0.498216 9.99461E-05 0.0404475 9.99461E-05 9.99461E-05 9.99461E-05 0.0371375 0.107943 0.117305 0.0036588
9.991E-05 9.991E-05 9.991E-05 9.991E-05 9.991E-05 0.724119 9.991E-05 9.991E-05 9.991E-05 0.0666161 9.991E-05 0.0687884 9.991E-05 0.0753603 0.0641167
9.99101E-05 9.99101E-05 9.99101E-05 9.99101E-05 9.99101E-05 0.647166 0.158452 0.122834 0.0431411 9.99101E-05 9.99101E-05 9.99101E-05 9.99101E-05 0.0274081 9.99101E-05
9.98921E-05 9.98921E-05 9.98921E-05 9.98921E-05 9.98921E-05 0.829585 9.98921E-05 9.98921E-05 9.98921E-05 9.98921E-05 9.98921E-05 0.0778137 9.98921E-05 0.0914025 9.98921E-05
9.99101E-05 0.243363 9.99101E-05 0.0906513 9.99101E-05 0.470992 9.99101E-05 0.162584 9.99101E-05 0.0314106 9.99101E-05 9.99101E-05 9.99101E-05 9.99101E-05 9.99101E-05
9.9928E-05 9.9928E-05 9.9928E-05 0.0269854 9.9928E-05 0.331673 9.9928E-05 0.313873 9.9928E-05 0.0401166 9.9928E-05 0.059888 9.9928E-05 0.129888 0.0967769
9.99101E-05 9.99101E-05 9.99101E-05 9.99101E-05 0.0224916 0.738901 0.00899571 9.99101E-05 9.99101E-05 9.99101E-05 9.99101E-05 0.00858178 9.99101E-05 0.22003 9.99101E-05
0.0134767 9.98831E-05 9.98831E-05 9.98831E-05 9.98831E-05 0.985225 9.98831E-05 9.98831E-05 9.98831E-05 9.98831E-05 9.98831E-05 9.98831E-05 9.98831E-05 9.98831E-05 9.98831E-05
9.99101E-05 9.99101E-05 9.99101E-05 9.99101E-05 9.99101E-05 0.755208 9.99101E-05 9.99101E-05 0.00812545 9.99101E-05 0.0143048 9.99101E-05 9.99101E-05 0.182194 0.0391689
9.9901E-05 9.9901E-05 0.0848818 9.9901E-05 9.9901E-05 0.773691 9.9901E-05 0.0549087 9.9901E-05 9.9901E-05 9.9901E-05 9.9901E-05 0.0854194 9.9901E-05 9.9901E-05
9.9901E-05 9.9901E-05 9.9901E-05 9.9901E-05 9.9901E-05 0.892462 9.9901E-05 0.00779908 9.9901E-05 9.9901E-05 9.9901E-05 0.0882507 9.9901E-05 0.0103895 9.9901E-05
9.99101E-05 0.0397422 9.99101E-05 0.0419766 9.99101E-05 0.796099 9.99101E-05 9.99101E-05 0.0426363 9.99101E-05 9.99101E-05 9.99101E-05 9.99101E-05 0.0785469 9.99101E-05
9.9955E-05 9.9955E-05 9.9955E-05 0.00169976 0.0164666 0.00306193 9.9955E-05 0.0376661 0.00232848 0.013086 0.00950771 0.109939 9.9955E-05 0.789606 0.016139
0.0464906 0.0271227 9.9964E-05 0.0186628 0.0178227 0.0743372 0.0366473 0.0306075 9.9964E-05 0.0342283 9.9964E-05 0.0236826 9.9964E-05 0.686485 0.00351324
9.9964E-05 0.00201707 9.9964E-05 0.0226265 9.9964E-05 0.0690147 0.0140721 0.0538064 0.0136056 0.0111159 9.9964E-05 0.0852685 0.0255877 0.685128 0.0173579
0.0648439 0.0734126 9.9928E-05 9.9928E-05 9.9928E-05 0.0274296 9.9928E-05 0.0728574 9.9928E-05 0.090786 9.9928E-05 0.00879936 9.9928E-05 0.661072 9.9928E-05
9.9919E-05 9.9919E-05 0.0832558 9.9919E-05 0.050854 0.0430825 0.0249803 9.9919E-05 9.9919E-05 9.9919E-05 9.9919E-05 0.00100172 9.9919E-05 0.795926 9.9919E-05
9.99011E-05 9.99011E-05 0.652117 0.00406148 9.99011E-05 9.99011E-05 9.99011E-05 9.99011E-05 0.0646129 9.99011E-05 9.99011E-05 9.99011E-05 9.99011E-05 0.278109 9.99011E-05
9.99191E-05 9.99191E-05 0.142302 9.99191E-05 9.99191E-05 9.99191E-05 0.00464963 9.99191E-05 9.99191E-05 0.0171547 0.0246119 9.99191E-05 0.0515414 0.758841 9.99191E-05
9.98833E-05 9.98833E-05 9.98833E-05 9.98833E-05 9.98833E-05 9.98833E-05 9.98833E-05 9.98833E-05 0.00552134 9.98833E-05 9.98833E-05 9.98833E-05 9.98833E-05 0.99318 9.98833E-05
9.991E-05 9.991E-05 0.0559687 9.991E-05 0.0157984 9.991E-05 9.991E-05 0.12933 0.00364652 9.991E-05 9.991E-05 9.991E-05 9.991E-05 0.794258 9.991E-05
9.98922E-05 0.00815194 9.98922E-05 9.98922E-05 9.98922E-05 9.98922E-05 9.98922E-05 9.98922E-05 9.98922E-05 9.98922E-05 0.00205303 9.98922E-05 9.98922E-05 0.988596 9.98922E-05
9.98831E-05 9.98831E-05 9.98831E-05 9.98831E-05 9.98831E-05 9.98831E-05 9.98831E-05 9.98831E-05 9.98831E-05 9.98831E-05 0.010931 9.98831E-05 9.98831E-05 0.987771 9.98831E-05
9.99011E-05 0.0211502 9.99011E-05 0.0357563 0.0107085 9.99011E-05 9.99011E-05 9.99011E-05 9.99011E-05 9.99011E-05 9.99011E-05 9.99011E-05 9.99011E-05 0.931286 9.99011E-05
9.99011E-05 9.99011E-05 9.99011E-05 0.0265453 9.99011E-05 9.99011E-05 9.99011E-05 0.0225181 0.0117065 9.99011E-05 9.99011E-05 9.99011E-05 9.99011E-05 0.938131 9.99011E-05
9.9901E-05 9.9901E-05 9.9901E-05 0.00213523 9.9901E-05 0.0265608 9.9901E-05 9.9901E-05 9.9901E-05 9.9901E-05 9.9901E-05 9.9901E-05 0.0135494 0.956656 9.9901E-05
9.99101E-05 9.99101E-05 9.99101E-05 9.99101E-05 9.99101E-05 0.0125522 0.00429976 0.0445805 0.0273058 9.99101E-05 9.99101E-05 9.99101E-05 9.99101E-05 0.910263 9.99101E-05
9.99191E-05 9.99191E-05 0.0695851 9.99191E-05 9.99191E-05 9.99191E-05 9.99191E-05 9.99191E-05 0.00806277 0.0331556 9.99191E-05 0.152532 9.99191E-05 0.550295 0.18547
9.98832E-05 9.98832E-05 9.98832E-05 9.98832E-05 9.98832E-05 9.98832E-05 9.98832E-05 9.98832E-05 9.98832E-05 0.0475339 9.98832E-05 9.98832E-05 9.98832E-05 0.951168 9.98832E-05
0.0218254 0.0220309 0.00773639 9.9946E-05 9.9946E-05 0.025191 9.9946E-05 0.174626 0.0621316 9.9946E-05 9.9946E-05 0.037127 9.9946E-05 0.610059 0.0386734
9.996E-05 9.996E-05 0.056268 0.0152498 0.0352658 0.0150191 0.0154299 9.996E-05 0.573857 9.996E-05 0.0044132 0.0181556 0.0178626 0.238513 0.00956543
9.98741E-05 9.98741E-05 9.98741E-05 9.98741E-05 9.98741E-05 9.98741E-05 9.98741E-05 9.98741E-05 0.998602 9.98741E-05 9.98741E-05 9.98741E-05 9.98741E-05 9.98741E-05 9.98741E-05
0.0491908 0.0648281 9.9937E-05 0.00766755 9.9937E-05 0.0973677 0.0204973 0.100874 0.0547721 9.9937E-05 9.9937E-05 9.9937E-05 9.9937E-05 0.604103 9.9937E-05
