0.9996 9.997E-05 9.997E-05 9.997E-05 9.997E-05
0.52947 0.250987 0.0897416 0.0108637 0.118938
0.543478 0.197468 0.0861905 9.9991E-05 0.172764
0.473501 0.508798 9.9982E-05 9.9982E-05 0.0175005
0.353721 0.526628 9.9982E-05 0.11945 9.9982E-05
0.394409 0.531182 9.9982E-05 9.9982E-05 0.074209
0.599159 0.37111 9.9982E-05 9.9982E-05 0.0295314
0.49653 0.376758 0.0175976 9.9991E-05 0.109014
0.447652 0.475052 0.0235313 0.0137889 0.0399754
0.9996 9.997E-05 9.997E-05 9.997E-05 9.997E-05
0.9996 9.997E-05 9.997E-05 9.997E-05 9.997E-05
0.9996 9.997E-05 9.997E-05 9.997E-05 9.997E-05
0.9996 9.997E-05 9.997E-05 9.997E-05 9.997E-05
0.950723 9.9973E-05 9.9973E-05 9.9973E-05 0.0489771
0.995754 9.9973E-05 0.00394616 9.9973E-05 9.9973E-05
0.369245 0.516067 9.9991E-05 0.0408297 0.0737577
0.324358 0.47136 0.0451385 0.0546765 0.104467
0.447949 0.551752 9.9973E-05 9.9973E-05 9.9973E-05
0.206739 0.722518 9.9982E-05 0.0705427 9.9982E-05
0.188043 0.779957 9.9991E-05 0.0262979 0.00560215
0.330786 0.646546 9.9982E-05 0.0224687 9.9982E-05
0.212545 0.722253 0.00575277 9.9991E-05 0.0593497
0.234568 0.705346 9.9991E-05 0.0389699 0.0210158
0.286229 0.713471 9.9973E-05 9.9973E-05 9.9973E-05
0.257082 0.741278 9.9982E-05 0.00143983 9.9982E-05
0.18314 0.761116 9.9982E-05 0.0555438 9.9982E-05
0.203008 0.619783 9.9991E-05 0.113696 0.0634131
0.279324 0.67748 9.9982E-05 9.9982E-05 0.0429958
0.248956 0.724481 9.9991E-05 0.0223376 0.00412452
0.351942 0.647758 9.9973E-05 9.9973E-05 9.9973E-05
0.296968 0.639813 9.9982E-05 0.0630195 9.9982E-05
0.170183 0.799534 9.9982E-05 0.0300828 9.9982E-05
0.253874 0.678423 0.00166691 0.0291702 0.0368664
0.206827 0.685259 0.0277306 9.9991E-05 0.0800826
0.254066 0.717749 9.9991E-05 0.0166546 0.011431
0.333486 0.666214 9.9973E-05 9.9973E-05 9.9973E-05
0.130907 0.846043 9.9991E-05 0.0149707 0.00797925
0.153151 0.724123 9.9991E-05 0.0948125 0.0278143
0.162348 0.652214 0.0216809 0.095138 0.0686195
0.154982 0.809608 0.00629352 0.0290166 9.9991E-05
0.0186325 0.881438 0.0261301 9.9991E-05 0.073699
0.0255447 0.869979 0.0106555 0.0277662 0.0660549
0.171184 0.690459 0.0401618 9.9991E-05 0.0980955
0.0360127 0.920065 9.9982E-05 9.9982E-05 0.0437227
0.0102509 0.907089 9.9991E-05 0.0343113 0.0482489
0.0532629 0.887216 9.9991E-05 0.00332627 0.056095
0.0481001 0.924791 9.9982E-05 9.9982E-05 0.0269086
0.0872646 0.834445 9.9991E-05 0.0422493 0.0359414
0.169632 0.730591 9.9991E-05 0.0574508 0.0422259
0.208503 0.743566 0.0226367 9.9991E-05 0.0251948
0.120226 0.772141 0.00417927 0.0171258 0.0863279
0.073624 0.826662 9.9991E-05 0.0287946 0.0708189
0.0647672 0.862767 9.9982E-05 9.9982E-05 0.072266
0.0707696 0.850447 9.9991E-05 0.0778354 0.000847712
0.0958273 0.822109 0.0314129 0.0505512 9.9991E-05
0.0643018 0.834949 9.9991E-05 0.000261459 0.100388
0.135711 0.757914 9.9991E-05 0.0409679 0.0653078
0.0562541 0.849282 0.0160167 0.0783471 9.9991E-05
0.0703989 0.839005 9.9991E-05 0.0288676 0.0616287
0.11427 0.726366 0.0203827 0.113044 0.0259373
0.0801297 0.841998 9.9991E-05 0.0687608 0.0090117
0.0632094 0.906303 0.0302876 9.9982E-05 9.9982E-05
0.0908576 0.775856 0.0163537 0.0638697 0.053063
0.035419 0.827243 0.0554975 0.0524029 0.0294373
0.0812453 0.918455 9.9973E-05 9.9973E-05 9.9973E-05
0.0413658 0.848127 0.00834431 0.0228352 0.079328
9.9991E-05 0.949859 0.0382285 0.00235347 0.00945894
0.0266938 0.829041 0.0450712 0.0487957 0.0503986
0.0835744 0.823812 0.0217659 0.0556794 0.0151688
0.00272315 0.912285 9.9982E-05 9.9982E-05 0.0847924
0.0988376 0.80365 0.00823822 9.9991E-05 0.0891738
9.9991E-05 0.863999 0.00800453 0.0662051 0.0616912
0.124396 0.806265 9.9991E-05 0.0318096 0.0374296
0.0812947 0.894979 9.9982E-05 0.0235267 9.9982E-05
0.0658256 0.911414 0.0103342 9.9991E-05 0.0123261
0.0193842 0.856405 9.9982E-05 0.12401 9.9982E-05
9.9982E-05 0.919739 0.0347139 9.9982E-05 0.0453476
0.0520379 0.735285 0.212477 9.9982E-05 9.9982E-05
0.00303262 0.782002 0.121004 0.0202109 0.0737505
9.9982E-05 0.78668 0.150244 0.0628762 9.9982E-05
0.0139367 0.807125 0.0905343 0.0577014 0.0307025
9.9991E-05 0.799886 0.124034 0.0358587 0.0401215
9.9991E-05 0.806976 0.124603 0.0371721 0.0311487
0.0268684 0.813318 0.128113 0.0316004 9.9991E-05
9.9982E-05 0.722171 0.213563 0.0640665 9.9982E-05
0.0413927 0.629456 0.178931 0.0361013 0.114119
0.0763147 0.70289 0.0712106 0.0424631 0.107122
0.0288536 0.796666 0.119683 0.0546972 9.9991E-05
0.0465201 0.611762 0.161112 0.133673 0.0469319
0.0294963 0.650484 0.0953012 0.100972 0.123747
0.063059 0.649695 0.136342 0.0363907 0.114513
0.0447496 0.759683 0.101509 0.00941756 0.0846403
0.00236367 0.510115 0.193001 0.183506 0.111014
9.997E-05 9.997E-05 0.9996 9.997E-05 9.997E-05
0.0163064 9.9973E-05 0.983394 9.9973E-05 9.9973E-05
9.9991E-05 0.054197 0.887401 0.0419318 0.0163705
9.997E-05 9.997E-05 0.9996 9.997E-05 9.997E-05
9.997E-05 9.997E-05 0.9996 9.997E-05 9.997E-05
9.997E-05 9.997E-05 0.9996 9.997E-05 9.997E-05
0.00186 9.9982E-05 0.997463 0.000477136 9.9982E-05
0.0223278 0.0564608 0.869543 9.9991E-05 0.0515685
9.997E-05 9.997E-05 0.9996 9.997E-05 9.997E-05
9.997E-05 9.997E-05 0.9996 9.997E-05 9.997E-05
9.9991E-05 0.665024 0.132209 0.150159 0.0525077
9.9982E-05 0.0815239 0.879073 0.0392027 9.9982E-05
9.997E-05 9.997E-05 0.9996 9.997E-05 9.997E-05
9.997E-05 9.997E-05 0.9996 9.997E-05 9.997E-05
9.9982E-05 0.800661 0.105434 0.0937052 9.9982E-05
9.9991E-05 0.773469 0.145636 0.054784 0.0260109
9.9991E-05 0.800863 0.119089 0.0658561 0.0140917
9.9991E-05 0.759291 0.155801 0.0654388 0.0193689
9.9991E-05 0.754768 0.141661 0.0720444 0.031426
9.9991E-05 0.817035 0.108815 0.0703391 0.00371159
9.9991E-05 0.720814 0.130366 0.0788039 0.0699163
9.9982E-05 0.751652 0.127398 0.12075 9.9982E-05
9.9991E-05 0.624274 0.238523 0.0833946 0.0537086
9.9991E-05 0.677846 0.220276 0.0757317 0.0260468
9.9991E-05 0.72237 0.115491 0.131066 0.0309721
9.9991E-05 0.610774 0.250181 0.109397 0.0295489
9.9991E-05 0.678398 0.0795569 0.178228 0.0637172
9.9991E-05 0.753546 0.142746 0.0859197 0.0176884
9.9973E-05 0.988613 0.0110869 9.9973E-05 9.9973E-05
9.9982E-05 0.889028 0.0515124 0.0592597 9.9982E-05
9.997E-05 0.9996 9.997E-05 9.997E-05 9.997E-05
9.9973E-05 0.994417 0.00528258 9.9973E-05 9.9973E-05
9.9973E-05 0.983211 0.0164892 9.9973E-05 9.9973E-05
9.997E-05 0.9996 9.997E-05 9.997E-05 9.997E-05
9.997E-05 0.9996 9.997E-05 9.997E-05 9.997E-05
9.9982E-05 0.898257 0.0561478 0.0453948 9.9982E-05
9.9973E-05 0.988875 9.9973E-05 9.9973E-05 0.010825
9.997E-05 0.9996 9.997E-05 9.997E-05 9.997E-05
9.9982E-05 0.926684 0.0702955 9.9982E-05 0.00282082
9.9973E-05 0.979979 0.0197206 9.9973E-05 9.9973E-05
9.9991E-05 0.894295 0.0136106 0.0135119 0.078483
9.997E-05 9.997E-05 9.997E-05 9.997E-05 0.9996
9.9991E-05 0.558969 0.231825 0.111117 0.0979888
9.997E-05 9.997E-05 9.997E-05 9.997E-05 0.9996
9.997E-05 9.997E-05 9.997E-05 9.997E-05 0.9996
9.9973E-05 9.9973E-05 0.0181904 9.9973E-05 0.98151
9.9991E-05 0.176473 0.0274838 0.0123047 0.783639
9.997E-05 9.997E-05 9.997E-05 9.997E-05 0.9996
9.9973E-05 0.126508 9.9973E-05 9.9973E-05 0.873192
9.9973E-05 9.9973E-05 0.00327991 9.9973E-05 0.99642
9.9973E-05 9.9973E-05 9.9973E-05 0.0278299 0.97187
0.0262589 9.9973E-05 9.9973E-05 9.9973E-05 0.973441
9.9973E-05 0.00519449 9.9973E-05 9.9973E-05 0.994506
9.9973E-05 9.9973E-05 9.9973E-05 0.015066 0.984634
9.9991E-05 0.0805237 0.0430184 0.046739 0.829619
9.9991E-05 0.0556854 0.0037068 0.00850209 0.932006
9.9991E-05 0.0334468 0.0136035 0.0324591 0.920391
9.9991E-05 0.082439 0.0155906 0.039762 0.862108
0.0619863 0.00108142 9.9991E-05 0.0728453 0.863987
9.9982E-05 0.0316752 9.9982E-05 0.0114296 0.956695
0.0082329 0.481717 0.0812099 0.365294 0.0635466
9.9991E-05 0.497961 0.0826195 0.333648 0.0856706
0.0219083 0.380676 0.132855 0.38579 0.078771
0.0392936 0.436341 0.106572 0.361647 0.0561463
9.9991E-05 0.330434 0.182061 0.400662 0.086743
9.9991E-05 0.0711251 0.222939 0.602825 0.103011
9.9991E-05 0.19789 0.199948 0.477576 0.124486
9.9991E-05 0.182217 0.22931 0.514414 0.0739588
9.9991E-05 0.221361 0.218596 0.480306 0.079637
9.9991E-05 0.208238 0.216824 0.496682 0.0781564
9.9991E-05 0.253676 0.225773 0.450253 0.0701977
0.0039139 0.374589 0.149697 0.385973 0.0858273
9.9991E-05 0.299891 0.161056 0.438836 0.100117
9.997E-05 9.997E-05 9.997E-05 0.9996 9.997E-05
9.997E-05 9.997E-05 9.997E-05 0.9996 9.997E-05
9.997E-05 9.997E-05 9.997E-05 0.9996 9.997E-05
9.997E-05 9.997E-05 9.997E-05 0.9996 9.997E-05
9.997E-05 9.997E-05 9.997E-05 0.9996 9.997E-05
9.9982E-05 0.0350861 0.00528941 0.959425 9.9982E-05
9.997E-05 9.997E-05 9.997E-05 0.9996 9.997E-05
9.997E-05 9.997E-05 9.997E-05 0.9996 9.997E-05
9.997E-05 9.997E-05 9.997E-05 0.9996 9.997E-05
9.997E-05 9.997E-05 9.997E-05 0.9996 9.997E-05
9.997E-05 9.997E-05 9.997E-05 0.9996 9.997E-05
9.997E-05 9.997E-05 9.997E-05 0.9996 9.997E-05
