9.997E-05 9.997E-05 0.9996 9.997E-05 9.997E-05
0.243224 0.0323904 0.503074 0.146717 0.0745956
0.239703 9.9991E-05 0.506211 0.163926 0.0900599
0.546314 9.9973E-05 0.453386 9.9973E-05 9.9973E-05
0.654355 0.0152995 0.330146 9.9982E-05 9.9982E-05
0.621287 9.9982E-05 0.333922 0.0445906 9.9982E-05
0.47958 9.9982E-05 0.50977 0.0104497 9.9982E-05
0.463003 9.9982E-05 0.449801 0.0869963 9.9982E-05
0.513363 9.9991E-05 0.395596 0.0726176 0.0183232
9.997E-05 9.997E-05 0.9996 9.997E-05 9.997E-05
9.997E-05 9.997E-05 0.9996 9.997E-05 9.997E-05
9.997E-05 9.997E-05 0.9996 9.997E-05 9.997E-05
9.997E-05 9.997E-05 0.9996 9.997E-05 9.997E-05
0.00688257 0.0221449 0.970773 9.9982E-05 9.9982E-05
9.9982E-05 0.0126262 0.98234 0.00483351 9.9982E-05
0.638649 0.00104236 0.337835 0.0223735 9.9991E-05
0.562965 0.000668542 0.336466 0.0387027 0.061197
0.559045 9.9982E-05 0.424776 0.0159789 9.9982E-05
0.861159 9.9973E-05 0.138541 9.9973E-05 9.9973E-05
0.883688 9.99731E-05 0.116012 9.99731E-05 9.99731E-05
0.760373 9.9982E-05 0.235845 9.9982E-05 0.0035825
0.714341 9.9982E-05 0.160217 0.125243 9.9982E-05
0.804137 9.9982E-05 0.181523 0.0141392 9.9982E-05
0.73766 9.9982E-05 0.257922 0.00421831 9.9982E-05
0.83686 9.9973E-05 0.16284 9.9973E-05 9.9973E-05
0.849689 0.0225594 0.127552 9.9982E-05 9.9982E-05
0.858902 9.9982E-05 0.113349 0.027549 9.9982E-05
0.75803 9.9982E-05 0.203904 0.0378653 9.9982E-05
0.764338 0.00447914 0.211535 0.0195474 9.9991E-05
0.706775 9.9973E-05 0.292925 9.9973E-05 9.9973E-05
0.76147 9.9973E-05 0.23823 9.9973E-05 9.9973E-05
0.831914 9.9982E-05 0.132778 0.0351088 9.9982E-05
0.803587 9.9982E-05 0.157904 0.0383088 9.9982E-05
0.656976 0.0764089 0.171796 0.094719 9.9991E-05
0.799428 9.9982E-05 0.147664 0.0527083 9.9982E-05
0.699516 9.9973E-05 0.300184 9.9973E-05 9.9973E-05
0.940239 9.9982E-05 0.04507 0.0144911 9.9982E-05
0.886204 9.9982E-05 0.0914207 0.0221753 9.9982E-05
0.760518 9.9991E-05 0.136958 0.0646069 0.037817
0.886901 0.00368782 0.106923 9.9991E-05 0.0023882
0.720965 0.0886849 0.0286526 0.0888768 0.0728211
0.824635 0.0604511 0.000545344 0.0861521 0.0282166
0.596645 0.0997558 0.122968 0.131427 0.0492031
0.798433 0.0519463 0.00951078 0.0937299 0.0463802
0.872513 0.0192232 9.9982E-05 0.108064 9.9982E-05
0.947572 9.9982E-05 0.0172489 0.0349794 9.9982E-05
0.936606 9.9973E-05 9.9973E-05 0.0630943 9.9973E-05
0.881164 9.9982E-05 0.0300154 0.0886202 9.9982E-05
0.781752 0.0826356 0.0772248 0.0582873 9.9991E-05
0.743056 0.0275661 0.156429 0.0644842 0.00846421
0.791327 9.9991E-05 0.0880267 0.088677 0.031869
0.897401 0.00875806 0.0321196 0.0616217 9.9991E-05
0.907278 9.9982E-05 0.0108064 0.0817152 9.9982E-05
0.84968 0.0680169 0.0601983 9.9991E-05 0.0220044
0.752858 0.0722289 0.0837147 0.0164998 0.0746983
0.734066 0.0790473 0.0401217 0.135531 0.0112339
0.734672 0.0700002 0.096462 0.0877888 0.0110767
0.851669 0.0681634 0.0315397 9.9991E-05 0.0485279
0.89744 9.9982E-05 0.0141738 0.0881864 9.9982E-05
0.875394 9.9991E-05 0.0670153 0.0548406 0.00264983
0.935304 0.0324273 0.0270447 0.0051245 9.9991E-05
0.844115 0.121402 0.00866367 9.9991E-05 0.0257187
0.83958 0.00853089 0.00960062 0.0687134 0.073575
0.740726 0.172506 9.9982E-05 0.0865675 9.9982E-05
0.904735 0.0554271 0.0351574 9.9991E-05 0.00458061
0.817753 0.0557571 9.9991E-05 0.117445 0.00894464
0.817115 0.03504 9.9991E-05 0.0739285 0.0738169
0.700208 0.083023 0.0433132 0.10782 0.0656363
0.881849 0.00108059 0.0526861 0.0450981 0.0192862
0.752431 0.109952 0.00239163 0.0914128 0.0438129
0.692094 0.0443943 0.0570314 0.1448 0.0616804
0.75967 0.0617881 9.9991E-05 0.0838662 0.0945756
0.851859 0.00565937 0.0966509 0.0457311 9.9991E-05
0.908208 0.0251616 0.0428558 0.0236748 9.9991E-05
0.733938 0.158328 0.0440359 0.0635986 9.9991E-05
0.897128 9.9982E-05 9.9982E-05 0.0511239 0.0515479
0.889293 0.0237837 9.9991E-05 0.0596145 0.0272088
0.67867 0.073022 0.0514381 0.0504425 0.146427
0.672414 0.120053 9.9991E-05 0.0588069 0.148626
0.726156 0.0861573 9.9991E-05 0.0354471 0.15214
0.65443 0.144327 9.9991E-05 0.0950233 0.10612
0.668107 0.107399 9.9991E-05 0.0629551 0.161439
0.690121 0.120021 9.9991E-05 0.0522871 0.137471
0.733283 0.115121 0.000827627 0.0125113 0.138258
0.646861 0.0832306 9.9991E-05 0.0291283 0.24068
0.58858 0.0997839 0.0219723 0.124945 0.164718
0.596655 0.131649 0.0630416 0.0803131 0.128341
0.701519 0.150203 0.0250488 9.9991E-05 0.123129
0.649599 0.0809486 9.9991E-05 0.103041 0.166311
0.618339 0.153354 9.9991E-05 0.0873211 0.140886
0.613144 0.0873228 0.0583492 0.0824526 0.158731
0.59628 0.0942547 0.031456 0.105131 0.172878
0.584215 0.0694655 0.0184493 0.104587 0.223284
9.997E-05 9.997E-05 9.997E-05 9.997E-05 0.9996
9.9973E-05 9.9973E-05 0.0107153 9.9973E-05 0.988985
0.0973301 9.9982E-05 0.0130137 9.9982E-05 0.889456
9.997E-05 9.997E-05 9.997E-05 9.997E-05 0.9996
9.997E-05 9.997E-05 9.997E-05 9.997E-05 0.9996
9.997E-05 9.997E-05 9.997E-05 9.997E-05 0.9996
9.9973E-05 0.0140128 9.9973E-05 9.9973E-05 0.985687
0.0203852 0.0284384 0.0108798 0.0282026 0.912094
9.997E-05 9.997E-05 9.997E-05 9.997E-05 0.9996
9.997E-05 9.997E-05 9.997E-05 9.997E-05 0.9996
0.46441 0.311986 9.9991E-05 0.0887616 0.134742
0.0700729 9.9973E-05 9.9973E-05 9.9973E-05 0.929627
9.997E-05 9.997E-05 9.997E-05 9.997E-05 0.9996
9.997E-05 9.997E-05 9.997E-05 9.997E-05 0.9996
0.607638 0.212611 9.9991E-05 0.0453251 0.134325
0.554845 0.206741 9.9991E-05 0.115559 0.122755
0.588229 0.195667 9.9991E-05 0.0548016 0.161203
0.57079 0.211887 9.9991E-05 0.0538176 0.163405
0.528432 0.273575 9.9991E-05 0.0641872 0.133706
0.684666 0.187305 9.9991E-05 0.0163991 0.111529
0.630002 0.166662 9.9991E-05 0.00686077 0.196375
0.56348 0.239062 9.9991E-05 0.0319877 0.16537
0.446038 0.147943 9.9991E-05 0.105282 0.300637
0.506753 0.165501 9.9991E-05 0.0790198 0.248626
0.592072 0.175152 9.9991E-05 0.0856308 0.147045
0.610423 0.0761115 9.9991E-05 0.0577424 0.255623
0.606412 0.183027 0.00219115 0.0905491 0.117821
0.557338 0.214233 9.9991E-05 0.0769718 0.151357
9.997E-05 9.997E-05 9.997E-05 0.9996 9.997E-05
0.477981 0.171438 9.9991E-05 0.138847 0.211635
9.997E-05 9.997E-05 9.997E-05 0.9996 9.997E-05
9.997E-05 9.997E-05 9.997E-05 0.9996 9.997E-05
0.0139885 0.00878264 0.00326754 0.938404 0.0355571
0.146475 0.0607214 9.9982E-05 0.792603 9.9982E-05
9.997E-05 9.997E-05 9.997E-05 0.9996 9.997E-05
0.00392027 0.0302235 9.99998E-05 0.928212 0.0375438
0.0292034 9.9982E-05 9.9982E-05 0.9655 0.00509688
9.9973E-05 0.0312651 9.9973E-05 0.968435 9.9973E-05
9.9973E-05 9.9973E-05 0.0087503 0.99095 9.9973E-05
0.0232862 0.0122288 9.9991E-05 0.950001 0.0143841
9.9973E-05 9.9973E-05 0.00718856 0.992512 9.9973E-05
0.0668695 0.0246753 9.9991E-05 0.875831 0.0325241
0.00193958 0.0152295 9.9991E-05 0.956052 0.0266793
0.0943944 0.0193593 9.9991E-05 0.882004 0.00414213
0.0381549 0.0433184 0.00845692 0.889902 0.020168
0.0872641 9.9991E-05 0.028576 0.86258 0.0214803
9.9973E-05 0.0255981 9.9973E-05 0.974102 9.9973E-05
0.0557586 0.923464 9.9991E-05 0.0124787 0.0081985
0.0277257 0.904625 0.017132 9.9991E-05 0.0504177
9.997E-05 0.9996 9.997E-05 9.997E-05 9.997E-05
9.997E-05 0.9996 9.997E-05 9.997E-05 9.997E-05
9.997E-05 0.9996 9.997E-05 9.997E-05 9.997E-05
9.997E-05 0.9996 9.997E-05 9.997E-05 9.997E-05
0.00680678 0.992893 9.9973E-05 9.9973E-05 9.9973E-05
0.169311 0.769425 0.0610635 9.9982E-05 9.9982E-05
9.997E-05 0.9996 9.997E-05 9.997E-05 9.997E-05
9.997E-05 0.9996 9.997E-05 9.997E-05 9.997E-05
9.9982E-05 0.879196 0.0506154 9.9982E-05 0.0699884
9.997E-05 0.9996 9.997E-05 9.997E-05 9.997E-05
0.0790071 0.767676 9.9991E-05 0.107351 0.0458655
0.774084 0.039148 9.9991E-05 0.05965 0.127018
0.844381 0.0916896 9.9991E-05 0.0223591 0.0414706
0.792782 9.9991E-05 0.000455267 0.0612388 0.145424
0.831652 0.038683 0.00376433 0.0558563 0.0700439
0.699466 0.0928285 9.9991E-05 0.00208372 0.205522
0.708375 9.99821E-05 9.99821E-05 0.00692327 0.284502
0.750151 9.9982E-05 9.9982E-05 0.025856 0.223794
0.709759 9.9982E-05 9.9982E-05 0.0373816 0.25266
0.726703 0.00151244 9.9991E-05 0.0269652 0.244719
0.7398 9.9982E-05 9.9982E-05 0.0341994 0.2258
0.722433 9.9982E-05 9.9982E-05 0.034952 0.242415
0.739587 0.0347334 0.00517229 0.0366164 0.183891
0.796112 9.9982E-05 9.9982E-05 0.0486897 0.154998
0.987748 0.0119516 9.9973E-05 9.9973E-05 9.9973E-05
0.9996 9.997E-05 9.997E-05 9.997E-05 9.997E-05
0.9996 9.997E-05 9.997E-05 9.997E-05 9.997E-05
0.9996 9.997E-05 9.997E-05 9.997E-05 9.997E-05
0.9996 9.997E-05 9.997E-05 9.997E-05 9.997E-05
0.9996 9.997E-05 9.997E-05 9.997E-05 9.997E-05
0.9996 9.997E-05 9.997E-05 9.997E-05 9.997E-05
0.9996 9.997E-05 9.997E-05 9.997E-05 9.997E-05
0.9996 9.997E-05 9.997E-05 9.997E-05 9.997E-05
0.973188 0.0265125 9.9973E-05 9.9973E-05 9.9973E-05
0.9996 9.997E-05 9.997E-05 9.997E-05 9.997E-05
0.9996 9.997E-05 9.997E-05 9.997E-05 9.997E-05
