9.997E-05 0.9996 9.997E-05 9.997E-05 9.997E-05
0.0518066 0.375519 9.9991E-05 0.0737913 0.498784
0.115614 0.350133 9.9991E-05 0.0627481 0.471405
9.9973E-05 0.292119 9.9973E-05 9.9973E-05 0.707581
9.9973E-05 0.17771 9.9973E-05 9.9973E-05 0.82199
9.9973E-05 0.233388 9.9973E-05 9.9973E-05 0.766312
9.9973E-05 0.357465 9.9973E-05 9.9973E-05 0.642236
0.0736721 0.340835 9.9982E-05 9.9982E-05 0.585293
0.00908448 0.235116 9.9991E-05 0.00169294 0.754007
9.997E-05 0.9996 9.997E-05 9.997E-05 9.997E-05
9.997E-05 0.9996 9.997E-05 9.997E-05 9.997E-05
9.997E-05 0.9996 9.997E-05 9.997E-05 9.997E-05
9.997E-05 0.9996 9.997E-05 9.997E-05 9.997E-05
9.9982E-05 0.937208 0.0583566 9.9982E-05 0.0042356
0.00785401 0.991846 9.9973E-05 9.9973E-05 9.9973E-05
0.0251461 0.206484 9.9982E-05 9.9982E-05 0.76817
0.0963873 0.205286 0.0899467 0.0694204 0.53896
9.9973E-05 0.239002 9.9973E-05 9.9973E-05 0.760698
9.9973E-05 0.0286451 9.9973E-05 9.9973E-05 0.971055
9.997E-05 9.997E-05 9.997E-05 9.997E-05 0.9996
9.9973E-05 0.130043 9.9973E-05 9.9973E-05 0.869657
0.0624321 0.0512289 9.9991E-05 0.0142401 0.871999
9.9973E-05 0.0519402 9.9973E-05 9.9973E-05 0.94776
0.0101062 0.0855475 9.9982E-05 9.9982E-05 0.904146
9.9973E-05 0.0454866 9.9973E-05 9.9973E-05 0.954213
9.9982E-05 0.0431239 0.119589 9.9982E-05 0.837088
0.0476907 0.0401922 0.0451755 9.9991E-05 0.866842
9.9973E-05 0.0474615 9.9973E-05 9.9973E-05 0.952239
9.9982E-05 0.109936 0.00785873 9.9982E-05 0.882006
9.9973E-05 0.122868 9.9973E-05 9.9973E-05 0.876832
9.9973E-05 0.121013 9.9973E-05 9.9973E-05 0.878687
9.9991E-05 0.00937831 0.0341842 0.00968398 0.946654
0.033015 0.0316345 0.0556268 9.9991E-05 0.879624
0.0467148 0.0913637 0.0650098 0.0013563 0.795555
0.0450627 0.046278 0.0582902 9.9991E-05 0.850269
9.9973E-05 0.133846 9.9973E-05 9.9973E-05 0.865854
9.997E-05 9.997E-05 9.997E-05 9.997E-05 0.9996
0.0181002 0.0116743 0.104166 9.9991E-05 0.865959
0.0398769 0.0483564 0.0604865 0.0774973 0.773783
9.9991E-05 0.00328124 0.088706 0.0349767 0.872936
0.0845861 9.9991E-05 0.106822 0.101211 0.707281
0.0750504 0.00283494 0.240802 0.033767 0.647546
0.0950143 0.03133 0.0118787 0.0887924 0.772985
0.0654363 9.9991E-05 0.0850901 0.0588904 0.790483
0.077096 9.9982E-05 0.152821 9.9982E-05 0.769883
0.0446607 9.9982E-05 0.0478087 9.9982E-05 0.907331
0.0603071 9.9982E-05 0.0598484 9.9982E-05 0.879645
0.0465897 9.9982E-05 0.0647043 9.9982E-05 0.888506
0.0719732 0.0424571 0.238174 9.9991E-05 0.647296
0.0229146 0.106409 0.0938183 0.0141473 0.762711
0.0485501 0.0389943 0.0824803 0.0440484 0.785927
0.0620472 9.9982E-05 0.14238 9.9982E-05 0.795373
0.0367068 9.9982E-05 0.151626 9.9982E-05 0.811467
0.0206909 0.0133883 0.270693 0.0207115 0.674516
0.0506255 0.0243567 0.220654 0.0757434 0.62862
0.103236 9.9991E-05 0.127502 0.0423422 0.726819
0.0902409 0.055351 0.167 0.0352103 0.652197
9.9982E-05 9.9982E-05 0.173415 0.0300344 0.796351
0.0493735 9.9982E-05 0.0357417 9.9982E-05 0.914685
0.0367429 0.0284184 0.162091 0.0431646 0.729583
0.0389382 9.9982E-05 0.193262 9.9982E-05 0.7676
9.9982E-05 9.9982E-05 0.183508 0.0916172 0.724675
0.0967408 9.9991E-05 0.192702 0.0737512 0.636707
0.1168 9.9991E-05 0.221625 0.0563438 0.605131
9.9982E-05 9.9982E-05 0.194752 0.00666137 0.798386
0.0976028 9.9991E-05 0.223742 0.0454607 0.633094
0.0194717 9.9991E-05 0.166767 0.0774468 0.736215
0.0559619 9.9991E-05 0.321361 0.0828168 0.53976
0.0563172 9.9991E-05 0.0836862 0.0396152 0.820281
0.0974684 9.9991E-05 0.200037 0.0465662 0.655828
0.0994874 0.0159411 0.0210383 0.108416 0.755117
0.0952334 9.9991E-05 0.203572 0.0574961 0.643599
0.00672346 0.0739129 0.139496 0.00447382 0.775394
0.0244285 0.0130751 0.173166 0.010673 0.778657
0.0701258 0.00201624 0.320189 0.0232507 0.584419
0.0210633 9.9991E-05 0.222924 0.0360942 0.719819
0.0701065 9.9991E-05 0.1061 0.0759623 0.747731
0.0373651 0.0129724 0.0928742 0.192613 0.664176
0.0345146 9.9991E-05 0.365992 0.127502 0.471892
0.0567489 9.9991E-05 0.397902 0.133385 0.411864
0.0627443 9.9991E-05 0.41597 0.106515 0.414671
0.0557651 9.9991E-05 0.328454 0.181348 0.434333
0.0656159 9.9991E-05 0.331338 0.134731 0.468215
9.9982E-05 9.9982E-05 0.205263 0.135565 0.658972
0.0829646 9.9991E-05 0.193567 0.218394 0.504974
0.118515 9.9991E-05 0.198513 0.194455 0.488417
0.081371 0.030006 0.241392 0.0855301 0.561701
0.0132479 9.9991E-05 0.295323 0.18327 0.50806
0.0443649 0.00188662 0.309616 0.199435 0.444697
0.11147 9.9991E-05 0.35981 0.127516 0.401103
0.0786968 0.0297111 0.200248 0.140302 0.551042
0.0568644 0.0244432 0.231788 0.113789 0.573115
0.110157 0.0374637 0.334844 0.215347 0.302188
0.00876844 9.9973E-05 9.9973E-05 0.990932 9.9973E-05
9.9973E-05 0.0317161 9.9973E-05 0.967984 9.9973E-05
0.00724667 0.0131721 0.0757966 0.883701 0.0200836
9.997E-05 9.997E-05 9.997E-05 0.9996 9.997E-05
9.997E-05 9.997E-05 9.997E-05 0.9996 9.997E-05
9.997E-05 9.997E-05 9.997E-05 0.9996 9.997E-05
9.997E-05 9.997E-05 9.997E-05 0.9996 9.997E-05
9.9973E-05 9.9973E-05 9.9973E-05 0.918889 0.0808115
9.997E-05 9.997E-05 9.997E-05 0.9996 9.997E-05
9.997E-05 9.997E-05 9.997E-05 0.9996 9.997E-05
0.112861 9.9991E-05 0.49295 0.115544 0.278545
9.9982E-05 9.9982E-05 0.0450638 0.898846 0.0558901
9.997E-05 9.997E-05 9.997E-05 0.9996 9.997E-05
9.997E-05 9.997E-05 9.997E-05 0.9996 9.997E-05
0.0647271 9.9991E-05 0.534018 0.130809 0.270346
0.0652931 9.9991E-05 0.465392 0.160238 0.308977
0.058494 9.9991E-05 0.532434 0.163497 0.245475
0.066558 9.9991E-05 0.460506 0.215368 0.257468
0.0670106 9.9991E-05 0.463685 0.171667 0.297538
0.0243823 9.9991E-05 0.370597 0.136049 0.468871
0.0595691 9.9991E-05 0.340368 0.194178 0.405784
9.9982E-05 9.9982E-05 0.482664 0.171724 0.345412
0.114611 9.9991E-05 0.365244 0.251313 0.268732
0.0786006 9.9991E-05 0.389335 0.24632 0.285644
0.0636722 9.9991E-05 0.400224 0.148407 0.387596
0.0433766 9.9991E-05 0.354697 0.233424 0.368402
0.107753 9.9991E-05 0.506409 0.070238 0.3155
0.0644452 9.9991E-05 0.389342 0.188977 0.357135
0.043365 9.9973E-05 0.956335 9.9973E-05 9.9973E-05
0.00273811 9.9982E-05 0.967204 0.0298581 9.9982E-05
0.00315363 9.9973E-05 0.996546 9.9973E-05 9.9973E-05
0.0151482 9.9973E-05 0.984552 9.9973E-05 9.9973E-05
0.0150398 9.9982E-05 0.979709 0.00505151 9.9982E-05
0.00116971 9.9982E-05 0.985511 0.013119 9.9982E-05
0.0311909 9.9973E-05 0.968509 9.9973E-05 9.9973E-05
0.0393218 0.00728714 0.901609 0.0247124 0.0270699
0.0197145 9.9973E-05 0.979986 9.9973E-05 9.9973E-05
0.00343186 9.9973E-05 0.996268 9.9973E-05 9.9973E-05
0.060624 0.00120547 0.826132 0.111939 9.9991E-05
9.997E-05 9.997E-05 0.9996 9.997E-05 9.997E-05
0.114763 9.9991E-05 0.778753 0.0624381 0.0439452
0.9996 9.997E-05 9.997E-05 9.997E-05 9.997E-05
0.105441 9.9991E-05 0.370821 0.221053 0.302585
0.9996 9.997E-05 9.997E-05 9.997E-05 9.997E-05
0.9996 9.997E-05 9.997E-05 9.997E-05 9.997E-05
0.963778 9.9973E-05 9.9973E-05 0.0359217 9.9973E-05
0.765038 9.9982E-05 0.072286 9.9982E-05 0.162476
0.9996 9.997E-05 9.997E-05 9.997E-05 9.997E-05
0.953539 0.0150498 0.012941 9.9991E-05 0.0183703
0.993015 9.9973E-05 9.9973E-05 0.00668546 9.9973E-05
0.946107 9.9982E-05 0.049772 0.00392058 9.9982E-05
0.9996 9.997E-05 9.997E-05 9.997E-05 9.997E-05
0.9996 9.997E-05 9.997E-05 9.997E-05 9.997E-05
0.972792 9.9982E-05 0.0221656 0.00484276 9.9982E-05
0.787689 9.9991E-05 0.110904 0.0262107 0.0750968
0.9359 0.000475434 0.0331634 9.9991E-05 0.0303613
0.874972 0.0150407 0.055774 0.0394841 0.014729
0.855297 9.9982E-05 0.118614 9.9982E-05 0.0258885
0.816725 0.0213612 0.110215 9.9991E-05 0.0515989
0.958608 9.9982E-05 0.015726 0.0254663 9.9982E-05
0.0488495 0.0259552 0.607693 0.0877974 0.229705
0.0851599 0.0417752 0.617313 0.0355068 0.220246
0.0783346 0.0355521 0.556295 0.104487 0.225332
0.0882144 0.0473606 0.528034 0.0985828 0.237808
0.0353656 0.00419456 0.741843 0.1304 0.0881961
0.0326964 0.00476066 0.817407 0.145036 9.9991E-05
0.0488017 0.021244 0.71083 0.144482 0.0746423
0.0402409 0.0133321 0.778931 0.167396 9.9991E-05
0.0480195 0.028858 0.771553 0.15147 9.9991E-05
0.09155 0.0319598 0.671529 0.190919 0.0140422
0.0458422 0.0265608 0.667502 0.15076 0.109335
0.0947157 0.0564844 0.615801 0.139871 0.0931275
0.0995978 0.0056113 0.615011 0.12312 0.156659
9.9973E-05 0.0308678 0.968832 9.9973E-05 9.9973E-05
9.9973E-05 0.0120147 0.987685 9.9973E-05 9.9973E-05
9.9973E-05 0.0241551 0.975545 9.9973E-05 9.9973E-05
9.9973E-05 0.0184959 0.981204 9.9973E-05 9.9973E-05
9.9973E-05 0.00221162 0.997488 9.9973E-05 9.9973E-05
9.9973E-05 0.0638065 0.935894 9.9973E-05 9.9973E-05
9.9973E-05 0.0212259 0.978474 9.9973E-05 9.9973E-05
9.9973E-05 0.0123668 0.987333 9.9973E-05 9.9973E-05
9.9973E-05 0.0432439 0.956456 9.9973E-05 9.9973E-05
9.9973E-05 0.0195995 0.980101 9.9973E-05 9.9973E-05
9.9973E-05 0.0222802 0.97742 9.9973E-05 9.9973E-05
9.9973E-05 0.00117814 0.998522 9.9973E-05 9.9973E-05
