9.997E-05 9.997E-05 9.997E-05 0.9996 9.997E-05
0.0969635 9.9991E-05 0.278918 0.541787 0.0822311
0.148642 9.9991E-05 0.224633 0.539289 0.0873356
0.0136975 9.9982E-05 0.501854 0.484249 9.9982E-05
9.9982E-05 0.0570014 0.56826 0.374538 9.9982E-05
0.0309568 9.9982E-05 0.550697 0.418147 9.9982E-05
0.0228162 9.9982E-05 0.390197 0.586786 9.9982E-05
0.0985771 9.9982E-05 0.39951 0.501713 9.9982E-05
0.0636741 0.035146 0.438716 0.454286 0.00817818
9.997E-05 9.997E-05 9.997E-05 0.9996 9.997E-05
9.997E-05 9.997E-05 9.997E-05 0.9996 9.997E-05
9.997E-05 9.997E-05 9.997E-05 0.9996 9.997E-05
9.997E-05 9.997E-05 9.997E-05 0.9996 9.997E-05
0.0091651 9.9973E-05 9.9973E-05 0.990535 9.9973E-05
9.9973E-05 9.9973E-05 9.9973E-05 0.995616 0.00408414
9.9982E-05 0.0450324 0.52689 0.427877 9.9982E-05
0.0597769 0.0834759 0.484026 0.334296 0.0384248
0.0488864 9.9982E-05 0.494824 0.45609 9.9982E-05
9.9982E-05 0.0261736 0.73876 0.234867 9.9982E-05
9.9973E-05 9.9973E-05 0.832103 0.167597 9.9973E-05
9.9982E-05 0.0144005 0.658373 0.327027 9.9982E-05
0.054066 9.9982E-05 0.729249 0.216485 9.9982E-05
0.0593544 0.0393677 0.676319 0.224859 9.9991E-05
0.0119182 9.9982E-05 0.728566 0.259316 9.9982E-05
9.9973E-05 9.9973E-05 0.752671 0.247029 9.9973E-05
9.9982E-05 0.00848827 0.83514 0.156172 9.9982E-05
0.0642231 0.0876401 0.65726 0.190777 9.9991E-05
0.0219752 9.9982E-05 0.710003 0.267821 9.9982E-05
9.9982E-05 0.00408849 0.739238 0.256474 9.9982E-05
9.9973E-05 9.9973E-05 0.646696 0.353004 9.9973E-05
9.9973E-05 9.9973E-05 0.690411 0.309289 9.9973E-05
0.0115836 0.0514937 0.730038 0.206785 9.9991E-05
0.0486982 0.0201467 0.707018 0.224037 9.9991E-05
0.0797169 9.9982E-05 0.718638 0.201446 9.9982E-05
0.030242 0.0109962 0.764423 0.194238 9.9991E-05
9.9973E-05 9.9973E-05 0.669567 0.330133 9.9973E-05
9.9982E-05 0.000535847 0.891229 0.108035 9.9982E-05
0.0206858 0.0782189 0.729491 0.160403 0.0112013
0.0466807 0.0538052 0.716576 0.147253 0.0356854
9.9982E-05 0.0282717 0.825047 0.146481 9.9982E-05
0.0225926 9.9982E-05 0.972706 9.9982E-05 0.00450181
0.0896363 0.0137378 0.878127 0.0183984 9.9991E-05
0.082733 9.9991E-05 0.762455 0.142051 0.0126618
0.0667633 0.000792095 0.889178 0.0431667 9.9991E-05
0.073671 0.0460547 0.852275 0.0278992 9.9991E-05
0.0486832 0.033331 0.871056 0.0468298 9.9991E-05
0.0161035 9.9982E-05 0.938838 0.0448589 9.9982E-05
0.0471126 9.9982E-05 0.883626 0.0690618 9.9982E-05
0.0577342 0.0585719 0.759846 0.123748 9.9991E-05
0.0179173 9.9991E-05 0.774024 0.196331 0.0116275
0.0304088 0.0475865 0.787299 0.1335 0.00120601
0.0488065 0.013199 0.842782 0.0951126 9.9991E-05
0.0421049 0.0680751 0.81521 0.0745105 9.9991E-05
9.9991E-05 0.10677 0.773739 0.0900901 0.0293013
9.9991E-05 0.0399418 0.824982 0.0948463 0.0401301
0.0938388 9.9982E-05 0.840823 0.0651381 9.9982E-05
0.103942 0.108127 0.679723 0.108107 9.9991E-05
9.9991E-05 0.0795709 0.844388 0.0566623 0.0192784
0.0358012 0.0401087 0.852984 0.0710057 9.9991E-05
0.0458498 0.110888 0.711127 0.132035 9.9991E-05
9.9982E-05 0.0578102 0.888832 0.0531577 9.9982E-05
9.9982E-05 0.0121842 0.928634 0.0589819 9.9982E-05
0.0616482 0.0515699 0.809001 0.054355 0.0234258
0.0576207 0.033162 0.906057 9.9991E-05 0.00306047
9.9982E-05 0.0170301 0.925444 0.0573265 9.9982E-05
0.0813831 0.030191 0.86601 0.0223161 9.9991E-05
9.9991E-05 0.0150374 0.943043 0.00277976 0.0390401
0.0233485 0.00592146 0.923555 0.0353159 0.0118589
0.0206618 0.018446 0.86676 0.0905741 0.00355783
0.0460126 9.9973E-05 0.953687 9.9973E-05 9.9973E-05
0.0501857 9.9991E-05 0.844001 0.0729033 0.0328096
0.0557708 0.0277101 0.907946 9.9991E-05 0.00847354
0.0112373 0.0620728 0.804317 0.122273 9.9991E-05
0.0230363 0.0311354 0.83921 0.106518 9.9991E-05
0.0701547 0.0107289 0.852547 0.0664692 9.9991E-05
9.9982E-05 0.133846 0.839969 0.0259847 9.9982E-05
0.0571477 9.9982E-05 0.93949 9.9982E-05 0.00316228
0.026567 9.9991E-05 0.794977 0.0459242 0.132431
0.0222419 0.080536 0.782321 0.0113822 0.103519
9.9982E-05 0.0675728 0.784151 9.9982E-05 0.148077
0.0309113 0.0928173 0.77544 0.00167917 0.0991523
0.0159258 0.0484583 0.802536 9.9991E-05 0.13298
0.0257401 0.0469916 0.83323 9.9991E-05 0.0939379
9.9991E-05 0.0342883 0.823883 0.0436295 0.0980988
0.034197 0.118829 0.661377 0.0235802 0.162016
0.0774283 0.0328969 0.668542 0.0188475 0.202286
0.0809973 0.0278573 0.739833 0.0651998 0.0861125
9.9991E-05 0.0250031 0.838294 0.0197588 0.116844
0.0545204 0.0777426 0.690126 0.000650411 0.176961
0.0896549 0.129304 0.681063 0.00869602 0.0912813
0.0864249 0.0433068 0.693069 0.0772845 0.099915
0.0791571 0.0158949 0.727608 0.0647553 0.112585
0.0505163 0.174746 0.552046 0.025822 0.19687
9.997E-05 9.997E-05 9.997E-05 9.997E-05 0.9996
9.9973E-05 9.9973E-05 9.9973E-05 0.0525049 0.947195
0.0423981 0.0141466 0.0432675 0.0121551 0.888033
9.997E-05 9.997E-05 9.997E-05 9.997E-05 0.9996
9.997E-05 9.997E-05 9.997E-05 9.997E-05 0.9996
9.997E-05 9.997E-05 9.997E-05 9.997E-05 0.9996
9.997E-05 9.997E-05 9.997E-05 9.997E-05 0.9996
9.9982E-05 9.9982E-05 0.0557889 0.0134456 0.930566
9.997E-05 9.997E-05 9.997E-05 9.997E-05 0.9996
9.997E-05 9.997E-05 9.997E-05 9.997E-05 0.9996
0.0505522 0.074771 0.77265 9.9991E-05 0.101927
0.0217627 0.0192761 0.00243918 0.00886701 0.947655
9.997E-05 9.997E-05 9.997E-05 9.997E-05 0.9996
9.997E-05 9.997E-05 9.997E-05 9.997E-05 0.9996
0.0152536 0.106755 0.763783 9.9991E-05 0.114108
0.0595858 0.092124 0.727354 9.9991E-05 0.120836
0.0390934 0.121593 0.706608 9.9991E-05 0.132606
0.063065 0.0653397 0.710508 9.9991E-05 0.160987
0.0298965 0.0345738 0.807261 9.9991E-05 0.128168
0.0380447 0.0890195 0.749793 9.9991E-05 0.123043
0.0464847 0.0818752 0.708938 9.9991E-05 0.162603
0.0037598 0.0475104 0.808687 9.9991E-05 0.139943
0.110687 0.0661511 0.617272 9.9991E-05 0.20579
0.0637063 0.070061 0.617867 9.9991E-05 0.248266
0.00180475 0.0812067 0.800017 9.9991E-05 0.116872
0.0183833 0.0682092 0.69219 9.9991E-05 0.221117
0.0777641 0.0988081 0.724655 9.9991E-05 0.0986733
0.0241885 0.0878939 0.74922 9.9991E-05 0.138597
9.9973E-05 9.9973E-05 0.956498 9.9973E-05 0.0432022
9.9982E-05 0.0774788 0.863252 9.9982E-05 0.0590691
9.9973E-05 9.9973E-05 0.976625 9.9973E-05 0.0230753
9.9973E-05 9.9973E-05 0.975383 9.9973E-05 0.0243167
9.9973E-05 9.9973E-05 0.942858 9.9973E-05 0.0568422
9.9973E-05 9.9973E-05 0.951629 9.9973E-05 0.0480711
9.9973E-05 9.9973E-05 0.963987 9.9973E-05 0.0357129
9.9982E-05 0.0634773 0.896215 9.9982E-05 0.0401079
0.00231301 9.9973E-05 0.997387 9.9973E-05 9.9973E-05
9.9973E-05 9.9973E-05 0.953027 9.9973E-05 0.0466731
9.9973E-05 9.9973E-05 0.897671 9.9973E-05 0.102029
9.9982E-05 0.0267758 0.943176 9.9982E-05 0.0298484
0.0559773 9.9982E-05 0.910042 9.9982E-05 0.0337803
0.9996 9.997E-05 9.997E-05 9.997E-05 9.997E-05
0.0658961 0.0851266 0.668016 9.9991E-05 0.180861
0.9996 9.997E-05 9.997E-05 9.997E-05 9.997E-05
0.9996 9.997E-05 9.997E-05 9.997E-05 9.997E-05
0.952375 9.9982E-05 9.9982E-05 0.00585778 0.0415674
0.795274 9.9982E-05 0.147593 0.0569328 9.9982E-05
0.9996 9.997E-05 9.997E-05 9.997E-05 9.997E-05
0.873348 0.0468512 0.0433725 0.0363286 9.9991E-05
0.960778 9.9982E-05 0.00904254 9.9982E-05 0.0299797
0.960752 9.9973E-05 0.0389478 9.9973E-05 9.9973E-05
0.9996 9.997E-05 9.997E-05 9.997E-05 9.997E-05
0.97419 9.9973E-05 9.9973E-05 9.9973E-05 0.0255103
0.957651 9.9973E-05 0.0420489 9.9973E-05 9.9973E-05
0.745726 0.0500822 0.152761 0.0137764 0.0376543
0.943972 0.0214174 0.0223113 0.0121992 9.9991E-05
0.865066 0.0173034 0.116201 9.9991E-05 0.00132913
0.875069 0.0672819 0.0574488 9.9982E-05 9.9982E-05
0.883411 0.0398247 0.0729065 0.0037581 9.9991E-05
0.96614 9.9982E-05 0.0270969 0.00656301 9.9982E-05
0.0627844 0.320334 0.499301 0.0187961 0.0987845
0.0499351 0.342457 0.506107 0.0332126 0.0682886
0.0811127 0.362811 0.412395 0.0412607 0.102421
0.0678368 0.369095 0.439417 0.0424646 0.0811872
0.0719429 0.359665 0.337869 9.9991E-05 0.230424
0.0843144 0.481507 0.187282 9.9991E-05 0.246796
0.12456 0.389482 0.270311 9.9991E-05 0.215547
0.0866516 0.433696 0.20765 9.9991E-05 0.271902
0.0731785 0.404485 0.292551 9.9991E-05 0.229686
0.0981784 0.390968 0.289719 9.9991E-05 0.221034
0.0765967 0.382037 0.298165 9.9991E-05 0.243102
0.0813846 0.323736 0.408211 0.00998271 0.176686
0.134 0.329601 0.364834 0.000732929 0.170832
9.997E-05 0.9996 9.997E-05 9.997E-05 9.997E-05
9.997E-05 0.9996 9.997E-05 9.997E-05 9.997E-05
9.997E-05 0.9996 9.997E-05 9.997E-05 9.997E-05
9.997E-05 0.9996 9.997E-05 9.997E-05 9.997E-05
9.997E-05 0.9996 9.997E-05 9.997E-05 9.997E-05
9.9982E-05 0.945737 0.0459645 0.00809829 9.9982E-05
9.9973E-05 0.998932 9.9973E-05 0.000767854 9.9973E-05
9.997E-05 0.9996 9.997E-05 9.997E-05 9.997E-05
9.997E-05 0.9996 9.997E-05 9.997E-05 9.997E-05
9.9973E-05 0.983674 0.0160261 9.9973E-05 9.9973E-05
9.997E-05 0.9996 9.997E-05 9.997E-05 9.997E-05
9.997E-05 0.9996 9.997E-05 9.997E-05 9.997E-05
