9.997E-05 0.9996 9.997E-05 9.997E-05 9.997E-05
0.102156 0.331046 9.9991E-05 0.0898793 0.476819
0.0625421 0.328521 9.9991E-05 0.134049 0.474788
9.9973E-05 0.252787 9.9973E-05 9.9973E-05 0.746913
9.9973E-05 0.124774 9.9973E-05 9.9973E-05 0.874926
0.00509225 0.21781 9.9991E-05 0.0148821 0.762116
9.9973E-05 0.335766 9.9973E-05 9.9973E-05 0.663935
0.0085505 0.303771 9.9991E-05 0.0404462 0.647132
0.00159865 0.236512 9.9991E-05 0.0138296 0.747959
9.997E-05 0.9996 9.997E-05 9.997E-05 9.997E-05
9.997E-05 0.9996 9.997E-05 9.997E-05 9.997E-05
9.997E-05 0.9996 9.997E-05 9.997E-05 9.997E-05
9.997E-05 0.9996 9.997E-05 9.997E-05 9.997E-05
9.9982E-05 0.923142 0.00231225 9.9982E-05 0.0743462
9.9982E-05 0.959123 0.00423519 0.0364417 9.9982E-05
9.9973E-05 0.21404 9.9973E-05 9.9973E-05 0.78566
0.0428388 0.251119 0.146763 0.0496286 0.509651
9.9973E-05 0.213111 9.9973E-05 9.9973E-05 0.786589
9.9973E-05 0.00761156 9.9973E-05 9.9973E-05 0.992089
9.997E-05 9.997E-05 9.997E-05 9.997E-05 0.9996
9.9973E-05 0.102237 9.9973E-05 9.9973E-05 0.897463
9.9982E-05 0.015917 9.9982E-05 0.0736095 0.910274
0.0330147 0.0336615 9.9982E-05 9.9982E-05 0.933124
9.9982E-05 0.0533522 9.9982E-05 0.00549928 0.940949
9.9973E-05 0.0416173 9.9973E-05 9.9973E-05 0.958083
9.9982E-05 9.9982E-05 0.10639 0.00256034 0.890849
9.9991E-05 0.0469764 0.0321247 0.0623195 0.858479
9.9973E-05 0.00206448 9.9973E-05 9.9973E-05 0.997636
9.9982E-05 0.0731178 0.0300317 9.9982E-05 0.89665
9.9973E-05 0.107234 9.9973E-05 9.9973E-05 0.892466
9.9973E-05 0.0859134 9.9973E-05 9.9973E-05 0.913787
0.00377725 0.0147395 0.0437286 9.9991E-05 0.937655
9.9982E-05 0.0341072 9.9982E-05 0.0534313 0.912262
0.0109297 0.0889399 0.085431 0.0440046 0.770695
9.9982E-05 0.0266864 0.00314682 9.9982E-05 0.969967
9.9973E-05 0.0925768 9.9973E-05 9.9973E-05 0.907123
9.9973E-05 9.9973E-05 0.0168615 9.9973E-05 0.982839
0.0126244 0.0145401 0.144151 0.0250728 0.803612
0.0479283 0.00178009 0.0759123 0.0336514 0.840728
0.00723532 0.0116348 0.117649 9.9991E-05 0.863381
0.0722753 9.9991E-05 0.184292 0.095553 0.647779
0.0702483 9.9991E-05 0.273686 0.0661547 0.589811
0.0557738 0.0504289 0.0550417 0.137738 0.701018
0.0479664 9.9991E-05 0.161671 0.0886997 0.701563
9.9982E-05 9.9982E-05 0.187715 0.123546 0.688539
9.9982E-05 9.9982E-05 0.0690085 0.0666907 0.864101
9.9982E-05 9.9982E-05 0.0977147 0.0865027 0.815583
9.9982E-05 9.9982E-05 0.0846116 0.0784282 0.83676
9.9991E-05 0.0486399 0.239375 0.0548871 0.656998
0.0539421 0.106002 0.104296 0.0306311 0.705129
0.0668398 0.0224694 0.0924322 0.0689241 0.749335
9.9982E-05 9.9982E-05 0.16765 0.0737862 0.758364
9.9982E-05 9.9982E-05 0.223006 0.0516775 0.725117
0.0579651 0.0479132 0.277314 0.0116844 0.605123
0.0669248 0.0154956 0.222767 0.0494824 0.645331
0.0462027 9.9991E-05 0.177354 0.139452 0.636891
0.0623745 0.0571142 0.208242 0.110132 0.562137
0.0543268 9.9982E-05 0.177502 9.9982E-05 0.767972
9.9982E-05 9.9982E-05 0.143553 0.0387209 0.817526
0.0418308 0.0243313 0.28993 0.0104758 0.633433
9.9982E-05 9.9982E-05 0.206968 0.00790984 0.784922
0.112636 9.9991E-05 0.186056 0.0214335 0.679774
0.089999 9.9991E-05 0.155859 0.112823 0.641219
0.0830382 9.9991E-05 0.232412 0.0848746 0.599575
0.0175516 9.9982E-05 0.263409 9.9982E-05 0.71884
0.0300351 9.9991E-05 0.20458 0.12103 0.644255
0.122165 9.9991E-05 0.226757 0.0176092 0.633369
0.0543866 9.9991E-05 0.265566 0.112918 0.567029
0.0398359 9.9991E-05 0.15447 0.0300628 0.775531
0.0482146 9.9991E-05 0.223193 0.109518 0.618974
0.104592 0.0291281 0.101149 0.0975481 0.667583
0.0472231 9.9991E-05 0.283781 0.11222 0.556676
0.00181776 0.0489712 0.158689 0.0579425 0.73258
9.9991E-05 0.00741447 0.222908 0.0605499 0.709028
0.0300385 9.9991E-05 0.339898 0.0685475 0.561416
9.9982E-05 9.9982E-05 0.279034 0.0277652 0.693
0.0819541 9.9991E-05 0.159016 0.109029 0.649902
0.179826 9.9991E-05 0.200808 0.0479173 0.571349
0.144667 9.9991E-05 0.413423 0.0729622 0.368848
0.146925 9.9991E-05 0.436436 0.0594911 0.357047
0.0721042 9.9991E-05 0.461017 0.0844286 0.38235
0.162085 9.9991E-05 0.397414 0.0772371 0.363164
0.145864 9.9991E-05 0.358664 0.101029 0.394342
0.131555 9.9991E-05 0.31844 0.0309175 0.518988
0.231004 9.9991E-05 0.227291 0.121802 0.419803
0.205523 9.9991E-05 0.235387 0.130585 0.428405
0.106829 0.0350539 0.263494 0.0905922 0.504031
0.122385 9.9991E-05 0.360577 0.0168444 0.500094
0.18623 9.9991E-05 0.418013 0.0636546 0.332002
0.124879 9.9991E-05 0.41826 0.115459 0.341302
0.187863 0.0223311 0.230159 0.113946 0.445701
0.149453 0.0124044 0.269356 0.111101 0.457686
0.213555 0.0349282 0.391821 0.0801752 0.279521
0.9996 9.997E-05 9.997E-05 9.997E-05 9.997E-05
0.963556 0.00290534 9.9982E-05 9.9982E-05 0.033339
0.877553 9.9982E-05 0.00626121 9.9982E-05 0.115985
0.9996 9.997E-05 9.997E-05 9.997E-05 9.997E-05
0.9996 9.997E-05 9.997E-05 9.997E-05 9.997E-05
0.9996 9.997E-05 9.997E-05 9.997E-05 9.997E-05
0.9996 9.997E-05 9.997E-05 9.997E-05 9.997E-05
0.924628 9.9982E-05 9.9982E-05 0.0238568 0.051315
0.9996 9.997E-05 9.997E-05 9.997E-05 9.997E-05
0.9996 9.997E-05 9.997E-05 9.997E-05 9.997E-05
0.115141 9.9991E-05 0.572512 0.127713 0.184534
0.933167 9.9991E-05 0.052022 0.00495706 0.00975376
0.9996 9.997E-05 9.997E-05 9.997E-05 9.997E-05
0.9996 9.997E-05 9.997E-05 9.997E-05 9.997E-05
0.163106 9.9991E-05 0.590206 0.0662889 0.180299
0.17015 9.9991E-05 0.518348 0.0791125 0.23229
0.163387 0.0083331 0.568827 0.0776809 0.181773
0.216085 9.9991E-05 0.531363 0.0787412 0.173711
0.147221 9.9991E-05 0.574847 0.102669 0.175163
0.125748 9.9991E-05 0.440371 0.0462118 0.387569
0.194847 9.9991E-05 0.457717 0.0575854 0.289751
0.191217 9.9991E-05 0.519379 0.0339199 0.255384
0.246082 9.9991E-05 0.405416 0.118159 0.230243
0.26155 9.9991E-05 0.408981 0.0870899 0.242279
0.150067 9.9991E-05 0.46494 0.0524734 0.332419
0.268673 9.9991E-05 0.398348 0.0741543 0.258725
0.130731 9.9991E-05 0.523669 0.0856064 0.259894
0.166817 9.9991E-05 0.452051 0.0879144 0.293118
0.00383695 9.9982E-05 0.948906 0.0470574 9.9982E-05
0.0427783 9.9982E-05 0.917737 0.0392846 9.9982E-05
9.997E-05 9.997E-05 0.9996 9.997E-05 9.997E-05
9.997E-05 9.997E-05 0.9996 9.997E-05 9.997E-05
0.00196015 9.9973E-05 0.99774 9.9973E-05 9.9973E-05
0.0130347 9.9982E-05 0.973648 0.0131174 9.9982E-05
0.0022695 9.9973E-05 0.997431 9.9973E-05 9.9973E-05
0.0420261 0.0189191 0.910945 9.9991E-05 0.0280098
9.9973E-05 9.9973E-05 0.971263 0.0284372 9.9973E-05
9.997E-05 9.997E-05 0.9996 9.997E-05 9.997E-05
0.0413669 9.9982E-05 0.902054 0.0563787 9.9982E-05
0.00223095 9.9973E-05 0.997469 9.9973E-05 9.9973E-05
0.029675 9.9991E-05 0.767593 0.126275 0.0763571
9.997E-05 9.997E-05 9.997E-05 0.9996 9.997E-05
0.246959 9.9991E-05 0.402624 0.129613 0.220704
9.997E-05 9.997E-05 9.997E-05 0.9996 9.997E-05
9.997E-05 9.997E-05 9.997E-05 0.9996 9.997E-05
0.0326196 9.9973E-05 9.9973E-05 0.96708 9.9973E-05
0.00403962 9.9991E-05 0.0726966 0.798295 0.124869
9.997E-05 9.997E-05 9.997E-05 0.9996 9.997E-05
0.0133108 9.9982E-05 0.0604435 0.926046 9.9982E-05
0.00509349 9.9973E-05 9.9973E-05 0.994607 9.9973E-05
9.9982E-05 9.9982E-05 0.0276108 0.95978 0.0124095
9.997E-05 9.997E-05 9.997E-05 0.9996 9.997E-05
9.9991E-05 0.00243331 0.0160718 0.977177 0.00421751
9.9973E-05 9.9973E-05 0.00992157 0.989779 9.9973E-05
0.0365828 9.9982E-05 0.12709 0.836127 9.9982E-05
0.0128903 0.0186545 0.0208424 0.938538 0.00907467
0.0153405 0.0109147 0.0815404 0.87861 0.0135945
9.9991E-05 0.00577471 0.0675047 0.884396 0.0422242
0.00244902 0.0354072 0.0415364 0.885033 0.0355745
0.0151307 9.9982E-05 0.00618971 0.97848 9.9982E-05
0.0817677 0.0452159 0.588061 0.0763911 0.208564
0.0768684 0.0292776 0.588027 0.0452802 0.260547
0.133327 0.0428684 0.517993 0.062906 0.242905
0.0886552 0.059531 0.583864 0.0584267 0.209523
0.144439 0.00605383 0.668907 0.0568307 0.12377
0.151181 9.99821E-05 0.77695 0.0716686 9.99821E-05
0.164551 9.9991E-05 0.681125 0.0919087 0.0623151
0.175963 9.9982E-05 0.772886 0.050951 9.9982E-05
0.182846 9.9991E-05 0.732232 0.0706309 0.0141916
0.165232 0.00250688 0.689523 0.055925 0.0868134
0.177103 0.0138889 0.691454 0.0739573 0.0435967
0.178563 0.0249087 0.562233 0.0497544 0.184541
0.147989 9.9991E-05 0.561158 0.0629664 0.227787
9.9973E-05 0.0296518 0.970048 9.9973E-05 9.9973E-05
9.9973E-05 0.023484 0.976216 9.9973E-05 9.9973E-05
9.9973E-05 0.0145479 0.985152 9.9973E-05 9.9973E-05
9.9973E-05 0.0233668 0.976333 9.9973E-05 9.9973E-05
9.9973E-05 0.0177348 0.981965 9.9973E-05 9.9973E-05
9.9982E-05 0.0535879 0.942169 9.9982E-05 0.00404278
9.9973E-05 0.0175116 0.982188 9.9973E-05 9.9973E-05
9.9973E-05 0.035356 0.964344 9.9973E-05 9.9973E-05
9.9973E-05 0.0378105 0.96189 9.9973E-05 9.9973E-05
9.9973E-05 0.029803 0.969897 9.9973E-05 9.9973E-05
9.9973E-05 0.0226823 0.977018 9.9973E-05 9.9973E-05
9.9973E-05 0.0203196 0.97938 9.9973E-05 9.9973E-05
