0.9996 9.997E-05 9.997E-05 9.997E-05 9.997E-05
0.358599 9.9991E-05 0.0592077 0.0962477 0.485845
0.377742 9.9991E-05 0.0643266 0.102258 0.455573
0.315593 9.9973E-05 9.9973E-05 9.9973E-05 0.684108
0.141383 0.0501732 9.9982E-05 9.9982E-05 0.808244
0.220422 9.9982E-05 9.9982E-05 0.0238802 0.755498
0.388179 9.9973E-05 9.9973E-05 9.9973E-05 0.611521
0.347633 9.9982E-05 9.9982E-05 0.0341972 0.61797
0.24645 9.9991E-05 0.0067072 0.0481577 0.698585
0.9996 9.997E-05 9.997E-05 9.997E-05 9.997E-05
0.9996 9.997E-05 9.997E-05 9.997E-05 9.997E-05
0.9996 9.997E-05 9.997E-05 9.997E-05 9.997E-05
0.996094 9.9973E-05 0.00360647 9.9973E-05 9.9973E-05
0.928899 0.070801 9.9973E-05 9.9973E-05 9.9973E-05
0.919818 0.0462984 0.024193 0.00337925 0.00631176
0.220412 0.0199758 9.9982E-05 9.9982E-05 0.759412
0.273272 0.115081 0.0763184 0.0391188 0.49621
0.280637 9.9982E-05 0.0270987 9.9982E-05 0.692064
9.997E-05 9.997E-05 9.997E-05 9.997E-05 0.9996
9.997E-05 9.997E-05 9.997E-05 9.997E-05 0.9996
0.1213 9.9973E-05 9.9973E-05 9.9973E-05 0.8784
0.0511371 9.9982E-05 9.9982E-05 0.00501496 0.943648
0.0202431 9.9973E-05 9.9973E-05 9.9973E-05 0.979457
0.0840612 9.9973E-05 9.9973E-05 9.9973E-05 0.915639
0.038685 9.9973E-05 9.9973E-05 9.9973E-05 0.961015
0.0361516 0.0911178 9.9982E-05 9.9982E-05 0.872531
0.033645 0.059679 9.9991E-05 0.0454669 0.861109
0.035621 9.9973E-05 9.9973E-05 9.9973E-05 0.964079
0.104974 9.9973E-05 9.9973E-05 9.9973E-05 0.894726
0.137405 9.9973E-05 9.9973E-05 9.9973E-05 0.862295
0.11364 9.9973E-05 9.9973E-05 9.9973E-05 0.88606
0.0303499 0.00694255 0.00414795 9.9991E-05 0.95846
0.0121911 9.9982E-05 9.9982E-05 0.018454 0.969155
0.0842737 0.063415 9.9991E-05 0.0295369 0.822674
0.0186169 9.9982E-05 9.9982E-05 0.0166864 0.964497
0.130875 9.9973E-05 9.9973E-05 9.9973E-05 0.868825
9.997E-05 9.997E-05 9.997E-05 9.997E-05 0.9996
0.0188555 0.107556 9.9991E-05 0.00514737 0.868342
0.0235892 0.107754 0.0232452 0.0492744 0.796137
9.9982E-05 0.0737306 0.0188765 9.9982E-05 0.907193
9.9991E-05 0.163556 0.0769982 0.0772514 0.682094
9.9991E-05 0.22986 0.0171965 0.10052 0.652323
0.0540172 0.04358 0.0570816 0.0972834 0.748038
9.9991E-05 0.10535 0.0317062 0.0783461 0.784497
9.9982E-05 0.132764 9.9982E-05 0.0703835 0.796653
9.9982E-05 0.04765 9.9982E-05 0.0752236 0.876926
9.9982E-05 0.0808996 9.9982E-05 0.0702931 0.848607
9.9982E-05 0.0726608 9.9982E-05 0.0393443 0.887795
0.0431469 0.293968 9.9991E-05 0.0694528 0.593333
0.101693 0.119803 0.0444153 0.0152148 0.718874
0.031176 0.136356 0.0359607 0.0674598 0.729048
9.9982E-05 0.12899 9.9982E-05 0.0733751 0.797435
9.9982E-05 0.137823 9.9982E-05 0.0319005 0.830076
0.0330935 0.292812 0.0450495 0.0121252 0.616919
0.0216193 0.214042 0.0783917 0.0400421 0.645905
9.9991E-05 0.138067 0.04891 0.109548 0.703375
0.0752869 0.22363 0.011214 0.0874646 0.602405
9.9991E-05 0.166408 0.0784483 0.00625522 0.748789
9.9982E-05 0.0247598 9.9982E-05 0.0410273 0.934013
0.063209 0.134169 0.0681659 0.0618673 0.672589
9.9982E-05 0.226342 9.9982E-05 0.00310444 0.770354
9.9991E-05 0.235477 0.0329089 0.00869983 0.722814
9.9991E-05 0.147272 0.0701729 0.085198 0.697257
9.9991E-05 0.173633 0.0776841 0.0855534 0.663029
9.9982E-05 0.223995 0.0108125 9.9982E-05 0.764992
9.9991E-05 0.139181 0.0662618 0.102625 0.691832
9.9991E-05 0.177668 0.116835 0.0368284 0.668569
9.9991E-05 0.182008 0.0512717 0.0673753 0.699245
9.9991E-05 0.129807 0.011379 0.0369855 0.821729
9.9991E-05 0.143729 0.0928577 0.084889 0.678425
0.0184527 0.0589937 0.0917741 0.061136 0.769643
9.9991E-05 0.207358 0.0713784 0.0454896 0.675674
0.0544344 0.181197 0.003341 0.0358282 0.725199
0.0296389 0.193334 9.9991E-05 0.0603377 0.71659
0.0176606 0.276124 0.000573843 0.0568997 0.648742
9.9991E-05 0.291221 0.000483531 0.00854487 0.69965
9.9991E-05 0.146889 0.106399 0.0832554 0.663356
9.9991E-05 0.141833 0.189883 0.0296639 0.63852
9.9991E-05 0.285723 0.140675 0.116635 0.456867
9.9991E-05 0.356402 0.156677 0.0673942 0.419427
9.9991E-05 0.37358 0.10796 0.124009 0.394351
9.9991E-05 0.338618 0.183257 0.0747536 0.403271
9.9991E-05 0.344528 0.118007 0.120927 0.416438
9.9991E-05 0.170515 0.189194 0.023981 0.61621
9.9991E-05 0.277407 0.245293 0.0572587 0.419941
0.00162666 0.202987 0.180815 0.157126 0.457446
0.0408623 0.267379 0.093114 0.128547 0.470097
9.9991E-05 0.29038 0.136909 0.00139499 0.571217
9.9991E-05 0.323851 0.147431 0.0766842 0.451933
9.9991E-05 0.400894 0.114308 0.066656 0.418043
0.0464908 0.174429 0.196579 0.0845812 0.497921
0.0104397 0.226377 0.167044 0.0917247 0.504414
0.0268263 0.304784 0.214638 0.0924667 0.361285
9.997E-05 9.997E-05 0.9996 9.997E-05 9.997E-05
0.0320874 9.9973E-05 0.967613 9.9973E-05 9.9973E-05
0.016196 0.00744992 0.903351 9.9991E-05 0.0729031
9.997E-05 9.997E-05 0.9996 9.997E-05 9.997E-05
9.997E-05 9.997E-05 0.9996 9.997E-05 9.997E-05
9.997E-05 9.997E-05 0.9996 9.997E-05 9.997E-05
9.997E-05 9.997E-05 0.9996 9.997E-05 9.997E-05
9.9973E-05 9.9973E-05 0.958862 9.9973E-05 0.0408383
9.997E-05 9.997E-05 0.9996 9.997E-05 9.997E-05
9.997E-05 9.997E-05 0.9996 9.997E-05 9.997E-05
9.9991E-05 0.513097 0.124233 0.103941 0.258629
0.00529134 0.0104119 0.940534 0.0102682 0.0334945
9.997E-05 9.997E-05 0.9996 9.997E-05 9.997E-05
9.997E-05 9.997E-05 0.9996 9.997E-05 9.997E-05
9.9991E-05 0.59871 0.133604 0.063852 0.203734
9.9991E-05 0.513326 0.143267 0.0856765 0.25763
9.9991E-05 0.568423 0.120243 0.078348 0.232886
9.9991E-05 0.586242 0.186549 0.0895388 0.13757
9.9991E-05 0.538459 0.161885 0.0892886 0.210268
9.9991E-05 0.411795 0.131758 0.0346935 0.421654
9.9991E-05 0.402376 0.208685 0.0541351 0.334705
9.9991E-05 0.527788 0.144502 0.0247193 0.30289
9.9991E-05 0.377148 0.264596 0.098341 0.259815
9.9991E-05 0.347458 0.245071 0.0953222 0.312049
9.9991E-05 0.41982 0.154557 0.0783147 0.347209
9.9991E-05 0.435846 0.233934 0.062597 0.267523
9.9991E-05 0.498281 0.0734886 0.120108 0.308022
9.9991E-05 0.450753 0.189742 0.0733831 0.286022
9.9982E-05 0.956723 0.0283939 0.0146832 9.9982E-05
9.9973E-05 0.946832 0.0528685 9.9973E-05 9.9973E-05
9.997E-05 0.9996 9.997E-05 9.997E-05 9.997E-05
9.997E-05 0.9996 9.997E-05 9.997E-05 9.997E-05
9.997E-05 0.9996 9.997E-05 9.997E-05 9.997E-05
9.9982E-05 0.981236 0.00771052 0.0108535 9.9982E-05
9.9973E-05 0.979709 0.0199906 9.9973E-05 9.9973E-05
0.0376723 0.926103 0.023337 0.00379297 0.00909469
9.9973E-05 0.96432 9.9973E-05 0.0353805 9.9973E-05
9.997E-05 0.9996 9.997E-05 9.997E-05 9.997E-05
9.9982E-05 0.880999 0.100893 0.017908 9.9982E-05
9.9973E-05 0.976116 0.0235842 9.9973E-05 9.9973E-05
9.9982E-05 0.883658 9.9982E-05 0.0923997 0.0237422
9.997E-05 9.997E-05 9.997E-05 0.9996 9.997E-05
9.9991E-05 0.34417 0.231825 0.125829 0.298076
9.997E-05 9.997E-05 9.997E-05 0.9996 9.997E-05
9.997E-05 9.997E-05 9.997E-05 0.9996 9.997E-05
9.9973E-05 9.9973E-05 0.0528105 0.94689 9.9973E-05
0.0178584 0.0141894 9.9991E-05 0.824264 0.143589
9.997E-05 9.997E-05 9.997E-05 0.9996 9.997E-05
9.9982E-05 0.0336165 9.9982E-05 0.90819 0.0579932
9.9973E-05 9.9973E-05 0.00628987 0.99341 9.9973E-05
9.9991E-05 0.0452735 0.00594394 0.93659 0.0120921
9.997E-05 9.997E-05 9.997E-05 0.9996 9.997E-05
9.9982E-05 0.0247779 9.9982E-05 0.927349 0.0476731
9.9973E-05 0.0103718 9.9973E-05 0.989328 9.9973E-05
9.9991E-05 0.103578 0.074794 0.737994 0.0835348
0.0167394 0.0315771 9.9991E-05 0.939264 0.01232
0.025054 0.0384034 9.9991E-05 0.935204 0.00123828
0.00400522 0.086656 9.9982E-05 0.909139 9.9982E-05
0.0159454 0.0826244 9.9991E-05 0.861704 0.0396261
9.9982E-05 0.0532678 0.0129512 0.933581 9.9982E-05
0.030838 0.584332 0.0847098 0.0628122 0.237308
0.00573474 0.505402 0.0930337 0.0710198 0.32481
0.0408325 0.497651 0.113864 0.0899726 0.25768
0.0376613 0.517116 0.0669567 0.078484 0.299782
9.9991E-05 0.621447 0.179765 0.0908327 0.107855
0.00627585 0.703997 0.215036 0.0745909 9.9991E-05
9.9991E-05 0.606582 0.183399 0.0828861 0.127034
9.9991E-05 0.640294 0.233243 0.0778976 0.0484649
0.00156703 0.667702 0.221324 0.0743879 0.0350186
0.0196435 0.598044 0.206158 0.0894051 0.0867501
0.00618276 0.606765 0.234405 0.0802342 0.0724129
0.00769585 0.566777 0.116605 0.0937351 0.215187
9.9991E-05 0.515343 0.172707 0.0963632 0.215486
0.0297059 0.969994 9.9973E-05 9.9973E-05 9.9973E-05
0.0231887 0.976511 9.9973E-05 9.9973E-05 9.9973E-05
0.0237571 0.975943 9.9973E-05 9.9973E-05 9.9973E-05
0.0356117 0.964088 9.9973E-05 9.9973E-05 9.9973E-05
0.0129173 0.986783 9.9973E-05 9.9973E-05 9.9973E-05
0.0290106 0.876478 9.9982E-05 9.9982E-05 0.0943118
0.0375584 0.962142 9.9973E-05 9.9973E-05 9.9973E-05
0.0354493 0.964251 9.9973E-05 9.9973E-05 9.9973E-05
0.0301372 0.969563 9.9973E-05 9.9973E-05 9.9973E-05
0.0425633 0.957137 9.9973E-05 9.9973E-05 9.9973E-05
0.0376975 0.962003 9.9973E-05 9.9973E-05 9.9973E-05
0.0383843 0.961316 9.9973E-05 9.9973E-05 9.9973E-05
