9.997E-05 9.997E-05 9.997E-05 9.997E-05 0.9996
9.9982E-05 0.155885 0.0200324 9.9982E-05 0.823883
9.9973E-05 9.9973E-05 9.9973E-05 0.173603 0.826097
9.9982E-05 9.9982E-05 0.248742 0.258154 0.492905
0.229983 9.9973E-05 9.9973E-05 9.9973E-05 0.769717
9.9973E-05 9.9973E-05 0.0941368 9.9973E-05 0.905563
0.136728 9.9973E-05 9.9973E-05 9.9973E-05 0.862972
0.061716 0.00518141 0.0527556 9.9991E-05 0.880247
0.165709 9.9982E-05 9.9982E-05 0.159947 0.674144
0.014765 0.391969 9.9991E-05 0.00423454 0.588932
0.0468386 9.9973E-05 0.952861 9.9973E-05 9.9973E-05
0.0115557 0.0259431 0.948017 0.0143839 9.9991E-05
9.9973E-05 9.9973E-05 0.74457 9.9973E-05 0.25513
0.019431 0.069575 0.658952 0.172319 0.0797234
9.999E-05 0.113256 0.739162 0.116042 0.0314402
0.0231845 9.9973E-05 0.976516 9.9973E-05 9.9973E-05
9.997E-05 9.997E-05 0.9996 9.997E-05 9.997E-05
9.9982E-05 0.162595 0.616547 0.220657 9.9982E-05
0.0717644 0.0484836 0.760574 0.119078 9.9991E-05
9.9982E-05 9.9982E-05 0.891599 0.0454405 0.0627608
9.9982E-05 0.166408 0.690279 9.9982E-05 0.143113
9.9982E-05 9.9982E-05 0.586748 0.147947 0.265105
9.997E-05 9.997E-05 0.9996 9.997E-05 9.997E-05
9.9973E-05 0.0580738 0.941626 9.9973E-05 9.9973E-05
9.9982E-05 0.192302 0.773523 0.0339752 9.9982E-05
0.0800443 0.192937 0.544017 0.12617 0.056832
0.288311 0.0409845 0.493579 0.177025 9.9991E-05
0.0514387 0.29405 0.448297 0.121065 0.0851485
9.9991E-05 0.228487 0.494852 0.23498 0.0415814
0.151295 0.218875 0.582715 0.0417766 0.00533719
0.168704 0.233206 9.9982E-05 0.59789 9.9982E-05
0.431903 0.109296 9.9991E-05 0.307121 0.151581
9.9982E-05 0.0523946 0.0304305 0.916975 9.9982E-05
0.306395 9.9982E-05 0.0290555 0.66435 9.9982E-05
9.9982E-05 0.0272811 0.155578 0.816941 9.9982E-05
9.997E-05 9.997E-05 9.997E-05 0.9996 9.997E-05
9.9991E-05 0.0156743 0.0559173 0.7221 0.206208
9.9982E-05 0.0431156 0.0920217 0.864663 9.9982E-05
0.00380128 9.9973E-05 9.9973E-05 0.995899 9.9973E-05
9.9982E-05 0.261309 0.115486 0.623005 9.9982E-05
9.9982E-05 0.008595 9.9982E-05 0.988378 0.00282704
0.130264 0.324957 0.0830746 0.372861 0.0888426
9.9982E-05 0.140606 0.0254805 0.833714 9.9982E-05
0.251823 0.0912192 0.0851924 0.571665 9.9991E-05
0.825484 0.094425 0.0596109 0.02038 9.9991E-05
0.787605 0.0763984 0.0693575 0.0246013 0.0420381
0.896831 0.085215 0.00897746 0.00887612 9.9991E-05
0.976349 0.0233513 9.9973E-05 9.9973E-05 9.9973E-05
0.419575 9.9991E-05 0.068295 0.413567 0.0984629
0.643021 0.0339444 9.9991E-05 0.233988 0.0889462
0.946303 0.0315915 0.0219052 9.9982E-05 9.9982E-05
0.98197 9.9973E-05 9.9973E-05 9.9973E-05 0.0177297
0.847147 0.0944905 0.0407287 9.9991E-05 0.0175338
0.792817 0.0683306 0.0247996 0.113953 9.9991E-05
0.926808 9.9973E-05 9.9973E-05 0.0728924 9.9973E-05
0.903379 0.0963207 9.9973E-05 9.9973E-05 9.9973E-05
0.237028 0.715835 0.0246263 0.0224105 9.9991E-05
0.221668 0.647198 0.0523873 9.9991E-05 0.0786475
0.300186 0.576058 9.9982E-05 9.9982E-05 0.123556
0.127527 0.584727 9.9991E-05 0.134196 0.15345
0.194472 0.744837 0.060492 9.9982E-05 9.9982E-05
9.9982E-05 0.740577 9.9982E-05 0.21639 0.042833
0.160973 0.732893 9.9991E-05 0.079137 0.0268972
9.997E-05 0.9996 9.997E-05 9.997E-05 9.997E-05
9.9973E-05 0.845616 9.9973E-05 0.154084 9.9973E-05
9.9973E-05 0.981065 9.9973E-05 0.0186347 9.9973E-05
9.997E-05 0.9996 9.997E-05 9.997E-05 9.997E-05
0.0112585 0.946897 0.0416441 9.9982E-05 9.9982E-05
9.9982E-05 0.962002 9.9982E-05 0.0247971 0.013001
0.096139 0.903561 9.9973E-05 9.9973E-05 9.9973E-05
9.9973E-05 0.85866 9.9973E-05 0.14104 9.9973E-05
0.0107314 0.577005 9.9991E-05 0.369153 0.0430107
0.12868 0.87102 9.9973E-05 9.9973E-05 9.9973E-05
0.0389963 0.750892 0.0133379 0.186989 0.00978537
9.9982E-05 0.960163 0.0274141 9.9982E-05 0.0122225
9.997E-05 0.9996 9.997E-05 9.997E-05 9.997E-05
0.0289473 0.696908 0.0172764 0.208003 0.0488654
