9.9901E-05 9.9901E-05 9.9901E-05 9.9901E-05 9.9901E-05 9.9901E-05 0.998901 9.9901E-05 9.9901E-05 9.9901E-05 9.9901E-05 9.9901E-05
0.563215 0.0582634 9.9955E-05 9.9955E-05 0.0107757 0.127665 0.0726423 9.9955E-05 9.9955E-05 0.159678 0.00726153 9.9955E-05
9.99011E-05 9.99011E-05 9.99011E-05 9.99011E-05 9.99011E-05 0.998901 9.99011E-05 9.99011E-05 9.99011E-05 9.99011E-05 9.99011E-05 9.99011E-05
9.993E-05 9.993E-05 0.0282598 9.993E-05 0.0375859 0.848769 9.993E-05 9.993E-05 0.000531907 9.993E-05 9.993E-05 0.0841543
9.99011E-05 9.99011E-05 9.99011E-05 9.99011E-05 9.99011E-05 9.99011E-05 9.99011E-05 9.99011E-05 0.998901 9.99011E-05 9.99011E-05 9.99011E-05
9.99101E-05 9.99101E-05 9.99101E-05 9.99101E-05 9.99101E-05 9.99101E-05 9.99101E-05 9.99101E-05 9.99101E-05 0.998128 9.99101E-05 0.000872947
9.99101E-05 9.99101E-05 9.99101E-05 9.99101E-05 9.99101E-05 9.99101E-05 9.99101E-05 9.99101E-05 9.99101E-05 0.96287 0.0361307 9.99101E-05
0.998901 9.9901E-05 9.9901E-05 9.9901E-05 9.9901E-05 9.9901E-05 9.9901E-05 9.9901E-05 9.9901E-05 9.9901E-05 9.9901E-05 9.9901E-05
9.9946E-05 0.0752471 9.9946E-05 9.9946E-05 9.9946E-05 0.0685359 0.0271976 0.0181513 0.803038 9.9946E-05 9.9946E-05 0.00723024
0.635733 9.9946E-05 0.12799 9.9946E-05 0.0378699 0.0542195 0.090787 9.9946E-05 9.9946E-05 9.9946E-05 0.052801 9.9946E-05
9.99191E-05 9.99191E-05 9.99191E-05 0.967463 9.99191E-05 9.99191E-05 9.99191E-05 9.99191E-05 0.0169594 9.99191E-05 9.99191E-05 0.0146785
0.063046 9.99101E-05 9.99101E-05 0.935955 9.99101E-05 9.99101E-05 9.99101E-05 9.99101E-05 9.99101E-05 9.99101E-05 9.99101E-05 9.99101E-05
0.0637698 9.9946E-05 9.9946E-05 0.776723 9.9946E-05 0.0239219 0.0584408 9.9946E-05 9.9946E-05 0.0575144 9.9946E-05 0.01903
9.9964E-05 0.107555 0.0044657 0.0450082 0.0422388 0.139795 9.9964E-05 0.00300531 0.0153892 9.9964E-05 9.9964E-05 0.642144
9.9937E-05 9.9937E-05 0.00578384 0.81703 0.0370946 0.10895 9.9937E-05 9.9937E-05 9.9937E-05 0.0304422 9.9937E-05 9.9937E-05
9.9919E-05 9.9919E-05 9.9919E-05 0.386268 9.9919E-05 9.9919E-05 0.0418549 9.9919E-05 9.9919E-05 9.9919E-05 9.9919E-05 0.570978
9.99101E-05 9.99101E-05 9.99101E-05 0.11328 9.99101E-05 9.99101E-05 9.99101E-05 9.99101E-05 9.99101E-05 9.99101E-05 9.99101E-05 0.885721
9.9955E-05 0.0474894 9.9955E-05 0.0251629 0.00401655 0.0629578 9.9955E-05 0.163144 9.9955E-05 9.9955E-05 0.0950195 0.60171
9.9946E-05 0.158442 0.0246928 0.605772 9.9946E-05 0.0422441 9.9946E-05 0.0595795 9.9946E-05 9.9946E-05 9.9946E-05 0.108669
0.0803386 9.9928E-05 0.00722721 9.9928E-05 9.9928E-05 0.0974909 9.9928E-05 9.9928E-05 9.9928E-05 9.9928E-05 9.9928E-05 0.814144
0.0502063 9.9964E-05 9.9964E-05 0.0476177 9.9964E-05 0.0364309 0.0292233 0.000183046 9.9964E-05 0.0153617 0.149535 0.671042
0.321655 9.9955E-05 9.9955E-05 0.211515 9.9955E-05 9.9955E-05 9.9955E-05 0.0675675 0.0378444 0.00624684 0.0221384 0.332533
9.9928E-05 9.9928E-05 9.9928E-05 0.0464093 0.00862569 9.9928E-05 0.0448357 9.9928E-05 9.9928E-05 9.9928E-05 9.9928E-05 0.89933
9.99191E-05 9.99191E-05 9.99191E-05 9.99191E-05 9.99191E-05 9.99191E-05 9.99191E-05 0.0208669 9.99191E-05 9.99191E-05 0.0176585 0.960575
9.9964E-05 0.101021 9.9964E-05 0.574787 0.00488336 0.0181542 9.9964E-05 0.0490627 9.9964E-05 0.0125228 0.0618922 0.177277
0.0369299 0.216281 9.9955E-05 0.338115 9.9955E-05 9.9955E-05 0.0632247 9.9955E-05 9.9955E-05 0.0228109 0.0668332 0.255306
9.9955E-05 0.0632269 0.13573 0.609564 0.00424055 9.9955E-05 9.9955E-05 0.0349512 0.142123 9.9955E-05 0.00966392 9.9955E-05
9.9964E-05 0.0918173 0.0142632 0.580053 0.00493859 0.0333185 9.9964E-05 0.0276767 0.0632954 9.9964E-05 0.184237 9.9964E-05
9.9937E-05 0.17191 9.9937E-05 0.62792 9.9937E-05 9.9937E-05 9.9937E-05 0.100362 9.9937E-05 0.0469527 0.0521561 9.9937E-05
9.99101E-05 9.99101E-05 9.99101E-05 0.846248 9.99101E-05 9.99101E-05 9.99101E-05 9.99101E-05 9.99101E-05 9.99101E-05 0.152753 9.99101E-05
9.9901E-05 0.998901 9.9901E-05 9.9901E-05 9.9901E-05 9.9901E-05 9.9901E-05 9.9901E-05 9.9901E-05 9.9901E-05 9.9901E-05 9.9901E-05
9.9928E-05 0.988394 9.9928E-05 9.9928E-05 9.9928E-05 0.00261792 9.9928E-05 9.9928E-05 0.000920147 0.00726861 9.9928E-05 9.9928E-05
9.9928E-05 9.9928E-05 9.9928E-05 0.018193 9.9928E-05 0.033009 9.9928E-05 0.858313 9.9928E-05 9.9928E-05 0.0896853 9.9928E-05
9.9928E-05 9.9928E-05 0.13669 9.9928E-05 9.9928E-05 9.9928E-05 9.9928E-05 0.834645 9.9928E-05 0.00163508 9.9928E-05 0.0262301
9.9928E-05 0.117077 9.9928E-05 0.237736 9.9928E-05 0.0136356 9.9928E-05 0.630751 9.9928E-05 9.9928E-05 9.9928E-05 9.9928E-05
9.99191E-05 9.99191E-05 9.99191E-05 9.99191E-05 9.99191E-05 9.99191E-05 0.0546066 0.91836 0.0261345 9.99191E-05 9.99191E-05 9.99191E-05
0.206144 9.9937E-05 9.9937E-05 9.9937E-05 9.9937E-05 0.0492638 9.9937E-05 0.60824 9.9937E-05 9.9937E-05 0.0370253 0.0986273
9.9946E-05 0.0826479 9.9946E-05 0.0225822 9.9946E-05 9.9946E-05 0.0628067 0.788762 9.9946E-05 9.9946E-05 0.0383057 0.00429538
9.99191E-05 9.99191E-05 0.00277332 9.99191E-05 0.00342767 9.99191E-05 9.99191E-05 0.9929 9.99191E-05 9.99191E-05 9.99191E-05 9.99191E-05
9.9946E-05 9.9946E-05 0.0321705 0.12372 0.00480753 9.9946E-05 0.0293061 0.545543 9.9946E-05 9.9946E-05 0.263853 9.9946E-05
0.0751428 0.274901 9.9928E-05 9.9928E-05 9.9928E-05 9.9928E-05 9.9928E-05 0.646793 9.9928E-05 0.00236385 9.9928E-05 9.9928E-05
0.00344986 0.0704812 0.131887 0.0749568 9.9973E-05 0.124303 0.0604945 0.0851791 9.9973E-05 9.9973E-05 0.423081 0.0258674
9.9928E-05 9.9928E-05 9.9928E-05 9.9928E-05 9.9928E-05 0.00875155 9.9928E-05 0.818447 0.0417594 9.9928E-05 0.130243 9.9928E-05
9.9937E-05 9.9937E-05 0.030601 0.0714369 0.00855973 9.9937E-05 0.0234828 0.86522 9.9937E-05 9.9937E-05 9.9937E-05 9.9937E-05
9.99281E-05 0.629992 0.253411 9.99281E-05 9.99281E-05 9.99281E-05 0.0155875 9.99281E-05 9.99281E-05 9.99281E-05 9.99281E-05 0.10021
0.0745337 0.199266 0.679557 0.0455509 0.000393616 9.9937E-05 9.9937E-05 9.9937E-05 9.9937E-05 9.9937E-05 9.9937E-05 9.9937E-05
9.99371E-05 9.99371E-05 0.654525 9.99371E-05 0.0242365 9.99371E-05 9.99371E-05 0.285942 0.0167506 9.99371E-05 0.0178468 9.99371E-05
9.99101E-05 9.99101E-05 0.759967 9.99101E-05 9.99101E-05 9.99101E-05 9.99101E-05 9.99101E-05 9.99101E-05 9.99101E-05 0.239034 9.99101E-05
0.021049 9.9946E-05 0.492993 0.132021 9.9946E-05 0.159733 9.9946E-05 0.191587 9.9946E-05 0.00201683 9.9946E-05 9.9946E-05
9.9946E-05 9.9946E-05 0.297377 0.0117177 9.9946E-05 9.9946E-05 0.0046734 0.31482 0.155009 9.9946E-05 0.215803 9.9946E-05
9.9946E-05 0.0665848 0.849565 9.9946E-05 0.00509684 0.00157677 9.9946E-05 9.9946E-05 0.00723738 9.9946E-05 0.0693396 9.9946E-05
9.991E-05 9.991E-05 0.939879 9.991E-05 9.991E-05 9.991E-05 0.0591215 9.991E-05 9.991E-05 9.991E-05 9.991E-05 9.991E-05
9.99281E-05 9.99281E-05 0.724124 9.99281E-05 9.99281E-05 9.99281E-05 0.0366807 9.99281E-05 9.99281E-05 9.99281E-05 0.233627 0.00476924
9.9946E-05 0.0541289 0.759126 9.9946E-05 9.9946E-05 9.9946E-05 0.00943746 0.114471 9.9946E-05 9.9946E-05 0.0255152 0.0367214
9.9928E-05 9.9928E-05 0.896144 9.9928E-05 9.9928E-05 0.00214366 9.9928E-05 0.079536 9.9928E-05 0.0213766 9.9928E-05 9.9928E-05
9.99281E-05 9.99281E-05 0.89485 0.0252565 0.0460564 0.0330376 9.99281E-05 9.99281E-05 9.99281E-05 9.99281E-05 9.99281E-05 9.99281E-05
0.0409454 0.317314 9.9946E-05 0.0426408 0.0313538 9.9946E-05 9.9946E-05 9.9946E-05 0.012774 9.9946E-05 0.554373 9.9946E-05
9.9955E-05 0.0990139 0.00785676 0.022854 9.9955E-05 9.9955E-05 9.9955E-05 0.0967574 0.135634 0.00202259 0.635361 9.9955E-05
9.9946E-05 9.9946E-05 0.0260023 9.9946E-05 9.9946E-05 0.123246 0.0038872 9.9946E-05 0.0657779 9.9946E-05 0.769468 0.0110189
0.10499 0.0499305 0.0135414 0.053062 0.000541281 9.9982E-05 0.0139412 0.0535981 0.074522 0.0116899 0.623984 9.9982E-05
9.9937E-05 0.284611 0.0671888 9.9937E-05 0.00470125 9.9937E-05 9.9937E-05 9.9937E-05 9.9937E-05 9.9937E-05 0.608214 0.034586
0.0174418 0.225798 9.9955E-05 9.9955E-05 0.109563 0.050918 0.0428965 0.23783 9.9955E-05 9.9955E-05 0.315053 9.9955E-05
9.99371E-05 9.99371E-05 0.0996912 9.99371E-05 9.99371E-05 9.99371E-05 0.0122795 0.0793834 0.00773706 9.99371E-05 0.800209 9.99371E-05
9.99191E-05 0.108089 9.99191E-05 9.99191E-05 0.0495636 9.99191E-05 9.99191E-05 9.99191E-05 9.99191E-05 9.99191E-05 0.841448 9.99191E-05
0.00868647 0.0399908 9.9946E-05 9.9946E-05 0.000698867 9.9946E-05 9.9946E-05 0.149326 9.9946E-05 9.9946E-05 0.774312 0.0263856
9.99191E-05 9.99191E-05 9.99191E-05 0.0232267 9.99191E-05 9.99191E-05 0.0200135 9.99191E-05 9.99191E-05 9.99191E-05 0.95586 9.99191E-05
9.99191E-05 9.99191E-05 9.99191E-05 0.0101179 0.00360955 9.99191E-05 9.99191E-05 9.99191E-05 9.99191E-05 9.99191E-05 0.985373 9.99191E-05
9.9919E-05 9.9919E-05 9.9919E-05 9.9919E-05 9.9919E-05 0.0294103 9.9919E-05 9.9919E-05 0.00733483 9.9919E-05 0.962356 9.9919E-05
9.9928E-05 9.9928E-05 9.9928E-05 9.9928E-05 9.9928E-05 9.9928E-05 0.0054327 0.000852926 0.0237552 9.9928E-05 0.96916 9.9928E-05
9.9919E-05 9.9919E-05 0.00579296 9.9919E-05 9.9919E-05 0.0247307 9.9919E-05 9.9919E-05 9.9919E-05 9.9919E-05 0.968577 9.9919E-05
9.99191E-05 0.0463903 9.99191E-05 9.99191E-05 9.99191E-05 9.99191E-05 9.99191E-05 0.155243 9.99191E-05 9.99191E-05 0.797467 9.99191E-05
0.0110699 0.509998 9.9946E-05 9.9946E-05 0.0124069 9.9946E-05 9.9946E-05 0.0421629 9.9946E-05 0.103574 0.320189 9.9946E-05
0.0579837 9.99281E-05 0.0379464 9.99281E-05 0.0126292 9.99281E-05 9.99281E-05 9.99281E-05 9.99281E-05 9.99281E-05 0.890641 9.99281E-05
9.9946E-05 0.380267 9.9946E-05 9.9946E-05 0.0911964 9.9946E-05 0.0400202 0.0658072 9.9946E-05 9.9946E-05 0.405276 0.0168329
9.9982E-05 0.0268033 0.0489812 0.000610292 0.517268 0.00289671 0.00396761 0.0996475 0.020292 9.9982E-05 0.199965 0.0793687
9.9901E-05 9.9901E-05 9.9901E-05 9.9901E-05 0.998901 9.9901E-05 9.9901E-05 9.9901E-05 9.9901E-05 9.9901E-05 9.9901E-05 9.9901E-05
0.0194901 9.9946E-05 9.9946E-05 0.0780305 0.0614826 9.9946E-05 0.0102514 0.325878 9.9946E-05 9.9946E-05 0.504267 9.9946E-05
