9.994E-05 9.994E-05 9.994E-05 0.9993 9.994E-05 9.994E-05 9.994E-05 9.994E-05
9.9973E-05 0.52775 0.100657 0.302432 0.00945165 9.9973E-05 9.9973E-05 0.0594102
9.9964E-05 0.5763 0.0301151 0.279061 9.9964E-05 9.9964E-05 9.9964E-05 0.114124
9.99551E-05 0.629291 9.99551E-05 0.236381 9.99551E-05 9.99551E-05 0.133828 9.99551E-05
0.0480115 0.521301 9.9982E-05 0.147308 0.0289495 0.0511431 0.203086 9.9982E-05
0.00140117 0.56485 9.9973E-05 0.165736 9.9973E-05 9.9973E-05 0.246173 0.021541
9.9946E-05 0.702264 9.9946E-05 0.297136 9.9946E-05 9.9946E-05 9.9946E-05 9.9946E-05
9.9973E-05 0.45658 9.9973E-05 0.299924 0.00878084 9.9973E-05 0.182103 0.0523123
9.9982E-05 0.559047 0.00891869 0.191948 9.9982E-05 0.050278 0.129003 0.0606053
9.994E-05 9.994E-05 9.994E-05 0.9993 9.994E-05 9.994E-05 9.994E-05 9.994E-05
9.994E-05 9.994E-05 9.994E-05 0.9993 9.994E-05 9.994E-05 9.994E-05 9.994E-05
9.994E-05 9.994E-05 9.994E-05 0.9993 9.994E-05 9.994E-05 9.994E-05 9.994E-05
0.00662417 9.9946E-05 9.9946E-05 0.992776 9.9946E-05 9.9946E-05 9.9946E-05 9.9946E-05
0.0469895 0.009662 9.9973E-05 0.900162 9.9973E-05 0.0144649 0.0284219 9.9973E-05
9.9964E-05 9.9964E-05 9.9964E-05 0.958637 0.0015029 9.9964E-05 0.0132261 0.026234
9.9973E-05 0.479728 9.9973E-05 0.195455 9.9973E-05 0.0466574 0.255455 0.022404
0.0717099 0.262443 0.0582602 0.238757 0.022312 0.0691461 0.264602 0.0127707
9.9964E-05 0.548057 9.9964E-05 0.217614 9.9964E-05 0.0121778 0.221752 9.9964E-05
0.0537874 0.854152 0.0195586 9.9982E-05 0.000250248 0.0450471 0.0270052 9.9982E-05
0.0649782 0.929536 9.9955E-05 9.9955E-05 9.9955E-05 0.00498616 9.9955E-05 9.9955E-05
9.9964E-05 0.884563 0.0195455 0.0452971 9.9964E-05 0.0501949 9.9964E-05 9.9964E-05
0.059691 0.772011 0.00416416 9.9982E-05 0.0439391 9.9982E-05 0.0324228 0.0875724
0.104937 0.865972 0.00159859 9.9973E-05 9.9973E-05 0.00179133 9.9973E-05 0.0254017
0.0277349 0.93241 9.9955E-05 9.9955E-05 0.0393554 9.9955E-05 9.9955E-05 9.9955E-05
9.9973E-05 0.856951 0.00803125 9.9973E-05 0.0111897 0.0449677 0.0785601 9.9973E-05
9.9964E-05 0.629001 9.9964E-05 9.9964E-05 0.0357622 0.0625114 0.272325 9.9964E-05
0.0214537 0.698311 9.9982E-05 9.9982E-05 0.00779654 0.116274 0.0861492 0.0698154
0.00696873 0.950051 9.9964E-05 9.9964E-05 0.0160091 9.9964E-05 9.9964E-05 0.0265718
0.0631991 0.748263 9.9982E-05 0.0375244 0.00626845 0.0319313 0.112613 9.9982E-05
9.9964E-05 0.909474 9.9964E-05 0.0665962 9.9964E-05 0.016316 9.9964E-05 0.00721374
0.0488427 0.903971 0.0275106 0.0192754 9.9964E-05 9.9964E-05 9.9964E-05 9.9964E-05
9.9982E-05 0.83057 0.0192732 9.9982E-05 0.0596995 0.0686548 0.0134953 0.00810743
0.00158511 0.760451 0.0373796 9.9991E-05 0.00793718 0.0240063 0.108929 0.0596127
9.999E-05 0.60699 0.0261217 0.0675139 0.121743 0.00478921 0.135031 0.0377109
0.159023 0.800435 9.9973E-05 9.9973E-05 0.00492691 0.0126973 9.9973E-05 0.0226186
9.9955E-05 0.861991 9.9955E-05 0.0664449 9.9955E-05 9.9955E-05 0.0710639 9.9955E-05
0.0526024 0.5091 9.9955E-05 9.9955E-05 9.9955E-05 9.9955E-05 0.437798 9.9955E-05
0.0866018 0.549703 9.9982E-05 9.9982E-05 0.00930465 0.0723632 0.219036 0.0627914
9.9982E-05 0.588561 0.0412739 9.9982E-05 0.0117773 0.0636128 0.224049 0.0705259
0.0123624 0.579226 0.050734 9.9982E-05 0.0420793 0.0304754 0.284923 9.9982E-05
9.9982E-05 0.0484822 0.0610538 0.00326832 0.021408 9.9982E-05 0.836204 0.0293833
0.0238645 0.0630306 9.9991E-05 0.00405035 0.0186724 0.0306899 0.816877 0.0427149
9.9982E-05 0.193348 0.0304506 0.0488018 0.0156836 9.9982E-05 0.645421 0.0660957
9.9973E-05 0.0503209 0.00359559 9.9973E-05 0.00550832 0.0199042 0.920371 9.9973E-05
9.9973E-05 0.217034 9.9973E-05 9.9973E-05 0.00988997 0.0349847 0.703262 0.0345301
9.994E-05 9.994E-05 9.994E-05 9.994E-05 9.994E-05 9.994E-05 0.9993 9.994E-05
9.9955E-05 0.0116099 9.9955E-05 0.00523438 9.9955E-05 9.9955E-05 0.982656 9.9955E-05
9.9973E-05 0.392189 9.9973E-05 9.9973E-05 0.0263367 0.0226901 0.523572 0.0349121
0.00732729 0.141209 9.9991E-05 0.0771243 0.0812582 0.0840808 0.583662 0.0252378
9.9982E-05 0.384605 0.0297943 0.110071 0.0286091 9.9982E-05 0.442752 0.00396842
9.9973E-05 0.263832 9.9973E-05 0.0231879 9.9973E-05 0.0525399 0.62009 0.04005
9.9973E-05 0.149245 9.9973E-05 0.00455767 9.9973E-05 0.00826236 0.778987 0.0586475
9.9973E-05 0.0198051 9.9973E-05 0.0521477 9.9973E-05 0.00846376 0.90371 0.0155738
0.0949501 0.164623 0.00231913 0.0505911 0.0318258 0.0524885 0.603102 9.9991E-05
0.0658016 0.229584 0.0164811 0.0464518 0.0483834 9.9991E-05 0.573694 0.0195044
9.9973E-05 0.176957 0.0142193 9.9973E-05 0.0438397 9.9973E-05 0.69522 0.0694642
0.0102348 0.197559 9.9991E-05 0.0581181 0.0749601 0.0904804 0.506284 0.0622631
9.9973E-05 0.265186 0.0298994 9.9973E-05 0.0279048 0.0704594 0.606251 9.9973E-05
9.9955E-05 0.014591 9.9955E-05 0.0130293 9.9955E-05 9.9955E-05 0.97188 9.9955E-05
9.9973E-05 0.213783 9.9973E-05 0.0450512 9.9973E-05 0.0866095 0.612347 0.0419094
0.0199117 0.20484 9.9973E-05 9.9973E-05 0.0200119 0.14015 0.614787 9.9973E-05
0.0114478 0.123506 0.0161537 0.0232846 0.0328209 0.00972517 0.782962 9.9991E-05
0.0166491 0.171268 0.0434459 0.0207368 0.0257348 0.0109523 0.698796 0.0124166
0.0427952 9.9964E-05 9.9964E-05 0.00166826 9.9964E-05 0.0145594 0.940577 9.9964E-05
9.9973E-05 0.145348 9.9973E-05 0.0184839 0.016469 0.0233812 0.796018 9.9973E-05
0.0551089 9.9955E-05 9.9955E-05 9.9955E-05 9.9955E-05 9.9955E-05 0.920279 0.0241123
9.9946E-05 9.9946E-05 0.0454167 9.9946E-05 9.9946E-05 9.9946E-05 0.953984 9.9946E-05
0.0723506 9.9973E-05 9.9973E-05 0.0184872 0.033278 9.9973E-05 0.856203 0.0193813
0.00216876 0.304537 0.0274177 9.9991E-05 0.00339427 0.0266542 0.618202 0.0175258
0.00498859 9.99461E-05 9.99461E-05 9.99461E-05 9.99461E-05 9.99461E-05 0.994412 9.99461E-05
9.9973E-05 0.0711551 0.0490885 0.0468148 9.9973E-05 9.9973E-05 0.782697 0.0499449
0.0240674 0.0461661 0.0569022 9.9982E-05 0.0122782 9.9982E-05 0.830205 0.0301808
9.9955E-05 0.0283889 9.9955E-05 0.0789604 9.9955E-05 9.9955E-05 0.892151 9.9955E-05
9.9955E-05 9.9955E-05 9.9955E-05 0.0407758 9.9955E-05 0.0589528 0.899772 9.9955E-05
0.0615472 9.9973E-05 9.9973E-05 0.0381251 0.06683 9.9973E-05 0.820036 0.0131621
0.0213667 9.9964E-05 9.9964E-05 0.0135494 9.9964E-05 0.0775722 0.887112 9.9964E-05
9.9955E-05 9.9955E-05 0.0226197 9.9955E-05 9.9955E-05 9.9955E-05 0.966326 0.0105542
0.117039 9.9982E-05 0.0937186 0.0235028 0.0529306 9.9982E-05 0.712448 0.000161411
0.0535711 0.028117 0.110368 9.9991E-05 0.0564654 0.0380079 0.705639 0.00773122
0.0777967 9.9982E-05 0.113871 9.9982E-05 0.0503938 0.0125756 0.7439 0.00126299
0.0450927 9.9982E-05 0.0299603 9.9982E-05 0.0692119 0.0438426 0.781298 0.0303944
0.0805202 9.9982E-05 0.0939336 9.9982E-05 0.0262819 0.0367955 0.758188 0.00408031
0.0692581 0.000378842 0.076013 9.9982E-05 0.0483162 0.00774544 0.798088 9.9982E-05
9.9982E-05 0.151588 0.0647641 0.000654285 0.11649 0.0820613 0.584242 9.9982E-05
0.0307065 0.0637431 0.187902 0.0314787 0.0820846 0.0529032 0.541462 0.00971967
0.057451 0.0116393 0.167739 9.9991E-05 0.0322262 0.0149049 0.627682 0.0882571
0.00579527 0.140576 0.0736849 0.0487112 0.111912 0.0500242 0.511175 0.0581225
9.9973E-05 0.0996817 0.118023 9.9973E-05 0.129089 0.0660881 0.586819 9.9973E-05
0.0922527 9.9982E-05 0.162691 9.9982E-05 0.0686971 0.0860634 0.563301 0.0267945
9.9991E-05 0.00696834 0.139644 0.00362981 0.153894 0.128072 0.490751 0.0769412
0.234846 0.0494847 0.0776674 0.0473969 0.0266324 9.9991E-05 0.53942 0.0244524
0.204081 0.0317094 0.0829438 0.0401947 0.0717038 9.9991E-05 0.535657 0.0336101
9.9991E-05 0.0349702 0.216421 0.0125145 0.056731 0.184968 0.393541 0.100754
9.9946E-05 9.9946E-05 0.996622 9.9946E-05 9.9946E-05 9.9946E-05 9.9946E-05 0.00277823
0.000370883 0.00267023 0.952152 0.0266819 9.9973E-05 9.9973E-05 9.9973E-05 0.0178247
0.0597081 0.047951 0.854275 0.0191626 9.9973E-05 0.0186029 9.9973E-05 9.9973E-05
9.994E-05 9.994E-05 0.9993 9.994E-05 9.994E-05 9.994E-05 9.994E-05 9.994E-05
9.994E-05 9.994E-05 0.9993 9.994E-05 9.994E-05 9.994E-05 9.994E-05 9.994E-05
9.994E-05 9.994E-05 0.9993 9.994E-05 9.994E-05 9.994E-05 9.994E-05 9.994E-05
9.994E-05 9.994E-05 0.9993 9.994E-05 9.994E-05 9.994E-05 9.994E-05 9.994E-05
0.00466792 0.0744425 0.840793 0.00186229 9.9991E-05 0.0352003 0.0173887 0.025545
9.994E-05 9.994E-05 0.9993 9.994E-05 9.994E-05 9.994E-05 9.994E-05 9.994E-05
9.994E-05 9.994E-05 0.9993 9.994E-05 9.994E-05 9.994E-05 9.994E-05 9.994E-05
0.0893325 0.0790399 0.0822162 9.9991E-05 0.272452 0.113377 0.263527 0.0999546
0.0270275 9.9964E-05 0.887074 9.9964E-05 9.9964E-05 9.9964E-05 0.0605005 0.0249978
9.9946E-05 9.9946E-05 0.979151 9.9946E-05 9.9946E-05 0.0202498 9.9946E-05 9.9946E-05
0.0315012 9.9955E-05 0.965094 0.00290511 9.9955E-05 9.9955E-05 9.9955E-05 9.9955E-05
0.0521108 9.9982E-05 0.106099 9.9982E-05 0.239517 0.110195 0.431065 0.0608146
0.0695488 0.0451516 0.10489 9.9991E-05 0.218699 0.0811938 0.4255 0.0549177
0.125313 0.0155062 0.0979384 0.0101627 0.209227 0.0491534 0.425224 0.0674749
0.061327 0.00406218 0.144546 9.9991E-05 0.19041 0.0875324 0.456811 0.0552113
0.0994538 9.9982E-05 0.106534 9.9982E-05 0.252556 0.116117 0.403905 0.0212332
0.194021 0.152623 0.0710617 9.9982E-05 0.238935 0.0258312 0.317328 9.9982E-05
0.151025 0.0938038 0.163008 9.9991E-05 0.182786 0.0674922 0.306721 0.0350651
0.152077 0.00991197 0.137328 9.9982E-05 0.201478 0.0368635 0.462142 9.9982E-05
0.163956 0.077838 0.210312 9.9991E-05 0.07124 0.0465067 0.335059 0.0949877
0.164156 0.00876728 0.208095 9.9991E-05 0.124182 0.059469 0.37791 0.0573198
0.129946 0.0992872 0.117595 9.9991E-05 0.131502 0.0801551 0.410752 0.0306629
0.184583 0.0323414 0.215774 9.9991E-05 0.0861413 0.122083 0.334692 0.0242846
0.102966 9.9991E-05 0.0575314 0.0139559 0.174213 0.0686048 0.525686 0.0569432
0.0929071 0.0220608 0.137581 9.9991E-05 0.192214 0.0594806 0.464023 0.031633
9.9955E-05 0.0367384 9.9955E-05 9.9955E-05 0.913417 9.9955E-05 9.9955E-05 0.0493448
9.9973E-05 0.0282394 0.00683096 0.00953648 0.865301 0.0897923 9.9973E-05 9.9973E-05
9.994E-05 9.994E-05 9.994E-05 9.994E-05 0.9993 9.994E-05 9.994E-05 9.994E-05
9.9946E-05 9.9946E-05 9.9946E-05 9.9946E-05 0.997064 0.00233603 9.9946E-05 9.9946E-05
9.9946E-05 9.9946E-05 9.9946E-05 9.9946E-05 0.983127 0.0162731 9.9946E-05 9.9946E-05
9.994E-05 9.994E-05 9.994E-05 9.994E-05 0.9993 9.994E-05 9.994E-05 9.994E-05
9.9946E-05 9.9946E-05 9.9946E-05 9.9946E-05 0.986641 9.9946E-05 0.0127598 9.9946E-05
0.16234 0.0317912 9.9973E-05 0.0462944 0.746455 9.9973E-05 0.0128194 9.9973E-05
9.9946E-05 9.9946E-05 9.9946E-05 9.9946E-05 0.988471 9.9946E-05 9.9946E-05 0.0109296
9.994E-05 9.994E-05 9.994E-05 9.994E-05 0.9993 9.994E-05 9.994E-05 9.994E-05
0.0789092 9.9964E-05 0.0238648 0.0272618 0.869564 9.9964E-05 9.9964E-05 9.9964E-05
0.000855927 9.9964E-05 9.9964E-05 0.00127321 0.985404 0.0120674 9.9964E-05 9.9964E-05
0.0272596 9.9964E-05 9.9964E-05 9.9964E-05 0.744952 9.9964E-05 0.150108 0.0772807
9.994E-05 9.994E-05 9.994E-05 9.994E-05 9.994E-05 9.994E-05 9.994E-05 0.9993
0.1476 9.9982E-05 0.176401 9.9982E-05 0.137215 0.0268829 0.462316 0.0493844
9.994E-05 9.994E-05 9.994E-05 9.994E-05 9.994E-05 9.994E-05 9.994E-05 0.9993
9.994E-05 9.994E-05 9.994E-05 9.994E-05 9.994E-05 9.994E-05 9.994E-05 0.9993
0.068843 0.0110066 0.0123434 9.9964E-05 9.9964E-05 9.9964E-05 9.9964E-05 0.907407
0.027282 0.0670138 0.024606 9.9991E-05 0.0735689 0.0165031 0.00381931 0.787107
9.994E-05 9.994E-05 9.994E-05 9.994E-05 9.994E-05 9.994E-05 9.994E-05 0.9993
0.0751113 9.9973E-05 9.9973E-05 0.00209509 0.0121627 9.9973E-05 0.0713583 0.838973
9.9964E-05 9.9964E-05 0.0112649 9.9964E-05 9.9964E-05 0.0078221 0.0171175 0.963396
9.9955E-05 0.0193049 9.9955E-05 9.9955E-05 0.0558459 9.9955E-05 9.9955E-05 0.924349
0.0152747 9.9964E-05 9.9964E-05 0.00146765 9.9964E-05 0.00784527 9.9964E-05 0.975013
9.994E-05 9.994E-05 9.994E-05 9.994E-05 9.994E-05 9.994E-05 9.994E-05 0.9993
0.00680073 9.9964E-05 9.9964E-05 0.00442896 0.0753626 9.9964E-05 9.9964E-05 0.913008
9.9964E-05 9.9964E-05 0.0403723 9.9964E-05 0.110327 0.0345638 9.9964E-05 0.814337
0.0522473 0.0118595 9.9973E-05 0.0167021 9.9973E-05 9.9973E-05 0.0159886 0.902903
0.030805 9.9964E-05 9.9964E-05 0.00249614 9.9964E-05 9.9964E-05 0.0999117 0.866387
0.0281499 9.9982E-05 9.9982E-05 0.00397837 0.0384313 0.0439298 0.0407242 0.844587
0.0258992 9.9973E-05 9.9973E-05 0.0185188 9.9973E-05 0.00719683 0.0459858 0.9021
9.9964E-05 9.9964E-05 9.9964E-05 0.009621 0.0132284 9.9964E-05 0.0367411 0.94001
0.131201 9.9991E-05 0.0545986 0.0430574 0.0536485 0.292802 0.381015 0.0435779
0.127029 0.0512003 0.073335 9.9991E-05 0.0639096 0.232994 0.354763 0.0966684
0.138636 9.9991E-05 0.0845733 0.0271805 0.00290793 0.309169 0.369074 0.0683596
0.133264 9.9991E-05 0.0624302 0.0577706 0.0247048 0.268436 0.404279 0.0490157
0.906623 0.0160632 0.0454828 9.9973E-05 0.000949514 0.0305813 9.9973E-05 9.9973E-05
0.9993 9.994E-05 9.994E-05 9.994E-05 9.994E-05 9.994E-05 9.994E-05 9.994E-05
0.975186 0.00214896 9.9955E-05 9.9955E-05 9.9955E-05 0.022165 9.9955E-05 9.9955E-05
0.9993 9.994E-05 9.994E-05 9.994E-05 9.994E-05 9.994E-05 9.994E-05 9.994E-05
0.99713 9.9946E-05 0.00227034 9.9946E-05 9.9946E-05 9.9946E-05 9.9946E-05 9.9946E-05
0.949216 9.9955E-05 0.0110613 9.9955E-05 9.9955E-05 0.0392232 9.9955E-05 9.9955E-05
0.986563 9.9955E-05 9.9955E-05 0.0043902 9.9955E-05 9.9955E-05 9.9955E-05 0.0085474
0.755431 0.0840129 9.9973E-05 9.9973E-05 0.0819943 0.0441332 0.0341286 9.9973E-05
0.839854 0.0716606 9.9973E-05 0.00699856 9.9973E-05 9.9973E-05 0.0335694 0.0476172
9.9955E-05 9.9955E-05 9.9955E-05 0.00161399 0.00779651 0.99009 9.9955E-05 9.9955E-05
9.994E-05 9.994E-05 9.994E-05 9.994E-05 9.994E-05 0.9993 9.994E-05 9.994E-05
9.994E-05 9.994E-05 9.994E-05 9.994E-05 9.994E-05 0.9993 9.994E-05 9.994E-05
9.9946E-05 9.9946E-05 9.9946E-05 0.0119076 9.9946E-05 0.987493 9.9946E-05 9.9946E-05
9.994E-05 9.994E-05 9.994E-05 9.994E-05 9.994E-05 0.9993 9.994E-05 9.994E-05
0.0293945 0.0440924 9.9991E-05 0.000789128 0.0226362 0.811293 0.081828 0.00986701
9.994E-05 9.994E-05 9.994E-05 9.994E-05 9.994E-05 0.9993 9.994E-05 9.994E-05
9.994E-05 9.994E-05 9.994E-05 9.994E-05 9.994E-05 0.9993 9.994E-05 9.994E-05
0.00319641 0.0120089 9.9955E-05 9.9955E-05 9.9955E-05 0.984295 9.9955E-05 9.9955E-05
9.9982E-05 9.9982E-05 0.0075429 0.000129614 0.0265348 0.92801 0.0274258 0.0101571
9.994E-05 9.994E-05 9.994E-05 9.994E-05 9.994E-05 0.9993 9.994E-05 9.994E-05
9.994E-05 9.994E-05 9.994E-05 9.994E-05 9.994E-05 0.9993 9.994E-05 9.994E-05
