9.994E-05 9.994E-05 9.994E-05 9.994E-05 9.994E-05 9.994E-05 0.9993 9.994E-05
0.094821 9.9973E-05 0.532757 9.9973E-05 0.0801443 0.00193381 0.290044 9.9973E-05
0.0782675 9.9964E-05 0.571493 9.9964E-05 0.0688574 9.9964E-05 0.280983 9.9964E-05
9.99551E-05 9.99551E-05 0.702224 0.0869357 9.99551E-05 9.99551E-05 0.21034 9.99551E-05
9.9982E-05 0.000144967 0.641286 0.113776 9.9982E-05 0.0718015 0.136279 0.036512
0.0041663 9.9982E-05 0.584704 0.173515 0.0559592 9.9982E-05 0.170438 0.0110168
9.9946E-05 9.9946E-05 0.736611 9.9946E-05 9.9946E-05 9.9946E-05 0.262789 9.9946E-05
0.0058316 9.9982E-05 0.535616 0.0759098 0.100928 0.012218 0.269297 9.9982E-05
0.0393843 9.9973E-05 0.635912 9.9973E-05 0.0699205 0.0356455 0.218838 9.9973E-05
9.994E-05 9.994E-05 9.994E-05 9.994E-05 9.994E-05 9.994E-05 0.9993 9.994E-05
9.994E-05 9.994E-05 9.994E-05 9.994E-05 9.994E-05 9.994E-05 0.9993 9.994E-05
9.994E-05 9.994E-05 9.994E-05 9.994E-05 9.994E-05 9.994E-05 0.9993 9.994E-05
9.994E-05 9.994E-05 9.994E-05 9.994E-05 9.994E-05 9.994E-05 0.9993 9.994E-05
9.9964E-05 9.9964E-05 0.0483899 9.9964E-05 9.9964E-05 0.0146235 0.8975 0.0390867
9.9955E-05 0.0198026 9.9955E-05 9.9955E-05 9.9955E-05 9.9955E-05 0.941079 0.0386188
9.9964E-05 9.9964E-05 0.447807 0.338991 9.9964E-05 0.0339975 0.178804 9.9964E-05
0.0939176 0.0106053 0.315313 0.159622 0.0534325 0.0026549 0.254559 0.109896
0.00560738 9.9982E-05 0.68743 0.0947619 0.0078043 0.0123419 0.191855 9.9982E-05
9.9955E-05 9.9955E-05 0.92515 9.9955E-05 9.9955E-05 0.0293345 9.9955E-05 0.0450159
9.9955E-05 0.011524 0.932728 9.9955E-05 9.9955E-05 9.9955E-05 9.9955E-05 0.0552477
0.0464652 9.9964E-05 0.868404 9.9964E-05 9.9964E-05 0.058015 0.0267156 9.9964E-05
0.0115995 0.0106728 0.796306 9.9973E-05 0.0708896 9.9973E-05 9.9973E-05 0.110232
9.9973E-05 0.0394209 0.808815 9.9973E-05 0.0289383 0.0391346 9.9973E-05 0.0833915
9.9973E-05 0.0133316 0.918481 9.9973E-05 0.0140023 9.9973E-05 0.0157706 0.0381149
0.0146653 0.0137113 0.944211 0.01445 9.9973E-05 0.0126628 9.9973E-05 9.9973E-05
9.9964E-05 0.0646067 0.623224 0.291814 9.9964E-05 0.019956 9.9964E-05 9.9964E-05
9.9982E-05 9.9982E-05 0.748795 0.0337907 0.0667359 0.088806 0.00862182 0.0530504
9.9964E-05 0.01052 0.934044 0.00986966 0.0451661 9.9964E-05 9.9964E-05 9.9964E-05
9.9982E-05 0.058183 0.731814 0.112145 9.9982E-05 0.0177969 0.0378304 0.04203
9.9964E-05 9.9964E-05 0.866529 0.0568352 0.00184479 9.9964E-05 0.0743908 9.9964E-05
9.9973E-05 0.0030781 0.911333 9.9973E-05 9.9973E-05 0.00515943 0.0311489 0.0489805
9.9982E-05 0.0369898 0.740015 0.136539 0.0145149 0.0480871 9.9982E-05 0.0236543
0.0184584 0.0432672 0.714476 0.0214489 0.0761602 0.086459 9.9991E-05 0.0396301
9.999E-05 0.1151 0.61156 0.129509 0.0929958 0.00124518 0.047474 0.00201671
9.9964E-05 0.0120378 0.791817 9.9964E-05 0.0540849 9.9964E-05 9.9964E-05 0.14166
9.9955E-05 9.9955E-05 0.89658 0.0470193 9.9955E-05 9.9955E-05 0.055901 9.9955E-05
9.9955E-05 9.9955E-05 0.476847 0.436306 9.9955E-05 9.9955E-05 9.9955E-05 0.0863466
9.9982E-05 0.0204962 0.557033 0.223702 0.029262 0.0862134 9.9982E-05 0.083094
0.0529057 9.9982E-05 0.52871 0.239876 0.0479852 0.10731 9.9982E-05 0.023013
0.0472659 0.0202388 0.586882 0.25656 9.9982E-05 0.0834985 0.00535533 9.9982E-05
0.0253452 0.0430859 0.0117052 0.861373 0.0179503 0.0403404 9.9982E-05 9.9982E-05
0.0604244 0.0126483 0.0511387 0.729864 0.0650504 0.0156655 0.0311044 0.0341046
0.0279524 0.0387448 0.172371 0.686173 0.0340397 9.9982E-05 0.0405185 9.9982E-05
0.0277478 0.0113485 9.9964E-05 0.952609 0.00789486 9.9964E-05 9.9964E-05 9.9964E-05
9.9973E-05 9.9973E-05 0.203668 0.700469 0.0568275 0.0338224 9.9973E-05 0.00491337
9.994E-05 9.994E-05 9.994E-05 0.9993 9.994E-05 9.994E-05 9.994E-05 9.994E-05
9.9955E-05 9.9955E-05 0.0233784 0.963973 9.9955E-05 9.9955E-05 0.0121485 9.9955E-05
9.9982E-05 0.0116762 0.38387 0.52562 0.035623 0.0208225 9.9982E-05 0.0221886
9.9982E-05 0.0573819 0.199343 0.534208 0.0541572 0.0727379 0.0819719 9.9982E-05
0.0186833 0.0557863 0.377791 0.43776 0.0116684 9.9982E-05 0.0981111 9.9982E-05
0.000992321 9.9982E-05 0.222467 0.659208 0.0449225 0.0320745 0.0401363 9.9982E-05
9.999E-05 0.00087486 0.126565 0.801884 0.0249333 0.0243199 0.00994229 0.0113808
9.9955E-05 9.9955E-05 0.0173149 0.972345 9.9955E-05 9.9955E-05 0.00983994 9.9955E-05
9.9982E-05 0.0453721 0.168042 0.633628 9.9982E-05 0.0133152 0.0384376 0.101005
0.0258504 0.0666621 0.203657 0.609663 0.00671747 0.00230269 0.0373473 0.0477997
9.9973E-05 0.0754152 0.169738 0.6343 0.0806841 0.0395628 9.9973E-05 9.9973E-05
0.0106656 0.0574819 0.141862 0.516926 0.0689978 0.107645 0.0963216 9.9991E-05
0.0547687 0.0251679 0.170237 0.667453 9.9973E-05 0.0820737 9.9973E-05 9.9973E-05
9.9973E-05 9.9973E-05 0.0178923 0.961413 0.0126527 0.00384116 0.00390051 9.9973E-05
0.000412941 9.9982E-05 0.176497 0.657126 0.0141618 0.0972684 0.0543338 9.9982E-05
0.00344145 0.0518626 0.17524 0.66322 9.9973E-05 0.105936 9.9973E-05 9.9973E-05
0.00841987 0.0396592 0.0432556 0.859135 9.9991E-05 0.00939556 0.0354024 0.0046326
0.0341498 9.9991E-05 0.0200184 0.791717 0.0921337 0.0314178 0.0203663 0.0100975
9.9964E-05 9.9964E-05 9.9964E-05 0.913898 0.0197921 9.9964E-05 0.00433264 0.0615769
9.9973E-05 0.0053983 0.0566267 0.857515 9.9973E-05 0.0512539 0.0289064 9.9973E-05
9.9955E-05 9.9955E-05 9.9955E-05 0.890342 0.0728548 9.9955E-05 9.9955E-05 0.0363035
0.0126735 9.9946E-05 9.9946E-05 0.986727 9.9946E-05 9.9946E-05 9.9946E-05 9.9946E-05
9.9973E-05 0.00263713 9.9973E-05 0.892049 0.0367393 9.9973E-05 0.00155818 0.0667166
0.0141132 9.9973E-05 0.251632 0.709413 0.0134707 0.0110707 9.9973E-05 9.9973E-05
9.99551E-05 9.99551E-05 9.99551E-05 0.985685 0.00836155 9.99551E-05 9.99551E-05 0.00545358
0.034973 0.00348339 0.0520219 0.815387 0.0502235 9.9982E-05 0.0437116 9.9982E-05
0.0800755 0.00690156 0.0858677 0.76682 0.0108052 0.0126768 9.9991E-05 0.0367535
9.9946E-05 9.9946E-05 9.9946E-05 0.916813 9.9946E-05 9.9946E-05 0.0825871 9.9946E-05
9.9955E-05 9.9955E-05 9.9955E-05 0.923879 9.9955E-05 0.0297058 0.0459159 9.9955E-05
9.9991E-05 0.0950444 0.0313812 0.787922 0.00453958 0.0128918 0.0475504 0.0205709
9.9955E-05 9.9955E-05 9.9955E-05 0.929917 9.9955E-05 0.0577006 0.0118827 9.9955E-05
0.0100651 9.9946E-05 9.9946E-05 0.989335 9.9946E-05 9.9946E-05 9.9946E-05 9.9946E-05
0.128015 9.9964E-05 9.9964E-05 0.748468 9.9964E-05 9.9964E-05 0.0307024 0.0924148
0.0997517 0.0347843 0.0147597 0.751187 0.00925775 0.0399512 9.9991E-05 0.0502079
0.108033 0.0434739 9.9982E-05 0.742649 0.00613166 0.0150308 9.9982E-05 0.0844816
0.0482705 0.0663371 9.9991E-05 0.770603 0.027845 0.0363886 0.00231151 0.0481444
0.102989 0.040766 9.9982E-05 0.747417 0.0111926 0.0183946 9.9982E-05 0.0790402
0.0647547 0.0547396 9.9982E-05 0.787586 0.0147135 0.0131076 9.9982E-05 0.064899
0.130517 0.0890668 0.105489 0.657392 9.9982E-05 0.0171104 9.9982E-05 0.000225709
0.128123 0.0678117 0.00261281 0.646092 0.0504095 0.0430896 0.0308643 0.030997
0.185848 0.0852038 0.00559745 0.560365 0.103289 0.0202842 0.0191422 0.0202699
0.0595594 0.133658 0.205789 0.41767 0.101002 0.0404409 0.0183256 0.023555
0.11536 0.108912 0.0452046 0.62534 9.9982E-05 0.0878411 0.0171431 9.9982E-05
0.152223 0.00281221 0.0122917 0.667452 0.0178727 0.0593669 0.0041874 0.0837948
0.149272 0.123346 0.027438 0.471695 0.075542 0.114377 0.0114842 0.0268456
0.0985011 0.0441624 0.0450985 0.528854 0.0424753 9.9991E-05 0.0330831 0.207725
0.0752569 0.0896511 0.0247392 0.552487 0.0538469 9.9991E-05 0.0146921 0.189227
0.159196 0.0646968 9.9991E-05 0.501146 0.0603327 0.149678 0.0257865 0.0390635
0.992952 0.00644863 9.9946E-05 9.9946E-05 9.9946E-05 9.9946E-05 9.9946E-05 9.9946E-05
0.937605 0.0195493 0.00888403 9.9973E-05 0.019252 9.9973E-05 0.0144099 9.9973E-05
0.869431 0.0062707 0.0394068 0.000343036 9.9991E-05 0.00446985 0.011515 0.0684636
0.9993 9.994E-05 9.994E-05 9.994E-05 9.994E-05 9.994E-05 9.994E-05 9.994E-05
0.9993 9.994E-05 9.994E-05 9.994E-05 9.994E-05 9.994E-05 9.994E-05 9.994E-05
0.9993 9.994E-05 9.994E-05 9.994E-05 9.994E-05 9.994E-05 9.994E-05 9.994E-05
0.9993 9.994E-05 9.994E-05 9.994E-05 9.994E-05 9.994E-05 9.994E-05 9.994E-05
0.930169 9.9991E-05 0.0187646 0.0059313 0.0066404 0.00221749 0.0112593 0.0249176
0.9993 9.994E-05 9.994E-05 9.994E-05 9.994E-05 9.994E-05 9.994E-05 9.994E-05
0.9993 9.994E-05 9.994E-05 9.994E-05 9.994E-05 9.994E-05 9.994E-05 9.994E-05
0.0912262 0.2879 0.0944614 0.261075 0.0950343 0.0968501 9.9991E-05 0.0733532
0.853471 9.9964E-05 9.9964E-05 0.0824502 9.9964E-05 0.00372254 9.9964E-05 0.0599564
0.985129 0.00219271 9.9964E-05 9.9964E-05 0.00168447 0.0105937 9.9964E-05 9.9964E-05
0.975108 9.9946E-05 9.9946E-05 9.9946E-05 9.9946E-05 0.0242926 9.9946E-05 9.9946E-05
0.0984402 0.220461 9.9982E-05 0.444007 0.0213238 0.119284 9.9982E-05 0.0962846
0.0897846 0.186713 0.00292904 0.469295 0.0746438 0.0966878 9.9991E-05 0.079846
0.100861 0.173157 0.0108566 0.486582 0.0484074 0.0630267 9.9991E-05 0.117009
0.133452 0.192162 9.9982E-05 0.476604 0.053594 0.059772 9.9982E-05 0.0842162
0.116908 0.27245 9.9982E-05 0.431416 0.0213201 0.0535211 9.9982E-05 0.104185
0.0682444 0.199145 0.141977 0.401781 0.0012565 0.0308386 9.9991E-05 0.156658
0.118851 0.230598 0.0515718 0.426479 0.0187575 0.0396806 0.0118943 0.102168
0.109719 0.206099 9.9973E-05 0.458934 9.9973E-05 0.0508229 9.9973E-05 0.174125
0.196451 0.133574 0.00226793 0.383007 0.0819294 0.0537022 9.9991E-05 0.148968
0.1841 0.164753 9.9982E-05 0.393188 0.0835538 0.036077 9.9982E-05 0.138129
0.0997447 0.132137 0.0341487 0.500076 0.0703389 0.0764332 9.9991E-05 0.0870212
0.218622 0.128953 0.0218144 0.366991 0.0418707 0.0583384 9.9991E-05 0.16331
0.0460507 0.18295 9.9991E-05 0.512034 0.0677111 0.0805366 0.000322915 0.110295
0.116067 0.187581 9.9991E-05 0.511785 0.0142239 0.0816593 0.00397965 0.084604
9.9964E-05 0.930024 0.0372834 9.9964E-05 0.00019066 9.9964E-05 9.9964E-05 0.0321019
0.00811422 0.845414 9.9973E-05 9.9973E-05 9.9973E-05 0.103243 0.0210095 0.0219194
9.994E-05 0.9993 9.994E-05 9.994E-05 9.994E-05 9.994E-05 9.994E-05 9.994E-05
9.9955E-05 0.971794 0.0272047 9.9955E-05 9.9955E-05 0.000501189 9.9955E-05 9.9955E-05
9.994E-05 0.9993 9.994E-05 9.994E-05 9.994E-05 9.994E-05 9.994E-05 9.994E-05
9.994E-05 0.9993 9.994E-05 9.994E-05 9.994E-05 9.994E-05 9.994E-05 9.994E-05
9.9946E-05 0.992752 9.9946E-05 9.9946E-05 9.9946E-05 9.9946E-05 9.9946E-05 0.0066484
0.0127803 0.799429 0.0215458 0.0216604 9.9982E-05 9.9982E-05 0.0247941 0.119591
9.994E-05 0.9993 9.994E-05 9.994E-05 9.994E-05 9.994E-05 9.994E-05 9.994E-05
9.994E-05 0.9993 9.994E-05 9.994E-05 9.994E-05 9.994E-05 9.994E-05 9.994E-05
0.0237243 0.889105 0.01961 9.9973E-05 9.9973E-05 9.9973E-05 0.0171677 0.0500931
9.9946E-05 0.981381 9.9946E-05 9.9946E-05 9.9946E-05 0.0180194 9.9946E-05 9.9946E-05
9.9964E-05 0.753239 9.9964E-05 0.0727836 0.103304 9.9964E-05 9.9964E-05 0.0702741
9.994E-05 9.994E-05 9.994E-05 9.994E-05 0.9993 9.994E-05 9.994E-05 9.994E-05
0.16381 0.15135 9.9982E-05 0.467763 0.0842621 0.0547464 9.9982E-05 0.0778693
9.994E-05 9.994E-05 9.994E-05 9.994E-05 0.9993 9.994E-05 9.994E-05 9.994E-05
9.994E-05 9.994E-05 9.994E-05 9.994E-05 0.9993 9.994E-05 9.994E-05 9.994E-05
0.00834614 9.99551E-05 9.99551E-05 9.99551E-05 0.922087 9.99551E-05 9.99551E-05 0.0690672
9.9982E-05 0.0387369 0.0858977 0.0554363 0.78392 0.0327306 0.0030788 9.9982E-05
9.994E-05 9.994E-05 9.994E-05 9.994E-05 0.9993 9.994E-05 9.994E-05 9.994E-05
9.9955E-05 0.0195309 9.9955E-05 0.153192 0.826777 9.9955E-05 9.9955E-05 9.9955E-05
0.004801 9.9955E-05 0.0031271 9.9955E-05 0.991572 9.9955E-05 9.9955E-05 9.9955E-05
9.9955E-05 0.0293971 9.9955E-05 0.0241599 0.945943 9.9955E-05 9.9955E-05 9.9955E-05
9.994E-05 9.994E-05 9.994E-05 9.994E-05 0.9993 9.994E-05 9.994E-05 9.994E-05
9.9946E-05 9.9946E-05 9.9946E-05 9.9946E-05 0.990942 0.00845869 9.9946E-05 9.9946E-05
0.0166451 9.99461E-05 9.99461E-05 9.99461E-05 0.982755 9.99461E-05 9.99461E-05 9.99461E-05
0.0465583 0.051709 0.0337192 0.0492999 0.729159 0.0848795 9.9991E-05 0.00457563
9.9964E-05 9.9964E-05 9.9964E-05 0.0324874 0.935065 9.9964E-05 0.00135604 0.0306918
0.0613842 0.00506321 9.9982E-05 0.0874927 0.810907 9.9982E-05 0.00146294 0.0334901
0.0195083 0.0253596 9.9982E-05 9.9982E-05 0.830151 0.0681849 0.00858046 0.0480158
0.0114314 0.00683475 9.9991E-05 0.073453 0.834544 0.0437208 0.0169244 0.0129912
9.9982E-05 0.0130582 9.9982E-05 0.0182115 0.913813 0.0153252 0.0317925 0.0075993
0.068986 0.0592214 9.9991E-05 0.387563 0.0348739 0.29893 0.0331071 0.117218
0.080078 0.0451913 9.9982E-05 0.398023 0.0682762 0.266319 9.9982E-05 0.141913
0.0755071 0.0303291 9.9991E-05 0.433295 0.0376426 0.267776 0.0324046 0.122945
0.0708434 0.0368332 9.9991E-05 0.398676 0.0380302 0.29385 0.0459903 0.115677
9.9964E-05 0.0209791 0.010966 9.9964E-05 9.9964E-05 9.9964E-05 0.0101302 0.957525
9.994E-05 9.994E-05 9.994E-05 9.994E-05 9.994E-05 9.994E-05 9.994E-05 0.9993
9.9946E-05 9.9946E-05 9.9946E-05 9.9946E-05 9.9946E-05 0.00612553 9.9946E-05 0.993275
9.994E-05 9.994E-05 9.994E-05 9.994E-05 9.994E-05 9.994E-05 9.994E-05 0.9993
9.9946E-05 9.9946E-05 9.9946E-05 9.9946E-05 9.9946E-05 0.0135407 9.9946E-05 0.98586
0.00896805 9.9973E-05 9.9973E-05 0.00922346 0.0115762 0.0469677 9.9973E-05 0.922965
0.0222367 9.9982E-05 9.9982E-05 0.0416359 0.00354873 0.0226972 0.00760805 0.902073
9.9982E-05 0.106442 0.0550027 9.9982E-05 0.0155851 0.016081 0.0146853 0.792004
9.9973E-05 0.0268675 9.9973E-05 0.0791331 0.00537541 9.9973E-05 0.0106134 0.877711
9.994E-05 9.994E-05 9.994E-05 9.994E-05 9.994E-05 0.9993 9.994E-05 9.994E-05
9.994E-05 9.994E-05 9.994E-05 9.994E-05 9.994E-05 0.9993 9.994E-05 9.994E-05
9.994E-05 9.994E-05 9.994E-05 9.994E-05 9.994E-05 0.9993 9.994E-05 9.994E-05
9.994E-05 9.994E-05 9.994E-05 9.994E-05 9.994E-05 0.9993 9.994E-05 9.994E-05
9.994E-05 9.994E-05 9.994E-05 9.994E-05 9.994E-05 0.9993 9.994E-05 9.994E-05
9.9982E-05 0.0402519 0.0372819 0.0617925 0.00107898 0.837173 9.9982E-05 0.0222215
9.9955E-05 0.00352535 9.9955E-05 9.9955E-05 0.00015769 0.995817 9.9955E-05 9.9955E-05
9.994E-05 9.994E-05 9.994E-05 9.994E-05 9.994E-05 0.9993 9.994E-05 9.994E-05
9.9946E-05 9.9946E-05 9.9946E-05 9.9946E-05 9.9946E-05 0.991626 0.00777466 9.9946E-05
0.0117156 0.0360637 9.9973E-05 0.0457977 0.0153243 0.890799 9.9973E-05 9.9973E-05
9.994E-05 9.994E-05 9.994E-05 9.994E-05 9.994E-05 0.9993 9.994E-05 9.994E-05
9.9946E-05 9.9946E-05 9.9946E-05 9.9946E-05 9.9946E-05 0.992406 9.9946E-05 0.00699466
