9.994E-05 0.9993 9.994E-05 9.994E-05 9.994E-05 9.994E-05 9.994E-05 9.994E-05
0.707727 0.106881 0.00639387 9.9982E-05 0.0528205 0.0851834 0.0407944 9.9982E-05
0.745343 0.0952613 9.9973E-05 9.9973E-05 0.0334193 0.0200237 0.105653 9.9973E-05
0.9993 9.994E-05 9.994E-05 9.994E-05 9.994E-05 9.994E-05 9.994E-05 9.994E-05
0.66242 9.9973E-05 0.0533039 0.0188964 0.142756 9.9973E-05 9.9973E-05 0.122323
0.571455 0.0496642 9.9973E-05 9.9973E-05 0.188629 9.9973E-05 0.0526592 0.137292
0.498804 0.189391 9.9955E-05 9.9955E-05 0.311305 9.9955E-05 9.9955E-05 9.9955E-05
0.482857 0.192402 9.9991E-05 0.0102996 0.208134 0.0202498 0.0765474 0.00940927
0.392264 0.078333 0.0609475 0.0292076 0.375765 9.9982E-05 0.0632836 9.9982E-05
9.994E-05 0.9993 9.994E-05 9.994E-05 9.994E-05 9.994E-05 9.994E-05 9.994E-05
9.994E-05 0.9993 9.994E-05 9.994E-05 9.994E-05 9.994E-05 9.994E-05 9.994E-05
0.0276646 0.971736 9.9946E-05 9.9946E-05 9.9946E-05 9.9946E-05 9.9946E-05 9.9946E-05
9.9946E-05 0.988018 9.9946E-05 9.9946E-05 9.9946E-05 0.0113825 9.9946E-05 9.9946E-05
9.9955E-05 0.919769 0.00152603 9.9955E-05 0.0782054 9.9955E-05 9.9955E-05 9.9955E-05
0.0785755 0.886819 9.9964E-05 9.9964E-05 9.9964E-05 0.0117019 9.9964E-05 0.0225035
0.518854 0.0696432 0.0521463 9.9982E-05 0.096926 9.9982E-05 0.0105371 0.251693
0.317521 0.176844 0.131952 0.0765358 0.0727356 0.0489512 0.0404387 0.135022
0.9993 9.994E-05 9.994E-05 9.994E-05 9.994E-05 9.994E-05 9.994E-05 9.994E-05
0.0451475 9.9955E-05 0.0127613 9.9955E-05 0.941591 9.9955E-05 9.9955E-05 9.9955E-05
9.994E-05 9.994E-05 9.994E-05 9.994E-05 0.9993 9.994E-05 9.994E-05 9.994E-05
0.0582428 0.0557221 0.0115823 9.9964E-05 0.874053 9.9964E-05 9.9964E-05 9.9964E-05
0.0832178 9.9973E-05 9.9973E-05 0.0425534 0.786786 0.00799036 0.0791527 9.9973E-05
0.0717812 9.9982E-05 0.0100276 0.00276796 0.890542 0.00170053 0.0229811 9.9982E-05
9.9955E-05 0.0294262 9.9955E-05 0.014213 0.955861 9.9955E-05 9.9955E-05 9.9955E-05
9.9946E-05 9.9946E-05 9.9946E-05 9.9946E-05 0.978451 9.9946E-05 9.9946E-05 0.0209493
9.9973E-05 0.00226009 0.0103313 0.0443243 0.644054 9.9973E-05 9.9973E-05 0.29873
9.9964E-05 9.9964E-05 0.082843 9.9964E-05 0.753687 9.9964E-05 0.103218 0.0598522
0.0610826 0.0029849 9.9964E-05 0.0148347 0.920698 9.9964E-05 9.9964E-05 9.9964E-05
0.00719664 0.0737173 0.000260309 0.0427178 0.800199 9.9982E-05 9.9982E-05 0.0757095
0.0614953 0.0794052 9.9964E-05 9.9964E-05 0.823566 9.9964E-05 9.9964E-05 0.0351336
9.9946E-05 0.0636725 9.9946E-05 9.9946E-05 0.935728 9.9946E-05 9.9946E-05 9.9946E-05
9.9982E-05 0.0124497 0.0260245 0.0850127 0.840679 9.9982E-05 0.0290982 0.0065365
0.0276929 0.0135491 0.024107 0.042854 0.749748 0.0129403 0.0602015 0.0689074
9.9982E-05 0.0669287 9.9982E-05 0.144639 0.644743 0.00361908 0.0416622 0.0982083
0.0592868 9.9964E-05 9.9964E-05 9.9964E-05 0.876738 0.0223808 0.0411942 9.9964E-05
0.0683175 0.075451 9.9964E-05 9.9964E-05 0.851192 9.9964E-05 9.9964E-05 0.00463961
9.9946E-05 9.9946E-05 9.9946E-05 9.9946E-05 0.565569 9.9946E-05 9.9946E-05 0.433831
0.0585388 9.9982E-05 0.087862 0.0185281 0.51749 9.9982E-05 0.0483133 0.269068
0.0223418 0.00391461 0.0540424 9.9991E-05 0.579275 0.0151717 0.0464626 0.278692
9.9973E-05 9.9973E-05 0.0222707 0.0458539 0.574499 0.0182425 9.9973E-05 0.338834
0.1822 9.9973E-05 9.9973E-05 0.0602579 9.9973E-05 0.0623153 0.0325322 0.662395
0.12011 9.9955E-05 0.0487602 9.9955E-05 9.9955E-05 9.9955E-05 9.9955E-05 0.830629
0.229681 0.0069238 9.9991E-05 0.030084 0.030131 0.0131571 0.0620523 0.627871
0.16851 9.9964E-05 9.9964E-05 9.9964E-05 9.9964E-05 0.00120093 0.00058431 0.829305
0.0292853 9.9982E-05 0.0440915 0.0358199 0.127094 9.9982E-05 0.0608338 0.702676
0.00200947 0.00864346 9.9964E-05 9.9964E-05 0.059829 9.9964E-05 9.9964E-05 0.929118
9.9946E-05 0.00109311 9.9946E-05 9.9946E-05 9.9946E-05 9.9946E-05 9.9946E-05 0.998307
0.0133982 9.9982E-05 0.0254058 0.0330074 0.364407 9.9982E-05 0.0426821 0.5209
0.169472 0.0434884 0.0592973 0.0669529 0.0510943 9.9982E-05 9.9982E-05 0.609495
0.19361 0.0715248 0.00933723 0.0700093 0.263442 0.0166654 9.9991E-05 0.375312
0.0209465 0.0450183 0.0145271 9.9991E-05 0.229421 0.00414014 0.0193135 0.666533
0.105463 9.9964E-05 9.9964E-05 9.9964E-05 0.106906 9.9964E-05 0.0382582 0.748972
0.0196934 0.0115828 9.9964E-05 9.9964E-05 9.9964E-05 9.9964E-05 0.0273741 0.94095
9.9982E-05 0.0542475 0.0577538 0.0496698 0.201448 0.0189079 9.9982E-05 0.617773
9.9991E-05 0.0558437 0.0189378 0.0591518 0.234258 0.0342924 0.028605 0.568811
0.114846 9.9973E-05 9.9973E-05 0.00489982 0.0317706 9.9973E-05 0.0784003 0.769784
0.016649 0.0769848 0.0527256 0.022281 0.166814 9.9991E-05 0.0636053 0.60084
0.0600131 9.9991E-05 0.0945101 0.00704826 0.202677 0.00952883 0.0357189 0.590403
9.99461E-05 0.028818 9.99461E-05 9.99461E-05 9.99461E-05 9.99461E-05 9.99461E-05 0.970582
0.0467752 0.0739424 0.0763776 9.9982E-05 0.18662 9.9982E-05 0.01504 0.601045
0.0238495 9.9982E-05 0.081902 0.030604 0.20805 9.9982E-05 0.000405339 0.654989
0.0893188 9.9964E-05 9.9964E-05 0.0819078 0.0195535 9.9964E-05 9.9964E-05 0.80882
9.9982E-05 0.00785909 0.00217367 9.9982E-05 0.123465 0.0639406 0.0390388 0.763322
9.99461E-05 9.99461E-05 9.99461E-05 9.99461E-05 9.99461E-05 9.99461E-05 0.0222542 0.977146
0.109854 0.0075958 0.038252 0.0223153 0.0408184 9.9982E-05 9.9982E-05 0.780965
9.9946E-05 9.9946E-05 9.9946E-05 9.9946E-05 9.9946E-05 9.9946E-05 0.0389568 0.960443
9.9946E-05 9.9946E-05 9.9946E-05 9.9946E-05 9.9946E-05 0.00985815 9.9946E-05 0.989542
9.9973E-05 0.0315355 9.9973E-05 0.0189826 9.9973E-05 0.012576 0.0383837 0.898222
0.122001 9.9973E-05 0.051273 9.9973E-05 0.116673 9.9973E-05 0.0360375 0.673715
9.99461E-05 9.99461E-05 9.99461E-05 9.99461E-05 9.99461E-05 9.99461E-05 0.000185358 0.999215
0.0789345 0.0479859 9.9982E-05 9.9982E-05 0.00834844 0.0252995 0.041344 0.797888
0.0208965 9.9991E-05 0.00816861 0.0208683 0.0561692 0.0525457 0.0382222 0.80303
9.9955E-05 0.0834812 9.9955E-05 9.9955E-05 0.0118481 9.9955E-05 9.9955E-05 0.904171
9.9946E-05 0.0530252 9.9946E-05 9.9946E-05 9.9946E-05 9.9946E-05 9.9946E-05 0.946375
9.9973E-05 0.0678995 9.9973E-05 0.0810442 0.00283978 9.9973E-05 0.0119396 0.835977
9.9964E-05 0.0115046 0.060529 9.9964E-05 0.0115804 9.9964E-05 9.9964E-05 0.915986
9.9946E-05 9.9946E-05 9.9946E-05 9.9946E-05 9.9946E-05 9.9946E-05 0.0241564 0.975244
0.0355447 0.0106971 9.9973E-05 0.0256346 9.9973E-05 0.0963484 9.9973E-05 0.831475
9.9973E-05 9.9973E-05 0.0411654 0.027784 9.9973E-05 0.113952 0.0437569 0.773042
9.9964E-05 9.9964E-05 0.0351525 0.0268385 9.9964E-05 0.0930546 9.9964E-05 0.844555
9.9973E-05 9.9973E-05 0.0326826 0.112654 9.9973E-05 0.0335834 0.000124216 0.820655
9.9973E-05 9.9973E-05 0.034598 0.0290005 9.9973E-05 0.116327 0.00225148 0.817524
9.9964E-05 9.9964E-05 9.9964E-05 0.0827622 9.9964E-05 0.102112 0.00917909 0.805547
9.9973E-05 9.9973E-05 0.00236847 0.106691 0.201575 0.127079 9.9973E-05 0.561987
0.0594038 0.0149422 0.0505038 0.110272 9.9982E-05 0.212126 9.9982E-05 0.552552
0.0411952 0.00443793 0.0172795 0.0708202 9.9991E-05 0.15908 0.0566545 0.650433
0.0557884 0.0307708 0.0525039 0.0810918 0.130935 0.0738358 0.0619649 0.513109
0.0128572 0.0180607 0.0347064 0.112086 0.0510641 0.117367 9.9991E-05 0.653759
0.0991493 9.9982E-05 0.0440463 0.0980675 9.9982E-05 0.109714 0.0567905 0.592032
9.9991E-05 0.00457706 0.100942 0.139337 0.0628094 0.0754534 0.0991309 0.517651
0.187121 9.9982E-05 0.020225 0.0698034 9.9982E-05 0.142337 0.0603059 0.520008
0.181309 9.9982E-05 0.00177936 0.102192 9.9982E-05 0.10576 0.0464832 0.562277
0.0263101 0.0337452 0.16776 0.0640676 9.9991E-05 0.227835 0.0830962 0.397086
9.994E-05 9.994E-05 9.994E-05 9.994E-05 9.994E-05 0.9993 9.994E-05 9.994E-05
0.0221123 9.9955E-05 9.9955E-05 9.9955E-05 9.9955E-05 0.951614 0.0257738 9.9955E-05
9.9955E-05 9.9955E-05 9.9955E-05 9.9955E-05 0.00152161 0.913804 9.9955E-05 0.0841742
9.994E-05 9.994E-05 9.994E-05 9.994E-05 9.994E-05 0.9993 9.994E-05 9.994E-05
9.994E-05 9.994E-05 9.994E-05 9.994E-05 9.994E-05 0.9993 9.994E-05 9.994E-05
9.994E-05 9.994E-05 9.994E-05 9.994E-05 9.994E-05 0.9993 9.994E-05 9.994E-05
9.994E-05 9.994E-05 9.994E-05 9.994E-05 9.994E-05 0.9993 9.994E-05 9.994E-05
0.0270135 9.9964E-05 9.9964E-05 9.9964E-05 0.050404 0.90325 9.9964E-05 0.0189325
9.9946E-05 9.9946E-05 9.9946E-05 0.000704852 9.9946E-05 0.998695 9.9946E-05 9.9946E-05
9.994E-05 9.994E-05 9.994E-05 9.994E-05 9.994E-05 0.9993 9.994E-05 9.994E-05
9.9991E-05 0.00295788 0.128783 0.285914 0.0789709 0.132717 0.0854335 0.285123
9.9955E-05 9.9955E-05 0.0532862 9.9955E-05 9.9955E-05 0.938724 9.9955E-05 0.00749022
9.994E-05 9.994E-05 9.994E-05 9.994E-05 9.994E-05 0.9993 9.994E-05 9.994E-05
9.9946E-05 9.9946E-05 9.9946E-05 9.9946E-05 9.9946E-05 0.981562 9.9946E-05 0.0178379
9.9982E-05 0.00373876 0.176578 0.203014 9.9982E-05 0.129579 0.0440784 0.442812
9.9973E-05 9.9973E-05 0.051015 0.194542 9.9973E-05 0.155555 0.0649995 0.533588
0.0417203 0.00418821 0.12664 0.173936 9.9991E-05 0.1326 0.0174998 0.503316
9.9982E-05 9.9982E-05 0.0881059 0.173755 0.0232288 0.167524 0.0474662 0.49972
9.9973E-05 9.9973E-05 0.0861174 0.252432 9.9973E-05 0.147382 0.0423707 0.471398
0.0443137 9.9991E-05 0.0734928 0.191233 0.145586 0.148691 0.0109913 0.385593
9.9991E-05 0.0201624 0.088365 0.165995 0.0762994 0.153359 0.0385595 0.45716
9.9973E-05 9.9973E-05 0.0706043 0.221454 0.0266692 0.155353 9.9973E-05 0.525619
9.9982E-05 9.9982E-05 0.122357 0.118467 0.0850091 0.232908 0.0497546 0.391304
9.9991E-05 0.0012094 0.0748032 0.172794 0.049476 0.209944 0.043856 0.447817
9.9982E-05 9.9982E-05 0.0929932 0.155624 0.0838367 0.119176 0.0461247 0.502045
9.9982E-05 9.9982E-05 0.108078 0.0924655 0.0910182 0.183345 0.0524925 0.4724
9.9982E-05 0.00278106 0.129174 0.188322 9.9982E-05 0.101641 0.0666613 0.51122
0.0540891 9.9982E-05 0.0720643 0.181255 9.9982E-05 0.125154 0.0416504 0.525587
9.994E-05 9.994E-05 9.994E-05 9.994E-05 9.994E-05 9.994E-05 0.9993 9.994E-05
0.0490834 9.9982E-05 0.0640757 0.160226 9.9982E-05 0.201269 0.0730888 0.452057
9.994E-05 9.994E-05 9.994E-05 9.994E-05 9.994E-05 9.994E-05 0.9993 9.994E-05
9.994E-05 9.994E-05 9.994E-05 9.994E-05 9.994E-05 9.994E-05 0.9993 9.994E-05
9.99461E-05 9.99461E-05 9.99461E-05 9.99461E-05 9.99461E-05 0.0377325 0.961668 9.99461E-05
9.9982E-05 0.0231582 0.0216514 0.0342279 9.9982E-05 0.0133828 0.816206 0.0911738
9.9955E-05 0.01297 9.9955E-05 9.9955E-05 9.9955E-05 9.9955E-05 0.976537 0.00999349
9.9964E-05 9.9964E-05 9.9964E-05 0.00373561 0.0251341 9.9964E-05 0.940758 0.0299725
9.9955E-05 0.00377111 9.9955E-05 9.9955E-05 9.9955E-05 9.9955E-05 0.99114 0.00458942
9.9955E-05 9.9955E-05 9.9955E-05 0.0314768 0.00831567 9.9955E-05 0.959708 9.9955E-05
9.9955E-05 0.0183112 9.9955E-05 9.9955E-05 9.9955E-05 9.9955E-05 0.972844 0.008345
9.9946E-05 0.00222912 9.9946E-05 9.9946E-05 9.9946E-05 9.9946E-05 0.997171 9.9946E-05
9.9955E-05 9.9955E-05 9.9955E-05 0.0138849 9.9955E-05 0.00649929 0.979116 9.9955E-05
0.0610666 9.9982E-05 0.0337472 0.052447 9.9982E-05 0.0121365 0.824306 0.0160965
9.9973E-05 9.9973E-05 0.0452892 0.0154975 9.9973E-05 0.00359105 0.917089 0.018233
9.9964E-05 9.9964E-05 9.9964E-05 0.0454414 9.9964E-05 0.0143863 0.852429 0.0873437
9.9973E-05 0.0193855 0.0258636 0.0236784 9.9973E-05 9.9973E-05 0.891304 0.0394687
0.0240492 0.00915377 0.0375792 9.9982E-05 9.9982E-05 0.00191373 0.866657 0.0604475
9.9973E-05 9.9973E-05 9.9973E-05 0.0122446 0.036944 0.00661615 0.932036 0.0118596
9.9955E-05 9.9955E-05 9.9955E-05 0.936746 0.0177258 9.9955E-05 9.9955E-05 0.0450289
0.0166038 9.9982E-05 0.0246768 0.887886 0.0151384 0.0469998 0.00849553 9.9982E-05
9.994E-05 9.994E-05 9.994E-05 0.9993 9.994E-05 9.994E-05 9.994E-05 9.994E-05
9.9946E-05 9.9946E-05 0.0152269 0.984173 9.9946E-05 9.9946E-05 9.9946E-05 9.9946E-05
9.9946E-05 9.9946E-05 9.9946E-05 0.998597 9.9946E-05 9.9946E-05 0.0008031 9.9946E-05
9.994E-05 9.994E-05 9.994E-05 0.9993 9.994E-05 9.994E-05 9.994E-05 9.994E-05
9.994E-05 9.994E-05 9.994E-05 0.9993 9.994E-05 9.994E-05 9.994E-05 9.994E-05
9.9982E-05 0.0187263 0.108289 0.782946 0.0354227 0.0253376 9.9982E-05 0.0290788
9.994E-05 9.994E-05 9.994E-05 0.9993 9.994E-05 9.994E-05 9.994E-05 9.994E-05
9.994E-05 9.994E-05 9.994E-05 0.9993 9.994E-05 9.994E-05 9.994E-05 9.994E-05
0.06314 9.9955E-05 9.9955E-05 0.878684 9.9955E-05 0.057676 9.9955E-05 9.9955E-05
9.9946E-05 9.9946E-05 0.031105 0.968295 9.9946E-05 9.9946E-05 9.9946E-05 9.9946E-05
0.031215 9.9973E-05 9.9973E-05 0.715855 9.9973E-05 0.0217951 0.0773527 0.153482
9.9982E-05 0.0423934 0.317523 0.0426668 9.9982E-05 0.0657228 0.0594107 0.472083
9.9982E-05 0.0299988 0.327083 0.0182495 9.9982E-05 0.0684256 0.0692014 0.486842
9.9973E-05 0.0265892 0.316433 9.9973E-05 9.9973E-05 0.0824761 0.0652956 0.508906
9.9973E-05 0.0583377 0.2667 9.9973E-05 9.9973E-05 0.0963108 0.0433214 0.53503
0.000494047 9.9982E-05 0.33662 0.0859572 0.243901 0.240674 0.0921536 9.9982E-05
9.99731E-05 9.99731E-05 0.470447 0.031557 0.148 0.276672 0.0730245 9.99731E-05
9.9982E-05 9.9982E-05 0.440081 0.0565194 0.20793 0.215073 0.0770251 0.00317102
9.99731E-05 9.99731E-05 0.452851 0.023477 0.179378 0.271138 0.0728556 9.99731E-05
9.9973E-05 9.9973E-05 0.372856 0.0390256 0.231072 0.268203 0.0885436 9.9973E-05
9.9982E-05 9.9982E-05 0.389303 0.031646 0.191576 0.232349 0.0835089 0.0714168
9.9982E-05 9.9982E-05 0.374746 0.0170506 0.195255 0.272241 0.0964026 0.0441057
9.9991E-05 0.014484 0.280849 0.105392 0.30327 0.139243 0.0916074 0.0650541
9.9982E-05 9.9982E-05 0.325467 0.0404185 0.274891 0.172432 0.0961266 0.0904647
9.9946E-05 9.9946E-05 0.988412 0.0109879 9.9946E-05 9.9946E-05 9.9946E-05 9.9946E-05
9.994E-05 9.994E-05 0.9993 9.994E-05 9.994E-05 9.994E-05 9.994E-05 9.994E-05
9.994E-05 9.994E-05 0.9993 9.994E-05 9.994E-05 9.994E-05 9.994E-05 9.994E-05
9.994E-05 9.994E-05 0.9993 9.994E-05 9.994E-05 9.994E-05 9.994E-05 9.994E-05
9.994E-05 9.994E-05 0.9993 9.994E-05 9.994E-05 9.994E-05 9.994E-05 9.994E-05
9.9964E-05 0.0208209 0.916453 9.9964E-05 9.9964E-05 9.9964E-05 0.00931213 0.0530138
9.994E-05 9.994E-05 0.9993 9.994E-05 9.994E-05 9.994E-05 9.994E-05 9.994E-05
9.994E-05 9.994E-05 0.9993 9.994E-05 9.994E-05 9.994E-05 9.994E-05 9.994E-05
9.994E-05 9.994E-05 0.9993 9.994E-05 9.994E-05 9.994E-05 9.994E-05 9.994E-05
9.9955E-05 9.9955E-05 0.931489 0.00656835 9.9955E-05 9.9955E-05 9.9955E-05 0.0614429
9.994E-05 9.994E-05 0.9993 9.994E-05 9.994E-05 9.994E-05 9.994E-05 9.994E-05
0.00972647 9.9946E-05 0.989674 9.9946E-05 9.9946E-05 9.9946E-05 9.9946E-05 9.9946E-05
