9.994E-05 0.9993 9.994E-05 9.994E-05 9.994E-05 9.994E-05 9.994E-05 9.994E-05
9.9973E-05 0.244213 0.00992934 0.130627 0.0639055 9.9973E-05 0.551025 9.9973E-05
9.9964E-05 0.244593 9.9964E-05 0.0676225 0.0941312 9.9964E-05 0.593253 9.9964E-05
9.99551E-05 0.213123 9.99551E-05 9.99551E-05 9.99551E-05 9.99551E-05 0.676425 0.109952
0.0204799 0.0912642 0.098329 9.9982E-05 9.9982E-05 0.0327425 0.620694 0.136291
9.9964E-05 0.172009 9.9964E-05 9.9964E-05 0.0341506 9.9964E-05 0.56317 0.23027
9.9955E-05 0.274906 9.9955E-05 9.9955E-05 9.9955E-05 9.9955E-05 0.713775 0.0108195
0.000375356 0.283792 9.9991E-05 0.0115628 0.0805409 0.00912013 0.563826 0.0506824
9.9982E-05 0.178162 9.9982E-05 0.039362 0.0436569 0.0234412 0.646393 0.0687848
9.994E-05 0.9993 9.994E-05 9.994E-05 9.994E-05 9.994E-05 9.994E-05 9.994E-05
9.994E-05 0.9993 9.994E-05 9.994E-05 9.994E-05 9.994E-05 9.994E-05 9.994E-05
9.994E-05 0.9993 9.994E-05 9.994E-05 9.994E-05 9.994E-05 9.994E-05 9.994E-05
9.9946E-05 0.989719 9.9946E-05 0.00968089 9.9946E-05 9.9946E-05 9.9946E-05 9.9946E-05
9.9973E-05 0.912105 0.032275 9.9973E-05 9.9973E-05 0.0440914 0.00167064 0.00955769
0.00258529 0.953572 0.023773 9.9973E-05 0.00398608 9.9973E-05 9.9973E-05 0.0157834
9.9982E-05 0.189258 9.9982E-05 0.00293085 0.0026735 0.0337822 0.409593 0.361562
0.103223 0.191935 0.124439 0.0117275 0.0731157 0.0391113 0.309098 0.147351
0.0383011 0.179098 9.9982E-05 0.00924213 0.00215584 9.9982E-05 0.604367 0.166636
9.9964E-05 9.9964E-05 0.0522986 9.9964E-05 9.9964E-05 0.0505218 0.802992 0.0937874
0.0163613 9.9964E-05 0.0561942 9.9964E-05 9.9964E-05 0.00492007 0.922125 9.9964E-05
9.9955E-05 0.0214119 9.9955E-05 9.9955E-05 9.9955E-05 0.0659225 0.912166 9.9955E-05
0.0345786 9.9982E-05 0.0836803 0.00255544 0.0609138 9.9982E-05 0.790058 0.0280135
9.9964E-05 9.9964E-05 0.114229 9.9964E-05 0.00481662 0.0163552 0.864199 9.9964E-05
0.00784914 0.00730907 0.0466305 9.9973E-05 0.00329727 9.9973E-05 0.934614 9.9973E-05
0.0221441 9.9982E-05 0.00496734 0.00283945 9.9982E-05 0.0298362 0.825967 0.114046
0.0445838 9.9973E-05 0.0380546 9.9973E-05 9.9973E-05 0.0661289 0.653286 0.197647
9.9973E-05 9.9973E-05 0.00842877 9.9973E-05 0.0934284 0.162222 0.732163 0.00345835
0.030876 9.9964E-05 9.9964E-05 9.9964E-05 0.000912043 9.9964E-05 0.920126 0.0476863
0.0391997 0.0309466 0.022989 9.9991E-05 0.011373 0.0029027 0.770494 0.121995
9.9955E-05 0.0447451 9.9955E-05 9.9955E-05 9.9955E-05 9.9955E-05 0.877658 0.0770975
0.0248344 0.0307396 0.0595909 0.00557447 9.9982E-05 0.0030588 0.876002 9.9982E-05
0.0625403 9.9982E-05 9.9982E-05 0.000653005 0.0228242 0.0852037 0.780422 0.0481568
0.0196475 9.9991E-05 0.0450692 0.00432429 0.033538 0.0483263 0.717299 0.131696
0.144483 0.0327963 0.00495731 0.0181127 0.0523917 9.9991E-05 0.703738 0.0434217
0.000428175 9.9964E-05 0.108047 9.9964E-05 0.0214713 9.9964E-05 0.869654 9.9964E-05
9.9955E-05 0.0296681 9.9955E-05 9.9955E-05 9.9955E-05 9.9955E-05 0.876766 0.093066
9.9973E-05 9.9973E-05 0.0446211 9.9973E-05 0.00318307 0.00300729 0.471959 0.476929
0.018991 9.9991E-05 0.0478839 0.00943654 0.0309537 0.0859723 0.529447 0.277215
9.9973E-05 9.9973E-05 9.9973E-05 0.0687049 0.074057 0.105746 0.60088 0.150311
0.01332 9.9982E-05 0.016054 0.032195 9.9982E-05 0.0592964 0.602798 0.276137
0.0676618 9.9982E-05 9.9982E-05 0.0875173 0.00960474 0.0205146 0.0523574 0.762144
0.0333054 0.00114211 0.0226529 0.0228506 0.0437101 0.0187993 0.0578756 0.799664
0.0518917 0.052094 9.9982E-05 0.0279403 0.0483594 9.9982E-05 0.187662 0.631852
0.0108171 9.9964E-05 9.9964E-05 9.9964E-05 0.020696 9.9964E-05 0.0826731 0.885414
0.0348282 9.9973E-05 9.9973E-05 9.9973E-05 0.0417674 0.0641536 0.223161 0.63579
9.9946E-05 0.000410498 9.9946E-05 9.9946E-05 9.9946E-05 9.9946E-05 9.9946E-05 0.99899
9.9946E-05 0.00367214 9.9946E-05 9.9946E-05 9.9946E-05 9.9946E-05 9.9946E-05 0.995728
0.0258517 9.9982E-05 0.0235084 9.9982E-05 0.0168323 0.0272079 0.342048 0.564352
0.0552283 0.0520993 0.0133811 9.9991E-05 0.0393555 0.0681159 0.126916 0.644803
0.0451423 0.0723751 9.9991E-05 0.0343697 0.0006171 0.0126927 0.369508 0.465195
9.9973E-05 0.0247274 9.9973E-05 9.9973E-05 0.0325565 0.06205 0.229618 0.650748
9.9982E-05 0.00694527 0.0149892 9.9982E-05 0.0285102 0.0132456 0.148705 0.787404
9.9964E-05 0.0255798 0.00351616 9.9964E-05 9.9964E-05 9.9964E-05 0.00759813 0.962906
0.0634054 0.0452661 0.102327 9.9982E-05 9.9982E-05 0.0419551 0.188129 0.558717
0.0626452 0.0500274 0.0765805 0.032557 0.0148444 0.0297991 0.145004 0.588543
0.0312814 0.00507122 9.9982E-05 0.000808696 0.0924741 9.9982E-05 0.123843 0.746321
0.104928 0.0581654 9.9991E-05 0.0156784 0.0366006 0.0894878 0.202898 0.492142
0.0111559 9.9982E-05 0.010479 0.0279447 9.9982E-05 0.123748 0.217419 0.609053
9.9955E-05 0.00666542 9.9955E-05 9.9955E-05 0.0159776 9.9955E-05 9.9955E-05 0.976857
9.9964E-05 0.0429376 9.9964E-05 9.9964E-05 9.9964E-05 0.104775 0.154851 0.697037
0.041636 9.9973E-05 0.0133579 9.9973E-05 9.9973E-05 0.13694 0.155263 0.652504
0.0611864 0.00754956 9.9973E-05 0.00920358 9.9973E-05 9.9973E-05 0.00806066 0.9137
0.0250366 0.00240603 9.9991E-05 0.0385145 0.00833947 0.0201599 0.146452 0.758991
9.9964E-05 9.9964E-05 0.0538789 0.0336311 0.0435811 9.9964E-05 9.9964E-05 0.868509
0.0169215 0.0263956 9.9973E-05 9.9973E-05 9.9973E-05 0.0482385 0.0277893 0.880355
9.9955E-05 9.9955E-05 0.06918 9.9955E-05 0.00366616 9.9955E-05 9.9955E-05 0.926654
9.9946E-05 9.9946E-05 9.9946E-05 0.0543682 9.9946E-05 9.9946E-05 9.9946E-05 0.945032
9.9964E-05 0.023209 0.128746 0.0185544 9.9964E-05 9.9964E-05 9.9964E-05 0.829091
0.00830755 9.9982E-05 0.00334576 9.9982E-05 0.0116805 0.0464375 0.27864 0.651389
0.0275203 9.9964E-05 0.0268625 9.9964E-05 0.0331019 9.9964E-05 9.9964E-05 0.912115
9.9973E-05 0.0358783 9.9973E-05 0.0357697 0.025945 9.9973E-05 0.0760094 0.826098
0.0298561 0.000417485 0.0264466 0.00891244 0.0697348 0.0284762 0.0391781 0.796978
9.9964E-05 0.081835 9.9964E-05 9.9964E-05 0.00648834 0.0240327 9.9964E-05 0.887244
9.9955E-05 0.0434309 9.9955E-05 9.9955E-05 9.9955E-05 0.0195668 9.9955E-05 0.936502
0.0826228 0.0469688 0.0331023 9.9982E-05 0.0175699 0.0224703 9.9982E-05 0.797066
9.9955E-05 9.9955E-05 0.0188821 9.9955E-05 9.9955E-05 0.0642023 9.9955E-05 0.916416
9.9955E-05 9.9955E-05 0.0102475 0.0345199 9.9955E-05 9.9955E-05 9.9955E-05 0.954733
9.9964E-05 0.00186204 0.11291 0.130193 9.9964E-05 9.9964E-05 9.9964E-05 0.754636
0.0569423 9.9991E-05 0.123453 0.0867905 0.0288948 0.106207 0.0225412 0.575072
0.061264 9.9973E-05 0.105381 0.106346 0.0173499 9.9973E-05 9.9973E-05 0.709359
0.0823166 9.9982E-05 0.0825691 0.0603385 0.00332828 0.043936 9.9982E-05 0.727312
0.0476377 9.9973E-05 0.0855592 0.124222 9.9973E-05 0.0100585 9.9973E-05 0.732222
0.0437089 9.9982E-05 0.0878929 0.0967825 0.0403346 0.00815076 9.9982E-05 0.72293
0.140025 9.9973E-05 9.9973E-05 0.132261 9.9973E-05 0.0292437 0.113658 0.584513
0.0531041 0.0167785 0.0166507 0.169747 0.0505295 0.0410109 9.9991E-05 0.652079
0.0614896 9.9991E-05 0.0369044 0.150999 0.0785112 0.0236865 0.079402 0.568907
0.0794954 0.0292679 0.0194495 0.0740195 0.0762819 0.0683657 0.139087 0.514033
0.0991758 0.0143624 9.9982E-05 0.153343 9.9982E-05 0.107696 0.0964416 0.528781
0.0599484 0.0172344 0.0728766 0.119023 0.076105 0.0237369 9.9991E-05 0.630975
0.131964 0.0256646 0.00359626 0.106752 0.093742 0.17292 9.9991E-05 0.465261
0.0539427 0.0351822 0.234198 0.0906087 0.0408179 9.9991E-05 0.0633535 0.481797
0.105551 0.025216 0.22645 0.0901311 0.0500885 9.9991E-05 0.062335 0.440129
0.0657897 0.00765214 9.9991E-05 0.176529 0.100358 0.222157 0.0160593 0.411354
9.994E-05 9.994E-05 9.994E-05 0.9993 9.994E-05 9.994E-05 9.994E-05 9.994E-05
0.00563096 0.0130023 0.0309635 0.920771 0.0152296 9.9991E-05 0.00390058 0.0104022
9.9964E-05 0.015363 0.0554318 0.875607 9.9964E-05 9.9964E-05 9.9964E-05 0.053198
9.994E-05 9.994E-05 9.994E-05 0.9993 9.994E-05 9.994E-05 9.994E-05 9.994E-05
9.994E-05 9.994E-05 9.994E-05 0.9993 9.994E-05 9.994E-05 9.994E-05 9.994E-05
9.994E-05 9.994E-05 9.994E-05 0.9993 9.994E-05 9.994E-05 9.994E-05 9.994E-05
9.994E-05 9.994E-05 9.994E-05 0.9993 9.994E-05 9.994E-05 9.994E-05 9.994E-05
9.9964E-05 9.9964E-05 0.0434532 0.887706 0.000211116 9.9964E-05 0.0682301 9.9964E-05
9.994E-05 9.994E-05 9.994E-05 0.9993 9.994E-05 9.994E-05 9.994E-05 9.994E-05
9.994E-05 9.994E-05 9.994E-05 0.9993 9.994E-05 9.994E-05 9.994E-05 9.994E-05
0.316316 9.9991E-05 0.0576979 0.111285 0.0843234 0.124929 0.0993913 0.205957
9.9955E-05 9.9955E-05 0.0394614 0.871566 9.9955E-05 9.9955E-05 9.9955E-05 0.088473
9.9946E-05 9.9946E-05 9.9946E-05 0.967027 9.9946E-05 0.0323734 9.9946E-05 9.9946E-05
9.9964E-05 9.9964E-05 0.0262926 0.954057 0.00033339 0.0189172 9.9964E-05 9.9964E-05
0.23177 9.9973E-05 0.0881848 0.114531 9.9973E-05 0.101264 9.9973E-05 0.46395
0.227659 9.9982E-05 0.116799 0.102924 0.0523373 0.0624386 9.9982E-05 0.437642
0.174418 9.9982E-05 0.149633 0.116752 0.0386588 0.0408321 9.9982E-05 0.479506
0.197608 9.9982E-05 0.103448 0.160978 0.058155 0.0575202 9.9982E-05 0.422092
0.245465 9.9982E-05 0.205407 0.0956091 0.0330833 0.0244699 9.9982E-05 0.395766
0.187585 9.9991E-05 0.265563 0.0691631 0.00948133 0.07933 0.164263 0.224515
0.129448 0.000622 0.174539 0.156911 0.00533045 0.0401315 0.0649088 0.428109
0.207976 9.9973E-05 0.15659 0.120439 9.9973E-05 0.054072 9.9973E-05 0.460623
0.139329 9.9982E-05 0.170983 0.196661 0.0880093 0.0783724 9.9982E-05 0.326445
0.144334 9.9982E-05 0.204965 0.202455 0.0440879 0.0779496 9.9982E-05 0.326008
0.147162 9.9991E-05 0.0872002 0.130791 0.0310164 0.0615541 0.056983 0.485193
0.0925106 9.9991E-05 0.202978 0.20443 0.0231867 0.0499223 0.0474688 0.379404
0.16092 0.0135268 0.104966 0.014706 0.0600822 0.0715316 9.9991E-05 0.574168
0.184025 9.9991E-05 0.113542 0.124954 0.0505979 0.0703234 0.00262922 0.453828
0.920494 9.9964E-05 9.9964E-05 9.9964E-05 9.9964E-05 0.0346874 0.00427773 0.0401413
0.893952 0.0284624 0.0289699 9.9973E-05 9.9973E-05 0.0117637 0.0365521 9.9973E-05
0.998847 9.9946E-05 9.9946E-05 9.9946E-05 9.9946E-05 0.000552997 9.9946E-05 9.9946E-05
0.9993 9.994E-05 9.994E-05 9.994E-05 9.994E-05 9.994E-05 9.994E-05 9.994E-05
0.986314 9.9955E-05 9.9955E-05 9.9955E-05 9.9955E-05 0.0044356 9.9955E-05 0.00875107
0.995663 9.9946E-05 9.9946E-05 9.9946E-05 0.00373708 9.9946E-05 9.9946E-05 9.9946E-05
0.97683 9.9946E-05 0.0225701 9.9946E-05 9.9946E-05 9.9946E-05 9.9946E-05 9.9946E-05
0.704713 0.0193545 0.110221 9.9964E-05 9.9964E-05 9.9964E-05 9.9964E-05 0.165312
0.9993 9.994E-05 9.994E-05 9.994E-05 9.994E-05 9.994E-05 9.994E-05 9.994E-05
0.9993 9.994E-05 9.994E-05 9.994E-05 9.994E-05 9.994E-05 9.994E-05 9.994E-05
0.882181 0.0149838 0.0759107 0.0265248 9.9964E-05 9.9964E-05 9.9964E-05 9.9964E-05
0.997396 9.9946E-05 9.9946E-05 9.9946E-05 9.9946E-05 0.00200387 9.9946E-05 9.9946E-05
0.746136 9.9973E-05 0.0196842 9.9973E-05 0.0770307 0.0349775 9.9973E-05 0.121872
9.994E-05 9.994E-05 9.994E-05 9.994E-05 0.9993 9.994E-05 9.994E-05 9.994E-05
0.20968 9.9982E-05 0.111408 0.146499 0.0852993 0.0682135 9.9982E-05 0.3787
9.994E-05 9.994E-05 9.994E-05 9.994E-05 0.9993 9.994E-05 9.994E-05 9.994E-05
9.994E-05 9.994E-05 9.994E-05 9.994E-05 0.9993 9.994E-05 9.994E-05 9.994E-05
9.9964E-05 0.0105493 0.06168 0.00511064 0.92226 9.9964E-05 9.9964E-05 9.9964E-05
0.0365925 0.00344019 9.9973E-05 9.9973E-05 0.776949 9.9973E-05 0.0373993 0.145319
9.994E-05 9.994E-05 9.994E-05 9.994E-05 0.9993 9.994E-05 9.994E-05 9.994E-05
0.0155942 9.9964E-05 0.0558489 9.9964E-05 0.834285 9.9964E-05 9.9964E-05 0.0938725
9.9955E-05 9.9955E-05 0.00710596 9.9955E-05 0.984059 0.00833557 9.9955E-05 9.9955E-05
9.99461E-05 9.99461E-05 9.99461E-05 9.99461E-05 0.97823 9.99461E-05 9.99461E-05 0.0211705
9.9955E-05 0.00213493 0.00212191 9.9955E-05 0.995243 9.9955E-05 9.9955E-05 9.9955E-05
9.994E-05 9.994E-05 9.994E-05 9.994E-05 0.9993 9.994E-05 9.994E-05 9.994E-05
0.0141885 9.9955E-05 9.9955E-05 0.00909052 0.976221 9.9955E-05 9.9955E-05 9.9955E-05
0.05578 9.9973E-05 9.9973E-05 0.0483184 0.837654 0.0568844 9.9973E-05 0.00106287
9.9964E-05 9.9964E-05 0.00439502 9.9964E-05 0.952391 0.00257428 9.9964E-05 0.0402393
9.9982E-05 0.00259529 0.00948973 0.0393507 0.884839 0.0328962 9.9982E-05 0.0306295
0.0644929 9.9973E-05 0.0323841 9.9973E-05 0.852144 0.0340059 9.9973E-05 0.0166729
0.00568613 0.0366651 9.9982E-05 0.0130279 0.882063 0.0532647 9.9982E-05 0.00909282
0.02977 0.00831842 0.000123033 9.9982E-05 0.93306 0.00398563 0.0245428 9.9982E-05
0.0748712 0.0257803 0.118343 0.0839486 0.041239 0.275745 9.9991E-05 0.379973
0.0709602 0.0210223 0.0989312 0.0336345 0.0556318 0.269804 0.00395814 0.446058
0.0423934 0.0411467 0.129414 0.0825716 0.0262016 0.26444 9.9991E-05 0.413732
0.0565665 0.0367831 0.156485 0.0835701 0.0506219 0.2261 9.9991E-05 0.389773
0.0345277 0.00672724 0.94069 9.9973E-05 9.9973E-05 9.9973E-05 0.00629399 0.0114613
9.994E-05 9.994E-05 0.9993 9.994E-05 9.994E-05 9.994E-05 9.994E-05 9.994E-05
9.9946E-05 9.9946E-05 0.982386 9.9946E-05 0.0170141 9.9946E-05 9.9946E-05 9.9946E-05
9.994E-05 9.994E-05 0.9993 9.994E-05 9.994E-05 9.994E-05 9.994E-05 9.994E-05
9.994E-05 9.994E-05 0.9993 9.994E-05 9.994E-05 9.994E-05 9.994E-05 9.994E-05
9.9964E-05 9.9964E-05 0.98915 0.00868832 0.0014937 9.9964E-05 0.000268396 9.9964E-05
9.9955E-05 0.015079 0.968367 9.9955E-05 9.9955E-05 0.0160543 9.9955E-05 9.9955E-05
0.0549562 0.0405643 0.823523 9.9982E-05 0.00861434 0.0376406 0.0345018 9.9982E-05
0.0393627 9.9973E-05 0.854134 9.9973E-05 0.00476153 0.0364099 0.0650321 9.9973E-05
9.994E-05 9.994E-05 9.994E-05 9.994E-05 9.994E-05 0.9993 9.994E-05 9.994E-05
9.994E-05 9.994E-05 9.994E-05 9.994E-05 9.994E-05 0.9993 9.994E-05 9.994E-05
9.994E-05 9.994E-05 9.994E-05 9.994E-05 9.994E-05 0.9993 9.994E-05 9.994E-05
9.994E-05 9.994E-05 9.994E-05 9.994E-05 9.994E-05 0.9993 9.994E-05 9.994E-05
9.994E-05 9.994E-05 9.994E-05 9.994E-05 9.994E-05 0.9993 9.994E-05 9.994E-05
9.9973E-05 9.9973E-05 0.00667322 0.0194661 0.00880534 0.949972 0.0147832 9.9973E-05
0.00676074 9.9973E-05 9.9973E-05 9.9973E-05 0.0103155 0.945663 0.0116067 0.0253541
9.994E-05 9.994E-05 9.994E-05 9.994E-05 9.994E-05 0.9993 9.994E-05 9.994E-05
9.9946E-05 9.9946E-05 0.0128561 9.9946E-05 9.9946E-05 0.986544 9.9946E-05 9.9946E-05
0.0360799 9.9973E-05 9.9973E-05 0.0122894 0.000377486 0.914115 9.9973E-05 0.0368379
9.994E-05 9.994E-05 9.994E-05 9.994E-05 9.994E-05 0.9993 9.994E-05 9.994E-05
9.994E-05 9.994E-05 9.994E-05 9.994E-05 9.994E-05 0.9993 9.994E-05 9.994E-05
