9.994E-05 0.9993 9.994E-05 9.994E-05 9.994E-05 9.994E-05 9.994E-05 9.994E-05
0.058096 0.248501 9.9964E-05 9.9964E-05 9.9964E-05 9.9964E-05 0.625264 0.0677391
0.0447449 0.196813 9.9964E-05 9.9964E-05 9.9964E-05 9.9964E-05 0.638608 0.119434
9.99551E-05 0.207164 9.99551E-05 0.140986 9.99551E-05 9.99551E-05 0.651351 9.99551E-05
9.9982E-05 0.104671 0.109775 0.0605897 0.0570331 9.9982E-05 0.664372 0.00335984
9.9973E-05 0.15895 0.0132641 0.199916 9.9973E-05 9.9973E-05 0.603074 0.0244957
9.9946E-05 0.296423 9.9946E-05 9.9946E-05 9.9946E-05 9.9946E-05 0.702978 9.9946E-05
0.0195432 0.266527 9.9982E-05 0.029153 9.9982E-05 0.0062278 0.585298 0.0930515
0.0114131 0.170964 9.9982E-05 0.0407173 0.0323187 9.9982E-05 0.659031 0.0853562
9.994E-05 0.9993 9.994E-05 9.994E-05 9.994E-05 9.994E-05 9.994E-05 9.994E-05
9.994E-05 0.9993 9.994E-05 9.994E-05 9.994E-05 9.994E-05 9.994E-05 9.994E-05
0.00406959 0.989042 0.00638873 9.9955E-05 9.9955E-05 9.9955E-05 9.9955E-05 9.9955E-05
9.994E-05 0.9993 9.994E-05 9.994E-05 9.994E-05 9.994E-05 9.994E-05 9.994E-05
9.9955E-05 0.942872 0.0429537 9.9955E-05 9.9955E-05 9.9955E-05 0.0136746 9.9955E-05
0.000332979 0.959044 0.0278244 9.9964E-05 9.9964E-05 0.0123988 9.9964E-05 9.9964E-05
9.9973E-05 0.194007 9.9973E-05 0.217932 0.0972921 9.9973E-05 0.479931 0.0105374
0.0688832 0.234979 0.123708 0.0962225 0.0589255 0.0486685 0.348846 0.0197663
9.9955E-05 0.195482 9.9955E-05 0.0854153 9.9955E-05 9.9955E-05 0.718603 9.9955E-05
0.0369455 9.9973E-05 0.0503263 0.00870588 0.0251499 9.9973E-05 0.878573 9.9973E-05
0.00315221 9.9964E-05 0.0426529 9.9964E-05 9.9964E-05 0.0454364 0.908359 9.9964E-05
0.0431714 0.0455431 9.9964E-05 9.9964E-05 0.0527949 9.9964E-05 0.858091 9.9964E-05
0.0208782 9.9982E-05 0.0633011 0.0920634 9.9982E-05 0.00369754 0.76931 0.0505494
9.9973E-05 9.9973E-05 0.0782766 9.9973E-05 0.0211294 0.0105312 0.847881 0.0418823
9.9955E-05 9.9955E-05 0.0592061 9.9955E-05 9.9955E-05 0.0235544 0.91674 9.9955E-05
0.000292634 9.9973E-05 9.9973E-05 0.107872 0.0101976 0.0246575 0.856681 9.9973E-05
9.9964E-05 9.9964E-05 9.9964E-05 0.249016 0.0431754 0.051901 0.655508 9.9964E-05
9.9973E-05 9.9973E-05 0.0254874 0.0905805 0.112543 9.9973E-05 0.707102 0.0639868
9.9955E-05 9.9955E-05 9.9955E-05 0.00309871 9.9955E-05 9.9955E-05 0.974251 0.0221509
9.999E-05 0.0242958 0.0246477 0.108571 0.0510036 0.0261435 0.764271 0.00096796
9.9955E-05 0.0147176 9.9955E-05 0.0809451 9.9955E-05 9.9955E-05 0.903837 9.9955E-05
9.9964E-05 9.9964E-05 0.0385927 9.9964E-05 0.0101941 0.0130811 0.937732 9.9964E-05
0.00749494 9.99876E-05 9.99876E-05 0.090799 0.0349555 0.0506693 0.803399 0.012482
0.0209796 9.9991E-05 0.0172245 0.172812 0.0345605 0.0190824 0.708129 0.0271121
9.999E-05 0.0394697 0.0220444 0.161851 0.020993 0.0911688 0.589344 0.0750292
9.9955E-05 9.9955E-05 0.164699 9.9955E-05 9.9955E-05 9.9955E-05 0.808959 0.0258419
9.9964E-05 0.0304525 9.9964E-05 0.0361797 0.00747536 9.9964E-05 0.925493 9.9964E-05
9.9964E-05 9.9964E-05 0.0193188 0.394681 0.0342094 9.9964E-05 0.551391 9.9964E-05
0.00319124 9.9991E-05 0.0601575 0.224621 0.0937148 0.0243527 0.582685 0.0111772
0.0564736 0.0137515 9.9982E-05 0.234254 0.113476 9.9982E-05 0.556194 0.0256506
0.0171161 9.9982E-05 0.0140591 0.311147 0.0511159 0.0279803 0.578382 9.9982E-05
0.0280067 9.9982E-05 9.9982E-05 0.736388 0.0597061 0.0531934 0.0866652 0.035841
0.0030984 0.018679 9.9973E-05 0.892146 9.9973E-05 0.081183 9.9973E-05 0.0045936
0.0217024 0.0603406 9.9982E-05 0.549216 9.9982E-05 0.0549048 0.253691 0.0599456
0.0135803 9.9964E-05 9.9964E-05 0.925311 9.9964E-05 0.0181242 0.042585 9.9964E-05
9.9982E-05 9.9982E-05 0.0139991 0.663922 0.0613462 0.0327103 0.205141 0.0226817
9.9955E-05 0.00249432 9.9955E-05 0.978927 9.9955E-05 9.9955E-05 0.0180793 9.9955E-05
9.9946E-05 0.00161621 9.9946E-05 0.997784 9.9946E-05 9.9946E-05 9.9946E-05 9.9946E-05
9.9964E-05 9.9964E-05 9.9964E-05 0.570642 0.0160586 9.9964E-05 0.36094 0.0519596
9.9982E-05 0.0947137 9.9982E-05 0.604066 0.0982417 0.0628804 0.115565 0.024334
0.0306536 0.092954 9.9973E-05 0.443512 9.9973E-05 0.0464127 0.386167 9.9973E-05
0.0151342 0.0356865 9.9982E-05 0.633804 0.0661757 9.9982E-05 0.227403 0.0215966
9.9973E-05 0.0111722 0.0321485 0.789229 9.9973E-05 9.9973E-05 0.131028 0.0361218
9.9946E-05 0.0344457 9.9946E-05 0.964955 9.9946E-05 9.9946E-05 9.9946E-05 9.9946E-05
9.9982E-05 0.0258903 0.0744614 0.649692 0.0379096 0.0113016 0.200545 9.9982E-05
0.0245153 0.048692 0.0717231 0.65 0.0269732 0.0347622 0.132698 0.0106363
9.9964E-05 9.9964E-05 9.9964E-05 0.70154 9.9964E-05 0.0408 0.180122 0.077138
9.999E-05 0.0701452 0.00627074 0.550326 0.095186 0.0346926 0.178759 0.0645209
0.0217665 9.9982E-05 0.0160728 0.615828 0.0801088 0.0473289 0.218695 9.9982E-05
9.99461E-05 0.013878 9.99461E-05 0.985522 9.99461E-05 9.99461E-05 9.99461E-05 9.99461E-05
0.0063079 0.0672878 9.9973E-05 0.587811 0.100641 9.9973E-05 0.237652 9.9973E-05
9.9964E-05 9.9964E-05 9.9964E-05 0.639943 0.0767996 0.0747912 0.208066 9.9964E-05
0.0298067 0.0391723 9.9973E-05 0.812515 9.9973E-05 0.0850753 0.0331306 9.9973E-05
0.021808 0.00786949 0.0287317 0.786901 0.0343993 9.9991E-05 0.109682 0.0105083
9.9973E-05 9.9973E-05 0.0550771 0.907919 0.00909633 0.0270885 9.9973E-05 0.000519362
9.9964E-05 0.0165214 9.9964E-05 0.826955 9.9964E-05 0.0301797 0.125944 9.9964E-05
9.9955E-05 9.9955E-05 0.0699686 0.9023 9.9955E-05 9.9955E-05 9.9955E-05 0.0272319
0.0109606 9.9946E-05 9.9946E-05 0.98844 9.9946E-05 9.9946E-05 9.9946E-05 9.9946E-05
9.9964E-05 0.0332364 0.127926 0.807237 9.9964E-05 9.9964E-05 9.9964E-05 0.0312004
9.9964E-05 9.9964E-05 9.9964E-05 0.626223 0.0470612 9.9964E-05 0.319074 0.00724186
9.99551E-05 9.99551E-05 0.0366996 0.955868 9.99551E-05 9.99551E-05 9.99551E-05 0.00693246
0.0422024 0.0447401 9.9973E-05 0.789053 9.9973E-05 9.9973E-05 0.099946 0.0237584
0.0205772 9.9982E-05 0.0172449 0.815968 9.9982E-05 0.0258612 0.0677422 0.0524066
9.9955E-05 0.0850637 9.9955E-05 0.911029 0.00340733 9.9955E-05 9.9955E-05 9.9955E-05
9.9955E-05 0.0559249 9.9955E-05 0.926786 0.0167895 9.9955E-05 9.9955E-05 9.9955E-05
9.9991E-05 0.0324811 0.00968694 0.824843 0.00761019 0.0852044 0.0249107 0.0151636
9.9955E-05 9.9955E-05 0.00620942 0.904834 0.088457 9.9955E-05 9.9955E-05 9.9955E-05
9.9946E-05 9.9946E-05 9.9946E-05 0.955586 9.9946E-05 9.9946E-05 9.9946E-05 0.0438142
0.126043 0.00118784 0.0884119 0.76955 9.9982E-05 0.013368 0.00123921 9.9982E-05
0.0804978 9.9982E-05 0.060106 0.704181 0.0685869 0.0450803 9.9982E-05 0.0413476
0.0895179 9.9982E-05 0.0553879 0.812285 0.0317713 0.00567997 9.9982E-05 0.0051581
0.0420945 9.9982E-05 0.00930509 0.869415 0.0172703 0.0463706 9.9982E-05 0.0153441
0.125066 9.9973E-05 0.0265502 0.823117 0.0172359 0.00773062 9.9973E-05 9.9973E-05
0.0939566 9.9982E-05 0.0215693 0.818886 0.0285683 0.0139383 9.9982E-05 0.0228814
0.140307 9.9973E-05 9.9973E-05 0.535378 0.0699215 0.135605 0.118488 9.9973E-05
0.186385 9.9982E-05 0.0509408 0.615081 0.0264437 0.0178135 0.103136 9.9982E-05
0.174581 9.9991E-05 0.0252748 0.59131 0.0370721 0.0118226 0.0788703 0.0809694
0.089428 0.0254695 0.00674228 0.502156 0.0798603 0.0583461 0.173598 0.0643999
0.119244 9.9973E-05 9.9973E-05 0.607678 0.0637482 0.102694 0.106337 9.9973E-05
0.133912 0.0215287 0.0857487 0.590682 0.0315712 0.0876553 9.9991E-05 0.0488027
0.113721 0.00371721 0.0209064 0.506615 0.112399 0.119442 0.0540241 0.0691753
0.0938456 0.0335974 0.20074 0.550247 9.9991E-05 0.0322961 0.0626222 0.0265515
0.0642889 0.0421161 0.194046 0.53209 9.9991E-05 0.0727253 0.0521116 0.0425222
0.189679 0.015792 9.9991E-05 0.426838 0.19471 0.0639373 0.0313367 0.0776072
0.9993 9.994E-05 9.994E-05 9.994E-05 9.994E-05 9.994E-05 9.994E-05 9.994E-05
0.918601 0.00212912 9.9973E-05 0.0227506 9.9973E-05 0.0158968 9.9973E-05 0.0403226
0.851846 9.9982E-05 0.0697499 0.0571586 0.00792376 9.9982E-05 0.0037031 0.00941906
0.9993 9.994E-05 9.994E-05 9.994E-05 9.994E-05 9.994E-05 9.994E-05 9.994E-05
0.9993 9.994E-05 9.994E-05 9.994E-05 9.994E-05 9.994E-05 9.994E-05 9.994E-05
0.9993 9.994E-05 9.994E-05 9.994E-05 9.994E-05 9.994E-05 9.994E-05 9.994E-05
0.971229 9.9955E-05 9.9955E-05 9.9955E-05 9.9955E-05 0.00625491 0.022016 9.9955E-05
0.887106 9.9973E-05 0.0078056 9.9973E-05 0.0285535 9.9973E-05 0.0741378 0.00209675
0.9993 9.994E-05 9.994E-05 9.994E-05 9.994E-05 9.994E-05 9.994E-05 9.994E-05
0.9993 9.994E-05 9.994E-05 9.994E-05 9.994E-05 9.994E-05 9.994E-05 9.994E-05
0.0786266 9.9991E-05 0.087272 0.251886 0.113977 0.272648 0.117784 0.0777071
0.891468 0.00380588 0.0285088 0.0758175 9.9964E-05 9.9964E-05 9.9964E-05 9.9964E-05
0.9993 9.994E-05 9.994E-05 9.994E-05 9.994E-05 9.994E-05 9.994E-05 9.994E-05
0.948145 9.9964E-05 0.00419971 0.032786 9.9964E-05 0.0144693 9.9964E-05 9.9964E-05
0.11886 0.00994993 0.0410295 0.517201 0.106405 0.165184 9.9991E-05 0.0412697
0.106918 9.9991E-05 0.0451399 0.586598 0.05807 0.159548 0.0027555 0.040871
0.109383 0.0167348 0.0995372 0.545157 0.0513805 0.153884 9.9991E-05 0.023823
0.152492 9.9982E-05 0.0461853 0.511785 0.0773519 0.165959 9.9982E-05 0.0460267
0.110507 9.9982E-05 0.0982092 0.496358 0.0573763 0.213732 9.9982E-05 0.0236176
0.0888905 9.9982E-05 0.168884 0.295242 0.0522815 0.174404 0.220097 9.9982E-05
0.130256 0.000295162 0.102622 0.589289 0.038924 0.125288 9.9991E-05 0.0132262
0.118713 9.9973E-05 0.118323 0.527787 0.0436894 0.191188 9.9973E-05 9.9973E-05
0.194245 9.9991E-05 0.154643 0.417178 0.052061 0.0938913 0.0196689 0.0682127
0.19041 9.9991E-05 0.156692 0.469283 0.0431621 0.0893245 0.000268801 0.0507597
0.119736 9.9991E-05 0.06747 0.462614 0.110059 0.117288 0.0840986 0.0386339
0.156696 0.00425349 0.170754 0.522541 0.0708634 0.0294621 0.00160321 0.0438269
0.108752 9.9982E-05 0.0547285 0.522579 0.104268 0.147091 9.9982E-05 0.0623824
0.129097 9.9991E-05 0.0810084 0.514152 0.0506379 0.17374 0.0141687 0.037096
0.0230048 9.9973E-05 0.0097322 9.9973E-05 9.9973E-05 0.926284 0.0185846 0.0220944
0.0152344 0.0370906 0.0397179 9.9982E-05 0.0367435 0.849678 0.021335 9.9982E-05
9.994E-05 9.994E-05 9.994E-05 9.994E-05 9.994E-05 0.9993 9.994E-05 9.994E-05
9.994E-05 9.994E-05 9.994E-05 9.994E-05 9.994E-05 0.9993 9.994E-05 9.994E-05
9.9946E-05 9.9946E-05 9.9946E-05 9.9946E-05 9.9946E-05 0.997597 9.9946E-05 0.0018036
0.00502993 9.9946E-05 9.9946E-05 9.9946E-05 9.9946E-05 0.99437 9.9946E-05 9.9946E-05
9.9946E-05 9.9946E-05 9.9946E-05 0.00587531 9.9946E-05 0.993525 9.9946E-05 9.9946E-05
9.9964E-05 0.050371 0.145673 9.9964E-05 9.9964E-05 0.75425 0.0493056 9.9964E-05
9.994E-05 9.994E-05 9.994E-05 9.994E-05 9.994E-05 0.9993 9.994E-05 9.994E-05
9.9946E-05 9.9946E-05 9.9946E-05 9.9946E-05 9.9946E-05 0.997805 9.9946E-05 0.00159553
0.0258608 0.00931889 0.0766045 9.9973E-05 9.9973E-05 0.885024 9.9973E-05 0.00289163
9.994E-05 9.994E-05 9.994E-05 9.994E-05 9.994E-05 0.9993 9.994E-05 9.994E-05
9.9964E-05 9.9964E-05 0.0284004 0.193418 9.9964E-05 0.705602 9.9964E-05 0.0721798
9.994E-05 9.994E-05 9.994E-05 9.994E-05 9.994E-05 9.994E-05 9.994E-05 0.9993
0.153658 9.9982E-05 0.0789971 0.48484 0.0576077 0.150342 9.9982E-05 0.0743555
9.994E-05 9.994E-05 9.994E-05 9.994E-05 9.994E-05 9.994E-05 9.994E-05 0.9993
9.994E-05 9.994E-05 9.994E-05 9.994E-05 9.994E-05 9.994E-05 9.994E-05 0.9993
0.00264926 9.9964E-05 0.0794383 9.9964E-05 9.9964E-05 9.9964E-05 0.000630157 0.916882
9.9973E-05 0.0162744 0.00476513 0.0940023 9.9973E-05 0.113233 9.9973E-05 0.771425
9.994E-05 9.994E-05 9.994E-05 9.994E-05 9.994E-05 9.994E-05 9.994E-05 0.9993
9.9964E-05 9.9964E-05 0.0121631 0.0124859 9.9964E-05 0.0443608 9.9964E-05 0.93059
0.00590449 9.9955E-05 9.9955E-05 9.9955E-05 0.00393419 9.9955E-05 9.9955E-05 0.989662
0.0132212 9.9964E-05 9.9964E-05 0.0129613 9.9964E-05 9.9964E-05 0.0283412 0.945076
9.9955E-05 9.9955E-05 9.9955E-05 9.9955E-05 0.00169191 9.9955E-05 0.0242022 0.973606
9.9946E-05 9.9946E-05 9.9946E-05 0.00119122 9.9946E-05 9.9946E-05 9.9946E-05 0.998209
9.9964E-05 0.00664936 9.9964E-05 9.9964E-05 0.000649048 0.0341529 9.9964E-05 0.958149
0.0505901 9.9973E-05 9.9973E-05 0.0707629 0.0208037 0.049913 9.9973E-05 0.80763
9.9964E-05 0.0223484 0.00219525 9.9964E-05 0.009182 9.9964E-05 9.9964E-05 0.965875
0.0380577 0.00616546 0.0282522 0.0657962 9.9973E-05 9.9973E-05 9.9973E-05 0.861429
9.9964E-05 0.022953 9.9964E-05 0.0661984 0.0407382 9.9964E-05 9.9964E-05 0.869711
0.001867 0.0214722 9.9991E-05 0.0572702 0.0639422 0.0103679 0.000916013 0.844064
9.9964E-05 9.9964E-05 9.9964E-05 0.016614 0.0220563 0.00429189 9.9964E-05 0.956638
0.0642079 0.0181194 0.0963673 0.455843 0.26395 0.0610291 9.9991E-05 0.0403835
0.0503536 0.00649402 0.125998 0.459135 0.287953 0.0273526 9.9991E-05 0.0426141
0.109791 0.0666927 0.0968625 0.400553 0.268563 0.0375178 9.9991E-05 0.0199196
0.0592378 0.0494599 0.114976 0.440725 0.252816 9.9982E-05 9.9982E-05 0.0825861
9.9964E-05 9.9964E-05 0.936536 9.9964E-05 0.0113437 0.0504205 0.00129975 9.9964E-05
9.994E-05 9.994E-05 0.9993 9.994E-05 9.994E-05 9.994E-05 9.994E-05 9.994E-05
0.00579647 9.9946E-05 0.993604 9.9946E-05 9.9946E-05 9.9946E-05 9.9946E-05 9.9946E-05
9.994E-05 9.994E-05 0.9993 9.994E-05 9.994E-05 9.994E-05 9.994E-05 9.994E-05
9.994E-05 9.994E-05 0.9993 9.994E-05 9.994E-05 9.994E-05 9.994E-05 9.994E-05
9.9973E-05 0.00203588 0.92997 0.012029 0.054499 0.00116639 9.9973E-05 9.9973E-05
0.00788445 0.00240692 0.912079 0.0452597 0.0240802 0.00808991 9.9982E-05 9.9982E-05
9.99897E-05 9.99897E-05 0.765988 0.0769724 0.0148106 0.0149956 0.0884794 0.0385545
9.9973E-05 9.9973E-05 0.86167 0.074766 9.9973E-05 0.0149544 0.0473743 0.000935319
9.9964E-05 9.9964E-05 0.00566707 0.00188939 0.988297 0.00374718 9.9964E-05 9.9964E-05
0.00464332 9.9973E-05 0.013393 0.00285742 0.978251 9.9973E-05 9.9973E-05 0.000555453
9.994E-05 9.994E-05 9.994E-05 9.994E-05 0.9993 9.994E-05 9.994E-05 9.994E-05
9.994E-05 9.994E-05 9.994E-05 9.994E-05 0.9993 9.994E-05 9.994E-05 9.994E-05
9.994E-05 9.994E-05 9.994E-05 9.994E-05 0.9993 9.994E-05 9.994E-05 9.994E-05
0.0401889 0.00968602 0.00483635 0.000268733 0.914526 9.9991E-05 0.0107289 0.0196656
9.994E-05 9.994E-05 9.994E-05 9.994E-05 0.9993 9.994E-05 9.994E-05 9.994E-05
9.994E-05 9.994E-05 9.994E-05 9.994E-05 0.9993 9.994E-05 9.994E-05 9.994E-05
9.9964E-05 9.9964E-05 0.0268033 0.0165792 0.932177 0.0240404 9.9964E-05 9.9964E-05
9.9955E-05 9.9955E-05 9.9955E-05 9.9955E-05 0.963933 0.014755 9.9955E-05 0.0208119
9.994E-05 9.994E-05 9.994E-05 9.994E-05 0.9993 9.994E-05 9.994E-05 9.994E-05
9.994E-05 9.994E-05 9.994E-05 9.994E-05 0.9993 9.994E-05 9.994E-05 9.994E-05
