9.994E-05 9.994E-05 9.994E-05 9.994E-05 0.9993 9.994E-05 9.994E-05 9.994E-05
0.0940248 9.9964E-05 0.591235 9.9964E-05 0.252495 9.9964E-05 0.0618454 9.9964E-05
0.102329 9.9964E-05 0.623221 9.9964E-05 0.235097 9.9964E-05 0.0389535 9.9964E-05
9.99551E-05 9.99551E-05 0.629408 0.143858 0.226233 9.99551E-05 9.99551E-05 9.99551E-05
9.9982E-05 0.00558391 0.590799 0.152444 0.124354 0.0659814 9.9982E-05 0.0606379
0.034681 9.9973E-05 0.571879 0.216397 0.175126 0.00161816 9.9973E-05 9.9973E-05
9.9946E-05 9.9946E-05 0.709213 9.9946E-05 0.290188 9.9946E-05 9.9946E-05 9.9946E-05
0.0777974 0.0240438 0.469816 0.15694 0.268556 9.9982E-05 0.00264673 9.9982E-05
0.0489372 9.9973E-05 0.746524 9.9973E-05 0.148576 9.9973E-05 0.0269404 0.0287232
9.994E-05 9.994E-05 9.994E-05 9.994E-05 0.9993 9.994E-05 9.994E-05 9.994E-05
9.994E-05 9.994E-05 9.994E-05 9.994E-05 0.9993 9.994E-05 9.994E-05 9.994E-05
9.994E-05 9.994E-05 9.994E-05 9.994E-05 0.9993 9.994E-05 9.994E-05 9.994E-05
9.994E-05 9.994E-05 9.994E-05 9.994E-05 0.9993 9.994E-05 9.994E-05 9.994E-05
9.9955E-05 9.9955E-05 0.00147627 9.9955E-05 0.924753 0.0732714 9.9955E-05 9.9955E-05
9.9955E-05 9.9955E-05 9.9955E-05 0.0254862 0.955051 0.018963 9.9955E-05 9.9955E-05
0.0262294 0.011792 0.4222 0.309607 0.192183 0.006559 9.9991E-05 0.0313301
0.109956 0.0248658 0.354225 0.0975316 0.218999 0.0807386 0.0440461 0.0696384
0.000353761 9.9964E-05 0.644579 0.160241 0.194426 9.9964E-05 9.9964E-05 9.9964E-05
9.9964E-05 9.9964E-05 0.856796 0.0785123 9.9964E-05 0.0404524 9.9964E-05 0.0238398
9.9955E-05 0.0116133 0.935384 9.9955E-05 9.9955E-05 0.0525027 9.9955E-05 9.9955E-05
9.9964E-05 9.9964E-05 0.893419 9.9964E-05 0.0179197 9.9964E-05 0.0226787 0.0655832
0.070183 0.00634895 0.773544 0.0661521 9.9982E-05 0.0781266 0.00544569 9.9982E-05
0.0320153 9.9964E-05 0.865222 9.9964E-05 9.9964E-05 0.0927468 9.9964E-05 0.00961649
9.9964E-05 0.0472175 0.914188 9.9964E-05 0.00234286 0.0358522 9.9964E-05 9.9964E-05
9.9964E-05 9.9964E-05 0.934853 0.00437875 9.9964E-05 9.9964E-05 0.0503978 0.00997017
9.9973E-05 0.0386826 0.655414 0.181571 9.9973E-05 0.0486735 9.9973E-05 0.0753599
0.0627127 9.9973E-05 0.695126 0.107423 9.9973E-05 0.0609927 9.9973E-05 0.0734458
0.00514283 0.0224713 0.911366 0.0506354 9.9973E-05 0.0100844 9.9973E-05 9.9973E-05
9.9982E-05 0.0365265 0.77475 0.0716887 0.029236 0.0391771 9.9982E-05 0.0484216
9.9955E-05 9.9955E-05 0.950345 9.9955E-05 0.0296832 9.9955E-05 9.9955E-05 0.0194719
9.9964E-05 9.9964E-05 0.925262 9.9964E-05 0.0270854 0.0470259 9.9964E-05 0.000227177
9.9982E-05 0.0626005 0.768302 0.133201 9.9982E-05 0.0209692 0.00312736 0.0116001
0.0220904 0.0168527 0.755686 0.151554 9.9991E-05 0.00366497 0.0117451 0.0383068
0.0805213 0.1216 0.628812 0.0816912 0.037033 9.9991E-05 0.00696051 0.0432818
0.0753099 0.0393901 0.783481 9.9973E-05 9.9973E-05 0.100947 0.00057215 9.9973E-05
9.9964E-05 9.9964E-05 0.894261 0.0297764 0.0685296 9.9964E-05 9.9964E-05 0.00703311
9.9955E-05 9.9955E-05 0.499478 0.482885 9.9955E-05 0.0171371 9.9955E-05 9.9955E-05
0.0287842 0.00238335 0.531874 0.292644 9.9982E-05 0.0654981 9.9982E-05 0.0786158
0.0476713 9.9982E-05 0.501779 0.246822 0.0126604 9.9982E-05 0.0588284 0.132039
9.9982E-05 0.0100635 0.546409 0.349807 9.9982E-05 0.00743709 0.0261792 0.059904
0.0509487 0.0359982 0.0711769 0.804754 9.9982E-05 9.9982E-05 0.0363838 0.000538605
0.0807121 9.9982E-05 0.0805972 0.780389 0.00986666 9.9982E-05 0.00335564 0.0448796
0.0438082 0.0858784 0.210181 0.592189 0.0534796 9.9982E-05 0.0142636 9.9982E-05
9.9964E-05 0.0333125 0.101021 0.855431 9.9964E-05 9.9964E-05 9.9964E-05 0.00983529
0.0325638 0.0349497 0.157516 0.74375 9.9973E-05 9.9973E-05 9.9973E-05 0.0309209
0.0224316 9.9955E-05 9.9955E-05 0.959353 0.0177159 9.9955E-05 9.9955E-05 9.9955E-05
9.9955E-05 9.9955E-05 0.00212453 0.985581 0.0117951 9.9955E-05 9.9955E-05 9.9955E-05
0.0428773 0.0301529 0.39165 0.489012 9.9982E-05 0.0334521 9.9982E-05 0.0126552
0.0326807 0.0738692 0.142727 0.600759 0.0631859 9.9982E-05 9.9982E-05 0.0865779
0.0265328 0.0659045 0.394749 0.392198 0.0922486 0.0109075 0.0170955 0.000363424
0.0498723 9.9982E-05 0.318671 0.543934 0.00539264 9.9982E-05 0.0184591 0.0634712
0.0197452 9.99806E-05 0.141969 0.782961 0.0220438 0.032981 9.99806E-05 9.99806E-05
9.9964E-05 9.9964E-05 0.0667187 0.855003 0.0393107 9.9964E-05 9.9964E-05 0.0385681
9.999E-05 0.0194669 0.147471 0.664571 0.0397807 0.0933466 0.00135078 0.0339135
0.0280798 0.0332141 0.191629 0.581631 0.0376079 0.0670818 0.0436823 0.0170744
0.0879006 0.0566548 0.139697 0.715348 9.9964E-05 9.9964E-05 9.9964E-05 9.9964E-05
0.0586327 0.0753785 0.22286 0.476282 0.0413467 9.9991E-05 0.0412089 0.0841911
9.9982E-05 0.0172419 0.213365 0.692476 9.9982E-05 0.00452979 0.00971193 0.0624752
9.9946E-05 9.9946E-05 9.9946E-05 0.981978 0.0174218 9.9946E-05 9.9946E-05 9.9946E-05
9.9973E-05 9.9973E-05 0.187853 0.619627 0.0213707 9.9973E-05 0.061452 0.109397
9.9973E-05 0.0581649 0.214939 0.619427 9.9973E-05 0.00411354 9.9973E-05 0.103055
9.9973E-05 0.0397184 0.0445636 0.867175 0.0301381 9.9973E-05 0.0181046 9.9973E-05
0.0477224 0.0140906 0.0575806 0.756783 0.0159549 0.0119016 0.0578624 0.0381041
0.023346 9.9964E-05 9.9964E-05 0.842237 9.9964E-05 0.05437 9.9964E-05 0.0796467
9.9973E-05 0.0217582 0.156684 0.806924 0.00685483 9.9973E-05 9.9973E-05 0.00747935
0.0255305 9.9955E-05 9.9955E-05 0.917082 9.9955E-05 0.0568879 9.9955E-05 9.9955E-05
9.9946E-05 9.9946E-05 9.9946E-05 0.969253 9.9946E-05 9.9946E-05 0.0301475 9.9946E-05
0.0505181 0.000251876 9.9973E-05 0.807212 0.0133504 0.128368 9.9973E-05 9.9973E-05
0.0104857 9.9964E-05 0.289715 0.654342 9.9964E-05 9.9964E-05 9.9964E-05 0.0450582
0.00993142 0.00225928 9.9964E-05 0.947 9.9964E-05 0.0404094 9.9964E-05 9.9964E-05
0.0226505 0.0220454 0.0405173 0.809941 0.0463607 9.9982E-05 0.0582852 9.9982E-05
0.0334276 0.0546362 0.0562451 0.756102 9.9982E-05 9.9982E-05 0.0738901 0.0254995
9.9946E-05 9.9946E-05 9.9946E-05 0.916855 0.082545 9.9946E-05 9.9946E-05 9.9946E-05
9.9955E-05 9.9955E-05 9.9955E-05 0.939212 0.0412915 9.9955E-05 9.9955E-05 0.0189969
0.00369877 0.0629536 9.9973E-05 0.842571 0.0457779 0.0446989 9.9973E-05 9.9973E-05
9.9964E-05 9.9964E-05 9.9964E-05 0.942161 0.00120102 0.00384353 9.9964E-05 0.052395
9.994E-05 9.994E-05 9.994E-05 0.9993 9.994E-05 9.994E-05 9.994E-05 9.994E-05
9.9973E-05 9.9973E-05 0.00775973 0.73818 0.0439789 0.109986 0.0997962 9.9973E-05
0.027662 0.111468 9.9982E-05 0.678392 9.9982E-05 0.0517296 0.103729 0.0268187
9.9973E-05 0.041819 9.9973E-05 0.75258 9.9973E-05 0.0640583 0.110432 0.030811
0.00291036 0.0634986 9.9982E-05 0.791054 9.9982E-05 0.0453952 0.0533616 0.0435797
0.0075312 0.0319419 9.9982E-05 0.744165 9.9982E-05 0.0384594 0.140835 0.0368676
0.0230118 0.035887 9.9982E-05 0.733246 9.9982E-05 0.0361287 0.124133 0.0473934
9.9982E-05 0.0787371 0.211631 0.480148 9.9982E-05 0.0251287 0.145971 0.0581835
0.00563593 0.00370689 0.0104254 0.726004 9.9991E-05 0.0178972 0.195952 0.0402788
0.100045 0.0520314 0.0111412 0.628418 0.00866708 0.0261616 0.16279 0.0107451
0.0791742 0.0809653 0.16476 0.486362 0.0329824 9.9991E-05 0.0833554 0.072301
9.9973E-05 0.101057 0.107218 0.570537 9.9973E-05 9.9973E-05 0.152517 0.0683704
0.0579319 0.0803723 9.9973E-05 0.63958 9.9973E-05 0.0322747 0.189541 9.9973E-05
0.101276 0.143983 0.0494545 0.442772 0.00166181 0.0290549 0.10596 0.125837
0.0449653 0.0167412 0.0302271 0.600693 0.0387522 0.176683 0.0918382 9.9991E-05
0.0574021 0.0798886 0.018216 0.586337 0.0366293 0.162102 0.0593258 9.9991E-05
0.0684844 0.105766 0.0377001 0.350485 0.0276841 9.9991E-05 0.208814 0.200967
9.994E-05 9.994E-05 9.994E-05 9.994E-05 9.994E-05 9.994E-05 0.9993 9.994E-05
9.9955E-05 9.9955E-05 9.9955E-05 0.027082 0.0307413 9.9955E-05 0.941677 9.9955E-05
9.9973E-05 9.9973E-05 9.9973E-05 0.0588508 0.0130878 0.0708128 0.841446 0.0155025
9.994E-05 9.994E-05 9.994E-05 9.994E-05 9.994E-05 9.994E-05 0.9993 9.994E-05
9.994E-05 9.994E-05 9.994E-05 9.994E-05 9.994E-05 9.994E-05 0.9993 9.994E-05
9.994E-05 9.994E-05 9.994E-05 9.994E-05 9.994E-05 9.994E-05 0.9993 9.994E-05
9.9946E-05 0.00263103 9.9946E-05 9.9946E-05 9.9946E-05 9.9946E-05 0.996769 9.9946E-05
9.9955E-05 9.9955E-05 0.0731999 9.9955E-05 9.9955E-05 9.9955E-05 0.903342 0.0229583
9.994E-05 9.994E-05 9.994E-05 9.994E-05 9.994E-05 9.994E-05 0.9993 9.994E-05
9.994E-05 9.994E-05 9.994E-05 9.994E-05 9.994E-05 9.994E-05 0.9993 9.994E-05
0.0847679 0.287266 0.0898875 0.224507 9.9991E-05 0.0538636 0.123812 0.135795
0.0225309 9.9973E-05 9.9973E-05 0.0198191 9.9973E-05 0.0578014 0.879562 0.0199865
9.9946E-05 9.9946E-05 9.9946E-05 9.9946E-05 9.9946E-05 9.9946E-05 0.996541 0.00285899
9.9973E-05 0.00202239 9.9973E-05 9.9973E-05 0.0230452 0.0130337 0.952059 0.0095396
0.0737263 0.192775 9.9982E-05 0.470686 9.9982E-05 0.0574963 0.0906629 0.114453
0.067921 0.179155 9.9982E-05 0.490393 9.9982E-05 0.0741319 0.124177 0.0640226
0.0643748 0.180851 9.9982E-05 0.48853 9.9982E-05 0.100947 0.101381 0.0637162
0.0559411 0.168598 9.9982E-05 0.474656 9.9982E-05 0.07222 0.165447 0.062938
0.0589163 0.22936 9.9982E-05 0.404673 9.9982E-05 0.109963 0.115812 0.0810758
0.00355487 0.171212 0.12903 0.405726 9.9991E-05 0.176394 0.0829884 0.030995
0.0451265 0.185539 0.0529542 0.369474 9.9991E-05 0.153196 0.132624 0.0609851
0.0198488 0.192185 9.9982E-05 0.506415 9.9982E-05 0.105804 0.130798 0.0447485
0.0704438 0.118995 0.000992343 0.428012 9.9991E-05 0.120313 0.194473 0.0666698
0.0515975 0.0990414 0.0140963 0.440751 9.9991E-05 0.165256 0.17521 0.0539476
0.0367231 0.109377 0.0737599 0.477391 9.9991E-05 0.0841004 0.123473 0.0950749
0.0319255 0.0540223 0.0288839 0.499817 9.9991E-05 0.165809 0.161556 0.0578862
0.0520196 0.171687 9.9991E-05 0.533401 0.00861306 0.137368 0.0666423 0.0301691
0.0659337 0.202764 0.0106115 0.549327 9.9991E-05 0.0267568 0.109884 0.0346235
0.0132127 0.875426 9.9973E-05 0.0894858 9.9973E-05 0.00968618 0.011889 9.9973E-05
9.9973E-05 0.864461 0.0337057 9.9973E-05 0.0103685 0.0416055 9.9973E-05 0.0495596
9.994E-05 0.9993 9.994E-05 9.994E-05 9.994E-05 9.994E-05 9.994E-05 9.994E-05
9.9955E-05 0.987976 0.00523076 9.9955E-05 9.9955E-05 0.00629322 9.9955E-05 9.9955E-05
9.994E-05 0.9993 9.994E-05 9.994E-05 9.994E-05 9.994E-05 9.994E-05 9.994E-05
9.9955E-05 0.972748 0.00654685 9.9955E-05 9.9955E-05 9.9955E-05 0.0202056 9.9955E-05
9.994E-05 0.9993 9.994E-05 9.994E-05 9.994E-05 9.994E-05 9.994E-05 9.994E-05
9.9973E-05 0.743549 9.9973E-05 0.117514 0.033368 0.0973863 9.9973E-05 0.00788212
9.994E-05 0.9993 9.994E-05 9.994E-05 9.994E-05 9.994E-05 9.994E-05 9.994E-05
9.994E-05 0.9993 9.994E-05 9.994E-05 9.994E-05 9.994E-05 9.994E-05 9.994E-05
9.9964E-05 0.866441 9.9964E-05 9.9964E-05 0.0207409 0.0694761 0.0429426 9.9964E-05
9.9946E-05 0.996084 9.9946E-05 9.9946E-05 9.9946E-05 9.9946E-05 9.9946E-05 0.00331622
0.0997799 0.760015 9.99551E-05 0.139705 9.99551E-05 9.99551E-05 9.99551E-05 9.99551E-05
0.9993 9.994E-05 9.994E-05 9.994E-05 9.994E-05 9.994E-05 9.994E-05 9.994E-05
0.0664303 0.150323 9.9982E-05 0.474287 9.9982E-05 0.0703264 0.184609 0.0538247
0.9993 9.994E-05 9.994E-05 9.994E-05 9.994E-05 9.994E-05 9.994E-05 9.994E-05
0.9993 9.994E-05 9.994E-05 9.994E-05 9.994E-05 9.994E-05 9.994E-05 9.994E-05
0.933338 9.99461E-05 9.99461E-05 9.99461E-05 9.99461E-05 0.0660627 9.99461E-05 9.99461E-05
0.784872 9.9982E-05 0.0992818 0.0413605 0.00450254 0.0348139 9.9982E-05 0.0349694
0.9993 9.994E-05 9.994E-05 9.994E-05 9.994E-05 9.994E-05 9.994E-05 9.994E-05
0.863955 0.0213583 9.9982E-05 0.0777638 0.000978486 0.000780927 0.0349637 9.9982E-05
0.984108 9.9955E-05 9.9955E-05 9.9955E-05 9.9955E-05 0.00954786 9.9955E-05 0.00584467
0.943585 0.0298403 0.0260749 9.9955E-05 9.9955E-05 9.9955E-05 9.9955E-05 9.9955E-05
0.993503 9.9946E-05 9.9946E-05 9.9946E-05 0.00589752 9.9946E-05 9.9946E-05 9.9946E-05
0.963119 9.9946E-05 9.9946E-05 0.0362812 9.9946E-05 9.9946E-05 9.9946E-05 9.9946E-05
0.984249 0.0151514 9.9946E-05 9.9946E-05 9.9946E-05 9.9946E-05 9.9946E-05 9.9946E-05
0.796688 0.0453342 9.9982E-05 0.0537717 9.9982E-05 0.0170569 0.0395591 0.04739
0.955226 9.9964E-05 9.9964E-05 0.0093338 0.0200804 0.0149599 9.9964E-05 9.9964E-05
0.873353 0.00513365 9.9982E-05 0.0686277 0.0208677 0.00539714 0.0264204 9.9982E-05
0.872785 0.0244747 0.0118672 0.0159539 0.0056233 0.020338 0.0131561 0.0358022
0.883574 0.0134726 9.9982E-05 0.0297876 0.0154722 0.0357232 9.9982E-05 0.0217699
0.973384 0.0115876 9.9964E-05 9.9964E-05 9.9964E-05 9.9964E-05 0.00094802 0.0136806
0.0515915 0.0578961 9.9991E-05 0.346729 0.0354206 0.12699 0.0672762 0.313997
0.0142791 0.059453 9.9991E-05 0.355742 0.0339761 0.162051 0.0853875 0.289011
0.0417454 9.9982E-05 9.9982E-05 0.386277 0.0388055 0.146823 0.108952 0.277197
0.0767959 9.9982E-05 9.9982E-05 0.393658 0.0507709 0.116589 0.050741 0.311246
9.9964E-05 0.0442297 0.0110963 0.0161554 9.9964E-05 0.928119 9.9964E-05 9.9964E-05
9.994E-05 9.994E-05 9.994E-05 9.994E-05 9.994E-05 0.9993 9.994E-05 9.994E-05
0.00534468 9.9955E-05 9.9955E-05 9.9955E-05 9.9955E-05 0.991261 9.9955E-05 0.00289481
9.994E-05 9.994E-05 9.994E-05 9.994E-05 9.994E-05 0.9993 9.994E-05 9.994E-05
0.00661196 9.9964E-05 9.9964E-05 9.9964E-05 9.9964E-05 0.963651 0.0126758 0.0166614
9.9955E-05 9.9955E-05 9.9955E-05 9.9955E-05 9.9955E-05 0.949672 0.0148916 0.0349362
0.00585551 9.9973E-05 0.0121021 9.9973E-05 0.00304812 0.969151 9.9973E-05 0.00954307
0.0247521 0.0270857 0.0547637 0.0864299 0.033023 0.720519 0.00467378 0.0487532
0.00538583 9.9982E-05 0.062427 0.0295968 0.0133795 0.843838 9.9982E-05 0.0451729
9.9955E-05 0.000363983 9.9955E-05 9.9955E-05 0.00023664 9.9955E-05 9.9955E-05 0.9989
9.994E-05 9.994E-05 9.994E-05 9.994E-05 9.994E-05 9.994E-05 9.994E-05 0.9993
9.994E-05 9.994E-05 9.994E-05 9.994E-05 9.994E-05 9.994E-05 9.994E-05 0.9993
9.994E-05 9.994E-05 9.994E-05 9.994E-05 9.994E-05 9.994E-05 9.994E-05 0.9993
9.994E-05 9.994E-05 9.994E-05 9.994E-05 9.994E-05 9.994E-05 9.994E-05 0.9993
9.9982E-05 9.9982E-05 0.0125703 0.0539992 0.00104646 0.0289068 0.00944332 0.893834
9.994E-05 9.994E-05 9.994E-05 9.994E-05 9.994E-05 9.994E-05 9.994E-05 0.9993
9.994E-05 9.994E-05 9.994E-05 9.994E-05 9.994E-05 9.994E-05 9.994E-05 0.9993
0.00169055 9.9955E-05 9.9955E-05 9.9955E-05 9.9955E-05 0.0123796 9.9955E-05 0.98543
0.00984868 0.0397214 9.9964E-05 0.0105903 9.9964E-05 9.9964E-05 9.9964E-05 0.93944
9.9946E-05 9.9946E-05 9.9946E-05 9.9946E-05 9.9946E-05 9.9946E-05 0.00531372 0.994087
9.9946E-05 9.9946E-05 9.9946E-05 0.0549319 9.9946E-05 9.9946E-05 9.9946E-05 0.944468
