9.994E-05 0.9993 9.994E-05 9.994E-05 9.994E-05 9.994E-05 9.994E-05 9.994E-05
9.9973E-05 0.168192 0.693913 0.0328111 9.9973E-05 9.9973E-05 0.00634725 0.0984363
9.994E-05 9.994E-05 9.994E-05 0.9993 9.994E-05 9.994E-05 9.994E-05 9.994E-05
9.9964E-05 9.9964E-05 9.9964E-05 0.908713 0.0826303 0.00814489 9.9964E-05 0.000111814
9.9955E-05 9.9955E-05 0.915734 9.9955E-05 9.9955E-05 0.0435815 9.9955E-05 0.0401847
9.9973E-05 0.0632608 0.822786 0.036648 0.0525449 9.9973E-05 0.0244601 9.9973E-05
9.9955E-05 0.0155153 0.972358 9.9955E-05 9.9955E-05 9.9955E-05 9.9955E-05 0.0116267
9.9946E-05 9.9946E-05 0.93866 9.9946E-05 0.0607406 9.9946E-05 9.9946E-05 9.9946E-05
0.0422547 0.0754713 0.287653 0.400183 0.0602853 0.102081 9.9991E-05 0.0319725
9.9982E-05 0.133705 0.179151 0.266529 0.0877865 0.0666365 9.9982E-05 0.265992
9.9955E-05 9.9955E-05 9.9955E-05 9.9955E-05 0.179391 0.000859977 0.819249 9.9955E-05
9.9946E-05 9.9946E-05 0.0236928 9.9946E-05 9.9946E-05 9.9946E-05 0.975708 9.9946E-05
9.9955E-05 0.040431 0.0390056 9.9955E-05 9.9955E-05 9.9955E-05 0.920064 9.9955E-05
9.9964E-05 9.9964E-05 9.9964E-05 0.101301 0.750584 9.9964E-05 0.0201573 0.127558
0.038157 9.9973E-05 0.021054 0.0748535 9.9973E-05 9.9973E-05 0.786259 0.0793767
9.9955E-05 0.0141293 9.9955E-05 9.9955E-05 0.666268 9.9955E-05 0.319103 9.9955E-05
9.9955E-05 9.9955E-05 9.9955E-05 9.9955E-05 0.655431 0.0276087 0.316461 9.9955E-05
0.275178 9.9955E-05 9.9955E-05 0.0213549 0.702967 9.9955E-05 9.9955E-05 9.9955E-05
0.154226 9.9955E-05 9.9955E-05 9.9955E-05 0.0850082 9.9955E-05 0.760266 9.9955E-05
9.9946E-05 9.9946E-05 9.9946E-05 0.108902 0.890498 9.9946E-05 9.9946E-05 9.9946E-05
0.0347761 0.0480198 9.9982E-05 0.0436499 0.725685 9.9982E-05 0.0889971 0.058672
0.0966636 9.9973E-05 0.380322 9.9973E-05 0.500518 9.9973E-05 0.0182573 0.00393992
9.9955E-05 0.0814163 9.9955E-05 9.9955E-05 0.816652 9.9955E-05 0.101431 9.9955E-05
9.994E-05 9.994E-05 9.994E-05 9.994E-05 0.9993 9.994E-05 9.994E-05 9.994E-05
0.182302 9.9964E-05 9.9964E-05 9.9964E-05 0.229376 9.9964E-05 0.434441 0.153481
0.0701167 0.0847828 0.039566 9.9982E-05 0.372507 9.9982E-05 0.333969 0.0988585
0.107272 9.9955E-05 9.9955E-05 9.9955E-05 9.9955E-05 0.168954 0.723275 9.9955E-05
0.0654834 9.9982E-05 0.00112133 0.0386248 9.9982E-05 0.00342107 0.589055 0.302094
0.207246 9.9955E-05 9.9955E-05 9.9955E-05 9.9955E-05 9.9955E-05 0.690763 0.101491
9.9946E-05 9.9946E-05 9.9946E-05 9.9946E-05 9.9946E-05 9.9946E-05 0.819686 0.179715
0.416749 9.9964E-05 9.9964E-05 0.171996 9.9964E-05 0.108302 9.9964E-05 0.302554
0.340673 0.0587182 0.0656586 0.149182 9.9982E-05 0.212741 9.9982E-05 0.172828
0.903518 9.9964E-05 9.9964E-05 9.9964E-05 9.9964E-05 0.00244514 0.0795161 0.0141204
0.603201 9.9964E-05 0.0189969 9.9964E-05 0.0466294 0.330772 9.9964E-05 9.9964E-05
0.733195 9.9955E-05 9.9955E-05 9.9955E-05 0.0447718 9.9955E-05 0.221533 9.9955E-05
0.944601 0.037332 9.9955E-05 9.9955E-05 9.9955E-05 9.9955E-05 9.9955E-05 0.0175676
0.72709 0.00032869 0.224842 0.0028556 0.0445839 9.9973E-05 9.9973E-05 9.9973E-05
0.875343 0.0535093 9.9964E-05 9.9964E-05 9.9964E-05 9.9964E-05 0.0445316 0.0262162
0.952451 9.9946E-05 9.9946E-05 9.9946E-05 9.9946E-05 0.0469495 9.9946E-05 9.9946E-05
0.582753 0.0436124 9.9964E-05 9.9964E-05 9.9964E-05 9.9964E-05 0.112592 0.260643
0.93157 9.9946E-05 0.0678302 9.9946E-05 9.9946E-05 9.9946E-05 9.9946E-05 9.9946E-05
0.237898 0.0683233 9.9982E-05 0.0689162 9.9982E-05 0.193091 0.161315 0.270256
0.833213 9.9964E-05 0.0226137 9.9964E-05 9.9964E-05 9.9964E-05 0.0858039 0.0579699
0.726294 0.0118013 0.0272513 9.9982E-05 0.0702369 0.1613 0.00291653 9.9982E-05
0.10592 0.00307591 9.9982E-05 0.0972512 9.9982E-05 0.536545 0.076328 0.18068
0.0262364 9.9973E-05 0.0837844 9.9973E-05 9.9973E-05 0.614708 0.191359 0.0836125
0.255734 9.99551E-05 9.99551E-05 9.99551E-05 9.99551E-05 0.742949 9.99551E-05 0.000816754
9.9946E-05 9.9946E-05 9.9946E-05 9.9946E-05 9.9946E-05 0.980438 9.9946E-05 0.018962
0.31037 9.9973E-05 0.0758057 0.0826691 9.9973E-05 0.338147 0.192709 9.9973E-05
0.252632 0.0368262 0.0766438 0.0487975 9.9991E-05 0.426243 0.0289943 0.129764
9.9955E-05 9.9955E-05 9.9955E-05 9.9955E-05 0.0589431 0.856936 9.9955E-05 0.0836209
9.9955E-05 0.0471422 9.9955E-05 9.9955E-05 0.00981377 0.942544 9.9955E-05 9.9955E-05
9.9964E-05 0.00495322 9.9964E-05 9.9964E-05 0.0499543 0.807109 9.9964E-05 0.137584
0.164943 9.9964E-05 9.9964E-05 9.9964E-05 0.0305671 0.730354 9.9964E-05 0.0737355
0.0483889 9.9955E-05 9.9955E-05 0.00914034 9.9955E-05 0.941971 9.9955E-05 9.9955E-05
9.99461E-05 9.99461E-05 9.99461E-05 9.99461E-05 9.99461E-05 0.914661 9.99461E-05 0.0847392
0.142217 9.9982E-05 0.0302806 9.9982E-05 0.0360788 0.00332348 0.00121543 0.786685
0.0724278 9.9973E-05 0.152218 9.9973E-05 0.103698 0.152319 9.9973E-05 0.519037
9.9964E-05 9.9964E-05 9.9964E-05 0.0427229 0.0342355 0.348411 9.9964E-05 0.57423
0.118635 9.9973E-05 0.172615 9.9973E-05 9.9973E-05 0.0218833 0.0571804 0.629386
0.0335934 9.9964E-05 9.9964E-05 9.9964E-05 0.103062 0.0935738 9.9964E-05 0.769371
0.256132 0.0336407 9.9964E-05 0.0594696 9.9964E-05 9.9964E-05 9.9964E-05 0.650357
0.0415241 0.0671909 9.9964E-05 9.9964E-05 9.9964E-05 0.100667 9.9964E-05 0.790218
9.99461E-05 9.99461E-05 0.0229967 9.99461E-05 9.99461E-05 9.99461E-05 9.99461E-05 0.976404
0.127307 0.00517123 9.9964E-05 9.9964E-05 0.0717986 9.9964E-05 9.9964E-05 0.795323
0.0554012 0.00845437 9.996E-05 9.996E-05 9.996E-05 9.996E-05 0.0535373 0.882207
0.0858408 9.9955E-05 9.9955E-05 9.9955E-05 9.9955E-05 9.9955E-05 0.013867 0.899792
9.9964E-05 9.9964E-05 9.9964E-05 9.9964E-05 0.0526111 0.0171373 0.00725169 0.9226
0.0615374 9.9946E-05 9.9946E-05 9.9946E-05 9.9946E-05 9.9946E-05 9.9946E-05 0.937863
9.9964E-05 0.00323277 9.9964E-05 0.0202995 9.9964E-05 0.132304 9.9964E-05 0.843764
0.156447 9.99461E-05 9.99461E-05 9.99461E-05 9.99461E-05 9.99461E-05 9.99461E-05 0.842953
0.12752 9.9964E-05 0.121293 9.9964E-05 9.9964E-05 0.045684 9.9964E-05 0.705104
9.9955E-05 9.9955E-05 9.9955E-05 0.024654 9.9955E-05 0.0915149 9.9955E-05 0.883331
0.201452 0.0260096 9.996E-05 9.996E-05 0.0336583 9.996E-05 9.996E-05 0.73848
9.9964E-05 9.9964E-05 9.9964E-05 0.00014198 0.0494409 9.9964E-05 0.00334135 0.946676
9.994E-05 9.994E-05 9.994E-05 9.994E-05 9.994E-05 9.994E-05 9.994E-05 0.9993
0.248387 0.03831 9.9964E-05 9.9964E-05 9.9964E-05 9.9964E-05 0.103843 0.609061
