9.98921E-05 9.98921E-05 9.98921E-05 9.98921E-05 9.98921E-05 9.98921E-05 9.98921E-05 9.98921E-05 9.98921E-05 9.98921E-05 9.98921E-05 9.98921E-05 0.998801
0.154991 9.9946E-05 9.9946E-05 9.9946E-05 9.9946E-05 9.9946E-05 0.0373049 0.0816181 0.296475 0.032402 9.9946E-05 0.018505 0.378104
9.98921E-05 9.98921E-05 9.98921E-05 9.98921E-05 9.98921E-05 9.98921E-05 0.998801 9.98921E-05 9.98921E-05 9.98921E-05 9.98921E-05 9.98921E-05 9.98921E-05
9.9937E-05 0.0308852 0.00710747 9.9937E-05 0.0602959 0.0411509 0.83098 9.9937E-05 9.9937E-05 9.9937E-05 9.9937E-05 0.0288814 9.9937E-05
9.99011E-05 9.99011E-05 9.99011E-05 9.99011E-05 9.99011E-05 9.99011E-05 0.00191862 9.99011E-05 0.996982 9.99011E-05 9.99011E-05 9.99011E-05 9.99011E-05
9.9928E-05 9.9928E-05 9.9928E-05 0.0266839 0.0475402 9.9928E-05 0.0651646 9.9928E-05 9.9928E-05 9.9928E-05 0.0145737 9.9928E-05 0.845238
9.9973E-05 0.00829246 0.0402795 0.0217672 0.000306481 0.0552061 9.9973E-05 0.0579465 0.0330106 0.00300463 9.9973E-05 0.00981652 0.77007
9.98921E-05 9.98921E-05 9.98921E-05 9.98921E-05 9.98921E-05 9.98921E-05 9.98921E-05 9.98921E-05 0.998801 9.98921E-05 9.98921E-05 9.98921E-05 9.98921E-05
9.9946E-05 0.00435573 9.9946E-05 9.9946E-05 0.0214238 0.0204797 0.22238 9.9946E-05 0.115923 0.368443 9.9946E-05 9.9946E-05 0.246395
9.9955E-05 9.9955E-05 0.0382345 0.0439843 9.9955E-05 9.9955E-05 0.0656017 0.052831 0.684559 9.9955E-05 0.043051 0.046396 0.0248425
0.15275 9.9928E-05 9.9928E-05 0.52816 0.182133 9.9928E-05 9.9928E-05 9.9928E-05 9.9928E-05 9.9928E-05 0.0976539 0.0385035 9.9928E-05
9.99011E-05 9.99011E-05 9.99011E-05 0.977424 9.99011E-05 9.99011E-05 9.99011E-05 9.99011E-05 0.0214773 9.99011E-05 9.99011E-05 9.99011E-05 9.99011E-05
9.99011E-05 9.99011E-05 9.99011E-05 0.880451 9.99011E-05 9.99011E-05 9.99011E-05 9.99011E-05 9.99011E-05 9.99011E-05 9.99011E-05 9.99011E-05 0.11845
0.0157899 0.0706322 9.9946E-05 0.679801 0.0946273 0.0340036 0.0752751 9.9946E-05 9.9946E-05 9.9946E-05 9.9946E-05 0.0292712 9.9946E-05
0.0139271 0.0283107 0.0574837 0.794437 9.9946E-05 9.9946E-05 0.00596745 9.9946E-05 9.9946E-05 9.9946E-05 9.9946E-05 0.0579732 0.0413017
0.282558 0.232626 9.9946E-05 0.390391 0.0531989 9.9946E-05 0.0288982 0.00838163 9.9946E-05 9.9946E-05 9.9946E-05 0.00334695 9.9946E-05
0.0352411 9.99011E-05 9.99011E-05 9.99011E-05 0.96366 9.99011E-05 9.99011E-05 9.99011E-05 9.99011E-05 9.99011E-05 9.99011E-05 9.99011E-05 9.99011E-05
0.154942 0.123939 0.0429837 9.9946E-05 0.319141 0.039244 9.9946E-05 0.133716 9.9946E-05 0.185435 9.9946E-05 9.9946E-05 9.9946E-05
9.9928E-05 0.0288214 0.159982 0.780359 0.00576915 0.024269 9.9928E-05 9.9928E-05 9.9928E-05 9.9928E-05 9.9928E-05 9.9928E-05 9.9928E-05
9.9892E-05 0.998801 9.9892E-05 9.9892E-05 9.9892E-05 9.9892E-05 9.9892E-05 9.9892E-05 9.9892E-05 9.9892E-05 9.9892E-05 9.9892E-05 9.9892E-05
0.00584827 0.149804 0.0159102 0.21066 0.303864 0.0176019 9.9964E-05 0.133241 9.9964E-05 0.00494505 9.9964E-05 9.9964E-05 0.157726
0.816379 9.9928E-05 0.0120344 9.9928E-05 9.9928E-05 9.9928E-05 0.000668201 9.9928E-05 0.152816 0.0173032 9.9928E-05 9.9928E-05 9.9928E-05
0.998801 9.98921E-05 9.98921E-05 9.98921E-05 9.98921E-05 9.98921E-05 9.98921E-05 9.98921E-05 9.98921E-05 9.98921E-05 9.98921E-05 9.98921E-05 9.98921E-05
9.98921E-05 9.98921E-05 9.98921E-05 9.98921E-05 0.998801 9.98921E-05 9.98921E-05 9.98921E-05 9.98921E-05 9.98921E-05 9.98921E-05 9.98921E-05 9.98921E-05
9.9946E-05 0.0396109 0.0307972 0.726008 0.0266809 9.9946E-05 9.9946E-05 0.12607 9.9946E-05 9.9946E-05 0.0436237 0.00660958 9.9946E-05
0.00762959 9.9928E-05 0.075386 0.750345 9.9928E-05 9.9928E-05 9.9928E-05 0.113815 9.9928E-05 9.9928E-05 9.9928E-05 9.9928E-05 0.0520252
9.9928E-05 9.9928E-05 0.130818 0.308258 0.100984 0.176695 9.9928E-05 9.9928E-05 9.9928E-05 0.282445 9.9928E-05 9.9928E-05 9.9928E-05
0.0553645 9.9946E-05 0.0335976 0.449056 9.9946E-05 0.0289189 0.0762144 0.343087 9.9946E-05 9.9946E-05 0.0131621 9.9946E-05 9.9946E-05
0.0442773 9.9937E-05 0.188056 0.536774 9.9937E-05 9.9937E-05 9.9937E-05 0.179417 9.9937E-05 0.0485531 9.9937E-05 0.00222247 9.9937E-05
9.99191E-05 9.99191E-05 9.99191E-05 0.672901 9.99191E-05 9.99191E-05 9.99191E-05 0.189142 9.99191E-05 0.132406 0.0046514 9.99191E-05 9.99191E-05
9.9901E-05 9.9901E-05 9.9901E-05 9.9901E-05 9.9901E-05 9.9901E-05 9.9901E-05 0.0344034 9.9901E-05 0.964498 9.9901E-05 9.9901E-05 9.9901E-05
9.9892E-05 9.9892E-05 9.9892E-05 9.9892E-05 9.9892E-05 9.9892E-05 9.9892E-05 9.9892E-05 9.9892E-05 0.998801 9.9892E-05 9.9892E-05 9.9892E-05
0.0195393 9.9919E-05 0.822868 9.9919E-05 9.9919E-05 9.9919E-05 0.0307728 0.12592 9.9919E-05 9.9919E-05 9.9919E-05 9.9919E-05 9.9919E-05
9.99191E-05 0.00198567 0.923938 9.99191E-05 0.0543275 9.99191E-05 9.99191E-05 9.99191E-05 9.99191E-05 9.99191E-05 0.0188492 9.99191E-05 9.99191E-05
0.00164711 0.0167918 0.630402 0.174671 9.9946E-05 9.9946E-05 0.00732551 0.010673 9.9946E-05 0.15789 9.9946E-05 9.9946E-05 9.9946E-05
9.99191E-05 9.99191E-05 0.915171 9.99191E-05 9.99191E-05 9.99191E-05 9.99191E-05 9.99191E-05 9.99191E-05 0.0523556 9.99191E-05 0.00286264 0.0287116
0.0044729 0.0668273 0.61577 9.9937E-05 9.9937E-05 9.9937E-05 9.9937E-05 9.9937E-05 0.211063 9.9937E-05 0.042043 9.9937E-05 0.0591243
0.048013 0.0216426 0.910902 9.99281E-05 9.99281E-05 9.99281E-05 9.99281E-05 0.0081736 9.99281E-05 0.010469 9.99281E-05 9.99281E-05 9.99281E-05
9.9928E-05 0.0114356 0.869507 9.9928E-05 9.9928E-05 0.0783008 9.9928E-05 9.9928E-05 9.9928E-05 9.9928E-05 0.0124084 0.0275492 9.9928E-05
0.0250202 9.9955E-05 0.613578 0.0115791 9.9955E-05 9.9955E-05 0.0308898 0.26649 9.9955E-05 9.9955E-05 0.00744931 0.0337906 0.0107025
9.99101E-05 9.99101E-05 0.89495 9.99101E-05 9.99101E-05 9.99101E-05 9.99101E-05 0.0168264 0.00580537 0.0815194 9.99101E-05 9.99101E-05 9.99101E-05
0.0183436 9.9955E-05 0.347207 0.136985 9.9955E-05 0.0776703 0.0383862 0.272672 0.0661644 9.9955E-05 9.9955E-05 9.9955E-05 0.0420714
9.9946E-05 9.9946E-05 0.505776 0.0341131 9.9946E-05 9.9946E-05 0.0146699 0.131527 0.0606189 0.189057 0.0636378 9.9946E-05 9.9946E-05
9.9946E-05 9.9946E-05 0.789516 9.9946E-05 0.0663602 0.0145057 9.9946E-05 0.033812 0.0341879 9.9946E-05 0.0574901 0.00352834 9.9946E-05
9.9892E-05 9.9892E-05 9.9892E-05 9.9892E-05 9.9892E-05 9.9892E-05 9.9892E-05 9.9892E-05 9.9892E-05 9.9892E-05 0.998801 9.9892E-05 9.9892E-05
9.9919E-05 9.9919E-05 9.9919E-05 0.172474 9.9919E-05 0.692755 9.9919E-05 9.9919E-05 9.9919E-05 0.117345 9.9919E-05 9.9919E-05 0.0165264
9.9955E-05 9.9955E-05 0.0335658 9.9955E-05 0.074969 0.706055 0.0110577 0.11212 9.9955E-05 0.0309298 0.0116159 0.0191872 9.9955E-05
9.991E-05 9.991E-05 9.991E-05 9.991E-05 9.991E-05 0.835972 9.991E-05 0.0595956 9.991E-05 0.103433 9.991E-05 9.991E-05 9.991E-05
9.9946E-05 0.0342561 0.171558 0.124933 9.9946E-05 0.449229 0.0186078 0.0289355 0.171881 9.9946E-05 9.9946E-05 9.9946E-05 9.9946E-05
9.9955E-05 9.9955E-05 0.200336 0.0384646 9.9955E-05 0.264696 0.0531402 0.179387 0.0985613 0.00197817 0.162938 9.9955E-05 9.9955E-05
0.0244819 0.000509568 0.0422694 9.9946E-05 9.9946E-05 0.856275 9.9946E-05 0.0535725 9.9946E-05 0.00269855 0.0195937 9.9946E-05 9.9946E-05
9.99011E-05 9.99011E-05 9.99011E-05 9.99011E-05 9.99011E-05 0.946642 9.99011E-05 9.99011E-05 9.99011E-05 9.99011E-05 9.99011E-05 9.99011E-05 0.0522593
0.00446026 9.99281E-05 9.99281E-05 9.99281E-05 0.0217822 0.852452 9.99281E-05 0.0920332 9.99281E-05 9.99281E-05 0.0284727 9.99281E-05 9.99281E-05
0.0396744 9.9919E-05 0.173799 9.9919E-05 9.9919E-05 0.737733 9.9919E-05 9.9919E-05 9.9919E-05 9.9919E-05 0.0478943 9.9919E-05 9.9919E-05
9.9937E-05 0.0104642 0.0853049 9.9937E-05 9.9937E-05 0.834466 9.9937E-05 0.0103677 9.9937E-05 0.0573638 0.00133397 9.9937E-05 9.9937E-05
9.99371E-05 9.99371E-05 9.99371E-05 0.0153275 9.99371E-05 0.91653 0.00905485 0.0270764 9.99371E-05 9.99371E-05 9.99371E-05 0.030698 0.000613404
0.0118153 9.9955E-05 0.0123892 0.047468 9.9955E-05 9.9955E-05 0.029268 0.786901 9.9955E-05 0.0838712 9.9955E-05 0.0142503 0.0135374
9.9937E-05 9.9937E-05 9.9937E-05 0.0833052 9.9937E-05 0.110812 0.0367871 0.664307 0.0133627 0.0907259 9.9937E-05 9.9937E-05 9.9937E-05
9.9937E-05 9.9937E-05 9.9937E-05 9.9937E-05 0.0334233 0.125312 0.0121737 0.650208 0.0222536 0.15593 9.9937E-05 9.9937E-05 9.9937E-05
0.0636111 9.9946E-05 0.0700656 0.00448896 9.9946E-05 9.9946E-05 9.9946E-05 0.711353 0.109524 0.0346701 9.9946E-05 9.9946E-05 0.00568753
9.9937E-05 0.0501445 9.9937E-05 9.9937E-05 9.9937E-05 0.0785568 9.9937E-05 0.77698 9.9937E-05 0.0209409 0.0450634 9.9937E-05 0.0276152
9.993E-05 9.993E-05 0.253416 9.993E-05 9.993E-05 0.00364628 0.0791923 0.589543 0.00580209 9.993E-05 9.993E-05 0.0677016 9.993E-05
0.0484044 9.99281E-05 0.133837 9.99281E-05 9.99281E-05 9.99281E-05 9.99281E-05 0.770129 0.0390777 9.99281E-05 0.00775197 9.99281E-05 9.99281E-05
9.99012E-05 9.99012E-05 9.99012E-05 9.99012E-05 9.99012E-05 9.99012E-05 9.99012E-05 0.957092 9.99012E-05 9.99012E-05 9.99012E-05 0.0418091 9.99012E-05
0.0160003 0.0260963 0.0946074 9.9937E-05 0.00591889 9.9937E-05 9.9937E-05 0.85288 9.9937E-05 9.9937E-05 9.9937E-05 0.0037973 9.9937E-05
9.99101E-05 9.99101E-05 9.99101E-05 0.00620558 0.000689917 9.99101E-05 9.99101E-05 0.992105 9.99101E-05 9.99101E-05 9.99101E-05 9.99101E-05 9.99101E-05
9.99011E-05 9.99011E-05 9.99011E-05 9.99011E-05 9.99011E-05 9.99011E-05 9.99011E-05 0.996447 9.99011E-05 9.99011E-05 0.00245365 9.99011E-05 9.99011E-05
0.00155763 9.99101E-05 9.99101E-05 9.99101E-05 9.99101E-05 9.99101E-05 0.0346173 0.962826 9.99101E-05 9.99101E-05 9.99101E-05 9.99101E-05 9.99101E-05
9.99011E-05 9.99011E-05 9.99011E-05 9.99011E-05 9.99011E-05 9.99011E-05 9.99011E-05 0.994802 9.99011E-05 9.99011E-05 9.99011E-05 0.00409878 9.99011E-05
9.99101E-05 9.99101E-05 9.99101E-05 9.99101E-05 9.99101E-05 0.00653084 0.0237942 0.968676 9.99101E-05 9.99101E-05 9.99101E-05 9.99101E-05 9.99101E-05
9.99281E-05 0.00376884 0.0314605 9.99281E-05 0.0235856 0.0762098 9.99281E-05 0.864176 9.99281E-05 9.99281E-05 9.99281E-05 9.99281E-05 9.99281E-05
9.99281E-05 0.0204673 0.198554 9.99281E-05 9.99281E-05 9.99281E-05 9.99281E-05 0.691288 9.99281E-05 9.99281E-05 9.99281E-05 0.0111346 0.0777572
9.99191E-05 9.99191E-05 9.99191E-05 9.99191E-05 9.99191E-05 9.99191E-05 9.99191E-05 0.869775 0.0301496 9.99191E-05 0.0977979 0.0013783 9.99191E-05
0.0216416 9.9955E-05 0.126617 9.9955E-05 9.9955E-05 0.0345844 9.9955E-05 0.655892 9.9955E-05 0.00820237 0.0282758 0.0665514 0.0577352
0.0527009 0.0340722 0.0170097 9.9964E-05 0.0198545 0.104064 0.00320819 0.18038 9.9964E-05 9.9964E-05 0.021045 0.567265 9.9964E-05
9.9892E-05 9.9892E-05 9.9892E-05 9.9892E-05 9.9892E-05 9.9892E-05 9.9892E-05 9.9892E-05 9.9892E-05 9.9892E-05 9.9892E-05 0.998801 9.9892E-05
9.9955E-05 9.9955E-05 0.279887 0.0349394 0.0218092 0.0134985 9.9955E-05 0.550277 0.00503744 9.9955E-05 9.9955E-05 0.0640479 0.0300035
