9.997E-05 9.997E-05 9.997E-05 9.997E-05 0.9996
0.0450935 0.0834129 9.9991E-05 0.516703 0.354691
0.0737812 0.0695376 9.9991E-05 0.496804 0.359777
9.9973E-05 9.9973E-05 9.9973E-05 0.733262 0.266439
9.9982E-05 9.9982E-05 0.0144851 0.848701 0.136614
0.031359 9.9982E-05 9.9982E-05 0.758183 0.210258
9.9973E-05 9.9973E-05 9.9973E-05 0.652358 0.347342
0.0748091 0.0052274 9.9991E-05 0.574721 0.345142
0.0413337 0.00697394 9.9991E-05 0.676059 0.275534
9.997E-05 9.997E-05 9.997E-05 9.997E-05 0.9996
9.997E-05 9.997E-05 9.997E-05 9.997E-05 0.9996
9.997E-05 9.997E-05 9.997E-05 9.997E-05 0.9996
9.9973E-05 0.00834617 9.9973E-05 9.9973E-05 0.991354
9.9973E-05 9.9973E-05 9.9973E-05 0.0787168 0.920983
0.0161654 9.9982E-05 0.0345003 9.9982E-05 0.949134
0.0303463 9.9991E-05 0.0270248 0.745523 0.197006
0.101216 0.0731539 0.111355 0.466409 0.247867
9.9973E-05 9.9973E-05 9.9973E-05 0.766441 0.233259
9.997E-05 9.997E-05 9.997E-05 0.9996 9.997E-05
9.997E-05 9.997E-05 9.997E-05 0.9996 9.997E-05
9.9973E-05 9.9973E-05 9.9973E-05 0.886648 0.113053
0.0369044 0.00174177 9.9991E-05 0.941717 0.0195372
0.0171996 9.9991E-05 0.0108773 0.947181 0.0246416
9.9973E-05 9.9973E-05 9.9973E-05 0.940713 0.0589873
9.9973E-05 9.9973E-05 9.9973E-05 0.973751 0.0259494
0.00997181 9.9991E-05 0.0821566 0.889215 0.0185561
0.0640456 9.9991E-05 0.0235756 0.896852 0.015427
9.9973E-05 9.9973E-05 9.9973E-05 0.988735 0.0109651
9.9982E-05 9.9982E-05 0.0203757 0.87236 0.107064
9.9973E-05 9.9973E-05 9.9973E-05 0.871035 0.128665
9.9973E-05 9.9973E-05 9.9973E-05 0.896512 0.103188
9.9991E-05 0.0194005 0.0994233 0.852687 0.0283888
0.019116 0.0119062 0.0219128 0.933913 0.0131516
0.0494397 9.9991E-05 0.123178 0.751988 0.0752935
0.000258993 9.9991E-05 0.0249441 0.966711 0.00798557
9.9973E-05 9.9973E-05 9.9973E-05 0.875693 0.124007
0.0219288 9.9973E-05 9.9973E-05 0.977771 9.9973E-05
9.9991E-05 0.0338638 0.187151 0.752541 0.0263447
0.0342333 0.0363885 0.0616953 0.844561 0.0231221
9.9991E-05 0.00813351 0.086954 0.883987 0.0208259
0.0781584 0.0966199 0.188486 0.636635 9.9991E-05
0.130776 0.0527687 0.248733 0.567622 9.9991E-05
0.109958 0.0675095 0.0669212 0.698944 0.0566678
0.0884602 0.0442762 0.176257 0.690906 9.9991E-05
0.0859283 9.9982E-05 0.188522 0.72535 9.9982E-05
0.0843223 9.9982E-05 0.0390637 0.876414 9.9982E-05
0.0406773 9.9982E-05 0.0857028 0.87342 9.9982E-05
0.0800087 9.9982E-05 0.0923963 0.827395 9.9982E-05
0.0660526 9.9991E-05 0.255525 0.604345 0.0739774
0.040607 0.0461989 0.0752385 0.703029 0.134926
0.0450486 0.0287825 0.121264 0.773819 0.0310858
0.0359628 0.00515266 0.212437 0.746348 9.9991E-05
0.0828311 9.9982E-05 0.132676 0.784293 9.9982E-05
0.0380968 0.0332258 0.301796 0.587639 0.0392424
0.0178224 0.0916969 0.258795 0.583484 0.0482018
0.113303 0.0651866 0.0980149 0.723396 9.9991E-05
0.092034 0.043867 0.271464 0.520871 0.0717639
9.9982E-05 0.0294619 0.197036 0.773302 9.9982E-05
0.0841055 9.9982E-05 0.0340474 0.881647 9.9982E-05
0.014163 0.0192902 0.206276 0.725452 0.0348184
0.0274332 0.0231412 0.254926 0.6944 9.9991E-05
0.0171284 0.0513821 0.288587 0.62357 0.0193326
0.0977275 0.0511127 0.207638 0.634208 0.00931417
0.1152 0.0392008 0.256194 0.589305 9.9991E-05
9.9982E-05 0.0115251 0.23526 0.753015 9.9982E-05
0.134943 0.0370852 0.204183 0.623688 9.9991E-05
0.0525198 0.0932806 0.29119 0.56291 9.9991E-05
0.100962 0.0673909 0.285528 0.546019 9.9991E-05
0.0384755 0.0332953 0.16952 0.75861 9.9991E-05
0.119789 0.0259779 0.23029 0.623843 9.9991E-05
0.135727 0.114104 0.0243943 0.722142 0.00363176
0.0639755 0.0651615 0.26818 0.602583 9.9991E-05
0.0763203 9.9991E-05 0.182127 0.704062 0.0373906
0.0723725 0.004003 0.171994 0.72277 0.0288607
0.0715322 0.0116603 0.390565 0.502051 0.0241921
0.0207426 0.044198 0.273463 0.661496 9.9991E-05
0.0798405 0.0449097 0.211491 0.663659 9.9991E-05
0.0271893 0.124894 0.299281 0.538863 0.00977272
0.113897 0.119406 0.406191 0.360406 9.9991E-05
0.0582639 0.157779 0.437692 0.346165 9.9991E-05
0.0838609 0.121665 0.463321 0.331053 9.9991E-05
0.0554776 0.187654 0.41884 0.337928 9.9991E-05
0.106144 0.143069 0.418855 0.331832 9.9991E-05
0.0303768 0.139417 0.317072 0.513035 9.9991E-05
0.151115 0.215408 0.217111 0.416267 9.9991E-05
0.155572 0.190065 0.260047 0.394216 9.9991E-05
0.124786 0.101148 0.327936 0.412093 0.0340375
0.0397739 0.129052 0.372299 0.458775 9.9991E-05
0.0969068 0.169798 0.390656 0.342539 9.9991E-05
0.0923769 0.119275 0.413621 0.374627 9.9991E-05
0.0882245 0.151836 0.263746 0.475294 0.0208995
0.0672007 0.169792 0.273078 0.466084 0.0238461
0.108248 0.198055 0.376328 0.295542 0.0218266
9.997E-05 0.9996 9.997E-05 9.997E-05 9.997E-05
9.9991E-05 0.969482 0.00270468 0.0238437 0.00386968
0.00984746 0.877636 9.9991E-05 0.101643 0.0107737
9.997E-05 0.9996 9.997E-05 9.997E-05 9.997E-05
9.997E-05 0.9996 9.997E-05 9.997E-05 9.997E-05
9.997E-05 0.9996 9.997E-05 9.997E-05 9.997E-05
9.997E-05 0.9996 9.997E-05 9.997E-05 9.997E-05
0.0187015 0.949525 9.9991E-05 0.0118874 0.0197864
9.997E-05 0.9996 9.997E-05 9.997E-05 9.997E-05
9.997E-05 0.9996 9.997E-05 9.997E-05 9.997E-05
0.102245 0.1029 0.575503 0.219253 9.9991E-05
0.00225429 0.917992 0.0601716 0.0194817 9.9991E-05
9.997E-05 0.9996 9.997E-05 9.997E-05 9.997E-05
0.00852224 0.966708 0.0147148 9.9991E-05 0.00995495
0.0661469 0.124493 0.64278 0.16648 9.9991E-05
0.102027 0.114919 0.586526 0.196428 9.9991E-05
0.122282 0.118204 0.545131 0.191446 0.0229368
0.121899 0.146979 0.579507 0.151515 9.9991E-05
0.086246 0.146811 0.605872 0.160971 9.9991E-05
0.0238031 0.125299 0.512455 0.338343 9.9991E-05
0.0437666 0.178692 0.449639 0.327802 9.9991E-05
0.0169344 0.152369 0.56959 0.255241 0.00586612
0.10185 0.245676 0.444552 0.207822 9.9991E-05
0.0804067 0.211345 0.488634 0.219514 9.9991E-05
0.0748087 0.0942026 0.454966 0.375923 9.9991E-05
0.0662514 0.203105 0.480674 0.24987 9.9991E-05
0.107554 0.0792611 0.559713 0.245332 0.00814002
0.0945007 0.163163 0.491372 0.250864 9.9991E-05
0.0156515 9.9973E-05 0.984049 9.9973E-05 9.9973E-05
0.00522677 0.0444938 0.942265 0.00791402 9.9991E-05
9.997E-05 9.997E-05 0.9996 9.997E-05 9.997E-05
9.997E-05 9.997E-05 0.9996 9.997E-05 9.997E-05
9.997E-05 9.997E-05 0.9996 9.997E-05 9.997E-05
0.00569993 0.0156062 0.978494 9.9982E-05 9.9982E-05
9.9973E-05 0.0203195 0.979381 9.9973E-05 9.9973E-05
9.9982E-05 9.9982E-05 0.949792 0.0290206 0.0209871
0.0435089 9.9973E-05 0.956191 9.9973E-05 9.9973E-05
0.000619537 9.9973E-05 0.999081 9.9973E-05 9.9973E-05
0.0592508 0.0344365 0.888846 0.00981277 0.00765357
9.9973E-05 0.00358538 0.996115 9.9973E-05 9.9973E-05
0.118012 0.0475128 0.834275 9.9982E-05 9.9982E-05
0.9996 9.997E-05 9.997E-05 9.997E-05 9.997E-05
0.138267 0.199225 0.424816 0.237591 9.9991E-05
0.9996 9.997E-05 9.997E-05 9.997E-05 9.997E-05
0.9996 9.997E-05 9.997E-05 9.997E-05 9.997E-05
0.922008 0.0485744 0.00809793 0.0158308 0.00548918
0.784491 0.0161046 9.9982E-05 0.199204 9.9982E-05
0.9996 9.997E-05 9.997E-05 9.997E-05 9.997E-05
0.876247 9.9982E-05 0.0611422 0.0624106 9.9982E-05
0.991557 9.9973E-05 9.9973E-05 9.9973E-05 0.00814263
0.942947 9.9982E-05 0.0368382 0.0200147 9.9982E-05
0.980588 0.0191121 9.9973E-05 9.9973E-05 9.9973E-05
0.961064 9.9973E-05 9.9973E-05 0.038636 9.9973E-05
0.97972 9.9973E-05 0.0199796 9.9973E-05 9.9973E-05
0.864065 0.0402729 0.0954626 9.9982E-05 9.9982E-05
0.979106 9.9973E-05 9.9973E-05 9.9973E-05 0.0205941
0.907666 0.0206401 0.0552296 9.9991E-05 0.0163648
0.921182 9.9973E-05 0.0785185 9.9973E-05 9.9973E-05
0.927738 9.9982E-05 0.0391572 9.9982E-05 0.032905
0.940008 9.9973E-05 0.0596923 9.9973E-05 9.9973E-05
0.066726 0.0649387 0.603478 0.221656 0.0432008
0.0909061 0.065074 0.508217 0.299511 0.036292
0.101492 0.0850772 0.548727 0.22042 0.0442829
0.0776838 0.0656398 0.567303 0.239659 0.0497148
0.0499891 0.151048 0.752633 9.9991E-05 0.0462295
0.0171953 0.127804 0.854801 9.99821E-05 9.99821E-05
0.0560206 0.13705 0.779682 9.9991E-05 0.027147
0.0260365 0.117811 0.854409 9.9991E-05 0.00164366
0.0676708 0.172115 0.75297 9.9991E-05 0.0071436
0.0696352 0.156096 0.752867 9.9991E-05 0.0213017
0.040385 0.171738 0.762993 9.9991E-05 0.0247848
0.0717948 0.147643 0.617086 0.0901013 0.0733753
0.0720167 0.0827138 0.675364 0.137138 0.0327675
9.9973E-05 9.9973E-05 0.988619 9.9973E-05 0.0110814
9.9973E-05 9.9973E-05 0.98582 9.9973E-05 0.0138802
9.9973E-05 9.9973E-05 0.984229 9.9973E-05 0.0154711
9.9973E-05 9.9973E-05 0.973186 9.9973E-05 0.0265139
9.9973E-05 9.9973E-05 0.991627 9.9973E-05 0.00807262
9.9982E-05 9.9982E-05 0.908325 0.0557476 0.0357276
9.9973E-05 9.9973E-05 0.980977 9.9973E-05 0.0187235
9.9973E-05 9.9973E-05 0.977921 9.9973E-05 0.0217791
9.9973E-05 9.9973E-05 0.964576 9.9973E-05 0.0351241
9.9973E-05 9.9973E-05 0.977137 9.9973E-05 0.0225632
9.9973E-05 9.9973E-05 0.973758 9.9973E-05 0.0259422
9.9973E-05 9.9973E-05 0.972102 9.9973E-05 0.0275979
