9.997E-05 9.997E-05 0.9996 9.997E-05 9.997E-05
0.251651 0.0587922 0.504428 0.101493 0.0836363
0.272611 0.00535634 0.504957 0.134606 0.0824696
0.513275 9.9973E-05 0.486425 9.9973E-05 9.9973E-05
0.713762 0.0255738 0.260464 9.9982E-05 9.9982E-05
0.521316 9.9982E-05 0.393818 0.0846659 9.9982E-05
0.406944 9.9982E-05 0.587391 0.00546472 9.9982E-05
0.405356 9.9991E-05 0.491079 0.0972679 0.00619688
0.45039 0.0471169 0.404008 0.0773043 0.0211805
9.997E-05 9.997E-05 0.9996 9.997E-05 9.997E-05
9.997E-05 9.997E-05 0.9996 9.997E-05 9.997E-05
9.997E-05 9.997E-05 0.9996 9.997E-05 9.997E-05
9.997E-05 9.997E-05 0.9996 9.997E-05 9.997E-05
9.9973E-05 0.0370706 0.962629 9.9973E-05 9.9973E-05
9.997E-05 9.997E-05 0.9996 9.997E-05 9.997E-05
0.619374 9.9982E-05 0.331245 0.0491817 9.9982E-05
0.506953 0.0788904 0.316025 0.0690001 0.0291312
0.565567 9.9973E-05 0.434133 9.9973E-05 9.9973E-05
0.76683 0.0389448 0.194025 9.9982E-05 9.9982E-05
0.829902 9.9973E-05 0.169798 9.9973E-05 9.9973E-05
0.639327 0.0396588 0.317979 9.9991E-05 0.00293544
0.739784 9.9982E-05 0.191297 0.0687182 9.9982E-05
0.738782 0.0301319 0.230886 9.9982E-05 9.9982E-05
0.739715 9.9973E-05 0.259985 9.9973E-05 9.9973E-05
0.787301 9.9973E-05 0.212399 9.9973E-05 9.9973E-05
0.811163 0.0304544 0.15235 0.00593311 9.9991E-05
0.70209 0.0838512 0.17975 0.0342081 9.9991E-05
0.76735 9.9973E-05 0.23235 9.9973E-05 9.9973E-05
0.764492 0.00611239 0.229196 9.9982E-05 9.9982E-05
0.676484 9.9973E-05 0.323216 9.9973E-05 9.9973E-05
0.708968 0.0219997 0.268832 9.9982E-05 9.9982E-05
0.805949 0.0060157 0.187835 9.9982E-05 9.9982E-05
0.76364 0.00361181 0.208103 0.0232903 0.00135419
0.714029 9.9991E-05 0.220815 0.0550452 0.0100111
0.746871 0.0260085 0.185508 0.0415124 9.9991E-05
0.670158 9.9973E-05 0.329543 9.9973E-05 9.9973E-05
0.879371 9.9982E-05 0.106398 0.0140319 9.9982E-05
0.761469 0.0890206 0.122763 0.0266477 9.9991E-05
0.720055 0.070931 0.146795 0.0518005 0.0104183
0.82198 0.018503 0.159317 9.9982E-05 9.9982E-05
0.834014 9.9991E-05 0.0300086 0.100771 0.035107
0.726224 0.140985 0.0305652 0.102126 9.9991E-05
0.765045 9.9982E-05 0.128906 0.105849 9.9982E-05
0.92267 9.9982E-05 0.0235076 0.0536227 9.9982E-05
0.915931 0.0274809 0.0313134 0.0251749 9.9991E-05
0.913539 0.00886345 0.0581727 0.019325 9.9991E-05
0.890094 0.0290517 0.0592148 0.0215395 9.9991E-05
0.81858 9.9982E-05 0.0957601 0.0854598 9.9982E-05
0.766317 0.0458726 0.128109 0.0596013 9.9991E-05
0.781743 9.9991E-05 0.208347 0.00844579 0.0013634
0.823222 0.00209198 0.113204 0.0558216 0.00566071
0.830172 0.0105738 0.0857018 0.0734523 9.9991E-05
0.865713 0.0322877 0.0841163 0.0177835 9.9991E-05
0.875242 0.0548259 0.069732 9.9982E-05 9.9982E-05
0.865571 9.9991E-05 0.0946529 0.00217919 0.0374968
0.850085 9.9991E-05 0.0476024 0.0911786 0.0110335
0.704026 0.0540902 0.125214 0.0900339 0.0266363
0.877758 0.0787276 0.043314 9.9982E-05 9.9982E-05
0.844872 0.0269097 0.0580904 0.0700282 9.9991E-05
0.738309 0.124056 0.118987 0.000271126 0.0183764
0.878688 0.0848706 0.0362412 9.9982E-05 9.9982E-05
0.932173 9.9973E-05 0.0675273 9.9973E-05 9.9973E-05
0.739287 0.0745873 0.0502523 0.0949758 0.0408977
0.840257 0.0584848 0.0302893 0.0708686 9.9991E-05
0.930767 9.9973E-05 0.0689327 9.9973E-05 9.9973E-05
0.863682 0.0523578 0.0172034 0.066657 9.9991E-05
0.95299 0.00717065 9.9991E-05 0.00268661 0.0370532
0.853015 0.0312352 0.0146116 0.101039 9.9991E-05
0.865646 0.0325817 0.0843843 0.0172879 9.9991E-05
0.893826 0.00173815 9.9982E-05 0.104235 9.9982E-05
0.815414 9.9991E-05 0.0911321 0.0552562 0.0380977
0.885283 0.00251273 9.9991E-05 0.0810439 0.0310602
0.863441 0.0201484 0.108836 0.00747411 9.9991E-05
0.814635 0.0679662 0.107656 0.00964229 9.9991E-05
0.898014 9.9982E-05 0.0585841 0.0432016 9.9982E-05
0.877117 0.0983258 0.024357 9.9982E-05 9.9982E-05
0.984279 9.9973E-05 9.9973E-05 9.9973E-05 0.0154207
0.788173 0.028285 0.0505716 0.00982173 0.123148
0.669406 0.110381 9.9991E-05 0.123287 0.0968257
0.744863 0.0887567 9.9991E-05 0.0407397 0.125541
0.817855 0.0511159 9.9991E-05 0.0338768 0.0970527
0.800635 0.048561 9.9991E-05 0.0263193 0.124385
0.774196 0.0517451 9.9991E-05 0.0437841 0.130175
0.806055 0.0566078 0.0200824 9.9991E-05 0.117155
0.724161 0.00559244 0.0435024 0.0411092 0.185635
0.702494 0.0299968 0.00337264 0.120477 0.14366
0.695632 0.0526877 0.0814795 0.104493 0.0657085
0.822717 0.066109 0.0087385 9.9991E-05 0.102336
0.663322 0.113301 0.0155662 0.059254 0.148557
0.658045 0.150098 0.00615478 0.0869068 0.0987959
0.692131 0.0469019 0.048454 0.0773144 0.135199
0.764642 9.9991E-05 0.0305348 0.0836722 0.121051
0.541109 0.133608 0.0278056 0.0923792 0.205098
9.997E-05 9.997E-05 9.997E-05 9.997E-05 0.9996
9.9982E-05 9.9982E-05 0.00871301 0.0359861 0.955101
0.0616052 0.0240373 0.00741856 9.9991E-05 0.906839
9.997E-05 9.997E-05 9.997E-05 9.997E-05 0.9996
9.997E-05 9.997E-05 9.997E-05 9.997E-05 0.9996
9.997E-05 9.997E-05 9.997E-05 9.997E-05 0.9996
9.997E-05 9.997E-05 9.997E-05 9.997E-05 0.9996
0.057594 0.0103498 9.9991E-05 0.0348991 0.897057
9.997E-05 9.997E-05 9.997E-05 9.997E-05 0.9996
9.997E-05 9.997E-05 9.997E-05 9.997E-05 0.9996
0.696016 0.134676 9.9991E-05 0.0495531 0.119654
9.9973E-05 0.0308047 9.9973E-05 9.9973E-05 0.968895
9.997E-05 9.997E-05 9.997E-05 9.997E-05 0.9996
9.997E-05 9.997E-05 9.997E-05 9.997E-05 0.9996
0.70736 0.0857198 9.9991E-05 0.0773137 0.129507
0.763649 0.0436705 9.9991E-05 0.0650004 0.12758
0.768337 0.0838946 9.9991E-05 0.0527192 0.0949495
0.692211 0.0422314 9.9991E-05 0.051143 0.214314
0.72362 0.0990924 9.9991E-05 0.0256174 0.15157
0.773606 0.095392 9.9991E-05 0.0214581 0.109444
0.749537 0.0557971 9.9991E-05 0.0111876 0.183379
0.763978 0.0769647 9.9982E-05 9.9982E-05 0.158857
0.643581 0.0701058 9.9991E-05 0.0450456 0.241168
0.637383 0.0619581 9.9991E-05 0.0679782 0.23258
0.742807 0.10245 9.9991E-05 0.0394806 0.115162
0.664338 0.0576535 9.9991E-05 0.0641577 0.213751
0.755098 0.0950096 9.9991E-05 0.0679931 0.0817995
0.741341 0.0942454 9.9991E-05 0.0454978 0.118816
0.9996 9.997E-05 9.997E-05 9.997E-05 9.997E-05
0.911708 0.0381489 9.9982E-05 9.9982E-05 0.0499435
0.973719 9.9973E-05 9.9973E-05 9.9973E-05 0.0259811
0.994957 9.9973E-05 9.9973E-05 9.9973E-05 0.00474334
0.9872 9.9973E-05 9.9973E-05 9.9973E-05 0.0124997
0.956745 9.9973E-05 9.9973E-05 9.9973E-05 0.0429554
0.9996 9.997E-05 9.997E-05 9.997E-05 9.997E-05
0.942549 0.054073 0.00317854 9.9982E-05 9.9982E-05
0.998017 9.9973E-05 9.9973E-05 0.00168271 9.9973E-05
0.983861 9.9973E-05 9.9973E-05 9.9973E-05 0.0158391
0.919676 9.9973E-05 9.9973E-05 9.9973E-05 0.080024
0.96652 0.0062207 9.9982E-05 9.9982E-05 0.0270595
0.896982 9.9982E-05 9.9982E-05 0.0760995 0.0267182
9.997E-05 9.997E-05 9.997E-05 0.9996 9.997E-05
0.594991 0.0899431 9.9991E-05 0.0946128 0.220353
9.997E-05 9.997E-05 9.997E-05 0.9996 9.997E-05
9.997E-05 9.997E-05 9.997E-05 0.9996 9.997E-05
9.9982E-05 0.0118417 9.9982E-05 0.959532 0.0284266
0.155522 9.9982E-05 9.9982E-05 0.831389 0.0128893
9.997E-05 9.997E-05 9.997E-05 0.9996 9.997E-05
0.066772 0.0478129 9.9991E-05 0.883011 0.002304
9.997E-05 9.997E-05 9.997E-05 0.9996 9.997E-05
0.0367329 9.9982E-05 0.0196104 0.943457 9.9982E-05
9.997E-05 9.997E-05 9.997E-05 0.9996 9.997E-05
9.9973E-05 0.0123268 9.9973E-05 0.987373 9.9973E-05
9.9973E-05 9.9973E-05 9.9973E-05 0.998922 0.000778169
0.0323256 0.0474529 9.9991E-05 0.852053 0.0680685
0.0212571 0.0329514 9.9982E-05 0.945592 9.9982E-05
0.0831676 0.0215735 9.9982E-05 0.895059 9.9982E-05
0.0423449 0.0500849 9.9991E-05 0.894046 0.0134244
0.0317717 0.0333321 0.014607 0.905906 0.0143834
0.0202749 0.00810328 9.9982E-05 0.971422 9.9982E-05
0.482973 0.353793 0.0179286 0.0426711 0.102635
0.578391 0.320491 9.9991E-05 0.0382506 0.0627679
0.425331 0.37747 0.0427125 0.0568487 0.0976371
0.501727 0.33976 0.0312357 0.0567048 0.0705718
0.335077 0.365894 9.9991E-05 0.0619147 0.237014
0.142607 0.500489 9.9991E-05 0.0940941 0.26271
0.273091 0.397892 9.9991E-05 0.0848593 0.244057
0.255967 0.406431 9.9991E-05 0.074378 0.263124
0.255614 0.407444 9.9991E-05 0.0812456 0.255597
0.244436 0.384698 9.9991E-05 0.0768971 0.293869
0.337906 0.357102 9.9991E-05 0.0576231 0.247268
0.376574 0.367402 9.9991E-05 0.0582861 0.197637
0.405929 0.324606 0.0123422 0.0603641 0.196759
9.997E-05 0.9996 9.997E-05 9.997E-05 9.997E-05
9.997E-05 0.9996 9.997E-05 9.997E-05 9.997E-05
9.9973E-05 0.988337 0.0113628 9.9973E-05 9.9973E-05
9.997E-05 0.9996 9.997E-05 9.997E-05 9.997E-05
9.997E-05 0.9996 9.997E-05 9.997E-05 9.997E-05
0.0226503 0.957172 0.0199776 9.9982E-05 9.9982E-05
9.997E-05 0.9996 9.997E-05 9.997E-05 9.997E-05
9.997E-05 0.9996 9.997E-05 9.997E-05 9.997E-05
9.997E-05 0.9996 9.997E-05 9.997E-05 9.997E-05
0.0244823 0.975218 9.9973E-05 9.9973E-05 9.9973E-05
9.997E-05 0.9996 9.997E-05 9.997E-05 9.997E-05
9.997E-05 0.9996 9.997E-05 9.997E-05 9.997E-05
