9.997E-05 0.9996 9.997E-05 9.997E-05 9.997E-05
9.9991E-05 0.364603 0.501168 0.0680862 0.066043
9.999E-05 0.35058 0.472904 0.142672 0.0337447
9.9973E-05 0.286874 0.712826 9.9973E-05 9.9973E-05
0.0203679 0.204362 0.775071 9.9982E-05 9.9982E-05
9.9982E-05 0.212103 0.767968 0.0197292 9.9982E-05
9.9973E-05 0.367069 0.632631 9.9973E-05 9.9973E-05
9.999E-05 0.35171 0.562267 0.074819 0.011104
9.9982E-05 0.211063 0.744182 0.0445557 9.9982E-05
9.997E-05 0.9996 9.997E-05 9.997E-05 9.997E-05
9.997E-05 0.9996 9.997E-05 9.997E-05 9.997E-05
9.997E-05 0.9996 9.997E-05 9.997E-05 9.997E-05
9.997E-05 0.9996 9.997E-05 9.997E-05 9.997E-05
0.00127647 0.917519 0.0576468 0.0234573 9.9991E-05
9.9973E-05 0.974459 9.9973E-05 0.0252413 9.9973E-05
9.9973E-05 0.257439 0.742261 9.9973E-05 9.9973E-05
0.16048 0.229195 0.435983 0.067812 0.10653
9.9973E-05 0.281608 0.718092 9.9973E-05 9.9973E-05
9.997E-05 9.997E-05 0.9996 9.997E-05 9.997E-05
9.997E-05 9.997E-05 0.9996 9.997E-05 9.997E-05
9.9973E-05 0.101873 0.897827 9.9973E-05 9.9973E-05
0.0114812 0.0123675 0.954496 0.0215555 9.9991E-05
0.00199887 0.0373199 0.960481 9.9982E-05 9.9982E-05
9.9973E-05 0.0641269 0.935573 9.9973E-05 9.9973E-05
9.9973E-05 0.0523702 0.94733 9.9973E-05 9.9973E-05
0.0724456 0.0143498 0.913005 9.9982E-05 9.9982E-05
0.0477475 0.0428998 0.871841 0.0374112 9.9991E-05
9.9973E-05 0.0317583 0.967942 9.9973E-05 9.9973E-05
0.0220181 0.0931068 0.884675 9.9982E-05 9.9982E-05
9.9973E-05 0.120085 0.879615 9.9973E-05 9.9973E-05
9.9973E-05 0.111115 0.888585 9.9973E-05 9.9973E-05
0.0443041 0.0206936 0.934802 9.9982E-05 9.9982E-05
9.99908E-05 0.0358569 0.950414 0.0135289 9.99908E-05
0.0851298 0.105085 0.765259 0.0444266 9.9991E-05
9.9982E-05 0.0306892 0.958849 0.0102618 9.9982E-05
9.9973E-05 0.119379 0.880321 9.9973E-05 9.9973E-05
9.997E-05 9.997E-05 0.9996 9.997E-05 9.997E-05
0.109223 0.0245048 0.827135 0.024249 0.0148879
0.0418479 0.0270136 0.841033 0.0280619 0.0620436
0.073912 0.0439638 0.870025 9.9991E-05 0.0119992
0.119729 9.9991E-05 0.73361 0.0650183 0.0815427
0.153974 9.9991E-05 0.721138 0.0814988 0.043289
0.0269001 0.0467772 0.757162 0.10573 0.0634315
0.0943094 9.9991E-05 0.756242 0.0842292 0.0651191
0.160589 9.9982E-05 0.779214 0.0599969 9.9982E-05
0.037681 9.9982E-05 0.917182 0.0449368 9.9982E-05
0.0526641 9.9982E-05 0.918793 0.028343 9.9982E-05
0.114641 9.9982E-05 0.848187 0.0369723 9.9982E-05
0.223677 0.0469665 0.652962 0.0762945 9.9991E-05
0.0875783 0.101777 0.75919 0.0354689 0.0159857
0.0839529 0.0360892 0.778512 0.052316 0.0491297
0.133785 9.9982E-05 0.795029 0.070986 9.9982E-05
0.0963091 0.0122684 0.861046 0.0302762 9.9991E-05
0.265944 0.00997018 0.705011 0.00431983 0.0147557
0.210446 0.0377072 0.713376 9.9991E-05 0.0383712
0.125629 9.9991E-05 0.770386 0.0916505 0.0122342
0.172294 0.0566168 0.59905 0.114849 0.0571905
0.219266 9.9982E-05 0.719756 9.9982E-05 0.0607771
0.0431121 9.9982E-05 0.875467 0.0812213 9.9982E-05
0.219397 0.0404965 0.697365 9.9991E-05 0.0426417
0.255404 9.9973E-05 0.744296 9.9973E-05 9.9973E-05
0.135976 9.9991E-05 0.771623 0.0119175 0.0803838
0.170077 0.0108024 0.710385 0.0599335 0.0488018
0.185867 9.9991E-05 0.614672 0.119273 0.0800886
0.182282 9.9982E-05 0.813823 9.9982E-05 0.003695
0.175659 9.9991E-05 0.695244 0.110649 0.0183485
0.2118 9.9991E-05 0.657912 0.0332937 0.0968941
0.26819 0.00684159 0.609473 0.0675437 0.0479515
0.167273 9.9982E-05 0.79679 0.0357367 9.9982E-05
0.180544 9.9991E-05 0.697675 0.0960415 0.0256396
0.0117423 0.0219411 0.778738 0.0910602 0.0965189
0.185861 9.9991E-05 0.651789 0.0606343 0.101616
0.14572 0.0476524 0.773073 0.0295383 0.0040162
0.183106 0.0225994 0.73679 0.0572539 0.000251083
0.312326 0.00739476 0.622318 0.052879 0.00508218
0.232061 9.9991E-05 0.743381 0.00254676 0.0219112
0.058454 9.9991E-05 0.765351 0.0961929 0.0799019
0.224149 9.9991E-05 0.564461 0.0703476 0.140943
0.305448 9.9991E-05 0.454592 0.0992992 0.14056
0.371233 9.9991E-05 0.425413 0.0438454 0.159408
0.403207 0.0329357 0.363816 0.10835 0.091691
0.357458 9.9991E-05 0.410788 0.0624745 0.16918
0.347609 9.9991E-05 0.458856 0.061815 0.13162
0.314832 9.9991E-05 0.546068 0.0196697 0.119331
0.26098 0.000145212 0.446539 0.0540202 0.238315
0.187605 0.00265408 0.451435 0.152688 0.205618
0.286612 0.0122159 0.527611 0.0852971 0.0882644
0.257618 9.9991E-05 0.597454 0.0074292 0.137399
0.27866 9.9991E-05 0.406289 0.101335 0.213617
0.380466 9.9991E-05 0.369331 0.131507 0.118597
0.208418 0.0128515 0.517374 0.0964514 0.164905
0.219467 0.00611435 0.525614 0.110099 0.138706
0.29944 0.0190032 0.348572 0.126802 0.206183
9.997E-05 9.997E-05 9.997E-05 9.997E-05 0.9996
0.0156789 0.0029706 9.9991E-05 0.0170407 0.96421
0.0113084 0.0204897 0.0650783 0.00709312 0.896031
9.9973E-05 9.9973E-05 9.9973E-05 0.00666872 0.993031
9.997E-05 9.997E-05 9.997E-05 9.997E-05 0.9996
9.997E-05 9.997E-05 9.997E-05 9.997E-05 0.9996
9.997E-05 9.997E-05 9.997E-05 9.997E-05 0.9996
9.9982E-05 9.9982E-05 0.0620813 0.00398718 0.933732
9.997E-05 9.997E-05 9.997E-05 9.997E-05 0.9996
9.997E-05 9.997E-05 9.997E-05 9.997E-05 0.9996
0.496248 9.9991E-05 0.272693 0.0938193 0.13714
0.0452169 9.9991E-05 0.0472554 0.00375324 0.903674
9.997E-05 9.997E-05 9.997E-05 9.997E-05 0.9996
9.9982E-05 0.0125574 9.9982E-05 0.0185147 0.968728
0.585281 9.9991E-05 0.219559 0.0624859 0.132573
0.49591 9.9991E-05 0.200389 0.124506 0.179095
0.499102 9.9991E-05 0.271589 0.0780982 0.151111
0.495386 9.9991E-05 0.2164 0.0847746 0.203339
0.463122 9.9991E-05 0.298155 0.0656189 0.173004
0.423872 9.9991E-05 0.416627 0.026113 0.133288
0.458977 9.9991E-05 0.32363 0.0465568 0.170736
0.536871 9.9991E-05 0.267849 0.00906144 0.186119
0.395903 9.9991E-05 0.259045 0.10349 0.241462
0.360246 9.9991E-05 0.326489 0.0822486 0.230916
0.358152 9.9991E-05 0.417304 0.0587992 0.165645
0.373269 0.00238897 0.297312 0.0851816 0.241848
0.47349 9.9991E-05 0.281677 0.132588 0.112145
0.438539 9.9991E-05 0.322561 0.0779733 0.160827
0.929111 9.9982E-05 9.9982E-05 0.0390427 0.0316466
0.990871 9.9973E-05 9.9973E-05 9.9973E-05 0.00882874
0.9996 9.997E-05 9.997E-05 9.997E-05 9.997E-05
0.997755 9.9973E-05 9.9973E-05 0.00194468 9.9973E-05
0.997367 9.9973E-05 9.9973E-05 9.9973E-05 0.00233288
0.9996 9.997E-05 9.997E-05 9.997E-05 9.997E-05
0.980268 9.9973E-05 9.9973E-05 9.9973E-05 0.019432
0.897648 0.0112012 0.0705428 0.0205078 9.9991E-05
0.962034 9.9973E-05 9.9973E-05 0.0376662 9.9973E-05
0.9996 9.997E-05 9.997E-05 9.997E-05 9.997E-05
0.919692 9.9982E-05 9.9982E-05 0.0160081 0.0641001
0.988364 9.9973E-05 9.9973E-05 9.9973E-05 0.0113364
0.793069 9.9991E-05 0.0404701 0.0907893 0.0755715
9.997E-05 9.997E-05 9.997E-05 0.9996 9.997E-05
0.369387 9.9991E-05 0.313996 0.12285 0.193668
9.997E-05 9.997E-05 9.997E-05 0.9996 9.997E-05
9.997E-05 9.997E-05 9.997E-05 0.9996 9.997E-05
0.0117387 0.000823603 9.9991E-05 0.930566 0.0567712
9.9991E-05 0.0184775 0.197076 0.749476 0.0348702
9.997E-05 9.997E-05 9.997E-05 0.9996 9.997E-05
0.112019 9.9982E-05 0.0215014 0.866279 9.9982E-05
9.997E-05 9.997E-05 9.997E-05 0.9996 9.997E-05
0.0125833 9.9982E-05 0.011221 0.975996 9.9982E-05
9.9973E-05 0.00391044 9.9973E-05 0.99579 9.9973E-05
9.9973E-05 9.9973E-05 0.00705641 0.992644 9.9973E-05
0.0227857 9.9991E-05 0.00992695 0.937219 0.0299682
0.115575 9.9991E-05 0.0246449 0.814118 0.0455618
0.0125702 0.0127605 0.00711629 0.967453 9.9991E-05
0.10305 9.9982E-05 0.0372055 0.859544 9.9982E-05
0.0884429 9.9982E-05 0.00820782 0.903149 9.9982E-05
0.0975658 0.0377752 0.0229423 0.840117 0.00159927
0.0325709 0.00878987 9.9982E-05 0.958439 9.9982E-05
0.538801 0.0503953 0.217558 0.079064 0.114181
0.486285 0.0236733 0.394888 0.0220997 0.0730539
0.499789 0.0297768 0.27327 0.0982403 0.0989239
0.469029 0.0624845 0.322504 0.076657 0.0693258
0.624976 9.9991E-05 0.152201 0.0721361 0.150587
0.716919 9.9991E-05 0.0194326 0.0776078 0.18594
0.658911 9.9991E-05 0.0975019 0.085022 0.158465
0.661554 9.9991E-05 0.078568 0.0735125 0.186266
0.662537 0.0132081 0.06723 0.0770082 0.180017
0.602674 9.9991E-05 0.0980122 0.115145 0.184069
0.659081 9.9991E-05 0.0918702 0.074156 0.174792
0.572346 0.0387724 0.113425 0.131354 0.144103
0.577792 0.00628544 0.179711 0.100372 0.135839
0.966458 0.0332417 9.9973E-05 9.9973E-05 9.9973E-05
0.981518 0.0181821 9.9973E-05 9.9973E-05 9.9973E-05
0.989748 0.00995178 9.9973E-05 9.9973E-05 9.9973E-05
0.962573 0.0371275 9.9973E-05 9.9973E-05 9.9973E-05
0.986486 0.013214 9.9973E-05 9.9973E-05 9.9973E-05
0.942067 0.0576332 9.9973E-05 9.9973E-05 9.9973E-05
0.959929 0.0397706 9.9973E-05 9.9973E-05 9.9973E-05
0.973538 0.0261622 9.9973E-05 9.9973E-05 9.9973E-05
0.950383 0.0493171 9.9973E-05 9.9973E-05 9.9973E-05
0.958067 0.0416332 9.9973E-05 9.9973E-05 9.9973E-05
0.969656 0.0300441 9.9973E-05 9.9973E-05 9.9973E-05
0.96783 0.0318699 9.9973E-05 9.9973E-05 9.9973E-05
