9.997E-05 9.997E-05 9.997E-05 0.9996 9.997E-05
0.0938059 0.266019 0.0860087 0.521535 0.032631
0.14673 0.25696 0.0904378 0.505772 9.9991E-05
9.9973E-05 0.538249 9.9973E-05 0.461451 9.9973E-05
9.9982E-05 0.607717 9.9982E-05 0.322165 0.0699177
0.0753678 0.520083 9.9982E-05 0.404349 9.9982E-05
0.0173421 0.435771 9.9982E-05 0.546687 9.9982E-05
0.0795163 0.3954 0.0386839 0.459089 0.027311
0.0715847 0.442865 0.00756361 0.423086 0.0549007
9.997E-05 9.997E-05 9.997E-05 0.9996 9.997E-05
9.997E-05 9.997E-05 9.997E-05 0.9996 9.997E-05
9.997E-05 9.997E-05 9.997E-05 0.9996 9.997E-05
9.997E-05 9.997E-05 9.997E-05 0.9996 9.997E-05
9.9973E-05 9.9973E-05 9.9973E-05 0.991895 0.00780529
9.997E-05 9.997E-05 9.997E-05 0.9996 9.997E-05
0.0180177 0.640219 9.9982E-05 0.341563 9.9982E-05
0.0519999 0.502923 0.0262673 0.312315 0.106495
0.00449729 0.581933 9.9982E-05 0.413369 9.9982E-05
9.9982E-05 0.756325 9.9982E-05 0.205167 0.0383082
9.9982E-05 0.845366 9.9982E-05 0.144636 0.00979821
9.999E-05 0.593093 0.0239989 0.318498 0.0643109
0.0537458 0.737144 9.9982E-05 0.20891 9.9982E-05
0.0399045 0.71288 9.9991E-05 0.222992 0.0241229
9.9973E-05 0.73043 9.9973E-05 0.26927 9.9973E-05
9.9973E-05 0.77601 9.9973E-05 0.22369 9.9973E-05
9.9982E-05 0.834234 9.9982E-05 0.158086 0.00748034
0.0796455 0.646637 9.9991E-05 0.185231 0.0883869
0.0180182 0.721998 9.9982E-05 0.259784 9.9982E-05
9.9973E-05 0.771037 9.9973E-05 0.228663 9.9973E-05
9.9982E-05 0.688725 9.9982E-05 0.299692 0.0113827
9.9973E-05 0.708601 9.9973E-05 0.291099 9.9973E-05
0.00618915 0.819217 9.9991E-05 0.166454 0.00803946
0.0229219 0.749203 0.00430025 0.210712 0.012863
0.0490284 0.722392 9.9991E-05 0.227508 0.000972261
0.0857916 0.708888 9.9991E-05 0.189355 0.015865
9.9973E-05 0.694333 9.9973E-05 0.305367 9.9973E-05
0.0139152 0.885367 9.9982E-05 0.100518 9.9982E-05
0.0255928 0.741657 9.9991E-05 0.134233 0.0984174
0.0674693 0.674044 0.0297305 0.150957 0.0777999
9.9991E-05 0.809244 0.00161115 0.150203 0.0388414
0.048746 0.891561 0.0332721 0.0153039 0.0111168
0.0653369 0.844825 9.9991E-05 0.0577665 0.0319713
0.0511132 0.833271 0.00448239 0.111033 9.9991E-05
0.0443831 0.928985 9.9982E-05 0.0264316 9.9982E-05
0.0890311 0.838161 9.9991E-05 0.0217875 0.0509199
0.0611734 0.895622 9.9991E-05 0.036976 0.00612851
0.000825982 0.943668 9.9991E-05 0.0302604 0.0251461
0.0252625 0.894204 9.9991E-05 0.0671785 0.0132553
0.0335216 0.781363 9.9991E-05 0.104383 0.0806319
0.0327628 0.751156 0.0110263 0.204955 9.9991E-05
0.0669586 0.732426 0.0157522 0.120379 0.0644844
0.0424579 0.868338 9.9991E-05 0.0594449 0.0296596
9.9982E-05 0.873312 9.9982E-05 0.0729583 0.0535293
0.0062088 0.845462 0.00814347 0.0868959 0.0532898
0.0255545 0.782927 0.0755842 0.101877 0.0140572
0.0982385 0.872059 9.9982E-05 0.0295024 9.9982E-05
0.0685496 0.710501 9.9991E-05 0.118694 0.102155
9.9991E-05 0.850462 0.0320117 0.0631161 0.0543099
0.044999 0.880829 9.9991E-05 0.046074 0.0279984
0.0582424 0.74991 0.0172604 0.131989 0.0425987
9.9982E-05 0.87259 9.9982E-05 0.0389582 0.0882515
9.9982E-05 0.91091 0.00309204 0.0857978 9.9982E-05
0.0851646 0.763105 0.0365721 0.07685 0.0383084
0.0589436 0.897459 0.0187374 0.0247605 9.9991E-05
9.9982E-05 0.884956 9.9982E-05 0.0921702 0.0226742
0.0982235 0.889584 9.9991E-05 0.00563216 0.00646036
0.0093435 0.933402 0.0570549 9.9982E-05 9.9982E-05
0.0865855 0.827698 0.0625942 0.0230226 9.9991E-05
0.0511208 0.820298 9.9991E-05 0.0806882 0.0477933
0.0570984 0.926267 9.9982E-05 0.0164343 9.9982E-05
0.0644537 0.805669 0.0364562 0.0933207 9.9991E-05
0.0691549 0.872476 0.0390829 9.9991E-05 0.0191857
9.9982E-05 0.798172 9.9982E-05 0.118603 0.0830249
0.0280215 0.812742 9.9991E-05 0.0933563 0.0657804
0.0359468 0.830596 9.9991E-05 0.0495148 0.0838419
0.0113725 0.855502 9.9991E-05 0.0209685 0.112057
0.0458894 0.872302 0.0422322 0.00841547 0.031161
0.0631932 0.776649 0.112093 0.0364087 0.0116559
0.0572896 0.710074 0.164571 9.9991E-05 0.0679658
0.00527521 0.792708 0.145451 9.9991E-05 0.0564663
0.0103193 0.875737 0.067719 9.9991E-05 0.0461248
0.0193309 0.777778 0.166764 9.9991E-05 0.0360268
0.0294543 0.85444 0.0885947 9.9991E-05 0.0274109
0.0119068 0.842657 0.106057 0.0392791 9.9991E-05
0.0678962 0.739719 0.155635 0.0112189 0.0255311
0.106572 0.711918 0.158434 0.0229764 9.9991E-05
0.0648369 0.739723 0.0957619 0.0633935 0.0362846
9.9991E-05 0.832802 0.107242 0.013956 0.0459007
0.0469022 0.651279 0.171532 0.0346411 0.0956455
0.099375 0.667942 0.109606 9.9991E-05 0.122977
0.096523 0.701604 0.123616 0.0624623 0.0157944
0.0464748 0.800631 0.117312 0.0354828 9.9991E-05
0.120647 0.534673 0.186263 0.0161747 0.142242
9.997E-05 9.997E-05 0.9996 9.997E-05 9.997E-05
0.0378614 0.0616811 0.891332 0.00902593 9.9991E-05
0.0138833 0.0762695 0.88041 0.00401975 0.0254173
9.997E-05 9.997E-05 0.9996 9.997E-05 9.997E-05
9.997E-05 9.997E-05 0.9996 9.997E-05 9.997E-05
9.997E-05 9.997E-05 0.9996 9.997E-05 9.997E-05
9.997E-05 9.997E-05 0.9996 9.997E-05 9.997E-05
9.9982E-05 0.067893 0.913762 0.0181448 9.9982E-05
9.997E-05 9.997E-05 0.9996 9.997E-05 9.997E-05
9.997E-05 9.997E-05 0.9996 9.997E-05 9.997E-05
0.0857561 0.705447 0.113619 9.9991E-05 0.0950786
9.9991E-05 0.0473008 0.928278 0.00194986 0.0223717
9.997E-05 9.997E-05 0.9996 9.997E-05 9.997E-05
9.9982E-05 0.0494343 0.937753 0.0126123 9.9982E-05
0.0774556 0.699497 0.1263 9.9991E-05 0.0966471
0.0455891 0.706494 0.137821 9.9991E-05 0.109997
0.0255818 0.741583 0.15131 9.9991E-05 0.0814253
0.070393 0.629454 0.218718 9.9991E-05 0.0813344
0.0296807 0.757345 0.140697 9.9991E-05 0.072177
9.9982E-05 0.834573 0.10263 9.9982E-05 0.0625967
0.00295778 0.705164 0.215379 0.00543476 0.0710641
9.9982E-05 0.743081 0.18189 9.9982E-05 0.0748293
0.0794968 0.579779 0.266374 9.9991E-05 0.0742493
0.0575782 0.631498 0.216898 9.9991E-05 0.0939259
0.0239659 0.773503 0.111602 9.9991E-05 0.0908287
0.0410977 0.659211 0.204127 9.9991E-05 0.0954648
0.0597747 0.755973 0.0718972 9.9991E-05 0.112255
0.0262523 0.755056 0.152083 9.9991E-05 0.0665092
0.9996 9.997E-05 9.997E-05 9.997E-05 9.997E-05
0.066898 0.676265 0.20184 9.9991E-05 0.0548979
0.9996 9.997E-05 9.997E-05 9.997E-05 9.997E-05
0.9996 9.997E-05 9.997E-05 9.997E-05 9.997E-05
0.960639 9.9973E-05 0.0390614 9.9973E-05 9.9973E-05
0.827994 0.130103 0.022248 9.9991E-05 0.0195554
0.9996 9.997E-05 9.997E-05 9.997E-05 9.997E-05
0.910857 0.0888433 9.9973E-05 9.9973E-05 9.9973E-05
0.962964 9.9982E-05 0.0318482 9.9982E-05 0.00498804
0.950134 0.0495665 9.9973E-05 9.9973E-05 9.9973E-05
0.9996 9.997E-05 9.997E-05 9.997E-05 9.997E-05
0.9773 9.9973E-05 9.9973E-05 9.9973E-05 0.0224001
0.958456 0.0412437 9.9973E-05 9.9973E-05 9.9973E-05
0.786678 0.115558 0.0554894 9.9991E-05 0.0421749
0.939493 9.9982E-05 9.9982E-05 0.0338415 0.0264651
0.831082 0.117852 0.0508662 9.9982E-05 9.9982E-05
0.879337 0.0639217 0.00334972 9.9991E-05 0.0532919
0.849027 0.0612651 9.9991E-05 0.0309573 0.0586505
0.945839 0.0422322 9.9991E-05 0.00295963 0.0088693
9.997E-05 0.9996 9.997E-05 9.997E-05 9.997E-05
9.9982E-05 0.90171 0.0641132 9.9982E-05 0.0339768
9.997E-05 0.9996 9.997E-05 9.997E-05 9.997E-05
9.997E-05 0.9996 9.997E-05 9.997E-05 9.997E-05
9.9973E-05 0.986083 0.0136168 9.9973E-05 9.9973E-05
9.9973E-05 0.991193 0.00850667 9.9973E-05 9.9973E-05
9.9973E-05 0.997071 0.00262903 9.9973E-05 9.9973E-05
9.9982E-05 0.951909 0.0145057 9.9982E-05 0.0333848
9.997E-05 0.9996 9.997E-05 9.997E-05 9.997E-05
9.997E-05 0.9996 9.997E-05 9.997E-05 9.997E-05
9.9973E-05 0.92481 0.0748897 9.9973E-05 9.9973E-05
9.9973E-05 0.929183 0.0705175 9.9973E-05 9.9973E-05
0.0608298 0.905703 0.00776941 9.9991E-05 0.0255979
0.0620225 0.461725 0.0910278 0.0230809 0.362144
0.0426463 0.480711 0.0931877 0.0342051 0.34925
0.0769432 0.425578 0.0948924 0.0536584 0.348928
0.0627653 0.453232 0.0885228 0.0365451 0.358935
0.0680116 0.391821 0.161933 0.0268262 0.351408
0.0785175 0.200422 0.24719 9.9991E-05 0.47377
0.0751259 0.334122 0.201284 9.9991E-05 0.389367
0.0410362 0.293434 0.231165 9.9991E-05 0.434266
0.0640334 0.328063 0.231847 9.9991E-05 0.375956
0.082572 0.318726 0.217092 9.9991E-05 0.38151
0.0628364 0.385068 0.213128 9.9991E-05 0.338868
0.102013 0.364335 0.121911 0.0369393 0.374802
0.0791769 0.390971 0.152302 0.0290203 0.348529
9.997E-05 9.997E-05 9.997E-05 9.997E-05 0.9996
9.997E-05 9.997E-05 9.997E-05 9.997E-05 0.9996
9.997E-05 9.997E-05 9.997E-05 9.997E-05 0.9996
9.997E-05 9.997E-05 9.997E-05 9.997E-05 0.9996
9.997E-05 9.997E-05 9.997E-05 9.997E-05 0.9996
0.0152631 0.0291504 9.9991E-05 0.00712021 0.948366
9.997E-05 9.997E-05 9.997E-05 9.997E-05 0.9996
9.997E-05 9.997E-05 9.997E-05 9.997E-05 0.9996
9.9973E-05 9.9973E-05 9.9973E-05 0.000884963 0.998815
0.00665351 9.9973E-05 9.9973E-05 9.9973E-05 0.993047
9.997E-05 9.997E-05 9.997E-05 9.997E-05 0.9996
9.997E-05 9.997E-05 9.997E-05 9.997E-05 0.9996
