9.997E-05 9.997E-05 9.997E-05 0.9996 9.997E-05
9.9982E-05 0.0230189 0.0897709 0.88701 9.9982E-05
0.135756 9.9973E-05 9.9973E-05 0.863944 9.9973E-05
0.11069 0.0588615 9.9991E-05 0.502557 0.327792
0.0195641 9.9982E-05 0.097954 0.882282 9.9982E-05
9.9973E-05 9.9973E-05 9.9973E-05 0.904031 0.095669
0.0174619 0.0168595 0.109031 0.856547 9.9991E-05
0.024638 0.00221537 0.0183194 0.820765 0.134062
0.0301126 0.0032704 0.226361 0.740156 9.9991E-05
0.328973 0.0431655 0.0589479 0.504493 0.0644213
9.9973E-05 0.0346001 9.9973E-05 9.9973E-05 0.9651
0.0335439 0.0188467 9.9982E-05 9.9982E-05 0.947409
9.9973E-05 9.9973E-05 9.9973E-05 0.140091 0.859609
0.0671367 0.0670071 0.0688682 0.0155459 0.781442
0.0724615 0.0734815 0.0205018 0.0473794 0.786176
9.9973E-05 0.00251573 9.9973E-05 9.9973E-05 0.997184
9.997E-05 9.997E-05 9.997E-05 9.997E-05 0.9996
0.254645 0.0110088 0.0985591 9.9991E-05 0.635687
0.157725 0.0112329 9.9982E-05 9.9982E-05 0.830842
0.00786431 9.9982E-05 9.9982E-05 0.0111103 0.980825
9.9982E-05 9.9982E-05 0.173937 0.0578196 0.768043
9.9982E-05 9.9982E-05 0.142804 0.329508 0.527488
9.9982E-05 0.0125471 9.9982E-05 0.0256649 0.961588
9.9973E-05 9.9973E-05 0.12813 9.9973E-05 0.871571
9.9982E-05 0.00487651 0.214349 9.9982E-05 0.780575
0.0472047 9.9991E-05 0.261985 0.0427779 0.647933
0.328805 9.9982E-05 0.114458 9.9982E-05 0.556537
0.0351808 0.0238834 0.393836 0.0527414 0.494358
0.0483236 9.9991E-05 0.360648 0.0179221 0.573006
9.9973E-05 9.9973E-05 0.355367 9.9973E-05 0.644333
0.573481 9.9982E-05 0.372206 0.0541137 9.9982E-05
0.5071 9.9982E-05 0.299257 0.193444 9.9982E-05
0.7916 9.9982E-05 0.11724 9.9982E-05 0.0909599
0.896073 9.9973E-05 9.9973E-05 9.9973E-05 0.103627
0.703843 0.00407012 9.9982E-05 9.9982E-05 0.291886
0.902569 9.9973E-05 9.9973E-05 0.0971311 9.9973E-05
0.6239 9.9991E-05 0.00278929 0.227394 0.145816
0.738785 9.9991E-05 0.101952 0.00802434 0.151139
0.932736 0.0302017 9.9982E-05 9.9982E-05 0.0368621
0.586381 0.0505051 0.212293 0.0468903 0.10393
0.979573 9.9973E-05 9.9973E-05 0.020127 9.9973E-05
0.509945 9.9991E-05 0.318596 0.0599876 0.111371
0.758799 0.0177906 0.109441 9.9991E-05 0.113869
0.810569 0.0426025 9.9982E-05 9.9982E-05 0.146629
0.588148 9.9982E-05 0.313279 9.9982E-05 0.0983724
0.758219 0.00394903 0.237334 0.000397375 9.9991E-05
0.893352 0.0293331 0.0771145 9.9982E-05 9.9982E-05
0.681882 9.9973E-05 0.317818 9.9973E-05 9.9973E-05
0.768104 0.00426108 0.0417355 0.0874316 0.0984674
0.704296 9.9982E-05 0.217083 0.0784213 9.9982E-05
0.710725 9.9973E-05 0.288975 9.9973E-05 9.9973E-05
0.989283 0.0104169 9.9973E-05 9.9973E-05 9.9973E-05
0.622429 9.9973E-05 0.377272 9.9973E-05 9.9973E-05
0.825496 9.9973E-05 0.174204 9.9973E-05 9.9973E-05
0.885053 9.9973E-05 0.114647 9.9973E-05 9.9973E-05
0.644129 0.062354 0.22498 0.0684367 9.9991E-05
9.9991E-05 0.0010448 0.896586 0.0312204 0.071049
0.183285 9.9991E-05 0.759044 0.0319692 0.0256019
0.105233 9.9982E-05 0.808723 0.0858439 9.9982E-05
0.0683347 9.9991E-05 0.755364 0.13225 0.043951
0.0888012 9.9982E-05 0.87855 9.9982E-05 0.0324488
0.417663 0.14473 0.380057 0.0574497 9.9991E-05
0.0405577 9.9982E-05 0.903204 0.0560379 9.9982E-05
9.9973E-05 0.0351824 0.964518 9.9973E-05 9.9973E-05
0.0570884 0.0342732 0.864464 9.9991E-05 0.0440749
9.997E-05 9.997E-05 0.9996 9.997E-05 9.997E-05
9.9973E-05 0.0154732 0.984227 9.9973E-05 9.9973E-05
9.9973E-05 0.00834245 0.991358 9.9973E-05 9.9973E-05
9.9973E-05 0.0262951 0.973405 9.9973E-05 9.9973E-05
9.997E-05 9.997E-05 0.9996 9.997E-05 9.997E-05
0.0487586 0.0168873 0.934154 9.9982E-05 9.9982E-05
0.335772 0.0126073 0.601155 0.0503655 9.9991E-05
9.9973E-05 0.00802422 0.991676 9.9973E-05 9.9973E-05
0.242322 0.0838168 0.631454 0.00302186 0.0393848
0.0701562 0.61724 0.244904 0.0179043 0.0497959
9.997E-05 0.9996 9.997E-05 9.997E-05 9.997E-05
0.214088 0.0582869 0.631722 0.0545425 0.0413606
