9.997E-05 9.997E-05 9.997E-05 0.9996 9.997E-05
9.999E-05 0.462259 0.070737 0.369663 0.0972416
9.999E-05 0.463574 0.032342 0.359293 0.14469
9.9973E-05 0.712483 9.9973E-05 0.287217 9.9973E-05
0.0376725 0.792847 9.9982E-05 0.16928 9.9982E-05
9.999E-05 0.72207 0.0210212 0.241838 0.014971
9.9973E-05 0.629864 9.9973E-05 0.369836 9.9973E-05
9.999E-05 0.553085 0.00737678 0.378066 0.0613723
9.9982E-05 0.698892 9.9982E-05 0.269004 0.031904
9.997E-05 9.997E-05 9.997E-05 0.9996 9.997E-05
9.997E-05 9.997E-05 9.997E-05 0.9996 9.997E-05
9.997E-05 9.997E-05 9.997E-05 0.9996 9.997E-05
9.997E-05 9.997E-05 9.997E-05 0.9996 9.997E-05
0.0156092 0.0317841 9.9982E-05 0.952407 9.9982E-05
0.0159898 9.9973E-05 9.9973E-05 0.98371 9.9973E-05
0.0120224 0.720831 0.0260033 0.234149 0.00699441
0.0999631 0.503429 0.0524984 0.239343 0.104766
9.9973E-05 0.760439 9.9973E-05 0.239261 9.9973E-05
9.9973E-05 0.999315 9.9973E-05 0.000384731 9.9973E-05
9.997E-05 0.9996 9.997E-05 9.997E-05 9.997E-05
9.9973E-05 0.885556 9.9973E-05 0.114144 9.9973E-05
9.9982E-05 0.886152 9.9982E-05 0.0741018 0.0395458
9.9973E-05 0.959995 9.9973E-05 0.0397047 9.9973E-05
9.9973E-05 0.925452 9.9973E-05 0.0742476 9.9973E-05
9.9973E-05 0.941955 9.9973E-05 0.0577449 9.9973E-05
0.0900099 0.902506 9.9982E-05 0.00728378 9.9982E-05
0.0874597 0.842722 9.9991E-05 0.0546955 0.0150224
9.9973E-05 0.957184 9.9973E-05 0.0425162 9.9973E-05
9.9973E-05 0.908309 9.9973E-05 0.0913913 9.9973E-05
9.9973E-05 0.867852 9.9973E-05 0.131848 9.9973E-05
9.9973E-05 0.862844 9.9973E-05 0.136856 9.9973E-05
0.012451 0.95961 9.9982E-05 0.0277389 9.9982E-05
0.0443949 0.863354 9.9991E-05 0.0636278 0.0285228
0.0371499 0.819733 9.9991E-05 0.0945933 0.0484235
0.00823492 0.934779 9.9991E-05 0.00539597 0.0514905
9.9973E-05 0.868197 9.9973E-05 0.131503 9.9973E-05
9.9973E-05 0.991689 9.9973E-05 9.9973E-05 0.00801106
0.0769363 0.849475 9.9991E-05 0.0528306 0.0206579
0.0432775 0.837429 0.0707393 0.0235701 0.024984
0.0822906 0.882862 0.013792 0.0209554 9.9991E-05
0.102231 0.735841 0.111658 9.9991E-05 0.05017
0.219294 0.668346 0.0413242 9.9991E-05 0.0709361
0.0402178 0.760126 0.0411024 0.060531 0.0980229
0.111739 0.787217 0.0401823 9.9991E-05 0.0607617
0.155418 0.764722 9.9982E-05 9.9982E-05 0.0796601
0.0280819 0.894328 9.9982E-05 9.9982E-05 0.0773906
0.0744011 0.86896 9.9982E-05 9.9982E-05 0.0564391
0.0628427 0.912008 9.9982E-05 9.9982E-05 0.0249489
0.197871 0.685585 9.9991E-05 0.0601799 0.056264
0.0791943 0.778754 0.00913713 0.101875 0.03104
0.0753467 0.810039 0.0134958 0.0300401 0.0710782
0.131477 0.815389 9.9982E-05 9.9982E-05 0.0529336
0.135043 0.785015 9.9982E-05 9.9982E-05 0.0797425
0.238225 0.699094 0.0381565 0.0244248 9.9991E-05
0.185508 0.704299 0.0684585 0.0416345 9.9991E-05
0.153348 0.719383 0.014832 9.9991E-05 0.112337
0.171275 0.620368 0.0391162 0.0706516 0.0985886
0.1801 0.768719 0.0509813 9.9982E-05 9.9982E-05
0.0743653 0.86569 9.9982E-05 9.9982E-05 0.0597444
0.141494 0.768394 0.00518227 0.0520717 0.032858
0.167284 0.808475 9.9982E-05 9.9982E-05 0.0240413
0.182624 0.751463 0.015977 9.9991E-05 0.0498366
0.110578 0.745594 0.0491959 9.9991E-05 0.0945321
0.214683 0.597849 0.0741675 9.9991E-05 0.113201
0.174441 0.810781 0.0145784 9.9982E-05 9.9982E-05
0.183371 0.689066 0.02269 9.9991E-05 0.104773
0.211902 0.649426 0.0860057 9.9991E-05 0.052566
0.211059 0.655296 0.0696957 9.9991E-05 0.0638494
0.0854186 0.826679 0.0553581 9.9991E-05 0.0324441
0.177235 0.693124 0.0179698 9.9991E-05 0.111571
0.0127271 0.799988 0.095294 0.0250145 0.066976
0.251942 0.642912 0.0480693 9.9991E-05 0.0569771
0.147992 0.700557 0.0343802 0.0620944 0.0549759
0.167169 0.747019 0.008937 0.0246303 0.0522453
0.282552 0.567792 0.0405773 0.0372624 0.0718156
0.280733 0.670064 0.0190307 9.9991E-05 0.0300723
0.099836 0.790877 0.0407269 9.9991E-05 0.0684597
0.172818 0.586961 0.188042 0.021587 0.0305919
0.411223 0.374726 0.128734 9.9991E-05 0.085217
0.408249 0.388016 0.157169 9.9991E-05 0.0464658
0.45497 0.360439 0.0958469 9.9991E-05 0.0886448
0.432651 0.343677 0.176236 9.9991E-05 0.0473361
0.345922 0.450778 0.104375 9.9991E-05 0.0988251
0.253603 0.576665 0.163731 9.9991E-05 0.00590052
0.209214 0.469373 0.253021 0.00362346 0.0647687
0.198201 0.456214 0.213426 0.00233646 0.129822
0.256842 0.496818 0.106142 0.0461315 0.094066
0.239538 0.603485 0.156776 9.9982E-05 9.9982E-05
0.313771 0.459823 0.143301 9.9991E-05 0.083006
0.403732 0.383875 0.10435 9.9991E-05 0.107943
0.205037 0.515196 0.152903 0.018194 0.10867
0.21308 0.54984 0.154473 0.00654263 0.0760651
0.361789 0.326194 0.20005 0.0223619 0.0896042
9.997E-05 9.997E-05 0.9996 9.997E-05 9.997E-05
0.0295308 0.0336344 0.916479 0.0153335 0.00502209
0.0416177 0.0404304 0.904968 0.0128842 9.9991E-05
9.997E-05 9.997E-05 0.9996 9.997E-05 9.997E-05
9.997E-05 9.997E-05 0.9996 9.997E-05 9.997E-05
9.997E-05 9.997E-05 0.9996 9.997E-05 9.997E-05
9.997E-05 9.997E-05 0.9996 9.997E-05 9.997E-05
0.0528511 0.0584217 0.87739 9.9991E-05 0.011237
9.997E-05 9.997E-05 0.9996 9.997E-05 9.997E-05
9.997E-05 9.997E-05 0.9996 9.997E-05 9.997E-05
0.505579 0.304716 0.108751 9.9991E-05 0.080854
0.0229787 9.9991E-05 0.927837 0.0266691 0.0224153
9.997E-05 9.997E-05 0.9996 9.997E-05 9.997E-05
9.997E-05 9.997E-05 0.9996 9.997E-05 9.997E-05
0.518849 0.277588 0.146275 9.9991E-05 0.0571882
0.534847 0.202214 0.140897 9.9991E-05 0.121942
0.515643 0.188497 0.211903 9.9991E-05 0.0838578
0.474409 0.210516 0.182145 9.9991E-05 0.132829
0.496888 0.256947 0.162132 9.9991E-05 0.0839334
0.467359 0.402564 0.11307 9.9991E-05 0.0169071
0.432122 0.314106 0.184764 0.00592138 0.0630875
0.543755 0.254356 0.189978 9.9991E-05 0.0118109
0.366278 0.256602 0.276556 9.9991E-05 0.100464
0.374782 0.284244 0.232052 9.9991E-05 0.108822
0.449445 0.329806 0.147121 9.9991E-05 0.073528
0.416558 0.288628 0.242211 9.9991E-05 0.0525028
0.5003 0.318196 0.0853939 9.9991E-05 0.0960094
0.442101 0.292953 0.154685 9.9991E-05 0.110161
0.962494 9.9982E-05 0.00119556 9.9982E-05 0.0361105
0.930942 0.0256577 0.0432005 9.9982E-05 9.9982E-05
0.986699 9.9973E-05 0.0130015 9.9973E-05 9.9973E-05
0.989322 9.9973E-05 9.9973E-05 9.9973E-05 0.0103779
0.9996 9.997E-05 9.997E-05 9.997E-05 9.997E-05
0.984209 9.9982E-05 0.0122796 9.9982E-05 0.00331162
0.982047 9.9982E-05 0.00612119 9.9982E-05 0.0116321
0.877473 0.0755639 0.02769 0.0191732 9.9991E-05
0.96438 9.9973E-05 9.9973E-05 9.9973E-05 0.0353198
0.996505 9.9973E-05 9.9973E-05 9.9973E-05 0.00319505
0.880719 9.9991E-05 0.0918042 0.00633373 0.0210428
0.9996 9.997E-05 9.997E-05 9.997E-05 9.997E-05
0.780561 0.00306452 0.0834026 9.9991E-05 0.132872
9.997E-05 9.997E-05 9.997E-05 9.997E-05 0.9996
0.371868 0.301867 0.212968 9.9991E-05 0.113197
9.997E-05 9.997E-05 9.997E-05 9.997E-05 0.9996
9.997E-05 9.997E-05 9.997E-05 9.997E-05 0.9996
9.9973E-05 9.9973E-05 0.0643659 9.9973E-05 0.935334
0.0796251 0.118248 0.0118292 9.9991E-05 0.790197
9.997E-05 9.997E-05 9.997E-05 9.997E-05 0.9996
0.044329 0.00548129 9.9991E-05 0.0183748 0.931715
9.997E-05 9.997E-05 9.997E-05 9.997E-05 0.9996
0.0210732 0.0145687 9.9982E-05 9.9982E-05 0.964158
9.997E-05 9.997E-05 9.997E-05 9.997E-05 0.9996
9.997E-05 9.997E-05 9.997E-05 9.997E-05 0.9996
0.000936491 9.9973E-05 9.9973E-05 9.9973E-05 0.998764
0.136771 0.0263116 0.0380988 9.9991E-05 0.798718
9.9982E-05 0.00827837 9.9982E-05 0.0287138 0.962808
0.0564646 9.9991E-05 0.0102633 0.0229152 0.910257
0.114761 9.9991E-05 0.0162814 0.00981183 0.859046
0.0100575 0.111175 9.9991E-05 0.00707394 0.871594
0.0335207 9.9982E-05 0.000603576 9.9982E-05 0.965676
0.553691 0.240751 0.0934339 0.0491039 0.0630195
0.546097 0.29873 0.0720697 0.0594044 0.0236988
0.568067 0.176766 0.0981585 0.0863678 0.0706408
0.580808 0.223039 0.0710371 0.0634433 0.0616731
0.639458 0.0662991 0.145761 0.0439869 0.104495
0.763228 9.9991E-05 0.165631 0.00438325 0.0666578
0.646652 0.0831965 0.168305 9.9991E-05 0.101746
0.769263 9.9991E-05 0.188988 0.00480265 0.0368469
0.679535 9.9991E-05 0.204637 0.0312769 0.0844506
0.70657 0.0511331 0.160359 9.9991E-05 0.0818375
0.631657 0.094004 0.181071 0.00472464 0.0885435
0.564069 0.136347 0.141225 0.041836 0.116523
0.620432 0.14763 0.152194 0.0332837 0.0464609
0.9752 9.9973E-05 9.9973E-05 0.0245002 9.9973E-05
0.991023 9.9973E-05 9.9973E-05 0.00867756 9.9973E-05
0.987559 9.9973E-05 9.9973E-05 0.012141 9.9973E-05
0.959036 9.9973E-05 9.9973E-05 0.0406642 9.9973E-05
0.984915 9.9973E-05 9.9973E-05 0.0147854 9.9973E-05
0.939183 0.0220644 9.9982E-05 0.0385527 9.9982E-05
0.973923 9.9973E-05 9.9973E-05 0.0257768 9.9973E-05
0.959497 9.9973E-05 9.9973E-05 0.0402029 9.9973E-05
0.956714 9.9973E-05 9.9973E-05 0.0429863 9.9973E-05
0.953099 9.9973E-05 9.9973E-05 0.0466015 9.9973E-05
0.96609 9.9973E-05 9.9973E-05 0.0336102 9.9973E-05
0.972044 9.9973E-05 9.9973E-05 0.0276557 9.9973E-05
