0.9996 9.997E-05 9.997E-05 9.997E-05 9.997E-05
0.537672 0.0867907 0.102306 0.0114722 0.261759
0.524263 0.0907715 0.171355 9.9991E-05 0.213511
0.485832 9.9973E-05 9.9973E-05 9.9973E-05 0.513868
0.345396 9.9982E-05 9.9982E-05 0.0305712 0.623833
0.379337 0.0170141 0.0638943 9.9991E-05 0.539655
0.604735 9.9982E-05 0.000840963 9.9982E-05 0.394224
0.519798 0.000364188 0.0721587 0.00384691 0.403832
0.447595 9.9991E-05 0.0972123 0.0246069 0.430486
0.9996 9.997E-05 9.997E-05 9.997E-05 9.997E-05
0.9996 9.997E-05 9.997E-05 9.997E-05 9.997E-05
0.9996 9.997E-05 9.997E-05 9.997E-05 9.997E-05
0.9996 9.997E-05 9.997E-05 9.997E-05 9.997E-05
0.958721 9.9973E-05 9.9973E-05 0.0409791 9.9973E-05
0.995026 9.9973E-05 0.00467426 9.9973E-05 9.9973E-05
0.363746 9.9991E-05 0.0829007 0.0340044 0.519249
0.378847 0.0727155 0.095789 0.0429611 0.409687
0.406858 0.0129609 9.9991E-05 0.017556 0.562525
0.225685 9.9982E-05 9.9982E-05 0.0767017 0.697413
0.191106 9.9982E-05 9.9982E-05 0.0166379 0.792056
0.34787 9.9982E-05 9.9982E-05 0.0431848 0.608745
0.218759 9.9982E-05 0.0689116 9.9982E-05 0.71213
0.19635 9.9991E-05 0.0149412 0.0181514 0.770458
0.293704 9.9973E-05 9.9973E-05 9.9973E-05 0.705996
0.232692 9.9973E-05 9.9973E-05 9.9973E-05 0.767008
0.163229 9.9991E-05 0.00524514 0.0105049 0.820921
0.203641 9.9991E-05 0.0919432 0.109685 0.594631
0.270213 9.9982E-05 0.0120347 9.9982E-05 0.717553
0.248168 9.9982E-05 9.9982E-05 0.0298738 0.721759
0.352344 9.9973E-05 9.9973E-05 9.9973E-05 0.647356
0.313964 9.9982E-05 9.9982E-05 0.0248035 0.661032
0.211268 9.9991E-05 0.0131694 0.0371307 0.738332
0.199289 9.9991E-05 0.0416053 0.0284403 0.730566
0.242715 9.9991E-05 0.0599955 0.0211172 0.676072
0.166114 9.9991E-05 0.0264224 0.0240984 0.783265
0.345206 9.9973E-05 9.9973E-05 9.9973E-05 0.654494
0.12339 9.9982E-05 0.0252527 9.9982E-05 0.851158
0.137593 9.9991E-05 0.0244432 0.0881344 0.74973
0.169056 0.00611596 0.086883 0.117695 0.62025
0.1636 9.9982E-05 9.9982E-05 0.0326641 0.803536
0.038377 0.0315551 0.0635711 0.011038 0.855459
0.0785461 0.0254288 0.0883463 9.9991E-05 0.807579
0.153845 9.9982E-05 0.0629605 9.9982E-05 0.782995
0.0385791 0.0120353 0.0548249 0.0120513 0.882509
0.0316514 9.9991E-05 0.0692544 0.0823995 0.816595
0.0560653 9.9991E-05 0.0354964 0.00514906 0.903189
0.0476463 9.9982E-05 0.00994544 9.9982E-05 0.942208
0.0779307 9.9991E-05 0.0448846 0.0151048 0.86198
0.118571 9.9991E-05 0.0398591 0.0731266 0.768343
0.214541 0.000100818 0.014122 0.041761 0.729476
0.0890789 9.9991E-05 0.0551393 0.058755 0.796927
0.0537113 9.9991E-05 0.0549243 0.0285161 0.862748
0.0595947 9.9991E-05 0.0544679 0.0607051 0.825132
0.0681243 0.0348062 0.0270085 0.0654698 0.804591
0.082097 0.0271508 0.0274697 0.00908937 0.854193
0.0516463 9.9991E-05 0.109089 0.0256698 0.813495
0.13253 9.9991E-05 0.103221 0.111416 0.652733
0.0568796 0.00846753 9.9991E-05 0.13216 0.802393
0.0501138 9.9982E-05 0.0613807 9.9982E-05 0.888305
0.1186 9.9991E-05 0.0154381 0.116237 0.749626
0.0606475 9.99833E-05 9.99833E-05 0.0851595 0.853993
0.0278615 0.0307628 9.9991E-05 0.032111 0.909165
0.0559782 0.0329578 0.0772541 0.0576833 0.776127
9.9982E-05 9.9982E-05 0.0684961 0.0177924 0.913511
0.0814136 9.9982E-05 9.9982E-05 0.027198 0.891188
0.00573921 0.0159059 0.102873 0.0655619 0.80992
0.00801711 0.0693723 9.9991E-05 0.00339963 0.919111
0.0504854 0.0185094 0.0618663 9.9991E-05 0.869039
0.0787211 0.0174023 9.9991E-05 0.0266066 0.87717
0.0105246 9.9982E-05 0.0621425 9.9982E-05 0.927133
0.0850875 0.0264199 0.100331 9.9991E-05 0.788061
9.9991E-05 0.0423352 0.0704168 0.0166254 0.870522
0.123698 9.9991E-05 0.0796461 0.049272 0.747284
0.0703 9.9991E-05 0.0138013 0.0182933 0.897505
0.0682481 9.9991E-05 0.00657009 0.0106041 0.914478
0.0311438 9.9982E-05 9.9982E-05 0.0776558 0.891
0.0126681 0.0219099 0.0649104 9.9991E-05 0.900412
0.049063 0.150451 0.0573417 9.9991E-05 0.743045
0.00733341 0.0675735 0.00757188 0.110199 0.807323
9.9991E-05 0.101311 0.00981985 0.0501141 0.838655
9.9991E-05 0.056408 0.0139399 0.0505014 0.879051
9.9991E-05 0.103295 0.0244467 0.0292227 0.842935
9.9991E-05 0.0890852 0.0539337 0.0121319 0.844749
0.0495424 0.150784 0.0551897 9.9991E-05 0.744384
0.0130154 0.241615 0.0240493 0.0824593 0.638861
0.0265289 0.180015 0.110879 0.017825 0.664752
0.0707163 0.0613053 0.0413164 0.0187014 0.807961
0.0207269 0.106308 9.9991E-05 0.0682465 0.804619
9.9991E-05 0.199134 0.0625934 0.0590028 0.67917
0.0187983 0.131749 0.0741065 0.130376 0.644969
0.0529655 0.159665 0.0846859 0.022219 0.680464
0.0193454 0.12625 0.0741188 0.00972043 0.770565
0.0584298 0.221882 0.0603483 0.148021 0.511319
9.9973E-05 0.978163 0.0215376 9.9973E-05 9.9973E-05
0.00731458 0.992385 9.9973E-05 9.9973E-05 9.9973E-05
0.00246603 0.917587 0.0181402 0.0617065 9.9991E-05
9.997E-05 0.9996 9.997E-05 9.997E-05 9.997E-05
9.997E-05 0.9996 9.997E-05 9.997E-05 9.997E-05
9.997E-05 0.9996 9.997E-05 9.997E-05 9.997E-05
9.997E-05 0.9996 9.997E-05 9.997E-05 9.997E-05
9.9973E-05 0.948323 9.9973E-05 9.9973E-05 0.0513767
9.997E-05 0.9996 9.997E-05 9.997E-05 9.997E-05
9.997E-05 0.9996 9.997E-05 9.997E-05 9.997E-05
9.9991E-05 0.0976918 0.0926533 0.111775 0.69778
9.9982E-05 0.957805 9.9982E-05 0.0226406 0.0193541
9.997E-05 0.9996 9.997E-05 9.997E-05 9.997E-05
9.9973E-05 0.99423 0.00547048 9.9973E-05 9.9973E-05
9.9991E-05 0.13019 0.00823129 0.0842856 0.777194
9.9991E-05 0.103024 0.044592 0.0783811 0.773903
9.9991E-05 0.112393 0.0193684 0.0696014 0.798537
9.9991E-05 0.165918 0.0240435 0.0600604 0.749878
9.9991E-05 0.104345 0.00638273 0.0471639 0.842009
9.9982E-05 0.109489 9.9982E-05 0.0956849 0.794627
9.9991E-05 0.17921 0.0234095 0.0710363 0.726245
9.9982E-05 0.113344 9.9982E-05 0.0617794 0.824677
9.9991E-05 0.264886 0.0384053 0.0439071 0.652702
9.9991E-05 0.242295 0.0521595 0.038963 0.666483
9.9991E-05 0.135401 0.0728479 0.0854763 0.706175
9.9991E-05 0.215755 0.00910321 0.0804625 0.694579
9.9991E-05 0.0794532 0.0778935 0.112351 0.730202
9.9991E-05 0.161137 0.0483097 0.0874457 0.703008
9.9982E-05 0.00955776 0.00979482 9.9982E-05 0.980447
9.9982E-05 0.0358 9.9982E-05 0.0505906 0.913409
9.997E-05 9.997E-05 9.997E-05 9.997E-05 0.9996
9.997E-05 9.997E-05 9.997E-05 9.997E-05 0.9996
9.9973E-05 0.0118919 9.9973E-05 9.9973E-05 0.987808
9.9973E-05 0.023504 9.9973E-05 9.9973E-05 0.976196
9.9973E-05 0.00567172 9.9973E-05 9.9973E-05 0.994028
9.9982E-05 0.00653759 9.9982E-05 0.0422021 0.95106
9.9973E-05 9.9973E-05 0.000470002 9.9973E-05 0.99923
9.997E-05 9.997E-05 9.997E-05 9.997E-05 0.9996
9.9973E-05 0.127336 9.9973E-05 9.9973E-05 0.872364
9.9973E-05 0.0174395 9.9973E-05 9.9973E-05 0.982261
9.9991E-05 0.0682135 0.0806883 0.00755034 0.843448
9.997E-05 9.997E-05 0.9996 9.997E-05 9.997E-05
9.9991E-05 0.197608 0.0875457 0.0401556 0.674591
9.997E-05 9.997E-05 0.9996 9.997E-05 9.997E-05
9.997E-05 9.997E-05 0.9996 9.997E-05 9.997E-05
9.9973E-05 0.0254394 0.974261 9.9973E-05 9.9973E-05
0.0320499 0.0188833 0.775584 0.00618752 0.167295
9.997E-05 9.997E-05 0.9996 9.997E-05 9.997E-05
9.9973E-05 9.9973E-05 0.854178 9.9973E-05 0.145522
9.997E-05 9.997E-05 0.9996 9.997E-05 9.997E-05
9.9973E-05 9.9973E-05 0.970082 9.9973E-05 0.0296181
9.997E-05 9.997E-05 0.9996 9.997E-05 9.997E-05
0.00744425 0.00791633 0.946044 0.0384951 9.9991E-05
0.01419 0.020768 0.964842 9.9982E-05 9.9982E-05
9.9991E-05 0.0664057 0.841728 0.0642248 0.0275419
0.0160233 9.9982E-05 0.954988 0.0287892 9.9982E-05
9.9991E-05 0.00400401 0.864256 0.0299274 0.101712
9.9991E-05 0.00109338 0.88768 0.049501 0.0616261
0.0425196 9.9991E-05 0.851709 0.0593017 0.0463696
9.9973E-05 9.9973E-05 0.942903 9.9973E-05 0.0567975
0.0316107 0.0681352 0.0643514 0.358624 0.477278
0.0357612 0.0751922 0.0534146 0.324541 0.511091
0.0311967 0.124913 0.0916184 0.361988 0.390285
0.0544894 0.0908134 0.0556519 0.296802 0.502243
0.0151608 0.231534 0.100871 0.364137 0.288296
9.9991E-05 0.291687 0.0651542 0.502532 0.140527
9.9991E-05 0.252032 0.062812 0.406591 0.278466
9.9991E-05 0.24629 0.0682028 0.415433 0.269974
9.9991E-05 0.276619 0.0463254 0.408884 0.268071
9.9991E-05 0.240174 0.0766151 0.382633 0.300478
9.9991E-05 0.225243 0.064792 0.35701 0.352854
0.0528074 0.174783 0.0344952 0.316698 0.421216
0.0119004 0.204492 0.0604275 0.341435 0.381745
9.997E-05 9.997E-05 9.997E-05 0.9996 9.997E-05
9.997E-05 9.997E-05 9.997E-05 0.9996 9.997E-05
9.997E-05 9.997E-05 9.997E-05 0.9996 9.997E-05
9.997E-05 9.997E-05 9.997E-05 0.9996 9.997E-05
9.997E-05 9.997E-05 9.997E-05 0.9996 9.997E-05
0.00323283 9.9982E-05 9.9982E-05 0.958198 0.0383693
9.997E-05 9.997E-05 9.997E-05 0.9996 9.997E-05
9.997E-05 9.997E-05 9.997E-05 0.9996 9.997E-05
9.997E-05 9.997E-05 9.997E-05 0.9996 9.997E-05
9.9973E-05 9.9973E-05 0.00465086 0.995049 9.9973E-05
9.997E-05 9.997E-05 9.997E-05 0.9996 9.997E-05
9.997E-05 9.997E-05 9.997E-05 0.9996 9.997E-05
