9.99011E-05 0.998901 9.99011E-05 9.99011E-05 9.99011E-05 9.99011E-05 9.99011E-05 9.99011E-05 9.99011E-05 9.99011E-05 9.99011E-05 9.99011E-05
0.107429 0.0193369 0.850689 9.9937E-05 9.9937E-05 9.9937E-05 9.9937E-05 9.9937E-05 9.9937E-05 9.9937E-05 0.0153633 0.00648201
9.991E-05 0.863856 9.991E-05 9.991E-05 9.991E-05 9.991E-05 9.991E-05 0.135144 9.991E-05 9.991E-05 9.991E-05 9.991E-05
0.1015 0.469228 9.9955E-05 9.9955E-05 0.03989 0.163523 9.9955E-05 0.0320361 9.9955E-05 9.9955E-05 0.15574 0.037583
9.99011E-05 9.99011E-05 9.99011E-05 9.99011E-05 9.99011E-05 9.99011E-05 9.99011E-05 9.99011E-05 9.99011E-05 9.99011E-05 0.998901 9.99011E-05
9.99101E-05 0.0258586 0.973142 9.99101E-05 9.99101E-05 9.99101E-05 9.99101E-05 9.99101E-05 9.99101E-05 9.99101E-05 9.99101E-05 9.99101E-05
9.99101E-05 9.99101E-05 0.985029 9.99101E-05 9.99101E-05 9.99101E-05 9.99101E-05 9.99101E-05 9.99101E-05 9.99101E-05 9.99101E-05 0.0139717
9.99101E-05 9.99101E-05 9.99101E-05 0.00835748 9.99101E-05 9.99101E-05 9.99101E-05 9.99101E-05 9.99101E-05 9.99101E-05 0.990643 9.99101E-05
9.9928E-05 0.0606163 0.151626 9.9928E-05 9.9928E-05 9.9928E-05 9.9928E-05 0.376757 9.9928E-05 9.9928E-05 0.410201 9.9928E-05
9.9955E-05 0.379218 9.9955E-05 0.101283 0.0302735 9.9955E-05 9.9955E-05 9.9955E-05 0.0967793 0.120867 0.227301 0.0437779
9.99191E-05 9.99191E-05 9.99191E-05 9.99191E-05 9.99191E-05 0.629033 0.344333 9.99191E-05 9.99191E-05 9.99191E-05 9.99191E-05 0.0257341
9.99011E-05 9.99011E-05 9.99011E-05 9.99011E-05 9.99011E-05 0.998901 9.99011E-05 9.99011E-05 9.99011E-05 9.99011E-05 9.99011E-05 9.99011E-05
9.9928E-05 0.0899573 0.147423 9.9928E-05 9.9928E-05 0.740366 0.0214548 9.9928E-05 9.9928E-05 9.9928E-05 9.9928E-05 9.9928E-05
9.991E-05 9.991E-05 9.991E-05 0.968669 9.991E-05 9.991E-05 9.991E-05 9.991E-05 9.991E-05 9.991E-05 9.991E-05 0.0303315
9.9946E-05 9.9946E-05 0.0495258 0.0412358 0.052432 0.802028 9.9946E-05 9.9946E-05 9.9946E-05 0.00575495 9.9946E-05 0.0484242
9.9946E-05 9.9946E-05 0.0349667 0.1801 9.9946E-05 0.371723 0.397088 0.00675145 9.9946E-05 9.9946E-05 0.00877107 9.9946E-05
9.99011E-05 9.99011E-05 9.99011E-05 9.99011E-05 9.99011E-05 9.99011E-05 0.998901 9.99011E-05 9.99011E-05 9.99011E-05 9.99011E-05 9.99011E-05
0.0911725 9.9937E-05 9.9937E-05 0.346467 9.9937E-05 9.9937E-05 0.328142 0.206122 0.0273958 9.9937E-05 9.9937E-05 9.9937E-05
9.9928E-05 9.9928E-05 9.9928E-05 0.210272 0.0755823 0.672783 9.9928E-05 9.9928E-05 0.0405638 9.9928E-05 9.9928E-05 9.9928E-05
9.99191E-05 9.99191E-05 9.99191E-05 0.975829 0.018662 9.99191E-05 9.99191E-05 9.99191E-05 9.99191E-05 9.99191E-05 0.00461 9.99191E-05
0.147513 0.0222621 9.9937E-05 0.725162 9.9937E-05 0.0479215 0.0564426 9.9937E-05 9.9937E-05 9.9937E-05 9.9937E-05 9.9937E-05
0.0627845 0.00382072 9.9937E-05 9.9937E-05 9.9937E-05 9.9937E-05 0.596822 0.0417311 9.9937E-05 9.9937E-05 0.294142 9.9937E-05
9.991E-05 0.0128397 9.991E-05 9.991E-05 9.991E-05 9.991E-05 0.986161 9.991E-05 9.991E-05 9.991E-05 9.991E-05 9.991E-05
9.9919E-05 9.9919E-05 9.9919E-05 0.350409 9.9919E-05 9.9919E-05 0.439388 9.9919E-05 9.9919E-05 0.209304 9.9919E-05 9.9919E-05
0.104026 9.9937E-05 9.9937E-05 0.498103 0.0391032 0.352388 9.9937E-05 9.9937E-05 9.9937E-05 9.9937E-05 9.9937E-05 0.0056806
0.110882 0.00890274 0.0446066 0.618182 9.9955E-05 0.0536293 9.9955E-05 0.0124484 9.9955E-05 0.150849 9.9955E-05 9.9955E-05
9.9928E-05 9.9928E-05 9.9928E-05 9.9928E-05 9.9928E-05 0.55508 9.9928E-05 0.161634 0.149668 0.132818 9.9928E-05 9.9928E-05
0.359108 0.0064028 0.01011 9.9946E-05 9.9946E-05 0.548941 9.9946E-05 9.9946E-05 9.9946E-05 9.9946E-05 0.0663692 0.00846928
0.209472 9.9946E-05 0.0346167 9.9946E-05 0.0421012 0.607196 9.9946E-05 0.0853156 9.9946E-05 0.0206993 9.9946E-05 9.9946E-05
0.149714 9.99191E-05 9.99191E-05 9.99191E-05 9.99191E-05 0.745903 9.99191E-05 0.103484 9.99191E-05 9.99191E-05 9.99191E-05 9.99191E-05
9.9901E-05 9.9901E-05 9.9901E-05 9.9901E-05 9.9901E-05 9.9901E-05 9.9901E-05 0.998901 9.9901E-05 9.9901E-05 9.9901E-05 9.9901E-05
9.9901E-05 9.9901E-05 9.9901E-05 9.9901E-05 9.9901E-05 9.9901E-05 9.9901E-05 0.998901 9.9901E-05 9.9901E-05 9.9901E-05 9.9901E-05
0.225449 9.9955E-05 9.9955E-05 0.0148213 0.68123 0.0197662 9.9955E-05 0.00420017 0.00753671 0.0464966 9.9955E-05 9.9955E-05
9.9901E-05 9.9901E-05 9.9901E-05 9.9901E-05 9.9901E-05 9.9901E-05 9.9901E-05 9.9901E-05 9.9901E-05 0.998901 9.9901E-05 9.9901E-05
9.9937E-05 9.9937E-05 9.9937E-05 0.109398 0.150028 0.135915 9.9937E-05 0.117025 9.9937E-05 0.486934 9.9937E-05 9.9937E-05
9.99101E-05 0.00144091 9.99101E-05 9.99101E-05 0.99756 9.99101E-05 9.99101E-05 9.99101E-05 9.99101E-05 9.99101E-05 9.99101E-05 9.99101E-05
9.9955E-05 0.00923366 9.9955E-05 0.121908 0.534889 9.9955E-05 9.9955E-05 9.9955E-05 0.0248298 0.0760409 0.224395 0.00820329
0.00636211 9.9946E-05 9.9946E-05 9.9946E-05 0.8269 0.015254 0.103868 0.0238212 0.0231945 9.9946E-05 9.9946E-05 9.9946E-05
9.9928E-05 9.9928E-05 9.9928E-05 0.0302884 0.935792 9.9928E-05 9.9928E-05 9.9928E-05 0.0270337 9.9928E-05 9.9928E-05 0.00608682
0.200038 0.0208797 9.9964E-05 9.9964E-05 0.567886 0.0760546 0.0356082 9.9964E-05 0.0433317 0.0169 9.9964E-05 0.038902
9.99281E-05 9.99281E-05 0.0204995 9.99281E-05 0.857825 9.99281E-05 9.99281E-05 0.116483 9.99281E-05 0.00439339 9.99281E-05 9.99281E-05
0.223877 0.0901466 9.9955E-05 9.9955E-05 0.286768 0.198539 9.9955E-05 9.9955E-05 0.0920511 0.104664 0.00345533 9.9955E-05
0.107341 0.010769 9.9955E-05 9.9955E-05 9.9955E-05 0.0329805 9.9955E-05 0.0969707 9.9955E-05 0.736598 0.013607 0.00123436
9.991E-05 9.991E-05 9.991E-05 9.991E-05 9.991E-05 9.991E-05 9.991E-05 9.991E-05 9.991E-05 0.993164 9.991E-05 0.00583719
0.125424 9.99281E-05 9.99281E-05 9.99281E-05 9.99281E-05 9.99281E-05 9.99281E-05 9.99281E-05 0.312314 0.561216 9.99281E-05 0.000246332
0.00404701 9.9955E-05 0.0111857 0.0100039 0.0781924 0.0710511 9.9955E-05 0.0223633 0.802657 9.9955E-05 9.9955E-05 9.9955E-05
0.157266 9.99461E-05 0.0145255 9.99461E-05 9.99461E-05 9.99461E-05 9.99461E-05 0.0972193 0.273034 0.38598 9.99461E-05 0.0713758
0.0789593 9.9919E-05 9.9919E-05 9.9919E-05 9.9919E-05 9.9919E-05 9.9919E-05 0.077543 0.842598 9.9919E-05 9.9919E-05 9.9919E-05
9.9964E-05 0.02339 0.0232919 9.9964E-05 0.139823 0.158078 9.9964E-05 0.0328591 0.444456 0.148642 0.0290607 9.9964E-05
0.118879 0.0154074 9.9964E-05 0.0307311 0.104456 9.9964E-05 9.9964E-05 0.0145742 0.296336 0.30268 0.116536 9.9964E-05
0.0991383 9.9946E-05 9.9946E-05 0.0336569 0.0346708 9.9946E-05 0.0569084 0.0169462 0.75808 9.9946E-05 9.9946E-05 9.9946E-05
9.9928E-05 0.0463679 9.9928E-05 0.0446109 0.0170175 9.9928E-05 9.9928E-05 9.9928E-05 0.891204 9.9928E-05 9.9928E-05 9.9928E-05
0.0220595 9.99281E-05 9.99281E-05 9.99281E-05 9.99281E-05 9.99281E-05 0.0916092 9.99281E-05 0.88225 9.99281E-05 9.99281E-05 0.00328156
0.101977 9.9946E-05 9.9946E-05 9.9946E-05 0.0769686 9.9946E-05 0.0682598 9.9946E-05 0.61624 0.128796 0.00715919 9.9946E-05
9.9955E-05 9.9955E-05 0.00421122 0.00430167 0.0660483 9.9955E-05 9.9955E-05 0.0326508 0.869243 0.000934994 9.9955E-05 0.0221099
9.99101E-05 9.99101E-05 9.99101E-05 9.99101E-05 9.99101E-05 9.99101E-05 9.99101E-05 9.99101E-05 0.96899 9.99101E-05 9.99101E-05 0.0300113
0.702466 9.9955E-05 9.9955E-05 9.9955E-05 0.0688897 9.9955E-05 0.0530921 0.0576423 0.0673643 9.9955E-05 0.0394753 0.010571
0.562192 9.9973E-05 0.02178 0.00605287 0.0376636 0.0672205 0.0132199 0.0408137 0.101383 9.9973E-05 0.149375 9.9973E-05
0.591601 9.9955E-05 0.0191236 9.9955E-05 9.9955E-05 9.9955E-05 0.00458391 0.122801 0.196195 9.9955E-05 0.057043 0.00815266
0.603607 9.9964E-05 0.0576757 9.9964E-05 0.0434967 9.9964E-05 0.0580011 0.0119927 0.0224057 0.0962018 0.106219 9.9964E-05
0.794957 9.9928E-05 9.9928E-05 0.0926332 9.9928E-05 9.9928E-05 9.9928E-05 0.00274947 0.108861 9.9928E-05 9.9928E-05 9.9928E-05
0.416852 0.0174629 0.0477873 9.9937E-05 0.413837 9.9937E-05 9.9937E-05 9.9937E-05 9.9937E-05 9.9937E-05 9.9937E-05 0.103362
0.77325 0.0177155 9.9946E-05 9.9946E-05 0.0736482 9.9946E-05 9.9946E-05 9.9946E-05 0.0354495 0.0303868 0.0689506 9.9946E-05
0.976101 9.99102E-05 9.99102E-05 9.99102E-05 9.99102E-05 9.99102E-05 9.99102E-05 9.99102E-05 9.99102E-05 9.99102E-05 9.99102E-05 0.0228995
0.872537 9.9928E-05 9.9928E-05 0.0354928 0.068697 9.9928E-05 9.9928E-05 9.9928E-05 9.9928E-05 9.9928E-05 9.9928E-05 0.0224736
0.980326 0.00375254 9.99191E-05 9.99191E-05 9.99191E-05 0.0150224 9.99191E-05 9.99191E-05 9.99191E-05 9.99191E-05 9.99191E-05 9.99191E-05
0.941153 9.99191E-05 9.99191E-05 9.99191E-05 9.99191E-05 0.0350426 9.99191E-05 9.99191E-05 9.99191E-05 0.0229052 9.99191E-05 9.99191E-05
0.945487 9.9919E-05 9.9919E-05 9.9919E-05 9.9919E-05 0.0480707 0.00554343 9.9919E-05 9.9919E-05 9.9919E-05 9.9919E-05 9.9919E-05
0.946256 0.00844523 9.9928E-05 9.9928E-05 9.9928E-05 9.9928E-05 9.9928E-05 0.0361409 9.9928E-05 9.9928E-05 9.9928E-05 0.00835892
0.978283 9.99101E-05 9.99101E-05 9.99101E-05 9.99101E-05 9.99101E-05 9.99101E-05 9.99101E-05 0.0207183 9.99101E-05 9.99101E-05 9.99101E-05
0.985812 9.99191E-05 9.99191E-05 9.99191E-05 0.00623714 9.99191E-05 9.99191E-05 0.00705197 9.99191E-05 9.99191E-05 9.99191E-05 9.99191E-05
0.553721 9.9946E-05 0.0934395 0.0265381 0.255805 9.9946E-05 9.9946E-05 0.0554665 9.9946E-05 9.9946E-05 9.9946E-05 0.0144298
0.914226 0.00891491 9.99191E-05 9.99191E-05 9.99191E-05 9.99191E-05 9.99191E-05 9.99191E-05 0.0759599 9.99191E-05 9.99191E-05 9.99191E-05
0.696125 0.0304767 0.00788931 0.0738297 0.0401113 9.998E-05 0.00695857 0.0129531 0.00220461 0.0674996 9.998E-05 0.0617522
0.228717 0.00156023 0.0170686 0.0241754 9.998E-05 0.0131758 0.0530262 9.998E-05 0.0455028 0.0271747 0.00696622 0.582433
9.9901E-05 9.9901E-05 9.9901E-05 9.9901E-05 9.9901E-05 9.9901E-05 9.9901E-05 9.9901E-05 9.9901E-05 9.9901E-05 9.9901E-05 0.998901
0.560464 0.0855638 9.9946E-05 9.9946E-05 9.9946E-05 0.0750818 9.9946E-05 9.9946E-05 0.0117616 0.227059 9.9946E-05 0.0394705
