9.995E-05 9.995E-05 9.995E-05 0.9994 9.995E-05 9.995E-05 9.995E-05
0.541568 0.102327 9.9973E-05 0.271679 9.9973E-05 9.9973E-05 0.0841264
0.621727 0.0890015 9.9973E-05 0.24105 9.9973E-05 9.9973E-05 0.0479216
0.651038 0.00277835 9.9973E-05 0.202845 0.143039 9.9973E-05 9.9973E-05
0.598407 9.9973E-05 0.0824506 0.110013 0.20883 9.9973E-05 9.9973E-05
0.538891 0.0268675 9.9973E-05 0.174757 0.259184 9.9973E-05 9.9973E-05
0.703525 9.9955E-05 9.9955E-05 0.295976 9.9955E-05 9.9955E-05 9.9955E-05
0.547501 0.0828719 9.9991E-05 0.27801 0.075795 0.000163807 0.0155581
0.678199 0.0742909 0.0672458 0.173883 0.00487537 9.9991E-05 0.00140527
9.995E-05 9.995E-05 9.995E-05 0.9994 9.995E-05 9.995E-05 9.995E-05
9.995E-05 9.995E-05 9.995E-05 0.9994 9.995E-05 9.995E-05 9.995E-05
9.9955E-05 9.9955E-05 9.9955E-05 0.99824 9.9955E-05 0.00126043 9.9955E-05
9.9955E-05 9.9955E-05 9.9955E-05 0.992956 9.9955E-05 0.00654471 9.9955E-05
0.0712644 0.0202856 0.0109357 0.897214 9.9973E-05 9.9973E-05 9.9973E-05
9.9973E-05 9.9973E-05 9.9973E-05 0.944837 0.0412874 0.00753045 0.0060455
0.424509 0.0444366 9.9973E-05 0.182608 0.348147 9.9973E-05 9.9973E-05
0.370039 0.056072 0.116986 0.203976 0.183153 9.9991E-05 0.0696736
0.657752 9.9964E-05 9.9964E-05 0.165943 0.175905 9.9964E-05 9.9964E-05
0.927996 9.9964E-05 0.0393032 9.9964E-05 0.0323009 9.9964E-05 9.9964E-05
0.932225 9.9964E-05 0.0305553 9.9964E-05 9.9964E-05 0.03682 9.9964E-05
0.899865 9.9973E-05 0.0274454 0.05242 9.9973E-05 9.9973E-05 0.0199697
0.81458 0.0917435 9.9982E-05 9.9982E-05 0.0459396 0.0473059 0.00023076
0.896607 0.0340552 0.0396751 9.9982E-05 9.9982E-05 0.0053645 0.0240983
0.967014 9.9955E-05 9.9955E-05 9.9955E-05 9.9955E-05 0.0324867 9.9955E-05
0.86964 9.9973E-05 0.0138276 9.9973E-05 0.100141 0.0160913 9.9973E-05
0.629982 9.9973E-05 0.047802 9.9973E-05 0.246675 0.0752413 9.9973E-05
0.719399 0.053962 0.0876136 9.9973E-05 0.138725 9.9973E-05 9.9973E-05
0.98013 0.0147355 9.9964E-05 9.9964E-05 0.00473418 9.9964E-05 9.9964E-05
0.746422 9.9982E-05 0.03087 0.0127371 0.177821 0.0319504 9.9982E-05
0.939655 9.9964E-05 9.9964E-05 0.0504505 0.00949463 9.9964E-05 9.9964E-05
0.906828 9.9973E-05 0.0485601 0.0139907 9.9973E-05 0.0303214 9.9973E-05
0.769068 0.0436768 0.0242944 9.9991E-05 0.0537621 0.0679707 0.0411278
0.769474 0.060518 9.9982E-05 9.9982E-05 0.116847 0.00268393 0.0502776
0.587421 0.0642918 9.9982E-05 0.0488999 0.168709 0.130478 9.9982E-05
0.878179 0.081625 0.0287146 9.9973E-05 9.9973E-05 0.0111818 9.9973E-05
0.928517 9.9964E-05 9.9964E-05 0.0602648 0.0108187 9.9964E-05 9.9964E-05
0.448498 9.9955E-05 9.9955E-05 9.9955E-05 0.551002 9.9955E-05 9.9955E-05
0.527774 0.0408673 0.0776463 9.9982E-05 0.348168 0.00534504 9.9982E-05
0.449982 0.0583932 0.111079 0.0210846 0.340095 9.9991E-05 0.0192666
0.581058 9.9982E-05 0.0613525 9.9982E-05 0.314391 0.0221485 0.0208503
0.0154114 0.0381368 9.9991E-05 0.00464315 0.871914 0.0379178 0.031877
0.0515571 0.0486796 0.0449818 0.0271328 0.769807 9.9991E-05 0.0577418
0.19909 0.0810997 9.9982E-05 0.0364619 0.627603 0.0555454 9.9982E-05
0.0378724 0.0198499 9.9964E-05 9.9964E-05 0.941878 9.9964E-05 9.9964E-05
0.225382 0.0300816 0.0208537 9.9982E-05 0.712826 0.0106564 9.9982E-05
0.056917 9.9955E-05 9.9955E-05 9.9955E-05 0.942583 9.9955E-05 9.9955E-05
9.9964E-05 0.0105717 9.9964E-05 0.0198861 0.969142 9.9964E-05 9.9964E-05
0.317585 0.070902 0.0160885 9.9973E-05 0.595125 9.9973E-05 9.9973E-05
0.128173 0.0256264 0.0177151 0.0933408 0.673677 0.0613676 9.9991E-05
0.342251 0.0102207 9.9991E-05 0.113738 0.471063 0.0547495 0.00787812
0.209563 0.025915 0.0206903 0.0347273 0.708904 9.9982E-05 9.9982E-05
0.132874 0.0314538 9.9973E-05 0.0233175 0.812054 9.9973E-05 9.9973E-05
0.00582932 0.0280839 9.9973E-05 0.0519618 0.913825 9.9973E-05 9.9973E-05
0.167805 9.9991E-05 0.0438288 0.0199565 0.733107 0.0196492 0.0155542
0.161604 9.9991E-05 0.00579281 0.063567 0.657906 0.0658138 0.0452163
0.0971615 0.0525526 9.9982E-05 0.00140899 0.817312 0.0313652 9.9982E-05
0.131765 0.0523599 0.0720963 0.0784488 0.588728 0.0723184 0.0042843
0.178989 9.9982E-05 0.037671 9.9982E-05 0.729595 0.0382217 0.0153234
0.0153883 0.00174052 9.9973E-05 0.0296669 0.952904 9.9973E-05 9.9973E-05
0.185774 9.9982E-05 0.0584902 0.0407735 0.701058 9.9982E-05 0.0137039
0.227869 9.9982E-05 0.0435674 0.000807465 0.658237 0.0693188 9.9982E-05
0.0416813 9.9982E-05 9.9982E-05 0.0130878 0.90213 0.0408962 0.00200475
0.104392 0.0656792 0.0296244 0.00712765 0.746925 0.046152 9.99901E-05
9.9973E-05 0.0350165 0.0231192 9.9973E-05 0.925478 0.016086 9.9973E-05
0.0383739 9.9964E-05 9.9964E-05 0.0253335 0.935893 9.9964E-05 9.9964E-05
0.00318907 0.0206179 0.024885 0.010733 0.940375 9.9982E-05 9.9982E-05
9.9955E-05 9.9955E-05 9.9955E-05 9.9955E-05 0.987901 9.9955E-05 0.011599
9.9991E-05 0.0670771 0.0131351 0.0307911 0.8108 0.076343 0.00175396
0.287169 9.9973E-05 0.00549629 9.9973E-05 0.682947 9.9973E-05 0.0240879
9.99551E-05 0.0325016 9.99551E-05 9.99551E-05 0.966999 9.99551E-05 9.99551E-05
0.074538 0.0271366 9.9982E-05 0.0425826 0.8484 9.9982E-05 0.00714265
0.0124288 0.0761964 0.0182231 9.9991E-05 0.846924 0.034647 0.0114804
9.9964E-05 9.9964E-05 0.00734227 0.0980091 0.894249 9.9964E-05 9.9964E-05
9.9964E-05 9.9964E-05 0.0438854 0.0474335 0.908281 9.9964E-05 9.9964E-05
9.9982E-05 0.0152731 0.0117823 0.0624621 0.844669 0.0656134 9.9982E-05
9.9955E-05 9.9955E-05 0.0564456 9.9955E-05 0.943055 9.9955E-05 9.9955E-05
9.995E-05 9.995E-05 9.995E-05 9.995E-05 0.9994 9.995E-05 9.995E-05
0.0379707 0.00144773 0.0303093 0.00309823 0.728077 0.0494385 0.149658
0.000217545 0.0577958 0.114105 9.9991E-05 0.700793 0.0133945 0.113594
9.9982E-05 0.00384108 0.0684852 9.9982E-05 0.786706 0.0306345 0.110133
9.9982E-05 0.0356971 0.00475297 9.9982E-05 0.809553 0.0469661 0.102831
9.9973E-05 9.9973E-05 0.00267514 9.9973E-05 0.858666 0.00926377 0.129095
9.9982E-05 0.0306806 0.00432834 9.9982E-05 0.818324 0.0293046 0.117163
0.120734 9.9991E-05 0.0798088 0.01442 0.563449 0.108011 0.113477
9.9982E-05 0.022301 0.0680144 9.9982E-05 0.609571 0.0451142 0.254799
9.9982E-05 0.105845 0.00134898 9.9982E-05 0.684127 0.0536006 0.154879
0.121662 0.0822717 0.0312586 0.0516035 0.545539 0.0894457 0.0782201
0.0800304 9.9982E-05 0.0393971 9.9982E-05 0.692376 0.110739 0.077258
9.9982E-05 0.055043 0.0662582 9.9982E-05 0.673292 0.0237592 0.181448
0.0177034 0.0926469 0.120404 9.9991E-05 0.553704 0.1262 0.0892416
0.0749768 0.0855059 0.0707975 0.0328598 0.55367 0.0431262 0.139064
0.0500537 0.0712452 0.0269832 0.0214345 0.59228 0.0940459 0.143958
9.9991E-05 0.0988015 0.153497 0.0265636 0.50036 0.0529862 0.167691
9.9955E-05 9.9955E-05 9.9955E-05 9.9955E-05 9.9955E-05 0.00129639 0.998204
9.9964E-05 9.9964E-05 9.9964E-05 0.00397378 0.0387034 9.9964E-05 0.956923
0.0524409 9.9973E-05 9.9973E-05 0.0189803 0.0202914 9.9973E-05 0.907988
9.995E-05 9.995E-05 9.995E-05 9.995E-05 9.995E-05 9.995E-05 0.9994
9.995E-05 9.995E-05 9.995E-05 9.995E-05 9.995E-05 9.995E-05 0.9994
9.995E-05 9.995E-05 9.995E-05 9.995E-05 9.995E-05 9.995E-05 0.9994
9.995E-05 9.995E-05 9.995E-05 9.995E-05 9.995E-05 9.995E-05 0.9994
0.0293663 0.0713396 9.9973E-05 9.9973E-05 0.00232791 9.9973E-05 0.896666
9.995E-05 9.995E-05 9.995E-05 9.995E-05 9.995E-05 9.995E-05 0.9994
9.995E-05 9.995E-05 9.995E-05 9.995E-05 9.995E-05 9.995E-05 0.9994
0.0646235 0.0476065 0.178014 9.9991E-05 0.357395 0.253081 0.09918
9.9964E-05 9.9964E-05 0.0166157 9.9964E-05 0.0263161 9.9964E-05 0.956668
9.995E-05 9.995E-05 9.995E-05 9.995E-05 9.995E-05 9.995E-05 0.9994
9.9964E-05 9.9964E-05 9.9964E-05 0.0109443 9.9964E-05 0.0110621 0.977594
9.9973E-05 9.9973E-05 0.144541 9.9973E-05 0.547582 0.18092 0.126657
9.9982E-05 0.0509799 0.0672374 9.9982E-05 0.56827 0.183264 0.130049
0.009926 0.016143 0.0899776 0.000163429 0.643497 0.129363 0.110929
9.9982E-05 0.023736 0.0646767 9.9982E-05 0.50965 0.188708 0.21303
9.9982E-05 0.030281 0.0906234 9.9982E-05 0.459057 0.262111 0.157728
0.129424 9.9982E-05 0.0737007 9.9982E-05 0.46375 0.172594 0.160331
0.057769 0.00654507 0.0537996 9.9991E-05 0.539893 0.145642 0.196251
0.0124725 9.9982E-05 0.0899275 9.9982E-05 0.547938 0.190118 0.159344
0.0446105 0.0637263 0.0848547 9.9991E-05 0.406444 0.177533 0.222732
0.0160748 0.0791946 0.0703172 0.00357619 0.462411 0.153536 0.214891
0.013827 0.022037 0.10135 9.9991E-05 0.616241 0.10182 0.144626
0.029048 0.0419847 0.0586009 9.9991E-05 0.519669 0.105053 0.245544
9.9991E-05 0.0428235 0.102627 0.0174166 0.589563 0.14941 0.0980606
9.9982E-05 0.0580659 0.0963208 9.9982E-05 0.520197 0.189541 0.135675
0.0460432 0.0140886 9.9973E-05 9.9973E-05 9.9973E-05 0.936841 0.00272743
0.0202485 9.9982E-05 0.078446 0.00626544 9.9982E-05 0.889074 0.00576561
9.995E-05 9.995E-05 9.995E-05 9.995E-05 9.995E-05 0.9994 9.995E-05
0.00584433 9.9964E-05 0.0288067 9.9964E-05 9.9964E-05 0.964949 9.9964E-05
9.995E-05 9.995E-05 9.995E-05 9.995E-05 9.995E-05 0.9994 9.995E-05
9.9955E-05 9.9955E-05 9.9955E-05 9.9955E-05 9.9955E-05 0.984932 0.0145678
9.995E-05 9.995E-05 9.995E-05 9.995E-05 9.995E-05 0.9994 9.995E-05
0.0228702 9.9991E-05 0.0743167 0.0527254 0.0901355 0.754674 0.00517808
9.995E-05 9.995E-05 9.995E-05 9.995E-05 9.995E-05 0.9994 9.995E-05
9.995E-05 9.995E-05 9.995E-05 9.995E-05 9.995E-05 0.9994 9.995E-05
9.9964E-05 9.9964E-05 9.9964E-05 0.0167117 9.9964E-05 0.925032 0.0578562
9.9955E-05 9.9955E-05 9.9955E-05 0.00509088 9.9955E-05 0.994409 9.9955E-05
9.9973E-05 0.107422 0.0581717 9.9973E-05 0.101921 0.732185 9.9973E-05
9.995E-05 0.9994 9.995E-05 9.995E-05 9.995E-05 9.995E-05 9.995E-05
9.9982E-05 0.0822524 0.0952284 9.9982E-05 0.48911 0.139277 0.193932
9.995E-05 0.9994 9.995E-05 9.995E-05 9.995E-05 9.995E-05 9.995E-05
9.995E-05 0.9994 9.995E-05 9.995E-05 9.995E-05 9.995E-05 9.995E-05
9.99551E-05 0.987214 9.99551E-05 9.99551E-05 9.99551E-05 9.99551E-05 0.0122859
0.0106306 0.833075 9.9982E-05 9.9982E-05 0.111944 0.0430231 0.00112711
9.995E-05 0.9994 9.995E-05 9.995E-05 9.995E-05 9.995E-05 9.995E-05
9.9964E-05 0.938439 9.9964E-05 9.9964E-05 0.0276941 0.0334671 9.9964E-05
0.00616211 0.993338 9.9955E-05 9.9955E-05 9.9955E-05 9.9955E-05 9.9955E-05
0.0169678 0.933326 9.9982E-05 9.9982E-05 0.027535 0.0082987 0.0136729
9.995E-05 0.9994 9.995E-05 9.995E-05 9.995E-05 9.995E-05 9.995E-05
9.9955E-05 0.966873 9.9955E-05 9.9955E-05 0.032627 9.9955E-05 9.9955E-05
9.9955E-05 0.982796 9.9955E-05 9.9955E-05 9.9955E-05 0.0167045 9.9955E-05
9.9982E-05 0.836119 0.0710515 9.9982E-05 0.0307021 0.0561107 0.00581682
0.0149094 0.908095 0.00963701 0.0155352 0.0090112 0.0331547 0.0096576
9.9973E-05 0.854337 0.0249825 9.9973E-05 0.105268 9.9973E-05 0.0151126
9.9991E-05 0.880291 0.0536044 0.00377448 0.0500376 0.00585989 0.00633235
0.0162915 0.838775 0.060864 0.0344849 0.0493842 9.9982E-05 9.9982E-05
9.9955E-05 0.950855 9.9955E-05 9.9955E-05 0.048645 9.9955E-05 9.9955E-05
9.9991E-05 0.0327448 0.347134 0.0255369 0.487689 0.0177496 0.089046
9.9991E-05 0.0501536 0.339493 0.018616 0.497799 0.0185493 0.0752887
9.9982E-05 0.050639 0.338369 0.0175637 0.495535 9.9982E-05 0.0976927
9.9991E-05 0.0436962 0.331721 0.0361203 0.485868 0.0523072 0.0501871
0.156423 0.138614 0.388155 9.9982E-05 9.9982E-05 0.0709995 0.245609
0.125156 0.0943265 0.488189 9.99821E-05 9.99821E-05 0.0300673 0.262061
0.170586 0.0845163 0.421174 9.9982E-05 9.9982E-05 0.0630926 0.260431
0.140416 0.0981997 0.448261 9.9982E-05 9.9982E-05 0.0171871 0.295737
0.130223 0.109365 0.4423 9.9982E-05 9.9982E-05 0.0676558 0.250257
0.133451 0.103246 0.441711 9.9982E-05 9.9982E-05 0.0445801 0.276812
0.139953 0.0763511 0.424109 9.9991E-05 0.0357631 0.0425554 0.281168
0.242668 0.106485 0.317398 9.9991E-05 0.0730125 0.0982684 0.162069
0.242456 0.104642 0.384701 9.9991E-05 0.0312797 0.0459547 0.190867
9.9964E-05 9.9964E-05 0.975886 9.9964E-05 0.0207983 0.00291583 9.9964E-05
9.995E-05 9.995E-05 0.9994 9.995E-05 9.995E-05 9.995E-05 9.995E-05
9.9955E-05 9.9955E-05 0.998633 0.000867333 9.9955E-05 9.9955E-05 9.9955E-05
9.995E-05 9.995E-05 0.9994 9.995E-05 9.995E-05 9.995E-05 9.995E-05
9.995E-05 9.995E-05 0.9994 9.995E-05 9.995E-05 9.995E-05 9.995E-05
9.9955E-05 9.9955E-05 0.914417 9.9955E-05 0.0850829 9.9955E-05 9.9955E-05
9.995E-05 9.995E-05 0.9994 9.995E-05 9.995E-05 9.995E-05 9.995E-05
9.995E-05 9.995E-05 0.9994 9.995E-05 9.995E-05 9.995E-05 9.995E-05
9.995E-05 9.995E-05 0.9994 9.995E-05 9.995E-05 9.995E-05 9.995E-05
9.9955E-05 9.9955E-05 0.969988 9.9955E-05 9.9955E-05 0.0295127 9.9955E-05
9.995E-05 9.995E-05 0.9994 9.995E-05 9.995E-05 9.995E-05 9.995E-05
9.995E-05 9.995E-05 0.9994 9.995E-05 9.995E-05 9.995E-05 9.995E-05
