9.995E-05 9.995E-05 9.995E-05 0.9994 9.995E-05 9.995E-05 9.995E-05
9.9973E-05 0.585481 0.0726899 0.286764 0.0547654 9.9973E-05 9.9973E-05
9.9973E-05 0.623441 0.0957941 0.243169 0.0372967 9.9973E-05 9.9973E-05
0.0716537 0.723121 9.9964E-05 0.204826 9.9964E-05 9.9964E-05 9.9964E-05
0.0832387 0.725132 9.9982E-05 0.104841 9.9982E-05 0.0394592 0.0471288
0.206725 0.578971 0.0390158 0.174988 9.9973E-05 9.9973E-05 9.9973E-05
9.9955E-05 0.701617 9.9955E-05 0.297883 9.9955E-05 9.9955E-05 9.9955E-05
0.0499834 0.498196 0.0643912 0.319898 0.0374837 9.9991E-05 0.0299479
9.9991E-05 0.69028 0.0601673 0.199777 0.00297138 0.0358534 0.0108512
9.995E-05 9.995E-05 9.995E-05 0.9994 9.995E-05 9.995E-05 9.995E-05
9.995E-05 9.995E-05 9.995E-05 0.9994 9.995E-05 9.995E-05 9.995E-05
9.995E-05 9.995E-05 9.995E-05 0.9994 9.995E-05 9.995E-05 9.995E-05
9.995E-05 9.995E-05 9.995E-05 0.9994 9.995E-05 9.995E-05 9.995E-05
9.9973E-05 0.0139117 9.9973E-05 0.918104 9.9973E-05 0.0470699 0.0206144
9.9973E-05 9.9973E-05 0.0147665 0.951226 0.00664702 9.9973E-05 0.0270604
0.307437 0.507278 0.00555341 0.165574 9.9991E-05 0.00263325 0.0114247
0.126377 0.345767 0.0956393 0.248203 0.0753932 0.00626899 0.102352
0.0951067 0.715235 0.0341177 0.143143 0.0079334 0.00436441 9.9991E-05
9.9964E-05 0.95894 9.9964E-05 9.9964E-05 0.00778273 0.0328778 9.9964E-05
9.9973E-05 0.913905 9.9973E-05 9.9973E-05 0.0227159 0.026055 0.0370246
9.9973E-05 0.897194 9.9973E-05 0.0383509 0.0206648 0.0434907 9.9973E-05
0.0148667 0.813103 0.0905099 9.9982E-05 0.0483043 9.9982E-05 0.0330157
0.0170762 0.872735 0.0266573 9.9991E-05 0.0148676 0.0663717 0.00219216
9.9973E-05 0.955965 9.9973E-05 0.0131867 0.0033316 9.9973E-05 0.0272171
0.108714 0.84405 9.9973E-05 9.9973E-05 9.9973E-05 0.0331123 0.0138242
0.328286 0.571844 9.9973E-05 9.9973E-05 9.9973E-05 0.014478 0.0850929
0.164309 0.651647 0.0585842 0.00254821 9.9991E-05 0.118106 0.00470531
9.9964E-05 0.967577 0.00992255 9.9964E-05 9.9964E-05 9.9964E-05 0.0221008
0.117757 0.768835 9.99848E-05 0.0482047 9.99848E-05 0.0228695 0.0421344
9.9955E-05 0.966101 9.9955E-05 0.0333996 9.9955E-05 9.9955E-05 9.9955E-05
9.9982E-05 0.90069 9.9982E-05 0.036823 0.0201866 0.0254629 0.0166377
0.0289138 0.839373 0.000506806 9.9991E-05 0.0148887 0.0468842 0.0693331
0.145184 0.730887 0.0349821 9.9982E-05 0.0622121 0.0265346 9.9982E-05
0.140539 0.604685 0.0698823 0.0649132 0.00243721 0.0207233 0.0968201
9.9982E-05 0.844857 0.0532258 9.9982E-05 0.0351692 0.0270868 0.0394615
0.0770738 0.884978 9.9964E-05 0.0375483 9.9964E-05 9.9964E-05 9.9964E-05
0.469282 0.528575 9.9964E-05 9.9964E-05 9.9964E-05 0.001743 9.9964E-05
0.317363 0.537203 0.0189839 9.9991E-05 0.00191193 0.10702 0.0174176
0.246024 0.550904 0.0434322 0.00933238 0.01283 0.137378 9.9991E-05
0.399652 0.513499 9.9973E-05 9.9973E-05 0.0373171 0.0492314 9.9973E-05
0.830816 0.0648349 0.0246928 9.99905E-05 0.02122 9.99905E-05 0.0582361
0.893857 0.0137955 0.00708753 0.0346843 9.9991E-05 0.0151004 0.0353755
0.731421 0.131601 0.053658 0.0601248 0.00199185 9.9991E-05 0.0211037
0.904269 0.0572547 0.0153938 9.9973E-05 9.9973E-05 9.9973E-05 0.0227822
0.708165 0.195976 0.0440624 9.9973E-05 9.9973E-05 0.0514965 9.9973E-05
0.954943 0.031275 9.9964E-05 0.0133819 9.9964E-05 9.9964E-05 9.9964E-05
0.973783 0.0201427 9.9964E-05 0.00567474 9.9964E-05 9.9964E-05 9.9964E-05
0.527562 0.373911 0.0131643 9.9982E-05 9.9982E-05 0.032707 0.052456
0.670359 0.106293 0.032095 0.0897158 9.9991E-05 0.0689856 0.032451
0.408075 0.398545 9.9991E-05 0.105016 0.0146785 0.00752918 0.0660567
0.68261 0.172983 0.0329724 0.0314369 0.0303407 0.049557 9.9991E-05
0.826775 0.142477 0.0069749 9.9973E-05 9.9973E-05 0.0234729 9.9973E-05
0.979189 0.00637526 9.9964E-05 0.0140359 9.9964E-05 9.9964E-05 9.9964E-05
0.591847 0.203088 0.0142948 0.040443 0.0466971 0.0889071 0.0147221
0.684254 0.188995 0.013762 0.051559 0.0430914 9.9991E-05 0.018239
0.765828 0.100148 0.0802382 0.00672969 0.00262376 9.9991E-05 0.0443321
0.538837 0.155977 0.0996503 0.0975701 9.9991E-05 0.0657987 0.0420673
0.579259 0.292794 9.9973E-05 9.9973E-05 9.9973E-05 0.0778649 0.0497823
0.93015 0.0445113 9.9964E-05 0.0249392 9.9964E-05 9.9964E-05 9.9964E-05
0.519054 0.246165 0.0199403 0.0684786 0.031408 0.114853 9.9991E-05
0.642982 0.183567 9.9982E-05 0.0199432 9.9982E-05 0.110968 0.0423397
0.862448 0.0794839 9.9973E-05 0.00908319 9.9973E-05 9.9973E-05 0.0486847
0.740832 0.111947 0.0550948 0.00737641 0.0213642 0.0468316 0.0165533
0.989434 9.99641E-05 0.00436783 9.99641E-05 9.99641E-05 9.99641E-05 0.00579854
0.819743 0.121028 9.9982E-05 0.0156196 9.9982E-05 0.0240303 0.0193795
0.953903 9.9973E-05 0.0407554 9.9973E-05 0.00348879 0.00155273 9.9973E-05
0.975624 9.9955E-05 9.9955E-05 9.9955E-05 0.0238763 9.9955E-05 9.9955E-05
0.914855 9.9973E-05 9.9973E-05 0.034432 0.0423576 9.9973E-05 0.00805504
0.678741 0.29081 9.9982E-05 9.9982E-05 0.00152672 0.0136885 0.0150343
0.9994 9.995E-05 9.995E-05 9.995E-05 9.995E-05 9.995E-05 9.995E-05
0.737523 0.120614 0.0903386 0.0430966 0.00822782 9.9982E-05 9.9982E-05
0.889304 0.0205528 0.0112998 9.9982E-05 0.0276286 9.9982E-05 0.0510144
0.925811 9.9955E-05 9.9955E-05 0.0736895 9.9955E-05 9.9955E-05 9.9955E-05
0.934147 9.9964E-05 9.9964E-05 0.0467077 9.9964E-05 0.0187457 9.9964E-05
0.887292 9.9964E-05 9.9964E-05 0.054354 9.9964E-05 9.9964E-05 0.0579537
0.93333 9.9964E-05 9.9964E-05 0.0182605 9.9964E-05 0.0480099 9.9964E-05
0.9994 9.995E-05 9.995E-05 9.995E-05 9.995E-05 9.995E-05 9.995E-05
0.776315 9.9982E-05 0.00654652 0.0362183 0.127591 9.9982E-05 0.0531291
0.730923 0.0352249 9.9982E-05 9.9982E-05 0.0792608 0.105589 0.0488017
0.840628 9.9982E-05 0.0101512 9.9982E-05 0.12425 0.0213949 0.00337646
0.804075 9.9982E-05 0.0117156 9.9982E-05 0.0655027 0.0567234 0.0617836
0.872245 9.9973E-05 0.0107549 9.9973E-05 0.105016 0.0116838 9.9973E-05
0.801403 9.9973E-05 0.0281911 9.9973E-05 0.119844 0.0502617 9.9973E-05
0.634981 0.0747763 9.9982E-05 9.9982E-05 0.149267 0.0307436 0.110032
0.761859 9.9991E-05 0.028405 0.0133673 0.170049 0.0140696 0.0121497
0.663696 0.00133037 0.0783277 0.0201975 0.16667 0.0296062 0.0401719
0.578304 0.149685 0.0511412 0.0343385 0.0758566 0.0208184 0.0898559
0.607682 0.0678483 9.9991E-05 0.00841961 0.119731 0.0907263 0.105493
0.688498 0.0266153 0.0315832 0.00507837 0.158671 0.0577876 0.0317663
0.52417 0.0332578 0.0604707 0.0076885 0.101212 0.154605 0.118596
0.617656 0.0868727 0.0512481 0.037585 0.159586 0.000466005 0.046586
0.613682 0.0938843 0.0793341 9.9982E-05 0.134607 9.9982E-05 0.0782932
0.477143 9.9991E-05 0.0721048 0.0509552 0.196137 0.146387 0.057173
9.995E-05 9.995E-05 9.995E-05 9.995E-05 0.9994 9.995E-05 9.995E-05
9.9955E-05 9.9955E-05 9.9955E-05 0.013744 0.985756 9.9955E-05 9.9955E-05
0.0295234 9.9991E-05 0.00405455 0.0343192 0.911244 0.00300812 0.0177503
9.995E-05 9.995E-05 9.995E-05 9.995E-05 0.9994 9.995E-05 9.995E-05
9.995E-05 9.995E-05 9.995E-05 9.995E-05 0.9994 9.995E-05 9.995E-05
9.995E-05 9.995E-05 9.995E-05 9.995E-05 0.9994 9.995E-05 9.995E-05
9.995E-05 9.995E-05 9.995E-05 9.995E-05 0.9994 9.995E-05 9.995E-05
9.9982E-05 0.0206211 0.0255693 9.9982E-05 0.925353 0.00124955 0.0270071
9.995E-05 9.995E-05 9.995E-05 9.995E-05 0.9994 9.995E-05 9.995E-05
9.995E-05 9.995E-05 9.995E-05 9.995E-05 0.9994 9.995E-05 9.995E-05
0.35656 0.0674261 0.0742062 9.9991E-05 0.0948375 0.126289 0.280581
0.024092 9.9964E-05 9.9964E-05 9.9964E-05 0.956174 0.0193339 9.9964E-05
9.995E-05 9.995E-05 9.995E-05 9.995E-05 0.9994 9.995E-05 9.995E-05
9.9955E-05 0.00248913 9.9955E-05 9.9955E-05 0.997011 9.9955E-05 9.9955E-05
0.550862 9.9991E-05 0.0015237 0.00387033 0.119007 0.142729 0.181908
0.582055 9.9982E-05 0.0477033 9.9982E-05 0.127376 0.0804243 0.162242
0.58331 9.9991E-05 0.0590171 0.00320574 0.117256 0.0817724 0.155339
0.504429 0.00890722 0.0462573 9.9991E-05 0.188987 0.0600553 0.191264
0.545254 9.9982E-05 0.0448388 9.9982E-05 0.116455 0.068529 0.224723
0.400173 0.132741 0.025209 9.9991E-05 0.122112 0.153239 0.166426
0.548352 0.0398647 0.0660278 9.9991E-05 0.182916 0.0243101 0.13843
0.580281 0.00332974 9.9982E-05 9.9982E-05 0.193377 0.0403633 0.182449
0.482594 9.9982E-05 0.0640151 9.9982E-05 0.282437 0.0839065 0.0868474
0.523117 9.9982E-05 0.0550891 9.9982E-05 0.244717 0.0647877 0.112089
0.494226 0.0752008 0.0357173 9.9991E-05 0.153588 0.101455 0.139713
0.476652 0.0376397 0.0451843 9.9991E-05 0.245858 0.11719 0.0773753
0.589985 9.9991E-05 0.0851407 0.00223007 0.0729543 0.0967511 0.152839
0.513086 9.9982E-05 0.0766073 9.9982E-05 0.158794 0.0612522 0.19006
9.9964E-05 9.9964E-05 0.0570633 9.9964E-05 0.00134097 9.9964E-05 0.941196
9.9973E-05 0.0238714 9.9973E-05 9.9973E-05 0.0399118 0.0472717 0.888645
9.995E-05 9.995E-05 9.995E-05 9.995E-05 9.995E-05 9.995E-05 0.9994
9.995E-05 9.995E-05 9.995E-05 9.995E-05 9.995E-05 9.995E-05 0.9994
9.9955E-05 9.9955E-05 9.9955E-05 9.9955E-05 9.9955E-05 0.00478629 0.994714
9.995E-05 9.995E-05 9.995E-05 9.995E-05 9.995E-05 9.995E-05 0.9994
9.995E-05 9.995E-05 9.995E-05 9.995E-05 9.995E-05 9.995E-05 0.9994
0.12857 0.0258764 9.9982E-05 0.0266147 9.9982E-05 0.0615034 0.757236
9.9955E-05 9.9955E-05 0.00700587 9.9955E-05 9.9955E-05 9.9955E-05 0.992494
9.995E-05 9.995E-05 9.995E-05 9.995E-05 9.995E-05 9.995E-05 0.9994
9.9973E-05 9.9973E-05 0.0312528 0.0385899 0.0484925 9.9973E-05 0.881365
9.995E-05 9.995E-05 9.995E-05 9.995E-05 9.995E-05 9.995E-05 0.9994
0.174453 9.9982E-05 0.0701284 0.000253627 0.0705354 9.9982E-05 0.68443
9.995E-05 9.995E-05 0.9994 9.995E-05 9.995E-05 9.995E-05 9.995E-05
0.532554 9.9982E-05 0.0783439 9.9982E-05 0.19242 0.0618554 0.134627
9.995E-05 9.995E-05 0.9994 9.995E-05 9.995E-05 9.995E-05 9.995E-05
9.995E-05 9.995E-05 0.9994 9.995E-05 9.995E-05 9.995E-05 9.995E-05
9.99551E-05 9.99551E-05 0.967692 9.99551E-05 0.0318083 9.99551E-05 9.99551E-05
0.186323 0.0125827 0.74822 0.028125 9.9982E-05 9.9982E-05 0.0245492
9.995E-05 9.995E-05 0.9994 9.995E-05 9.995E-05 9.995E-05 9.995E-05
0.100743 9.9955E-05 0.898757 9.9955E-05 9.9955E-05 9.9955E-05 9.9955E-05
9.9955E-05 9.9955E-05 0.985161 9.9955E-05 0.0143388 9.9955E-05 9.9955E-05
9.9964E-05 0.0521604 0.937361 9.9964E-05 9.9964E-05 9.9964E-05 0.0100786
9.9955E-05 9.9955E-05 0.984013 0.0154869 9.9955E-05 9.9955E-05 9.9955E-05
0.0338447 9.9964E-05 0.944127 9.9964E-05 9.9964E-05 0.0216287 9.9964E-05
0.0312439 0.00292216 0.964011 9.9973E-05 0.0015235 9.9973E-05 9.9973E-05
9.9982E-05 0.00694547 0.813558 9.9982E-05 0.0620582 0.0742373 0.0430006
0.0330752 0.00436932 0.950133 0.000866771 9.9982E-05 0.0113558 9.9982E-05
0.113162 9.9964E-05 0.876592 0.00984539 9.9964E-05 9.9964E-05 9.9964E-05
0.0453814 9.9973E-05 0.897116 0.00560226 9.9973E-05 0.0516005 9.9973E-05
0.0521969 9.9982E-05 0.878241 0.00700504 0.000273957 0.0620826 9.9982E-05
0.0220579 9.9973E-05 0.928511 0.00992298 9.9973E-05 9.9973E-05 0.0392078
0.456808 9.9991E-05 0.027261 0.0390867 0.060444 0.335459 0.0808413
0.439229 9.9991E-05 0.0448051 0.0283718 0.0970351 0.315036 0.0754226
0.474469 9.9991E-05 0.0942131 0.0255988 0.0821304 0.296557 0.0269322
0.448673 9.9991E-05 0.0648643 0.0521434 0.0980678 0.284123 0.0520291
0.0724515 0.137981 0.0843362 9.9991E-05 0.264868 0.377349 0.0629143
9.99821E-05 0.083585 0.0842028 9.99821E-05 0.303904 0.471218 0.0568901
0.0812769 0.0975594 0.0941233 9.9991E-05 0.278853 0.401572 0.0465159
0.0892142 0.0728965 0.104515 9.9991E-05 0.289013 0.427414 0.016847
0.12239 0.0822658 0.0793611 9.9991E-05 0.297577 0.375341 0.0429655
0.130162 0.107459 0.099756 9.9991E-05 0.288462 0.353369 0.0206916
0.210129 0.0704141 0.0816728 9.9991E-05 0.248473 0.353838 0.0353723
0.124659 0.145582 0.0836046 0.00702894 0.224152 0.319379 0.0955943
0.177796 0.105429 0.0434202 9.9991E-05 0.244621 0.31749 0.111145
9.995E-05 9.995E-05 9.995E-05 9.995E-05 9.995E-05 0.9994 9.995E-05
9.9955E-05 9.9955E-05 9.9955E-05 0.00685362 9.9955E-05 0.992647 9.9955E-05
9.995E-05 9.995E-05 9.995E-05 9.995E-05 9.995E-05 0.9994 9.995E-05
9.995E-05 9.995E-05 9.995E-05 9.995E-05 9.995E-05 0.9994 9.995E-05
9.995E-05 9.995E-05 9.995E-05 9.995E-05 9.995E-05 0.9994 9.995E-05
0.0103716 0.0369278 9.9973E-05 0.0176097 9.9973E-05 0.934791 9.9973E-05
9.995E-05 9.995E-05 9.995E-05 9.995E-05 9.995E-05 0.9994 9.995E-05
9.995E-05 9.995E-05 9.995E-05 9.995E-05 9.995E-05 0.9994 9.995E-05
9.995E-05 9.995E-05 9.995E-05 9.995E-05 9.995E-05 0.9994 9.995E-05
9.9955E-05 9.9955E-05 9.9955E-05 9.9955E-05 9.9955E-05 0.998524 0.000976594
9.995E-05 9.995E-05 9.995E-05 9.995E-05 9.995E-05 0.9994 9.995E-05
9.995E-05 9.995E-05 9.995E-05 9.995E-05 9.995E-05 0.9994 9.995E-05
