9.995E-05 9.995E-05 0.9994 9.995E-05 9.995E-05 9.995E-05 9.995E-05
9.9973E-05 0.0759308 0.281557 9.9973E-05 0.582193 9.9973E-05 0.0600194
9.9973E-05 0.161281 0.251546 9.9973E-05 0.563011 9.9973E-05 0.0238623
0.117126 9.9964E-05 0.227957 9.9964E-05 0.654518 9.9964E-05 9.9964E-05
0.141029 9.9982E-05 0.149487 0.0259606 0.608253 0.0750698 9.9982E-05
0.0681069 0.0754553 0.176367 9.9982E-05 0.654484 9.9982E-05 0.0253872
9.9955E-05 9.9955E-05 0.271866 9.9955E-05 0.727634 9.9955E-05 9.9955E-05
0.022666 0.0806588 0.295075 0.0222421 0.565339 9.9991E-05 0.0139197
9.9982E-05 0.0652163 0.197119 9.9982E-05 0.684168 0.039891 0.0134058
9.995E-05 9.995E-05 0.9994 9.995E-05 9.995E-05 9.995E-05 9.995E-05
9.995E-05 9.995E-05 0.9994 9.995E-05 9.995E-05 9.995E-05 9.995E-05
9.995E-05 9.995E-05 0.9994 9.995E-05 9.995E-05 9.995E-05 9.995E-05
9.995E-05 9.995E-05 0.9994 9.995E-05 9.995E-05 9.995E-05 9.995E-05
9.9964E-05 9.9964E-05 0.948244 9.9964E-05 0.00957265 0.0417834 9.9964E-05
0.046403 9.9964E-05 0.952119 0.00107785 9.9964E-05 9.9964E-05 9.9964E-05
0.250387 0.0305614 0.217286 0.0593529 0.409632 9.9991E-05 0.032681
0.21065 0.0672386 0.249502 0.0635462 0.325621 0.0639366 0.0195051
0.149047 9.9964E-05 0.190637 9.9964E-05 0.659916 9.9964E-05 9.9964E-05
9.9964E-05 9.9964E-05 9.9964E-05 9.9964E-05 0.913948 0.0851055 0.000546752
9.9982E-05 0.00145804 9.9982E-05 0.0234945 0.971417 0.00262226 0.000808527
9.9973E-05 9.9973E-05 0.0292555 9.9973E-05 0.933792 0.0284353 0.00821719
0.0219668 0.0607585 9.9991E-05 0.045552 0.812801 0.0298412 0.0289807
0.00515609 0.0371511 9.9991E-05 0.0182544 0.871677 0.0511004 0.0165606
9.9973E-05 0.0128224 0.0106513 0.0395728 0.936654 9.9973E-05 9.9973E-05
0.0243808 9.9982E-05 9.9982E-05 0.0269892 0.90824 0.0255969 0.0145937
0.310654 9.9973E-05 9.9973E-05 0.0508603 0.573591 0.064595 9.9973E-05
0.133713 0.0463632 9.9973E-05 9.9973E-05 0.665539 0.154084 9.9973E-05
0.0449232 0.0432177 9.9973E-05 0.0209471 0.890612 9.9973E-05 9.9973E-05
0.137539 9.9982E-05 0.0321858 0.0470171 0.75982 0.0232383 9.9982E-05
0.0196521 9.9964E-05 0.0545814 9.9964E-05 0.925367 9.9964E-05 9.9964E-05
9.9973E-05 9.9973E-05 0.0301284 0.0191659 0.908255 0.0421507 9.9973E-05
0.0486569 0.0215018 9.9982E-05 0.07784 0.795197 0.0566045 9.9982E-05
0.0251468 0.0983301 0.00547714 0.0332733 0.769813 0.0641152 0.00384465
0.14753 0.0711681 0.0510232 0.123525 0.598261 0.00839327 9.9991E-05
0.00763726 0.0933074 9.9982E-05 0.0159487 0.82707 0.0558367 9.9982E-05
9.9955E-05 9.9955E-05 0.0410838 9.9955E-05 0.958416 9.9955E-05 9.9955E-05
0.493036 9.9964E-05 9.9964E-05 9.9964E-05 0.47778 0.0287839 9.9964E-05
0.426486 0.0561658 9.9973E-05 9.9973E-05 0.4527 0.0643489 9.9973E-05
0.284511 0.0450088 9.9982E-05 9.9982E-05 0.542728 0.0872708 0.040282
0.336331 9.9982E-05 9.9982E-05 0.0125555 0.567825 0.072997 0.0100918
0.947422 0.0193347 0.000343204 9.9982E-05 0.00644244 9.9982E-05 0.0262574
0.910739 0.0309206 9.9964E-05 9.9964E-05 0.0579406 9.9964E-05 9.9964E-05
0.641949 0.0500542 0.0493468 0.0356133 0.197012 9.9991E-05 0.025924
0.964373 9.9955E-05 9.9955E-05 9.9955E-05 0.0351275 9.9955E-05 9.9955E-05
0.701959 0.0471256 9.9973E-05 9.9973E-05 0.213927 0.0366881 9.9973E-05
0.980713 9.9955E-05 0.0187868 9.9955E-05 9.9955E-05 9.9955E-05 9.9955E-05
0.99875 9.9955E-05 0.000750719 9.9955E-05 9.9955E-05 9.9955E-05 9.9955E-05
0.494626 0.0234334 9.9982E-05 0.0392625 0.428018 0.0144596 9.9982E-05
0.612865 0.0181877 0.0760442 0.0715899 0.16068 0.0605339 9.9991E-05
0.341009 0.0186754 0.10567 0.0756213 0.458824 9.9982E-05 9.9982E-05
0.635913 0.0419702 0.0314146 9.9982E-05 0.252275 0.0382272 9.9982E-05
0.780969 0.0192103 0.0201158 9.9973E-05 0.179405 9.9973E-05 9.9973E-05
0.967633 9.9955E-05 0.0318672 9.9955E-05 9.9955E-05 9.9955E-05 9.9955E-05
0.549205 0.019429 0.0379858 0.0628526 0.236474 0.0836134 0.01044
0.572909 9.9991E-05 0.0467701 0.050735 0.231196 0.0391527 0.0591371
0.656013 0.0586398 9.9973E-05 0.0919137 0.193133 9.9973E-05 9.9973E-05
0.584717 0.0248626 0.0836012 0.0126065 0.219845 0.0742678 9.9991E-05
0.642333 9.9973E-05 9.9973E-05 9.9973E-05 0.274126 0.0818421 0.00139926
0.987937 9.9964E-05 0.0113665 9.9964E-05 0.000296742 9.9964E-05 9.9964E-05
0.585832 0.013189 0.0494195 9.9991E-05 0.258183 0.0753724 0.0179035
0.670695 9.9973E-05 9.9973E-05 0.0278682 0.209467 0.0916704 9.9973E-05
0.78509 9.9982E-05 0.0107022 0.0769134 0.126754 9.9982E-05 0.000340763
0.809867 0.0420306 0.0244709 9.9991E-05 0.0798863 0.00973545 0.0339096
0.963984 0.0214233 9.9964E-05 9.9964E-05 9.9964E-05 9.9964E-05 0.0141934
0.777168 9.9982E-05 0.0348001 0.0189799 0.133628 0.0352232 9.9982E-05
0.94278 0.0361225 0.0086411 9.9973E-05 9.9973E-05 0.0121563 9.9973E-05
0.997366 9.9955E-05 9.9955E-05 9.9955E-05 9.9955E-05 9.9955E-05 0.00213439
0.899868 9.9982E-05 0.0170989 0.0449172 9.9982E-05 0.0170654 0.02085
0.669782 9.9973E-05 9.9973E-05 0.00876428 0.314927 9.9973E-05 0.00622695
0.957368 0.0421323 9.99551E-05 9.99551E-05 9.99551E-05 9.99551E-05 9.99551E-05
0.779125 0.0465789 0.045832 9.9982E-05 0.097242 9.9982E-05 0.0310223
0.85321 0.0474882 9.9991E-05 0.0132515 0.0481668 0.0114494 0.0263336
0.904426 0.0170594 0.0747327 9.9973E-05 9.9973E-05 0.0034823 9.9973E-05
0.918506 9.9964E-05 0.0628448 9.9964E-05 9.9964E-05 0.0182491 9.9964E-05
0.841698 0.0195106 0.0465648 0.0679561 9.9991E-05 0.0206081 0.00356192
0.942934 9.9973E-05 0.0011992 9.9973E-05 0.0142482 0.0413186 9.9973E-05
0.994644 0.00485614 9.9955E-05 9.9955E-05 9.9955E-05 9.9955E-05 9.9955E-05
0.797014 0.0224138 0.0362625 0.0394596 9.9991E-05 0.0131733 0.0915765
0.729951 0.0545786 9.9991E-05 0.00592252 0.0421714 0.0645479 0.102728
0.827966 9.9973E-05 9.9973E-05 0.0335923 9.9973E-05 0.0341177 0.104024
0.811223 0.0158786 0.015383 0.0479457 9.9991E-05 0.0798809 0.0295889
0.818054 9.9973E-05 9.9973E-05 0.0555413 9.9973E-05 0.0228134 0.103291
0.794391 0.034394 9.9982E-05 0.0575257 9.9982E-05 0.023013 0.0904762
0.563573 9.9982E-05 9.9982E-05 0.0993355 0.136064 0.0304746 0.170352
0.634281 0.0390051 0.0249794 0.0311059 0.0678909 0.0215422 0.181195
0.664973 0.0939432 0.00549371 0.037928 0.00510733 0.0110523 0.181502
0.534065 0.0697119 0.0265193 0.0853328 0.130802 0.0668269 0.0867418
0.591352 9.9982E-05 9.9982E-05 0.112665 0.152686 0.0219215 0.121175
0.67635 0.011937 9.9982E-05 0.0760995 9.9982E-05 0.10284 0.132574
0.527455 0.0966361 0.0123896 0.134965 0.00570703 0.122572 0.100275
0.619534 0.0853862 0.0432596 0.0362193 0.0292192 0.0414254 0.144956
0.707618 0.0707938 0.0598026 0.0474808 0.00893103 9.9991E-05 0.105274
0.450916 0.0640628 0.031943 0.0672148 0.0181146 0.179696 0.188053
9.995E-05 9.995E-05 9.995E-05 9.995E-05 9.995E-05 9.995E-05 0.9994
0.0368535 0.00505478 0.0166455 0.0321139 0.00460332 9.9991E-05 0.904629
0.104349 9.9964E-05 0.0118447 9.9964E-05 9.9964E-05 9.9964E-05 0.883406
9.9964E-05 0.00157779 0.00607765 9.9964E-05 9.9964E-05 9.9964E-05 0.991945
9.995E-05 9.995E-05 9.995E-05 9.995E-05 9.995E-05 9.995E-05 0.9994
9.995E-05 9.995E-05 9.995E-05 9.995E-05 9.995E-05 9.995E-05 0.9994
9.995E-05 9.995E-05 9.995E-05 9.995E-05 9.995E-05 9.995E-05 0.9994
0.00102592 9.9973E-05 9.9973E-05 9.9973E-05 0.0582258 0.00752706 0.932921
9.9964E-05 9.9964E-05 9.9964E-05 0.000729072 9.9964E-05 0.0158813 0.98299
9.995E-05 9.995E-05 9.995E-05 9.995E-05 9.995E-05 9.995E-05 0.9994
0.360982 0.0755113 9.9991E-05 0.248607 0.0662877 0.144419 0.104093
0.0847696 9.9955E-05 9.9955E-05 9.9955E-05 9.9955E-05 9.9955E-05 0.914731
9.995E-05 9.995E-05 9.995E-05 9.995E-05 9.995E-05 9.995E-05 0.9994
9.9955E-05 9.9955E-05 0.00304539 9.9955E-05 9.9955E-05 9.9955E-05 0.996455
0.548684 0.028878 0.00105511 0.188837 9.9991E-05 0.111801 0.120646
0.528444 0.073601 9.9982E-05 0.201034 9.9982E-05 0.0639455 0.132776
0.540732 0.0395137 9.9982E-05 0.174307 9.9982E-05 0.109903 0.135344
0.55667 0.0712073 9.9982E-05 0.166864 9.9982E-05 0.0606054 0.144453
0.495815 0.0378852 9.9982E-05 0.215572 9.9982E-05 0.115247 0.135282
0.414213 0.0338526 9.9991E-05 0.19067 0.159839 0.104515 0.096811
0.422285 0.0453357 0.000146545 0.163544 0.090537 0.0955061 0.182645
0.519205 9.9982E-05 9.9982E-05 0.211988 0.0145108 0.0850772 0.169019
0.452527 0.0752153 9.9982E-05 0.109468 9.9982E-05 0.0936354 0.268954
0.505656 0.10455 9.9982E-05 0.107398 9.9982E-05 0.0607151 0.221481
0.536642 0.0505982 9.9991E-05 0.116784 0.028459 0.143264 0.124154
0.502317 0.0362371 9.9991E-05 0.0839636 0.0347589 0.139244 0.203379
0.573707 0.0712721 9.9982E-05 0.163447 9.9982E-05 0.114399 0.0769738
0.521039 0.0543965 0.00468435 0.182765 9.9991E-05 0.0926277 0.144387
0.0346543 0.00363908 9.9973E-05 0.922006 9.9973E-05 0.0394007 9.9973E-05
9.9982E-05 9.9982E-05 0.00771352 0.896043 0.0260023 0.0503144 0.0197264
9.995E-05 9.995E-05 9.995E-05 0.9994 9.995E-05 9.995E-05 9.995E-05
0.00404588 9.9955E-05 9.9955E-05 0.995454 9.9955E-05 9.9955E-05 9.9955E-05
9.995E-05 9.995E-05 9.995E-05 0.9994 9.995E-05 9.995E-05 9.995E-05
9.995E-05 9.995E-05 9.995E-05 0.9994 9.995E-05 9.995E-05 9.995E-05
9.9955E-05 9.9955E-05 0.00836219 0.991138 9.9955E-05 9.9955E-05 9.9955E-05
0.118513 0.00183739 0.0352506 0.755501 0.00962485 0.0667523 0.0125203
9.9955E-05 0.00955851 9.9955E-05 0.989942 9.9955E-05 9.9955E-05 9.9955E-05
9.995E-05 9.995E-05 9.995E-05 0.9994 9.995E-05 9.995E-05 9.995E-05
9.9973E-05 0.00486367 0.0236666 0.888118 9.9973E-05 9.9973E-05 0.0830523
9.995E-05 9.995E-05 9.995E-05 0.9994 9.995E-05 9.995E-05 9.995E-05
0.166829 0.0998299 9.9973E-05 0.697542 9.9973E-05 9.9973E-05 0.0354993
9.995E-05 0.9994 9.995E-05 9.995E-05 9.995E-05 9.995E-05 9.995E-05
0.459963 0.0731818 9.9982E-05 0.164444 9.9982E-05 0.10754 0.194671
9.995E-05 0.9994 9.995E-05 9.995E-05 9.995E-05 9.995E-05 9.995E-05
9.995E-05 0.9994 9.995E-05 9.995E-05 9.995E-05 9.995E-05 9.995E-05
9.9955E-05 0.916504 9.9955E-05 9.9955E-05 9.9955E-05 9.9955E-05 0.0829964
0.101865 0.780796 9.9973E-05 0.0641876 0.0528521 9.9973E-05 9.9973E-05
9.995E-05 0.9994 9.995E-05 9.995E-05 9.995E-05 9.995E-05 9.995E-05
0.0782538 0.884792 9.9964E-05 0.0365547 9.9964E-05 9.9964E-05 9.9964E-05
9.995E-05 0.9994 9.995E-05 9.995E-05 9.995E-05 9.995E-05 9.995E-05
9.9973E-05 0.96124 9.9973E-05 0.0134912 9.9973E-05 0.0208806 0.00408861
9.995E-05 0.9994 9.995E-05 9.995E-05 9.995E-05 9.995E-05 9.995E-05
0.00486274 0.957565 0.00241273 9.9973E-05 9.9973E-05 0.0348598 9.9973E-05
9.9964E-05 0.988198 0.00241658 9.9964E-05 0.0089857 9.9964E-05 9.9964E-05
0.0622032 0.802725 9.9991E-05 0.0789354 0.0200152 0.0276455 0.00837592
0.0390494 0.940524 0.00644592 9.9982E-05 9.9982E-05 0.00500829 0.00877239
0.105558 0.879201 0.00265507 0.0122852 9.9973E-05 9.9973E-05 9.9973E-05
0.015731 0.893017 0.00243269 9.9982E-05 0.00359295 0.0850262 9.9982E-05
0.0894829 0.887648 0.0203171 9.9973E-05 0.00225228 9.9973E-05 9.9973E-05
9.9973E-05 0.962389 0.00398003 0.0226945 9.9973E-05 9.9973E-05 0.0106364
0.496083 0.0398841 0.0352911 0.0459272 9.9991E-05 0.300133 0.0825816
0.532641 0.0304888 0.0204812 0.0378097 0.0101467 0.323065 0.045368
0.475711 0.0451557 0.0313151 0.0124562 9.9991E-05 0.321999 0.113263
0.466245 0.0382564 0.0532882 9.9982E-05 9.9982E-05 0.357859 0.0841514
0.108732 0.0759955 0.000339237 0.0738672 0.073865 0.449253 0.217947
9.99731E-05 0.0989023 9.99731E-05 9.99731E-05 0.00173207 0.664492 0.234574
0.121143 0.0959878 9.9991E-05 0.0291192 0.0631725 0.469517 0.22096
0.0732224 0.0453328 9.9991E-05 0.0653468 0.0293104 0.539979 0.246708
0.105092 0.101986 9.9991E-05 0.050415 0.0157585 0.5045 0.222149
0.190142 0.0693495 9.9991E-05 0.0537333 0.0100787 0.475528 0.201069
0.166459 0.0854615 9.9991E-05 0.00739415 0.0476845 0.448467 0.244433
0.119053 0.068654 0.0200752 0.0583125 0.138337 0.426492 0.169076
0.172041 0.0527158 9.9991E-05 0.0351648 0.122959 0.41307 0.20395
9.995E-05 9.995E-05 9.995E-05 9.995E-05 9.995E-05 0.9994 9.995E-05
9.995E-05 9.995E-05 9.995E-05 9.995E-05 9.995E-05 0.9994 9.995E-05
9.995E-05 9.995E-05 9.995E-05 9.995E-05 9.995E-05 0.9994 9.995E-05
9.995E-05 9.995E-05 9.995E-05 9.995E-05 9.995E-05 0.9994 9.995E-05
9.995E-05 9.995E-05 9.995E-05 9.995E-05 9.995E-05 0.9994 9.995E-05
0.0377285 0.00955267 9.9973E-05 9.9973E-05 0.0408531 0.911566 9.9973E-05
9.995E-05 9.995E-05 9.995E-05 9.995E-05 9.995E-05 0.9994 9.995E-05
9.995E-05 9.995E-05 9.995E-05 9.995E-05 9.995E-05 0.9994 9.995E-05
9.995E-05 9.995E-05 9.995E-05 9.995E-05 9.995E-05 0.9994 9.995E-05
0.00538058 9.9964E-05 9.9964E-05 0.0201655 9.9964E-05 0.974054 9.9964E-05
9.995E-05 9.995E-05 9.995E-05 9.995E-05 9.995E-05 0.9994 9.995E-05
9.995E-05 9.995E-05 9.995E-05 9.995E-05 9.995E-05 0.9994 9.995E-05
