0.9994 9.995E-05 9.995E-05 9.995E-05 9.995E-05 9.995E-05 9.995E-05
0.851316 9.9973E-05 9.9973E-05 0.0450907 0.0567959 9.9973E-05 0.0464972
9.995E-05 9.995E-05 9.995E-05 0.9994 9.995E-05 9.995E-05 9.995E-05
9.998E-05 0.0346328 9.998E-05 0.905129 0.00758254 0.0261695 0.0262858
0.692386 0.159711 9.9973E-05 0.136451 9.9973E-05 9.9973E-05 0.0111526
0.818064 9.9973E-05 0.0438936 0.017055 9.9973E-05 0.120687 9.9973E-05
0.883786 0.0963044 9.9973E-05 0.0147456 9.9973E-05 9.9973E-05 0.00486365
0.881728 0.0165079 0.0053066 9.9973E-05 9.9973E-05 0.0961578 9.9973E-05
0.502362 9.997E-05 0.120386 0.228937 0.148016 9.997E-05 9.997E-05
0.413674 9.9991E-05 0.183621 0.157115 0.130324 0.113789 0.00137774
9.9973E-05 0.0112115 9.9973E-05 0.0340473 9.9973E-05 0.924835 0.0296059
0.0112314 9.9964E-05 0.0557811 9.9964E-05 9.9964E-05 0.932588 9.9964E-05
0.120454 9.9964E-05 9.9964E-05 0.0604377 9.9964E-05 0.818708 9.9964E-05
9.9973E-05 0.11727 9.9973E-05 0.0980069 9.9973E-05 0.756578 0.0278453
9.998E-05 9.998E-05 0.065188 0.084995 0.0300671 0.769774 0.0497764
0.0415183 9.9964E-05 9.9964E-05 0.0254846 9.9964E-05 0.932597 9.9964E-05
9.995E-05 9.995E-05 9.995E-05 9.995E-05 9.995E-05 0.9994 9.995E-05
9.998E-05 0.032644 0.0940435 9.998E-05 0.193682 0.67399 0.00544046
9.9973E-05 0.0985653 0.0359193 0.0268274 9.9973E-05 0.838388 9.9973E-05
9.9955E-05 9.9955E-05 9.9955E-05 0.172219 9.9955E-05 0.827281 9.9955E-05
0.0794226 9.9973E-05 9.9973E-05 0.00986605 0.148095 0.762317 9.9973E-05
0.425456 9.9964E-05 9.9964E-05 9.9964E-05 0.137921 0.436223 9.9964E-05
0.0581243 9.9964E-05 9.9964E-05 9.9964E-05 9.9964E-05 0.927578 0.0138978
0.0115254 9.9973E-05 0.0540359 9.9973E-05 0.0440441 0.890095 9.9973E-05
9.9964E-05 9.9964E-05 9.9964E-05 0.0338933 0.186296 0.77941 9.9964E-05
0.0763093 0.0644604 9.9973E-05 9.9973E-05 0.170748 0.688183 9.9973E-05
9.997E-05 0.08961 0.270444 9.997E-05 0.154783 0.484863 9.997E-05
0.0175689 0.0507201 9.9991E-05 0.0856955 0.409216 0.43107 0.00562915
0.0569875 9.9973E-05 0.137675 9.9973E-05 0.319668 0.485369 9.9973E-05
9.9955E-05 9.9955E-05 9.9955E-05 9.9955E-05 0.35207 0.64743 9.9955E-05
9.997E-05 0.0919594 0.378939 0.135584 0.393217 9.997E-05 9.997E-05
0.0739569 0.20201 0.285455 0.136684 0.301694 9.9982E-05 9.9982E-05
9.9982E-05 0.0520901 0.788485 0.0329318 0.112367 0.0139267 9.9982E-05
9.9955E-05 0.146016 0.853484 9.9955E-05 9.9955E-05 9.9955E-05 9.9955E-05
9.9964E-05 9.9964E-05 0.788118 9.9964E-05 0.0231799 0.188302 9.9964E-05
0.0183624 9.9955E-05 0.981138 9.9955E-05 9.9955E-05 9.9955E-05 9.9955E-05
0.236803 9.9982E-05 0.675742 0.00645809 9.9982E-05 0.076682 0.00411508
9.996E-05 9.996E-05 0.95418 9.996E-05 0.0330334 0.0123872 9.996E-05
9.9973E-05 0.0783653 0.887103 0.0124323 9.9973E-05 9.9973E-05 0.0217995
0.00863468 0.121276 0.509186 9.9991E-05 0.282191 0.054154 0.0244578
0.0143631 9.9964E-05 0.984982 9.9964E-05 9.9964E-05 9.9964E-05 0.000255539
9.998E-05 0.165529 0.352925 0.102767 0.263553 0.115025 9.998E-05
9.9973E-05 9.9973E-05 0.766433 0.0437543 0.186398 9.9973E-05 0.00311429
9.9973E-05 0.16562 0.732421 9.9973E-05 9.9973E-05 0.0837818 0.0178773
9.998E-05 0.596212 0.185889 0.0318065 0.132278 0.0536151 9.998E-05
9.9973E-05 0.862152 0.0147782 9.9973E-05 0.0484336 0.0743361 9.9973E-05
9.9973E-05 0.858835 0.099119 9.9973E-05 0.0305902 9.9973E-05 0.0111555
9.9955E-05 0.857382 9.9955E-05 9.9955E-05 0.142118 9.9955E-05 9.9955E-05
0.0552583 0.586245 0.130866 0.125424 9.999E-05 0.0967994 0.00530806
0.0229623 0.500634 0.276622 0.0694371 0.108524 0.0217192 9.999E-05
9.9973E-05 0.888885 0.00667389 0.0228378 0.081303 9.9973E-05 9.9973E-05
9.9955E-05 0.951998 9.9955E-05 9.9955E-05 9.9955E-05 0.0475022 9.9955E-05
9.9955E-05 0.82073 9.9955E-05 9.9955E-05 0.17877 9.9955E-05 9.9955E-05
9.9964E-05 0.755048 0.171462 9.9964E-05 0.0730898 9.9964E-05 9.9964E-05
9.9964E-05 0.95195 0.0424498 9.9964E-05 9.9964E-05 0.00520024 9.9964E-05
9.9973E-05 0.953903 9.9973E-05 0.00233519 0.0002124 9.9973E-05 0.0432496
0.0131828 0.0459371 0.0741817 9.999E-05 0.786921 0.0215168 0.0581607
0.0978087 0.21497 9.997E-05 9.997E-05 0.649312 0.0376093 9.997E-05
0.00638797 0.164781 9.997E-05 0.0507588 0.777772 9.997E-05 9.997E-05
0.149635 0.0347062 0.129019 9.9973E-05 0.686341 9.9973E-05 9.9973E-05
9.9964E-05 0.134272 0.0263214 9.9964E-05 0.839006 9.9964E-05 9.9964E-05
0.0151147 9.998E-05 0.448977 0.00980488 0.413493 9.998E-05 0.112411
0.00588345 0.0183851 0.025116 0.0376148 0.912801 9.998E-05 9.998E-05
9.99551E-05 9.99551E-05 9.99551E-05 9.99551E-05 0.969184 9.99551E-05 0.0303159
9.997E-05 9.997E-05 0.0905272 9.997E-05 0.871638 0.0240526 0.0134823
9.9955E-05 9.9955E-05 9.9955E-05 9.9955E-05 0.995939 0.00356172 9.9955E-05
9.995E-05 9.995E-05 9.995E-05 9.995E-05 0.9994 9.995E-05 9.995E-05
9.9955E-05 9.9955E-05 9.9955E-05 0.0112413 0.988259 9.9955E-05 9.9955E-05
9.9964E-05 9.9964E-05 9.9964E-05 0.00338582 0.983032 9.9964E-05 0.0131823
9.9955E-05 9.9955E-05 9.9955E-05 0.0320285 0.967472 9.9955E-05 9.9955E-05
9.9964E-05 0.0080243 0.00629114 9.9964E-05 0.985285 9.9964E-05 9.9964E-05
0.0857769 9.997E-05 0.284079 9.997E-05 0.619273 9.997E-05 0.0105714
9.9973E-05 0.0622304 9.9973E-05 0.00117133 0.933723 9.9973E-05 0.00257519
0.0492995 0.140511 0.133129 9.9982E-05 0.615744 9.9982E-05 0.0611166
9.9982E-05 0.103916 9.9982E-05 0.0252037 0.230074 0.0401359 0.60047
9.995E-05 9.995E-05 9.995E-05 9.995E-05 9.995E-05 9.995E-05 0.9994
0.057379 0.0761054 0.113597 9.999E-05 0.642566 0.041136 0.0691166
