9.995E-05 9.995E-05 0.9994 9.995E-05 9.995E-05 9.995E-05 9.995E-05
0.463196 9.9982E-05 0.3661 0.0942717 0.0538335 0.0223994 9.9982E-05
0.495834 9.9973E-05 0.354141 0.0683554 0.0813696 9.9973E-05 9.9973E-05
0.732741 9.99551E-05 0.266759 9.99551E-05 9.99551E-05 9.99551E-05 9.99551E-05
0.832301 9.9964E-05 0.157096 9.9964E-05 9.9964E-05 0.0102038 9.9964E-05
0.72327 9.9973E-05 0.236041 0.0228824 0.0175069 9.9973E-05 9.9973E-05
0.636751 9.9955E-05 0.362749 9.9955E-05 9.9955E-05 9.9955E-05 9.9955E-05
0.570024 9.9973E-05 0.326249 0.0283829 0.0750435 9.9973E-05 9.9973E-05
0.645459 9.9982E-05 0.277142 0.03614 0.0332971 0.00776165 9.9982E-05
9.995E-05 9.995E-05 0.9994 9.995E-05 9.995E-05 9.995E-05 9.995E-05
9.995E-05 9.995E-05 0.9994 9.995E-05 9.995E-05 9.995E-05 9.995E-05
9.995E-05 9.995E-05 0.9994 9.995E-05 9.995E-05 9.995E-05 9.995E-05
9.995E-05 9.995E-05 0.9994 9.995E-05 9.995E-05 9.995E-05 9.995E-05
9.9964E-05 0.0543414 0.940371 9.9964E-05 0.00488763 9.9964E-05 9.9964E-05
9.9973E-05 0.0126887 0.958995 0.0245076 0.00350851 9.9973E-05 9.9973E-05
0.727123 9.9973E-05 0.210633 9.9973E-05 0.0095016 0.0524429 9.9973E-05
0.534433 0.105152 0.205037 0.0662317 0.083123 9.9991E-05 0.00592399
0.74838 9.9973E-05 0.238438 0.00622755 0.00665444 9.9973E-05 9.9973E-05
0.970999 0.0200836 0.00851736 9.9964E-05 9.9964E-05 9.9964E-05 9.9964E-05
0.988887 0.0106133 9.99551E-05 9.99551E-05 9.99551E-05 9.99551E-05 9.99551E-05
0.879201 9.9964E-05 0.11673 0.00366942 9.9964E-05 9.9964E-05 9.9964E-05
0.876577 0.0630907 0.0389961 9.9973E-05 0.0210359 9.9973E-05 9.9973E-05
0.894148 0.0479309 0.0575208 9.9964E-05 9.9964E-05 9.9964E-05 9.9964E-05
0.90625 0.00883267 0.0845173 9.9964E-05 9.9964E-05 9.9964E-05 9.9964E-05
0.964432 9.99551E-05 0.0350686 9.99551E-05 9.99551E-05 9.99551E-05 9.99551E-05
0.897994 0.0335114 0.0158987 9.9982E-05 9.9982E-05 0.0324492 0.0199468
0.841413 0.0143112 0.0541779 9.9982E-05 0.0295147 0.0603833 9.9982E-05
0.960974 9.99551E-05 0.038526 9.99551E-05 9.99551E-05 9.99551E-05 9.99551E-05
0.873331 0.0246401 0.101629 9.9964E-05 9.9964E-05 9.9964E-05 9.9964E-05
0.91227 9.9955E-05 0.0872305 9.9955E-05 9.9955E-05 9.9955E-05 9.9955E-05
0.850209 0.0370378 0.112354 9.99641E-05 9.99641E-05 9.99641E-05 9.99641E-05
0.950006 0.0222444 0.02735 9.9964E-05 9.9964E-05 9.9964E-05 9.9964E-05
0.874533 0.0574809 0.0371205 0.0305661 9.9973E-05 9.9973E-05 9.9973E-05
0.790107 0.00630609 0.100291 9.9982E-05 0.0240159 9.9982E-05 0.0790806
0.812712 0.114435 0.0472288 9.9973E-05 0.025324 9.9973E-05 9.9973E-05
0.878148 9.9955E-05 0.121352 9.9955E-05 9.9955E-05 9.9955E-05 9.9955E-05
0.968831 0.0306695 9.9955E-05 9.9955E-05 9.9955E-05 9.9955E-05 9.9955E-05
0.803696 0.0978395 0.00360585 0.00559689 0.0509833 0.0381783 9.9991E-05
0.81249 0.00314864 0.0185358 0.0489188 0.0443952 0.0724119 9.9991E-05
0.851663 0.0219285 0.0172041 0.0294006 9.9991E-05 0.0555026 0.0242017
0.652237 9.9982E-05 9.9982E-05 0.0606551 0.0785449 0.0659933 0.14237
0.748647 9.9973E-05 9.9973E-05 0.0877043 0.0859461 9.9973E-05 0.0774024
0.741977 0.00661615 0.0372248 0.0587488 0.0710158 9.9991E-05 0.0843179
0.782557 9.9982E-05 9.9982E-05 0.036858 0.0698268 0.033238 0.0773205
0.793967 9.9982E-05 9.9982E-05 0.0048189 0.0958997 0.0766932 0.0284213
0.900229 9.9964E-05 9.9964E-05 9.9964E-05 0.0548835 0.0444876 9.9964E-05
0.916354 9.9973E-05 9.9973E-05 9.9973E-05 0.0338402 0.0307775 0.0187282
0.830276 0.062584 9.9991E-05 0.0369031 0.0111092 0.00260936 0.0564183
0.682706 0.0234827 0.0498494 9.9991E-05 0.0772182 0.0745143 0.092129
0.77031 9.9991E-05 0.0877027 0.0276618 0.0295659 0.0179882 0.0666711
0.80423 9.9982E-05 0.030215 0.0504513 0.0658841 0.0490192 9.9982E-05
0.799076 0.0329438 9.9982E-05 9.9982E-05 0.0539449 0.0595753 0.05426
0.87016 0.00640386 9.9982E-05 9.9982E-05 0.0745063 0.0335873 0.0151426
0.705977 0.085269 0.0202073 0.0324491 9.9991E-05 0.0702647 0.0857332
0.715564 0.0671445 0.0287177 0.088318 9.9991E-05 0.0317325 0.0684236
0.694005 9.9973E-05 9.9973E-05 0.0485885 0.119871 9.9973E-05 0.137236
0.631756 0.0151525 0.066499 0.046023 0.0836293 0.0687523 0.0881881
0.727526 0.00170662 9.9991E-05 0.0537257 0.00397871 0.0681311 0.144832
0.843065 9.9973E-05 9.9973E-05 9.9973E-05 0.12039 0.0235642 0.0126806
0.72861 0.0130922 0.0152385 0.0626182 0.0458965 0.0966829 0.0378616
0.688737 0.0709287 9.9982E-05 9.9982E-05 0.0113366 0.111535 0.117263
0.80743 9.9982E-05 0.00498859 0.0414477 9.9982E-05 0.0102045 0.13573
0.612162 0.0316775 9.9991E-05 0.0919308 0.0791399 0.0809946 0.103995
0.686696 0.0778145 9.9991E-05 0.0181425 0.111916 0.0317308 0.0736002
0.835769 9.9973E-05 0.00302235 9.9973E-05 9.9973E-05 0.0721814 0.0887276
0.691251 0.0987644 9.9991E-05 0.00649375 0.105741 0.0222586 0.0753914
0.705595 9.9982E-05 9.9982E-05 0.110139 0.0518889 0.0349453 0.0972321
0.685899 0.121356 0.00180295 0.0550996 0.0682315 9.9991E-05 0.0675115
0.823916 9.9991E-05 0.00262375 0.023181 0.058652 0.0450028 0.0465242
0.664456 0.110957 9.9991E-05 0.0208961 0.0912313 0.0102332 0.102127
0.743243 9.9982E-05 0.0233938 0.109846 0.0565262 9.9982E-05 0.0667909
0.611147 0.0519604 9.9991E-05 0.0775525 0.0683964 0.0884281 0.102415
0.777822 0.0303253 0.0564717 0.0166556 0.000905828 0.0685787 0.0492412
0.809847 9.9973E-05 9.9973E-05 9.9973E-05 0.0394801 0.138785 0.0115871
0.564271 0.0812946 0.0043192 0.0208141 0.0704845 0.0754571 0.183359
0.730213 0.0300171 9.9991E-05 0.0260162 0.0150781 0.158099 0.0404765
0.68939 0.0429401 9.9991E-05 0.0980437 0.10358 0.0176881 0.0482584
0.603129 0.138034 9.9982E-05 0.129497 0.0383503 9.9982E-05 0.090789
0.408372 0.0888862 9.9991E-05 0.162509 0.0914187 0.0959627 0.152752
0.429539 0.112805 9.9991E-05 0.161852 0.0426432 0.0741702 0.17889
0.423298 0.0873554 0.00563435 0.130722 0.0590645 0.104272 0.189653
0.43745 0.107275 9.9991E-05 0.199746 0.0457838 0.0643621 0.145283
0.417839 0.0987187 9.9991E-05 0.12928 0.074256 0.103253 0.176553
0.591033 9.9991E-05 0.000526893 0.140896 0.0104025 0.0942728 0.162769
0.442525 0.036751 9.9991E-05 0.203626 0.056627 0.0857197 0.174652
0.450327 0.0143936 9.9991E-05 0.232543 0.135012 0.0906769 0.0769474
0.526429 0.0293262 0.0133219 0.107809 0.0999085 0.0907107 0.132495
0.575902 9.9973E-05 9.9973E-05 0.156849 9.9973E-05 0.0952387 0.171711
0.42651 0.0899432 0.00594678 0.166943 0.0909656 0.136141 0.0835505
0.401414 0.0195546 9.9991E-05 0.122807 0.104438 0.14871 0.202976
0.412038 0.210337 0.0250208 0.144162 0.0921783 9.9991E-05 0.116164
0.481876 0.159193 0.00387754 0.135208 0.0874506 9.9991E-05 0.132295
0.370563 9.9982E-05 9.9982E-05 0.200779 0.101264 0.202752 0.124443
9.995E-05 9.995E-05 9.995E-05 0.9994 9.995E-05 9.995E-05 9.995E-05
9.9973E-05 9.9973E-05 0.00362838 0.917688 0.0600509 9.9973E-05 0.0183325
0.0742364 0.0256452 0.00650986 0.884566 9.9982E-05 0.00884279 9.9982E-05
9.995E-05 9.995E-05 9.995E-05 0.9994 9.995E-05 9.995E-05 9.995E-05
9.995E-05 9.995E-05 9.995E-05 0.9994 9.995E-05 9.995E-05 9.995E-05
9.995E-05 9.995E-05 9.995E-05 0.9994 9.995E-05 9.995E-05 9.995E-05
9.9955E-05 9.9955E-05 9.9955E-05 0.986125 0.0133751 9.9955E-05 9.9955E-05
9.9964E-05 0.0437835 0.0151608 0.940656 9.9964E-05 9.9964E-05 9.9964E-05
9.995E-05 9.995E-05 9.995E-05 0.9994 9.995E-05 9.995E-05 9.995E-05
9.995E-05 9.995E-05 9.995E-05 0.9994 9.995E-05 9.995E-05 9.995E-05
0.233349 0.0893652 9.9991E-05 0.0971984 0.125836 0.102198 0.351953
0.00638636 0.0320395 9.9973E-05 0.902882 9.9973E-05 0.0583924 9.9973E-05
9.995E-05 9.995E-05 9.995E-05 0.9994 9.995E-05 9.995E-05 9.995E-05
0.00602946 9.9964E-05 9.9964E-05 0.951098 9.9964E-05 9.9964E-05 0.0424722
0.315755 0.0997645 9.9991E-05 0.150953 0.0303663 0.146649 0.256412
0.287678 0.0994976 9.9991E-05 0.14932 0.0850633 0.108323 0.270018
0.316013 0.131786 9.9991E-05 0.138013 0.0586928 0.103606 0.251789
0.315712 0.0942403 9.9991E-05 0.167618 0.0677493 0.103659 0.250921
0.275593 0.110071 9.9991E-05 0.136916 0.0915911 0.101013 0.284716
0.431506 0.194621 9.9991E-05 0.107943 0.0326585 0.0472517 0.18592
0.388303 0.144345 9.9991E-05 0.155464 0.0266288 0.0797425 0.205416
0.312467 0.188108 9.9991E-05 0.176055 0.00333282 0.0774733 0.242464
0.252019 0.178669 9.9991E-05 0.224488 0.103905 0.0776004 0.163219
0.234527 0.163229 9.9991E-05 0.232402 0.111542 0.0724948 0.185706
0.380243 0.0833714 9.9991E-05 0.134649 0.0861642 0.140904 0.174569
0.231208 0.160055 9.9991E-05 0.239363 0.0642351 0.135553 0.169485
0.329608 0.135754 9.9991E-05 0.0950011 0.0792704 0.10716 0.253108
0.348064 0.0834907 9.9991E-05 0.152175 0.0539046 0.109465 0.2528
9.995E-05 9.995E-05 9.995E-05 9.995E-05 0.9994 9.995E-05 9.995E-05
0.234997 0.117533 9.9991E-05 0.2097 0.126727 0.0651656 0.245777
9.995E-05 9.995E-05 9.995E-05 9.995E-05 0.9994 9.995E-05 9.995E-05
9.995E-05 9.995E-05 9.995E-05 9.995E-05 0.9994 9.995E-05 9.995E-05
9.99551E-05 0.0474212 9.99551E-05 9.99551E-05 0.952079 9.99551E-05 9.99551E-05
0.144295 9.9973E-05 9.9973E-05 0.00383306 0.787715 9.9973E-05 0.0638562
9.995E-05 9.995E-05 9.995E-05 9.995E-05 0.9994 9.995E-05 9.995E-05
9.9964E-05 0.12246 9.9964E-05 9.9964E-05 0.864248 0.0128923 9.9964E-05
9.9964E-05 9.9964E-05 9.9964E-05 0.00157334 0.985153 0.0128743 9.9964E-05
0.0223846 9.9964E-05 9.9964E-05 9.9964E-05 0.9721 9.9964E-05 0.00511522
9.995E-05 9.995E-05 9.995E-05 9.995E-05 0.9994 9.995E-05 9.995E-05
0.0301538 9.9964E-05 0.00548302 9.9964E-05 0.963963 9.9964E-05 9.9964E-05
0.014805 9.9964E-05 0.00634676 9.9964E-05 0.978448 9.9964E-05 9.9964E-05
0.00771438 0.0153772 9.9991E-05 0.0706367 0.826525 0.0705238 0.00912312
0.00251724 0.0202721 0.0280964 9.9982E-05 0.94596 0.00295422 9.9982E-05
0.0141179 0.00120377 0.0270958 0.0357811 0.870171 0.00529814 0.0463322
9.9973E-05 0.0450425 9.9973E-05 9.9973E-05 0.892453 0.0339488 0.0282554
0.0373724 0.0263821 0.000570578 0.051066 0.858683 0.0258255 9.9991E-05
9.9991E-05 0.0458607 0.00273977 0.00150692 0.920366 0.0196317 0.00979499
0.0867231 0.0247829 9.9982E-05 9.9982E-05 0.00362969 0.00832114 0.876343
9.9982E-05 0.0391123 0.00950396 0.00509812 9.9982E-05 0.0467469 0.899339
9.995E-05 9.995E-05 9.995E-05 9.995E-05 9.995E-05 9.995E-05 0.9994
9.9964E-05 0.00727421 9.9964E-05 9.9964E-05 9.9964E-05 0.0157778 0.976548
9.995E-05 9.995E-05 9.995E-05 9.995E-05 9.995E-05 9.995E-05 0.9994
9.995E-05 9.995E-05 9.995E-05 9.995E-05 9.995E-05 9.995E-05 0.9994
9.9964E-05 0.00032303 0.0112338 9.9964E-05 9.9964E-05 9.9964E-05 0.988043
0.0329987 0.0862663 0.0419346 9.9982E-05 9.9982E-05 0.0519711 0.786629
9.9955E-05 9.9955E-05 9.9955E-05 9.9955E-05 0.00215794 9.9955E-05 0.997342
9.995E-05 9.995E-05 9.995E-05 9.995E-05 9.995E-05 9.995E-05 0.9994
9.9964E-05 0.0703298 9.9964E-05 0.0273267 9.9964E-05 9.9964E-05 0.901944
9.995E-05 9.995E-05 9.995E-05 9.995E-05 9.995E-05 9.995E-05 0.9994
0.0427444 0.0555889 0.0213884 0.0146204 0.0908989 9.9991E-05 0.774659
0.282296 0.123715 0.0119851 0.0832016 0.0592886 0.343324 0.0961881
0.367618 0.151801 0.0201895 0.0618057 0.0176578 0.299002 0.0819252
0.28871 0.155777 0.0318592 0.102352 0.0774773 0.275849 0.0679745
0.301321 0.17308 0.0201407 0.0664775 0.0750334 0.327173 0.0367737
0.00298845 0.934172 0.0230815 9.9982E-05 9.9982E-05 0.00354717 0.0360106
9.995E-05 0.9994 9.995E-05 9.995E-05 9.995E-05 9.995E-05 9.995E-05
9.9964E-05 0.990991 9.9964E-05 9.9964E-05 0.00092973 0.00767894 9.9964E-05
9.995E-05 0.9994 9.995E-05 9.995E-05 9.995E-05 9.995E-05 9.995E-05
9.9955E-05 0.988098 9.9955E-05 0.0114021 9.9955E-05 9.9955E-05 9.9955E-05
9.9955E-05 0.993672 9.9955E-05 9.9955E-05 9.9955E-05 0.00582785 9.9955E-05
0.0153358 0.93696 9.9973E-05 0.045642 9.9973E-05 9.9973E-05 0.00176225
0.0389751 0.768133 0.0499862 0.0228506 0.0720492 9.9991E-05 0.0479062
0.105804 0.851674 0.000190943 9.9973E-05 0.0420308 9.9973E-05 9.9973E-05
9.9955E-05 9.9955E-05 0.00667066 9.9955E-05 9.9955E-05 0.99283 9.9955E-05
9.995E-05 9.995E-05 9.995E-05 9.995E-05 9.995E-05 0.9994 9.995E-05
9.995E-05 9.995E-05 9.995E-05 9.995E-05 9.995E-05 0.9994 9.995E-05
9.995E-05 9.995E-05 9.995E-05 9.995E-05 9.995E-05 0.9994 9.995E-05
9.995E-05 9.995E-05 9.995E-05 9.995E-05 9.995E-05 0.9994 9.995E-05
0.0335523 0.0340433 0.0152368 0.00199725 0.00261943 0.912451 9.9991E-05
9.995E-05 9.995E-05 9.995E-05 9.995E-05 9.995E-05 0.9994 9.995E-05
9.995E-05 9.995E-05 9.995E-05 9.995E-05 9.995E-05 0.9994 9.995E-05
9.995E-05 9.995E-05 9.995E-05 9.995E-05 9.995E-05 0.9994 9.995E-05
9.9955E-05 9.9955E-05 9.9955E-05 9.9955E-05 9.9955E-05 0.988373 0.0111272
9.995E-05 9.995E-05 9.995E-05 9.995E-05 9.995E-05 0.9994 9.995E-05
9.9955E-05 9.9955E-05 9.9955E-05 9.9955E-05 9.9955E-05 0.994073 0.00542743
