9.995E-05 9.995E-05 0.9994 9.995E-05 9.995E-05 9.995E-05 9.995E-05
0.483623 0.0561109 0.369081 9.9973E-05 9.9973E-05 9.9973E-05 0.0908855
0.47216 0.123447 0.355726 9.9973E-05 9.9973E-05 9.9973E-05 0.048367
0.721164 9.99551E-05 0.278336 9.99551E-05 9.99551E-05 9.99551E-05 9.99551E-05
0.736672 9.9973E-05 0.149521 0.095297 0.0182102 9.9973E-05 9.9973E-05
0.794745 0.0121112 0.192744 9.9964E-05 9.9964E-05 9.9964E-05 9.9964E-05
0.654178 9.9955E-05 0.345322 9.9955E-05 9.9955E-05 9.9955E-05 9.9955E-05
0.598785 0.0541876 0.326083 9.9973E-05 9.9973E-05 9.9973E-05 0.0206446
0.721613 0.0252033 0.202862 9.9982E-05 0.0442043 9.9982E-05 0.00591756
9.995E-05 9.995E-05 0.9994 9.995E-05 9.995E-05 9.995E-05 9.995E-05
9.995E-05 9.995E-05 0.9994 9.995E-05 9.995E-05 9.995E-05 9.995E-05
9.995E-05 9.995E-05 0.9994 9.995E-05 9.995E-05 9.995E-05 9.995E-05
9.995E-05 9.995E-05 0.9994 9.995E-05 9.995E-05 9.995E-05 9.995E-05
9.9964E-05 0.0182308 0.962344 0.0190258 9.9964E-05 9.9964E-05 9.9964E-05
9.9973E-05 0.00526106 0.976852 0.0158553 9.9973E-05 0.00173152 9.9973E-05
0.715125 9.9973E-05 0.226143 9.9973E-05 0.0415666 9.9973E-05 0.0168658
0.581551 0.0297132 0.241751 0.047811 0.00761155 0.0148387 0.0767237
0.751294 9.9955E-05 0.248206 9.9955E-05 9.9955E-05 9.9955E-05 9.9955E-05
0.956776 9.99551E-05 9.99551E-05 0.0427244 9.99551E-05 9.99551E-05 9.99551E-05
0.998778 9.99551E-05 9.99551E-05 0.00072178 9.99551E-05 9.99551E-05 9.99551E-05
0.902371 9.9964E-05 0.061563 9.9964E-05 0.0356657 9.9964E-05 9.9964E-05
0.889279 0.00489033 0.0225103 0.0830207 9.9973E-05 9.9973E-05 9.9973E-05
0.904655 9.9964E-05 0.0276336 0.0673113 9.9964E-05 9.9964E-05 9.9964E-05
0.942652 9.9955E-05 0.0568478 9.9955E-05 9.9955E-05 9.9955E-05 9.9955E-05
0.942054 9.99551E-05 0.0574465 9.99551E-05 9.99551E-05 9.99551E-05 9.99551E-05
0.924017 9.9982E-05 0.0092155 0.0153872 0.0350974 0.0160831 9.9982E-05
0.825152 0.0445781 0.0219451 0.0392096 0.068915 9.9982E-05 9.9982E-05
0.968831 9.99551E-05 0.0306696 9.99551E-05 9.99551E-05 9.99551E-05 9.99551E-05
0.88235 9.9973E-05 0.0825405 0.0320736 9.9973E-05 0.00273619 9.9973E-05
0.920469 9.9955E-05 0.0790312 9.9955E-05 9.9955E-05 9.9955E-05 9.9955E-05
0.870486 9.9964E-05 0.0978704 0.0312438 9.9964E-05 9.9964E-05 9.9964E-05
0.939259 9.99641E-05 9.99641E-05 9.99641E-05 0.0408477 9.99641E-05 0.0194938
0.933507 0.015042 0.035757 0.00745863 9.9982E-05 9.9982E-05 0.00803553
0.727847 0.0437539 0.0843644 0.0100119 0.0205615 0.104068 0.00939359
0.839475 0.000294914 0.0566677 0.103263 9.9973E-05 9.9973E-05 9.9973E-05
0.893737 9.9955E-05 0.105763 9.9955E-05 9.9955E-05 9.9955E-05 9.9955E-05
0.973223 9.9955E-05 9.9955E-05 0.0262777 9.9955E-05 9.9955E-05 9.9955E-05
0.814644 0.0554748 0.0102997 0.0813908 0.037991 9.9982E-05 9.9982E-05
0.832701 0.0334149 0.0161819 9.9982E-05 0.0716756 9.9982E-05 0.0458271
0.870518 9.9991E-05 0.0181611 0.032333 0.0349335 0.0256341 0.0183199
0.649673 0.0954703 9.9982E-05 9.9982E-05 0.0504408 0.154186 0.0500298
0.641496 0.0957625 9.9982E-05 9.9982E-05 0.106015 0.13059 0.0259375
0.665863 0.090749 0.0573659 9.9982E-05 9.9982E-05 0.126004 0.0598185
0.692407 0.11588 9.9982E-05 9.9982E-05 0.0684641 0.0662067 0.0568419
0.69386 0.0983775 9.9982E-05 0.0115539 0.105761 0.0902474 9.9982E-05
0.868654 0.069801 9.9973E-05 9.9973E-05 0.0506754 0.0105698 9.9973E-05
0.831241 0.0377889 9.9973E-05 9.9973E-05 0.0772885 0.0533817 9.9973E-05
0.839074 0.0457772 9.9982E-05 0.0287609 0.0342699 0.0519178 9.9982E-05
0.671022 0.0593396 0.0419076 0.0148304 0.0971156 0.115685 9.9991E-05
0.697129 0.0431342 0.0965335 0.0140379 0.0474996 0.0553488 0.0463172
0.756902 0.049331 0.0292176 9.9991E-05 0.0639719 0.0598809 0.0405964
0.800088 0.0768256 9.9982E-05 0.0310852 0.0304512 0.0613496 9.9982E-05
0.787872 0.0623516 9.9973E-05 9.9973E-05 0.0728918 0.0765843 9.9973E-05
0.661225 0.0094447 0.017964 0.119875 0.0558388 0.0948623 0.0407895
0.668511 0.0274427 0.044147 0.0928215 0.0241164 0.0996892 0.0432721
0.729287 0.10281 9.9991E-05 0.00870471 0.0140472 0.127262 0.0177891
0.652373 0.0514021 0.0782615 0.0237131 0.120972 0.0680702 0.00520817
0.685253 0.038172 9.9982E-05 9.9982E-05 0.0954807 0.0929029 0.0879912
0.798708 0.123384 9.9973E-05 9.9973E-05 0.0670554 0.0105529 9.9973E-05
0.741956 0.0488775 0.0160279 9.9991E-05 0.130993 0.0166694 0.0453755
0.680191 0.0169358 9.9982E-05 0.0352805 0.150362 0.117031 9.9982E-05
0.709229 0.0117635 0.00200925 9.9991E-05 0.0503708 0.146051 0.0804772
0.680433 0.0697882 9.9991E-05 0.0588042 0.0649169 0.0900262 0.0359319
0.531338 0.0865819 9.9991E-05 0.163689 0.068879 0.113277 0.036136
0.771483 9.9982E-05 0.00715027 9.9982E-05 0.0651553 0.11809 0.0379216
0.669393 0.0998296 9.9991E-05 0.117204 0.020636 0.0880781 0.00475895
0.661286 0.040746 9.9991E-05 0.00726174 0.0592206 0.147833 0.0835524
0.583129 0.0757374 9.9991E-05 0.156405 0.00602247 0.128092 0.0505145
0.808195 0.0497143 9.9991E-05 0.00776298 0.0761985 0.051549 0.00648048
0.664126 0.0931498 9.9982E-05 0.0840019 9.9982E-05 0.129984 0.0285389
0.72889 0.0855878 0.0155494 9.9982E-05 9.9982E-05 0.0871372 0.0826359
0.653453 0.0679742 9.9991E-05 0.0267677 0.0574006 0.119416 0.0748882
0.755031 0.0370703 0.039569 0.0250352 0.0976847 0.0216676 0.0239419
0.705669 0.0664164 0.0265456 9.9991E-05 0.125879 0.0471853 0.0282047
0.594962 0.0645915 0.0115672 0.0656022 0.0693241 0.174681 0.0192716
0.696989 0.00669642 9.9991E-05 0.0472852 0.155536 0.0641661 0.0292271
0.703722 0.091354 9.9991E-05 0.0274278 0.0635623 0.0670685 0.0467652
0.572707 0.0746253 0.00134948 0.147797 9.9991E-05 0.114348 0.0890737
0.384912 0.0446538 9.9991E-05 0.146188 0.104455 0.196189 0.123503
0.42152 0.0550744 9.9991E-05 0.141734 0.0758311 0.154283 0.151457
0.428776 0.0755024 9.9991E-05 0.131075 0.100751 0.154168 0.109628
0.385041 0.080967 9.9991E-05 0.114573 0.0833946 0.148034 0.18789
0.439299 0.0537585 9.9991E-05 0.0953038 0.0944296 0.15366 0.163448
0.51933 0.051336 0.035203 0.035534 0.0947535 0.130732 0.133111
0.402695 0.0952198 9.9991E-05 0.0770276 0.0515042 0.142148 0.231305
0.480492 0.121557 9.9991E-05 0.0442216 0.0680496 0.131744 0.153836
0.494583 0.0857547 0.0276686 0.0675717 0.0944482 0.150331 0.0796435
0.537839 9.9973E-05 9.9973E-05 9.9973E-05 0.137681 0.179345 0.144834
0.476157 0.0398606 9.9991E-05 0.0889609 0.0914888 0.117063 0.186369
0.348139 0.114704 0.00203813 0.0262038 0.145155 0.194344 0.169416
0.432591 0.0804903 0.0251053 0.218348 9.9991E-05 0.12556 0.117806
0.426464 0.0864015 0.0187037 0.184926 9.9991E-05 0.185639 0.0977653
0.344248 0.114929 0.00995379 9.9991E-05 0.224364 0.0810129 0.225392
9.9955E-05 0.00579464 9.9955E-05 9.9955E-05 9.9955E-05 9.9955E-05 0.993706
0.0160321 0.0143831 0.00151331 9.9982E-05 9.9982E-05 0.0120879 0.955784
0.103694 9.9973E-05 0.00407789 0.0295835 9.9973E-05 9.9973E-05 0.862345
9.9955E-05 0.00338858 9.9955E-05 9.9955E-05 9.9955E-05 9.9955E-05 0.996112
9.995E-05 9.995E-05 9.995E-05 9.995E-05 9.995E-05 9.995E-05 0.9994
9.995E-05 9.995E-05 9.995E-05 9.995E-05 9.995E-05 9.995E-05 0.9994
9.995E-05 9.995E-05 9.995E-05 9.995E-05 9.995E-05 9.995E-05 0.9994
0.0783662 9.9964E-05 9.9964E-05 0.00378917 9.9964E-05 9.9964E-05 0.917445
9.995E-05 9.995E-05 9.995E-05 9.995E-05 9.995E-05 9.995E-05 0.9994
9.995E-05 9.995E-05 9.995E-05 9.995E-05 9.995E-05 9.995E-05 0.9994
0.24593 0.0898329 9.9991E-05 0.0637075 0.157769 0.315432 0.127228
0.00142129 9.9982E-05 9.9982E-05 0.0264211 0.0790013 0.0211173 0.871839
9.995E-05 9.995E-05 9.995E-05 9.995E-05 9.995E-05 9.995E-05 0.9994
9.9973E-05 9.9973E-05 0.00140582 0.0192904 0.0234974 9.9973E-05 0.955506
0.276518 0.0614284 9.9991E-05 0.130569 0.139626 0.270517 0.121241
0.262283 0.0871692 9.9991E-05 0.110434 0.120453 0.255128 0.164433
0.291414 0.0579567 0.00249032 0.145171 0.159125 0.228801 0.115041
0.274574 0.0857496 9.9991E-05 0.0818758 0.135414 0.237109 0.185178
0.296012 0.0475518 9.9991E-05 0.128346 0.0828639 0.295182 0.149945
0.371585 0.0126949 9.9991E-05 0.201364 0.100216 0.188403 0.125638
0.341346 0.0207997 9.9991E-05 0.171765 0.0822131 0.200542 0.183234
0.272414 0.0100825 9.9991E-05 0.177042 0.10432 0.287809 0.148232
0.246293 0.0986003 9.9991E-05 0.169705 0.0756556 0.199304 0.210342
0.320112 0.0706516 9.9991E-05 0.14155 0.0702747 0.20604 0.191272
0.363853 0.0634499 9.9991E-05 0.115476 0.0935889 0.219211 0.144321
0.310631 0.060637 9.9991E-05 0.168867 0.100999 0.142351 0.216415
0.308712 0.0984627 0.0179761 0.118009 0.129399 0.246307 0.0811333
0.310759 0.0657712 9.9991E-05 0.10427 0.0990273 0.25044 0.169632
9.9982E-05 0.00335732 9.9982E-05 0.0261488 0.0383045 0.924372 0.00761733
0.00272364 9.9991E-05 0.00931721 0.000628304 0.0757892 0.882987 0.028455
9.995E-05 9.995E-05 9.995E-05 9.995E-05 9.995E-05 0.9994 9.995E-05
9.995E-05 9.995E-05 9.995E-05 9.995E-05 9.995E-05 0.9994 9.995E-05
9.995E-05 9.995E-05 9.995E-05 9.995E-05 9.995E-05 0.9994 9.995E-05
9.995E-05 9.995E-05 9.995E-05 9.995E-05 9.995E-05 0.9994 9.995E-05
9.995E-05 9.995E-05 9.995E-05 9.995E-05 9.995E-05 0.9994 9.995E-05
9.9964E-05 9.9964E-05 0.0568065 0.126856 9.9964E-05 0.815938 9.9964E-05
9.995E-05 9.995E-05 9.995E-05 9.995E-05 9.995E-05 0.9994 9.995E-05
9.995E-05 9.995E-05 9.995E-05 9.995E-05 9.995E-05 0.9994 9.995E-05
9.9982E-05 0.00767519 0.000788095 0.0551637 9.9982E-05 0.917281 0.0188921
9.995E-05 9.995E-05 9.995E-05 9.995E-05 9.995E-05 0.9994 9.995E-05
0.0402955 0.0866851 9.9991E-05 0.0703879 0.00283246 0.745332 0.0543669
9.995E-05 0.9994 9.995E-05 9.995E-05 9.995E-05 9.995E-05 9.995E-05
0.271833 0.116172 9.9991E-05 0.0885742 0.106231 0.217052 0.200039
9.995E-05 0.9994 9.995E-05 9.995E-05 9.995E-05 9.995E-05 9.995E-05
9.995E-05 0.9994 9.995E-05 9.995E-05 9.995E-05 9.995E-05 9.995E-05
9.9973E-05 0.946235 0.0037856 0.0357128 9.9973E-05 9.9973E-05 0.0139665
0.168726 0.747108 0.00722603 0.00579599 9.9991E-05 0.0445559 0.0264885
9.995E-05 0.9994 9.995E-05 9.995E-05 9.995E-05 9.995E-05 9.995E-05
0.0103203 0.858726 9.9973E-05 0.102106 9.9973E-05 0.0285473 9.9973E-05
9.9955E-05 0.980546 9.9955E-05 0.0189545 9.9955E-05 9.9955E-05 9.9955E-05
0.0165561 0.954702 9.9964E-05 9.9964E-05 9.9964E-05 0.0283421 9.9964E-05
9.995E-05 0.9994 9.995E-05 9.995E-05 9.995E-05 9.995E-05 9.995E-05
9.9964E-05 0.979009 9.9964E-05 9.9964E-05 0.00768173 9.9964E-05 0.0129095
0.0211069 0.945414 0.00537945 0.00036811 0.00228405 0.0160079 0.00944005
0.0861103 0.788309 9.9982E-05 9.9982E-05 0.0508242 0.0425293 0.032027
0.0153038 0.967687 0.00690136 0.00913455 9.9982E-05 9.9982E-05 0.000773503
0.0301383 0.833262 9.9982E-05 0.0827105 9.9982E-05 0.0492874 0.00440197
0.00212583 0.863611 0.00247267 0.0339491 0.0546166 0.0431248 9.9991E-05
0.0369936 0.847673 0.0105068 9.9982E-05 0.0776148 9.9982E-05 0.0270117
9.9964E-05 0.969791 9.9964E-05 9.9964E-05 0.0190248 0.0107841 9.9964E-05
0.263971 0.0915722 0.0180937 0.129294 0.30755 0.0930563 0.0964625
0.335031 0.0770678 0.00552956 0.138506 0.304634 0.0882779 0.0509544
0.280416 0.089799 0.0181568 0.112076 0.338438 0.0659684 0.0951457
0.282656 0.0879183 0.04585 0.15683 0.265884 0.0682124 0.0926487
0.0422093 9.9964E-05 9.9964E-05 0.955681 0.00171016 9.9964E-05 9.9964E-05
9.995E-05 9.995E-05 9.995E-05 0.9994 9.995E-05 9.995E-05 9.995E-05
9.995E-05 9.995E-05 9.995E-05 0.9994 9.995E-05 9.995E-05 9.995E-05
9.995E-05 9.995E-05 9.995E-05 0.9994 9.995E-05 9.995E-05 9.995E-05
9.9955E-05 9.9955E-05 9.9955E-05 0.994955 0.00454476 9.9955E-05 9.9955E-05
9.9973E-05 9.9973E-05 9.9973E-05 0.96402 0.0270161 0.000737971 0.00792556
9.9955E-05 9.9955E-05 9.9955E-05 0.969239 0.0302608 9.9955E-05 9.9955E-05
0.0632864 0.0144828 0.065529 0.801981 9.9982E-05 0.0545208 9.9982E-05
0.137155 9.9964E-05 0.00346616 0.858979 9.9964E-05 9.9964E-05 9.9964E-05
9.995E-05 9.995E-05 9.995E-05 9.995E-05 0.9994 9.995E-05 9.995E-05
9.995E-05 9.995E-05 9.995E-05 9.995E-05 0.9994 9.995E-05 9.995E-05
9.995E-05 9.995E-05 9.995E-05 9.995E-05 0.9994 9.995E-05 9.995E-05
9.995E-05 9.995E-05 9.995E-05 9.995E-05 0.9994 9.995E-05 9.995E-05
9.995E-05 9.995E-05 9.995E-05 9.995E-05 0.9994 9.995E-05 9.995E-05
0.0298711 0.0355519 0.0098944 0.00239477 0.922088 9.9982E-05 9.9982E-05
9.9964E-05 9.9964E-05 0.000347687 9.9964E-05 0.987312 9.9964E-05 0.0119402
9.995E-05 9.995E-05 9.995E-05 9.995E-05 0.9994 9.995E-05 9.995E-05
9.9955E-05 0.0155385 9.9955E-05 9.9955E-05 0.983962 9.9955E-05 9.9955E-05
9.9973E-05 0.00868647 9.9973E-05 9.9973E-05 0.96403 0.0233817 0.00360184
9.995E-05 9.995E-05 9.995E-05 9.995E-05 0.9994 9.995E-05 9.995E-05
9.9955E-05 9.9955E-05 9.9955E-05 9.9955E-05 0.993276 9.9955E-05 0.00622395
