9.995E-05 9.995E-05 9.995E-05 0.9994 9.995E-05 9.995E-05 9.995E-05
9.9973E-05 9.9973E-05 9.9973E-05 0.362693 0.0536632 0.503824 0.0795203
9.9973E-05 9.9973E-05 9.9973E-05 0.34053 0.118313 0.480482 0.0603755
9.99551E-05 9.99551E-05 9.99551E-05 0.245606 9.99551E-05 0.753894 9.99551E-05
0.0117853 0.0234335 0.00507468 0.158454 9.9982E-05 0.801052 9.9982E-05
0.00146093 9.9973E-05 9.9973E-05 0.199422 0.0144593 0.784357 9.9973E-05
9.9955E-05 9.9955E-05 9.9955E-05 0.346382 9.9955E-05 0.653119 9.9955E-05
9.9973E-05 9.9973E-05 9.9973E-05 0.319237 0.0952129 0.555406 0.0298447
9.9982E-05 0.0160561 9.9982E-05 0.245448 0.0299451 0.699625 0.00872621
9.995E-05 9.995E-05 9.995E-05 0.9994 9.995E-05 9.995E-05 9.995E-05
9.995E-05 9.995E-05 9.995E-05 0.9994 9.995E-05 9.995E-05 9.995E-05
9.995E-05 9.995E-05 9.995E-05 0.9994 9.995E-05 9.995E-05 9.995E-05
9.995E-05 9.995E-05 9.995E-05 0.9994 9.995E-05 9.995E-05 9.995E-05
0.0425418 9.9964E-05 9.9964E-05 0.944402 9.9964E-05 0.0126563 9.9964E-05
0.0101843 9.9964E-05 0.0235019 0.965914 9.9964E-05 9.9964E-05 9.9964E-05
9.99861E-05 0.0369744 9.99861E-05 0.19637 0.034749 0.723726 0.00798027
0.0328582 0.123157 0.0124415 0.254808 0.00131042 0.497034 0.078391
0.00026249 9.9973E-05 9.9973E-05 0.210818 9.9973E-05 0.782206 0.00641353
0.0315025 9.99551E-05 9.99551E-05 9.99551E-05 9.99551E-05 0.967998 9.99551E-05
0.0332871 9.99551E-05 9.99551E-05 9.99551E-05 9.99551E-05 0.966213 9.99551E-05
9.9964E-05 0.0392386 9.9964E-05 0.0888783 9.9964E-05 0.871483 9.9964E-05
0.0409311 9.9973E-05 9.9973E-05 0.0190823 0.0277417 0.911945 9.9973E-05
0.0849783 9.9964E-05 9.9964E-05 0.0318211 9.9964E-05 0.882801 9.9964E-05
0.0120844 9.9964E-05 9.9964E-05 0.0511795 9.9964E-05 0.936336 9.9964E-05
9.99551E-05 9.99551E-05 9.99551E-05 0.000949347 9.99551E-05 0.998551 9.99551E-05
0.0104615 0.0691703 0.0392122 0.0274579 9.9982E-05 0.853498 9.9982E-05
0.0274864 0.0680608 9.9982E-05 0.000373284 0.0482071 0.855672 9.9982E-05
9.99551E-05 9.99551E-05 9.99551E-05 0.0162311 9.99551E-05 0.983269 9.99551E-05
0.0307134 9.9964E-05 9.9964E-05 0.0880894 9.9964E-05 0.880797 9.9964E-05
9.9955E-05 9.9955E-05 9.9955E-05 0.0871518 9.9955E-05 0.912348 9.9955E-05
0.0239902 9.99641E-05 9.99641E-05 0.0902821 9.99641E-05 0.885328 9.99641E-05
0.0123593 0.0683148 9.9973E-05 0.034255 9.9973E-05 0.884771 9.9973E-05
0.0341684 0.00617654 9.9991E-05 0.00234098 0.0162599 0.92524 0.0157139
0.0225493 0.00547624 0.0806543 0.0728946 0.063904 0.750992 0.00352958
0.15053 9.9964E-05 9.9964E-05 0.0114585 9.9964E-05 0.837611 9.9964E-05
9.9955E-05 9.9955E-05 9.9955E-05 0.10277 9.9955E-05 0.89673 9.9955E-05
0.0243698 0.00220523 9.9964E-05 9.9964E-05 9.9964E-05 0.973025 9.9964E-05
0.0886628 0.0846217 9.9982E-05 0.0034391 0.014364 0.808712 9.9982E-05
9.9982E-05 0.0977191 9.9982E-05 0.0126774 0.0279561 0.820858 0.0405896
0.0220964 0.0424269 0.010249 9.9982E-05 9.9982E-05 0.902824 0.0222037
9.9982E-05 0.0329081 0.195706 9.9982E-05 0.0926351 0.606836 0.0717147
0.0315831 0.0600715 0.159987 0.0200025 0.0787586 0.646268 0.00332921
0.0111692 9.9991E-05 0.129557 0.0372367 0.126377 0.645793 0.0497666
9.9982E-05 0.0226609 0.131356 9.9982E-05 0.0936289 0.679963 0.0721915
9.9973E-05 0.0834424 0.0729237 9.9973E-05 0.123249 0.720085 9.9973E-05
9.9973E-05 0.0703645 0.0126223 9.9973E-05 0.0724918 0.844221 9.9973E-05
9.9973E-05 0.0416881 0.0582083 9.9973E-05 0.0508619 0.848942 9.9973E-05
0.0193704 0.0492365 0.061642 9.9982E-05 0.0658667 0.803684 9.9982E-05
0.00918997 0.0858776 0.123041 0.00909224 0.0683248 0.704374 9.9991E-05
9.9982E-05 9.9982E-05 0.0804906 0.0970773 0.0329147 0.741147 0.04817
9.9991E-05 0.085555 0.0367739 0.00675906 0.064302 0.770017 0.0364932
0.0286095 0.0596373 0.0868505 9.9982E-05 0.0637314 0.760971 9.9982E-05
0.0497955 0.0650998 0.0784616 9.9982E-05 0.0461776 0.760265 9.9982E-05
0.100181 0.0815359 0.112248 0.0297313 0.00759583 0.642404 0.0263035
0.0736967 0.059667 0.117558 0.029732 0.0297596 0.627818 0.0617689
0.0101222 9.9982E-05 0.129664 9.9982E-05 0.131985 0.701783 0.0262459
0.00591953 0.0809242 0.112521 0.0481748 0.0892869 0.641548 0.0216263
9.9982E-05 0.0669892 0.0846272 9.9982E-05 0.0649512 0.742638 0.0405942
0.0322788 0.0850378 9.9973E-05 9.9973E-05 0.0843331 0.79805 9.9973E-05
9.9991E-05 0.12282 0.058481 0.0319147 0.0953412 0.654479 0.0368647
0.0360401 0.120723 0.0643865 9.9991E-05 0.0580559 0.707412 0.013283
0.0177388 0.015628 0.206039 9.9991E-05 0.026379 0.667781 0.0663349
0.073502 0.10465 0.0819158 9.9991E-05 0.102201 0.569737 0.0678938
0.128676 0.0681422 0.168065 0.0147533 0.0735137 0.484762 0.0620877
9.9973E-05 0.0829841 0.159153 9.9973E-05 9.9973E-05 0.751028 0.00653518
0.107135 0.0530329 0.114105 9.9991E-05 0.120465 0.584922 0.0202402
0.0234325 0.0700686 0.109297 9.9991E-05 0.0653254 0.600277 0.131499
0.134648 0.0864396 0.183 0.0241588 0.0385982 0.487482 0.0456737
0.00801774 0.0485208 0.0798539 9.9991E-05 0.049346 0.77989 0.0342711
0.135004 9.9982E-05 0.164216 9.9982E-05 0.0905755 0.601113 0.00889077
9.9982E-05 9.9982E-05 0.123921 0.0260368 0.106554 0.674296 0.0689918
0.0511189 0.0501914 0.147598 9.9991E-05 0.0723111 0.586833 0.0918476
0.0453587 0.0633331 0.0879409 0.0384317 0.0898421 0.674994 9.9991E-05
9.9982E-05 0.148498 0.0456693 0.0136938 0.0846492 0.707289 9.9982E-05
0.0853697 0.0780588 0.213554 0.015054 0.0828379 0.510296 0.0148295
0.0161868 0.125992 0.0874177 9.9991E-05 0.0422216 0.680902 0.0471805
0.0423175 0.0149644 0.12514 9.9991E-05 0.0940699 0.65029 0.0731188
0.198866 9.9991E-05 0.0830601 0.0253309 0.0615766 0.504529 0.126537
0.143431 0.0420796 0.178741 9.9991E-05 0.0740065 0.406796 0.154846
0.139177 0.108137 0.175266 9.9991E-05 0.0367363 0.356648 0.183934
0.133796 0.0798046 0.212337 0.00271674 0.091387 0.376147 0.103811
0.155496 0.0402389 0.189299 9.9991E-05 0.0734452 0.368045 0.173375
0.149725 0.0786228 0.160108 9.9991E-05 0.0971448 0.360215 0.154084
0.0110629 0.0553084 0.169309 0.000659936 0.0495208 0.49621 0.217928
0.0285062 0.107211 0.0990541 0.0104518 0.132587 0.368134 0.254057
0.0679513 0.0649894 0.141108 9.9991E-05 0.191207 0.351713 0.182931
0.0379937 0.0827295 0.142051 0.0285701 0.09877 0.511404 0.0984822
9.9982E-05 0.0868357 0.174882 9.9982E-05 0.049137 0.504299 0.184646
0.09541 0.112823 0.2111 9.9991E-05 0.0750093 0.346758 0.1588
0.0391303 0.15772 0.205973 9.9991E-05 0.094994 0.366803 0.135281
0.264471 9.9991E-05 0.0994536 0.0150814 0.0728075 0.439454 0.108632
0.221131 0.00235512 0.13983 0.038624 0.0608565 0.42176 0.115443
0.0162841 0.216712 0.13308 0.00146275 0.115687 0.305724 0.211051
9.995E-05 9.995E-05 9.995E-05 9.995E-05 9.995E-05 9.995E-05 0.9994
9.9964E-05 9.9964E-05 0.0377057 9.9964E-05 9.9964E-05 0.0132795 0.948615
0.0297067 0.015718 9.9982E-05 9.9982E-05 0.0186809 0.103619 0.832076
9.995E-05 9.995E-05 9.995E-05 9.995E-05 9.995E-05 9.995E-05 0.9994
9.995E-05 9.995E-05 9.995E-05 9.995E-05 9.995E-05 9.995E-05 0.9994
9.995E-05 9.995E-05 9.995E-05 9.995E-05 9.995E-05 9.995E-05 0.9994
9.995E-05 9.995E-05 9.995E-05 9.995E-05 9.995E-05 9.995E-05 0.9994
9.9982E-05 9.9982E-05 0.0140455 0.00502466 0.00775732 0.0456402 0.927332
9.995E-05 9.995E-05 9.995E-05 9.995E-05 9.995E-05 9.995E-05 0.9994
9.995E-05 9.995E-05 9.995E-05 9.995E-05 9.995E-05 9.995E-05 0.9994
0.0975906 0.102423 0.356225 9.9991E-05 0.090112 0.230747 0.122802
0.0448504 0.0602054 9.9964E-05 9.9964E-05 9.9964E-05 9.9964E-05 0.894544
9.995E-05 9.995E-05 9.995E-05 9.995E-05 9.995E-05 9.995E-05 0.9994
0.0181107 0.00587535 9.9973E-05 9.9973E-05 0.00489417 9.9973E-05 0.97082
0.127531 0.159049 0.314241 9.9991E-05 0.0514516 0.234804 0.112823
0.115055 0.139422 0.282511 9.9991E-05 0.0898085 0.254742 0.11836
0.147916 0.0986136 0.30964 9.9991E-05 0.0822803 0.246479 0.114971
0.129402 0.139251 0.259788 9.9991E-05 0.105135 0.207427 0.158896
0.146435 0.12258 0.299484 9.9991E-05 0.0704714 0.21449 0.14644
0.175335 0.0718434 0.236227 9.9991E-05 0.0178332 0.370187 0.128474
0.163822 0.0537487 0.260449 0.00698723 0.0646902 0.308792 0.141511
0.16117 0.102029 0.300192 9.9991E-05 0.0219089 0.295411 0.119189
0.134476 0.082214 0.14414 9.9991E-05 0.0901006 0.307155 0.241814
0.160503 0.0741391 0.200909 9.9991E-05 0.0740903 0.230711 0.259548
0.120908 0.10175 0.199792 0.00945908 0.0795515 0.384826 0.103713
0.205747 0.0912391 0.109734 9.9991E-05 0.0471736 0.321064 0.224942
0.163284 0.122583 0.227217 9.9991E-05 0.127526 0.283685 0.0756048
0.103238 0.0850697 0.295394 9.9991E-05 0.087856 0.264764 0.163578
0.0393204 0.00820836 0.930377 9.9982E-05 0.00559531 0.0162994 9.9982E-05
0.0483014 0.04633 0.871647 0.0171648 9.9982E-05 9.9982E-05 0.0163566
9.995E-05 9.995E-05 0.9994 9.995E-05 9.995E-05 9.995E-05 9.995E-05
9.995E-05 9.995E-05 0.9994 9.995E-05 9.995E-05 9.995E-05 9.995E-05
9.9955E-05 0.00135767 0.998143 9.9955E-05 9.9955E-05 9.9955E-05 9.9955E-05
9.995E-05 9.995E-05 0.9994 9.995E-05 9.995E-05 9.995E-05 9.995E-05
9.995E-05 9.995E-05 0.9994 9.995E-05 9.995E-05 9.995E-05 9.995E-05
0.13512 0.0239578 0.781596 0.0590263 9.9973E-05 9.9973E-05 9.9973E-05
9.995E-05 9.995E-05 0.9994 9.995E-05 9.995E-05 9.995E-05 9.995E-05
9.995E-05 9.995E-05 0.9994 9.995E-05 9.995E-05 9.995E-05 9.995E-05
0.047068 9.9982E-05 0.841344 0.00901892 0.0550148 9.9982E-05 0.0473539
9.995E-05 9.995E-05 0.9994 9.995E-05 9.995E-05 9.995E-05 9.995E-05
0.0224579 0.0470379 0.785376 0.0139388 0.108478 9.9991E-05 0.0226112
9.995E-05 9.995E-05 9.995E-05 9.995E-05 0.9994 9.995E-05 9.995E-05
0.130444 0.0714193 0.234396 9.9991E-05 0.118457 0.248789 0.196395
9.9955E-05 9.9955E-05 0.000877845 9.9955E-05 0.998622 9.9955E-05 9.9955E-05
9.995E-05 9.995E-05 9.995E-05 9.995E-05 0.9994 9.995E-05 9.995E-05
0.0867453 9.99551E-05 9.99551E-05 9.99551E-05 0.912755 9.99551E-05 9.99551E-05
0.028882 0.0463015 0.0096082 9.9991E-05 0.807997 0.0780617 0.0290493
9.995E-05 9.995E-05 9.995E-05 9.995E-05 0.9994 9.995E-05 9.995E-05
0.0371428 9.9973E-05 0.0530592 9.9973E-05 0.842809 0.0666891 9.9973E-05
9.995E-05 9.995E-05 9.995E-05 9.995E-05 0.9994 9.995E-05 9.995E-05
9.9973E-05 0.0240074 0.0118091 9.9973E-05 0.931671 0.0322129 9.9973E-05
9.9955E-05 9.9955E-05 9.9955E-05 0.0130064 0.986494 9.9955E-05 9.9955E-05
0.013549 9.9964E-05 0.0198725 9.9964E-05 0.966179 9.9964E-05 9.9964E-05
0.000215084 0.00589759 0.0232503 0.00548069 0.964956 9.9982E-05 9.9982E-05
0.0248412 0.0560422 0.0495758 9.9982E-05 0.841339 9.9982E-05 0.0280019
9.9955E-05 0.0269507 9.9955E-05 9.9955E-05 0.972549 9.9955E-05 9.9955E-05
0.0320389 0.00678525 0.0242571 0.010544 0.89775 9.9991E-05 0.0285245
0.0456358 0.0354072 9.9982E-05 0.00839302 0.896329 0.0140347 9.9982E-05
9.9973E-05 0.0706699 9.9973E-05 0.0185355 0.851837 0.0586573 9.9973E-05
9.9955E-05 0.00324954 9.9955E-05 9.9955E-05 0.996251 9.9955E-05 9.9955E-05
0.160398 0.325534 0.118638 0.0135747 0.0853179 0.229453 0.0670847
0.185011 0.27547 0.155591 0.0165278 0.0465424 0.22606 0.0947968
0.1699 0.303671 0.0937634 0.0280907 0.111817 0.160761 0.131998
0.169034 0.314046 0.127895 0.0327205 0.0987252 0.206557 0.051023
0.956839 9.9964E-05 0.0326228 0.0101383 9.9964E-05 9.9964E-05 9.9964E-05
0.9994 9.995E-05 9.995E-05 9.995E-05 9.995E-05 9.995E-05 9.995E-05
0.994581 0.00361144 0.00140727 9.9964E-05 9.9964E-05 9.9964E-05 9.9964E-05
0.9994 9.995E-05 9.995E-05 9.995E-05 9.995E-05 9.995E-05 9.995E-05
0.9994 9.995E-05 9.995E-05 9.995E-05 9.995E-05 9.995E-05 9.995E-05
0.990191 9.9955E-05 9.9955E-05 9.9955E-05 0.00930888 9.9955E-05 9.9955E-05
0.949239 0.00516064 0.023551 9.9973E-05 9.9973E-05 9.9973E-05 0.0217496
0.812699 0.0291403 0.0261566 0.0570964 9.9991E-05 0.0584593 0.0163486
0.860709 9.9973E-05 9.9973E-05 0.00570439 0.038191 0.095096 9.9973E-05
9.9955E-05 0.980919 0.0185814 9.9955E-05 9.9955E-05 9.9955E-05 9.9955E-05
9.995E-05 0.9994 9.995E-05 9.995E-05 9.995E-05 9.995E-05 9.995E-05
9.995E-05 0.9994 9.995E-05 9.995E-05 9.995E-05 9.995E-05 9.995E-05
9.995E-05 0.9994 9.995E-05 9.995E-05 9.995E-05 9.995E-05 9.995E-05
9.995E-05 0.9994 9.995E-05 9.995E-05 9.995E-05 9.995E-05 9.995E-05
0.0216947 0.885448 9.9964E-05 9.9964E-05 9.9964E-05 0.0924575 9.9964E-05
9.995E-05 0.9994 9.995E-05 9.995E-05 9.995E-05 9.995E-05 9.995E-05
9.995E-05 0.9994 9.995E-05 9.995E-05 9.995E-05 9.995E-05 9.995E-05
9.9964E-05 0.985458 9.9964E-05 0.0112206 9.9964E-05 9.9964E-05 0.002922
0.0078763 0.914632 0.0391628 0.00488093 0.0137988 0.0083948 0.0112548
9.9955E-05 0.99535 9.9955E-05 0.00415038 9.9955E-05 9.9955E-05 9.9955E-05
0.0162715 0.983229 9.9955E-05 9.9955E-05 9.9955E-05 9.9955E-05 9.9955E-05
