9.9901E-05 9.9901E-05 9.9901E-05 9.9901E-05 9.9901E-05 9.9901E-05 9.9901E-05 9.9901E-05 9.9901E-05 0.998901 9.9901E-05 9.9901E-05
0.465795 0.0303716 0.0240292 9.9964E-05 0.160281 0.0464412 9.9964E-05 9.9964E-05 0.0215048 0.237386 0.0137904 9.9964E-05
9.9901E-05 9.9901E-05 0.998901 9.9901E-05 9.9901E-05 9.9901E-05 9.9901E-05 9.9901E-05 9.9901E-05 9.9901E-05 9.9901E-05 9.9901E-05
9.9937E-05 9.9937E-05 0.797174 0.0592705 0.0742753 9.9937E-05 9.9937E-05 9.9937E-05 0.0150202 9.9937E-05 9.9937E-05 0.0535609
0.982229 9.9919E-05 9.9919E-05 0.00262246 9.9919E-05 9.9919E-05 9.9919E-05 9.9919E-05 0.0142489 9.9919E-05 9.9919E-05 9.9919E-05
0.743588 0.0888988 0.0424266 9.9937E-05 9.9937E-05 9.9937E-05 9.9937E-05 9.9937E-05 9.9937E-05 0.115014 9.9937E-05 0.00937339
0.6417 9.9937E-05 9.9937E-05 0.0325381 9.9937E-05 9.9937E-05 0.136703 9.9937E-05 0.0175793 0.170781 9.9937E-05 9.9937E-05
0.990478 9.99101E-05 9.99101E-05 9.99101E-05 9.99101E-05 9.99101E-05 9.99101E-05 9.99101E-05 9.99101E-05 9.99101E-05 9.99101E-05 0.00852287
0.464707 9.9955E-05 0.265295 0.0745637 0.0239696 0.0313731 9.9955E-05 0.124848 9.9955E-05 9.9955E-05 9.9955E-05 0.0147434
0.11397 9.9982E-05 0.14963 0.014308 0.00337773 0.163695 0.0968178 0.0949731 0.0530125 0.301564 9.9982E-05 0.00845236
9.99011E-05 0.998901 9.99011E-05 9.99011E-05 9.99011E-05 9.99011E-05 9.99011E-05 9.99011E-05 9.99011E-05 9.99011E-05 9.99011E-05 9.99011E-05
9.99011E-05 9.99011E-05 9.99011E-05 9.99011E-05 9.99011E-05 9.99011E-05 0.998901 9.99011E-05 9.99011E-05 9.99011E-05 9.99011E-05 9.99011E-05
0.172617 0.81761 9.9919E-05 9.9919E-05 9.9919E-05 9.9919E-05 0.0088732 9.9919E-05 9.9919E-05 9.9919E-05 9.9919E-05 9.9919E-05
9.99011E-05 9.99011E-05 9.99011E-05 9.99011E-05 9.99011E-05 9.99011E-05 0.998901 9.99011E-05 9.99011E-05 9.99011E-05 9.99011E-05 9.99011E-05
9.9946E-05 0.644809 0.00973564 9.9946E-05 9.9946E-05 9.9946E-05 0.114491 0.0935443 0.0492867 9.9946E-05 0.0875328 9.9946E-05
9.9955E-05 0.099898 0.00633831 9.9955E-05 0.15627 9.9955E-05 0.18943 9.9955E-05 0.016213 9.9955E-05 0.530301 0.00104915
9.9919E-05 0.0403055 9.9919E-05 9.9919E-05 0.0548521 9.9919E-05 9.9919E-05 9.9919E-05 9.9919E-05 9.9919E-05 9.9919E-05 0.903943
9.991E-05 9.991E-05 9.991E-05 9.991E-05 0.983267 9.991E-05 9.991E-05 9.991E-05 9.991E-05 9.991E-05 9.991E-05 0.0157335
9.9946E-05 0.609934 9.9946E-05 9.9946E-05 0.0134294 9.9946E-05 0.144127 0.183831 0.00400596 9.9946E-05 0.044073 9.9946E-05
9.9901E-05 9.9901E-05 9.9901E-05 9.9901E-05 9.9901E-05 9.9901E-05 9.9901E-05 9.9901E-05 9.9901E-05 9.9901E-05 0.998901 9.9901E-05
9.9973E-05 0.0999092 0.0243396 9.9973E-05 0.171004 0.113637 0.102317 9.9973E-05 0.0144911 0.084845 0.204383 0.184776
9.991E-05 9.991E-05 9.991E-05 9.991E-05 0.966648 9.991E-05 9.991E-05 9.991E-05 9.991E-05 0.0323526 9.991E-05 9.991E-05
9.9928E-05 0.791748 9.9928E-05 9.9928E-05 9.9928E-05 9.9928E-05 9.9928E-05 9.9928E-05 9.9928E-05 0.0845829 0.00177855 0.121091
9.99011E-05 9.99011E-05 9.99011E-05 9.99011E-05 9.99011E-05 9.99011E-05 9.99011E-05 9.99011E-05 9.99011E-05 9.99011E-05 9.99011E-05 0.998901
9.9964E-05 0.235627 9.9964E-05 9.9964E-05 0.118164 0.148678 0.433927 0.0267065 9.9964E-05 0.00502199 0.0246035 0.00687322
9.9928E-05 9.9928E-05 9.9928E-05 9.9928E-05 9.9928E-05 0.132249 0.813365 9.9928E-05 9.9928E-05 0.0404164 0.0131706 9.9928E-05
9.9937E-05 0.0437975 9.9937E-05 0.218963 0.616497 9.9937E-05 0.00430831 0.115735 9.9937E-05 9.9937E-05 9.9937E-05 9.9937E-05
9.9955E-05 0.251493 0.0486481 0.0304077 0.428465 0.199193 9.9955E-05 0.0309607 0.0103322 9.9955E-05 9.9955E-05 9.9955E-05
9.9946E-05 0.148094 9.9946E-05 9.9946E-05 0.288495 0.217918 0.198381 0.133779 0.0127329 9.9946E-05 9.9946E-05 9.9946E-05
9.9928E-05 0.621632 9.9928E-05 9.9928E-05 0.0571074 0.272832 9.9928E-05 0.0476296 9.9928E-05 9.9928E-05 9.9928E-05 9.9928E-05
9.99281E-05 9.99281E-05 0.0853051 9.99281E-05 9.99281E-05 0.223182 9.99281E-05 0.683062 9.99281E-05 9.99281E-05 0.0076518 9.99281E-05
0.0395639 0.0204588 0.178511 0.0667402 0.0176849 0.190797 9.9973E-05 0.420673 0.00758225 9.9973E-05 0.0576891 9.9973E-05
9.9928E-05 9.9928E-05 0.000172724 9.9928E-05 0.125472 0.0418133 9.9928E-05 0.831742 9.9928E-05 9.9928E-05 9.9928E-05 9.9928E-05
9.9919E-05 9.9919E-05 9.9919E-05 0.14985 9.9919E-05 9.9919E-05 9.9919E-05 0.703377 9.9919E-05 9.9919E-05 9.9919E-05 0.145874
9.9946E-05 0.0386897 0.0191092 9.9946E-05 0.0163673 9.9946E-05 0.130513 0.764258 9.9946E-05 9.9946E-05 0.030463 9.9946E-05
9.99371E-05 9.99371E-05 0.0114979 9.99371E-05 9.99371E-05 9.99371E-05 0.00860571 0.96651 0.0102437 0.00244319 9.99371E-05 9.99371E-05
0.229706 9.9928E-05 9.9928E-05 9.9928E-05 9.9928E-05 9.9928E-05 9.9928E-05 0.626956 9.9928E-05 0.0168219 0.125717 9.9928E-05
9.9928E-05 9.9928E-05 9.9928E-05 9.9928E-05 9.9928E-05 9.9928E-05 9.9928E-05 0.875235 9.9928E-05 0.0486689 0.0287455 0.0465506
9.9928E-05 9.9928E-05 9.9928E-05 0.0720542 9.9928E-05 9.9928E-05 9.9928E-05 0.863661 0.0344369 9.9928E-05 0.0290487 9.9928E-05
9.9955E-05 0.0653367 9.9955E-05 0.0119854 0.0145499 0.134731 9.9955E-05 0.699626 0.0294165 0.0438549 9.9955E-05 9.9955E-05
0.0708154 9.99101E-05 9.99101E-05 9.99101E-05 9.99101E-05 9.99101E-05 9.99101E-05 0.928185 9.99101E-05 9.99101E-05 9.99101E-05 9.99101E-05
9.9973E-05 0.035675 0.035052 0.02065 9.9973E-05 0.307475 0.0969332 0.315151 9.9973E-05 0.146063 0.0190098 0.0236916
9.9955E-05 9.9955E-05 0.0251407 0.00776779 9.9955E-05 0.136163 0.0853286 0.718647 0.0104581 9.9955E-05 9.9955E-05 0.0159943
0.0165583 0.0588099 9.9964E-05 0.15737 0.00742908 9.9964E-05 0.0256955 0.648446 0.0108709 9.9964E-05 9.9964E-05 0.0744202
9.99371E-05 0.227952 9.99371E-05 0.243089 9.99371E-05 0.275366 9.99371E-05 0.219694 9.99371E-05 9.99371E-05 0.0331987 9.99371E-05
0.0491833 9.9946E-05 9.9946E-05 0.619908 9.9946E-05 0.0701344 0.120842 0.112181 0.0271521 9.9946E-05 9.9946E-05 9.9946E-05
0.0114173 0.0361507 9.99461E-05 0.841967 9.99461E-05 0.0422906 9.99461E-05 9.99461E-05 0.0198743 9.99461E-05 9.99461E-05 0.0477001
9.991E-05 9.991E-05 9.991E-05 0.847423 9.991E-05 0.151578 9.991E-05 9.991E-05 9.991E-05 9.991E-05 9.991E-05 9.991E-05
0.0352876 9.9946E-05 0.0544641 0.442945 9.9946E-05 9.9946E-05 0.188258 0.25843 9.9946E-05 9.9946E-05 0.0200161 9.9946E-05
0.0597608 9.9946E-05 0.0541379 0.350201 9.9946E-05 0.231246 0.0859264 0.218128 9.9946E-05 9.9946E-05 9.9946E-05 9.9946E-05
9.9928E-05 9.9928E-05 9.9928E-05 0.821296 0.0382034 0.0811238 9.9928E-05 0.0585772 9.9928E-05 9.9928E-05 9.9928E-05 9.9928E-05
9.9919E-05 9.9919E-05 9.9919E-05 0.92513 9.9919E-05 9.9919E-05 9.9919E-05 9.9919E-05 9.9919E-05 0.051623 0.0223481 9.9919E-05
9.99281E-05 9.99281E-05 9.99281E-05 0.799069 9.99281E-05 0.152318 9.99281E-05 9.99281E-05 9.99281E-05 0.0360416 9.99281E-05 0.011772
9.9928E-05 9.9928E-05 9.9928E-05 0.736286 0.0308329 9.9928E-05 9.9928E-05 0.197876 9.9928E-05 9.9928E-05 9.9928E-05 0.0342061
9.9919E-05 9.9919E-05 9.9919E-05 0.865116 9.9919E-05 9.9919E-05 0.00429217 0.129693 9.9919E-05 9.9919E-05 9.9919E-05 9.9919E-05
9.99281E-05 9.99281E-05 0.0479468 0.890066 9.99281E-05 0.0266111 9.99281E-05 9.99281E-05 0.034577 9.99281E-05 9.99281E-05 9.99281E-05
0.00798997 9.9946E-05 0.0163421 0.0394448 0.128595 0.773087 9.9946E-05 9.9946E-05 9.9946E-05 9.9946E-05 0.0339417 9.9946E-05
0.0674453 9.9955E-05 9.9955E-05 0.112861 0.236331 0.566824 9.9955E-05 9.9955E-05 0.00204248 9.9955E-05 0.00135755 0.0126395
0.0692512 9.9955E-05 0.0291165 0.159203 0.0170311 0.697223 9.9955E-05 9.9955E-05 9.9955E-05 0.00394118 9.9955E-05 0.0237344
0.168099 9.9955E-05 9.9955E-05 0.0069613 9.9955E-05 0.604742 0.00426655 0.208948 0.00103636 0.00544717 9.9955E-05 9.9955E-05
0.0335054 9.9937E-05 9.9937E-05 0.0967547 9.9937E-05 0.804853 9.9937E-05 9.9937E-05 9.9937E-05 9.9937E-05 0.0356148 0.0285723
9.9937E-05 9.9937E-05 9.9937E-05 0.00375081 9.9937E-05 0.484473 9.9937E-05 0.337594 0.104201 0.0692818 9.9937E-05 9.9937E-05
0.0100268 9.9946E-05 9.9946E-05 0.049228 9.9946E-05 0.718741 9.9946E-05 0.139262 9.9946E-05 0.0429062 9.9946E-05 0.0392362
9.99191E-05 9.99191E-05 9.99191E-05 9.99191E-05 9.99191E-05 0.96036 9.99191E-05 9.99191E-05 0.0347574 9.99191E-05 9.99191E-05 0.0039835
9.994E-05 9.994E-05 9.994E-05 9.994E-05 0.0324908 0.804239 0.0194403 0.108683 0.0107398 9.994E-05 0.0238075 9.994E-05
9.99191E-05 0.0145948 9.99191E-05 9.99191E-05 9.99191E-05 0.979681 9.99191E-05 9.99191E-05 9.99191E-05 0.00482454 9.99191E-05 9.99191E-05
9.99011E-05 9.99011E-05 9.99011E-05 9.99011E-05 9.99011E-05 0.998901 9.99011E-05 9.99011E-05 9.99011E-05 9.99011E-05 9.99011E-05 9.99011E-05
9.9919E-05 9.9919E-05 0.00939068 9.9919E-05 0.0230992 0.966611 9.9919E-05 9.9919E-05 9.9919E-05 9.9919E-05 9.9919E-05 9.9919E-05
9.99101E-05 9.99101E-05 9.99101E-05 9.99101E-05 0.0126074 0.986394 9.99101E-05 9.99101E-05 9.99101E-05 9.99101E-05 9.99101E-05 9.99101E-05
9.9919E-05 9.9919E-05 0.0207896 0.0522948 9.9919E-05 0.926016 9.9919E-05 9.9919E-05 9.9919E-05 9.9919E-05 9.9919E-05 9.9919E-05
9.99191E-05 9.99191E-05 9.99191E-05 9.99191E-05 9.99191E-05 0.856286 9.99191E-05 0.126147 9.99191E-05 9.99191E-05 9.99191E-05 0.0166673
0.147227 9.99371E-05 9.99371E-05 9.99371E-05 9.99371E-05 0.5612 0.0550122 0.226518 0.00934439 9.99371E-05 9.99371E-05 9.99371E-05
9.99281E-05 9.99281E-05 0.0320183 0.0205167 9.99281E-05 0.945558 9.99281E-05 9.99281E-05 0.00110738 9.99281E-05 9.99281E-05 9.99281E-05
9.9955E-05 9.9955E-05 9.9955E-05 0.036528 0.0453314 0.621782 0.0234191 0.169994 0.0693281 0.0331179 9.9955E-05 9.9955E-05
0.00184031 0.0228194 0.0128877 0.0920905 9.9973E-05 0.254207 0.0364496 9.9973E-05 0.535106 0.0148593 0.0294407 9.9973E-05
9.9901E-05 9.9901E-05 9.9901E-05 9.9901E-05 9.9901E-05 9.9901E-05 9.9901E-05 9.9901E-05 0.998901 9.9901E-05 9.9901E-05 9.9901E-05
9.9955E-05 0.0984537 9.9955E-05 0.0496868 9.9955E-05 0.493294 9.9955E-05 0.25641 0.0733256 0.0166481 9.9955E-05 0.011682
