9.995E-05 9.995E-05 9.995E-05 9.995E-05 9.995E-05 9.995E-05 0.9994
9.997E-05 9.997E-05 9.997E-05 0.00649119 0.0994569 0.0110478 0.882704
9.9955E-05 0.295697 9.9955E-05 9.9955E-05 9.9955E-05 9.9955E-05 0.703804
9.9982E-05 0.386848 0.172656 0.0406767 9.9982E-05 0.0155253 0.384094
0.120178 9.9964E-05 9.9964E-05 9.9964E-05 9.9964E-05 0.133648 0.745774
9.9964E-05 9.9964E-05 0.0926994 9.9964E-05 9.9964E-05 0.142141 0.76476
0.0783985 9.9973E-05 0.0852156 9.9973E-05 9.9973E-05 0.00289674 0.833189
0.0233996 9.9973E-05 0.172741 9.9973E-05 0.00679834 9.9973E-05 0.796762
9.9964E-05 0.378254 0.0151956 9.9964E-05 9.9964E-05 9.9964E-05 0.606151
0.0189888 0.0334351 0.0396831 0.072032 0.272527 9.9991E-05 0.563234
0.0065166 9.9964E-05 9.9964E-05 0.000208223 9.9964E-05 0.992875 9.9964E-05
9.9955E-05 9.9955E-05 0.00425873 9.9955E-05 9.9955E-05 0.995241 9.9955E-05
9.9955E-05 9.9955E-05 9.9955E-05 9.9955E-05 9.9955E-05 0.895909 0.103591
0.00517981 0.048591 0.846679 0.056061 0.0190986 9.9991E-05 0.0242907
9.9982E-05 0.0629524 9.9982E-05 0.0506777 0.0199462 0.836459 0.0297647
9.9964E-05 9.9964E-05 0.331253 9.9964E-05 9.9964E-05 0.661568 0.00677859
9.9955E-05 9.9955E-05 0.545703 9.9955E-05 9.9955E-05 0.453797 9.9955E-05
0.00160645 0.157063 0.653265 9.9982E-05 0.181429 0.00643608 9.9982E-05
0.0669592 0.0293311 0.438258 0.0220462 0.085829 0.357476 9.9991E-05
9.995E-05 9.995E-05 0.9994 9.995E-05 9.995E-05 9.995E-05 9.995E-05
9.9964E-05 9.9964E-05 0.788755 9.9964E-05 0.138559 9.9964E-05 0.0722863
9.9982E-05 0.142619 0.00633362 9.9982E-05 0.0326967 0.583586 0.234564
9.9964E-05 9.9964E-05 0.103094 9.9964E-05 9.9964E-05 0.895927 0.000578819
9.995E-05 9.995E-05 0.9994 9.995E-05 9.995E-05 9.995E-05 9.995E-05
9.9973E-05 0.00590869 0.405414 9.9973E-05 0.167573 0.420804 9.9973E-05
9.998E-05 0.0284348 0.458394 9.998E-05 0.149474 0.293142 0.0703555
0.0562639 0.453995 9.9973E-05 9.9973E-05 0.0296214 0.459819 9.9973E-05
9.998E-05 0.123788 9.998E-05 0.0116884 0.308966 0.511627 0.0437304
9.9973E-05 0.216623 9.9973E-05 9.9973E-05 0.204096 0.572556 0.00642463
9.9955E-05 9.9955E-05 9.9955E-05 9.9955E-05 0.220594 0.778906 9.9955E-05
0.0172241 0.808404 9.9964E-05 9.9964E-05 0.173972 9.9964E-05 9.9964E-05
0.141443 0.565546 9.9982E-05 9.9982E-05 0.142809 0.0307962 0.119206
0.0599916 0.840523 9.9982E-05 0.00337012 0.0831669 0.0127488 9.9982E-05
0.133973 0.843857 0.0217705 9.9964E-05 9.9964E-05 9.9964E-05 9.9964E-05
9.9973E-05 0.788025 0.0155432 0.0123626 9.9973E-05 0.183769 9.9973E-05
9.9964E-05 0.976365 9.9964E-05 9.9964E-05 0.0128406 9.9964E-05 0.0103943
0.102797 0.540594 0.140909 0.00293908 9.9991E-05 0.00141294 0.211249
9.9973E-05 0.825365 9.9973E-05 9.9973E-05 0.118968 0.0550071 0.000359797
0.0559317 0.905172 0.0311618 0.00743448 9.9973E-05 9.9973E-05 9.9973E-05
0.134539 0.357111 9.9991E-05 0.0264067 0.285358 0.192241 0.00424322
9.9955E-05 0.960792 9.9955E-05 9.9955E-05 0.0387087 9.9955E-05 9.9955E-05
0.201703 0.319799 0.0879264 9.9991E-05 0.286363 0.057093 0.047015
9.9973E-05 0.870254 9.9973E-05 0.0162178 0.093943 0.0192852 9.9973E-05
0.131563 0.67346 9.9973E-05 0.0342703 9.9973E-05 0.160407 9.9973E-05
0.38427 0.388764 9.9973E-05 9.9973E-05 0.165753 0.0609133 9.9973E-05
0.856652 9.9973E-05 9.9973E-05 9.9973E-05 0.0229795 0.114203 0.00586523
0.672516 0.238104 9.9973E-05 0.039018 0.0500617 9.9973E-05 9.9973E-05
0.860025 0.0492267 9.9964E-05 9.9964E-05 0.0903481 9.9964E-05 9.9964E-05
0.58276 0.219659 0.0102712 0.00286843 0.0328591 0.0741111 0.0774704
0.393746 0.399078 9.998E-05 9.998E-05 0.157951 0.036711 0.0123128
0.810571 0.0539209 0.0547042 0.0019277 0.0786768 9.9982E-05 9.9982E-05
0.984962 9.9955E-05 0.0145379 9.9955E-05 9.9955E-05 9.9955E-05 9.9955E-05
0.919226 9.9973E-05 9.9973E-05 9.9973E-05 0.0727362 0.00741257 0.000325217
0.759627 0.201382 9.9964E-05 9.9964E-05 0.038591 9.9964E-05 9.9964E-05
0.907435 0.0343286 0.0540133 9.9973E-05 0.00392303 9.9973E-05 9.9973E-05
0.881327 9.9964E-05 9.9964E-05 0.0634604 0.0548127 9.9964E-05 9.9964E-05
0.0257533 0.0471496 0.0185331 0.00283092 0.885885 0.00696149 0.0128865
0.0807671 0.0876812 0.028778 0.00694339 0.635396 0.0720654 0.0883685
0.114275 9.9964E-05 9.9964E-05 9.9964E-05 0.80288 9.9964E-05 0.0824447
0.0735009 9.9973E-05 9.9973E-05 9.9973E-05 0.738948 0.0886464 0.0986048
0.0805178 9.996E-05 0.091902 9.996E-05 0.82718 9.996E-05 9.996E-05
9.9973E-05 0.378794 9.9973E-05 0.074742 0.484014 9.9973E-05 0.0621492
0.052069 0.0188289 9.9982E-05 9.9982E-05 0.810234 0.0618357 0.056832
9.99551E-05 9.99551E-05 9.99551E-05 0.0115997 0.987901 9.99551E-05 9.99551E-05
9.997E-05 0.068839 0.061934 0.000866252 0.868061 9.997E-05 9.997E-05
9.995E-05 9.995E-05 9.995E-05 9.995E-05 0.962971 0.0365295 9.995E-05
9.9955E-05 9.9955E-05 9.9955E-05 9.9955E-05 0.992444 0.00705672 9.9955E-05
9.9955E-05 9.9955E-05 0.00488365 9.9955E-05 0.994617 9.9955E-05 9.9955E-05
9.995E-05 9.995E-05 9.995E-05 9.995E-05 0.9994 9.995E-05 9.995E-05
0.00638944 9.9955E-05 9.9955E-05 9.9955E-05 0.993111 9.9955E-05 9.9955E-05
9.9964E-05 0.00588794 0.0209306 9.9964E-05 0.972782 9.9964E-05 9.9964E-05
0.0397431 0.1684 0.00420174 0.00106592 0.704699 9.9991E-05 0.08179
0.00443339 9.9955E-05 9.9955E-05 9.9955E-05 0.995067 9.9955E-05 9.9955E-05
0.0568135 0.16605 0.0537709 0.0754361 0.64773 9.998E-05 9.998E-05
0.0486939 9.9991E-05 0.0798942 0.518366 0.325105 0.0181006 0.00973989
9.995E-05 9.995E-05 9.995E-05 0.9994 9.995E-05 9.995E-05 9.995E-05
0.0766436 0.0882125 9.9991E-05 0.0386916 0.722008 0.0128032 0.0615406
