9.98831E-05 9.98831E-05 9.98831E-05 9.98831E-05 9.98831E-05 9.98831E-05 9.98831E-05 9.98831E-05 9.98831E-05 9.98831E-05 9.98831E-05 9.98831E-05 9.98831E-05 0.998702
9.9937E-05 0.0889692 9.9937E-05 0.81288 0.0327858 9.9937E-05 9.9937E-05 9.9937E-05 9.9937E-05 9.9937E-05 0.0438698 0.00574057 0.0130291 0.00202647
9.98831E-05 9.98831E-05 9.98831E-05 9.98831E-05 9.98831E-05 9.98831E-05 9.98831E-05 9.98831E-05 9.98831E-05 9.98831E-05 9.98831E-05 9.98831E-05 0.998702 9.98831E-05
0.0902265 9.9919E-05 0.0179056 9.9919E-05 9.9919E-05 0.0334196 9.9919E-05 9.9919E-05 9.9919E-05 0.0552219 9.9919E-05 9.9919E-05 0.802327 9.9919E-05
9.9919E-05 0.895306 9.9919E-05 9.9919E-05 0.00219399 9.9919E-05 0.0581241 9.9919E-05 9.9919E-05 0.0263766 9.9919E-05 9.9919E-05 0.0170996 9.9919E-05
9.99011E-05 9.99011E-05 0.020192 0.95932 9.99011E-05 9.99011E-05 9.99011E-05 9.99011E-05 9.99011E-05 9.99011E-05 9.99011E-05 9.99011E-05 0.0193887 9.99011E-05
9.99011E-05 9.99011E-05 9.99011E-05 0.962526 0.00485447 9.99011E-05 9.99011E-05 9.99011E-05 9.99011E-05 9.99011E-05 0.0315211 9.99011E-05 9.99011E-05 9.99011E-05
9.98831E-05 0.998702 9.98831E-05 9.98831E-05 9.98831E-05 9.98831E-05 9.98831E-05 9.98831E-05 9.98831E-05 9.98831E-05 9.98831E-05 9.98831E-05 9.98831E-05 9.98831E-05
9.99101E-05 0.385935 9.99101E-05 0.22136 9.99101E-05 9.99101E-05 9.99101E-05 9.99101E-05 9.99101E-05 9.99101E-05 9.99101E-05 0.352122 0.0395837 9.99101E-05
9.9937E-05 0.475649 0.0348158 9.9937E-05 0.0309417 9.9937E-05 9.9937E-05 9.9937E-05 0.00750029 9.9937E-05 0.245659 9.9937E-05 0.117421 0.0873136
9.99011E-05 9.99011E-05 9.99011E-05 9.99011E-05 0.0112523 0.958548 9.99011E-05 9.99011E-05 9.99011E-05 9.99011E-05 9.99011E-05 0.0291007 9.99011E-05 9.99011E-05
9.99191E-05 0.017676 0.0194928 9.99191E-05 9.99191E-05 0.0285742 9.99191E-05 9.99191E-05 0.0493668 0.883991 9.99191E-05 9.99191E-05 9.99191E-05 9.99191E-05
9.9937E-05 0.0203087 9.9937E-05 9.9937E-05 9.9937E-05 0.603491 0.0262407 9.9937E-05 0.12377 0.104699 9.9937E-05 9.9937E-05 0.0722456 0.0485457
9.98921E-05 9.98921E-05 9.98921E-05 9.98921E-05 0.00675146 9.98921E-05 9.98921E-05 9.98921E-05 0.99205 9.98921E-05 9.98921E-05 9.98921E-05 9.98921E-05 9.98921E-05
9.9937E-05 9.9937E-05 9.9937E-05 0.0803456 0.0417538 0.12981 9.9937E-05 0.00841098 0.0845062 0.575566 9.9937E-05 9.9937E-05 0.0789087 9.9937E-05
9.991E-05 9.991E-05 0.0211729 9.991E-05 9.991E-05 0.640359 9.991E-05 9.991E-05 0.257661 0.0798071 9.991E-05 9.991E-05 9.991E-05 9.991E-05
9.99011E-05 9.99011E-05 0.834865 9.99011E-05 9.99011E-05 0.1117 9.99011E-05 9.99011E-05 9.99011E-05 0.0523356 9.99011E-05 9.99011E-05 9.99011E-05 9.99011E-05
9.9937E-05 9.9937E-05 0.530876 9.9937E-05 0.0124789 9.9937E-05 9.9937E-05 9.9937E-05 0.00926887 0.178634 0.10255 0.148313 0.0171788 9.9937E-05
0.0649814 9.9937E-05 0.0808342 9.9937E-05 0.00881613 9.9937E-05 9.9937E-05 0.0271526 0.204205 0.600297 9.9937E-05 9.9937E-05 9.9937E-05 0.0130144
9.99011E-05 9.99011E-05 9.99011E-05 9.99011E-05 9.99011E-05 0.0301946 9.99011E-05 9.99011E-05 0.950221 9.99011E-05 9.99011E-05 0.0184854 9.99011E-05 9.99011E-05
9.9946E-05 9.9946E-05 0.22029 9.9946E-05 9.9946E-05 0.00356809 0.0113945 9.9946E-05 0.598808 0.0129262 0.069495 9.9946E-05 0.0284503 0.0544682
9.9946E-05 0.260142 9.9946E-05 0.0652352 9.9946E-05 0.558751 9.9946E-05 0.0414176 9.9946E-05 0.0332641 0.0140796 0.00901764 0.0174926 9.9946E-05
9.98831E-05 9.98831E-05 9.98831E-05 9.98831E-05 9.98831E-05 0.998702 9.98831E-05 9.98831E-05 9.98831E-05 9.98831E-05 9.98831E-05 9.98831E-05 9.98831E-05 9.98831E-05
9.98831E-05 9.98831E-05 0.998702 9.98831E-05 9.98831E-05 9.98831E-05 9.98831E-05 9.98831E-05 9.98831E-05 9.98831E-05 9.98831E-05 9.98831E-05 9.98831E-05 9.98831E-05
9.9937E-05 9.9937E-05 0.0703867 9.9937E-05 0.00152144 0.0455066 9.9937E-05 9.9937E-05 0.251044 0.578258 0.0143704 9.9937E-05 0.0382137 9.9937E-05
9.9919E-05 9.9919E-05 9.9919E-05 0.0127229 9.9919E-05 9.9919E-05 9.9919E-05 9.9919E-05 0.838936 0.036644 0.0786473 9.9919E-05 9.9919E-05 0.0321505
0.133181 9.99011E-05 9.99011E-05 9.99011E-05 9.99011E-05 9.99011E-05 9.99011E-05 9.99011E-05 9.99011E-05 0.757307 9.99011E-05 0.108413 9.99011E-05 9.99011E-05
0.0392 9.9946E-05 9.9946E-05 0.0162975 0.0214792 0.0554356 0.0037788 9.9946E-05 9.9946E-05 0.624148 0.182567 9.9946E-05 0.0564939 9.9946E-05
9.991E-05 9.991E-05 9.991E-05 0.0045051 9.991E-05 9.991E-05 9.991E-05 9.991E-05 9.991E-05 0.905256 0.0497351 0.0395045 9.991E-05 9.991E-05
9.99011E-05 9.99011E-05 9.99011E-05 9.99011E-05 9.99011E-05 9.99011E-05 9.99011E-05 9.99011E-05 9.99011E-05 0.940627 0.0370499 0.0212242 9.99011E-05 9.99011E-05
9.9892E-05 9.9892E-05 9.9892E-05 9.9892E-05 9.9892E-05 9.9892E-05 9.9892E-05 9.9892E-05 9.9892E-05 9.9892E-05 0.0424685 0.956333 9.9892E-05 9.9892E-05
9.9901E-05 9.9901E-05 9.9901E-05 9.9901E-05 9.9901E-05 9.9901E-05 9.9901E-05 9.9901E-05 0.000133656 9.9901E-05 9.9901E-05 0.98708 9.9901E-05 0.0116875
9.99101E-05 9.99101E-05 9.99101E-05 9.99101E-05 9.99101E-05 9.99101E-05 0.0488647 0.663244 9.99101E-05 0.157117 0.0985355 9.99101E-05 0.031339 9.99101E-05
0.0206718 9.99101E-05 0.0284439 9.99101E-05 9.99101E-05 9.99101E-05 0.0730968 0.876788 9.99101E-05 9.99101E-05 9.99101E-05 9.99101E-05 9.99101E-05 9.99101E-05
9.9946E-05 0.00253544 9.9946E-05 9.9946E-05 9.9946E-05 0.0467052 9.9946E-05 0.288921 0.0357252 0.287707 9.9946E-05 0.306931 0.0226703 0.00820516
9.98921E-05 9.98921E-05 9.98921E-05 9.98921E-05 9.98921E-05 9.98921E-05 9.98921E-05 0.985551 9.98921E-05 9.98921E-05 9.98921E-05 0.0132502 9.98921E-05 9.98921E-05
0.0242771 0.228446 9.9955E-05 0.00781794 0.00121784 0.0040693 9.9955E-05 0.616145 0.0989727 9.9955E-05 9.9955E-05 9.9955E-05 0.0107687 0.00778592
0.00604046 9.9928E-05 9.9928E-05 9.9928E-05 9.9928E-05 0.0192632 9.9928E-05 0.757188 9.9928E-05 0.0618006 0.0519152 0.102994 9.9928E-05 9.9928E-05
0.0327256 9.9919E-05 9.9919E-05 9.9919E-05 0.0317749 0.005239 9.9919E-05 0.83041 0.0989516 9.9919E-05 9.9919E-05 9.9919E-05 9.9919E-05 9.9919E-05
0.0572136 9.9946E-05 9.9946E-05 9.9946E-05 0.0362264 0.0531016 0.0442118 0.433033 9.9946E-05 0.124156 0.223545 9.9946E-05 9.9946E-05 0.0279129
9.99101E-05 9.99101E-05 0.0282133 9.99101E-05 9.99101E-05 9.99101E-05 0.188609 0.495415 9.99101E-05 9.99101E-05 9.99101E-05 0.286764 9.99101E-05 9.99101E-05
9.9928E-05 9.9928E-05 9.9928E-05 9.9928E-05 9.9928E-05 9.9928E-05 0.0629927 0.31986 9.9928E-05 0.174311 0.28182 9.9928E-05 0.0563313 0.103886
9.9928E-05 9.9928E-05 9.9928E-05 9.9928E-05 9.9928E-05 9.9928E-05 0.0261555 0.290417 9.9928E-05 0.235868 0.159666 0.257569 0.0295262 9.9928E-05
0.0121038 9.9946E-05 0.0208758 0.0407274 0.00961335 9.9946E-05 0.0224547 0.757352 9.9946E-05 0.121685 0.0145879 9.9946E-05 9.9946E-05 9.9946E-05
0.545323 9.99281E-05 9.99281E-05 9.99281E-05 9.99281E-05 0.0700744 9.99281E-05 0.0118096 9.99281E-05 9.99281E-05 0.0526669 0.315376 9.99281E-05 0.00395069
0.21438 9.9946E-05 9.9946E-05 0.0634245 0.0347956 9.9946E-05 0.522411 9.9946E-05 0.0703913 0.0463612 0.0382639 0.00937316 9.9946E-05 9.9946E-05
9.99191E-05 9.99191E-05 0.0286041 9.99191E-05 0.0212126 0.0506098 0.890131 0.00854355 9.99191E-05 9.99191E-05 9.99191E-05 9.99191E-05 9.99191E-05 9.99191E-05
9.98921E-05 9.98921E-05 9.98921E-05 9.98921E-05 9.98921E-05 9.98921E-05 0.879347 9.98921E-05 9.98921E-05 9.98921E-05 0.119455 9.98921E-05 9.98921E-05 9.98921E-05
0.119165 0.0790785 9.9928E-05 9.9928E-05 9.9928E-05 9.9928E-05 0.425966 9.9928E-05 0.104661 0.237365 9.9928E-05 9.9928E-05 0.0329657 9.9928E-05
9.9946E-05 0.0342486 9.9946E-05 9.9946E-05 9.9946E-05 0.0307823 0.514522 0.261669 0.0323525 9.9946E-05 0.10144 9.9946E-05 0.0118788 0.0125069
0.675132 9.9919E-05 9.9919E-05 0.061065 0.00395647 9.9919E-05 0.150131 9.9919E-05 9.9919E-05 9.9919E-05 0.108817 9.9919E-05 9.9919E-05 9.9919E-05
0.995637 9.98921E-05 9.98921E-05 9.98921E-05 9.98921E-05 9.98921E-05 9.98921E-05 9.98921E-05 9.98921E-05 9.98921E-05 9.98921E-05 9.98921E-05 9.98921E-05 0.00316477
0.764667 9.99191E-05 9.99191E-05 9.99191E-05 9.99191E-05 9.99191E-05 0.100714 9.99191E-05 9.99191E-05 9.99191E-05 0.100944 0.0301369 9.99191E-05 0.00263802
0.979398 9.9892E-05 0.0194028 9.9892E-05 9.9892E-05 9.9892E-05 9.9892E-05 9.9892E-05 9.9892E-05 9.9892E-05 9.9892E-05 9.9892E-05 9.9892E-05 9.9892E-05
9.991E-05 9.991E-05 9.991E-05 9.991E-05 9.991E-05 9.991E-05 0.928387 0.0431605 0.0257286 9.991E-05 9.991E-05 9.991E-05 0.00172434 9.991E-05
0.00587574 9.99101E-05 9.99101E-05 9.99101E-05 0.056245 9.99101E-05 0.914059 9.99101E-05 9.99101E-05 9.99101E-05 9.99101E-05 9.99101E-05 9.99101E-05 0.0228217
0.0189313 0.068591 9.9946E-05 9.9946E-05 0.0163594 9.9946E-05 9.9946E-05 0.00651438 0.0533622 0.023952 0.811327 9.9946E-05 0.000363063 9.9946E-05
9.9937E-05 0.0464491 9.9937E-05 0.020169 9.9937E-05 0.089481 0.163867 9.9937E-05 9.9937E-05 0.119052 0.527707 0.0325749 9.9937E-05 9.9937E-05
9.9919E-05 9.9919E-05 9.9919E-05 9.9919E-05 9.9919E-05 9.9919E-05 0.145445 9.9919E-05 9.9919E-05 9.9919E-05 0.727233 0.0499893 0.0536676 0.0227662
9.9946E-05 0.138453 9.9946E-05 0.0488992 9.9946E-05 0.0125742 0.00807151 0.1296 9.9946E-05 0.104931 0.518683 0.0381897 9.9946E-05 9.9946E-05
0.155363 9.9946E-05 0.0439036 9.9946E-05 0.00108036 9.9946E-05 0.00559543 9.9946E-05 0.0259306 9.9946E-05 0.69605 0.064535 9.9946E-05 0.00694271
9.99101E-05 9.99101E-05 9.99101E-05 9.99101E-05 0.105151 9.99101E-05 9.99101E-05 0.572272 9.99101E-05 9.99101E-05 0.283294 9.99101E-05 0.038284 9.99101E-05
9.9937E-05 9.9937E-05 0.0144187 9.9937E-05 9.9937E-05 0.0416072 0.0339895 0.0683093 9.9937E-05 9.9937E-05 0.785502 9.9937E-05 0.00408079 0.0513929
9.98922E-05 9.98922E-05 9.98922E-05 9.98922E-05 0.0494578 9.98922E-05 9.98922E-05 9.98922E-05 9.98922E-05 9.98922E-05 0.949343 9.98922E-05 9.98922E-05 9.98922E-05
0.00657749 9.991E-05 9.991E-05 9.991E-05 9.991E-05 9.991E-05 9.991E-05 0.0154578 0.0705258 9.991E-05 0.90644 9.991E-05 9.991E-05 9.991E-05
9.99011E-05 9.99011E-05 9.99011E-05 9.99011E-05 9.99011E-05 9.99011E-05 9.99011E-05 0.0235963 9.99011E-05 0.0132484 0.962056 9.99011E-05 9.99011E-05 9.99011E-05
9.98831E-05 9.98831E-05 9.98831E-05 9.98831E-05 9.98831E-05 9.98831E-05 9.98831E-05 9.98831E-05 9.98831E-05 9.98831E-05 0.998702 9.98831E-05 9.98831E-05 9.98831E-05
9.99101E-05 9.99101E-05 9.99101E-05 9.99101E-05 9.99101E-05 9.99101E-05 9.99101E-05 9.99101E-05 9.99101E-05 0.0715973 0.883608 0.0371475 0.00664773 9.99101E-05
9.99101E-05 9.99101E-05 0.0119038 9.99101E-05 9.99101E-05 9.99101E-05 9.99101E-05 9.99101E-05 9.99101E-05 9.99101E-05 0.954428 0.0270047 0.00566449 9.99101E-05
9.98921E-05 9.98921E-05 9.98921E-05 9.98921E-05 9.98921E-05 9.98921E-05 9.98921E-05 9.98921E-05 9.98921E-05 9.98921E-05 0.96819 9.98921E-05 0.0306116 9.98921E-05
0.0077256 9.99102E-05 0.0197396 9.99102E-05 9.99102E-05 9.99102E-05 9.99102E-05 9.99102E-05 0.0125242 9.99102E-05 0.959011 9.99102E-05 9.99102E-05 9.99102E-05
9.99281E-05 9.99281E-05 9.99281E-05 0.0737256 0.0450138 9.99281E-05 9.99281E-05 0.111762 0.107891 9.99281E-05 0.577666 0.0831428 9.99281E-05 9.99281E-05
9.99164E-05 0.0150748 9.99164E-05 9.99164E-05 0.008452 9.99164E-05 0.0461209 9.99164E-05 9.99164E-05 9.99164E-05 0.929353 9.99164E-05 9.99164E-05 9.99164E-05
0.188245 9.9937E-05 9.9937E-05 9.9937E-05 0.0562533 9.9937E-05 9.9937E-05 0.0370956 0.0245388 0.0593747 0.587542 9.9937E-05 9.9937E-05 0.0462506
0.0426898 0.0470836 0.0151279 0.0080856 0.564767 0.0493911 9.9946E-05 9.9946E-05 0.0164693 9.9946E-05 0.255786 9.9946E-05 9.9946E-05 9.9946E-05
9.98831E-05 9.98831E-05 9.98831E-05 9.98831E-05 0.998702 9.98831E-05 9.98831E-05 9.98831E-05 9.98831E-05 9.98831E-05 9.98831E-05 9.98831E-05 9.98831E-05 9.98831E-05
0.188873 9.9937E-05 9.9937E-05 9.9937E-05 0.0388637 9.9937E-05 9.9937E-05 0.0455278 9.9937E-05 0.155456 0.517606 9.9937E-05 0.0230469 0.0299275
