9.997E-05 0.9996 9.997E-05 9.997E-05 9.997E-05
9.999E-05 0.369514 0.0869019 0.496615 0.0468698
9.999E-05 0.357094 0.0261581 0.508055 0.108593
9.9973E-05 0.259491 9.9973E-05 0.740209 9.9973E-05
9.9973E-05 0.151879 9.9973E-05 0.847821 9.9973E-05
9.9982E-05 0.218008 9.9982E-05 0.757288 0.024504
9.9973E-05 0.355174 9.9973E-05 0.644526 9.9973E-05
9.9991E-05 0.343912 0.000236611 0.600949 0.0548024
9.999E-05 0.244797 0.00533485 0.70699 0.042778
9.997E-05 0.9996 9.997E-05 9.997E-05 9.997E-05
9.997E-05 0.9996 9.997E-05 9.997E-05 9.997E-05
9.997E-05 0.9996 9.997E-05 9.997E-05 9.997E-05
9.997E-05 0.9996 9.997E-05 9.997E-05 9.997E-05
0.0611556 0.931724 9.9982E-05 9.9982E-05 0.00692062
9.9982E-05 0.974141 0.00971498 9.9982E-05 0.0159441
9.9982E-05 0.187963 9.9982E-05 0.766355 0.0454827
0.167695 0.247381 0.0621621 0.462279 0.0604836
9.9982E-05 0.233817 0.00449339 0.76149 9.9982E-05
9.9973E-05 0.0055672 9.9973E-05 0.994133 9.9973E-05
9.997E-05 9.997E-05 9.997E-05 0.9996 9.997E-05
9.9973E-05 0.132091 9.9973E-05 0.867609 9.9973E-05
9.999E-05 0.0458183 0.00401788 0.911302 0.0387619
9.9973E-05 0.0440351 9.9973E-05 0.955665 9.9973E-05
9.9973E-05 0.0696142 9.9973E-05 0.930086 9.9973E-05
9.9973E-05 0.0442498 9.9973E-05 0.95545 9.9973E-05
0.112782 0.0258101 9.9991E-05 0.857405 0.00390286
0.0497743 0.0465733 9.9991E-05 0.861411 0.0421419
9.9973E-05 0.0456738 9.9973E-05 0.954026 9.9973E-05
0.029875 0.0909611 9.9982E-05 0.878964 9.9982E-05
9.9973E-05 0.111968 9.9973E-05 0.887732 9.9973E-05
9.9973E-05 0.109708 9.9973E-05 0.889992 9.9973E-05
0.0273883 0.0244645 0.00365259 0.944395 9.9991E-05
9.9982E-05 0.0333397 0.0214898 0.94497 9.9982E-05
0.079619 0.0621668 0.0123559 0.774764 0.0710946
0.0420127 0.0172344 9.9991E-05 0.934628 0.00602477
9.9973E-05 0.139995 9.9973E-05 0.859705 9.9973E-05
9.9982E-05 9.9982E-05 0.00316184 0.984829 0.0118095
0.185027 0.0156325 9.9982E-05 0.799141 9.9982E-05
0.0857375 0.0222587 0.0493293 0.801819 0.0408559
0.0843465 0.0323173 0.0255153 0.857721 9.9991E-05
0.178019 9.9991E-05 0.0698577 0.678489 0.073535
0.177632 9.9991E-05 0.0152455 0.711881 0.0951407
9.9991E-05 0.0356644 0.0648138 0.79759 0.101832
0.110142 9.9991E-05 0.0345426 0.801363 0.053853
0.219509 9.9982E-05 9.9982E-05 0.724426 0.055865
0.0603297 9.9982E-05 9.9982E-05 0.882631 0.056839
0.0335622 9.9982E-05 9.9982E-05 0.941973 0.0242654
0.108674 9.9982E-05 9.9982E-05 0.864819 0.0263076
0.237227 0.0544133 9.9991E-05 0.67286 0.0353999
0.0656097 0.109032 0.0196018 0.782287 0.0234702
0.0904699 0.0422277 0.0663937 0.747152 0.0537568
0.133167 9.9991E-05 0.0107912 0.808417 0.0475254
0.114507 9.9982E-05 9.9982E-05 0.858683 0.0266102
0.251273 0.00212738 0.0322188 0.697512 0.0168684
0.266211 0.0415414 0.0690478 0.623099 9.9991E-05
0.123883 9.9991E-05 0.0296289 0.752329 0.0940587
0.238261 0.0757716 9.9991E-05 0.610599 0.0752679
0.185044 9.9982E-05 0.0379198 0.776836 9.9982E-05
0.0403667 9.9982E-05 9.9982E-05 0.945375 0.0140583
0.13826 0.0529438 0.0377058 0.73471 0.0363803
0.263978 9.9973E-05 9.9973E-05 0.735722 9.9973E-05
0.200495 9.9991E-05 0.0473777 0.749164 0.00286409
0.189394 9.9991E-05 0.0675097 0.678168 0.0648292
0.26524 9.9991E-05 0.0591304 0.582267 0.0932627
0.178574 9.9982E-05 0.03264 0.788586 9.9982E-05
0.17942 9.9991E-05 0.0342195 0.669117 0.117143
0.176001 9.9991E-05 0.115762 0.703298 0.00483847
0.326944 0.00537895 0.0261829 0.517744 0.12375
0.126714 9.9991E-05 0.0215304 0.820465 0.0311908
0.228893 9.9991E-05 0.0205886 0.632697 0.117721
0.0125326 0.0323767 0.0872565 0.782332 0.0855019
0.277394 9.9991E-05 0.057114 0.593969 0.0714229
0.118896 0.0531248 0.0306765 0.767164 0.0301393
0.172432 0.0223914 0.00516567 0.780963 0.019048
0.343834 9.9991E-05 0.0378691 0.553145 0.0650516
0.317316 9.9991E-05 0.0275042 0.647751 0.00732918
0.0887743 9.9991E-05 0.0963212 0.72979 0.0850143
0.130274 9.9991E-05 0.162934 0.659306 0.047387
0.397449 9.9991E-05 0.132503 0.418998 0.0509504
0.40985 9.9991E-05 0.164399 0.38946 0.0361913
0.432284 9.9991E-05 0.0978984 0.382346 0.0873718
0.42408 9.9991E-05 0.155999 0.361658 0.0581625
0.406956 9.9991E-05 0.0924593 0.419012 0.0814726
0.282685 9.9991E-05 0.138762 0.551032 0.0274216
0.218465 0.0113963 0.238576 0.440315 0.0912472
0.221256 0.0144 0.214695 0.429909 0.11974
0.269515 0.0474751 0.0889256 0.491095 0.102989
0.26119 9.99917E-05 0.173943 0.549962 0.0148052
0.314765 9.9991E-05 0.215142 0.420242 0.0497502
0.441517 0.00909082 0.109536 0.333296 0.106561
0.253233 0.0134406 0.160655 0.457628 0.115043
0.232538 0.0207365 0.130032 0.511849 0.104844
0.349063 0.025559 0.198364 0.337449 0.0895656
9.997E-05 9.997E-05 0.9996 9.997E-05 9.997E-05
0.00132237 0.0155625 0.949035 0.0264442 0.00763592
0.0238175 0.0173324 0.826851 0.109981 0.022018
9.997E-05 9.997E-05 0.9996 9.997E-05 9.997E-05
9.997E-05 9.997E-05 0.9996 9.997E-05 9.997E-05
9.997E-05 9.997E-05 0.9996 9.997E-05 9.997E-05
9.997E-05 9.997E-05 0.9996 9.997E-05 9.997E-05
9.9973E-05 9.9973E-05 0.874639 0.125061 9.9973E-05
9.997E-05 9.997E-05 0.9996 9.997E-05 9.997E-05
9.997E-05 9.997E-05 0.9996 9.997E-05 9.997E-05
0.575775 9.9991E-05 0.144476 0.208163 0.0714856
9.9973E-05 9.9973E-05 0.91071 0.0889898 9.9973E-05
9.997E-05 9.997E-05 0.9996 9.997E-05 9.997E-05
0.00142053 0.00899364 0.989386 9.9982E-05 9.9982E-05
0.579895 9.9991E-05 0.148982 0.238476 0.0325469
0.51368 9.9991E-05 0.156002 0.255775 0.0744428
0.511412 9.9991E-05 0.170565 0.236337 0.0815857
0.487096 9.9991E-05 0.204818 0.220762 0.0872239
0.475067 9.9991E-05 0.170055 0.287774 0.0670042
0.482374 9.9991E-05 0.115316 0.389726 0.0124834
0.409237 9.9991E-05 0.184519 0.356595 0.049549
0.544601 9.9991E-05 0.14884 0.297115 0.00934425
0.351587 9.9991E-05 0.255143 0.286976 0.106194
0.455585 9.9991E-05 0.229808 0.229864 0.0846432
0.449609 0.0115337 0.113364 0.361284 0.0642088
0.432554 9.9991E-05 0.233112 0.264035 0.0701986
0.53026 9.9991E-05 0.0805096 0.28347 0.105661
0.451889 9.9991E-05 0.150679 0.320664 0.0766672
0.971698 9.9973E-05 9.9973E-05 9.9973E-05 0.028002
0.931625 9.9991E-05 0.0497222 0.0048 0.0137528
0.996977 9.9973E-05 9.9973E-05 9.9973E-05 0.0027233
0.9996 9.997E-05 9.997E-05 9.997E-05 9.997E-05
0.978949 9.9973E-05 0.0207507 9.9973E-05 9.9973E-05
0.948612 9.9982E-05 0.0373753 9.9982E-05 0.0138125
0.949332 9.9973E-05 0.0503682 9.9973E-05 9.9973E-05
0.909346 0.00805868 0.0224567 0.0330461 0.0270928
0.957572 9.9973E-05 9.9973E-05 9.9973E-05 0.0421276
0.978051 9.9982E-05 0.0209059 9.9982E-05 0.000843184
0.912732 9.9982E-05 0.0674886 9.9982E-05 0.0195796
0.978166 9.9973E-05 0.0215337 9.9973E-05 9.9973E-05
0.790346 9.9991E-05 0.00634703 0.0833626 0.119844
9.997E-05 9.997E-05 9.997E-05 9.997E-05 0.9996
0.395251 9.9991E-05 0.198664 0.281285 0.124701
9.997E-05 9.997E-05 9.997E-05 9.997E-05 0.9996
9.997E-05 9.997E-05 9.997E-05 9.997E-05 0.9996
9.9982E-05 0.00726874 0.0352615 9.9982E-05 0.95727
0.0998417 0.0138024 0.0264222 0.0562818 0.803652
9.997E-05 9.997E-05 9.997E-05 9.997E-05 0.9996
0.125225 9.9973E-05 9.9973E-05 9.9973E-05 0.874475
9.997E-05 9.997E-05 9.997E-05 9.997E-05 0.9996
0.0225484 9.9991E-05 0.00532644 0.0441722 0.927853
9.997E-05 9.997E-05 9.997E-05 9.997E-05 0.9996
9.997E-05 9.997E-05 9.997E-05 9.997E-05 0.9996
0.029569 9.9991E-05 0.0121324 0.0281828 0.930016
0.110961 9.9991E-05 0.0493273 0.0608637 0.778748
9.9973E-05 0.0289266 9.9973E-05 9.9973E-05 0.970773
0.060856 0.0141331 0.0279933 0.0713309 0.825687
0.0654692 0.00648593 9.9991E-05 0.0202848 0.90766
0.0244114 0.0377679 0.03042 0.0176884 0.889712
0.0416122 9.9991E-05 0.00105492 0.00925564 0.947977
0.614157 0.0147215 0.0814875 0.229938 0.0596964
0.638014 0.0138362 0.0735013 0.270777 0.00387158
0.552017 0.0320654 0.0822438 0.225984 0.107689
0.584529 0.0434316 0.0428935 0.257252 0.0718945
0.725217 0.0100632 0.129661 0.0769818 0.0580769
0.862773 9.99821E-05 0.102522 9.99821E-05 0.0345055
0.78775 9.9982E-05 0.141759 9.9982E-05 0.0702916
0.822446 9.9982E-05 0.11219 9.9982E-05 0.0651639
0.787697 0.00768478 0.146037 9.9991E-05 0.058481
0.786263 9.9991E-05 0.141784 0.00808121 0.0637714
0.769948 0.00271801 0.142117 0.00101208 0.084204
0.714038 0.0295703 0.0960616 0.069269 0.0910613
0.663996 0.00287904 0.148907 0.125974 0.0582446
0.971133 0.028567 9.9973E-05 9.9973E-05 9.9973E-05
0.952759 0.0469411 9.9973E-05 9.9973E-05 9.9973E-05
0.98389 0.0158105 9.9973E-05 9.9973E-05 9.9973E-05
0.959628 0.0400725 9.9973E-05 9.9973E-05 9.9973E-05
0.981385 0.0183147 9.9973E-05 9.9973E-05 9.9973E-05
0.937973 0.0617266 9.9973E-05 9.9973E-05 9.9973E-05
0.966226 0.0334746 9.9973E-05 9.9973E-05 9.9973E-05
0.982196 0.0175044 9.9973E-05 9.9973E-05 9.9973E-05
0.958485 0.0412148 9.9973E-05 9.9973E-05 9.9973E-05
0.957955 0.0417455 9.9973E-05 9.9973E-05 9.9973E-05
0.976238 0.0234621 9.9973E-05 9.9973E-05 9.9973E-05
0.957958 0.0417422 9.9973E-05 9.9973E-05 9.9973E-05
