9.997E-05 9.997E-05 0.9996 9.997E-05 9.997E-05
0.0357748 0.0769931 0.357165 0.529967 9.9991E-05
0.0963667 0.0737617 0.359177 0.470594 9.9991E-05
9.9973E-05 9.9973E-05 0.291771 0.707929 9.9973E-05
9.9982E-05 9.9982E-05 0.170514 0.817753 0.0115333
0.0125377 9.9982E-05 0.236885 0.750378 9.9982E-05
9.9973E-05 9.9973E-05 0.350099 0.649601 9.9973E-05
0.0383277 0.00807484 0.376331 0.577166 9.9991E-05
0.0146302 9.9982E-05 0.264023 0.721147 9.9982E-05
9.997E-05 9.997E-05 0.9996 9.997E-05 9.997E-05
9.997E-05 9.997E-05 0.9996 9.997E-05 9.997E-05
9.997E-05 9.997E-05 0.9996 9.997E-05 9.997E-05
9.997E-05 9.997E-05 0.9996 9.997E-05 9.997E-05
9.9973E-05 9.9973E-05 0.96429 9.9973E-05 0.0354102
0.0114794 9.9982E-05 0.943203 9.9982E-05 0.0451178
0.0474907 9.9991E-05 0.223423 0.684682 0.0443048
0.0747523 0.0796642 0.275483 0.375928 0.194173
9.9973E-05 9.9973E-05 0.271838 0.727862 9.9973E-05
9.997E-05 9.997E-05 9.997E-05 0.9996 9.997E-05
9.9973E-05 9.9973E-05 0.00554459 0.994155 9.9973E-05
9.9973E-05 9.9973E-05 0.112548 0.887152 9.9973E-05
0.0477031 9.9982E-05 0.00604016 0.946057 9.9982E-05
0.0109987 0.0012912 0.0241248 0.963485 9.9991E-05
9.9973E-05 9.9973E-05 0.106893 0.892807 9.9973E-05
9.9973E-05 9.9973E-05 0.0524601 0.94724 9.9973E-05
9.9982E-05 9.9982E-05 0.0262529 0.905068 0.0684788
0.0536778 9.9991E-05 0.0169982 0.891641 0.0375826
9.9973E-05 9.9973E-05 0.0357545 0.963946 9.9973E-05
9.9982E-05 9.9982E-05 0.0842054 0.901959 0.0136358
9.9973E-05 9.9973E-05 0.142501 0.857199 9.9973E-05
9.9973E-05 9.9973E-05 0.111877 0.887824 9.9973E-05
9.9982E-05 9.9982E-05 0.01341 0.927868 0.0585217
0.0178963 0.0211568 0.0297949 0.931052 9.9991E-05
0.0612998 9.9991E-05 0.0992967 0.77243 0.066874
9.9973E-05 9.9973E-05 0.0564966 0.943204 9.9973E-05
9.9973E-05 9.9973E-05 0.132955 0.866745 9.9973E-05
0.00302045 9.9973E-05 9.9973E-05 0.99668 9.9973E-05
0.0275788 0.00742421 0.000337568 0.843671 0.120988
0.0398791 0.0497255 0.0327993 0.801523 0.0760733
9.9991E-05 0.0304365 0.0272871 0.863894 0.078282
0.0711239 0.139159 9.9991E-05 0.680093 0.109524
0.133884 0.0508674 9.9991E-05 0.542613 0.272536
0.0909855 0.0928101 0.04548 0.733171 0.0375538
0.101841 0.0580335 9.9991E-05 0.679548 0.160478
0.102532 9.9982E-05 9.9982E-05 0.702693 0.194576
0.0346912 9.9982E-05 9.9982E-05 0.916175 0.0489338
0.0519333 9.9982E-05 9.9982E-05 0.887016 0.0608507
0.0554246 0.00960639 9.9991E-05 0.896515 0.0383544
0.0675719 9.9991E-05 0.0378506 0.634936 0.259542
0.0275383 0.0514163 0.116083 0.726398 0.0785641
0.0523233 0.0261437 0.00946937 0.819777 0.0922865
0.0873133 9.9982E-05 9.9982E-05 0.809357 0.10313
0.0816854 9.9982E-05 9.9982E-05 0.782404 0.135711
0.0311708 0.019606 0.0151854 0.646721 0.287317
0.0152333 0.038163 0.0272251 0.659674 0.259705
0.101837 0.0438063 9.9991E-05 0.731459 0.122798
0.0968656 0.0342408 0.082545 0.633711 0.152638
0.0157795 0.0290785 9.9991E-05 0.738029 0.217013
0.0742207 9.9982E-05 9.9982E-05 0.861034 0.0645454
0.0596862 0.0271927 0.055435 0.644702 0.212984
0.00343014 9.9982E-05 9.9982E-05 0.745775 0.250594
0.0436758 0.0530694 9.9991E-05 0.705783 0.197371
0.115742 0.09918 9.9991E-05 0.599898 0.18508
0.0885895 0.0562784 9.9991E-05 0.672446 0.182586
9.9982E-05 0.0220994 9.9982E-05 0.764291 0.213409
0.12827 0.0340048 9.9991E-05 0.651784 0.185841
0.0790951 0.125229 9.9991E-05 0.585367 0.210209
0.117913 0.0879959 9.9991E-05 0.588932 0.20506
0.0274043 0.0215868 9.9991E-05 0.848205 0.102704
0.176238 0.0377147 9.9991E-05 0.588073 0.197874
0.113627 0.081502 0.00784808 0.766174 0.0308494
0.0836643 0.0957251 9.9991E-05 0.595934 0.224577
0.0438412 0.0122268 0.0243445 0.823736 0.0958514
0.0343285 9.9991E-05 0.0335107 0.740586 0.191475
0.0832817 0.0169846 0.0220947 0.537906 0.339733
9.9982E-05 0.0275609 9.9982E-05 0.707369 0.26487
0.118552 0.0937727 9.9991E-05 0.626861 0.160714
0.0818227 0.149433 9.9991E-05 0.569265 0.199379
0.0667056 0.146792 9.9991E-05 0.390176 0.396227
0.0774952 0.181299 9.9991E-05 0.383642 0.357463
0.0815899 0.126699 0.0189623 0.390938 0.38181
0.0629203 0.167621 9.9991E-05 0.44834 0.321019
0.0706008 0.107325 9.9991E-05 0.490022 0.331952
0.0275161 0.180603 9.9991E-05 0.481359 0.310422
0.0438889 0.277641 9.9991E-05 0.416047 0.262323
0.167047 0.20975 9.9991E-05 0.449239 0.173864
0.0739561 0.0992047 0.0299177 0.513351 0.28357
9.9982E-05 0.146164 9.9982E-05 0.537162 0.316474
0.071149 0.193783 9.9991E-05 0.491972 0.242996
0.132913 0.150583 0.0132005 0.299635 0.403668
0.0823608 0.210717 0.062258 0.375368 0.269296
0.100791 0.196218 0.0195944 0.447135 0.236261
0.102483 0.22159 0.00763728 0.320825 0.347465
9.997E-05 0.9996 9.997E-05 9.997E-05 9.997E-05
0.0163458 0.974022 0.00943201 9.9982E-05 9.9982E-05
0.0061089 0.872495 0.0206489 0.0627053 0.0380421
9.997E-05 0.9996 9.997E-05 9.997E-05 9.997E-05
9.997E-05 0.9996 9.997E-05 9.997E-05 9.997E-05
9.997E-05 0.9996 9.997E-05 9.997E-05 9.997E-05
9.997E-05 0.9996 9.997E-05 9.997E-05 9.997E-05
9.9982E-05 0.892378 0.00467417 0.102748 9.9982E-05
9.997E-05 0.9996 9.997E-05 9.997E-05 9.997E-05
9.997E-05 0.9996 9.997E-05 9.997E-05 9.997E-05
0.104888 0.146126 9.9991E-05 0.242044 0.506842
0.0121745 0.939843 9.9991E-05 0.0246371 0.023245
9.997E-05 0.9996 9.997E-05 9.997E-05 9.997E-05
9.9973E-05 0.984192 0.0155083 9.9973E-05 9.9973E-05
0.0542249 0.139325 9.9991E-05 0.250082 0.556269
0.0946351 0.159728 9.9991E-05 0.243309 0.502228
0.107293 0.144795 0.0202121 0.218853 0.508847
0.0910006 0.18892 9.9991E-05 0.227282 0.492697
0.0730153 0.162392 9.9991E-05 0.288719 0.475774
9.9982E-05 0.120509 9.9982E-05 0.478383 0.400908
0.0612504 0.169659 9.9991E-05 0.334943 0.434048
0.056848 0.211113 9.9991E-05 0.261568 0.47037
0.0836224 0.268786 9.9991E-05 0.273092 0.3744
0.0744673 0.221804 9.9991E-05 0.325579 0.37805
0.0849605 0.16008 9.9991E-05 0.380488 0.374371
0.0598267 0.251644 9.9991E-05 0.290684 0.397745
0.106568 0.101276 0.00668604 0.288608 0.496863
0.101201 0.176767 9.9991E-05 0.28715 0.434781
0.0417844 0.016963 9.9982E-05 9.9982E-05 0.941053
0.0021192 0.0443897 9.9982E-05 9.9982E-05 0.953291
9.997E-05 9.997E-05 9.997E-05 9.997E-05 0.9996
9.997E-05 9.997E-05 9.997E-05 9.997E-05 0.9996
0.0171352 9.9973E-05 9.9973E-05 9.9973E-05 0.982565
9.9973E-05 0.00140396 9.9973E-05 9.9973E-05 0.998296
9.9973E-05 0.0207771 9.9973E-05 9.9973E-05 0.978923
9.9996E-05 0.0443599 0.0315749 0.0154965 0.908469
0.0188399 9.9973E-05 9.9973E-05 9.9973E-05 0.98086
9.997E-05 9.997E-05 9.997E-05 9.997E-05 0.9996
0.0257539 0.0814513 0.00526219 9.9991E-05 0.887433
0.00158778 9.9973E-05 9.9973E-05 9.9973E-05 0.998112
0.121501 0.0496134 9.9982E-05 9.9982E-05 0.828686
0.9996 9.997E-05 9.997E-05 9.997E-05 9.997E-05
0.170631 0.202715 9.9991E-05 0.298851 0.327703
0.9996 9.997E-05 9.997E-05 9.997E-05 9.997E-05
0.9996 9.997E-05 9.997E-05 9.997E-05 9.997E-05
0.94944 0.0502597 9.9973E-05 9.9973E-05 9.9973E-05
0.76817 0.0376366 9.9991E-05 0.165757 0.0283367
0.9996 9.997E-05 9.997E-05 9.997E-05 9.997E-05
0.889981 0.00678463 0.0138533 0.0227303 0.0666509
0.9996 9.997E-05 9.997E-05 9.997E-05 9.997E-05
0.953202 9.9982E-05 9.9982E-05 0.029044 0.017554
0.983779 9.9973E-05 0.0159208 9.9973E-05 9.9973E-05
0.973373 9.9973E-05 9.9973E-05 0.0263268 9.9973E-05
0.9996 9.997E-05 9.997E-05 9.997E-05 9.997E-05
0.842778 0.0165325 9.9982E-05 9.9982E-05 0.14049
0.937416 0.00713282 0.0119888 9.9991E-05 0.0433623
0.90462 0.0316613 9.9991E-05 0.0454907 0.0181278
0.878447 9.9991E-05 0.00547901 0.0210491 0.0949252
0.906678 9.9991E-05 0.0213241 0.0151013 0.0567963
0.972625 0.0129022 9.9982E-05 0.0142729 9.9982E-05
0.0785828 0.0941913 0.0237802 0.243384 0.560062
0.0583507 0.0329134 0.00515747 0.346067 0.557512
0.0815658 0.105306 0.0397613 0.224155 0.549212
0.0918992 0.121702 0.0426163 0.223241 0.520542
0.0751772 0.154218 0.0316418 0.104103 0.634859
0.0935621 0.172646 0.0109026 9.9991E-05 0.722789
0.0830733 0.194548 0.0232233 0.0166359 0.682519
0.103478 0.175634 9.9982E-05 9.9982E-05 0.720688
0.0727111 0.198374 0.0269294 0.00695464 0.695031
0.0815585 0.222304 0.0116336 0.0292603 0.655244
0.0689269 0.202642 0.0212723 0.042065 0.665094
0.0639886 0.120166 0.0694675 0.126098 0.62028
0.07931 0.151374 0.0288865 0.136737 0.603693
9.9973E-05 9.9973E-05 0.0253757 9.9973E-05 0.974324
9.9973E-05 9.9973E-05 0.0197158 9.9973E-05 0.979984
9.9973E-05 9.9973E-05 0.0130764 9.9973E-05 0.986624
9.9973E-05 9.9973E-05 0.048357 9.9973E-05 0.951343
9.9973E-05 9.9973E-05 0.00431859 9.9973E-05 0.995381
9.9982E-05 9.9982E-05 0.0166291 0.0846239 0.898547
9.9973E-05 9.9973E-05 0.0308845 9.9973E-05 0.968816
9.9973E-05 9.9973E-05 0.0141025 9.9973E-05 0.985598
9.9973E-05 9.9973E-05 0.0357129 9.9973E-05 0.963987
9.9973E-05 9.9973E-05 0.0435873 9.9973E-05 0.956113
9.9973E-05 9.9973E-05 0.0223264 9.9973E-05 0.977374
9.9973E-05 9.9973E-05 0.0184634 9.9973E-05 0.981237
