9.997E-05 9.997E-05 9.997E-05 9.997E-05 0.9996
9.999E-05 0.0626206 0.068756 0.512765 0.355758
9.999E-05 0.109361 0.0400706 0.519216 0.331253
9.9973E-05 9.9973E-05 9.9973E-05 0.738404 0.261296
9.9973E-05 9.9973E-05 9.9973E-05 0.846416 0.153284
9.9982E-05 0.00660681 9.9982E-05 0.785006 0.208188
9.9973E-05 9.9973E-05 9.9973E-05 0.644538 0.355162
9.999E-05 0.0542309 0.000688393 0.617029 0.327951
9.999E-05 0.0348913 0.00922324 0.711073 0.244713
9.997E-05 9.997E-05 9.997E-05 9.997E-05 0.9996
9.997E-05 9.997E-05 9.997E-05 9.997E-05 0.9996
9.997E-05 9.997E-05 9.997E-05 9.997E-05 0.9996
0.00438325 9.9982E-05 0.0157593 9.9982E-05 0.979658
0.00317755 0.000301326 9.9991E-05 0.0478125 0.948609
0.0498905 9.9982E-05 0.0191119 9.9982E-05 0.930798
0.00341267 0.0263777 9.9991E-05 0.79762 0.17249
0.236576 0.0259644 0.00367163 0.479858 0.25393
9.9973E-05 9.9973E-05 9.9973E-05 0.758563 0.241137
9.997E-05 9.997E-05 9.997E-05 0.9996 9.997E-05
9.997E-05 9.997E-05 9.997E-05 0.9996 9.997E-05
9.9973E-05 9.9973E-05 9.9973E-05 0.898393 0.101307
9.9982E-05 0.0602366 9.9982E-05 0.907183 0.0323808
0.0165341 9.9982E-05 9.9982E-05 0.938558 0.044708
9.9973E-05 9.9973E-05 9.9973E-05 0.942708 0.0569917
9.9973E-05 9.9973E-05 9.9973E-05 0.958398 0.0413019
0.135482 9.9982E-05 9.9982E-05 0.858137 0.00618051
0.0509843 0.0478722 9.9991E-05 0.876764 0.0242798
9.9973E-05 9.9973E-05 9.9973E-05 0.982895 0.0168053
0.0198766 9.9991E-05 0.00663341 0.876314 0.0970755
9.9973E-05 9.9973E-05 9.9973E-05 0.888953 0.110748
9.9973E-05 9.9973E-05 9.9973E-05 0.879218 0.120482
0.0496811 9.9982E-05 9.9982E-05 0.921694 0.0284249
0.00899425 0.00341234 0.0274608 0.915656 0.0444765
0.134991 0.0410364 0.000501655 0.720273 0.103198
0.0257565 0.00545419 9.9991E-05 0.932 0.0366892
9.9973E-05 9.9973E-05 9.9973E-05 0.893316 0.106384
9.997E-05 9.997E-05 9.997E-05 0.9996 9.997E-05
0.114358 0.0559563 0.0104201 0.800734 0.018532
0.0495397 0.0458298 0.0395786 0.857663 0.00738921
0.0792092 9.9991E-05 0.0270659 0.879286 0.0143389
0.249032 0.0690445 0.0597935 0.62203 9.9991E-05
0.166766 0.107351 0.018775 0.707009 9.9991E-05
0.0772683 0.126059 0.0557565 0.68741 0.0535053
0.192728 0.0988777 0.0512901 0.657005 9.9991E-05
0.150899 0.0715806 9.9982E-05 0.77732 9.9982E-05
9.9973E-05 0.0415561 9.9973E-05 0.958144 9.9973E-05
0.00406434 0.0799013 9.9982E-05 0.915834 9.9982E-05
0.0742571 0.0589829 9.9982E-05 0.86656 9.9982E-05
0.269261 0.0431151 9.9991E-05 0.653496 0.0340281
0.0587024 0.0224872 0.0661494 0.767417 0.0852443
0.0784901 0.0539454 0.0176227 0.844108 0.00583343
0.14632 0.0740115 9.9982E-05 0.779468 9.9982E-05
0.217092 0.0533646 0.0115388 0.717905 9.9991E-05
0.289073 9.9991E-05 0.0212524 0.676433 0.0131409
0.245903 0.0117071 0.0636267 0.650856 0.0279074
0.104334 0.128406 0.052093 0.715067 9.9991E-05
0.190941 0.110713 0.035962 0.580865 0.0815194
0.22537 9.9982E-05 0.0657017 0.708729 9.9982E-05
9.9973E-05 0.115974 9.9973E-05 0.883726 9.9973E-05
0.131511 0.0391497 0.050662 0.745876 0.0328011
0.246538 0.0112824 0.00233603 0.739744 9.9991E-05
0.224753 9.9982E-05 0.0685902 0.706457 9.9982E-05
0.192503 0.0684472 0.0853803 0.653569 9.9991E-05
0.220605 0.0988502 0.0640479 0.616397 9.9991E-05
0.200354 9.9982E-05 0.011512 0.787934 9.9982E-05
0.169827 0.119497 0.0327233 0.677852 9.9991E-05
0.192101 0.0313113 0.0978023 0.678685 9.9991E-05
0.234628 0.0959692 0.0922715 0.577032 9.9991E-05
0.0898166 0.0253493 0.0497191 0.835015 9.9991E-05
0.199395 0.0991099 0.048433 0.652962 9.9991E-05
0.0288919 0.110359 0.0671823 0.777832 0.0157344
0.21026 0.0866236 0.0442913 0.658725 9.9991E-05
0.131044 0.0522047 0.0482388 0.726786 0.0417266
0.148185 0.0596404 0.00179018 0.762047 0.0283371
0.368444 0.0501085 0.0102483 0.567955 0.00324448
0.240435 0.0134053 0.0211938 0.724866 9.9991E-05
0.0952459 0.0859333 0.0781306 0.74059 9.9991E-05
0.177546 0.0568037 0.176122 0.589428 9.9991E-05
0.427047 0.0647778 0.0955993 0.412476 9.9991E-05
0.49703 0.0407108 0.164275 0.297883 9.9991E-05
0.490154 0.0669557 0.0909692 0.351821 9.9991E-05
0.489612 0.0576695 0.135666 0.316953 9.9991E-05
0.40405 0.0808448 0.129446 0.385558 9.9991E-05
0.31981 0.035493 0.134641 0.509956 9.9991E-05
0.276592 0.0486391 0.240582 0.434086 9.9991E-05
0.248034 0.118271 0.203957 0.429639 9.9991E-05
0.299294 0.0805048 0.0886767 0.497925 0.0335993
0.350382 0.00246127 0.151277 0.49578 9.9991E-05
0.311362 0.0606274 0.173169 0.454742 9.9991E-05
0.383541 0.142283 0.144114 0.329962 9.9991E-05
0.197701 0.0804912 0.159881 0.554524 0.0074024
0.236523 0.0843592 0.147583 0.521591 0.00994445
0.352581 0.0975554 0.203639 0.333078 0.0131467
9.997E-05 9.997E-05 0.9996 9.997E-05 9.997E-05
9.9982E-05 9.9982E-05 0.953392 0.0339181 0.0124897
0.0444123 9.9991E-05 0.894676 0.0485475 0.0122644
9.997E-05 9.997E-05 0.9996 9.997E-05 9.997E-05
9.997E-05 9.997E-05 0.9996 9.997E-05 9.997E-05
9.997E-05 9.997E-05 0.9996 9.997E-05 9.997E-05
9.9973E-05 0.00353048 0.99617 9.9973E-05 9.9973E-05
9.9982E-05 0.0280713 0.917521 0.0542075 9.9982E-05
9.9982E-05 0.00246352 0.996372 9.9982E-05 0.000964222
9.997E-05 9.997E-05 0.9996 9.997E-05 9.997E-05
0.596819 0.0894975 0.0930624 0.220521 9.9991E-05
0.0350504 0.0423687 0.904628 0.0178533 9.9991E-05
9.997E-05 9.997E-05 0.9996 9.997E-05 9.997E-05
9.997E-05 9.997E-05 0.9996 9.997E-05 9.997E-05
0.602847 0.0469846 0.122014 0.228055 9.9991E-05
0.548118 0.08429 0.131379 0.236113 9.9991E-05
0.536914 0.063458 0.15672 0.242809 9.9991E-05
0.539595 0.0794487 0.163453 0.217404 9.9991E-05
0.574591 0.0628143 0.138158 0.224337 9.9991E-05
0.464639 0.0245707 0.119808 0.390883 9.9991E-05
0.456739 0.0416863 0.181079 0.320396 9.9991E-05
0.575436 0.0048103 0.159208 0.260446 9.9991E-05
0.444022 0.0844255 0.249163 0.222289 9.9991E-05
0.461948 0.0986205 0.18035 0.258981 9.9991E-05
0.397111 0.104786 0.134644 0.363358 9.9991E-05
0.45718 0.0317551 0.215101 0.295863 9.9991E-05
0.541843 0.101046 0.08444 0.272571 9.9991E-05
0.444936 0.103293 0.148969 0.302701 9.9991E-05
0.935492 0.0557648 0.00854319 9.9982E-05 9.9982E-05
0.956345 9.9973E-05 0.0433555 9.9973E-05 9.9973E-05
0.9996 9.997E-05 9.997E-05 9.997E-05 9.997E-05
0.9996 9.997E-05 9.997E-05 9.997E-05 9.997E-05
0.9996 9.997E-05 9.997E-05 9.997E-05 9.997E-05
0.9996 9.997E-05 9.997E-05 9.997E-05 9.997E-05
0.9996 9.997E-05 9.997E-05 9.997E-05 9.997E-05
0.940289 9.9982E-05 0.0104652 9.9982E-05 0.0490454
0.9996 9.997E-05 9.997E-05 9.997E-05 9.997E-05
0.9996 9.997E-05 9.997E-05 9.997E-05 9.997E-05
0.904984 0.0467322 0.048084 9.9982E-05 9.9982E-05
0.9996 9.997E-05 9.997E-05 9.997E-05 9.997E-05
0.858497 0.130602 0.0107005 9.9982E-05 9.9982E-05
9.997E-05 0.9996 9.997E-05 9.997E-05 9.997E-05
0.424966 0.11367 0.201889 0.259374 9.9991E-05
9.997E-05 0.9996 9.997E-05 9.997E-05 9.997E-05
9.997E-05 0.9996 9.997E-05 9.997E-05 9.997E-05
9.9973E-05 0.987103 9.9973E-05 9.9973E-05 0.0125976
0.0794267 0.757296 9.9982E-05 0.163078 9.9982E-05
9.997E-05 0.9996 9.997E-05 9.997E-05 9.997E-05
0.0546821 0.883847 9.9991E-05 0.0570375 0.00433284
9.9982E-05 0.962207 0.0252187 0.0123739 9.9982E-05
0.000808731 0.898477 0.024011 0.0766029 9.9991E-05
9.997E-05 0.9996 9.997E-05 9.997E-05 9.997E-05
9.997E-05 0.9996 9.997E-05 9.997E-05 9.997E-05
9.9982E-05 0.959156 0.0318817 9.9982E-05 0.00876208
0.121883 0.8089 0.0690164 9.9982E-05 9.9982E-05
0.0440555 0.928266 9.9991E-05 0.0134962 0.0140826
0.0422177 0.850514 0.0333972 0.0737709 9.9991E-05
0.0820689 0.916597 9.9982E-05 0.00113466 9.9982E-05
0.0383882 0.888359 9.9991E-05 0.0531455 0.0200068
0.0500545 0.924059 0.0256869 9.9982E-05 9.9982E-05
0.625406 0.0697977 0.075201 0.18863 0.0409658
0.557326 0.0529382 0.131062 0.216386 0.0422877
0.552451 0.0814619 0.116725 0.22153 0.0278318
0.591126 0.0936587 0.0443764 0.225494 0.0453454
0.727016 0.034419 0.116441 0.122023 9.9991E-05
0.840799 0.0356391 0.118595 9.9991E-05 0.00486735
0.766797 0.0651666 0.120794 0.034397 0.0128455
0.791034 0.038285 0.155989 9.9991E-05 0.0145928
0.772905 0.0688609 0.145871 9.9991E-05 0.0122624
0.782083 0.0712315 0.140181 9.9991E-05 0.00640449
0.764291 0.0391465 0.154543 0.0316617 0.0103575
0.626453 0.0476913 0.0975609 0.194581 0.0337136
0.677983 0.0804052 0.111497 0.110441 0.0196729
0.974059 9.9973E-05 9.9973E-05 9.9973E-05 0.0256414
0.968146 9.9973E-05 9.9973E-05 9.9973E-05 0.0315542
0.976919 9.9973E-05 9.9973E-05 9.9973E-05 0.0227806
0.967204 9.9973E-05 9.9973E-05 9.9973E-05 0.0324965
0.972339 9.9973E-05 9.9973E-05 9.9973E-05 0.0273615
0.939704 9.9982E-05 9.9982E-05 0.020796 0.0393003
0.965853 9.9973E-05 9.9973E-05 9.9973E-05 0.0338473
0.978675 9.9973E-05 9.9973E-05 9.9973E-05 0.021025
0.951767 9.9973E-05 9.9973E-05 9.9973E-05 0.0479333
0.954641 9.9973E-05 9.9973E-05 9.9973E-05 0.0450595
0.981667 9.9973E-05 9.9973E-05 9.9973E-05 0.018033
0.969902 9.9973E-05 9.9973E-05 9.9973E-05 0.0297981
