9.997E-05 9.997E-05 9.997E-05 9.997E-05 0.9996
9.999E-05 0.0247423 0.110634 0.0443176 0.820206
0.12663 9.9973E-05 9.9973E-05 9.9973E-05 0.87307
0.194239 0.27143 9.9991E-05 0.03105 0.50318
0.0838908 0.0101793 0.110303 0.00415786 0.791469
9.9973E-05 0.145549 9.9973E-05 9.9973E-05 0.854151
0.0180067 9.9991E-05 0.0764862 0.0036606 0.901747
9.999E-05 0.0502784 0.10499 0.0130727 0.831559
0.187596 9.9982E-05 0.108591 9.9982E-05 0.703612
0.0982162 0.081915 0.245139 0.0161561 0.558574
0.0386256 0.902326 9.9982E-05 0.0588485 9.9982E-05
0.0322139 0.967486 9.9973E-05 9.9973E-05 9.9973E-05
9.9973E-05 0.789552 9.9973E-05 9.9973E-05 0.210148
0.106051 0.828752 0.0130023 0.0327878 0.0194065
0.0827145 0.76073 0.0525826 0.0623382 0.0416342
9.9973E-05 0.978477 9.9973E-05 9.9973E-05 0.0212233
9.997E-05 0.9996 9.997E-05 9.997E-05 9.997E-05
0.068383 0.743221 0.188196 9.9982E-05 9.9982E-05
0.1303 0.854615 9.9982E-05 0.0148845 9.9982E-05
0.0265924 0.92648 9.9982E-05 9.9982E-05 0.0467279
9.9982E-05 0.7729 0.186693 9.9982E-05 0.0402065
0.0352001 0.545539 0.110691 9.9991E-05 0.30847
9.999E-05 0.973348 0.0159999 0.00288495 0.00766745
9.9973E-05 0.914004 0.0856964 9.9973E-05 9.9973E-05
9.9973E-05 0.756956 0.242744 9.9973E-05 9.9973E-05
0.0748923 0.622482 0.198105 9.9991E-05 0.10442
0.267018 0.613726 0.119056 9.9982E-05 9.9982E-05
0.0601932 0.540501 0.364184 0.00913659 0.025985
0.133178 0.560967 0.290224 9.9991E-05 0.0155318
9.9973E-05 0.664359 0.335341 9.9973E-05 9.9973E-05
0.659359 9.9982E-05 0.280275 9.9982E-05 0.0601655
0.46347 0.0960831 0.230311 0.00350287 0.206633
0.772434 0.131241 0.0961251 9.9982E-05 9.9982E-05
0.912839 0.0868613 9.9973E-05 9.9973E-05 9.9973E-05
0.568351 0.425415 9.9982E-05 0.00603365 9.9982E-05
0.728429 0.0281784 0.126198 0.00279203 0.114403
0.646959 0.0624436 9.9991E-05 0.00699593 0.283501
0.617973 0.18588 0.184087 9.9991E-05 0.0119604
0.926277 0.0558687 9.9982E-05 0.0176545 9.9982E-05
0.610751 0.153376 0.171591 0.0520186 0.0122638
0.810949 9.9982E-05 0.0787437 9.9982E-05 0.110107
0.438372 0.129436 0.380072 9.9991E-05 0.0520197
0.665501 0.180218 0.154081 9.9982E-05 9.9982E-05
0.749418 0.199249 0.0372873 0.013946 9.9991E-05
0.634373 0.189489 0.175938 9.9982E-05 9.9982E-05
0.716656 0.0610838 0.182176 9.9991E-05 0.0399845
0.768079 9.9982E-05 0.204363 0.0273573 9.9982E-05
0.830424 9.9973E-05 0.169276 9.9973E-05 9.9973E-05
0.843708 0.110777 9.9982E-05 9.9982E-05 0.045315
0.760461 9.9982E-05 0.175693 9.9982E-05 0.0636466
0.7706 9.9982E-05 0.222876 0.00632451 9.9982E-05
0.992524 9.9973E-05 9.9973E-05 0.0071762 9.9973E-05
0.494036 0.05881 0.446954 9.9982E-05 9.9982E-05
0.734498 9.9973E-05 0.265202 9.9973E-05 9.9973E-05
0.9996 9.997E-05 9.997E-05 9.997E-05 9.997E-05
0.719108 9.9982E-05 0.224848 0.0558434 9.9982E-05
0.0836012 0.0337384 0.874957 0.00760369 9.9991E-05
0.0143576 0.221894 0.752591 9.9991E-05 0.0110573
0.0726529 9.9982E-05 0.854013 9.9982E-05 0.0731339
0.122894 9.9982E-05 0.7076 9.9982E-05 0.169307
0.0679846 0.0700155 0.854619 9.9991E-05 0.00728072
0.318072 9.9991E-05 0.513134 0.0925934 0.0761003
0.126696 9.9982E-05 0.866326 9.9982E-05 0.00677873
9.9973E-05 9.9973E-05 0.979254 0.0204457 9.9973E-05
0.0865373 0.00344731 0.885584 0.00772588 0.0167054
9.997E-05 9.997E-05 0.9996 9.997E-05 9.997E-05
0.0221324 9.9973E-05 0.977568 9.9973E-05 9.9973E-05
9.9973E-05 0.0506051 0.949095 9.9973E-05 9.9973E-05
9.9973E-05 9.9973E-05 0.985769 0.0139312 9.9973E-05
9.997E-05 9.997E-05 0.9996 9.997E-05 9.997E-05
9.9973E-05 9.9973E-05 0.987036 0.0126643 9.9973E-05
0.253581 9.9991E-05 0.620992 0.0400728 0.0852538
9.9982E-05 9.9982E-05 0.994748 0.0044023 0.000649574
0.155868 0.0286421 0.763405 0.0519853 9.9991E-05
0.0387068 0.105324 0.331943 0.523926 9.9991E-05
9.997E-05 9.997E-05 9.997E-05 0.9996 9.997E-05
0.130766 0.0816614 0.69075 0.0507501 0.046072
