9.997E-05 9.997E-05 9.997E-05 0.9996 9.997E-05
0.0958135 9.9991E-05 0.0617398 0.467651 0.374696
0.159333 9.9991E-05 0.0631047 0.514997 0.262465
9.9973E-05 9.9973E-05 9.9973E-05 0.448948 0.550752
9.9973E-05 9.9973E-05 9.9973E-05 0.298042 0.701658
0.0399791 9.9991E-05 0.0146702 0.373373 0.571878
9.9973E-05 9.9973E-05 9.9973E-05 0.519363 0.480337
0.0864951 0.00529233 0.018392 0.463629 0.426192
0.0829165 9.9982E-05 9.9982E-05 0.388441 0.528443
9.997E-05 9.997E-05 9.997E-05 0.9996 9.997E-05
9.997E-05 9.997E-05 9.997E-05 0.9996 9.997E-05
9.997E-05 9.997E-05 9.997E-05 0.9996 9.997E-05
9.997E-05 9.997E-05 9.997E-05 0.9996 9.997E-05
9.9982E-05 0.00822979 9.9982E-05 0.983508 0.00806246
9.9973E-05 0.00788647 9.9973E-05 0.991814 9.9973E-05
0.0171967 9.9991E-05 0.0203635 0.323202 0.639138
0.107547 0.0216569 0.0145529 0.330274 0.525969
0.00934302 9.9982E-05 9.9982E-05 0.399223 0.591234
9.9973E-05 9.9973E-05 9.9973E-05 0.133623 0.866077
9.9973E-05 9.9973E-05 9.9973E-05 0.122282 0.877418
9.9973E-05 9.9973E-05 9.9973E-05 0.235854 0.763846
0.0645823 9.9991E-05 0.0204521 0.177122 0.737743
0.0104979 9.9982E-05 9.9982E-05 0.160594 0.828708
9.9973E-05 9.9973E-05 9.9973E-05 0.217474 0.782226
9.9973E-05 9.9973E-05 9.9973E-05 0.186648 0.813052
9.9973E-05 9.9973E-05 9.9973E-05 0.119969 0.879732
0.052108 9.9982E-05 9.9982E-05 0.125041 0.822651
0.0170141 9.9982E-05 9.9982E-05 0.199947 0.782839
0.00735992 9.9982E-05 9.9982E-05 0.201904 0.790536
9.9973E-05 9.9973E-05 9.9973E-05 0.247166 0.752534
9.9973E-05 9.9973E-05 9.9973E-05 0.224728 0.774972
9.9982E-05 9.9982E-05 0.000721671 0.142774 0.856304
0.0366223 9.9982E-05 9.9982E-05 0.131026 0.832152
0.0957402 0.112737 9.9991E-05 0.205772 0.58565
0.0608903 9.9982E-05 9.9982E-05 0.13133 0.80758
9.9973E-05 9.9973E-05 9.9973E-05 0.26273 0.73697
9.9973E-05 9.9973E-05 9.9973E-05 0.0443931 0.955307
0.0319741 9.9991E-05 0.0125756 0.090464 0.864886
0.0645716 9.9991E-05 0.0650974 0.114502 0.755729
9.9991E-05 0.0147517 0.00470136 0.101567 0.87888
0.0912387 0.129997 0.0367068 0.0169869 0.72507
0.134323 0.0772619 0.0445295 0.0330373 0.710848
0.142875 0.139052 0.0471672 0.146882 0.524024
0.0705057 0.101844 9.9991E-05 0.0450961 0.782454
0.108476 0.00567261 9.9982E-05 9.9982E-05 0.885652
0.0500368 9.9973E-05 9.9973E-05 9.9973E-05 0.949663
0.0544642 9.9973E-05 9.9973E-05 9.9973E-05 0.945236
0.0771991 0.0114474 9.9991E-05 0.0360727 0.875181
0.0760159 0.0953372 9.9991E-05 0.09996 0.728587
0.0556003 0.0655933 0.0426809 0.183719 0.652407
0.0772774 9.9991E-05 0.0446944 0.0860505 0.791878
0.092831 9.9982E-05 9.9982E-05 0.0358901 0.871079
0.0765094 9.9982E-05 9.9982E-05 0.0398267 0.883464
0.0322356 0.0535253 0.0379342 0.0758374 0.800467
0.00716136 0.113005 0.0433878 0.0860083 0.750437
0.140037 0.0936873 0.0152007 0.033905 0.71717
0.108221 0.074447 9.9991E-05 0.146227 0.671005
0.0189105 0.0446673 0.0423176 0.0101935 0.883911
0.142861 9.9973E-05 9.9973E-05 9.9973E-05 0.856839
0.00492524 0.0146896 0.0592547 0.0873546 0.833776
9.9982E-05 0.0607076 9.9982E-05 0.0273117 0.911781
9.9991E-05 0.112751 0.0742818 0.00419102 0.808676
0.121556 0.0204222 0.0572196 0.0164444 0.784358
0.0965518 0.0408445 0.0426256 9.9991E-05 0.819878
9.9982E-05 0.0575588 9.9982E-05 0.0235259 0.918715
0.150472 0.0514629 0.00524223 9.9991E-05 0.792722
0.0203352 0.0686513 0.0682193 9.9991E-05 0.842694
0.146971 0.0598979 0.0491254 0.0192359 0.72477
0.0828443 0.0057634 9.9991E-05 0.0645652 0.846727
0.13572 0.0878454 0.0182305 9.9991E-05 0.758104
0.104427 0.0620736 0.0881013 0.0777169 0.667681
0.0831817 0.072458 0.0695799 9.9991E-05 0.77468
0.0510616 9.9982E-05 9.9982E-05 0.067703 0.881035
0.0353817 9.9982E-05 9.9982E-05 0.0600122 0.904406
0.0805604 0.105858 0.00285486 0.0272719 0.783455
0.00543652 0.0372472 9.9982E-05 9.9982E-05 0.957116
0.0873733 0.0340552 0.035173 9.9991E-05 0.843298
0.0565892 0.0631392 0.140929 0.0686576 0.670685
0.0943177 0.0841767 0.132124 9.9991E-05 0.689282
0.0665384 0.0848692 0.168292 9.9991E-05 0.680201
0.0801247 0.147399 0.0939209 9.9991E-05 0.678455
0.034419 0.0975068 0.188369 9.9991E-05 0.679605
0.104092 0.109563 0.108131 9.9991E-05 0.678114
0.0243453 0.158946 0.149815 0.0137856 0.653108
0.0582483 0.0928422 0.247844 0.0087296 0.592336
0.137216 0.0963146 0.170899 0.0125469 0.583023
0.0956754 0.124555 0.0916757 0.0767929 0.611301
0.0304586 0.164506 0.160312 0.0224312 0.622293
0.0897492 0.06755 0.158229 9.9991E-05 0.684372
0.10797 0.16893 0.115946 0.0045032 0.602651
0.08346 0.094975 0.147578 0.0347714 0.639216
0.0859204 0.104591 0.155194 0.0220284 0.632266
0.0689663 0.134827 0.215847 0.00312055 0.577239
9.997E-05 9.997E-05 0.9996 9.997E-05 9.997E-05
9.9982E-05 9.9982E-05 0.961957 0.0244253 0.0134174
0.00595917 9.9991E-05 0.874186 0.00354127 0.116213
9.997E-05 9.997E-05 0.9996 9.997E-05 9.997E-05
9.997E-05 9.997E-05 0.9996 9.997E-05 9.997E-05
9.997E-05 9.997E-05 0.9996 9.997E-05 9.997E-05
9.997E-05 9.997E-05 0.9996 9.997E-05 9.997E-05
9.9973E-05 9.9973E-05 0.917301 9.9973E-05 0.0823993
9.997E-05 9.997E-05 0.9996 9.997E-05 9.997E-05
9.997E-05 9.997E-05 0.9996 9.997E-05 9.997E-05
0.0702738 0.260706 0.109711 9.9991E-05 0.55921
0.00300308 9.9982E-05 0.913128 9.9982E-05 0.083669
9.997E-05 9.997E-05 0.9996 9.997E-05 9.997E-05
9.997E-05 9.997E-05 0.9996 9.997E-05 9.997E-05
0.0385658 0.218717 0.132774 9.9991E-05 0.609843
0.0484504 0.231315 0.125029 9.9991E-05 0.595106
0.0607276 0.175208 0.162258 9.9991E-05 0.601706
0.0562901 0.204046 0.182295 9.9991E-05 0.557269
0.061646 0.276009 0.161231 9.9991E-05 0.501013
0.0189953 0.143196 0.146817 9.9991E-05 0.690892
0.0345704 0.1782 0.202288 9.9991E-05 0.584842
0.00905524 0.236372 0.183006 9.9991E-05 0.571467
0.0847064 0.136429 0.288604 9.9991E-05 0.490161
0.0984538 0.166385 0.259691 9.9991E-05 0.47537
0.0683175 0.135273 0.157998 9.9991E-05 0.638312
0.0801021 0.101578 0.235701 9.9991E-05 0.582519
0.0655486 0.236074 0.10238 0.0114186 0.584579
0.0896718 0.249703 0.155111 9.9991E-05 0.505414
0.025412 0.954199 0.00715356 9.9991E-05 0.0131353
9.9991E-05 0.890771 0.00981958 0.0224671 0.0768421
9.997E-05 0.9996 9.997E-05 9.997E-05 9.997E-05
9.997E-05 0.9996 9.997E-05 9.997E-05 9.997E-05
9.997E-05 0.9996 9.997E-05 9.997E-05 9.997E-05
9.997E-05 0.9996 9.997E-05 9.997E-05 9.997E-05
9.997E-05 0.9996 9.997E-05 9.997E-05 9.997E-05
9.9991E-05 0.754914 0.0689287 0.0327313 0.143326
9.997E-05 0.9996 9.997E-05 9.997E-05 9.997E-05
9.997E-05 0.9996 9.997E-05 9.997E-05 9.997E-05
9.9982E-05 0.889681 0.0674675 0.0426511 9.9982E-05
9.997E-05 0.9996 9.997E-05 9.997E-05 9.997E-05
0.0679933 0.807543 9.9982E-05 9.9982E-05 0.124263
0.9996 9.997E-05 9.997E-05 9.997E-05 9.997E-05
0.126348 0.196103 0.203579 9.9991E-05 0.47387
0.9996 9.997E-05 9.997E-05 9.997E-05 9.997E-05
0.9996 9.997E-05 9.997E-05 9.997E-05 9.997E-05
0.965369 9.9982E-05 0.0283999 9.9982E-05 0.00603121
0.799951 0.0605343 0.0179263 0.0267024 0.0948864
0.9996 9.997E-05 9.997E-05 9.997E-05 9.997E-05
0.892557 0.0412682 0.00871816 9.9991E-05 0.0573565
0.987431 9.9973E-05 0.0122689 9.9973E-05 9.9973E-05
0.99124 0.00846008 9.9973E-05 9.9973E-05 9.9973E-05
0.994126 9.9973E-05 9.9973E-05 0.00557395 9.9973E-05
0.991931 0.00776898 9.9973E-05 9.9973E-05 9.9973E-05
0.995834 0.00386568 9.9973E-05 9.9973E-05 9.9973E-05
0.859356 0.0373765 0.033261 9.9991E-05 0.069907
0.918999 9.9982E-05 9.9982E-05 0.0279152 0.0528857
0.908751 0.0200927 0.010779 9.9991E-05 0.0602776
0.909799 0.0130878 0.00577075 9.9991E-05 0.0712424
0.896892 9.9982E-05 9.9982E-05 0.0122976 0.0906103
0.966189 0.0305733 0.00137989 9.9991E-05 0.0017576
0.0588685 0.0873657 0.0886704 0.0115472 0.753548
0.0192363 0.0612931 0.124382 9.9991E-05 0.794989
0.0584013 0.040326 0.134341 0.0104427 0.756489
0.0595089 0.0553072 0.10098 0.0234426 0.760761
0.0497243 0.0697094 0.192175 9.9991E-05 0.688291
0.0506106 9.99821E-05 0.242661 9.99821E-05 0.706529
0.0505529 0.0109499 0.238161 9.9991E-05 0.700237
0.023815 9.9982E-05 0.256154 9.9982E-05 0.719831
0.0763455 9.9982E-05 0.257823 9.9982E-05 0.665632
0.0392069 9.9982E-05 0.235028 9.9982E-05 0.725565
0.0155261 0.00428113 0.22421 9.9991E-05 0.755883
0.000496846 0.0122282 0.180931 0.00377669 0.802567
0.035916 9.9982E-05 0.201648 9.9982E-05 0.762236
9.997E-05 9.997E-05 9.997E-05 9.997E-05 0.9996
9.997E-05 9.997E-05 9.997E-05 9.997E-05 0.9996
9.997E-05 9.997E-05 9.997E-05 9.997E-05 0.9996
9.997E-05 9.997E-05 9.997E-05 9.997E-05 0.9996
9.9973E-05 0.00525787 9.9973E-05 9.9973E-05 0.994442
9.997E-05 9.997E-05 9.997E-05 9.997E-05 0.9996
9.997E-05 9.997E-05 9.997E-05 9.997E-05 0.9996
9.997E-05 9.997E-05 9.997E-05 9.997E-05 0.9996
9.997E-05 9.997E-05 9.997E-05 9.997E-05 0.9996
9.9973E-05 0.0415018 9.9973E-05 9.9973E-05 0.958198
9.9973E-05 0.00646501 9.9973E-05 9.9973E-05 0.993235
9.997E-05 9.997E-05 9.997E-05 9.997E-05 0.9996
