0.9996 9.997E-05 9.997E-05 9.997E-05 9.997E-05
0.379511 0.468036 0.0770967 0.0752565 9.9991E-05
0.36189 0.462087 0.0653589 0.110564 9.9991E-05
0.280632 0.719068 9.9973E-05 9.9973E-05 9.9973E-05
0.156481 0.798567 9.9982E-05 9.9982E-05 0.0447517
0.227792 0.751099 9.9982E-05 0.0209089 9.9982E-05
0.366023 0.633677 9.9973E-05 9.9973E-05 9.9973E-05
0.380174 0.550216 9.9982E-05 0.0694102 9.9982E-05
0.268556 0.694132 0.0127827 0.0244302 9.9991E-05
0.9996 9.997E-05 9.997E-05 9.997E-05 9.997E-05
0.9996 9.997E-05 9.997E-05 9.997E-05 9.997E-05
0.9996 9.997E-05 9.997E-05 9.997E-05 9.997E-05
0.9996 9.997E-05 9.997E-05 9.997E-05 9.997E-05
0.939863 9.9973E-05 9.9973E-05 9.9973E-05 0.0598366
0.960961 9.9982E-05 0.0318235 0.00701588 9.9982E-05
0.222106 0.751132 9.9982E-05 0.0265611 9.9982E-05
0.253234 0.512502 0.00902952 0.119402 0.105833
0.229007 0.770693 9.9973E-05 9.9973E-05 9.9973E-05
0.0192177 0.980482 9.9973E-05 9.9973E-05 9.9973E-05
9.997E-05 0.9996 9.997E-05 9.997E-05 9.997E-05
0.10896 0.889633 0.0012069 9.9982E-05 9.9982E-05
0.0265801 0.904234 9.9982E-05 0.068986 9.9982E-05
0.0574913 0.930856 9.9982E-05 9.9982E-05 0.011453
0.102508 0.897192 9.9973E-05 9.9973E-05 9.9973E-05
0.0355619 0.964138 9.9973E-05 9.9973E-05 9.9973E-05
0.0418866 0.886634 9.9991E-05 0.00323228 0.068147
0.0442118 0.864813 0.00685703 0.0307993 0.0533192
0.0555676 0.944132 9.9973E-05 9.9973E-05 9.9973E-05
0.108024 0.891677 9.9973E-05 9.9973E-05 9.9973E-05
0.118096 0.881604 9.9973E-05 9.9973E-05 9.9973E-05
0.135201 0.864499 9.9973E-05 9.9973E-05 9.9973E-05
0.0506636 0.882989 9.9982E-05 9.9982E-05 0.0661479
0.027138 0.94363 9.9982E-05 0.0290324 9.9982E-05
0.0875811 0.743321 9.9991E-05 0.0582698 0.110728
0.0409144 0.919393 0.0100997 0.0294929 9.9991E-05
0.143104 0.856596 9.9973E-05 9.9973E-05 9.9973E-05
9.9982E-05 0.959993 9.9982E-05 0.0300661 0.00974113
0.0311317 0.788369 0.00189895 0.00691043 0.17169
0.0398424 0.774425 0.0517114 0.0444523 0.0895687
0.0373261 0.820737 0.00871774 9.9991E-05 0.133119
9.9991E-05 0.689176 0.0639412 0.0713949 0.175388
9.9991E-05 0.674486 0.0107858 0.0930946 0.221534
0.0535281 0.757091 0.0640422 0.103095 0.0222439
9.9991E-05 0.74126 0.0471754 0.0589831 0.152482
9.9982E-05 0.767794 9.9982E-05 0.0876679 0.144338
9.9973E-05 0.954484 9.9973E-05 0.0452161 9.9973E-05
9.9982E-05 0.926504 9.9982E-05 0.00704141 0.0662543
9.9982E-05 0.857097 9.9982E-05 0.0580197 0.084683
0.0765764 0.660585 9.9991E-05 0.0334724 0.229266
0.0998359 0.76665 0.0213762 0.03045 0.0816874
0.0221465 0.810423 0.0413981 0.0451965 0.0808358
9.9982E-05 0.821354 9.9982E-05 0.0832479 0.0951985
9.9982E-05 0.852575 0.00618939 9.9982E-05 0.141036
0.0334383 0.694471 0.0612706 9.9991E-05 0.21072
0.0406378 0.726117 0.0641554 0.00569465 0.163395
0.00226904 0.752114 0.0333461 0.0934699 0.118801
0.0947158 0.607743 9.9991E-05 0.0789536 0.218488
9.9991E-05 0.804963 0.0453953 0.00411194 0.14543
9.9973E-05 0.955015 9.9973E-05 0.0446847 9.9973E-05
0.0455371 0.705507 0.0546413 0.0209816 0.173333
9.9973E-05 0.842553 9.9973E-05 9.9973E-05 0.157147
9.9982E-05 0.832786 0.0609467 9.9982E-05 0.106067
9.9991E-05 0.697543 0.0350667 0.0693913 0.197899
9.9991E-05 0.593431 0.0189427 0.07111 0.316416
9.9973E-05 0.854077 9.9973E-05 9.9973E-05 0.145623
9.9991E-05 0.709479 0.0446339 0.0923823 0.153404
9.9991E-05 0.720185 0.134058 0.0056662 0.139991
9.9991E-05 0.647231 0.105649 0.0749307 0.172089
9.9991E-05 0.87042 0.0230852 0.0280901 0.0783047
9.9991E-05 0.715978 0.0382694 0.087998 0.157655
0.028468 0.747052 0.0867753 0.0923646 0.0453405
9.9991E-05 0.609933 0.0753815 0.079162 0.235423
0.0459963 0.84376 0.0148642 0.0281072 0.0672727
0.0222719 0.768564 0.00592911 0.00979994 0.193435
0.0300308 0.575162 0.00943911 0.0506086 0.33476
9.9991E-05 0.721524 0.0486463 0.0076049 0.222125
9.9991E-05 0.810616 0.0683259 0.0215306 0.0994271
9.9991E-05 0.643485 0.1601 0.0263595 0.169956
9.9991E-05 0.414682 0.168448 0.0769453 0.339824
9.9991E-05 0.411286 0.161152 0.0450463 0.382415
9.9991E-05 0.440016 0.0852644 0.0706093 0.40401
9.9991E-05 0.469998 0.162216 0.0313458 0.33634
9.9991E-05 0.451911 0.122624 0.0782014 0.347164
9.9991E-05 0.570598 0.160187 0.00126042 0.267855
9.9991E-05 0.527212 0.225761 0.0315433 0.215384
9.9991E-05 0.457119 0.207478 0.0915488 0.243755
0.0451875 0.500163 0.109806 0.0820589 0.262785
9.9991E-05 0.572648 0.145688 0.0158636 0.2657
9.9991E-05 0.488652 0.131278 0.0800962 0.299873
0.0107194 0.389275 0.143887 0.0958826 0.360236
0.038362 0.46059 0.186887 0.0783785 0.235782
0.00637047 0.540954 0.153446 0.0823013 0.216928
9.9991E-05 0.386159 0.183349 0.15433 0.276063
9.9973E-05 0.0047317 0.994968 9.9973E-05 9.9973E-05
0.0288471 9.9982E-05 0.955417 0.015536 9.9982E-05
9.9973E-05 0.114956 0.884744 9.9973E-05 9.9973E-05
9.997E-05 9.997E-05 0.9996 9.997E-05 9.997E-05
9.997E-05 9.997E-05 0.9996 9.997E-05 9.997E-05
9.997E-05 9.997E-05 0.9996 9.997E-05 9.997E-05
9.997E-05 9.997E-05 0.9996 9.997E-05 9.997E-05
0.00712976 0.102249 0.890421 9.9982E-05 9.9982E-05
9.997E-05 9.997E-05 0.9996 9.997E-05 9.997E-05
9.997E-05 9.997E-05 0.9996 9.997E-05 9.997E-05
9.9991E-05 0.250502 0.0974436 0.0745084 0.577446
9.9973E-05 0.0717795 0.927921 9.9973E-05 9.9973E-05
9.997E-05 9.997E-05 0.9996 9.997E-05 9.997E-05
9.997E-05 9.997E-05 0.9996 9.997E-05 9.997E-05
9.9991E-05 0.242928 0.119542 0.0683447 0.569086
9.9991E-05 0.250016 0.15985 0.0676689 0.522365
9.9991E-05 0.25458 0.171786 0.0443763 0.529157
9.9991E-05 0.231642 0.19401 0.0734861 0.500762
9.9991E-05 0.233825 0.171126 0.0750837 0.519866
9.9991E-05 0.39853 0.132304 0.0152329 0.453833
9.9991E-05 0.361036 0.216384 0.0298488 0.392631
9.9991E-05 0.313757 0.188335 0.00837497 0.489433
9.9991E-05 0.254902 0.267716 0.0862958 0.390986
9.9991E-05 0.283908 0.265358 0.0924599 0.358174
9.9991E-05 0.341939 0.136513 0.0805751 0.440872
9.9991E-05 0.301366 0.245824 0.0842792 0.36843
9.9991E-05 0.295976 0.136354 0.0851251 0.482445
9.9991E-05 0.347573 0.171948 0.0652042 0.415175
9.997E-05 9.997E-05 9.997E-05 0.9996 9.997E-05
9.9991E-05 0.25726 0.214675 0.131491 0.396474
9.997E-05 9.997E-05 9.997E-05 0.9996 9.997E-05
9.997E-05 9.997E-05 9.997E-05 0.9996 9.997E-05
9.9973E-05 9.9973E-05 0.0128943 0.986806 9.9973E-05
0.00121725 0.123445 0.0147574 0.771764 0.0888167
9.997E-05 9.997E-05 9.997E-05 0.9996 9.997E-05
9.9991E-05 0.0301162 0.0102879 0.878011 0.0814851
9.9973E-05 0.00188661 9.9973E-05 0.997813 9.9973E-05
9.9973E-05 0.0327844 9.9973E-05 0.966916 9.9973E-05
9.997E-05 9.997E-05 9.997E-05 0.9996 9.997E-05
9.9973E-05 9.9973E-05 9.9973E-05 0.998567 0.00113287
9.9973E-05 9.9973E-05 0.00601064 0.993689 9.9973E-05
9.9982E-05 9.9982E-05 0.0288082 0.849406 0.121586
0.0297782 0.0328245 9.9982E-05 0.937197 9.9982E-05
9.9991E-05 0.0320091 0.020946 0.904205 0.0427397
0.0107531 0.0087834 0.0133249 0.85873 0.108409
0.0188992 0.0626983 9.9991E-05 0.866304 0.0519988
9.9973E-05 9.9973E-05 9.9973E-05 0.903124 0.0965765
9.9982E-05 9.9982E-05 0.0389338 0.0388255 0.922041
9.9991E-05 0.0105226 0.0595879 0.0128142 0.916975
9.9973E-05 9.9973E-05 9.9973E-05 0.00552997 0.99417
9.9973E-05 9.9973E-05 9.9973E-05 0.00282191 0.996878
9.9973E-05 9.9973E-05 9.9973E-05 0.0203209 0.979379
9.9982E-05 9.9982E-05 0.0101835 0.0384561 0.95116
9.9982E-05 0.0120828 9.9982E-05 0.0313976 0.95632
0.0238641 0.0716118 0.0132165 0.00658089 0.884727
9.9973E-05 9.9973E-05 9.9973E-05 0.0288171 0.970883
9.9973E-05 9.9973E-05 9.9973E-05 0.0117081 0.987992
0.00180599 9.9991E-05 0.0726023 0.0756905 0.849801
9.9973E-05 9.9973E-05 0.0156369 9.9973E-05 0.984063
9.9991E-05 0.0121697 0.0410382 0.0901806 0.856511
0.0626297 0.190232 0.100873 0.0693677 0.576898
0.0588936 0.297632 0.074185 0.0351897 0.534099
0.0454859 0.252301 0.143207 0.0644616 0.494545
0.0541344 0.24806 0.114477 0.0773248 0.506004
0.0253027 0.0557722 0.140177 0.0649984 0.71375
0.00508793 9.9991E-05 0.122937 0.0673122 0.804563
0.0212252 0.021823 0.152336 0.0785002 0.726115
0.00402621 9.9991E-05 0.184452 0.0517161 0.759706
0.0176318 0.0192874 0.172521 0.0734788 0.717081
9.9991E-05 0.0572117 0.179006 0.0884157 0.675266
0.0178494 0.0496686 0.181749 0.049597 0.701136
0.0483459 0.147392 0.118713 0.0900216 0.595528
0.0218962 0.193776 0.111713 0.103098 0.569517
0.0550112 9.9973E-05 9.9973E-05 9.9973E-05 0.944689
0.0184562 9.9973E-05 9.9973E-05 9.9973E-05 0.981244
0.0116253 9.9973E-05 9.9973E-05 9.9973E-05 0.988075
0.0264216 9.9973E-05 9.9973E-05 9.9973E-05 0.973279
0.0126571 9.9973E-05 9.9973E-05 9.9973E-05 0.987043
0.032295 0.0851314 9.9982E-05 9.9982E-05 0.882374
0.0177641 9.9973E-05 9.9973E-05 9.9973E-05 0.981936
0.0134279 9.9973E-05 9.9973E-05 9.9973E-05 0.986272
0.0229441 9.9973E-05 9.9973E-05 9.9973E-05 0.976756
0.0278009 9.9973E-05 9.9973E-05 9.9973E-05 0.971899
0.0240292 9.9973E-05 9.9973E-05 9.9973E-05 0.975671
0.0383856 9.9973E-05 9.9973E-05 9.9973E-05 0.961315
