0.9996 9.997E-05 9.997E-05 9.997E-05 9.997E-05
0.52768 0.103282 0.22079 0.103113 0.0451347
0.498901 0.140272 0.254219 0.0913265 0.0152815
0.497213 0.0219047 0.480683 9.9982E-05 9.9982E-05
0.287371 9.9982E-05 0.707874 9.9982E-05 0.00455455
0.399156 0.0641642 0.530355 0.00584025 0.000484345
0.531717 9.9973E-05 0.467983 9.9973E-05 9.9973E-05
0.484471 0.0747493 0.44058 9.9982E-05 9.9982E-05
0.411286 0.0545179 0.493875 9.9991E-05 0.0402209
0.9996 9.997E-05 9.997E-05 9.997E-05 9.997E-05
0.9996 9.997E-05 9.997E-05 9.997E-05 9.997E-05
0.9996 9.997E-05 9.997E-05 9.997E-05 9.997E-05
0.9996 9.997E-05 9.997E-05 9.997E-05 9.997E-05
0.953792 9.9973E-05 9.9973E-05 9.9973E-05 0.0459081
0.996307 9.9973E-05 9.9973E-05 0.00339342 9.9973E-05
0.332503 0.02863 0.627304 9.9991E-05 0.0114623
0.33328 0.113248 0.433796 0.0324189 0.087258
0.424044 0.0279434 0.547813 9.9982E-05 9.9982E-05
0.194417 9.9982E-05 0.788569 9.9982E-05 0.0168141
0.154338 9.9973E-05 0.845362 9.9973E-05 9.9973E-05
0.308876 9.9982E-05 0.667359 9.9982E-05 0.0235655
0.173105 0.054714 0.769881 9.9991E-05 0.00220026
0.214499 0.0211917 0.76411 9.9982E-05 9.9982E-05
0.253773 9.9973E-05 0.745927 9.9973E-05 9.9973E-05
0.207165 9.9973E-05 0.792535 9.9973E-05 9.9973E-05
0.147557 9.9982E-05 0.840544 9.9982E-05 0.0116986
0.185304 0.0563159 0.679322 9.9991E-05 0.0789585
0.222657 0.00624134 0.770901 9.9982E-05 9.9982E-05
0.22896 0.00524629 0.751732 9.9991E-05 0.0139616
0.326475 9.9973E-05 0.673225 9.9973E-05 9.9973E-05
0.279273 9.9982E-05 0.704454 9.9982E-05 0.0160731
0.168882 0.0243372 0.752736 9.9991E-05 0.0539448
0.144558 0.0480736 0.788066 9.9991E-05 0.0192028
0.22879 0.0535423 0.711009 9.9991E-05 0.0065584
0.160327 0.0436874 0.776766 9.9991E-05 0.0191197
0.329113 9.9973E-05 0.670587 9.9973E-05 9.9973E-05
0.102653 9.9973E-05 0.897047 9.9973E-05 9.9973E-05
0.160049 0.0446026 0.756157 9.9991E-05 0.0390913
0.15363 0.0572084 0.696036 0.0222729 0.0708529
0.14548 9.9982E-05 0.836899 9.9982E-05 0.0174213
0.0372865 0.0689122 0.87877 0.0149318 9.9991E-05
0.0395851 0.0629503 0.86632 9.9991E-05 0.0310447
0.14653 0.0859129 0.747945 0.0195113 9.9991E-05
0.0473403 0.0503454 0.886254 9.9991E-05 0.0159607
0.0334541 0.0603134 0.853988 9.9991E-05 0.0521444
0.0588414 0.0139403 0.923152 9.9991E-05 0.0039662
0.0198765 0.0317433 0.94818 9.9982E-05 9.9982E-05
0.0942641 0.0237977 0.83972 9.9991E-05 0.0421182
0.0932369 0.0239158 0.782882 9.9991E-05 0.0998657
0.197098 0.0223712 0.775624 0.004807 9.9991E-05
0.108159 0.0776446 0.762754 9.9991E-05 0.0513418
0.0380192 0.0622294 0.861581 9.9991E-05 0.0380704
0.059885 0.0118549 0.92806 9.9982E-05 9.9982E-05
0.100783 0.0278029 0.842097 0.0119181 0.0173993
0.0826943 9.9991E-05 0.842964 0.0361117 0.0381299
0.0725813 0.0984455 0.80512 9.9991E-05 0.023753
0.144479 0.0631905 0.747768 9.9991E-05 0.0444625
0.0414335 0.00854749 0.87735 9.9991E-05 0.0725687
0.0461393 9.9982E-05 0.931091 9.9982E-05 0.0225695
0.134453 0.0364074 0.765135 9.9991E-05 0.0639049
0.0471314 0.00781102 0.8991 9.9991E-05 0.0458578
0.027349 0.00267432 0.969342 0.000534952 9.9991E-05
0.0766351 0.091443 0.77436 0.0475644 0.00999767
9.9991E-05 0.0956784 0.849474 0.0109796 0.0437684
0.0535293 9.9973E-05 0.946171 9.9973E-05 9.9973E-05
0.0303796 0.0922514 0.866858 9.9991E-05 0.0104111
9.9991E-05 0.00379319 0.959871 0.0313182 0.00491771
0.0504648 0.0569646 0.833265 0.0119596 0.047346
0.0842788 0.00393716 0.837913 9.9991E-05 0.0737706
0.0141935 0.0962137 0.889393 9.9982E-05 9.9982E-05
0.118884 0.0666169 0.790495 0.0239045 9.9991E-05
9.9991E-05 0.0375429 0.880828 0.0517515 0.029778
0.104924 0.0330924 0.805844 9.9991E-05 0.0560397
0.0826356 0.0491606 0.800686 9.9991E-05 0.0674179
0.0581421 0.0264218 0.904205 9.9991E-05 0.0111312
0.00373355 9.9991E-05 0.909505 0.00199667 0.0846651
9.9991E-05 0.0738188 0.884702 0.0257964 0.0155829
0.035544 0.0407725 0.812568 0.107778 0.00333753
9.9991E-05 0.0407786 0.66597 0.117214 0.175938
9.9991E-05 0.0283398 0.769256 0.136554 0.0657503
9.9991E-05 0.0566199 0.777519 0.071123 0.0946377
9.9991E-05 0.0282539 0.79186 0.135235 0.0445512
9.9991E-05 0.0454896 0.767378 0.117773 0.0692587
0.0530721 9.9991E-05 0.817491 0.0818626 0.0474742
0.0408616 0.0535272 0.626359 0.201466 0.0777863
0.00789591 0.0963364 0.696666 0.172145 0.0269568
0.0836898 0.0519209 0.735431 0.0708016 0.0581564
0.00746946 9.9991E-05 0.831254 0.100728 0.0604485
0.0177899 0.0511033 0.699105 0.144473 0.087529
0.00393607 0.0827869 0.685798 0.0973871 0.130092
0.0605031 0.0754822 0.742211 0.121704 9.9991E-05
0.0263046 0.0623807 0.787456 0.123759 9.9991E-05
0.0333837 0.0949814 0.511647 0.207569 0.152419
9.9973E-05 0.00657579 9.9973E-05 0.993124 9.9973E-05
0.00677567 0.0293362 0.0448805 0.918908 9.9991E-05
9.9991E-05 0.014568 0.0719076 0.906801 0.00662307
9.997E-05 9.997E-05 9.997E-05 0.9996 9.997E-05
9.997E-05 9.997E-05 9.997E-05 0.9996 9.997E-05
9.997E-05 9.997E-05 9.997E-05 0.9996 9.997E-05
9.997E-05 9.997E-05 9.997E-05 0.9996 9.997E-05
0.0227588 0.0230265 9.9982E-05 0.954015 9.9982E-05
9.997E-05 9.997E-05 9.997E-05 0.9996 9.997E-05
9.997E-05 9.997E-05 9.997E-05 0.9996 9.997E-05
9.9991E-05 0.0803143 0.718185 0.0864894 0.114912
9.9991E-05 0.016606 0.030565 0.946622 0.00610693
9.997E-05 9.997E-05 9.997E-05 0.9996 9.997E-05
9.997E-05 9.997E-05 9.997E-05 0.9996 9.997E-05
9.9982E-05 9.9982E-05 0.767479 0.114283 0.118039
9.9991E-05 0.0449874 0.795913 0.09956 0.05944
9.9991E-05 0.0166217 0.768825 0.124501 0.0899525
9.9991E-05 0.0241306 0.744075 0.174798 0.0568965
9.9991E-05 0.0201511 0.757132 0.154619 0.0679984
9.9991E-05 0.0234347 0.796194 0.106904 0.0733677
9.9991E-05 0.0117194 0.725638 0.222088 0.0404553
9.9982E-05 9.9982E-05 0.787238 0.154381 0.0581811
9.9991E-05 0.072655 0.610229 0.24769 0.069326
9.9991E-05 0.0312517 0.675333 0.220998 0.0723172
9.9991E-05 0.070795 0.657652 0.147307 0.124146
9.9991E-05 0.0558766 0.69015 0.217604 0.0362696
0.00178793 0.0715359 0.738081 0.0848124 0.103783
9.9991E-05 0.0261915 0.766461 0.153462 0.0537856
9.9973E-05 9.9973E-05 0.976369 0.0233313 9.9973E-05
9.9982E-05 9.9982E-05 0.886903 0.0586989 0.0541986
9.997E-05 9.997E-05 0.9996 9.997E-05 9.997E-05
9.997E-05 9.997E-05 0.9996 9.997E-05 9.997E-05
9.9973E-05 9.9973E-05 0.975244 0.024456 9.9973E-05
9.9973E-05 9.9973E-05 0.968425 0.0312753 9.9973E-05
9.997E-05 9.997E-05 0.9996 9.997E-05 9.997E-05
9.9982E-05 9.9982E-05 0.968983 0.0115932 0.0192243
9.9982E-05 0.00523829 0.985459 0.00910234 9.9982E-05
9.9973E-05 9.9973E-05 0.996208 0.00349182 9.9973E-05
9.9973E-05 9.9973E-05 0.860077 0.139623 9.9973E-05
9.9973E-05 9.9973E-05 0.983592 0.0161083 9.9973E-05
9.9982E-05 0.0408146 0.892993 0.0659921 9.9982E-05
9.997E-05 0.9996 9.997E-05 9.997E-05 9.997E-05
9.9991E-05 0.0831268 0.691648 0.166401 0.0587237
9.997E-05 0.9996 9.997E-05 9.997E-05 9.997E-05
9.997E-05 0.9996 9.997E-05 9.997E-05 9.997E-05
9.9973E-05 0.954613 9.9973E-05 0.0450876 9.9973E-05
0.00959945 0.724211 0.255489 9.9991E-05 0.0106004
9.997E-05 0.9996 9.997E-05 9.997E-05 9.997E-05
9.9973E-05 0.878946 0.120754 9.9973E-05 9.9973E-05
9.9973E-05 0.996704 9.9973E-05 0.00299614 9.9973E-05
9.9973E-05 0.942795 0.0569051 9.9973E-05 9.9973E-05
9.997E-05 0.9996 9.997E-05 9.997E-05 9.997E-05
0.0116264 0.959474 9.9982E-05 9.9982E-05 0.0286995
9.9982E-05 0.966614 0.0224691 0.0107167 9.9982E-05
9.9991E-05 0.815825 0.0842773 0.0768702 0.0229275
0.009717 0.939925 0.0490264 9.9991E-05 0.00123115
0.00602559 0.930395 0.0519322 9.9991E-05 0.0115473
0.010872 0.846932 0.0569055 0.0357924 0.0494976
0.0272154 0.836829 0.0808722 0.030014 0.025069
9.9982E-05 0.95709 0.0278704 0.0148398 9.9982E-05
0.0257401 0.0657141 0.485446 0.10773 0.31537
0.0156019 0.0431409 0.599164 0.0787325 0.263361
0.0433211 0.0753484 0.441505 0.0848048 0.355021
0.0249867 0.0833847 0.486705 0.111783 0.29314
0.00733479 0.0669557 0.37684 0.20609 0.34278
9.9991E-05 0.0955237 0.185044 0.268497 0.450835
9.9991E-05 0.0877351 0.278581 0.255069 0.378515
9.9991E-05 0.0755415 0.22356 0.262003 0.438796
9.9991E-05 0.0981112 0.27477 0.243414 0.383605
9.9991E-05 0.0765789 0.294158 0.24315 0.386013
9.9991E-05 0.0665414 0.353507 0.217276 0.362576
0.0478761 0.0592588 0.427081 0.170799 0.294985
9.9991E-05 0.0874506 0.42825 0.173277 0.310923
9.997E-05 9.997E-05 9.997E-05 9.997E-05 0.9996
9.997E-05 9.997E-05 9.997E-05 9.997E-05 0.9996
9.997E-05 9.997E-05 9.997E-05 9.997E-05 0.9996
9.997E-05 9.997E-05 9.997E-05 9.997E-05 0.9996
9.997E-05 9.997E-05 9.997E-05 9.997E-05 0.9996
0.0212329 9.9982E-05 0.0164227 9.9982E-05 0.962144
9.997E-05 9.997E-05 9.997E-05 9.997E-05 0.9996
9.997E-05 9.997E-05 9.997E-05 9.997E-05 0.9996
9.997E-05 9.997E-05 9.997E-05 9.997E-05 0.9996
9.997E-05 9.997E-05 9.997E-05 9.997E-05 0.9996
9.997E-05 9.997E-05 9.997E-05 9.997E-05 0.9996
9.997E-05 9.997E-05 9.997E-05 9.997E-05 0.9996
