9.99201E-05 9.99201E-05 9.99201E-05 9.99201E-05 9.99201E-05 9.99201E-05 9.99201E-05 9.99201E-05 9.99201E-05 0.999101
9.9955E-05 0.0908014 0.533425 9.9955E-05 9.9955E-05 9.9955E-05 0.10976 0.0187516 9.9955E-05 0.246763
9.9946E-05 0.0798882 0.615893 9.9946E-05 9.9946E-05 9.9946E-05 0.0609339 9.9946E-05 9.9946E-05 0.242686
0.0560822 9.99461E-05 0.684299 9.99461E-05 9.99461E-05 0.053003 9.99461E-05 9.99461E-05 9.99461E-05 0.206016
0.103762 9.9973E-05 0.589033 9.9973E-05 0.06309 0.00346391 9.9973E-05 0.0717398 0.0470188 0.121593
0.152769 0.0245907 0.648359 9.9955E-05 9.9955E-05 0.0252345 9.9955E-05 9.9955E-05 9.9955E-05 0.148548
9.9937E-05 9.9937E-05 0.755703 0.00911875 9.9937E-05 9.9937E-05 9.9937E-05 9.9937E-05 9.9937E-05 0.234478
0.122704 0.089716 0.48643 0.0125836 0.00429844 9.9973E-05 0.0214969 9.9973E-05 9.9973E-05 0.262471
0.156162 0.0409381 0.601139 9.9964E-05 0.0246197 9.9964E-05 0.0111222 9.9964E-05 9.9964E-05 0.165619
9.99201E-05 9.99201E-05 9.99201E-05 9.99201E-05 9.99201E-05 9.99201E-05 9.99201E-05 9.99201E-05 9.99201E-05 0.999101
9.99201E-05 9.99201E-05 9.99201E-05 9.99201E-05 9.99201E-05 9.99201E-05 9.99201E-05 9.99201E-05 9.99201E-05 0.999101
9.99201E-05 9.99201E-05 9.99201E-05 9.99201E-05 9.99201E-05 9.99201E-05 9.99201E-05 9.99201E-05 9.99201E-05 0.999101
9.9928E-05 9.9928E-05 9.9928E-05 9.9928E-05 9.9928E-05 9.9928E-05 9.9928E-05 9.9928E-05 0.00554364 0.993657
9.9946E-05 9.9946E-05 0.057841 0.0102611 9.9946E-05 9.9946E-05 9.9946E-05 0.0347418 9.9946E-05 0.896556
0.0452417 0.0322467 9.9964E-05 0.0211793 9.9964E-05 9.9964E-05 9.9964E-05 0.00442778 0.00617062 0.890334
0.34306 0.0125976 0.427164 0.026785 9.9955E-05 9.9955E-05 9.9955E-05 9.9955E-05 9.9955E-05 0.189894
0.073674 0.11038 0.376122 0.0788385 0.0614572 9.9991E-05 0.0526334 0.0205738 0.0174103 0.208811
9.9973E-05 0.000538994 0.685826 9.9973E-05 9.9973E-05 0.0679396 0.0096244 0.00239864 0.0263963 0.206976
0.0600842 9.9955E-05 0.846179 9.9955E-05 0.0537811 9.9955E-05 9.9955E-05 0.038142 0.00131404 9.9955E-05
9.9946E-05 9.9946E-05 0.89522 9.9946E-05 9.9946E-05 0.0182808 9.9946E-05 0.0741206 0.0117793 9.9946E-05
9.9946E-05 9.9946E-05 0.853138 9.9946E-05 0.0525602 0.0683301 9.9946E-05 9.9946E-05 9.9946E-05 0.0253723
0.0594216 0.0461764 0.750018 9.9964E-05 9.9964E-05 9.9964E-05 0.012487 0.118577 0.0129199 9.9964E-05
9.9955E-05 0.0303908 0.820046 0.0381203 0.0332711 9.9955E-05 9.9955E-05 0.0776715 9.9955E-05 9.9955E-05
9.9946E-05 9.9946E-05 0.934793 9.9946E-05 9.9946E-05 9.9946E-05 9.9946E-05 0.0253762 0.0260486 0.013183
9.9964E-05 9.9964E-05 0.855902 0.071913 0.0453413 9.9964E-05 0.00172685 0.0142643 0.0104528 9.9964E-05
0.124932 0.00770246 0.582634 9.9973E-05 0.0301292 0.163093 9.9973E-05 0.027184 0.0640255 9.9973E-05
0.114802 0.0898204 0.661699 9.9964E-05 0.0861887 9.9964E-05 9.9964E-05 0.0370823 9.9964E-05 0.0100082
0.1056 9.9946E-05 0.876897 9.9946E-05 9.9946E-05 9.9946E-05 0.0135698 9.9946E-05 0.00333298 9.9946E-05
0.0813592 0.00527157 0.730416 9.9982E-05 0.0249459 0.076405 9.9982E-05 0.00794536 0.0402963 0.0331608
9.9937E-05 9.9937E-05 0.884045 9.9937E-05 9.9937E-05 0.0849705 9.9937E-05 9.9937E-05 9.9937E-05 0.0302845
9.996E-05 9.996E-05 0.883858 9.996E-05 0.00876408 0.0174826 9.996E-05 0.0470445 0.00559119 0.0368597
9.9955E-05 9.9955E-05 0.765764 0.0825046 0.0252993 9.9955E-05 0.030084 9.9955E-05 0.0958488 9.9955E-05
9.9946E-05 0.0224068 0.734922 9.9946E-05 9.9946E-05 0.203352 9.9946E-05 9.9946E-05 0.0387196 9.9946E-05
0.0495969 0.0922606 0.589331 0.0215523 0.0343743 0.0952432 9.9982E-05 9.9982E-05 0.0831187 0.0343234
9.9964E-05 0.0131271 0.798354 0.0210072 0.000478944 0.00274713 9.9964E-05 0.163886 9.9964E-05 9.9964E-05
0.0031373 9.9946E-05 0.87972 9.9946E-05 9.9946E-05 0.0803883 9.9946E-05 9.9946E-05 9.9946E-05 0.0361545
0.133206 9.9964E-05 0.507842 0.153788 0.00538342 0.140708 9.9964E-05 0.0586722 9.9964E-05 9.9964E-05
0.0901434 0.0264168 0.548574 9.9964E-05 0.0799311 0.200782 9.9964E-05 0.0537534 9.9964E-05 9.9964E-05
0.0558675 0.0741132 0.510837 0.0662809 0.0610547 0.19698 0.0345661 9.9973E-05 9.9973E-05 9.9973E-05
9.995E-05 9.995E-05 0.600491 0.0567361 0.0160419 0.312606 9.995E-05 0.0136253 9.995E-05 9.995E-05
0.77018 0.0481879 0.017138 9.9973E-05 0.00847162 0.0453483 0.0378951 9.9973E-05 0.0724788 9.9973E-05
0.672677 0.0161494 0.0318395 0.0208975 0.0535223 0.180962 9.9973E-05 9.9973E-05 0.0236524 9.9973E-05
0.553448 0.0493704 0.208845 9.9964E-05 9.9964E-05 9.9964E-05 0.0260894 9.9964E-05 0.11966 0.0421875
0.824839 0.0128545 0.082019 9.9964E-05 0.0368378 9.9964E-05 0.00141699 9.9964E-05 0.041633 9.9964E-05
0.342941 0.0475065 0.259313 0.130134 0.0405561 0.123769 9.997E-05 9.997E-05 0.0554807 9.997E-05
9.99201E-05 9.99201E-05 9.99201E-05 0.999101 9.99201E-05 9.99201E-05 9.99201E-05 9.99201E-05 9.99201E-05 9.99201E-05
9.99201E-05 9.99201E-05 9.99201E-05 0.999101 9.99201E-05 9.99201E-05 9.99201E-05 9.99201E-05 9.99201E-05 9.99201E-05
0.314832 0.0425646 0.44312 0.0584116 0.0356053 0.0285981 9.9982E-05 0.0332764 0.0433921 9.9982E-05
0.377289 0.0340201 0.16338 0.118117 0.078971 0.0826752 9.9982E-05 9.9982E-05 0.0680567 0.077291
0.339094 0.0148483 0.391934 0.0248761 0.0116456 0.0359779 0.0333541 0.00247192 0.068506 0.0772922
0.185319 0.0368933 0.232904 0.16035 0.0608603 0.260127 0.0242274 9.9982E-05 9.9982E-05 0.0391189
0.474539 0.0254397 0.215059 0.153674 0.026133 0.0504673 9.9982E-05 0.0265596 0.0279279 9.9982E-05
0.00858354 0.00242118 9.9973E-05 0.901136 0.0352349 9.9973E-05 9.9973E-05 0.0086467 0.0320518 0.0116261
0.174421 9.9973E-05 0.15354 0.116752 0.0243851 0.405375 9.9973E-05 0.0824069 9.9973E-05 0.0428196
0.135591 0.0112622 0.208158 0.120963 0.00784367 0.422499 0.00610659 0.0275199 0.0203952 0.0396607
0.497529 0.0682256 0.191987 0.104245 9.997E-05 0.0261733 0.00610025 9.997E-05 0.10544 9.997E-05
0.195095 0.0772881 0.15772 0.190266 0.0472898 0.195053 9.9991E-05 0.0287175 0.0288103 0.0796608
0.40751 9.9982E-05 0.214784 0.0756715 0.0559793 0.139582 0.0509291 0.0319184 0.0234254 9.9982E-05
9.99201E-05 9.99201E-05 9.99201E-05 0.999101 9.99201E-05 9.99201E-05 9.99201E-05 9.99201E-05 9.99201E-05 9.99201E-05
0.208247 0.0126959 0.266305 0.143663 0.0745592 0.256482 9.9973E-05 9.9973E-05 9.9973E-05 0.0377471
0.0920095 9.9982E-05 0.164252 0.469511 0.0715257 0.0744604 0.014404 0.0339312 0.0797058 9.9982E-05
0.465032 9.9982E-05 0.12552 0.116816 0.0369744 0.146901 0.0235262 9.9982E-05 0.0789865 0.00604433
0.572297 0.0476003 0.111525 0.0127463 0.0406972 0.135785 0.0485384 0.0306104 9.9982E-05 9.9982E-05
0.873261 9.9946E-05 9.9946E-05 0.00442678 0.0273568 9.9946E-05 9.9946E-05 0.094356 9.9946E-05 9.9946E-05
0.493738 9.9973E-05 0.125289 0.177632 0.0175059 0.101985 9.9973E-05 9.9973E-05 0.0515395 0.032011
0.989385 9.9928E-05 9.9928E-05 9.9928E-05 9.9928E-05 9.9928E-05 9.9928E-05 0.00981569 9.9928E-05 9.9928E-05
0.659544 9.9946E-05 9.9946E-05 0.0246763 9.9946E-05 0.292535 9.9946E-05 9.9946E-05 0.0226451 9.9946E-05
0.87708 9.9937E-05 9.9937E-05 9.9937E-05 9.9937E-05 9.9937E-05 0.0329521 0.0892687 9.9937E-05 9.9937E-05
0.599985 9.9955E-05 0.335903 9.9955E-05 0.000578841 0.0605454 9.9955E-05 9.9955E-05 0.00248779 9.9955E-05
0.987217 9.9928E-05 9.9928E-05 9.9928E-05 9.9928E-05 9.9928E-05 9.9928E-05 0.011984 9.9928E-05 9.9928E-05
0.527229 0.0511549 0.119178 0.13248 9.9982E-05 0.0430159 0.0558261 9.9982E-05 0.0238285 0.0470876
0.596961 0.0589306 0.0484394 0.0553057 0.0176641 0.140629 0.0165606 0.0181176 0.0472916 9.9991E-05
0.905266 9.9937E-05 9.9937E-05 9.9937E-05 0.018855 9.9937E-05 9.9937E-05 9.9937E-05 9.9937E-05 0.0751793
0.850231 9.9946E-05 9.9946E-05 9.9946E-05 0.0882465 0.029306 9.9946E-05 9.9946E-05 9.9946E-05 0.0316163
0.481856 0.0391233 0.0295666 0.077858 9.9982E-05 0.225258 9.9982E-05 0.0255891 0.0974018 0.0231474
0.754737 9.9955E-05 9.9955E-05 0.0762342 0.0599835 0.106962 9.9955E-05 9.9955E-05 9.9955E-05 0.00158338
0.800197 0.0130713 9.9955E-05 0.029387 9.9955E-05 0.118225 0.0386198 9.9955E-05 9.9955E-05 9.9955E-05
0.551564 0.0173557 0.0181185 9.9982E-05 9.9982E-05 0.12875 0.0697016 0.137684 0.0600479 0.0165781
0.0325972 9.9964E-05 0.046541 0.00259169 0.0174983 0.87711 9.9964E-05 0.023262 9.9964E-05 9.9964E-05
0.0454748 9.9937E-05 9.9937E-05 9.9937E-05 9.9937E-05 0.951983 0.00184236 9.9937E-05 9.9937E-05 9.9937E-05
0.0200206 0.00583678 9.9955E-05 0.068377 9.9955E-05 0.899964 9.9955E-05 9.9955E-05 0.00530191 9.9955E-05
0.0429491 0.00107548 9.9955E-05 0.00347178 9.9955E-05 0.946995 9.9955E-05 0.00500875 9.9955E-05 9.9955E-05
0.0663628 0.0181947 9.9937E-05 9.9937E-05 9.9937E-05 0.914743 9.9937E-05 9.9937E-05 9.9937E-05 9.9937E-05
0.194282 0.00690499 0.22266 9.9982E-05 0.038245 0.389231 0.0742758 0.00528654 0.0689145 9.9982E-05
0.153506 0.0240935 0.0775326 0.061113 0.0231294 0.486225 0.155553 9.9991E-05 0.00582339 0.0129248
0.174773 0.0757698 0.049229 0.0263251 0.0436514 0.514721 0.0669225 9.9991E-05 0.0346141 0.0138942
0.115635 0.0690153 0.193441 0.0423288 0.0550978 0.422065 0.0407354 0.00875947 0.0365086 0.0164137
0.24865 9.9973E-05 0.142127 9.9973E-05 0.0652971 0.392052 0.0370874 9.9973E-05 0.108589 0.00589693
0.193966 0.0607412 0.0362205 0.0308278 0.112975 0.374514 0.0800372 0.0535712 0.0570472 9.9991E-05
0.246183 0.0767984 0.0523008 9.9982E-05 0.106533 0.303738 0.0603107 9.9982E-05 0.12689 0.027047
0.260742 0.0382086 0.0306041 0.105673 9.9991E-05 0.151567 0.0870061 0.215856 0.0624603 0.0477828
0.198449 0.0474887 0.0923261 0.120649 9.9991E-05 0.1405 0.0436281 0.223529 0.0961212 0.0372094
0.0791357 0.0750826 0.0375391 0.071064 0.149819 0.353009 0.185231 9.9991E-05 0.0276169 0.0214028
9.99201E-05 9.99201E-05 9.99201E-05 9.99201E-05 9.99201E-05 9.99201E-05 0.999101 9.99201E-05 9.99201E-05 9.99201E-05
9.9955E-05 9.9955E-05 0.0215102 9.9955E-05 9.9955E-05 0.0389055 0.906586 9.9955E-05 0.00377711 0.0287216
0.00844698 9.998E-05 0.00214305 0.0206573 9.998E-05 0.0417014 0.79791 0.082724 0.0245644 0.0216527
9.99201E-05 9.99201E-05 9.99201E-05 9.99201E-05 9.99201E-05 9.99201E-05 0.999101 9.99201E-05 9.99201E-05 9.99201E-05
9.99201E-05 9.99201E-05 9.99201E-05 9.99201E-05 9.99201E-05 9.99201E-05 0.999101 9.99201E-05 9.99201E-05 9.99201E-05
9.99281E-05 9.99281E-05 9.99281E-05 9.99281E-05 9.99281E-05 9.99281E-05 0.998106 0.0010947 9.99281E-05 9.99281E-05
9.99281E-05 9.99281E-05 9.99281E-05 9.99281E-05 9.99281E-05 9.99281E-05 0.989227 9.99281E-05 0.00997376 9.99281E-05
9.9955E-05 0.0323155 0.0815642 0.0147714 0.000565124 9.9955E-05 0.870284 9.9955E-05 9.9955E-05 9.9955E-05
9.99281E-05 0.0067278 9.99281E-05 9.99281E-05 9.99281E-05 9.99281E-05 0.992473 9.99281E-05 9.99281E-05 9.99281E-05
9.9946E-05 9.9946E-05 9.9946E-05 9.9946E-05 0.00200851 0.00191434 0.994487 0.000990529 9.9946E-05 9.9946E-05
0.0601839 0.0991723 0.0920911 9.9982E-05 0.0836162 0.283454 0.0718167 0.0550687 0.254398 9.9982E-05
0.0341997 0.00426982 9.9955E-05 0.00708629 9.9955E-05 9.9955E-05 0.889662 0.0642819 9.9955E-05 9.9955E-05
9.99371E-05 9.99371E-05 9.99371E-05 9.99371E-05 0.0038092 0.0203184 0.975173 9.99371E-05 9.99371E-05 9.99371E-05
9.9946E-05 9.9946E-05 9.9946E-05 9.9946E-05 0.0183684 0.0189447 0.961617 9.9946E-05 9.9946E-05 0.000470623
9.99371E-05 9.99371E-05 9.99371E-05 9.99371E-05 0.00133262 0.997863 9.99371E-05 9.99371E-05 0.000105152 9.99371E-05
9.99201E-05 9.99201E-05 9.99201E-05 9.99201E-05 9.99201E-05 0.999101 9.99201E-05 9.99201E-05 9.99201E-05 9.99201E-05
9.99281E-05 9.99281E-05 9.99281E-05 9.99281E-05 9.99281E-05 0.998944 9.99281E-05 0.000256356 9.99281E-05 9.99281E-05
9.99201E-05 9.99201E-05 9.99201E-05 9.99201E-05 9.99201E-05 0.999101 9.99201E-05 9.99201E-05 9.99201E-05 9.99201E-05
9.9964E-05 9.9964E-05 9.9964E-05 0.0104635 0.0165767 0.892792 0.00563834 0.00431968 0.0698097 9.9964E-05
9.994E-05 9.994E-05 0.044145 9.994E-05 9.994E-05 0.846252 9.994E-05 0.0571853 0.0518184 9.994E-05
9.9964E-05 9.9964E-05 0.0617763 0.0558969 9.9964E-05 0.750812 0.0420641 0.0691566 9.9964E-05 0.019894
0.00222065 9.9955E-05 9.9955E-05 9.9955E-05 9.9955E-05 0.80193 0.0316799 0.064252 0.099418 9.9955E-05
9.9955E-05 0.0165924 9.9955E-05 9.9955E-05 0.00431499 0.892809 0.0779977 0.00778585 9.9955E-05 9.9955E-05
9.9955E-05 0.00851054 9.9955E-05 9.9955E-05 9.9955E-05 0.938155 0.0418662 0.00468242 0.00628558 9.9955E-05
0.0212456 0.0313291 0.0821382 9.9982E-05 0.0157797 0.760383 0.0194089 0.0369049 0.0326107 9.9982E-05
9.9964E-05 9.9964E-05 0.028582 9.9964E-05 0.00609856 0.881114 0.0475009 0.0263575 9.9964E-05 0.00994708
9.9973E-05 0.0348117 9.9973E-05 0.0335471 0.0275859 0.749143 9.9973E-05 0.0492547 0.0979067 0.00745112
0.0269722 0.0234951 0.0488005 0.00317038 0.0210039 0.73466 0.0393501 9.9982E-05 0.102348 9.9982E-05
0.0114368 0.0119188 0.00242896 0.00629155 0.0169663 0.00971095 0.00283799 0.00946464 0.928844 9.9991E-05
9.9973E-05 0.0097179 0.00168269 9.9973E-05 0.0524903 9.9973E-05 0.0437761 0.0427732 0.846007 0.00325295
9.9928E-05 9.9928E-05 9.9928E-05 9.9928E-05 9.9928E-05 9.9928E-05 0.00515951 9.9928E-05 0.994041 9.9928E-05
9.9937E-05 9.9937E-05 0.0236984 9.9937E-05 9.9937E-05 0.0287636 9.9937E-05 9.9937E-05 0.946838 9.9937E-05
9.99201E-05 9.99201E-05 9.99201E-05 9.99201E-05 9.99201E-05 9.99201E-05 9.99201E-05 9.99201E-05 0.999101 9.99201E-05
9.9928E-05 9.9928E-05 9.9928E-05 9.9928E-05 9.9928E-05 0.00656396 9.9928E-05 9.9928E-05 0.992637 9.9928E-05
9.9946E-05 9.9946E-05 9.9946E-05 0.0241031 9.9946E-05 0.0331486 9.9946E-05 0.0266505 0.915498 9.9946E-05
9.9964E-05 9.9964E-05 0.00207741 9.9964E-05 0.00591436 0.0207889 9.9964E-05 0.136712 0.787553 0.0465543
9.99201E-05 9.99201E-05 9.99201E-05 9.99201E-05 9.99201E-05 9.99201E-05 9.99201E-05 9.99201E-05 0.999101 9.99201E-05
9.99201E-05 9.99201E-05 9.99201E-05 9.99201E-05 9.99201E-05 9.99201E-05 9.99201E-05 9.99201E-05 0.999101 9.99201E-05
0.0312658 9.9955E-05 9.9955E-05 9.9955E-05 9.9955E-05 9.9955E-05 0.0109934 0.0659812 0.87825 0.0130102
9.99201E-05 9.99201E-05 9.99201E-05 9.99201E-05 9.99201E-05 9.99201E-05 9.99201E-05 9.99201E-05 0.999101 9.99201E-05
0.175206 0.115078 9.99706E-05 9.99706E-05 9.99706E-05 0.0180079 0.0103924 0.0224484 0.658468 9.99706E-05
9.99201E-05 0.999101 9.99201E-05 9.99201E-05 9.99201E-05 9.99201E-05 9.99201E-05 9.99201E-05 9.99201E-05 9.99201E-05
0.0499144 0.0467192 9.998E-05 0.0343312 0.0126036 0.633554 0.112661 0.0266474 0.0833686 9.998E-05
9.99201E-05 0.999101 9.99201E-05 9.99201E-05 9.99201E-05 9.99201E-05 9.99201E-05 9.99201E-05 9.99201E-05 9.99201E-05
9.99201E-05 0.999101 9.99201E-05 9.99201E-05 9.99201E-05 9.99201E-05 9.99201E-05 9.99201E-05 9.99201E-05 9.99201E-05
9.99461E-05 0.894372 9.99461E-05 0.0468537 9.99461E-05 9.99461E-05 9.99461E-05 0.0508816 0.00729318 9.99461E-05
0.115781 0.79429 0.0409115 0.00813775 9.9973E-05 9.9973E-05 0.034575 0.00246756 0.00353671 9.9973E-05
9.99201E-05 0.999101 9.99201E-05 9.99201E-05 9.99201E-05 9.99201E-05 9.99201E-05 9.99201E-05 9.99201E-05 9.99201E-05
9.99461E-05 0.862003 9.99461E-05 9.99461E-05 9.99461E-05 0.0318962 9.99461E-05 0.081691 9.99461E-05 0.0238098
9.9946E-05 0.961641 9.9946E-05 0.00631156 0.0221835 9.9946E-05 9.9946E-05 0.0092647 9.9946E-05 9.9946E-05
0.0378448 0.954395 9.99461E-05 9.99461E-05 0.0017248 9.99461E-05 9.99461E-05 9.99461E-05 0.00543603 9.99461E-05
9.99281E-05 0.99693 0.00227036 9.99281E-05 9.99281E-05 9.99281E-05 9.99281E-05 9.99281E-05 9.99281E-05 9.99281E-05
9.99201E-05 0.999101 9.99201E-05 9.99201E-05 9.99201E-05 9.99201E-05 9.99201E-05 9.99201E-05 9.99201E-05 9.99201E-05
9.9946E-05 0.90249 9.9946E-05 0.0196712 9.9946E-05 9.9946E-05 0.0225395 9.9946E-05 0.0546993 9.9946E-05
0.0154278 0.824824 9.9973E-05 0.022535 0.0343444 0.00471333 0.0570177 9.9973E-05 0.040838 9.9973E-05
0.0920915 0.837125 9.9964E-05 9.9964E-05 0.00354932 0.0293508 9.9964E-05 0.0209495 9.9964E-05 0.0165345
0.0435841 0.85424 9.9964E-05 9.9964E-05 9.9964E-05 0.0444822 0.00642266 0.0331397 0.0177319 9.9964E-05
0.0225686 0.816577 0.00598291 0.00479043 0.0332318 0.00199091 0.0274278 0.0624219 0.0048945 0.0201143
0.0359276 0.844395 0.0148878 0.00595447 0.0421329 9.9973E-05 0.0252042 9.9973E-05 9.9973E-05 0.0311981
0.00255928 0.93108 9.9973E-05 0.00583266 0.0114158 0.0385675 0.00578532 0.00445913 9.9973E-05 9.9973E-05
0.315967 0.0144462 9.9982E-05 9.9982E-05 0.237067 0.185362 0.0735988 0.0979224 0.0388881 0.036549
0.378482 0.0295684 0.0145307 9.9991E-05 0.206135 0.164784 0.0205022 0.159102 0.0189656 0.00783055
0.35903 0.0326027 9.9973E-05 9.9973E-05 0.256586 0.131301 0.0902445 0.11194 9.9973E-05 0.0179957
0.369735 0.0194786 9.9982E-05 9.9982E-05 0.247654 0.150561 0.0448784 0.132243 0.00507707 0.0301743
0.0142448 9.9964E-05 0.0385077 0.00708979 0.0138136 9.9964E-05 9.9964E-05 0.886517 0.0394275 9.9964E-05
9.99201E-05 9.99201E-05 9.99201E-05 9.99201E-05 9.99201E-05 9.99201E-05 9.99201E-05 0.999101 9.99201E-05 9.99201E-05
9.9946E-05 0.0102245 9.9946E-05 9.9946E-05 9.9946E-05 0.0116956 9.9946E-05 0.975928 0.00155211 9.9946E-05
9.99201E-05 9.99201E-05 9.99201E-05 9.99201E-05 9.99201E-05 9.99201E-05 9.99201E-05 0.999101 9.99201E-05 9.99201E-05
9.9928E-05 9.9928E-05 9.9928E-05 9.9928E-05 0.0110127 9.9928E-05 9.9928E-05 0.988188 9.9928E-05 9.9928E-05
9.9937E-05 9.9937E-05 9.9937E-05 9.9937E-05 9.9937E-05 0.0622159 0.0106912 0.926393 9.9937E-05 9.9937E-05
0.000155112 9.9946E-05 9.9946E-05 9.9946E-05 9.9946E-05 0.0615795 9.9946E-05 0.929 9.9946E-05 0.00866551
0.0334998 0.0297438 0.0516728 9.999E-05 0.0291359 0.0784146 0.0253694 0.693012 0.0283076 0.0307436
0.0516779 0.0337488 0.0730571 0.00844511 9.9955E-05 9.9955E-05 9.9955E-05 0.832571 9.9955E-05 9.9955E-05
9.99281E-05 9.99281E-05 9.99281E-05 9.99281E-05 0.987201 0.0119994 9.99281E-05 9.99281E-05 9.99281E-05 9.99281E-05
9.99201E-05 9.99201E-05 9.99201E-05 9.99201E-05 0.999101 9.99201E-05 9.99201E-05 9.99201E-05 9.99201E-05 9.99201E-05
9.99201E-05 9.99201E-05 9.99201E-05 9.99201E-05 0.999101 9.99201E-05 9.99201E-05 9.99201E-05 9.99201E-05 9.99201E-05
9.99201E-05 9.99201E-05 9.99201E-05 9.99201E-05 0.999101 9.99201E-05 9.99201E-05 9.99201E-05 9.99201E-05 9.99201E-05
9.99201E-05 9.99201E-05 9.99201E-05 9.99201E-05 0.999101 9.99201E-05 9.99201E-05 9.99201E-05 9.99201E-05 9.99201E-05
0.051144 9.9964E-05 9.9964E-05 0.0124311 0.850912 0.0439747 9.9964E-05 0.0183327 9.9964E-05 0.0228054
9.99371E-05 9.99371E-05 9.99371E-05 0.00703161 0.979258 0.0130112 9.99371E-05 9.99371E-05 9.99371E-05 9.99371E-05
9.99201E-05 9.99201E-05 9.99201E-05 9.99201E-05 0.999101 9.99201E-05 9.99201E-05 9.99201E-05 9.99201E-05 9.99201E-05
9.9946E-05 0.00148553 9.9946E-05 9.9946E-05 0.95744 9.9946E-05 9.9946E-05 0.0117155 9.9946E-05 0.0287591
0.0196496 0.0127693 9.9955E-05 0.0387489 0.882487 9.9955E-05 9.9955E-05 9.9955E-05 0.0458457 9.9955E-05
9.99201E-05 9.99201E-05 9.99201E-05 9.99201E-05 0.999101 9.99201E-05 9.99201E-05 9.99201E-05 9.99201E-05 9.99201E-05
9.9946E-05 9.9946E-05 9.9946E-05 9.9946E-05 0.993504 9.9946E-05 0.00188574 0.00345374 0.000556833 9.9946E-05
