9.99201E-05 0.999101 9.99201E-05 9.99201E-05 9.99201E-05 9.99201E-05 9.99201E-05 9.99201E-05 9.99201E-05 9.99201E-05
0.544979 0.276139 9.9955E-05 9.9955E-05 9.9955E-05 9.9955E-05 0.0795666 9.9955E-05 0.0109633 0.0878517
0.581238 0.224931 9.9946E-05 9.9946E-05 9.9946E-05 9.9946E-05 0.0968773 9.9946E-05 9.9946E-05 0.0963536
0.622447 0.227174 9.9964E-05 0.0564013 0.00527991 0.0851364 9.9964E-05 0.00316182 9.9964E-05 9.9964E-05
0.594488 0.134999 0.0339966 0.0673882 0.00108807 0.0626864 9.9982E-05 0.0919044 0.0132493 9.9982E-05
0.5786 0.159128 9.9955E-05 9.9955E-05 0.0953121 0.132633 9.9955E-05 9.9955E-05 9.9955E-05 0.0338266
0.727702 0.271498 9.99281E-05 9.99281E-05 9.99281E-05 9.99281E-05 9.99281E-05 9.99281E-05 9.99281E-05 9.99281E-05
0.489331 0.291782 9.9955E-05 9.9955E-05 9.9955E-05 0.122449 0.0175267 9.9955E-05 9.9955E-05 0.0784121
0.631515 0.170316 9.9964E-05 9.9964E-05 0.0749561 9.9964E-05 0.0245436 0.0354815 9.9964E-05 0.0627878
9.99201E-05 0.999101 9.99201E-05 9.99201E-05 9.99201E-05 9.99201E-05 9.99201E-05 9.99201E-05 9.99201E-05 9.99201E-05
9.99201E-05 0.999101 9.99201E-05 9.99201E-05 9.99201E-05 9.99201E-05 9.99201E-05 9.99201E-05 9.99201E-05 9.99201E-05
9.99201E-05 0.999101 9.99201E-05 9.99201E-05 9.99201E-05 9.99201E-05 9.99201E-05 9.99201E-05 9.99201E-05 9.99201E-05
9.99201E-05 0.999101 9.99201E-05 9.99201E-05 9.99201E-05 9.99201E-05 9.99201E-05 9.99201E-05 9.99201E-05 9.99201E-05
9.9937E-05 0.93034 0.067622 9.9937E-05 9.9937E-05 9.9937E-05 9.9937E-05 0.00133837 9.9937E-05 9.9937E-05
9.9937E-05 0.929618 0.0157706 9.9937E-05 9.9937E-05 0.0539119 9.9937E-05 9.9937E-05 9.9937E-05 9.9937E-05
0.488139 0.184235 9.9946E-05 9.9946E-05 9.9946E-05 0.259118 9.9946E-05 9.9946E-05 0.0679084 9.9946E-05
0.346482 0.178888 0.0679149 0.0956024 9.9982E-05 0.157878 0.0708855 0.0229296 9.9982E-05 0.0592194
0.605963 0.198506 0.00991247 0.0483172 0.0387292 0.0688671 9.9982E-05 0.00533513 9.9982E-05 0.0241692
0.869955 9.9955E-05 0.0320726 0.0323462 9.9955E-05 9.9955E-05 0.0392096 0.0259174 9.9955E-05 9.9955E-05
0.914031 9.99371E-05 0.0448963 0.0403728 9.99371E-05 9.99371E-05 9.99371E-05 9.99371E-05 9.99371E-05 9.99371E-05
0.87048 0.00764996 9.99371E-05 0.121171 9.99371E-05 9.99371E-05 9.99371E-05 9.99371E-05 9.99371E-05 9.99371E-05
0.796127 9.9964E-05 0.0817225 9.9964E-05 9.9964E-05 0.0180222 0.00922233 9.9964E-05 0.0498283 0.0446776
0.797732 9.9955E-05 0.0629715 0.0909635 9.9955E-05 9.9955E-05 9.9955E-05 0.0210678 9.9955E-05 0.0267651
0.860023 0.0147247 0.0469359 9.9955E-05 9.9955E-05 9.9955E-05 0.00723079 9.9955E-05 0.070586 9.9955E-05
0.914551 9.9946E-05 9.9946E-05 9.9946E-05 9.9946E-05 0.0620122 0.00863784 9.9946E-05 0.0141993 9.9946E-05
0.615303 9.9973E-05 0.00968666 0.00443248 0.121751 0.0921094 9.9973E-05 0.0525643 0.103853 9.9973E-05
0.652532 9.9982E-05 0.000430752 0.113393 0.0228703 0.0453746 9.9982E-05 0.0768418 0.00671934 0.0816381
0.904572 9.9937E-05 9.9937E-05 9.9937E-05 9.9937E-05 0.0473273 9.9937E-05 9.9937E-05 9.9937E-05 0.0474014
0.745322 0.0433672 0.017535 0.0835191 0.0147013 0.0133428 9.9991E-05 0.0247032 0.0551321 0.00227701
0.826878 0.021535 9.9937E-05 9.9937E-05 0.150888 9.9937E-05 9.9937E-05 9.9937E-05 9.9937E-05 9.9937E-05
0.84194 0.0381674 0.00236852 0.0643629 9.9955E-05 9.9955E-05 9.9955E-05 0.052661 9.9955E-05 9.9955E-05
0.783049 9.9982E-05 0.010139 0.0253541 9.9982E-05 0.0395635 0.0011654 0.0502054 0.0756465 0.0146775
0.722284 9.9973E-05 0.0112152 0.105668 0.0457017 9.9973E-05 9.9973E-05 0.0250848 0.035846 0.0539008
0.606037 0.0517847 0.0125055 9.9973E-05 0.137535 9.9973E-05 0.00569078 9.9973E-05 0.145177 0.04097
0.769694 9.9946E-05 0.127812 0.0776247 9.9946E-05 9.9946E-05 9.9946E-05 9.9946E-05 9.9946E-05 0.0242704
0.78956 0.026241 9.9937E-05 9.9937E-05 0.1835 9.9937E-05 9.9937E-05 9.9937E-05 9.9937E-05 9.9937E-05
0.527015 9.9964E-05 0.00663525 0.130155 0.054419 0.274379 9.9964E-05 0.00699624 9.9964E-05 9.9964E-05
0.51961 9.9973E-05 0.0268796 0.200561 0.101751 0.0138201 9.9973E-05 0.0757389 9.9973E-05 0.0613397
0.509987 9.9973E-05 9.9973E-05 0.188937 0.0379728 0.0825513 0.0127728 0.111915 9.9973E-05 0.0555643
0.546342 9.9964E-05 9.9964E-05 0.285442 0.0541086 0.05213 0.00663016 0.0549466 9.9964E-05 9.9964E-05
0.07061 9.9964E-05 9.9964E-05 9.9964E-05 0.0750505 0.647191 0.0610975 9.9964E-05 0.115895 0.0297566
0.111708 9.9973E-05 0.0395763 9.9973E-05 0.0570324 0.647081 9.9973E-05 0.014344 0.0705101 0.0594488
0.185229 0.0427851 9.9973E-05 9.9973E-05 0.0552391 0.51092 0.030405 9.9973E-05 0.086024 0.0890972
0.0978316 9.9973E-05 9.9973E-05 9.9973E-05 0.094386 0.648995 0.022169 0.0501038 0.0579296 0.0282846
0.21467 9.997E-05 9.997E-05 0.0768694 0.143909 0.459224 9.997E-05 0.0360281 0.0369892 0.0320104
9.99201E-05 9.99201E-05 9.99201E-05 9.99201E-05 9.99201E-05 0.999101 9.99201E-05 9.99201E-05 9.99201E-05 9.99201E-05
9.99201E-05 9.99201E-05 9.99201E-05 9.99201E-05 9.99201E-05 0.999101 9.99201E-05 9.99201E-05 9.99201E-05 9.99201E-05
0.409733 9.9973E-05 0.0132996 9.9973E-05 0.0158505 0.407957 9.9973E-05 0.0360571 0.0550558 0.0617475
0.159401 0.0823845 0.00103025 0.0124402 0.0505888 0.471045 9.9991E-05 0.0805626 0.110982 0.0314653
0.382043 0.0847343 0.0219919 0.0399604 0.00488628 0.300519 0.032772 0.0052369 0.0780335 0.0498226
0.243708 0.0272345 9.9964E-05 0.225876 9.9964E-05 0.41069 9.9964E-05 0.0486924 9.9964E-05 0.0433988
0.170045 9.9973E-05 0.0371089 9.9973E-05 0.0880884 0.636589 9.9973E-05 0.0221282 0.00222179 0.0435194
9.9955E-05 0.0164346 0.00247343 9.9955E-05 9.9955E-05 0.970593 9.9955E-05 0.00242714 9.9955E-05 0.00757178
0.188961 0.0329559 0.101705 0.175105 0.170122 0.260604 9.9991E-05 0.0493876 0.0173193 0.00374007
0.163416 0.0438004 0.0361081 0.218018 0.149684 0.287094 0.0413173 0.0198153 0.0406474 9.9991E-05
0.156117 9.998E-05 9.998E-05 0.0491036 0.0397367 0.577782 0.0254483 0.0241709 0.0619888 0.065453
0.197558 0.0687116 0.0063207 0.139413 9.9982E-05 0.340556 9.9982E-05 0.0945032 0.0919241 0.0608132
0.260794 9.9991E-05 0.025292 0.0993963 0.0631684 0.380546 0.0196097 0.107964 0.0428105 0.000319478
9.99201E-05 9.99201E-05 9.99201E-05 9.99201E-05 9.99201E-05 0.999101 9.99201E-05 9.99201E-05 9.99201E-05 9.99201E-05
0.198789 0.0268569 9.9964E-05 0.192907 9.9964E-05 0.430856 9.9964E-05 0.130562 9.9964E-05 0.0196299
0.118613 0.00591321 0.0118237 0.0459849 9.9973E-05 0.613885 9.9973E-05 0.122309 0.0811712 9.9973E-05
0.0972041 0.00579367 0.00300777 0.128665 9.9973E-05 0.645988 0.019995 9.9973E-05 0.0990467 9.9973E-05
0.0773439 9.9982E-05 0.0335793 9.9982E-05 0.100929 0.589314 0.0576783 0.0169139 0.0760043 0.0480373
9.99371E-05 9.99371E-05 0.0979974 9.99371E-05 9.99371E-05 0.888267 0.0130361 9.99371E-05 9.99371E-05 9.99371E-05
0.112263 0.0238969 9.9964E-05 0.100285 9.9964E-05 0.678437 9.9964E-05 0.0433513 0.0413671 9.9964E-05
9.9946E-05 9.9946E-05 0.0890425 9.9946E-05 9.9946E-05 0.869956 9.9946E-05 9.9946E-05 0.0122739 0.0281277
9.9964E-05 9.9964E-05 9.9964E-05 0.195652 0.0817392 0.673724 0.0390482 0.00478573 0.00465101 9.9964E-05
9.9946E-05 9.9946E-05 0.102972 9.9946E-05 9.9946E-05 0.826046 0.0497233 9.9946E-05 0.0206595 9.9946E-05
0.273275 9.9991E-05 0.0336143 0.0257784 0.1037 0.453065 0.0279959 0.040768 0.0204009 0.0213024
9.9973E-05 9.9973E-05 0.0498473 0.0243145 0.00628128 0.857625 0.0101441 9.9973E-05 0.0304721 0.0210153
0.159649 0.0368892 9.9982E-05 0.0159539 0.0206394 0.621502 0.101511 9.9982E-05 0.0147404 0.0289156
0.060017 9.9991E-05 0.0297778 0.155086 0.0750487 0.505747 0.0410379 0.035218 0.0414589 0.0565095
9.9955E-05 0.082491 0.00490002 0.0693307 9.9955E-05 0.83255 9.9955E-05 0.010229 9.9955E-05 9.9955E-05
9.9955E-05 0.039835 9.9955E-05 0.0667215 0.0157972 0.805815 9.9955E-05 0.071331 9.9955E-05 9.9955E-05
0.0201426 0.0374659 0.0226173 0.164116 0.108461 0.494518 9.9991E-05 0.00295207 0.10032 0.0493079
0.0311199 9.9973E-05 0.0373128 0.102154 0.0662557 0.671123 0.00223306 0.0895017 9.9973E-05 9.9973E-05
9.9964E-05 9.9964E-05 0.0329157 0.0416972 0.0287949 0.798479 0.0485603 9.9964E-05 9.9964E-05 0.0491532
9.9982E-05 0.0186699 0.116691 0.133116 0.0541432 0.506665 0.102481 9.9982E-05 0.03956 0.0284735
9.9937E-05 9.9937E-05 9.9937E-05 9.9937E-05 0.962809 9.9937E-05 0.0156878 0.020804 9.9937E-05 9.9937E-05
9.99201E-05 9.99201E-05 9.99201E-05 9.99201E-05 0.999101 9.99201E-05 9.99201E-05 9.99201E-05 9.99201E-05 9.99201E-05
9.99201E-05 9.99201E-05 9.99201E-05 9.99201E-05 0.999101 9.99201E-05 9.99201E-05 9.99201E-05 9.99201E-05 9.99201E-05
9.99201E-05 9.99201E-05 9.99201E-05 9.99201E-05 0.999101 9.99201E-05 9.99201E-05 9.99201E-05 9.99201E-05 9.99201E-05
9.99201E-05 9.99201E-05 9.99201E-05 9.99201E-05 0.999101 9.99201E-05 9.99201E-05 9.99201E-05 9.99201E-05 9.99201E-05
0.162758 9.9973E-05 9.9973E-05 0.156674 0.282704 0.165981 0.0676458 0.057356 0.106581 9.9973E-05
0.0483097 0.0508171 9.9982E-05 0.210898 0.238725 0.203863 0.143054 0.0216758 0.0824568 9.9982E-05
0.0293084 0.00490716 9.9991E-05 0.195225 0.191914 0.25713 0.122452 0.00624575 0.102643 0.0900759
0.189594 0.0354161 0.00792293 0.180085 0.24053 0.140779 0.0459981 0.0447974 0.0648491 0.050029
0.125677 9.9973E-05 9.9973E-05 0.204119 0.276678 0.138106 0.0791276 0.0437688 0.132224 9.9973E-05
9.9991E-05 0.0269494 0.0827801 0.244698 0.138825 0.27693 0.0612022 0.0669052 0.0385443 0.063066
0.0626771 9.9991E-05 0.0011995 0.162889 0.142722 0.194296 0.0875847 0.134775 0.122803 0.0909532
9.9973E-05 0.044504 0.171185 0.280422 9.9973E-05 0.352817 0.104494 9.9973E-05 0.0107206 0.0355578
9.9973E-05 0.0259899 0.128905 0.277564 9.9973E-05 0.441532 0.0360661 9.9973E-05 0.0512166 0.0384269
0.0342826 0.022313 9.9991E-05 0.241333 0.0205738 0.204093 0.160947 0.180901 0.0510808 0.0843761
9.9937E-05 9.9937E-05 9.9937E-05 0.0208076 9.9937E-05 9.9937E-05 0.965314 9.9937E-05 0.0131786 9.9937E-05
0.0386613 0.00264436 0.0188612 0.000590706 0.0270683 9.9973E-05 0.886726 9.9973E-05 0.0251484 9.9973E-05
9.9964E-05 0.00960769 0.0745832 0.121888 9.9964E-05 0.0227251 0.765438 9.9964E-05 9.9964E-05 0.00535776
9.99201E-05 9.99201E-05 9.99201E-05 9.99201E-05 9.99201E-05 9.99201E-05 0.999101 9.99201E-05 9.99201E-05 9.99201E-05
9.99201E-05 9.99201E-05 9.99201E-05 9.99201E-05 9.99201E-05 9.99201E-05 0.999101 9.99201E-05 9.99201E-05 9.99201E-05
9.99201E-05 9.99201E-05 9.99201E-05 9.99201E-05 9.99201E-05 9.99201E-05 0.999101 9.99201E-05 9.99201E-05 9.99201E-05
9.99281E-05 9.99281E-05 9.99281E-05 0.00459187 9.99281E-05 9.99281E-05 0.994609 9.99281E-05 9.99281E-05 9.99281E-05
0.0776497 0.00199529 9.99551E-05 9.99551E-05 0.0310168 9.99551E-05 0.885511 9.99551E-05 9.99551E-05 0.00332742
9.99371E-05 0.0249401 9.99371E-05 9.99371E-05 9.99371E-05 9.99371E-05 0.9661 0.00825985 9.99371E-05 9.99371E-05
9.99201E-05 9.99201E-05 9.99201E-05 9.99201E-05 9.99201E-05 9.99201E-05 0.999101 9.99201E-05 9.99201E-05 9.99201E-05
0.0640289 9.9991E-05 0.0608685 0.314596 0.0454404 0.0439905 0.0612875 0.0764405 0.265509 0.0677394
9.9946E-05 9.9946E-05 0.0453796 9.9946E-05 9.9946E-05 0.0723269 0.881367 0.00032724 9.9946E-05 9.9946E-05
9.99281E-05 9.99281E-05 9.99281E-05 9.99281E-05 0.00525638 9.99281E-05 0.993944 9.99281E-05 9.99281E-05 9.99281E-05
9.9946E-05 9.9946E-05 0.00486503 0.0203708 9.9946E-05 9.9946E-05 0.966606 0.00755833 9.9946E-05 9.9946E-05
9.99201E-05 9.99201E-05 9.99201E-05 0.999101 9.99201E-05 9.99201E-05 9.99201E-05 9.99201E-05 9.99201E-05 9.99201E-05
9.99201E-05 9.99201E-05 9.99201E-05 0.999101 9.99201E-05 9.99201E-05 9.99201E-05 9.99201E-05 9.99201E-05 9.99201E-05
9.99201E-05 9.99201E-05 9.99201E-05 0.999101 9.99201E-05 9.99201E-05 9.99201E-05 9.99201E-05 9.99201E-05 9.99201E-05
9.99201E-05 9.99201E-05 9.99201E-05 0.999101 9.99201E-05 9.99201E-05 9.99201E-05 9.99201E-05 9.99201E-05 9.99201E-05
9.9982E-05 9.9982E-05 0.0430591 0.678936 0.0966556 0.00485802 0.0132452 0.028462 0.0837465 0.0508378
0.122076 9.9964E-05 0.0754487 0.682029 0.0477506 9.9964E-05 9.9964E-05 0.00232769 0.0699689 9.9964E-05
0.0513758 9.9973E-05 0.0297016 0.689872 0.0101436 0.107063 0.0690104 9.9973E-05 0.0425337 9.9973E-05
9.997E-05 9.997E-05 0.0787198 0.691921 0.0755483 0.033376 0.0267274 0.0052082 0.0881995 9.997E-05
9.9955E-05 9.9955E-05 0.0826763 0.757614 0.0656661 9.9955E-05 0.0736971 9.9955E-05 9.9955E-05 0.0198462
9.9964E-05 9.9964E-05 0.0263265 0.818361 0.0691398 9.9964E-05 0.0595377 9.9964E-05 0.000397991 0.0258369
0.0714075 9.998E-05 0.0390162 0.478627 0.188212 9.998E-05 0.0387232 0.0896403 0.0377275 0.0564454
9.9955E-05 9.9955E-05 0.0591931 0.769906 0.0547598 9.9955E-05 0.0730141 9.9955E-05 9.9955E-05 0.0426271
9.998E-05 0.0121495 0.0454936 0.542907 0.138104 0.0885975 9.998E-05 0.0528065 0.0627358 0.0570056
0.0269675 9.9991E-05 0.0128523 0.594331 0.0651258 0.0546645 0.0448341 0.032762 0.115837 0.0525257
9.997E-05 0.00934845 0.0189423 0.0211158 0.0265393 9.997E-05 9.997E-05 0.0150328 0.904718 0.00400398
9.99461E-05 0.000677035 9.99461E-05 9.99461E-05 9.99461E-05 9.99461E-05 0.0302557 0.0819157 0.886552 9.99461E-05
9.99201E-05 9.99201E-05 9.99201E-05 9.99201E-05 9.99201E-05 9.99201E-05 9.99201E-05 9.99201E-05 0.999101 9.99201E-05
9.9937E-05 9.9937E-05 9.9937E-05 0.0324762 9.9937E-05 9.9937E-05 9.9937E-05 0.0121619 0.954662 9.9937E-05
9.9928E-05 9.9928E-05 9.9928E-05 9.9928E-05 9.9928E-05 9.9928E-05 9.9928E-05 0.00663336 0.992567 9.9928E-05
9.99201E-05 9.99201E-05 9.99201E-05 9.99201E-05 9.99201E-05 9.99201E-05 9.99201E-05 9.99201E-05 0.999101 9.99201E-05
9.99201E-05 9.99201E-05 9.99201E-05 9.99201E-05 9.99201E-05 9.99201E-05 9.99201E-05 9.99201E-05 0.999101 9.99201E-05
0.0327309 0.0326174 0.0774932 9.996E-05 0.037955 0.116052 9.996E-05 9.996E-05 0.702751 9.996E-05
9.99281E-05 9.99281E-05 9.99281E-05 9.99281E-05 9.99281E-05 9.99281E-05 9.99281E-05 9.99281E-05 0.986654 0.0125466
9.99201E-05 9.99201E-05 9.99201E-05 9.99201E-05 9.99201E-05 9.99201E-05 9.99201E-05 9.99201E-05 0.999101 9.99201E-05
9.99551E-05 0.0330752 0.092706 9.99551E-05 9.99551E-05 9.99551E-05 0.0115495 9.99551E-05 0.855638 0.00653152
9.9946E-05 9.9946E-05 9.9946E-05 0.022428 9.9946E-05 9.9946E-05 0.00219832 0.0112628 0.963511 9.9946E-05
9.9955E-05 9.9955E-05 0.0521109 9.9955E-05 9.9955E-05 0.126998 0.00757231 9.9955E-05 0.694818 0.118
9.99201E-05 9.99201E-05 9.99201E-05 9.99201E-05 9.99201E-05 9.99201E-05 9.99201E-05 9.99201E-05 9.99201E-05 0.999101
9.998E-05 9.998E-05 0.0263491 0.340919 0.165047 0.145852 0.13319 0.052231 0.0662591 0.0699537
9.9937E-05 9.9937E-05 9.9937E-05 0.0171843 9.9937E-05 9.9937E-05 9.9937E-05 0.00379415 9.9937E-05 0.978322
9.99201E-05 9.99201E-05 9.99201E-05 9.99201E-05 9.99201E-05 9.99201E-05 9.99201E-05 9.99201E-05 9.99201E-05 0.999101
9.99371E-05 9.99371E-05 0.0717848 9.99371E-05 9.99371E-05 9.99371E-05 0.016021 9.99371E-05 9.99371E-05 0.911495
0.0238554 9.9964E-05 9.9964E-05 9.9964E-05 9.9964E-05 0.0727674 0.0443341 0.018394 0.0687065 0.771543
9.99201E-05 9.99201E-05 9.99201E-05 9.99201E-05 9.99201E-05 9.99201E-05 9.99201E-05 9.99201E-05 9.99201E-05 0.999101
9.99461E-05 9.99461E-05 0.0252621 9.99461E-05 0.078056 0.0507627 9.99461E-05 9.99461E-05 9.99461E-05 0.84532
9.99281E-05 9.99281E-05 9.99281E-05 9.99281E-05 9.99281E-05 9.99281E-05 0.0118847 9.99281E-05 9.99281E-05 0.987316
0.00813805 9.9946E-05 9.9946E-05 0.00966438 9.9946E-05 9.9946E-05 9.9946E-05 9.9946E-05 0.0129134 0.968684
9.99201E-05 9.99201E-05 9.99201E-05 9.99201E-05 9.99201E-05 9.99201E-05 9.99201E-05 9.99201E-05 9.99201E-05 0.999101
9.99201E-05 9.99201E-05 9.99201E-05 9.99201E-05 9.99201E-05 9.99201E-05 9.99201E-05 9.99201E-05 9.99201E-05 0.999101
0.0183703 9.9955E-05 9.9955E-05 9.9955E-05 0.0137571 9.9955E-05 0.0353364 9.9955E-05 0.0201753 0.911861
9.99551E-05 9.99551E-05 9.99551E-05 0.0949878 9.99551E-05 9.99551E-05 0.019757 0.0280128 0.0408086 0.815934
9.9946E-05 0.0169327 0.0324443 0.0292543 9.9946E-05 9.9946E-05 9.9946E-05 9.9946E-05 9.9946E-05 0.920769
9.9973E-05 9.9973E-05 0.0219974 9.9973E-05 0.0206026 0.073834 0.00307241 0.0154234 0.0156422 0.849128
9.9955E-05 9.9955E-05 0.0216219 0.0753578 9.9955E-05 0.0437098 9.9955E-05 0.0628222 9.9955E-05 0.795989
9.9955E-05 0.0104784 9.9955E-05 9.9955E-05 0.00411225 0.048871 9.9955E-05 0.0602951 9.9955E-05 0.875743
0.00622842 9.996E-05 9.996E-05 0.0488193 0.0183993 9.996E-05 9.996E-05 0.00493447 0.032637 0.888582
9.999E-05 0.0461942 0.104904 0.0304813 0.202941 0.149554 0.0710708 0.276958 0.0832542 0.034542
0.00475674 0.0396845 0.124205 0.0933361 0.188008 0.153598 0.00994706 0.212602 0.089355 0.0845071
9.999E-05 0.0366636 0.10513 0.0625249 0.154689 0.216459 0.0949584 0.279055 0.000638144 0.0497823
9.999E-05 0.0566499 0.108737 0.00132466 0.168259 0.194094 0.0688738 0.307296 0.0332901 0.0613763
0.00595905 9.9937E-05 0.938217 9.9937E-05 9.9937E-05 9.9937E-05 9.9937E-05 9.9937E-05 0.0551246 9.9937E-05
9.99201E-05 9.99201E-05 0.999101 9.99201E-05 9.99201E-05 9.99201E-05 9.99201E-05 9.99201E-05 9.99201E-05 9.99201E-05
9.9937E-05 9.9937E-05 0.95597 0.0185196 0.0248104 9.9937E-05 9.9937E-05 9.9937E-05 9.9937E-05 9.9937E-05
9.99201E-05 9.99201E-05 0.999101 9.99201E-05 9.99201E-05 9.99201E-05 9.99201E-05 9.99201E-05 9.99201E-05 9.99201E-05
9.9946E-05 9.9946E-05 0.948454 9.9946E-05 9.9946E-05 9.9946E-05 0.0298888 0.0191587 9.9946E-05 0.00189853
9.995E-05 9.995E-05 0.934662 0.00883703 9.995E-05 0.00385945 0.0492621 0.00287938 9.995E-05 9.995E-05
9.995E-05 9.995E-05 0.888683 9.995E-05 0.0315808 9.995E-05 0.0308982 0.0314097 9.995E-05 0.0169281
0.0826367 0.0216252 0.710379 0.0753194 9.9973E-05 9.9973E-05 9.9973E-05 0.0324303 0.0248622 0.0524473
0.0493737 0.0122929 0.859789 0.0437645 9.9955E-05 0.0342802 9.9955E-05 9.9955E-05 9.9955E-05 9.9955E-05
9.99309E-05 9.99309E-05 9.99309E-05 9.99309E-05 0.0254645 9.99309E-05 9.99309E-05 0.973736 9.99309E-05 9.99309E-05
9.99201E-05 9.99201E-05 9.99201E-05 9.99201E-05 9.99201E-05 9.99201E-05 9.99201E-05 0.999101 9.99201E-05 9.99201E-05
9.99201E-05 9.99201E-05 9.99201E-05 9.99201E-05 9.99201E-05 9.99201E-05 9.99201E-05 0.999101 9.99201E-05 9.99201E-05
9.99201E-05 9.99201E-05 9.99201E-05 9.99201E-05 9.99201E-05 9.99201E-05 9.99201E-05 0.999101 9.99201E-05 9.99201E-05
9.99201E-05 9.99201E-05 9.99201E-05 9.99201E-05 9.99201E-05 9.99201E-05 9.99201E-05 0.999101 9.99201E-05 9.99201E-05
9.9964E-05 0.00885982 0.0123674 0.0780444 0.0409924 9.9964E-05 9.9964E-05 0.828789 9.9964E-05 0.0305476
9.99201E-05 9.99201E-05 9.99201E-05 9.99201E-05 9.99201E-05 9.99201E-05 9.99201E-05 0.999101 9.99201E-05 9.99201E-05
9.99281E-05 9.99281E-05 9.99281E-05 0.00478633 9.99281E-05 9.99281E-05 9.99281E-05 0.994414 9.99281E-05 9.99281E-05
9.99281E-05 0.00573811 9.99281E-05 9.99281E-05 9.99281E-05 9.99281E-05 9.99281E-05 0.993462 9.99281E-05 9.99281E-05
9.9964E-05 0.000696781 9.9964E-05 0.00251051 9.9964E-05 0.0206283 0.00852428 0.922329 0.0449112 9.9964E-05
9.99201E-05 9.99201E-05 9.99201E-05 9.99201E-05 9.99201E-05 9.99201E-05 9.99201E-05 0.999101 9.99201E-05 9.99201E-05
9.99281E-05 9.99281E-05 9.99281E-05 9.99281E-05 9.99281E-05 0.0023558 9.99281E-05 0.996845 9.99281E-05 9.99281E-05
