9.99201E-05 0.999101 9.99201E-05 9.99201E-05 9.99201E-05 9.99201E-05 9.99201E-05 9.99201E-05 9.99201E-05 9.99201E-05
9.9946E-05 0.26038 0.090326 9.9946E-05 0.0688578 9.9946E-05 9.9946E-05 0.579836 9.9946E-05 9.9946E-05
9.9946E-05 0.236542 0.0803225 9.9946E-05 0.0923882 9.9946E-05 9.9946E-05 0.590147 9.9946E-05 9.9946E-05
9.99461E-05 0.179169 9.99461E-05 0.0967819 9.99461E-05 9.99461E-05 9.99461E-05 0.711596 0.0118537 9.99461E-05
0.0520729 0.0858223 9.9964E-05 0.0572791 9.9964E-05 9.9964E-05 0.0739363 0.698602 0.0318878 9.9964E-05
9.9964E-05 0.173733 0.0226169 0.195682 0.0298588 9.9964E-05 9.9964E-05 0.543295 9.9964E-05 0.0344143
9.9937E-05 0.266037 9.9937E-05 9.9937E-05 0.00809579 9.9937E-05 9.9937E-05 0.725168 9.9937E-05 9.9937E-05
9.9964E-05 0.25471 0.0106974 0.101426 0.0473651 0.00283639 9.9964E-05 0.582566 9.9964E-05 9.9964E-05
0.0275327 0.172084 0.0209124 0.0222687 0.0568478 9.9973E-05 9.9973E-05 0.667614 9.9973E-05 0.0324411
9.99201E-05 0.999101 9.99201E-05 9.99201E-05 9.99201E-05 9.99201E-05 9.99201E-05 9.99201E-05 9.99201E-05 9.99201E-05
9.99201E-05 0.999101 9.99201E-05 9.99201E-05 9.99201E-05 9.99201E-05 9.99201E-05 9.99201E-05 9.99201E-05 9.99201E-05
9.99201E-05 0.999101 9.99201E-05 9.99201E-05 9.99201E-05 9.99201E-05 9.99201E-05 9.99201E-05 9.99201E-05 9.99201E-05
9.9937E-05 0.993443 0.000340544 9.9937E-05 0.00551657 9.9937E-05 9.9937E-05 9.9937E-05 9.9937E-05 9.9937E-05
0.0388979 0.891289 9.9937E-05 9.9937E-05 9.9937E-05 9.9937E-05 0.0691137 9.9937E-05 9.9937E-05 9.9937E-05
9.9955E-05 0.917974 0.00802796 0.0260964 9.9955E-05 0.0413885 0.00601374 9.9955E-05 9.9955E-05 9.9955E-05
0.0502862 0.174297 9.9964E-05 0.252459 0.00359131 0.0199629 9.9964E-05 0.499004 9.9964E-05 9.9964E-05
0.06237 0.178668 0.0129272 0.0911944 0.0572523 9.9982E-05 0.0623215 0.421296 0.113771 9.9982E-05
9.9955E-05 0.185998 0.00500393 0.0485552 9.9955E-05 9.9955E-05 9.9955E-05 0.657191 0.102752 9.9955E-05
0.0332766 9.9946E-05 9.9946E-05 0.0011557 9.9946E-05 9.9946E-05 0.0751964 0.889772 9.9946E-05 9.9946E-05
9.99371E-05 9.99371E-05 9.99371E-05 9.99371E-05 9.99371E-05 9.99371E-05 0.0469894 0.870258 0.0820526 9.99371E-05
0.00644313 0.0292307 9.9946E-05 9.9946E-05 9.9946E-05 9.9946E-05 9.9946E-05 0.814925 0.148801 9.9946E-05
9.9964E-05 9.9964E-05 0.0299408 0.0656835 0.0488451 9.9964E-05 0.062936 0.77955 9.9964E-05 0.0126448
0.0395656 9.9955E-05 9.9955E-05 9.9955E-05 0.00818256 9.9955E-05 0.0901651 0.797574 0.064013 9.9955E-05
9.9937E-05 9.9937E-05 9.9937E-05 9.9937E-05 9.9937E-05 0.0446762 9.9937E-05 0.94672 9.9937E-05 0.0079047
0.0368443 9.9964E-05 0.0193166 0.130166 9.9964E-05 0.0127373 9.9964E-05 0.779997 9.9964E-05 0.020539
0.0354459 9.9973E-05 9.9973E-05 0.116239 9.9973E-05 0.069206 0.0107451 0.603995 0.0326378 0.131432
0.109363 9.9964E-05 9.9964E-05 0.0273883 0.0663842 9.9964E-05 0.0147729 0.663636 0.118056 9.9964E-05
9.9955E-05 9.9955E-05 9.9955E-05 0.071408 0.0194057 0.016601 9.9955E-05 0.883801 9.9955E-05 0.00828494
0.0431513 0.0320512 9.9991E-05 0.0200417 0.0098123 0.055825 0.0149034 0.745589 0.0577219 0.0208044
9.9937E-05 0.0110124 9.9937E-05 9.9937E-05 9.9937E-05 9.9937E-05 9.9937E-05 0.818163 9.9937E-05 0.170125
0.0169054 0.0204494 9.9955E-05 9.9955E-05 9.9955E-05 9.9955E-05 0.0490034 0.850722 0.0624195 9.9955E-05
0.052685 9.9964E-05 0.00594353 0.100937 9.9964E-05 0.0872278 9.9964E-05 0.748647 9.9964E-05 0.00416045
0.0239696 9.9991E-05 0.00994024 0.017879 0.0396054 0.0223073 0.0167007 0.753509 0.0784941 0.0374947
0.0106525 0.0317814 9.9982E-05 0.043035 0.0534407 0.104204 9.9982E-05 0.612069 0.052562 0.0920556
9.9955E-05 9.9955E-05 9.9955E-05 0.0258044 0.0617717 0.0167608 0.117006 0.778157 9.9955E-05 9.9955E-05
9.9937E-05 0.0414444 9.9937E-05 9.9937E-05 9.9937E-05 9.9937E-05 9.9937E-05 0.805968 9.9937E-05 0.151888
9.9955E-05 9.9955E-05 9.9955E-05 0.352065 9.9955E-05 9.9955E-05 0.0118234 0.459688 0.153363 0.0225606
0.0644098 0.000596114 9.9991E-05 0.103411 0.00949841 0.00416207 0.0468737 0.475809 0.257773 0.0373664
0.0747693 9.9973E-05 0.0353992 0.0586382 0.0683825 9.9973E-05 9.9973E-05 0.52228 0.200489 0.0397417
0.00849503 9.9973E-05 0.00206427 0.0299831 9.9973E-05 0.00390465 9.9973E-05 0.545221 0.339641 0.0703909
9.9964E-05 9.9964E-05 0.0820749 0.713096 0.0345476 0.0883683 9.9964E-05 0.0530819 0.028432 9.9964E-05
0.00856047 0.00977464 0.0448475 0.758608 0.0541337 0.00826647 9.9991E-05 0.0149916 0.0618143 0.0389029
9.9964E-05 0.0308421 0.0774576 0.549549 0.101208 0.0595335 9.9964E-05 0.18101 9.9964E-05 9.9964E-05
0.0155711 9.9973E-05 0.038036 0.792353 0.0205511 0.0564549 9.9973E-05 0.0427575 9.9973E-05 0.0339765
0.060797 9.9973E-05 9.9973E-05 0.510063 0.0624155 0.0472372 9.9973E-05 0.19967 0.0544606 0.0650562
9.99201E-05 9.99201E-05 9.99201E-05 0.999101 9.99201E-05 9.99201E-05 9.99201E-05 9.99201E-05 9.99201E-05 9.99201E-05
9.99201E-05 9.99201E-05 9.99201E-05 0.999101 9.99201E-05 9.99201E-05 9.99201E-05 9.99201E-05 9.99201E-05 9.99201E-05
0.039883 9.9973E-05 9.9973E-05 0.51896 0.0310518 0.040488 0.0359519 0.320975 0.0123902 9.9973E-05
0.0739954 0.0619177 9.9991E-05 0.491131 0.0578262 0.079756 0.010406 0.173915 0.0288699 0.0220828
0.0256675 0.0831306 0.0438619 0.338389 0.00428633 0.0909881 0.0125268 0.40095 9.9982E-05 9.9982E-05
0.0536196 0.0344118 0.0147345 0.400509 0.0431423 9.9982E-05 9.9982E-05 0.229287 0.220906 0.00318913
0.0329321 0.00166745 9.9982E-05 0.636551 0.0341938 0.0120315 0.0177627 0.206261 9.9982E-05 0.0583999
9.9964E-05 0.000726526 9.9964E-05 0.927451 0.00955182 0.019718 0.0160177 0.0261349 9.9964E-05 9.9964E-05
0.0403575 0.058518 9.9982E-05 0.307105 9.9982E-05 0.0304658 0.0740136 0.176241 0.225492 0.0876062
0.0253687 0.0643953 0.0327667 0.270275 0.00114565 0.050507 0.0448994 0.199808 0.167139 0.143695
0.0204848 9.9982E-05 0.0127207 0.530721 0.0698413 0.117348 9.9982E-05 0.158965 0.0838609 0.00585861
0.075561 0.0659772 9.9982E-05 0.371058 0.0709845 0.0111632 9.9982E-05 0.155357 0.220953 0.0287455
0.0704161 9.9973E-05 0.0117434 0.625664 9.9973E-05 9.9973E-05 0.00888087 0.164156 0.0980961 0.0207439
0.0042481 9.9928E-05 9.9928E-05 0.994952 9.9928E-05 9.9928E-05 9.9928E-05 9.9928E-05 9.9928E-05 9.9928E-05
0.118336 0.0194209 9.9973E-05 0.447084 9.9973E-05 9.9973E-05 0.00236091 0.202647 0.199945 0.00990584
0.0916905 0.0100449 9.9964E-05 0.673302 9.9964E-05 0.0562517 0.0126479 0.155663 9.9964E-05 9.9964E-05
9.9964E-05 0.0180672 0.0471804 0.591713 9.9964E-05 0.0975328 9.9964E-05 0.0700786 0.175029 9.9964E-05
0.0298708 0.00373206 0.0571663 0.632617 0.0437631 0.0200812 0.0111615 0.0817612 0.0414027 0.078444
0.00356309 9.9955E-05 9.9955E-05 0.880007 0.0127764 0.0285177 0.0746364 9.9955E-05 9.9955E-05 9.9955E-05
0.0420345 0.00802967 9.9964E-05 0.663647 9.9964E-05 0.0302795 9.9964E-05 0.120528 0.135082 9.9964E-05
9.9937E-05 9.9937E-05 9.9937E-05 0.915356 0.0122524 9.9937E-05 0.0716919 9.9937E-05 9.9937E-05 9.9937E-05
9.9946E-05 9.9946E-05 0.00148609 0.699293 9.9946E-05 9.9946E-05 9.9946E-05 9.9946E-05 0.208395 0.0902254
9.99461E-05 9.99461E-05 0.0235659 0.871893 9.99461E-05 0.00750684 0.0964347 9.99461E-05 9.99461E-05 9.99461E-05
0.00433128 9.9991E-05 0.00750479 0.57245 0.01145 0.00224563 0.0226453 0.220627 0.0874487 0.0711975
9.9937E-05 9.9937E-05 9.9937E-05 0.913804 9.9937E-05 0.0157832 0.0697133 9.9937E-05 9.9937E-05 9.9937E-05
9.9973E-05 0.059584 0.0588976 0.651128 0.0709993 0.0663173 9.9973E-05 0.0587533 0.0340203 9.9973E-05
0.0155665 9.9991E-05 0.00933672 0.557229 0.0571268 0.058264 0.0484133 0.0288917 0.166051 0.0590202
0.0391742 0.0723666 9.9955E-05 0.829497 0.00626355 9.9955E-05 9.9955E-05 9.9955E-05 0.0521988 9.9955E-05
0.0827906 0.0201514 9.9964E-05 0.783631 9.9964E-05 9.9964E-05 9.9964E-05 0.0175912 0.0273042 0.0681315
0.00816531 0.0530085 9.9982E-05 0.510606 0.0339848 0.0672822 0.0226628 9.9982E-05 0.253054 0.0510356
0.0751268 9.9964E-05 9.9964E-05 0.711384 9.9964E-05 0.00232964 0.0043948 9.9964E-05 0.110811 0.0955543
9.9964E-05 9.9964E-05 0.00649363 0.817769 9.9964E-05 9.9964E-05 0.0481278 0.00213703 0.0927634 0.0323096
9.9973E-05 9.9973E-05 0.0875921 0.552549 9.9973E-05 0.00807262 0.0964266 0.0210818 0.166346 0.0676327
0.025834 9.9946E-05 9.9946E-05 9.9946E-05 0.00605365 9.9946E-05 0.0073276 9.9946E-05 9.9946E-05 0.960185
9.9928E-05 9.9928E-05 0.00175025 9.9928E-05 9.9928E-05 9.9928E-05 9.9928E-05 9.9928E-05 9.9928E-05 0.99745
9.9928E-05 0.00662854 9.9928E-05 9.9928E-05 9.9928E-05 9.9928E-05 9.9928E-05 9.9928E-05 9.9928E-05 0.992572
9.99201E-05 9.99201E-05 9.99201E-05 9.99201E-05 9.99201E-05 9.99201E-05 9.99201E-05 9.99201E-05 9.99201E-05 0.999101
9.99201E-05 9.99201E-05 9.99201E-05 9.99201E-05 9.99201E-05 9.99201E-05 9.99201E-05 9.99201E-05 9.99201E-05 0.999101
9.9964E-05 9.9964E-05 0.078377 0.219648 9.9964E-05 0.100822 9.9964E-05 0.151651 0.300117 0.148985
0.0192544 0.0214781 0.182821 0.256694 0.0367983 0.0682847 9.9982E-05 9.9982E-05 0.258516 0.155954
0.0439528 0.0253484 0.105336 0.116264 0.0773576 0.0390881 9.9991E-05 0.0606633 0.360094 0.171795
0.0205838 0.0422017 0.0539953 0.177151 0.058564 0.0601142 9.9991E-05 0.152542 0.28165 0.153098
0.0343297 0.00900018 0.0644772 0.190615 9.9982E-05 0.0904017 9.9982E-05 0.113885 0.258101 0.23899
0.0143436 9.9991E-05 0.0632244 0.274072 0.052731 0.00510187 0.108155 0.0695331 0.294497 0.118242
0.115776 0.0102559 0.06586 0.239769 0.0947967 0.128291 0.00939985 0.0269026 0.194658 0.114291
9.9973E-05 0.0484715 0.0853325 0.361171 0.0523562 0.00786454 0.182589 9.9973E-05 0.261916 9.9973E-05
9.9973E-05 0.0287049 0.0833446 0.413187 0.0172333 0.0667065 0.176906 9.9973E-05 0.213617 9.9973E-05
0.170737 0.028311 0.159993 0.162049 0.101971 0.0490304 9.9991E-05 0.036856 0.284304 0.00664824
9.9937E-05 9.9937E-05 0.964999 9.9937E-05 9.9937E-05 9.9937E-05 9.9937E-05 0.0307668 9.9937E-05 0.00353422
9.99371E-05 0.0316327 0.929022 9.99371E-05 0.0386456 9.99371E-05 9.99371E-05 9.99371E-05 9.99371E-05 9.99371E-05
9.9955E-05 9.9955E-05 0.823636 0.0468727 9.9955E-05 9.9955E-05 0.0888733 0.019159 0.0209593 9.9955E-05
9.99371E-05 9.99371E-05 0.981545 9.99371E-05 9.99371E-05 0.0011763 9.99371E-05 9.99371E-05 9.99371E-05 0.0165787
9.99201E-05 9.99201E-05 0.999101 9.99201E-05 9.99201E-05 9.99201E-05 9.99201E-05 9.99201E-05 9.99201E-05 9.99201E-05
9.99201E-05 9.99201E-05 0.999101 9.99201E-05 9.99201E-05 9.99201E-05 9.99201E-05 9.99201E-05 9.99201E-05 9.99201E-05
0.0103122 9.99281E-05 0.988888 9.99281E-05 9.99281E-05 9.99281E-05 9.99281E-05 9.99281E-05 9.99281E-05 9.99281E-05
0.0212649 9.9955E-05 0.880582 9.9955E-05 9.9955E-05 0.00873701 9.9955E-05 0.0761422 9.9955E-05 0.0127745
9.99201E-05 9.99201E-05 0.999101 9.99201E-05 9.99201E-05 9.99201E-05 9.99201E-05 9.99201E-05 9.99201E-05 9.99201E-05
9.99201E-05 9.99201E-05 0.999101 9.99201E-05 9.99201E-05 9.99201E-05 9.99201E-05 9.99201E-05 9.99201E-05 9.99201E-05
0.0405951 0.00343504 0.0754583 0.0459596 0.066397 0.251405 0.060685 0.0864117 0.260051 0.109602
0.00334072 0.0252433 0.889207 0.0673322 9.9964E-05 9.9964E-05 0.0082237 9.9964E-05 0.00625298 9.9964E-05
9.99201E-05 9.99201E-05 0.999101 9.99201E-05 9.99201E-05 9.99201E-05 9.99201E-05 9.99201E-05 9.99201E-05 9.99201E-05
0.0012821 9.9946E-05 0.935483 9.9946E-05 9.9946E-05 0.011363 9.9946E-05 9.9946E-05 0.0512726 9.9946E-05
9.99201E-05 9.99201E-05 9.99201E-05 9.99201E-05 9.99201E-05 9.99201E-05 9.99201E-05 9.99201E-05 0.999101 9.99201E-05
9.99201E-05 9.99201E-05 9.99201E-05 9.99201E-05 9.99201E-05 9.99201E-05 9.99201E-05 9.99201E-05 0.999101 9.99201E-05
9.99201E-05 9.99201E-05 9.99201E-05 9.99201E-05 9.99201E-05 9.99201E-05 9.99201E-05 9.99201E-05 0.999101 9.99201E-05
9.99201E-05 9.99201E-05 9.99201E-05 9.99201E-05 9.99201E-05 9.99201E-05 9.99201E-05 9.99201E-05 0.999101 9.99201E-05
0.0219207 9.9973E-05 0.00378934 9.9973E-05 0.012815 0.103158 0.006684 9.9973E-05 0.727446 0.123887
0.0308051 9.9964E-05 9.9964E-05 9.9964E-05 9.9964E-05 0.0861803 0.0783983 0.0978344 0.697571 0.00881112
9.9964E-05 9.9964E-05 0.0870196 0.0379214 9.9964E-05 9.9964E-05 0.0924589 0.0585479 0.698393 0.025259
9.9964E-05 9.9964E-05 0.0222092 0.00199544 9.9964E-05 0.0540651 0.0547168 9.9964E-05 0.741171 0.125443
0.0121488 9.9973E-05 0.0764371 9.9973E-05 0.0498388 0.0081514 0.0531326 9.9973E-05 0.719189 0.0808028
9.9964E-05 9.9964E-05 0.0251653 9.9964E-05 0.0196495 0.0123113 0.0457966 9.9964E-05 0.860419 0.0362587
0.0851864 9.9982E-05 0.035906 9.9982E-05 0.0479533 0.0383779 0.0361795 0.0645169 0.590363 0.101317
9.9955E-05 9.9955E-05 0.0489497 9.9955E-05 0.0102328 9.9955E-05 0.12077 9.9955E-05 0.819152 0.000395588
0.0263447 0.031574 9.9982E-05 0.0986845 0.0563605 0.0759832 0.0534503 9.9982E-05 0.556029 0.101373
0.0368252 9.9991E-05 0.0172823 0.0727789 0.0525143 0.0736081 0.0123115 0.0173671 0.592261 0.124952
9.99371E-05 9.99371E-05 9.99371E-05 9.99371E-05 9.99371E-05 0.925969 0.0288198 9.99371E-05 9.99371E-05 0.0445113
0.0487158 9.9955E-05 0.0110532 9.9955E-05 9.9955E-05 0.873244 0.0471859 0.0193016 9.9955E-05 9.9955E-05
9.99201E-05 9.99201E-05 9.99201E-05 9.99201E-05 9.99201E-05 0.999101 9.99201E-05 9.99201E-05 9.99201E-05 9.99201E-05
0.0017311 9.9946E-05 0.00559293 9.9946E-05 9.9946E-05 0.974896 9.9946E-05 0.0171805 9.9946E-05 9.9946E-05
9.99201E-05 9.99201E-05 9.99201E-05 9.99201E-05 9.99201E-05 0.999101 9.99201E-05 9.99201E-05 9.99201E-05 9.99201E-05
9.9937E-05 9.9937E-05 9.9937E-05 9.9937E-05 0.00465493 0.989254 9.9937E-05 9.9937E-05 0.0053911 9.9937E-05
9.99281E-05 9.99281E-05 9.99281E-05 0.00675832 9.99281E-05 0.992442 9.99281E-05 9.99281E-05 9.99281E-05 9.99281E-05
0.0111084 0.0242721 0.0191 0.0817766 9.9973E-05 0.762944 0.0770915 9.9973E-05 9.9973E-05 0.0234075
9.99281E-05 9.99281E-05 9.99281E-05 9.99281E-05 0.00691936 0.992281 9.99281E-05 9.99281E-05 9.99281E-05 9.99281E-05
9.99201E-05 9.99201E-05 9.99201E-05 9.99201E-05 9.99201E-05 0.999101 9.99201E-05 9.99201E-05 9.99201E-05 9.99201E-05
9.9955E-05 0.0218592 0.0313243 9.9955E-05 9.9955E-05 0.8513 0.092973 9.9955E-05 0.00204324 9.9955E-05
0.00705171 9.9937E-05 0.0120262 9.9937E-05 9.9937E-05 0.980222 9.9937E-05 9.9937E-05 9.9937E-05 9.9937E-05
9.9955E-05 9.9955E-05 9.9955E-05 0.0802585 0.0804689 0.716558 0.0637519 9.9955E-05 9.9955E-05 0.0584628
9.99281E-05 9.99281E-05 9.99281E-05 9.99281E-05 0.987583 0.011618 9.99281E-05 9.99281E-05 9.99281E-05 9.99281E-05
0.0120345 9.9982E-05 0.118679 0.079713 0.0844091 0.0829098 0.0364154 9.9982E-05 0.447674 0.137965
9.99201E-05 9.99201E-05 9.99201E-05 9.99201E-05 0.999101 9.99201E-05 9.99201E-05 9.99201E-05 9.99201E-05 9.99201E-05
9.99201E-05 9.99201E-05 9.99201E-05 9.99201E-05 0.999101 9.99201E-05 9.99201E-05 9.99201E-05 9.99201E-05 9.99201E-05
9.99371E-05 9.99371E-05 0.00780413 9.99371E-05 0.961171 9.99371E-05 0.0303256 9.99371E-05 9.99371E-05 9.99371E-05
9.9973E-05 0.00856073 0.0173463 0.0433099 0.771081 0.0352815 9.9973E-05 9.9973E-05 0.035087 0.0890332
9.99201E-05 9.99201E-05 9.99201E-05 9.99201E-05 0.999101 9.99201E-05 9.99201E-05 9.99201E-05 9.99201E-05 9.99201E-05
9.9955E-05 0.00462268 9.9955E-05 9.9955E-05 0.866079 0.0227265 0.0397688 9.9955E-05 9.9955E-05 0.0663028
0.00111272 9.99371E-05 9.99371E-05 9.99371E-05 0.97269 9.99371E-05 0.025498 9.99371E-05 9.99371E-05 9.99371E-05
0.0336304 9.9946E-05 9.9946E-05 9.9946E-05 0.934613 0.0264987 9.9946E-05 9.9946E-05 0.00465822 9.9946E-05
9.99281E-05 0.00964082 9.99281E-05 9.99281E-05 0.98956 9.99281E-05 9.99281E-05 9.99281E-05 9.99281E-05 9.99281E-05
9.99281E-05 9.99281E-05 9.99281E-05 0.0317742 0.967426 9.99281E-05 9.99281E-05 9.99281E-05 9.99281E-05 9.99281E-05
0.00405269 0.00930279 9.9964E-05 0.0110088 0.925072 0.0387475 0.011416 9.9964E-05 9.9964E-05 9.9964E-05
0.0240369 9.9973E-05 0.0377542 0.0374151 0.811619 0.0353516 9.9973E-05 0.0252735 0.0282494 9.9973E-05
9.9946E-05 0.0100912 9.9946E-05 0.0167152 0.962163 9.9946E-05 0.010431 9.9946E-05 9.9946E-05 9.9946E-05
0.00149605 9.9973E-05 0.01108 9.9973E-05 0.883599 0.0300473 0.00554208 9.9973E-05 0.00978364 0.0581519
0.0273693 9.9973E-05 0.00864387 0.0193074 0.888759 0.0163 0.0325274 9.9973E-05 0.00679354 9.9973E-05
0.0418652 0.0125345 9.9973E-05 0.0465559 0.858315 9.9973E-05 9.9973E-05 0.0050303 0.00322267 0.0321768
9.9955E-05 0.00316671 9.9955E-05 0.0398115 0.893472 0.0312912 9.9955E-05 9.9955E-05 0.0317586 9.9955E-05
0.259746 0.0398811 0.0561435 0.174198 0.0439796 0.0449105 0.125779 9.9991E-05 0.151224 0.104038
0.253831 0.0125208 9.9991E-05 0.298448 0.0187472 0.060314 0.101791 0.011787 0.179265 0.0631963
0.226296 0.0336491 0.0916622 0.252987 0.0527496 0.0447533 0.132648 9.9991E-05 0.0706696 0.0944846
0.241879 0.0515654 0.0494826 0.216772 0.0645491 0.0169793 0.124769 9.9991E-05 0.102427 0.131477
9.9946E-05 9.9946E-05 9.9946E-05 9.9946E-05 9.9946E-05 0.0555267 0.904226 0.0162226 9.9946E-05 0.0234248
9.99201E-05 9.99201E-05 9.99201E-05 9.99201E-05 9.99201E-05 9.99201E-05 0.999101 9.99201E-05 9.99201E-05 9.99201E-05
0.0011683 9.9937E-05 0.00736377 9.9937E-05 9.9937E-05 9.9937E-05 0.990768 9.9937E-05 9.9937E-05 9.9937E-05
9.99201E-05 9.99201E-05 9.99201E-05 9.99201E-05 9.99201E-05 9.99201E-05 0.999101 9.99201E-05 9.99201E-05 9.99201E-05
0.0194943 9.9946E-05 0.000742164 9.9946E-05 9.9946E-05 0.0021629 0.977001 9.9946E-05 9.9946E-05 9.9946E-05
0.060439 0.000216261 0.0240584 9.9973E-05 0.0059456 9.9973E-05 0.868384 9.9973E-05 0.0110265 0.0296299
9.9955E-05 0.00155368 0.00594744 9.9955E-05 9.9955E-05 0.0166367 0.949876 9.9955E-05 9.9955E-05 0.0254862
0.0171897 0.0212287 9.9973E-05 0.0341305 9.9973E-05 0.0307951 0.717743 0.0667834 0.11183 9.9973E-05
9.9955E-05 0.0110185 9.9955E-05 0.0374685 0.0259405 9.9955E-05 0.856974 0.0680988 9.9955E-05 9.9955E-05
0.944005 9.9955E-05 9.9955E-05 9.9955E-05 9.9955E-05 0.0278042 0.00200937 9.9955E-05 0.0101499 0.0155314
0.999101 9.99201E-05 9.99201E-05 9.99201E-05 9.99201E-05 9.99201E-05 9.99201E-05 9.99201E-05 9.99201E-05 9.99201E-05
0.999101 9.99201E-05 9.99201E-05 9.99201E-05 9.99201E-05 9.99201E-05 9.99201E-05 9.99201E-05 9.99201E-05 9.99201E-05
0.997463 9.99281E-05 9.99281E-05 9.99281E-05 9.99281E-05 9.99281E-05 0.00173711 9.99281E-05 9.99281E-05 9.99281E-05
0.999101 9.99201E-05 9.99201E-05 9.99201E-05 9.99201E-05 9.99201E-05 9.99201E-05 9.99201E-05 9.99201E-05 9.99201E-05
0.815518 9.9973E-05 0.0270565 0.0401916 9.9973E-05 9.9973E-05 0.0235181 0.0409916 0.000896293 0.0515275
0.999101 9.99201E-05 9.99201E-05 9.99201E-05 9.99201E-05 9.99201E-05 9.99201E-05 9.99201E-05 9.99201E-05 9.99201E-05
0.999101 9.99201E-05 9.99201E-05 9.99201E-05 9.99201E-05 9.99201E-05 9.99201E-05 9.99201E-05 9.99201E-05 9.99201E-05
0.950175 9.9955E-05 9.9955E-05 9.9955E-05 0.012589 0.00444011 9.9955E-05 9.9955E-05 0.0310726 0.00122297
0.942104 9.9955E-05 0.00822251 0.000484709 0.0216704 0.027019 9.9955E-05 9.9955E-05 9.9955E-05 9.9955E-05
0.999101 9.99201E-05 9.99201E-05 9.99201E-05 9.99201E-05 9.99201E-05 9.99201E-05 9.99201E-05 9.99201E-05 9.99201E-05
0.996439 9.99281E-05 9.99281E-05 9.99281E-05 9.99281E-05 0.00276121 9.99281E-05 9.99281E-05 9.99281E-05 9.99281E-05
