9.99201E-05 0.999101 9.99201E-05 9.99201E-05 9.99201E-05 9.99201E-05 9.99201E-05 9.99201E-05 9.99201E-05 9.99201E-05
9.9955E-05 0.0619337 9.9955E-05 0.00981974 0.0288848 0.846889 9.9955E-05 0.0519725 9.9955E-05 9.9955E-05
9.9946E-05 0.0842401 9.9946E-05 0.0822272 9.9946E-05 0.811857 9.9946E-05 0.0210759 9.9946E-05 9.9946E-05
9.99201E-05 9.99201E-05 9.99201E-05 9.99201E-05 9.99201E-05 0.999101 9.99201E-05 9.99201E-05 9.99201E-05 9.99201E-05
0.0671324 9.9955E-05 0.195297 9.9955E-05 9.9955E-05 0.639857 9.9955E-05 9.9955E-05 0.0494958 0.0477178
9.997E-05 0.053166 0.174616 0.0196995 9.997E-05 0.584821 0.0811887 9.997E-05 0.0679333 0.0182761
9.9937E-05 0.167351 0.320438 9.9937E-05 9.9937E-05 0.511511 9.9937E-05 9.9937E-05 9.9937E-05 9.9937E-05
9.9955E-05 0.161387 0.128504 0.0712869 9.9955E-05 0.539282 9.9955E-05 9.9955E-05 0.0990413 9.9955E-05
0.017572 0.0746246 0.237205 0.0317052 9.9973E-05 0.500171 9.9973E-05 0.00205151 0.136371 9.9973E-05
9.99201E-05 0.999101 9.99201E-05 9.99201E-05 9.99201E-05 9.99201E-05 9.99201E-05 9.99201E-05 9.99201E-05 9.99201E-05
9.99201E-05 0.999101 9.99201E-05 9.99201E-05 9.99201E-05 9.99201E-05 9.99201E-05 9.99201E-05 9.99201E-05 9.99201E-05
9.99281E-05 0.980313 9.99281E-05 9.99281E-05 9.99281E-05 9.99281E-05 9.99281E-05 0.0188878 9.99281E-05 9.99281E-05
9.99281E-05 0.9871 9.99281E-05 9.99281E-05 0.0121002 9.99281E-05 9.99281E-05 9.99281E-05 9.99281E-05 9.99281E-05
9.9937E-05 0.894996 0.0523106 9.9937E-05 9.9937E-05 9.9937E-05 9.9937E-05 9.9937E-05 9.9937E-05 0.0519936
9.9946E-05 0.936703 9.9946E-05 0.00148132 9.9946E-05 0.00747532 9.9946E-05 9.9946E-05 0.0537408 9.9946E-05
0.0591315 0.0708725 0.0807485 0.02967 0.0118165 0.558949 9.9982E-05 9.9982E-05 0.181839 0.00677263
0.0580126 0.109022 0.157541 0.0368399 0.0287789 0.390582 9.9991E-05 0.0123302 0.14718 0.0596123
9.99201E-05 9.99201E-05 9.99201E-05 9.99201E-05 9.99201E-05 0.999101 9.99201E-05 9.99201E-05 9.99201E-05 9.99201E-05
0.0170449 9.9946E-05 0.869216 9.9946E-05 9.9946E-05 0.0852136 9.9946E-05 9.9946E-05 9.9946E-05 0.0279257
9.99281E-05 9.99281E-05 0.952725 9.99281E-05 9.99281E-05 9.99281E-05 9.99281E-05 9.99281E-05 9.99281E-05 0.0464755
0.031899 0.0321817 0.855655 9.9964E-05 9.9964E-05 0.0558988 0.0197512 0.00421468 9.9964E-05 9.9964E-05
0.00576386 9.9973E-05 0.755715 0.0796829 9.9973E-05 0.0351861 9.9973E-05 0.0179533 0.0324784 0.0729205
0.0455427 9.996E-05 0.848927 0.0151531 9.996E-05 0.0237678 0.0279525 9.996E-05 9.996E-05 0.0382572
9.9946E-05 0.0124542 0.959002 9.9946E-05 0.0120838 9.9946E-05 9.9946E-05 9.9946E-05 9.9946E-05 0.0158605
9.9946E-05 9.9946E-05 0.954359 9.9946E-05 0.0247812 9.9946E-05 9.9946E-05 0.00285394 0.0174058 9.9946E-05
0.0527306 0.00826056 0.683858 0.0126126 0.0410949 9.9973E-05 0.138812 9.9973E-05 0.0623313 9.9973E-05
0.0964417 9.9955E-05 0.772314 0.0917011 9.9955E-05 9.9955E-05 9.9955E-05 9.9955E-05 0.0272782 0.0117653
9.9955E-05 0.00273713 0.897977 0.013844 9.9955E-05 0.0424887 9.9955E-05 9.9955E-05 0.0424534 9.9955E-05
0.0295005 0.0296666 0.741618 0.00208959 0.0516374 0.0273805 0.0818917 0.00441002 0.0317054 9.99932E-05
0.000537128 0.0238653 0.669785 9.9964E-05 9.9964E-05 0.23424 0.055966 0.0152073 9.9964E-05 9.9964E-05
0.0265678 0.0288172 0.926184 9.9955E-05 9.9955E-05 9.9955E-05 9.9955E-05 0.00212195 9.9955E-05 0.0158093
0.0373594 9.9955E-05 0.86838 9.9955E-05 0.0617093 9.9955E-05 9.9955E-05 0.00286818 0.0291833 9.9955E-05
0.000314268 0.0109971 0.794149 0.0715048 9.9964E-05 9.9964E-05 0.113985 9.9964E-05 9.9964E-05 0.00864957
9.9964E-05 0.0507875 0.652656 0.0460078 0.0806412 9.9964E-05 0.149752 0.0197561 9.9964E-05 9.9964E-05
9.9946E-05 9.9946E-05 0.796237 0.0639006 9.9946E-05 0.060867 9.9946E-05 9.9946E-05 9.9946E-05 0.0783959
0.0158689 0.0424095 0.696253 9.9955E-05 9.9955E-05 0.222947 0.0220211 9.9955E-05 9.9955E-05 9.9955E-05
0.0151985 9.9955E-05 0.502608 9.9955E-05 9.9955E-05 9.9955E-05 0.1524 9.9955E-05 0.291201 0.0380928
0.0149889 9.9964E-05 0.500291 0.0217823 9.9964E-05 0.108086 0.309068 9.9964E-05 9.9964E-05 0.0453847
0.0701855 0.00804456 0.575165 0.0449494 9.9982E-05 0.0254916 0.192604 0.0214811 0.0618788 9.9982E-05
0.0368161 0.00102426 0.62701 9.9964E-05 9.9964E-05 9.9964E-05 0.325486 9.9964E-05 0.0023455 0.00691909
9.9964E-05 9.9964E-05 9.9964E-05 0.03724 0.11433 0.178896 0.0272946 0.0651518 0.576688 9.9964E-05
0.0780087 9.9973E-05 9.9973E-05 0.00306889 0.0630917 0.212824 0.103694 0.0234019 0.515611 9.9973E-05
9.9982E-05 0.00549752 0.0193308 0.0439695 0.108867 0.262942 0.0216737 0.038358 0.499161 9.9982E-05
0.0261514 9.9973E-05 9.9973E-05 0.0176373 0.0882219 0.192489 0.0779727 0.0126112 0.584617 9.9973E-05
0.0535314 9.997E-05 0.21392 0.0909922 0.0395133 0.0262989 0.161798 9.997E-05 0.413646 9.997E-05
9.99201E-05 9.99201E-05 9.99201E-05 9.99201E-05 9.99201E-05 9.99201E-05 9.99201E-05 9.99201E-05 0.999101 9.99201E-05
9.99201E-05 9.99201E-05 9.99201E-05 9.99201E-05 9.99201E-05 9.99201E-05 9.99201E-05 9.99201E-05 0.999101 9.99201E-05
0.0196067 9.9973E-05 0.405927 0.0439949 0.0731238 9.9973E-05 0.0440092 9.9973E-05 0.386442 0.0265965
0.0823686 0.0729174 0.127258 0.0256762 0.115194 0.0340635 0.0923921 9.9982E-05 0.44993 9.9982E-05
0.0200757 0.0696697 0.277267 9.9982E-05 0.121132 0.159711 0.0156078 0.0420385 0.294299 9.9982E-05
0.0499567 0.0201278 0.286606 0.0308414 9.9982E-05 0.00921424 0.223645 0.00906807 0.37034 9.9982E-05
0.0370071 0.00527364 0.210685 0.060988 0.0129765 9.9982E-05 0.109626 9.9982E-05 0.549992 0.0132516
0.074702 0.0161748 9.9964E-05 0.0243842 9.9964E-05 0.0642062 9.9964E-05 9.9964E-05 0.814531 0.00560204
0.0280341 0.058838 0.150463 9.9973E-05 0.000841142 9.9973E-05 0.456674 9.9973E-05 0.250057 0.0547932
0.00696106 0.0728805 0.226978 9.9991E-05 0.0262055 0.0055723 0.458746 0.00444542 0.177505 0.0206059
9.9973E-05 9.9973E-05 0.124385 0.0818126 0.108827 0.106965 0.0645411 0.0231787 0.48999 9.9973E-05
0.0587393 0.0561972 0.247913 0.0475215 0.0553435 0.0233368 0.219683 9.9991E-05 0.287722 0.00344407
0.0836815 9.9982E-05 0.220867 0.023416 0.0283344 0.00415631 0.215398 0.0173692 0.406577 9.9982E-05
9.99201E-05 9.99201E-05 9.99201E-05 9.99201E-05 9.99201E-05 9.99201E-05 9.99201E-05 9.99201E-05 0.999101 9.99201E-05
0.081844 0.0239818 0.249978 0.0273278 0.00893005 0.0345703 0.120545 0.0216521 0.43017 0.00100024
0.110629 9.9964E-05 0.206734 9.9964E-05 0.0635638 9.9964E-05 9.9964E-05 0.0011449 0.593054 0.0244744
9.996E-05 0.0364557 0.0389814 9.996E-05 0.135321 0.02641 0.120908 9.996E-05 0.641524 9.996E-05
0.0570178 0.0133553 0.0582803 0.0507224 0.0097095 0.00648334 0.129302 0.036917 0.604575 0.0336377
0.0197427 9.9964E-05 9.9964E-05 0.0159968 0.0232206 9.9964E-05 9.9964E-05 0.0247869 0.822519 0.093334
0.0176941 0.0124841 0.0796816 9.9973E-05 0.0515629 0.0686989 0.129614 9.9973E-05 0.639964 9.9973E-05
9.9946E-05 9.9946E-05 9.9946E-05 0.00726002 9.9946E-05 9.9946E-05 9.9946E-05 0.0170958 0.878222 0.096823
9.9928E-05 9.9928E-05 9.9928E-05 9.9928E-05 9.9928E-05 9.9928E-05 0.449875 9.9928E-05 0.549325 9.9928E-05
9.9955E-05 0.007802 9.9955E-05 9.9955E-05 0.0539595 9.9955E-05 9.9955E-05 0.0261395 0.827947 0.0836527
0.0863251 9.9973E-05 0.227327 9.9973E-05 0.0045649 0.112344 0.104118 9.9973E-05 0.456708 0.00831371
9.9937E-05 9.9937E-05 9.9937E-05 9.9937E-05 0.0478091 9.9937E-05 9.9937E-05 9.9937E-05 0.912326 0.0391654
9.998E-05 0.0304643 0.0196065 0.0621302 0.0332028 0.0924154 0.0789194 0.0679114 0.61515 9.998E-05
0.0180108 9.9982E-05 9.9982E-05 0.0411167 0.0313173 0.0778566 0.258101 0.0388108 0.528735 0.0058517
0.00755608 0.0932539 0.0523315 0.021367 9.996E-05 9.996E-05 0.0778848 9.996E-05 0.747207 9.996E-05
0.0582534 0.0547639 0.00362175 0.0126584 9.9964E-05 9.9964E-05 0.165434 9.9964E-05 0.704869 9.9964E-05
0.0074621 0.0539516 0.00355309 0.0154977 0.0815318 9.9982E-05 0.382767 9.9982E-05 0.443171 0.0118654
0.0736453 0.0160972 0.00953877 9.9964E-05 9.9964E-05 9.9964E-05 0.246215 9.9964E-05 0.630072 0.0240327
9.9973E-05 9.9973E-05 9.9973E-05 0.0299742 0.00266564 0.00533711 0.129169 0.0452872 0.786735 0.000532106
9.9982E-05 0.0051914 9.9982E-05 0.0296925 0.0485689 0.0322771 0.253689 0.0715 0.435486 0.123395
0.0151116 9.9964E-05 9.9964E-05 0.024999 0.00105641 0.0175687 0.914911 9.9964E-05 0.0259533 9.9964E-05
9.99201E-05 9.99201E-05 9.99201E-05 9.99201E-05 9.99201E-05 9.99201E-05 0.999101 9.99201E-05 9.99201E-05 9.99201E-05
9.99371E-05 0.00274482 9.99371E-05 0.0160278 9.99371E-05 9.99371E-05 0.980528 9.99371E-05 9.99371E-05 9.99371E-05
9.99281E-05 9.99281E-05 9.99281E-05 9.99281E-05 9.99281E-05 9.99281E-05 0.971364 9.99281E-05 0.0278362 9.99281E-05
9.99281E-05 9.99281E-05 9.99281E-05 9.99281E-05 9.99281E-05 9.99281E-05 0.989524 9.99281E-05 0.00967676 9.99281E-05
0.0263842 9.9973E-05 0.041616 9.9973E-05 0.0522571 0.122192 0.578692 0.0821134 0.096445 9.9973E-05
0.00111559 9.9973E-05 9.9973E-05 0.00474626 0.0456445 0.147813 0.54888 0.112185 0.139315 9.9973E-05
0.00641974 0.000872572 9.9973E-05 0.0675324 9.9973E-05 0.103226 0.611176 0.0722719 0.138201 9.9973E-05
0.0100651 0.0202763 0.0548245 0.0608928 0.0599665 0.131158 0.450721 0.0467761 0.165219 9.9991E-05
0.0250842 0.0102015 0.0897152 9.9982E-05 0.0819911 0.0378441 0.606884 0.0540022 0.0940778 9.9982E-05
0.0506809 9.997E-05 9.997E-05 9.997E-05 0.00935521 0.077397 0.566081 0.0414332 0.211485 0.0432685
0.100377 0.0031332 0.0770161 0.0959237 0.129098 9.9991E-05 0.336618 0.0695147 0.185165 0.0030545
9.998E-05 0.00721335 9.998E-05 0.0235545 0.0809776 0.200164 0.173542 0.0803836 0.261 0.172965
9.9973E-05 9.9973E-05 9.9973E-05 0.0271834 0.116044 0.171353 0.124532 0.111324 0.27864 0.170625
0.153112 0.0250366 0.0318828 0.0989054 0.0551195 0.0203899 0.354595 0.134168 0.12669 9.9991E-05
9.9937E-05 9.9937E-05 0.00498965 9.9937E-05 0.0034287 9.9937E-05 9.9937E-05 0.990882 9.9937E-05 9.9937E-05
9.9946E-05 9.9946E-05 9.9946E-05 0.00063533 0.0362455 0.0307824 9.9946E-05 0.931737 9.9946E-05 9.9946E-05
9.997E-05 0.0135337 0.00784525 9.997E-05 0.00365167 9.997E-05 0.0422519 0.871274 0.0417894 0.0193541
9.99281E-05 9.99281E-05 9.99281E-05 0.00526519 9.99281E-05 9.99281E-05 9.99281E-05 0.993935 9.99281E-05 9.99281E-05
9.99201E-05 9.99201E-05 9.99201E-05 9.99201E-05 9.99201E-05 9.99201E-05 9.99201E-05 0.999101 9.99201E-05 9.99201E-05
9.99201E-05 9.99201E-05 9.99201E-05 9.99201E-05 9.99201E-05 9.99201E-05 9.99201E-05 0.999101 9.99201E-05 9.99201E-05
9.99371E-05 9.99371E-05 0.00145578 9.99371E-05 9.99371E-05 9.99371E-05 9.99371E-05 0.992762 9.99371E-05 0.00508238
0.0254875 9.998E-05 0.0373882 0.0115342 9.998E-05 0.0416456 0.0172872 0.832222 0.0298649 0.00437032
9.99201E-05 9.99201E-05 9.99201E-05 9.99201E-05 9.99201E-05 9.99201E-05 9.99201E-05 0.999101 9.99201E-05 9.99201E-05
9.99201E-05 9.99201E-05 9.99201E-05 9.99201E-05 9.99201E-05 9.99201E-05 9.99201E-05 0.999101 9.99201E-05 9.99201E-05
0.0577107 9.997E-05 0.11018 0.0861551 0.226581 9.997E-05 0.378382 0.0874073 9.997E-05 0.0532833
0.00999762 0.00579997 9.996E-05 9.996E-05 0.0123211 9.996E-05 9.996E-05 0.889104 0.0632412 0.0191363
0.00401813 9.99281E-05 9.99281E-05 9.99281E-05 9.99281E-05 9.99281E-05 9.99281E-05 0.995182 9.99281E-05 9.99281E-05
0.00868882 0.00252286 9.9946E-05 9.9946E-05 9.9946E-05 9.9946E-05 9.9946E-05 0.980581 0.00760738 9.9946E-05
9.99201E-05 9.99201E-05 9.99201E-05 9.99201E-05 9.99201E-05 9.99201E-05 0.999101 9.99201E-05 9.99201E-05 9.99201E-05
9.99201E-05 9.99201E-05 9.99201E-05 9.99201E-05 9.99201E-05 9.99201E-05 0.999101 9.99201E-05 9.99201E-05 9.99201E-05
9.99201E-05 9.99201E-05 9.99201E-05 9.99201E-05 9.99201E-05 9.99201E-05 0.999101 9.99201E-05 9.99201E-05 9.99201E-05
9.99201E-05 9.99201E-05 9.99201E-05 9.99201E-05 9.99201E-05 9.99201E-05 0.999101 9.99201E-05 9.99201E-05 9.99201E-05
0.0634543 9.995E-05 9.995E-05 0.0275777 0.109536 9.995E-05 0.766201 0.0327312 9.995E-05 9.995E-05
9.9955E-05 9.9955E-05 0.122157 9.9955E-05 0.0720895 0.0073188 0.740715 9.9955E-05 9.9955E-05 0.05722
9.9964E-05 0.00674864 0.0321986 9.9964E-05 0.073375 9.9964E-05 0.799973 0.039539 9.9964E-05 0.0477656
9.9946E-05 9.9946E-05 9.9946E-05 9.9946E-05 0.0710464 9.9946E-05 0.846317 0.0284585 9.9946E-05 0.0535783
9.9946E-05 9.9946E-05 9.9946E-05 0.00252136 9.9946E-05 9.9946E-05 0.859438 0.0781998 9.9946E-05 0.0592409
9.9946E-05 9.9946E-05 9.9946E-05 0.00450203 9.9946E-05 9.9946E-05 0.904847 0.0577033 9.9946E-05 0.0323475
9.9964E-05 9.9964E-05 0.0121157 0.0571428 0.0136316 0.0636169 0.773535 0.0795584 9.9964E-05 9.9964E-05
0.00134392 9.9964E-05 0.0187236 0.0151269 9.9964E-05 9.9964E-05 0.799561 0.0572144 9.9964E-05 0.107631
0.0185276 0.0107444 9.998E-05 0.0660254 0.0534746 0.0017143 0.768342 9.998E-05 0.0236802 0.0572918
0.00803932 9.9973E-05 9.9973E-05 0.0147123 0.115363 0.106094 0.68746 0.0599538 0.00807709 9.9973E-05
9.99201E-05 9.99201E-05 9.99201E-05 0.999101 9.99201E-05 9.99201E-05 9.99201E-05 9.99201E-05 9.99201E-05 9.99201E-05
0.0357055 9.998E-05 9.998E-05 0.0578857 0.0679151 0.0549943 0.570607 0.0743591 0.089887 0.0484464
9.99201E-05 9.99201E-05 9.99201E-05 0.999101 9.99201E-05 9.99201E-05 9.99201E-05 9.99201E-05 9.99201E-05 9.99201E-05
9.99201E-05 9.99201E-05 9.99201E-05 0.999101 9.99201E-05 9.99201E-05 9.99201E-05 9.99201E-05 9.99201E-05 9.99201E-05
9.99371E-05 9.99371E-05 9.99371E-05 0.917153 9.99371E-05 9.99371E-05 9.99371E-05 0.0153679 9.99371E-05 0.0667791
0.0303019 0.0257504 0.0135993 0.742342 0.0664102 9.998E-05 0.0609937 0.0116281 0.0487741 9.998E-05
9.99201E-05 9.99201E-05 9.99201E-05 0.999101 9.99201E-05 9.99201E-05 9.99201E-05 9.99201E-05 9.99201E-05 9.99201E-05
9.995E-05 9.995E-05 0.010395 0.840277 9.995E-05 9.995E-05 0.0154309 9.995E-05 0.0899655 0.0434317
9.99371E-05 9.99371E-05 9.99371E-05 0.969536 9.99371E-05 0.00983975 9.99371E-05 9.99371E-05 9.99371E-05 0.0199246
9.99371E-05 9.99371E-05 9.99371E-05 0.944269 0.0214152 9.99371E-05 9.99371E-05 9.99371E-05 0.0336167 9.99371E-05
9.99201E-05 9.99201E-05 9.99201E-05 0.999101 9.99201E-05 9.99201E-05 9.99201E-05 9.99201E-05 9.99201E-05 9.99201E-05
0.0125189 0.00871293 0.0138001 0.949514 9.9964E-05 9.9964E-05 9.9964E-05 0.014016 9.9964E-05 0.00103814
0.00244517 9.9955E-05 9.9955E-05 0.942004 0.0278556 9.9955E-05 0.0212954 0.00589964 9.9955E-05 9.9955E-05
0.0329183 9.9955E-05 9.9955E-05 0.86896 0.0351856 0.0305459 9.9955E-05 0.0318899 9.9955E-05 9.9955E-05
9.9955E-05 0.00949594 0.00314764 0.941723 9.9955E-05 0.0182624 9.9955E-05 9.9955E-05 9.9955E-05 0.0268714
9.9946E-05 0.0191644 9.9946E-05 0.871086 0.0299584 9.9946E-05 9.9946E-05 9.9946E-05 0.079191 9.9946E-05
0.0242212 0.00548655 0.00470033 0.854509 9.998E-05 0.0123441 0.0515276 9.998E-05 0.00149735 0.0455134
0.0298764 0.0231737 9.9964E-05 0.879854 9.9964E-05 9.9964E-05 0.0394641 0.000727004 0.026505 9.9964E-05
0.0133344 9.9946E-05 9.9946E-05 0.952786 0.0259342 9.9946E-05 9.9946E-05 9.9946E-05 0.00734545 9.9946E-05
0.0114279 9.9955E-05 9.9955E-05 0.035702 0.87429 9.9955E-05 0.0506521 9.9955E-05 9.9955E-05 0.0274284
0.09257 9.99461E-05 9.99461E-05 9.99461E-05 0.844735 0.0206123 9.99461E-05 0.0414829 9.99461E-05 9.99461E-05
9.99201E-05 9.99201E-05 9.99201E-05 9.99201E-05 0.999101 9.99201E-05 9.99201E-05 9.99201E-05 9.99201E-05 9.99201E-05
9.99201E-05 9.99201E-05 9.99201E-05 9.99201E-05 0.999101 9.99201E-05 9.99201E-05 9.99201E-05 9.99201E-05 9.99201E-05
0.0291112 9.9928E-05 9.9928E-05 9.9928E-05 0.970089 9.9928E-05 9.9928E-05 9.9928E-05 9.9928E-05 9.9928E-05
9.99201E-05 9.99201E-05 9.99201E-05 9.99201E-05 0.999101 9.99201E-05 9.99201E-05 9.99201E-05 9.99201E-05 9.99201E-05
9.99281E-05 9.99281E-05 9.99281E-05 9.99281E-05 0.980546 9.99281E-05 9.99281E-05 9.99281E-05 9.99281E-05 0.0186545
9.99461E-05 0.0203222 9.99461E-05 9.99461E-05 0.733042 9.99461E-05 9.99461E-05 9.99461E-05 0.0938219 0.152215
9.99281E-05 9.99281E-05 9.99281E-05 0.00118799 0.998013 9.99281E-05 9.99281E-05 9.99281E-05 9.99281E-05 9.99281E-05
9.99201E-05 9.99201E-05 9.99201E-05 9.99201E-05 0.999101 9.99201E-05 9.99201E-05 9.99201E-05 9.99201E-05 9.99201E-05
9.99461E-05 0.0257185 9.99461E-05 9.99461E-05 0.902841 0.0122828 9.99461E-05 9.99461E-05 9.99461E-05 0.0585581
9.99281E-05 9.99281E-05 9.99281E-05 9.99281E-05 0.978584 9.99281E-05 9.99281E-05 0.0206165 9.99281E-05 9.99281E-05
9.9964E-05 9.9964E-05 9.9964E-05 0.0717975 0.722671 9.9964E-05 0.0861551 0.013113 0.0647274 0.0411365
0.267181 0.0444772 0.0166059 0.0502911 0.0314205 9.999E-05 0.334828 0.0857923 0.0830775 0.0862266
0.259654 0.037736 0.0644534 0.0555234 0.0405047 9.999E-05 0.294156 0.0566005 0.116224 0.0750478
0.275424 0.042631 0.036147 0.0538956 9.998E-05 9.998E-05 0.275435 0.108554 0.11886 0.0888527
0.247656 0.0489874 0.0548895 0.0640888 9.998E-05 9.998E-05 0.312367 0.0409519 0.12684 0.10402
9.9964E-05 9.9964E-05 0.00700255 9.9964E-05 0.0173122 0.0364103 0.0109069 9.9964E-05 0.00683495 0.921133
9.99201E-05 9.99201E-05 9.99201E-05 9.99201E-05 9.99201E-05 9.99201E-05 9.99201E-05 9.99201E-05 9.99201E-05 0.999101
9.9937E-05 0.00767343 9.9937E-05 9.9937E-05 9.9937E-05 9.9937E-05 9.9937E-05 0.0174689 9.9937E-05 0.974158
9.99201E-05 9.99201E-05 9.99201E-05 9.99201E-05 9.99201E-05 9.99201E-05 9.99201E-05 9.99201E-05 9.99201E-05 0.999101
9.9928E-05 9.9928E-05 9.9928E-05 9.9928E-05 9.9928E-05 9.9928E-05 9.9928E-05 0.0174379 9.9928E-05 0.981763
9.9946E-05 9.9946E-05 9.9946E-05 0.00870025 9.9946E-05 9.9946E-05 0.00961018 0.0294123 9.9946E-05 0.951678
0.011094 0.00182478 0.00916245 0.00465225 0.0014645 9.998E-05 0.0282187 0.00223285 9.998E-05 0.94115
0.0273672 0.00363698 0.0738651 0.0401594 0.0431386 0.0119567 0.0677756 9.999E-05 0.0113766 0.720624
0.00258372 0.00755841 0.0580113 0.0340472 0.0317667 9.997E-05 9.997E-05 9.997E-05 0.0420572 0.823676
0.98269 9.9937E-05 9.9937E-05 9.9937E-05 0.016152 9.9937E-05 9.9937E-05 9.9937E-05 0.00045865 9.9937E-05
0.999101 9.99201E-05 9.99201E-05 9.99201E-05 9.99201E-05 9.99201E-05 9.99201E-05 9.99201E-05 9.99201E-05 9.99201E-05
0.999101 9.99201E-05 9.99201E-05 9.99201E-05 9.99201E-05 9.99201E-05 9.99201E-05 9.99201E-05 9.99201E-05 9.99201E-05
0.996567 0.00263331 9.99281E-05 9.99281E-05 9.99281E-05 9.99281E-05 9.99281E-05 9.99281E-05 9.99281E-05 9.99281E-05
0.999101 9.99201E-05 9.99201E-05 9.99201E-05 9.99201E-05 9.99201E-05 9.99201E-05 9.99201E-05 9.99201E-05 9.99201E-05
0.845914 0.00547601 0.0407806 9.996E-05 9.996E-05 0.0191919 0.0513379 9.996E-05 9.996E-05 0.0368993
0.999101 9.99201E-05 9.99201E-05 9.99201E-05 9.99201E-05 9.99201E-05 9.99201E-05 9.99201E-05 9.99201E-05 9.99201E-05
0.999101 9.99201E-05 9.99201E-05 9.99201E-05 9.99201E-05 9.99201E-05 9.99201E-05 9.99201E-05 9.99201E-05 9.99201E-05
0.987138 9.99371E-05 9.99371E-05 0.00975497 9.99371E-05 9.99371E-05 9.99371E-05 9.99371E-05 9.99371E-05 0.00240697
0.898961 0.0178632 9.9955E-05 9.9955E-05 9.9955E-05 9.9955E-05 0.0205596 0.0298016 0.0323145 9.9955E-05
0.999101 9.99201E-05 9.99201E-05 9.99201E-05 9.99201E-05 9.99201E-05 9.99201E-05 9.99201E-05 9.99201E-05 9.99201E-05
0.963189 9.9955E-05 9.9955E-05 9.9955E-05 9.9955E-05 0.0214754 9.9955E-05 0.00755162 0.00700378 0.000280084
