0.0095288 0.989672 9.99281E-05 9.99281E-05 9.99281E-05 9.99281E-05 9.99281E-05 9.99281E-05 9.99281E-05 9.99281E-05
0.0712605 0.132535 9.9973E-05 0.0165897 9.9973E-05 9.9973E-05 0.658331 0.0117488 0.0459036 0.0633314
0.0392816 0.118112 9.9955E-05 9.9955E-05 9.9955E-05 9.9955E-05 0.718451 9.9955E-05 0.0775554 0.0460998
9.99201E-05 9.99201E-05 9.99201E-05 9.99201E-05 9.99201E-05 9.99201E-05 0.999101 9.99201E-05 9.99201E-05 9.99201E-05
0.252162 9.9955E-05 9.9955E-05 0.0768956 9.9955E-05 0.0303063 0.59791 0.0422268 9.9955E-05 9.9955E-05
0.147974 0.046622 0.148815 9.9964E-05 0.056476 9.9964E-05 0.547184 9.9964E-05 0.052529 9.9964E-05
0.321742 0.184764 9.9937E-05 9.9937E-05 9.9937E-05 9.9937E-05 0.492794 9.9937E-05 9.9937E-05 9.9937E-05
0.154176 0.209566 0.103122 9.9973E-05 9.9973E-05 0.0304746 0.443961 0.0157287 0.0426713 9.9973E-05
0.311455 0.0871588 0.0528887 0.0324677 9.9973E-05 9.9973E-05 0.460766 9.9973E-05 0.0542508 0.000712743
9.99201E-05 0.999101 9.99201E-05 9.99201E-05 9.99201E-05 9.99201E-05 9.99201E-05 9.99201E-05 9.99201E-05 9.99201E-05
9.99201E-05 0.999101 9.99201E-05 9.99201E-05 9.99201E-05 9.99201E-05 9.99201E-05 9.99201E-05 9.99201E-05 9.99201E-05
9.99281E-05 0.991314 9.99281E-05 9.99281E-05 9.99281E-05 9.99281E-05 9.99281E-05 9.99281E-05 9.99281E-05 0.00788695
9.99201E-05 0.999101 9.99201E-05 9.99201E-05 9.99201E-05 9.99201E-05 9.99201E-05 9.99201E-05 9.99201E-05 9.99201E-05
0.0188831 0.934294 9.99371E-05 9.99371E-05 9.99371E-05 9.99371E-05 9.99371E-05 0.046123 9.99371E-05 9.99371E-05
9.9964E-05 0.957417 9.9964E-05 9.9964E-05 9.9964E-05 0.00155192 0.00280428 0.000412993 0.0174548 0.0199593
0.0644837 0.0566052 0.283814 0.0365791 9.9973E-05 0.00980866 0.531683 9.9973E-05 0.0167269 9.9973E-05
0.0643752 0.154143 0.125916 0.0858666 0.135736 0.0195214 0.305791 0.0494497 0.0591008 9.9991E-05
9.99201E-05 9.99201E-05 9.99201E-05 9.99201E-05 9.99201E-05 9.99201E-05 0.999101 9.99201E-05 9.99201E-05 9.99201E-05
0.847972 9.9964E-05 0.0550918 0.0135952 9.9964E-05 9.9964E-05 0.0302692 0.0488072 9.9964E-05 0.00386513
0.914111 9.99371E-05 9.99371E-05 9.99371E-05 0.0384734 9.99371E-05 9.99371E-05 0.0467165 9.99371E-05 9.99371E-05
0.801989 0.0358733 9.9964E-05 0.0205798 0.0248199 9.9964E-05 0.110356 9.9964E-05 9.9964E-05 0.00598209
0.782677 9.9973E-05 9.9973E-05 9.9973E-05 0.0151391 0.0309004 0.044496 0.0524648 0.0670432 0.00697959
0.814449 0.00971938 9.9964E-05 0.0191391 9.9964E-05 0.00667274 9.9964E-05 0.103479 0.0461414 9.9964E-05
0.943076 0.0231127 9.9937E-05 9.9937E-05 9.9937E-05 0.0331113 9.9937E-05 9.9937E-05 9.9937E-05 9.9937E-05
0.999101 9.99201E-05 9.99201E-05 9.99201E-05 9.99201E-05 9.99201E-05 9.99201E-05 9.99201E-05 9.99201E-05 9.99201E-05
0.658889 0.0127736 0.0860039 0.0205825 0.175274 0.0460766 9.9964E-05 9.9964E-05 9.9964E-05 9.9964E-05
0.808094 0.00851978 0.00269283 0.0952096 0.00698821 9.9973E-05 9.9973E-05 0.0142576 0.0639376 9.9973E-05
0.869402 9.99461E-05 0.0954951 9.99461E-05 9.99461E-05 0.0174755 0.0170282 9.99461E-05 9.99461E-05 9.99461E-05
0.746173 0.0608875 0.0304198 0.0393991 0.092041 0.0226744 9.9973E-05 9.9973E-05 0.00810526 9.9973E-05
0.857992 0.0258132 9.9937E-05 9.9937E-05 9.9937E-05 9.9937E-05 0.115495 9.9937E-05 9.9937E-05 9.9937E-05
0.914145 0.0586524 9.99371E-05 9.99371E-05 9.99371E-05 9.99371E-05 9.99371E-05 0.0265032 9.99371E-05 9.99371E-05
0.8192 9.9964E-05 0.0266516 0.0469471 9.9964E-05 0.0842276 9.9964E-05 0.0050854 9.9964E-05 0.0174882
0.806994 9.9946E-05 9.9946E-05 9.9946E-05 0.113373 9.9946E-05 9.9946E-05 9.9946E-05 0.0607186 0.018315
0.635881 0.0568124 0.0119966 9.9964E-05 0.137008 0.0941532 9.9964E-05 9.9964E-05 0.0637485 9.9964E-05
0.738586 9.9946E-05 9.9946E-05 9.9946E-05 9.9946E-05 9.9946E-05 0.0930957 0.122189 0.0455297 9.9946E-05
0.86191 0.0277803 9.9937E-05 9.9937E-05 9.9937E-05 9.9937E-05 0.10961 9.9937E-05 9.9937E-05 9.9937E-05
0.573436 9.9946E-05 0.285614 9.9946E-05 0.1221 9.9946E-05 9.9946E-05 0.0182503 9.9946E-05 9.9946E-05
0.597094 9.9973E-05 0.013635 0.0599075 0.22251 9.9973E-05 0.041902 0.0464724 0.018179 9.9973E-05
0.569238 0.0107238 0.0346954 0.0870277 0.185428 9.9982E-05 0.0343262 9.9982E-05 0.0524206 0.0259402
0.598491 0.00801316 0.0663164 0.0300758 0.296604 9.9955E-05 9.9955E-05 9.9955E-05 9.9955E-05 9.9955E-05
9.9973E-05 9.9973E-05 0.506126 0.011252 0.0566685 0.147235 0.224935 9.9973E-05 0.00880275 0.0446813
9.9982E-05 9.9982E-05 0.563059 0.0155799 0.0416819 0.119655 0.191729 0.00258412 0.0521482 0.0133624
0.0178741 9.9973E-05 0.521483 9.9973E-05 0.0218699 0.0928732 0.240888 9.9973E-05 0.0522879 0.0524237
9.9973E-05 9.9973E-05 0.564666 0.0114541 0.0819165 0.0971751 0.218126 9.9973E-05 0.0187543 0.00760802
0.205613 9.9973E-05 0.433205 0.0446681 0.154238 0.0517431 0.0391763 9.9973E-05 0.0710569 9.9973E-05
9.99201E-05 9.99201E-05 0.999101 9.99201E-05 9.99201E-05 9.99201E-05 9.99201E-05 9.99201E-05 9.99201E-05 9.99201E-05
9.99201E-05 9.99201E-05 0.999101 9.99201E-05 9.99201E-05 9.99201E-05 9.99201E-05 9.99201E-05 9.99201E-05 9.99201E-05
0.376584 9.9973E-05 0.426682 0.0316185 9.9973E-05 0.0450537 0.0328794 0.0372847 0.0495979 9.9973E-05
0.0680631 0.0455521 0.460576 0.0980361 0.0860461 0.0853344 0.118482 9.9982E-05 0.0377105 9.9982E-05
0.29129 0.0662653 0.337071 0.0116336 0.0190356 0.0790737 0.154437 9.9991E-05 0.011021 0.0300725
0.208176 0.0379189 0.341431 0.0373989 0.260718 9.9973E-05 0.0452304 9.9973E-05 0.0688275 9.9973E-05
0.162861 9.9973E-05 0.591326 9.9973E-05 0.0616631 0.0347777 0.0402878 0.0400785 0.0687059 9.9973E-05
9.9937E-05 0.0277202 0.938511 9.9937E-05 9.9937E-05 9.9937E-05 9.9937E-05 9.9937E-05 0.0330688 9.9937E-05
0.238314 0.0392308 0.24019 0.0331961 0.356236 0.030685 9.9973E-05 0.061848 9.9973E-05 9.9973E-05
0.215339 0.0546259 0.245794 9.9973E-05 0.398139 0.0213136 9.9973E-05 0.0522916 9.9973E-05 0.0121969
0.0292622 9.9982E-05 0.514867 0.0147404 0.0839595 0.0889608 0.155225 9.9982E-05 0.090179 0.0226062
0.112253 0.110423 0.248558 0.0756082 0.316866 0.0696104 0.0198607 9.9982E-05 0.0466195 9.9982E-05
0.230325 9.9982E-05 0.397096 0.0817278 0.114268 0.0555233 0.0670904 0.0255615 9.9982E-05 0.0282073
9.9937E-05 0.00881133 0.979058 9.9937E-05 9.9937E-05 9.9937E-05 9.9937E-05 9.9937E-05 0.0114311 9.9937E-05
0.163876 0.0658122 0.397025 0.0825539 0.250142 9.9973E-05 0.0168747 9.9973E-05 0.0234158 9.9973E-05
0.12641 9.9964E-05 0.631909 0.0964283 0.0208054 0.0792087 9.9964E-05 0.0448381 9.9964E-05 9.9964E-05
0.0440925 0.031073 0.634217 9.9973E-05 0.0563562 0.133803 0.042099 9.9973E-05 9.9973E-05 0.0580595
0.124297 9.9982E-05 0.521809 0.0524292 0.132895 0.055279 9.9982E-05 0.0160834 0.0506396 0.0463666
9.9937E-05 9.9937E-05 0.915669 9.9937E-05 9.9937E-05 9.9937E-05 9.9937E-05 0.0456798 9.9937E-05 0.0379511
0.111586 0.0254007 0.661396 0.0130993 0.0789007 0.0628865 0.0338483 9.9982E-05 9.9982E-05 0.0126825
9.9937E-05 9.9937E-05 0.954385 9.9937E-05 9.9937E-05 9.9937E-05 9.9937E-05 0.041867 0.00304828 9.9937E-05
9.9937E-05 9.9937E-05 0.637777 9.9937E-05 0.351545 9.9937E-05 9.9937E-05 9.9937E-05 9.9937E-05 0.0099778
9.9946E-05 9.9946E-05 0.836238 9.9946E-05 9.9946E-05 0.032668 9.9946E-05 0.123956 9.9946E-05 0.00653841
0.18102 9.9982E-05 0.470562 0.0471505 0.0896148 0.0234675 0.12237 9.9982E-05 0.0364394 0.0291759
9.99371E-05 9.99371E-05 0.933995 9.99371E-05 9.99371E-05 0.0363037 9.99371E-05 0.0290014 9.99371E-05 9.99371E-05
0.0511285 0.0318042 0.648088 9.9982E-05 0.019981 0.0298479 0.0715202 9.9982E-05 0.0379292 0.109501
0.0801745 9.9973E-05 0.475131 9.9973E-05 0.277121 0.0466085 9.9973E-05 0.0242152 0.0694082 0.0270414
0.0213764 0.067644 0.810996 0.0316319 0.0678519 9.9955E-05 9.9955E-05 9.9955E-05 9.9955E-05 9.9955E-05
9.9946E-05 0.0696986 0.763984 0.0638089 0.101908 9.9946E-05 9.9946E-05 9.9946E-05 9.9946E-05 9.9946E-05
0.0122036 0.0457852 0.49353 9.9973E-05 0.352588 0.0543708 9.9973E-05 0.0110055 0.0302172 9.9973E-05
0.038574 0.000696114 0.645719 0.0813038 0.225292 9.9964E-05 9.9964E-05 0.00801569 9.9964E-05 9.9964E-05
9.9955E-05 9.9955E-05 0.732624 0.0249341 0.147775 9.9955E-05 9.9955E-05 9.9955E-05 0.0416574 0.0525097
9.9982E-05 0.0120502 0.466506 9.9982E-05 0.292721 0.00266922 0.0314053 0.0969525 0.0014654 0.0960307
0.0258498 9.9955E-05 9.9955E-05 9.9955E-05 0.928796 9.9955E-05 0.0201267 0.021709 0.00301822 9.9955E-05
9.9928E-05 9.9928E-05 9.9928E-05 0.0116861 0.987514 9.9928E-05 9.9928E-05 9.9928E-05 9.9928E-05 9.9928E-05
9.99371E-05 0.0146441 0.013092 9.99371E-05 0.971564 9.99371E-05 9.99371E-05 9.99371E-05 9.99371E-05 9.99371E-05
9.99281E-05 9.99281E-05 0.0319955 9.99281E-05 0.967205 9.99281E-05 9.99281E-05 9.99281E-05 9.99281E-05 9.99281E-05
9.99201E-05 9.99201E-05 9.99201E-05 9.99201E-05 0.999101 9.99201E-05 9.99201E-05 9.99201E-05 9.99201E-05 9.99201E-05
0.0890499 0.00201726 0.0732424 0.0303503 0.5521 0.0752537 0.0953881 9.9991E-05 0.0241461 0.058352
9.9973E-05 9.9973E-05 0.13053 0.0538178 0.449859 0.0394201 0.113205 9.9973E-05 0.0179423 0.194927
9.9973E-05 9.9973E-05 0.0817547 0.0210696 0.602432 0.0138581 0.0926794 9.9973E-05 0.0873088 0.100598
0.133465 0.0334922 0.0921211 0.0175926 0.4669 0.0430875 0.0806468 0.0319926 0.0753555 0.0253463
0.110363 0.00467497 0.124371 0.0370626 0.542603 0.0934703 0.0420628 9.9982E-05 9.9982E-05 0.0451926
9.9991E-05 0.0112577 0.111519 0.0547726 0.596774 0.028584 0.0981959 0.0156246 0.0460362 0.0371361
0.072741 0.021339 0.169325 0.0958449 0.383188 0.133741 9.9982E-05 9.9982E-05 0.0683971 0.0552232
9.9982E-05 0.0115313 0.221533 9.9982E-05 0.240602 0.0667514 0.123302 0.204365 0.0616336 0.0700819
9.9973E-05 9.9973E-05 0.254253 9.9973E-05 0.216733 0.06443 0.169603 0.219812 0.0207743 0.0540955
9.9982E-05 0.0267411 0.116749 0.147732 0.357531 0.0443847 0.0547983 9.9982E-05 0.0986911 0.153172
0.0239649 9.99476E-05 0.0204401 9.99476E-05 9.99476E-05 9.99476E-05 0.000134984 9.99476E-05 9.99476E-05 0.95486
9.9946E-05 9.9946E-05 0.0530312 9.9946E-05 9.9946E-05 0.014598 0.00496278 9.9946E-05 9.9946E-05 0.926808
0.0417391 9.9964E-05 0.0363124 9.9964E-05 0.0729998 9.9964E-05 9.9964E-05 0.0350713 0.00274384 0.810734
9.99201E-05 9.99201E-05 9.99201E-05 9.99201E-05 9.99201E-05 9.99201E-05 9.99201E-05 9.99201E-05 9.99201E-05 0.999101
9.99201E-05 9.99201E-05 9.99201E-05 9.99201E-05 9.99201E-05 9.99201E-05 9.99201E-05 9.99201E-05 9.99201E-05 0.999101
9.99201E-05 9.99201E-05 9.99201E-05 9.99201E-05 9.99201E-05 9.99201E-05 9.99201E-05 9.99201E-05 9.99201E-05 0.999101
9.9946E-05 9.9946E-05 9.9946E-05 0.00285507 9.9946E-05 9.9946E-05 9.9946E-05 0.00724256 0.00202083 0.987282
0.0561169 9.9955E-05 9.9955E-05 0.0270495 9.9955E-05 9.9955E-05 0.0458682 0.0042554 9.9955E-05 0.86621
9.99281E-05 9.99281E-05 9.99281E-05 0.0199102 9.99281E-05 9.99281E-05 9.99281E-05 9.99281E-05 9.99281E-05 0.97929
9.99201E-05 9.99201E-05 9.99201E-05 9.99201E-05 9.99201E-05 9.99201E-05 9.99201E-05 9.99201E-05 9.99201E-05 0.999101
0.104848 9.9982E-05 0.00365874 0.0785203 0.387534 0.240952 9.9982E-05 0.0497119 0.0776057 0.0569693
9.9937E-05 9.9937E-05 0.0584694 9.9937E-05 9.9937E-05 9.9937E-05 9.9937E-05 0.0159244 9.9937E-05 0.924907
9.99201E-05 9.99201E-05 9.99201E-05 9.99201E-05 9.99201E-05 9.99201E-05 9.99201E-05 9.99201E-05 9.99201E-05 0.999101
9.9946E-05 0.010954 0.00846217 9.9946E-05 9.9946E-05 9.9946E-05 9.9946E-05 0.0227468 9.9946E-05 0.957237
9.9937E-05 9.9937E-05 9.9937E-05 0.0135007 0.983663 0.00213676 9.9937E-05 9.9937E-05 9.9937E-05 9.9937E-05
9.99201E-05 9.99201E-05 9.99201E-05 9.99201E-05 0.999101 9.99201E-05 9.99201E-05 9.99201E-05 9.99201E-05 9.99201E-05
9.99201E-05 9.99201E-05 9.99201E-05 9.99201E-05 0.999101 9.99201E-05 9.99201E-05 9.99201E-05 9.99201E-05 9.99201E-05
9.9946E-05 9.9946E-05 9.9946E-05 9.9946E-05 0.952589 0.00910537 9.9946E-05 9.9946E-05 0.00947129 0.0282343
9.9955E-05 9.9955E-05 9.9955E-05 0.0285484 0.882034 0.0559229 9.9955E-05 9.9955E-05 0.0103877 0.0226068
0.151165 9.9964E-05 9.9964E-05 0.00670772 0.734185 0.047205 0.00722037 0.0531176 9.9964E-05 9.9964E-05
0.0476682 0.00262253 9.9964E-05 9.9964E-05 0.796751 0.0388064 9.9964E-05 0.0431364 9.9964E-05 0.0706153
9.9955E-05 9.9955E-05 9.9955E-05 0.0168121 0.8583 0.0784493 9.9955E-05 0.0235888 9.9955E-05 0.0223501
9.9955E-05 9.9955E-05 9.9955E-05 9.9955E-05 0.816165 0.0222357 9.9955E-05 0.0495109 0.0423628 0.069226
9.9946E-05 0.000765082 9.9946E-05 9.9946E-05 0.929977 9.9946E-05 9.9946E-05 0.0239752 9.9946E-05 0.0446826
0.0367183 9.9982E-05 9.9982E-05 0.0524152 0.753159 0.0325621 0.0141791 0.0528143 0.0389272 0.0190246
9.9964E-05 0.00299391 9.9964E-05 9.9964E-05 0.888165 9.9964E-05 0.00111903 0.0779908 0.00277082 0.0265606
9.9973E-05 0.0157271 0.0201398 0.0280914 0.752768 0.0777183 9.9973E-05 0.0661738 0.0390814 9.9973E-05
9.9973E-05 9.9973E-05 9.9973E-05 0.0347133 0.719478 0.103172 0.0738918 0.00841277 0.0341624 0.025869
9.9955E-05 9.9955E-05 9.9955E-05 0.00129536 0.0271307 0.933584 9.9955E-05 0.0317095 0.00578094 9.9955E-05
0.0269578 0.0154219 9.9964E-05 0.0675366 9.9964E-05 0.847755 0.0175908 9.9964E-05 9.9964E-05 0.0243386
9.99201E-05 9.99201E-05 9.99201E-05 9.99201E-05 9.99201E-05 0.999101 9.99201E-05 9.99201E-05 9.99201E-05 9.99201E-05
9.9937E-05 9.9937E-05 0.000476157 0.0173007 9.9937E-05 0.981524 9.9937E-05 9.9937E-05 9.9937E-05 9.9937E-05
9.99201E-05 9.99201E-05 9.99201E-05 9.99201E-05 9.99201E-05 0.999101 9.99201E-05 9.99201E-05 9.99201E-05 9.99201E-05
9.99201E-05 9.99201E-05 9.99201E-05 9.99201E-05 9.99201E-05 0.999101 9.99201E-05 9.99201E-05 9.99201E-05 9.99201E-05
9.99281E-05 9.99281E-05 0.00436286 9.99281E-05 9.99281E-05 0.994838 9.99281E-05 9.99281E-05 9.99281E-05 9.99281E-05
9.9964E-05 0.0310376 0.0415379 0.0326023 9.9964E-05 0.7589 0.0100971 0.125425 9.9964E-05 9.9964E-05
9.99371E-05 0.00331922 9.99371E-05 0.0238133 9.99371E-05 0.972168 9.99371E-05 9.99371E-05 9.99371E-05 9.99371E-05
9.99201E-05 9.99201E-05 9.99201E-05 9.99201E-05 9.99201E-05 0.999101 9.99201E-05 9.99201E-05 9.99201E-05 9.99201E-05
9.9955E-05 0.0191347 9.9955E-05 9.9955E-05 9.9955E-05 0.866389 0.0215554 0.0721955 9.9955E-05 0.0202259
9.99201E-05 9.99201E-05 9.99201E-05 9.99201E-05 9.99201E-05 0.999101 9.99201E-05 9.99201E-05 9.99201E-05 9.99201E-05
9.9964E-05 9.9964E-05 0.0824577 9.9964E-05 0.0179674 0.733983 0.0106417 0.0545435 0.100007 9.9964E-05
9.99201E-05 9.99201E-05 9.99201E-05 9.99201E-05 9.99201E-05 9.99201E-05 9.99201E-05 9.99201E-05 0.999101 9.99201E-05
9.9982E-05 9.9982E-05 0.0247718 0.00564314 0.645644 0.0841347 0.062071 0.0156959 0.0561981 0.105641
9.99201E-05 9.99201E-05 9.99201E-05 9.99201E-05 9.99201E-05 9.99201E-05 9.99201E-05 9.99201E-05 0.999101 9.99201E-05
9.99201E-05 9.99201E-05 9.99201E-05 9.99201E-05 9.99201E-05 9.99201E-05 9.99201E-05 9.99201E-05 0.999101 9.99201E-05
9.99461E-05 0.000178571 9.99461E-05 9.99461E-05 9.99461E-05 9.99461E-05 9.99461E-05 0.0654539 0.909349 0.0244187
0.104481 0.00305939 0.0623938 9.9982E-05 0.0216565 0.0510693 9.9982E-05 0.0248878 0.725392 0.00686011
9.99201E-05 9.99201E-05 9.99201E-05 9.99201E-05 9.99201E-05 9.99201E-05 9.99201E-05 9.99201E-05 0.999101 9.99201E-05
9.99461E-05 9.99461E-05 9.99461E-05 9.99461E-05 0.0265186 0.0104567 9.99461E-05 0.0852626 0.877162 9.99461E-05
9.99371E-05 9.99371E-05 9.99371E-05 9.99371E-05 9.99371E-05 9.99371E-05 0.0183199 0.024434 0.956547 9.99371E-05
0.0266568 9.99371E-05 9.99371E-05 9.99371E-05 9.99371E-05 0.0112063 9.99371E-05 9.99371E-05 0.961437 9.99371E-05
0.0178737 9.9946E-05 9.9946E-05 9.9946E-05 9.9946E-05 9.9946E-05 0.0129515 0.00540453 0.963171 9.9946E-05
9.99281E-05 9.99281E-05 9.99281E-05 0.0223415 9.99281E-05 9.99281E-05 9.99281E-05 9.99281E-05 0.976859 9.99281E-05
9.9946E-05 0.0161398 9.9946E-05 9.9946E-05 9.9946E-05 0.0144452 9.9946E-05 9.9946E-05 0.947767 0.0210486
9.9964E-05 9.9964E-05 0.0215373 0.0619029 9.9964E-05 0.0743001 0.0394482 9.9964E-05 0.774721 0.0276909
9.9946E-05 0.0191754 9.9946E-05 9.9946E-05 0.0457784 9.9946E-05 9.9946E-05 0.0231358 0.911311 9.9946E-05
9.9964E-05 0.00701977 0.0585057 9.9964E-05 9.9964E-05 0.00658454 0.0125506 0.0444351 0.870504 9.9964E-05
9.9955E-05 9.9955E-05 9.9955E-05 0.0435408 0.0150235 9.9955E-05 9.9955E-05 0.0285552 0.899506 0.0128745
9.9982E-05 0.00964811 0.00316208 0.0756153 0.00933067 0.0137898 9.9982E-05 0.00698282 0.87414 0.00713164
9.9946E-05 9.9946E-05 9.9946E-05 9.9946E-05 0.0383031 0.0078292 9.9946E-05 9.9946E-05 0.93789 0.0153781
0.00794774 0.0571793 0.168541 0.257138 0.261242 0.0638096 9.9991E-05 0.137215 0.0214869 0.0253412
0.0268095 0.0295128 0.138948 0.234512 0.366405 0.0365935 9.9991E-05 0.116103 0.0432367 0.00778056
0.0126455 0.0558807 0.160435 0.248704 0.225692 0.0335327 9.9991E-05 0.129061 0.0478427 0.0861053
9.9982E-05 0.0637895 0.161636 0.262552 0.263726 0.0337936 9.9982E-05 0.139863 0.0475644 0.0268753
0.00875356 9.9946E-05 9.9946E-05 9.9946E-05 9.9946E-05 0.0408539 0.0183514 0.931441 9.9946E-05 9.9946E-05
9.99201E-05 9.99201E-05 9.99201E-05 9.99201E-05 9.99201E-05 9.99201E-05 9.99201E-05 0.999101 9.99201E-05 9.99201E-05
0.00502683 9.9955E-05 0.00018748 0.0202745 9.9955E-05 9.9955E-05 9.9955E-05 0.965077 0.00893473 9.9955E-05
9.99201E-05 9.99201E-05 9.99201E-05 9.99201E-05 9.99201E-05 9.99201E-05 9.99201E-05 0.999101 9.99201E-05 9.99201E-05
9.9955E-05 0.0131228 0.00930053 9.9955E-05 0.0109165 9.9955E-05 9.9955E-05 0.962773 0.0033876 9.9955E-05
9.9937E-05 9.9937E-05 9.9937E-05 0.00565523 9.9937E-05 9.9937E-05 9.9937E-05 0.954856 9.9937E-05 0.0387895
9.9955E-05 9.9955E-05 9.9955E-05 0.0360498 0.0201028 9.9955E-05 9.9955E-05 0.894409 0.00519841 0.04374
0.106424 0.0290293 0.01253 0.0241225 0.0513119 0.0508573 9.9982E-05 0.712291 0.0132342 9.9982E-05
0.0156568 0.0126548 0.0692139 0.0576192 0.0271721 0.0341416 9.9982E-05 0.78048 0.00286154 9.9982E-05
9.9937E-05 9.9937E-05 9.9937E-05 0.980928 9.9937E-05 0.000205406 0.018167 9.9937E-05 9.9937E-05 9.9937E-05
9.99201E-05 9.99201E-05 9.99201E-05 0.999101 9.99201E-05 9.99201E-05 9.99201E-05 9.99201E-05 9.99201E-05 9.99201E-05
9.99201E-05 9.99201E-05 9.99201E-05 0.999101 9.99201E-05 9.99201E-05 9.99201E-05 9.99201E-05 9.99201E-05 9.99201E-05
9.99281E-05 0.00837636 9.99281E-05 0.990824 9.99281E-05 9.99281E-05 9.99281E-05 9.99281E-05 9.99281E-05 9.99281E-05
9.99371E-05 9.99371E-05 9.99371E-05 0.983789 9.99371E-05 0.0060364 9.99371E-05 9.99371E-05 9.99371E-05 0.00947462
0.0069988 9.9946E-05 0.0417585 0.860294 0.0903485 9.9946E-05 9.9946E-05 9.9946E-05 9.9946E-05 9.9946E-05
9.99201E-05 9.99201E-05 9.99201E-05 0.999101 9.99201E-05 9.99201E-05 9.99201E-05 9.99201E-05 9.99201E-05 9.99201E-05
9.99201E-05 9.99201E-05 9.99201E-05 0.999101 9.99201E-05 9.99201E-05 9.99201E-05 9.99201E-05 9.99201E-05 9.99201E-05
9.99371E-05 9.99371E-05 9.99371E-05 0.978843 9.99371E-05 9.99371E-05 9.99371E-05 9.99371E-05 0.0121065 0.00835098
9.9946E-05 9.9946E-05 0.0606004 0.918655 0.0111867 9.9946E-05 9.9946E-05 9.9946E-05 0.00895784 9.9946E-05
9.99201E-05 9.99201E-05 9.99201E-05 0.999101 9.99201E-05 9.99201E-05 9.99201E-05 9.99201E-05 9.99201E-05 9.99201E-05
9.99201E-05 9.99201E-05 9.99201E-05 0.999101 9.99201E-05 9.99201E-05 9.99201E-05 9.99201E-05 9.99201E-05 9.99201E-05
