9.99201E-05 9.99201E-05 9.99201E-05 9.99201E-05 9.99201E-05 9.99201E-05 9.99201E-05 9.99201E-05 0.999101 9.99201E-05
9.9964E-05 9.9964E-05 0.0612891 9.9964E-05 0.000368965 9.9964E-05 0.710241 0.0789037 0.100276 0.0485206
9.9955E-05 9.9955E-05 0.0654466 9.9955E-05 9.9955E-05 9.9955E-05 0.664252 0.0777778 0.118233 0.0737915
9.99201E-05 9.99201E-05 9.99201E-05 9.99201E-05 9.99201E-05 9.99201E-05 0.999101 9.99201E-05 9.99201E-05 9.99201E-05
0.0659189 9.9964E-05 0.138342 0.0197831 0.0252164 0.0465283 0.703811 9.9964E-05 9.9964E-05 9.9964E-05
9.997E-05 0.147182 0.150074 0.068109 0.0155555 9.997E-05 0.574422 0.00961046 0.0347469 9.997E-05
9.9937E-05 9.9937E-05 0.274079 9.9937E-05 9.9937E-05 9.9937E-05 0.563929 9.9937E-05 0.161293 9.9937E-05
9.9955E-05 0.125047 0.163448 9.9955E-05 9.9955E-05 9.9955E-05 0.49679 0.0497612 0.164454 9.9955E-05
0.0397618 0.0469915 0.246997 9.9973E-05 9.9973E-05 9.9973E-05 0.494381 0.0642136 0.0938764 0.0134788
9.99281E-05 9.99281E-05 9.99281E-05 9.99281E-05 9.99281E-05 0.0144674 9.99281E-05 9.99281E-05 0.984733 9.99281E-05
9.99201E-05 9.99201E-05 9.99201E-05 9.99201E-05 9.99201E-05 9.99201E-05 9.99201E-05 9.99201E-05 0.999101 9.99201E-05
9.99281E-05 9.99281E-05 9.99281E-05 9.99281E-05 9.99281E-05 9.99281E-05 0.0304649 9.99281E-05 0.968736 9.99281E-05
9.99201E-05 9.99201E-05 9.99201E-05 9.99201E-05 9.99201E-05 9.99201E-05 9.99201E-05 9.99201E-05 0.999101 9.99201E-05
9.9937E-05 9.9937E-05 0.0543318 9.9937E-05 0.0403804 9.9937E-05 9.9937E-05 9.9937E-05 0.904588 9.9937E-05
9.9955E-05 0.01154 9.9955E-05 9.9955E-05 0.0222549 9.9955E-05 0.0339192 0.00972057 0.922066 9.9955E-05
0.0882637 0.237103 0.0959008 9.9955E-05 9.9955E-05 9.9955E-05 0.528018 9.9955E-05 0.0502143 9.9955E-05
0.0226896 0.0938951 0.114105 0.0871649 0.092584 0.011856 0.355944 0.0646055 0.1292 0.0279563
9.9928E-05 9.9928E-05 9.9928E-05 0.00898807 9.9928E-05 9.9928E-05 0.990213 9.9928E-05 9.9928E-05 9.9928E-05
0.0108647 0.0075455 0.869124 9.9964E-05 0.0355547 9.9964E-05 0.072075 9.9964E-05 9.9964E-05 0.00443629
9.9955E-05 9.9955E-05 0.924872 0.0164473 0.0500936 0.00226913 0.00581802 9.9955E-05 9.9955E-05 9.9955E-05
0.052622 9.9955E-05 0.737928 9.9955E-05 9.9955E-05 9.9955E-05 0.130647 9.9955E-05 0.0626062 0.0156963
9.9973E-05 9.9973E-05 0.78036 0.0133722 0.0632222 0.00584983 0.0472933 0.0534744 9.9973E-05 0.0361281
0.010217 9.9982E-05 0.822234 0.0130876 0.0964726 0.00966741 0.0110503 0.0295629 0.00750842 9.9982E-05
9.9946E-05 9.9946E-05 0.938601 9.9946E-05 0.0150373 9.9946E-05 9.9946E-05 0.0120412 0.0337204 9.9946E-05
9.99281E-05 9.99281E-05 0.993469 9.99281E-05 9.99281E-05 0.00573158 9.99281E-05 9.99281E-05 9.99281E-05 9.99281E-05
0.0313209 0.0711291 0.720177 0.0777247 9.9973E-05 0.0736785 9.9973E-05 0.0202556 0.00541467 9.9973E-05
0.0977016 9.9955E-05 0.802764 0.0140092 0.0242561 9.9955E-05 9.9955E-05 0.0607695 9.9955E-05 9.9955E-05
9.99371E-05 9.99371E-05 0.913611 9.99371E-05 9.99371E-05 9.99371E-05 0.0715846 0.0141047 9.99371E-05 9.99371E-05
0.0175071 0.0831248 0.716956 0.0269248 0.00602896 0.0183951 0.0242011 0.0422419 0.0579701 0.00665046
9.9946E-05 9.9946E-05 0.904806 0.00773879 9.9946E-05 9.9946E-05 0.0436567 9.9946E-05 0.0431984 9.9946E-05
0.00740533 9.99461E-05 0.974255 9.99461E-05 9.99461E-05 9.99461E-05 9.99461E-05 9.99461E-05 0.0122734 0.0054671
0.0426405 0.0651387 0.825536 9.9973E-05 9.9973E-05 0.0476242 9.9973E-05 0.00601373 0.0088484 0.0038989
0.0114183 9.9964E-05 0.774532 0.127874 9.9964E-05 9.9964E-05 0.00515295 0.0603842 0.0202385 9.9964E-05
9.9973E-05 0.0182812 0.622872 0.0629345 9.9973E-05 0.144016 9.9973E-05 0.0972995 0.0509854 0.00331116
0.00829925 9.9964E-05 0.762269 9.9964E-05 0.121004 0.0159935 0.049695 0.0423389 9.9964E-05 9.9964E-05
9.9955E-05 0.00937259 0.897364 0.0101036 9.9955E-05 9.9955E-05 0.0447838 9.9955E-05 0.0378762 9.9955E-05
9.995E-05 0.323611 0.525955 0.111385 0.0355027 9.995E-05 9.995E-05 0.00304626 9.995E-05 9.995E-05
0.05906 0.0279366 0.452144 0.28994 0.050505 9.9973E-05 0.0912816 0.0288328 9.9973E-05 9.9973E-05
0.0699026 0.0816469 0.570096 0.149711 9.99731E-05 9.99731E-05 0.0440559 0.0501815 9.99731E-05 0.0341055
0.044822 0.0107611 0.621446 0.3023 9.9964E-05 9.9964E-05 9.9964E-05 9.9964E-05 0.00207735 0.0181941
9.9964E-05 0.569027 9.9964E-05 0.12758 9.9964E-05 0.0838357 0.133818 0.0139012 9.9964E-05 0.0714383
0.0122778 0.59214 0.0116003 0.154266 0.0367063 0.0369629 0.0740444 0.0779273 9.9991E-05 0.00397454
9.9973E-05 0.542025 0.124433 0.0132042 9.9973E-05 0.0992114 0.159341 0.0333367 9.9973E-05 0.0281487
0.0247452 0.634678 9.9973E-05 0.106426 9.9973E-05 0.0587696 0.123575 0.0265873 9.9973E-05 0.0249186
0.0466452 0.408605 0.209723 0.205417 9.9973E-05 0.043355 0.0548537 0.0311015 9.9973E-05 9.9973E-05
9.99201E-05 0.999101 9.99201E-05 9.99201E-05 9.99201E-05 9.99201E-05 9.99201E-05 9.99201E-05 9.99201E-05 9.99201E-05
9.9928E-05 0.980836 0.0183643 9.9928E-05 9.9928E-05 9.9928E-05 9.9928E-05 9.9928E-05 9.9928E-05 9.9928E-05
0.00613008 0.446386 0.388723 9.9973E-05 0.0443283 0.0577707 0.00266625 0.0536958 9.9973E-05 9.9973E-05
0.114299 0.456258 0.0611249 0.0995998 0.00368861 0.0754491 0.104571 0.0341362 0.0507736 9.9991E-05
9.999E-05 0.354973 0.282454 0.0181184 0.00561108 0.0812761 0.141793 0.0139396 0.0712111 0.0305242
0.0679932 0.403036 0.206599 0.203574 9.9973E-05 9.9973E-05 0.0645902 0.0272949 0.0266133 9.9973E-05
0.0204569 0.595916 0.165683 0.114544 0.0188561 0.0345126 0.0164325 0.033398 9.9982E-05 9.9982E-05
0.00588697 0.941882 0.0332129 9.9964E-05 9.9964E-05 0.00376226 0.00382589 9.9964E-05 0.0110297 9.9964E-05
0.0391146 0.209403 0.237437 0.416328 0.0111301 0.00861051 0.0040179 9.9982E-05 0.0737588 9.9982E-05
0.019325 0.277481 0.220456 0.363403 0.0141809 0.0348904 9.9982E-05 9.9982E-05 0.0638569 0.0062069
9.9973E-05 0.456228 0.118603 0.0589192 9.9973E-05 0.0851476 0.141042 0.115041 9.9973E-05 0.0247187
0.0799447 0.311626 0.178853 0.180315 0.000856144 0.060461 0.0510186 0.0683948 0.0677361 0.000794904
0.0546944 0.419574 0.22397 0.16131 0.00936967 0.0377227 0.0393939 9.9982E-05 9.9982E-05 0.0537654
9.99281E-05 0.987312 9.99281E-05 9.99281E-05 9.99281E-05 9.99281E-05 9.99281E-05 0.0118889 9.99281E-05 9.99281E-05
0.105386 0.336776 0.258218 0.170809 9.9982E-05 9.9982E-05 0.0357728 0.027776 0.033416 0.031646
0.0543162 0.613989 0.165909 0.0549214 0.0575156 0.0497747 9.9973E-05 9.9973E-05 0.00327362 9.9973E-05
9.9973E-05 0.662346 0.0445138 0.0932574 9.9973E-05 0.123166 0.0192232 9.9973E-05 0.0157882 0.0414059
0.0248016 0.491941 0.108785 0.241234 0.0151031 0.00380426 9.9982E-05 0.0721415 9.9982E-05 0.0419897
9.9937E-05 0.894184 9.9937E-05 9.9937E-05 0.0711189 9.9937E-05 9.9937E-05 9.9937E-05 9.9937E-05 0.0339973
0.0434084 0.59101 0.0973901 0.127013 9.9973E-05 0.0770244 0.0474289 9.9973E-05 0.0164259 9.9973E-05
9.9928E-05 0.960458 9.9928E-05 9.9928E-05 0.0387425 9.9928E-05 9.9928E-05 9.9928E-05 9.9928E-05 9.9928E-05
9.9937E-05 0.634904 9.9937E-05 0.363435 9.9937E-05 9.9937E-05 9.9937E-05 9.9937E-05 9.9937E-05 0.000962045
9.9955E-05 0.858705 9.9955E-05 9.9955E-05 0.0818944 0.0029694 9.9955E-05 0.0330618 9.9955E-05 0.0228694
0.0564372 0.514947 0.168358 0.126649 9.9973E-05 0.00525659 0.110426 0.0176261 9.9973E-05 9.9973E-05
9.9955E-05 0.94781 9.9955E-05 9.9955E-05 0.0134917 0.00995795 9.9955E-05 0.0194361 9.9955E-05 0.00880415
9.9982E-05 0.664817 0.0253566 0.0645653 9.9982E-05 0.0411803 0.0385512 0.0445114 0.046137 0.0746812
0.0221648 0.514922 0.0610935 0.275136 0.00846881 0.0247302 9.9982E-05 0.0574096 9.9982E-05 0.035875
0.00666306 0.811757 0.0113321 0.0849878 9.9955E-05 9.9955E-05 9.9955E-05 9.9955E-05 0.0847604 9.9955E-05
0.0451816 0.801462 0.0172774 0.10025 9.9955E-05 9.9955E-05 9.9955E-05 9.9955E-05 0.0353289 9.9955E-05
9.997E-05 0.524966 0.0334822 0.250801 0.00843693 0.122168 9.997E-05 0.0161302 0.0437159 9.997E-05
0.103659 0.674416 0.0377992 0.148747 0.028192 9.9964E-05 9.9964E-05 9.9964E-05 0.00678668 9.9964E-05
0.000494194 0.743727 9.9955E-05 0.211011 0.0200861 9.9955E-05 9.9955E-05 0.0241824 9.9955E-05 9.9955E-05
9.9982E-05 0.487199 9.9982E-05 0.203228 0.110477 0.0391645 0.0406346 0.0198851 0.00465539 0.0945561
0.00322131 9.9955E-05 9.9955E-05 0.937201 0.00121071 9.9955E-05 0.0469501 0.0109176 9.9955E-05 9.9955E-05
9.99201E-05 9.99201E-05 9.99201E-05 0.999101 9.99201E-05 9.99201E-05 9.99201E-05 9.99201E-05 9.99201E-05 9.99201E-05
9.99281E-05 9.99281E-05 9.99281E-05 0.982899 9.99281E-05 9.99281E-05 9.99281E-05 9.99281E-05 0.0163016 9.99281E-05
9.99201E-05 9.99201E-05 9.99201E-05 0.999101 9.99201E-05 9.99201E-05 9.99201E-05 9.99201E-05 9.99201E-05 9.99201E-05
9.9937E-05 0.0326089 9.9937E-05 0.961561 9.9937E-05 9.9937E-05 9.9937E-05 0.00513049 9.9937E-05 9.9937E-05
0.0478847 0.169114 0.0985117 0.580407 9.9982E-05 0.0389141 0.0282249 9.9982E-05 0.0135996 0.0231434
0.0204447 0.224288 9.9991E-05 0.445461 0.0154464 0.0271964 0.0953779 0.0248518 0.0175762 0.129257
9.998E-05 0.136892 0.0248928 0.479627 9.998E-05 0.0347072 0.104746 0.100291 0.0153061 0.103339
0.00830196 0.127982 0.118562 0.484524 0.0294896 0.0409185 0.0482567 0.0553041 0.0433013 0.0433592
0.0157899 0.155666 0.0865435 0.539366 9.9982E-05 0.0735737 0.00116381 9.9982E-05 0.0460285 0.0816681
0.0379744 0.216895 9.998E-05 0.448596 0.0559551 0.0782219 0.0521014 0.0105748 9.998E-05 0.0994812
0.127622 0.205891 0.0383012 0.370268 9.9982E-05 0.0731246 9.9982E-05 0.0838897 0.019537 0.0811671
9.998E-05 0.264637 9.998E-05 0.171127 0.21249 0.0477798 0.163636 0.0550479 0.00909242 0.0759907
9.9973E-05 0.26597 9.9973E-05 0.224868 0.18692 0.0720619 0.171564 0.0362019 9.9973E-05 0.0421148
0.150649 0.198166 9.9982E-05 0.32557 9.9982E-05 0.0566922 0.00533404 0.0703611 0.0402069 0.152821
9.99281E-05 9.99281E-05 9.99281E-05 9.99281E-05 9.99281E-05 9.99281E-05 9.99281E-05 9.99281E-05 0.00668837 0.992512
9.9946E-05 9.9946E-05 0.00691691 9.9946E-05 9.9946E-05 9.9946E-05 0.0158164 0.0517548 9.9946E-05 0.924912
9.9964E-05 0.00424864 0.0657618 0.0265391 0.0317535 9.9964E-05 9.9964E-05 9.9964E-05 0.00340595 0.867891
9.99371E-05 9.99371E-05 9.99371E-05 9.99371E-05 9.99371E-05 0.00139433 9.99371E-05 0.00331389 9.99371E-05 0.994592
9.99201E-05 9.99201E-05 9.99201E-05 9.99201E-05 9.99201E-05 9.99201E-05 9.99201E-05 9.99201E-05 9.99201E-05 0.999101
9.99201E-05 9.99201E-05 9.99201E-05 9.99201E-05 9.99201E-05 9.99201E-05 9.99201E-05 9.99201E-05 9.99201E-05 0.999101
9.99201E-05 9.99201E-05 9.99201E-05 9.99201E-05 9.99201E-05 9.99201E-05 9.99201E-05 9.99201E-05 9.99201E-05 0.999101
0.0239185 0.00750942 0.0254922 0.0098284 9.9955E-05 9.9955E-05 9.9955E-05 9.9955E-05 9.9955E-05 0.932752
0.0071188 9.99371E-05 9.99371E-05 9.99371E-05 9.99371E-05 0.0039037 9.99371E-05 9.99371E-05 9.99371E-05 0.988278
9.99201E-05 9.99201E-05 9.99201E-05 9.99201E-05 9.99201E-05 9.99201E-05 9.99201E-05 9.99201E-05 9.99201E-05 0.999101
0.0945395 9.998E-05 0.107314 0.377723 0.0631652 0.269695 9.998E-05 0.0494582 0.000764447 0.0371399
9.9946E-05 0.0687005 9.9946E-05 9.9946E-05 0.0230734 0.00285459 9.9946E-05 9.9946E-05 9.9946E-05 0.904772
0.0134615 9.99371E-05 9.99371E-05 0.0279549 9.99371E-05 9.99371E-05 9.99371E-05 9.99371E-05 9.99371E-05 0.957884
9.9955E-05 0.010053 9.9955E-05 9.9955E-05 0.00620448 9.9955E-05 0.0116778 0.00192686 9.9955E-05 0.969638
0.00514047 9.99371E-05 9.99371E-05 0.9749 9.99371E-05 0.0192599 9.99371E-05 9.99371E-05 9.99371E-05 9.99371E-05
9.99201E-05 9.99201E-05 9.99201E-05 0.999101 9.99201E-05 9.99201E-05 9.99201E-05 9.99201E-05 9.99201E-05 9.99201E-05
9.99201E-05 9.99201E-05 9.99201E-05 0.999101 9.99201E-05 9.99201E-05 9.99201E-05 9.99201E-05 9.99201E-05 9.99201E-05
9.9928E-05 9.9928E-05 9.9928E-05 0.995682 9.9928E-05 0.00351814 9.9928E-05 9.9928E-05 9.9928E-05 9.9928E-05
0.0240493 9.997E-05 0.000680889 0.821518 0.0120135 0.100127 9.997E-05 0.0201135 9.997E-05 0.0211983
9.9946E-05 9.9946E-05 0.125664 0.728677 0.0743065 0.0707523 9.9946E-05 9.9946E-05 9.9946E-05 9.9946E-05
9.9955E-05 9.9955E-05 0.106268 0.766895 0.0412585 0.0375077 9.9955E-05 9.9955E-05 9.9955E-05 0.0475708
9.995E-05 9.995E-05 0.0342857 0.847362 0.0393232 0.074116 9.995E-05 9.995E-05 9.995E-05 0.0044136
9.9946E-05 9.9946E-05 9.9946E-05 0.756749 0.0683963 9.9946E-05 9.9946E-05 0.0693444 9.9946E-05 0.104911
9.9946E-05 9.9946E-05 9.9946E-05 0.833809 0.0682464 9.9946E-05 9.9946E-05 0.0236432 9.9946E-05 0.0737014
0.0400731 9.9982E-05 0.124349 0.706598 0.0349726 0.013225 0.0250322 0.0183047 9.9982E-05 0.0372464
9.9973E-05 9.9973E-05 0.0440957 0.719446 0.105354 9.9973E-05 0.0018971 0.0189477 0.000455333 0.109504
0.0672707 0.0295622 9.997E-05 0.669623 0.0522666 0.0865534 9.997E-05 0.0521135 0.0423105 9.997E-05
9.997E-05 0.0519776 9.997E-05 0.641204 0.0197039 0.135855 0.0411676 0.0599511 9.997E-05 0.0498412
9.9955E-05 9.9955E-05 9.9955E-05 0.0992477 0.0374401 0.853572 9.9955E-05 0.00186937 9.9955E-05 0.00737077
0.0500675 9.9955E-05 9.9955E-05 9.9955E-05 0.0204194 0.868486 9.9955E-05 9.9955E-05 0.0135014 0.0470256
9.99201E-05 9.99201E-05 9.99201E-05 9.99201E-05 9.99201E-05 0.999101 9.99201E-05 9.99201E-05 9.99201E-05 9.99201E-05
0.0076268 9.9937E-05 0.00306864 9.9937E-05 9.9937E-05 0.988605 9.9937E-05 9.9937E-05 9.9937E-05 9.9937E-05
9.99201E-05 9.99201E-05 9.99201E-05 9.99201E-05 9.99201E-05 0.999101 9.99201E-05 9.99201E-05 9.99201E-05 9.99201E-05
9.9928E-05 9.9928E-05 9.9928E-05 9.9928E-05 9.9928E-05 0.957442 9.9928E-05 9.9928E-05 9.9928E-05 0.0417589
9.99201E-05 9.99201E-05 9.99201E-05 9.99201E-05 9.99201E-05 0.999101 9.99201E-05 9.99201E-05 9.99201E-05 9.99201E-05
0.0354414 0.0375027 0.0026727 9.9964E-05 0.107911 0.77909 9.9964E-05 9.9964E-05 0.0369815 9.9964E-05
9.99281E-05 9.99281E-05 9.99281E-05 9.99281E-05 9.99281E-05 0.99796 9.99281E-05 0.00124074 9.99281E-05 9.99281E-05
9.99201E-05 9.99201E-05 9.99201E-05 9.99201E-05 9.99201E-05 0.999101 9.99201E-05 9.99201E-05 9.99201E-05 9.99201E-05
9.99551E-05 9.99551E-05 9.99551E-05 9.99551E-05 0.0644428 0.85513 0.0258073 9.99551E-05 0.00199498 0.0521251
9.9946E-05 9.9946E-05 9.9946E-05 9.9946E-05 9.9946E-05 0.957395 0.0191502 0.0152254 9.9946E-05 0.00762924
0.0057485 0.14961 9.9973E-05 9.9973E-05 0.0450577 0.708989 0.00878864 0.0693748 9.9973E-05 0.0121317
9.99201E-05 9.99201E-05 9.99201E-05 9.99201E-05 9.99201E-05 9.99201E-05 9.99201E-05 0.999101 9.99201E-05 9.99201E-05
0.0245602 0.0219547 9.998E-05 0.628962 0.030298 0.0968725 0.0474813 0.0535987 9.998E-05 0.0960728
9.99281E-05 9.99281E-05 9.99281E-05 0.0159537 9.99281E-05 9.99281E-05 9.99281E-05 0.983247 9.99281E-05 9.99281E-05
9.99201E-05 9.99201E-05 9.99201E-05 9.99201E-05 9.99201E-05 9.99201E-05 9.99201E-05 0.999101 9.99201E-05 9.99201E-05
9.99371E-05 9.99371E-05 9.99371E-05 9.99371E-05 0.0846123 9.99371E-05 9.99371E-05 0.903568 9.99371E-05 0.01112
0.00248453 0.0368789 0.0537341 0.071666 0.0158207 9.9973E-05 9.9973E-05 0.795586 9.9973E-05 0.0235299
9.99201E-05 9.99201E-05 9.99201E-05 9.99201E-05 9.99201E-05 9.99201E-05 9.99201E-05 0.999101 9.99201E-05 9.99201E-05
9.9964E-05 0.016949 9.9964E-05 0.0086779 0.0361639 0.0706062 9.9964E-05 0.842496 0.0247072 9.9964E-05
0.00424419 0.00928816 9.99461E-05 9.99461E-05 9.99461E-05 9.99461E-05 9.99461E-05 0.979054 9.99461E-05 0.00681393
9.99371E-05 9.99371E-05 9.99371E-05 9.99371E-05 9.99371E-05 0.0331624 0.000785027 0.965353 9.99371E-05 9.99371E-05
9.99201E-05 9.99201E-05 9.99201E-05 9.99201E-05 9.99201E-05 9.99201E-05 9.99201E-05 0.999101 9.99201E-05 9.99201E-05
0.0191825 9.9946E-05 0.00563468 0.0133312 9.9946E-05 9.9946E-05 9.9946E-05 0.961252 9.9946E-05 9.9946E-05
9.99461E-05 9.99461E-05 0.00674429 0.000755385 9.99461E-05 0.013525 9.99461E-05 0.978376 9.99461E-05 9.99461E-05
0.0404179 9.997E-05 9.997E-05 0.0317433 0.0103402 0.0751847 0.0115006 0.795609 9.997E-05 0.0349042
9.9946E-05 9.9946E-05 9.9946E-05 9.9946E-05 0.0222887 9.9946E-05 0.0117277 0.954795 0.0105891 9.9946E-05
9.995E-05 0.0392053 9.995E-05 9.995E-05 0.0202249 0.0494194 9.995E-05 0.851113 9.995E-05 0.0395377
0.0247911 0.0723638 9.9955E-05 9.9955E-05 0.0215249 9.9955E-05 9.9955E-05 0.852837 9.9955E-05 0.0279838
0.0177543 0.063576 9.9964E-05 9.9964E-05 0.020887 9.9964E-05 0.0122859 0.854319 0.0307775 9.9964E-05
0.0403547 9.99467E-05 9.99467E-05 0.0169106 9.99467E-05 0.00174991 9.99467E-05 0.940385 9.99467E-05 9.99467E-05
0.251943 0.18955 9.998E-05 0.231941 0.149204 0.0138885 9.998E-05 0.033932 0.0623725 0.0669689
0.200486 0.236896 0.0923681 0.181153 0.135273 0.0503374 9.999E-05 0.0587097 0.0291245 0.0155522
0.218312 0.295099 9.998E-05 0.21227 0.115487 0.0148785 9.998E-05 0.032213 0.038266 0.0732756
0.232947 0.274764 0.00496485 0.200892 0.106004 0.0248731 9.9991E-05 0.0508868 0.0520056 0.0525625
9.9973E-05 0.0160197 0.039012 0.0029292 0.909407 0.0239746 0.00345591 9.9973E-05 9.9973E-05 0.00490207
9.99201E-05 9.99201E-05 9.99201E-05 9.99201E-05 0.999101 9.99201E-05 9.99201E-05 9.99201E-05 9.99201E-05 9.99201E-05
9.9937E-05 9.9937E-05 9.9937E-05 0.0155558 0.979738 9.9937E-05 9.9937E-05 9.9937E-05 9.9937E-05 0.00400651
9.99201E-05 9.99201E-05 9.99201E-05 9.99201E-05 0.999101 9.99201E-05 9.99201E-05 9.99201E-05 9.99201E-05 9.99201E-05
9.9955E-05 9.9955E-05 9.9955E-05 9.9955E-05 0.992469 0.0035761 9.9955E-05 0.000632154 0.000708975 0.00211379
0.0358435 9.995E-05 9.995E-05 0.0125991 0.904012 9.995E-05 9.995E-05 0.0158255 9.995E-05 0.0312198
9.9937E-05 9.9937E-05 9.9937E-05 0.0513335 0.921411 9.9937E-05 9.9937E-05 9.9937E-05 9.9937E-05 0.0265563
0.0507425 0.019281 0.0410504 0.0879336 0.72443 0.0331577 9.998E-05 0.00561837 0.0375862 9.998E-05
9.996E-05 0.0595589 0.0595844 0.0389802 0.833748 9.996E-05 9.996E-05 0.00343314 0.00429529 9.996E-05
0.965681 9.9964E-05 9.9964E-05 0.00294962 0.00413579 0.00546045 0.013907 9.9964E-05 9.9964E-05 0.00746657
0.999101 9.99201E-05 9.99201E-05 9.99201E-05 9.99201E-05 9.99201E-05 9.99201E-05 9.99201E-05 9.99201E-05 9.99201E-05
0.999101 9.99201E-05 9.99201E-05 9.99201E-05 9.99201E-05 9.99201E-05 9.99201E-05 9.99201E-05 9.99201E-05 9.99201E-05
0.988656 9.99281E-05 9.99281E-05 9.99281E-05 9.99281E-05 9.99281E-05 9.99281E-05 0.0105446 9.99281E-05 9.99281E-05
0.999101 9.99201E-05 9.99201E-05 9.99201E-05 9.99201E-05 9.99201E-05 9.99201E-05 9.99201E-05 9.99201E-05 9.99201E-05
0.884338 0.04395 0.00848373 0.0297519 0.0151664 9.9982E-05 0.00492781 0.00639928 0.00678273 9.9982E-05
0.999101 9.99201E-05 9.99201E-05 9.99201E-05 9.99201E-05 9.99201E-05 9.99201E-05 9.99201E-05 9.99201E-05 9.99201E-05
0.999101 9.99201E-05 9.99201E-05 9.99201E-05 9.99201E-05 9.99201E-05 9.99201E-05 9.99201E-05 9.99201E-05 9.99201E-05
0.978835 9.99371E-05 0.00467365 9.99371E-05 9.99371E-05 9.99371E-05 9.99371E-05 9.99371E-05 0.0157919 9.99371E-05
0.916588 0.0190628 9.996E-05 0.0152502 9.996E-05 0.0432161 9.996E-05 0.0047768 9.996E-05 0.000706292
0.99368 9.9937E-05 9.9937E-05 9.9937E-05 0.00348762 9.9937E-05 0.00213238 9.9937E-05 9.9937E-05 9.9937E-05
0.994392 9.99281E-05 9.99281E-05 9.99281E-05 9.99281E-05 9.99281E-05 9.99281E-05 9.99281E-05 9.99281E-05 0.0048086
