9.99201E-05 9.99201E-05 0.999101 9.99201E-05 9.99201E-05 9.99201E-05 9.99201E-05 9.99201E-05 9.99201E-05 9.99201E-05
0.0367008 9.9964E-05 0.677889 0.0587264 9.9964E-05 9.9964E-05 0.126931 0.00770666 0.0916462 9.9964E-05
9.99201E-05 9.99201E-05 9.99201E-05 0.999101 9.99201E-05 9.99201E-05 9.99201E-05 9.99201E-05 9.99201E-05 9.99201E-05
0.031889 0.00599036 9.9964E-05 0.909409 9.9964E-05 9.9964E-05 9.9964E-05 0.0297213 0.00509235 0.0174985
9.9955E-05 9.9955E-05 9.9955E-05 0.00694528 9.9955E-05 9.9955E-05 0.977435 0.0078694 0.00266578 0.00458477
0.083712 0.000131087 0.772371 9.9946E-05 9.9946E-05 9.9946E-05 0.143186 9.9946E-05 9.9946E-05 9.9946E-05
9.9973E-05 0.00212864 0.871167 9.9973E-05 0.0144099 0.0638338 9.9973E-05 0.0128873 0.0209856 0.014288
9.99201E-05 9.99201E-05 9.99201E-05 9.99201E-05 9.99201E-05 9.99201E-05 0.999101 9.99201E-05 9.99201E-05 9.99201E-05
9.9955E-05 0.0576518 9.9955E-05 0.494574 9.9955E-05 0.0155645 0.344039 9.9955E-05 0.087671 9.9955E-05
9.996E-05 9.996E-05 0.233229 0.289063 0.146606 9.996E-05 0.162086 0.0235091 0.145107 9.996E-05
9.9964E-05 0.76339 9.9964E-05 0.0277526 0.0026826 9.9964E-05 0.0387216 0.0327975 9.9964E-05 0.134256
9.99281E-05 9.99281E-05 9.99281E-05 9.99281E-05 9.99281E-05 9.99281E-05 0.0529864 9.99281E-05 9.99281E-05 0.946214
9.9946E-05 0.114777 0.194267 9.9946E-05 9.9946E-05 9.9946E-05 0.0341655 9.9946E-05 9.9946E-05 0.65619
0.270086 0.062051 9.9964E-05 9.9964E-05 9.9964E-05 0.0454404 0.068692 0.0541774 9.9964E-05 0.499153
0.0175672 0.0299697 0.0293946 0.0860348 9.9964E-05 9.9964E-05 9.9964E-05 0.0488372 9.9964E-05 0.787797
0.433951 0.172277 9.9937E-05 9.9937E-05 9.9937E-05 9.9937E-05 9.9937E-05 9.9937E-05 9.9937E-05 0.393072
9.99201E-05 0.999101 9.99201E-05 9.99201E-05 9.99201E-05 9.99201E-05 9.99201E-05 9.99201E-05 9.99201E-05 9.99201E-05
0.852176 9.9928E-05 9.9928E-05 9.9928E-05 9.9928E-05 9.9928E-05 9.9928E-05 9.9928E-05 0.147024 9.9928E-05
0.0108361 0.0345096 9.9964E-05 9.9964E-05 0.0939159 0.0144178 9.9964E-05 0.0139457 9.9964E-05 0.831975
0.999101 9.99201E-05 9.99201E-05 9.99201E-05 9.99201E-05 9.99201E-05 9.99201E-05 9.99201E-05 9.99201E-05 9.99201E-05
0.709319 0.0584073 0.0672529 9.9955E-05 9.9955E-05 9.9955E-05 9.9955E-05 9.9955E-05 0.146317 0.0182032
0.744981 9.9946E-05 0.0243772 9.9946E-05 9.9946E-05 9.9946E-05 0.176467 9.9946E-05 0.0535757 9.9946E-05
9.9937E-05 0.918181 0.0759171 9.9937E-05 9.9937E-05 9.9937E-05 9.9937E-05 0.00520189 9.9937E-05 9.9937E-05
0.0117471 0.934235 9.9946E-05 9.9946E-05 9.9946E-05 0.0327336 9.9946E-05 9.9946E-05 0.0206846 9.9946E-05
0.140084 0.0645684 9.9955E-05 9.9955E-05 9.9955E-05 0.0109454 9.9955E-05 9.9955E-05 0.096665 0.687237
0.0553731 0.00488259 0.119901 9.9964E-05 9.9964E-05 0.00552929 9.9964E-05 9.9964E-05 0.141107 0.672807
0.0991751 9.9955E-05 9.9955E-05 9.9955E-05 0.127966 0.127355 9.9955E-05 9.9955E-05 0.0379533 0.607051
9.9973E-05 9.9973E-05 9.9973E-05 0.0546524 0.000931896 0.0359904 0.0312956 0.0140361 0.338103 0.52469
9.9946E-05 9.9946E-05 0.000194715 9.9946E-05 9.9946E-05 0.0886662 9.9946E-05 9.9946E-05 0.193464 0.717075
9.9928E-05 9.9928E-05 9.9928E-05 9.9928E-05 9.9928E-05 9.9928E-05 9.9928E-05 9.9928E-05 0.20614 0.793061
9.9946E-05 9.9946E-05 9.9946E-05 0.145392 0.0861373 0.453255 9.9946E-05 9.9946E-05 0.314616 9.9946E-05
0.0491328 9.9973E-05 0.0710934 0.166762 0.09605 0.338936 9.9973E-05 9.9973E-05 0.266283 0.0114439
9.9946E-05 9.9946E-05 9.9946E-05 9.9946E-05 0.0406156 0.742666 9.9946E-05 9.9946E-05 0.128369 0.0877501
9.9946E-05 0.0564048 9.9946E-05 9.9946E-05 0.109943 0.808503 9.9946E-05 9.9946E-05 9.9946E-05 0.0245493
9.9937E-05 9.9937E-05 9.9937E-05 0.0103435 9.9937E-05 0.717554 9.9937E-05 9.9937E-05 9.9937E-05 0.271403
9.99281E-05 9.99281E-05 9.99281E-05 0.0263343 9.99281E-05 0.972866 9.99281E-05 9.99281E-05 9.99281E-05 9.99281E-05
0.11136 9.9946E-05 0.0647156 9.9946E-05 9.9946E-05 0.69708 0.126245 9.9946E-05 9.9946E-05 9.9946E-05
9.9946E-05 0.0724974 0.016791 9.9946E-05 9.9946E-05 0.842234 9.9946E-05 9.9946E-05 0.0678783 9.9946E-05
0.100607 9.9946E-05 9.9946E-05 9.9946E-05 0.00486919 0.874554 9.9946E-05 0.0193698 9.9946E-05 9.9946E-05
0.0894776 9.9982E-05 0.000990247 0.0182505 0.0713429 0.439318 9.9982E-05 0.0413829 0.310416 0.028622
9.9946E-05 9.9946E-05 0.0288306 9.9946E-05 9.9946E-05 0.845978 9.9946E-05 0.0213083 0.103283 9.9946E-05
9.9982E-05 0.000319161 0.0149092 0.0926832 0.0632009 0.299047 0.0441002 9.9982E-05 0.358204 0.127337
9.9937E-05 9.9937E-05 9.9937E-05 9.9937E-05 9.9937E-05 0.836109 9.9937E-05 0.0147926 9.9937E-05 0.148399
9.9964E-05 0.098944 9.9964E-05 9.9964E-05 0.171871 0.590212 0.0112759 0.0274818 9.9964E-05 0.0998154
9.99551E-05 0.0285356 9.99551E-05 0.0187386 0.558969 0.186994 9.99551E-05 9.99551E-05 0.206263 9.99551E-05
9.9946E-05 9.9946E-05 9.9946E-05 9.9946E-05 0.789076 9.9946E-05 9.9946E-05 0.010735 0.016813 0.182777
9.9964E-05 0.0723374 0.00456943 9.9964E-05 0.77819 0.0442097 0.0596199 0.040674 9.9964E-05 9.9964E-05
9.99201E-05 9.99201E-05 9.99201E-05 9.99201E-05 0.85574 9.99201E-05 9.99201E-05 9.99201E-05 0.143461 9.99201E-05
9.9937E-05 9.9937E-05 9.9937E-05 0.108804 0.608902 9.9937E-05 9.9937E-05 9.9937E-05 9.9937E-05 0.281594
9.994E-05 9.994E-05 9.994E-05 9.994E-05 0.29659 0.464356 0.149737 9.994E-05 0.0887183 9.994E-05
9.9955E-05 0.0134914 9.9955E-05 0.00413618 0.819589 9.9955E-05 9.9955E-05 0.00787305 0.154411 9.9955E-05
0.0240668 9.9928E-05 9.9928E-05 9.9928E-05 0.975134 9.9928E-05 9.9928E-05 9.9928E-05 9.9928E-05 9.9928E-05
0.0251251 9.9964E-05 0.0141985 9.9964E-05 0.812079 9.9964E-05 9.9964E-05 0.00572023 0.109819 0.0326586
9.9946E-05 0.0642199 9.9946E-05 9.9946E-05 0.756681 0.0628218 9.9946E-05 9.9946E-05 0.115678 9.9946E-05
9.9937E-05 9.9937E-05 9.9937E-05 9.9937E-05 0.808015 0.151856 9.9937E-05 9.9937E-05 0.0394292 9.9937E-05
9.9946E-05 9.9946E-05 9.9946E-05 0.107574 0.722074 9.9946E-05 9.9946E-05 0.0228871 0.146865 9.9946E-05
0.0228285 9.9973E-05 9.9973E-05 0.0101789 0.0418648 0.00218361 0.0144879 9.9973E-05 0.831903 0.0762534
9.9955E-05 0.0851993 9.9955E-05 9.9955E-05 0.0205514 0.0479067 0.105321 9.9955E-05 0.740522 9.9955E-05
9.9964E-05 9.9964E-05 0.0182739 0.0868359 0.0696627 9.9964E-05 0.0367474 0.00958902 0.778491 9.9964E-05
9.9964E-05 0.0496459 0.0610978 9.9964E-05 0.0356739 9.9964E-05 0.108508 9.9964E-05 0.641801 0.102873
0.0778125 0.00381293 0.0117289 9.9964E-05 0.0439827 0.00577305 9.9964E-05 9.9964E-05 0.85649 9.9964E-05
9.9946E-05 9.9946E-05 9.9946E-05 0.0483856 9.9946E-05 0.476011 9.9946E-05 0.0978584 0.377145 9.9946E-05
9.9973E-05 0.0216167 9.9973E-05 0.00336976 0.0664825 0.0779809 0.097459 9.9973E-05 0.708141 0.0246506
9.99281E-05 9.99281E-05 9.99281E-05 9.99281E-05 9.99281E-05 9.99281E-05 9.99281E-05 0.0347138 0.964487 9.99281E-05
0.0662781 9.9955E-05 9.9955E-05 9.9955E-05 9.9955E-05 0.0781358 9.9955E-05 0.00957109 0.841818 0.00369693
9.99201E-05 9.99201E-05 9.99201E-05 9.99201E-05 9.99201E-05 9.99201E-05 9.99201E-05 9.99201E-05 0.999101 9.99201E-05
9.99281E-05 9.99281E-05 9.99281E-05 9.99281E-05 9.99281E-05 9.99281E-05 9.99281E-05 0.00486615 0.994334 9.99281E-05
9.9937E-05 9.9937E-05 9.9937E-05 0.00467533 9.9937E-05 9.9937E-05 9.9937E-05 9.9937E-05 0.979844 0.014781
9.99201E-05 9.99201E-05 9.99201E-05 9.99201E-05 9.99201E-05 9.99201E-05 9.99201E-05 9.99201E-05 0.999101 9.99201E-05
9.9937E-05 9.9937E-05 9.9937E-05 0.0431054 0.0266188 9.9937E-05 9.9937E-05 9.9937E-05 0.929576 9.9937E-05
0.00380107 9.99461E-05 9.99461E-05 9.99461E-05 9.99461E-05 0.0185414 9.99461E-05 0.000294583 0.976763 9.99461E-05
9.995E-05 9.995E-05 0.0492893 9.995E-05 9.995E-05 0.430457 0.0151569 0.0273642 0.477232 9.995E-05
9.9955E-05 9.9955E-05 9.9955E-05 0.0170943 0.0165115 9.9955E-05 0.0120484 0.00936148 0.944485 9.9955E-05
0.066049 9.9964E-05 0.0260989 9.9964E-05 0.115687 0.136663 9.9964E-05 0.0504005 0.604702 9.9964E-05
0.0985287 0.0122596 0.00126973 0.00951634 0.0609735 0.0156304 9.9991E-05 0.486994 0.310396 0.00433182
9.99201E-05 9.99201E-05 9.99201E-05 9.99201E-05 9.99201E-05 9.99201E-05 9.99201E-05 0.999101 9.99201E-05 9.99201E-05
9.9982E-05 0.00296631 0.0661476 0.00688172 0.0930745 0.110804 9.9982E-05 0.0399472 0.594897 0.085082
