9.98741E-05 9.98741E-05 9.98741E-05 9.98741E-05 0.998602 9.98741E-05 9.98741E-05 9.98741E-05 9.98741E-05 9.98741E-05 9.98741E-05 9.98741E-05 9.98741E-05 9.98741E-05 9.98741E-05
0.036149 9.9919E-05 0.0553488 9.9919E-05 0.00164199 9.9919E-05 0.0627806 9.9919E-05 9.9919E-05 9.9919E-05 0.81095 9.9919E-05 0.0322306 9.9919E-05 9.9919E-05
9.98741E-05 9.98741E-05 9.98741E-05 9.98741E-05 9.98741E-05 9.98741E-05 9.98741E-05 9.98741E-05 9.98741E-05 9.98741E-05 9.98741E-05 9.98741E-05 0.998602 9.98741E-05 9.98741E-05
0.0058876 9.9937E-05 9.9937E-05 0.0257146 9.9937E-05 9.9937E-05 9.9937E-05 0.0905407 0.00657419 9.9937E-05 9.9937E-05 0.0246102 0.78759 0.0489307 0.00945282
0.00267537 9.9919E-05 9.9919E-05 9.9919E-05 9.9919E-05 9.9919E-05 9.9919E-05 0.0337246 0.00157644 9.9919E-05 0.863706 9.9919E-05 9.9919E-05 0.0326391 0.0647794
9.9919E-05 9.9919E-05 0.0107515 0.0756054 0.0743757 9.9919E-05 9.9919E-05 9.9919E-05 9.9919E-05 9.9919E-05 0.781623 0.0440222 0.0127229 9.9919E-05 9.9919E-05
9.98921E-05 9.98921E-05 9.98921E-05 9.98921E-05 0.0187072 9.98921E-05 9.98921E-05 9.98921E-05 9.98921E-05 0.12873 0.851364 9.98921E-05 9.98921E-05 9.98921E-05 9.98921E-05
9.98921E-05 9.98921E-05 0.0444317 9.98921E-05 9.98921E-05 9.98921E-05 9.98921E-05 9.98921E-05 9.98921E-05 0.0808173 0.873552 9.98921E-05 9.98921E-05 9.98921E-05 9.98921E-05
9.9919E-05 0.172031 9.9919E-05 9.9919E-05 0.0345816 9.9919E-05 9.9919E-05 0.0647485 0.0230285 9.9919E-05 0.487563 9.9919E-05 0.217148 9.9919E-05 9.9919E-05
0.0362649 9.9937E-05 9.9937E-05 0.0630988 0.02109 9.9937E-05 0.155738 0.0216365 9.9937E-05 9.9937E-05 0.567685 9.9937E-05 0.0584538 9.9937E-05 0.0753327
0.00360355 9.99011E-05 9.99011E-05 9.99011E-05 9.99011E-05 9.99011E-05 9.99011E-05 0.0693325 9.99011E-05 9.99011E-05 9.99011E-05 0.0129251 9.99011E-05 0.91304 9.99011E-05
9.98921E-05 9.98921E-05 9.98921E-05 9.98921E-05 9.98921E-05 9.98921E-05 9.98921E-05 9.98921E-05 0.000117861 9.98921E-05 9.98921E-05 9.98921E-05 9.98921E-05 0.932564 0.0661191
9.9901E-05 9.9901E-05 9.9901E-05 9.9901E-05 0.0778517 9.9901E-05 9.9901E-05 9.9901E-05 9.9901E-05 9.9901E-05 0.0186993 9.9901E-05 0.0247346 0.877615 9.9901E-05
9.9874E-05 9.9874E-05 9.9874E-05 9.9874E-05 9.9874E-05 9.9874E-05 9.9874E-05 9.9874E-05 9.9874E-05 0.998602 9.9874E-05 9.9874E-05 9.9874E-05 9.9874E-05 9.9874E-05
0.0463021 9.9928E-05 0.106518 0.0861617 9.9928E-05 0.0536262 9.9928E-05 9.9928E-05 0.462919 9.9928E-05 9.9928E-05 9.9928E-05 0.0497951 0.193879 9.9928E-05
9.9919E-05 9.9919E-05 0.191992 0.294228 0.0133099 9.9919E-05 9.9919E-05 0.0122524 9.9919E-05 9.9919E-05 9.9919E-05 0.0634722 9.9919E-05 0.423845 9.9919E-05
9.99011E-05 9.99011E-05 9.99011E-05 0.0927598 9.99011E-05 9.99011E-05 9.99011E-05 9.99011E-05 0.0251072 9.99011E-05 9.99011E-05 0.798063 9.99011E-05 0.0829714 9.99011E-05
9.98921E-05 0.0321041 9.98921E-05 0.960721 9.98921E-05 9.98921E-05 9.98921E-05 9.98921E-05 9.98921E-05 9.98921E-05 9.98921E-05 0.00597622 9.98921E-05 9.98921E-05 9.98921E-05
9.9937E-05 0.00565469 0.041356 0.0838745 0.010716 9.9937E-05 9.9937E-05 9.9937E-05 0.291342 0.376877 9.9937E-05 9.9937E-05 0.00494709 0.184533 9.9937E-05
9.9874E-05 9.9874E-05 0.998602 9.9874E-05 9.9874E-05 9.9874E-05 9.9874E-05 9.9874E-05 9.9874E-05 9.9874E-05 9.9874E-05 9.9874E-05 9.9874E-05 9.9874E-05 9.9874E-05
9.9955E-05 0.0151156 0.442695 9.9955E-05 0.104051 9.9955E-05 0.109511 9.9955E-05 0.0285549 0.0358144 9.9955E-05 0.192129 0.0147885 0.0462639 0.010577
9.99101E-05 9.99101E-05 0.00407746 9.99101E-05 9.99101E-05 9.99101E-05 9.99101E-05 9.99101E-05 0.389825 9.99101E-05 0.301347 0.301915 0.00183656 9.99101E-05 9.99101E-05
0.00810833 9.98921E-05 9.98921E-05 9.98921E-05 0.00866835 9.98921E-05 9.98921E-05 9.98921E-05 9.98921E-05 9.98921E-05 9.98921E-05 0.982025 9.98921E-05 9.98921E-05 9.98921E-05
9.98921E-05 9.98921E-05 9.98921E-05 9.98921E-05 9.98921E-05 9.98921E-05 9.98921E-05 9.98921E-05 9.98921E-05 0.0436232 9.98921E-05 0.906113 9.98921E-05 9.98921E-05 0.049065
9.98741E-05 9.98741E-05 9.98741E-05 0.998602 9.98741E-05 9.98741E-05 9.98741E-05 9.98741E-05 9.98741E-05 9.98741E-05 9.98741E-05 9.98741E-05 9.98741E-05 9.98741E-05 9.98741E-05
9.9928E-05 0.0219995 0.00701589 9.9928E-05 0.0150432 9.9928E-05 0.13571 9.9928E-05 0.0558308 0.724303 9.9928E-05 9.9928E-05 9.9928E-05 9.9928E-05 0.0392978
9.991E-05 9.991E-05 0.0262055 9.991E-05 9.991E-05 9.991E-05 9.991E-05 0.166169 0.677583 9.991E-05 9.991E-05 9.991E-05 9.991E-05 0.0102463 0.118797
0.0203434 9.9946E-05 0.000606726 9.9946E-05 9.9946E-05 0.0132518 0.0876174 0.0854647 0.708595 9.9946E-05 0.0204632 0.0097192 0.053339 9.9946E-05 9.9946E-05
9.991E-05 0.0118019 9.991E-05 9.991E-05 9.991E-05 0.0766994 0.0429834 9.991E-05 0.846194 0.0213225 9.991E-05 9.991E-05 9.991E-05 9.991E-05 9.991E-05
9.98741E-05 9.98741E-05 9.98741E-05 9.98741E-05 9.98741E-05 9.98741E-05 9.98741E-05 9.98741E-05 0.998602 9.98741E-05 9.98741E-05 9.98741E-05 9.98741E-05 9.98741E-05 9.98741E-05
9.991E-05 0.603449 0.0116531 9.991E-05 9.991E-05 0.143883 0.119798 9.991E-05 9.991E-05 9.991E-05 9.991E-05 9.991E-05 0.120218 9.991E-05 9.991E-05
0.00071852 0.726485 9.9919E-05 0.100164 0.0136225 9.9919E-05 9.9919E-05 9.9919E-05 0.0730315 9.9919E-05 9.9919E-05 9.9919E-05 0.0850787 9.9919E-05 9.9919E-05
9.9928E-05 0.0300764 9.9928E-05 0.0821436 9.9928E-05 0.51271 0.111055 9.9928E-05 0.00258973 9.9928E-05 9.9928E-05 9.9928E-05 0.0269907 9.9928E-05 0.233635
9.99011E-05 0.011452 9.99011E-05 9.99011E-05 9.99011E-05 9.99011E-05 9.99011E-05 0.0471659 9.99011E-05 9.99011E-05 9.99011E-05 0.00750959 9.99011E-05 9.99011E-05 0.932774
9.9919E-05 9.9919E-05 0.065873 0.0472343 9.9919E-05 0.131441 9.9919E-05 9.9919E-05 0.143922 9.9919E-05 9.9919E-05 9.9919E-05 9.9919E-05 0.0396952 0.570936
9.98741E-05 9.98741E-05 9.98741E-05 9.98741E-05 9.98741E-05 0.998602 9.98741E-05 9.98741E-05 9.98741E-05 9.98741E-05 9.98741E-05 9.98741E-05 9.98741E-05 9.98741E-05 9.98741E-05
9.9937E-05 9.9937E-05 0.088477 9.9937E-05 0.0328822 0.470749 0.0140169 0.0416802 9.9937E-05 9.9937E-05 0.169207 9.9937E-05 0.00413657 9.9937E-05 0.178152
9.9937E-05 9.9937E-05 0.0113581 0.0355319 9.9937E-05 0.785191 0.0201864 0.0133174 0.0367765 9.9937E-05 9.9937E-05 0.0820783 9.9937E-05 9.9937E-05 0.014861
0.0135112 9.9901E-05 0.00894893 9.9901E-05 9.9901E-05 0.857712 9.9901E-05 0.118729 9.9901E-05 9.9901E-05 9.9901E-05 9.9901E-05 9.9901E-05 9.9901E-05 9.9901E-05
0.044843 9.9937E-05 0.0114404 0.089376 0.0102973 0.508645 0.186197 0.0362417 0.11226 9.9937E-05 9.9937E-05 9.9937E-05 9.9937E-05 9.9937E-05 9.9937E-05
9.98921E-05 0.135157 9.98921E-05 9.98921E-05 9.98921E-05 0.768049 9.98921E-05 9.98921E-05 9.98921E-05 9.98921E-05 9.98921E-05 9.98921E-05 9.98921E-05 9.98921E-05 0.0955952
9.9955E-05 0.09909 0.00727169 9.9955E-05 0.050659 0.0693884 0.285004 9.9955E-05 0.0853365 0.121155 9.9955E-05 9.9955E-05 0.00891611 0.0309092 0.241771
9.98921E-05 9.98921E-05 0.0136414 9.98921E-05 9.98921E-05 9.98921E-05 9.98921E-05 9.98921E-05 9.98921E-05 9.98921E-05 9.98921E-05 9.98921E-05 0.0504084 9.98921E-05 0.934751
0.0343149 9.98831E-05 9.98831E-05 9.98831E-05 9.98831E-05 9.98831E-05 9.98831E-05 9.98831E-05 9.98831E-05 9.98831E-05 9.98831E-05 9.98831E-05 9.98831E-05 9.98831E-05 0.964387
9.99281E-05 9.99281E-05 0.0217407 9.99281E-05 9.99281E-05 9.99281E-05 0.0320972 0.89549 0.0191085 9.99281E-05 9.99281E-05 9.99281E-05 0.0220736 0.00686044 0.00182979
9.99101E-05 0.844891 9.99101E-05 9.99101E-05 0.00543865 0.00901764 9.99101E-05 9.99101E-05 0.0765992 9.99101E-05 9.99101E-05 9.99101E-05 9.99101E-05 0.0630545 9.99101E-05
0.0382726 0.504101 9.99191E-05 9.99191E-05 9.99191E-05 9.99191E-05 0.0266147 0.156653 9.99191E-05 0.230601 9.99191E-05 9.99191E-05 9.99191E-05 9.99191E-05 0.042858
9.9901E-05 0.872563 9.9901E-05 9.9901E-05 9.9901E-05 9.9901E-05 0.0770579 0.0178225 9.9901E-05 9.9901E-05 9.9901E-05 9.9901E-05 9.9901E-05 9.9901E-05 0.0314577
0.00636266 0.218437 9.9937E-05 0.00957218 9.9937E-05 9.9937E-05 9.9937E-05 0.155756 0.079649 0.0566398 9.9937E-05 9.9937E-05 0.105777 9.9937E-05 0.367106
9.9937E-05 0.411448 9.9937E-05 9.9937E-05 0.0425054 0.0783325 0.0532997 0.0428347 9.9937E-05 0.0543862 9.9937E-05 9.9937E-05 0.0427168 9.9937E-05 0.273777
9.9901E-05 0.226105 9.9901E-05 9.9901E-05 9.9901E-05 9.9901E-05 0.0619768 0.691273 9.9901E-05 9.9901E-05 9.9901E-05 0.0195459 9.9901E-05 9.9901E-05 9.9901E-05
9.98921E-05 0.0695858 9.98921E-05 9.98921E-05 0.0543014 9.98921E-05 9.98921E-05 0.874914 9.98921E-05 9.98921E-05 9.98921E-05 9.98921E-05 9.98921E-05 9.98921E-05 9.98921E-05
9.98921E-05 9.98921E-05 9.98921E-05 0.0268977 9.98921E-05 9.98921E-05 0.155909 0.815995 9.98921E-05 9.98921E-05 9.98921E-05 9.98921E-05 9.98921E-05 9.98921E-05 9.98921E-05
9.99001E-05 9.99001E-05 9.99001E-05 9.99001E-05 9.99001E-05 0.0136823 0.0449694 0.888504 9.99001E-05 9.99001E-05 9.99001E-05 0.0185163 9.99001E-05 9.99001E-05 0.0333295
9.991E-05 0.925296 0.00118443 9.991E-05 9.991E-05 0.0407785 9.991E-05 9.991E-05 9.991E-05 0.00697071 9.991E-05 9.991E-05 9.991E-05 9.991E-05 0.0247711
0.0470571 0.951497 9.98921E-05 9.98921E-05 0.000246933 9.98921E-05 9.98921E-05 9.98921E-05 9.98921E-05 9.98921E-05 9.98921E-05 9.98921E-05 9.98921E-05 9.98921E-05 9.98921E-05
0.0201353 0.156271 9.9937E-05 9.9937E-05 9.9937E-05 0.00604383 0.656794 0.0285835 0.121638 9.9937E-05 9.9937E-05 0.00307681 0.00675734 9.9937E-05 9.9937E-05
9.9955E-05 0.218243 9.9955E-05 9.9955E-05 9.9955E-05 0.0249389 0.516412 9.9955E-05 0.0457925 0.0179011 0.0314734 0.0273745 0.00948422 0.0367223 0.0711585
9.9928E-05 0.279076 9.9928E-05 9.9928E-05 9.9928E-05 9.9928E-05 0.543618 0.0449613 0.0381974 9.9928E-05 0.0328487 0.0570861 0.00341226 9.9928E-05 9.9928E-05
9.9937E-05 0.0259137 9.9937E-05 9.9937E-05 0.000506511 0.00663672 0.636069 0.0067373 0.0730253 9.9937E-05 0.171045 9.9937E-05 9.9937E-05 9.9937E-05 0.0793663
9.9946E-05 0.0178959 0.0051572 0.0465148 9.9946E-05 0.00486625 0.669438 0.186143 0.0108884 0.0433513 0.0151455 9.9946E-05 9.9946E-05 9.9946E-05 9.9946E-05
0.100698 9.99101E-05 9.99101E-05 9.99101E-05 0.00775814 0.429576 0.449711 9.99101E-05 9.99101E-05 9.99101E-05 9.99101E-05 9.99101E-05 9.99101E-05 0.0112582 9.99101E-05
9.99386E-05 9.99386E-05 0.0173561 9.99386E-05 0.0170476 0.0918012 0.725205 0.05648 0.0396951 9.99386E-05 9.99386E-05 0.0308527 9.99386E-05 9.99386E-05 0.0208626
0.0302302 0.0459249 9.98922E-05 9.98922E-05 9.98922E-05 9.98922E-05 0.922646 9.98922E-05 9.98922E-05 9.98922E-05 9.98922E-05 9.98922E-05 9.98922E-05 9.98922E-05 9.98922E-05
0.00787195 9.991E-05 0.00520891 0.0571596 9.991E-05 0.0842926 0.844468 9.991E-05 9.991E-05 9.991E-05 9.991E-05 9.991E-05 9.991E-05 9.991E-05 9.991E-05
9.98922E-05 9.98922E-05 9.98922E-05 9.98922E-05 0.0081564 9.98922E-05 0.978376 9.98922E-05 9.98922E-05 9.98922E-05 9.98922E-05 9.98922E-05 9.98922E-05 0.0122686 9.98922E-05
9.98831E-05 9.98831E-05 9.98831E-05 9.98831E-05 9.98831E-05 9.98831E-05 0.972606 9.98831E-05 9.98831E-05 9.98831E-05 9.98831E-05 9.98831E-05 9.98831E-05 0.0260951 9.98831E-05
9.9901E-05 9.9901E-05 9.9901E-05 0.0510299 9.9901E-05 9.9901E-05 0.907758 9.9901E-05 0.020517 9.9901E-05 9.9901E-05 9.9901E-05 0.0195958 9.9901E-05 9.9901E-05
9.98921E-05 9.98921E-05 9.98921E-05 9.98921E-05 0.0104836 9.98921E-05 0.964215 9.98921E-05 9.98921E-05 9.98921E-05 9.98921E-05 9.98921E-05 9.98921E-05 9.98921E-05 0.0241027
9.98831E-05 0.0990124 9.98831E-05 9.98831E-05 9.98831E-05 9.98831E-05 0.899689 9.98831E-05 9.98831E-05 9.98831E-05 9.98831E-05 9.98831E-05 9.98831E-05 9.98831E-05 9.98831E-05
9.99012E-05 9.99012E-05 9.99012E-05 0.0393849 9.99012E-05 9.99012E-05 0.911992 9.99012E-05 9.99012E-05 9.99012E-05 9.99012E-05 9.99012E-05 0.00262123 9.99012E-05 0.0449032
0.0219899 9.99011E-05 9.99011E-05 9.99011E-05 9.99011E-05 0.351775 0.388933 9.99011E-05 9.99011E-05 0.236203 9.99011E-05 9.99011E-05 9.99011E-05 9.99011E-05 9.99011E-05
0.0115647 0.0269648 9.99191E-05 9.99191E-05 9.99191E-05 9.99191E-05 0.92851 0.00878828 9.99191E-05 9.99191E-05 0.0059742 9.99191E-05 0.0172987 9.99191E-05 9.99191E-05
0.050492 9.9919E-05 9.9919E-05 0.0585813 0.0501105 9.9919E-05 0.548665 0.130804 9.9919E-05 9.9919E-05 9.9919E-05 9.9919E-05 9.9919E-05 9.9919E-05 0.160448
0.568113 0.0489352 0.00548482 0.0260077 0.00445908 9.9955E-05 0.276058 0.0221022 9.9955E-05 0.0288073 9.9955E-05 0.0132464 0.00628646 9.9955E-05 9.9955E-05
0.998602 9.98741E-05 9.98741E-05 9.98741E-05 9.98741E-05 9.98741E-05 9.98741E-05 9.98741E-05 9.98741E-05 9.98741E-05 9.98741E-05 9.98741E-05 9.98741E-05 9.98741E-05 9.98741E-05
0.0592565 9.9937E-05 9.9937E-05 9.9937E-05 0.0523404 9.9937E-05 0.582545 0.0662894 0.00490444 9.9937E-05 9.9937E-05 9.9937E-05 0.00109325 0.0149302 0.217941
