9.99201E-05 9.99201E-05 9.99201E-05 9.99201E-05 9.99201E-05 9.99201E-05 0.999101 9.99201E-05 9.99201E-05 9.99201E-05
0.00886988 9.9955E-05 0.768733 9.9955E-05 0.0586256 9.9955E-05 0.0948849 9.9955E-05 0.0683872 9.9955E-05
9.9955E-05 9.9955E-05 0.760087 9.9955E-05 0.0435993 9.9955E-05 0.0875921 9.9955E-05 0.0485796 0.0596424
9.99201E-05 9.99201E-05 0.999101 9.99201E-05 9.99201E-05 9.99201E-05 9.99201E-05 9.99201E-05 9.99201E-05 9.99201E-05
0.10083 0.0455205 0.656264 9.9955E-05 9.9955E-05 0.0448097 9.9955E-05 9.9955E-05 9.9955E-05 0.152076
0.00653096 9.9973E-05 0.634135 0.152447 9.9973E-05 9.9973E-05 0.0548103 0.0176295 0.0226127 0.111535
9.9946E-05 9.9946E-05 0.493595 0.0357587 9.9946E-05 9.9946E-05 0.158479 9.9946E-05 9.9946E-05 0.311567
9.9964E-05 9.9964E-05 0.498448 0.0615828 0.00520599 9.9964E-05 0.146925 9.9964E-05 0.0988411 0.188596
9.9964E-05 0.0387063 0.554664 0.00242588 9.9964E-05 9.9964E-05 0.0688431 9.9964E-05 0.0532999 0.281661
9.99201E-05 9.99201E-05 9.99201E-05 9.99201E-05 9.99201E-05 9.99201E-05 0.999101 9.99201E-05 9.99201E-05 9.99201E-05
9.99201E-05 9.99201E-05 9.99201E-05 9.99201E-05 9.99201E-05 9.99201E-05 0.999101 9.99201E-05 9.99201E-05 9.99201E-05
9.99281E-05 9.99281E-05 9.99281E-05 9.99281E-05 0.00474989 9.99281E-05 0.994451 9.99281E-05 9.99281E-05 9.99281E-05
9.99281E-05 9.99281E-05 9.99281E-05 9.99281E-05 9.99281E-05 0.0108727 0.988328 9.99281E-05 9.99281E-05 9.99281E-05
0.0578416 9.9937E-05 9.9937E-05 9.9937E-05 9.9937E-05 9.9937E-05 0.895963 9.9937E-05 9.9937E-05 0.0454961
9.99371E-05 9.99371E-05 0.0625216 9.99371E-05 9.99371E-05 0.028111 0.908668 9.99371E-05 9.99371E-05 9.99371E-05
9.9973E-05 0.0130769 0.518949 0.284088 9.9973E-05 0.0132661 0.0737072 0.0485345 9.9973E-05 0.0480788
0.0634664 0.0771428 0.340739 0.159622 0.0251176 0.0465246 0.175501 9.9991E-05 0.0483858 0.0634005
9.9928E-05 0.000611452 0.998589 9.9928E-05 9.9928E-05 9.9928E-05 9.9928E-05 9.9928E-05 9.9928E-05 9.9928E-05
0.00937173 0.00945354 0.026186 0.0458981 0.00597762 9.9964E-05 9.9964E-05 9.9964E-05 9.9964E-05 0.902713
0.0105337 9.99371E-05 9.99371E-05 9.99371E-05 9.99371E-05 0.0148371 9.99371E-05 9.99371E-05 9.99371E-05 0.97393
9.9955E-05 0.0303487 0.139424 9.9955E-05 0.00521811 9.9955E-05 0.0487914 9.9955E-05 9.9955E-05 0.775718
0.0589945 9.9982E-05 0.0362949 0.0118879 0.0286857 0.0153353 9.9982E-05 0.00830566 0.0764639 0.763832
0.0686764 9.9955E-05 0.0539936 9.9955E-05 0.00151175 9.9955E-05 9.9955E-05 9.9955E-05 0.0349301 0.840388
0.0273983 9.9955E-05 9.9955E-05 9.9955E-05 9.9955E-05 0.0193564 0.0309495 9.9955E-05 0.00577236 0.916024
9.9946E-05 9.9946E-05 9.9946E-05 0.028572 0.0326732 0.00805092 9.9946E-05 9.9946E-05 9.9946E-05 0.930104
0.00049534 0.036032 9.9973E-05 0.0996151 9.9973E-05 0.0621504 9.9973E-05 0.0823261 0.0195727 0.699508
9.9964E-05 0.0629217 9.9964E-05 0.0197142 9.9964E-05 0.00243665 9.9964E-05 0.012317 0.0660689 0.836142
9.9955E-05 9.9955E-05 0.0556505 0.0621235 9.9955E-05 0.00262136 9.9955E-05 9.9955E-05 0.0300232 0.849082
0.0446628 0.0428033 9.9973E-05 0.0756479 9.9973E-05 0.00330972 0.0730309 0.0645834 9.9973E-05 0.695662
9.9946E-05 9.9946E-05 0.0351403 9.9946E-05 9.9946E-05 9.9946E-05 0.0443669 0.0560354 9.9946E-05 0.863858
0.0166595 9.99461E-05 9.99461E-05 9.99461E-05 0.0152986 9.99461E-05 0.0448328 9.99461E-05 9.99461E-05 0.922609
9.99551E-05 0.0422789 9.99551E-05 0.0167655 0.0181666 0.0460039 9.99551E-05 9.99551E-05 9.99551E-05 0.876285
0.0258678 0.0154167 9.9973E-05 9.9973E-05 0.00887125 9.9973E-05 0.00110721 0.110249 0.0747091 0.763479
9.9955E-05 9.9955E-05 9.9955E-05 9.9955E-05 9.9955E-05 0.126614 0.0453603 0.136332 0.0704013 0.620792
0.122253 9.9946E-05 0.0359241 9.9946E-05 9.9946E-05 9.9946E-05 9.9946E-05 9.9946E-05 0.0771164 0.764106
9.9937E-05 9.9937E-05 0.0716005 9.9937E-05 9.9937E-05 9.9937E-05 0.0559661 9.9937E-05 9.9937E-05 0.871734
9.9946E-05 0.00485996 9.9946E-05 0.348206 9.9946E-05 9.9946E-05 9.9946E-05 0.123937 9.9946E-05 0.522397
0.0333709 0.0637397 0.0641205 0.0554698 9.9991E-05 0.00631866 0.0109762 0.226148 0.0251133 0.514643
9.9982E-05 0.0922845 0.0408677 0.0522773 0.0173573 9.9982E-05 0.0096924 0.190209 0.0902728 0.506839
9.9964E-05 0.0213615 9.9964E-05 0.056826 9.9964E-05 0.00293674 0.0166978 0.322868 9.9964E-05 0.57891
9.9964E-05 0.00966593 0.180397 0.611825 0.109836 0.0835983 9.9964E-05 0.00427751 9.9964E-05 9.9964E-05
9.9964E-05 0.0449353 0.0616468 0.672512 9.9964E-05 0.0731449 9.9964E-05 0.120075 0.027286 9.9964E-05
9.9973E-05 9.9973E-05 0.198139 0.541175 0.0444808 0.103169 0.0249579 9.9973E-05 0.0724943 0.0152849
9.9973E-05 0.0387625 0.145343 0.652112 0.0118311 0.071035 9.9973E-05 0.0695073 0.0111096 9.9973E-05
9.9964E-05 0.0319326 0.0280557 0.461897 9.9964E-05 9.9964E-05 9.9964E-05 0.181613 0.0677843 0.228317
9.99201E-05 9.99201E-05 9.99201E-05 0.999101 9.99201E-05 9.99201E-05 9.99201E-05 9.99201E-05 9.99201E-05 9.99201E-05
9.99201E-05 9.99201E-05 9.99201E-05 0.999101 9.99201E-05 9.99201E-05 9.99201E-05 9.99201E-05 9.99201E-05 9.99201E-05
0.0242333 0.0435281 0.0137451 0.487101 9.9973E-05 0.0351915 9.9973E-05 9.9973E-05 0.0615419 0.334359
0.0067513 0.0877559 0.0562245 0.499851 9.9991E-05 0.0433161 0.0518422 0.129473 0.0416587 0.083027
9.999E-05 0.0321464 0.150685 0.323377 0.0349916 0.0548099 0.0494279 0.0588575 0.0250522 0.270552
9.9982E-05 0.0149617 0.0175688 0.429353 0.00658034 9.9982E-05 0.0334977 0.238755 0.0386289 0.220455
0.0299755 0.00337658 0.00377522 0.598203 9.9982E-05 0.0533243 9.9982E-05 0.0668634 0.0473934 0.196888
9.9946E-05 9.9946E-05 9.9946E-05 0.911247 9.9946E-05 9.9946E-05 0.0131496 9.9946E-05 0.0341831 0.0408208
0.0629806 0.0519143 9.9973E-05 0.333914 9.9973E-05 9.9973E-05 0.0364999 0.289383 0.0189655 0.206043
0.0212195 0.00804701 9.9991E-05 0.352593 0.0277869 0.0675528 0.0488641 0.245056 0.010294 0.218487
9.9973E-05 9.9973E-05 0.128139 0.572905 0.00829209 0.111182 9.9973E-05 0.0343603 0.0866886 0.0581337
0.0163501 0.0625572 0.00904367 0.318076 9.9991E-05 0.000517151 0.0933754 0.220607 0.0840391 0.195334
9.9982E-05 0.091774 0.117657 0.471487 0.0176416 0.028459 9.9982E-05 0.122977 0.00680025 0.143004
9.99201E-05 9.99201E-05 9.99201E-05 0.999101 9.99201E-05 9.99201E-05 9.99201E-05 9.99201E-05 9.99201E-05 9.99201E-05
9.998E-05 0.119439 0.0667723 0.344195 9.998E-05 0.0189953 0.0241142 0.177214 0.0545656 0.194505
0.0535466 0.0827806 0.0128701 0.635864 9.9973E-05 0.055442 0.00113516 9.9973E-05 9.9973E-05 0.158062
0.0102472 0.00653092 0.0278906 0.644252 0.0250491 0.112937 0.0284126 0.130289 9.9991E-05 0.0142918
0.0305764 0.000574919 9.9991E-05 0.569134 0.0514339 0.0380341 0.00794705 0.153244 0.0493537 0.099602
0.0799107 0.00870956 9.9964E-05 0.823768 0.012147 0.0496585 9.9964E-05 9.9964E-05 0.0254065 9.9964E-05
0.0336457 0.034194 0.0479139 0.630093 9.9982E-05 0.0757263 0.0200444 0.0576726 9.9982E-05 0.10051
0.0528517 9.9955E-05 9.9955E-05 0.88076 0.0393534 0.00648781 9.9955E-05 9.9955E-05 0.0200469 9.9955E-05
9.9937E-05 9.9937E-05 9.9937E-05 0.679487 0.0231595 9.9937E-05 9.9937E-05 0.296654 9.9937E-05 9.9937E-05
0.0887402 9.9964E-05 9.9964E-05 0.742026 0.0832007 0.0580496 0.0109025 9.9964E-05 0.0166814 9.9964E-05
9.9973E-05 0.0221033 0.133439 0.485927 9.9973E-05 0.0299672 9.9973E-05 0.131827 0.0068781 0.189558
0.0367223 9.9955E-05 9.9955E-05 0.876765 0.0289011 0.0353519 9.9955E-05 9.9955E-05 0.0217597 9.9955E-05
9.9982E-05 9.9982E-05 0.097741 0.652194 0.0809957 0.00723198 0.0255977 0.0747264 0.0316948 0.0296189
9.9982E-05 0.010669 0.00766707 0.599551 0.0472672 0.0496586 9.9982E-05 0.250607 0.0231214 0.0112586
0.0228854 0.012489 9.9955E-05 0.85247 9.9955E-05 9.9955E-05 0.0855409 0.0261148 9.9955E-05 9.9955E-05
9.9946E-05 0.047138 9.9946E-05 0.850814 9.9946E-05 9.9946E-05 0.0431562 0.0582924 9.9946E-05 9.9946E-05
0.0219369 9.9973E-05 9.9973E-05 0.567631 9.9973E-05 0.112837 0.0895703 0.166412 0.0310282 0.0102845
9.9955E-05 0.0663283 9.9955E-05 0.709391 0.006337 9.9955E-05 0.00465921 0.212785 9.9955E-05 9.9955E-05
9.9955E-05 9.9955E-05 0.0210918 0.77272 0.0293499 9.9955E-05 9.9955E-05 0.133382 0.0429558 9.9955E-05
0.0888832 9.9982E-05 0.0737883 0.532195 0.0733464 0.0194806 0.0203403 0.169586 0.0221801 9.9982E-05
9.9955E-05 0.0242102 9.9955E-05 0.028372 9.9955E-05 9.9955E-05 9.9955E-05 0.881244 0.0527953 0.012879
9.9928E-05 9.9928E-05 9.9928E-05 0.0330568 9.9928E-05 9.9928E-05 9.9928E-05 0.966144 9.9928E-05 9.9928E-05
9.99371E-05 9.99371E-05 9.99371E-05 0.0589253 9.99371E-05 9.99371E-05 0.00686684 0.933508 9.99371E-05 9.99371E-05
0.00296869 9.9937E-05 9.9937E-05 0.0417463 9.9937E-05 9.9937E-05 9.9937E-05 0.954585 9.9937E-05 9.9937E-05
9.9937E-05 9.9937E-05 9.9937E-05 0.110155 9.9937E-05 9.9937E-05 9.9937E-05 0.849267 0.0398788 9.9937E-05
9.999E-05 0.0327046 0.083259 0.0712355 0.0699714 0.0692008 0.00347165 0.507869 0.0167511 0.145437
0.0106956 0.00526911 0.0450375 0.19219 0.102219 9.9991E-05 0.0292634 0.549574 0.0543164 0.0113353
9.9973E-05 0.0563962 0.123186 0.137343 0.121104 9.9973E-05 0.0148738 0.474031 0.0727662 9.9973E-05
9.999E-05 0.0429972 0.0783501 0.156011 0.0215424 0.0322107 0.0379071 0.481305 0.0520392 0.0975374
9.9973E-05 0.0367376 0.0281496 0.138895 0.112788 0.088931 9.9973E-05 0.44633 9.9973E-05 0.14787
0.075649 0.0447579 0.0839116 0.247659 0.0666171 0.0515143 9.9982E-05 0.40599 0.023701 9.9982E-05
0.0108687 0.103223 9.9991E-05 0.198627 0.0859213 0.12185 0.00251563 0.309522 0.0733387 0.0940333
0.198269 9.9973E-05 0.160347 0.285495 0.0850098 0.047202 9.9973E-05 0.190192 0.0331854 9.9973E-05
0.178481 9.9973E-05 0.112716 0.328965 0.0626529 0.0561027 9.9973E-05 0.227156 0.0336269 9.9973E-05
9.9982E-05 0.181424 9.9982E-05 0.196276 0.153354 0.0580673 0.0387571 0.266333 0.0762431 0.0293449
9.99201E-05 9.99201E-05 9.99201E-05 9.99201E-05 0.999101 9.99201E-05 9.99201E-05 9.99201E-05 9.99201E-05 9.99201E-05
9.9946E-05 9.9946E-05 0.00680631 9.9946E-05 0.91186 0.050366 0.0303685 9.9946E-05 9.9946E-05 9.9946E-05
0.0358922 9.9955E-05 9.9955E-05 0.0172877 0.817098 9.9955E-05 9.9955E-05 0.0902487 9.9955E-05 0.0389734
9.99201E-05 9.99201E-05 9.99201E-05 9.99201E-05 0.999101 9.99201E-05 9.99201E-05 9.99201E-05 9.99201E-05 9.99201E-05
9.99201E-05 9.99201E-05 9.99201E-05 9.99201E-05 0.999101 9.99201E-05 9.99201E-05 9.99201E-05 9.99201E-05 9.99201E-05
9.99201E-05 9.99201E-05 9.99201E-05 9.99201E-05 0.999101 9.99201E-05 9.99201E-05 9.99201E-05 9.99201E-05 9.99201E-05
9.99281E-05 9.99281E-05 9.99281E-05 9.99281E-05 0.986323 9.99281E-05 9.99281E-05 9.99281E-05 9.99281E-05 0.0128775
9.99571E-05 9.99571E-05 0.0509796 0.0218645 0.890198 0.00365583 9.99571E-05 9.99571E-05 9.99571E-05 0.0328026
9.99201E-05 9.99201E-05 9.99201E-05 9.99201E-05 0.999101 9.99201E-05 9.99201E-05 9.99201E-05 9.99201E-05 9.99201E-05
9.99281E-05 0.00759704 9.99281E-05 9.99281E-05 0.991604 9.99281E-05 9.99281E-05 9.99281E-05 9.99281E-05 9.99281E-05
0.0693686 0.0884645 9.997E-05 9.997E-05 0.0256976 0.24193 9.997E-05 0.382598 0.0653885 0.126252
0.0320156 0.00973171 9.9955E-05 0.0515394 0.8898 0.0164135 9.9955E-05 9.9955E-05 9.9955E-05 9.9955E-05
9.99281E-05 0.015277 9.99281E-05 9.99281E-05 0.983924 9.99281E-05 9.99281E-05 9.99281E-05 9.99281E-05 9.99281E-05
0.0330414 9.99281E-05 9.99281E-05 9.99281E-05 0.966159 9.99281E-05 9.99281E-05 9.99281E-05 9.99281E-05 9.99281E-05
9.99201E-05 9.99201E-05 9.99201E-05 9.99201E-05 9.99201E-05 9.99201E-05 9.99201E-05 0.999101 9.99201E-05 9.99201E-05
9.99201E-05 9.99201E-05 9.99201E-05 9.99201E-05 9.99201E-05 9.99201E-05 9.99201E-05 0.999101 9.99201E-05 9.99201E-05
9.99201E-05 9.99201E-05 9.99201E-05 9.99201E-05 9.99201E-05 9.99201E-05 9.99201E-05 0.999101 9.99201E-05 9.99201E-05
9.99201E-05 9.99201E-05 9.99201E-05 9.99201E-05 9.99201E-05 9.99201E-05 9.99201E-05 0.999101 9.99201E-05 9.99201E-05
0.0365213 9.9955E-05 9.9955E-05 9.9955E-05 0.0275862 0.0582217 9.9955E-05 0.847911 0.02926 9.9955E-05
0.05925 0.00508542 0.0164399 9.9964E-05 9.9964E-05 0.0897639 9.9964E-05 0.694934 9.9964E-05 0.134127
0.0822805 9.99814E-05 9.99814E-05 0.0484432 0.0457789 0.0427528 0.0172033 0.678624 9.99814E-05 0.0846172
0.0601566 0.00256359 9.9964E-05 0.0298122 0.0105801 0.0718352 9.9964E-05 0.824652 9.9964E-05 9.9964E-05
0.0224559 9.9946E-05 9.9946E-05 9.9946E-05 0.0962749 9.9946E-05 9.9946E-05 0.858057 0.0226127 9.9946E-05
0.0155483 9.9946E-05 9.9946E-05 9.9946E-05 0.0495476 9.9946E-05 9.9946E-05 0.927141 0.00716288 9.9946E-05
0.0363479 0.0642783 0.0248754 0.00810844 0.0202295 0.0456478 9.9991E-05 0.699819 0.0398619 0.0607318
0.045494 0.0256225 0.0423101 9.9964E-05 0.0980787 9.9964E-05 9.9964E-05 0.786892 0.00120267 9.9964E-05
0.0469137 0.0652532 9.9982E-05 0.0530026 0.00135315 0.0723633 0.011137 0.717905 0.031872 9.9982E-05
0.031479 0.0363733 0.0790595 9.997E-05 0.0367336 0.105053 9.997E-05 0.691021 0.0199813 9.997E-05
0.010533 0.0222618 9.9955E-05 9.9955E-05 9.9955E-05 0.919697 9.9955E-05 0.0412187 0.00578965 9.9955E-05
0.0234729 0.0416293 9.9955E-05 9.9955E-05 9.9955E-05 0.910612 0.00233384 9.9955E-05 9.9955E-05 0.0214518
9.9928E-05 9.9928E-05 9.9928E-05 9.9928E-05 9.9928E-05 0.992935 9.9928E-05 0.00626594 9.9928E-05 9.9928E-05
9.99201E-05 9.99201E-05 9.99201E-05 9.99201E-05 9.99201E-05 0.999101 9.99201E-05 9.99201E-05 9.99201E-05 9.99201E-05
9.99201E-05 9.99201E-05 9.99201E-05 9.99201E-05 9.99201E-05 0.999101 9.99201E-05 9.99201E-05 9.99201E-05 9.99201E-05
9.99201E-05 9.99201E-05 9.99201E-05 9.99201E-05 9.99201E-05 0.999101 9.99201E-05 9.99201E-05 9.99201E-05 9.99201E-05
9.99201E-05 9.99201E-05 9.99201E-05 9.99201E-05 9.99201E-05 0.999101 9.99201E-05 9.99201E-05 9.99201E-05 9.99201E-05
0.100933 9.99461E-05 9.99461E-05 0.121727 9.99461E-05 0.758772 0.0179694 9.99461E-05 9.99461E-05 9.99461E-05
9.99281E-05 9.99281E-05 9.99281E-05 9.99281E-05 9.99281E-05 0.966786 9.99281E-05 9.99281E-05 0.0324143 9.99281E-05
9.99201E-05 9.99201E-05 9.99201E-05 9.99201E-05 9.99201E-05 0.999101 9.99201E-05 9.99201E-05 9.99201E-05 9.99201E-05
0.0884985 9.9955E-05 0.00468331 9.9955E-05 0.0198395 0.876599 0.00987995 9.9955E-05 9.9955E-05 9.9955E-05
9.9946E-05 0.00491511 9.9946E-05 9.9946E-05 0.00569201 0.986579 9.9946E-05 0.00221471 9.9946E-05 9.9946E-05
0.0391311 0.0433669 9.9982E-05 0.0337671 0.0144886 0.705126 0.011676 0.0319441 0.1203 9.9982E-05
9.99201E-05 9.99201E-05 9.99201E-05 9.99201E-05 9.99201E-05 9.99201E-05 9.99201E-05 9.99201E-05 0.999101 9.99201E-05
0.0765391 0.0500504 0.056856 0.046602 0.0721919 0.0883425 9.9982E-05 0.541747 0.0674712 9.9982E-05
9.99201E-05 9.99201E-05 9.99201E-05 9.99201E-05 9.99201E-05 9.99201E-05 9.99201E-05 9.99201E-05 0.999101 9.99201E-05
9.99201E-05 9.99201E-05 9.99201E-05 9.99201E-05 9.99201E-05 9.99201E-05 9.99201E-05 9.99201E-05 0.999101 9.99201E-05
0.053193 9.99371E-05 9.99371E-05 9.99371E-05 0.0128062 9.99371E-05 9.99371E-05 9.99371E-05 0.933301 9.99371E-05
9.9964E-05 0.0101858 9.9964E-05 0.0995822 9.9964E-05 0.0144189 9.9964E-05 0.05205 0.782965 0.0403984
9.99201E-05 9.99201E-05 9.99201E-05 9.99201E-05 9.99201E-05 9.99201E-05 9.99201E-05 9.99201E-05 0.999101 9.99201E-05
9.9955E-05 9.9955E-05 9.9955E-05 0.0470648 9.9955E-05 0.0242586 9.9955E-05 0.0543611 0.871262 0.00255376
9.99371E-05 0.0054625 0.0152411 9.99371E-05 9.99371E-05 9.99371E-05 9.99371E-05 9.99371E-05 0.978597 9.99371E-05
9.99371E-05 9.99371E-05 9.99371E-05 9.99371E-05 9.99371E-05 0.0192186 9.99371E-05 9.99371E-05 0.931181 0.0489008
9.99201E-05 9.99201E-05 9.99201E-05 9.99201E-05 9.99201E-05 9.99201E-05 9.99201E-05 9.99201E-05 0.999101 9.99201E-05
0.00398338 0.00428327 9.9955E-05 9.9955E-05 9.9955E-05 0.0284837 9.9955E-05 9.9955E-05 0.951204 0.0115455
0.00896893 9.9973E-05 9.9973E-05 0.0119387 0.00270536 0.011283 0.00357743 0.0117852 0.949441 9.9973E-05
0.0175287 0.0447411 0.0409577 9.996E-05 0.0836159 0.0361884 9.996E-05 9.996E-05 0.776568 9.996E-05
0.0336367 9.9946E-05 9.9946E-05 9.9946E-05 9.9946E-05 9.9946E-05 0.0121358 9.9946E-05 0.934923 0.0187044
0.0367893 0.0224656 9.9973E-05 0.0431228 0.00934408 0.018372 0.000252477 9.9973E-05 0.869354 9.9973E-05
0.03745 0.040579 9.9973E-05 0.0235691 9.9973E-05 0.00815998 0.0145932 0.0167028 0.858646 9.9973E-05
0.0140429 0.0215049 0.0392077 0.0203076 9.9964E-05 9.9964E-05 0.0169894 9.9964E-05 0.887548 9.9964E-05
9.99281E-05 9.99281E-05 9.99281E-05 9.99281E-05 9.99281E-05 9.99281E-05 9.99281E-05 0.025509 0.973692 9.99281E-05
0.160096 0.219127 9.9982E-05 0.192212 0.0389379 0.0324795 0.0358509 0.271573 0.0495228 9.9982E-05
0.126754 0.215317 9.9991E-05 0.176815 0.0478934 0.0538289 0.00653065 0.30227 0.0214683 0.0490229
0.167879 0.208715 9.9982E-05 0.21029 0.0455763 0.0352688 0.0616483 0.229717 0.0407056 9.9982E-05
0.168824 0.194349 9.9973E-05 0.253577 0.0557178 9.9973E-05 0.0476477 0.220957 0.0586272 9.9973E-05
0.922641 9.9946E-05 9.9946E-05 0.00906748 9.9946E-05 0.0314942 9.9946E-05 9.9946E-05 9.9946E-05 0.0361978
0.999101 9.99201E-05 9.99201E-05 9.99201E-05 9.99201E-05 9.99201E-05 9.99201E-05 9.99201E-05 9.99201E-05 9.99201E-05
0.95795 9.9946E-05 9.9946E-05 9.9946E-05 0.0286917 9.9946E-05 9.9946E-05 0.00950111 0.00325763 9.9946E-05
0.999101 9.99201E-05 9.99201E-05 9.99201E-05 9.99201E-05 9.99201E-05 9.99201E-05 9.99201E-05 9.99201E-05 9.99201E-05
0.969291 0.0193139 9.9955E-05 9.9955E-05 0.000214612 9.9955E-05 9.9955E-05 0.00754996 0.00313041 9.9955E-05
0.920548 0.00540957 9.9946E-05 0.00522218 9.9946E-05 9.9946E-05 9.9946E-05 0.0682204 9.9946E-05 9.9946E-05
0.8748 0.0243665 0.00878539 9.9964E-05 0.0184964 9.9964E-05 9.9964E-05 0.0462738 9.9964E-05 0.0268783
0.748225 9.9964E-05 0.0474894 9.9964E-05 9.9964E-05 0.0687636 0.0368472 0.045498 0.0527769 9.9964E-05
0.802371 9.9982E-05 0.0186644 0.0393354 0.00485931 9.9982E-05 0.0165659 0.034548 0.0321942 0.0512612
9.9937E-05 0.967037 9.9937E-05 9.9937E-05 9.9937E-05 9.9937E-05 0.00120897 0.0310543 9.9937E-05 9.9937E-05
9.99201E-05 0.999101 9.99201E-05 9.99201E-05 9.99201E-05 9.99201E-05 9.99201E-05 9.99201E-05 9.99201E-05 9.99201E-05
0.00140425 0.997796 9.99281E-05 9.99281E-05 9.99281E-05 9.99281E-05 9.99281E-05 9.99281E-05 9.99281E-05 9.99281E-05
9.99281E-05 0.99801 9.99281E-05 9.99281E-05 9.99281E-05 9.99281E-05 0.00119014 9.99281E-05 9.99281E-05 9.99281E-05
0.0053555 0.993845 9.99281E-05 9.99281E-05 9.99281E-05 9.99281E-05 9.99281E-05 9.99281E-05 9.99281E-05 9.99281E-05
0.00590546 0.846981 9.9973E-05 0.000933615 9.9973E-05 9.9973E-05 0.00109791 0.0885526 0.00846762 0.0477617
9.99281E-05 0.98963 9.99281E-05 9.99281E-05 9.99281E-05 9.99281E-05 9.99281E-05 9.99281E-05 0.00957057 9.99281E-05
9.99201E-05 0.999101 9.99201E-05 9.99201E-05 9.99201E-05 9.99201E-05 9.99201E-05 9.99201E-05 9.99201E-05 9.99201E-05
9.99281E-05 0.98538 9.99281E-05 9.99281E-05 9.99281E-05 9.99281E-05 9.99281E-05 9.99281E-05 9.99281E-05 0.0138202
9.9955E-05 0.949544 9.9955E-05 0.0263907 0.00227904 0.0141347 9.9955E-05 0.00715224 9.9955E-05 9.9955E-05
9.9946E-05 0.986267 9.9946E-05 9.9946E-05 0.00697052 0.0038224 9.9946E-05 9.9946E-05 0.0023401 9.9946E-05
0.0058412 0.967681 0.0128672 9.9946E-05 9.9946E-05 0.0130111 9.9946E-05 9.9946E-05 9.9946E-05 9.9946E-05
