0.999101 9.99201E-05 9.99201E-05 9.99201E-05 9.99201E-05 9.99201E-05 9.99201E-05 9.99201E-05 9.99201E-05 9.99201E-05
0.110229 0.732486 0.0612059 0.0462097 9.9955E-05 9.9955E-05 9.9955E-05 9.9955E-05 0.0493692 9.9955E-05
0.14411 0.686552 0.030146 0.00612485 9.9964E-05 9.9964E-05 0.00897532 9.9964E-05 0.123692 9.9964E-05
9.99201E-05 0.999101 9.99201E-05 9.99201E-05 9.99201E-05 9.99201E-05 9.99201E-05 9.99201E-05 9.99201E-05 9.99201E-05
0.000718872 0.604602 9.9964E-05 0.181186 0.130552 9.9964E-05 0.048235 9.9964E-05 9.9964E-05 0.0343053
0.0232036 0.610688 9.9955E-05 0.124475 9.9955E-05 0.158052 9.9955E-05 9.9955E-05 9.9955E-05 0.0830818
0.18002 0.525657 9.9937E-05 0.293624 9.9937E-05 9.9937E-05 9.9937E-05 9.9937E-05 9.9937E-05 9.9937E-05
0.192829 0.416613 0.0055077 0.182486 9.9973E-05 9.9973E-05 9.9973E-05 0.0185024 0.0840128 0.0997487
0.0611182 0.556593 0.00988133 0.253978 9.9973E-05 9.9973E-05 0.0734922 0.00526415 0.0393732 9.9973E-05
0.999101 9.99201E-05 9.99201E-05 9.99201E-05 9.99201E-05 9.99201E-05 9.99201E-05 9.99201E-05 9.99201E-05 9.99201E-05
0.999101 9.99201E-05 9.99201E-05 9.99201E-05 9.99201E-05 9.99201E-05 9.99201E-05 9.99201E-05 9.99201E-05 9.99201E-05
0.989564 0.00963633 9.99281E-05 9.99281E-05 9.99281E-05 9.99281E-05 9.99281E-05 9.99281E-05 9.99281E-05 9.99281E-05
0.976324 9.99281E-05 0.0228761 9.99281E-05 9.99281E-05 9.99281E-05 9.99281E-05 9.99281E-05 9.99281E-05 9.99281E-05
0.950767 9.99371E-05 9.99371E-05 0.0333729 0.0151606 9.99371E-05 9.99371E-05 9.99371E-05 9.99371E-05 9.99371E-05
0.919831 0.0263184 9.9946E-05 9.9946E-05 9.9946E-05 9.9946E-05 9.9946E-05 0.0127773 9.9946E-05 0.0404736
0.0425646 0.580863 9.9955E-05 0.0265763 9.9955E-05 9.9955E-05 0.0648224 9.9955E-05 9.9955E-05 0.284674
0.146554 0.35451 0.0356648 0.0903548 0.0720234 0.0426791 0.0232348 0.0210014 0.0660117 0.147966
9.99201E-05 0.999101 9.99201E-05 9.99201E-05 9.99201E-05 9.99201E-05 9.99201E-05 9.99201E-05 9.99201E-05 9.99201E-05
9.9937E-05 0.0763329 9.9937E-05 0.861745 0.0612224 9.9937E-05 9.9937E-05 9.9937E-05 9.9937E-05 9.9937E-05
9.9946E-05 9.9946E-05 9.9946E-05 0.895658 0.0671084 9.9946E-05 9.9946E-05 0.0278342 0.00879949 9.9946E-05
0.0338477 0.131519 0.00796535 0.785017 9.9964E-05 0.00759839 0.0336524 9.9964E-05 9.9964E-05 9.9964E-05
9.998E-05 0.067832 0.0161626 0.787941 0.0459294 0.00464868 9.998E-05 0.0168965 0.0451074 0.0152824
9.9955E-05 0.0547044 9.9955E-05 0.799363 0.0928649 9.9955E-05 0.0163651 9.9955E-05 0.036203 9.9955E-05
0.0271491 0.00232834 9.9955E-05 0.944127 0.00569157 9.9955E-05 9.9955E-05 9.9955E-05 0.0202039 9.9955E-05
0.0045899 9.99371E-05 9.99371E-05 0.973065 9.99371E-05 9.99371E-05 9.99371E-05 0.0216456 9.99371E-05 9.99371E-05
9.997E-05 9.997E-05 9.997E-05 0.626509 0.0439474 0.0870655 0.0384512 0.0461963 0.0141322 0.143399
0.000560184 9.9982E-05 9.9982E-05 0.774204 0.000311954 0.0355487 0.0816491 0.0066276 0.086998 0.0139001
9.99371E-05 0.0816233 9.99371E-05 0.892924 9.99371E-05 9.99371E-05 9.99371E-05 9.99371E-05 0.0247535 9.99371E-05
0.0556108 0.0310627 9.9982E-05 0.721751 0.0136282 0.101657 0.0246958 0.0354076 0.0159863 9.9982E-05
0.0678416 0.0994255 9.9946E-05 0.784677 9.9946E-05 0.0474561 9.9946E-05 9.9946E-05 9.9946E-05 9.9946E-05
0.0428019 9.99461E-05 9.99461E-05 0.926935 0.0233827 9.99461E-05 0.00628118 9.99461E-05 9.99461E-05 9.99461E-05
9.9964E-05 9.9964E-05 0.0109668 0.883966 9.9964E-05 9.9964E-05 0.0360882 0.0364505 0.021979 0.01015
0.030103 9.9955E-05 9.9955E-05 0.737623 9.9955E-05 0.172511 0.0148544 9.9955E-05 0.044409 9.9955E-05
0.0363891 9.9973E-05 9.9973E-05 0.670265 9.9973E-05 0.072323 0.00108427 0.0918698 0.0808748 0.0468944
9.9964E-05 0.0563791 9.9964E-05 0.700776 0.138716 9.9964E-05 9.9964E-05 0.00733322 0.00084973 0.0955463
0.0479606 0.0904363 0.0068954 0.854108 9.9946E-05 9.9946E-05 9.9946E-05 9.9946E-05 9.9946E-05 9.9946E-05
9.995E-05 9.995E-05 9.995E-05 0.536382 0.0155705 0.132434 9.995E-05 9.995E-05 0.00882733 0.306287
9.997E-05 0.0711951 9.997E-05 0.518048 0.0461028 0.258894 0.0635037 9.997E-05 0.0239123 0.0180449
0.0137936 0.0254524 0.0280978 0.561273 0.00773125 0.156314 0.0666402 9.9991E-05 0.0693154 0.0712821
9.9946E-05 9.9946E-05 9.9946E-05 0.642328 9.9946E-05 0.286186 0.0244683 9.9946E-05 9.9946E-05 0.0464184
9.997E-05 0.155051 0.0771233 9.997E-05 9.997E-05 0.00355563 0.0126747 0.0919133 0.0327855 0.626597
9.998E-05 0.200761 0.0426166 9.998E-05 0.0140568 0.0240855 0.0807767 0.102223 0.0279481 0.507332
9.9964E-05 0.190319 0.0567644 0.0548533 9.9964E-05 9.9964E-05 9.9964E-05 0.0971846 0.0659855 0.534493
9.997E-05 0.173952 0.0578984 9.997E-05 9.997E-05 0.0268837 0.0420751 0.0343852 0.0229637 0.641542
9.9973E-05 0.0265239 9.9973E-05 0.21156 9.9973E-05 0.166439 0.0543016 0.0317744 0.0607896 0.448312
9.99201E-05 9.99201E-05 9.99201E-05 9.99201E-05 9.99201E-05 9.99201E-05 9.99201E-05 9.99201E-05 9.99201E-05 0.999101
9.99201E-05 9.99201E-05 9.99201E-05 9.99201E-05 9.99201E-05 9.99201E-05 9.99201E-05 9.99201E-05 9.99201E-05 0.999101
9.9973E-05 0.000777499 9.9973E-05 0.372881 0.0510023 9.9973E-05 0.0185346 0.0608472 0.0468126 0.448845
0.0343172 0.0210802 9.9982E-05 0.0805198 9.9982E-05 0.111391 0.0892604 0.0925305 0.069046 0.501655
0.0619808 0.15521 0.0394866 0.283232 9.9991E-05 0.0122314 0.00155224 0.0913813 0.0408489 0.313977
0.0560569 9.9973E-05 0.0129438 0.233443 9.9973E-05 0.195049 0.0299781 9.9973E-05 0.0353867 0.436842
9.998E-05 0.0172834 9.998E-05 0.108796 0.0225572 0.0908322 0.0250176 0.0304284 0.0331659 0.67172
0.0033251 9.9946E-05 9.9946E-05 9.9946E-05 9.9946E-05 9.9946E-05 0.0405508 9.9946E-05 0.00614783 0.949377
0.0399119 9.9964E-05 9.9964E-05 0.19774 0.0575192 0.363127 0.0317698 9.9964E-05 9.9964E-05 0.309533
0.0539317 9.9982E-05 9.9982E-05 0.18923 0.0471869 0.371247 0.0163897 0.0117342 0.00102617 0.309055
9.9982E-05 0.119198 0.0361811 0.039368 9.9982E-05 0.0699892 0.0338209 0.0533592 0.116906 0.530978
0.0780505 0.0382843 9.9982E-05 0.188582 9.9982E-05 0.231689 0.0896334 0.0271221 0.102302 0.244136
9.998E-05 0.0874085 0.0352057 0.182476 0.012028 0.141291 0.0764447 0.045921 9.998E-05 0.419025
0.0044617 9.9937E-05 9.9937E-05 9.9937E-05 9.9937E-05 9.9937E-05 0.00202803 9.9937E-05 9.9937E-05 0.992811
0.0457622 9.9973E-05 9.9973E-05 0.192062 0.00968422 0.207572 0.0915336 9.9973E-05 0.0531008 0.399986
9.9955E-05 9.9955E-05 9.9955E-05 0.170468 0.0399101 9.9955E-05 0.149794 0.0390279 9.9955E-05 0.6003
9.998E-05 0.0860451 0.0349775 0.0478411 9.998E-05 0.128804 0.0153047 0.142462 0.00990355 0.534461
0.0140012 9.9982E-05 0.0483372 0.134099 9.9982E-05 0.13839 0.0255047 0.038963 0.0775141 0.522991
9.9946E-05 9.9946E-05 0.0137923 9.9946E-05 0.112136 9.9946E-05 0.0342013 9.9946E-05 9.9946E-05 0.839271
0.00777691 0.126958 9.9973E-05 0.0546532 9.9973E-05 0.17392 0.0395541 0.0647585 9.9973E-05 0.532079
9.9955E-05 9.9955E-05 0.00611272 9.9955E-05 0.0642611 9.9955E-05 9.9955E-05 0.00282065 0.0155604 0.910745
9.9937E-05 9.9937E-05 0.0176368 9.9937E-05 9.9937E-05 0.331526 9.9937E-05 9.9937E-05 9.9937E-05 0.650138
0.0110994 9.9955E-05 0.0600517 9.9955E-05 0.12497 9.9955E-05 9.9955E-05 0.0285795 9.9955E-05 0.7748
9.998E-05 0.123216 0.0172027 0.188838 0.00956104 0.128806 0.0285692 9.998E-05 0.0379945 0.465613
9.9946E-05 9.9946E-05 0.0272854 9.9946E-05 0.0443613 9.9946E-05 9.9946E-05 0.046024 9.9946E-05 0.88173
0.043563 0.0819398 0.0838026 0.0223946 9.9982E-05 0.0827833 9.9982E-05 0.0317198 0.0673976 0.586199
9.998E-05 0.0167971 0.0241521 0.070282 9.998E-05 0.233528 0.052134 0.0282304 0.0526486 0.522027
0.0979296 9.9946E-05 9.9946E-05 0.00525104 0.0403108 9.9946E-05 9.9946E-05 9.9946E-05 9.9946E-05 0.855909
0.0738797 9.9946E-05 9.9946E-05 9.9946E-05 9.9946E-05 0.0881733 0.0416388 9.9946E-05 9.9946E-05 0.795708
0.0350051 9.9982E-05 9.9982E-05 0.0461637 0.00763171 0.341401 0.0455867 0.0644348 0.0174012 0.442175
0.00576906 9.9964E-05 0.000718508 0.0301948 9.9964E-05 0.235698 0.0961797 9.9964E-05 9.9964E-05 0.63104
9.994E-05 9.994E-05 0.0235052 9.994E-05 9.994E-05 0.174909 9.994E-05 9.994E-05 0.064589 0.736397
0.00497707 0.0153071 0.0973679 9.9964E-05 0.0744787 0.225176 9.9964E-05 9.9964E-05 9.9964E-05 0.582293
0.00290196 0.0368585 0.0390632 9.9964E-05 0.00544986 0.915086 0.000240967 9.9964E-05 9.9964E-05 9.9964E-05
9.99201E-05 9.99201E-05 9.99201E-05 9.99201E-05 9.99201E-05 0.999101 9.99201E-05 9.99201E-05 9.99201E-05 9.99201E-05
0.0233494 0.00629854 9.9955E-05 9.9955E-05 9.9955E-05 0.919201 9.9955E-05 9.9955E-05 0.0121796 0.038472
9.99281E-05 9.99281E-05 9.99281E-05 9.99281E-05 9.99281E-05 0.962902 9.99281E-05 9.99281E-05 9.99281E-05 0.0362983
9.99281E-05 9.99281E-05 9.99281E-05 9.99281E-05 9.99281E-05 0.930208 9.99281E-05 9.99281E-05 9.99281E-05 0.0689922
0.0145741 9.9982E-05 0.0915926 0.120868 9.9982E-05 0.541694 0.0384086 0.0659801 0.0089586 0.117724
9.9964E-05 0.0591346 0.152674 9.9964E-05 9.9964E-05 0.511317 0.0535393 0.0647463 9.9964E-05 0.158189
9.997E-05 0.0967518 0.088106 9.997E-05 9.997E-05 0.568226 0.00289818 0.00940876 0.0812708 0.153039
0.027994 0.05543 0.0301617 0.120106 9.9991E-05 0.518009 0.0315271 0.0301352 0.0520385 0.134499
9.997E-05 0.039696 0.0690782 0.117626 9.997E-05 0.569781 0.046206 0.04739 9.997E-05 0.109923
9.9982E-05 0.0855681 0.078983 9.9982E-05 0.0520794 0.460637 0.0349669 0.0353031 0.0133668 0.238896
0.0292106 9.9982E-05 0.0338542 0.0626259 9.9982E-05 0.44461 0.118539 0.11814 0.0540464 0.138774
0.0235641 0.13304 0.0865232 9.9982E-05 0.156129 0.237596 9.9982E-05 0.0464224 0.0468733 0.269652
9.997E-05 0.146978 0.0621361 9.997E-05 0.153478 0.24691 9.997E-05 0.0695132 0.034378 0.286307
0.025451 0.0140182 0.17969 0.0095487 9.9991E-05 0.34462 0.178995 0.0248559 0.0892467 0.133475
9.99281E-05 9.99281E-05 0.974375 9.99281E-05 9.99281E-05 9.99281E-05 9.99281E-05 0.0248258 9.99281E-05 9.99281E-05
0.0345525 0.0200566 0.925757 9.9946E-05 9.9946E-05 0.0190339 9.9946E-05 9.9946E-05 9.9946E-05 9.9946E-05
0.0337518 9.9955E-05 0.858026 0.0252683 0.0363727 0.0460814 9.9955E-05 9.9955E-05 9.9955E-05 9.9955E-05
9.99281E-05 9.99281E-05 0.966937 9.99281E-05 9.99281E-05 9.99281E-05 9.99281E-05 9.99281E-05 0.0322633 9.99281E-05
9.99201E-05 9.99201E-05 0.999101 9.99201E-05 9.99201E-05 9.99201E-05 9.99201E-05 9.99201E-05 9.99201E-05 9.99201E-05
9.99201E-05 9.99201E-05 0.999101 9.99201E-05 9.99201E-05 9.99201E-05 9.99201E-05 9.99201E-05 9.99201E-05 9.99201E-05
9.99281E-05 9.99281E-05 0.993731 9.99281E-05 0.00546933 9.99281E-05 9.99281E-05 9.99281E-05 9.99281E-05 9.99281E-05
9.996E-05 0.0286495 0.902146 0.0370316 0.00964995 9.996E-05 9.996E-05 0.00890576 0.013217 9.996E-05
9.99371E-05 9.99371E-05 0.995992 9.99371E-05 9.99371E-05 9.99371E-05 9.99371E-05 0.0020606 9.99371E-05 0.00124785
9.99201E-05 9.99201E-05 0.999101 9.99201E-05 9.99201E-05 9.99201E-05 9.99201E-05 9.99201E-05 9.99201E-05 9.99201E-05
0.00307044 9.998E-05 0.0298018 0.0862225 0.076581 0.457539 0.078566 0.206763 0.0612568 9.998E-05
0.000716697 9.9955E-05 0.903098 9.9955E-05 0.042347 9.9955E-05 0.0142828 9.9955E-05 9.9955E-05 0.0390562
9.99281E-05 9.99281E-05 0.980634 9.99281E-05 9.99281E-05 9.99281E-05 0.0185664 9.99281E-05 9.99281E-05 9.99281E-05
9.9937E-05 9.9937E-05 0.982831 9.9937E-05 0.00183223 0.0146369 9.9937E-05 9.9937E-05 9.9937E-05 9.9937E-05
9.99201E-05 9.99201E-05 9.99201E-05 9.99201E-05 9.99201E-05 0.999101 9.99201E-05 9.99201E-05 9.99201E-05 9.99201E-05
9.99201E-05 9.99201E-05 9.99201E-05 9.99201E-05 9.99201E-05 0.999101 9.99201E-05 9.99201E-05 9.99201E-05 9.99201E-05
9.99281E-05 9.99281E-05 9.99281E-05 9.99281E-05 0.0014283 0.997772 9.99281E-05 9.99281E-05 9.99281E-05 9.99281E-05
9.99201E-05 9.99201E-05 9.99201E-05 9.99201E-05 9.99201E-05 0.999101 9.99201E-05 9.99201E-05 9.99201E-05 9.99201E-05
9.9946E-05 9.9946E-05 9.9946E-05 9.9946E-05 0.0173639 0.8217 0.0618962 0.0984405 9.9946E-05 9.9946E-05
9.9955E-05 0.0498383 9.9955E-05 0.0954354 0.125066 0.645482 9.9955E-05 0.0836781 9.9955E-05 9.9955E-05
9.9973E-05 9.9973E-05 0.0410808 0.0457853 0.0414872 0.79583 0.00806213 0.0293165 9.9973E-05 0.0381381
9.9973E-05 9.9973E-05 0.0226629 0.0116559 0.0419148 0.813279 0.0151638 0.0845948 9.9973E-05 0.0104285
9.9946E-05 9.9946E-05 0.0791437 9.9946E-05 0.0338872 0.87138 9.9946E-05 9.9946E-05 0.0149894 9.9946E-05
9.9946E-05 9.9946E-05 0.0395913 9.9946E-05 0.00805939 0.949068 9.9946E-05 9.9946E-05 0.00268173 9.9946E-05
9.998E-05 0.016248 0.0121817 0.0648849 0.0584266 0.704761 0.06216 0.0079864 0.073151 9.998E-05
0.00755022 0.0013238 0.0385051 0.0218551 0.1142 0.801678 9.997E-05 9.997E-05 0.0145879 9.997E-05
0.023501 9.997E-05 9.997E-05 9.997E-05 0.0485492 0.709058 0.0144049 0.0562752 0.036338 0.111573
9.9973E-05 0.0436227 0.0324467 9.9973E-05 0.00689739 0.756102 0.0229954 0.113321 0.0243149 9.9973E-05
9.9955E-05 9.9955E-05 9.9955E-05 0.0324122 0.00546961 9.9955E-05 0.0140298 0.944437 0.00315197 9.9955E-05
9.996E-05 0.0323136 0.039907 0.0139089 0.036241 9.996E-05 0.0242977 0.852932 9.996E-05 9.996E-05
9.99201E-05 9.99201E-05 9.99201E-05 9.99201E-05 9.99201E-05 9.99201E-05 9.99201E-05 0.999101 9.99201E-05 9.99201E-05
9.9928E-05 9.9928E-05 9.9928E-05 9.9928E-05 9.9928E-05 9.9928E-05 0.00392654 0.995274 9.9928E-05 9.9928E-05
9.9937E-05 9.9937E-05 0.0196656 9.9937E-05 9.9937E-05 9.9937E-05 9.9937E-05 0.964481 0.0151535 9.9937E-05
9.9937E-05 9.9937E-05 0.0130667 9.9937E-05 9.9937E-05 0.0116986 9.9937E-05 0.974535 9.9937E-05 9.9937E-05
0.0124759 9.99371E-05 9.99371E-05 9.99371E-05 9.99371E-05 9.99371E-05 9.99371E-05 0.985876 9.99371E-05 0.000948535
0.021764 0.0594134 9.997E-05 9.997E-05 0.130414 9.997E-05 0.000920984 0.727047 0.0210048 0.0391358
9.99281E-05 9.99281E-05 9.99281E-05 9.99281E-05 9.99281E-05 9.99281E-05 9.99281E-05 0.997407 0.00179309 9.99281E-05
9.99201E-05 9.99201E-05 9.99201E-05 9.99201E-05 9.99201E-05 9.99201E-05 9.99201E-05 0.999101 9.99201E-05 9.99201E-05
0.013189 0.0388115 0.0289277 9.995E-05 0.0682823 9.995E-05 9.995E-05 0.85029 9.995E-05 9.995E-05
9.9937E-05 9.9937E-05 9.9937E-05 9.9937E-05 9.9937E-05 0.0328797 0.00487941 0.961541 9.9937E-05 9.9937E-05
9.9964E-05 0.00290253 0.0465895 9.9964E-05 0.0795526 9.9964E-05 9.9964E-05 0.703812 0.0693521 0.0973918
9.99201E-05 9.99201E-05 9.99201E-05 9.99201E-05 9.99201E-05 9.99201E-05 9.99201E-05 9.99201E-05 0.999101 9.99201E-05
9.998E-05 0.0921759 0.0967207 9.998E-05 0.00869995 0.642312 0.0153393 0.0803858 0.0516128 0.0125536
9.99201E-05 9.99201E-05 9.99201E-05 9.99201E-05 9.99201E-05 9.99201E-05 9.99201E-05 9.99201E-05 0.999101 9.99201E-05
9.99201E-05 9.99201E-05 9.99201E-05 9.99201E-05 9.99201E-05 9.99201E-05 9.99201E-05 9.99201E-05 0.999101 9.99201E-05
9.99371E-05 9.99371E-05 0.014971 9.99371E-05 0.0770253 9.99371E-05 9.99371E-05 9.99371E-05 0.907304 9.99371E-05
0.0176137 9.997E-05 0.00888679 0.0923303 9.997E-05 0.0241285 9.997E-05 0.0329469 0.77895 0.0448441
9.99201E-05 9.99201E-05 9.99201E-05 9.99201E-05 9.99201E-05 9.99201E-05 9.99201E-05 9.99201E-05 0.999101 9.99201E-05
9.995E-05 9.995E-05 0.000882949 9.995E-05 0.0749176 0.0372011 9.995E-05 9.995E-05 0.849349 0.0371492
9.99281E-05 0.0050496 9.99281E-05 9.99281E-05 9.99281E-05 9.99281E-05 9.99281E-05 9.99281E-05 0.994151 9.99281E-05
9.995E-05 9.995E-05 0.00430034 0.0278648 9.995E-05 0.0028717 0.0333759 9.995E-05 0.931088 9.995E-05
9.99281E-05 0.00230936 9.99281E-05 9.99281E-05 9.99281E-05 9.99281E-05 9.99281E-05 9.99281E-05 0.996891 9.99281E-05
9.9937E-05 9.9937E-05 9.9937E-05 9.9937E-05 9.9937E-05 9.9937E-05 0.00406178 0.0308671 0.964372 9.9937E-05
9.9946E-05 9.9946E-05 9.9946E-05 0.0163489 9.9946E-05 9.9946E-05 9.9946E-05 0.00200793 0.959552 0.0214916
9.9964E-05 0.0234654 0.0508215 9.9964E-05 9.9964E-05 0.00327898 0.0415578 0.0524765 0.828 9.9964E-05
0.00703051 9.995E-05 9.995E-05 0.0172046 0.00527411 0.0431353 9.995E-05 9.995E-05 0.926856 9.995E-05
9.9955E-05 9.9955E-05 0.0436679 9.9955E-05 9.9955E-05 0.0156753 9.9955E-05 0.0318675 0.899493 0.00879687
0.00748496 0.00348394 0.00742833 9.999E-05 0.030198 0.00982392 0.0168313 0.0213434 0.870115 0.0331912
0.0284523 0.0109869 0.0112238 0.00995347 9.998E-05 9.998E-05 0.0415678 0.0307446 0.856336 0.0105348
9.9955E-05 9.9955E-05 9.9955E-05 0.0199831 0.0480512 0.0091309 9.9955E-05 0.0150945 0.90724 9.9955E-05
0.0459869 9.9982E-05 0.0328378 9.9982E-05 0.127347 0.368316 0.229827 0.0480704 0.0605072 0.0869073
0.0525082 9.998E-05 9.998E-05 0.0901874 0.106686 0.363839 0.206052 0.0534582 0.0526726 0.074396
0.0681919 9.998E-05 0.0542349 9.998E-05 0.144462 0.282501 0.263123 0.0240461 0.0210726 0.142168
0.0594257 9.997E-05 0.0623141 9.997E-05 0.0705682 0.338097 0.238169 9.997E-05 0.0592524 0.171874
9.994E-05 0.0221512 0.0192084 9.994E-05 0.93088 9.994E-05 9.994E-05 0.0271611 9.994E-05 9.994E-05
9.99201E-05 9.99201E-05 9.99201E-05 9.99201E-05 0.999101 9.99201E-05 9.99201E-05 9.99201E-05 9.99201E-05 9.99201E-05
0.00589637 9.993E-05 9.993E-05 9.993E-05 0.940466 0.0529378 9.993E-05 9.993E-05 9.993E-05 9.993E-05
9.99201E-05 9.99201E-05 9.99201E-05 9.99201E-05 0.999101 9.99201E-05 9.99201E-05 9.99201E-05 9.99201E-05 9.99201E-05
9.9928E-05 9.9928E-05 0.00784115 9.9928E-05 0.991359 9.9928E-05 9.9928E-05 9.9928E-05 9.9928E-05 9.9928E-05
9.9946E-05 9.9946E-05 0.0154798 9.9946E-05 0.916977 0.0464361 0.0205076 9.9946E-05 9.9946E-05 9.9946E-05
9.9946E-05 9.9946E-05 0.00789746 9.9946E-05 0.9473 0.0220061 0.0221964 9.9946E-05 9.9946E-05 9.9946E-05
0.000142246 0.00167537 9.9982E-05 0.0701469 0.733868 0.0411668 0.0312998 0.0694335 0.0520674 9.9982E-05
9.99618E-05 9.99618E-05 9.99618E-05 0.126605 0.814559 9.99618E-05 9.99618E-05 0.00243507 0.0306106 0.0252899
9.99201E-05 9.99201E-05 9.99201E-05 9.99201E-05 9.99201E-05 9.99201E-05 0.999101 9.99201E-05 9.99201E-05 9.99201E-05
9.99201E-05 9.99201E-05 9.99201E-05 9.99201E-05 9.99201E-05 9.99201E-05 0.999101 9.99201E-05 9.99201E-05 9.99201E-05
9.99371E-05 9.99371E-05 9.99371E-05 0.000650432 9.99371E-05 9.99371E-05 0.988692 9.99371E-05 0.0099584 9.99371E-05
9.99201E-05 9.99201E-05 9.99201E-05 9.99201E-05 9.99201E-05 9.99201E-05 0.999101 9.99201E-05 9.99201E-05 9.99201E-05
9.99201E-05 9.99201E-05 9.99201E-05 9.99201E-05 9.99201E-05 9.99201E-05 0.999101 9.99201E-05 9.99201E-05 9.99201E-05
9.9955E-05 9.9955E-05 9.9955E-05 0.0290246 0.0401338 0.112701 0.800912 9.9955E-05 9.9955E-05 0.0167292
9.99201E-05 9.99201E-05 9.99201E-05 9.99201E-05 9.99201E-05 9.99201E-05 0.999101 9.99201E-05 9.99201E-05 9.99201E-05
9.99201E-05 9.99201E-05 9.99201E-05 9.99201E-05 9.99201E-05 9.99201E-05 0.999101 9.99201E-05 9.99201E-05 9.99201E-05
0.00626244 9.9937E-05 9.9937E-05 0.0115749 9.9937E-05 9.9937E-05 0.981463 9.9937E-05 9.9937E-05 9.9937E-05
0.0206569 9.9946E-05 9.9946E-05 9.9946E-05 9.9946E-05 9.9946E-05 0.953538 9.9946E-05 0.00914869 0.0160571
9.99201E-05 9.99201E-05 9.99201E-05 9.99201E-05 9.99201E-05 9.99201E-05 0.999101 9.99201E-05 9.99201E-05 9.99201E-05
9.9937E-05 9.9937E-05 9.9937E-05 9.9937E-05 0.00702034 9.9937E-05 0.958027 0.0342532 9.9937E-05 9.9937E-05
