9.99201E-05 9.99201E-05 9.99201E-05 9.99201E-05 9.99201E-05 0.999101 9.99201E-05 9.99201E-05 9.99201E-05 9.99201E-05
9.9946E-05 0.0845541 9.9946E-05 0.0553244 9.9946E-05 0.260113 0.599409 9.9946E-05 9.9946E-05 9.9946E-05
9.9946E-05 0.0548101 9.9946E-05 0.0942778 9.9946E-05 0.255044 0.595269 9.9946E-05 9.9946E-05 9.9946E-05
9.99461E-05 9.99461E-05 9.99461E-05 9.99461E-05 0.0778616 0.187621 0.684512 0.0494058 9.99461E-05 9.99461E-05
0.0552989 9.9964E-05 0.0829943 9.9964E-05 0.0717813 0.0959247 0.662393 0.0312077 9.9964E-05 9.9964E-05
9.9955E-05 9.9955E-05 9.9955E-05 0.0521439 0.12655 0.154019 0.608941 9.9955E-05 0.0578474 9.9955E-05
9.99281E-05 9.99281E-05 9.99281E-05 9.99281E-05 9.99281E-05 0.23545 0.76375 9.99281E-05 9.99281E-05 9.99281E-05
9.9955E-05 0.0210704 9.9955E-05 0.0893328 0.0412055 0.281236 0.566655 9.9955E-05 9.9955E-05 9.9955E-05
9.9982E-05 0.0186259 0.00351967 0.0380056 0.061049 0.155277 0.691295 9.9982E-05 0.0289149 0.00311304
9.99201E-05 9.99201E-05 9.99201E-05 9.99201E-05 9.99201E-05 0.999101 9.99201E-05 9.99201E-05 9.99201E-05 9.99201E-05
9.99201E-05 9.99201E-05 9.99201E-05 9.99201E-05 9.99201E-05 0.999101 9.99201E-05 9.99201E-05 9.99201E-05 9.99201E-05
9.99201E-05 9.99201E-05 9.99201E-05 9.99201E-05 9.99201E-05 0.999101 9.99201E-05 9.99201E-05 9.99201E-05 9.99201E-05
9.99201E-05 9.99201E-05 9.99201E-05 9.99201E-05 9.99201E-05 0.999101 9.99201E-05 9.99201E-05 9.99201E-05 9.99201E-05
0.0404902 9.9946E-05 9.9946E-05 0.00255891 0.0734178 0.882933 9.9946E-05 9.9946E-05 9.9946E-05 9.9946E-05
0.0240043 9.9937E-05 9.9937E-05 9.9937E-05 0.0363418 0.938954 9.9937E-05 9.9937E-05 9.9937E-05 9.9937E-05
9.9973E-05 9.9973E-05 0.0541088 0.0323771 0.223052 0.160709 0.475018 9.9973E-05 0.00321581 0.0512193
0.127372 0.0507443 0.0682453 0.0078601 0.101533 0.195216 0.263263 0.119961 9.9991E-05 0.0657049
9.9955E-05 9.9955E-05 9.9955E-05 9.9955E-05 0.0109763 0.151371 0.733513 0.0721939 0.0314453 9.9955E-05
0.0323038 0.0117315 0.0284448 9.9964E-05 0.000572738 9.9964E-05 0.890263 0.0362846 9.9964E-05 9.9964E-05
0.0776725 9.9937E-05 9.9937E-05 9.9937E-05 9.9937E-05 9.9937E-05 0.827103 0.0945249 9.9937E-05 9.9937E-05
9.9946E-05 9.9946E-05 0.0613488 9.9946E-05 9.9946E-05 0.0346708 0.761918 0.141463 9.9946E-05 9.9946E-05
0.0733542 0.0111099 0.00306791 0.0622039 0.0310407 9.9982E-05 0.768568 9.9982E-05 0.0341944 0.0162608
0.0988037 9.9955E-05 0.0229904 0.0237675 9.9955E-05 9.9955E-05 0.715978 0.137961 9.9955E-05 9.9955E-05
0.0231589 0.031603 9.9955E-05 9.9955E-05 9.9955E-05 9.9955E-05 0.910573 0.0088531 9.9955E-05 0.0253125
9.9955E-05 0.0102638 0.0404103 9.9955E-05 0.0476646 9.9955E-05 0.871971 9.9955E-05 9.9955E-05 0.0291909
9.9955E-05 9.9955E-05 0.0702758 9.9955E-05 0.104432 9.9955E-05 0.614164 9.9955E-05 0.144467 0.0661606
0.0442037 9.9973E-05 0.105742 0.0648675 0.0364944 9.9973E-05 0.679245 0.0505867 0.0185606 9.9973E-05
9.9955E-05 9.9955E-05 9.9955E-05 0.0349889 0.0459232 9.9955E-05 0.893122 9.9955E-05 0.0118219 0.0136445
0.0226279 9.9991E-05 0.0470164 0.0179935 0.0141247 0.0183593 0.774681 0.0535055 0.0297284 0.0218637
9.9937E-05 9.9937E-05 9.9937E-05 9.9937E-05 9.9937E-05 0.00598712 0.886653 9.9937E-05 0.106661 9.9937E-05
0.0551197 9.9955E-05 0.0130921 9.9955E-05 9.9955E-05 0.0195073 0.883304 0.028477 9.9955E-05 9.9955E-05
0.00734949 0.00901123 0.047381 9.9973E-05 0.035594 9.9973E-05 0.784055 0.0312512 9.9973E-05 0.0850578
0.0204853 0.0178015 0.0459922 0.0268027 9.9982E-05 9.9982E-05 0.754557 0.0786956 0.0436458 0.0118202
0.00467472 0.00202211 9.9991E-05 0.0931299 0.0194228 0.0429901 0.596297 0.038179 0.0759227 0.127261
0.137616 9.9937E-05 9.9937E-05 9.9937E-05 9.9937E-05 9.9937E-05 0.714737 0.146947 9.9937E-05 9.9937E-05
9.9937E-05 9.9937E-05 9.9937E-05 9.9937E-05 9.9937E-05 0.0119297 0.87385 9.9937E-05 0.11352 9.9937E-05
0.0396958 9.9973E-05 0.0103887 0.0152127 0.30332 9.9973E-05 0.487478 0.0999589 0.0436455 9.9973E-05
0.0755657 9.9982E-05 0.0783135 0.0184458 0.0499646 9.9982E-05 0.549408 0.14752 0.0733441 0.00723803
0.0264176 0.0393759 0.0838777 0.0508891 0.076618 9.9982E-05 0.522632 0.128901 0.0710885 9.9982E-05
9.9964E-05 9.9964E-05 0.0629471 9.9964E-05 0.104246 0.0042052 0.501771 0.28915 0.0372808 9.9964E-05
9.9973E-05 0.0703141 0.0245204 0.0236823 0.701783 9.9973E-05 0.0496834 9.9973E-05 0.0243221 0.105395
9.9973E-05 0.0458794 0.0224234 0.00179989 0.744545 9.9973E-05 0.0193878 9.9973E-05 0.0874037 0.0782606
9.9973E-05 0.0616982 9.9973E-05 0.0728548 0.497009 0.050569 0.181655 9.9973E-05 0.0272715 0.108642
9.9973E-05 0.0678373 0.0302647 0.0163121 0.66872 9.9973E-05 0.0488865 9.9973E-05 0.0723794 0.0953002
9.9973E-05 9.9973E-05 0.0667748 0.0775422 0.444015 9.9973E-05 0.226256 0.0320135 0.126862 0.026237
9.9928E-05 9.9928E-05 0.00358656 9.9928E-05 0.995614 9.9928E-05 9.9928E-05 9.9928E-05 9.9928E-05 9.9928E-05
9.99201E-05 9.99201E-05 9.99201E-05 9.99201E-05 0.999101 9.99201E-05 9.99201E-05 9.99201E-05 9.99201E-05 9.99201E-05
0.0339003 9.9973E-05 0.0661523 0.0451322 0.427954 9.9973E-05 0.349989 0.0226464 9.9973E-05 0.0539252
0.000787901 9.9982E-05 0.0726772 0.0392799 0.505567 0.0712346 0.146196 0.121088 9.9982E-05 0.0429689
9.999E-05 0.0289269 0.0164163 0.0162586 0.345385 0.0796204 0.396241 0.0141654 0.0186507 0.0842356
9.9964E-05 9.9964E-05 0.0587219 0.0163566 0.427512 0.0637569 0.145837 0.287416 9.9964E-05 9.9964E-05
0.0320995 9.9973E-05 0.0262191 0.0561376 0.60208 9.9973E-05 0.172754 9.9973E-05 0.0961577 0.0142519
9.9964E-05 9.9964E-05 0.0374154 0.0216519 0.857475 9.9964E-05 0.0183981 9.9964E-05 0.0247167 0.0399427
0.0780702 9.9982E-05 0.040173 9.9982E-05 0.307392 0.0378427 0.155587 0.234643 0.113383 0.032709
0.0154607 0.013504 0.0256206 9.9991E-05 0.25823 0.0548266 0.213957 0.26273 0.152939 0.00263154
9.9964E-05 9.9964E-05 9.9964E-05 0.0645465 0.611579 9.9964E-05 0.143461 0.0921971 0.0219643 0.0658522
9.9982E-05 9.9982E-05 0.0873343 0.0422571 0.332907 0.0711607 0.177823 0.235904 0.0326079 0.0198064
0.0118707 0.0612057 0.0809096 9.9982E-05 0.479055 9.9982E-05 0.174704 0.105249 0.0470092 0.0397964
9.9937E-05 9.9937E-05 9.9937E-05 0.0178776 0.981133 0.000289849 9.9937E-05 9.9937E-05 9.9937E-05 9.9937E-05
9.9973E-05 9.9973E-05 0.107122 0.00962333 0.370958 0.0635177 0.183737 0.257946 0.00679557 9.9973E-05
0.0742823 9.9964E-05 0.0822379 9.9964E-05 0.562457 9.9964E-05 0.155727 0.0433248 9.9964E-05 0.0815714
9.9964E-05 0.0188116 9.9964E-05 9.9964E-05 0.815565 0.0254696 0.0103094 0.0793095 9.9964E-05 0.0501347
0.00372514 0.0610888 0.0263188 0.0530291 0.57619 0.010727 0.0793569 0.0269671 0.149811 0.0127869
0.0369494 0.0303455 0.000901672 0.0300374 0.866024 9.9964E-05 9.9964E-05 9.9964E-05 9.9964E-05 0.0353422
9.9964E-05 9.9964E-05 0.0366128 9.9964E-05 0.730096 0.0242406 0.083135 0.117344 9.9964E-05 0.00817247
0.0677526 0.0260339 9.99567E-05 0.0317239 0.868658 9.99567E-05 9.99567E-05 9.99567E-05 0.00533139 9.99567E-05
9.9964E-05 0.0212735 0.0267075 9.9964E-05 0.65036 9.9964E-05 9.9964E-05 0.16123 0.118856 0.0211723
0.127641 0.0478091 9.9964E-05 0.00546695 0.784148 0.00621008 9.9964E-05 9.9964E-05 9.9964E-05 0.0283253
9.9982E-05 0.0158854 0.0698647 0.0187575 0.518504 9.9982E-05 0.25385 0.0135254 0.0690612 0.0403513
0.0393806 0.00464643 9.9946E-05 0.0161539 0.939219 9.9946E-05 9.9946E-05 9.9946E-05 9.9946E-05 9.9946E-05
9.9982E-05 0.0986154 9.9982E-05 0.0445804 0.619423 0.0499386 0.0896932 0.0403382 0.0468297 0.0103817
0.0286893 0.0582745 0.0146674 0.0273847 0.532401 9.9991E-05 0.0512952 0.184574 0.0335117 0.0691031
0.0247991 9.9946E-05 9.9946E-05 9.9946E-05 0.835651 0.0536596 9.9946E-05 0.0852903 9.9946E-05 9.9946E-05
9.9955E-05 9.9955E-05 0.068518 9.9955E-05 0.79791 0.0586743 9.9955E-05 0.0238844 0.0505134 9.9955E-05
0.0186413 9.9973E-05 9.9973E-05 0.00863726 0.583447 0.0295151 9.9973E-05 0.149742 0.146752 0.0629656
0.02078 9.9955E-05 0.0901956 9.9955E-05 0.764768 9.9955E-05 9.9955E-05 0.0965663 0.0271907 9.9955E-05
9.9964E-05 0.0629485 9.9964E-05 0.00571074 0.786942 9.9964E-05 0.00294711 0.0661841 0.0748677 9.9964E-05
0.0976168 0.104329 9.9982E-05 0.00205632 0.53685 9.9982E-05 0.0115662 0.179265 0.0620241 0.00609256
0.0094065 9.9964E-05 0.00548454 9.9964E-05 9.9964E-05 9.9964E-05 0.0261237 0.00727113 0.951061 0.000253505
9.99201E-05 9.99201E-05 9.99201E-05 9.99201E-05 9.99201E-05 9.99201E-05 9.99201E-05 9.99201E-05 0.999101 9.99201E-05
9.9928E-05 9.9928E-05 9.9928E-05 9.9928E-05 9.9928E-05 9.9928E-05 9.9928E-05 9.9928E-05 0.99731 0.00189055
9.99201E-05 9.99201E-05 9.99201E-05 9.99201E-05 9.99201E-05 9.99201E-05 9.99201E-05 9.99201E-05 0.999101 9.99201E-05
9.99201E-05 9.99201E-05 9.99201E-05 9.99201E-05 9.99201E-05 9.99201E-05 9.99201E-05 9.99201E-05 0.999101 9.99201E-05
9.9973E-05 0.11877 0.0419661 9.9973E-05 0.0922127 9.9973E-05 0.182391 0.213406 0.261419 0.0895349
9.9982E-05 0.172445 0.0691794 9.9982E-05 0.209703 0.0223274 0.0810155 0.123946 0.239145 0.0820387
9.9991E-05 0.127618 0.0322673 0.103019 0.156926 0.0048804 0.0542491 0.225467 0.22544 0.0700328
9.999E-05 0.0377459 0.0520659 0.0417435 0.142849 0.0379015 0.196931 0.205698 0.183956 0.10101
9.9973E-05 0.0892024 0.0473934 9.9973E-05 0.157225 9.9973E-05 0.150125 0.193249 0.265382 0.0971227
0.056112 0.110346 0.0410978 0.0864459 0.199705 0.0191708 0.106636 0.0669837 0.215056 0.098448
9.9982E-05 0.0914355 0.130339 0.0811361 0.206432 9.9982E-05 0.0540116 0.144044 0.131932 0.160469
0.18397 0.0872819 9.9973E-05 0.0554749 0.301718 0.0306091 0.0457355 0.294911 9.9973E-05 9.9973E-05
0.168563 0.0615266 9.9982E-05 0.0452323 0.291589 0.025788 0.0337434 0.329176 9.9982E-05 0.0441819
9.999E-05 0.140089 0.193929 0.063946 0.210242 0.0257145 0.0204205 0.264124 0.0479959 0.033439
9.99281E-05 0.988605 9.99281E-05 0.0105951 9.99281E-05 9.99281E-05 9.99281E-05 9.99281E-05 9.99281E-05 9.99281E-05
0.00303943 0.897425 9.9982E-05 0.0137742 0.0080382 0.00239045 0.0073204 0.0501002 9.9982E-05 0.0177127
0.059414 0.805515 0.0279264 9.9973E-05 0.0469342 0.00401359 0.0326654 9.9973E-05 0.0232316 9.9973E-05
9.99201E-05 0.999101 9.99201E-05 9.99201E-05 9.99201E-05 9.99201E-05 9.99201E-05 9.99201E-05 9.99201E-05 9.99201E-05
9.99201E-05 0.999101 9.99201E-05 9.99201E-05 9.99201E-05 9.99201E-05 9.99201E-05 9.99201E-05 9.99201E-05 9.99201E-05
9.99281E-05 0.996701 0.00249931 9.99281E-05 9.99281E-05 9.99281E-05 9.99281E-05 9.99281E-05 9.99281E-05 9.99281E-05
9.99201E-05 0.999101 9.99201E-05 9.99201E-05 9.99201E-05 9.99201E-05 9.99201E-05 9.99201E-05 9.99201E-05 9.99201E-05
0.0154467 0.854557 9.9955E-05 9.9955E-05 9.9955E-05 9.9955E-05 0.102977 9.9955E-05 0.00857157 0.0179476
9.99201E-05 0.999101 9.99201E-05 9.99201E-05 9.99201E-05 9.99201E-05 9.99201E-05 9.99201E-05 9.99201E-05 9.99201E-05
9.99201E-05 0.999101 9.99201E-05 9.99201E-05 9.99201E-05 9.99201E-05 9.99201E-05 9.99201E-05 9.99201E-05 9.99201E-05
0.0361878 0.0900563 0.103397 0.0722289 0.0141052 9.9991E-05 0.0720388 0.30726 0.049942 0.254684
0.00223909 0.888401 0.00589155 9.9955E-05 0.0791878 9.9955E-05 9.9955E-05 0.0237809 9.9955E-05 9.9955E-05
9.99281E-05 0.989117 9.99281E-05 9.99281E-05 9.99281E-05 9.99281E-05 9.99281E-05 9.99281E-05 0.0100835 9.99281E-05
9.9937E-05 0.970069 0.00976531 9.9937E-05 9.9937E-05 9.9937E-05 9.9937E-05 0.0194661 9.9937E-05 9.9937E-05
9.99201E-05 9.99201E-05 9.99201E-05 9.99201E-05 9.99201E-05 9.99201E-05 9.99201E-05 0.999101 9.99201E-05 9.99201E-05
9.99201E-05 9.99201E-05 9.99201E-05 9.99201E-05 9.99201E-05 9.99201E-05 9.99201E-05 0.999101 9.99201E-05 9.99201E-05
9.99201E-05 9.99201E-05 9.99201E-05 9.99201E-05 9.99201E-05 9.99201E-05 9.99201E-05 0.999101 9.99201E-05 9.99201E-05
9.99201E-05 9.99201E-05 9.99201E-05 9.99201E-05 9.99201E-05 9.99201E-05 9.99201E-05 0.999101 9.99201E-05 9.99201E-05
0.0304897 0.0439633 0.0154281 0.0366426 0.0465769 9.9982E-05 9.9982E-05 0.600029 0.113265 0.113405
0.112964 9.9955E-05 9.9955E-05 9.9955E-05 9.9955E-05 9.9955E-05 0.115186 0.63975 0.0666972 0.0649025
0.044502 0.0540041 9.9973E-05 0.0017771 0.0156471 9.9973E-05 0.0622054 0.738703 0.0828618 9.9973E-05
0.0572421 0.014639 0.0108822 9.9973E-05 0.00978403 9.9973E-05 9.9973E-05 0.763407 0.0674978 0.0762474
0.0665575 0.0834852 0.0252924 0.0519133 9.9973E-05 9.9973E-05 9.9973E-05 0.594283 0.151092 0.0270764
0.0443626 0.0762145 0.0189256 0.0262379 9.9982E-05 0.00262989 0.005429 0.758721 0.0672798 9.9982E-05
0.0469348 0.0397659 0.0514042 0.0483525 9.9982E-05 9.9982E-05 0.0904864 0.434672 0.192921 0.0952628
0.112476 0.0746745 0.027494 9.9973E-05 0.032916 9.9973E-05 0.00627029 0.697781 0.0480887 9.9973E-05
0.0464566 9.9982E-05 0.102985 0.0554195 0.0540845 0.0117319 9.9982E-05 0.494897 0.155183 0.0790417
0.0118614 0.0575372 0.0446871 0.0344998 0.0419111 0.00071789 0.0475564 0.532153 0.101516 0.12756
0.0231629 9.9964E-05 0.021095 0.00456473 0.00698142 9.9964E-05 9.9964E-05 9.9964E-05 0.0200233 0.923773
0.0105116 0.0360427 0.0512954 9.9955E-05 9.9955E-05 9.9955E-05 0.055032 9.9955E-05 9.9955E-05 0.846619
9.99201E-05 9.99201E-05 9.99201E-05 9.99201E-05 9.99201E-05 9.99201E-05 9.99201E-05 9.99201E-05 9.99201E-05 0.999101
9.99281E-05 9.99281E-05 9.99281E-05 0.0362669 9.99281E-05 9.99281E-05 9.99281E-05 9.99281E-05 9.99281E-05 0.962934
9.99201E-05 9.99201E-05 9.99201E-05 9.99201E-05 9.99201E-05 9.99201E-05 9.99201E-05 9.99201E-05 9.99201E-05 0.999101
9.9946E-05 0.000669447 9.9946E-05 9.9946E-05 9.9946E-05 9.9946E-05 9.9946E-05 0.000642142 0.00736452 0.990724
9.99371E-05 9.99371E-05 9.99371E-05 9.99371E-05 0.00324319 9.99371E-05 0.00435345 9.99371E-05 9.99371E-05 0.991704
0.148511 9.9964E-05 0.014848 9.9964E-05 0.109104 0.0435248 9.9964E-05 9.9964E-05 0.0137258 0.669887
9.99201E-05 9.99201E-05 9.99201E-05 9.99201E-05 9.99201E-05 9.99201E-05 9.99201E-05 9.99201E-05 9.99201E-05 0.999101
9.9928E-05 9.9928E-05 9.9928E-05 9.9928E-05 9.9928E-05 9.9928E-05 9.9928E-05 0.0117287 9.9928E-05 0.987472
0.124189 9.99371E-05 9.99371E-05 9.99371E-05 9.99371E-05 0.00758193 9.99371E-05 9.99371E-05 9.99371E-05 0.86753
9.9937E-05 0.0153534 0.0129289 9.9937E-05 9.9937E-05 9.9937E-05 9.9937E-05 9.9937E-05 9.9937E-05 0.971018
0.0458994 9.9982E-05 0.00422137 0.0709343 0.0764907 0.0122731 0.000499975 9.9982E-05 0.0610366 0.728445
9.99201E-05 9.99201E-05 9.99201E-05 0.999101 9.99201E-05 9.99201E-05 9.99201E-05 9.99201E-05 9.99201E-05 9.99201E-05
0.0192134 0.111142 0.0183856 0.121168 0.0812446 9.9982E-05 9.9982E-05 0.392929 0.17379 0.0819269
9.99201E-05 9.99201E-05 9.99201E-05 0.999101 9.99201E-05 9.99201E-05 9.99201E-05 9.99201E-05 9.99201E-05 9.99201E-05
9.99201E-05 9.99201E-05 9.99201E-05 0.999101 9.99201E-05 9.99201E-05 9.99201E-05 9.99201E-05 9.99201E-05 9.99201E-05
0.0429335 0.00408844 9.99371E-05 0.952279 9.99371E-05 9.99371E-05 9.99371E-05 9.99371E-05 9.99371E-05 9.99371E-05
9.9982E-05 0.013298 0.0832572 0.759955 0.032523 0.0124421 0.043225 0.00954743 9.9982E-05 0.0455519
9.99201E-05 9.99201E-05 9.99201E-05 0.999101 9.99201E-05 9.99201E-05 9.99201E-05 9.99201E-05 9.99201E-05 9.99201E-05
0.0224866 9.9955E-05 9.9955E-05 0.838375 0.0395216 9.9955E-05 9.9955E-05 9.9955E-05 0.0807483 0.0183685
9.99371E-05 0.0136466 9.99371E-05 0.965302 9.99371E-05 9.99371E-05 0.0203522 9.99371E-05 9.99371E-05 9.99371E-05
9.99371E-05 9.99371E-05 9.99371E-05 0.951768 9.99371E-05 9.99371E-05 0.0361129 9.99371E-05 9.99371E-05 0.01142
9.99281E-05 9.99281E-05 9.99281E-05 0.997539 9.99281E-05 0.00166162 9.99281E-05 9.99281E-05 9.99281E-05 9.99281E-05
9.99371E-05 9.99371E-05 9.99371E-05 0.956001 0.0182834 9.99371E-05 9.99371E-05 9.99371E-05 9.99371E-05 0.0250165
9.9937E-05 9.9937E-05 9.9937E-05 0.978949 9.9937E-05 9.9937E-05 9.9937E-05 0.0165325 0.00381876 9.9937E-05
9.99551E-05 0.0549829 0.000852583 0.831126 9.99551E-05 9.99551E-05 9.99551E-05 0.04231 9.99551E-05 0.070229
9.99371E-05 9.99371E-05 9.99371E-05 0.937324 9.99371E-05 0.00751204 9.99371E-05 0.0544645 9.99371E-05 9.99371E-05
0.0176545 0.0249143 9.9973E-05 0.896051 0.0296132 0.00213786 9.9973E-05 9.9973E-05 0.0220827 0.00724658
0.040304 0.00584432 0.0423095 0.894587 9.9964E-05 9.9964E-05 9.9964E-05 9.9964E-05 0.0102783 0.00627749
9.9964E-05 9.9964E-05 0.0386236 0.849044 0.0146085 0.046618 0.00828486 9.9964E-05 0.0424212 9.9964E-05
0.00815486 0.0073243 9.9964E-05 0.917112 9.9964E-05 9.9964E-05 9.9964E-05 0.050071 0.00661849 0.0103191
0.116832 0.0366107 0.289607 0.0480382 0.179163 0.0444332 9.9991E-05 0.0509822 0.166657 0.0675768
0.129584 0.0123475 0.213781 0.0678786 0.230915 0.0332514 9.9991E-05 0.0858034 0.153885 0.0724533
0.146225 0.0809256 0.261095 0.0754461 0.183101 0.0467142 9.9982E-05 0.0971519 0.10914 9.9982E-05
0.132601 0.0852008 0.264261 0.062048 0.193554 0.0560153 9.9991E-05 0.0133634 0.176905 0.0159513
0.881265 0.00811232 0.0202773 9.9955E-05 9.9955E-05 9.9955E-05 0.0294924 9.9955E-05 9.9955E-05 0.0603529
0.999101 9.99201E-05 9.99201E-05 9.99201E-05 9.99201E-05 9.99201E-05 9.99201E-05 9.99201E-05 9.99201E-05 9.99201E-05
0.984893 0.00412613 9.9946E-05 9.9946E-05 9.9946E-05 9.9946E-05 9.9946E-05 0.00117384 9.9946E-05 0.00920742
0.999101 9.99201E-05 9.99201E-05 9.99201E-05 9.99201E-05 9.99201E-05 9.99201E-05 9.99201E-05 9.99201E-05 9.99201E-05
0.99113 0.00807092 9.9928E-05 9.9928E-05 9.9928E-05 9.9928E-05 9.9928E-05 9.9928E-05 9.9928E-05 9.9928E-05
0.892265 9.9955E-05 0.0218156 0.00967744 9.9955E-05 9.9955E-05 9.9955E-05 0.0491461 0.0265957 9.9955E-05
0.951066 0.00306838 9.9946E-05 9.9946E-05 0.0262853 9.9946E-05 9.9946E-05 9.9946E-05 0.0189802 9.9946E-05
0.744842 0.00733746 0.0329982 0.0503162 9.9982E-05 0.0291783 0.0122855 0.0709517 9.9982E-05 0.0518907
0.867323 9.9973E-05 0.0300774 9.9973E-05 0.0602267 0.0188526 0.00254302 0.00894192 0.0117352 9.9973E-05
9.99201E-05 9.99201E-05 0.999101 9.99201E-05 9.99201E-05 9.99201E-05 9.99201E-05 9.99201E-05 9.99201E-05 9.99201E-05
0.00162177 0.00382813 0.993851 9.99371E-05 9.99371E-05 9.99371E-05 9.99371E-05 9.99371E-05 9.99371E-05 9.99371E-05
9.99201E-05 9.99201E-05 0.999101 9.99201E-05 9.99201E-05 9.99201E-05 9.99201E-05 9.99201E-05 9.99201E-05 9.99201E-05
9.99201E-05 9.99201E-05 0.999101 9.99201E-05 9.99201E-05 9.99201E-05 9.99201E-05 9.99201E-05 9.99201E-05 9.99201E-05
9.99281E-05 9.99281E-05 0.996718 9.99281E-05 9.99281E-05 9.99281E-05 9.99281E-05 9.99281E-05 9.99281E-05 0.00248211
0.0212421 9.9973E-05 0.901786 0.00308989 9.9973E-05 0.00280591 0.0119696 0.0119417 0.0468646 9.9973E-05
9.99201E-05 9.99201E-05 0.999101 9.99201E-05 9.99201E-05 9.99201E-05 9.99201E-05 9.99201E-05 9.99201E-05 9.99201E-05
9.99201E-05 9.99201E-05 0.999101 9.99201E-05 9.99201E-05 9.99201E-05 9.99201E-05 9.99201E-05 9.99201E-05 9.99201E-05
0.0081345 9.9946E-05 0.978707 0.00381427 0.00874426 9.9946E-05 9.9946E-05 9.9946E-05 9.9946E-05 9.9946E-05
9.9955E-05 9.9955E-05 0.956187 0.0040658 9.9955E-05 0.0083822 9.9955E-05 9.9955E-05 0.0092679 0.0215977
9.99281E-05 0.00405805 0.995143 9.99281E-05 9.99281E-05 9.99281E-05 9.99281E-05 9.99281E-05 9.99281E-05 9.99281E-05
0.0341894 9.9946E-05 0.938609 9.9946E-05 0.0178256 9.9946E-05 9.9946E-05 9.9946E-05 9.9946E-05 0.00877656
