9.99201E-05 0.999101 9.99201E-05 9.99201E-05 9.99201E-05 9.99201E-05 9.99201E-05 9.99201E-05 9.99201E-05 9.99201E-05
9.9982E-05 0.0827535 0.0295311 0.761359 0.0725548 0.0320112 0.00711187 9.9982E-05 0.000346193 0.0141322
9.9946E-05 0.06167 0.0614592 0.827365 0.0489065 9.9946E-05 9.9946E-05 9.9946E-05 9.9946E-05 9.9946E-05
9.99201E-05 9.99201E-05 9.99201E-05 0.999101 9.99201E-05 9.99201E-05 9.99201E-05 9.99201E-05 9.99201E-05 9.99201E-05
9.9964E-05 0.00817892 9.9964E-05 0.578032 9.9964E-05 0.288495 9.9964E-05 0.0402853 0.0740105 0.0105985
0.0591229 0.0367263 0.0257591 0.635808 9.9973E-05 0.0862725 9.9973E-05 0.134134 0.0218774 9.9973E-05
9.9937E-05 0.157461 9.9937E-05 0.543147 9.9937E-05 0.298693 9.9937E-05 9.9937E-05 9.9937E-05 9.9937E-05
9.997E-05 0.19324 0.0630523 0.501392 0.0154739 0.137288 0.00888584 0.0803686 9.997E-05 9.997E-05
9.9973E-05 0.0744106 0.0519705 0.593312 0.0150002 0.197216 9.9973E-05 0.0184103 9.9973E-05 0.04938
9.99201E-05 0.999101 9.99201E-05 9.99201E-05 9.99201E-05 9.99201E-05 9.99201E-05 9.99201E-05 9.99201E-05 9.99201E-05
9.99201E-05 0.999101 9.99201E-05 9.99201E-05 9.99201E-05 9.99201E-05 9.99201E-05 9.99201E-05 9.99201E-05 9.99201E-05
9.99281E-05 0.993223 9.99281E-05 0.00597737 9.99281E-05 9.99281E-05 9.99281E-05 9.99281E-05 9.99281E-05 9.99281E-05
9.99201E-05 0.999101 9.99201E-05 9.99201E-05 9.99201E-05 9.99201E-05 9.99201E-05 9.99201E-05 9.99201E-05 9.99201E-05
9.9946E-05 0.848157 9.9946E-05 9.9946E-05 9.9946E-05 0.124284 9.9946E-05 9.9946E-05 0.0231958 0.0037638
0.00354747 0.929442 0.0216881 0.0105791 9.9964E-05 9.9964E-05 0.0256223 0.00872085 9.9964E-05 9.9964E-05
0.00816773 0.0588415 0.0168161 0.502525 9.9982E-05 0.062361 0.0310189 0.281188 9.9982E-05 0.0388814
9.9982E-05 0.111639 0.121647 0.502394 0.00985616 9.9982E-05 0.0046318 0.0933988 0.0916548 0.0645783
9.99201E-05 9.99201E-05 9.99201E-05 0.999101 9.99201E-05 9.99201E-05 9.99201E-05 9.99201E-05 9.99201E-05 9.99201E-05
9.9946E-05 9.9946E-05 9.9946E-05 0.0332051 9.9946E-05 0.902172 9.9946E-05 9.9946E-05 0.0297161 0.0343068
9.9946E-05 9.9946E-05 9.9946E-05 9.9946E-05 9.9946E-05 0.964343 0.00297387 9.9946E-05 0.0129587 0.0191243
0.0159094 0.051515 9.9955E-05 0.159755 9.9955E-05 0.764222 9.9955E-05 9.9955E-05 9.9955E-05 0.00809805
9.9964E-05 9.9964E-05 0.0638897 0.0183855 9.9964E-05 0.776586 0.0347954 0.0203112 0.0856326 9.9964E-05
9.9955E-05 9.9955E-05 0.0525125 0.147063 9.9955E-05 0.723699 9.9955E-05 9.9955E-05 0.0506722 0.0255529
9.9937E-05 0.0159126 9.9937E-05 9.9937E-05 9.9937E-05 0.957642 9.9937E-05 9.9937E-05 0.0257457 9.9937E-05
9.99371E-05 9.99371E-05 9.99371E-05 9.99371E-05 0.00496386 0.98267 9.99371E-05 0.0116666 9.99371E-05 9.99371E-05
0.108137 0.00645434 0.0233249 9.9982E-05 9.9982E-05 0.722291 0.0382897 0.041183 0.00177937 0.0583406
0.0403402 0.00586392 0.0897843 9.9973E-05 9.9973E-05 0.725446 9.9973E-05 0.0245792 0.0242115 0.0894751
9.99371E-05 9.99371E-05 9.99371E-05 0.137507 9.99371E-05 0.856662 9.99371E-05 0.00513107 9.99371E-05 9.99371E-05
0.0184349 0.0543728 9.9991E-05 0.0658207 0.0119892 0.7528 0.0688163 0.008585 0.0167548 0.00232622
9.9964E-05 0.0790055 0.00611995 0.0181223 9.9964E-05 0.876134 9.9964E-05 0.0145222 9.9964E-05 0.00569649
9.99371E-05 0.0476922 9.99371E-05 9.99371E-05 9.99371E-05 0.929511 9.99371E-05 9.99371E-05 0.0220972 9.99371E-05
9.9964E-05 9.9964E-05 0.00142215 9.9964E-05 0.00769547 0.879379 0.0557107 0.025037 9.9964E-05 0.0303553
0.0933976 9.9964E-05 0.0640387 0.0193659 0.0157377 0.801466 9.9964E-05 9.9964E-05 0.00559426 9.9964E-05
0.0929372 0.0655679 0.0780431 0.0417166 0.0229282 0.599537 0.0654685 9.9982E-05 0.0336018 9.9982E-05
9.9946E-05 9.9946E-05 0.0559965 0.117381 9.9946E-05 0.692427 9.9946E-05 9.9946E-05 0.133596 9.9946E-05
9.9937E-05 0.0680284 9.9937E-05 0.057087 9.9937E-05 0.874185 9.9937E-05 9.9937E-05 9.9937E-05 9.9937E-05
0.107012 9.9955E-05 0.0249704 9.9955E-05 9.9955E-05 0.53948 9.9955E-05 0.289805 0.0382339 9.9955E-05
0.249087 0.00827814 0.0464395 9.9973E-05 9.9973E-05 0.608162 9.9973E-05 0.00854958 0.0375738 0.0416097
0.234555 0.0109675 0.0473816 0.00580376 0.00335789 0.588848 9.9982E-05 0.0246358 9.9982E-05 0.0842509
0.27818 0.00588358 9.9964E-05 9.9964E-05 9.9964E-05 0.6591 0.00316579 0.0484784 9.9964E-05 0.00479165
0.0414322 9.9964E-05 0.0201397 0.149256 0.0756899 9.9964E-05 0.0769401 0.636143 9.9964E-05 9.9964E-05
0.109193 9.9991E-05 0.0363208 0.110778 0.0113706 0.0374707 0.0700237 0.556369 0.047905 0.0204694
9.9973E-05 9.9973E-05 0.0715814 0.250173 0.0501194 0.0304277 0.0804939 0.510584 0.00632117 9.9973E-05
0.0872206 9.9964E-05 9.9964E-05 0.147386 0.01754 9.9964E-05 0.0655899 0.681681 9.9964E-05 0.000182625
0.199834 9.997E-05 0.0473533 0.0180788 9.997E-05 0.226222 0.0651851 0.40722 9.997E-05 0.0358071
9.99201E-05 9.99201E-05 9.99201E-05 9.99201E-05 9.99201E-05 9.99201E-05 9.99201E-05 0.999101 9.99201E-05 9.99201E-05
9.99201E-05 9.99201E-05 9.99201E-05 9.99201E-05 9.99201E-05 9.99201E-05 9.99201E-05 0.999101 9.99201E-05 9.99201E-05
0.0396454 9.9982E-05 0.0353305 0.0155943 9.9982E-05 0.402003 0.0666684 0.407957 0.0193032 0.013298
0.0736361 0.0748165 0.123093 0.0131331 9.9991E-05 0.171307 0.0582888 0.419302 0.00447826 0.0618455
0.0149757 0.0564696 0.0207367 0.212836 0.0486844 0.265945 0.0884695 0.289004 9.9991E-05 0.00277927
0.242655 0.0402086 0.0285136 0.0342246 9.9973E-05 0.269673 9.9973E-05 0.349612 9.9973E-05 0.0348132
0.0821733 0.00226528 0.0552451 0.025745 9.9991E-05 0.2175 0.0011718 0.574361 0.0130783 0.0283603
9.9946E-05 9.9946E-05 9.9946E-05 0.0407412 9.9946E-05 9.9946E-05 0.00265491 0.937041 9.9946E-05 0.0189635
0.377168 0.0259067 9.9973E-05 9.9973E-05 9.9973E-05 0.222764 0.00672162 0.291693 0.0413968 0.034049
0.356265 0.0690305 9.9982E-05 9.9982E-05 0.040382 0.23195 0.0357136 0.244843 0.00658663 0.0150294
0.0750756 9.9964E-05 0.101966 0.137967 9.9964E-05 0.104293 0.103504 0.476795 9.9964E-05 9.9964E-05
0.193227 0.0690013 0.0665644 0.0519084 9.9982E-05 0.213854 0.0113071 0.339261 9.9982E-05 0.0546768
0.111605 9.9982E-05 9.9982E-05 0.0535438 0.0226235 0.193162 0.0352065 0.461735 0.0240425 0.0978816
9.9937E-05 0.00695427 0.0205542 9.9937E-05 9.9937E-05 9.9937E-05 9.9937E-05 0.971792 9.9937E-05 9.9937E-05
0.175266 0.0532575 0.0635185 9.9964E-05 9.9964E-05 0.272214 9.9964E-05 0.343241 9.9964E-05 0.0921034
9.9964E-05 9.9964E-05 9.9964E-05 9.9964E-05 0.0501841 0.196069 0.104539 0.555684 0.00339941 0.0897252
0.161655 9.9964E-05 9.9964E-05 0.152255 0.0554829 9.9964E-05 0.0966089 0.523421 0.0101769 9.9964E-05
0.160192 0.0115079 0.000215995 9.9991E-05 0.0776737 0.106298 0.0423003 0.564106 0.00313213 0.0344736
9.99371E-05 9.99371E-05 9.99371E-05 9.99371E-05 0.0290885 9.99371E-05 9.99371E-05 0.91346 0.0567518 9.99371E-05
0.125601 0.00561958 9.9973E-05 0.0936178 9.9973E-05 0.0673813 0.0536224 0.613279 9.9973E-05 0.040579
9.9937E-05 9.9937E-05 9.9937E-05 9.9937E-05 0.00231389 9.9937E-05 9.9937E-05 0.957587 0.0393991 9.9937E-05
0.309197 9.9946E-05 9.9946E-05 0.00349578 0.0615513 9.9946E-05 9.9946E-05 0.625157 9.9946E-05 9.9946E-05
9.9964E-05 0.0105831 0.00952083 9.9964E-05 0.0567976 9.9964E-05 0.0367414 0.78922 0.0967374 9.9964E-05
0.0831415 9.9991E-05 0.0179202 0.110402 0.00423718 0.21983 0.0479508 0.456961 0.00706627 0.0523915
9.9946E-05 9.9946E-05 0.00583128 9.9946E-05 9.9946E-05 9.9946E-05 0.0149543 0.966776 0.0118383 9.9946E-05
0.042568 0.0427435 0.0568008 0.0624844 0.0671095 0.0774537 0.0549165 0.595724 9.9982E-05 9.9982E-05
0.24357 9.9982E-05 0.0449076 9.9982E-05 0.0270272 0.0727064 0.0668936 0.511857 0.0107357 0.0221025
0.000852307 0.0869857 0.0221527 9.9955E-05 0.0137222 9.9955E-05 9.9955E-05 0.875787 9.9955E-05 9.9955E-05
0.125083 0.0318693 9.9946E-05 9.9946E-05 9.9946E-05 9.9946E-05 9.9946E-05 0.770274 9.9946E-05 0.0721738
0.228901 0.0636361 9.9955E-05 9.9955E-05 9.9955E-05 9.9955E-05 0.0620821 0.590863 0.0540178 9.9955E-05
0.178528 0.00733011 9.9973E-05 9.9973E-05 9.9973E-05 0.0230145 0.00179239 0.674609 0.0218895 0.0925363
0.113581 9.9955E-05 0.0113043 0.00110176 0.0484141 9.9955E-05 9.9955E-05 0.825099 9.9955E-05 9.9955E-05
0.0327347 9.9973E-05 9.9973E-05 0.0585036 0.145233 0.00554056 0.0504048 0.606432 0.100851 9.9973E-05
0.834334 9.9955E-05 0.0511667 0.104171 9.9955E-05 9.9955E-05 9.9955E-05 0.00520153 0.00462678 9.9955E-05
0.99384 9.9928E-05 9.9928E-05 9.9928E-05 9.9928E-05 9.9928E-05 9.9928E-05 0.00536035 9.9928E-05 9.9928E-05
0.932664 0.00901996 0.00790919 9.9946E-05 9.9946E-05 9.9946E-05 9.9946E-05 0.0498071 9.9946E-05 9.9946E-05
0.943581 9.99281E-05 9.99281E-05 9.99281E-05 9.99281E-05 9.99281E-05 9.99281E-05 0.0556196 9.99281E-05 9.99281E-05
0.903551 9.9937E-05 0.00833334 9.9937E-05 9.9937E-05 9.9937E-05 9.9937E-05 0.0874164 9.9937E-05 9.9937E-05
0.54853 9.9982E-05 0.017983 0.0544013 0.0658646 0.0870775 0.0688422 0.116891 9.9982E-05 0.0402105
0.428814 9.9991E-05 0.00972763 0.0601007 0.169427 0.0264765 0.053166 0.173663 0.0169098 0.0616155
0.530121 0.00821197 0.0906366 0.117551 0.100381 9.9982E-05 0.0120815 0.137916 9.9982E-05 0.00290097
0.416728 0.031338 0.0639005 0.102191 0.047942 0.0822894 0.0653023 0.128177 0.00122674 0.0609052
0.508258 0.016044 9.9982E-05 0.00600063 0.0642516 0.16775 0.0728593 0.120527 9.9982E-05 0.044109
0.397594 9.9982E-05 0.0230828 0.0970766 0.120825 9.9982E-05 0.0854468 0.16261 0.0544674 0.0586981
0.349748 0.0111465 0.105625 9.9982E-05 0.108203 0.107878 0.0901227 0.176464 9.9982E-05 0.0506129
0.282951 9.9973E-05 0.0593724 0.175163 0.0278595 9.9973E-05 0.0428106 0.22054 0.191003 9.9973E-05
0.291755 9.9973E-05 0.0328848 0.188474 0.0133642 9.9973E-05 0.0758652 0.239598 0.157758 9.9973E-05
0.291175 0.0110645 0.112105 0.0273537 0.16119 0.017608 0.097777 0.154419 9.9991E-05 0.127206
9.99201E-05 9.99201E-05 9.99201E-05 9.99201E-05 0.999101 9.99201E-05 9.99201E-05 9.99201E-05 9.99201E-05 9.99201E-05
0.0137051 0.0266194 0.00649478 9.9955E-05 0.942304 9.9955E-05 0.0103767 9.9955E-05 9.9955E-05 9.9955E-05
0.00491734 0.00638979 9.9973E-05 9.9973E-05 0.848056 0.00512964 9.9973E-05 0.016154 0.115517 0.00353675
0.0533483 9.99371E-05 9.99371E-05 9.99371E-05 0.938647 9.99371E-05 0.00730472 9.99371E-05 9.99371E-05 9.99371E-05
9.99201E-05 9.99201E-05 9.99201E-05 9.99201E-05 0.999101 9.99201E-05 9.99201E-05 9.99201E-05 9.99201E-05 9.99201E-05
9.99201E-05 9.99201E-05 9.99201E-05 9.99201E-05 0.999101 9.99201E-05 9.99201E-05 9.99201E-05 9.99201E-05 9.99201E-05
9.99201E-05 9.99201E-05 9.99201E-05 9.99201E-05 0.999101 9.99201E-05 9.99201E-05 9.99201E-05 9.99201E-05 9.99201E-05
0.0184064 9.9955E-05 0.0470441 0.0433192 0.888215 9.9955E-05 9.9955E-05 9.9955E-05 0.00251568 9.9955E-05
9.99281E-05 9.99281E-05 9.99281E-05 9.99281E-05 0.99876 9.99281E-05 0.000440857 9.99281E-05 9.99281E-05 9.99281E-05
9.99201E-05 9.99201E-05 9.99201E-05 9.99201E-05 0.999101 9.99201E-05 9.99201E-05 9.99201E-05 9.99201E-05 9.99201E-05
0.41308 9.9973E-05 0.0480114 9.9973E-05 0.0304554 0.155525 0.224848 9.9973E-05 0.0423874 0.0853925
9.9946E-05 9.9946E-05 9.9946E-05 9.9946E-05 0.868978 9.9946E-05 0.0222235 0.0707712 0.0374277 9.9946E-05
9.99281E-05 9.99281E-05 9.99281E-05 9.99281E-05 0.978966 9.99281E-05 9.99281E-05 9.99281E-05 9.99281E-05 0.0202343
0.00806185 9.99371E-05 9.99371E-05 9.99371E-05 0.987017 9.99371E-05 9.99371E-05 9.99371E-05 9.99371E-05 0.00422161
0.999101 9.99201E-05 9.99201E-05 9.99201E-05 9.99201E-05 9.99201E-05 9.99201E-05 9.99201E-05 9.99201E-05 9.99201E-05
0.999101 9.99201E-05 9.99201E-05 9.99201E-05 9.99201E-05 9.99201E-05 9.99201E-05 9.99201E-05 9.99201E-05 9.99201E-05
0.979751 0.00249067 9.9946E-05 0.00268486 9.9946E-05 9.9946E-05 9.9946E-05 9.9946E-05 0.0144737 9.9946E-05
0.999101 9.99201E-05 9.99201E-05 9.99201E-05 9.99201E-05 9.99201E-05 9.99201E-05 9.99201E-05 9.99201E-05 9.99201E-05
0.788832 9.9955E-05 0.0143253 9.9955E-05 0.016732 9.9955E-05 0.149454 9.9955E-05 0.0301565 9.9955E-05
0.65524 9.9955E-05 9.9955E-05 0.0274683 9.9955E-05 0.150249 0.0779376 9.9955E-05 0.0886051 9.9955E-05
0.706542 9.9964E-05 9.9964E-05 9.9964E-05 0.0367926 0.105782 0.0356905 0.0448291 0.0699646 9.9964E-05
0.775093 9.9955E-05 9.9955E-05 9.9955E-05 0.0315769 9.9955E-05 0.0944239 0.000793155 0.0976135 9.9955E-05
0.788088 9.9946E-05 0.0383773 9.9946E-05 0.121286 9.9946E-05 9.9946E-05 9.9946E-05 0.0516491 9.9946E-05
0.897 9.9955E-05 0.00587212 9.9955E-05 0.0664405 9.9955E-05 0.00736011 9.9955E-05 0.0228273 9.9955E-05
0.766198 9.9973E-05 0.0110903 9.9973E-05 0.0410899 0.0934915 0.0301198 9.9973E-05 0.0382843 0.0194265
0.834715 9.9964E-05 0.0101017 9.9964E-05 0.0795842 0.00269474 9.9964E-05 9.9964E-05 0.0569709 0.0155331
0.727027 0.0152994 0.0507432 9.9973E-05 9.9973E-05 9.9973E-05 0.0676276 0.080898 0.0297826 0.0283219
0.747144 9.9991E-05 0.0302115 0.0333346 0.0282119 0.0192449 0.109823 0.0194442 0.000503383 0.0119822
0.00773882 9.9964E-05 0.0211618 9.9964E-05 9.9964E-05 0.0113493 0.877261 9.9964E-05 0.0290994 0.0529899
9.9982E-05 0.00676301 9.9982E-05 0.00423859 0.0335882 0.0272918 0.83811 0.00398703 0.0360443 0.0497767
9.99201E-05 9.99201E-05 9.99201E-05 9.99201E-05 9.99201E-05 9.99201E-05 0.999101 9.99201E-05 9.99201E-05 9.99201E-05
9.9937E-05 9.9937E-05 9.9937E-05 9.9937E-05 9.9937E-05 9.9937E-05 0.966709 0.00760385 9.9937E-05 0.024988
9.99281E-05 9.99281E-05 9.99281E-05 9.99281E-05 9.99281E-05 9.99281E-05 0.985219 9.99281E-05 9.99281E-05 0.0139819
9.99201E-05 9.99201E-05 9.99201E-05 9.99201E-05 9.99201E-05 9.99201E-05 0.999101 9.99201E-05 9.99201E-05 9.99201E-05
9.99201E-05 9.99201E-05 9.99201E-05 9.99201E-05 9.99201E-05 9.99201E-05 0.999101 9.99201E-05 9.99201E-05 9.99201E-05
9.9964E-05 0.0215929 9.9964E-05 9.9964E-05 9.9964E-05 0.0241595 0.720459 0.0343114 0.152406 0.0466717
9.99281E-05 9.99281E-05 0.00574526 9.99281E-05 9.99281E-05 9.99281E-05 0.993455 9.99281E-05 9.99281E-05 9.99281E-05
9.99201E-05 9.99201E-05 9.99201E-05 9.99201E-05 9.99201E-05 9.99201E-05 0.999101 9.99201E-05 9.99201E-05 9.99201E-05
9.9955E-05 0.011336 9.9955E-05 0.0365076 0.0392655 9.9955E-05 0.85691 9.9955E-05 0.0554814 9.9955E-05
9.99281E-05 0.00163826 9.99281E-05 9.99281E-05 9.99281E-05 9.99281E-05 0.997562 9.99281E-05 9.99281E-05 9.99281E-05
9.9973E-05 9.9973E-05 0.0696409 0.029899 0.051226 9.9973E-05 0.711892 0.0803926 0.00985675 0.046793
9.99201E-05 9.99201E-05 0.999101 9.99201E-05 9.99201E-05 9.99201E-05 9.99201E-05 9.99201E-05 9.99201E-05 9.99201E-05
0.542604 9.9982E-05 0.0703028 0.090572 0.135412 9.9982E-05 0.0882157 0.0407205 0.00987886 0.0220943
9.99201E-05 9.99201E-05 0.999101 9.99201E-05 9.99201E-05 9.99201E-05 9.99201E-05 9.99201E-05 9.99201E-05 9.99201E-05
9.99201E-05 9.99201E-05 0.999101 9.99201E-05 9.99201E-05 9.99201E-05 9.99201E-05 9.99201E-05 9.99201E-05 9.99201E-05
9.99461E-05 9.99461E-05 0.898637 9.99461E-05 0.0392138 9.99461E-05 9.99461E-05 0.0100739 0.0514758 9.99461E-05
9.9955E-05 9.9955E-05 0.718022 9.9955E-05 0.0627529 0.163917 0.0181408 0.0366674 9.9955E-05 9.9955E-05
9.99201E-05 9.99201E-05 0.999101 9.99201E-05 9.99201E-05 9.99201E-05 9.99201E-05 9.99201E-05 9.99201E-05 9.99201E-05
0.038099 9.9946E-05 0.836955 9.9946E-05 9.9946E-05 9.9946E-05 9.9946E-05 0.0421997 0.0821466 9.9946E-05
9.9955E-05 0.00482953 0.977865 0.00471829 9.9955E-05 0.00812032 9.9955E-05 9.9955E-05 0.00396744 9.9955E-05
0.00176168 0.0101716 0.968725 0.00440488 9.9964E-05 9.9964E-05 9.9964E-05 0.00674058 9.9964E-05 0.0077968
9.99201E-05 9.99201E-05 0.999101 9.99201E-05 9.99201E-05 9.99201E-05 9.99201E-05 9.99201E-05 9.99201E-05 9.99201E-05
9.99371E-05 9.99371E-05 0.97841 9.99371E-05 0.0024639 9.99371E-05 9.99371E-05 0.0184261 9.99371E-05 9.99371E-05
9.99281E-05 9.99281E-05 0.944779 9.99281E-05 9.99281E-05 9.99281E-05 0.0544213 9.99281E-05 9.99281E-05 9.99281E-05
0.027404 9.99601E-05 0.826224 0.0265686 9.99601E-05 9.99601E-05 0.0764165 9.99601E-05 9.99601E-05 0.0428873
9.9937E-05 0.0157425 0.938463 9.9937E-05 9.9937E-05 9.9937E-05 9.9937E-05 9.9937E-05 0.0450948 9.9937E-05
0.0248144 9.996E-05 0.812317 9.996E-05 0.0144164 9.996E-05 0.0205854 0.0995762 0.027891 9.996E-05
9.9964E-05 0.0171639 0.82678 9.9964E-05 9.9964E-05 9.9964E-05 0.0243216 0.00934938 0.0674119 0.0545733
0.0175994 0.0313862 0.910549 0.0056031 9.9964E-05 0.0157096 9.9964E-05 9.9964E-05 9.9964E-05 0.0187533
0.0203096 9.9964E-05 0.930464 9.9964E-05 0.00647296 9.9964E-05 0.018365 0.00502328 9.9964E-05 0.0189656
0.384954 0.042591 0.0529644 9.9982E-05 0.0328366 9.9982E-05 0.0306483 0.124057 0.0967219 0.235027
0.342413 0.0191754 0.0368112 9.999E-05 0.0346101 0.0342656 0.0364587 0.150957 0.107893 0.237316
0.345212 0.0377992 0.0837922 9.9982E-05 0.0761119 9.9982E-05 0.0155178 0.101956 0.123186 0.216225
0.300452 0.0548422 0.0894645 9.9991E-05 0.0567317 0.0380448 0.0229271 0.106557 0.115515 0.215366
0.0235462 9.996E-05 9.996E-05 0.030402 9.996E-05 0.0146402 0.0133884 9.996E-05 0.885596 0.0320276
9.99201E-05 9.99201E-05 9.99201E-05 9.99201E-05 9.99201E-05 9.99201E-05 9.99201E-05 9.99201E-05 0.999101 9.99201E-05
9.9937E-05 9.9937E-05 0.0197019 9.9937E-05 9.9937E-05 9.9937E-05 9.9937E-05 0.0343852 0.945213 9.9937E-05
9.99201E-05 9.99201E-05 9.99201E-05 9.99201E-05 9.99201E-05 9.99201E-05 9.99201E-05 9.99201E-05 0.999101 9.99201E-05
9.9928E-05 9.9928E-05 9.9928E-05 9.9928E-05 9.9928E-05 9.9928E-05 9.9928E-05 9.9928E-05 0.986018 0.0131823
0.0758782 0.00506926 9.9946E-05 9.9946E-05 9.9946E-05 9.9946E-05 9.9946E-05 9.9946E-05 0.913452 0.00500126
0.00396919 9.9946E-05 9.9946E-05 9.9946E-05 0.0149709 9.9946E-05 0.0196835 9.9946E-05 0.960777 9.9946E-05
0.075543 0.0235822 9.999E-05 0.0343524 0.00570409 0.0525226 0.0395299 0.0308159 0.718727 0.0191226
0.00921999 0.0146496 0.0346012 9.9973E-05 9.9973E-05 0.0331587 0.0617483 0.0105177 0.835805 9.9973E-05
9.99201E-05 9.99201E-05 9.99201E-05 9.99201E-05 9.99201E-05 9.99201E-05 9.99201E-05 9.99201E-05 9.99201E-05 0.999101
9.99201E-05 9.99201E-05 9.99201E-05 9.99201E-05 9.99201E-05 9.99201E-05 9.99201E-05 9.99201E-05 9.99201E-05 0.999101
9.99201E-05 9.99201E-05 9.99201E-05 9.99201E-05 9.99201E-05 9.99201E-05 9.99201E-05 9.99201E-05 9.99201E-05 0.999101
9.99371E-05 9.99371E-05 0.0150031 9.99371E-05 9.99371E-05 9.99371E-05 9.99371E-05 9.99371E-05 0.00297952 0.981318
9.99201E-05 9.99201E-05 9.99201E-05 9.99201E-05 9.99201E-05 9.99201E-05 9.99201E-05 9.99201E-05 9.99201E-05 0.999101
0.143336 0.00627393 9.9955E-05 9.9955E-05 9.9955E-05 0.0137698 9.9955E-05 9.9955E-05 0.0100979 0.826023
9.99201E-05 9.99201E-05 9.99201E-05 9.99201E-05 9.99201E-05 9.99201E-05 9.99201E-05 9.99201E-05 9.99201E-05 0.999101
9.99201E-05 9.99201E-05 9.99201E-05 9.99201E-05 9.99201E-05 9.99201E-05 9.99201E-05 9.99201E-05 9.99201E-05 0.999101
9.99281E-05 9.99281E-05 9.99281E-05 9.99281E-05 9.99281E-05 0.00683492 9.99281E-05 9.99281E-05 9.99281E-05 0.992366
9.9937E-05 9.9937E-05 9.9937E-05 9.9937E-05 9.9937E-05 9.9937E-05 0.00148637 0.0607539 9.9937E-05 0.93706
9.9946E-05 0.00918916 9.9946E-05 9.9946E-05 9.9946E-05 9.9946E-05 0.0179842 9.9946E-05 0.00581057 0.966416
9.99281E-05 9.99281E-05 9.99281E-05 9.99281E-05 0.000208713 9.99281E-05 9.99281E-05 9.99281E-05 9.99281E-05 0.998992
