9.99201E-05 9.99201E-05 9.99201E-05 9.99201E-05 9.99201E-05 9.99201E-05 0.999101 9.99201E-05 9.99201E-05 9.99201E-05
0.119978 9.9964E-05 0.0376668 0.3599 9.9964E-05 0.00375855 0.466093 9.9964E-05 0.012204 9.9964E-05
9.99201E-05 9.99201E-05 0.999101 9.99201E-05 9.99201E-05 9.99201E-05 9.99201E-05 9.99201E-05 9.99201E-05 9.99201E-05
9.9955E-05 0.047072 0.825838 9.9955E-05 9.9955E-05 0.0944995 9.9955E-05 0.0282475 0.00384279 9.9955E-05
9.9937E-05 0.00816513 0.0404115 0.950724 9.9937E-05 9.9937E-05 9.9937E-05 9.9937E-05 9.9937E-05 9.9937E-05
9.9946E-05 0.0153369 0.0307827 9.9946E-05 0.122877 9.9946E-05 0.830404 9.9946E-05 9.9946E-05 9.9946E-05
0.0244805 0.0479066 9.9964E-05 0.00715284 9.9964E-05 9.9964E-05 0.888063 0.0097609 0.0222362 9.9964E-05
9.99201E-05 9.99201E-05 9.99201E-05 0.999101 9.99201E-05 9.99201E-05 9.99201E-05 9.99201E-05 9.99201E-05 9.99201E-05
9.9955E-05 9.9955E-05 0.356221 0.0899617 9.9955E-05 9.9955E-05 0.249775 0.135105 9.9955E-05 0.168438
0.110753 0.113094 0.290296 0.41648 0.0122098 9.9973E-05 9.9973E-05 9.9973E-05 0.0200191 0.0368487
9.99281E-05 9.99281E-05 9.99281E-05 9.99281E-05 9.99281E-05 0.976513 9.99281E-05 9.99281E-05 0.0226878 9.99281E-05
9.99281E-05 9.99281E-05 9.99281E-05 9.99281E-05 0.0926371 0.906563 9.99281E-05 9.99281E-05 9.99281E-05 9.99281E-05
9.9946E-05 9.9946E-05 0.0119683 0.0228629 9.9946E-05 0.842299 0.12227 9.9946E-05 9.9946E-05 9.9946E-05
0.0666052 9.9982E-05 0.0575446 0.000502379 0.67333 0.0924438 0.0114991 9.9982E-05 0.0382631 0.0596122
9.9946E-05 0.128081 0.0452578 9.9946E-05 9.9946E-05 0.782699 9.9946E-05 9.9946E-05 0.0433626 9.9946E-05
9.9946E-05 9.9946E-05 9.9946E-05 0.0194973 0.243397 0.715837 0.0206698 9.9946E-05 9.9946E-05 9.9946E-05
9.9928E-05 9.9928E-05 9.9928E-05 9.9928E-05 0.994695 0.00450518 9.9928E-05 9.9928E-05 9.9928E-05 9.9928E-05
0.11546 9.9955E-05 0.056512 9.9955E-05 0.701954 9.9955E-05 9.9955E-05 9.9955E-05 0.00529262 0.120282
0.00782829 9.9973E-05 0.000369415 9.9973E-05 0.260189 0.574169 9.9973E-05 0.0357104 0.00514234 0.116291
9.9946E-05 9.9946E-05 0.129263 0.0480513 0.780436 0.0416503 9.9946E-05 9.9946E-05 9.9946E-05 9.9946E-05
0.0480842 9.9973E-05 0.0323084 9.9973E-05 0.58385 0.170526 0.0217152 0.0192751 9.9973E-05 0.123941
9.9946E-05 9.9946E-05 9.9946E-05 0.403313 0.0564825 0.529684 9.9946E-05 9.9946E-05 9.9946E-05 0.00992121
9.99371E-05 9.99371E-05 9.99371E-05 9.99371E-05 0.228444 0.611175 0.159681 9.99371E-05 9.99371E-05 9.99371E-05
9.9928E-05 0.0480231 9.9928E-05 9.9928E-05 0.951177 9.9928E-05 9.9928E-05 9.9928E-05 9.9928E-05 9.9928E-05
0.112972 9.9955E-05 0.00631514 9.9955E-05 0.228747 0.525196 9.9955E-05 9.9955E-05 9.9955E-05 0.12627
0.1919 0.0602133 9.9973E-05 9.9973E-05 0.276984 0.268012 0.155401 9.9973E-05 0.001322 0.0458679
0.00974122 0.0884021 9.9955E-05 9.9955E-05 9.9955E-05 0.665178 9.9955E-05 0.118715 9.9955E-05 0.117464
0.300247 9.9964E-05 0.0284886 0.0288073 9.9964E-05 0.574273 9.9964E-05 9.9964E-05 0.00225508 0.0655294
0.185811 0.0344658 9.9955E-05 9.9955E-05 9.9955E-05 0.518569 0.0748661 9.9955E-05 9.9955E-05 0.185788
0.178115 9.9928E-05 9.9928E-05 9.9928E-05 9.9928E-05 0.821085 9.9928E-05 9.9928E-05 9.9928E-05 9.9928E-05
0.233266 9.9946E-05 0.178524 9.9946E-05 9.9946E-05 9.9946E-05 9.9946E-05 0.0213491 9.9946E-05 0.566262
0.187678 9.9964E-05 0.148299 9.9964E-05 9.9964E-05 0.0325284 0.0428146 0.0477024 9.9964E-05 0.540577
0.0838601 0.114704 0.000969299 9.9964E-05 9.9964E-05 0.0525456 9.9964E-05 0.0565966 9.9964E-05 0.690925
9.99201E-05 0.999101 9.99201E-05 9.99201E-05 9.99201E-05 9.99201E-05 9.99201E-05 9.99201E-05 9.99201E-05 9.99201E-05
9.9937E-05 9.9937E-05 9.9937E-05 9.9937E-05 9.9937E-05 0.211987 9.9937E-05 9.9937E-05 0.00224684 0.785066
9.99281E-05 9.99281E-05 9.99281E-05 9.99281E-05 9.99281E-05 9.99281E-05 0.0260307 9.99281E-05 9.99281E-05 0.97317
9.9946E-05 9.9946E-05 9.9946E-05 0.294867 0.0137083 9.9946E-05 9.9946E-05 0.0662437 9.9946E-05 0.624582
0.0278834 0.0537944 9.9964E-05 9.9964E-05 0.00434671 0.050022 0.078924 9.9964E-05 9.9964E-05 0.78463
9.9946E-05 0.0253097 9.9946E-05 9.9946E-05 9.9946E-05 9.9946E-05 9.9946E-05 0.0427074 0.0117351 0.919648
0.177744 9.9955E-05 9.9955E-05 9.9955E-05 9.9955E-05 0.13488 9.9955E-05 0.144352 0.0148235 0.5277
9.99281E-05 9.99281E-05 9.99281E-05 0.0288884 9.99281E-05 9.99281E-05 9.99281E-05 9.99281E-05 9.99281E-05 0.970312
0.402068 0.194012 0.085398 9.9973E-05 0.0292854 0.101801 0.0296175 9.9973E-05 9.9973E-05 0.157517
0.0390047 0.176865 0.0138081 0.0309877 9.9973E-05 0.0119917 9.9973E-05 9.9973E-05 0.000506928 0.726536
9.99201E-05 0.999101 9.99201E-05 9.99201E-05 9.99201E-05 9.99201E-05 9.99201E-05 9.99201E-05 9.99201E-05 9.99201E-05
0.150492 0.0430855 0.00261938 9.9964E-05 9.9964E-05 0.167581 9.9964E-05 0.284984 9.9964E-05 0.350838
9.9955E-05 9.9955E-05 9.9955E-05 9.9955E-05 9.9955E-05 0.0350873 0.0556851 0.726674 0.00484885 0.177205
0.0948935 0.298195 9.9964E-05 9.9964E-05 0.0226362 9.9964E-05 9.9964E-05 0.525274 0.0365486 0.0220533
0.0188791 9.9937E-05 9.9937E-05 9.9937E-05 9.9937E-05 9.9937E-05 9.9937E-05 0.954923 9.9937E-05 0.0254984
0.0255027 0.136613 0.0876779 0.0950615 9.9982E-05 0.0504945 9.9982E-05 0.506362 0.000597958 0.0974909
0.113802 0.00102546 0.0157171 0.128342 9.9973E-05 0.0307301 9.9973E-05 0.369228 9.9973E-05 0.340855
0.144978 9.9937E-05 0.018741 9.9937E-05 9.9937E-05 9.9937E-05 9.9937E-05 0.835582 9.9937E-05 9.9937E-05
9.9928E-05 9.9928E-05 9.9928E-05 9.9928E-05 0.0907254 9.9928E-05 9.9928E-05 0.908475 9.9928E-05 9.9928E-05
0.18527 9.99397E-05 9.99397E-05 9.99397E-05 9.99397E-05 9.99397E-05 9.99397E-05 0.809768 0.00426221 9.99397E-05
0.105366 0.0237925 9.9955E-05 9.9955E-05 9.9955E-05 0.0378756 9.9955E-05 0.751614 9.9955E-05 0.0808521
9.99436E-05 0.14261 9.99436E-05 9.99436E-05 9.99436E-05 9.99436E-05 9.99436E-05 0.81733 9.99436E-05 0.0393605
9.9946E-05 9.9946E-05 0.0212634 9.9946E-05 9.9946E-05 0.0147343 9.9946E-05 0.887633 0.0757696 9.9946E-05
0.744926 0.00850713 9.9964E-05 0.0418696 0.00316029 9.9964E-05 9.9964E-05 0.189729 0.0114083 9.9964E-05
0.550001 0.00654617 9.9964E-05 0.0459575 0.0183362 0.102248 9.9964E-05 0.276512 9.9964E-05 9.9964E-05
0.817554 9.9955E-05 0.0738021 9.9955E-05 9.9955E-05 0.0204833 0.0224522 0.0652083 9.9955E-05 9.9955E-05
0.618237 0.023697 9.9964E-05 0.122526 9.9964E-05 0.146471 0.0310988 0.0575696 9.9964E-05 9.9964E-05
0.778321 0.0126682 9.9964E-05 9.9964E-05 0.0490669 9.9964E-05 0.0188959 0.0914625 9.9964E-05 0.0491856
0.468522 9.9955E-05 9.9955E-05 9.9955E-05 9.9955E-05 9.9955E-05 0.027266 0.00988917 0.0826717 0.411151
0.874454 0.10157 9.99371E-05 9.99371E-05 9.99371E-05 9.99371E-05 0.0232765 9.99371E-05 9.99371E-05 9.99371E-05
0.96341 9.99281E-05 9.99281E-05 9.99281E-05 9.99281E-05 9.99281E-05 9.99281E-05 9.99281E-05 0.0357903 9.99281E-05
0.858152 0.0680282 9.9946E-05 9.9946E-05 0.0685151 9.9946E-05 9.9946E-05 9.9946E-05 0.0047055 9.9946E-05
0.999101 9.99201E-05 9.99201E-05 9.99201E-05 9.99201E-05 9.99201E-05 9.99201E-05 9.99201E-05 9.99201E-05 9.99201E-05
0.984846 0.0101199 9.9937E-05 9.9937E-05 9.9937E-05 9.9937E-05 9.9937E-05 9.9937E-05 0.00433464 9.9937E-05
0.88619 9.9946E-05 0.0291261 0.00721448 9.9946E-05 0.0768698 9.9946E-05 9.9946E-05 9.9946E-05 9.9946E-05
0.975188 0.0227578 9.9937E-05 9.9937E-05 9.9937E-05 9.9937E-05 9.9937E-05 9.9937E-05 0.00135443 9.9937E-05
0.998642 9.9928E-05 0.000558835 9.9928E-05 9.9928E-05 9.9928E-05 9.9928E-05 9.9928E-05 9.9928E-05 9.9928E-05
0.994445 9.99281E-05 9.99281E-05 9.99281E-05 0.00475516 9.99281E-05 9.99281E-05 9.99281E-05 9.99281E-05 9.99281E-05
0.692475 9.9955E-05 9.9955E-05 0.110554 9.9955E-05 9.9955E-05 0.0110781 9.9955E-05 0.0112891 0.174104
0.921586 0.0156481 0.0370179 0.0251484 9.99461E-05 9.99461E-05 9.99461E-05 9.99461E-05 9.99461E-05 9.99461E-05
0.665356 9.9964E-05 9.9964E-05 9.9964E-05 0.0445236 9.9964E-05 0.0367778 0.0192489 0.056757 0.176937
0.345078 9.9955E-05 9.9955E-05 0.0419575 0.0481877 9.9955E-05 9.9955E-05 9.9955E-05 0.514082 0.0501951
9.99201E-05 9.99201E-05 9.99201E-05 9.99201E-05 9.99201E-05 9.99201E-05 9.99201E-05 9.99201E-05 0.999101 9.99201E-05
0.601012 0.181342 0.0286578 9.9964E-05 9.9964E-05 0.0925677 9.9964E-05 0.0671357 0.028885 9.9964E-05
