9.99201E-05 9.99201E-05 9.99201E-05 9.99201E-05 9.99201E-05 9.99201E-05 9.99201E-05 9.99201E-05 0.999101 9.99201E-05
9.9964E-05 0.106116 0.00278667 9.9964E-05 0.0043185 9.9964E-05 0.52643 9.9964E-05 0.294774 0.0651755
9.9946E-05 0.0787013 9.9946E-05 9.9946E-05 9.9946E-05 9.9946E-05 0.585269 9.9946E-05 0.260525 0.0749055
9.99371E-05 9.99371E-05 9.99371E-05 0.0650081 9.99371E-05 9.99371E-05 0.733723 9.99371E-05 0.200569 9.99371E-05
0.0472866 9.9973E-05 0.0405074 0.187127 0.00927623 9.9973E-05 0.628785 9.9973E-05 0.0753095 0.011409
9.9982E-05 0.00845109 0.00996971 0.226129 9.9982E-05 0.0305392 0.538368 0.0182087 0.137234 0.0309009
9.99371E-05 9.99371E-05 9.99371E-05 9.99371E-05 9.99371E-05 0.00106925 0.746792 9.99371E-05 0.251439 9.99371E-05
0.0062392 9.9955E-05 9.9955E-05 0.129808 9.9955E-05 9.9955E-05 0.534281 9.9955E-05 0.247674 0.0814974
9.9973E-05 0.020106 9.9973E-05 0.0855596 0.0469947 0.0123043 0.604167 9.9973E-05 0.191459 0.0391097
9.99201E-05 9.99201E-05 9.99201E-05 9.99201E-05 9.99201E-05 9.99201E-05 9.99201E-05 9.99201E-05 0.999101 9.99201E-05
9.99201E-05 9.99201E-05 9.99201E-05 9.99201E-05 9.99201E-05 9.99201E-05 9.99201E-05 9.99201E-05 0.999101 9.99201E-05
9.99201E-05 9.99201E-05 9.99201E-05 9.99201E-05 9.99201E-05 9.99201E-05 9.99201E-05 9.99201E-05 0.999101 9.99201E-05
9.99201E-05 9.99201E-05 9.99201E-05 9.99201E-05 9.99201E-05 9.99201E-05 9.99201E-05 9.99201E-05 0.999101 9.99201E-05
9.9946E-05 9.9946E-05 0.0371279 9.9946E-05 9.9946E-05 0.00476558 0.0309067 9.9946E-05 0.9266 9.9946E-05
0.0158438 9.9946E-05 0.0186265 9.9946E-05 9.9946E-05 0.0143838 9.9946E-05 9.9946E-05 0.950546 9.9946E-05
9.9964E-05 9.9964E-05 9.9964E-05 0.404244 0.0182152 0.0151663 0.399353 9.9964E-05 0.146144 0.0164776
9.9982E-05 0.0798146 0.0670788 0.0670866 0.0486208 0.123625 0.318228 9.9982E-05 0.233703 0.0616438
9.9955E-05 9.9955E-05 9.9955E-05 0.0897374 0.000758023 9.9955E-05 0.726332 0.0148114 0.167861 9.9955E-05
9.9964E-05 0.0176106 0.0527049 9.9964E-05 0.0460013 0.00961956 0.864129 9.9964E-05 9.9964E-05 0.00953437
0.0601842 0.00679025 0.0610501 0.00543063 0.0274437 9.9973E-05 0.817855 0.0209462 9.9973E-05 9.9973E-05
9.995E-05 0.00751838 9.995E-05 9.995E-05 0.0523142 9.995E-05 0.851427 0.0366824 0.0515583 9.995E-05
0.0160375 0.02732 0.0820463 0.0129499 9.9973E-05 0.0439754 0.75739 9.9973E-05 9.9973E-05 0.0599807
9.9964E-05 0.00213138 0.0933028 9.9964E-05 9.9964E-05 0.0436692 0.813425 0.0204729 9.9964E-05 0.0265991
0.0330997 9.9964E-05 0.0493792 9.9964E-05 9.9964E-05 0.0283954 0.861379 9.9964E-05 0.0117252 0.0156216
0.0186745 0.000179329 9.9955E-05 9.9955E-05 0.00607732 0.0854398 0.889129 9.9955E-05 9.9955E-05 9.9955E-05
0.0585429 9.9964E-05 0.00589106 0.132791 0.0542052 9.9964E-05 0.638722 0.109447 9.9964E-05 9.9964E-05
9.9964E-05 9.9964E-05 0.0311706 0.087932 0.109281 9.9964E-05 0.680836 0.0255934 9.9964E-05 0.0647864
9.99281E-05 9.99281E-05 9.99281E-05 0.0585325 9.99281E-05 9.99281E-05 0.940668 9.99281E-05 9.99281E-05 9.99281E-05
0.0550701 9.9982E-05 0.0224602 0.0370936 0.00591566 0.0137765 0.763981 0.0745421 0.026961 9.9982E-05
9.9973E-05 9.9973E-05 0.0220228 0.015305 0.00083867 9.9973E-05 0.869092 0.0473906 0.0385847 0.00646637
0.0172097 9.9946E-05 0.0822063 9.9946E-05 9.9946E-05 9.9946E-05 0.872752 9.9946E-05 0.0272322 9.9946E-05
0.0392962 0.0141195 0.00659712 9.9982E-05 0.0423249 0.0773985 0.691779 0.0912202 9.9982E-05 0.037065
0.00572248 0.0240054 0.0204208 9.99725E-05 9.99725E-05 9.99725E-05 0.753909 0.163816 9.99725E-05 0.0317261
0.0862566 9.9982E-05 9.9982E-05 0.0235708 0.0342264 0.0148478 0.625704 0.132362 0.0246041 0.0582283
9.9937E-05 9.9937E-05 0.140234 9.9937E-05 9.9937E-05 9.9937E-05 0.822123 9.9937E-05 9.9937E-05 0.0369439
9.9955E-05 9.9955E-05 9.9955E-05 0.0551995 0.0257934 9.9955E-05 0.868524 0.0195116 0.0304721 9.9955E-05
9.9955E-05 9.9955E-05 0.0378452 0.209004 9.9955E-05 0.134617 0.457567 0.160467 9.9955E-05 9.9955E-05
9.9964E-05 9.9964E-05 0.0417796 0.0621638 0.0675498 9.9964E-05 0.535979 0.277126 9.9964E-05 0.0150026
9.9982E-05 0.0310224 9.9982E-05 0.0322982 0.087678 0.0309471 0.528686 0.232105 0.0122049 0.0448581
9.9955E-05 9.9955E-05 9.9955E-05 0.0109742 0.024821 0.0323307 0.55883 0.372545 9.9955E-05 9.9955E-05
0.0369335 0.0333189 9.9964E-05 0.885375 0.0182006 9.9964E-05 0.0126592 9.9964E-05 9.9964E-05 0.0131131
0.0437254 9.9973E-05 9.9973E-05 0.844133 0.0231114 0.0453121 0.00981661 0.0294216 9.9973E-05 0.00418036
0.0431672 0.0374904 9.9964E-05 0.658875 9.9964E-05 9.9964E-05 0.185955 9.9964E-05 0.0273602 0.046752
0.0105992 0.00289134 9.9964E-05 0.941487 0.00569443 9.9964E-05 0.0234064 9.9964E-05 9.9964E-05 0.0155216
0.0434792 9.9973E-05 9.9973E-05 0.259934 0.056972 0.13484 0.238721 0.199484 9.9973E-05 0.0662711
9.99201E-05 9.99201E-05 9.99201E-05 9.99201E-05 9.99201E-05 0.999101 9.99201E-05 9.99201E-05 9.99201E-05 9.99201E-05
9.99201E-05 9.99201E-05 9.99201E-05 9.99201E-05 9.99201E-05 0.999101 9.99201E-05 9.99201E-05 9.99201E-05 9.99201E-05
0.0281313 9.9982E-05 0.0238365 0.289464 0.0626649 0.082806 0.357078 0.0858132 9.9982E-05 0.0700057
0.108879 9.9991E-05 0.00916554 0.275154 0.0587931 0.153779 0.197095 0.0901886 0.0740486 0.0327963
0.0798366 0.0411314 9.9991E-05 0.261538 0.0118681 0.0752531 0.376709 0.038148 0.0920502 0.0233654
9.9982E-05 0.00412204 9.9982E-05 0.0765437 0.0325907 0.199332 0.199216 0.409084 0.0556558 0.0232561
0.00256828 9.9982E-05 0.0395447 0.394043 0.0448725 0.164857 0.212263 0.0854749 9.9982E-05 0.0561763
0.0638856 0.0038814 9.9964E-05 0.0391248 9.9964E-05 0.874696 9.9964E-05 9.9964E-05 0.00212363 0.015889
9.9973E-05 9.9973E-05 0.0350895 0.11859 0.0479906 0.110735 0.19459 0.443968 0.0487366 9.9973E-05
0.061893 9.9982E-05 0.00623224 0.0545324 0.0496805 0.141796 0.204967 0.416434 0.0642652 9.9982E-05
0.0795032 0.00436774 9.9982E-05 0.415778 0.00916053 0.0999086 0.160531 0.111341 9.9982E-05 0.119209
0.104756 9.9982E-05 9.9982E-05 0.14209 0.066094 0.192227 0.118836 0.252037 0.0745494 0.0492107
0.0475233 0.0225703 9.9973E-05 0.284671 0.0402655 0.141374 0.216794 0.246502 9.9973E-05 9.9973E-05
9.99201E-05 9.99201E-05 9.99201E-05 9.99201E-05 9.99201E-05 0.999101 9.99201E-05 9.99201E-05 9.99201E-05 9.99201E-05
9.9973E-05 9.9973E-05 9.9973E-05 0.176153 0.121613 0.153133 0.218516 0.235195 0.0851164 0.00997332
0.0942323 9.9973E-05 0.0469028 0.0431835 0.107619 0.514938 0.165373 0.0274519 9.9973E-05 9.9973E-05
0.0804673 0.0662447 0.00682607 0.448355 9.9991E-05 0.172274 0.132235 0.0597312 0.0269144 0.00685271
0.0113632 0.0997271 0.0334958 0.58895 9.9991E-05 0.014019 0.0459209 0.134616 0.0368461 0.0349619
0.0444417 9.9937E-05 0.0417987 0.91306 9.9937E-05 9.9937E-05 9.9937E-05 9.9937E-05 9.9937E-05 9.9937E-05
0.0684259 9.9973E-05 9.9973E-05 0.383979 0.0175016 0.201096 0.158865 0.147463 0.02237 9.9973E-05
9.9937E-05 9.9937E-05 0.0244665 0.966909 9.9937E-05 9.9937E-05 9.9937E-05 9.9937E-05 9.9937E-05 0.00792512
9.9946E-05 0.0171622 9.9946E-05 0.627427 9.9946E-05 0.0590342 9.9946E-05 0.295776 9.9946E-05 9.9946E-05
0.00994066 9.9937E-05 0.112171 0.877189 9.9937E-05 9.9937E-05 9.9937E-05 9.9937E-05 9.9937E-05 9.9937E-05
0.0113229 0.010577 9.9982E-05 0.520249 0.0501264 0.0167254 0.263949 0.112774 9.9982E-05 0.0140767
9.9937E-05 9.9937E-05 0.0150367 0.980997 9.9937E-05 9.9937E-05 9.9937E-05 9.9937E-05 9.9937E-05 0.00326686
0.0628658 0.064893 9.9982E-05 0.445607 9.9982E-05 0.103127 0.129635 0.114251 0.0306169 0.0488046
0.0353447 0.0235624 0.0311593 0.511774 0.00453651 0.0852659 0.0256032 0.255992 9.9991E-05 0.026662
9.9964E-05 9.9964E-05 0.0261765 0.813328 0.0221465 0.0320129 9.9964E-05 0.0268233 0.0791128 9.9964E-05
9.9964E-05 9.9964E-05 9.9964E-05 0.817864 0.0639004 0.0314458 0.0122931 0.0366578 0.037439 9.9964E-05
0.0854752 9.9991E-05 0.0248918 0.468147 0.0196285 0.0562368 0.0300687 0.273354 0.0244927 0.0176056
9.9955E-05 9.9955E-05 0.0199431 0.61604 0.0982428 0.100833 9.9955E-05 0.164442 9.9955E-05 9.9955E-05
9.9964E-05 0.0110135 9.9964E-05 0.648707 0.016268 0.0851238 9.9964E-05 0.194392 9.9964E-05 0.0440953
0.0627205 0.0396428 0.129223 0.511582 9.9973E-05 9.9973E-05 0.0157787 0.210861 0.029892 9.9973E-05
9.9955E-05 9.9955E-05 0.0299115 0.00598487 0.02737 9.9955E-05 0.0270591 0.909175 9.9955E-05 9.9955E-05
9.9928E-05 9.9928E-05 9.9928E-05 0.0563318 9.9928E-05 9.9928E-05 9.9928E-05 0.942869 9.9928E-05 9.9928E-05
9.9946E-05 9.9946E-05 9.9946E-05 9.9946E-05 9.9946E-05 0.0459754 9.9946E-05 0.932329 0.00494586 0.0161502
9.99281E-05 9.99281E-05 9.99281E-05 0.00753351 9.99281E-05 9.99281E-05 9.99281E-05 0.991667 9.99281E-05 9.99281E-05
9.9946E-05 9.9946E-05 9.9946E-05 0.0423101 9.9946E-05 9.9946E-05 0.000609569 0.949209 9.9946E-05 0.00727188
0.0646115 0.0144797 9.9973E-05 0.171215 0.0233153 9.9973E-05 0.161307 0.555183 0.00958754 9.9973E-05
0.0146918 0.126621 9.9991E-05 0.150521 0.0530104 0.0396601 0.0639984 0.477946 0.0463678 0.027083
9.9973E-05 0.0842481 9.9973E-05 0.202653 9.9973E-05 0.0122249 0.0280427 0.574806 0.0102045 0.0875206
0.0579517 0.00888115 9.9991E-05 0.0940888 0.0364297 0.0411338 0.10703 0.537173 0.0433616 0.0738495
0.04001 0.0739089 9.9973E-05 0.190177 0.0523075 9.9973E-05 0.0975012 0.528497 0.0172979 9.9973E-05
0.0210939 0.0637387 0.0644477 0.212303 0.0344904 0.0379209 9.9991E-05 0.499369 0.00713206 0.0594047
0.0911094 0.0491854 0.00856084 0.198251 0.109644 0.0133692 0.0437324 0.389619 0.0191055 0.0774225
0.0469499 0.0771873 0.175695 0.135122 9.9991E-05 0.0981439 0.0343728 0.321126 0.0372911 0.0740117
0.0668734 0.0412452 0.158555 0.100314 9.9991E-05 0.138248 0.0152461 0.397751 0.0423862 0.039281
0.0345052 0.195135 0.0281277 0.0369277 0.172462 0.0813329 9.9991E-05 0.33444 0.0346868 0.0822829
9.99201E-05 0.999101 9.99201E-05 9.99201E-05 9.99201E-05 9.99201E-05 9.99201E-05 9.99201E-05 9.99201E-05 9.99201E-05
0.038585 0.906447 9.9964E-05 9.9964E-05 9.9964E-05 0.0160468 0.0068556 9.9964E-05 0.0108176 0.0208478
9.9973E-05 0.834239 0.0611146 0.00257982 9.9973E-05 0.00723519 9.9973E-05 0.0626118 0.0187733 0.0131462
0.0182027 0.960329 9.99371E-05 9.99371E-05 9.99371E-05 9.99371E-05 9.99371E-05 9.99371E-05 9.99371E-05 0.0207685
9.99201E-05 0.999101 9.99201E-05 9.99201E-05 9.99201E-05 9.99201E-05 9.99201E-05 9.99201E-05 9.99201E-05 9.99201E-05
9.99201E-05 0.999101 9.99201E-05 9.99201E-05 9.99201E-05 9.99201E-05 9.99201E-05 9.99201E-05 9.99201E-05 9.99201E-05
9.99371E-05 0.995709 9.99371E-05 9.99371E-05 9.99371E-05 9.99371E-05 0.00262588 9.99371E-05 9.99371E-05 0.000966008
0.0299803 0.855502 9.9955E-05 9.9955E-05 9.9955E-05 0.0145297 0.0441484 0.0553402 9.9955E-05 9.9955E-05
9.99371E-05 0.975965 0.00724589 9.99371E-05 0.0160893 9.99371E-05 9.99371E-05 9.99371E-05 9.99371E-05 9.99371E-05
9.99201E-05 0.999101 9.99201E-05 9.99201E-05 9.99201E-05 9.99201E-05 9.99201E-05 9.99201E-05 9.99201E-05 9.99201E-05
0.230365 0.0371983 0.0539836 9.9973E-05 0.14222 9.9973E-05 0.10516 0.362453 9.9973E-05 0.0683209
0.0235483 0.901999 0.0120172 0.0353438 9.9955E-05 0.0265921 9.9955E-05 9.9955E-05 9.9955E-05 9.9955E-05
9.9941E-05 0.986533 9.9941E-05 9.9941E-05 0.00580562 9.9941E-05 9.9941E-05 9.9941E-05 9.9941E-05 0.00696176
9.9946E-05 0.953698 9.9946E-05 9.9946E-05 0.0104498 9.9946E-05 9.9946E-05 0.0283204 9.9946E-05 0.00693158
0.00695911 9.99281E-05 9.99281E-05 9.99281E-05 9.99281E-05 9.99281E-05 9.99281E-05 0.992241 9.99281E-05 9.99281E-05
9.99201E-05 9.99201E-05 9.99201E-05 9.99201E-05 9.99201E-05 9.99201E-05 9.99201E-05 0.999101 9.99201E-05 9.99201E-05
9.9937E-05 9.9937E-05 0.0101509 9.9937E-05 9.9937E-05 9.9937E-05 9.9937E-05 0.987548 9.9937E-05 0.00160196
9.99201E-05 9.99201E-05 9.99201E-05 9.99201E-05 9.99201E-05 9.99201E-05 9.99201E-05 0.999101 9.99201E-05 9.99201E-05
0.0784508 9.9955E-05 0.0156896 9.9955E-05 0.0183751 9.9955E-05 9.9955E-05 0.86722 9.9955E-05 0.0197648
0.0755358 9.9955E-05 0.0987205 9.9955E-05 0.00774868 9.9955E-05 0.105316 0.712179 9.9955E-05 9.9955E-05
0.0133447 0.0703351 0.0412148 9.9964E-05 9.9964E-05 0.0144643 0.056911 0.80333 9.9964E-05 9.9964E-05
0.0788131 0.0311952 0.0463795 9.9955E-05 9.9955E-05 0.00703202 9.9955E-05 0.83608 9.9955E-05 9.9955E-05
9.9955E-05 0.0817044 0.0554245 9.9955E-05 9.9955E-05 9.9955E-05 0.000424552 0.838369 9.9955E-05 0.023578
9.9937E-05 0.0816872 0.0272915 9.9937E-05 9.9937E-05 9.9937E-05 9.9937E-05 0.890322 9.9937E-05 9.9937E-05
0.060933 0.0381007 0.0325274 9.9973E-05 0.0443815 9.9973E-05 0.0429689 0.749598 9.9973E-05 0.0311909
0.0012123 0.0763711 0.147225 9.9982E-05 0.0418452 0.0079984 0.00766531 0.704583 9.9982E-05 0.0128995
0.0690632 9.9982E-05 0.0229248 0.0340179 0.0576554 0.0104027 9.9982E-05 0.740943 0.0201222 0.0446704
0.111424 0.0226638 0.0425075 0.0186077 0.0214201 9.9973E-05 9.9973E-05 0.738231 9.9973E-05 0.0448451
9.99201E-05 9.99201E-05 9.99201E-05 9.99201E-05 9.99201E-05 9.99201E-05 9.99201E-05 9.99201E-05 9.99201E-05 0.999101
0.1048 0.106526 0.0316612 0.0275205 0.042187 0.032243 9.9982E-05 0.563423 9.9982E-05 0.0914389
9.99201E-05 9.99201E-05 9.99201E-05 9.99201E-05 9.99201E-05 9.99201E-05 9.99201E-05 9.99201E-05 9.99201E-05 0.999101
9.99201E-05 9.99201E-05 9.99201E-05 9.99201E-05 9.99201E-05 9.99201E-05 9.99201E-05 9.99201E-05 9.99201E-05 0.999101
0.0017257 9.99461E-05 0.0847528 9.99461E-05 9.99461E-05 0.0135545 9.99461E-05 9.99461E-05 9.99461E-05 0.899367
0.0431801 0.0248017 0.0196686 0.0598612 0.0107023 0.0579795 0.0166039 0.00885999 9.9991E-05 0.758243
9.99201E-05 9.99201E-05 9.99201E-05 9.99201E-05 9.99201E-05 9.99201E-05 9.99201E-05 9.99201E-05 9.99201E-05 0.999101
9.9946E-05 9.9946E-05 0.0774223 9.9946E-05 9.9946E-05 0.0285163 9.9946E-05 0.0405386 9.9946E-05 0.852923
9.9955E-05 9.9955E-05 0.00786985 0.0132178 9.9955E-05 9.9955E-05 0.0242602 9.9955E-05 0.00504039 0.949112
0.0422128 9.99371E-05 9.99371E-05 9.99371E-05 9.99371E-05 0.0114019 9.99371E-05 9.99371E-05 9.99371E-05 0.945686
9.9946E-05 9.9946E-05 0.024354 9.9946E-05 0.00872857 0.0115854 9.9946E-05 9.9946E-05 9.9946E-05 0.954732
9.9955E-05 9.9955E-05 9.9955E-05 0.0061399 0.0226245 0.0107596 9.9955E-05 9.9955E-05 0.00197814 0.957998
9.99461E-05 0.0170491 9.99461E-05 9.99461E-05 9.99461E-05 0.00311228 9.99461E-05 9.99461E-05 0.0166299 0.962609
0.0554648 0.0401017 9.9964E-05 0.022195 0.0650658 0.0150488 9.9964E-05 9.9964E-05 9.9964E-05 0.801724
9.9955E-05 0.00205301 0.0315061 9.9955E-05 9.9955E-05 9.9955E-05 9.9955E-05 0.0057426 0.021906 0.938293
0.0221923 0.0357276 0.00848901 0.0716405 0.0101415 0.010458 0.0282672 9.9982E-05 9.9982E-05 0.812884
9.9955E-05 9.9955E-05 0.0317413 0.040437 0.0486826 9.9955E-05 9.9955E-05 9.9955E-05 0.0179446 0.860695
9.9955E-05 9.9955E-05 0.0383818 0.0653214 0.0234933 9.9955E-05 9.9955E-05 9.9955E-05 0.00519745 0.867106
0.0126987 9.9946E-05 0.0234045 9.9946E-05 9.9946E-05 9.9946E-05 9.9946E-05 0.0192739 9.9946E-05 0.944023
0.910772 9.99461E-05 0.0348597 9.99461E-05 0.0273453 9.99461E-05 0.0264232 9.99461E-05 9.99461E-05 9.99461E-05
0.862853 0.0213805 0.029363 9.9973E-05 0.0705534 0.0108389 0.00336255 9.9973E-05 0.00134862 9.9973E-05
0.999101 9.99201E-05 9.99201E-05 9.99201E-05 9.99201E-05 9.99201E-05 9.99201E-05 9.99201E-05 9.99201E-05 9.99201E-05
0.957114 9.9955E-05 9.9955E-05 9.9955E-05 0.00650455 0.0138502 0.0149811 0.00705058 9.9955E-05 9.9955E-05
0.997276 0.00192501 9.9928E-05 9.9928E-05 9.9928E-05 9.9928E-05 9.9928E-05 9.9928E-05 9.9928E-05 9.9928E-05
0.999101 9.99201E-05 9.99201E-05 9.99201E-05 9.99201E-05 9.99201E-05 9.99201E-05 9.99201E-05 9.99201E-05 9.99201E-05
0.998799 9.99281E-05 9.99281E-05 9.99281E-05 9.99281E-05 0.000401465 9.99281E-05 9.99281E-05 9.99281E-05 9.99281E-05
0.737377 0.0209591 0.1708 0.0333284 9.9955E-05 9.9955E-05 9.9955E-05 9.9955E-05 0.0370355 9.9955E-05
0.975412 9.9937E-05 9.9937E-05 9.9937E-05 0.0157932 9.9937E-05 9.9937E-05 9.9937E-05 9.9937E-05 0.00809488
0.999101 9.99201E-05 9.99201E-05 9.99201E-05 9.99201E-05 9.99201E-05 9.99201E-05 9.99201E-05 9.99201E-05 9.99201E-05
0.858384 0.0466746 0.0706445 9.99461E-05 9.99461E-05 9.99461E-05 9.99461E-05 9.99461E-05 0.0236974 9.99461E-05
0.937183 0.0050809 9.9946E-05 9.9946E-05 0.0397649 9.9946E-05 9.9946E-05 0.0173717 9.9946E-05 9.9946E-05
0.726778 0.0366263 0.0384141 0.131026 0.00802018 9.9973E-05 0.0290462 9.9973E-05 9.9973E-05 0.0297894
0.0284942 0.0507702 0.102276 0.265379 0.264586 9.9982E-05 9.9982E-05 0.198704 0.0309056 0.0586858
0.00633644 0.013935 0.114801 0.253869 0.304191 9.9982E-05 9.9982E-05 0.267579 0.0120245 0.0270633
9.9973E-05 0.0646554 0.147001 0.299978 0.280738 9.9973E-05 9.9973E-05 0.139009 0.0261804 0.0421387
9.9973E-05 0.0781477 0.154395 0.273234 0.266912 9.9973E-05 9.9973E-05 0.147745 0.0372425 0.0420237
0.0237464 0.0342359 0.869792 0.00947298 9.9973E-05 9.9973E-05 0.0018279 0.0564457 0.00417872 9.9973E-05
9.99201E-05 9.99201E-05 0.999101 9.99201E-05 9.99201E-05 9.99201E-05 9.99201E-05 9.99201E-05 9.99201E-05 9.99201E-05
9.9937E-05 0.00909842 0.986891 9.9937E-05 0.00331094 9.9937E-05 9.9937E-05 9.9937E-05 9.9937E-05 9.9937E-05
9.99201E-05 9.99201E-05 0.999101 9.99201E-05 9.99201E-05 9.99201E-05 9.99201E-05 9.99201E-05 9.99201E-05 9.99201E-05
9.9937E-05 0.000139949 0.981578 9.9937E-05 9.9937E-05 0.0175829 9.9937E-05 9.9937E-05 9.9937E-05 9.9937E-05
9.9964E-05 0.0105824 0.947538 9.9964E-05 0.0278668 9.9964E-05 0.000431496 0.0121537 0.00102735 9.9964E-05
0.000201824 0.00946646 0.940348 0.00997253 9.9964E-05 9.9964E-05 9.9964E-05 0.0366507 9.9964E-05 0.00296094
0.0472088 9.9973E-05 0.697288 9.9973E-05 0.037853 9.9973E-05 0.0904985 0.105665 0.00312937 0.0180567
9.9964E-05 9.9964E-05 0.82176 0.0476496 9.9964E-05 9.9964E-05 0.045433 0.0419685 0.0165887 0.0262003
0.0267246 9.9955E-05 0.0157664 0.00410808 0.927905 9.9955E-05 9.9955E-05 0.0249964 9.9955E-05 9.9955E-05
9.99201E-05 9.99201E-05 9.99201E-05 9.99201E-05 0.999101 9.99201E-05 9.99201E-05 9.99201E-05 9.99201E-05 9.99201E-05
9.99201E-05 9.99201E-05 9.99201E-05 9.99201E-05 0.999101 9.99201E-05 9.99201E-05 9.99201E-05 9.99201E-05 9.99201E-05
9.99201E-05 9.99201E-05 9.99201E-05 9.99201E-05 0.999101 9.99201E-05 9.99201E-05 9.99201E-05 9.99201E-05 9.99201E-05
9.99201E-05 9.99201E-05 9.99201E-05 9.99201E-05 0.999101 9.99201E-05 9.99201E-05 9.99201E-05 9.99201E-05 9.99201E-05
9.9955E-05 9.9955E-05 0.0391134 0.0220909 0.872924 9.9955E-05 9.9955E-05 0.06428 0.00109225 9.9955E-05
0.00020162 9.99371E-05 9.99371E-05 9.99371E-05 0.996008 9.99371E-05 9.99371E-05 0.00309082 9.99371E-05 9.99371E-05
9.99201E-05 9.99201E-05 9.99201E-05 9.99201E-05 0.999101 9.99201E-05 9.99201E-05 9.99201E-05 9.99201E-05 9.99201E-05
9.9937E-05 9.9937E-05 9.9937E-05 9.9937E-05 0.980822 0.0106096 9.9937E-05 9.9937E-05 9.9937E-05 0.00786923
9.9946E-05 9.9946E-05 9.9946E-05 9.9946E-05 0.948093 0.00633041 9.9946E-05 9.9946E-05 0.00787624 0.0371012
9.99201E-05 9.99201E-05 9.99201E-05 9.99201E-05 0.999101 9.99201E-05 9.99201E-05 9.99201E-05 9.99201E-05 9.99201E-05
9.9937E-05 9.9937E-05 0.00174971 0.0182265 0.979324 9.9937E-05 9.9937E-05 9.9937E-05 9.9937E-05 9.9937E-05
