9.99201E-05 9.99201E-05 9.99201E-05 0.999101 9.99201E-05 9.99201E-05 9.99201E-05 9.99201E-05 9.99201E-05 9.99201E-05
0.0600472 9.9964E-05 0.0352261 0.0766583 0.047874 9.9964E-05 9.9964E-05 0.0370444 0.74275 9.9964E-05
0.0901239 9.9955E-05 0.0456894 0.0791202 0.0471286 9.9955E-05 9.9955E-05 9.9955E-05 0.737438 9.9955E-05
9.99201E-05 9.99201E-05 9.99201E-05 9.99201E-05 9.99201E-05 9.99201E-05 9.99201E-05 9.99201E-05 0.999101 9.99201E-05
9.9955E-05 9.9955E-05 0.173498 9.9955E-05 9.9955E-05 0.0722049 0.0296986 0.0133534 0.710745 9.9955E-05
0.00232711 0.132518 0.176037 0.0668491 9.9973E-05 9.9973E-05 0.0195839 9.9973E-05 0.561759 0.0406252
9.9937E-05 9.9937E-05 0.301029 0.180326 9.9937E-05 9.9937E-05 9.9937E-05 9.9937E-05 0.517945 9.9937E-05
0.0619757 0.0709414 0.168433 0.189837 9.9982E-05 0.00436082 0.0231953 0.0197295 0.461327 9.9982E-05
0.0366567 0.0676488 0.319621 0.0980621 0.0101552 0.0449385 9.9973E-05 9.9973E-05 0.422618 9.9973E-05
9.99201E-05 9.99201E-05 9.99201E-05 0.999101 9.99201E-05 9.99201E-05 9.99201E-05 9.99201E-05 9.99201E-05 9.99201E-05
9.99201E-05 9.99201E-05 9.99201E-05 0.999101 9.99201E-05 9.99201E-05 9.99201E-05 9.99201E-05 9.99201E-05 9.99201E-05
9.99201E-05 9.99201E-05 9.99201E-05 0.999101 9.99201E-05 9.99201E-05 9.99201E-05 9.99201E-05 9.99201E-05 9.99201E-05
9.9937E-05 9.9937E-05 9.9937E-05 0.978654 0.0118547 9.9937E-05 9.9937E-05 0.00879208 9.9937E-05 9.9937E-05
9.9955E-05 0.00385811 0.0123131 0.930314 9.9955E-05 0.00116862 0.0518466 9.9955E-05 9.9955E-05 9.9955E-05
9.9946E-05 0.0151062 9.9946E-05 0.946944 0.00583511 9.9946E-05 9.9946E-05 9.9946E-05 0.0315146 9.9946E-05
0.0409882 0.181457 0.0458274 0.0510933 9.9973E-05 0.111865 9.9973E-05 0.01152 0.55695 9.9973E-05
0.119778 0.141703 0.135453 0.183593 0.0223583 0.0262556 0.074235 0.0116605 0.284863 9.9991E-05
9.99201E-05 9.99201E-05 9.99201E-05 9.99201E-05 9.99201E-05 9.99201E-05 9.99201E-05 9.99201E-05 0.999101 9.99201E-05
9.9955E-05 9.9955E-05 0.933208 9.9955E-05 0.0060233 0.0124303 0.0101996 9.9955E-05 0.0376393 9.9955E-05
0.00491322 9.9955E-05 0.917682 9.9955E-05 9.9955E-05 9.9955E-05 0.0406219 0.0292382 9.9955E-05 0.00704516
9.9955E-05 9.9955E-05 0.76196 0.0411084 9.9955E-05 0.0353268 9.9955E-05 9.9955E-05 0.124036 0.0370684
0.0639252 0.0581835 0.766088 9.9973E-05 0.00293363 9.9973E-05 0.0631476 0.0144024 0.0310195 9.9973E-05
0.050056 9.9955E-05 0.83606 9.9955E-05 9.9955E-05 0.029693 0.053052 9.9955E-05 0.0306387 9.9955E-05
0.00284146 9.9955E-05 0.951421 0.0123639 9.9955E-05 9.9955E-05 0.0127835 0.0200899 9.9955E-05 9.9955E-05
9.99371E-05 0.0104625 0.98044 0.00839811 9.99371E-05 9.99371E-05 9.99371E-05 9.99371E-05 9.99371E-05 9.99371E-05
9.9973E-05 0.124125 0.687968 0.000123168 9.9973E-05 0.028369 0.00279333 0.0670984 9.9973E-05 0.0892238
0.0740509 0.00515526 0.827115 9.9946E-05 9.9946E-05 0.0930789 9.9946E-05 9.9946E-05 9.9946E-05 9.9946E-05
0.0250638 0.0174549 0.899029 9.99461E-05 9.99461E-05 9.99461E-05 9.99461E-05 9.99461E-05 0.0578526 9.99461E-05
0.0424 9.9964E-05 0.740507 0.0592772 9.9964E-05 0.0269941 9.9964E-05 0.0456602 9.9964E-05 0.0847618
9.9946E-05 9.9946E-05 0.830851 0.0551006 9.9946E-05 9.9946E-05 9.9946E-05 9.9946E-05 0.10108 0.0123682
9.99281E-05 9.99281E-05 0.97459 0.0246108 9.99281E-05 9.99281E-05 9.99281E-05 9.99281E-05 9.99281E-05 9.99281E-05
0.0221858 9.9964E-05 0.860556 9.9964E-05 0.0157169 0.0587103 9.9964E-05 0.0401424 9.9964E-05 0.00228857
0.0269624 0.00959536 0.811765 9.9982E-05 0.0202935 0.0091413 0.0222116 0.00296436 9.9982E-05 0.0968662
0.0429978 0.00447839 0.696689 0.0441586 0.00682022 0.0160431 9.9991E-05 0.0796973 0.0165131 0.0925022
0.0464169 9.9973E-05 0.737744 0.00095036 9.9973E-05 0.0414319 0.114621 0.0203962 0.0381404 9.9973E-05
9.9955E-05 9.9955E-05 0.814587 0.0367222 9.9955E-05 0.00102502 9.9955E-05 9.9955E-05 0.11231 0.0348554
9.9946E-05 0.302287 0.527898 9.9946E-05 9.9946E-05 9.9946E-05 0.00116832 9.9946E-05 9.9946E-05 0.168046
0.0380244 0.0261875 0.557795 9.9973E-05 9.9973E-05 0.0653332 0.0376116 9.9973E-05 0.0158535 0.258894
0.0342766 0.0137589 0.581111 0.00722983 0.0362746 0.0467781 9.9982E-05 9.9982E-05 0.0426884 0.237683
9.9964E-05 0.0266121 0.636105 9.9964E-05 9.9964E-05 0.0339898 0.0172242 0.00951026 9.9964E-05 0.276159
0.0253344 0.600597 9.9964E-05 9.9964E-05 0.0472961 9.9964E-05 9.9964E-05 0.12553 0.172499 0.0283438
0.0682147 0.663188 9.9964E-05 9.9964E-05 0.0192848 0.0406807 9.9964E-05 0.0655831 0.142649 9.9964E-05
0.0730102 0.557726 0.015833 9.9973E-05 0.0327148 9.9973E-05 0.00421972 0.104585 0.211611 9.9973E-05
9.9964E-05 0.678167 9.9964E-05 9.9964E-05 0.00229161 0.0346645 9.9964E-05 0.0798851 0.177293 0.0272992
0.0507933 0.516979 0.195445 9.9973E-05 9.9973E-05 0.0394383 9.9973E-05 0.0406351 0.0179568 0.138453
9.99201E-05 0.999101 9.99201E-05 9.99201E-05 9.99201E-05 9.99201E-05 9.99201E-05 9.99201E-05 9.99201E-05 9.99201E-05
9.99201E-05 0.999101 9.99201E-05 9.99201E-05 9.99201E-05 9.99201E-05 9.99201E-05 9.99201E-05 9.99201E-05 9.99201E-05
0.0339365 0.412416 0.387934 9.9982E-05 9.9982E-05 0.0464334 0.0284146 0.0679264 0.0152616 0.0074774
0.00948077 0.599651 0.0506401 0.0615658 9.9991E-05 0.0512527 0.00124222 0.0600996 0.0987027 0.0672653
0.0599866 0.368739 0.278613 0.0508932 0.0197383 0.00689986 0.00526833 0.0710163 0.138745 9.9991E-05
0.0426711 0.478044 0.198742 0.0455455 9.9973E-05 0.0378372 9.9973E-05 9.9973E-05 0.0117773 0.185083
0.0390938 0.640989 0.197993 0.00494318 9.9991E-05 0.0149476 0.033902 0.0238624 0.00484171 0.0393271
9.9937E-05 0.96387 9.9937E-05 0.000844018 9.9937E-05 0.0345866 9.9937E-05 9.9937E-05 9.9937E-05 9.9937E-05
9.9973E-05 0.329487 0.257221 0.0335234 9.9973E-05 0.0312173 0.0718111 0.0314672 9.9973E-05 0.244973
0.00834228 0.34937 0.216505 0.0613588 9.9982E-05 0.0204056 0.0598926 0.0158496 9.9982E-05 0.268076
0.0574025 0.605466 0.0277231 9.9973E-05 0.0384566 9.9973E-05 9.9973E-05 0.0954146 0.111327 0.0639109
0.0559051 0.379337 0.137359 0.0870824 9.9982E-05 0.043959 9.9982E-05 0.00505019 0.0528083 0.2383
9.998E-05 0.526335 0.173407 9.998E-05 0.0106335 0.0963691 0.0138887 0.0101192 0.0696775 0.099371
0.00382186 0.995379 9.9928E-05 9.9928E-05 9.9928E-05 9.9928E-05 9.9928E-05 9.9928E-05 9.9928E-05 9.9928E-05
0.0176342 0.464696 0.20842 0.0532637 0.0257035 0.0894256 9.9982E-05 9.9982E-05 0.0287857 0.111871
9.9964E-05 0.618584 0.204433 0.00112129 9.9964E-05 0.0571424 0.0252062 0.0931137 9.9964E-05 9.9964E-05
9.9982E-05 0.591059 0.0829133 0.027544 0.00454729 0.0212091 9.9982E-05 0.101665 0.0635564 0.107306
0.0551125 0.562572 0.111861 0.0115405 0.062603 0.0309596 0.0348216 0.00981715 9.9991E-05 0.120613
0.0303381 0.786439 9.9955E-05 9.9955E-05 0.0190714 9.9955E-05 0.099342 0.0643096 9.9955E-05 9.9955E-05
9.9973E-05 0.603972 0.150879 0.00884609 9.9973E-05 0.0365681 9.9973E-05 0.0637202 0.0355925 0.100122
0.0176945 0.854835 9.9964E-05 9.9964E-05 0.0170882 0.00555408 0.099286 0.00514246 9.9964E-05 9.9964E-05
9.9937E-05 0.674054 9.9937E-05 9.9937E-05 0.0083311 9.9937E-05 9.9937E-05 9.9937E-05 9.9937E-05 0.316916
0.0524984 0.75735 9.9964E-05 0.0193268 0.0260572 9.9964E-05 0.113781 0.030587 9.9964E-05 9.9964E-05
0.0162912 0.467364 0.153222 9.9973E-05 9.9973E-05 0.0457579 9.9973E-05 0.0157499 0.154532 0.146784
0.0217121 0.867377 9.9955E-05 9.9955E-05 0.011828 9.9955E-05 0.0835818 0.015001 9.9955E-05 9.9955E-05
0.0501549 0.681427 0.0318891 0.0261591 0.0610641 9.9982E-05 9.9982E-05 0.0380888 0.0533365 0.0576803
0.0738416 0.608563 0.0416723 9.9982E-05 0.0112419 0.037742 0.00917815 0.011557 9.9982E-05 0.206004
9.9973E-05 0.789034 0.0484394 0.0803361 0.00282098 0.0538531 0.00468554 9.9973E-05 9.9973E-05 0.020531
9.995E-05 0.83781 0.0299567 0.0376072 9.995E-05 0.0389608 9.995E-05 9.995E-05 9.995E-05 0.0551656
0.0223091 0.574715 0.00945372 0.0490717 9.9973E-05 9.9973E-05 0.000485531 0.0797393 9.9973E-05 0.263925
9.996E-05 0.743448 0.0302376 0.0042474 9.996E-05 0.0752127 0.00585187 9.996E-05 9.996E-05 0.140603
0.0255353 0.801256 9.9964E-05 9.9964E-05 0.0235574 0.00682061 0.0258514 9.9964E-05 9.9964E-05 0.116579
9.9964E-05 0.522492 9.9964E-05 9.9964E-05 0.0945746 9.9964E-05 0.201225 0.0424946 0.048554 0.0902601
0.0193559 9.9964E-05 9.9964E-05 9.9964E-05 9.9964E-05 0.0256821 0.0194872 0.00374297 0.0322599 0.899072
0.0111283 0.0715653 9.9955E-05 9.9955E-05 0.0135271 0.000376219 9.9955E-05 9.9955E-05 9.9955E-05 0.902903
0.00465137 0.0556264 9.9955E-05 0.0315139 9.9955E-05 9.9955E-05 9.9955E-05 0.000545188 9.9955E-05 0.907163
9.99281E-05 0.0559932 9.99281E-05 9.99281E-05 9.99281E-05 9.99281E-05 9.99281E-05 9.99281E-05 9.99281E-05 0.943207
0.0401385 0.0956607 9.9937E-05 9.9937E-05 9.9937E-05 9.9937E-05 9.9937E-05 9.9937E-05 9.9937E-05 0.863501
9.998E-05 0.190669 0.136525 0.00149576 0.106859 0.058875 9.998E-05 0.02569 0.0387805 0.440906
0.00158559 0.220582 0.00133702 0.0162563 0.126067 0.0294821 0.0157207 0.108067 0.0681981 0.412705
0.0853666 0.15249 0.00611369 0.0119756 0.0902918 0.029153 9.9991E-05 0.0256197 0.124725 0.474165
0.0760415 0.1664 0.0487288 0.0303003 0.0115034 0.0323375 9.9991E-05 0.0757959 0.120856 0.437937
9.998E-05 0.223803 0.0801312 0.0189048 0.0910148 0.0253971 9.998E-05 0.0850205 0.0262493 0.449279
0.0635164 0.147338 9.998E-05 9.998E-05 0.101163 0.0636006 0.0751541 0.0606854 0.124783 0.363559
0.0846843 0.216326 0.0744322 0.0235777 0.0670014 0.109198 9.9982E-05 0.135815 9.9982E-05 0.288766
0.028701 0.349937 9.9982E-05 0.0271541 0.0755542 9.9982E-05 0.205406 0.0560893 0.101803 0.155156
0.0372313 0.322347 9.9973E-05 9.9973E-05 0.0632633 9.9973E-05 0.149503 0.0789824 0.115271 0.233102
0.085028 0.182297 0.0458164 0.04091 0.138906 0.175442 9.9982E-05 0.0091736 9.9982E-05 0.322227
0.00390992 9.99281E-05 9.99281E-05 9.99281E-05 0.995291 9.99281E-05 9.99281E-05 9.99281E-05 9.99281E-05 9.99281E-05
9.99461E-05 9.99461E-05 9.99461E-05 9.99461E-05 0.913923 9.99461E-05 0.02638 9.99461E-05 0.0221516 0.0369458
9.9955E-05 9.9955E-05 0.0542082 0.00130923 0.845112 9.9955E-05 0.0721102 9.9955E-05 9.9955E-05 0.0267607
0.00560244 9.99371E-05 9.99371E-05 9.99371E-05 0.962173 9.99371E-05 9.99371E-05 9.99371E-05 9.99371E-05 0.0315251
9.99201E-05 9.99201E-05 9.99201E-05 9.99201E-05 0.999101 9.99201E-05 9.99201E-05 9.99201E-05 9.99201E-05 9.99201E-05
9.99201E-05 9.99201E-05 9.99201E-05 9.99201E-05 0.999101 9.99201E-05 9.99201E-05 9.99201E-05 9.99201E-05 9.99201E-05
9.9937E-05 9.9937E-05 0.0179525 9.9937E-05 0.980212 9.9937E-05 9.9937E-05 0.00113616 9.9937E-05 9.9937E-05
0.0229859 0.00559479 9.9964E-05 9.9964E-05 0.878847 0.0347638 0.00610513 9.9964E-05 0.051303 9.9964E-05
0.00257079 0.0411646 9.9946E-05 9.9946E-05 0.95023 0.00543481 9.9946E-05 9.9946E-05 9.9946E-05 9.9946E-05
9.99201E-05 9.99201E-05 9.99201E-05 9.99201E-05 0.999101 9.99201E-05 9.99201E-05 9.99201E-05 9.99201E-05 9.99201E-05
0.0552635 0.00593657 0.0845376 9.9982E-05 0.0641385 0.104892 0.0420524 0.224963 9.9982E-05 0.418017
0.0186069 0.0284546 9.997E-05 0.00186481 0.844939 0.0218671 9.997E-05 0.0272427 9.997E-05 0.0567247
9.99281E-05 9.99281E-05 9.99281E-05 9.99281E-05 0.991355 0.00784563 9.99281E-05 9.99281E-05 9.99281E-05 9.99281E-05
9.9946E-05 9.9946E-05 9.9946E-05 0.00872537 0.966306 0.0123048 9.9946E-05 9.9946E-05 9.9946E-05 0.0120637
9.99201E-05 9.99201E-05 9.99201E-05 9.99201E-05 9.99201E-05 9.99201E-05 9.99201E-05 9.99201E-05 9.99201E-05 0.999101
9.99201E-05 9.99201E-05 9.99201E-05 9.99201E-05 9.99201E-05 9.99201E-05 9.99201E-05 9.99201E-05 9.99201E-05 0.999101
9.99201E-05 9.99201E-05 9.99201E-05 9.99201E-05 9.99201E-05 9.99201E-05 9.99201E-05 9.99201E-05 9.99201E-05 0.999101
9.99201E-05 9.99201E-05 9.99201E-05 9.99201E-05 9.99201E-05 9.99201E-05 9.99201E-05 9.99201E-05 9.99201E-05 0.999101
0.00543404 9.995E-05 9.995E-05 9.995E-05 9.995E-05 0.0289563 0.00731174 0.0793595 9.995E-05 0.878439
9.9955E-05 9.9955E-05 0.134288 9.9955E-05 9.9955E-05 0.0161906 0.0972573 0.0473385 9.9955E-05 0.704425
9.9964E-05 0.0777135 0.082297 9.9964E-05 0.0824043 9.9964E-05 0.0504775 0.0238252 9.9964E-05 0.682883
9.9964E-05 0.0236023 0.00614334 9.9964E-05 0.000868074 9.9964E-05 0.0530091 0.0501095 9.9964E-05 0.865868
0.00975107 9.9946E-05 9.9946E-05 9.9946E-05 0.069094 9.9946E-05 0.0365407 9.9946E-05 9.9946E-05 0.884015
9.9946E-05 9.9946E-05 9.9946E-05 9.9946E-05 0.0779801 9.9946E-05 0.0242844 0.00342598 9.9946E-05 0.89371
0.00615155 0.0119625 0.0778708 9.9982E-05 0.0135443 0.0656769 0.0336288 0.0220639 9.9982E-05 0.768901
9.9955E-05 9.9955E-05 0.0182106 9.9955E-05 0.0461489 0.0173785 0.0420531 9.9955E-05 9.9955E-05 0.875709
0.0344365 0.0483526 9.997E-05 0.0294456 9.997E-05 0.0317692 0.0740734 0.0712528 9.997E-05 0.71037
9.9973E-05 0.0533489 9.9973E-05 9.9973E-05 0.0222521 0.0173746 0.0251796 0.138193 0.0510574 0.692295
0.012687 9.9964E-05 9.9964E-05 9.9964E-05 0.0146636 0.0145005 0.0333477 0.899329 9.9964E-05 0.025072
9.9964E-05 9.9964E-05 0.00931241 0.0256978 0.0292343 0.0641858 0.0106087 0.860561 9.9964E-05 9.9964E-05
9.99201E-05 9.99201E-05 9.99201E-05 9.99201E-05 9.99201E-05 9.99201E-05 9.99201E-05 0.999101 9.99201E-05 9.99201E-05
9.9937E-05 9.9937E-05 9.9937E-05 9.9937E-05 9.9937E-05 0.00941489 9.9937E-05 0.95804 9.9937E-05 0.0318452
9.99201E-05 9.99201E-05 9.99201E-05 9.99201E-05 9.99201E-05 9.99201E-05 9.99201E-05 0.999101 9.99201E-05 9.99201E-05
9.9937E-05 9.9937E-05 9.9937E-05 0.00210755 0.00290931 9.9937E-05 9.9937E-05 0.994284 9.9937E-05 9.9937E-05
9.99461E-05 9.99461E-05 0.0182496 9.99461E-05 0.00283612 9.99461E-05 0.0017263 0.976588 9.99461E-05 9.99461E-05
9.996E-05 0.0638287 9.996E-05 0.0287258 9.996E-05 0.021041 0.149349 0.713028 0.0236275 9.996E-05
9.99201E-05 9.99201E-05 9.99201E-05 9.99201E-05 9.99201E-05 9.99201E-05 9.99201E-05 0.999101 9.99201E-05 9.99201E-05
9.99201E-05 9.99201E-05 9.99201E-05 9.99201E-05 9.99201E-05 9.99201E-05 9.99201E-05 0.999101 9.99201E-05 9.99201E-05
9.99371E-05 9.99371E-05 9.99371E-05 9.99371E-05 9.99371E-05 9.99371E-05 0.105256 0.860966 0.0330781 9.99371E-05
9.99371E-05 9.99371E-05 9.99371E-05 9.99371E-05 0.0108191 9.99371E-05 9.99371E-05 0.977745 9.99371E-05 0.0107364
0.0401829 0.0817974 9.998E-05 0.0247707 0.0349128 9.998E-05 0.0549202 0.703147 0.0219279 0.0381411
0.999101 9.99201E-05 9.99201E-05 9.99201E-05 9.99201E-05 9.99201E-05 9.99201E-05 9.99201E-05 9.99201E-05 9.99201E-05
0.0716679 9.9973E-05 9.9973E-05 9.9973E-05 0.0895691 0.0490268 0.0454053 0.126232 0.0656816 0.552117
0.999101 9.99201E-05 9.99201E-05 9.99201E-05 9.99201E-05 9.99201E-05 9.99201E-05 9.99201E-05 9.99201E-05 9.99201E-05
0.999101 9.99201E-05 9.99201E-05 9.99201E-05 9.99201E-05 9.99201E-05 9.99201E-05 9.99201E-05 9.99201E-05 9.99201E-05
0.940803 9.99371E-05 9.99371E-05 9.99371E-05 0.011667 9.99371E-05 0.046831 9.99371E-05 9.99371E-05 9.99371E-05
0.796056 0.063138 0.072461 0.00438486 0.0351516 0.000402149 0.00219276 0.0260133 9.9982E-05 9.9982E-05
0.999101 9.99201E-05 9.99201E-05 9.99201E-05 9.99201E-05 9.99201E-05 9.99201E-05 9.99201E-05 9.99201E-05 9.99201E-05
0.917461 9.99461E-05 9.99461E-05 9.99461E-05 9.99461E-05 0.00322091 0.026934 9.99461E-05 9.99461E-05 0.0517843
0.985676 9.99371E-05 9.99371E-05 9.99371E-05 9.99371E-05 9.99371E-05 0.0065 9.99371E-05 0.0071244 9.99371E-05
0.949632 0.0289112 9.99371E-05 9.99371E-05 9.99371E-05 9.99371E-05 9.99371E-05 0.0207574 9.99371E-05 9.99371E-05
0.94385 9.9937E-05 0.0390683 9.9937E-05 9.9937E-05 9.9937E-05 9.9937E-05 9.9937E-05 0.0163818 9.9937E-05
0.992812 9.99281E-05 9.99281E-05 9.99281E-05 9.99281E-05 9.99281E-05 9.99281E-05 0.0063887 9.99281E-05 9.99281E-05
0.970663 9.99371E-05 9.99371E-05 9.99371E-05 0.017306 9.99371E-05 9.99371E-05 0.0113319 9.99371E-05 9.99371E-05
0.795915 0.0253878 9.997E-05 9.997E-05 0.00345306 0.0372727 0.0127922 0.080907 0.0439721 9.997E-05
0.922827 0.0101327 0.0182385 0.0151249 9.9955E-05 9.9955E-05 0.0331766 9.9955E-05 9.9955E-05 9.9955E-05
0.889586 0.0402991 9.996E-05 0.00729789 0.0330916 9.996E-05 0.02613 0.00319605 9.996E-05 9.996E-05
0.908651 9.9973E-05 9.9973E-05 0.00120648 9.9973E-05 0.0134243 0.0494248 0.011205 0.00568999 0.0100987
0.843772 0.0568381 0.0123854 0.010466 9.998E-05 0.034873 0.0122361 9.998E-05 0.0148221 0.0144069
0.96356 9.9946E-05 9.9946E-05 9.9946E-05 0.00239935 0.00905905 9.9946E-05 9.9946E-05 9.9946E-05 0.0243816
0.0316482 0.1727 0.0179738 0.0392754 0.054926 0.270514 0.112391 0.0291791 9.999E-05 0.271293
0.0850933 0.242226 0.0597063 0.00993754 0.047725 0.190888 0.0731043 0.0142281 9.9991E-05 0.276992
0.0716949 0.202879 0.0172568 0.0256009 0.0400689 0.237175 0.184526 0.00976685 9.999E-05 0.210931
0.0639793 0.221141 0.0673241 0.040355 0.0197694 0.191321 0.14956 0.0203212 9.999E-05 0.226129
0.00892632 0.000877282 0.012806 9.9973E-05 9.9973E-05 9.9973E-05 0.921929 0.0309765 0.0129291 0.0112562
9.99201E-05 9.99201E-05 9.99201E-05 9.99201E-05 9.99201E-05 9.99201E-05 0.999101 9.99201E-05 9.99201E-05 9.99201E-05
9.9937E-05 9.9937E-05 9.9937E-05 9.9937E-05 0.0177303 9.9937E-05 0.95628 9.9937E-05 9.9937E-05 0.0252897
9.99201E-05 9.99201E-05 9.99201E-05 9.99201E-05 9.99201E-05 9.99201E-05 0.999101 9.99201E-05 9.99201E-05 9.99201E-05
0.00994326 9.9946E-05 9.9946E-05 9.9946E-05 9.9946E-05 0.0250482 0.943359 0.0210494 9.9946E-05 9.9946E-05
9.9937E-05 9.9937E-05 9.9937E-05 9.9937E-05 9.9937E-05 0.00515462 0.953854 9.9937E-05 9.9937E-05 0.0402916
9.995E-05 9.995E-05 9.995E-05 9.995E-05 0.022137 0.00586874 0.908936 0.00430657 9.995E-05 0.0582514
0.0249653 0.00208324 0.0661726 0.0443176 0.00599858 0.0265626 0.701308 0.0262042 0.0486189 0.0537688
0.0198539 0.0246607 0.0712195 0.0168429 9.9964E-05 9.9964E-05 0.865158 9.9964E-05 9.9964E-05 0.00186462
9.9928E-05 9.9928E-05 9.9928E-05 9.9928E-05 9.9928E-05 0.953418 9.9928E-05 9.9928E-05 9.9928E-05 0.0457829
9.9955E-05 9.9955E-05 9.9955E-05 9.9955E-05 9.9955E-05 0.9717 0.0138222 0.00658047 0.00108404 0.00631351
9.99201E-05 9.99201E-05 9.99201E-05 9.99201E-05 9.99201E-05 0.999101 9.99201E-05 9.99201E-05 9.99201E-05 9.99201E-05
9.99281E-05 9.99281E-05 9.99281E-05 9.99281E-05 9.99281E-05 0.994533 9.99281E-05 0.00466764 9.99281E-05 9.99281E-05
9.99201E-05 9.99201E-05 9.99201E-05 9.99201E-05 9.99201E-05 0.999101 9.99201E-05 9.99201E-05 9.99201E-05 9.99201E-05
9.9955E-05 0.078012 0.0507474 9.9955E-05 9.9955E-05 0.852508 0.0116376 9.9955E-05 9.9955E-05 0.00659518
9.99201E-05 9.99201E-05 9.99201E-05 9.99201E-05 9.99201E-05 0.999101 9.99201E-05 9.99201E-05 9.99201E-05 9.99201E-05
9.99201E-05 9.99201E-05 9.99201E-05 9.99201E-05 9.99201E-05 0.999101 9.99201E-05 9.99201E-05 9.99201E-05 9.99201E-05
9.99201E-05 9.99201E-05 9.99201E-05 9.99201E-05 9.99201E-05 0.999101 9.99201E-05 9.99201E-05 9.99201E-05 9.99201E-05
0.00809089 9.9946E-05 9.9946E-05 9.9946E-05 0.00820853 0.957604 9.9946E-05 0.0254966 9.9946E-05 9.9946E-05
9.99281E-05 9.99281E-05 9.99281E-05 9.99281E-05 9.99281E-05 0.991241 9.99281E-05 0.00796 9.99281E-05 9.99281E-05
9.9955E-05 9.9955E-05 9.9955E-05 0.00540407 0.000567675 0.976013 9.9955E-05 0.00353146 0.013984 9.9955E-05
