9.99011E-05 9.99011E-05 9.99011E-05 9.99011E-05 9.99011E-05 9.99011E-05 9.99011E-05 9.99011E-05 9.99011E-05 9.99011E-05 9.99011E-05 0.998901
9.9928E-05 9.9928E-05 9.9928E-05 0.461204 0.0842029 0.0538829 9.9928E-05 9.9928E-05 9.9928E-05 9.9928E-05 9.9928E-05 0.39991
9.9901E-05 9.9901E-05 0.998901 9.9901E-05 9.9901E-05 9.9901E-05 9.9901E-05 9.9901E-05 9.9901E-05 9.9901E-05 9.9901E-05 9.9901E-05
9.9928E-05 0.0187071 0.155143 9.9928E-05 9.9928E-05 0.815829 9.9928E-05 9.9928E-05 0.00952229 9.9928E-05 9.9928E-05 9.9928E-05
9.9919E-05 0.000161289 9.9919E-05 9.9919E-05 0.864312 0.134627 9.9919E-05 9.9919E-05 9.9919E-05 9.9919E-05 9.9919E-05 9.9919E-05
9.9928E-05 9.9928E-05 9.9928E-05 9.9928E-05 0.0426107 0.103723 9.9928E-05 9.9928E-05 0.0282039 9.9928E-05 9.9928E-05 0.824663
9.9928E-05 9.9928E-05 9.9928E-05 9.9928E-05 0.065292 9.9928E-05 0.0911022 9.9928E-05 9.9928E-05 9.9928E-05 0.0352877 0.807519
9.9901E-05 9.9901E-05 9.9901E-05 9.9901E-05 0.998901 9.9901E-05 9.9901E-05 9.9901E-05 9.9901E-05 9.9901E-05 9.9901E-05 9.9901E-05
9.99011E-05 9.99011E-05 9.99011E-05 9.99011E-05 9.99011E-05 0.998901 9.99011E-05 9.99011E-05 9.99011E-05 9.99011E-05 9.99011E-05 9.99011E-05
9.9901E-05 9.9901E-05 9.9901E-05 0.998901 9.9901E-05 9.9901E-05 9.9901E-05 9.9901E-05 9.9901E-05 9.9901E-05 9.9901E-05 9.9901E-05
9.9928E-05 0.0636683 9.9928E-05 9.9928E-05 0.0967122 9.9928E-05 9.9928E-05 0.354087 0.484733 9.9928E-05 9.9928E-05 9.9928E-05
9.99011E-05 9.99011E-05 9.99011E-05 9.99011E-05 9.99011E-05 9.99011E-05 9.99011E-05 0.998901 9.99011E-05 9.99011E-05 9.99011E-05 9.99011E-05
9.9946E-05 9.9946E-05 0.0875706 0.00818131 0.0299958 9.9946E-05 9.9946E-05 0.581464 0.157383 9.9946E-05 9.9946E-05 0.134805
0.00530954 0.0054457 9.9946E-05 0.158116 0.00623457 9.9946E-05 9.9946E-05 0.806029 0.0182657 9.9946E-05 9.9946E-05 9.9946E-05
9.9946E-05 0.0332529 0.0363535 0.0568603 9.9946E-05 9.9946E-05 9.9946E-05 0.842724 0.0242065 9.9946E-05 9.9946E-05 0.00600318
9.9928E-05 9.9928E-05 9.9928E-05 9.9928E-05 9.9928E-05 0.0269652 9.9928E-05 0.377446 0.577814 9.9928E-05 9.9928E-05 0.0169749
9.99011E-05 9.99011E-05 9.99011E-05 9.99011E-05 9.99011E-05 9.99011E-05 9.99011E-05 9.99011E-05 0.998901 9.99011E-05 9.99011E-05 9.99011E-05
9.9937E-05 9.9937E-05 9.9937E-05 9.9937E-05 9.9937E-05 0.076645 0.10967 9.9937E-05 0.591606 0.0177606 0.203619 9.9937E-05
0.120536 0.0120272 9.9919E-05 9.9919E-05 9.9919E-05 9.9919E-05 9.9919E-05 0.866537 9.9919E-05 9.9919E-05 9.9919E-05 9.9919E-05
0.00349491 9.9955E-05 0.0469959 0.0105433 9.9955E-05 0.0869402 0.00333063 9.9955E-05 0.806854 0.0413411 9.9955E-05 9.9955E-05
9.9937E-05 9.9937E-05 9.9937E-05 0.406898 9.9937E-05 0.00399118 9.9937E-05 0.0947196 0.42623 9.9937E-05 0.0674618 9.9937E-05
9.9937E-05 9.9937E-05 0.0557886 9.9937E-05 0.275246 9.9937E-05 9.9937E-05 9.9937E-05 0.5282 0.0785816 0.0614848 9.9937E-05
9.9928E-05 0.0205821 9.9928E-05 9.9928E-05 9.9928E-05 9.9928E-05 9.9928E-05 0.0183797 0.854658 9.9928E-05 9.9928E-05 0.10558
9.99101E-05 9.99101E-05 9.99101E-05 9.99101E-05 9.99101E-05 9.99101E-05 9.99101E-05 9.99101E-05 0.924383 9.99101E-05 0.0746175 9.99101E-05
9.99281E-05 9.99281E-05 9.99281E-05 9.99281E-05 0.00714509 9.99281E-05 9.99281E-05 0.897494 9.99281E-05 0.0377712 0.0567906 9.99281E-05
9.9946E-05 9.9946E-05 9.9946E-05 0.00416273 9.9946E-05 9.9946E-05 0.0906318 0.726758 0.00354015 9.9946E-05 0.0714624 0.102845
0.0922861 9.995E-05 9.995E-05 9.995E-05 9.995E-05 0.167324 0.105029 0.451261 0.0718163 0.0391128 0.0726703 9.995E-05
0.0145453 0.00442205 9.9946E-05 9.9946E-05 9.9946E-05 0.0956926 9.9946E-05 0.513954 9.9946E-05 0.0196582 0.351129 9.9946E-05
9.99437E-05 9.99437E-05 0.00738615 9.99437E-05 9.99437E-05 9.99437E-05 0.135816 0.655894 9.99437E-05 9.99437E-05 0.196622 0.00358274
9.99191E-05 9.99191E-05 9.99191E-05 9.99191E-05 9.99191E-05 9.99191E-05 0.159904 0.663197 9.99191E-05 9.99191E-05 0.175999 9.99191E-05
9.9919E-05 9.9919E-05 0.0169258 9.9919E-05 9.9919E-05 9.9919E-05 0.980232 9.9919E-05 9.9919E-05 9.9919E-05 0.00194325 9.9919E-05
9.9919E-05 9.9919E-05 9.9919E-05 9.9919E-05 0.0385885 9.9919E-05 0.936458 9.9919E-05 9.9919E-05 9.9919E-05 9.9919E-05 0.0240546
0.0295898 9.9937E-05 0.0150641 9.9937E-05 9.9937E-05 9.9937E-05 9.9937E-05 0.0697328 9.9937E-05 0.738226 0.146687 9.9937E-05
0.149836 9.9955E-05 9.9955E-05 0.0534242 0.00595617 9.9955E-05 0.0229493 0.058324 0.0171512 0.69186 9.9955E-05 9.9955E-05
9.9928E-05 9.9928E-05 9.9928E-05 9.9928E-05 9.9928E-05 0.00236794 0.180318 0.220904 9.9928E-05 0.595611 9.9928E-05 9.9928E-05
9.99101E-05 9.99101E-05 9.99101E-05 9.99101E-05 9.99101E-05 0.00706219 9.99101E-05 9.99101E-05 9.99101E-05 0.991939 9.99101E-05 9.99101E-05
9.9928E-05 9.9928E-05 9.9928E-05 9.9928E-05 0.18575 9.9928E-05 9.9928E-05 9.9928E-05 0.0148285 0.754216 9.9928E-05 0.0444062
9.99191E-05 9.99191E-05 9.99191E-05 9.99191E-05 9.99191E-05 9.99191E-05 9.99191E-05 9.99191E-05 0.057639 0.836581 0.104881 9.99191E-05
0.00887744 0.0252369 9.9928E-05 9.9928E-05 9.9928E-05 0.0208431 9.9928E-05 9.9928E-05 9.9928E-05 0.944243 9.9928E-05 9.9928E-05
0.0142917 0.0442407 0.014786 9.9964E-05 9.9964E-05 9.9964E-05 9.9964E-05 0.00283178 0.0316759 0.580685 0.270527 0.0405618
9.9937E-05 0.000471579 9.9937E-05 0.0663797 9.9937E-05 0.0090078 0.251835 9.9937E-05 9.9937E-05 0.671607 9.9937E-05 9.9937E-05
0.141235 9.9955E-05 0.00150001 0.14076 9.9955E-05 0.0270518 9.9955E-05 0.109737 9.9955E-05 0.280966 0.29825 9.9955E-05
9.9955E-05 0.00297361 0.00747395 9.9955E-05 0.012147 9.9955E-05 0.29775 0.0426645 9.9955E-05 0.532904 0.103587 9.9955E-05
0.200996 0.0296504 9.9955E-05 0.0333462 0.00377242 9.9955E-05 9.9955E-05 0.16028 9.9955E-05 0.508345 0.0631105 9.9955E-05
0.0539915 0.0017516 9.99191E-05 9.99191E-05 9.99191E-05 9.99191E-05 0.943358 9.99191E-05 9.99191E-05 9.99191E-05 9.99191E-05 9.99191E-05
0.620708 0.00335126 9.9955E-05 0.127147 9.9955E-05 9.9955E-05 0.15443 0.0538182 9.9955E-05 9.9955E-05 0.017842 0.0222039
0.752945 0.0337908 9.9955E-05 0.0330626 9.9955E-05 9.9955E-05 0.0458623 9.9955E-05 0.0305116 0.0416381 0.0616898 9.9955E-05
0.795539 9.9919E-05 9.9919E-05 9.9919E-05 9.9919E-05 9.9919E-05 0.136155 9.9919E-05 9.9919E-05 9.9919E-05 0.0674067 9.9919E-05
0.645365 9.9937E-05 0.0879155 9.9937E-05 0.0130749 9.9937E-05 9.9937E-05 0.196854 9.9937E-05 0.0560905 9.9937E-05 9.9937E-05
0.250492 9.9946E-05 0.0098071 9.9946E-05 0.120325 9.9946E-05 0.148409 9.9946E-05 9.9946E-05 0.35207 0.118296 9.9946E-05
0.812828 9.9928E-05 0.0024403 9.9928E-05 9.9928E-05 0.0222804 9.9928E-05 9.9928E-05 9.9928E-05 9.9928E-05 0.161652 9.9928E-05
0.998901 9.99011E-05 9.99011E-05 9.99011E-05 9.99011E-05 9.99011E-05 9.99011E-05 9.99011E-05 9.99011E-05 9.99011E-05 9.99011E-05 9.99011E-05
0.868938 0.00514079 9.9946E-05 9.9946E-05 9.9946E-05 9.9946E-05 9.9946E-05 0.00913189 0.0113657 9.9946E-05 0.0879877 0.016836
0.774265 9.9928E-05 9.9928E-05 9.9928E-05 9.9928E-05 9.9928E-05 9.9928E-05 9.9928E-05 0.0436607 0.123494 0.0577815 9.9928E-05
0.70563 9.9928E-05 9.9928E-05 0.0181315 9.9928E-05 9.9928E-05 0.231349 9.9928E-05 9.9928E-05 0.0440902 9.9928E-05 9.9928E-05
0.853962 0.0415102 0.0386039 9.9928E-05 9.9928E-05 9.9928E-05 9.9928E-05 9.9928E-05 9.9928E-05 9.9928E-05 0.0651242 9.9928E-05
9.99371E-05 9.99371E-05 0.0214855 9.99371E-05 0.0175222 0.00264248 0.056722 9.99371E-05 9.99371E-05 9.99371E-05 0.900928 9.99371E-05
0.0487677 9.9955E-05 9.9955E-05 9.9955E-05 0.0248432 9.9955E-05 0.0877062 9.9955E-05 0.0577589 0.0916631 0.669796 0.0189645
0.0655804 9.9937E-05 9.9937E-05 0.0658021 9.9937E-05 0.0887205 0.0805097 9.9937E-05 9.9937E-05 9.9937E-05 0.698688 9.9937E-05
0.0483383 0.000660658 9.9964E-05 9.9964E-05 0.0753069 9.9964E-05 0.0181236 0.0753355 9.9964E-05 0.027621 0.66219 0.092024
0.0693521 9.9937E-05 9.9937E-05 0.0395472 9.9937E-05 9.9937E-05 0.0919549 9.9937E-05 0.0090595 9.9937E-05 0.789387 9.9937E-05
9.9928E-05 0.0655766 9.9928E-05 0.278256 9.9928E-05 9.9928E-05 9.9928E-05 9.9928E-05 9.9928E-05 0.248894 0.406473 9.9928E-05
0.0770012 9.9955E-05 0.0118654 9.9955E-05 0.0372717 9.9955E-05 9.9955E-05 9.9955E-05 0.0149321 0.127203 0.721139 0.0100883
9.99191E-05 0.0302979 9.99191E-05 9.99191E-05 9.99191E-05 9.99191E-05 0.0242273 9.99191E-05 9.99191E-05 9.99191E-05 0.944576 9.99191E-05
9.9937E-05 0.0042751 9.9937E-05 0.000173711 9.9937E-05 9.9937E-05 9.9937E-05 0.0576118 9.9937E-05 0.0882523 0.848988 9.9937E-05
9.99011E-05 9.99011E-05 9.99011E-05 9.99011E-05 9.99011E-05 9.99011E-05 9.99011E-05 9.99011E-05 9.99011E-05 9.99011E-05 0.998901 9.99011E-05
9.9937E-05 0.0115451 9.9937E-05 0.000182051 9.9937E-05 9.9937E-05 9.9937E-05 0.0138564 9.9937E-05 0.00232132 0.971396 9.9937E-05
9.99101E-05 9.99101E-05 0.0166265 9.99101E-05 9.99101E-05 9.99101E-05 9.99101E-05 9.99101E-05 9.99101E-05 9.99101E-05 0.982374 9.99101E-05
9.99011E-05 9.99011E-05 9.99011E-05 9.99011E-05 9.99011E-05 9.99011E-05 9.99011E-05 9.99011E-05 9.99011E-05 9.99011E-05 0.998901 9.99011E-05
0.0375877 9.9919E-05 0.0294148 9.9919E-05 9.9919E-05 9.9919E-05 9.9919E-05 9.9919E-05 9.9919E-05 9.9919E-05 0.932098 9.9919E-05
9.99101E-05 0.0086346 9.99101E-05 9.99101E-05 9.99101E-05 9.99101E-05 9.99101E-05 9.99101E-05 9.99101E-05 9.99101E-05 0.990366 9.99101E-05
0.0174263 0.0397752 9.9955E-05 9.9955E-05 0.163839 9.9955E-05 0.0916221 9.9955E-05 9.9955E-05 0.144705 0.54017 0.00196248
9.99371E-05 0.000633007 0.0320616 9.99371E-05 0.00702173 9.99371E-05 0.0168193 9.99371E-05 9.99371E-05 9.99371E-05 0.942765 9.99371E-05
0.0711395 0.0782718 9.9964E-05 0.0277047 9.9964E-05 9.9964E-05 0.00602541 0.0217075 9.9964E-05 0.176553 0.584087 0.0341114
0.0488331 0.502817 9.9973E-05 0.0742449 0.00546125 9.9973E-05 0.0398786 0.0313568 0.00261777 0.0139838 0.280507 9.9973E-05
9.9901E-05 0.998901 9.9901E-05 9.9901E-05 9.9901E-05 9.9901E-05 9.9901E-05 9.9901E-05 9.9901E-05 9.9901E-05 9.9901E-05 9.9901E-05
0.0266773 0.0441772 0.0168811 9.9955E-05 9.9955E-05 9.9955E-05 9.9955E-05 0.0660508 9.9955E-05 0.165566 0.622352 0.0577966
