9.997E-05 0.9996 9.997E-05 9.997E-05 9.997E-05
0.0259486 0.904258 9.9982E-05 0.0695931 9.9982E-05
9.9973E-05 0.901133 9.9973E-05 9.9973E-05 0.0985667
0.0355687 0.558158 0.28477 0.0235826 0.0979209
0.0147703 0.86955 9.9982E-05 0.115479 9.9982E-05
9.9973E-05 0.914695 0.085005 9.9973E-05 9.9973E-05
9.9973E-05 0.91607 9.9973E-05 9.9973E-05 0.0836298
0.0155558 0.930901 0.0533433 9.9982E-05 9.9982E-05
9.999E-05 0.68494 0.0107569 0.0615947 0.242609
0.0513511 0.558832 0.0927138 0.231153 0.0659501
0.0218866 9.9982E-05 0.946113 9.9982E-05 0.0318006
9.9973E-05 9.9973E-05 0.985328 0.0143723 9.9973E-05
9.9973E-05 0.228108 0.771592 9.9973E-05 9.9973E-05
0.0468049 0.00656709 0.874369 0.0213308 0.0509287
0.062732 0.050978 0.77146 9.9991E-05 0.11473
9.9973E-05 0.0221319 0.977568 9.9973E-05 9.9973E-05
9.997E-05 9.997E-05 0.9996 9.997E-05 9.997E-05
9.9982E-05 9.9982E-05 0.706885 0.175093 0.117822
0.0162365 9.9991E-05 0.784723 0.0701817 0.128759
9.9973E-05 0.0541242 0.945576 9.9973E-05 9.9973E-05
9.999E-05 0.0525541 0.787292 0.152936 0.00711744
9.999E-05 0.343894 0.566449 0.04817 0.0413871
0.00830133 0.0171962 0.964422 0.00998064 9.9991E-05
9.9973E-05 9.9973E-05 0.866133 0.133567 9.9973E-05
9.9973E-05 9.9973E-05 0.855523 0.144177 9.9973E-05
9.9991E-05 0.0712183 0.677309 0.238282 0.0130908
0.0139386 9.9991E-05 0.549502 0.0240374 0.412422
0.0302197 0.11989 0.361588 0.488202 9.9991E-05
9.9982E-05 0.0483328 0.522412 0.429055 9.9982E-05
9.9973E-05 9.9973E-05 0.613277 0.386424 9.9973E-05
9.9982E-05 0.0339315 9.9982E-05 0.208785 0.757084
9.9991E-05 0.172477 0.0084798 0.130587 0.688357
0.0124398 9.9991E-05 0.11975 0.155653 0.712057
9.9982E-05 0.0122803 0.0381435 9.9982E-05 0.949376
0.0030179 9.9982E-05 0.286007 9.9982E-05 0.710775
0.00359418 0.0669861 9.9991E-05 0.0523048 0.877015
9.9991E-05 0.251421 0.0990419 0.027796 0.621641
9.9982E-05 9.9982E-05 0.199023 0.0866354 0.714142
9.9973E-05 9.9973E-05 0.0838786 9.9973E-05 0.915822
0.0170532 0.0270441 0.115611 0.343003 0.497289
9.9982E-05 0.0803216 9.9982E-05 0.0539088 0.86557
0.00986666 0.0864034 0.183184 0.355432 0.365114
0.00027676 0.020057 0.122011 0.144954 0.712702
0.0344205 0.00494975 0.120765 0.0813425 0.758522
9.9982E-05 9.9982E-05 0.011348 0.195609 0.792843
0.0191142 0.0251679 9.9991E-05 0.181755 0.773863
0.0278799 9.9982E-05 9.9982E-05 0.20887 0.76305
9.9973E-05 9.9973E-05 9.9973E-05 0.295576 0.704124
9.9991E-05 0.101099 0.100314 0.0778102 0.720677
9.9982E-05 0.106409 9.9982E-05 0.18824 0.705151
9.9973E-05 9.9973E-05 9.9973E-05 0.369321 0.630379
0.00546117 9.9973E-05 9.9973E-05 9.9973E-05 0.994239
9.9973E-05 9.9973E-05 9.9973E-05 0.429826 0.569874
9.9973E-05 9.9973E-05 9.9973E-05 0.21066 0.78904
9.9973E-05 9.9973E-05 9.9973E-05 0.173775 0.825925
0.0632196 0.00057129 9.9991E-05 0.390041 0.546069
9.9982E-05 0.00891512 0.107675 0.88321 9.9982E-05
9.9982E-05 9.9982E-05 0.178777 0.751807 0.0692163
9.9982E-05 0.0646909 9.9982E-05 0.919176 0.0159333
9.9982E-05 0.197348 9.9982E-05 0.767465 0.0349874
9.9982E-05 9.9982E-05 0.0173018 0.881212 0.101287
0.0918681 0.118838 9.9991E-05 0.465197 0.323997
9.9982E-05 0.0474068 9.9982E-05 0.879493 0.0729002
0.0116134 9.9973E-05 9.9973E-05 0.988087 9.9973E-05
0.0053684 9.9982E-05 0.0419327 0.952499 9.9982E-05
9.997E-05 9.997E-05 9.997E-05 0.9996 9.997E-05
9.99708E-05 9.99708E-05 9.99708E-05 0.9996 9.99708E-05
0.00406667 9.9982E-05 0.0362042 0.959529 9.9982E-05
0.0121483 9.9973E-05 9.9973E-05 0.987552 9.9973E-05
9.997E-05 9.997E-05 9.997E-05 0.9996 9.997E-05
0.00188688 9.9973E-05 9.9973E-05 0.997813 9.9973E-05
0.0107626 0.0975655 9.9991E-05 0.723875 0.167697
0.000636815 9.9973E-05 9.9973E-05 0.999063 9.9973E-05
0.0591009 0.0306873 0.0369193 0.736709 0.136584
0.554505 0.0365211 0.0469642 0.311179 0.05083
0.9996 9.997E-05 9.997E-05 9.997E-05 9.997E-05
0.0449121 0.0408281 0.0360706 0.696193 0.181997
