9.9901E-05 9.9901E-05 9.9901E-05 9.9901E-05 9.9901E-05 9.9901E-05 9.9901E-05 9.9901E-05 0.998901 9.9901E-05 9.9901E-05 9.9901E-05
9.9955E-05 9.9955E-05 0.0193298 9.9955E-05 0.68769 9.9955E-05 0.0357661 0.0174623 0.0885158 9.9955E-05 0.0200635 0.130673
9.99011E-05 9.99011E-05 0.998901 9.99011E-05 9.99011E-05 9.99011E-05 9.99011E-05 9.99011E-05 9.99011E-05 9.99011E-05 9.99011E-05 9.99011E-05
9.9928E-05 9.9928E-05 0.831235 9.9928E-05 9.9928E-05 0.100541 9.9928E-05 9.9928E-05 9.9928E-05 9.9928E-05 0.0109004 0.0565238
0.0540528 0.00287565 0.0203955 9.9955E-05 0.896446 0.00818162 9.9955E-05 0.0144332 9.9955E-05 9.9955E-05 0.00311545 9.9955E-05
9.99191E-05 9.99191E-05 9.99191E-05 9.99191E-05 0.699561 9.99191E-05 9.99191E-05 9.99191E-05 0.156635 0.142905 9.99191E-05 9.99191E-05
9.9928E-05 0.0358156 9.9928E-05 9.9928E-05 0.928634 9.9928E-05 9.9928E-05 9.9928E-05 0.0141899 9.9928E-05 0.0205615 9.9928E-05
9.9928E-05 9.9928E-05 9.9928E-05 9.9928E-05 0.967916 0.0136016 0.00199309 9.9928E-05 9.9928E-05 0.01569 9.9928E-05 9.9928E-05
0.0868781 9.9946E-05 0.2183 0.0454619 0.525914 0.100916 9.9946E-05 9.9946E-05 9.9946E-05 0.0219304 9.9946E-05 9.9946E-05
0.115787 0.0702184 0.139799 0.0424516 0.389042 0.0044172 9.9982E-05 0.122379 0.0220842 0.0665259 0.0270952 9.9982E-05
9.99191E-05 0.0787263 9.99191E-05 9.99191E-05 9.99191E-05 9.99191E-05 9.99191E-05 9.99191E-05 9.99191E-05 9.99191E-05 0.0107543 0.90962
9.99011E-05 0.998901 9.99011E-05 9.99011E-05 9.99011E-05 9.99011E-05 9.99011E-05 9.99011E-05 9.99011E-05 9.99011E-05 9.99011E-05 9.99011E-05
9.9928E-05 0.855624 0.00472682 9.9928E-05 0.105889 9.9928E-05 9.9928E-05 9.9928E-05 0.0329607 9.9928E-05 9.9928E-05 9.9928E-05
0.0421967 0.100501 0.092573 9.9964E-05 9.9964E-05 0.017551 0.0491485 0.00833114 9.9964E-05 0.652928 0.0363701 9.9964E-05
0.0538464 0.635336 0.064205 9.9955E-05 9.9955E-05 9.9955E-05 0.0986823 9.9955E-05 0.0163615 9.9955E-05 0.0603071 0.0707624
9.9937E-05 0.171227 9.9937E-05 9.9937E-05 9.9937E-05 0.0286785 0.160029 9.9937E-05 0.0288707 9.9937E-05 9.9937E-05 0.610495
9.9919E-05 0.044268 9.9919E-05 9.9919E-05 9.9919E-05 9.9919E-05 9.9919E-05 9.9919E-05 9.9919E-05 0.846463 9.9919E-05 0.10837
9.9955E-05 9.9955E-05 0.0158806 0.203053 9.9955E-05 0.00433799 9.9955E-05 0.0648745 0.00147254 0.599783 9.9955E-05 0.110098
0.0144845 0.776107 0.00238839 9.9946E-05 9.9946E-05 0.0817672 0.00356262 9.9946E-05 9.9946E-05 0.12109 9.9946E-05 9.9946E-05
9.9901E-05 9.9901E-05 9.9901E-05 9.9901E-05 9.9901E-05 9.9901E-05 0.998901 9.9901E-05 9.9901E-05 9.9901E-05 9.9901E-05 9.9901E-05
9.9946E-05 0.0435401 0.0608694 9.9946E-05 9.9946E-05 9.9946E-05 0.0435361 0.089667 0.0455758 0.716212 9.9946E-05 9.9946E-05
9.9937E-05 9.9937E-05 0.0160559 9.9937E-05 0.0996422 9.9937E-05 9.9937E-05 0.0567604 0.0271297 9.9937E-05 9.9937E-05 0.799712
9.99011E-05 9.99011E-05 9.99011E-05 9.99011E-05 9.99011E-05 9.99011E-05 9.99011E-05 9.99011E-05 9.99011E-05 9.99011E-05 9.99011E-05 0.998901
9.99011E-05 9.99011E-05 9.99011E-05 9.99011E-05 9.99011E-05 9.99011E-05 9.99011E-05 9.99011E-05 9.99011E-05 0.998901 9.99011E-05 9.99011E-05
0.0845648 0.300404 0.0541524 9.9964E-05 9.9964E-05 9.9964E-05 0.0696205 0.114274 0.00197847 0.358275 0.0163305 9.9964E-05
9.9946E-05 0.481925 9.9946E-05 9.9946E-05 0.0297555 9.9946E-05 0.117606 0.192708 0.0277344 0.149672 9.9946E-05 9.9946E-05
0.0690959 0.743299 9.99191E-05 9.99191E-05 9.99191E-05 0.186705 9.99191E-05 9.99191E-05 9.99191E-05 9.99191E-05 9.99191E-05 9.99191E-05
0.0130217 0.485582 0.0934893 9.9955E-05 9.9955E-05 0.036009 9.9955E-05 0.267344 9.9955E-05 9.9955E-05 0.00811315 0.0959411
0.0147411 0.614864 9.9955E-05 0.0512042 0.00389424 9.9955E-05 9.9955E-05 0.243861 0.0130476 0.0578885 9.9955E-05 9.9955E-05
9.99101E-05 0.890947 9.99101E-05 9.99101E-05 9.99101E-05 9.99101E-05 9.99101E-05 0.108054 9.99101E-05 9.99101E-05 9.99101E-05 9.99101E-05
0.156302 9.9928E-05 0.116967 0.663318 9.9928E-05 9.9928E-05 9.9928E-05 0.0626128 9.9928E-05 9.9928E-05 9.9928E-05 9.9928E-05
0.0527438 9.9964E-05 0.0436758 0.687156 0.0269238 9.9964E-05 0.0483091 0.0258741 0.0502218 9.9964E-05 9.9964E-05 0.0646958
0.606359 0.0779535 0.0273288 0.107758 9.9946E-05 9.9946E-05 9.9946E-05 0.165401 9.9946E-05 9.9946E-05 9.9946E-05 0.0145999
0.869718 0.00450373 9.9937E-05 0.00740717 9.9937E-05 0.109314 9.9937E-05 9.9937E-05 9.9937E-05 0.00835779 9.9937E-05 9.9937E-05
0.701652 0.258967 9.9928E-05 9.9928E-05 9.9928E-05 9.9928E-05 0.0222933 9.9928E-05 9.9928E-05 9.9928E-05 9.9928E-05 0.0162884
0.998901 9.99011E-05 9.99011E-05 9.99011E-05 9.99011E-05 9.99011E-05 9.99011E-05 9.99011E-05 9.99011E-05 9.99011E-05 9.99011E-05 9.99011E-05
0.657522 9.9955E-05 9.9955E-05 0.00218335 0.175707 9.9955E-05 0.0831636 0.0283515 0.0341094 9.9955E-05 9.9955E-05 0.0184634
0.800105 0.0336924 9.9946E-05 9.9946E-05 9.9946E-05 0.0319158 0.0230713 0.0482078 0.0624076 9.9946E-05 9.9946E-05 9.9946E-05
0.95547 9.9928E-05 9.9928E-05 9.9928E-05 9.9928E-05 0.0313865 0.00736493 9.9928E-05 9.9928E-05 9.9928E-05 0.00497958 9.9928E-05
0.464441 0.0417005 0.0391011 9.9973E-05 9.9973E-05 0.022255 0.000862499 0.280282 0.0473208 9.9973E-05 0.0329269 0.0708103
0.808946 9.99191E-05 9.99191E-05 0.120316 0.0698389 9.99191E-05 9.99191E-05 9.99191E-05 9.99191E-05 9.99191E-05 9.99191E-05 9.99191E-05
0.268282 0.101809 0.0629896 0.115402 9.9973E-05 0.0136641 9.9973E-05 0.314956 0.0874456 9.9973E-05 0.00150981 0.0336415
0.709626 0.11284 0.0165303 0.0183502 9.9946E-05 9.9946E-05 9.9946E-05 0.137162 9.9946E-05 0.0048915 9.9946E-05 9.9946E-05
0.797629 0.00739302 9.9973E-05 0.0209758 0.0214382 0.0199161 9.9973E-05 0.0086089 9.9973E-05 0.00254405 0.0286432 0.0925521
0.306696 9.99461E-05 9.99461E-05 0.101733 9.99461E-05 0.242012 0.0773199 0.265871 9.99461E-05 9.99461E-05 9.99461E-05 0.00576901
9.9937E-05 0.129208 9.9937E-05 0.778138 9.9937E-05 0.0517066 9.9937E-05 9.9937E-05 0.0249099 9.9937E-05 0.0153387 9.9937E-05
0.0817677 9.9946E-05 9.9946E-05 0.422234 9.9946E-05 0.294085 9.9946E-05 9.9946E-05 9.9946E-05 0.0511612 0.0533829 0.0967694
9.991E-05 9.991E-05 9.991E-05 0.936487 9.991E-05 0.0625134 9.991E-05 9.991E-05 9.991E-05 9.991E-05 9.991E-05 9.991E-05
9.9937E-05 0.218685 0.0808159 0.684654 9.9937E-05 0.0017048 0.0134409 9.9937E-05 9.9937E-05 9.9937E-05 9.9937E-05 9.9937E-05
0.467544 9.9937E-05 9.9937E-05 0.396044 0.0230893 9.9937E-05 9.9937E-05 0.0875575 0.0250656 9.9937E-05 9.9937E-05 9.9937E-05
9.9919E-05 9.9919E-05 9.9919E-05 0.171665 9.9919E-05 0.745336 9.9919E-05 0.0820993 9.9919E-05 9.9919E-05 9.9919E-05 9.9919E-05
9.99101E-05 9.99101E-05 9.99101E-05 9.99101E-05 9.99101E-05 0.987384 9.99101E-05 9.99101E-05 0.0116174 9.99101E-05 9.99101E-05 9.99101E-05
9.99101E-05 9.99101E-05 9.99101E-05 9.99101E-05 9.99101E-05 0.929978 9.99101E-05 0.0690233 9.99101E-05 9.99101E-05 9.99101E-05 9.99101E-05
0.0935158 9.9937E-05 0.00530455 9.9937E-05 9.9937E-05 0.791905 9.9937E-05 0.106697 9.9937E-05 9.9937E-05 9.9937E-05 0.00187869
0.0347433 9.9928E-05 9.9928E-05 0.884177 9.9928E-05 0.0189697 0.0613104 9.9928E-05 9.9928E-05 9.9928E-05 9.9928E-05 9.9928E-05
9.99101E-05 9.99101E-05 9.99101E-05 0.928788 9.99101E-05 9.99101E-05 9.99101E-05 9.99101E-05 9.99101E-05 9.99101E-05 0.0702125 9.99101E-05
0.0297165 9.9955E-05 9.9955E-05 0.196517 0.000921944 9.9955E-05 0.0161821 0.742602 9.9955E-05 9.9955E-05 0.000707852 0.0128525
9.993E-05 9.993E-05 0.0174475 0.163153 0.0989939 9.993E-05 9.993E-05 0.621269 9.993E-05 9.993E-05 9.993E-05 0.0984368
9.9946E-05 9.9946E-05 0.0144439 0.19798 0.101767 0.0153313 9.9946E-05 0.66563 9.9946E-05 0.00424825 9.9946E-05 9.9946E-05
0.0521135 0.00311754 9.9946E-05 9.9946E-05 0.166577 9.9946E-05 9.9946E-05 0.706164 0.00350855 9.9946E-05 9.9946E-05 0.0679198
9.9964E-05 9.9964E-05 9.9964E-05 0.00137385 0.0152721 0.0863766 0.0456436 0.820825 0.0143539 0.0125672 0.00318751 9.9964E-05
0.396805 9.9937E-05 0.0389569 9.9937E-05 9.9937E-05 9.9937E-05 9.9937E-05 0.469503 0.0181557 9.9937E-05 0.0758794 9.9937E-05
0.0372907 9.9937E-05 9.9937E-05 9.9937E-05 9.9937E-05 0.0671587 9.9937E-05 0.829359 0.0520536 9.9937E-05 9.9937E-05 0.0134389
9.99102E-05 9.99102E-05 9.99102E-05 9.99102E-05 9.99102E-05 9.99102E-05 9.99102E-05 0.972937 9.99102E-05 9.99102E-05 0.0260636 9.99102E-05
0.0797648 9.9955E-05 9.9955E-05 9.9955E-05 9.9955E-05 0.0166106 0.02275 0.859047 9.9955E-05 0.00593278 0.0126072 0.00278795
9.99101E-05 0.0134115 9.99101E-05 9.99101E-05 9.99101E-05 9.99101E-05 9.99101E-05 0.985589 9.99101E-05 9.99101E-05 9.99101E-05 9.99101E-05
9.9919E-05 0.00326466 9.9919E-05 9.9919E-05 9.9919E-05 9.9919E-05 9.9919E-05 0.990982 9.9919E-05 9.9919E-05 0.00485451 9.9919E-05
9.9928E-05 9.9928E-05 0.0511635 9.9928E-05 9.9928E-05 9.9928E-05 9.9928E-05 0.912568 9.9928E-05 0.0211634 9.9928E-05 0.0143057
9.99101E-05 9.99101E-05 0.0109735 9.99101E-05 9.99101E-05 9.99101E-05 9.99101E-05 0.988027 9.99101E-05 9.99101E-05 9.99101E-05 9.99101E-05
9.9928E-05 9.9928E-05 0.00205475 0.0361625 9.9928E-05 0.0010319 9.9928E-05 0.959951 9.9928E-05 9.9928E-05 9.9928E-05 9.9928E-05
0.0476324 9.99102E-05 9.99102E-05 9.99102E-05 9.99102E-05 9.99102E-05 9.99102E-05 0.951369 9.99102E-05 9.99102E-05 9.99102E-05 9.99102E-05
0.14556 9.99281E-05 9.99281E-05 9.99281E-05 0.0917722 0.0210517 9.99281E-05 0.740817 9.99281E-05 9.99281E-05 9.99281E-05 9.99281E-05
9.99191E-05 9.99191E-05 9.99191E-05 0.111803 9.99191E-05 9.99191E-05 9.99191E-05 0.878561 9.99191E-05 9.99191E-05 0.00873696 9.99191E-05
0.111855 9.9946E-05 9.9946E-05 9.9946E-05 9.9946E-05 0.154064 9.9946E-05 0.561201 0.0493354 0.0599119 0.0630335 9.9946E-05
0.00615553 0.0199831 0.00749322 9.9964E-05 9.9964E-05 0.0342224 0.01016 0.33555 9.9964E-05 9.9964E-05 0.552001 0.0340344
9.9901E-05 9.9901E-05 9.9901E-05 9.9901E-05 9.9901E-05 9.9901E-05 9.9901E-05 9.9901E-05 9.9901E-05 9.9901E-05 0.998901 9.9901E-05
0.139997 0.14224 0.031089 9.9955E-05 9.9955E-05 0.0519856 9.9955E-05 0.5348 0.0428916 9.9955E-05 0.0564969 9.9955E-05
