9.998E-05 0.9997 9.998E-05 9.998E-05
0.165725 0.58021 0.14633 0.107735
0.120081 0.622125 0.108093 0.149701
0.418098 0.581702 9.9982E-05 9.9982E-05
0.591376 0.408424 9.9982E-05 9.9982E-05
0.41888 0.44808 0.0407615 0.0922789
0.282423 0.685386 9.9991E-05 0.0320908
0.303774 0.555812 0.045539 0.0948743
0.388673 0.486659 0.0393279 0.0853401
9.998E-05 0.9997 9.998E-05 9.998E-05
9.998E-05 0.9997 9.998E-05 9.998E-05
9.998E-05 0.9997 9.998E-05 9.998E-05
9.998E-05 0.9997 9.998E-05 9.998E-05
9.998E-05 0.9997 9.998E-05 9.998E-05
9.998E-05 0.9997 9.998E-05 9.998E-05
0.451629 0.43428 9.9991E-05 0.113992
0.509579 0.363456 0.0286357 0.0983295
0.49944 0.493297 9.9991E-05 0.00716306
0.727296 0.272504 9.9982E-05 9.9982E-05
0.752863 0.246937 9.9982E-05 9.9982E-05
0.581485 0.394509 0.0239062 9.9991E-05
0.661089 0.254402 9.9991E-05 0.084409
0.666922 0.280297 9.9991E-05 0.0526813
0.577469 0.341571 9.9991E-05 0.0808597
0.655349 0.344451 9.9982E-05 9.9982E-05
0.786159 0.213641 9.9982E-05 9.9982E-05
0.671068 0.245804 9.9991E-05 0.0830277
0.649172 0.34143 9.9991E-05 0.009298
0.691965 0.289737 9.9991E-05 0.0181981
0.603346 0.39446 9.9991E-05 0.00209337
0.637081 0.362719 9.9982E-05 9.9982E-05
0.717844 0.255038 9.9991E-05 0.0270188
0.688893 0.250345 0.00383762 0.0569238
0.676708 0.265323 0.00287975 0.0550899
0.695448 0.253245 9.9991E-05 0.0512066
0.586306 0.413494 9.9982E-05 9.9982E-05
0.807772 0.183182 9.9991E-05 0.00894536
0.727511 0.195454 9.9991E-05 0.0769351
0.703387 0.210658 0.006717 0.0792384
0.797975 0.201825 9.9982E-05 9.9982E-05
0.80165 0.0681231 0.0428244 0.0874027
0.888012 0.058591 9.9991E-05 0.0532969
0.609893 0.206766 0.046763 0.136577
0.80581 0.0746484 0.0174385 0.102103
0.880713 0.0378739 9.9991E-05 0.0813135
0.822772 0.114371 9.9991E-05 0.0627572
0.85406 0.0859243 9.9991E-05 0.0599153
0.780226 0.125101 9.9991E-05 0.0945733
0.781103 0.136738 9.9991E-05 0.0820588
0.620287 0.2969 0.0282892 0.0545245
0.738032 0.186237 9.9991E-05 0.0756315
0.809088 0.0999383 9.9991E-05 0.0908737
0.825502 0.0792035 9.9991E-05 0.0951949
0.846339 0.111025 0.00316164 0.0394744
0.794647 0.149035 0.0224923 0.0338255
0.739043 0.101401 0.0208686 0.138687
0.729269 0.163348 9.9991E-05 0.107283
0.858215 0.112076 0.0090366 0.0206726
0.833763 0.0862714 9.9991E-05 0.0798656
0.73498 0.172939 0.000332691 0.0917484
0.887505 0.0927893 9.9991E-05 0.0196061
0.824987 0.103399 0.039404 0.0322104
0.761282 0.110313 0.0516179 0.0767871
0.829124 0.02238 0.0482069 0.100289
0.889807 0.109994 9.9982E-05 9.9982E-05
0.785181 0.0743025 0.0180056 0.122511
0.857622 0.0328575 0.0645144 0.0450056
0.768334 0.0405761 0.0372319 0.153858
0.772259 0.153515 0.0165404 0.0576858
0.833404 0.0398277 0.0123256 0.114443
0.637722 0.171667 0.0774113 0.1132
0.847249 0.0242794 0.0355635 0.0929086
0.756509 0.180077 9.9991E-05 0.0633139
0.829391 0.14056 9.9991E-05 0.0299491
0.813732 0.0860505 9.9991E-05 0.100118
0.92617 0.056587 0.00145576 0.0157869
0.800348 0.0612829 0.0400268 0.098342
0.688779 0.0994242 0.144779 0.0670184
0.858503 9.9991E-05 0.0800268 0.0613705
0.838742 9.9991E-05 0.115022 0.0461359
0.862019 9.9991E-05 0.0612587 0.0766219
0.825431 9.9991E-05 0.122346 0.0521229
0.879828 9.9991E-05 0.0956795 0.0243922
0.835711 0.0233216 0.10788 0.0330875
0.653079 0.0923146 0.199192 0.0554144
0.677193 0.0120916 0.180874 0.129841
0.700534 0.0974495 0.0979875 0.104029
0.83849 0.040608 0.105182 0.0157197
0.724232 0.0283939 0.148176 0.0991977
0.792023 9.9991E-05 0.104357 0.10352
0.685747 0.0958402 0.134153 0.0842605
0.658671 0.0742883 0.137148 0.129892
0.658064 0.0475553 0.197987 0.0963938
9.998E-05 9.998E-05 0.9997 9.998E-05
9.9982E-05 0.0288188 0.970981 9.9982E-05
0.066291 0.00139936 0.93221 9.9991E-05
9.998E-05 9.998E-05 0.9997 9.998E-05
9.998E-05 9.998E-05 0.9997 9.998E-05
9.998E-05 9.998E-05 0.9997 9.998E-05
9.998E-05 9.998E-05 0.9997 9.998E-05
0.0235775 0.022219 0.898586 0.0556176
9.998E-05 9.998E-05 0.9997 9.998E-05
9.998E-05 9.998E-05 0.9997 9.998E-05
0.833211 9.9991E-05 0.0918358 0.0748531
0.0792725 9.9991E-05 0.918285 0.00234244
9.998E-05 9.998E-05 0.9997 9.998E-05
9.9982E-05 9.9982E-05 0.99372 0.00608053
0.869709 9.9991E-05 0.10456 0.0256306
0.825629 9.9991E-05 0.111977 0.0622933
0.799757 9.9991E-05 0.138978 0.0611647
0.791277 9.9991E-05 0.165221 0.043402
0.825123 9.9991E-05 0.143519 0.0312586
0.855116 0.00678066 0.128724 0.0093801
0.749589 9.9991E-05 0.181395 0.0689159
0.838159 9.9982E-05 0.161641 9.9982E-05
0.61098 0.00141231 0.231757 0.155851
0.720173 9.9991E-05 0.199824 0.0799039
0.786151 0.00314602 0.150682 0.0600206
0.723025 9.9991E-05 0.237396 0.0394783
0.830453 9.9991E-05 0.0725302 0.0969163
0.807261 9.9991E-05 0.160294 0.0323455
0.976208 9.9982E-05 0.0235917 9.9982E-05
0.943281 9.9982E-05 0.0565194 9.9982E-05
0.9997 9.998E-05 9.998E-05 9.998E-05
0.9997 9.998E-05 9.998E-05 9.998E-05
0.966198 9.9982E-05 0.0336016 9.9982E-05
0.964601 9.9982E-05 0.0351988 9.9982E-05
0.941683 9.9982E-05 0.0581171 9.9982E-05
0.992842 9.9982E-05 0.00695794 9.9982E-05
0.979277 9.9982E-05 9.9982E-05 0.0205232
0.990108 9.9982E-05 0.0096921 9.9982E-05
0.88297 9.9991E-05 0.106719 0.0102112
0.996725 9.9982E-05 0.00307517 9.9982E-05
0.834553 9.9991E-05 0.0625107 0.102836
9.998E-05 9.998E-05 9.998E-05 0.9997
0.675604 9.9991E-05 0.201941 0.122355
9.998E-05 9.998E-05 9.998E-05 0.9997
9.998E-05 9.998E-05 9.998E-05 0.9997
0.0132775 0.0148464 0.0627824 0.909094
0.13795 0.0181225 9.9991E-05 0.843827
9.998E-05 9.998E-05 9.998E-05 0.9997
0.123222 9.9982E-05 9.9982E-05 0.876578
9.9982E-05 9.9982E-05 0.0145867 0.985213
0.00980671 9.9991E-05 0.00649518 0.983598
9.9982E-05 9.9982E-05 0.00149074 0.998309
9.998E-05 9.998E-05 9.998E-05 0.9997
0.0615022 9.9982E-05 9.9982E-05 0.938298
0.100659 9.9991E-05 0.070505 0.828736
0.0487918 0.00446886 9.9991E-05 0.946639
0.0573838 9.9991E-05 0.0193995 0.923117
0.131341 9.9991E-05 0.00231114 0.866248
0.0653874 0.0168519 9.9991E-05 0.917661
0.0321176 0.0179988 9.9991E-05 0.949784
0.859985 0.0324393 0.0686073 0.0389679
0.840116 0.0204047 0.0738895 0.0655899
0.818591 0.0311863 0.122129 0.0280929
0.813843 0.0528672 0.0728421 0.0604482
0.773234 9.9991E-05 0.176404 0.050262
0.790814 9.9991E-05 0.201167 0.0079198
0.774721 9.9991E-05 0.186618 0.0385606
0.780967 9.9991E-05 0.207218 0.0117146
0.778897 9.9991E-05 0.185243 0.0357602
0.755464 9.9991E-05 0.208869 0.0355675
0.754513 9.9991E-05 0.189572 0.0558148
0.750692 0.0259746 0.164114 0.0592195
0.704975 9.9991E-05 0.15589 0.139034
0.9997 9.998E-05 9.998E-05 9.998E-05
0.9997 9.998E-05 9.998E-05 9.998E-05
0.9997 9.998E-05 9.998E-05 9.998E-05
0.9997 9.998E-05 9.998E-05 9.998E-05
0.9997 9.998E-05 9.998E-05 9.998E-05
0.9997 9.998E-05 9.998E-05 9.998E-05
0.9997 9.998E-05 9.998E-05 9.998E-05
0.9997 9.998E-05 9.998E-05 9.998E-05
0.9997 9.998E-05 9.998E-05 9.998E-05
0.9997 9.998E-05 9.998E-05 9.998E-05
0.9997 9.998E-05 9.998E-05 9.998E-05
0.9997 9.998E-05 9.998E-05 9.998E-05
