9.998E-05 9.998E-05 9.998E-05 0.9997
0.233386 0.0948918 0.126705 0.545017
0.170307 0.0849876 0.17763 0.567075
0.465983 0.00702886 0.026175 0.500813
0.654662 9.9982E-05 9.9982E-05 0.345138
0.493193 0.00534741 0.0532555 0.448204
0.33893 9.9991E-05 0.0274577 0.633513
0.380318 0.0126226 0.111369 0.495691
0.491773 0.00311665 0.0553172 0.449793
9.998E-05 9.998E-05 9.998E-05 0.9997
9.998E-05 9.998E-05 9.998E-05 0.9997
9.998E-05 9.998E-05 9.998E-05 0.9997
9.998E-05 9.998E-05 9.998E-05 0.9997
0.00746634 9.9982E-05 9.9982E-05 0.992334
9.998E-05 9.998E-05 9.998E-05 0.9997
0.51071 9.9991E-05 0.039903 0.449287
0.548894 0.0307501 0.0381489 0.382207
0.435875 0.00372307 0.0556619 0.50474
0.765018 9.9982E-05 9.9982E-05 0.234782
0.775999 9.9982E-05 9.9982E-05 0.223801
0.649736 9.9982E-05 9.9982E-05 0.350064
0.678095 9.9991E-05 0.0638388 0.257967
0.721387 9.9991E-05 0.0199881 0.258525
0.684244 9.9991E-05 0.000288015 0.315368
0.692062 0.0296152 9.9991E-05 0.278223
0.800482 9.9982E-05 9.9982E-05 0.199319
0.715736 9.9991E-05 0.0608469 0.223317
0.668934 9.9991E-05 0.0298804 0.301085
0.710693 9.9991E-05 0.00035971 0.288848
0.614895 9.9982E-05 9.9982E-05 0.384905
0.659501 9.9982E-05 9.9982E-05 0.340299
0.778738 9.9991E-05 0.00730265 0.213859
0.70799 0.000144869 0.0416116 0.250254
0.668478 0.000238236 0.0813425 0.249941
0.729795 9.9991E-05 0.0514941 0.218611
0.618652 9.9982E-05 9.9982E-05 0.381148
0.811086 9.9991E-05 0.0241127 0.164702
0.808562 9.9991E-05 0.0258437 0.165495
0.727054 0.037243 0.0429261 0.192777
0.824076 9.9982E-05 9.9982E-05 0.175724
0.824319 0.0640548 0.0422047 0.0694218
0.823368 0.0372132 0.0762099 0.0632084
0.647895 0.0487601 0.101331 0.202014
0.825927 0.0242541 0.0656855 0.0841336
0.824979 9.9991E-05 0.118503 0.056418
0.826303 9.9991E-05 0.0769298 0.0966671
0.867591 9.9991E-05 0.054972 0.0773369
0.825068 9.9991E-05 0.0565403 0.118291
0.784273 9.9991E-05 0.0895206 0.126107
0.667756 0.0184791 0.0477787 0.265987
0.738086 0.0138129 0.104689 0.143412
0.850955 9.9991E-05 0.0700409 0.0789037
0.903946 9.9991E-05 0.0295633 0.0663905
0.868295 0.000833427 0.031525 0.0993469
0.780014 0.0434712 0.0543573 0.122157
0.771447 0.0118415 0.138024 0.078687
0.73083 0.0254716 0.0779106 0.165788
0.884575 0.0301109 9.9991E-05 0.0852144
0.781269 9.9991E-05 0.0892644 0.129367
0.850731 0.0064171 0.0243686 0.118483
0.900616 9.9991E-05 0.00691481 0.0923696
0.891676 0.0103226 9.9991E-05 0.0979015
0.805203 0.0527458 0.0565609 0.0854905
0.894322 0.0357378 0.0564521 0.0134879
0.907624 9.9982E-05 9.9982E-05 0.0921759
0.80777 0.0243928 0.096297 0.0715398
0.881248 0.0742611 0.0236509 0.0208398
0.771867 0.0951196 0.100181 0.0328328
0.830546 9.9991E-05 0.041424 0.12793
0.839572 0.0104507 0.118963 0.0310145
0.715035 0.0521632 0.110997 0.121805
0.845078 0.0723095 0.0668834 0.0157288
0.817032 9.9991E-05 0.0529556 0.129913
0.832368 9.9991E-05 0.0500242 0.117508
0.880322 9.9991E-05 0.0457154 0.0738627
0.96575 9.9991E-05 0.00220517 0.0319446
0.83692 0.0213301 0.0936344 0.0481158
0.717087 0.165055 0.0351428 0.0827156
0.822866 0.101555 0.0754794 9.9991E-05
0.852568 0.122626 0.0247056 9.9991E-05
0.882799 0.0864106 0.0306907 9.9991E-05
0.838283 0.122488 0.0391285 9.9991E-05
0.851678 0.0895454 0.058677 9.9991E-05
0.786726 0.0953044 0.00320127 0.114769
0.728317 0.166102 0.0521722 0.0534083
0.732803 0.166868 0.0773354 0.0229933
0.72742 0.0649389 0.0827067 0.124935
0.838223 0.125672 9.9991E-05 0.0360048
0.720531 0.154419 0.0977924 0.0272584
0.793803 0.0946369 0.101924 0.00963636
0.703572 0.129979 0.0930758 0.0733738
0.702285 0.127235 0.106192 0.0642878
0.673852 0.198373 0.0824501 0.0453251
9.998E-05 0.9997 9.998E-05 9.998E-05
9.9991E-05 0.937602 0.0367259 0.0255724
0.0943674 0.897547 9.9991E-05 0.00798561
9.998E-05 0.9997 9.998E-05 9.998E-05
9.998E-05 0.9997 9.998E-05 9.998E-05
9.998E-05 0.9997 9.998E-05 9.998E-05
9.998E-05 0.9997 9.998E-05 9.998E-05
0.0555066 0.902426 9.9991E-05 0.0419674
9.998E-05 0.9997 9.998E-05 9.998E-05
9.998E-05 0.9997 9.998E-05 9.998E-05
0.828579 0.100192 0.0711283 9.9991E-05
0.0354116 0.92332 0.0206235 0.0206454
9.998E-05 0.9997 9.998E-05 9.998E-05
0.0188296 0.98097 9.9982E-05 9.9982E-05
0.829412 0.110528 0.0599604 9.9991E-05
0.83432 0.115496 0.0500839 9.9991E-05
0.850685 0.118341 0.0308747 9.9991E-05
0.759197 0.199607 0.0410968 9.9991E-05
0.828429 0.127607 0.0438645 9.9991E-05
0.889076 0.102662 0.00816201 9.9991E-05
0.811841 0.140524 0.0431755 0.00445921
0.844497 0.155303 9.9982E-05 9.9982E-05
0.706713 0.214052 0.079135 9.9991E-05
0.723465 0.209573 0.066862 9.9991E-05
0.832103 0.133959 0.0338388 9.9991E-05
0.740875 0.213456 0.045569 9.9991E-05
0.824254 0.0968691 0.0787771 9.9991E-05
0.820848 0.126564 0.0524873 9.9991E-05
0.94585 0.0349647 0.019085 9.9991E-05
0.961723 0.0380773 9.9982E-05 9.9982E-05
0.9997 9.998E-05 9.998E-05 9.998E-05
0.993163 0.00663747 9.9982E-05 9.9982E-05
0.989285 0.0105148 9.9982E-05 9.9982E-05
0.942813 0.0569869 9.9982E-05 9.9982E-05
0.987418 0.0123817 9.9982E-05 9.9982E-05
0.983857 0.0159433 9.9982E-05 9.9982E-05
0.935739 0.0328639 0.0312972 9.9991E-05
0.977331 0.0224686 9.9982E-05 9.9982E-05
0.893315 0.106485 9.9982E-05 9.9982E-05
0.932464 0.0541626 0.0132731 9.9991E-05
0.89402 0.0313607 0.0745195 9.9991E-05
9.998E-05 9.998E-05 0.9997 9.998E-05
0.717982 0.195348 0.0865703 9.9991E-05
9.998E-05 9.998E-05 0.9997 9.998E-05
9.998E-05 9.998E-05 0.9997 9.998E-05
0.0151176 0.0368824 0.936461 0.0115392
0.149206 0.0123451 0.781927 0.0565221
9.998E-05 9.998E-05 0.9997 9.998E-05
0.0938984 9.9982E-05 0.905902 9.9982E-05
9.998E-05 9.998E-05 0.9997 9.998E-05
0.048382 9.9982E-05 0.951418 9.9982E-05
9.9982E-05 9.9982E-05 0.98789 0.0119099
9.998E-05 9.998E-05 0.9997 9.998E-05
9.9982E-05 0.0278679 0.971932 9.9982E-05
0.171392 0.0249909 0.803517 9.9991E-05
0.001042 9.9982E-05 0.998758 9.9982E-05
0.0231918 0.0552535 0.911699 0.00985539
0.0908777 9.9982E-05 0.908922 9.9982E-05
0.107128 9.9991E-05 0.86662 0.0261517
0.0210577 0.00325002 0.975592 9.9991E-05
0.836491 0.105558 0.0419382 0.0160134
0.849934 0.101018 0.048948 9.9991E-05
0.82154 0.109493 0.0396837 0.0292829
0.814507 0.0690766 0.074365 0.0420511
0.817194 0.17513 0.00757696 9.9991E-05
0.782344 0.178273 0.0392828 9.9991E-05
0.755799 0.177579 0.0665224 9.9991E-05
0.760696 0.214312 0.0248921 9.9991E-05
0.763568 0.193378 0.0429535 9.9991E-05
0.755864 0.223388 0.0206481 9.9991E-05
0.778743 0.194437 0.0267205 9.9991E-05
0.806256 0.143133 0.045492 0.00511906
0.816062 0.135091 0.0300728 0.0187741
0.9997 9.998E-05 9.998E-05 9.998E-05
0.9997 9.998E-05 9.998E-05 9.998E-05
0.9997 9.998E-05 9.998E-05 9.998E-05
0.9997 9.998E-05 9.998E-05 9.998E-05
0.9997 9.998E-05 9.998E-05 9.998E-05
0.9997 9.998E-05 9.998E-05 9.998E-05
0.9997 9.998E-05 9.998E-05 9.998E-05
0.9997 9.998E-05 9.998E-05 9.998E-05
0.9997 9.998E-05 9.998E-05 9.998E-05
0.9997 9.998E-05 9.998E-05 9.998E-05
0.9997 9.998E-05 9.998E-05 9.998E-05
0.9997 9.998E-05 9.998E-05 9.998E-05
