0.9997 9.998E-05 9.998E-05 9.998E-05
0.592238 0.110978 0.171256 0.125529
0.593646 0.157223 0.136665 0.112467
0.567158 0.013226 0.412479 0.00713793
0.396556 9.9982E-05 0.603244 9.9982E-05
0.483783 0.133266 0.382851 9.9991E-05
0.68373 0.0436054 0.272564 9.9991E-05
0.588546 0.0963235 0.268109 0.0470218
0.451476 0.0999819 0.448442 9.9991E-05
0.9997 9.998E-05 9.998E-05 9.998E-05
0.9997 9.998E-05 9.998E-05 9.998E-05
0.9997 9.998E-05 9.998E-05 9.998E-05
0.9997 9.998E-05 9.998E-05 9.998E-05
0.9997 9.998E-05 9.998E-05 9.998E-05
0.9997 9.998E-05 9.998E-05 9.998E-05
0.429319 0.0468086 0.523772 9.9991E-05
0.367664 0.0450489 0.512191 0.0750957
0.52318 0.031014 0.42905 0.0167564
0.291649 9.9982E-05 0.708151 9.9982E-05
0.244 9.9982E-05 0.755801 9.9982E-05
0.411051 9.9982E-05 0.588749 9.9982E-05
0.262857 0.0988796 0.631249 0.0070146
0.305093 0.0342329 0.660574 9.9991E-05
0.364586 9.9982E-05 0.635214 9.9982E-05
0.315237 9.9991E-05 0.675519 0.00914328
0.208014 9.9982E-05 0.791786 9.9982E-05
0.240955 0.09239 0.666555 9.9991E-05
0.344477 0.0230657 0.632357 9.9991E-05
0.319959 9.9982E-05 0.679841 9.9982E-05
0.424369 0.00136792 0.574163 9.9991E-05
0.375072 9.9982E-05 0.624728 9.9982E-05
0.260761 9.9982E-05 0.739039 9.9982E-05
0.2464 0.0793993 0.674101 9.9991E-05
0.288901 0.0772528 0.633746 9.9991E-05
0.291404 0.0271127 0.681383 9.9991E-05
0.44388 9.9982E-05 0.55592 9.9982E-05
0.178423 0.0107105 0.810767 9.9991E-05
0.176096 0.0431826 0.776179 0.00454199
0.216547 0.0727159 0.708283 0.00245435
0.193132 9.9991E-05 0.782583 0.0241849
0.0617837 0.0884488 0.799874 0.0498932
0.106436 0.10299 0.790474 9.9991E-05
0.209589 0.133348 0.617777 0.039285
0.0776547 0.066249 0.836158 0.0199379
0.064051 0.0854437 0.850405 9.9991E-05
0.102932 0.0608493 0.836119 9.9991E-05
0.0936912 0.0347888 0.87142 9.9991E-05
0.126436 0.0582543 0.81521 9.9991E-05
0.179835 0.0136336 0.806432 9.9991E-05
0.286554 0.0376721 0.638904 0.0368696
0.178808 0.0709212 0.743182 0.00708879
0.119555 0.091936 0.788409 9.9991E-05
0.082937 0.0300691 0.886894 9.9991E-05
0.133312 0.00561401 0.818085 0.0429895
0.139602 0.023309 0.800865 0.0362239
0.0791968 0.143081 0.766336 0.011386
0.185715 0.0926634 0.721522 9.9991E-05
0.0842558 9.9991E-05 0.907084 0.00856049
0.124407 0.0783006 0.797192 9.9991E-05
0.158553 0.010979 0.830368 9.9991E-05
0.0937029 0.019493 0.886704 9.9991E-05
0.0814605 9.9991E-05 0.876329 0.0421105
0.0948921 0.0762744 0.794265 0.0345682
0.0237972 0.107398 0.84312 0.0256843
0.116443 9.9982E-05 0.883357 9.9982E-05
0.0462734 0.117363 0.815871 0.0204916
0.0212347 0.0226705 0.896687 0.059408
0.0457814 0.0902332 0.809875 0.0541104
0.126173 0.0586931 0.815034 9.9991E-05
0.0351418 0.097609 0.854913 0.0123359
0.169816 0.0957966 0.694718 0.0396685
0.0136821 0.0703328 0.85765 0.0583346
0.151285 0.0482372 0.800378 9.9991E-05
0.135614 0.0451617 0.819125 9.9991E-05
0.0774484 0.0583587 0.864093 9.9991E-05
0.051042 0.0076222 0.941236 9.9991E-05
0.00578657 0.0895457 0.895184 0.00948332
0.0587482 0.0610662 0.751632 0.128554
9.9991E-05 0.0596156 0.848992 0.0912926
9.9991E-05 0.0346412 0.852231 0.113028
9.9991E-05 0.0580238 0.858603 0.0832735
9.9991E-05 0.0234555 0.846193 0.130252
9.9991E-05 0.0308192 0.864689 0.104392
0.0414572 9.9991E-05 0.808459 0.149984
0.0641728 0.0424362 0.684754 0.208637
0.0274135 0.131426 0.671854 0.169307
0.10395 0.0780154 0.745658 0.0723768
0.0495772 0.00924335 0.820266 0.120913
0.018 0.0873102 0.706762 0.187928
0.044668 0.0985563 0.747388 0.109387
0.069324 0.0947414 0.666374 0.169561
0.079501 0.0880636 0.708812 0.123623
0.0142665 0.109023 0.686442 0.190269
9.998E-05 9.998E-05 9.998E-05 0.9997
0.0304742 9.9982E-05 9.9982E-05 0.969326
0.029834 0.000541591 0.0846885 0.884936
9.9982E-05 0.00583846 9.9982E-05 0.993962
9.998E-05 9.998E-05 9.998E-05 0.9997
9.998E-05 9.998E-05 9.998E-05 0.9997
9.998E-05 9.998E-05 9.998E-05 0.9997
0.0554895 9.9991E-05 0.0400749 0.904336
9.9982E-05 0.00274469 9.9982E-05 0.997055
9.998E-05 9.998E-05 9.998E-05 0.9997
9.9991E-05 0.114819 0.785504 0.0995764
9.9991E-05 0.0217033 0.0355818 0.942615
9.998E-05 9.998E-05 9.998E-05 0.9997
9.9982E-05 9.9982E-05 0.0128661 0.986934
9.9991E-05 0.00991316 0.877665 0.112322
9.9991E-05 0.085886 0.802497 0.111517
9.9991E-05 0.0418278 0.834307 0.123766
9.9991E-05 0.0430512 0.801751 0.155098
9.9991E-05 0.067958 0.809666 0.122276
9.9991E-05 0.0105993 0.910413 0.0788875
0.00901269 0.0270988 0.812279 0.15161
9.9991E-05 0.00186121 0.862855 0.135184
9.9991E-05 0.0465029 0.729251 0.224146
9.9991E-05 0.0465263 0.738356 0.215018
0.0253739 0.0682423 0.828396 0.0779878
9.9991E-05 0.0270166 0.786006 0.186877
9.9991E-05 0.0704009 0.837248 0.0922507
9.9991E-05 0.047024 0.824595 0.128281
9.998E-05 0.9997 9.998E-05 9.998E-05
9.9991E-05 0.107791 0.690897 0.201212
9.998E-05 0.9997 9.998E-05 9.998E-05
9.998E-05 0.9997 9.998E-05 9.998E-05
9.9982E-05 0.962664 9.9982E-05 0.0371362
0.021598 0.780542 0.178391 0.0194692
9.998E-05 0.9997 9.998E-05 9.998E-05
0.000970648 0.888466 0.110463 9.9991E-05
9.998E-05 0.9997 9.998E-05 9.998E-05
9.9982E-05 0.986351 0.0134493 9.9982E-05
0.0306871 0.957446 0.00263504 0.00923209
9.998E-05 0.9997 9.998E-05 9.998E-05
9.998E-05 0.9997 9.998E-05 9.998E-05
9.9991E-05 0.832797 0.127235 0.0398679
9.9982E-05 0.938777 0.061023 9.9982E-05
9.9982E-05 0.855926 0.143874 9.9982E-05
9.9982E-05 0.898444 0.101356 9.9982E-05
0.0537482 0.828107 0.0719715 0.0461731
0.00137013 0.927682 0.0605233 0.0104246
9.9991E-05 0.0120221 0.967496 0.0203824
9.9982E-05 9.9982E-05 0.945049 0.0547515
9.998E-05 9.998E-05 0.9997 9.998E-05
9.998E-05 9.998E-05 0.9997 9.998E-05
9.9982E-05 9.9982E-05 0.973987 0.025813
9.9982E-05 9.9982E-05 0.961945 0.0378551
9.998E-05 9.998E-05 0.9997 9.998E-05
9.9982E-05 9.9982E-05 0.972057 0.0277427
9.9982E-05 0.0234948 0.976305 9.9982E-05
9.9982E-05 9.9982E-05 0.991576 0.00822417
9.9982E-05 9.9982E-05 0.885479 0.114321
9.9982E-05 9.9982E-05 0.951061 0.0487394
9.9991E-05 0.122073 0.864574 0.0132524
0.0166732 0.0288923 0.879211 0.0752231
0.0131975 0.0521644 0.871104 0.0635341
0.0355578 0.0908389 0.798696 0.0749077
0.0665278 0.0666696 0.803192 0.0636102
9.9991E-05 0.0253687 0.817883 0.156649
9.9991E-05 0.0383374 0.756793 0.20477
9.9991E-05 0.0511318 0.747284 0.201484
9.9991E-05 0.0222033 0.777208 0.200488
9.9991E-05 0.0508659 0.734812 0.214222
9.9991E-05 0.0339519 0.735922 0.230026
9.9991E-05 0.0348575 0.746564 0.218478
0.03164 0.0833159 0.77655 0.108494
0.00145872 0.0592489 0.763669 0.175624
9.998E-05 9.998E-05 0.9997 9.998E-05
9.998E-05 9.998E-05 0.9997 9.998E-05
9.998E-05 9.998E-05 0.9997 9.998E-05
9.998E-05 9.998E-05 0.9997 9.998E-05
9.998E-05 9.998E-05 0.9997 9.998E-05
0.00456072 9.9982E-05 0.995239 9.9982E-05
9.998E-05 9.998E-05 0.9997 9.998E-05
9.998E-05 9.998E-05 0.9997 9.998E-05
9.998E-05 9.998E-05 0.9997 9.998E-05
9.998E-05 9.998E-05 0.9997 9.998E-05
9.998E-05 9.998E-05 0.9997 9.998E-05
9.998E-05 9.998E-05 0.9997 9.998E-05
