9.998E-05 0.9997 9.998E-05 9.998E-05
0.11447 0.579352 0.190379 0.1158
0.160082 0.578763 0.162793 0.0983628
0.0146876 0.530407 0.4447 0.0102055
9.9982E-05 0.391467 0.608333 9.9982E-05
0.0829689 0.473952 0.436911 0.00616759
0.0305175 0.669051 0.300331 9.9991E-05
0.108518 0.559169 0.308781 0.0235319
0.0715963 0.485005 0.425631 0.017767
9.998E-05 0.9997 9.998E-05 9.998E-05
9.998E-05 0.9997 9.998E-05 9.998E-05
9.998E-05 0.9997 9.998E-05 9.998E-05
9.998E-05 0.9997 9.998E-05 9.998E-05
9.9982E-05 0.994384 0.00541636 9.9982E-05
9.998E-05 0.9997 9.998E-05 9.998E-05
0.0367737 0.458116 0.50501 9.9991E-05
0.120189 0.378634 0.435881 0.0652959
0.0244709 0.510201 0.460118 0.00521061
9.9991E-05 0.250457 0.740356 0.00908623
9.9982E-05 0.250799 0.749001 9.9982E-05
9.9991E-05 0.370581 0.601789 0.0275295
0.0679687 0.27456 0.656092 0.00137979
0.0166311 0.301758 0.681511 9.9991E-05
0.0307571 0.338348 0.630795 9.9991E-05
9.9982E-05 0.308444 0.691356 9.9982E-05
9.9982E-05 0.225005 0.774795 9.9982E-05
0.0812069 0.242479 0.676214 9.9991E-05
0.0622453 0.338567 0.599088 9.9991E-05
9.9982E-05 0.287479 0.712321 9.9982E-05
9.9982E-05 0.380626 0.619174 9.9982E-05
9.9982E-05 0.346213 0.653587 9.9982E-05
0.0109442 0.244013 0.744943 9.9991E-05
0.0533308 0.206816 0.739753 9.9991E-05
0.0885276 0.267861 0.643511 9.9991E-05
0.0222019 0.250245 0.727453 9.9991E-05
9.9982E-05 0.383608 0.616192 9.9982E-05
0.0107072 0.159837 0.829356 9.9991E-05
0.0349203 0.17526 0.789719 9.9991E-05
0.0643463 0.204566 0.683525 0.0475633
9.9991E-05 0.20693 0.791813 0.00115674
0.0789585 0.0458718 0.845669 0.0295007
0.0772041 0.05681 0.865886 9.9991E-05
0.106516 0.230428 0.608147 0.0549104
0.04721 0.0603588 0.864181 0.0282501
0.066642 0.057875 0.875383 9.9991E-05
0.0797562 0.093214 0.82693 9.9991E-05
0.0722898 0.101641 0.82597 9.9991E-05
0.0712195 0.121379 0.807302 9.9991E-05
0.090448 0.159418 0.750034 9.9991E-05
0.0715607 0.270194 0.618624 0.0396211
0.0842213 0.145327 0.751097 0.0193548
0.130623 0.0961632 0.773113 9.9991E-05
0.0455005 0.120669 0.833731 9.9991E-05
0.0105615 0.120196 0.842114 0.0271284
0.0276382 0.114524 0.821834 0.0360034
0.142526 0.0835815 0.773792 9.9991E-05
0.0940553 0.183697 0.722148 9.9991E-05
0.036328 0.101057 0.852172 0.010443
0.0717902 0.115648 0.812462 9.9991E-05
0.0329757 0.137995 0.776816 0.0522135
0.0111229 0.0782494 0.910528 9.9991E-05
0.0289484 0.107635 0.845577 0.0178396
0.0937519 0.0813245 0.813682 0.0112421
0.0988444 0.0475548 0.84468 0.0089213
9.9982E-05 0.0966065 0.903194 9.9982E-05
0.129381 0.0428436 0.827676 9.9991E-05
0.0561493 0.0180852 0.877214 0.0485519
0.0898698 0.0619266 0.844679 0.00352424
0.0549278 0.14046 0.804512 9.9991E-05
0.0923908 0.0314151 0.863272 0.0129222
0.116453 0.150163 0.665142 0.0682419
0.113943 0.0276568 0.827626 0.0307743
0.0160127 0.138237 0.845651 9.9991E-05
0.0287449 0.100884 0.870272 9.9991E-05
0.0673052 0.0663454 0.862225 0.00412491
0.0272479 0.0291901 0.943462 9.9991E-05
0.110593 0.026914 0.845828 0.0166656
0.0401804 0.0788276 0.719412 0.16158
0.0557981 0.00466333 0.851583 0.0879553
0.0669529 9.9991E-05 0.84365 0.0892968
0.06205 0.00894754 0.841922 0.0870801
0.0719945 9.9991E-05 0.814202 0.113704
0.0745391 9.9991E-05 0.838107 0.0872536
0.0261774 0.0421612 0.761953 0.169708
0.0367484 0.0600199 0.661868 0.241363
0.110986 0.0297817 0.693866 0.165366
0.0848992 0.116714 0.716565 0.0818212
0.00392666 0.030178 0.826684 0.139212
0.0808619 0.0472576 0.698425 0.173455
0.0760529 0.0107319 0.794599 0.118617
0.0982838 0.0931382 0.650103 0.158475
0.106776 0.0703369 0.706124 0.116763
0.0858411 0.0321115 0.673308 0.208739
9.998E-05 9.998E-05 9.998E-05 0.9997
0.0265271 0.0280958 0.0166344 0.928743
0.00577548 0.0160576 0.0863999 0.891767
9.998E-05 9.998E-05 9.998E-05 0.9997
9.998E-05 9.998E-05 9.998E-05 0.9997
9.998E-05 9.998E-05 9.998E-05 0.9997
0.000953771 9.9982E-05 9.9982E-05 0.998846
0.0444586 0.0144435 0.0699881 0.87111
9.998E-05 9.998E-05 9.998E-05 0.9997
9.998E-05 9.998E-05 9.998E-05 0.9997
0.0610048 9.9991E-05 0.833783 0.105112
9.9982E-05 9.9982E-05 0.0625077 0.937292
9.998E-05 9.998E-05 9.998E-05 0.9997
9.9982E-05 9.9982E-05 0.0246589 0.975141
0.0208706 9.9991E-05 0.863743 0.115286
0.0684223 9.9991E-05 0.804204 0.127274
0.0349725 9.9991E-05 0.823093 0.141835
0.046108 9.9991E-05 0.795506 0.158286
0.0391368 9.9991E-05 0.838128 0.122635
0.00608728 0.0359808 0.862635 0.0952971
0.0445432 9.9991E-05 0.765473 0.189884
9.9982E-05 9.9982E-05 0.861845 0.137955
0.0707003 9.9991E-05 0.717968 0.211231
0.0606041 9.9991E-05 0.732143 0.207153
0.0605284 9.9991E-05 0.821014 0.118358
0.0521394 9.9991E-05 0.763563 0.184198
0.0650475 9.9991E-05 0.832187 0.102665
0.0519585 9.9991E-05 0.777946 0.169995
0.0183125 9.9991E-05 0.97268 0.00890769
0.00162491 9.9991E-05 0.946083 0.0521917
9.998E-05 9.998E-05 0.9997 9.998E-05
9.9982E-05 9.9982E-05 0.992757 0.00704288
9.9982E-05 9.9982E-05 0.971188 0.0286125
9.9982E-05 9.9982E-05 0.967611 0.0321887
9.9982E-05 9.9982E-05 0.964099 0.0357011
9.9982E-05 9.9982E-05 0.961133 0.0386671
0.000148375 9.9982E-05 0.999652 9.9982E-05
9.998E-05 9.998E-05 0.9997 9.998E-05
9.9982E-05 9.9982E-05 0.889437 0.110363
9.9982E-05 9.9982E-05 0.963445 0.0363553
0.0657507 9.9991E-05 0.90921 0.024939
0.9997 9.998E-05 9.998E-05 9.998E-05
0.0906006 9.9991E-05 0.742249 0.16705
0.9997 9.998E-05 9.998E-05 9.998E-05
0.9997 9.998E-05 9.998E-05 9.998E-05
0.958964 9.9982E-05 9.9982E-05 0.0408356
0.77681 0.00495139 0.198237 0.0200012
0.9997 9.998E-05 9.998E-05 9.998E-05
0.941779 9.9982E-05 0.0580213 9.9982E-05
0.980392 9.9982E-05 9.9982E-05 0.0194079
0.977412 9.9982E-05 0.0223881 9.9982E-05
0.98098 0.0188201 9.9982E-05 9.9982E-05
0.9997 9.998E-05 9.998E-05 9.998E-05
0.988359 9.9982E-05 9.9982E-05 0.0114415
0.820319 9.9991E-05 0.117647 0.0619348
0.965274 0.00213142 0.0324941 9.9991E-05
0.900916 0.000215055 0.0987685 9.9991E-05
0.881669 0.0206931 0.0975377 9.9991E-05
0.873806 0.00939166 0.105787 0.0110154
0.962274 9.9982E-05 0.0375265 9.9982E-05
0.0424851 0.0395534 0.842497 0.0754641
0.0494729 9.9991E-05 0.883811 0.0666165
0.0460114 0.0513725 0.814288 0.0883283
0.0673592 0.0499604 0.795922 0.0867585
0.0104316 9.9991E-05 0.809125 0.180343
0.00699148 9.9991E-05 0.77336 0.219549
0.03362 9.9991E-05 0.783205 0.183075
0.0646027 9.9991E-05 0.747535 0.187763
0.0359914 9.9991E-05 0.764008 0.199901
0.0223515 9.9991E-05 0.764676 0.212873
0.0308205 9.9991E-05 0.784113 0.184967
0.0466306 0.026978 0.795194 0.131197
0.0288727 0.0265474 0.786827 0.157753
9.998E-05 9.998E-05 0.9997 9.998E-05
9.998E-05 9.998E-05 0.9997 9.998E-05
9.998E-05 9.998E-05 0.9997 9.998E-05
9.998E-05 9.998E-05 0.9997 9.998E-05
9.998E-05 9.998E-05 0.9997 9.998E-05
9.998E-05 9.998E-05 0.9997 9.998E-05
9.998E-05 9.998E-05 0.9997 9.998E-05
9.998E-05 9.998E-05 0.9997 9.998E-05
9.998E-05 9.998E-05 0.9997 9.998E-05
9.998E-05 9.998E-05 0.9997 9.998E-05
9.998E-05 9.998E-05 0.9997 9.998E-05
9.998E-05 9.998E-05 0.9997 9.998E-05
