9.998E-05 9.998E-05 9.998E-05 0.9997
0.0996026 0.121987 0.219969 0.558441
0.0921952 0.123877 0.18882 0.595108
9.9982E-05 9.9982E-05 0.453486 0.546314
9.9982E-05 9.9982E-05 0.67642 0.32338
0.0117101 0.0812165 0.442008 0.465066
9.999E-05 0.0371002 0.371956 0.590844
0.0117314 0.0878227 0.348744 0.551702
0.0217991 0.0793981 0.376523 0.52228
9.998E-05 9.998E-05 9.998E-05 0.9997
9.998E-05 9.998E-05 9.998E-05 0.9997
9.998E-05 9.998E-05 9.998E-05 0.9997
9.998E-05 9.998E-05 9.998E-05 0.9997
9.9982E-05 9.9982E-05 0.00416868 0.995631
9.998E-05 9.998E-05 9.998E-05 0.9997
0.0013132 0.0323801 0.582304 0.384003
0.0140859 0.130689 0.477154 0.378071
9.9991E-05 0.0501149 0.473352 0.476433
9.9982E-05 9.9982E-05 0.755084 0.244716
9.9982E-05 9.9982E-05 0.769135 0.230665
0.0095351 9.9991E-05 0.608627 0.381738
9.9991E-05 0.0710106 0.684102 0.244787
9.9991E-05 0.04387 0.685923 0.270107
9.9991E-05 0.0200491 0.652944 0.326907
9.9982E-05 9.9982E-05 0.709834 0.289966
9.9982E-05 9.9982E-05 0.81415 0.18565
9.9991E-05 0.0592749 0.711132 0.229493
9.9991E-05 0.0429085 0.629252 0.32774
9.9982E-05 9.9982E-05 0.71177 0.28803
9.9982E-05 9.9982E-05 0.616507 0.383293
9.9982E-05 9.9982E-05 0.651617 0.348183
9.9991E-05 0.00125206 0.770786 0.227862
9.9991E-05 0.0393063 0.74092 0.219673
9.9991E-05 0.0868488 0.647488 0.265563
9.9991E-05 0.0446502 0.713858 0.241392
9.9982E-05 9.9982E-05 0.596738 0.403062
9.9991E-05 0.0137072 0.837515 0.148678
9.9991E-05 0.0159755 0.802378 0.181547
0.000301436 0.070309 0.730491 0.198898
0.00804127 9.9991E-05 0.795236 0.196623
0.0148143 0.116972 0.799192 0.0690209
9.9991E-05 0.131672 0.799984 0.068244
0.0276102 0.0905231 0.714855 0.167011
0.020136 0.0560913 0.862203 0.0615701
9.9991E-05 0.0668824 0.884232 0.0487855
9.9991E-05 0.0559804 0.867325 0.0765949
9.9991E-05 0.0681837 0.850632 0.081084
9.9991E-05 0.0671078 0.845311 0.0874813
9.9991E-05 0.0453414 0.809048 0.145511
0.0121196 0.0606933 0.656908 0.270279
0.00970502 0.0620848 0.768537 0.159673
9.9991E-05 0.0656252 0.836395 0.0978803
9.9991E-05 0.0725694 0.814071 0.11326
0.0129348 9.9991E-05 0.870654 0.116312
0.0491053 0.0104366 0.817814 0.122644
0.00330627 0.113856 0.801702 0.0811365
0.0244265 0.096415 0.721813 0.157345
0.00337563 9.9991E-05 0.90635 0.0901743
9.9991E-05 0.0697858 0.843556 0.086558
0.011687 0.0273539 0.822082 0.138877
9.9991E-05 0.0146344 0.902583 0.0826828
0.0501887 9.9991E-05 0.823151 0.12656
0.0295859 0.143373 0.743801 0.0832402
9.9991E-05 0.0597207 0.906012 0.0341677
9.9982E-05 9.9982E-05 0.895373 0.104427
9.9991E-05 0.100791 0.851982 0.0471269
0.0539369 0.033547 0.871564 0.0409526
0.0690933 0.0876375 0.804813 0.0384558
0.00837263 0.0770312 0.807399 0.107197
0.000622721 0.108607 0.852269 0.0385012
0.0609967 0.1017 0.71379 0.123514
0.0400609 0.081483 0.848539 0.0299169
9.9991E-05 0.0427566 0.834278 0.122865
9.9991E-05 0.0230167 0.855449 0.121435
9.9991E-05 0.0476886 0.857148 0.0950637
9.9991E-05 0.0243163 0.934346 0.0412381
0.0508472 0.157632 0.75524 0.0362811
0.134859 0.0283605 0.765796 0.0709852
0.138762 0.0545191 0.806619 9.9991E-05
0.136578 0.00931062 0.854012 9.9991E-05
0.0697575 0.0716078 0.8567 0.00193452
0.124207 0.0413579 0.834335 9.9991E-05
0.107046 0.0325565 0.860298 9.9991E-05
0.113099 0.026099 0.797338 0.0634641
0.241634 0.0081788 0.718091 0.032096
0.150966 0.125535 0.698665 0.0248335
0.0732285 0.109297 0.718016 0.0994594
0.119419 9.9991E-05 0.830216 0.0502644
0.167522 0.0881518 0.739611 0.00471573
0.118787 0.0937713 0.76278 0.0246613
0.136344 0.086048 0.686704 0.090904
0.128526 0.114329 0.680232 0.076914
0.166504 0.090492 0.697736 0.0452685
0.9997 9.998E-05 9.998E-05 9.998E-05
0.967667 9.9982E-05 9.9982E-05 0.0321334
0.895338 0.00957997 0.063674 0.0314083
0.999006 0.00079446 9.9982E-05 9.9982E-05
0.9997 9.998E-05 9.998E-05 9.998E-05
0.9997 9.998E-05 9.998E-05 9.998E-05
0.9997 9.998E-05 9.998E-05 9.998E-05
0.949592 0.0105149 0.0397934 9.9991E-05
0.9997 9.998E-05 9.998E-05 9.998E-05
0.9997 9.998E-05 9.998E-05 9.998E-05
0.111956 0.0772366 0.810708 9.9991E-05
0.882806 9.9982E-05 0.116994 9.9982E-05
0.9997 9.998E-05 9.998E-05 9.998E-05
0.9997 9.998E-05 9.998E-05 9.998E-05
0.119855 0.0639402 0.816105 9.9991E-05
0.112935 0.0685858 0.818379 9.9991E-05
0.134139 0.0426478 0.823113 9.9991E-05
0.155836 0.0527447 0.791319 9.9991E-05
0.12878 0.0776294 0.79349 9.9991E-05
0.0880106 0.00518917 0.9067 9.9991E-05
0.174208 0.0449396 0.780752 9.9991E-05
0.140868 9.9982E-05 0.858932 9.9982E-05
0.226056 0.0743047 0.69954 9.9991E-05
0.21095 0.0809566 0.707993 9.9991E-05
0.0996347 0.052748 0.847517 9.9991E-05
0.188234 0.0295761 0.777358 0.0048318
0.0677236 0.0822374 0.849939 9.9991E-05
0.15945 0.00571749 0.834733 9.9991E-05
0.0362839 0.0336546 0.929961 9.9991E-05
0.0336094 9.9982E-05 0.966191 9.9982E-05
0.00585107 9.9982E-05 0.993949 9.9982E-05
0.00477402 9.9982E-05 0.995026 9.9982E-05
0.0103283 9.9982E-05 0.989472 9.9982E-05
0.0525384 9.9982E-05 0.947262 9.9982E-05
0.0151103 9.9982E-05 0.98469 9.9982E-05
0.0318395 9.9982E-05 0.967961 9.9982E-05
9.9982E-05 0.00110389 0.998696 9.9982E-05
0.00974454 9.9982E-05 0.990055 9.9982E-05
0.12216 0.0146825 0.863058 9.9991E-05
0.0441 9.9982E-05 0.9557 9.9982E-05
0.00463591 0.0724395 0.922825 9.9991E-05
9.998E-05 0.9997 9.998E-05 9.998E-05
0.176404 0.0980224 0.725474 9.9991E-05
9.998E-05 0.9997 9.998E-05 9.998E-05
9.998E-05 0.9997 9.998E-05 9.998E-05
0.0411518 0.943635 9.9991E-05 0.0151131
0.0410449 0.831524 0.124398 0.00303275
9.998E-05 0.9997 9.998E-05 9.998E-05
0.0133473 0.873989 0.112564 9.9991E-05
9.998E-05 0.9997 9.998E-05 9.998E-05
9.9982E-05 0.948148 0.0516518 9.9982E-05
9.998E-05 0.9997 9.998E-05 9.998E-05
9.998E-05 0.9997 9.998E-05 9.998E-05
0.0179848 0.981815 9.9982E-05 9.9982E-05
0.0745686 0.760964 0.144335 0.0201324
9.9991E-05 0.947777 0.0288138 0.0233094
0.030533 0.868789 0.100578 9.9991E-05
0.0260696 0.849574 0.124256 9.9991E-05
9.9991E-05 0.81068 0.175425 0.0137954
0.0243904 0.922747 0.041025 0.0118379
0.06393 0.0504717 0.856398 0.0292
0.0805992 0.0360969 0.854558 0.0287456
0.0960644 0.0338444 0.818097 0.0519944
0.0857814 0.0502658 0.822748 0.0412045
0.167012 0.000392628 0.832495 9.9991E-05
0.226596 0.0473995 0.725904 9.9991E-05
0.196459 0.0255325 0.777909 9.9991E-05
0.191841 0.0114513 0.796608 9.9991E-05
0.171913 0.00169893 0.826288 9.9991E-05
0.177395 0.039158 0.783347 9.9991E-05
0.201872 0.0234902 0.774538 9.9991E-05
0.128314 0.0998758 0.749518 0.0222924
0.140272 0.0559255 0.793166 0.0106362
9.998E-05 9.998E-05 0.9997 9.998E-05
9.998E-05 9.998E-05 0.9997 9.998E-05
9.998E-05 9.998E-05 0.9997 9.998E-05
9.998E-05 9.998E-05 0.9997 9.998E-05
9.998E-05 9.998E-05 0.9997 9.998E-05
9.998E-05 9.998E-05 0.9997 9.998E-05
9.998E-05 9.998E-05 0.9997 9.998E-05
9.998E-05 9.998E-05 0.9997 9.998E-05
9.998E-05 9.998E-05 0.9997 9.998E-05
9.998E-05 9.998E-05 0.9997 9.998E-05
9.998E-05 9.998E-05 0.9997 9.998E-05
9.998E-05 9.998E-05 0.9997 9.998E-05
