9.998E-05 0.9997 9.998E-05 9.998E-05
0.0185408 0.877474 0.0680462 0.0359386
9.999E-05 0.961485 0.00307803 0.0353373
0.183181 0.636455 0.0275566 0.152808
0.00611201 0.834089 9.9991E-05 0.159699
0.0972396 0.90256 9.9982E-05 9.9982E-05
0.050966 0.856614 0.016015 0.0764051
0.0570421 0.818647 9.9991E-05 0.124211
9.9982E-05 0.796424 9.9982E-05 0.203376
9.999E-05 0.567827 0.0580559 0.374017
0.968557 9.9982E-05 0.0312426 9.9982E-05
0.998253 9.9982E-05 9.9982E-05 0.00154715
0.860673 0.139127 9.9982E-05 9.9982E-05
0.836954 0.0226138 0.0140993 0.126333
0.779139 0.0738408 0.0800256 0.0669943
0.978403 9.9982E-05 9.9982E-05 0.0213967
0.9997 9.998E-05 9.998E-05 9.998E-05
0.667746 9.9982E-05 9.9982E-05 0.332054
0.826718 9.9991E-05 0.00515542 0.168027
0.9997 9.998E-05 9.998E-05 9.998E-05
0.803856 0.0535207 9.9991E-05 0.142523
0.596215 0.332879 9.9991E-05 0.0708056
0.996377 9.9982E-05 0.00342317 9.9982E-05
0.946564 9.9982E-05 9.9982E-05 0.0532359
0.787453 9.9991E-05 0.0171221 0.195325
0.701986 0.0766603 9.9991E-05 0.221253
0.590066 9.9982E-05 9.9982E-05 0.409734
0.521948 0.0479679 0.0177755 0.412309
0.596296 0.0290719 9.9991E-05 0.374532
0.647767 9.9982E-05 9.9982E-05 0.352033
9.9982E-05 0.121062 9.9982E-05 0.878738
0.0147048 0.249128 9.9991E-05 0.736067
0.20039 0.0120368 9.9991E-05 0.787473
0.149421 0.0338747 9.9991E-05 0.816604
0.38803 9.9982E-05 9.9982E-05 0.61177
0.0643441 0.149364 9.9991E-05 0.786192
0.185546 0.260572 9.9991E-05 0.553782
0.16322 0.074299 9.9991E-05 0.762381
0.12685 0.0413192 0.0055492 0.826282
0.1663 0.098869 0.0246992 0.710132
0.0139252 0.20354 9.9991E-05 0.782435
0.156486 0.108991 9.9991E-05 0.734423
0.123436 0.0775303 9.9991E-05 0.798934
0.20336 0.0460847 0.0227681 0.727788
0.0531728 0.00341202 9.9991E-05 0.943315
0.137507 0.0107264 0.00550278 0.846263
0.0797983 0.0123401 9.9991E-05 0.907762
9.998E-05 9.998E-05 9.998E-05 0.9997
0.117456 0.171087 0.00112431 0.710332
9.9982E-05 0.13727 9.9982E-05 0.86253
9.998E-05 9.998E-05 9.998E-05 0.9997
0.100019 9.9982E-05 9.9982E-05 0.899781
0.0266229 9.9982E-05 9.9982E-05 0.973177
0.00581565 9.9982E-05 9.9982E-05 0.993984
9.998E-05 9.998E-05 9.998E-05 0.9997
9.9991E-05 0.029982 0.0391822 0.930736
0.0714713 9.9991E-05 0.0281261 0.900303
0.0963028 9.9991E-05 0.000345728 0.903252
9.9991E-05 0.0442279 0.0186707 0.937001
0.0526143 0.113555 0.0127356 0.821095
0.0302743 9.9991E-05 0.00531499 0.964311
0.00850629 0.0248168 0.125795 0.840882
9.9991E-05 0.000375223 0.0177644 0.98176
9.9982E-05 9.9982E-05 0.141052 0.858748
0.102895 9.9991E-05 0.0642216 0.832783
9.9982E-05 9.9982E-05 0.0337417 0.966058
0.0161562 9.9991E-05 0.0624538 0.92129
0.0238114 9.9991E-05 0.0317011 0.944387
9.9982E-05 9.9982E-05 0.0441922 0.955608
9.9982E-05 9.9982E-05 0.0190151 0.980785
9.9982E-05 9.9982E-05 0.0557443 0.944056
9.9991E-05 0.118404 0.0486746 0.832822
9.9982E-05 9.9982E-05 0.0384878 0.961312
0.0147363 9.9991E-05 0.0946938 0.89047
0.124385 0.0196599 0.593705 0.26225
9.998E-05 9.998E-05 0.9997 9.998E-05
0.0482023 0.0412502 0.0937383 0.816809
