9.998E-05 9.998E-05 0.9997 9.998E-05
0.199645 0.104653 0.547018 0.148684
0.12048 0.165417 0.561421 0.152682
0.446797 9.9982E-05 0.553003 9.9982E-05
0.622583 9.9982E-05 0.377217 9.9982E-05
0.469813 0.0792404 0.449256 0.00169043
0.348395 0.0187609 0.632744 9.9991E-05
0.351475 0.0978239 0.549636 0.0010655
0.423896 0.0556654 0.479581 0.040857
9.998E-05 9.998E-05 0.9997 9.998E-05
9.998E-05 9.998E-05 0.9997 9.998E-05
9.998E-05 9.998E-05 0.9997 9.998E-05
9.998E-05 9.998E-05 0.9997 9.998E-05
9.998E-05 9.998E-05 0.9997 9.998E-05
9.998E-05 9.998E-05 0.9997 9.998E-05
0.484566 0.0932756 0.422059 9.9991E-05
0.462229 0.0593004 0.371978 0.106493
0.497394 0.0329527 0.466571 0.00308247
0.743034 9.9982E-05 0.256766 9.9982E-05
0.761248 9.9982E-05 0.238552 9.9982E-05
0.605986 9.9982E-05 0.393814 9.9982E-05
0.661439 0.0696653 0.252117 0.0167787
0.671412 0.0373529 0.278935 0.0123
0.632927 0.0232935 0.34368 9.9991E-05
0.730429 9.9982E-05 0.269371 9.9982E-05
0.810786 9.9982E-05 0.189014 9.9982E-05
0.704278 0.0809839 0.214638 9.9991E-05
0.67159 0.0124558 0.315854 9.9991E-05
0.674386 0.0365005 0.289013 9.9991E-05
0.607204 0.00921964 0.383476 9.9991E-05
0.620928 9.9991E-05 0.352892 0.02608
0.715889 0.022898 0.256848 0.00436486
0.669186 0.0637089 0.234527 0.0325787
0.66208 0.0893124 0.248508 9.9991E-05
0.620654 0.085117 0.294129 9.9991E-05
0.622336 9.9982E-05 0.377464 9.9982E-05
0.802757 0.032999 0.164144 9.9991E-05
0.800696 0.0281248 0.171079 9.9991E-05
0.670815 0.064708 0.198452 0.0660257
0.8004 9.9991E-05 0.186648 0.0128525
0.833007 0.0465421 0.0560823 0.0643687
0.807604 0.0943683 0.0979273 9.9991E-05
0.67263 0.0971206 0.186055 0.0441942
0.842286 0.0640069 0.0833002 0.0104072
0.854982 0.104509 0.0404094 9.9991E-05
0.841865 0.0595246 0.0985103 9.9991E-05
0.879075 0.0454191 0.0754057 9.9991E-05
0.854645 0.0454274 0.0998276 9.9991E-05
0.808487 0.0588707 0.132543 9.9991E-05
0.714197 0.020479 0.239475 0.0258497
0.741366 0.0772441 0.18129 9.9991E-05
0.817406 0.0930122 0.089482 9.9991E-05
0.827028 0.0902992 0.082573 9.9991E-05
0.877148 0.00650552 0.0987881 0.0175581
0.824983 0.0453746 0.0960075 0.0336349
0.766791 0.133314 0.0997955 9.9991E-05
0.730486 0.0861323 0.183282 9.9991E-05
0.903546 9.9991E-05 0.0947813 0.00157254
0.817272 0.0717134 0.110914 9.9991E-05
0.813353 0.0213441 0.165202 9.9991E-05
0.944719 9.9982E-05 0.0550812 9.9982E-05
0.905678 9.9991E-05 0.0928944 0.00132747
0.794293 0.047236 0.113308 0.0451633
0.845016 0.116617 0.0270657 0.0113016
0.90089 9.9982E-05 0.0989104 9.9982E-05
0.831279 0.0798164 0.0653067 0.0235977
0.851701 0.0527375 0.037863 0.057698
0.782547 0.0717346 0.0656779 0.0800401
0.825263 0.0522215 0.122415 9.9991E-05
0.802951 0.115718 0.0614029 0.0199281
0.673212 0.103779 0.161993 0.0610162
0.912488 0.0494284 0.0238963 0.0141874
0.805331 0.0416791 0.15289 9.9991E-05
0.893457 9.9982E-05 0.106343 9.9982E-05
0.880971 0.0352009 0.0837281 9.9991E-05
0.948684 9.9991E-05 0.0452344 0.00598148
0.87895 0.067319 0.026126 0.0276049
0.711706 0.0633909 0.067425 0.157478
0.859555 0.0296058 9.9991E-05 0.11074
0.840672 0.0412634 9.9991E-05 0.117965
0.895595 0.0475169 9.9991E-05 0.0567884
0.809433 0.0448937 9.9991E-05 0.145573
0.809238 0.0931627 9.9991E-05 0.0974991
0.836357 9.9991E-05 0.0494461 0.114097
0.716561 0.0753787 0.00592521 0.202135
0.695784 0.116211 0.0122708 0.175735
0.71153 0.103642 0.108151 0.0766767
0.824564 9.9991E-05 0.0357385 0.139597
0.674103 0.139119 0.0428719 0.143905
0.805138 0.0829147 0.0219929 0.0899541
0.67311 0.0948357 0.0851615 0.146893
0.683117 0.0809534 0.0879102 0.14802
0.721573 0.0887695 0.0214112 0.168246
9.998E-05 9.998E-05 9.998E-05 0.9997
9.9982E-05 9.9982E-05 0.0276129 0.972187
0.108094 9.9991E-05 0.0129046 0.878902
9.9982E-05 0.00328474 9.9982E-05 0.996515
9.998E-05 9.998E-05 9.998E-05 0.9997
9.998E-05 9.998E-05 9.998E-05 0.9997
9.998E-05 9.998E-05 9.998E-05 0.9997
0.0122806 0.0239598 0.0394494 0.92431
9.998E-05 9.998E-05 9.998E-05 0.9997
9.998E-05 9.998E-05 9.998E-05 0.9997
0.861111 0.0560391 9.9991E-05 0.0827497
0.0839589 0.000657272 9.9991E-05 0.915284
0.00357363 0.00306886 9.9991E-05 0.993258
0.00722364 9.9982E-05 9.9982E-05 0.992576
0.88842 0.0045216 9.9991E-05 0.106959
0.853394 0.0474957 9.9991E-05 0.0990105
0.846065 0.0212085 9.9991E-05 0.132627
0.780998 0.0523203 9.9991E-05 0.166582
0.83502 0.0102895 9.9991E-05 0.154591
0.853493 0.020654 0.00265543 0.123197
0.82343 9.9991E-05 0.00743222 0.169037
0.869531 9.9982E-05 9.9982E-05 0.130269
0.692889 0.081306 9.9991E-05 0.225705
0.726814 0.0577807 9.9991E-05 0.215305
0.815341 0.0498238 0.0075817 0.127253
0.720716 0.0642782 9.9991E-05 0.214906
0.876084 0.0748135 0.000503481 0.0485988
0.791851 0.086936 0.00397407 0.117239
0.9997 9.998E-05 9.998E-05 9.998E-05
0.954518 9.9982E-05 9.9982E-05 0.0452825
0.965353 9.9982E-05 9.9982E-05 0.0344467
0.9997 9.998E-05 9.998E-05 9.998E-05
0.993464 9.9982E-05 9.9982E-05 0.00633573
0.97853 9.9982E-05 9.9982E-05 0.0212696
0.990833 9.9982E-05 9.9982E-05 0.00896669
0.980285 0.0144497 9.9991E-05 0.00516556
0.987753 0.0120469 9.9982E-05 9.9982E-05
0.974804 0.00676333 9.9991E-05 0.0183323
0.854447 0.0469147 9.9991E-05 0.098538
0.957156 9.9982E-05 9.9982E-05 0.0426439
0.95378 0.0340677 9.9991E-05 0.0120524
9.998E-05 0.9997 9.998E-05 9.998E-05
0.743621 0.102857 9.9991E-05 0.153422
9.998E-05 0.9997 9.998E-05 9.998E-05
9.998E-05 0.9997 9.998E-05 9.998E-05
0.00688918 0.954493 0.00454337 0.0340748
0.22204 0.774505 9.9991E-05 0.00335493
9.998E-05 0.9997 9.998E-05 9.998E-05
0.129864 0.843946 9.9991E-05 0.0260891
9.9991E-05 0.986245 0.00112666 0.0125285
0.0257145 0.974086 9.9982E-05 9.9982E-05
9.998E-05 0.9997 9.998E-05 9.998E-05
9.998E-05 0.9997 9.998E-05 9.998E-05
9.998E-05 0.9997 9.998E-05 9.998E-05
0.117979 0.824652 9.9991E-05 0.0572691
9.9991E-05 0.964735 0.0208307 0.0143347
0.0871822 0.912326 9.9991E-05 0.000391437
0.124745 0.875055 9.9982E-05 9.9982E-05
0.0762337 0.887938 0.0357288 9.9991E-05
0.0595762 0.940224 9.9982E-05 9.9982E-05
0.892275 0.0441623 0.0115875 0.0519752
0.898258 0.0116373 0.0289323 0.0611722
0.859052 0.0122239 0.0438043 0.0849193
0.817549 0.0507043 0.0502302 0.0815162
0.813663 0.0241404 9.9991E-05 0.162097
0.770844 0.0315492 9.9991E-05 0.197507
0.793414 0.0318491 9.9991E-05 0.174637
0.76061 0.0132302 9.9991E-05 0.22606
0.775994 0.0314372 9.9991E-05 0.192469
0.770004 0.0235979 9.9991E-05 0.206298
0.815277 0.0189838 9.9991E-05 0.165639
0.790931 0.0347994 0.0304276 0.143842
0.852646 0.0219152 9.9991E-05 0.125339
0.9997 9.998E-05 9.998E-05 9.998E-05
0.9997 9.998E-05 9.998E-05 9.998E-05
0.9997 9.998E-05 9.998E-05 9.998E-05
0.9997 9.998E-05 9.998E-05 9.998E-05
0.9997 9.998E-05 9.998E-05 9.998E-05
0.9997 9.998E-05 9.998E-05 9.998E-05
0.9997 9.998E-05 9.998E-05 9.998E-05
0.9997 9.998E-05 9.998E-05 9.998E-05
0.9997 9.998E-05 9.998E-05 9.998E-05
0.9997 9.998E-05 9.998E-05 9.998E-05
0.9997 9.998E-05 9.998E-05 9.998E-05
0.9997 9.998E-05 9.998E-05 9.998E-05
