9.98741E-05 9.98741E-05 9.98741E-05 9.98741E-05 9.98741E-05 9.98741E-05 9.98741E-05 0.998602 9.98741E-05 9.98741E-05 9.98741E-05 9.98741E-05 9.98741E-05 9.98741E-05 9.98741E-05
9.99077E-05 9.99077E-05 9.99077E-05 9.99077E-05 9.99077E-05 0.877116 9.99077E-05 0.0911228 9.99077E-05 9.99077E-05 9.99077E-05 0.0189719 9.99077E-05 9.99077E-05 0.0116903
9.98741E-05 9.98741E-05 0.998602 9.98741E-05 9.98741E-05 9.98741E-05 9.98741E-05 9.98741E-05 9.98741E-05 9.98741E-05 9.98741E-05 9.98741E-05 9.98741E-05 9.98741E-05 9.98741E-05
9.9946E-05 0.112226 0.698453 0.0258403 0.000869011 0.0140001 9.9946E-05 9.9946E-05 0.0221842 9.9946E-05 9.9946E-05 0.0162802 0.0407906 0.0687579 9.9946E-05
9.991E-05 0.041589 0.0276528 0.0214905 9.991E-05 9.991E-05 9.991E-05 9.991E-05 9.991E-05 9.991E-05 0.00299044 9.991E-05 9.991E-05 9.991E-05 0.905278
9.9919E-05 9.9919E-05 0.14754 0.00476557 9.9919E-05 0.0748676 9.9919E-05 0.550261 9.9919E-05 9.9919E-05 9.9919E-05 9.9919E-05 0.0563777 9.9919E-05 0.165289
0.135561 9.9919E-05 9.9919E-05 9.9919E-05 0.0461158 0.0347017 0.00138976 0.758538 9.9919E-05 0.0227941 9.9919E-05 9.9919E-05 9.9919E-05 9.9919E-05 9.9919E-05
9.98741E-05 9.98741E-05 9.98741E-05 9.98741E-05 9.98741E-05 9.98741E-05 9.98741E-05 9.98741E-05 9.98741E-05 9.98741E-05 9.98741E-05 9.98741E-05 9.98741E-05 9.98741E-05 0.998602
9.99191E-05 9.99191E-05 0.131183 0.0201029 9.99191E-05 9.99191E-05 9.99191E-05 0.314097 9.99191E-05 0.204319 0.126997 9.99191E-05 9.99191E-05 9.99191E-05 0.202402
9.98741E-05 9.98741E-05 9.98741E-05 9.98741E-05 9.98741E-05 9.98741E-05 9.98741E-05 9.98741E-05 9.98741E-05 9.98741E-05 9.98741E-05 0.998602 9.98741E-05 9.98741E-05 9.98741E-05
9.9928E-05 9.9928E-05 0.0214741 0.494296 9.9928E-05 0.085027 0.00561243 9.9928E-05 9.9928E-05 9.9928E-05 0.00294502 9.9928E-05 0.0270298 0.362816 9.9928E-05
9.98921E-05 9.98921E-05 9.98921E-05 9.98921E-05 0.910994 0.0586128 9.98921E-05 9.98921E-05 9.98921E-05 9.98921E-05 9.98921E-05 0.0291946 9.98921E-05 9.98921E-05 9.98921E-05
9.991E-05 9.991E-05 0.0264797 0.17976 0.240633 9.991E-05 9.991E-05 9.991E-05 9.991E-05 9.991E-05 9.991E-05 9.991E-05 9.991E-05 0.350711 0.201418
9.98831E-05 9.98831E-05 9.98831E-05 9.98831E-05 0.965086 9.98831E-05 0.0336152 9.98831E-05 9.98831E-05 9.98831E-05 9.98831E-05 9.98831E-05 9.98831E-05 9.98831E-05 9.98831E-05
9.993E-05 9.993E-05 0.0922011 0.687411 0.0570136 9.993E-05 0.0303667 0.0314149 9.993E-05 9.993E-05 9.993E-05 0.020013 0.0618744 0.0190053 9.993E-05
9.991E-05 9.991E-05 9.991E-05 0.0407766 0.467858 0.238635 9.991E-05 9.991E-05 9.991E-05 9.991E-05 9.991E-05 9.991E-05 0.118933 0.132798 9.991E-05
9.99011E-05 9.99011E-05 9.99011E-05 0.0578491 9.99011E-05 9.99011E-05 9.99011E-05 9.99011E-05 9.99011E-05 0.010121 9.99011E-05 9.99011E-05 0.834029 0.0969024 9.99011E-05
0.0791656 0.0686348 9.9919E-05 0.0446632 9.9919E-05 9.9919E-05 0.0165982 9.9919E-05 9.9919E-05 9.9919E-05 0.102869 9.9919E-05 0.68717 9.9919E-05 9.9919E-05
9.99011E-05 9.99011E-05 9.99011E-05 0.795521 0.0121077 9.99011E-05 9.99011E-05 9.99011E-05 9.99011E-05 0.0323166 9.99011E-05 9.99011E-05 0.158955 9.99011E-05 9.99011E-05
9.99191E-05 9.99191E-05 0.0365474 9.99191E-05 0.0703441 0.106193 9.99191E-05 9.99191E-05 9.99191E-05 9.99191E-05 0.018393 9.99191E-05 0.765295 9.99191E-05 0.00232812
0.0567048 0.03043 0.0212908 0.0236189 0.0856517 9.9955E-05 9.9955E-05 0.00867378 0.000938387 9.9955E-05 9.9955E-05 0.11468 0.637335 0.0201771 9.9955E-05
9.98831E-05 9.98831E-05 9.98831E-05 9.98831E-05 9.98831E-05 0.976876 9.98831E-05 9.98831E-05 9.98831E-05 9.98831E-05 9.98831E-05 9.98831E-05 9.98831E-05 0.0218256 9.98831E-05
9.9874E-05 9.9874E-05 9.9874E-05 9.9874E-05 9.9874E-05 9.9874E-05 9.9874E-05 9.9874E-05 9.9874E-05 9.9874E-05 9.9874E-05 9.9874E-05 9.9874E-05 0.998602 9.9874E-05
9.98741E-05 9.98741E-05 9.98741E-05 9.98741E-05 9.98741E-05 9.98741E-05 9.98741E-05 9.98741E-05 9.98741E-05 9.98741E-05 9.98741E-05 9.98741E-05 0.998602 9.98741E-05 9.98741E-05
0.0882345 0.00531905 0.00666706 0.458128 0.415431 9.9919E-05 9.9919E-05 9.9919E-05 9.9919E-05 9.9919E-05 9.9919E-05 9.9919E-05 0.0253213 9.9919E-05 9.9919E-05
0.0569894 9.9901E-05 9.9901E-05 9.9901E-05 0.833475 9.9901E-05 9.9901E-05 0.0456621 9.9901E-05 9.9901E-05 0.0627751 9.9901E-05 9.9901E-05 9.9901E-05 9.9901E-05
9.99191E-05 0.0564406 9.99191E-05 0.783958 9.99191E-05 0.00232759 9.99191E-05 9.99191E-05 0.0841161 9.99191E-05 0.0556988 9.99191E-05 0.0165596 9.99191E-05 9.99191E-05
0.207966 0.0727983 9.9919E-05 0.491092 9.9919E-05 0.166456 0.0308238 9.9919E-05 9.9919E-05 9.9919E-05 9.9919E-05 9.9919E-05 9.9919E-05 0.0299645 9.9919E-05
0.0248783 0.153927 9.9919E-05 0.709729 0.0384143 0.04547 9.9919E-05 9.9919E-05 9.9919E-05 9.9919E-05 0.0266821 9.9919E-05 9.9919E-05 9.9919E-05 9.9919E-05
9.98741E-05 9.98741E-05 9.98741E-05 0.998602 9.98741E-05 9.98741E-05 9.98741E-05 9.98741E-05 9.98741E-05 9.98741E-05 9.98741E-05 9.98741E-05 9.98741E-05 9.98741E-05 9.98741E-05
9.98741E-05 9.98741E-05 9.98741E-05 9.98741E-05 9.98741E-05 9.98741E-05 9.98741E-05 9.98741E-05 9.98741E-05 9.98741E-05 0.998602 9.98741E-05 9.98741E-05 9.98741E-05 9.98741E-05
9.9892E-05 9.9892E-05 9.9892E-05 9.9892E-05 0.0354649 9.9892E-05 9.9892E-05 0.0149243 9.9892E-05 9.9892E-05 0.948412 9.9892E-05 9.9892E-05 9.9892E-05 9.9892E-05
0.12398 0.648228 0.0342793 0.0228608 9.9919E-05 0.0119678 9.9919E-05 9.9919E-05 9.9919E-05 0.157785 9.9919E-05 9.9919E-05 9.9919E-05 9.9919E-05 9.9919E-05
9.98831E-05 0.957611 9.98831E-05 9.98831E-05 9.98831E-05 9.98831E-05 9.98831E-05 9.98831E-05 0.0410908 9.98831E-05 9.98831E-05 9.98831E-05 9.98831E-05 9.98831E-05 9.98831E-05
9.9901E-05 0.703179 9.9901E-05 0.0854075 0.0874105 9.9901E-05 9.9901E-05 9.9901E-05 9.9901E-05 9.9901E-05 0.122904 9.9901E-05 9.9901E-05 9.9901E-05 9.9901E-05
9.98741E-05 9.98741E-05 9.98741E-05 9.98741E-05 9.98741E-05 9.98741E-05 9.98741E-05 9.98741E-05 9.98741E-05 0.998602 9.98741E-05 9.98741E-05 9.98741E-05 9.98741E-05 9.98741E-05
9.9928E-05 0.682806 9.9928E-05 9.9928E-05 9.9928E-05 0.157626 0.0070968 0.0449135 0.00328673 0.00511766 9.9928E-05 9.9928E-05 9.9928E-05 9.9928E-05 0.0983539
9.9892E-05 9.9892E-05 9.9892E-05 0.12609 9.9892E-05 9.9892E-05 9.9892E-05 9.9892E-05 9.9892E-05 0.846241 9.9892E-05 9.9892E-05 9.9892E-05 0.0264698 9.9892E-05
9.9928E-05 0.459939 9.9928E-05 9.9928E-05 9.9928E-05 9.9928E-05 0.0117119 9.9928E-05 0.118589 0.336393 0.0097475 0.0257577 0.0370632 9.9928E-05 9.9928E-05
0.186153 0.207177 9.9937E-05 0.104575 9.9937E-05 0.0993014 0.0169992 9.9937E-05 0.166213 0.208722 9.9937E-05 0.0101588 9.9937E-05 9.9937E-05 9.9937E-05
9.99101E-05 0.139282 9.99101E-05 9.99101E-05 9.99101E-05 9.99101E-05 9.99101E-05 9.99101E-05 0.0029783 0.643422 0.191534 9.99101E-05 0.0217857 9.99101E-05 9.99101E-05
0.300262 0.273737 0.0421243 0.0509824 0.115102 9.9937E-05 9.9937E-05 0.07808 9.9937E-05 0.114488 9.9937E-05 0.0245255 9.9937E-05 9.9937E-05 9.9937E-05
0.0331537 0.923975 0.0112649 9.99011E-05 9.99011E-05 9.99011E-05 9.99011E-05 9.99011E-05 9.99011E-05 9.99011E-05 0.0305072 9.99011E-05 9.99011E-05 9.99011E-05 9.99011E-05
9.99011E-05 0.925701 9.99011E-05 9.99011E-05 0.0032439 9.99011E-05 0.0265361 9.99011E-05 9.99011E-05 9.99011E-05 9.99011E-05 0.0434199 9.99011E-05 9.99011E-05 9.99011E-05
0.1517 9.99191E-05 0.0193985 0.13164 9.99191E-05 9.99191E-05 9.99191E-05 9.99191E-05 0.672223 9.99191E-05 0.00925633 9.99191E-05 9.99191E-05 0.0148829 9.99191E-05
0.0349203 0.0306975 9.9937E-05 0.024604 0.104264 9.9937E-05 0.00778612 9.9937E-05 0.632484 9.9937E-05 0.0897979 0.0747463 9.9937E-05 9.9937E-05 9.9937E-05
9.99191E-05 0.152372 9.99191E-05 9.99191E-05 9.99191E-05 9.99191E-05 0.0767767 9.99191E-05 0.407067 9.99191E-05 0.228536 0.0180743 0.116275 9.99191E-05 9.99191E-05
0.238819 9.99011E-05 9.99011E-05 9.99011E-05 9.99011E-05 9.99011E-05 9.99011E-05 9.99011E-05 0.725286 0.0279723 0.00682328 9.99011E-05 9.99011E-05 9.99011E-05 9.99011E-05
0.0243707 0.197924 0.150021 0.000885052 0.227157 9.9928E-05 0.00121026 9.9928E-05 0.397633 9.9928E-05 9.9928E-05 9.9928E-05 9.9928E-05 9.9928E-05 9.9928E-05
0.202448 0.236459 0.0132498 9.9937E-05 0.0587061 9.9937E-05 9.9937E-05 9.9937E-05 0.295124 0.0292855 0.074359 9.9937E-05 9.9937E-05 9.9937E-05 0.0896694
0.0609603 9.9928E-05 9.9928E-05 9.9928E-05 9.9928E-05 0.0169044 9.9928E-05 9.9928E-05 0.817394 9.9928E-05 0.00320641 0.0252433 0.00629109 0.0692008 9.9928E-05
9.98921E-05 9.98921E-05 9.98921E-05 9.98921E-05 9.98921E-05 9.98921E-05 9.98921E-05 0.0258836 0.970055 9.98921E-05 9.98921E-05 9.98921E-05 0.00286291 9.98921E-05 9.98921E-05
0.140585 9.98832E-05 9.98832E-05 9.98832E-05 9.98832E-05 9.98832E-05 9.98832E-05 9.98832E-05 0.858116 9.98832E-05 9.98832E-05 9.98832E-05 9.98832E-05 9.98832E-05 9.98832E-05
0.0269315 0.14378 9.9937E-05 9.9937E-05 9.9937E-05 9.9937E-05 0.000665503 9.9937E-05 0.736829 0.0129901 0.00845047 0.00701899 9.9937E-05 0.0626349 9.9937E-05
0.0183092 0.19723 9.9901E-05 9.9901E-05 9.9901E-05 9.9901E-05 9.9901E-05 9.9901E-05 0.669808 9.9901E-05 0.113553 9.9901E-05 9.9901E-05 9.9901E-05 9.9901E-05
9.98921E-05 9.98921E-05 0.0235586 9.98921E-05 9.98921E-05 9.98921E-05 0.0633003 9.98921E-05 0.911942 9.98921E-05 9.98921E-05 9.98921E-05 9.98921E-05 9.98921E-05 9.98921E-05
0.792239 9.9937E-05 0.00239619 0.0425362 9.9937E-05 0.0376814 9.9937E-05 9.9937E-05 0.0995858 9.9937E-05 0.00628964 9.9937E-05 0.00729129 9.9937E-05 0.0112811
0.546339 0.153233 0.0122835 9.9937E-05 9.9937E-05 0.00367475 9.9937E-05 9.9937E-05 0.0326222 9.9937E-05 0.0874516 9.9937E-05 9.9937E-05 0.129034 0.0346622
0.731617 9.9928E-05 0.0543552 0.0305599 9.9928E-05 0.0301625 9.9928E-05 9.9928E-05 0.0595313 9.9928E-05 0.0277014 9.9928E-05 9.9928E-05 9.9928E-05 0.0652732
0.55969 0.108532 9.9919E-05 0.0555147 9.9919E-05 0.168194 9.9919E-05 0.0327077 9.9919E-05 9.9919E-05 9.9919E-05 9.9919E-05 9.9919E-05 9.9919E-05 0.074462
0.770899 9.9928E-05 9.9928E-05 0.0261847 9.9928E-05 9.9928E-05 9.9928E-05 0.00684431 0.0815115 9.9928E-05 0.0226274 0.0677911 0.0233424 9.9928E-05 9.9928E-05
0.171083 9.99101E-05 9.99101E-05 9.99101E-05 9.99101E-05 0.0106873 0.0988014 9.99101E-05 9.99101E-05 0.700213 9.99101E-05 0.0182163 9.99101E-05 9.99101E-05 9.99101E-05
0.709585 0.0484732 9.99101E-05 9.99101E-05 9.99101E-05 9.99101E-05 9.99101E-05 9.99101E-05 9.99101E-05 0.0121976 9.99101E-05 0.161901 9.99101E-05 0.0668437 9.99101E-05
0.916248 9.98922E-05 9.98922E-05 9.98922E-05 9.98922E-05 9.98922E-05 0.0389588 9.98922E-05 9.98922E-05 9.98922E-05 0.0435941 9.98922E-05 9.98922E-05 9.98922E-05 9.98922E-05
0.921236 0.0181803 9.9928E-05 9.9928E-05 0.0178696 0.00970604 0.00939267 9.9928E-05 9.9928E-05 0.0135039 9.9928E-05 9.9928E-05 0.00931198 9.9928E-05 9.9928E-05
0.930952 9.99011E-05 9.99011E-05 9.99011E-05 9.99011E-05 9.99011E-05 9.99011E-05 9.99011E-05 9.99011E-05 0.051539 9.99011E-05 0.0092243 9.99011E-05 0.00718558 9.99011E-05
0.972673 9.98921E-05 9.98921E-05 9.98921E-05 0.0206679 9.98921E-05 0.00545998 9.98921E-05 9.98921E-05 9.98921E-05 9.98921E-05 9.98921E-05 9.98921E-05 9.98921E-05 9.98921E-05
0.916888 9.991E-05 9.991E-05 0.0284037 9.991E-05 0.0201963 9.991E-05 9.991E-05 0.0109501 9.991E-05 9.991E-05 0.0225628 9.991E-05 9.991E-05 9.991E-05
0.922736 0.030168 9.991E-05 9.991E-05 9.991E-05 9.991E-05 0.0175372 9.991E-05 9.991E-05 9.991E-05 9.991E-05 9.991E-05 0.0177923 9.991E-05 0.0107675
0.980285 9.99011E-05 0.00951444 9.99011E-05 9.99011E-05 0.0089258 9.99011E-05 9.99011E-05 9.99011E-05 9.99011E-05 9.99011E-05 9.99011E-05 9.99011E-05 0.000175991 9.99011E-05
0.895412 0.00361939 9.99102E-05 9.99102E-05 9.99102E-05 9.99102E-05 0.00238334 9.99102E-05 9.99102E-05 9.99102E-05 0.0754908 9.99102E-05 0.0220955 9.99102E-05 9.99102E-05
0.531251 9.99191E-05 9.99191E-05 9.99191E-05 0.0495964 9.99191E-05 0.025147 9.99191E-05 9.99191E-05 0.300211 0.042585 9.99191E-05 9.99191E-05 9.99191E-05 0.0503098
0.907608 9.99101E-05 0.010285 9.99101E-05 9.99101E-05 9.99101E-05 9.99101E-05 9.99101E-05 0.0278386 9.99101E-05 9.99101E-05 0.0178356 9.99101E-05 9.99101E-05 0.0354338
0.620693 0.131664 9.9955E-05 0.0113325 9.9955E-05 9.9955E-05 0.062006 0.0326735 0.0324614 0.0316285 0.0572598 0.00717561 9.9955E-05 0.0126054 9.9955E-05
0.247441 9.9946E-05 9.9946E-05 9.9946E-05 0.0168275 9.9946E-05 0.578105 9.9946E-05 0.0164385 0.0157716 0.0290905 0.0510661 0.0114238 0.033236 9.9946E-05
9.98741E-05 9.98741E-05 9.98741E-05 9.98741E-05 9.98741E-05 9.98741E-05 0.998602 9.98741E-05 9.98741E-05 9.98741E-05 9.98741E-05 9.98741E-05 9.98741E-05 9.98741E-05 9.98741E-05
0.573254 0.255489 0.00500509 0.0632397 9.9937E-05 9.9937E-05 0.0516597 0.0197897 9.9937E-05 9.9937E-05 9.9937E-05 0.00148834 9.9937E-05 0.0293752 9.9937E-05
