9.99011E-05 0.998901 9.99011E-05 9.99011E-05 9.99011E-05 9.99011E-05 9.99011E-05 9.99011E-05 9.99011E-05 9.99011E-05 9.99011E-05 9.99011E-05
9.9955E-05 0.568601 0.0347067 0.0383407 0.00382829 0.0245897 9.9955E-05 9.9955E-05 0.0620336 0.2674 9.9955E-05 9.9955E-05
9.99011E-05 9.99011E-05 9.99011E-05 9.99011E-05 9.99011E-05 9.99011E-05 9.99011E-05 9.99011E-05 9.99011E-05 9.99011E-05 9.99011E-05 0.998901
0.0486983 9.9937E-05 9.9937E-05 0.0171624 9.9937E-05 0.0218833 0.00136215 9.9937E-05 9.9937E-05 9.9937E-05 9.9937E-05 0.910194
9.9928E-05 9.9928E-05 9.9928E-05 9.9928E-05 9.9928E-05 0.000539422 9.9928E-05 0.0365777 9.9928E-05 0.919823 9.9928E-05 0.04226
0.0950512 0.840518 9.9919E-05 9.9919E-05 9.9919E-05 9.9919E-05 9.9919E-05 0.0635313 9.9919E-05 9.9919E-05 9.9919E-05 9.9919E-05
9.9946E-05 0.731229 0.0200708 9.9946E-05 9.9946E-05 9.9946E-05 0.0448951 9.9946E-05 0.032937 0.0798344 0.090434 9.9946E-05
9.9901E-05 9.9901E-05 9.9901E-05 9.9901E-05 9.9901E-05 9.9901E-05 9.9901E-05 9.9901E-05 9.9901E-05 0.998901 9.9901E-05 9.9901E-05
9.9946E-05 0.183522 0.23759 9.9946E-05 0.0400121 9.9946E-05 9.9946E-05 9.9946E-05 0.0508985 0.262752 9.9946E-05 0.224625
0.0676548 9.9955E-05 9.9955E-05 0.0401151 0.136703 9.9955E-05 0.0224645 9.9955E-05 0.0824269 0.48624 9.9955E-05 0.163896
9.99011E-05 9.99011E-05 9.99011E-05 9.99011E-05 9.99011E-05 0.998901 9.99011E-05 9.99011E-05 9.99011E-05 9.99011E-05 9.99011E-05 9.99011E-05
9.99011E-05 9.99011E-05 9.99011E-05 9.99011E-05 9.99011E-05 9.99011E-05 9.99011E-05 9.99011E-05 9.99011E-05 9.99011E-05 0.998901 9.99011E-05
9.9928E-05 0.0657622 9.9928E-05 9.9928E-05 9.9928E-05 0.865537 9.9928E-05 9.9928E-05 9.9928E-05 0.0431887 9.9928E-05 0.0247122
9.9919E-05 9.9919E-05 9.9919E-05 0.0269224 9.9919E-05 9.9919E-05 9.9919E-05 9.9919E-05 9.9919E-05 9.9919E-05 0.940505 0.0316732
0.020505 0.000359208 9.9973E-05 0.0388816 0.00797364 0.565841 9.9973E-05 0.128774 0.0132909 9.9973E-05 0.142929 0.0811447
0.515688 0.0310377 9.9937E-05 9.9937E-05 9.9937E-05 0.31049 9.9937E-05 9.9937E-05 9.9937E-05 9.9937E-05 0.115297 0.0267879
0.743035 9.99101E-05 9.99101E-05 9.99101E-05 9.99101E-05 0.255966 9.99101E-05 9.99101E-05 9.99101E-05 9.99101E-05 9.99101E-05 9.99101E-05
0.675916 9.9937E-05 0.193299 0.0461281 9.9937E-05 9.9937E-05 9.9937E-05 9.9937E-05 0.0569527 9.9937E-05 9.9937E-05 0.0270044
0.0222344 9.9955E-05 0.00779986 9.9955E-05 0.0963275 0.26323 0.0435753 9.9955E-05 9.9955E-05 9.9955E-05 0.545158 0.0211757
0.862137 9.9919E-05 9.9919E-05 9.9919E-05 9.9919E-05 9.9919E-05 9.9919E-05 9.9919E-05 9.9919E-05 9.9919E-05 0.0202612 0.116703
0.724232 0.0627101 9.9937E-05 9.9937E-05 9.9937E-05 9.9937E-05 9.9937E-05 9.9937E-05 0.12777 9.9937E-05 0.0521615 0.032427
0.46435 0.0232587 0.0809619 9.9946E-05 9.9946E-05 0.115091 9.9946E-05 9.9946E-05 0.0156477 0.300091 9.9946E-05 9.9946E-05
9.99011E-05 9.99011E-05 9.99011E-05 9.99011E-05 9.99011E-05 0.998901 9.99011E-05 9.99011E-05 9.99011E-05 9.99011E-05 9.99011E-05 9.99011E-05
0.998901 9.99011E-05 9.99011E-05 9.99011E-05 9.99011E-05 9.99011E-05 9.99011E-05 9.99011E-05 9.99011E-05 9.99011E-05 9.99011E-05 9.99011E-05
0.0475417 9.9955E-05 9.9955E-05 0.00960519 9.9955E-05 0.316773 9.9955E-05 0.058641 0.131063 9.9955E-05 0.388297 0.0475798
9.9928E-05 0.066214 0.0586002 9.9928E-05 9.9928E-05 9.9928E-05 9.9928E-05 9.9928E-05 0.120926 9.9928E-05 0.75346 9.9928E-05
0.194238 9.994E-05 0.449867 9.994E-05 9.994E-05 0.0135902 0.0180297 0.116342 9.994E-05 9.994E-05 0.207334 9.994E-05
9.9964E-05 9.9964E-05 0.0446682 0.00431702 9.9964E-05 0.300512 9.9964E-05 0.105883 0.26529 0.0251767 0.211536 0.0422175
9.9946E-05 9.9946E-05 0.152959 0.00329764 9.9946E-05 0.0694447 9.9946E-05 0.0841542 0.16939 9.9946E-05 0.520155 9.9946E-05
9.9928E-05 9.9928E-05 0.154282 9.9928E-05 9.9928E-05 0.656393 9.9928E-05 9.9928E-05 0.151191 9.9928E-05 0.037334 9.9928E-05
9.9901E-05 9.9901E-05 0.998901 9.9901E-05 9.9901E-05 9.9901E-05 9.9901E-05 9.9901E-05 9.9901E-05 9.9901E-05 9.9901E-05 9.9901E-05
9.9901E-05 9.9901E-05 0.998901 9.9901E-05 9.9901E-05 9.9901E-05 9.9901E-05 9.9901E-05 9.9901E-05 9.9901E-05 9.9901E-05 9.9901E-05
9.9928E-05 9.9928E-05 9.9928E-05 9.9928E-05 0.0214252 9.9928E-05 9.9928E-05 0.772021 0.138345 9.9928E-05 9.9928E-05 0.0674093
9.99101E-05 9.99101E-05 9.99101E-05 9.99101E-05 0.00668207 9.99101E-05 9.99101E-05 0.992319 9.99101E-05 9.99101E-05 9.99101E-05 9.99101E-05
9.9928E-05 9.9928E-05 0.113157 9.9928E-05 9.9928E-05 0.0772365 9.9928E-05 0.778128 9.9928E-05 9.9928E-05 0.0306796 9.9928E-05
9.99011E-05 9.99011E-05 9.99011E-05 9.99011E-05 0.998901 9.99011E-05 9.99011E-05 9.99011E-05 9.99011E-05 9.99011E-05 9.99011E-05 9.99011E-05
0.0616966 0.0409288 9.9937E-05 9.9937E-05 9.9937E-05 9.9937E-05 9.9937E-05 0.679679 9.9937E-05 0.200235 9.9937E-05 0.0167606
9.991E-05 9.991E-05 9.991E-05 9.991E-05 0.971779 0.0272223 9.991E-05 9.991E-05 9.991E-05 9.991E-05 9.991E-05 9.991E-05
0.0234217 9.9946E-05 9.9946E-05 0.0191247 0.19675 0.0208631 0.0794269 0.659813 9.9946E-05 9.9946E-05 9.9946E-05 9.9946E-05
9.9955E-05 0.0332954 9.9955E-05 0.0112646 0.121542 0.223286 0.129458 0.304302 0.176353 9.9955E-05 9.9955E-05 9.9955E-05
9.9928E-05 9.9928E-05 0.159125 9.9928E-05 0.615309 9.9928E-05 9.9928E-05 0.22161 9.9928E-05 0.00315669 9.9928E-05 9.9928E-05
0.000613676 9.9955E-05 9.9955E-05 9.9955E-05 0.163304 9.9955E-05 0.0606886 0.175813 0.276541 9.9955E-05 0.144413 0.178127
9.99333E-05 9.99333E-05 9.99333E-05 9.99333E-05 9.99333E-05 9.99333E-05 9.99333E-05 0.935806 0.0316762 9.99333E-05 0.0149322 0.0167866
9.9955E-05 0.0094443 9.9955E-05 0.010572 0.0267758 0.0230547 9.9955E-05 0.915353 0.00143902 9.9955E-05 0.0128618 9.9955E-05
9.99461E-05 9.99461E-05 0.0294371 9.99461E-05 0.0366903 0.0832891 0.697721 9.99461E-05 0.0744971 9.99461E-05 9.99461E-05 0.0777656
9.9955E-05 0.0115121 0.213636 9.9955E-05 9.9955E-05 9.9955E-05 0.643382 0.00289776 0.00381636 0.0411245 0.0831315 9.9955E-05
9.99281E-05 9.99281E-05 9.99281E-05 0.0591639 9.99281E-05 9.99281E-05 0.276668 0.645738 0.0176306 9.99281E-05 9.99281E-05 9.99281E-05
9.9919E-05 9.9919E-05 0.139371 9.9919E-05 9.9919E-05 9.9919E-05 0.726142 9.9919E-05 0.133587 9.9919E-05 9.9919E-05 9.9919E-05
9.9955E-05 0.0205065 0.00163731 9.9955E-05 9.9955E-05 9.9955E-05 0.317265 0.38844 9.9955E-05 0.0075363 0.233808 0.030307
9.9946E-05 9.9946E-05 0.0676773 9.9946E-05 9.9946E-05 9.9946E-05 0.173879 0.554284 0.110839 0.070562 9.9946E-05 0.0221592
0.0547892 9.9928E-05 0.0206261 9.9928E-05 9.9928E-05 9.9928E-05 0.92221 9.9928E-05 0.00157551 9.9928E-05 9.9928E-05 9.9928E-05
9.99101E-05 0.0142465 9.99101E-05 9.99101E-05 9.99101E-05 9.99101E-05 0.984754 9.99101E-05 9.99101E-05 9.99101E-05 9.99101E-05 9.99101E-05
0.0288479 0.0278405 9.99281E-05 9.99281E-05 9.99281E-05 9.99281E-05 0.760789 9.99281E-05 0.181723 9.99281E-05 9.99281E-05 9.99281E-05
0.0322418 9.9946E-05 9.9946E-05 0.00544992 0.0520849 9.9946E-05 0.82225 0.0586201 0.0287531 9.9946E-05 9.9946E-05 9.9946E-05
9.9928E-05 9.9928E-05 0.0651225 9.9928E-05 9.9928E-05 9.9928E-05 0.699936 0.218868 9.9928E-05 9.9928E-05 0.0152734 9.9928E-05
9.9937E-05 0.00504901 9.9937E-05 0.0487568 9.9937E-05 9.9937E-05 0.870654 9.9937E-05 0.0740837 9.9937E-05 9.9937E-05 0.000757364
0.0167878 9.9964E-05 0.0401061 0.0411421 9.9964E-05 9.9964E-05 9.9964E-05 0.00161313 0.752099 0.105167 0.0383856 0.00429968
0.0598586 9.9946E-05 0.0772117 9.9946E-05 9.9946E-05 0.00134512 0.138541 9.9946E-05 0.578856 9.9946E-05 0.143588 9.9946E-05
0.0288573 0.00421107 0.0869286 9.9964E-05 9.9964E-05 0.0292978 0.140496 9.9964E-05 0.676081 0.00401017 9.9964E-05 0.0297186
9.9955E-05 0.00413184 0.0744246 9.9955E-05 9.9955E-05 0.0400228 9.9955E-05 0.150032 0.580981 0.141275 0.00863245 9.9955E-05
0.0576049 9.9937E-05 0.0121821 9.9937E-05 0.0267321 9.9937E-05 0.134289 9.9937E-05 0.768492 9.9937E-05 9.9937E-05 9.9937E-05
9.9937E-05 9.9937E-05 9.9937E-05 0.0911389 0.408267 9.9937E-05 9.9937E-05 0.00856536 0.43169 9.9937E-05 9.9937E-05 0.0596391
9.99191E-05 9.99191E-05 9.99191E-05 9.99191E-05 0.0811753 9.99191E-05 9.99191E-05 9.99191E-05 0.839147 0.0787789 9.99191E-05 9.99191E-05
9.99192E-05 9.99192E-05 9.99192E-05 0.0273101 9.99192E-05 9.99192E-05 9.99192E-05 9.99192E-05 0.955666 0.0161249 9.99192E-05 9.99192E-05
0.0299088 9.9964E-05 0.00320908 0.0449389 0.0135899 9.9964E-05 0.0178856 0.0310779 0.786342 9.9964E-05 0.0726478 9.9964E-05
9.99281E-05 9.99281E-05 9.99281E-05 9.99281E-05 0.00214562 0.0385854 9.99281E-05 9.99281E-05 0.911139 9.99281E-05 0.0473306 9.99281E-05
9.99191E-05 9.99191E-05 9.99191E-05 9.99191E-05 9.99191E-05 0.0115358 9.99191E-05 9.99191E-05 0.983182 9.99191E-05 9.99191E-05 0.00438261
0.0279129 9.9919E-05 9.9919E-05 9.9919E-05 9.9919E-05 9.9919E-05 9.9919E-05 9.9919E-05 0.962055 9.9919E-05 9.9919E-05 0.00913331
9.99101E-05 9.99101E-05 9.99101E-05 0.00204401 9.99101E-05 9.99101E-05 9.99101E-05 9.99101E-05 0.996957 9.99101E-05 9.99101E-05 9.99101E-05
9.99101E-05 9.99101E-05 9.99101E-05 9.99101E-05 9.99101E-05 9.99101E-05 9.99101E-05 9.99101E-05 0.986882 9.99101E-05 9.99101E-05 0.0121189
0.00555707 9.99281E-05 9.99281E-05 0.00491861 9.99281E-05 9.99281E-05 9.99281E-05 0.0191035 0.969621 9.99281E-05 9.99281E-05 9.99281E-05
9.9946E-05 9.9946E-05 0.100372 0.00951299 0.214855 9.9946E-05 9.9946E-05 9.9946E-05 0.557571 0.114468 0.00262264 9.9946E-05
9.99191E-05 9.99191E-05 9.99191E-05 9.99191E-05 9.99191E-05 9.99191E-05 0.0387755 9.99191E-05 0.939972 0.0203536 9.99191E-05 9.99191E-05
9.9955E-05 0.052003 9.9955E-05 0.0984079 0.105839 9.9955E-05 0.142806 0.0376415 0.487954 9.9955E-05 0.074849 9.9955E-05
9.9946E-05 9.9946E-05 9.9946E-05 0.612988 0.0415794 0.0679356 0.0437511 0.0650162 0.16813 9.9946E-05 9.9946E-05 9.9946E-05
9.9901E-05 9.9901E-05 9.9901E-05 0.998901 9.9901E-05 9.9901E-05 9.9901E-05 9.9901E-05 9.9901E-05 9.9901E-05 9.9901E-05 9.9901E-05
9.9946E-05 0.067275 9.9946E-05 0.0652585 9.9946E-05 0.0791865 0.031994 0.224854 0.530833 9.9946E-05 9.9946E-05 9.9946E-05
