0.9993 9.994E-05 9.994E-05 9.994E-05 9.994E-05 9.994E-05 9.994E-05 9.994E-05
0.80976 9.9973E-05 0.017124 0.00653388 9.9973E-05 0.099135 9.9973E-05 0.0671476
9.994E-05 9.994E-05 9.994E-05 9.994E-05 9.994E-05 9.994E-05 9.994E-05 0.9993
9.9955E-05 9.9955E-05 0.0672991 0.0310986 9.9955E-05 9.9955E-05 9.9955E-05 0.901102
0.760245 0.0364339 0.0682451 0.0136279 9.9982E-05 0.0757205 9.9982E-05 0.045528
0.851993 9.9964E-05 0.0552441 9.9964E-05 0.0689689 9.9964E-05 9.9964E-05 0.023394
0.928694 0.0418691 0.0122273 0.00376405 9.9973E-05 9.9973E-05 0.0131457 9.9973E-05
0.871987 0.0232654 9.9955E-05 9.9955E-05 0.104248 9.9955E-05 9.9955E-05 9.9955E-05
0.346072 0.128266 9.9973E-05 9.9973E-05 0.0929306 9.9973E-05 0.137208 0.295224
0.502812 0.0440094 9.9982E-05 0.027936 0.0715626 0.178594 9.9982E-05 0.174886
9.9955E-05 0.055344 0.943923 0.000233249 9.9955E-05 9.9955E-05 9.9955E-05 9.9955E-05
9.9964E-05 9.9964E-05 0.816875 0.0049068 0.129707 9.9964E-05 0.0481121 9.9964E-05
0.0138644 9.9955E-05 0.935033 9.9955E-05 9.9955E-05 9.9955E-05 9.9955E-05 0.0506032
9.9973E-05 9.9973E-05 0.194768 0.0411358 0.606003 9.9973E-05 0.103675 0.0541194
9.9964E-05 9.9964E-05 0.736462 0.0440015 9.9964E-05 9.9964E-05 0.142701 0.0764357
9.9955E-05 9.9955E-05 0.423673 9.9955E-05 0.522003 9.9955E-05 9.9955E-05 0.0538246
9.9946E-05 9.9946E-05 0.711672 9.9946E-05 0.287729 9.9946E-05 9.9946E-05 9.9946E-05
9.9964E-05 9.9964E-05 9.9964E-05 9.9964E-05 0.709982 0.156427 0.120675 0.0125157
9.9982E-05 9.9982E-05 0.565777 0.000643815 0.152093 0.0343811 0.22561 0.0212954
9.9946E-05 9.9946E-05 9.9946E-05 9.9946E-05 0.983615 9.9946E-05 9.9946E-05 0.0157851
9.9964E-05 9.9964E-05 0.007663 9.9964E-05 0.854398 0.112663 9.9964E-05 0.024876
0.381719 9.9973E-05 0.283739 9.9973E-05 0.213042 0.0727416 0.0484581 9.9973E-05
0.00378743 9.9955E-05 0.947684 9.9955E-05 0.0480288 9.9955E-05 9.9955E-05 9.9955E-05
9.9946E-05 9.9946E-05 9.9946E-05 9.9946E-05 0.9687 0.0307007 9.9946E-05 9.9946E-05
9.9982E-05 9.9982E-05 0.438753 0.017761 0.30583 0.0874235 0.146025 0.00400737
0.0431035 9.9973E-05 0.362886 9.9973E-05 0.332004 0.11321 0.148497 9.9973E-05
9.9964E-05 0.19165 0.548097 0.000134632 9.9964E-05 9.9964E-05 0.259719 9.9964E-05
0.0518657 0.0213314 0.410015 0.000311493 9.9982E-05 0.42854 9.9982E-05 0.0877362
0.0112393 9.9964E-05 0.531803 9.9964E-05 9.9964E-05 0.29636 0.160197 9.9964E-05
9.9946E-05 9.9946E-05 0.714793 9.9946E-05 9.9946E-05 0.284607 9.9946E-05 9.9946E-05
9.9964E-05 0.0980864 9.9964E-05 9.9964E-05 9.9964E-05 0.287559 0.54076 0.0731949
0.044564 0.170776 0.0296643 9.9982E-05 9.9982E-05 0.185793 0.433828 0.135174
9.9973E-05 9.9973E-05 0.0167243 0.0102303 9.9973E-05 0.116293 0.817618 0.0388341
0.0245869 0.163979 9.9955E-05 9.9955E-05 9.9955E-05 9.9955E-05 0.810935 9.9955E-05
9.9955E-05 9.9955E-05 0.0867238 9.9955E-05 0.0942342 9.9955E-05 0.818542 9.9955E-05
0.00267804 9.9964E-05 9.9964E-05 0.00872145 9.9964E-05 0.0217274 0.966473 9.9964E-05
0.215988 0.0349458 9.9973E-05 9.9973E-05 0.0733605 9.9973E-05 0.665828 0.00957842
9.9955E-05 9.9955E-05 0.0825696 9.9955E-05 9.9955E-05 0.0555729 0.861358 9.9955E-05
9.9955E-05 0.0179411 9.9955E-05 9.9955E-05 0.0214952 9.9955E-05 0.960064 9.9955E-05
9.9982E-05 0.142978 0.107266 0.0291728 9.9982E-05 0.278018 0.437532 0.00483288
0.00103821 9.99461E-05 9.99461E-05 9.99461E-05 9.99461E-05 9.99461E-05 0.998362 9.99461E-05
9.9973E-05 0.0810973 0.0792246 9.9973E-05 9.9973E-05 0.350678 0.363141 0.125559
9.9964E-05 9.9964E-05 0.00736643 9.9964E-05 9.9964E-05 0.079624 0.883687 0.0289224
0.0519074 0.118969 0.0338684 0.0214427 9.9982E-05 0.0756814 0.697931 9.9982E-05
9.9964E-05 0.86524 0.0640826 9.9964E-05 9.9964E-05 0.0153884 9.9964E-05 0.0548893
0.036965 0.694404 0.109407 0.0120839 9.9982E-05 0.0621908 0.0847496 9.9982E-05
9.9973E-05 0.822799 9.9973E-05 0.00904001 0.0912818 0.0572062 0.0193736 9.9973E-05
9.994E-05 0.95762 9.994E-05 9.994E-05 9.994E-05 0.0417804 9.994E-05 9.994E-05
0.0557828 0.588266 0.025368 9.9982E-05 0.0212766 9.9982E-05 0.227981 0.0811258
0.0720526 0.372003 0.00112179 9.9982E-05 9.9982E-05 0.130174 0.408847 0.015601
9.9955E-05 0.879115 9.9955E-05 9.9955E-05 0.0273913 0.0929938 9.9955E-05 9.9955E-05
0.00410969 0.995291 9.9946E-05 9.9946E-05 9.9946E-05 9.9946E-05 9.9946E-05 9.9946E-05
9.9955E-05 0.833228 0.00866136 9.9955E-05 9.9955E-05 0.15761 9.9955E-05 9.9955E-05
9.9973E-05 0.863579 9.9973E-05 9.9973E-05 0.0138972 0.0631598 0.0474779 0.0115858
9.9946E-05 0.957584 9.9946E-05 9.9946E-05 9.9946E-05 9.9946E-05 0.0418165 9.9946E-05
9.9964E-05 0.763462 9.9964E-05 0.053426 9.9964E-05 0.114129 9.9964E-05 0.0685835
9.9973E-05 9.9973E-05 0.0236237 0.0128194 0.0103765 0.92818 9.9973E-05 0.0247007
0.00289011 0.0217468 0.192813 9.9982E-05 9.9982E-05 0.695666 0.0342604 0.0524233
0.0120695 0.0578384 9.9982E-05 9.9982E-05 0.0100059 0.870614 0.0249514 0.0243212
0.1318 0.0337626 0.0829753 9.9973E-05 9.9973E-05 0.693442 0.0577201 9.9973E-05
9.9955E-05 0.0962068 9.9955E-05 9.9955E-05 0.0750893 0.828204 9.9955E-05 9.9955E-05
0.0123539 0.00254289 9.9982E-05 0.0954474 9.9982E-05 0.373001 0.426965 0.0894896
9.9964E-05 0.0142391 9.9964E-05 9.9964E-05 9.9964E-05 0.85985 0.106222 0.0192892
9.99461E-05 9.99461E-05 9.99461E-05 0.000632795 9.99461E-05 0.998768 9.99461E-05 9.99461E-05
9.9964E-05 9.9964E-05 9.9964E-05 0.0135912 0.0294391 0.872266 0.0843039 9.9964E-05
9.99461E-05 9.99461E-05 0.0278082 9.99461E-05 9.99461E-05 0.971592 9.99461E-05 9.99461E-05
9.9946E-05 9.9946E-05 9.9946E-05 0.0015565 9.9946E-05 0.997844 9.9946E-05 9.9946E-05
9.9955E-05 9.9955E-05 0.016141 9.9955E-05 9.9955E-05 0.953663 9.9955E-05 0.0296965
9.994E-05 9.994E-05 9.994E-05 9.994E-05 9.994E-05 0.9993 9.994E-05 9.994E-05
9.994E-05 9.994E-05 9.994E-05 9.994E-05 9.994E-05 0.989547 9.994E-05 0.00985377
9.99551E-05 9.99551E-05 9.99551E-05 0.0158234 9.99551E-05 0.943296 0.0403812 9.99551E-05
0.117298 0.017842 9.9973E-05 0.0378751 9.9973E-05 0.692293 0.134392 9.9973E-05
9.9955E-05 0.0498829 9.9955E-05 9.9955E-05 9.9955E-05 0.937542 9.9955E-05 0.0120757
0.0109966 0.0493011 9.998E-05 0.0587346 0.018283 0.660551 0.201933 9.998E-05
0.00471336 0.096319 9.9991E-05 0.535403 0.0285907 0.314008 0.00649419 0.0143715
9.994E-05 9.994E-05 9.994E-05 0.9993 9.994E-05 9.994E-05 9.994E-05 9.994E-05
0.0232826 0.0369302 0.030936 0.0610992 9.9991E-05 0.667241 0.158056 0.0223549
