9.98832E-05 9.98832E-05 9.98832E-05 9.98832E-05 0.998702 9.98832E-05 9.98832E-05 9.98832E-05 9.98832E-05 9.98832E-05 9.98832E-05 9.98832E-05 9.98832E-05 9.98832E-05
9.9928E-05 9.9928E-05 9.9928E-05 9.9928E-05 0.806429 0.0452279 9.9928E-05 9.9928E-05 0.0598306 0.0141617 0.0589934 0.0145582 9.9928E-05 9.9928E-05
0.998702 9.98831E-05 9.98831E-05 9.98831E-05 9.98831E-05 9.98831E-05 9.98831E-05 9.98831E-05 9.98831E-05 9.98831E-05 9.98831E-05 9.98831E-05 9.98831E-05 9.98831E-05
0.806408 0.0255635 9.9937E-05 9.9937E-05 9.9937E-05 0.0689283 9.9937E-05 0.0297139 0.00616305 9.9937E-05 9.9937E-05 0.0354123 0.027111 9.9937E-05
9.9937E-05 9.9937E-05 9.9937E-05 0.0475162 0.678501 9.9937E-05 9.9937E-05 0.00971706 9.9937E-05 9.9937E-05 0.00445959 0.015708 0.136171 0.107228
0.0421115 0.0975211 9.9928E-05 0.0249459 0.79568 0.0216803 9.9928E-05 9.9928E-05 0.0172617 9.9928E-05 9.9928E-05 9.9928E-05 9.9928E-05 9.9928E-05
9.9919E-05 9.9919E-05 0.126424 0.00926658 0.750848 9.9919E-05 0.0197622 9.9919E-05 9.9919E-05 9.9919E-05 9.9919E-05 9.9919E-05 9.9919E-05 0.092799
9.9928E-05 0.0189145 0.143475 9.9928E-05 0.788393 9.9928E-05 0.00364156 0.0398389 0.00493758 9.9928E-05 9.9928E-05 9.9928E-05 9.9928E-05 9.9928E-05
0.143174 9.99101E-05 9.99101E-05 9.99101E-05 0.435283 9.99101E-05 9.99101E-05 9.99101E-05 9.99101E-05 0.319554 9.99101E-05 9.99101E-05 9.99101E-05 0.10099
0.0591058 9.9937E-05 9.9937E-05 9.9937E-05 0.447737 0.0602658 0.309308 0.00174349 9.9937E-05 9.9937E-05 9.9937E-05 0.0795121 9.9937E-05 0.0416282
9.99191E-05 0.0380756 9.99191E-05 9.99191E-05 9.99191E-05 9.99191E-05 9.99191E-05 0.0402607 0.0446802 9.99191E-05 9.99191E-05 0.0101518 0.865932 9.99191E-05
9.99101E-05 0.00663762 0.0990827 9.99101E-05 9.99101E-05 9.99101E-05 0.00927392 9.99101E-05 9.99101E-05 9.99101E-05 9.99101E-05 9.99101E-05 0.884007 9.99101E-05
9.98921E-05 9.98921E-05 9.98921E-05 9.98921E-05 0.0815284 9.98921E-05 9.98921E-05 9.98921E-05 9.98921E-05 9.98921E-05 9.98921E-05 9.98921E-05 0.917273 9.98921E-05
9.98831E-05 9.98831E-05 0.998702 9.98831E-05 9.98831E-05 9.98831E-05 9.98831E-05 9.98831E-05 9.98831E-05 9.98831E-05 9.98831E-05 9.98831E-05 9.98831E-05 9.98831E-05
0.0591152 9.9928E-05 9.9928E-05 0.0422239 9.9928E-05 0.283256 0.0742421 9.9928E-05 9.9928E-05 9.9928E-05 9.9928E-05 0.0430056 0.497358 9.9928E-05
9.9928E-05 0.0479764 9.9928E-05 9.9928E-05 9.9928E-05 0.493949 9.9928E-05 0.0353969 0.220471 9.9928E-05 9.9928E-05 0.000301387 0.201106 9.9928E-05
9.99011E-05 0.8061 9.99011E-05 9.99011E-05 9.99011E-05 9.99011E-05 9.99011E-05 9.99011E-05 0.0432458 9.99011E-05 9.99011E-05 9.99011E-05 0.149556 9.99011E-05
9.99001E-05 9.99001E-05 9.99001E-05 9.99001E-05 9.99001E-05 0.724102 9.99001E-05 9.99001E-05 9.99001E-05 0.125362 0.0698196 9.99001E-05 9.99001E-05 0.0797172
9.9928E-05 9.9928E-05 0.167641 9.9928E-05 9.9928E-05 0.0852858 0.145567 0.00248759 9.9928E-05 9.9928E-05 9.9928E-05 9.9928E-05 0.581049 0.0171702
9.98831E-05 9.98831E-05 9.98831E-05 9.98831E-05 9.98831E-05 0.998702 9.98831E-05 9.98831E-05 9.98831E-05 9.98831E-05 9.98831E-05 9.98831E-05 9.98831E-05 9.98831E-05
9.9928E-05 0.05576 0.117333 9.9928E-05 0.0541113 0.619341 0.00555128 9.9928E-05 9.9928E-05 9.9928E-05 0.147104 9.9928E-05 9.9928E-05 9.9928E-05
0.00707338 9.99191E-05 9.99191E-05 0.0133589 0.0358907 9.99191E-05 9.99191E-05 9.99191E-05 0.915148 0.0276301 9.99191E-05 9.99191E-05 9.99191E-05 9.99191E-05
9.98831E-05 9.98831E-05 9.98831E-05 9.98831E-05 9.98831E-05 9.98831E-05 9.98831E-05 9.98831E-05 0.998702 9.98831E-05 9.98831E-05 9.98831E-05 9.98831E-05 9.98831E-05
9.98831E-05 0.998702 9.98831E-05 9.98831E-05 9.98831E-05 9.98831E-05 9.98831E-05 9.98831E-05 9.98831E-05 9.98831E-05 9.98831E-05 9.98831E-05 9.98831E-05 9.98831E-05
0.0147442 0.151329 0.0758781 0.111875 9.9937E-05 0.224204 9.9937E-05 9.9937E-05 9.9937E-05 9.9937E-05 0.0856212 9.9937E-05 0.335648 9.9937E-05
9.9919E-05 9.9919E-05 0.888004 9.9919E-05 9.9919E-05 9.9919E-05 9.9919E-05 9.9919E-05 0.00570205 0.0481766 0.0358087 9.9919E-05 0.0214093 9.9919E-05
9.9928E-05 0.029925 9.9928E-05 0.238187 9.9928E-05 0.0248709 9.9928E-05 0.104479 9.9928E-05 0.153817 9.9928E-05 9.9928E-05 0.447922 9.9928E-05
0.0557904 9.9937E-05 9.9937E-05 0.0890443 9.9937E-05 0.00313516 9.9937E-05 9.9937E-05 0.0933668 9.9937E-05 0.281918 0.0100827 0.465963 9.9937E-05
9.9928E-05 9.9928E-05 0.0481707 0.216933 9.9928E-05 9.9928E-05 9.9928E-05 9.9928E-05 0.00751597 0.0111687 0.204652 9.9928E-05 0.510761 9.9928E-05
9.99011E-05 9.99011E-05 9.99011E-05 9.99011E-05 9.99011E-05 9.99011E-05 9.99011E-05 9.99011E-05 9.99011E-05 0.0155518 0.146388 9.99011E-05 0.836961 9.99011E-05
9.98831E-05 9.98831E-05 9.98831E-05 9.98831E-05 9.98831E-05 9.98831E-05 9.98831E-05 9.98831E-05 9.98831E-05 0.998702 9.98831E-05 9.98831E-05 9.98831E-05 9.98831E-05
9.9892E-05 9.9892E-05 0.0368243 9.9892E-05 9.9892E-05 9.9892E-05 9.9892E-05 9.9892E-05 9.9892E-05 0.961977 9.9892E-05 9.9892E-05 9.9892E-05 9.9892E-05
0.00739997 9.9946E-05 9.9946E-05 0.718776 9.9946E-05 0.0456687 0.0293446 0.00926809 0.00286221 9.9946E-05 0.12694 9.9946E-05 9.9946E-05 0.0591409
9.991E-05 0.0677322 9.991E-05 0.769153 9.991E-05 9.991E-05 0.0427604 9.991E-05 9.991E-05 9.991E-05 9.991E-05 9.991E-05 9.991E-05 0.119355
9.9919E-05 9.9919E-05 0.0576335 0.817909 9.9919E-05 0.0226781 9.9919E-05 9.9919E-05 0.0390286 0.0618517 9.9919E-05 9.9919E-05 9.9919E-05 9.9919E-05
0.0386658 0.00170349 0.00109566 0.00976923 9.9919E-05 9.9919E-05 0.947867 9.9919E-05 9.9919E-05 9.9919E-05 9.9919E-05 9.9919E-05 9.9919E-05 9.9919E-05
9.991E-05 9.991E-05 9.991E-05 0.681029 0.183678 0.088865 9.991E-05 0.0454286 9.991E-05 9.991E-05 9.991E-05 9.991E-05 9.991E-05 9.991E-05
9.9892E-05 9.9892E-05 9.9892E-05 9.9892E-05 9.9892E-05 9.9892E-05 0.966658 9.9892E-05 0.0321435 9.9892E-05 9.9892E-05 9.9892E-05 9.9892E-05 9.9892E-05
0.0162356 9.9919E-05 9.9919E-05 0.725523 9.9919E-05 9.9919E-05 0.0575831 0.194964 9.9919E-05 9.9919E-05 9.9919E-05 0.00479559 9.9919E-05 9.9919E-05
0.0459328 9.9955E-05 9.9955E-05 0.389904 9.9955E-05 0.0782214 0.0677391 0.0959829 0.0217476 9.9955E-05 0.250575 0.0210727 0.0283256 9.9955E-05
9.99191E-05 0.033853 9.99191E-05 0.385432 9.99191E-05 9.99191E-05 0.440967 9.99191E-05 9.99191E-05 0.137039 9.99191E-05 9.99191E-05 9.99191E-05 0.00180972
0.0735522 9.9955E-05 0.0789509 0.0907134 0.0446353 9.9955E-05 0.205528 9.9955E-05 9.9955E-05 0.0123649 0.23411 9.9955E-05 0.106737 0.152908
9.99101E-05 9.99101E-05 9.99101E-05 0.924163 9.99101E-05 9.99101E-05 9.99101E-05 9.99101E-05 9.99101E-05 0.00147068 0.0568072 0.0165597 9.99101E-05 9.99101E-05
9.9937E-05 0.0609064 9.9937E-05 0.747114 9.9937E-05 9.9937E-05 0.0367577 0.0550522 9.9937E-05 9.9937E-05 9.9937E-05 0.00696393 0.0039721 0.0885344
0.00334165 9.99281E-05 9.99281E-05 9.99281E-05 9.99281E-05 9.99281E-05 9.99281E-05 0.333757 9.99281E-05 0.166399 0.163195 9.99281E-05 0.118093 0.214416
9.9955E-05 0.00282455 0.040455 0.088666 0.0319944 9.9955E-05 9.9955E-05 0.0609706 9.9955E-05 0.0851522 0.0289042 9.9955E-05 0.0895455 0.570988
9.99101E-05 0.0433106 9.99101E-05 0.0124915 9.99101E-05 9.99101E-05 9.99101E-05 9.99101E-05 9.99101E-05 9.99101E-05 9.99101E-05 0.0332101 9.99101E-05 0.909989
9.991E-05 9.991E-05 9.991E-05 9.991E-05 9.991E-05 9.991E-05 0.00223663 9.991E-05 9.991E-05 0.0242512 0.0495891 9.991E-05 9.991E-05 0.922924
0.081059 9.9937E-05 0.0149774 0.293665 0.0324012 9.9937E-05 9.9937E-05 0.0234575 9.9937E-05 9.9937E-05 9.9937E-05 9.9937E-05 0.0704456 0.483295
0.00653594 9.9928E-05 0.108349 0.429097 0.0108303 9.9928E-05 9.9928E-05 9.9928E-05 9.9928E-05 9.9928E-05 0.106453 9.9928E-05 9.9928E-05 0.337936
0.0027763 9.9937E-05 9.9937E-05 9.9937E-05 9.9937E-05 0.0106532 9.9937E-05 0.608231 0.0215059 0.0841878 0.132862 9.9937E-05 9.9937E-05 0.139084
9.98831E-05 9.98831E-05 9.98831E-05 9.98831E-05 9.98831E-05 9.98831E-05 9.98831E-05 0.998702 9.98831E-05 9.98831E-05 9.98831E-05 9.98831E-05 9.98831E-05 9.98831E-05
9.98921E-05 9.98921E-05 9.98921E-05 9.98921E-05 9.98921E-05 9.98921E-05 9.98921E-05 0.725132 9.98921E-05 9.98921E-05 0.273669 9.98921E-05 9.98921E-05 9.98921E-05
9.991E-05 9.991E-05 9.991E-05 0.0837196 9.991E-05 9.991E-05 9.991E-05 0.898284 0.0125633 9.991E-05 0.00443409 9.991E-05 9.991E-05 9.991E-05
9.9919E-05 9.9919E-05 9.9919E-05 0.0566199 9.9919E-05 0.01053 0.0399514 9.9919E-05 9.9919E-05 0.00297242 9.9919E-05 9.9919E-05 9.9919E-05 0.889027
9.98921E-05 9.98921E-05 9.98921E-05 9.98921E-05 9.98921E-05 9.98921E-05 9.98921E-05 9.98921E-05 9.98921E-05 9.98921E-05 9.98921E-05 0.0304444 9.98921E-05 0.968357
0.0294877 9.9946E-05 9.9946E-05 0.0459122 9.9946E-05 0.0165758 9.9946E-05 0.00885718 0.0445974 9.9946E-05 0.821877 0.00819927 9.9946E-05 0.0238942
0.00515419 9.9946E-05 0.0998705 0.0877724 9.9946E-05 0.0546794 9.9946E-05 9.9946E-05 0.062305 0.0155411 0.526193 9.9946E-05 9.9946E-05 0.147885
0.00223807 0.0125985 9.9955E-05 9.9955E-05 0.0483591 9.9955E-05 0.0207927 9.9955E-05 0.0409563 0.0569682 0.708733 9.9955E-05 0.0262376 0.0826163
9.9937E-05 0.00318099 9.9937E-05 0.179434 0.104238 9.9937E-05 9.9937E-05 9.9937E-05 0.0577586 0.0065179 0.644655 9.9937E-05 0.00351609 9.9937E-05
9.9946E-05 0.0251438 0.0101665 9.9946E-05 9.9946E-05 0.0119222 0.116981 0.0837371 9.9946E-05 0.0593902 0.690368 9.9946E-05 9.9946E-05 0.00169193
9.9919E-05 9.9919E-05 9.9919E-05 9.9919E-05 9.9919E-05 9.9919E-05 0.631566 0.028995 9.9919E-05 9.9919E-05 0.228391 0.0943936 0.0157543 9.9919E-05
9.9928E-05 0.00702352 9.9928E-05 9.9928E-05 9.9928E-05 9.9928E-05 0.199438 0.0347974 9.9928E-05 9.9928E-05 0.681345 9.9928E-05 0.0433428 0.033254
9.99012E-05 9.99012E-05 9.99012E-05 9.99012E-05 9.99012E-05 9.99012E-05 9.99012E-05 9.99012E-05 9.99012E-05 9.99012E-05 0.963987 0.0241813 9.99012E-05 0.0107331
9.991E-05 9.991E-05 9.991E-05 9.991E-05 9.991E-05 0.0508028 0.147946 0.0801775 9.991E-05 9.991E-05 0.720075 9.991E-05 9.991E-05 9.991E-05
0.00392764 0.0155271 9.99011E-05 9.99011E-05 9.99011E-05 9.99011E-05 9.99011E-05 9.99011E-05 9.99011E-05 9.99011E-05 0.979446 9.99011E-05 9.99011E-05 9.99011E-05
9.98921E-05 9.98921E-05 9.98921E-05 9.98921E-05 9.98921E-05 9.98921E-05 9.98921E-05 9.98921E-05 9.98921E-05 9.98921E-05 0.97443 9.98921E-05 0.0243712 9.98921E-05
9.99101E-05 9.99101E-05 9.99101E-05 9.99101E-05 9.99101E-05 0.0402045 9.99101E-05 0.0125842 0.000999984 9.99101E-05 0.945212 9.99101E-05 9.99101E-05 9.99101E-05
9.98921E-05 9.98921E-05 9.98921E-05 0.0499849 9.98921E-05 9.98921E-05 9.98921E-05 9.98921E-05 9.98921E-05 9.98921E-05 0.948816 9.98921E-05 9.98921E-05 9.98921E-05
0.025979 9.991E-05 0.00259141 9.991E-05 9.991E-05 9.991E-05 9.991E-05 9.991E-05 9.991E-05 9.991E-05 0.916229 9.991E-05 9.991E-05 0.0542012
9.99101E-05 9.99101E-05 9.99101E-05 0.0719276 9.99101E-05 9.99101E-05 9.99101E-05 9.99101E-05 9.99101E-05 0.0556631 0.862995 0.00841487 9.99101E-05 9.99101E-05
9.99281E-05 9.99281E-05 0.110476 9.99281E-05 0.00781907 9.99281E-05 0.548762 9.99281E-05 9.99281E-05 0.0299497 0.291675 0.0105189 9.99281E-05 9.99281E-05
9.99011E-05 9.99011E-05 0.00677669 9.99011E-05 9.99011E-05 9.99011E-05 9.99011E-05 9.99011E-05 9.99011E-05 9.99011E-05 0.837898 9.99011E-05 9.99011E-05 0.154226
9.9955E-05 0.021663 9.9955E-05 0.087134 0.0189414 9.9955E-05 0.0493705 0.136974 0.0215016 0.0244068 0.588754 0.0507543 9.9955E-05 9.9955E-05
0.012635 9.9946E-05 0.0198448 9.9946E-05 9.9946E-05 0.0286866 0.0430286 0.0428132 0.0385494 9.9946E-05 0.237927 0.575916 9.9946E-05 9.9946E-05
9.98831E-05 9.98831E-05 9.98831E-05 9.98831E-05 9.98831E-05 9.98831E-05 9.98831E-05 9.98831E-05 9.98831E-05 9.98831E-05 9.98831E-05 0.998702 9.98831E-05 9.98831E-05
0.0306901 0.0362331 9.9955E-05 0.228791 0.0179888 9.9955E-05 9.9955E-05 0.014807 9.9955E-05 9.9955E-05 0.533438 0.0571562 0.0529814 0.0274149
