9.993E-05 9.993E-05 9.993E-05 0.999201 9.993E-05 9.993E-05 9.993E-05 9.993E-05 9.993E-05
0.8292 0.0573842 0.0292063 0.0837102 9.9955E-05 9.9955E-05 9.9955E-05 9.9955E-05 9.9955E-05
0.835609 0.0485304 0.0280537 0.070736 0.0166709 9.9964E-05 9.9964E-05 9.9964E-05 9.9964E-05
0.999201 9.993E-05 9.993E-05 9.993E-05 9.993E-05 9.993E-05 9.993E-05 9.993E-05 9.993E-05
0.643289 9.9973E-05 9.9973E-05 0.00881869 0.164239 9.9973E-05 0.107093 0.0192449 0.0570154
0.641621 9.9973E-05 0.0302655 0.041364 0.153839 0.128587 9.9973E-05 9.9973E-05 0.00402437
0.505951 9.9955E-05 0.011207 0.141185 0.341157 9.9955E-05 9.9955E-05 9.9955E-05 9.9955E-05
0.561558 9.9973E-05 0.0760964 0.114518 0.198953 0.0394952 9.9973E-05 0.00907886 9.9973E-05
0.604594 0.00166826 0.0288182 0.0550476 0.253696 9.9973E-05 0.055876 9.9973E-05 9.9973E-05
9.993E-05 9.993E-05 9.993E-05 0.999201 9.993E-05 9.993E-05 9.993E-05 9.993E-05 9.993E-05
9.993E-05 9.993E-05 9.993E-05 0.999201 9.993E-05 9.993E-05 9.993E-05 9.993E-05 9.993E-05
9.9937E-05 0.0174892 9.9937E-05 0.981811 9.9937E-05 9.9937E-05 9.9937E-05 9.9937E-05 9.9937E-05
9.9946E-05 0.0137595 9.9946E-05 0.983683 9.9946E-05 9.9946E-05 9.9946E-05 0.00195794 9.9946E-05
9.9946E-05 9.9946E-05 9.9946E-05 0.915837 0.0372789 9.9946E-05 9.9946E-05 9.9946E-05 0.0462844
0.0319128 9.9964E-05 9.9964E-05 0.939033 9.9964E-05 0.0257677 9.9964E-05 0.00225742 0.000628923
0.59394 9.9973E-05 9.9973E-05 0.0576922 0.0412613 0.273134 0.0242668 0.0094061 9.9973E-05
0.457516 0.0252545 0.0746995 0.113036 0.0596894 0.0461813 0.0958168 0.036949 0.090858
0.999201 9.993E-05 9.993E-05 9.993E-05 9.993E-05 9.993E-05 9.993E-05 9.993E-05 9.993E-05
0.0180395 9.9955E-05 9.9955E-05 9.9955E-05 0.942461 9.9955E-05 0.0170108 9.9955E-05 0.0219888
9.99461E-05 9.99461E-05 9.99461E-05 9.99461E-05 0.960533 9.99461E-05 9.99461E-05 0.00395895 0.0349088
0.154058 0.0330834 9.9964E-05 0.039811 0.731194 9.9964E-05 0.0414542 9.9964E-05 9.9964E-05
0.0323423 0.0247457 0.0664134 9.9973E-05 0.788815 9.9973E-05 9.9973E-05 0.0391705 0.0482129
0.0329186 0.000787783 0.0238525 9.9964E-05 0.881128 9.9964E-05 9.9964E-05 9.9964E-05 0.0609132
9.9955E-05 9.9955E-05 0.00548558 0.030036 0.955415 9.9955E-05 9.9955E-05 0.00856379 9.9955E-05
9.9946E-05 0.0184863 9.9946E-05 9.9946E-05 0.972049 9.9946E-05 9.9946E-05 0.0088653 9.9946E-05
9.9964E-05 9.9964E-05 9.9964E-05 9.9964E-05 0.633315 0.265328 0.032519 0.0449174 0.0235205
9.9964E-05 9.9964E-05 0.0899651 9.9964E-05 0.750542 0.0760332 0.0710923 9.9964E-05 0.011968
0.0955189 9.9955E-05 0.015224 9.9955E-05 0.875381 9.9955E-05 9.9955E-05 0.0133763 9.9955E-05
9.9982E-05 9.9982E-05 0.00958299 0.080631 0.705036 0.107553 0.0461438 0.0106279 0.0402255
0.0435601 9.9946E-05 9.9946E-05 0.0705984 0.885242 9.9946E-05 9.9946E-05 9.9946E-05 9.9946E-05
9.9955E-05 9.9955E-05 9.9955E-05 0.0570555 0.9263 9.9955E-05 0.0114301 9.9955E-05 0.00471477
9.9973E-05 0.0186324 0.00542047 9.9973E-05 0.865843 0.0199336 0.0393241 0.0505467 9.9973E-05
9.999E-05 0.0312618 0.0632389 0.00853457 0.753721 0.065902 0.0257924 0.0297527 0.0216962
9.9982E-05 0.000459846 0.090464 0.0485854 0.600755 0.112561 0.0275403 0.119434 9.9982E-05
0.111978 9.9964E-05 0.0475324 9.9964E-05 0.732748 9.9964E-05 9.9964E-05 0.0136969 0.0936445
0.0445147 9.9946E-05 9.9946E-05 0.0499309 0.904955 9.9946E-05 9.9946E-05 9.9946E-05 9.9946E-05
9.9946E-05 9.9946E-05 9.9946E-05 9.9946E-05 0.539307 0.447599 9.9946E-05 9.9946E-05 0.0124939
0.0688649 9.9991E-05 0.036855 0.00586315 0.517072 0.22734 0.0694582 0.0364664 0.0379801
0.0642561 0.0485916 0.0756177 0.0123594 0.479643 0.221777 0.0975556 9.9982E-05 9.9982E-05
9.9973E-05 0.0256272 9.9973E-05 9.9973E-05 0.63412 0.280246 0.00350926 0.035435 0.0207625
0.128823 0.014198 0.0151602 9.9973E-05 9.9973E-05 0.763467 0.00725675 0.0707944 9.9973E-05
0.147377 9.9973E-05 0.0197227 9.9973E-05 9.9973E-05 0.763885 0.0520438 0.00997526 0.00669665
0.235925 0.0268635 0.06384 0.0141114 0.0127634 0.582356 9.9982E-05 0.0639402 9.9982E-05
0.133941 9.9955E-05 9.9955E-05 9.9955E-05 9.9955E-05 0.844202 0.010894 0.0104631 9.9955E-05
9.9955E-05 9.9955E-05 0.0558336 9.9955E-05 0.269797 0.63636 0.0375098 9.9955E-05 9.9955E-05
9.9946E-05 9.9946E-05 9.9946E-05 0.00800908 0.0332683 0.958123 9.9946E-05 9.9946E-05 9.9946E-05
9.9946E-05 9.9946E-05 9.9946E-05 0.00834603 0.0239345 0.96712 9.9946E-05 9.9946E-05 9.9946E-05
0.0372687 9.9982E-05 0.0354961 9.9982E-05 0.341508 0.519777 0.037957 0.0198634 0.00793047
0.0532627 9.9991E-05 0.011966 0.0669747 0.121495 0.588398 0.0901708 0.0435269 0.0241057
0.165569 0.0313556 0.00600436 0.0527453 0.280055 0.381796 0.0345797 0.0413214 0.00657316
0.0431804 9.9973E-05 0.0803506 0.0277882 0.166709 0.671978 0.00969366 9.9973E-05 9.9973E-05
0.0221142 9.9982E-05 0.0355356 0.00133573 0.183846 0.690717 0.0517882 9.9982E-05 0.0144632
0.0331496 9.9991E-05 0.00767343 0.0295442 0.0262453 0.852221 0.0173754 0.00696633 0.0267253
9.9973E-05 9.9973E-05 9.9973E-05 0.0394326 0.183851 0.647471 0.0479838 0.00599091 0.0749711
9.999E-05 0.0202376 0.00293006 0.0535624 0.208136 0.602722 0.0153101 0.0588001 0.0382026
0.17175 9.9964E-05 0.0732236 9.9964E-05 0.0108215 0.701287 9.9964E-05 0.0425178 9.9964E-05
0.0386388 9.9991E-05 0.0546647 0.0947743 0.210761 0.486183 0.0575576 0.0388123 0.0185082
0.151274 0.0191298 9.9982E-05 9.9982E-05 0.121152 0.586684 0.0656006 0.0252476 0.0307116
9.9964E-05 9.9964E-05 0.0241965 0.0348693 0.0466201 0.873112 0.0208021 9.9964E-05 9.9964E-05
0.0793179 9.9973E-05 0.0276882 0.0191204 0.149615 0.637852 0.0861065 9.9973E-05 9.9973E-05
0.021917 9.9982E-05 9.9982E-05 0.002692 0.170299 0.662019 0.0813258 0.0350252 0.0265221
0.142681 0.0084865 9.9973E-05 0.00158448 9.9973E-05 0.784729 9.9973E-05 0.0593509 0.00286794
0.00315458 0.0233716 0.0738787 0.00733603 0.136843 0.708588 0.025423 9.9991E-05 0.0213057
9.99461E-05 9.99461E-05 0.0549596 9.99461E-05 9.99461E-05 0.900549 9.99461E-05 9.99461E-05 0.0438916
0.0734327 9.9973E-05 9.9973E-05 0.0115428 0.0465627 0.836996 0.014068 0.0170976 9.9973E-05
0.0119541 9.9964E-05 0.0311917 0.00244834 9.9964E-05 0.92732 9.9964E-05 9.9964E-05 0.0266863
9.99371E-05 0.0270587 9.99371E-05 9.99371E-05 9.99371E-05 0.972242 9.99371E-05 9.99371E-05 9.99371E-05
9.9973E-05 0.0169557 0.026374 0.0318263 9.9973E-05 0.827028 9.9973E-05 0.0192481 0.0782679
0.119805 9.9964E-05 0.00494847 9.9964E-05 0.192869 0.643103 0.038874 9.9964E-05 9.9964E-05
9.99461E-05 9.99461E-05 0.0350034 9.99461E-05 9.99461E-05 0.95442 9.99461E-05 0.00997716 9.99461E-05
0.0816836 0.0266012 0.0452497 0.0331739 0.00845508 0.804537 9.9973E-05 9.9973E-05 9.9973E-05
0.00344355 0.0373746 0.00598394 0.0146557 0.0693667 0.781704 9.9991E-05 0.0507824 0.0365892
9.99461E-05 9.99461E-05 9.99461E-05 0.0896073 9.99461E-05 0.904681 0.00511192 9.99461E-05 9.99461E-05
9.9946E-05 9.9946E-05 9.9946E-05 0.0690617 9.9946E-05 0.876104 0.0542347 9.9946E-05 9.9946E-05
9.9982E-05 0.00106077 0.0215694 0.0554898 0.0633056 0.746625 9.9982E-05 0.0642103 0.0475396
9.9955E-05 9.9955E-05 9.9955E-05 0.0160826 9.9955E-05 0.906773 0.0593204 9.9955E-05 0.0173244
9.9937E-05 9.9937E-05 0.0186152 9.9937E-05 9.9937E-05 0.980685 9.9937E-05 9.9937E-05 9.9937E-05
0.0849231 0.0928339 0.00577774 9.9964E-05 9.9964E-05 0.746805 9.9964E-05 9.9964E-05 0.0692604
9.9982E-05 0.0824326 0.0177677 9.9982E-05 0.0509739 0.645242 0.00678547 0.120595 0.0760032
9.9964E-05 0.0929488 9.9964E-05 9.9964E-05 9.9964E-05 0.779053 0.000640983 0.0353239 0.0916337
9.9973E-05 0.0386762 0.0376744 9.9973E-05 9.9973E-05 0.816259 0.00446085 0.0579524 0.0446774
9.9955E-05 0.0773145 9.9955E-05 9.9955E-05 9.9955E-05 0.813975 9.9955E-05 0.0680939 0.0401167
9.9973E-05 0.0918866 0.0506847 9.9973E-05 9.9973E-05 0.757344 0.0260908 0.0392012 0.034493
0.0399262 0.13412 9.9982E-05 0.00662351 0.10459 0.432347 0.0745088 0.207684 9.9982E-05
0.0616336 0.226762 0.0429511 0.0138778 9.9991E-05 0.409166 0.110845 0.0692348 0.0654292
0.0852985 0.16149 0.0804453 9.9982E-05 9.9982E-05 0.564013 0.0216283 0.0593726 0.0275522
0.0827999 0.0619559 0.109155 0.038687 0.158043 0.455356 0.0392571 0.0545409 0.000205142
0.0201104 0.139523 9.9982E-05 0.0130048 0.0977706 0.518101 0.0768955 0.134396 9.9982E-05
0.0608417 0.0952141 0.0797805 9.9991E-05 0.0349619 0.445488 0.0556524 0.139006 0.0889553
9.9982E-05 0.130561 0.0747764 0.015133 0.0816838 0.406923 0.130834 0.159888 9.9982E-05
0.17118 0.089807 0.0346469 9.9973E-05 9.9973E-05 0.409409 9.9973E-05 0.0535822 0.241075
0.115558 0.0779903 0.0471557 9.9973E-05 9.9973E-05 0.481698 9.9973E-05 0.0843273 0.192971
0.00363167 0.19355 0.0894281 0.0326379 0.0315883 0.391615 0.19233 0.0644777 0.000741904
9.9946E-05 0.992953 9.9946E-05 9.9946E-05 0.00584177 9.9946E-05 9.9946E-05 0.00060535 9.9946E-05
0.0142201 0.919889 0.0141883 0.0238377 9.9964E-05 9.9964E-05 9.9964E-05 0.0274648 9.9964E-05
9.9955E-05 0.847583 9.9955E-05 9.9955E-05 0.0910552 0.0400661 9.9955E-05 9.9955E-05 0.0207964
9.993E-05 0.999201 9.993E-05 9.993E-05 9.993E-05 9.993E-05 9.993E-05 9.993E-05 9.993E-05
9.993E-05 0.999201 9.993E-05 9.993E-05 9.993E-05 9.993E-05 9.993E-05 9.993E-05 9.993E-05
9.993E-05 0.999201 9.993E-05 9.993E-05 9.993E-05 9.993E-05 9.993E-05 9.993E-05 9.993E-05
9.993E-05 0.999201 9.993E-05 9.993E-05 9.993E-05 9.993E-05 9.993E-05 9.993E-05 9.993E-05
0.0549421 0.921445 9.9946E-05 9.9946E-05 0.0230133 9.9946E-05 9.9946E-05 9.9946E-05 9.9946E-05
9.993E-05 0.999201 9.993E-05 9.993E-05 9.993E-05 9.993E-05 9.993E-05 9.993E-05 9.993E-05
9.993E-05 0.999201 9.993E-05 9.993E-05 9.993E-05 9.993E-05 9.993E-05 9.993E-05 9.993E-05
9.9982E-05 0.0538471 0.0569339 9.9982E-05 0.181506 0.210904 0.0838794 0.304519 0.10821
9.9964E-05 0.899258 9.9964E-05 0.00706232 9.9964E-05 0.0407601 0.0216716 9.9964E-05 0.0308486
9.99371E-05 0.990155 9.99371E-05 9.99371E-05 9.99371E-05 9.99371E-05 0.00914528 9.99371E-05 9.99371E-05
9.9946E-05 0.958991 9.9946E-05 9.9946E-05 9.9946E-05 9.9946E-05 0.00323472 9.9946E-05 0.0371749
9.9973E-05 0.0963369 0.0190505 9.9973E-05 9.9973E-05 0.491138 0.0704541 0.22051 0.102211
9.9973E-05 0.093385 0.045906 9.9973E-05 9.9973E-05 0.523106 0.0478107 0.196579 0.0929139
9.9973E-05 0.050611 0.0573063 9.9973E-05 9.9973E-05 0.50716 0.0781888 0.178294 0.128139
9.9982E-05 0.120102 0.0520835 9.9982E-05 0.00654062 0.500963 0.0200684 0.201085 0.098958
9.9982E-05 0.0940261 0.0390437 9.9982E-05 0.0299231 0.454065 0.0626729 0.199009 0.121061
0.0193424 0.0887722 9.9982E-05 9.9982E-05 0.16538 0.35752 0.0336196 0.178525 0.156641
9.9991E-05 0.0764042 0.0259349 0.00166022 0.108055 0.484365 0.0253675 0.118778 0.159335
9.9973E-05 0.0924962 9.9973E-05 9.9973E-05 0.0297675 0.50415 0.024432 0.197364 0.151491
9.9982E-05 0.18855 0.0632088 9.9982E-05 0.0251289 0.392148 0.036657 0.129992 0.164115
9.9991E-05 0.19294 0.0576151 0.012469 0.0295853 0.409534 0.028327 0.118234 0.151195
0.0382771 0.088642 0.0619494 9.9991E-05 0.0716412 0.439415 0.10757 0.100431 0.091974
0.0257312 0.174867 0.00420036 0.00874064 9.9991E-05 0.497742 0.0386701 0.0755582 0.174391
9.9982E-05 0.0518908 0.056214 0.00106173 9.9982E-05 0.556353 0.0833653 0.151233 0.0996825
0.059624 0.129289 0.0428711 9.9982E-05 9.9982E-05 0.43975 0.0587964 0.203629 0.0658407
9.9964E-05 9.9964E-05 0.0196406 9.9964E-05 0.0231439 0.000877315 9.9964E-05 0.919189 0.0367495
0.00013487 9.9973E-05 9.9973E-05 0.00243913 0.0201785 9.9973E-05 0.0524879 0.898004 0.0264558
9.993E-05 9.993E-05 9.993E-05 9.993E-05 9.993E-05 9.993E-05 9.993E-05 0.999201 9.993E-05
9.9937E-05 9.9937E-05 9.9937E-05 9.9937E-05 0.00457917 9.9937E-05 9.9937E-05 0.994721 9.9937E-05
9.993E-05 9.993E-05 9.993E-05 9.993E-05 9.993E-05 9.993E-05 9.993E-05 0.999201 9.993E-05
9.9937E-05 0.00185902 9.9937E-05 9.9937E-05 9.9937E-05 9.9937E-05 9.9937E-05 0.997441 9.9937E-05
9.993E-05 9.993E-05 9.993E-05 9.993E-05 9.993E-05 9.993E-05 9.993E-05 0.999201 9.993E-05
0.0120636 9.9973E-05 9.9973E-05 0.0170856 9.9973E-05 0.0712582 0.0318942 0.761154 0.106245
9.9955E-05 9.9955E-05 0.0160687 0.00536284 9.9955E-05 9.9955E-05 0.00259931 0.975469 9.9955E-05
9.993E-05 9.993E-05 9.993E-05 9.993E-05 9.993E-05 9.993E-05 9.993E-05 0.999201 9.993E-05
0.0408173 0.00947107 9.9964E-05 0.00761682 9.9964E-05 9.9964E-05 9.9964E-05 0.877161 0.0645342
9.9946E-05 0.00902364 9.9946E-05 9.9946E-05 9.9946E-05 9.9946E-05 0.00747385 0.982903 9.9946E-05
0.013731 9.9964E-05 0.0757628 9.9964E-05 9.9964E-05 0.131028 9.9964E-05 0.730239 0.0488396
9.993E-05 9.993E-05 0.999201 9.993E-05 9.993E-05 9.993E-05 9.993E-05 9.993E-05 9.993E-05
0.0772335 0.144392 0.070607 9.9982E-05 9.9982E-05 0.342825 0.0795722 0.148134 0.137036
9.993E-05 9.993E-05 0.999201 9.993E-05 9.993E-05 9.993E-05 9.993E-05 9.993E-05 9.993E-05
9.993E-05 9.993E-05 0.999201 9.993E-05 9.993E-05 9.993E-05 9.993E-05 9.993E-05 9.993E-05
9.99551E-05 0.012536 0.950021 0.000812723 9.99551E-05 9.99551E-05 9.99551E-05 9.99551E-05 0.03613
9.9982E-05 0.0293517 0.82133 9.9982E-05 0.0463808 0.0395447 0.0240089 0.00252221 0.0366621
9.993E-05 9.993E-05 0.999201 9.993E-05 9.993E-05 9.993E-05 9.993E-05 9.993E-05 9.993E-05
9.9964E-05 9.9964E-05 0.880568 0.0198175 9.9964E-05 0.0690364 9.9964E-05 0.02864 0.00153829
0.00356674 9.9955E-05 0.964518 9.9955E-05 0.0190637 0.0123515 9.9955E-05 9.9955E-05 9.9955E-05
9.9946E-05 9.9946E-05 0.947183 9.9946E-05 0.025861 9.9946E-05 9.9946E-05 0.0263567 9.9946E-05
9.993E-05 9.993E-05 0.999201 9.993E-05 9.993E-05 9.993E-05 9.993E-05 9.993E-05 9.993E-05
9.9955E-05 9.9955E-05 0.974372 9.9955E-05 0.000460853 9.9955E-05 0.011866 0.0128012 9.9955E-05
9.9964E-05 0.00839363 0.934714 9.9964E-05 9.9964E-05 9.9964E-05 0.00398164 0.0378486 0.0146619
0.0128163 0.091688 0.75122 9.9973E-05 9.9973E-05 9.9973E-05 0.057222 0.0615396 0.0252145
9.9955E-05 9.9955E-05 0.941956 9.9955E-05 0.0067583 0.00551125 9.9955E-05 9.9955E-05 0.0452751
0.000951336 0.026369 0.868854 0.00648627 9.9973E-05 0.0617958 9.9973E-05 9.9973E-05 0.0352432
9.9964E-05 9.9964E-05 0.868803 0.0149668 9.9964E-05 0.0157206 0.0489111 9.9964E-05 0.0511986
9.9964E-05 0.00560032 0.894403 0.0281697 9.9964E-05 0.0440027 0.0274244 9.9964E-05 9.9964E-05
9.9955E-05 9.9955E-05 0.948528 9.9955E-05 9.9955E-05 0.0338763 0.000650724 0.0164447 9.9955E-05
9.9991E-05 0.075087 0.0573167 0.0463035 0.0647418 0.306928 0.211364 0.0829821 0.155177
9.9991E-05 0.0769936 0.0533798 0.047999 0.0711968 0.265471 0.245437 0.0808675 0.158556
9.9982E-05 0.0547466 0.0462452 0.0528877 9.9982E-05 0.361863 0.263672 0.0296405 0.190746
9.9982E-05 0.0488346 0.104752 0.0497134 9.9982E-05 0.362654 0.23799 0.0235655 0.17229
9.9964E-05 9.9964E-05 9.9964E-05 9.9964E-05 0.0332432 0.024719 0.00502042 0.0295225 0.907095
9.993E-05 9.993E-05 9.993E-05 9.993E-05 9.993E-05 9.993E-05 9.993E-05 9.993E-05 0.999201
9.9937E-05 0.0189938 9.9937E-05 9.9937E-05 9.9937E-05 9.9937E-05 9.9937E-05 9.9937E-05 0.980307
9.993E-05 9.993E-05 9.993E-05 9.993E-05 9.993E-05 9.993E-05 9.993E-05 9.993E-05 0.999201
9.9937E-05 0.0106643 9.9937E-05 9.9937E-05 9.9937E-05 9.9937E-05 9.9937E-05 9.9937E-05 0.988636
9.9946E-05 9.9946E-05 9.9946E-05 9.9946E-05 9.9946E-05 0.0383908 0.006982 9.9946E-05 0.954028
0.00692134 0.0285059 9.9964E-05 0.00759088 9.9964E-05 9.9964E-05 0.0201882 9.9964E-05 0.936394
0.0440649 0.0139933 0.0875094 0.0299442 0.0320969 9.9991E-05 0.032551 0.0352192 0.724521
0.0130966 0.0219007 0.0550598 9.9982E-05 0.0192508 0.0186195 9.9982E-05 0.0305842 0.841289
9.9937E-05 9.9937E-05 9.9937E-05 0.00483428 9.9937E-05 9.9937E-05 0.994466 9.9937E-05 9.9937E-05
9.993E-05 9.993E-05 9.993E-05 9.993E-05 9.993E-05 9.993E-05 0.999201 9.993E-05 9.993E-05
9.993E-05 9.993E-05 9.993E-05 9.993E-05 9.993E-05 9.993E-05 0.999201 9.993E-05 9.993E-05
9.993E-05 9.993E-05 9.993E-05 9.993E-05 9.993E-05 9.993E-05 0.999201 9.993E-05 9.993E-05
9.993E-05 9.993E-05 9.993E-05 9.993E-05 9.993E-05 9.993E-05 0.999201 9.993E-05 9.993E-05
9.9964E-05 0.00185968 9.9964E-05 9.9964E-05 0.000299565 0.0776459 0.865838 9.9964E-05 0.0539574
9.993E-05 9.993E-05 9.993E-05 9.993E-05 9.993E-05 9.993E-05 0.999201 9.993E-05 9.993E-05
9.993E-05 9.993E-05 9.993E-05 9.993E-05 9.993E-05 9.993E-05 0.999201 9.993E-05 9.993E-05
9.9946E-05 9.9946E-05 9.9946E-05 0.0167931 9.9946E-05 0.00264459 0.979963 9.9946E-05 9.9946E-05
9.9955E-05 9.9955E-05 0.00645576 9.9955E-05 9.9955E-05 0.022521 0.956388 0.014136 9.9955E-05
9.993E-05 9.993E-05 9.993E-05 9.993E-05 9.993E-05 9.993E-05 0.999201 9.993E-05 9.993E-05
0.0103616 9.9937E-05 9.9937E-05 9.9937E-05 9.9937E-05 9.9937E-05 0.988939 9.9937E-05 9.9937E-05
