9.993E-05 9.993E-05 9.993E-05 9.993E-05 9.993E-05 9.993E-05 9.993E-05 9.993E-05 0.999201
0.542768 9.9955E-05 9.9955E-05 9.9955E-05 9.9955E-05 0.0687629 9.9955E-05 0.110683 0.277287
0.595683 9.9955E-05 9.9955E-05 9.9955E-05 9.9955E-05 0.0869386 9.9955E-05 0.0617129 0.255166
0.818295 9.99461E-05 9.99461E-05 9.99461E-05 9.99461E-05 0.0124155 9.99461E-05 9.99461E-05 0.16869
0.703934 0.0647981 0.0535794 0.0697894 9.9964E-05 9.9964E-05 9.9964E-05 9.9964E-05 0.107499
0.508795 9.9973E-05 9.9973E-05 0.227876 9.9973E-05 0.0489508 0.013645 0.0255755 0.174858
0.742847 9.99371E-05 9.99371E-05 9.99371E-05 9.99371E-05 9.99371E-05 9.99371E-05 9.99371E-05 0.256453
0.520345 9.9973E-05 9.9973E-05 0.146053 0.00683909 0.0721111 9.9973E-05 0.00774945 0.246602
0.64758 0.0492969 9.9973E-05 0.0522559 9.9973E-05 0.0653239 9.9973E-05 0.0193765 0.165866
9.993E-05 9.993E-05 9.993E-05 9.993E-05 9.993E-05 9.993E-05 9.993E-05 9.993E-05 0.999201
9.993E-05 9.993E-05 9.993E-05 9.993E-05 9.993E-05 9.993E-05 9.993E-05 9.993E-05 0.999201
9.993E-05 9.993E-05 9.993E-05 9.993E-05 9.993E-05 9.993E-05 9.993E-05 9.993E-05 0.999201
9.9937E-05 9.9937E-05 9.9937E-05 9.9937E-05 0.00111942 9.9937E-05 9.9937E-05 9.9937E-05 0.998181
9.9955E-05 0.0150953 0.0439202 0.00873433 9.9955E-05 9.9955E-05 9.9955E-05 9.9955E-05 0.93175
9.9946E-05 9.9946E-05 0.0244898 0.0238348 9.9946E-05 9.9946E-05 9.9946E-05 9.9946E-05 0.951076
0.548807 0.0210377 9.9973E-05 0.221954 0.000174933 0.0726889 9.9973E-05 9.9973E-05 0.135038
0.351707 0.0984663 0.112001 0.101747 0.00268159 0.0394444 0.0431048 0.0615863 0.189262
0.79125 9.9964E-05 9.9964E-05 0.0378538 9.9964E-05 9.9964E-05 0.0170735 0.0019389 0.151484
0.844398 0.0669887 0.0594989 0.00675396 9.9964E-05 9.9964E-05 9.9964E-05 0.0219609 9.9964E-05
0.817751 0.0176063 0.093154 9.9973E-05 0.0371853 9.9973E-05 0.0313462 0.00265707 9.9973E-05
0.84811 0.0277322 9.9964E-05 9.9964E-05 9.9964E-05 9.9964E-05 0.0757719 0.0126772 0.0353085
0.781473 9.9973E-05 0.0918033 0.0126773 0.0295493 0.0559458 9.9973E-05 0.0282515 9.9973E-05
0.832453 0.0111996 0.069467 9.9973E-05 0.0107549 0.0436902 0.0321351 9.9973E-05 9.9973E-05
0.900044 9.9955E-05 0.0442996 9.9955E-05 0.0483884 0.00676873 9.9955E-05 9.9955E-05 9.9955E-05
0.869581 0.00978941 9.9973E-05 0.111217 0.00353718 9.9973E-05 0.000400295 0.00517487 9.9973E-05
0.652084 0.0248416 9.9973E-05 0.0920767 0.0574299 0.0211419 0.152126 9.9973E-05 9.9973E-05
0.682984 0.106538 0.0380858 0.0638723 9.9973E-05 0.0429792 0.0652407 9.9973E-05 9.9973E-05
0.933378 9.9955E-05 9.9955E-05 0.0437095 0.00304983 0.0193633 9.9955E-05 9.9955E-05 9.9955E-05
0.78301 9.9982E-05 0.0131979 0.000389148 0.057926 0.00641995 0.0918586 9.9982E-05 0.0469989
0.865313 9.9946E-05 9.9946E-05 9.9946E-05 9.9946E-05 9.9946E-05 0.101624 9.9946E-05 0.0324627
0.904378 0.00916115 0.0508252 9.9964E-05 0.0121523 9.9964E-05 9.9964E-05 9.9964E-05 0.023083
0.773098 0.0504698 0.00626528 0.0790288 0.0758437 0.0116164 9.9982E-05 0.00347821 9.9982E-05
0.740866 0.0302631 0.0262339 9.9973E-05 9.9973E-05 0.02076 0.176095 0.00548174 9.9973E-05
0.609167 9.9973E-05 9.9973E-05 0.0125356 0.10711 0.0435294 0.179276 9.9973E-05 0.0480818
0.793433 9.9955E-05 0.151515 9.9955E-05 9.9955E-05 0.0274884 0.027064 9.9955E-05 9.9955E-05
0.901654 9.9946E-05 9.9946E-05 9.9946E-05 9.9946E-05 9.9946E-05 0.0658439 9.9946E-05 0.0319023
0.481461 9.9955E-05 0.0346156 0.372036 9.9955E-05 9.9955E-05 0.111388 9.9955E-05 9.9955E-05
0.563633 0.0610609 0.04263 0.052046 0.00760204 0.0198405 0.252988 9.9982E-05 9.9982E-05
0.516332 0.0543084 0.0133422 0.0723805 9.9982E-05 0.0673098 0.24661 0.0295176 9.9982E-05
0.588102 0.0180472 0.00068015 0.0618637 0.00779391 9.9973E-05 0.323213 9.9973E-05 9.9973E-05
0.0924227 0.0472515 9.9982E-05 0.677466 0.0739854 0.0105625 0.0240779 0.0740343 9.9982E-05
0.0832115 0.0252674 9.9982E-05 0.585202 0.0382197 0.091466 0.134122 0.042312 9.9982E-05
0.217365 9.9973E-05 9.9973E-05 0.507236 0.0853875 0.0824464 9.9973E-05 0.0772017 0.0300628
0.0763317 0.0132436 9.9982E-05 0.733005 0.0648434 0.0400423 0.0228911 0.0494431 9.9982E-05
0.251647 0.0377244 9.9973E-05 0.486606 0.018973 0.0494773 0.155272 9.9973E-05 9.9973E-05
9.993E-05 9.993E-05 9.993E-05 0.999201 9.993E-05 9.993E-05 9.993E-05 9.993E-05 9.993E-05
9.993E-05 9.993E-05 9.993E-05 0.999201 9.993E-05 9.993E-05 9.993E-05 9.993E-05 9.993E-05
0.297336 0.0768606 0.0591721 0.412374 0.0622761 0.0302264 0.0615544 9.9982E-05 9.9982E-05
0.202622 0.049196 0.0304809 0.435737 0.113216 0.0450782 0.0663407 9.9991E-05 0.0572294
0.398308 9.9991E-05 0.00816984 0.323741 0.0844082 0.0331041 0.0250424 0.0441889 0.0829374
0.19606 0.0479821 9.9973E-05 0.503173 9.9973E-05 0.0476057 0.175979 9.9973E-05 0.0289007
0.17281 0.012892 0.0313155 0.655749 9.9973E-05 0.0653981 0.0615355 9.9973E-05 9.9973E-05
9.9946E-05 9.9946E-05 9.9946E-05 0.96721 9.9946E-05 0.00328034 9.9946E-05 9.9946E-05 0.0289101
0.205818 0.0581342 0.00995304 0.32196 0.0279366 9.9982E-05 0.329718 9.9982E-05 0.0462799
0.164327 0.0265548 0.0166169 0.347346 0.0603282 9.9991E-05 0.335292 0.00269617 0.046738
0.0986747 0.00972364 0.0151301 0.535377 0.0920144 0.118652 0.0909693 0.0393596 9.9991E-05
0.161387 0.0333746 9.9982E-05 0.395444 0.055428 0.0563457 0.225866 9.9982E-05 0.0719549
0.191169 0.117398 9.9973E-05 0.496322 0.00644578 9.9973E-05 0.165924 0.0224411 9.9973E-05
9.9937E-05 9.9937E-05 9.9937E-05 0.986793 9.9937E-05 9.9937E-05 9.9937E-05 9.9937E-05 0.0125078
0.237578 0.10383 9.9964E-05 0.460916 9.9964E-05 9.9964E-05 0.15038 9.9964E-05 0.0468958
0.146449 0.119029 0.0237623 0.67234 0.0380199 9.9964E-05 9.9964E-05 9.9964E-05 9.9964E-05
0.126936 0.0190571 9.9973E-05 0.716305 0.0493205 9.9973E-05 9.9973E-05 0.0729932 0.0150888
0.0663414 0.0289228 0.0653335 0.502031 0.0447746 0.0435147 0.166841 0.0447276 0.0375141
9.9955E-05 9.9955E-05 0.142839 0.822571 9.9955E-05 0.00700209 9.9955E-05 0.0270885 9.9955E-05
0.160712 0.0385495 9.9982E-05 0.620362 0.0662813 9.9982E-05 0.103879 0.00849025 0.00152679
9.9946E-05 9.9946E-05 0.0871807 0.894777 9.9946E-05 0.0174429 9.9946E-05 9.9946E-05 9.9946E-05
9.9946E-05 9.9946E-05 9.9946E-05 0.662413 9.9946E-05 9.9946E-05 0.313368 0.0236189 9.9946E-05
9.9964E-05 9.9964E-05 0.101652 0.81822 0.0233437 0.023466 9.9964E-05 0.0329178 9.9964E-05
0.269833 0.0610313 0.0118018 0.495516 0.0380061 0.01192 0.111321 0.000471169 9.9991E-05
9.9964E-05 9.9964E-05 0.0765765 0.86872 0.0404573 0.00562537 9.9964E-05 0.00822042 9.9964E-05
0.0883915 9.9982E-05 9.9982E-05 0.625342 0.0615882 0.0337716 0.064092 0.0848614 0.0417535
0.0608869 0.0143274 0.00854824 0.538527 0.0378377 0.0674021 0.240383 0.0319873 9.9991E-05
9.9982E-05 0.0398367 0.0318788 0.823471 9.9982E-05 0.00208942 0.0288287 0.00570866 0.0679869
9.9955E-05 0.0926897 9.9955E-05 0.799517 9.9955E-05 9.9955E-05 0.0728772 9.9955E-05 0.0344164
9.9973E-05 9.9973E-05 0.056141 0.533253 0.0858336 0.0207049 0.26909 9.9973E-05 0.0346778
9.9964E-05 0.084415 0.0127818 0.699844 0.00553104 9.9964E-05 0.197029 9.9964E-05 9.9964E-05
9.9964E-05 9.9964E-05 0.0180866 0.719829 9.9964E-05 0.0527472 0.162741 0.0461966 9.9964E-05
0.0349403 0.00923459 0.118732 0.530459 0.0295993 9.9991E-05 0.154704 0.0946253 0.0276054
9.9964E-05 0.0103019 9.9964E-05 0.0575151 9.9964E-05 0.0474267 0.881668 9.9964E-05 0.00268835
9.993E-05 9.993E-05 9.993E-05 9.993E-05 9.993E-05 9.993E-05 0.999201 9.993E-05 9.993E-05
9.9946E-05 9.9946E-05 9.9946E-05 9.9946E-05 9.9946E-05 0.00729262 0.959215 9.9946E-05 0.0328929
9.99371E-05 9.99371E-05 9.99371E-05 9.99371E-05 9.99371E-05 9.99371E-05 0.99668 9.99371E-05 0.00262024
9.9946E-05 0.01476 9.9946E-05 0.0084153 9.9946E-05 9.9946E-05 0.976225 9.9946E-05 9.9946E-05
0.173908 9.9973E-05 9.9973E-05 0.113962 0.116529 9.9973E-05 0.496995 0.0704768 0.0278297
0.0391011 0.0279939 9.9973E-05 0.307943 0.0721114 9.9973E-05 0.36338 0.189171 9.9973E-05
0.0578494 0.0140905 9.9991E-05 0.230603 0.00721334 0.0761684 0.461388 0.137062 0.0155255
0.179883 0.0257775 9.999E-05 0.134043 0.0713346 0.0640537 0.441773 0.0358483 0.047187
0.125124 0.0433699 9.9982E-05 0.198205 0.104281 9.9982E-05 0.466289 0.0582992 0.00423228
0.0574179 0.0581146 0.0615504 0.233124 9.9982E-05 0.0496834 0.488079 0.0518306 9.9982E-05
0.0502575 0.135627 0.00921404 0.240141 0.12199 0.089006 0.238591 0.0936126 0.0215621
0.0381236 9.9991E-05 0.184111 0.338312 0.0744612 0.0779589 0.152623 0.102212 0.0320987
0.0659949 9.9991E-05 0.149527 0.325309 0.109358 0.0433984 0.193417 0.0793726 0.0335225
0.0376717 0.138334 0.02437 0.213752 0.0330679 0.0740019 0.309409 0.169293 9.9991E-05
9.993E-05 9.993E-05 9.993E-05 9.993E-05 9.993E-05 9.993E-05 9.993E-05 0.999201 9.993E-05
0.0393967 0.0113694 9.9973E-05 9.9973E-05 0.0172272 0.0217652 9.9973E-05 0.889429 0.020513
9.9964E-05 9.9964E-05 0.0837711 0.079839 9.9964E-05 9.9964E-05 0.00131101 0.831925 0.00275425
9.9955E-05 9.9955E-05 9.9955E-05 0.00880814 9.9955E-05 0.0158358 0.014784 0.960072 9.9955E-05
9.993E-05 9.993E-05 9.993E-05 9.993E-05 9.993E-05 9.993E-05 9.993E-05 0.999201 9.993E-05
9.993E-05 9.993E-05 9.993E-05 9.993E-05 9.993E-05 9.993E-05 9.993E-05 0.999201 9.993E-05
9.99371E-05 9.99371E-05 9.99371E-05 9.99371E-05 9.99371E-05 0.00133876 9.99371E-05 0.997962 9.99371E-05
0.0431373 9.9964E-05 0.0231611 0.0190627 9.9964E-05 0.0214444 9.9964E-05 0.892795 9.9964E-05
9.9946E-05 0.00390227 9.9946E-05 9.9946E-05 9.9946E-05 9.9946E-05 0.0221847 0.973313 9.9946E-05
9.993E-05 9.993E-05 9.993E-05 9.993E-05 9.993E-05 9.993E-05 9.993E-05 0.999201 9.993E-05
0.084094 0.106834 0.0478769 9.9982E-05 0.210351 0.118109 0.401591 0.0309439 9.9982E-05
9.9955E-05 9.9955E-05 0.00765105 0.0603028 9.9955E-05 0.00670444 9.9955E-05 0.924842 9.9955E-05
9.9937E-05 0.00286755 9.9937E-05 9.9937E-05 9.9937E-05 9.9937E-05 9.9937E-05 0.996433 9.9937E-05
0.00158024 0.00905036 0.0148647 9.9982E-05 0.00634357 9.9982E-05 0.013419 0.952435 0.00210754
9.993E-05 9.993E-05 9.993E-05 9.993E-05 9.993E-05 9.993E-05 0.999201 9.993E-05 9.993E-05
9.993E-05 9.993E-05 9.993E-05 9.993E-05 9.993E-05 9.993E-05 0.999201 9.993E-05 9.993E-05
9.99371E-05 9.99371E-05 0.0262675 9.99371E-05 9.99371E-05 9.99371E-05 0.973033 9.99371E-05 9.99371E-05
9.993E-05 9.993E-05 9.993E-05 9.993E-05 9.993E-05 9.993E-05 0.999201 9.993E-05 9.993E-05
9.9955E-05 0.0372539 9.9955E-05 9.9955E-05 0.0883693 9.9955E-05 0.840809 0.0330682 9.9955E-05
0.118424 9.9955E-05 0.0922454 9.9955E-05 0.0419358 9.9955E-05 0.746895 9.9955E-05 9.9955E-05
0.0765238 0.00824954 0.0850045 0.0262421 9.9973E-05 9.9973E-05 0.743573 0.0601066 9.9973E-05
9.9955E-05 9.9955E-05 0.0705332 9.9955E-05 0.101157 9.9955E-05 0.813147 0.0146634 9.9955E-05
9.9964E-05 0.00738873 0.076519 9.9964E-05 9.9964E-05 0.0502889 0.808756 0.0566475 9.9964E-05
9.9955E-05 9.9955E-05 0.0595854 9.9955E-05 9.9955E-05 0.00560555 0.846433 0.087876 9.9955E-05
0.0801219 0.0265698 0.0385195 9.9982E-05 0.0644986 0.0444499 0.724538 0.0211024 9.9982E-05
0.0491601 9.9973E-05 0.116262 0.0456233 9.9973E-05 0.00253588 0.714323 0.0717961 9.9973E-05
9.9982E-05 0.0230282 0.0199486 0.0491007 0.0843486 0.0378168 0.744453 9.9982E-05 0.0411043
0.0114983 0.0260627 0.0199707 0.0243967 0.110134 0.0360755 0.717508 0.0503397 0.00401419
9.993E-05 9.993E-05 9.993E-05 9.993E-05 9.993E-05 0.999201 9.993E-05 9.993E-05 9.993E-05
9.9973E-05 0.0186124 9.9973E-05 0.0812078 0.113296 0.0840091 0.571001 0.131574 9.9973E-05
9.993E-05 9.993E-05 9.993E-05 9.993E-05 9.993E-05 0.999201 9.993E-05 9.993E-05 9.993E-05
9.993E-05 9.993E-05 9.993E-05 9.993E-05 9.993E-05 0.999201 9.993E-05 9.993E-05 9.993E-05
9.99461E-05 9.99461E-05 0.0800043 9.99461E-05 9.99461E-05 0.913829 9.99461E-05 0.00556745 9.99461E-05
0.11443 0.0518793 0.00584108 0.00878532 0.0622134 0.756551 9.9973E-05 9.9973E-05 9.9973E-05
9.993E-05 9.993E-05 9.993E-05 9.993E-05 9.993E-05 0.999201 9.993E-05 9.993E-05 9.993E-05
9.99461E-05 9.99461E-05 0.0163649 9.99461E-05 9.99461E-05 0.865076 0.117959 9.99461E-05 9.99461E-05
0.00349079 9.99461E-05 0.0250972 9.99461E-05 9.99461E-05 0.970812 9.99461E-05 9.99461E-05 9.99461E-05
0.00654425 9.9955E-05 9.9955E-05 0.0125843 0.013191 0.967181 9.9955E-05 9.9955E-05 9.9955E-05
9.9955E-05 0.01926 9.9955E-05 0.0139966 9.9955E-05 0.953895 9.9955E-05 9.9955E-05 0.0123486
9.9946E-05 9.9946E-05 9.9946E-05 0.0309889 0.0144923 0.953919 9.9946E-05 9.9946E-05 9.9946E-05
9.9946E-05 9.9946E-05 9.9946E-05 9.9946E-05 0.0310715 0.940185 0.0281437 9.9946E-05 9.9946E-05
9.9964E-05 0.0947806 9.9964E-05 0.0404623 0.0223781 0.809016 9.9964E-05 0.0329634 9.9964E-05
9.9946E-05 9.9946E-05 0.0366942 9.9946E-05 9.9946E-05 0.942282 0.020424 9.9946E-05 9.9946E-05
9.9982E-05 0.000343449 0.0342495 0.0818002 0.032912 0.821925 9.9982E-05 0.0229724 0.00559758
9.9955E-05 0.0663912 0.0200898 9.9955E-05 9.9955E-05 0.900792 9.9955E-05 9.9955E-05 0.0122274
0.01481 0.0309692 9.9964E-05 0.0568772 9.9964E-05 0.874508 9.9964E-05 9.9964E-05 0.0224353
9.9964E-05 9.9964E-05 0.0278797 9.9964E-05 0.0594798 0.895439 0.0139057 9.9964E-05 0.00289628
9.9964E-05 0.00127213 0.032324 9.9964E-05 0.936997 0.0198988 9.9964E-05 0.00910815 9.9964E-05
0.0204484 0.0505068 0.0275476 0.00284991 0.894093 9.9973E-05 9.9973E-05 9.9973E-05 0.00425449
9.9937E-05 0.000665347 9.9937E-05 9.9937E-05 0.998635 9.9937E-05 9.9937E-05 9.9937E-05 9.9937E-05
0.0374644 0.00630684 9.9955E-05 9.9955E-05 0.954871 9.9955E-05 0.000857673 9.9955E-05 9.9955E-05
9.9937E-05 0.0264711 9.9937E-05 9.9937E-05 0.972829 9.9937E-05 9.9937E-05 9.9937E-05 9.9937E-05
9.993E-05 9.993E-05 9.993E-05 9.993E-05 0.999201 9.993E-05 9.993E-05 9.993E-05 9.993E-05
9.9937E-05 9.9937E-05 9.9937E-05 0.0248173 0.974483 9.9937E-05 9.9937E-05 9.9937E-05 9.9937E-05
9.9955E-05 9.9955E-05 0.126362 0.105524 0.753804 9.9955E-05 9.9955E-05 9.9955E-05 0.0138101
9.99371E-05 9.99371E-05 9.99371E-05 9.99371E-05 0.98832 0.0109803 9.99371E-05 9.99371E-05 9.99371E-05
9.993E-05 9.993E-05 9.993E-05 9.993E-05 0.999201 9.993E-05 9.993E-05 9.993E-05 9.993E-05
9.99551E-05 9.99551E-05 0.0864857 9.99551E-05 0.874594 9.99551E-05 9.99551E-05 0.0227085 0.0157122
9.9946E-05 0.0203579 9.9946E-05 9.9946E-05 0.972555 9.9946E-05 9.9946E-05 0.00648783 9.9946E-05
9.9982E-05 9.9982E-05 0.048932 0.0704208 0.749947 0.0626803 0.0571557 0.00940723 0.00125694
9.9991E-05 0.229641 0.124931 0.215166 0.0289813 0.049601 0.253566 0.0484977 0.0495162
9.9991E-05 0.257899 0.0717206 0.170256 0.0618095 0.0481305 0.345945 0.0172883 0.0268512
9.9991E-05 0.261452 0.118587 0.221612 0.0475554 0.0684649 0.185418 0.0501126 0.0466984
9.9991E-05 0.240724 0.152629 0.220856 0.00393638 0.0435615 0.226804 0.0599691 0.0514203
9.9964E-05 9.9964E-05 0.886398 0.0158682 0.0449427 9.9964E-05 9.9964E-05 0.0414178 0.0109729
9.993E-05 9.993E-05 0.999201 9.993E-05 9.993E-05 9.993E-05 9.993E-05 9.993E-05 9.993E-05
9.9946E-05 0.0189921 0.973422 9.9946E-05 9.9946E-05 9.9946E-05 9.9946E-05 0.00698612 9.9946E-05
9.993E-05 9.993E-05 0.999201 9.993E-05 9.993E-05 9.993E-05 9.993E-05 9.993E-05 9.993E-05
9.9964E-05 0.00583861 0.978196 9.9964E-05 0.0049916 9.9964E-05 0.00726682 0.00330742 9.9964E-05
0.00515854 0.0168651 0.94216 9.9964E-05 9.9964E-05 0.0328346 9.9964E-05 9.9964E-05 0.00258139
9.9946E-05 9.9946E-05 0.939922 9.9946E-05 9.9946E-05 9.9946E-05 0.0522379 0.0072403 9.9946E-05
0.0220415 0.0156935 0.757496 9.9982E-05 0.00674898 0.0679575 0.0947607 9.9982E-05 0.0351014
0.0796181 0.00726635 0.842025 0.0589905 9.9973E-05 0.00308533 0.00871467 9.9973E-05 9.9973E-05
9.9964E-05 0.941036 9.9964E-05 9.9964E-05 0.0262075 0.00273053 0.0257452 0.00388109 9.9964E-05
9.993E-05 0.999201 9.993E-05 9.993E-05 9.993E-05 9.993E-05 9.993E-05 9.993E-05 9.993E-05
9.993E-05 0.999201 9.993E-05 9.993E-05 9.993E-05 9.993E-05 9.993E-05 9.993E-05 9.993E-05
9.993E-05 0.999201 9.993E-05 9.993E-05 9.993E-05 9.993E-05 9.993E-05 9.993E-05 9.993E-05
9.993E-05 0.999201 9.993E-05 9.993E-05 9.993E-05 9.993E-05 9.993E-05 9.993E-05 9.993E-05
9.996E-05 0.891473 0.0277761 0.0136394 9.996E-05 9.996E-05 0.0415273 9.996E-05 0.0251848
9.9946E-05 0.981629 0.0106775 9.9946E-05 9.9946E-05 9.9946E-05 0.00709394 9.9946E-05 9.9946E-05
9.993E-05 0.999201 9.993E-05 9.993E-05 9.993E-05 9.993E-05 9.993E-05 9.993E-05 9.993E-05
0.00764169 0.973546 9.9955E-05 9.9955E-05 0.00727619 9.9955E-05 9.9955E-05 0.0110359 9.9955E-05
9.9964E-05 0.954238 9.9964E-05 9.9964E-05 0.0202467 9.9964E-05 0.00150561 0.0108642 0.0127461
9.993E-05 0.999201 9.993E-05 9.993E-05 9.993E-05 9.993E-05 9.993E-05 9.993E-05 9.993E-05
9.9946E-05 0.986547 0.00287868 9.9946E-05 0.00997421 9.9946E-05 9.9946E-05 9.9946E-05 9.9946E-05
