9.993E-05 0.999201 9.993E-05 9.993E-05 9.993E-05 9.993E-05 9.993E-05 9.993E-05 9.993E-05
9.9955E-05 0.265854 9.9955E-05 0.0647857 9.9955E-05 9.9955E-05 9.9955E-05 0.605111 0.063749
9.9955E-05 0.240959 9.9955E-05 0.049749 9.9955E-05 9.9955E-05 9.9955E-05 0.580709 0.128084
9.9955E-05 0.183399 0.0523227 9.9955E-05 9.9955E-05 9.9955E-05 0.0156008 0.748178 9.9955E-05
0.0338899 0.0861035 0.114937 9.9973E-05 0.0599636 9.9973E-05 0.0251829 0.679623 9.9973E-05
9.9964E-05 0.111218 0.159017 9.9964E-05 9.9964E-05 9.9964E-05 0.0727203 0.635482 0.0211622
9.9937E-05 0.262759 9.9937E-05 9.9937E-05 9.9937E-05 9.9937E-05 9.9937E-05 0.736542 9.9937E-05
9.9973E-05 0.292856 0.0916858 0.0217998 9.9973E-05 0.0343521 9.9973E-05 0.497954 0.0610518
0.065111 0.142153 0.00831224 0.00829365 9.9982E-05 0.00219792 9.9982E-05 0.707353 0.066379
9.993E-05 0.999201 9.993E-05 9.993E-05 9.993E-05 9.993E-05 9.993E-05 9.993E-05 9.993E-05
9.993E-05 0.999201 9.993E-05 9.993E-05 9.993E-05 9.993E-05 9.993E-05 9.993E-05 9.993E-05
9.993E-05 0.999201 9.993E-05 9.993E-05 9.993E-05 9.993E-05 9.993E-05 9.993E-05 9.993E-05
9.9937E-05 0.982293 9.9937E-05 0.017007 9.9937E-05 9.9937E-05 9.9937E-05 9.9937E-05 9.9937E-05
9.9946E-05 0.956431 0.0263888 9.9946E-05 0.0165802 9.9946E-05 9.9946E-05 9.9946E-05 9.9946E-05
9.9955E-05 0.956271 0.0346962 0.00700909 9.9955E-05 9.9955E-05 0.0015242 9.9955E-05 9.9955E-05
0.0532775 0.136612 0.329648 9.9964E-05 9.9964E-05 0.0244172 9.9964E-05 0.455646 9.9964E-05
0.0313309 0.197462 0.265081 0.0207707 0.0540777 9.9982E-05 9.9982E-05 0.395298 0.03578
9.9955E-05 0.158558 0.0868135 9.9955E-05 9.9955E-05 9.9955E-05 0.0532319 0.700897 9.9955E-05
0.00116279 9.9973E-05 0.00365833 0.023491 0.0703846 9.9973E-05 0.00530639 0.895697 9.9973E-05
0.0127691 9.9964E-05 9.9964E-05 0.000827631 0.0517939 0.054652 9.9964E-05 0.879558 9.9964E-05
0.0610511 0.0315451 9.9955E-05 9.9955E-05 9.9955E-05 9.9955E-05 0.029744 0.87716 9.9955E-05
9.9973E-05 9.9973E-05 0.0167299 9.9973E-05 0.10152 0.0302548 0.0530247 0.757288 0.0408831
0.0260605 9.9973E-05 9.9973E-05 0.00100754 0.0838003 9.9973E-05 0.0681234 0.80865 0.0120586
9.9955E-05 0.00438654 9.9955E-05 9.9955E-05 0.0480277 0.0323185 9.9955E-05 0.914767 9.9955E-05
0.0649849 9.9964E-05 0.0853794 0.0086821 9.9964E-05 0.0311731 9.9964E-05 0.809381 9.9964E-05
0.0371747 9.9973E-05 0.167585 9.9973E-05 0.029723 0.058272 0.125035 0.58191 9.9973E-05
0.0711853 9.9973E-05 0.0130361 9.9973E-05 0.0332928 9.9973E-05 0.122722 0.695491 0.0639725
9.9955E-05 9.9955E-05 0.00212083 9.9955E-05 9.9955E-05 0.0238788 9.9955E-05 0.96161 0.0118909
0.0319123 0.0455375 9.9982E-05 9.9982E-05 0.0152349 0.0422453 0.10372 0.747945 0.0132051
0.00722017 0.0352643 9.9955E-05 9.9955E-05 9.9955E-05 9.9955E-05 0.0535219 0.903494 9.9955E-05
0.017483 0.0129648 9.9964E-05 0.00814888 0.0561424 9.9964E-05 9.9964E-05 0.904861 9.9964E-05
0.0661606 9.9973E-05 0.0177056 9.9973E-05 0.00909937 0.0550134 9.9973E-05 0.832431 0.0192904
0.0139368 0.020298 9.9982E-05 0.00743959 0.00224242 9.9982E-05 0.201534 0.699293 0.0550568
0.0171538 0.0267506 0.0141908 9.9982E-05 9.9982E-05 0.102523 0.132539 0.629148 0.0774955
9.9955E-05 9.9955E-05 0.0178271 9.9955E-05 0.124398 0.0626014 9.9955E-05 0.794673 9.9955E-05
0.0218036 0.0265436 9.9955E-05 9.9955E-05 9.9955E-05 9.9955E-05 0.0479041 0.903249 9.9955E-05
9.9964E-05 9.9964E-05 0.292226 9.9964E-05 0.0202154 9.9964E-05 0.177497 0.508501 0.00116116
0.0551685 9.9973E-05 0.0127709 9.9973E-05 0.0841512 9.9973E-05 0.290113 0.548131 0.00936531
0.0472262 9.9973E-05 0.107302 9.9973E-05 0.010375 9.9973E-05 0.241017 0.526783 0.0669968
0.0248166 9.9964E-05 0.0527519 0.0014284 9.9964E-05 9.9964E-05 0.347815 0.572788 9.9964E-05
9.9964E-05 9.9964E-05 0.746715 0.029379 9.9964E-05 0.0526566 0.134255 9.9964E-05 0.036595
0.0669132 0.0030445 0.71846 9.9973E-05 9.9973E-05 0.0241456 0.107555 9.9973E-05 0.0795819
9.9973E-05 0.015664 0.585739 0.0542998 9.9973E-05 0.0860604 9.9973E-05 0.203095 0.0548411
0.0505396 9.9973E-05 0.742577 9.9973E-05 9.9973E-05 0.000150756 0.145769 0.0207047 0.0399594
0.0558461 9.9973E-05 0.404023 9.9973E-05 9.9973E-05 0.0444484 0.176933 0.248864 0.0695855
9.993E-05 9.993E-05 0.999201 9.993E-05 9.993E-05 9.993E-05 9.993E-05 9.993E-05 9.993E-05
0.00287195 9.9937E-05 0.996428 9.9937E-05 9.9937E-05 9.9937E-05 9.9937E-05 9.9937E-05 9.9937E-05
9.9973E-05 9.9973E-05 0.41115 9.9973E-05 0.046681 0.110706 0.0102395 0.400937 0.0199864
0.0839838 0.0225031 0.536104 9.9982E-05 9.9982E-05 0.104324 0.0799924 0.105304 0.0675882
9.9982E-05 0.0590371 0.368805 0.00740095 9.9982E-05 0.0628661 0.086114 0.377465 0.0381123
0.000403224 0.0433951 0.489574 0.00688428 9.9982E-05 9.9982E-05 0.149665 0.267974 0.0419043
0.0369653 9.9982E-05 0.688177 9.9982E-05 0.0516649 0.0287617 0.0388448 0.127416 0.0279704
0.00158263 9.9964E-05 0.947688 9.9964E-05 0.00395535 0.0225061 9.9964E-05 9.9964E-05 0.0238684
0.0211922 0.0284596 0.323563 9.9973E-05 0.0863003 9.9973E-05 0.340664 0.199521 9.9973E-05
0.0259315 0.0473541 0.320527 0.0268568 0.0489557 0.0303344 0.298585 0.201355 9.9991E-05
9.9973E-05 9.9973E-05 0.582661 0.0526567 9.9973E-05 0.0797053 0.0342491 0.139762 0.110666
0.0828769 0.0737835 0.324463 9.9982E-05 9.9982E-05 0.0745775 0.193985 0.205676 0.0444385
0.0411015 9.9982E-05 0.489593 0.0431901 0.012553 0.0918978 0.126708 0.194757 9.9982E-05
9.993E-05 9.993E-05 0.999201 9.993E-05 9.993E-05 9.993E-05 9.993E-05 9.993E-05 9.993E-05
0.0845926 0.0235596 0.400576 0.00397475 9.9991E-05 0.00558913 0.157762 0.298742 0.0251044
0.0974184 9.9964E-05 0.585699 9.9964E-05 0.0553612 0.0723744 9.9964E-05 0.188747 9.9964E-05
9.9973E-05 0.0193984 0.671301 0.0743149 9.9973E-05 0.0577873 0.143791 0.033108 9.9973E-05
0.0123361 0.00885727 0.542011 0.0917712 0.0219652 0.0284574 0.161031 0.0796016 0.0539696
0.00858743 9.9973E-05 0.84296 0.0260744 0.0777068 0.0339943 9.9973E-05 9.9973E-05 0.0103767
0.028345 0.0189747 0.654701 9.9973E-05 9.9973E-05 0.0619456 0.130028 0.105706 9.9973E-05
9.9964E-05 9.9964E-05 0.906614 0.0207891 0.064121 0.00208838 9.9964E-05 9.9964E-05 0.00598764
9.9946E-05 9.9946E-05 0.655923 0.0267809 9.9946E-05 9.9946E-05 0.316697 9.9946E-05 9.9946E-05
9.9973E-05 0.0121983 0.731448 0.0711371 0.119598 0.0206858 9.9973E-05 9.9973E-05 0.044633
0.0261392 9.9973E-05 0.485239 0.027365 9.9973E-05 0.0309896 0.137656 0.292311 9.9973E-05
9.9964E-05 9.9964E-05 0.880915 0.0148949 0.0639599 0.0343749 9.9964E-05 9.9964E-05 0.00545571
9.9982E-05 0.0455132 0.62417 0.090389 9.9982E-05 0.029546 0.0672782 0.0986855 0.0442184
0.0397393 9.9982E-05 0.441271 0.0409798 9.9982E-05 0.0807962 0.232549 0.114759 0.0497059
9.9964E-05 0.0733684 0.791811 9.9964E-05 0.0154385 9.9964E-05 0.0875512 0.0314312 9.9964E-05
0.0659198 0.0490676 0.782229 9.9955E-05 9.9955E-05 9.9955E-05 0.102284 9.9955E-05 9.9955E-05
0.0283451 0.0578513 0.497162 9.9973E-05 0.00899887 0.0842334 0.32311 9.9973E-05 9.9973E-05
0.117469 9.9964E-05 0.636094 9.9964E-05 0.00040979 9.9964E-05 0.225497 0.0201302 9.9964E-05
0.00835994 9.9964E-05 0.762933 0.0470098 9.9964E-05 9.9964E-05 0.113226 9.9964E-05 0.0680708
9.9973E-05 0.0186605 0.515115 0.0962476 0.0955693 0.0170741 0.257033 9.9973E-05 9.9973E-05
0.0185847 9.9973E-05 9.9973E-05 0.0109254 0.00166951 9.9973E-05 0.828268 0.100348 0.0399048
9.9955E-05 9.9955E-05 0.00998008 9.9955E-05 0.0163962 9.9955E-05 0.963327 9.9955E-05 0.00979734
9.9955E-05 0.0132275 0.0502979 9.9955E-05 9.9955E-05 9.9955E-05 0.921325 9.9955E-05 0.01465
9.9946E-05 9.9946E-05 0.0636744 9.9946E-05 0.00357388 9.9946E-05 0.932152 9.9946E-05 9.9946E-05
9.9964E-05 9.9964E-05 0.0524718 9.9964E-05 0.0259667 9.9964E-05 0.890625 0.00302753 0.0275093
0.057774 0.00450737 0.015823 0.0553757 9.9991E-05 0.135123 0.475597 0.22262 0.0330803
0.0735745 0.00702298 0.205064 0.171332 9.9991E-05 0.000345503 0.498907 0.0245979 0.0190563
0.000964278 9.9982E-05 0.157321 0.127866 9.9982E-05 0.0058594 0.57205 0.0502337 0.0855063
0.0272077 0.0430179 0.180963 0.0429877 9.999E-05 0.0555031 0.468673 0.124996 0.0565523
0.0323711 0.00860035 0.14206 0.0569361 9.998E-05 0.0723985 0.539955 0.147479 9.998E-05
0.0538886 9.9991E-05 0.206031 0.0669835 0.0897977 0.00214435 0.499805 0.0681013 0.0131481
0.129154 0.021835 0.174429 0.0592997 9.9982E-05 0.105547 0.43203 9.9982E-05 0.0775046
9.9991E-05 0.0479636 0.369226 0.083154 0.149655 0.038151 0.265167 0.0142066 0.0323777
9.9991E-05 0.0118421 0.374071 0.118018 0.123317 0.0884999 0.240167 0.0160686 0.0279165
0.158533 0.00935245 0.158316 0.185949 9.999E-05 0.0547557 0.305021 0.0391802 0.0887934
9.9937E-05 9.9937E-05 9.9937E-05 0.970263 9.9937E-05 0.0290377 9.9937E-05 9.9937E-05 9.9937E-05
0.000413362 0.0319372 9.9973E-05 0.926716 0.00159021 0.0065502 9.9973E-05 0.0324933 9.9973E-05
9.9973E-05 0.0199179 0.000657035 0.846929 0.051596 9.9973E-05 0.035856 0.0447442 9.9973E-05
9.99371E-05 9.99371E-05 9.99371E-05 0.975801 9.99371E-05 9.99371E-05 9.99371E-05 9.99371E-05 0.0234999
9.993E-05 9.993E-05 9.993E-05 0.999201 9.993E-05 9.993E-05 9.993E-05 9.993E-05 9.993E-05
9.993E-05 9.993E-05 9.993E-05 0.999201 9.993E-05 9.993E-05 9.993E-05 9.993E-05 9.993E-05
9.993E-05 9.993E-05 9.993E-05 0.999201 9.993E-05 9.993E-05 9.993E-05 9.993E-05 9.993E-05
0.00104526 0.0046473 0.00232467 0.883361 9.9982E-05 0.012586 9.9982E-05 0.0777881 0.0180474
9.99371E-05 9.99371E-05 9.99371E-05 0.983501 9.99371E-05 0.0157994 9.99371E-05 9.99371E-05 9.99371E-05
9.993E-05 9.993E-05 9.993E-05 0.999201 9.993E-05 9.993E-05 9.993E-05 9.993E-05 9.993E-05
0.0712898 0.00896442 0.0135374 0.0258159 0.0984377 0.214351 0.42883 0.0703787 0.0683952
0.0220469 9.9964E-05 0.0338387 0.896978 0.0243746 9.9964E-05 0.0223622 9.9964E-05 9.9964E-05
0.00897149 9.99371E-05 9.99371E-05 0.990329 9.99371E-05 9.99371E-05 9.99371E-05 9.99371E-05 9.99371E-05
9.99417E-05 9.99417E-05 9.99417E-05 0.978866 9.99417E-05 9.99417E-05 0.0204343 9.99417E-05 9.99417E-05
9.993E-05 9.993E-05 9.993E-05 9.993E-05 9.993E-05 9.993E-05 0.999201 9.993E-05 9.993E-05
9.993E-05 9.993E-05 9.993E-05 9.993E-05 9.993E-05 9.993E-05 0.999201 9.993E-05 9.993E-05
9.993E-05 9.993E-05 9.993E-05 9.993E-05 9.993E-05 9.993E-05 0.999201 9.993E-05 9.993E-05
9.993E-05 9.993E-05 9.993E-05 9.993E-05 9.993E-05 9.993E-05 0.999201 9.993E-05 9.993E-05
0.0439294 9.9964E-05 0.0186849 9.9964E-05 0.020863 0.160855 0.755267 9.9964E-05 9.9964E-05
9.9955E-05 9.9955E-05 9.9955E-05 9.9955E-05 0.116469 0.0829906 0.654223 0.145818 9.9955E-05
9.9964E-05 9.9964E-05 0.0338593 0.070215 0.0161373 9.9964E-05 0.848374 0.0310142 9.9964E-05
0.0135242 9.9964E-05 9.9964E-05 0.0087739 0.0625083 0.0608953 0.853898 9.9964E-05 9.9964E-05
9.9955E-05 9.9955E-05 9.9955E-05 0.0709384 0.0368184 9.9955E-05 0.866515 9.9955E-05 0.0252282
9.9955E-05 9.9955E-05 9.9955E-05 0.0671088 0.0165497 0.0010692 0.914773 9.9955E-05 9.9955E-05
0.0545676 9.9991E-05 0.000486389 0.00884006 0.0512023 0.0303712 0.717083 0.0814611 0.0558883
9.9955E-05 9.9955E-05 9.9955E-05 0.041919 0.0822756 9.9955E-05 0.805985 9.9955E-05 0.0693205
0.0335274 0.00542071 0.0700628 9.9982E-05 0.0474639 0.0775339 0.693534 9.9982E-05 0.0722573
0.019154 0.00458471 0.0108846 0.0339849 0.00714872 0.131914 0.734979 0.0198761 0.0374744
0.0129832 9.9973E-05 9.9973E-05 0.0133369 0.0228963 0.923481 0.0107019 9.9973E-05 0.0163006
0.0314438 9.9973E-05 9.9973E-05 0.0353436 0.0331764 0.849727 9.9973E-05 0.039046 0.0109628
9.993E-05 9.993E-05 9.993E-05 9.993E-05 9.993E-05 0.999201 9.993E-05 9.993E-05 9.993E-05
0.000809942 9.9937E-05 9.9937E-05 9.9937E-05 9.9937E-05 0.99849 9.9937E-05 9.9937E-05 9.9937E-05
0.0178567 9.9937E-05 9.9937E-05 9.9937E-05 9.9937E-05 0.981444 9.9937E-05 9.9937E-05 9.9937E-05
9.9946E-05 9.9946E-05 9.9946E-05 0.00296893 9.9946E-05 0.972612 9.9946E-05 9.9946E-05 0.0238191
9.99371E-05 0.00231666 9.99371E-05 9.99371E-05 9.99371E-05 0.996984 9.99371E-05 9.99371E-05 9.99371E-05
0.0121215 0.0165842 0.0662117 9.9973E-05 0.176937 0.722382 9.9973E-05 0.00546392 9.9973E-05
9.99371E-05 9.99371E-05 9.99371E-05 9.99371E-05 9.99371E-05 0.99222 9.99371E-05 9.99371E-05 0.00708015
9.993E-05 9.993E-05 9.993E-05 9.993E-05 9.993E-05 0.999201 9.993E-05 9.993E-05 9.993E-05
9.9955E-05 0.0296797 9.9955E-05 0.0290095 0.063622 0.877189 9.9955E-05 9.9955E-05 9.9955E-05
0.0149703 9.9946E-05 9.9946E-05 0.00566593 9.9946E-05 0.978764 9.9946E-05 9.9946E-05 9.9946E-05
9.9964E-05 9.9964E-05 0.0694931 9.9964E-05 0.0632407 0.667934 0.119417 9.9964E-05 0.0795158
9.993E-05 9.993E-05 9.993E-05 9.993E-05 9.993E-05 9.993E-05 9.993E-05 9.993E-05 0.999201
9.9982E-05 0.0179291 0.0859609 0.112589 0.0269241 0.0950489 0.544911 9.9982E-05 0.116436
9.993E-05 9.993E-05 9.993E-05 9.993E-05 9.993E-05 9.993E-05 9.993E-05 9.993E-05 0.999201
9.993E-05 9.993E-05 9.993E-05 9.993E-05 9.993E-05 9.993E-05 9.993E-05 9.993E-05 0.999201
9.99461E-05 0.00823394 9.99461E-05 9.99461E-05 0.0690281 9.99461E-05 9.99461E-05 9.99461E-05 0.922138
0.04568 0.0442161 9.9964E-05 0.0168576 9.9964E-05 0.0685205 9.9964E-05 9.9964E-05 0.824326
9.993E-05 9.993E-05 9.993E-05 9.993E-05 9.993E-05 9.993E-05 9.993E-05 9.993E-05 0.999201
9.9955E-05 9.9955E-05 0.0637545 9.9955E-05 0.050066 9.9955E-05 0.0579038 9.9955E-05 0.827776
9.99371E-05 9.99371E-05 9.99371E-05 0.0106986 9.99371E-05 9.99371E-05 9.99371E-05 9.99371E-05 0.988602
0.0279304 9.9964E-05 9.9964E-05 0.0133726 9.9964E-05 0.0112859 9.9964E-05 0.0171099 0.929901
9.993E-05 9.993E-05 9.993E-05 9.993E-05 9.993E-05 9.993E-05 9.993E-05 9.993E-05 0.999201
9.9946E-05 9.9946E-05 9.9946E-05 9.9946E-05 0.00904036 0.0230392 9.9946E-05 9.9946E-05 0.967321
9.9955E-05 9.9955E-05 9.9955E-05 0.0116986 9.9955E-05 0.00298928 0.012489 9.9955E-05 0.972323
0.060131 9.9973E-05 0.0165793 0.043528 9.9973E-05 0.0429967 0.0370413 9.9973E-05 0.799424
0.0241978 0.0174642 0.0409534 9.9964E-05 9.9964E-05 0.0116523 9.9964E-05 9.9964E-05 0.905332
9.9955E-05 0.0135644 0.0269206 9.9955E-05 0.0393916 9.9955E-05 9.9955E-05 9.9955E-05 0.919624
0.0336101 0.0145081 0.0440117 9.9973E-05 0.0105974 0.00453379 9.9973E-05 9.9973E-05 0.892439
0.00220495 0.022959 0.0593641 0.029105 9.9973E-05 9.9973E-05 0.0152912 9.9973E-05 0.870776
9.9973E-05 9.9973E-05 0.0160064 9.9973E-05 0.00225992 0.0358633 0.0563166 0.00220846 0.887045
0.261897 0.0491802 0.142373 0.0234352 0.109505 0.041085 0.339278 9.9991E-05 0.0331475
0.224346 0.0346579 0.0965671 0.0271489 0.136987 0.028311 0.41345 0.00521154 0.0333201
0.250363 0.0453744 0.168027 0.0455586 0.123927 9.9982E-05 0.33714 9.9982E-05 0.0294097
0.231506 0.062972 0.211438 0.0203045 0.126998 9.9982E-05 0.308369 9.9982E-05 0.0382131
9.9955E-05 9.9955E-05 0.0200188 0.0144333 0.924228 0.0408199 9.9955E-05 9.9955E-05 9.9955E-05
9.993E-05 9.993E-05 9.993E-05 9.993E-05 0.999201 9.993E-05 9.993E-05 9.993E-05 9.993E-05
9.99501E-05 9.99501E-05 9.99501E-05 0.0116991 0.964143 9.99501E-05 0.0235579 9.99501E-05 9.99501E-05
9.993E-05 9.993E-05 9.993E-05 9.993E-05 0.999201 9.993E-05 9.993E-05 9.993E-05 9.993E-05
0.0107314 9.9955E-05 9.9955E-05 9.9955E-05 0.97769 0.000833162 9.9955E-05 9.9955E-05 0.0102453
0.0482636 9.9955E-05 9.9955E-05 0.0203522 0.913257 9.9955E-05 0.0176269 9.9955E-05 9.9955E-05
0.0126646 9.9955E-05 9.9955E-05 0.0160709 0.943377 9.9955E-05 0.0273878 9.9955E-05 9.9955E-05
0.0208664 0.0117198 0.0180594 9.9982E-05 0.725554 0.0636851 9.9982E-05 0.123702 0.0362132
0.00182777 0.0272577 0.0232095 9.9991E-05 0.861084 0.00776559 0.0407406 0.0334458 0.00456946
0.999201 9.993E-05 9.993E-05 9.993E-05 9.993E-05 9.993E-05 9.993E-05 9.993E-05 9.993E-05
0.999201 9.993E-05 9.993E-05 9.993E-05 9.993E-05 9.993E-05 9.993E-05 9.993E-05 9.993E-05
0.992525 9.99371E-05 9.99371E-05 9.99371E-05 9.99371E-05 9.99371E-05 9.99371E-05 9.99371E-05 0.00677545
0.989413 9.9946E-05 9.9946E-05 9.9946E-05 0.000732108 9.9946E-05 9.9946E-05 0.00925503 9.9946E-05
0.999201 9.993E-05 9.993E-05 9.993E-05 9.993E-05 9.993E-05 9.993E-05 9.993E-05 9.993E-05
0.825506 0.00736869 0.0243002 0.0152722 0.0614533 9.9982E-05 0.0568231 0.00907611 9.9982E-05
0.999201 9.993E-05 9.993E-05 9.993E-05 9.993E-05 9.993E-05 9.993E-05 9.993E-05 9.993E-05
0.999201 9.993E-05 9.993E-05 9.993E-05 9.993E-05 9.993E-05 9.993E-05 9.993E-05 9.993E-05
0.99662 9.99371E-05 9.99371E-05 9.99371E-05 9.99371E-05 9.99371E-05 9.99371E-05 0.00268051 9.99371E-05
0.953077 9.9964E-05 0.0145951 0.0141793 9.9964E-05 0.0119738 9.9964E-05 9.9964E-05 0.00577484
0.999201 9.993E-05 9.993E-05 9.993E-05 9.993E-05 9.993E-05 9.993E-05 9.993E-05 9.993E-05
0.980603 9.9955E-05 9.9955E-05 9.9955E-05 0.000652195 0.0126785 9.9955E-05 9.9955E-05 0.00556641
