9.993E-05 9.993E-05 9.993E-05 9.993E-05 9.993E-05 0.999201 9.993E-05 9.993E-05 9.993E-05
9.9964E-05 0.58147 0.00588917 9.9964E-05 9.9964E-05 0.239324 9.9964E-05 0.0722318 0.100685
9.9955E-05 0.622898 9.9955E-05 9.9955E-05 9.9955E-05 0.22966 9.9955E-05 0.0700099 0.0769318
0.0996043 0.71824 9.99461E-05 9.99461E-05 9.99461E-05 0.181556 9.99461E-05 9.99461E-05 9.99461E-05
0.0422002 0.693275 0.0402404 9.9982E-05 0.0087021 0.0791666 0.118063 0.0181527 9.9982E-05
0.206465 0.592149 9.9955E-05 9.9955E-05 9.9955E-05 0.144629 9.9955E-05 9.9955E-05 0.0562573
9.99371E-05 0.716121 9.99371E-05 9.99371E-05 9.99371E-05 0.283179 9.99371E-05 9.99371E-05 9.99371E-05
0.102631 0.524341 9.9964E-05 9.9964E-05 9.9964E-05 0.273613 9.9964E-05 0.0465189 0.0524961
9.9964E-05 0.639772 9.9964E-05 9.9964E-05 0.044207 0.191714 9.9964E-05 0.042106 0.0818016
9.993E-05 9.993E-05 9.993E-05 9.993E-05 9.993E-05 0.999201 9.993E-05 9.993E-05 9.993E-05
9.993E-05 9.993E-05 9.993E-05 9.993E-05 9.993E-05 0.999201 9.993E-05 9.993E-05 9.993E-05
9.993E-05 9.993E-05 9.993E-05 9.993E-05 9.993E-05 0.999201 9.993E-05 9.993E-05 9.993E-05
9.9937E-05 9.9937E-05 9.9937E-05 9.9937E-05 9.9937E-05 0.994278 9.9937E-05 0.00502221 9.9937E-05
0.0226811 0.0609857 9.9955E-05 9.9955E-05 9.9955E-05 0.867176 0.0486578 9.9955E-05 9.9955E-05
0.0548543 9.9946E-05 0.0137155 9.9946E-05 9.9946E-05 0.930831 9.9946E-05 9.9946E-05 9.9946E-05
0.387961 0.405899 9.9964E-05 9.9964E-05 9.9964E-05 0.159012 9.9964E-05 0.00794834 0.0387799
0.228947 0.240635 0.0130442 9.9991E-05 0.0617557 0.240407 0.0760158 0.0756474 0.0634482
0.0759467 0.676265 9.9973E-05 0.0484887 0.00934503 0.164313 0.0253424 9.9973E-05 9.9973E-05
0.0193448 0.886852 9.9955E-05 9.9955E-05 0.0296867 9.9955E-05 0.0636162 9.9955E-05 9.9955E-05
9.9964E-05 0.9065 0.0333722 0.0125487 0.0329262 9.9964E-05 0.0142532 9.9964E-05 9.9964E-05
9.9964E-05 0.874659 9.9964E-05 0.0242297 0.0274412 0.0614559 9.9964E-05 0.011814 9.9964E-05
0.0250752 0.738781 0.0384685 9.9973E-05 9.9973E-05 9.9973E-05 0.0805104 0.0326115 0.0842537
9.9982E-05 0.829536 9.9982E-05 0.0404025 0.00881962 0.00565059 0.080961 0.0100572 0.0243732
9.9955E-05 0.950202 0.00622214 9.9955E-05 9.9955E-05 0.0024947 0.0405815 9.9955E-05 9.9955E-05
0.0504956 0.898016 0.00827293 9.9973E-05 0.00860739 9.9973E-05 0.0161593 0.0181484 9.9973E-05
0.0902668 0.675777 0.0754458 0.115157 0.0307342 9.9973E-05 0.0123189 9.9973E-05 9.9973E-05
0.0712238 0.672311 9.9973E-05 0.0460159 0.109341 9.9973E-05 0.0268909 9.9973E-05 0.0739173
9.99371E-05 0.97902 9.99371E-05 9.99371E-05 9.99371E-05 9.99371E-05 9.99371E-05 9.99371E-05 0.0202808
0.0510561 0.753969 0.0562969 0.0427684 0.00666642 0.0481818 0.0348421 9.9991E-05 0.00611882
9.9955E-05 0.899145 9.9955E-05 0.0454639 0.0184448 0.0364461 9.9955E-05 9.9955E-05 9.9955E-05
9.9964E-05 0.898886 9.9964E-05 0.0114702 0.010595 0.00352057 0.0751282 9.9964E-05 9.9964E-05
0.0952817 0.757331 0.0537171 9.9982E-05 0.0468028 9.9982E-05 0.00667999 0.0255115 0.0144762
9.9955E-05 0.749921 9.9955E-05 0.211791 9.9955E-05 9.9955E-05 0.00596021 9.9955E-05 0.0318276
9.9982E-05 0.642842 0.0842398 0.169552 0.00415586 0.0463927 0.000178245 9.9982E-05 0.0524396
9.9973E-05 0.817858 0.0168168 0.0437682 9.9973E-05 9.9973E-05 0.061661 0.00264832 0.0569481
9.9946E-05 0.941683 9.9946E-05 9.9946E-05 0.00450751 0.0532094 9.9946E-05 9.9946E-05 9.9946E-05
0.297836 0.506116 9.9964E-05 0.155311 9.9964E-05 9.9964E-05 0.0383212 9.9964E-05 0.00201497
0.0493321 0.601806 9.9973E-05 0.234873 0.0186205 9.9973E-05 0.0627343 9.9973E-05 0.0323342
0.0469093 0.581236 9.9973E-05 0.248789 0.0672077 9.9973E-05 9.9973E-05 0.00824988 0.0473083
0.0473088 0.600679 0.000323654 0.331034 0.0202543 9.9964E-05 9.9964E-05 9.9964E-05 9.9964E-05
0.792936 0.0395136 0.0977553 9.9964E-05 9.9964E-05 9.9964E-05 9.9964E-05 0.0682351 0.00116013
0.686299 0.035779 0.0476979 0.0267417 0.067603 9.9991E-05 0.0666147 0.03075 0.0384148
0.54842 0.196892 0.108701 9.9973E-05 9.9973E-05 0.0378989 9.9973E-05 0.044717 0.0630714
0.817717 0.0226176 0.0593377 0.047119 9.9973E-05 9.9973E-05 9.9973E-05 0.0481214 0.0047871
0.46995 0.184683 0.0348683 0.203653 0.0522471 9.9982E-05 0.0112669 9.9982E-05 0.0431307
0.991398 9.9937E-05 9.9937E-05 9.9937E-05 0.00790294 9.9937E-05 9.9937E-05 9.9937E-05 9.9937E-05
0.97569 0.00817784 9.9955E-05 9.9955E-05 0.00273238 0.0128996 9.9955E-05 9.9955E-05 9.9955E-05
0.433856 0.401066 0.0413929 0.0384968 0.0285756 9.9982E-05 0.0269564 9.9982E-05 0.0294562
0.555207 0.142122 0.0567761 0.0255854 0.0971556 0.0795379 0.0081373 9.9991E-05 0.0353787
0.331353 0.42167 0.0654915 9.9973E-05 9.9973E-05 0.0851909 9.9973E-05 0.0541203 0.0418744
0.418076 0.229503 9.9982E-05 0.246747 0.0422493 0.0376834 9.9982E-05 0.0122089 0.0133314
0.614175 0.194311 9.9973E-05 0.0584629 0.0350967 9.9973E-05 0.0509104 9.9973E-05 0.0467446
0.940136 9.9946E-05 0.01832 9.9946E-05 0.0409439 9.9946E-05 9.9946E-05 9.9946E-05 9.9946E-05
0.266605 0.212627 9.9973E-05 0.38594 0.0265227 0.0157192 0.0922859 9.9973E-05 9.9973E-05
0.274451 0.234048 0.0162747 0.368967 0.0136828 0.0353461 0.0497149 0.00741481 9.9991E-05
0.575967 0.161045 0.0596875 0.0613593 0.0421639 9.9982E-05 9.9982E-05 0.016401 0.0831766
0.345184 0.160488 0.0348248 0.211647 0.0727308 0.0992251 9.9982E-05 9.9982E-05 0.0757006
0.473204 0.222427 0.0306793 0.183992 0.0601406 9.9973E-05 9.9973E-05 0.0292576 9.9973E-05
0.975031 9.9955E-05 9.9955E-05 9.9955E-05 0.0179261 0.00352701 9.9955E-05 9.9955E-05 0.00301609
0.387384 0.233716 0.0020925 0.182221 0.114755 0.0474706 9.9991E-05 0.000727002 0.031535
0.580031 0.156308 0.0912883 9.9973E-05 0.102504 9.9973E-05 0.0319766 0.0375921 9.9973E-05
0.655327 0.108586 0.0796354 0.0995534 9.9973E-05 0.00085128 9.9973E-05 0.0557471 9.9973E-05
0.561255 0.146003 0.0477187 0.132609 0.0447593 0.00343984 0.0237112 0.0226733 0.01783
0.907979 9.9946E-05 9.9946E-05 9.9946E-05 9.9946E-05 9.9946E-05 0.0896908 0.00173035 9.9946E-05
0.678598 0.150283 0.0420808 0.0716918 0.0476554 0.00939049 9.9973E-05 9.9973E-05 9.9973E-05
0.95871 9.9937E-05 9.9937E-05 9.9937E-05 9.9937E-05 9.9937E-05 0.0405905 9.9937E-05 9.9937E-05
0.650934 9.9946E-05 9.9946E-05 0.301648 9.9946E-05 9.9946E-05 9.9946E-05 0.0468179 9.9946E-05
0.857725 9.9964E-05 9.9964E-05 9.9964E-05 9.9964E-05 0.0144411 0.101234 0.0114829 0.0147174
0.527798 0.304241 0.0353598 0.0568034 0.0500134 9.9982E-05 9.9982E-05 0.0147804 0.0108033
0.96156 9.9946E-05 0.0376492 9.9946E-05 9.9946E-05 9.9946E-05 0.000191119 9.9946E-05 9.9946E-05
0.603546 0.131813 0.0661203 0.0465532 9.9982E-05 0.0294266 9.9982E-05 0.0740692 0.0482713
0.552625 0.0692635 0.0321344 0.261186 9.9982E-05 9.9982E-05 0.0150481 0.0202039 0.0493394
0.852952 9.9955E-05 9.9955E-05 0.0538294 0.0191043 0.0736145 9.9955E-05 9.9955E-05 9.9955E-05
0.802072 9.9955E-05 9.9955E-05 0.109089 0.0466646 0.0416746 9.9955E-05 9.9955E-05 9.9955E-05
0.528785 9.9973E-05 0.122218 0.269185 0.00989131 0.0600807 0.00953987 9.9973E-05 9.9973E-05
0.699163 9.9946E-05 9.9946E-05 0.193593 0.106645 9.9946E-05 9.9946E-05 9.9946E-05 9.9946E-05
0.798097 9.9964E-05 9.9964E-05 0.124687 9.9964E-05 9.9964E-05 0.0285086 0.0427982 0.00550877
0.563226 0.0346102 0.0160734 0.0849165 9.9982E-05 0.0195472 0.122197 0.159229 9.9982E-05
0.0351689 0.0126166 9.9964E-05 0.892857 0.0432069 9.9964E-05 9.9964E-05 9.9964E-05 0.0157511
9.993E-05 9.993E-05 9.993E-05 0.999201 9.993E-05 9.993E-05 9.993E-05 9.993E-05 9.993E-05
0.0422046 9.99371E-05 9.99371E-05 0.957096 9.99371E-05 9.99371E-05 9.99371E-05 9.99371E-05 9.99371E-05
9.993E-05 9.993E-05 9.993E-05 0.999201 9.993E-05 9.993E-05 9.993E-05 9.993E-05 9.993E-05
9.993E-05 9.993E-05 9.993E-05 0.999201 9.993E-05 9.993E-05 9.993E-05 9.993E-05 9.993E-05
0.106596 0.202042 0.0668091 0.483654 0.0249498 9.9982E-05 9.9982E-05 0.104176 0.0115733
0.19109 0.0243482 0.0375291 0.472129 0.0360504 0.0178426 9.9991E-05 0.196967 0.0239441
0.16182 0.0837558 9.997E-05 0.557804 9.997E-05 0.0184582 9.997E-05 0.0999366 0.0779252
0.14637 0.191641 0.0579954 0.399989 0.0299057 0.0428461 0.0114813 0.0474768 0.0722947
0.14161 0.182278 0.0643833 0.536525 0.0301095 9.9973E-05 9.9973E-05 0.0447946 9.9973E-05
0.205905 9.9991E-05 0.0683051 0.458308 0.0640121 0.0265805 0.0559993 0.0695073 0.051283
0.254491 0.0459863 0.0528315 0.365457 0.131282 0.0142952 0.00336753 0.065965 0.066325
0.370054 0.0110307 0.0346663 0.247287 9.9991E-05 0.0422973 0.168402 0.0489324 0.0772302
0.357284 0.027946 0.0847726 0.196969 9.9991E-05 0.0413604 0.189307 0.0576472 0.0446137
0.200461 0.0536337 0.0433971 0.330184 0.129515 0.0161327 9.999E-05 0.163307 0.0632697
9.993E-05 9.993E-05 9.993E-05 9.993E-05 9.993E-05 9.993E-05 9.993E-05 0.999201 9.993E-05
0.0210541 9.9964E-05 0.0144591 9.9964E-05 9.9964E-05 0.0287458 9.9964E-05 0.924519 0.0108218
0.0384175 0.0432231 9.9973E-05 0.0148859 9.9973E-05 0.00306991 0.0435864 0.856517 9.9973E-05
9.99461E-05 9.99461E-05 9.99461E-05 9.99461E-05 9.99461E-05 9.99461E-05 0.028166 0.951885 0.0193491
9.993E-05 9.993E-05 9.993E-05 9.993E-05 9.993E-05 9.993E-05 9.993E-05 0.999201 9.993E-05
9.993E-05 9.993E-05 9.993E-05 9.993E-05 9.993E-05 9.993E-05 9.993E-05 0.999201 9.993E-05
9.993E-05 9.993E-05 9.993E-05 9.993E-05 9.993E-05 9.993E-05 9.993E-05 0.999201 9.993E-05
9.9946E-05 0.0686839 9.9946E-05 9.9946E-05 9.9946E-05 9.9946E-05 0.0356476 0.895069 9.9946E-05
9.9946E-05 9.9946E-05 9.9946E-05 9.9946E-05 0.00665484 0.00147658 9.9946E-05 0.991269 9.9946E-05
9.993E-05 9.993E-05 9.993E-05 9.993E-05 9.993E-05 9.993E-05 9.993E-05 0.999201 9.993E-05
0.029032 0.089782 0.247313 0.424077 0.0816994 0.00663343 0.0509015 0.00995661 0.0606045
0.075542 9.9955E-05 0.00548278 9.9955E-05 9.9955E-05 9.9955E-05 0.0414364 0.877039 9.9955E-05
9.99371E-05 9.99371E-05 9.99371E-05 9.99371E-05 0.0277736 9.99371E-05 9.99371E-05 0.971527 9.99371E-05
9.9937E-05 9.9937E-05 9.9937E-05 9.9937E-05 0.0112779 9.9937E-05 9.9937E-05 0.988023 9.9937E-05
9.99371E-05 9.99371E-05 0.0130298 0.986271 9.99371E-05 9.99371E-05 9.99371E-05 9.99371E-05 9.99371E-05
9.993E-05 9.993E-05 9.993E-05 0.999201 9.993E-05 9.993E-05 9.993E-05 9.993E-05 9.993E-05
9.9946E-05 9.9946E-05 9.9946E-05 0.97995 9.9946E-05 9.9946E-05 0.013777 9.9946E-05 0.00567371
9.993E-05 9.993E-05 9.993E-05 0.999201 9.993E-05 9.993E-05 9.993E-05 9.993E-05 9.993E-05
9.9955E-05 9.9955E-05 0.117515 0.814206 9.9955E-05 9.9955E-05 0.0327777 9.9955E-05 0.0350022
9.9973E-05 0.0854001 0.115635 0.678657 0.0461007 9.9973E-05 0.057906 9.9973E-05 0.0160013
0.0827015 0.0719276 0.0247106 0.708706 0.023829 9.9982E-05 0.07348 9.9982E-05 0.0144448
0.0156716 9.9973E-05 0.115554 0.780486 0.00380713 9.9973E-05 0.0513708 0.0328106 9.9973E-05
9.9955E-05 9.9955E-05 9.9955E-05 0.828887 9.9955E-05 9.9955E-05 0.0342833 0.114994 0.0213357
9.9955E-05 9.9955E-05 9.9955E-05 0.895701 9.9955E-05 9.9955E-05 0.0397956 0.0618579 0.00214588
9.9982E-05 0.0797144 0.0624472 0.722268 0.0470254 9.9982E-05 0.0424844 0.0195488 0.0263114
9.9964E-05 9.9964E-05 9.9964E-05 0.824345 9.9964E-05 0.014998 0.0536381 0.0832901 0.023329
0.0647711 9.9982E-05 0.0855409 0.698874 0.0434679 0.0246046 0.0288509 9.9982E-05 0.0536909
0.0595482 0.0127481 0.153674 0.67073 0.0274695 0.00796985 9.9991E-05 0.0596479 0.00811234
9.9982E-05 0.00689887 0.908058 0.0193433 0.0031547 9.9982E-05 0.0392123 0.00685268 0.0162805
9.9973E-05 0.0245582 0.841242 9.9973E-05 0.0448101 0.0138545 0.0368563 0.0383791 9.9973E-05
9.993E-05 9.993E-05 0.999201 9.993E-05 9.993E-05 9.993E-05 9.993E-05 9.993E-05 9.993E-05
0.0546179 9.9946E-05 0.94459 9.9946E-05 0.00019262 9.9946E-05 9.9946E-05 9.9946E-05 9.9946E-05
9.9937E-05 9.9937E-05 0.988459 9.9937E-05 9.9937E-05 9.9937E-05 9.9937E-05 9.9937E-05 0.010841
9.993E-05 9.993E-05 0.999201 9.993E-05 9.993E-05 9.993E-05 9.993E-05 9.993E-05 9.993E-05
9.993E-05 9.993E-05 0.999201 9.993E-05 9.993E-05 9.993E-05 9.993E-05 9.993E-05 9.993E-05
0.0889545 9.9973E-05 0.739609 0.01418 0.00436434 0.0244589 0.128134 9.9973E-05 9.9973E-05
9.9937E-05 9.9937E-05 0.981509 9.9937E-05 9.9937E-05 9.9937E-05 9.9937E-05 9.9937E-05 0.0177915
9.993E-05 9.993E-05 0.999201 9.993E-05 9.993E-05 9.993E-05 9.993E-05 9.993E-05 9.993E-05
9.99551E-05 9.99551E-05 0.864422 9.99551E-05 9.99551E-05 0.0112267 0.0675443 0.056307 9.99551E-05
9.99371E-05 9.99371E-05 0.969112 9.99371E-05 0.0301882 9.99371E-05 9.99371E-05 9.99371E-05 9.99371E-05
0.122945 9.9973E-05 0.674416 0.0434234 9.9973E-05 9.9973E-05 0.0434378 0.00558722 0.10989
9.993E-05 9.993E-05 9.993E-05 9.993E-05 9.993E-05 9.993E-05 9.993E-05 9.993E-05 0.999201
0.073424 9.9982E-05 0.109445 0.606153 0.00923044 9.9982E-05 0.00957113 0.113087 0.0788894
9.993E-05 9.993E-05 9.993E-05 9.993E-05 9.993E-05 9.993E-05 9.993E-05 9.993E-05 0.999201
9.993E-05 9.993E-05 9.993E-05 9.993E-05 9.993E-05 9.993E-05 9.993E-05 9.993E-05 0.999201
9.99461E-05 9.99461E-05 9.99461E-05 9.99461E-05 9.99461E-05 9.99461E-05 0.063225 0.0108283 0.925347
0.0485162 0.0722673 0.00606296 0.00621232 0.0355751 9.9991E-05 0.0506366 0.028402 0.752228
9.9937E-05 9.9937E-05 9.9937E-05 9.9937E-05 9.9937E-05 0.00375403 9.9937E-05 9.9937E-05 0.995546
0.0275744 9.9973E-05 0.059678 0.0235067 0.00216232 9.9973E-05 0.0485488 9.9973E-05 0.83823
9.9955E-05 0.000984248 9.9955E-05 9.9955E-05 9.9955E-05 9.9955E-05 0.00706304 0.00142528 0.990028
0.0027634 9.996E-05 0.000569449 0.0132943 0.0222645 9.996E-05 9.996E-05 9.996E-05 0.960708
9.993E-05 9.993E-05 9.993E-05 9.993E-05 9.993E-05 9.993E-05 9.993E-05 9.993E-05 0.999201
9.9946E-05 9.9946E-05 9.9946E-05 9.9946E-05 0.0118724 0.00128046 9.9946E-05 9.9946E-05 0.986247
9.9955E-05 0.00173302 0.0345353 9.9955E-05 9.9955E-05 0.00140621 9.9955E-05 9.9955E-05 0.961826
9.9964E-05 9.9964E-05 0.0264756 0.00617723 0.0732877 9.9964E-05 9.9964E-05 0.0651017 0.828558
9.9982E-05 9.9982E-05 0.00245325 0.0283847 0.000405244 0.00941171 0.00520289 0.00680529 0.947137
0.108285 9.9964E-05 0.0229899 9.9964E-05 9.9964E-05 9.9964E-05 0.044638 0.0197649 0.803922
0.0218349 0.0248952 9.9982E-05 0.0293627 0.0427564 0.00038581 0.0332139 9.9982E-05 0.847351
0.0184066 9.996E-05 9.996E-05 0.0292423 0.0484764 0.0479863 9.996E-05 9.996E-05 0.855489
0.0224958 9.9946E-05 9.9946E-05 0.0151789 9.9946E-05 9.9946E-05 9.9946E-05 9.9946E-05 0.961726
0.177258 9.9991E-05 0.0279723 0.362355 0.233062 0.037844 0.0863733 0.0289501 0.0460859
0.0961393 9.9982E-05 0.036384 0.463412 0.246119 0.0337524 0.0737705 9.9982E-05 0.0502227
0.17204 9.9982E-05 9.9982E-05 0.281041 0.269538 0.0424495 0.117936 0.0755354 0.0412599
0.177218 9.9982E-05 9.9982E-05 0.309629 0.220516 0.0407968 0.137731 0.0431389 0.0707698
9.9955E-05 0.0124543 0.0166551 9.9955E-05 9.9955E-05 9.9955E-05 0.929781 9.9955E-05 0.0406097
9.993E-05 9.993E-05 9.993E-05 9.993E-05 9.993E-05 9.993E-05 0.999201 9.993E-05 9.993E-05
0.0308129 9.9973E-05 0.00278523 9.9973E-05 0.000670592 9.9973E-05 0.954739 0.00402395 0.00666882
9.993E-05 9.993E-05 9.993E-05 9.993E-05 9.993E-05 9.993E-05 0.999201 9.993E-05 9.993E-05
9.99464E-05 9.99464E-05 9.99464E-05 9.99464E-05 0.0182438 9.99464E-05 0.962955 9.99464E-05 0.018202
9.9955E-05 0.0137765 9.9955E-05 0.0329552 9.9955E-05 9.9955E-05 0.943656 0.00911207 9.9955E-05
0.00186279 9.9955E-05 0.00340585 0.0609205 9.9955E-05 9.9955E-05 0.933311 9.9955E-05 9.9955E-05
9.9982E-05 0.057157 0.0362863 0.121424 0.016292 0.0294616 0.703418 9.9982E-05 0.035761
0.0244708 0.090126 9.9973E-05 0.0188358 0.048862 9.9973E-05 0.809677 9.9973E-05 0.00772819
9.9937E-05 9.9937E-05 0.0147701 9.9937E-05 0.98453 9.9937E-05 9.9937E-05 9.9937E-05 9.9937E-05
9.993E-05 9.993E-05 9.993E-05 9.993E-05 0.999201 9.993E-05 9.993E-05 9.993E-05 9.993E-05
9.993E-05 9.993E-05 9.993E-05 9.993E-05 0.999201 9.993E-05 9.993E-05 9.993E-05 9.993E-05
9.9946E-05 9.9946E-05 9.9946E-05 9.9946E-05 0.97504 0.0139003 9.9946E-05 9.9946E-05 0.0104602
9.993E-05 9.993E-05 9.993E-05 9.993E-05 0.999201 9.993E-05 9.993E-05 9.993E-05 9.993E-05
0.0595203 0.0202591 9.9973E-05 0.0637558 0.820692 9.9973E-05 0.0238229 9.9973E-05 0.0116504
9.993E-05 9.993E-05 9.993E-05 9.993E-05 0.999201 9.993E-05 9.993E-05 9.993E-05 9.993E-05
9.993E-05 9.993E-05 9.993E-05 9.993E-05 0.999201 9.993E-05 9.993E-05 9.993E-05 9.993E-05
9.9955E-05 9.9955E-05 9.9955E-05 9.9955E-05 0.988261 0.00494752 0.00268348 9.9955E-05 0.00360812
0.0390153 9.9964E-05 0.0208798 9.9964E-05 0.932036 9.9964E-05 9.9964E-05 0.00389756 0.00377133
9.9937E-05 9.9937E-05 9.9937E-05 9.9937E-05 0.992089 9.9937E-05 9.9937E-05 0.00721141 9.9937E-05
9.993E-05 9.993E-05 9.993E-05 9.993E-05 0.999201 9.993E-05 9.993E-05 9.993E-05 9.993E-05
