9.993E-05 9.993E-05 9.993E-05 0.999201 9.993E-05 9.993E-05 9.993E-05 9.993E-05 9.993E-05
9.9955E-05 9.9955E-05 0.045248 0.250317 9.9955E-05 9.9955E-05 0.630286 9.9955E-05 0.0736492
9.9955E-05 9.9955E-05 0.0758502 0.235735 9.9955E-05 9.9955E-05 0.628598 9.9955E-05 0.0593177
9.9964E-05 0.0499905 9.9964E-05 0.178607 0.0016757 9.9964E-05 0.732798 0.0365293 9.9964E-05
0.088846 0.0366339 9.9982E-05 0.0917212 0.0155591 0.0291696 0.709029 0.0288412 9.9982E-05
9.9964E-05 0.0425678 0.0451294 0.159205 9.9964E-05 9.9964E-05 0.63379 0.118908 9.9964E-05
9.9937E-05 9.9937E-05 9.9937E-05 0.244535 9.9937E-05 9.9937E-05 0.754766 9.9937E-05 9.9937E-05
9.9964E-05 9.9964E-05 0.0654235 0.283115 9.9964E-05 9.9964E-05 0.562401 0.0472365 0.0414239
0.0399787 9.9964E-05 0.0536707 0.163376 9.9964E-05 9.9964E-05 0.707113 9.9964E-05 0.0354614
9.993E-05 9.993E-05 9.993E-05 0.999201 9.993E-05 9.993E-05 9.993E-05 9.993E-05 9.993E-05
9.993E-05 9.993E-05 9.993E-05 0.999201 9.993E-05 9.993E-05 9.993E-05 9.993E-05 9.993E-05
9.993E-05 9.993E-05 9.993E-05 0.999201 9.993E-05 9.993E-05 9.993E-05 9.993E-05 9.993E-05
9.993E-05 9.993E-05 9.993E-05 0.999201 9.993E-05 9.993E-05 9.993E-05 9.993E-05 9.993E-05
9.9946E-05 9.9946E-05 9.9946E-05 0.894009 9.9946E-05 0.0620576 9.9946E-05 0.0433341 9.9946E-05
9.9955E-05 9.9955E-05 0.0049278 0.937156 0.0173505 9.9955E-05 9.9955E-05 0.0400658 9.9955E-05
0.0435092 9.9982E-05 0.0156352 0.148579 0.0227355 0.010218 0.513867 0.245256 9.9982E-05
0.0672893 9.9991E-05 0.0756504 0.195782 0.0177303 0.0320348 0.36812 0.165023 0.0782707
9.9964E-05 0.109656 9.9964E-05 0.144768 0.00421959 9.9964E-05 0.732771 9.9964E-05 0.00818526
0.0362156 9.9964E-05 9.9964E-05 9.9964E-05 9.9964E-05 0.0302704 0.873772 0.0381515 0.0211903
9.9964E-05 0.0527156 0.0112605 9.9964E-05 0.00450354 0.0693542 0.861766 9.9964E-05 9.9964E-05
0.0810787 0.068133 9.9955E-05 0.0266896 9.9955E-05 9.9955E-05 0.823599 9.9955E-05 9.9955E-05
9.9982E-05 0.0370157 0.0658017 9.9982E-05 0.00816137 0.0933275 0.784444 0.00359483 0.00745471
0.0179276 0.0418025 0.040387 9.9973E-05 9.9973E-05 0.111103 0.785702 9.9973E-05 0.00277738
9.9964E-05 9.9964E-05 0.0390706 9.9964E-05 0.015608 0.0379023 0.897537 9.9964E-05 0.00948239
0.0314936 9.9964E-05 9.9964E-05 9.9964E-05 0.0155078 0.0180569 0.87473 0.0598117 9.9964E-05
0.0624203 0.127094 0.0152821 9.9973E-05 0.0585973 9.9973E-05 0.654273 0.0820334 9.9973E-05
0.0848325 0.0454045 0.0679329 9.9982E-05 0.00871349 0.0428776 0.72243 0.0276091 9.9982E-05
9.9955E-05 9.9955E-05 0.0258607 9.9955E-05 0.0257901 9.9955E-05 0.939803 0.00804602 9.9955E-05
0.0228666 0.139777 9.9982E-05 0.0344062 0.0221366 0.0184405 0.751565 0.0106082 9.9982E-05
9.9946E-05 0.0680265 9.9946E-05 0.0163974 9.9946E-05 9.9946E-05 0.914976 9.9946E-05 9.9946E-05
0.0116295 9.9973E-05 9.9973E-05 0.0119676 0.00657491 0.055886 0.905653 9.9973E-05 0.0079887
0.0271862 9.9982E-05 0.0175373 9.9982E-05 0.0934379 0.00338033 0.8044 0.0467643 0.00709421
0.0596025 0.172782 0.0302617 9.9955E-05 9.9955E-05 9.9955E-05 0.736854 9.9955E-05 9.9955E-05
9.9982E-05 0.0928154 0.0974707 0.0255572 0.108249 9.9982E-05 0.662666 0.00791283 0.0051282
9.9973E-05 9.9973E-05 0.0439419 9.9973E-05 0.0179962 0.159546 0.735431 0.0351915 0.00759303
9.9946E-05 0.0211369 9.9946E-05 0.0202799 9.9946E-05 9.9946E-05 0.957984 9.9946E-05 9.9946E-05
0.0149459 0.170533 0.0149902 9.9973E-05 9.9973E-05 0.0436157 0.492065 0.26355 9.9973E-05
0.0660386 0.25171 0.0141312 9.9973E-05 9.9973E-05 0.0653412 0.563215 0.0392641 9.9973E-05
0.0786755 0.28393 0.034943 9.9982E-05 9.9982E-05 0.0116807 0.551066 0.0292617 0.0102436
0.0611527 0.385665 9.9973E-05 0.00249207 9.9973E-05 0.00571055 0.502573 0.0421062 9.9973E-05
0.0336983 0.0446323 0.0356422 9.9982E-05 0.093538 9.9982E-05 0.0606474 0.655955 0.075687
0.0554567 0.107358 0.0567985 9.9982E-05 0.0370309 9.9982E-05 0.0348804 0.695986 0.0122897
9.9973E-05 9.9973E-05 0.0810733 0.0529168 0.0971477 9.9973E-05 0.230697 0.486289 0.0515764
0.0336909 0.130677 0.0339392 9.9982E-05 0.0437089 9.9982E-05 0.057461 0.663906 0.036417
0.0488709 0.196594 0.0604786 9.9973E-05 0.0214638 9.9973E-05 0.253801 0.418493 9.9973E-05
9.993E-05 9.993E-05 9.993E-05 9.993E-05 9.993E-05 9.993E-05 9.993E-05 0.999201 9.993E-05
9.993E-05 9.993E-05 9.993E-05 9.993E-05 9.993E-05 9.993E-05 9.993E-05 0.999201 9.993E-05
0.0286681 0.0419546 0.0358277 9.9982E-05 0.0115915 0.026951 0.474106 0.380701 9.9982E-05
0.0681149 0.127192 0.0249747 0.0582691 0.0764069 9.9982E-05 0.168305 0.476538 9.9982E-05
9.9982E-05 0.0207378 0.0353123 0.08599 0.0804741 9.9982E-05 0.417901 0.319332 0.0400532
0.0295185 0.320011 0.0279519 0.0420409 9.9973E-05 9.9973E-05 0.212741 0.367437 9.9973E-05
0.0324955 0.0215309 0.0794493 0.000276015 0.0242406 0.0343009 0.204555 0.603051 9.9991E-05
0.0516202 9.9964E-05 0.0247121 0.0122757 9.9964E-05 9.9964E-05 0.00719328 0.903799 9.9964E-05
0.0613936 0.387505 9.9982E-05 0.0585806 0.00671943 0.0807217 0.153591 0.251289 9.9982E-05
0.0193855 0.467879 0.00296028 0.0701359 0.00134513 0.00824578 0.206687 0.20732 0.0160412
9.9964E-05 0.116812 0.064006 9.9964E-05 0.0841053 9.9964E-05 0.165867 0.56881 9.9964E-05
0.0659194 0.298413 0.0445563 0.0629578 0.00188426 0.00181265 0.228131 0.296225 9.9991E-05
0.0833854 0.131436 0.00586738 9.9991E-05 0.054393 0.00418257 0.214053 0.464691 0.0418918
9.9937E-05 9.9937E-05 0.00557194 9.9937E-05 9.9937E-05 9.9937E-05 9.9937E-05 0.993728 9.9937E-05
0.122265 0.238689 0.0503936 0.034411 9.9973E-05 9.9973E-05 0.178169 0.375774 9.9973E-05
0.130451 9.9964E-05 9.9964E-05 9.9964E-05 0.0669444 0.0268065 0.175077 0.600321 9.9964E-05
0.0196564 0.136878 9.9982E-05 0.0249351 0.0575282 9.9982E-05 0.0359755 0.720945 0.00388228
0.0395796 0.15072 0.0650332 0.0214061 9.9991E-05 0.0301077 0.111266 0.546941 0.0348462
9.9964E-05 9.9964E-05 0.0104644 9.9964E-05 0.0109171 0.0604228 9.9964E-05 0.897764 0.0200315
0.033037 0.129044 9.9973E-05 0.00192606 0.035604 9.9973E-05 0.0913598 0.708729 9.9973E-05
9.9955E-05 9.9955E-05 0.0295806 9.9955E-05 9.9955E-05 0.0527645 9.9955E-05 0.899259 0.0178956
0.00523655 0.349718 9.9955E-05 9.9955E-05 9.9955E-05 9.9955E-05 9.9955E-05 0.641637 0.0029082
9.9955E-05 9.9955E-05 9.9955E-05 9.9955E-05 0.0927535 0.110323 9.9955E-05 0.761413 0.0350108
0.0451285 0.141496 0.010061 9.9991E-05 0.0195449 0.0246398 0.297941 0.441743 0.0193454
9.9964E-05 9.9964E-05 0.000760602 9.9964E-05 0.00194606 0.0473021 9.9964E-05 0.942442 0.00714914
9.9982E-05 0.109897 0.0417951 0.0743866 0.0233623 9.9982E-05 0.0616762 0.59571 0.0929731
0.00533952 0.316411 0.019333 9.9982E-05 0.0522529 9.9982E-05 0.0784723 0.487256 0.0407352
0.00622688 0.0811962 9.9964E-05 0.0697819 9.9964E-05 0.0226121 9.9964E-05 0.819783 9.9964E-05
0.0581311 0.127738 9.9955E-05 0.0421898 9.9955E-05 9.9955E-05 9.9955E-05 0.771441 9.9955E-05
0.00963922 0.380162 0.016237 0.0510042 0.0718468 9.9982E-05 0.00500512 0.465906 9.9982E-05
0.0660641 0.260624 9.9955E-05 9.9955E-05 9.9955E-05 9.9955E-05 0.00702933 0.665783 9.9955E-05
9.9955E-05 0.274015 0.0218414 9.9955E-05 9.9955E-05 9.9955E-05 9.9955E-05 0.67973 0.0239138
9.9973E-05 0.280496 9.9973E-05 0.0200975 0.0313875 0.095946 9.9973E-05 0.478546 0.093227
0.0488378 0.821965 9.9955E-05 9.9955E-05 9.9955E-05 0.0430882 0.0856089 9.9955E-05 9.9955E-05
0.000776573 0.957752 0.00257318 9.9964E-05 9.9964E-05 0.0157728 9.9964E-05 0.022726 9.9964E-05
0.0261467 0.937835 9.99461E-05 9.99461E-05 9.99461E-05 9.99461E-05 9.99461E-05 0.0354181 9.99461E-05
9.99371E-05 0.970378 9.99371E-05 9.99371E-05 9.99371E-05 9.99371E-05 9.99371E-05 0.0289227 9.99371E-05
0.00855459 0.951605 0.000270071 9.9955E-05 9.9955E-05 9.9955E-05 0.0390707 9.9955E-05 9.9955E-05
9.9991E-05 0.533851 0.00319396 0.00840416 0.0452864 0.00523372 0.226825 0.0777367 0.0993688
9.9991E-05 0.495835 0.0487403 0.00982235 0.0804456 0.010655 0.0479756 0.165696 0.14073
0.0149546 0.596885 0.0861802 0.03497 0.0589883 9.9991E-05 0.0373414 0.0807505 0.0898302
0.0444545 0.52984 0.0618899 0.029544 0.0719379 9.9991E-05 0.170774 0.0862205 0.00523892
0.0258014 0.572427 9.9982E-05 0.00413674 0.0613634 9.9982E-05 0.167224 0.104831 0.0640164
0.0322589 0.605607 0.0267408 0.000822202 0.0488738 0.0671839 0.0441672 0.129138 0.045209
0.123258 0.370268 0.0769595 0.00421222 0.128755 9.9991E-05 0.0684734 0.15398 0.0739935
9.9991E-05 0.243673 0.0647031 0.0508403 0.0434325 0.184287 0.0770512 0.251684 0.0842289
9.9991E-05 0.289828 0.04541 0.0359772 0.0842796 0.150785 0.0755067 0.252565 0.0655485
0.156638 0.356229 0.100281 0.052239 0.0719171 9.9982E-05 9.9982E-05 0.131229 0.131266
9.993E-05 9.993E-05 9.993E-05 9.993E-05 9.993E-05 9.993E-05 9.993E-05 9.993E-05 0.999201
9.9973E-05 0.0474004 0.0124105 0.00927962 9.9973E-05 0.0187922 9.9973E-05 0.00515955 0.906658
0.0148577 0.0774363 0.0012704 0.00116147 9.9991E-05 0.0480382 0.00335635 0.0482835 0.805496
9.993E-05 9.993E-05 9.993E-05 9.993E-05 9.993E-05 9.993E-05 9.993E-05 9.993E-05 0.999201
9.993E-05 9.993E-05 9.993E-05 9.993E-05 9.993E-05 9.993E-05 9.993E-05 9.993E-05 0.999201
9.993E-05 9.993E-05 9.993E-05 9.993E-05 9.993E-05 9.993E-05 9.993E-05 9.993E-05 0.999201
9.993E-05 9.993E-05 9.993E-05 9.993E-05 9.993E-05 9.993E-05 9.993E-05 9.993E-05 0.999201
9.99461E-05 9.99461E-05 9.99461E-05 9.99461E-05 0.0101843 9.99461E-05 0.0697239 9.99461E-05 0.919492
9.993E-05 9.993E-05 9.993E-05 9.993E-05 9.993E-05 9.993E-05 9.993E-05 9.993E-05 0.999201
9.9937E-05 0.0192452 9.9937E-05 9.9937E-05 9.9937E-05 9.9937E-05 9.9937E-05 9.9937E-05 0.980055
0.0833853 0.464746 0.0710724 9.9982E-05 0.21365 0.0624113 0.0623331 9.9982E-05 0.0422019
9.9946E-05 9.9946E-05 9.9946E-05 9.9946E-05 9.9946E-05 0.00944703 9.9946E-05 0.0864286 0.903525
0.00582827 9.99371E-05 9.99371E-05 9.99371E-05 9.99371E-05 9.99371E-05 9.99371E-05 9.99371E-05 0.993472
0.00334485 9.9946E-05 9.9946E-05 9.9946E-05 9.9946E-05 0.0122334 9.9946E-05 9.9946E-05 0.983822
9.9937E-05 0.971933 9.9937E-05 9.9937E-05 0.0273677 9.9937E-05 9.9937E-05 9.9937E-05 9.9937E-05
9.993E-05 0.999201 9.993E-05 9.993E-05 9.993E-05 9.993E-05 9.993E-05 9.993E-05 9.993E-05
9.993E-05 0.999201 9.993E-05 9.993E-05 9.993E-05 9.993E-05 9.993E-05 9.993E-05 9.993E-05
9.9946E-05 0.963414 9.9946E-05 9.9946E-05 0.0279886 9.9946E-05 9.9946E-05 9.9946E-05 0.00799743
9.9955E-05 0.911405 9.9955E-05 9.9955E-05 0.0758232 0.0113519 9.9955E-05 9.9955E-05 0.000919871
9.9955E-05 0.71161 9.9955E-05 9.9955E-05 0.074353 0.100313 0.113224 9.9955E-05 9.9955E-05
9.9973E-05 0.824482 9.9973E-05 0.0132365 0.0391951 0.0635673 0.0111798 9.9973E-05 0.0480389
0.0032922 0.885284 9.9964E-05 9.9964E-05 0.0421459 0.0496181 9.9964E-05 9.9964E-05 0.0192597
9.9964E-05 0.864247 0.0283724 9.9964E-05 0.00657876 0.0432295 9.9964E-05 9.9964E-05 0.0571723
0.0260828 0.906119 9.9955E-05 9.9955E-05 9.9955E-05 0.0214126 9.9955E-05 9.9955E-05 0.0458856
0.0237809 0.763621 0.0511633 9.9982E-05 0.0253176 0.0300193 0.0584485 9.9982E-05 0.0474495
9.9946E-05 0.862403 9.9946E-05 9.9946E-05 9.9946E-05 0.0830207 9.9946E-05 9.9946E-05 0.0539762
0.0422765 0.782063 0.0530183 0.0122583 0.0525093 0.0386935 9.9982E-05 0.0189812 9.9982E-05
0.0227981 0.770891 0.0117609 9.9982E-05 0.112478 0.0161794 0.0365676 9.9982E-05 0.029125
9.9964E-05 0.0279548 9.9964E-05 9.9964E-05 0.909653 0.0374437 0.00295148 0.021597 9.9964E-05
0.0184826 9.9982E-05 0.00374712 9.9982E-05 0.822591 0.0161473 0.066877 0.0393651 0.0325901
9.993E-05 9.993E-05 9.993E-05 9.993E-05 0.999201 9.993E-05 9.993E-05 9.993E-05 9.993E-05
9.9955E-05 9.9955E-05 0.00164181 9.9955E-05 0.973683 0.00912689 9.9955E-05 9.9955E-05 0.0150485
0.00468589 9.9937E-05 9.9937E-05 9.9937E-05 0.994615 9.9937E-05 9.9937E-05 9.9937E-05 9.9937E-05
9.9937E-05 0.0106233 9.9937E-05 9.9937E-05 0.988677 9.9937E-05 9.9937E-05 9.9937E-05 9.9937E-05
9.9955E-05 9.9955E-05 9.9955E-05 0.000558425 0.978408 9.9955E-05 0.0192241 0.00130982 9.9955E-05
9.9973E-05 9.9973E-05 9.9973E-05 0.0376534 0.735048 0.132948 0.0355427 0.0527945 0.0057145
9.99371E-05 9.99371E-05 0.0020876 9.99371E-05 0.997213 9.99371E-05 9.99371E-05 9.99371E-05 9.99371E-05
9.993E-05 9.993E-05 9.993E-05 9.993E-05 0.999201 9.993E-05 9.993E-05 9.993E-05 9.993E-05
9.99461E-05 9.99461E-05 9.99461E-05 0.0259345 0.846629 0.126837 9.99461E-05 9.99461E-05 9.99461E-05
0.0350514 9.9946E-05 9.9946E-05 9.9946E-05 0.958448 9.9946E-05 9.9946E-05 9.9946E-05 0.00590075
9.9973E-05 9.9973E-05 0.056641 9.9973E-05 0.773264 0.0613835 0.0254024 0.067508 0.0155016
9.993E-05 9.993E-05 0.999201 9.993E-05 9.993E-05 9.993E-05 9.993E-05 9.993E-05 9.993E-05
9.9991E-05 0.663487 0.0843105 0.00406525 0.10557 0.027007 0.00395432 0.038169 0.0733372
9.993E-05 9.993E-05 0.999201 9.993E-05 9.993E-05 9.993E-05 9.993E-05 9.993E-05 9.993E-05
9.993E-05 9.993E-05 0.999201 9.993E-05 9.993E-05 9.993E-05 9.993E-05 9.993E-05 9.993E-05
9.99461E-05 9.99461E-05 0.947494 9.99461E-05 9.99461E-05 0.0350619 9.99461E-05 9.99461E-05 0.0168447
0.0216354 0.102929 0.685157 0.00337531 0.0450367 9.9991E-05 0.0169353 0.122164 0.00266745
9.993E-05 9.993E-05 0.999201 9.993E-05 9.993E-05 9.993E-05 9.993E-05 9.993E-05 9.993E-05
9.9964E-05 0.0289768 0.86733 9.9964E-05 0.0278198 0.0372002 9.9964E-05 0.0382731 9.9964E-05
9.99461E-05 9.99461E-05 0.993567 9.99461E-05 9.99461E-05 0.00484077 9.99461E-05 9.99461E-05 0.000992547
9.9946E-05 9.9946E-05 0.960133 9.9946E-05 0.0129668 9.9946E-05 0.026301 9.9946E-05 9.9946E-05
9.9937E-05 9.9937E-05 0.997858 0.00144272 9.9937E-05 9.9937E-05 9.9937E-05 9.9937E-05 9.9937E-05
0.0229536 9.9946E-05 0.9664 9.9946E-05 9.9946E-05 9.9946E-05 9.9946E-05 0.0100465 9.9946E-05
9.9946E-05 9.9946E-05 0.966518 9.9946E-05 0.0159095 9.9946E-05 9.9946E-05 9.9946E-05 0.0169731
0.0469494 0.00166505 0.838338 9.9982E-05 0.0411492 0.0254936 9.9982E-05 0.027404 0.0188011
0.0098809 0.0148128 0.973359 0.00144722 9.9955E-05 9.9955E-05 9.9955E-05 9.9955E-05 9.9955E-05
0.0131445 0.0203551 0.876196 9.9982E-05 0.00383265 0.0278516 9.9982E-05 0.0312992 0.0271215
0.0358389 9.9964E-05 0.877419 9.9964E-05 0.0425438 0.0169266 9.9964E-05 0.0268724 9.9964E-05
0.0305161 0.0447189 0.870194 0.0282301 9.9964E-05 9.9964E-05 9.9964E-05 0.0259414 9.9964E-05
9.9955E-05 0.0171011 0.940274 0.0207059 0.0214194 9.9955E-05 9.9955E-05 9.9955E-05 9.9955E-05
0.297481 0.242772 0.0554687 0.0406059 0.0669667 0.128087 9.9991E-05 0.132643 0.0358754
0.279338 0.312364 0.038151 0.0271181 0.0139044 0.130175 0.0134392 0.18541 9.9991E-05
0.293271 0.216472 0.0630529 0.0418862 0.00295278 0.132203 9.9991E-05 0.16007 0.0899925
0.246434 0.307987 0.0463468 0.0572537 9.9982E-05 0.100165 9.9982E-05 0.206291 0.0353229
9.9964E-05 0.000817182 0.00084013 9.9964E-05 0.0234835 0.935658 9.9964E-05 0.0388014 9.9964E-05
9.993E-05 9.993E-05 9.993E-05 9.993E-05 9.993E-05 0.999201 9.993E-05 9.993E-05 9.993E-05
9.9937E-05 9.9937E-05 0.00291504 9.9937E-05 9.9937E-05 0.996385 9.9937E-05 9.9937E-05 9.9937E-05
9.993E-05 9.993E-05 9.993E-05 9.993E-05 9.993E-05 0.999201 9.993E-05 9.993E-05 9.993E-05
0.00137282 9.9946E-05 9.9946E-05 9.9946E-05 9.9946E-05 0.979911 9.9946E-05 9.9946E-05 0.0181162
0.00575568 0.0354357 0.0139551 9.9955E-05 9.9955E-05 0.944354 9.9955E-05 9.9955E-05 9.9955E-05
9.9955E-05 9.9955E-05 0.0156825 9.9955E-05 9.9955E-05 0.94547 9.9955E-05 0.0295456 0.00880223
0.0402154 0.0166439 0.0293312 0.0293745 0.0655483 0.747358 0.0713288 9.9982E-05 9.9982E-05
0.0444 0.0297373 0.001542 0.0051916 9.9982E-05 0.844398 0.012464 0.0620668 9.9982E-05
0.999201 9.993E-05 9.993E-05 9.993E-05 9.993E-05 9.993E-05 9.993E-05 9.993E-05 9.993E-05
0.999201 9.993E-05 9.993E-05 9.993E-05 9.993E-05 9.993E-05 9.993E-05 9.993E-05 9.993E-05
0.99711 9.9937E-05 9.9937E-05 9.9937E-05 0.00219081 9.9937E-05 9.9937E-05 9.9937E-05 9.9937E-05
0.999201 9.993E-05 9.993E-05 9.993E-05 9.993E-05 9.993E-05 9.993E-05 9.993E-05 9.993E-05
0.999201 9.993E-05 9.993E-05 9.993E-05 9.993E-05 9.993E-05 9.993E-05 9.993E-05 9.993E-05
0.892309 9.9982E-05 0.00690937 0.00178487 9.9982E-05 0.0467482 0.016184 0.0168837 0.0189813
0.999201 9.993E-05 9.993E-05 9.993E-05 9.993E-05 9.993E-05 9.993E-05 9.993E-05 9.993E-05
0.999201 9.993E-05 9.993E-05 9.993E-05 9.993E-05 9.993E-05 9.993E-05 9.993E-05 9.993E-05
0.990745 9.99371E-05 9.99371E-05 9.99371E-05 9.99371E-05 0.00855563 9.99371E-05 9.99371E-05 9.99371E-05
0.937169 9.9955E-05 0.0133594 9.9955E-05 0.0305616 9.9955E-05 9.9955E-05 0.0184105 9.9955E-05
0.992784 9.9946E-05 9.9946E-05 0.00594895 9.9946E-05 9.9946E-05 9.9946E-05 9.9946E-05 0.000666881
0.943298 9.9964E-05 0.000531104 9.9964E-05 0.0183694 0.0228821 9.9964E-05 0.0145197 9.9964E-05
