9.993E-05 9.993E-05 0.999201 9.993E-05 9.993E-05 9.993E-05 9.993E-05 9.993E-05 9.993E-05
0.0185624 9.9973E-05 0.365847 0.0293088 9.9973E-05 0.0707343 0.507792 0.0074558 9.9973E-05
9.993E-05 9.993E-05 9.993E-05 9.993E-05 9.993E-05 9.993E-05 9.993E-05 0.999201 9.993E-05
0.0365466 0.0927585 9.9982E-05 0.0908003 9.9982E-05 0.0124 0.00946077 0.712509 0.0453246
9.9964E-05 0.0166763 0.0524312 0.00775719 9.9964E-05 9.9964E-05 0.872335 0.0504002 9.9964E-05
9.9955E-05 9.9955E-05 0.874778 0.0244578 9.9955E-05 9.9955E-05 9.9955E-05 0.0461202 0.0541438
0.0178284 9.9964E-05 0.832559 9.9964E-05 0.0656566 0.0638989 0.0196571 9.9964E-05 9.9964E-05
9.993E-05 9.993E-05 9.993E-05 9.993E-05 9.993E-05 9.993E-05 0.999201 9.993E-05 9.993E-05
9.9973E-05 0.0534543 0.48886 9.9973E-05 0.187829 0.0287865 9.9973E-05 0.228211 0.0125593
0.000331356 9.9964E-05 9.9964E-05 9.9964E-05 0.102869 0.0458973 0.812388 0.0381148 9.9964E-05
0.0219045 9.9937E-05 9.9937E-05 0.977396 9.9937E-05 9.9937E-05 9.9937E-05 9.9937E-05 9.9937E-05
9.9955E-05 9.9955E-05 9.9955E-05 0.436198 0.00605158 9.9955E-05 0.0796454 9.9955E-05 0.477605
9.9946E-05 9.9946E-05 0.0197211 0.887436 9.9946E-05 9.9946E-05 0.0922433 9.9946E-05 9.9946E-05
0.0693772 9.9964E-05 9.9964E-05 0.0179862 9.9964E-05 0.0689933 9.9964E-05 0.143731 0.699512
0.0295651 9.9955E-05 9.9955E-05 0.774349 0.161909 9.9955E-05 9.9955E-05 0.0336769 9.9955E-05
0.0023027 9.9964E-05 0.102143 0.418501 9.9964E-05 9.9964E-05 0.0024416 9.9964E-05 0.474211
9.9937E-05 9.9937E-05 9.9937E-05 0.0996771 9.9937E-05 9.9937E-05 9.9937E-05 9.9937E-05 0.899623
0.0126713 0.0260229 9.9982E-05 0.0126718 0.0839958 0.145097 9.9982E-05 0.0330119 0.686329
0.00963772 0.054584 9.9982E-05 0.627167 0.0910303 0.0192965 9.9982E-05 0.0205204 0.177564
9.9964E-05 9.9964E-05 9.9964E-05 0.0831506 0.0464382 9.9964E-05 0.0327774 0.0664431 0.770791
9.9973E-05 0.0705081 0.0368067 0.12112 9.9973E-05 0.0788793 9.9973E-05 0.0285254 0.663861
9.9973E-05 9.9973E-05 0.0385586 0.485526 0.000172354 0.0130924 0.390737 9.9973E-05 0.0716142
9.9946E-05 9.9946E-05 0.0885959 0.776724 9.9946E-05 9.9946E-05 9.9946E-05 9.9946E-05 0.13408
9.993E-05 9.993E-05 9.993E-05 9.993E-05 9.993E-05 9.993E-05 9.993E-05 9.993E-05 0.999201
9.9964E-05 9.9964E-05 9.9964E-05 0.341979 0.0862886 0.155611 9.9964E-05 0.0228298 0.392892
9.9964E-05 9.9964E-05 0.137481 0.129226 0.0707594 0.232435 9.9964E-05 9.9964E-05 0.429699
0.000100564 0.174453 9.9964E-05 0.632255 0.159963 0.0328287 9.9964E-05 9.9964E-05 9.9964E-05
0.00127266 0.0403315 9.9973E-05 0.565396 0.05294 0.289937 9.9973E-05 0.0498235 9.9973E-05
9.9964E-05 9.9964E-05 0.0439783 0.453708 0.210499 0.250855 9.9964E-05 9.9964E-05 0.0405602
9.9946E-05 9.9946E-05 9.9946E-05 0.812797 0.00144773 0.185155 9.9946E-05 9.9946E-05 9.9946E-05
9.9955E-05 0.0503838 9.9955E-05 9.9955E-05 0.550541 0.314381 9.9955E-05 0.0841936 9.9955E-05
9.9982E-05 0.202395 0.0723362 0.0395532 0.418658 0.155095 0.00667237 0.10509 9.9982E-05
9.9955E-05 9.9955E-05 9.9955E-05 0.0576507 0.864356 0.0573023 9.9955E-05 0.020191 9.9955E-05
9.9955E-05 0.127116 9.9955E-05 9.9955E-05 0.840272 0.0271829 9.9955E-05 9.9955E-05 0.00492966
0.0184648 9.9946E-05 9.9946E-05 0.224771 0.756164 9.9946E-05 9.9946E-05 9.9946E-05 9.9946E-05
9.99371E-05 9.99371E-05 0.0237908 9.99371E-05 0.97551 9.99371E-05 9.99371E-05 9.99371E-05 9.99371E-05
9.9964E-05 9.9964E-05 0.027352 9.9964E-05 0.676905 9.9964E-05 0.232524 0.0181564 0.0446627
9.9955E-05 9.9955E-05 0.0289437 0.0823876 0.72306 0.165109 9.9955E-05 9.9955E-05 9.9955E-05
0.0235172 9.9937E-05 9.9937E-05 9.9937E-05 0.975783 9.9937E-05 9.9937E-05 9.9937E-05 9.9937E-05
0.0221235 0.0487125 9.9973E-05 0.115019 0.514244 0.255145 0.0444555 9.9973E-05 9.9973E-05
0.00224115 9.9946E-05 9.9946E-05 9.9946E-05 0.935073 9.9946E-05 0.062086 9.9946E-05 9.9946E-05
9.999E-05 0.143752 0.0455901 0.0545652 0.302647 0.309233 0.0239258 0.0902001 0.0299865
9.9946E-05 9.9946E-05 9.9946E-05 0.0491084 0.940661 9.9946E-05 9.9946E-05 0.00963125 9.9946E-05
0.00119677 0.110947 9.9955E-05 0.120915 0.766442 9.9955E-05 9.9955E-05 9.9955E-05 9.9955E-05
0.000573906 0.588988 9.9964E-05 0.126259 0.0744595 0.20932 9.9964E-05 9.9964E-05 9.9964E-05
0.0228299 0.703123 0.0276522 0.0555215 0.0299102 0.105035 0.0535137 9.9991E-05 0.00231475
0.0128676 0.468616 9.9955E-05 9.9955E-05 0.446425 0.0715913 9.9955E-05 9.9955E-05 9.9955E-05
9.9937E-05 0.948617 9.9937E-05 9.9937E-05 9.9937E-05 0.0506831 9.9937E-05 9.9937E-05 9.9937E-05
9.9973E-05 0.502248 9.9973E-05 9.9973E-05 0.267506 0.00174088 0.051307 0.0893093 0.0875891
9.9964E-05 0.280407 9.9964E-05 9.9964E-05 0.444045 0.120062 0.124849 0.0302367 9.9964E-05
9.9946E-05 0.803631 9.9946E-05 9.9946E-05 9.9946E-05 0.179317 9.9946E-05 0.0164526 9.9946E-05
9.9946E-05 0.985224 0.00519745 9.9946E-05 9.9946E-05 9.9946E-05 9.9946E-05 9.9946E-05 0.00897847
9.9955E-05 0.782589 0.00994053 0.05044 9.9955E-05 0.156531 9.9955E-05 9.9955E-05 9.9955E-05
9.9964E-05 0.779908 9.9964E-05 0.0715837 0.0419242 0.100726 9.9964E-05 9.9964E-05 0.00545863
0.00613135 0.850011 9.9955E-05 9.9955E-05 0.0949926 0.0483651 9.9955E-05 9.9955E-05 9.9955E-05
0.073948 0.872522 0.0452013 9.9955E-05 9.9955E-05 9.9955E-05 9.9955E-05 0.00782922 9.9955E-05
0.0144831 0.0745007 9.9973E-05 9.9973E-05 9.9973E-05 0.816631 0.064323 0.0277626 0.00199995
9.9973E-05 0.0458236 0.038231 0.0157843 0.124038 0.723353 9.9973E-05 9.9973E-05 0.0524697
9.9964E-05 0.0888478 0.0198627 0.0593634 9.9964E-05 0.768793 9.9964E-05 0.0627336 9.9964E-05
9.997E-05 0.0727201 0.0427618 0.112112 0.0344811 0.621739 0.115886 9.997E-05 9.997E-05
9.9973E-05 0.0988091 0.0174975 9.9973E-05 0.0129394 0.808872 0.00736774 9.9973E-05 0.0542139
0.0851189 0.0133304 0.0194042 9.9973E-05 0.351176 0.460137 0.0705336 9.9973E-05 9.9973E-05
9.9964E-05 9.9964E-05 0.0106917 9.9964E-05 0.115177 0.851983 9.9964E-05 0.00335466 0.0183938
0.054428 9.99371E-05 9.99371E-05 9.99371E-05 9.99371E-05 0.944872 9.99371E-05 9.99371E-05 9.99371E-05
0.00460324 9.9955E-05 9.9955E-05 9.9955E-05 0.107645 0.815032 9.9955E-05 9.9955E-05 0.0722197
9.993E-05 9.993E-05 9.993E-05 9.993E-05 9.993E-05 0.999201 9.993E-05 9.993E-05 9.993E-05
9.993E-05 9.993E-05 9.993E-05 9.993E-05 9.993E-05 0.999201 9.993E-05 9.993E-05 9.993E-05
9.9955E-05 9.9955E-05 9.9955E-05 0.0149627 9.9955E-05 0.93769 9.9955E-05 0.0100634 0.0367841
9.9937E-05 9.9937E-05 9.9937E-05 9.9937E-05 9.9937E-05 0.987374 9.9937E-05 0.0119266 9.9937E-05
9.9937E-05 9.9937E-05 9.9937E-05 9.9937E-05 9.9937E-05 0.974865 9.9937E-05 0.0244354 9.9937E-05
9.99371E-05 9.99371E-05 9.99371E-05 9.99371E-05 0.0902616 0.909039 9.99371E-05 9.99371E-05 9.99371E-05
0.0354213 9.9964E-05 0.0503513 9.9964E-05 0.306566 0.565556 0.0417057 9.9964E-05 9.9964E-05
9.9955E-05 0.0390944 9.9955E-05 9.9955E-05 9.9955E-05 0.932726 0.000723244 0.0269568 9.9955E-05
0.0462853 0.0098626 0.0711831 9.9973E-05 0.196832 0.631289 9.9973E-05 9.9973E-05 0.0442479
0.502757 0.00153489 9.99886E-05 0.0179669 0.0821621 0.344942 9.99886E-05 0.000554524 0.0498828
0.999201 9.993E-05 9.993E-05 9.993E-05 9.993E-05 9.993E-05 9.993E-05 9.993E-05 9.993E-05
0.0419925 9.9973E-05 0.0310507 0.067349 0.133138 0.715843 0.0103277 9.9973E-05 9.9973E-05
