9.993E-05 9.993E-05 9.993E-05 9.993E-05 9.993E-05 9.993E-05 9.993E-05 9.993E-05 0.999201
0.0232399 0.0293246 0.0584778 0.815713 9.9964E-05 9.9964E-05 9.9964E-05 9.9964E-05 0.0728451
9.9955E-05 0.0710934 0.0231357 0.834218 9.9955E-05 9.9955E-05 9.9955E-05 9.9955E-05 0.0710533
9.993E-05 9.993E-05 9.993E-05 0.999201 9.993E-05 9.993E-05 9.993E-05 9.993E-05 9.993E-05
0.0139233 9.9973E-05 9.9973E-05 0.723215 0.0962167 0.104432 0.0294093 0.0325039 9.9973E-05
9.9964E-05 9.9964E-05 9.9964E-05 0.688169 0.0171632 0.0375098 9.9964E-05 0.228079 0.028679
9.9946E-05 9.9946E-05 9.9946E-05 0.645469 9.9946E-05 0.20093 9.9946E-05 9.9946E-05 0.153001
0.026083 0.068801 0.000551264 0.515447 0.00563169 0.111535 9.9991E-05 0.074048 0.197804
9.9973E-05 0.0271652 9.9973E-05 0.628811 9.9973E-05 0.181981 0.0505813 0.0556003 0.0555615
9.993E-05 9.993E-05 9.993E-05 9.993E-05 9.993E-05 9.993E-05 9.993E-05 9.993E-05 0.999201
9.993E-05 9.993E-05 9.993E-05 9.993E-05 9.993E-05 9.993E-05 9.993E-05 9.993E-05 0.999201
9.9937E-05 9.9937E-05 9.9937E-05 9.9937E-05 0.00292972 9.9937E-05 9.9937E-05 9.9937E-05 0.996371
9.9937E-05 9.9937E-05 0.0135714 9.9937E-05 9.9937E-05 9.9937E-05 9.9937E-05 9.9937E-05 0.985729
9.9946E-05 9.9946E-05 9.9946E-05 9.9946E-05 0.0418848 0.025982 9.9946E-05 9.9946E-05 0.931534
9.9955E-05 0.0162129 9.9955E-05 0.05139 9.9955E-05 9.9955E-05 0.00987346 9.9955E-05 0.922024
0.0193401 9.9982E-05 9.9982E-05 0.594959 0.0184205 0.0138659 0.0359896 0.238321 0.0789038
0.0196361 0.0641587 0.0185308 0.363064 0.0831417 0.0912404 0.0257708 0.177625 0.156832
9.993E-05 9.993E-05 9.993E-05 0.999201 9.993E-05 9.993E-05 9.993E-05 9.993E-05 9.993E-05
9.9955E-05 9.9955E-05 0.00431624 0.0718415 0.0469409 0.876402 9.9955E-05 9.9955E-05 9.9955E-05
0.014501 0.00440652 0.0107941 9.9973E-05 0.00106911 0.949369 0.0195599 9.9973E-05 9.9973E-05
9.9964E-05 9.9964E-05 0.00117381 0.124799 9.9964E-05 0.772851 0.0439901 9.9964E-05 0.0567863
9.9964E-05 0.0578343 9.9964E-05 0.063952 0.0895412 0.750101 9.9964E-05 0.0381714 9.9964E-05
9.9955E-05 0.0327541 9.9955E-05 9.9955E-05 0.065032 0.884604 0.0171102 9.9955E-05 9.9955E-05
0.00119573 0.00418277 9.9964E-05 9.9964E-05 0.0230926 0.942024 9.9964E-05 9.9964E-05 0.029105
9.99371E-05 9.99371E-05 9.99371E-05 9.99371E-05 9.99371E-05 0.989259 9.99371E-05 9.99371E-05 0.0100418
0.0479602 9.9964E-05 9.9964E-05 9.9964E-05 0.0167967 0.657644 0.0449897 0.23221 9.9964E-05
9.9946E-05 0.0446285 9.9946E-05 9.9946E-05 9.9946E-05 0.86028 0.0944915 9.9946E-05 9.9946E-05
9.99461E-05 0.0129531 9.99461E-05 0.0834951 9.99461E-05 0.902952 9.99461E-05 9.99461E-05 9.99461E-05
0.0359078 0.0174596 9.9982E-05 9.9982E-05 0.0328259 0.732232 0.0251762 0.0678983 0.0883005
9.9946E-05 9.9946E-05 9.9946E-05 0.252592 9.9946E-05 0.740693 9.9946E-05 9.9946E-05 0.00611473
9.99461E-05 9.99461E-05 9.99461E-05 9.99461E-05 9.99461E-05 0.937977 0.0189828 9.99461E-05 0.0424401
0.0235599 0.0460875 0.0223014 9.9964E-05 9.9964E-05 0.864072 0.043579 9.9964E-05 9.9964E-05
9.9973E-05 0.0233418 0.0251931 9.9973E-05 0.0152522 0.843836 0.0553801 0.0366969 9.9973E-05
0.0635947 0.0750987 0.0243836 0.0383912 9.9991E-05 0.711737 0.0251863 0.0156654 0.0458436
0.0124997 0.043235 9.9982E-05 0.00978657 0.118741 0.788692 9.9982E-05 0.0234094 0.00343585
9.9955E-05 9.9955E-05 9.9955E-05 0.219017 9.9955E-05 0.75802 9.9955E-05 0.00124763 0.0212156
9.9946E-05 9.9946E-05 9.9946E-05 9.9946E-05 0.03754 0.541446 9.9946E-05 0.420415 9.9946E-05
0.0303549 0.0353624 0.0186309 0.024564 0.0591648 0.540485 0.0645176 0.22682 9.9991E-05
9.9973E-05 0.0573276 0.0550093 9.9973E-05 9.9973E-05 0.651938 0.0723342 0.16169 0.00140079
0.0132618 9.9982E-05 0.0366938 9.9982E-05 0.0130853 0.664553 0.04915 0.210783 0.0122731
0.0820017 0.00462586 0.0637707 0.190821 9.9964E-05 9.9964E-05 9.9964E-05 0.658381 9.9964E-05
0.0413397 0.0558237 9.9964E-05 0.163089 9.9964E-05 9.9964E-05 0.0283221 0.711025 9.9964E-05
0.0748715 0.0793699 0.00705006 0.235033 9.9973E-05 0.0109669 9.9973E-05 0.592409 9.9973E-05
0.0251809 0.0147583 9.9964E-05 0.180219 9.9964E-05 9.9964E-05 0.00871167 0.77073 9.9964E-05
0.0311915 0.0590469 9.9964E-05 9.9964E-05 9.9964E-05 0.193568 0.0470685 0.668725 9.9964E-05
9.9937E-05 9.9937E-05 9.9937E-05 9.9937E-05 9.9937E-05 0.0185613 9.9937E-05 0.980739 9.9937E-05
9.993E-05 9.993E-05 9.993E-05 9.993E-05 9.993E-05 9.993E-05 9.993E-05 0.999201 9.993E-05
0.014674 0.0317852 9.9982E-05 0.0225186 0.0168819 0.403082 0.00749093 0.503368 9.9982E-05
0.037952 0.0486403 9.9991E-05 0.0702109 0.00123752 0.0850695 0.0612734 0.62814 0.0673763
0.0558376 9.9973E-05 0.0125734 0.189553 9.9973E-05 0.197054 9.9973E-05 0.486716 0.0579664
9.9973E-05 0.0195806 0.0262313 9.9973E-05 9.9973E-05 0.211653 0.0473036 0.637291 0.0576398
9.9973E-05 0.0244542 9.9973E-05 0.0120137 0.00408212 0.142798 9.9973E-05 0.802928 0.0134241
9.9955E-05 0.00788894 9.9955E-05 0.0186833 9.9955E-05 9.9955E-05 9.9955E-05 0.942831 0.0300969
0.0291356 9.9982E-05 0.030837 9.9982E-05 0.0409 0.246986 0.0443427 0.545877 0.0617213
0.0359696 9.9982E-05 0.0524628 9.9982E-05 0.0662037 0.236517 0.0232708 0.52544 0.0599359
0.0634639 0.0607902 9.9964E-05 0.159009 9.9964E-05 0.0207165 9.9964E-05 0.69562 9.9964E-05
0.054383 0.0602953 9.9982E-05 0.0033927 9.9982E-05 0.169751 0.0993358 0.540773 0.0718692
0.0567005 9.9973E-05 9.9973E-05 0.0959972 0.0142847 0.150019 0.0832357 0.599463 9.9973E-05
9.9946E-05 9.9946E-05 9.9946E-05 9.9946E-05 9.9946E-05 0.0659897 9.9946E-05 0.925684 0.0077266
9.9964E-05 9.9964E-05 0.00142015 9.9964E-05 9.9964E-05 0.211854 0.0836447 0.631485 0.0711965
0.0389967 9.9964E-05 9.9964E-05 9.9964E-05 0.0288869 0.240689 0.0690408 0.621987 9.9964E-05
0.0557283 9.9964E-05 9.9964E-05 0.0205416 9.9964E-05 0.079431 9.9964E-05 0.804553 0.0393459
0.00974628 0.0615548 0.0167676 9.9991E-05 0.0280598 0.0779055 0.0578224 0.730944 0.0170992
9.9955E-05 0.0111389 9.9955E-05 9.9955E-05 0.0442154 9.9955E-05 9.9955E-05 0.935796 0.00834957
0.0149293 9.9973E-05 9.9973E-05 0.0334449 9.9973E-05 0.127746 0.00760319 0.797632 0.0183447
9.9955E-05 0.0141586 9.9955E-05 0.00472525 0.0486066 9.9955E-05 9.9955E-05 0.93201 9.9955E-05
9.9955E-05 0.00122665 0.041298 9.9955E-05 9.9955E-05 9.9955E-05 0.00507724 0.951898 9.9955E-05
0.000205244 0.00498795 0.00877147 9.9973E-05 0.0702901 9.9973E-05 9.9973E-05 0.898404 0.0170416
9.9964E-05 0.00261778 9.9964E-05 0.144997 9.9964E-05 0.165178 0.0448782 0.641929 9.9964E-05
0.0118621 0.0251273 9.99551E-05 9.99551E-05 0.0335962 9.99551E-05 9.99551E-05 0.928915 9.99551E-05
0.00191765 0.0567631 0.0480065 0.0707049 9.9982E-05 0.0241532 9.9982E-05 0.762498 0.0357563
0.0247952 0.0360165 0.0380639 0.0280268 0.00704374 0.0332246 9.9982E-05 0.832629 9.9982E-05
9.99461E-05 9.99461E-05 9.99461E-05 9.99461E-05 9.99461E-05 9.99461E-05 0.0132146 0.891436 0.0947494
9.9946E-05 9.9946E-05 9.9946E-05 9.9946E-05 9.9946E-05 9.9946E-05 0.00392245 0.953298 0.0421801
0.0755627 9.9955E-05 9.9955E-05 9.9955E-05 0.0304778 9.9955E-05 9.9955E-05 0.860596 0.0328638
9.9955E-05 9.9955E-05 9.9955E-05 9.9955E-05 0.000344997 9.9955E-05 0.0504558 0.938619 0.0100806
9.99371E-05 9.99371E-05 9.99371E-05 9.99371E-05 0.0113481 9.99371E-05 9.99371E-05 0.987952 9.99371E-05
0.02524 9.9964E-05 0.0708153 0.0561338 0.117675 9.9964E-05 9.9964E-05 0.729736 9.9964E-05
0.0462592 9.9973E-05 0.0652489 0.054475 0.109094 9.9973E-05 0.0992228 0.6254 9.9973E-05
0.0311252 0.0156509 0.113779 9.9973E-05 0.0843558 9.9973E-05 0.00841307 0.746377 9.9973E-05
0.126631 0.0223498 0.0871946 9.9982E-05 0.0581961 9.9982E-05 0.00831855 0.693827 0.00328305
0.028475 9.9964E-05 0.119464 9.9964E-05 0.0685047 9.9964E-05 0.0112716 0.771885 9.9964E-05
0.0351534 0.0402578 0.0764376 9.9973E-05 0.0766157 9.9973E-05 0.0203212 0.750914 9.9973E-05
0.119994 0.0284527 0.103775 0.0501206 0.0205951 0.135718 0.0279898 0.510476 0.00287771
0.0827704 9.9973E-05 0.162833 0.105538 0.073482 9.9973E-05 0.0056797 0.569397 9.9973E-05
0.0975677 0.093144 0.177185 0.0979149 0.00457328 9.9982E-05 0.0250489 0.504366 9.9982E-05
0.0800046 0.0601552 0.0514201 0.0951078 0.0300927 0.0624513 0.0522583 0.539509 0.029001
0.129445 9.9982E-05 0.127902 0.00627458 9.9982E-05 0.113495 0.0404719 0.571661 0.0105498
0.0863338 9.9973E-05 0.121538 0.0208332 0.08968 9.9973E-05 0.053214 0.628101 9.9973E-05
0.108699 0.0767072 0.106313 9.9991E-05 0.0325666 0.0699762 0.159924 0.435505 0.0102081
0.0292653 0.032985 0.0940671 0.0781899 0.211425 0.0316694 9.9991E-05 0.496521 0.0257771
0.0858508 0.0440578 0.0775816 0.083387 0.182172 9.9982E-05 9.9982E-05 0.501292 0.0254589
0.0427335 0.122202 0.188334 0.0177926 9.9991E-05 0.0450244 0.196305 0.371502 0.0160064
9.9937E-05 9.9937E-05 0.99584 9.9937E-05 0.00346079 9.9937E-05 9.9937E-05 9.9937E-05 9.9937E-05
0.0467958 9.9955E-05 0.911753 0.038891 9.9955E-05 9.9955E-05 9.9955E-05 9.9955E-05 0.00206043
9.9964E-05 9.9964E-05 0.859596 9.9964E-05 0.0586578 0.0636058 9.9964E-05 0.0115504 0.00619062
0.0233776 9.99371E-05 0.975923 9.99371E-05 9.99371E-05 9.99371E-05 9.99371E-05 9.99371E-05 9.99371E-05
9.993E-05 9.993E-05 0.999201 9.993E-05 9.993E-05 9.993E-05 9.993E-05 9.993E-05 9.993E-05
9.993E-05 9.993E-05 0.999201 9.993E-05 9.993E-05 9.993E-05 9.993E-05 9.993E-05 9.993E-05
9.993E-05 9.993E-05 0.999201 9.993E-05 9.993E-05 9.993E-05 9.993E-05 9.993E-05 9.993E-05
0.00541222 9.9955E-05 0.902787 0.0597164 0.0315845 9.9955E-05 9.9955E-05 9.9955E-05 9.9955E-05
0.0069382 9.9955E-05 0.980161 9.9955E-05 9.9955E-05 9.9955E-05 9.9955E-05 0.0033305 0.00907085
9.993E-05 9.993E-05 0.999201 9.993E-05 9.993E-05 9.993E-05 9.993E-05 9.993E-05 9.993E-05
0.253856 0.041723 0.120368 9.9982E-05 0.0919298 0.115789 0.135504 0.240631 9.9982E-05
9.9964E-05 0.00714407 0.858332 9.9964E-05 0.0179887 9.9964E-05 9.9964E-05 0.113437 0.00269783
9.99371E-05 9.99371E-05 0.990434 9.99371E-05 9.99371E-05 9.99371E-05 0.00886693 9.99371E-05 9.99371E-05
9.9955E-05 9.9955E-05 0.974473 9.9955E-05 0.00570001 9.9955E-05 0.0177076 9.9955E-05 0.0016197
0.230092 0.0410669 0.155137 9.9991E-05 0.0217494 0.0204523 0.146241 0.382153 0.00300883
0.19907 0.0388881 0.132667 9.9982E-05 0.0720851 0.0771383 0.119033 0.360918 9.9982E-05
0.17103 0.0554685 0.144814 9.9982E-05 0.107449 0.0352936 0.133282 0.352463 9.9982E-05
0.206321 0.0808349 0.186539 9.9982E-05 0.0621561 0.0461502 0.121422 0.296377 9.9982E-05
0.216917 0.0308213 0.135817 9.9982E-05 0.103309 0.0546237 0.0905103 0.367802 9.9982E-05
0.160225 9.9973E-05 0.0977959 9.9973E-05 0.201616 0.183356 0.0603609 0.296347 9.9973E-05
0.146238 0.0350369 0.167694 9.9982E-05 0.134132 0.0902157 0.0565047 0.369979 9.9982E-05
0.188994 9.9973E-05 0.154253 9.9973E-05 0.13432 0.0232613 0.0526391 0.446232 9.9973E-05
0.106764 0.0909185 0.24378 9.9982E-05 0.147187 0.0482623 0.0571908 0.305697 9.9982E-05
0.1309 0.044313 0.229931 9.9982E-05 0.153322 0.00158767 0.0543159 0.38543 9.9982E-05
0.0977703 0.0493402 0.136149 9.9982E-05 0.0736748 0.0720593 0.0904772 0.480329 9.9982E-05
0.108476 0.0513287 0.194616 9.9982E-05 0.125814 0.0442287 0.0630862 0.412251 9.9982E-05
0.172749 0.0622175 0.0653784 9.9982E-05 0.123556 9.9982E-05 0.0816511 0.474253 0.0199961
0.187069 0.0557221 0.151885 0.0358007 0.0729382 9.9982E-05 0.0752993 0.421086 9.9982E-05
0.893754 0.0243753 9.9964E-05 9.9964E-05 0.02193 9.9964E-05 0.0407273 0.0188133 9.9964E-05
0.874778 9.9973E-05 0.000475817 9.9973E-05 0.0263516 0.0390817 0.0464394 9.9973E-05 0.012574
0.999201 9.993E-05 9.993E-05 9.993E-05 9.993E-05 9.993E-05 9.993E-05 9.993E-05 9.993E-05
0.987695 9.9946E-05 9.9946E-05 0.00301609 9.9946E-05 9.9946E-05 0.00868961 9.9946E-05 9.9946E-05
0.999201 9.993E-05 9.993E-05 9.993E-05 9.993E-05 9.993E-05 9.993E-05 9.993E-05 9.993E-05
0.999201 9.993E-05 9.993E-05 9.993E-05 9.993E-05 9.993E-05 9.993E-05 9.993E-05 9.993E-05
0.955055 9.9946E-05 9.9946E-05 9.9946E-05 9.9946E-05 0.0312242 9.9946E-05 0.0131211 9.9946E-05
0.647016 9.9964E-05 9.9964E-05 9.9964E-05 0.119877 9.9964E-05 0.00586673 0.196803 0.0300378
0.999201 9.993E-05 9.993E-05 9.993E-05 9.993E-05 9.993E-05 9.993E-05 9.993E-05 9.993E-05
0.989787 0.00951296 9.9937E-05 9.9937E-05 9.9937E-05 9.9937E-05 9.9937E-05 9.9937E-05 9.9937E-05
0.871793 0.00112321 0.0244872 0.0241312 0.0705573 9.9973E-05 9.9973E-05 9.9973E-05 0.00760849
0.979164 9.99371E-05 9.99371E-05 9.99371E-05 9.99371E-05 9.99371E-05 0.0201362 9.99371E-05 9.99371E-05
0.775961 0.0538814 9.9964E-05 0.0152533 0.0579729 9.9964E-05 9.9964E-05 0.0965312 9.9964E-05
9.993E-05 0.999201 9.993E-05 9.993E-05 9.993E-05 9.993E-05 9.993E-05 9.993E-05 9.993E-05
0.169873 0.108517 0.16544 0.0575804 0.0898774 9.9982E-05 0.0734803 0.335032 9.9982E-05
9.993E-05 0.999201 9.993E-05 9.993E-05 9.993E-05 9.993E-05 9.993E-05 9.993E-05 9.993E-05
9.993E-05 0.999201 9.993E-05 9.993E-05 9.993E-05 9.993E-05 9.993E-05 9.993E-05 9.993E-05
9.99461E-05 0.932405 0.0391295 9.99461E-05 0.0278654 9.99461E-05 9.99461E-05 9.99461E-05 9.99461E-05
0.0382147 0.776275 0.00528879 9.9982E-05 0.0235407 0.0496772 0.042146 0.0646578 9.9982E-05
9.99371E-05 0.993611 9.99371E-05 9.99371E-05 9.99371E-05 9.99371E-05 9.99371E-05 9.99371E-05 0.00568921
0.0140414 0.850411 9.9955E-05 9.9955E-05 0.0421281 9.9955E-05 9.9955E-05 0.0929196 9.9955E-05
9.993E-05 0.999201 9.993E-05 9.993E-05 9.993E-05 9.993E-05 9.993E-05 9.993E-05 9.993E-05
0.00525364 0.962601 0.00248783 9.9955E-05 9.9955E-05 9.9955E-05 9.9955E-05 0.0291582 9.9955E-05
9.9955E-05 0.948951 9.9955E-05 0.0310903 0.00549747 0.0139612 9.9955E-05 9.9955E-05 9.9955E-05
9.993E-05 0.999201 9.993E-05 9.993E-05 9.993E-05 9.993E-05 9.993E-05 9.993E-05 9.993E-05
9.9955E-05 0.967585 0.0139284 9.9955E-05 9.9955E-05 9.9955E-05 9.9955E-05 0.0137686 0.00421777
0.0437109 0.801998 0.01058 0.07976 0.0256846 9.9973E-05 0.0379667 9.9973E-05 9.9973E-05
9.9955E-05 0.90562 9.9955E-05 9.9955E-05 0.0266995 0.0643184 0.00286265 9.9955E-05 9.9955E-05
0.0158305 0.89933 0.00842825 0.0153344 0.03307 9.9973E-05 9.9973E-05 9.9973E-05 0.0277066
0.00477322 0.864427 9.9973E-05 0.0015523 0.0281438 9.9973E-05 0.0707562 0.0300475 9.9973E-05
9.99768E-05 0.871923 9.99768E-05 0.0142252 9.99768E-05 0.0222209 0.0404709 0.0236743 0.0271859
9.9964E-05 0.980544 0.00930317 9.9964E-05 0.00702043 9.9964E-05 0.00132841 9.9964E-05 0.00140424
0.0698018 0.0345304 0.0756366 9.9991E-05 0.139456 0.00701336 0.296479 0.335613 0.0413709
0.113097 0.0475762 0.0685982 9.9991E-05 0.139603 0.0366358 0.248139 0.322774 0.0234768
0.0314852 0.101979 0.06125 9.9991E-05 0.160707 0.0182541 0.244651 0.347917 0.0336563
0.0229129 0.0618018 0.0651295 9.9991E-05 0.127436 0.0792725 0.208229 0.389235 0.0458829
0.0177988 0.00462087 9.9964E-05 9.9964E-05 0.939566 0.0365834 9.9964E-05 9.9964E-05 0.001031
9.993E-05 9.993E-05 9.993E-05 9.993E-05 0.999201 9.993E-05 9.993E-05 9.993E-05 9.993E-05
9.9937E-05 9.9937E-05 0.0315565 9.9937E-05 0.967744 9.9937E-05 9.9937E-05 9.9937E-05 9.9937E-05
9.993E-05 9.993E-05 9.993E-05 9.993E-05 0.999201 9.993E-05 9.993E-05 9.993E-05 9.993E-05
0.00573084 0.0374809 9.9964E-05 9.9964E-05 0.936995 9.9964E-05 0.0150904 9.9964E-05 0.00430299
9.9946E-05 9.9946E-05 0.0111286 9.9946E-05 0.952558 9.9946E-05 9.9946E-05 0.0357135 9.9946E-05
9.9964E-05 9.9964E-05 0.0220955 0.0181668 0.925985 9.9964E-05 0.0248777 0.00847488 9.9964E-05
0.0227282 0.0153881 0.00958058 0.00594424 0.783788 0.0362817 0.00363062 0.0645441 0.0581147
9.9973E-05 0.0372798 9.9973E-05 0.0115268 0.831049 0.0510961 0.00422926 0.0645195 9.9973E-05
0.00480978 9.99562E-05 9.99562E-05 9.99562E-05 9.99562E-05 9.99562E-05 0.975214 0.00777831 0.011698
0.0200248 9.99371E-05 9.99371E-05 9.99371E-05 9.99371E-05 9.99371E-05 0.979276 9.99371E-05 9.99371E-05
9.993E-05 9.993E-05 9.993E-05 9.993E-05 9.993E-05 9.993E-05 0.999201 9.993E-05 9.993E-05
9.993E-05 9.993E-05 9.993E-05 9.993E-05 9.993E-05 9.993E-05 0.999201 9.993E-05 9.993E-05
9.993E-05 9.993E-05 9.993E-05 9.993E-05 9.993E-05 9.993E-05 0.999201 9.993E-05 9.993E-05
9.9964E-05 0.00133963 9.9964E-05 9.9964E-05 0.0247889 0.0437944 0.853053 0.0766241 9.9964E-05
9.993E-05 9.993E-05 9.993E-05 9.993E-05 9.993E-05 9.993E-05 0.999201 9.993E-05 9.993E-05
9.993E-05 9.993E-05 9.993E-05 9.993E-05 9.993E-05 9.993E-05 0.999201 9.993E-05 9.993E-05
9.99371E-05 9.99371E-05 0.00718578 9.99371E-05 9.99371E-05 9.99371E-05 0.992115 9.99371E-05 9.99371E-05
9.9946E-05 0.000712709 0.00625179 9.9946E-05 9.9946E-05 9.9946E-05 0.992436 9.9946E-05 9.9946E-05
0.0010638 9.9937E-05 9.9937E-05 9.9937E-05 9.9937E-05 9.9937E-05 0.998237 9.9937E-05 9.9937E-05
0.00927057 9.9937E-05 9.9937E-05 9.9937E-05 9.9937E-05 9.9937E-05 0.99003 9.9937E-05 9.9937E-05
