9.997E-05 9.997E-05 0.9996 9.997E-05 9.997E-05
0.109097 9.9982E-05 0.884934 0.00576883 9.9982E-05
9.9973E-05 9.9973E-05 0.82338 9.9973E-05 0.17632
9.999E-05 0.316935 0.480959 0.0549281 0.147079
0.00416117 0.0451127 0.780582 0.0152413 0.154903
9.9973E-05 0.118116 0.881584 9.9973E-05 9.9973E-05
0.0664293 9.9991E-05 0.845055 0.00204805 0.0863676
0.014856 0.0773115 0.882452 0.000516911 0.0248633
9.9982E-05 9.9982E-05 0.652262 0.00583519 0.341702
0.225996 9.9991E-05 0.654999 0.0242614 0.0946432
9.9973E-05 0.954866 9.9973E-05 0.0448343 9.9973E-05
9.997E-05 0.9996 9.997E-05 9.997E-05 9.997E-05
9.9982E-05 0.903024 0.0916545 0.00512169 9.9982E-05
0.0243289 0.764226 0.032271 0.0615886 0.117586
9.999E-05 0.772908 0.0268418 0.0720573 0.128093
9.9973E-05 0.991324 0.00837648 9.9973E-05 9.9973E-05
9.997E-05 0.9996 9.997E-05 9.997E-05 9.997E-05
0.19611 0.695173 9.9991E-05 0.00775031 0.100867
0.0837296 0.785751 9.9982E-05 9.9982E-05 0.130319
9.9982E-05 0.859475 0.0436862 9.9982E-05 0.0966385
0.109143 0.793291 0.0792976 9.9991E-05 0.0181684
0.0774415 0.593579 0.29957 9.9991E-05 0.0293102
0.00843912 0.990288 9.9982E-05 0.00107284 9.9982E-05
0.118275 0.881425 9.9973E-05 9.9973E-05 9.9973E-05
0.162804 0.836897 9.9973E-05 9.9973E-05 9.9973E-05
0.215824 0.646242 0.0738315 0.00342785 0.0606746
0.0353427 0.577112 9.9982E-05 9.9982E-05 0.387345
0.348835 0.564067 0.0225181 0.00658399 0.0579962
0.383508 0.561677 0.0163403 9.9991E-05 0.0383754
0.386914 0.598749 9.9982E-05 9.9982E-05 0.0141366
0.255837 9.9982E-05 0.0491243 9.9982E-05 0.694839
0.130457 9.9982E-05 0.233419 9.9982E-05 0.635923
0.117977 0.118734 9.9982E-05 9.9982E-05 0.763089
9.9973E-05 0.0456971 9.9973E-05 9.9973E-05 0.954003
9.9982E-05 0.36461 9.9982E-05 0.0399338 0.595256
0.0843833 0.00873635 0.0598825 0.000849449 0.846148
0.0372837 0.158925 0.245983 9.9991E-05 0.557708
0.268128 0.137787 0.0330595 9.9991E-05 0.560925
9.9982E-05 0.0533077 9.9982E-05 0.00956673 0.936926
0.321161 0.16302 0.045516 0.0258631 0.44444
0.0463353 9.9982E-05 0.0970552 9.9982E-05 0.85641
0.296706 0.13761 0.0980944 9.9991E-05 0.46749
0.129331 0.146584 0.0605048 0.0202326 0.643348
0.0413548 0.151425 0.0110605 0.0280733 0.768086
0.164519 0.022816 9.9982E-05 9.9982E-05 0.812465
0.222252 0.0121082 0.0281218 9.9991E-05 0.737418
0.0438644 9.9982E-05 9.9982E-05 0.0367216 0.919214
0.208009 9.9973E-05 9.9973E-05 9.9973E-05 0.791691
0.0306577 0.0856749 0.153051 9.9991E-05 0.730516
0.178927 9.9982E-05 0.0645882 9.9982E-05 0.756285
0.291901 9.9973E-05 9.9973E-05 9.9973E-05 0.707799
9.9973E-05 9.9973E-05 9.9973E-05 0.0296999 0.97
0.334607 9.9982E-05 9.9982E-05 0.0123624 0.65283
0.211275 9.9982E-05 9.9982E-05 0.00517278 0.783353
0.0900423 9.9973E-05 9.9973E-05 9.9973E-05 0.909658
0.230155 9.9982E-05 9.9982E-05 0.0649694 0.704676
0.865175 0.0498487 9.9991E-05 0.0174048 0.0674713
0.752485 0.08036 0.058597 9.9991E-05 0.108458
0.847947 0.0175918 0.0261183 9.9991E-05 0.108243
0.706114 0.0570999 0.158569 9.9991E-05 0.078117
0.873062 0.0395991 9.9982E-05 9.9982E-05 0.0871393
0.487802 9.9991E-05 0.0282873 0.0959583 0.387853
0.861169 0.0148321 0.019888 9.9991E-05 0.10401
0.976389 9.9973E-05 9.9973E-05 0.0233109 9.9973E-05
0.946448 0.00951535 9.9991E-05 0.000167463 0.0437688
0.9996 9.997E-05 9.997E-05 9.997E-05 9.997E-05
0.9996 9.997E-05 9.997E-05 9.997E-05 9.997E-05
0.9996 9.997E-05 9.997E-05 9.997E-05 9.997E-05
0.9996 9.997E-05 9.997E-05 9.997E-05 9.997E-05
0.9996 9.997E-05 9.997E-05 9.997E-05 9.997E-05
0.900955 9.9973E-05 9.9973E-05 9.9973E-05 0.0987449
0.680427 9.9991E-05 0.138463 0.00721416 0.173796
0.961603 9.9982E-05 0.0236227 0.0145749 9.9982E-05
0.8058 0.0556194 0.0440651 0.0296219 0.0648934
0.320581 0.0295272 0.016656 0.5497 0.0835364
9.997E-05 9.997E-05 9.997E-05 0.9996 9.997E-05
0.641054 0.0957451 0.0271447 0.0487083 0.187348
