9.996E-05 9.996E-05 9.996E-05 9.996E-05 0.9995 9.996E-05
9.9982E-05 9.9982E-05 0.0355413 0.159631 0.779893 0.024735
9.9964E-05 9.9964E-05 0.224502 9.9964E-05 0.775098 9.9964E-05
0.248582 0.117461 0.0991776 9.9991E-05 0.461336 0.0733429
9.9982E-05 0.210021 9.9982E-05 0.00155997 0.779681 0.00853778
0.16078 9.9964E-05 9.9964E-05 9.9964E-05 0.83882 9.9964E-05
9.9973E-05 0.0934161 9.9973E-05 0.0359041 0.87038 9.9973E-05
0.042199 0.154826 9.9973E-05 9.9973E-05 0.802675 9.9973E-05
9.9973E-05 9.9973E-05 0.258896 0.0883213 0.652483 9.9973E-05
0.0610894 0.139634 0.0641091 0.0869179 0.573148 0.0751014
0.876126 0.0261314 9.9991E-05 0.00741037 0.0484052 0.0418269
0.978025 0.0215748 9.9964E-05 9.9964E-05 9.9964E-05 9.9964E-05
0.841193 9.9973E-05 9.9973E-05 0.00642783 0.152079 9.9973E-05
0.770122 0.0912384 0.0721965 9.9991E-05 0.0253937 0.0409491
0.74128 9.9991E-05 0.117207 0.0504682 0.0286077 0.0623376
0.968346 9.9973E-05 9.9973E-05 9.9973E-05 0.0256847 0.00566933
0.979392 0.0202086 9.9964E-05 9.9964E-05 9.9964E-05 9.9964E-05
0.723964 0.037161 0.0771657 0.161509 9.9982E-05 9.9982E-05
0.78148 0.0507529 0.152484 9.9982E-05 9.9982E-05 0.0150829
0.933018 9.9973E-05 0.0256581 9.9973E-05 0.0410244 9.9973E-05
0.827034 9.9982E-05 0.0428357 0.108297 0.0216333 9.9982E-05
0.549069 0.0609335 9.9982E-05 0.0569931 0.332805 9.9982E-05
0.967009 9.9964E-05 9.9964E-05 9.9964E-05 0.0325914 9.9964E-05
0.854921 9.9973E-05 0.0401259 0.104654 9.9973E-05 9.9973E-05
0.658823 9.9982E-05 0.10732 0.223369 9.9982E-05 0.0102881
0.613974 9.9991E-05 0.0438599 0.237245 0.0879348 0.0168863
0.632348 0.103309 0.172799 0.0913442 9.9982E-05 9.9982E-05
0.4573 0.00473399 0.0261413 0.463331 0.0416073 0.00688613
0.548333 9.9973E-05 0.192611 0.258757 9.9973E-05 9.9973E-05
0.657 9.9964E-05 9.9964E-05 0.342601 9.9964E-05 9.9964E-05
9.9973E-05 9.9973E-05 0.712037 0.275504 0.0121586 9.9973E-05
0.0488485 0.0541198 0.548748 0.185311 0.160513 0.00245955
0.0543329 0.139169 0.661196 0.145102 9.9982E-05 9.9982E-05
9.9964E-05 0.0753292 0.924271 9.9964E-05 9.9964E-05 9.9964E-05
0.263585 9.9973E-05 0.715125 9.9973E-05 9.9973E-05 0.0209897
9.9982E-05 9.9982E-05 0.906585 0.0574883 0.0282472 0.00747988
0.0535598 0.177498 0.498737 0.00208343 0.26616 0.00196154
0.0769189 9.9973E-05 0.910101 0.0126804 9.9973E-05 9.9973E-05
0.00274181 0.152908 0.837451 9.9982E-05 9.9982E-05 0.00669946
0.0794344 0.150025 0.470644 0.271738 0.00513518 0.0230235
9.996E-05 9.996E-05 0.9995 9.996E-05 9.996E-05 9.996E-05
0.0786856 0.154207 0.415494 0.271879 0.057507 0.0222282
0.0354491 9.9982E-05 0.801373 0.161718 9.9982E-05 0.00126022
0.0884427 0.0585205 0.76856 0.0842767 9.9982E-05 9.9982E-05
9.9973E-05 0.110026 0.586399 0.303275 9.9973E-05 9.9973E-05
0.0118611 0.756575 9.9991E-05 0.148702 0.0723879 0.0103734
9.9982E-05 0.764395 0.113173 0.0859557 9.9982E-05 0.0362761
9.9964E-05 0.893807 9.9964E-05 0.105793 9.9964E-05 9.9964E-05
0.0866764 0.73833 0.120618 9.9982E-05 0.054176 9.9982E-05
9.9982E-05 0.371587 0.442432 0.142568 0.0432126 9.9982E-05
0.0210713 0.825301 9.9973E-05 0.153328 9.9973E-05 9.9973E-05
9.996E-05 0.9995 9.996E-05 9.996E-05 9.996E-05 9.996E-05
9.9973E-05 0.842512 9.9973E-05 0.155609 9.9973E-05 0.00157986
9.9973E-05 0.719165 0.131068 0.149467 9.9973E-05 9.9973E-05
9.9964E-05 0.80077 0.19883 9.9964E-05 9.9964E-05 9.9964E-05
9.9973E-05 0.903694 9.9973E-05 0.0481161 9.9973E-05 0.0478897
0.065135 9.9982E-05 0.00447464 0.918414 0.011776 9.9982E-05
0.0705855 0.0376119 0.114093 0.723091 0.0545189 9.9991E-05
0.0285694 0.192243 9.9982E-05 0.682777 0.0962104 9.9982E-05
9.9982E-05 0.0675816 0.0691747 0.699337 0.163707 9.9982E-05
0.031889 0.059393 9.9973E-05 0.908418 9.9973E-05 9.9973E-05
9.9973E-05 9.9973E-05 0.503645 0.404015 9.9973E-05 0.0920402
9.9973E-05 0.11422 0.0843619 0.801118 9.9973E-05 9.9973E-05
9.9964E-05 9.9964E-05 9.9964E-05 0.969941 9.9964E-05 0.0296592
0.00134952 0.00739183 0.0253453 0.964861 9.9991E-05 0.000952025
9.996E-05 9.996E-05 9.996E-05 0.9995 9.996E-05 9.996E-05
9.9964E-05 9.9964E-05 0.00731824 0.992282 9.9964E-05 9.9964E-05
9.9964E-05 0.0168754 9.9964E-05 0.982725 9.9964E-05 9.9964E-05
9.9964E-05 9.9964E-05 9.9964E-05 0.988993 9.9964E-05 0.0106075
9.9964E-05 0.00575603 9.9964E-05 0.993844 9.9964E-05 9.9964E-05
9.9964E-05 9.9964E-05 9.9964E-05 0.991547 9.9964E-05 0.00805331
9.9991E-05 0.000981918 0.232947 0.649222 0.0844984 0.0322506
9.996E-05 9.996E-05 9.996E-05 0.9995 9.996E-05 9.996E-05
0.0266707 0.0861739 0.0766842 0.760785 9.9991E-05 0.0495864
0.111637 0.10985 9.9991E-05 0.244691 0.00223506 0.531487
9.996E-05 9.996E-05 9.996E-05 9.996E-05 9.996E-05 0.9995
9.9991E-05 0.0209045 0.196985 0.646361 0.0756143 0.0600352
