0.9995 9.996E-05 9.996E-05 9.996E-05 9.996E-05 9.996E-05
0.358431 9.9982E-05 0.513539 0.0506402 9.9982E-05 0.0771904
0.368429 9.9982E-05 0.468731 0.0981111 9.9982E-05 0.0645294
0.291274 9.99641E-05 0.708326 9.99641E-05 9.99641E-05 9.99641E-05
0.153684 0.0628971 0.783119 9.9973E-05 9.9973E-05 9.9973E-05
0.233184 9.9973E-05 0.732473 0.0340432 9.9973E-05 9.9973E-05
0.366161 9.9964E-05 0.63344 9.9964E-05 9.9964E-05 9.9964E-05
0.373672 9.9973E-05 0.564714 0.0613147 9.9973E-05 9.9973E-05
0.266031 9.9973E-05 0.710637 0.0230323 9.9973E-05 9.9973E-05
0.9995 9.996E-05 9.996E-05 9.996E-05 9.996E-05 9.996E-05
0.9995 9.996E-05 9.996E-05 9.996E-05 9.996E-05 9.996E-05
0.9995 9.996E-05 9.996E-05 9.996E-05 9.996E-05 9.996E-05
0.9995 9.996E-05 9.996E-05 9.996E-05 9.996E-05 9.996E-05
0.921604 0.0494589 0.028637 9.9973E-05 9.9973E-05 9.9973E-05
0.956541 0.0134024 9.9982E-05 0.0258865 9.9982E-05 0.00396969
0.242153 9.9973E-05 0.718456 0.0390907 9.9973E-05 9.9973E-05
0.224548 0.0759792 0.521085 0.0657494 0.0654886 0.0471496
0.233189 9.9964E-05 0.766411 9.9964E-05 9.9964E-05 9.9964E-05
0.00421864 9.99641E-05 0.995382 9.99641E-05 9.99641E-05 9.99641E-05
9.9964E-05 0.0129652 0.986635 9.9964E-05 9.9964E-05 9.9964E-05
0.10939 9.9973E-05 0.882457 9.9973E-05 9.9973E-05 0.00785343
0.0314697 0.084113 0.860088 0.0241298 9.9982E-05 9.9982E-05
0.0571554 0.0787259 0.863819 9.9973E-05 9.9973E-05 9.9973E-05
0.0879318 9.9964E-05 0.911668 9.9964E-05 9.9964E-05 9.9964E-05
0.0344288 9.9964E-05 0.965171 9.9964E-05 9.9964E-05 9.9964E-05
0.0297872 9.9973E-05 0.904016 9.9973E-05 0.0658968 9.9973E-05
0.0376367 0.0324821 0.898562 0.0311191 9.9982E-05 9.9982E-05
0.036574 9.99641E-05 0.963026 9.99641E-05 9.99641E-05 9.99641E-05
0.108311 9.9973E-05 0.880835 9.9973E-05 0.0105543 9.9973E-05
0.145177 9.9964E-05 0.854423 9.9964E-05 9.9964E-05 9.9964E-05
0.106556 0.0439467 0.849197 9.9973E-05 9.9973E-05 9.9973E-05
0.0487242 0.0352227 0.855164 9.9991E-05 0.0523647 0.00842484
0.0261602 0.0208065 0.948049 0.00478426 9.9982E-05 9.9982E-05
0.0965131 0.0163198 0.78954 0.0422034 0.0553242 9.9991E-05
0.0274201 0.0988214 0.856912 0.0166463 9.9982E-05 9.9982E-05
0.142676 9.9964E-05 0.856924 9.9964E-05 9.9964E-05 9.9964E-05
9.9964E-05 9.9964E-05 0.964409 0.0351908 9.9964E-05 9.9964E-05
0.0335256 0.0752939 0.821289 0.0176654 0.0521261 9.9991E-05
0.0376612 0.0522525 0.805338 0.0370136 0.0260163 0.0417189
0.0387571 0.037527 0.846781 9.9991E-05 0.0686111 0.00822414
9.9982E-05 9.9982E-05 0.689824 0.0854249 0.147828 0.0767225
9.9991E-05 0.0371403 0.692566 0.0936136 0.156836 0.0197434
0.0481836 0.00598437 0.735334 0.0981189 0.0525537 0.0598258
9.9982E-05 9.9982E-05 0.731501 0.0496635 0.173912 0.0447231
9.9973E-05 9.9973E-05 0.82628 0.0888561 0.0845642 9.9973E-05
9.9973E-05 9.9973E-05 0.922021 0.0671807 0.0104981 9.9973E-05
9.9973E-05 9.9973E-05 0.904766 0.0331422 0.0617914 9.9973E-05
9.9991E-05 0.0173418 0.86504 0.0414365 0.0683519 0.00772938
0.0456465 0.0228469 0.681107 0.0406584 0.209641 9.9991E-05
0.116576 9.9991E-05 0.761021 0.0219201 0.0648586 0.035524
0.0274945 9.9991E-05 0.751184 0.0520178 0.126777 0.042427
9.9982E-05 0.0219897 0.833487 0.043367 0.100956 9.9982E-05
9.9982E-05 0.0472951 0.806617 0.0284338 0.117454 9.9982E-05
0.0344779 0.0935053 0.721596 0.00848208 0.1097 0.0322386
0.0381524 0.0403316 0.699221 0.0084185 0.16172 0.0521567
9.9982E-05 9.9982E-05 0.7595 0.08835 0.133217 0.0187332
0.0710372 0.0163204 0.625863 0.0911031 0.188514 0.00716206
9.9982E-05 0.0352108 0.809474 9.9982E-05 0.124048 0.0310679
9.9973E-05 9.9973E-05 0.947895 0.0279408 0.0238641 9.9973E-05
0.0372824 9.9991E-05 0.717824 0.0644306 0.135334 0.0450297
9.9982E-05 0.0522185 0.791328 9.9982E-05 0.146857 0.00939611
9.9973E-05 9.9973E-05 0.838343 9.9973E-05 0.0769224 0.0844345
9.9991E-05 0.0487087 0.631101 0.0957477 0.166389 0.0579532
9.9991E-05 0.0677414 0.603378 0.137047 0.152239 0.0394943
9.9973E-05 9.9973E-05 0.854379 9.9973E-05 0.143699 0.00162174
9.9991E-05 0.109385 0.676045 0.0968156 0.0819852 0.0356687
9.9982E-05 9.9982E-05 0.6844 0.031169 0.159608 0.124623
0.00522866 0.145899 0.592016 0.0958848 0.0759617 0.0850102
9.9991E-05 0.0253936 0.8441 0.034143 0.066164 0.0300993
9.9991E-05 0.0820127 0.695386 0.0880401 0.091702 0.0427592
0.00753499 9.9991E-05 0.751296 0.110873 0.0642147 0.0659811
9.9991E-05 0.0429178 0.595202 0.0954819 0.172723 0.0935753
0.0559777 9.9991E-05 0.756526 0.0659118 0.0905301 0.0309542
0.0168161 9.9991E-05 0.791555 0.0586659 0.1296 0.00326329
9.9982E-05 0.0658074 0.657949 0.0577429 0.218301 9.9982E-05
9.9991E-05 0.0409239 0.73846 0.00587487 0.178901 0.0357401
9.9991E-05 0.0279139 0.735562 0.10507 0.045593 0.0857611
9.9982E-05 0.131847 0.652204 9.9982E-05 0.0747623 0.140988
9.9991E-05 0.0603453 0.458399 0.0557995 0.248126 0.17723
9.9991E-05 0.0942673 0.468636 0.0508082 0.233634 0.152554
9.9991E-05 0.0692242 0.476142 0.0962535 0.245437 0.112843
9.9991E-05 0.0703556 0.481467 0.0451586 0.234207 0.168712
9.9991E-05 0.062561 0.488906 0.128542 0.207446 0.112444
0.00104467 9.9991E-05 0.507326 0.0253147 0.325085 0.14113
9.9991E-05 0.0333373 0.515506 0.0175416 0.147826 0.285689
9.9991E-05 0.0319974 0.493601 0.0949487 0.195183 0.18417
0.0475496 0.0164839 0.505981 0.0993652 0.217397 0.113223
9.9982E-05 9.9982E-05 0.592983 0.0105612 0.24807 0.148185
9.9991E-05 0.0729929 0.46508 0.0398268 0.222086 0.199914
9.9991E-05 0.00915263 0.411906 0.10756 0.337662 0.133619
0.0214798 0.219527 0.436473 0.0734053 0.116677 0.132437
0.00632449 0.208722 0.515231 0.0777377 0.0845806 0.107404
9.9991E-05 0.0321602 0.351903 0.132986 0.259279 0.223572
0.0171231 9.9982E-05 9.9982E-05 0.00332851 0.0046962 0.974652
0.0137924 9.9973E-05 9.9973E-05 0.0142488 9.9973E-05 0.971659
0.0256898 0.0331845 0.0902867 0.00784812 9.9991E-05 0.842891
9.996E-05 9.996E-05 9.996E-05 9.996E-05 9.996E-05 0.9995
9.996E-05 9.996E-05 9.996E-05 9.996E-05 9.996E-05 0.9995
9.996E-05 9.996E-05 9.996E-05 9.996E-05 9.996E-05 0.9995
9.996E-05 9.996E-05 9.996E-05 9.996E-05 9.996E-05 0.9995
9.9973E-05 9.9973E-05 0.0817879 0.0521849 9.9973E-05 0.865727
9.996E-05 9.996E-05 9.996E-05 9.996E-05 9.996E-05 0.9995
9.996E-05 9.996E-05 9.996E-05 9.996E-05 9.996E-05 0.9995
9.9991E-05 0.0853585 0.261834 0.0747828 0.419623 0.158302
9.9973E-05 0.00263181 0.0567994 9.9973E-05 9.9973E-05 0.940269
9.996E-05 9.996E-05 9.996E-05 9.996E-05 9.996E-05 0.9995
9.996E-05 9.996E-05 9.996E-05 9.996E-05 9.996E-05 0.9995
9.9991E-05 0.0772876 0.226418 0.0762037 0.436594 0.183397
9.9991E-05 0.0692454 0.28108 0.0780536 0.397752 0.17377
9.9991E-05 0.112383 0.304764 0.0489533 0.339817 0.193984
9.9991E-05 0.087212 0.275068 0.0654164 0.347916 0.224288
9.9991E-05 0.0973535 0.238426 0.0532365 0.445514 0.16537
9.9991E-05 0.158332 0.416225 0.0227767 0.292965 0.109602
9.9991E-05 0.117098 0.307083 0.0342337 0.345028 0.196458
9.9991E-05 0.128022 0.313543 0.0157129 0.360507 0.182114
9.9991E-05 0.0916779 0.206861 0.11064 0.280922 0.309799
9.9991E-05 0.101234 0.234396 0.113692 0.314999 0.235579
9.9991E-05 0.117688 0.40574 0.057297 0.269455 0.14972
9.9991E-05 0.13161 0.303787 0.0732214 0.234576 0.256706
9.9991E-05 0.0987546 0.33397 0.0932901 0.360849 0.113036
9.9991E-05 0.0642413 0.331137 0.0900027 0.346528 0.167991
9.996E-05 9.996E-05 9.996E-05 0.9995 9.996E-05 9.996E-05
9.9991E-05 0.0813465 0.279851 0.126822 0.306734 0.205146
9.996E-05 9.996E-05 9.996E-05 0.9995 9.996E-05 9.996E-05
9.996E-05 9.996E-05 9.996E-05 0.9995 9.996E-05 9.996E-05
9.9964E-05 0.046029 9.9964E-05 0.953571 9.9964E-05 9.9964E-05
0.0199309 9.9991E-05 0.0767647 0.780047 0.107434 0.0157239
9.996E-05 9.996E-05 9.996E-05 0.9995 9.996E-05 9.996E-05
0.0073037 0.0875205 0.00879578 0.893018 0.00326167 9.9991E-05
0.000770233 9.9964E-05 9.9964E-05 0.99883 9.9964E-05 9.9964E-05
9.9973E-05 9.9973E-05 9.9973E-05 0.962148 0.0280524 0.00949951
9.996E-05 9.996E-05 9.996E-05 0.9995 9.996E-05 9.996E-05
9.9964E-05 0.00355732 9.9964E-05 0.996043 9.9964E-05 9.9964E-05
9.9964E-05 9.9964E-05 9.9964E-05 0.986843 0.0127574 9.9964E-05
9.9982E-05 0.00141931 9.9982E-05 0.831632 0.151108 0.0156401
9.9973E-05 0.00111463 0.0268323 0.971753 9.9973E-05 9.9973E-05
0.00294362 0.0411991 9.9991E-05 0.89541 0.0189917 0.0413551
0.00546981 0.0271104 9.9982E-05 0.876137 0.0910834 9.9982E-05
0.024169 9.9982E-05 0.0862726 0.889014 0.000344651 9.9982E-05
9.9982E-05 0.00404034 0.0026268 0.915038 0.0780948 9.9982E-05
9.9973E-05 9.9973E-05 9.9973E-05 0.0128573 0.94712 0.0397229
9.9973E-05 9.9973E-05 9.9973E-05 0.0268255 0.923922 0.0489525
9.996E-05 9.996E-05 9.996E-05 9.996E-05 0.9995 9.996E-05
9.996E-05 9.996E-05 9.996E-05 9.996E-05 0.9995 9.996E-05
9.996E-05 9.996E-05 9.996E-05 9.996E-05 0.9995 9.996E-05
9.9964E-05 9.9964E-05 9.9964E-05 9.9964E-05 0.974435 0.0251654
9.9982E-05 9.9982E-05 0.00800836 0.011298 0.954267 0.026227
0.0108827 0.120379 9.9982E-05 9.9982E-05 0.838353 0.0301861
9.9964E-05 9.9964E-05 9.9964E-05 0.0428961 0.956704 9.9964E-05
9.9964E-05 9.9964E-05 9.9964E-05 0.00540778 0.994192 9.9964E-05
9.9982E-05 0.0417978 9.9982E-05 0.0438313 0.82975 0.0844211
9.9964E-05 9.9964E-05 9.9964E-05 9.9964E-05 0.976413 0.0231871
9.9991E-05 0.0235508 0.0629775 0.131183 0.776141 0.00604782
0.0363549 0.165943 0.267781 0.0511493 0.400644 0.0781286
0.035723 0.17703 0.25975 0.0876208 0.359418 0.0804585
0.0392476 0.18527 0.261805 0.067968 0.35624 0.0894691
0.0512605 0.180463 0.267029 0.0743772 0.346659 0.0802113
9.9982E-05 0.944181 9.9982E-05 0.000813223 0.0392543 0.0155512
9.996E-05 0.9995 9.996E-05 9.996E-05 9.996E-05 9.996E-05
9.9964E-05 0.992997 9.9964E-05 0.00660292 9.9964E-05 9.9964E-05
9.996E-05 0.9995 9.996E-05 9.996E-05 9.996E-05 9.996E-05
0.006054 0.980447 9.9982E-05 0.000268472 9.9982E-05 0.0130308
9.9991E-05 0.915471 0.024595 0.0329121 0.00276382 0.0241577
9.9982E-05 0.964196 9.9982E-05 0.00354652 0.024015 0.0080426
0.0255295 0.732837 0.138853 0.00538665 0.0567776 0.0406161
9.9982E-05 0.882144 0.0868458 0.0175506 0.0132594 9.9982E-05
0.0622354 0.0580456 0.0119094 9.9982E-05 0.86761 9.9982E-05
0.0905475 0.0828278 9.9973E-05 9.9973E-05 0.826325 9.9973E-05
0.0359223 0.0781492 9.9973E-05 9.9973E-05 0.885629 9.9973E-05
0.0634 0.0847013 9.9973E-05 9.9973E-05 0.851599 9.9973E-05
0.0344742 0.0615385 9.9973E-05 9.9973E-05 0.903687 9.9973E-05
0.0754572 0.115817 0.078905 9.9982E-05 0.729621 9.9982E-05
0.0422863 0.0477905 9.9973E-05 9.9973E-05 0.909623 9.9973E-05
0.0458971 0.0475005 9.9973E-05 9.9973E-05 0.906302 9.9973E-05
0.0619075 0.0726526 9.9973E-05 9.9973E-05 0.86514 9.9973E-05
0.0568023 0.0685944 9.9982E-05 0.00619277 0.868211 9.9982E-05
0.0616161 0.0507893 9.9973E-05 9.9973E-05 0.887295 9.9973E-05
0.0374081 0.0749616 9.9973E-05 9.9973E-05 0.88733 9.9973E-05
