0.9995 9.996E-05 9.996E-05 9.996E-05 9.996E-05 9.996E-05
0.366165 0.0646294 0.496762 0.0722439 9.9982E-05 9.9982E-05
0.344933 0.0471173 0.480155 0.127595 9.9982E-05 9.9982E-05
0.277773 9.9964E-05 0.721827 9.9964E-05 9.9964E-05 9.9964E-05
0.18332 9.9982E-05 0.740063 9.9982E-05 0.0109024 0.065515
0.201816 9.9964E-05 0.797784 9.9964E-05 9.9964E-05 9.9964E-05
0.330873 9.9964E-05 0.668727 9.9964E-05 9.9964E-05 9.9964E-05
0.330032 0.0174158 0.582015 0.0703373 9.9982E-05 9.9982E-05
0.260689 9.9973E-05 0.682343 0.0566688 9.9973E-05 9.9973E-05
0.9995 9.996E-05 9.996E-05 9.996E-05 9.996E-05 9.996E-05
0.9995 9.996E-05 9.996E-05 9.996E-05 9.996E-05 9.996E-05
0.9995 9.996E-05 9.996E-05 9.996E-05 9.996E-05 9.996E-05
0.983223 0.0163773 9.9964E-05 9.9964E-05 9.9964E-05 9.9964E-05
0.933937 9.9973E-05 9.9973E-05 9.9973E-05 0.0408469 0.0249161
0.953229 0.0253495 9.9982E-05 0.0189054 0.00231633 9.9982E-05
0.20279 9.9973E-05 0.730608 9.9973E-05 0.0663023 9.9973E-05
0.223528 0.0627393 0.608727 0.0422291 0.0230677 0.0397087
0.271763 9.9964E-05 0.727837 9.9964E-05 9.9964E-05 9.9964E-05
0.00830957 9.9964E-05 0.991291 9.9964E-05 9.9964E-05 9.9964E-05
9.99641E-05 9.99641E-05 0.969732 9.99641E-05 9.99641E-05 0.0298686
0.0995854 9.9964E-05 0.900015 9.9964E-05 9.9964E-05 9.9964E-05
0.0408572 9.9973E-05 0.925194 0.0336488 9.9973E-05 9.9973E-05
0.0632079 9.9973E-05 0.903167 9.9973E-05 9.9973E-05 0.0333247
0.0874862 9.9964E-05 0.912114 9.9964E-05 9.9964E-05 9.9964E-05
0.0408394 9.99641E-05 0.958761 9.99641E-05 9.99641E-05 9.99641E-05
9.9973E-05 9.9973E-05 0.937982 9.9973E-05 0.0161435 0.0455748
0.0557817 9.9982E-05 0.823889 0.0569284 9.9982E-05 0.063201
0.0320514 9.9964E-05 0.967549 9.9964E-05 9.9964E-05 9.9964E-05
0.0949404 9.9973E-05 0.898821 9.9973E-05 9.9973E-05 0.00593854
0.124809 9.9964E-05 0.874791 9.9964E-05 9.9964E-05 9.9964E-05
0.1444 9.99641E-05 0.8552 9.99641E-05 9.99641E-05 9.99641E-05
0.0428072 9.9973E-05 0.927879 9.9973E-05 9.9973E-05 0.0290135
0.0460416 0.0321691 0.839883 0.0447299 9.9991E-05 0.0370763
0.0993049 0.0116133 0.714698 0.0390054 0.0978258 0.0375523
0.0526033 9.9982E-05 0.863639 0.0191085 9.9982E-05 0.0644495
0.12309 9.9964E-05 0.876511 9.9964E-05 9.9964E-05 9.9964E-05
9.996E-05 9.996E-05 0.9995 9.996E-05 9.996E-05 9.996E-05
0.0235561 0.0208215 0.80444 0.0522848 9.9991E-05 0.0987973
0.0612456 0.058508 0.796337 0.0455348 9.9991E-05 0.0382742
0.0119466 0.0473872 0.883776 9.9991E-05 0.0378948 0.0188956
9.9991E-05 0.0686554 0.711448 0.0624981 0.126834 0.0304641
0.0256513 0.0585559 0.666577 0.149702 0.0755791 0.0239345
0.0482751 0.0732729 0.689976 0.0889147 0.0994614 9.9991E-05
9.9991E-05 0.0547782 0.691737 0.106917 0.0947233 0.0517452
9.9982E-05 9.9982E-05 0.826402 0.059945 0.0705199 0.0429333
9.9973E-05 9.9973E-05 0.943418 0.0508135 9.9973E-05 0.00546874
9.9982E-05 9.9982E-05 0.925605 0.0300201 0.0102185 0.0339561
9.9982E-05 9.9982E-05 0.869772 0.046555 0.0208469 0.0626263
0.0517592 9.9991E-05 0.673097 0.0562738 0.115016 0.103753
0.117422 0.0532803 0.741288 9.9991E-05 0.0870364 0.000873491
0.0335552 0.0461207 0.851008 0.0340894 0.00581574 0.0294113
9.9982E-05 9.9982E-05 0.850824 0.0602371 0.0424141 0.0463252
9.9982E-05 9.9982E-05 0.796432 0.0621046 0.0534183 0.0878453
0.0002324 0.0360509 0.753828 9.9991E-05 0.0790287 0.13076
0.0396298 0.0631522 0.698278 0.000325156 0.12474 0.073875
0.000101533 0.025344 0.761954 0.112473 0.100027 9.9991E-05
0.0765801 0.00834999 0.688437 0.072013 0.0924018 0.0622185
9.9982E-05 0.041915 0.746407 9.9982E-05 0.102851 0.108627
9.9973E-05 9.9973E-05 0.895969 0.0474952 9.9973E-05 0.0562361
0.0446547 0.0123557 0.741912 0.0114859 0.0453282 0.144264
9.9973E-05 9.9973E-05 0.770272 9.9973E-05 0.110359 0.119069
9.9982E-05 0.0105596 0.800263 9.9982E-05 0.16173 0.0272471
9.9991E-05 0.0480354 0.768626 0.0643422 0.0556956 0.0632011
9.9991E-05 0.0439562 0.702834 0.0929316 0.0891478 0.0710305
9.9982E-05 0.0176592 0.834104 9.9982E-05 0.0561151 0.0919213
9.9991E-05 0.0451779 0.710772 0.100521 0.0799357 0.0634938
9.9991E-05 0.092556 0.724817 0.039022 0.101372 0.0421336
9.9991E-05 0.0664114 0.622663 0.0803905 0.156244 0.0741917
9.9991E-05 0.00833935 0.842012 0.0404399 0.0399708 0.0691382
9.9982E-05 0.0153543 0.755706 0.0845896 0.14415 9.9982E-05
0.0160021 0.0677585 0.756984 0.0628892 0.0962664 9.9991E-05
9.9991E-05 0.0494413 0.732249 0.0523611 0.0605669 0.105282
0.0558194 0.00892901 0.75967 0.0564588 0.0173578 0.101765
0.027279 9.9991E-05 0.734086 0.0420659 0.0518267 0.144643
0.000737291 0.0197305 0.664643 0.0599815 0.185439 0.0694685
9.9991E-05 0.0465051 0.714662 0.0347484 0.0703558 0.133628
9.9982E-05 0.070104 0.810378 0.0762176 0.0431001 9.9982E-05
0.00707786 0.192627 0.591968 0.0342485 0.1151 0.0589783
9.9991E-05 0.116622 0.479174 0.0828469 0.180012 0.141245
9.9991E-05 0.184536 0.417609 0.041057 0.18802 0.168678
9.9991E-05 0.105404 0.490835 0.0604217 0.202396 0.140843
9.9991E-05 0.157151 0.460647 0.0402673 0.184602 0.157232
9.9991E-05 0.145445 0.494967 0.0890609 0.152644 0.117784
9.9991E-05 0.155114 0.595974 0.0175679 0.200957 0.0302879
9.9991E-05 0.245807 0.579241 0.0498781 0.11494 0.0100339
9.9991E-05 0.174228 0.533416 0.136385 0.111409 0.0444625
0.0333925 0.0900024 0.556023 0.0948289 0.139833 0.0859206
9.9982E-05 0.162927 0.567214 9.9982E-05 0.202624 0.0670344
9.9991E-05 0.181408 0.463163 0.0855097 0.176002 0.0938168
0.00127806 0.122482 0.382685 0.131665 0.189194 0.172697
0.00856238 0.168229 0.528391 0.0882693 0.111325 0.0952242
0.0138115 0.153102 0.555511 0.094194 0.137925 0.0454565
0.00250665 0.226353 0.374842 0.117084 0.0847384 0.194476
9.996E-05 0.9995 9.996E-05 9.996E-05 9.996E-05 9.996E-05
0.007561 0.964678 0.0191144 0.00844624 9.9982E-05 9.9982E-05
0.023846 0.912945 0.0556169 9.9982E-05 9.9982E-05 0.00739227
9.996E-05 0.9995 9.996E-05 9.996E-05 9.996E-05 9.996E-05
9.996E-05 0.9995 9.996E-05 9.996E-05 9.996E-05 9.996E-05
9.996E-05 0.9995 9.996E-05 9.996E-05 9.996E-05 9.996E-05
9.996E-05 0.9995 9.996E-05 9.996E-05 9.996E-05 9.996E-05
0.00862409 0.894089 0.0834845 0.0136027 9.9982E-05 9.9982E-05
9.996E-05 0.9995 9.996E-05 9.996E-05 9.996E-05 9.996E-05
9.996E-05 0.9995 9.996E-05 9.996E-05 9.996E-05 9.996E-05
9.9991E-05 0.113597 0.282208 0.112355 0.324722 0.167019
9.9991E-05 0.889347 0.0212279 0.00275581 0.0121702 0.0743992
9.996E-05 0.9995 9.996E-05 9.996E-05 9.996E-05 9.996E-05
9.996E-05 0.9995 9.996E-05 9.996E-05 9.996E-05 9.996E-05
9.9991E-05 0.15785 0.34894 0.0329136 0.295727 0.164469
9.9991E-05 0.168233 0.331388 0.0740487 0.283809 0.142421
0.0118597 0.20054 0.305563 0.0729885 0.271643 0.137406
9.9991E-05 0.203007 0.308356 0.0725196 0.277576 0.138441
9.9991E-05 0.155371 0.314192 0.0577992 0.299806 0.172731
9.9991E-05 0.108639 0.466486 0.0398654 0.220442 0.164468
9.9991E-05 0.198479 0.382459 0.0640181 0.219357 0.135587
9.9991E-05 0.176931 0.346867 0.0104252 0.310752 0.154925
9.9991E-05 0.264297 0.2974 0.0958136 0.168881 0.173508
9.9991E-05 0.229462 0.367338 0.0808299 0.19362 0.128649
9.9991E-05 0.112356 0.46426 0.0776294 0.192443 0.153211
9.9991E-05 0.229891 0.373328 0.0762762 0.167323 0.153082
9.9991E-05 0.121525 0.335763 0.0895404 0.259454 0.193619
9.9991E-05 0.166251 0.350662 0.0989573 0.262529 0.121501
9.99867E-05 0.00414352 9.99867E-05 0.0361212 0.9582 0.00133536
0.0230159 0.0108269 9.9982E-05 9.9982E-05 0.888859 0.0770984
9.996E-05 9.996E-05 9.996E-05 9.996E-05 0.9995 9.996E-05
9.9964E-05 9.9964E-05 9.9964E-05 9.9964E-05 0.971164 0.0284358
9.9973E-05 9.9973E-05 9.9973E-05 0.013348 0.98532 0.00103227
9.996E-05 9.996E-05 9.996E-05 9.996E-05 0.9995 9.996E-05
9.9964E-05 9.9964E-05 0.0031331 9.9964E-05 0.996467 9.9964E-05
0.0486016 9.9991E-05 0.0551828 0.0178924 0.808908 0.0693154
9.996E-05 9.996E-05 9.996E-05 9.996E-05 0.9995 9.996E-05
9.996E-05 9.996E-05 9.996E-05 9.996E-05 0.9995 9.996E-05
0.0243174 0.0509902 9.9973E-05 9.9973E-05 0.924392 9.9973E-05
9.996E-05 9.996E-05 9.996E-05 9.996E-05 0.9995 9.996E-05
0.0192406 0.0199679 0.0381733 0.0803766 0.794374 0.0478672
9.996E-05 9.996E-05 9.996E-05 0.9995 9.996E-05 9.996E-05
9.9991E-05 0.199466 0.327257 0.099251 0.205037 0.168889
9.996E-05 9.996E-05 9.996E-05 0.9995 9.996E-05 9.996E-05
9.996E-05 9.996E-05 9.996E-05 0.9995 9.996E-05 9.996E-05
9.9964E-05 0.00900926 9.9964E-05 0.990591 9.9964E-05 9.9964E-05
0.0275506 9.9991E-05 0.108841 0.805724 0.0303497 0.0274352
9.996E-05 9.996E-05 9.996E-05 0.9995 9.996E-05 9.996E-05
9.9991E-05 0.00494115 0.0354043 0.892223 0.0159523 0.0513791
9.9982E-05 0.00486282 0.0393053 0.947663 9.9982E-05 0.00796933
9.9973E-05 9.9973E-05 0.083545 0.902111 0.0140438 9.9973E-05
9.996E-05 9.996E-05 9.996E-05 0.9995 9.996E-05 9.996E-05
9.996E-05 9.996E-05 9.996E-05 0.9995 9.996E-05 9.996E-05
9.9982E-05 0.011723 9.9982E-05 0.961763 0.0203383 0.0059753
9.9982E-05 0.0509811 9.9982E-05 0.808645 0.0519968 0.0881767
0.0259579 0.0187206 0.048224 0.904628 9.9991E-05 0.00236906
0.00167031 0.0157787 0.0518375 0.886639 0.0439745 9.9991E-05
0.00846477 9.9991E-05 0.0111016 0.909702 0.0206496 0.049982
0.0260405 0.00373302 0.0366566 0.891391 9.9991E-05 0.0420787
9.9964E-05 9.9964E-05 9.9964E-05 0.929347 0.0702531 9.9964E-05
0.0251337 0.0931838 0.270318 0.0796218 0.130006 0.401737
0.0293772 0.125201 0.268251 0.0617876 0.0860184 0.429365
0.02999 0.124185 0.290533 0.0764309 0.0317562 0.447105
0.0306607 0.0887049 0.260754 0.0802182 0.109841 0.429821
9.9991E-05 0.173806 0.132484 0.0759605 0.0479969 0.569653
9.99731E-05 0.173186 9.99731E-05 0.0905917 9.99731E-05 0.735922
9.9991E-05 0.191293 0.0514425 0.0791731 0.033742 0.64425
9.99731E-05 0.204244 9.99731E-05 0.0760904 9.99731E-05 0.719365
9.9991E-05 0.212595 0.00840761 0.0885314 0.0233141 0.667052
9.9991E-05 0.198838 0.0543683 0.105817 0.00693641 0.63394
9.9982E-05 0.213016 0.0842865 0.0687801 9.9982E-05 0.633717
0.0150016 0.150517 0.14578 0.0821819 0.0796084 0.526911
9.9991E-05 0.176511 0.198276 0.0615159 0.0288003 0.534797
9.996E-05 9.996E-05 9.996E-05 9.996E-05 9.996E-05 0.9995
9.996E-05 9.996E-05 9.996E-05 9.996E-05 9.996E-05 0.9995
9.996E-05 9.996E-05 9.996E-05 9.996E-05 9.996E-05 0.9995
9.996E-05 9.996E-05 9.996E-05 9.996E-05 9.996E-05 0.9995
9.996E-05 9.996E-05 9.996E-05 9.996E-05 9.996E-05 0.9995
9.9973E-05 9.9973E-05 0.0254846 0.0187022 9.9973E-05 0.955513
9.996E-05 9.996E-05 9.996E-05 9.996E-05 9.996E-05 0.9995
9.996E-05 9.996E-05 9.996E-05 9.996E-05 9.996E-05 0.9995
0.0162073 9.9964E-05 9.9964E-05 9.9964E-05 9.9964E-05 0.983393
0.00353675 9.9964E-05 9.9964E-05 9.9964E-05 9.9964E-05 0.996063
9.996E-05 9.996E-05 9.996E-05 9.996E-05 9.996E-05 0.9995
9.996E-05 9.996E-05 9.996E-05 9.996E-05 9.996E-05 0.9995
