9.996E-05 9.996E-05 9.996E-05 9.996E-05 9.996E-05 0.9995
0.069881 9.9982E-05 0.0382888 9.9982E-05 0.528373 0.363257
0.0568122 9.9982E-05 0.0973924 9.9982E-05 0.451418 0.394177
9.9964E-05 9.9964E-05 9.9964E-05 9.9964E-05 0.695802 0.303798
9.9973E-05 0.0119236 9.9973E-05 9.9973E-05 0.789538 0.198239
9.9964E-05 9.9964E-05 9.9964E-05 9.9964E-05 0.775283 0.224317
9.9964E-05 9.9964E-05 9.9964E-05 9.9964E-05 0.619145 0.380455
9.9973E-05 9.9973E-05 0.0389381 9.9973E-05 0.593219 0.367543
9.9973E-05 9.9973E-05 0.0315385 9.9973E-05 0.687958 0.280204
9.996E-05 9.996E-05 9.996E-05 9.996E-05 9.996E-05 0.9995
9.996E-05 9.996E-05 9.996E-05 9.996E-05 9.996E-05 0.9995
9.996E-05 9.996E-05 9.996E-05 9.996E-05 9.996E-05 0.9995
9.996E-05 9.996E-05 9.996E-05 9.996E-05 9.996E-05 0.9995
9.9973E-05 0.0319173 0.01474 9.9973E-05 9.9973E-05 0.953043
0.00268259 9.9982E-05 0.00961685 0.019256 9.9982E-05 0.968245
0.022738 9.9991E-05 0.00808207 0.0187884 0.740266 0.210026
0.0415647 0.0469298 0.0906345 0.0365039 0.517714 0.266653
9.9964E-05 9.9964E-05 9.9964E-05 9.9964E-05 0.713572 0.286028
9.99641E-05 9.99641E-05 9.99641E-05 9.99641E-05 0.9766 0.0230003
9.996E-05 9.996E-05 9.996E-05 9.996E-05 0.9995 9.996E-05
9.9964E-05 9.9964E-05 9.9964E-05 9.9964E-05 0.886263 0.113338
0.00420125 9.9982E-05 0.0226746 9.9982E-05 0.92591 0.0470139
9.9964E-05 9.9964E-05 9.9964E-05 9.9964E-05 0.94819 0.0514097
9.9964E-05 9.9964E-05 9.9964E-05 9.9964E-05 0.920247 0.0793536
9.9964E-05 9.9964E-05 9.9964E-05 9.9964E-05 0.93869 0.0609097
9.9982E-05 0.0362712 9.9982E-05 0.0229749 0.900866 0.039688
9.9982E-05 0.0341833 0.0562012 9.9982E-05 0.855846 0.0535692
9.99641E-05 9.99641E-05 9.99641E-05 9.99641E-05 0.950414 0.0491864
9.9964E-05 9.9964E-05 9.9964E-05 9.9964E-05 0.906603 0.092997
9.9964E-05 9.9964E-05 9.9964E-05 9.9964E-05 0.877218 0.122382
9.99641E-05 9.99641E-05 9.99641E-05 9.99641E-05 0.896971 0.102629
9.9982E-05 0.0555914 9.9982E-05 0.00289177 0.896558 0.0447591
9.9982E-05 0.0215097 0.0119466 9.9982E-05 0.915164 0.0511794
9.9982E-05 9.9982E-05 0.0530061 0.0950092 0.757407 0.094378
9.9982E-05 0.0259148 0.0494324 9.9982E-05 0.864586 0.0598668
9.9964E-05 9.9964E-05 9.9964E-05 9.9964E-05 0.858577 0.141023
9.996E-05 9.996E-05 9.996E-05 9.996E-05 0.9995 9.996E-05
0.00975835 0.1117 9.9991E-05 0.00307138 0.83455 0.0408201
0.0434289 0.0772678 0.0345564 9.9991E-05 0.804597 0.0400496
0.0117767 0.0456699 9.9991E-05 0.00530824 0.921555 0.0155907
0.042463 0.0233351 0.044491 0.1316 0.758011 9.9991E-05
0.0163387 0.0832007 0.0730614 0.160198 0.667101 9.9991E-05
0.039003 9.9991E-05 0.0956616 0.114991 0.699198 0.0510467
0.0409711 0.0368142 0.0471443 0.111828 0.763143 9.9991E-05
9.9982E-05 0.038293 0.0788044 0.051693 0.83101 9.9982E-05
9.9973E-05 0.0689696 0.0145126 9.9973E-05 0.916218 9.9973E-05
9.9973E-05 9.9973E-05 0.0319328 0.0242296 0.943538 9.9973E-05
9.9982E-05 0.0395613 0.0507104 0.0323217 0.877207 9.9982E-05
9.9991E-05 0.0972963 0.0490835 0.116622 0.683552 0.0533465
0.0533356 9.9991E-05 0.0306625 0.0593844 0.7493 0.107218
0.0543664 0.117344 0.0280464 0.0258185 0.748135 0.0262896
9.9982E-05 0.0786172 0.0549621 0.0253711 0.84085 9.9982E-05
9.9982E-05 0.0127057 0.0560759 0.0444973 0.886521 9.9982E-05
0.0668493 0.103213 9.9991E-05 0.0500307 0.741541 0.0382663
0.0712538 0.045757 0.0516586 0.0840145 0.694014 0.053302
0.03084 9.9982E-05 0.103639 0.109832 0.75549 9.9982E-05
9.9991E-05 0.0934481 0.107455 0.107459 0.604929 0.0866092
0.031654 0.104327 0.0114666 0.0805436 0.771908 9.9991E-05
9.9964E-05 9.9964E-05 0.115009 9.9964E-05 0.884591 9.9964E-05
0.0221781 0.0993251 0.0296604 0.0583365 0.756875 0.0336248
9.9973E-05 0.122537 9.9973E-05 0.0594177 0.817745 9.9973E-05
0.0855133 9.9973E-05 9.9973E-05 0.180493 0.733694 9.9973E-05
0.067856 0.0566573 0.10395 0.0475934 0.723844 9.99938E-05
0.0863678 0.0514914 0.0930401 0.0801752 0.688826 9.9991E-05
0.0137027 0.0561234 9.9982E-05 0.141543 0.788431 9.9982E-05
0.0186405 0.0923915 0.111963 0.070842 0.706063 9.9991E-05
0.0844078 0.0755577 9.9982E-05 0.118183 0.721651 9.9982E-05
0.106868 0.0510761 0.10702 0.0920907 0.642845 9.9991E-05
9.9982E-05 0.049623 0.0357241 0.0298492 0.884604 9.9982E-05
0.0551903 0.0203047 0.111378 0.109466 0.703562 9.9991E-05
0.0780483 9.9991E-05 0.0623241 0.0683834 0.755328 0.0358165
0.0892915 0.051415 0.0451928 0.132143 0.681858 9.9991E-05
0.0191675 0.0137305 0.0437107 0.0186075 0.88431 0.0204739
0.0125372 0.0964565 0.0313355 0.0517308 0.787424 0.0205162
9.9991E-05 0.0881022 0.0671685 0.149639 0.687547 0.00744245
0.0286538 0.149825 0.00607065 0.0491141 0.766237 9.9991E-05
0.0762231 0.0026745 0.0565144 0.0756857 0.788802 9.9991E-05
0.182002 0.00939945 0.0773516 0.148173 0.582973 9.9991E-05
0.15985 0.138141 0.0795751 0.184182 0.438153 9.9991E-05
0.178976 0.129722 0.0421118 0.153059 0.49603 9.9991E-05
0.115212 0.134322 0.0670676 0.177111 0.495992 0.010296
0.170324 0.114765 0.0352581 0.179647 0.499906 9.9991E-05
0.144303 0.153522 0.0373883 0.143741 0.520945 9.9991E-05
0.126475 0.123632 9.9982E-05 0.168654 0.581039 9.9982E-05
0.217084 0.0699073 0.0321554 0.141254 0.534847 0.00475237
0.197983 0.0600229 0.138965 0.143668 0.459261 9.9991E-05
0.12492 0.0801223 0.0718084 0.132583 0.557248 0.0333174
0.168163 0.0826334 9.9982E-05 0.163416 0.585587 9.9982E-05
0.172551 0.169225 0.106067 0.142214 0.402227 0.00771637
0.117079 0.171493 0.141209 0.173599 0.39652 9.9991E-05
0.157379 0.0675553 0.0689864 0.111197 0.594782 9.9991E-05
0.150804 0.0273007 0.0645199 0.125568 0.631707 9.9991E-05
0.214298 0.223616 0.123837 0.110673 0.318843 0.00873362
0.9995 9.996E-05 9.996E-05 9.996E-05 9.996E-05 9.996E-05
0.981725 9.9973E-05 0.0177564 9.9973E-05 9.9973E-05 0.00021842
0.841187 0.0111054 9.9991E-05 0.0223687 0.120532 0.00470664
0.9995 9.996E-05 9.996E-05 9.996E-05 9.996E-05 9.996E-05
0.9995 9.996E-05 9.996E-05 9.996E-05 9.996E-05 9.996E-05
0.9995 9.996E-05 9.996E-05 9.996E-05 9.996E-05 9.996E-05
0.9995 9.996E-05 9.996E-05 9.996E-05 9.996E-05 9.996E-05
0.906904 9.9973E-05 0.0530984 9.9973E-05 0.0396975 9.9973E-05
0.9995 9.996E-05 9.996E-05 9.996E-05 9.996E-05 9.996E-05
0.9995 9.996E-05 9.996E-05 9.996E-05 9.996E-05 9.996E-05
0.136283 0.161707 0.114506 0.289862 0.297542 9.9991E-05
0.903259 0.0479308 9.9982E-05 0.043745 9.9982E-05 0.00486495
0.9995 9.996E-05 9.996E-05 9.996E-05 9.996E-05 9.996E-05
0.991679 9.9964E-05 9.9964E-05 9.9964E-05 9.9964E-05 0.00792163
0.134198 0.224768 0.0737611 0.299226 0.267946 9.9991E-05
0.142309 0.187538 0.0538043 0.311413 0.304836 9.9991E-05
0.157978 0.202416 0.0685376 0.265711 0.305257 9.9991E-05
0.185186 0.146211 0.0637935 0.289502 0.315207 9.9991E-05
0.144813 0.177372 0.0806064 0.264168 0.33294 9.9991E-05
0.154717 0.153587 0.0587864 0.151143 0.481667 9.9991E-05
0.201192 0.136026 0.028655 0.218351 0.415676 9.9991E-05
0.183837 0.142942 0.0304011 0.28866 0.35406 9.9991E-05
0.253335 0.167945 0.103952 0.187941 0.286727 9.9991E-05
0.257523 0.122264 0.0939914 0.221885 0.304237 9.9991E-05
0.152068 0.176208 0.0818536 0.17673 0.413041 9.9991E-05
0.212835 0.209627 0.0928121 0.166101 0.318525 9.9991E-05
0.0958022 0.178512 0.0718408 0.259212 0.385923 0.00870942
0.149355 0.0982814 0.0659151 0.285379 0.391912 0.00915738
0.0104229 0.0229511 0.0079608 0.958465 9.9982E-05 9.9982E-05
0.00490358 0.0497652 0.00228954 0.935106 9.9991E-05 0.00783547
9.996E-05 9.996E-05 9.996E-05 0.9995 9.996E-05 9.996E-05
9.996E-05 9.996E-05 9.996E-05 0.9995 9.996E-05 9.996E-05
9.996E-05 9.996E-05 9.996E-05 0.9995 9.996E-05 9.996E-05
9.996E-05 9.996E-05 9.996E-05 0.9995 9.996E-05 9.996E-05
9.996E-05 9.996E-05 9.996E-05 0.9995 9.996E-05 9.996E-05
0.00413937 0.108101 9.9991E-05 0.768555 0.067609 0.0514959
9.996E-05 9.996E-05 9.996E-05 0.9995 9.996E-05 9.996E-05
9.996E-05 9.996E-05 9.996E-05 0.9995 9.996E-05 9.996E-05
0.0609194 9.9982E-05 0.0145436 0.861988 9.9982E-05 0.0623487
9.996E-05 9.996E-05 9.996E-05 0.9995 9.996E-05 9.996E-05
0.00959379 0.0523741 0.0668833 0.809098 0.0619512 9.9991E-05
9.996E-05 9.996E-05 0.9995 9.996E-05 9.996E-05 9.996E-05
0.215305 0.120457 0.115001 0.213238 0.3359 9.9991E-05
9.996E-05 9.996E-05 0.9995 9.996E-05 9.996E-05 9.996E-05
9.996E-05 9.996E-05 0.9995 9.996E-05 9.996E-05 9.996E-05
0.0285719 0.00672219 0.964406 9.9973E-05 9.9973E-05 9.9973E-05
0.0294185 0.0332511 0.775512 0.0205977 0.141121 9.9991E-05
9.996E-05 9.996E-05 0.9995 9.996E-05 9.996E-05 9.996E-05
9.9982E-05 0.00319391 0.878568 0.019269 0.0987694 9.9982E-05
0.0139492 9.9964E-05 0.985651 9.9964E-05 9.9964E-05 9.9964E-05
9.9964E-05 9.9964E-05 0.995715 0.00388556 9.9964E-05 9.9964E-05
9.996E-05 9.996E-05 0.9995 9.996E-05 9.996E-05 9.996E-05
9.996E-05 9.996E-05 0.9995 9.996E-05 9.996E-05 9.996E-05
9.996E-05 9.996E-05 0.9995 9.996E-05 9.996E-05 9.996E-05
0.0826693 0.0198226 0.84976 0.0475477 9.9982E-05 9.9982E-05
9.9982E-05 0.0390771 0.930109 9.9982E-05 0.00995794 0.0206561
0.0212188 9.9982E-05 0.933615 0.0395571 9.9982E-05 0.0054088
9.9973E-05 0.0740663 0.884582 0.0410516 9.9973E-05 9.9973E-05
9.9982E-05 0.0335004 0.878673 9.9982E-05 0.070849 0.0167774
0.00243406 9.9973E-05 0.952322 0.0449435 9.9973E-05 9.9973E-05
0.13383 0.367967 0.0794681 0.118237 0.289616 0.0108811
0.106313 0.331213 0.0595357 0.0891708 0.407104 0.0066632
0.124919 0.366298 0.0981384 0.107859 0.297293 0.00549189
0.101944 0.371671 0.0729435 0.0647249 0.35954 0.0291758
0.201068 0.491946 0.102409 0.0388779 0.165599 9.9991E-05
0.238016 0.627411 0.113905 9.99821E-05 0.0204688 9.99821E-05
0.234692 0.519886 0.115497 0.0295512 0.100275 9.9991E-05
0.274153 0.581157 0.101917 0.00107551 0.0415977 9.9991E-05
0.24473 0.564757 0.085367 0.012632 0.0924137 9.9991E-05
0.232889 0.508392 0.0983718 0.0274758 0.132772 9.9991E-05
0.260562 0.493281 0.0526289 0.0290145 0.164413 9.9991E-05
0.167512 0.438057 0.0955129 0.0234207 0.275397 9.9991E-05
0.173393 0.480233 0.107318 0.00426315 0.225919 0.0088743
9.9964E-05 0.994408 9.9964E-05 0.00519183 9.9964E-05 9.9964E-05
9.996E-05 0.9995 9.996E-05 9.996E-05 9.996E-05 9.996E-05
9.996E-05 0.9995 9.996E-05 9.996E-05 9.996E-05 9.996E-05
9.996E-05 0.9995 9.996E-05 9.996E-05 9.996E-05 9.996E-05
9.996E-05 0.9995 9.996E-05 9.996E-05 9.996E-05 9.996E-05
9.9973E-05 0.941466 9.9973E-05 9.9973E-05 0.0527397 0.0054947
9.996E-05 0.9995 9.996E-05 9.996E-05 9.996E-05 9.996E-05
9.996E-05 0.9995 9.996E-05 9.996E-05 9.996E-05 9.996E-05
9.996E-05 0.9995 9.996E-05 9.996E-05 9.996E-05 9.996E-05
9.9964E-05 0.985734 9.9964E-05 0.0138659 9.9964E-05 9.9964E-05
9.996E-05 0.9995 9.996E-05 9.996E-05 9.996E-05 9.996E-05
9.996E-05 0.9995 9.996E-05 9.996E-05 9.996E-05 9.996E-05
