9.996E-05 9.996E-05 0.9995 9.996E-05 9.996E-05 9.996E-05
0.084361 9.9982E-05 0.385312 0.0849931 9.9982E-05 0.445134
0.041676 9.9982E-05 0.378112 0.110302 9.9982E-05 0.46971
9.99641E-05 9.99641E-05 0.285246 9.99641E-05 9.99641E-05 0.714354
9.9973E-05 9.9973E-05 0.169046 9.9973E-05 0.0596921 0.770962
9.9964E-05 9.9964E-05 0.217327 9.9964E-05 9.9964E-05 0.782273
9.9964E-05 9.9964E-05 0.362558 9.9964E-05 9.9964E-05 0.637042
9.9973E-05 9.9973E-05 0.360131 0.0469922 9.9973E-05 0.592577
0.0223766 9.9991E-05 0.246161 0.0377591 0.0137583 0.679845
9.996E-05 9.996E-05 0.9995 9.996E-05 9.996E-05 9.996E-05
9.996E-05 9.996E-05 0.9995 9.996E-05 9.996E-05 9.996E-05
9.996E-05 9.996E-05 0.9995 9.996E-05 9.996E-05 9.996E-05
9.9964E-05 0.00440338 0.995197 9.9964E-05 9.9964E-05 9.9964E-05
9.9973E-05 9.9973E-05 0.95591 0.00986457 0.0339255 9.9973E-05
0.000713809 0.000885181 0.980693 9.9982E-05 0.0175079 9.9982E-05
0.00660617 0.0148144 0.228528 0.0244576 0.00120245 0.724391
0.0460512 9.9991E-05 0.231671 0.117831 0.0112316 0.593115
9.9964E-05 9.9964E-05 0.238843 9.9964E-05 9.9964E-05 0.760757
9.99641E-05 9.99641E-05 0.0118736 9.99641E-05 9.99641E-05 0.987727
9.99641E-05 9.99641E-05 9.99641E-05 9.99641E-05 0.0029661 0.996634
9.9964E-05 9.9964E-05 0.134466 9.9964E-05 9.9964E-05 0.865134
9.9973E-05 9.9973E-05 0.0430829 0.0167254 9.9973E-05 0.939892
9.9982E-05 9.9982E-05 0.0678674 0.00301877 0.0179634 0.91095
9.9964E-05 9.9964E-05 0.0789688 9.9964E-05 9.9964E-05 0.920631
9.99641E-05 9.99641E-05 0.0665014 9.99641E-05 9.99641E-05 0.933099
9.9982E-05 0.0267905 0.0210396 9.9982E-05 0.0316145 0.920356
9.9982E-05 9.9982E-05 0.0475096 0.0247124 0.0713335 0.856244
9.99641E-05 9.99641E-05 0.0400571 9.99641E-05 9.99641E-05 0.959543
9.9973E-05 9.9973E-05 0.0897406 9.9973E-05 0.00308015 0.906879
9.9964E-05 9.9964E-05 0.117434 9.9964E-05 9.9964E-05 0.882167
9.99641E-05 9.99641E-05 0.138416 9.99641E-05 9.99641E-05 0.861184
9.9973E-05 9.9973E-05 0.0231818 9.9973E-05 0.0227246 0.953794
0.067355 9.9973E-05 0.032486 9.9973E-05 9.9973E-05 0.899859
0.0145585 0.0768953 0.0629736 0.0576089 9.9991E-05 0.787864
9.9982E-05 9.9982E-05 0.0349338 0.00764731 0.0154644 0.941755
9.9964E-05 9.9964E-05 0.13697 9.9964E-05 9.9964E-05 0.86263
9.9964E-05 9.9964E-05 9.9964E-05 9.9964E-05 0.025318 0.974282
0.0172725 0.00180406 0.0202583 0.0379086 0.114283 0.808474
0.0333353 9.9991E-05 0.0350548 0.0403177 0.0783044 0.812888
0.0443569 0.0301193 0.024387 9.9991E-05 0.0419046 0.859132
0.0559747 0.119123 9.9991E-05 0.0669202 0.00547829 0.752404
0.0218451 0.0914284 0.00380192 0.0901677 0.0843342 0.708423
0.0329314 0.102438 0.0566685 0.11449 9.9991E-05 0.693372
0.0274635 0.0943913 9.9991E-05 0.048974 0.00897843 0.820093
9.9982E-05 0.0711256 9.9982E-05 0.0623453 0.0923139 0.774015
9.9973E-05 9.9973E-05 9.9973E-05 0.0385021 0.0135235 0.947675
9.9982E-05 0.00400253 9.9982E-05 0.0291425 0.0160342 0.950621
9.9982E-05 0.0562678 9.9982E-05 0.0317722 0.0321554 0.879605
9.9991E-05 0.0906286 0.0516029 0.0534432 0.108522 0.695703
0.0214824 0.0884234 0.110912 0.0268501 9.9991E-05 0.752233
0.0625007 0.0266346 0.0394165 0.0385939 0.0440729 0.788781
0.0240853 0.0309574 9.9991E-05 0.0542184 0.0316764 0.858962
9.9982E-05 0.0628158 9.9982E-05 0.0226691 0.0486005 0.865715
0.0483819 0.10766 0.038062 0.0077371 0.0864512 0.711707
0.0665957 0.0995784 0.0651393 9.9991E-05 0.0530547 0.715532
0.0470623 0.100687 9.9991E-05 0.101677 0.012705 0.737769
0.00620559 0.0807242 0.0596375 0.0706108 0.0975326 0.685289
0.0732259 0.115763 9.9991E-05 0.0274741 0.0513139 0.732123
9.9973E-05 9.9973E-05 9.9973E-05 0.0246449 0.0358219 0.939233
0.0264937 9.9982E-05 0.0393618 9.9982E-05 0.110068 0.823876
9.9973E-05 0.0766477 9.9973E-05 9.9973E-05 0.132885 0.790168
0.0369502 0.14601 9.9991E-05 0.0234084 0.0059197 0.787611
0.0635843 0.035852 9.9991E-05 0.051281 0.0790443 0.770138
0.0446934 0.118444 9.9991E-05 0.104798 0.0896631 0.642302
0.00332694 0.111592 0.00183372 9.9991E-05 0.0341398 0.849007
0.0295827 0.0641512 9.9991E-05 0.104699 0.0667262 0.73474
0.107936 0.0715559 9.9991E-05 0.0132335 0.0346626 0.772512
0.0557676 0.100389 9.9991E-05 0.102843 0.0683814 0.672519
0.0014861 0.0640364 9.9991E-05 0.0171053 0.0701499 0.847122
0.0358482 0.131368 9.9991E-05 0.113224 0.0107926 0.708668
0.0781012 0.0607976 0.0162625 0.0872022 9.9991E-05 0.757537
0.0490696 0.0658966 9.9991E-05 0.0865992 0.097977 0.700358
0.0159834 0.0222789 0.0590167 0.0295339 0.0777735 0.795414
9.9991E-05 0.0452977 0.00183596 0.0324231 0.105127 0.815216
0.0359596 0.215465 0.00161676 0.058135 0.0949751 0.593849
0.0244807 0.0504994 9.9991E-05 0.0104848 0.162681 0.751754
0.059847 0.0383964 9.9991E-05 0.0759853 0.0208806 0.804791
0.142438 0.153301 9.9991E-05 0.0621123 0.00283336 0.639216
0.171493 0.22582 9.9991E-05 0.0568702 0.155771 0.389945
0.199445 0.213885 9.9991E-05 0.0427884 0.11586 0.427922
0.123352 0.229875 9.9991E-05 0.105445 0.121079 0.420149
0.164449 0.222839 9.9991E-05 0.0377159 0.132582 0.442314
0.146002 0.221814 9.9991E-05 0.0705497 0.112116 0.449418
0.178937 0.243415 9.9991E-05 0.0135998 0.0721455 0.491803
0.224936 0.161012 9.9991E-05 0.0601636 0.0723699 0.481419
0.229356 0.139566 9.9991E-05 0.15686 0.054893 0.419225
0.101768 0.160814 0.0302592 0.111452 0.0748349 0.520872
0.139847 0.219884 9.9982E-05 9.9982E-05 0.084607 0.555462
0.179496 0.110528 9.9991E-05 0.107695 0.0839174 0.518264
0.138483 0.208604 9.9991E-05 0.132103 0.147652 0.373057
0.156191 0.117223 0.02253 0.102518 0.0604893 0.541049
0.137164 0.160464 0.0352549 0.0852037 9.9991E-05 0.581814
0.201466 0.134592 0.00700404 0.0982755 0.1979 0.360763
0.9995 9.996E-05 9.996E-05 9.996E-05 9.996E-05 9.996E-05
0.961712 0.0198812 0.0181066 9.9973E-05 9.9973E-05 9.9973E-05
0.840051 0.00243787 0.00662299 0.0124212 0.0442842 0.0941826
0.9995 9.996E-05 9.996E-05 9.996E-05 9.996E-05 9.996E-05
0.9995 9.996E-05 9.996E-05 9.996E-05 9.996E-05 9.996E-05
0.9995 9.996E-05 9.996E-05 9.996E-05 9.996E-05 9.996E-05
0.9995 9.996E-05 9.996E-05 9.996E-05 9.996E-05 9.996E-05
0.898109 0.0218803 0.000612927 0.0216445 9.9991E-05 0.0576537
0.986987 9.9964E-05 0.0126129 9.9964E-05 9.9964E-05 9.9964E-05
0.9995 9.996E-05 9.996E-05 9.996E-05 9.996E-05 9.996E-05
0.14383 0.342147 9.9991E-05 0.082065 0.175723 0.256135
0.935639 9.9982E-05 9.9982E-05 0.00377429 0.0194531 0.0409334
0.9995 9.996E-05 9.996E-05 9.996E-05 9.996E-05 9.996E-05
0.9995 9.996E-05 9.996E-05 9.996E-05 9.996E-05 9.996E-05
0.176979 0.304233 9.9991E-05 0.0745551 0.153709 0.290423
0.143341 0.300672 9.9991E-05 0.0823427 0.154736 0.318808
0.182085 0.273383 9.9991E-05 0.0624558 0.175054 0.306923
0.216042 0.276496 9.9991E-05 0.0865697 0.121529 0.299263
0.14186 0.282795 9.9991E-05 0.100995 0.159852 0.314398
0.138347 0.189447 9.9991E-05 0.0281231 0.167152 0.47683
0.188728 0.250137 9.9991E-05 0.0490573 0.0871862 0.424792
0.163432 0.304469 9.9982E-05 9.9982E-05 0.141776 0.390124
0.288682 0.172118 9.9991E-05 0.0840311 0.162935 0.292134
0.270935 0.178208 9.9991E-05 0.0850644 0.136298 0.329394
0.157417 0.201078 9.9991E-05 0.0768246 0.167263 0.397317
0.232832 0.14893 9.9991E-05 0.0590036 0.194916 0.364219
0.0886201 0.283521 9.9991E-05 0.0946688 0.194592 0.338498
0.149875 0.298443 9.9991E-05 0.0747077 0.117571 0.359303
9.9982E-05 0.979307 0.00516977 9.9982E-05 0.00553797 0.00978529
0.0146234 0.875591 0.00527953 9.9982E-05 0.104306 9.9982E-05
9.996E-05 0.9995 9.996E-05 9.996E-05 9.996E-05 9.996E-05
9.996E-05 0.9995 9.996E-05 9.996E-05 9.996E-05 9.996E-05
9.996E-05 0.9995 9.996E-05 9.996E-05 9.996E-05 9.996E-05
9.996E-05 0.9995 9.996E-05 9.996E-05 9.996E-05 9.996E-05
9.9964E-05 0.984931 9.9964E-05 0.0146691 9.9964E-05 9.9964E-05
0.00109598 0.861527 0.0427598 9.9991E-05 0.0745029 0.0200144
9.9964E-05 0.979802 9.9964E-05 0.0197984 9.9964E-05 9.9964E-05
9.996E-05 0.9995 9.996E-05 9.996E-05 9.996E-05 9.996E-05
0.0512268 0.878033 0.0603493 9.9982E-05 0.0101906 9.9982E-05
9.996E-05 0.9995 9.996E-05 9.996E-05 9.996E-05 9.996E-05
0.0222092 0.72685 9.9991E-05 0.0723755 0.0746512 0.103814
9.996E-05 9.996E-05 9.996E-05 0.9995 9.996E-05 9.996E-05
0.20911 0.232882 9.9991E-05 0.115784 0.109385 0.33274
9.996E-05 9.996E-05 9.996E-05 0.9995 9.996E-05 9.996E-05
9.996E-05 9.996E-05 9.996E-05 0.9995 9.996E-05 9.996E-05
0.0340274 9.99739E-05 0.0094391 0.956234 9.99739E-05 9.99739E-05
0.0764284 0.0133942 9.9982E-05 0.761466 9.9982E-05 0.148512
9.996E-05 9.996E-05 9.996E-05 0.9995 9.996E-05 9.996E-05
9.9991E-05 0.0170512 0.00326163 0.910065 0.0325638 0.0369587
0.00994846 9.9973E-05 0.000674681 0.989077 9.9973E-05 9.9973E-05
9.9973E-05 0.0278626 9.9973E-05 0.93471 9.9973E-05 0.0371272
9.996E-05 9.996E-05 9.996E-05 0.9995 9.996E-05 9.996E-05
9.996E-05 9.996E-05 9.996E-05 0.9995 9.996E-05 9.996E-05
0.0207417 0.0306417 9.9973E-05 0.948317 9.9973E-05 9.9973E-05
0.0113012 0.0442391 9.9991E-05 0.811137 0.0835006 0.0497216
9.9973E-05 9.9973E-05 9.9973E-05 0.953284 0.0407817 0.00563415
0.0272871 0.0346317 0.0204198 0.862823 0.0306267 0.0242112
0.00625399 0.0493512 0.00649213 0.875133 0.0626694 9.9991E-05
0.0231418 0.0096061 0.0170989 0.902762 0.0142883 0.0331032
0.00200358 0.0371712 0.0068234 0.950382 0.00352023 9.9991E-05
0.121159 0.120056 9.9991E-05 0.0658174 0.387027 0.305841
0.0669604 0.130163 9.9991E-05 0.0380002 0.383342 0.381435
0.088607 0.136071 0.0193593 0.0696416 0.372768 0.313553
0.11043 0.0997686 0.0261435 0.0540742 0.357097 0.352487
0.198539 0.0795841 0.00170598 0.0839459 0.506702 0.129523
0.202774 9.99731E-05 9.99731E-05 0.107843 0.689084 9.99731E-05
0.19832 0.0592553 9.9991E-05 0.0977174 0.577669 0.0669384
0.220183 0.0187343 9.9991E-05 0.112877 0.628113 0.0199925
0.221667 0.0382119 0.00235782 0.0876532 0.576592 0.073518
0.22934 0.0197826 9.9991E-05 0.098993 0.573251 0.0785341
0.219893 0.0357028 0.00227427 0.0959802 0.572407 0.0737426
0.167437 0.0429099 0.00714998 0.0826435 0.422513 0.277346
0.181029 0.0297222 9.9991E-05 0.0978732 0.50835 0.182926
9.9973E-05 0.00710844 9.9973E-05 9.9973E-05 0.974958 0.0176335
9.996E-05 9.996E-05 9.996E-05 9.996E-05 0.9995 9.996E-05
9.996E-05 9.996E-05 9.996E-05 9.996E-05 0.9995 9.996E-05
9.996E-05 9.996E-05 9.996E-05 9.996E-05 0.9995 9.996E-05
9.996E-05 9.996E-05 9.996E-05 9.996E-05 0.9995 9.996E-05
9.9964E-05 9.9964E-05 9.9964E-05 9.9964E-05 0.942292 0.0573084
9.996E-05 9.996E-05 9.996E-05 9.996E-05 0.9995 9.996E-05
9.996E-05 9.996E-05 9.996E-05 9.996E-05 0.9995 9.996E-05
9.996E-05 9.996E-05 9.996E-05 9.996E-05 0.9995 9.996E-05
9.9964E-05 9.9964E-05 0.00383205 9.9964E-05 0.995768 9.9964E-05
9.996E-05 9.996E-05 9.996E-05 9.996E-05 0.9995 9.996E-05
9.996E-05 9.996E-05 9.996E-05 9.996E-05 0.9995 9.996E-05
