0.9995 9.996E-05 9.996E-05 9.996E-05 9.996E-05 9.996E-05
0.40334 9.9982E-05 0.0868592 0.464805 9.9982E-05 0.0447958
0.400241 9.9982E-05 0.0846282 0.431251 9.9982E-05 0.0836796
0.30669 9.99641E-05 9.99641E-05 0.69291 9.99641E-05 9.99641E-05
0.201894 9.9973E-05 9.9973E-05 0.735352 0.0624543 9.9973E-05
0.239716 9.9973E-05 9.9973E-05 0.738521 9.9973E-05 0.0214629
0.366077 9.9964E-05 9.9964E-05 0.633523 9.9964E-05 9.9964E-05
0.367065 9.9973E-05 9.9973E-05 0.594261 9.9973E-05 0.0383744
0.273945 9.9973E-05 9.9973E-05 0.710694 9.9973E-05 0.0150612
0.9995 9.996E-05 9.996E-05 9.996E-05 9.996E-05 9.996E-05
0.9995 9.996E-05 9.996E-05 9.996E-05 9.996E-05 9.996E-05
0.9995 9.996E-05 9.996E-05 9.996E-05 9.996E-05 9.996E-05
0.9995 9.996E-05 9.996E-05 9.996E-05 9.996E-05 9.996E-05
0.945956 9.9964E-05 9.9964E-05 9.9964E-05 0.0536441 9.9964E-05
0.970068 0.0123139 9.9973E-05 9.9973E-05 9.9973E-05 0.0173184
0.245531 0.0144288 9.9982E-05 0.71318 0.0266601 9.9982E-05
0.265675 0.0710762 0.0667194 0.473673 0.0871434 0.0357133
0.289289 9.9964E-05 9.9964E-05 0.710311 9.9964E-05 9.9964E-05
0.00704029 9.9964E-05 9.9964E-05 0.99256 9.9964E-05 9.9964E-05
9.996E-05 9.996E-05 9.996E-05 0.9995 9.996E-05 9.996E-05
0.113839 9.9973E-05 9.9973E-05 0.883497 0.00236369 9.9973E-05
0.0130578 9.9982E-05 0.00625121 0.935837 9.9982E-05 0.0446542
0.0368595 9.9982E-05 9.9982E-05 0.943648 0.0101656 0.00912694
0.102639 9.9964E-05 9.9964E-05 0.896961 9.9964E-05 9.9964E-05
0.0395101 9.9964E-05 9.9964E-05 0.96009 9.9964E-05 9.9964E-05
0.0271758 0.00726249 9.9982E-05 0.926281 0.0390806 9.9982E-05
0.00761665 9.9982E-05 9.9982E-05 0.930159 0.0360791 0.025945
0.0466336 9.9964E-05 9.9964E-05 0.952967 9.9964E-05 9.9964E-05
0.0806315 9.9964E-05 9.9964E-05 0.918969 9.9964E-05 9.9964E-05
0.136202 9.9964E-05 9.9964E-05 0.863398 9.9964E-05 9.9964E-05
0.114102 9.99641E-05 9.99641E-05 0.885499 9.99641E-05 9.99641E-05
0.0228626 0.025352 9.9982E-05 0.922636 0.0289499 9.9982E-05
0.0476779 9.9982E-05 0.00577893 0.911462 9.9982E-05 0.0348812
0.12447 0.0740689 0.000814283 0.735295 9.9991E-05 0.0652517
0.021153 9.9973E-05 9.9973E-05 0.945084 9.9973E-05 0.033463
0.127105 9.9964E-05 9.9964E-05 0.872495 9.9964E-05 9.9964E-05
9.996E-05 9.996E-05 9.996E-05 0.9995 9.996E-05 9.996E-05
0.000613433 0.000233778 0.017027 0.893238 0.0631728 0.0257151
0.0183346 9.9991E-05 0.0445667 0.820311 0.0880548 0.0286325
0.0244359 0.00032558 0.0216489 0.910558 0.0429313 9.9991E-05
9.9991E-05 0.110179 0.0854642 0.703795 0.0466344 0.053828
9.9991E-05 0.124227 0.0060753 0.67438 0.0552795 0.139938
0.0505212 0.0954441 0.0505516 0.7115 9.9991E-05 0.0918833
9.9991E-05 0.0903792 0.0579936 0.729957 0.0392387 0.0823313
9.9982E-05 0.108589 9.9982E-05 0.750962 0.0610689 0.07918
9.9982E-05 0.00376455 9.9982E-05 0.899435 0.0551197 0.0414808
9.9982E-05 0.0852081 9.9982E-05 0.886275 0.00311556 0.0252019
9.9991E-05 0.0135728 0.00277946 0.893852 0.0305878 0.0591082
0.0530776 0.10966 9.9991E-05 0.673924 0.120319 0.0429194
0.144189 0.0609188 0.0475839 0.725295 9.9991E-05 0.0219133
0.0131751 9.9991E-05 0.0208848 0.849241 0.0645386 0.0520607
9.9982E-05 0.031832 9.9982E-05 0.838444 0.0518282 0.0776959
9.9973E-05 9.9973E-05 9.9973E-05 0.806394 0.0974782 0.0958274
0.0182703 0.0825201 0.0326485 0.727776 0.116641 0.0221441
0.037395 0.107775 0.0606475 0.689308 0.0651674 0.039707
9.9982E-05 0.0996246 0.0227248 0.765876 9.9982E-05 0.111574
0.0744729 0.0694582 9.9991E-05 0.627144 0.114535 0.114289
9.9991E-05 0.0793793 0.0274589 0.786068 0.0962015 0.0107925
9.9973E-05 9.9973E-05 9.9973E-05 0.887759 0.0611378 0.0508036
0.0189235 0.041481 0.0603964 0.760281 0.0734308 0.0454869
9.9973E-05 0.10334 9.9973E-05 0.807559 0.0888013 9.9973E-05
9.9991E-05 0.161236 0.0645405 0.693047 0.0572551 0.0238214
0.0037958 0.100309 0.0813669 0.660016 0.0847966 0.0697157
9.9991E-05 0.0948253 0.0443924 0.701402 0.0577087 0.101572
0.0121326 0.117043 0.000844988 0.817348 0.0525309 9.9991E-05
9.9991E-05 0.0775888 0.0273708 0.732997 0.0628643 0.0990788
9.9991E-05 0.138115 0.120276 0.626431 0.073074 0.0420044
0.0102419 0.0954873 0.059049 0.688283 0.0488385 0.0981007
9.9991E-05 0.0601509 0.0174377 0.835523 0.0471862 0.0396019
9.9991E-05 0.115933 0.0642069 0.654583 0.0598931 0.105284
0.0232153 0.0751597 0.0772676 0.743448 9.9991E-05 0.080809
9.9991E-05 0.109061 0.0806549 0.713016 0.0439485 0.0532197
0.0278233 0.0381465 0.00345339 0.852264 0.045717 0.032596
0.00892031 0.0314392 9.9991E-05 0.830216 0.113242 0.0160829
0.0177863 0.186473 0.0375232 0.612516 0.0667076 0.0789938
9.99834E-05 0.0746438 0.0324115 0.736323 0.156422 9.99834E-05
9.9991E-05 0.0637056 0.0368374 0.739404 0.0762527 0.0837005
9.9991E-05 0.116955 0.224346 0.605064 0.0149815 0.0385535
9.9991E-05 0.185293 0.161114 0.493451 0.119816 0.0402269
9.9991E-05 0.153849 0.211299 0.471356 0.109761 0.0536337
9.9991E-05 0.2 0.136259 0.458566 0.157531 0.0475428
9.9991E-05 0.130855 0.190515 0.508006 0.142368 0.0281559
9.9991E-05 0.155873 0.148727 0.511472 0.122138 0.0616904
9.99903E-05 0.233943 0.192067 0.511122 0.0626683 9.99903E-05
0.00355887 0.143421 0.250108 0.459505 0.0818751 0.0615324
9.9991E-05 0.175785 0.183623 0.456579 0.0459587 0.137954
0.0504221 0.137563 0.107412 0.564217 0.0678133 0.072573
9.9982E-05 0.186524 0.147107 0.607917 0.058253 9.9982E-05
9.9991E-05 0.108601 0.229412 0.443359 0.155211 0.0633175
9.9991E-05 0.194395 0.139753 0.401392 0.164133 0.100227
0.0315464 0.135444 0.213138 0.46363 0.0650673 0.091174
0.0300311 0.181035 0.146875 0.50329 0.0346785 0.10409
9.9991E-05 0.138823 0.246762 0.305507 0.196582 0.112227
9.996E-05 9.996E-05 0.9995 9.996E-05 9.996E-05 9.996E-05
0.0118135 9.9973E-05 0.979817 9.9973E-05 9.9973E-05 0.0080693
0.017083 9.9991E-05 0.911252 0.062693 0.00212645 0.00674535
9.996E-05 9.996E-05 0.9995 9.996E-05 9.996E-05 9.996E-05
9.996E-05 9.996E-05 0.9995 9.996E-05 9.996E-05 9.996E-05
9.996E-05 9.996E-05 0.9995 9.996E-05 9.996E-05 9.996E-05
9.996E-05 9.996E-05 0.9995 9.996E-05 9.996E-05 9.996E-05
0.011906 0.0208573 0.912545 0.0544921 9.9982E-05 9.9982E-05
9.996E-05 9.996E-05 0.9995 9.996E-05 9.996E-05 9.996E-05
9.996E-05 9.996E-05 0.9995 9.996E-05 9.996E-05 9.996E-05
9.99959E-05 0.328054 0.149117 0.306829 0.100151 0.115748
9.9964E-05 9.9964E-05 0.969516 0.030084 9.9964E-05 9.9964E-05
9.996E-05 9.996E-05 0.9995 9.996E-05 9.996E-05 9.996E-05
0.0119663 9.9964E-05 0.987634 9.9964E-05 9.9964E-05 9.9964E-05
9.9991E-05 0.301233 0.15456 0.31243 0.168602 0.0630759
9.9991E-05 0.334776 0.162388 0.308684 0.114165 0.0798867
9.9991E-05 0.272232 0.168114 0.301277 0.166102 0.0921749
9.9991E-05 0.283391 0.19914 0.288181 0.160089 0.0690986
9.9991E-05 0.341135 0.156281 0.315371 0.128585 0.0585283
9.9991E-05 0.243425 0.0956188 0.500113 0.111684 0.0490589
9.9991E-05 0.223389 0.221481 0.338879 0.121263 0.0948877
9.9991E-05 0.312429 0.207717 0.351332 0.106964 0.0214586
9.9991E-05 0.163704 0.281019 0.316641 0.141507 0.097029
9.9991E-05 0.22873 0.235199 0.324989 0.103162 0.107821
9.9991E-05 0.202206 0.166383 0.401544 0.140854 0.0889138
9.9991E-05 0.176295 0.241637 0.30876 0.157991 0.115218
0.0103558 0.257219 0.122068 0.302036 0.165655 0.142667
0.002302 0.272246 0.158851 0.35706 0.108718 0.100823
9.9982E-05 0.920978 0.063833 0.0136582 0.00133114 9.9982E-05
0.0138973 0.928974 0.0300847 9.9982E-05 0.0268439 9.9982E-05
9.996E-05 0.9995 9.996E-05 9.996E-05 9.996E-05 9.996E-05
9.996E-05 0.9995 9.996E-05 9.996E-05 9.996E-05 9.996E-05
9.996E-05 0.9995 9.996E-05 9.996E-05 9.996E-05 9.996E-05
9.996E-05 0.9995 9.996E-05 9.996E-05 9.996E-05 9.996E-05
9.996E-05 0.9995 9.996E-05 9.996E-05 9.996E-05 9.996E-05
0.0755488 0.817451 0.0214969 0.0688026 0.0166008 9.9991E-05
9.996E-05 0.9995 9.996E-05 9.996E-05 9.996E-05 9.996E-05
9.996E-05 0.9995 9.996E-05 9.996E-05 9.996E-05 9.996E-05
0.053554 0.896147 0.049999 9.9973E-05 9.9973E-05 9.9973E-05
9.996E-05 0.9995 9.996E-05 9.996E-05 9.996E-05 9.996E-05
9.9991E-05 0.815249 0.0222084 0.0563043 0.0155865 0.0905514
9.996E-05 9.996E-05 9.996E-05 9.996E-05 9.996E-05 0.9995
9.9991E-05 0.20551 0.247309 0.323528 0.0863833 0.13717
9.996E-05 9.996E-05 9.996E-05 9.996E-05 9.996E-05 0.9995
9.996E-05 9.996E-05 9.996E-05 9.996E-05 9.996E-05 0.9995
0.00287983 9.9973E-05 0.0444531 9.9973E-05 9.9973E-05 0.952367
0.0027446 0.0486036 0.0383869 0.118832 9.9991E-05 0.791333
9.996E-05 9.996E-05 9.996E-05 9.996E-05 9.996E-05 0.9995
9.9982E-05 0.0536016 0.0158637 0.0295685 9.9982E-05 0.900766
9.996E-05 9.996E-05 9.996E-05 9.996E-05 9.996E-05 0.9995
9.9973E-05 0.0119521 9.9973E-05 0.05288 9.9973E-05 0.934868
0.00465242 9.9973E-05 9.9973E-05 0.00485712 9.9973E-05 0.990191
9.9964E-05 9.9964E-05 9.9964E-05 9.9964E-05 0.0336754 0.965925
9.9973E-05 0.0135605 0.00369801 9.9973E-05 9.9973E-05 0.982442
9.9991E-05 0.0724822 0.0320525 0.00627373 0.0555537 0.833538
0.0252354 9.9982E-05 9.9982E-05 0.0593337 0.0143027 0.900928
0.0118823 0.0391749 0.0212014 0.0107864 0.000883154 0.916072
9.9991E-05 0.0180916 0.0185608 0.00421446 0.0718202 0.887213
0.0137393 0.0027977 9.9991E-05 0.0460257 0.0440289 0.893308
9.9973E-05 0.0102272 9.9973E-05 9.9973E-05 0.000144569 0.989328
0.0102391 0.149489 0.128791 0.296147 0.329573 0.0857605
9.9991E-05 0.139085 0.057483 0.385414 0.364753 0.0531644
0.0107739 0.100902 0.152932 0.280865 0.33513 0.119397
0.0374552 0.0754863 0.179688 0.293188 0.285236 0.128947
0.00473935 0.0704596 0.214777 0.204586 0.390193 0.115245
9.99821E-05 9.99821E-05 0.296208 0.0329465 0.544706 0.125939
9.9991E-05 0.0222622 0.276976 0.101665 0.453502 0.145495
9.9991E-05 0.0369569 0.248119 0.0785799 0.501869 0.134375
9.9991E-05 0.0223244 0.247001 0.157985 0.455885 0.116705
9.9991E-05 0.0310602 0.269171 0.128488 0.435329 0.135852
9.9991E-05 0.0247121 0.27188 0.144576 0.458226 0.100505
0.0545869 0.0911735 0.155567 0.281718 0.328128 0.0888267
9.9991E-05 0.0248117 0.191153 0.284026 0.392573 0.107337
9.9964E-05 0.0130547 9.9964E-05 9.9964E-05 0.986545 9.9964E-05
9.996E-05 9.996E-05 9.996E-05 9.996E-05 0.9995 9.996E-05
9.996E-05 9.996E-05 9.996E-05 9.996E-05 0.9995 9.996E-05
0.00318927 9.9964E-05 9.9964E-05 9.9964E-05 0.996411 9.9964E-05
9.996E-05 9.996E-05 9.996E-05 9.996E-05 0.9995 9.996E-05
9.9982E-05 0.00308164 9.9982E-05 0.0860137 0.899937 0.0107672
9.996E-05 9.996E-05 9.996E-05 9.996E-05 0.9995 9.996E-05
9.996E-05 9.996E-05 9.996E-05 9.996E-05 0.9995 9.996E-05
9.996E-05 9.996E-05 9.996E-05 9.996E-05 0.9995 9.996E-05
9.996E-05 9.996E-05 9.996E-05 9.996E-05 0.9995 9.996E-05
9.996E-05 9.996E-05 9.996E-05 9.996E-05 0.9995 9.996E-05
9.996E-05 9.996E-05 9.996E-05 9.996E-05 0.9995 9.996E-05
