9.996E-05 9.996E-05 9.996E-05 9.996E-05 0.9995 9.996E-05
0.102106 0.0799689 9.9982E-05 0.456713 0.361012 9.9982E-05
0.076328 0.105655 9.9982E-05 0.479592 0.338225 9.9982E-05
9.9964E-05 9.9964E-05 9.9964E-05 0.717654 0.281946 9.9964E-05
9.9982E-05 9.9982E-05 0.00620379 0.779973 0.159349 0.0542746
0.00778119 0.00160629 9.9982E-05 0.77172 0.218693 9.9982E-05
9.9964E-05 9.9964E-05 9.9964E-05 0.661503 0.338097 9.9964E-05
0.0238444 0.0468906 9.9982E-05 0.586432 0.342633 9.9982E-05
9.9964E-05 9.9964E-05 9.9964E-05 0.773663 0.225937 9.9964E-05
9.996E-05 9.996E-05 9.996E-05 9.996E-05 0.9995 9.996E-05
9.996E-05 9.996E-05 9.996E-05 9.996E-05 0.9995 9.996E-05
9.996E-05 9.996E-05 9.996E-05 9.996E-05 0.9995 9.996E-05
0.0123693 9.9964E-05 9.9964E-05 9.9964E-05 0.987231 9.9964E-05
9.9973E-05 9.9973E-05 9.9973E-05 0.00962973 0.937232 0.0528384
0.0284586 0.0143546 9.9973E-05 9.9973E-05 0.956887 9.9973E-05
9.9973E-05 0.022676 9.9973E-05 0.750679 0.226346 9.9973E-05
0.113822 0.062049 0.00988199 0.458263 0.249881 0.106103
9.9964E-05 9.9964E-05 9.9964E-05 0.757339 0.242262 9.9964E-05
9.9964E-05 9.9964E-05 9.9964E-05 0.987245 0.0123549 9.9964E-05
9.996E-05 9.996E-05 9.996E-05 0.9995 9.996E-05 9.996E-05
9.9973E-05 9.9973E-05 9.9973E-05 0.865144 0.124208 0.0103477
0.00712693 0.0283684 9.9982E-05 0.946637 0.0176681 9.9982E-05
9.9973E-05 9.9973E-05 9.9973E-05 0.895867 0.0597135 0.04412
9.9964E-05 9.9964E-05 9.9964E-05 0.927992 0.0716086 9.9964E-05
9.99641E-05 9.99641E-05 9.99641E-05 0.959967 0.039633 9.99641E-05
9.9982E-05 9.9982E-05 0.045251 0.885856 0.0429909 0.0257023
9.9982E-05 0.06262 9.9982E-05 0.791834 0.0540499 0.0912963
9.9964E-05 9.9964E-05 9.9964E-05 0.958775 0.040825 9.9964E-05
9.9982E-05 9.9982E-05 0.00504547 0.877488 0.0867981 0.0304683
9.9964E-05 9.9964E-05 9.9964E-05 0.885182 0.114418 9.9964E-05
9.9973E-05 9.9973E-05 9.9973E-05 0.848449 0.115758 0.0354931
9.9973E-05 9.9973E-05 9.9973E-05 0.947561 0.0278757 0.0242629
9.9982E-05 0.0659947 9.9982E-05 0.881431 0.029455 0.0229196
9.9982E-05 0.0589379 0.032316 0.814393 0.0941535 9.9982E-05
9.9982E-05 0.0551632 9.9982E-05 0.852596 0.0402484 0.0517923
9.9964E-05 9.9964E-05 9.9964E-05 0.87267 0.12693 9.9964E-05
9.9964E-05 9.9964E-05 9.9964E-05 0.997004 9.9964E-05 0.00259622
0.0100851 0.0402859 0.0128898 0.823722 0.0304438 0.0825733
0.0304454 0.0327727 9.9991E-05 0.833929 0.0259133 0.0768398
0.0204598 9.9991E-05 0.00254632 0.904866 0.0193101 0.0527173
0.0823484 0.0507761 0.154225 0.700892 9.9991E-05 0.0116586
0.022026 0.0694401 0.0893358 0.719129 9.9991E-05 0.0999695
0.067902 0.082806 0.0751552 0.720961 0.0530758 9.9991E-05
0.0237841 0.0480781 0.108303 0.781239 9.9991E-05 0.0384957
9.9982E-05 0.0699532 0.0471039 0.824013 9.9982E-05 0.05873
9.9973E-05 0.0543535 9.9973E-05 0.914879 9.9973E-05 0.0304678
9.9982E-05 0.0494438 0.0445706 0.86839 9.9982E-05 0.0373952
9.9982E-05 0.0393113 0.0271067 0.880493 9.9982E-05 0.0528892
9.9991E-05 0.0569366 0.120448 0.628295 0.0608836 0.133337
0.0374502 0.0234973 0.0551865 0.788631 0.0888357 0.00639939
0.0170517 0.0659133 0.0350759 0.776384 0.0324217 0.0731537
9.9982E-05 0.0816553 0.0633934 0.785254 9.9982E-05 0.0694976
9.9982E-05 0.02355 0.0166383 0.888595 9.9982E-05 0.0710163
0.0526284 9.9991E-05 0.0762971 0.738553 0.0325766 0.0998447
0.0688317 0.0103656 0.118944 0.67004 0.0309301 0.100889
0.0532083 0.0871488 0.109765 0.749678 9.9982E-05 9.9982E-05
0.0351588 0.0854236 0.0839511 0.634218 0.0517184 0.10953
0.0512401 9.9982E-05 0.0712394 0.799287 9.9982E-05 0.0780338
9.9982E-05 0.043144 0.027485 0.91028 9.9982E-05 0.0188912
0.0276545 0.0524894 0.0233601 0.741149 0.0554595 0.0998873
0.00236786 0.0128714 0.135101 0.756103 9.9991E-05 0.0934569
0.0647547 0.00101594 0.152566 0.781464 9.9982E-05 9.9982E-05
0.0659187 0.104057 0.0325833 0.743321 9.9991E-05 0.0540202
0.0636013 0.119659 0.103006 0.626243 9.9991E-05 0.0873904
9.9982E-05 9.9982E-05 0.14647 0.788075 0.0132404 0.052015
0.0438173 0.13642 0.0686841 0.6698 9.9991E-05 0.0811787
0.0644625 9.9982E-05 0.118492 0.760362 9.9982E-05 0.0564833
0.0615601 0.0690479 0.135524 0.670567 0.00647832 0.056822
0.0415335 0.00364389 0.00743279 0.847604 9.9991E-05 0.0996859
0.05494 0.108152 0.122702 0.714006 9.9982E-05 9.9982E-05
0.0716591 0.0933148 0.0712978 0.738299 0.0253299 9.9991E-05
0.0894017 0.0770944 0.111105 0.642013 9.9991E-05 0.0802861
9.9991E-05 0.0447837 0.0296092 0.807881 0.0345683 0.0830575
0.0107632 0.0687176 0.0377987 0.789009 0.0148687 0.0788426
0.00427928 0.0730758 0.231901 0.623346 0.0132285 0.054169
0.048827 0.0175981 0.0579019 0.767843 9.9991E-05 0.10773
0.0731968 0.0615405 0.0786131 0.742138 9.9991E-05 0.0444118
0.159555 0.0354327 0.132185 0.609039 9.9991E-05 0.0636888
0.156138 0.053312 0.165769 0.495887 9.9991E-05 0.128794
0.174174 0.0515519 0.189712 0.453232 9.9991E-05 0.131231
0.112781 0.0568064 0.199813 0.494291 9.9991E-05 0.136209
0.164878 0.037645 0.163098 0.4952 9.9991E-05 0.139079
0.152876 0.061957 0.216942 0.47216 9.9991E-05 0.0959648
0.170971 0.00652315 0.221433 0.571753 0.00365965 0.0256607
0.1821 0.110717 0.13308 0.475458 9.9991E-05 0.0985464
0.18979 0.134606 0.137734 0.471175 9.9991E-05 0.0665948
0.104684 0.114309 0.178353 0.475078 0.0493093 0.0782675
0.130962 9.9982E-05 0.212827 0.589089 9.9982E-05 0.0669218
0.232528 0.0457877 0.112643 0.42785 9.9991E-05 0.181091
0.136796 0.0804896 0.198263 0.399223 9.9991E-05 0.185128
0.168807 0.101092 0.0917612 0.580462 0.00963533 0.0482415
0.187046 0.0863335 0.156644 0.511222 0.00559492 0.0531601
0.208241 0.0963887 0.123221 0.400503 0.00727467 0.164372
0.9995 9.996E-05 9.996E-05 9.996E-05 9.996E-05 9.996E-05
0.940696 9.9982E-05 0.016597 0.00351983 0.0389876 9.9982E-05
0.90512 0.0190538 0.00920529 0.00541522 0.00944301 0.0517629
0.9995 9.996E-05 9.996E-05 9.996E-05 9.996E-05 9.996E-05
0.9995 9.996E-05 9.996E-05 9.996E-05 9.996E-05 9.996E-05
0.9995 9.996E-05 9.996E-05 9.996E-05 9.996E-05 9.996E-05
0.9995 9.996E-05 9.996E-05 9.996E-05 9.996E-05 9.996E-05
0.945029 0.00987399 0.0298885 9.9982E-05 0.0150082 9.9982E-05
0.995082 9.9964E-05 9.9964E-05 9.9964E-05 9.9964E-05 0.00451837
0.9995 9.996E-05 9.996E-05 9.996E-05 9.996E-05 9.996E-05
0.102227 0.0900637 0.326894 0.305089 9.9991E-05 0.175626
0.91754 9.9982E-05 0.0149386 0.0453234 9.9982E-05 0.0219981
0.9995 9.996E-05 9.996E-05 9.996E-05 9.996E-05 9.996E-05
0.987024 9.9964E-05 9.9964E-05 9.9964E-05 0.0125761 9.9964E-05
0.148645 0.0481099 0.332417 0.281608 9.9991E-05 0.18912
0.134071 0.0748785 0.286227 0.322867 9.9991E-05 0.181858
0.173181 0.0509498 0.292601 0.323038 9.9991E-05 0.160131
0.187206 0.0863356 0.289669 0.264367 9.9991E-05 0.172323
0.17682 0.0569247 0.319293 0.263397 9.9991E-05 0.183465
0.156989 0.0159153 0.246119 0.479328 9.9991E-05 0.101549
0.204141 0.0370025 0.238768 0.395672 9.9991E-05 0.124317
0.183586 0.028037 0.269479 0.397243 9.9991E-05 0.121555
0.266918 0.11688 0.166827 0.279777 9.9991E-05 0.169498
0.272679 0.0689241 0.187819 0.287945 9.9991E-05 0.182533
0.157175 0.0788093 0.183835 0.410173 9.9991E-05 0.169907
0.242545 0.0505593 0.151291 0.390619 9.9991E-05 0.164885
0.1064 0.136463 0.275339 0.324424 0.0083281 0.149046
0.159446 0.0782549 0.277177 0.362712 9.9991E-05 0.122311
0.00356129 0.0107047 0.955998 9.9982E-05 9.9982E-05 0.0295357
0.0118823 0.00888825 0.910402 9.9991E-05 0.0131738 0.0555535
9.996E-05 9.996E-05 0.9995 9.996E-05 9.996E-05 9.996E-05
9.996E-05 9.996E-05 0.9995 9.996E-05 9.996E-05 9.996E-05
9.996E-05 9.996E-05 0.9995 9.996E-05 9.996E-05 9.996E-05
9.996E-05 9.996E-05 0.9995 9.996E-05 9.996E-05 9.996E-05
9.996E-05 9.996E-05 0.9995 9.996E-05 9.996E-05 9.996E-05
0.0201228 0.0140834 0.822547 0.0162562 0.0673807 0.0596095
9.996E-05 9.996E-05 0.9995 9.996E-05 9.996E-05 9.996E-05
9.996E-05 9.996E-05 0.9995 9.996E-05 9.996E-05 9.996E-05
0.0812526 0.0231365 0.863603 9.9991E-05 0.018067 0.0138405
9.996E-05 9.996E-05 0.9995 9.996E-05 9.996E-05 9.996E-05
0.0115759 0.0714843 0.755623 0.0756282 9.9991E-05 0.0855891
9.996E-05 0.9995 9.996E-05 9.996E-05 9.996E-05 9.996E-05
0.198454 0.0926181 0.254219 0.352489 9.9991E-05 0.10212
9.996E-05 0.9995 9.996E-05 9.996E-05 9.996E-05 9.996E-05
9.996E-05 0.9995 9.996E-05 9.996E-05 9.996E-05 9.996E-05
0.0589242 0.940676 9.9964E-05 9.9964E-05 9.9964E-05 9.9964E-05
0.0215223 0.750449 0.0233335 0.138723 9.9991E-05 0.0658722
9.996E-05 0.9995 9.996E-05 9.996E-05 9.996E-05 9.996E-05
0.00175273 0.888743 0.0343808 0.0749232 9.9982E-05 9.9982E-05
9.996E-05 0.9995 9.996E-05 9.996E-05 9.996E-05 9.996E-05
9.9973E-05 0.93982 0.0305443 0.0293355 9.9973E-05 9.9973E-05
9.996E-05 0.9995 9.996E-05 9.996E-05 9.996E-05 9.996E-05
9.9973E-05 0.942483 9.9973E-05 0.0452028 9.9973E-05 0.0120141
9.9964E-05 0.944294 0.0553063 9.9964E-05 9.9964E-05 9.9964E-05
0.0726068 0.786408 0.0405969 9.9982E-05 9.9982E-05 0.100188
9.9973E-05 0.939462 9.9973E-05 0.0529748 0.00726284 9.9973E-05
0.0470482 0.932321 0.00706719 9.9982E-05 0.0133637 9.9982E-05
0.00643292 0.871904 0.0325142 0.0179074 0.0122693 0.0589725
0.0150078 0.860177 9.9991E-05 0.00420983 0.033748 0.0867574
9.9964E-05 0.96433 0.0352704 9.9964E-05 9.9964E-05 9.9964E-05
0.127886 0.0728547 0.137907 0.250381 0.0235363 0.387436
0.0630387 0.0667387 0.12807 0.270507 0.027432 0.444214
0.120963 0.0674657 0.0640715 0.341718 0.0193919 0.38639
0.101768 0.0867516 0.0947009 0.298222 0.0341872 0.38437
0.211985 0.0887235 0.0302533 0.196745 0.00393458 0.468359
0.249959 0.101649 9.99821E-05 0.00668644 9.99821E-05 0.641506
0.271156 0.0925065 0.00845975 0.0994534 9.9991E-05 0.528324
0.25236 0.0934906 0.0223238 0.0280975 9.9991E-05 0.603628
0.249377 0.112091 0.0169123 0.0664236 9.9991E-05 0.555096
0.23998 0.103107 0.0342343 0.0914296 9.9991E-05 0.531149
0.220702 0.0963089 0.0380097 0.132033 9.9991E-05 0.512847
0.216458 0.12692 9.9991E-05 0.210041 0.0470485 0.399433
0.185868 0.0969072 0.0565486 0.207483 9.9991E-05 0.453094
9.996E-05 9.996E-05 9.996E-05 9.996E-05 9.996E-05 0.9995
9.996E-05 9.996E-05 9.996E-05 9.996E-05 9.996E-05 0.9995
9.996E-05 9.996E-05 9.996E-05 9.996E-05 9.996E-05 0.9995
9.996E-05 9.996E-05 9.996E-05 9.996E-05 9.996E-05 0.9995
9.996E-05 9.996E-05 9.996E-05 9.996E-05 9.996E-05 0.9995
9.9973E-05 9.9973E-05 9.9973E-05 0.0685406 0.00765873 0.923501
9.996E-05 9.996E-05 9.996E-05 9.996E-05 9.996E-05 0.9995
9.996E-05 9.996E-05 9.996E-05 9.996E-05 9.996E-05 0.9995
9.996E-05 9.996E-05 9.996E-05 9.996E-05 9.996E-05 0.9995
9.9964E-05 9.9964E-05 0.0092556 9.9964E-05 9.9964E-05 0.990345
9.996E-05 9.996E-05 9.996E-05 9.996E-05 9.996E-05 0.9995
9.996E-05 9.996E-05 9.996E-05 9.996E-05 9.996E-05 0.9995
