9.995E-05 9.995E-05 9.995E-05 9.995E-05 9.995E-05 9.995E-05 0.9994
0.422241 9.9973E-05 9.9973E-05 0.0905628 9.9973E-05 0.0799953 0.406901
0.41732 9.9973E-05 9.9973E-05 0.0447786 9.9973E-05 0.165129 0.372473
0.714606 9.99551E-05 9.99551E-05 9.99551E-05 9.99551E-05 9.99551E-05 0.284895
0.79137 0.0131404 0.0297864 9.9973E-05 9.9973E-05 9.9973E-05 0.165404
0.734198 9.9964E-05 9.9964E-05 9.9964E-05 9.9964E-05 0.0250782 0.240324
0.610056 9.9955E-05 9.9955E-05 9.9955E-05 9.9955E-05 9.9955E-05 0.389444
0.536825 9.9973E-05 9.9973E-05 0.0187515 9.9973E-05 0.0763906 0.367733
0.676571 0.0310374 9.9973E-05 9.9973E-05 9.9973E-05 0.047436 0.244656
9.995E-05 9.995E-05 9.995E-05 9.995E-05 9.995E-05 9.995E-05 0.9994
9.995E-05 9.995E-05 9.995E-05 9.995E-05 9.995E-05 9.995E-05 0.9994
9.995E-05 9.995E-05 9.995E-05 9.995E-05 9.995E-05 9.995E-05 0.9994
9.995E-05 9.995E-05 9.995E-05 9.995E-05 9.995E-05 9.995E-05 0.9994
0.0222252 0.00404209 0.0393925 9.9973E-05 9.9973E-05 9.9973E-05 0.93404
9.9964E-05 0.00622633 0.0353761 9.9964E-05 9.9964E-05 9.9964E-05 0.957998
0.749882 0.0148709 9.9973E-05 9.9973E-05 9.9973E-05 0.0151498 0.219797
0.353449 0.108492 0.0690059 0.0887381 0.0302618 0.0661725 0.28388
0.712976 9.99551E-05 9.99551E-05 9.99551E-05 9.99551E-05 9.99551E-05 0.286524
0.958058 9.9964E-05 0.0292534 9.9964E-05 9.9964E-05 9.9964E-05 0.0122884
0.997309 9.99551E-05 0.002191 9.99551E-05 9.99551E-05 9.99551E-05 9.99551E-05
0.88188 9.99551E-05 9.99551E-05 9.99551E-05 9.99551E-05 9.99551E-05 0.11762
0.837389 9.9973E-05 0.0693107 9.9973E-05 9.9973E-05 0.0431574 0.0498433
0.90609 9.9973E-05 0.0415632 9.9973E-05 9.9973E-05 0.00207068 0.0499767
0.893034 9.9955E-05 9.9955E-05 9.9955E-05 9.9955E-05 9.9955E-05 0.106467
0.948988 9.99551E-05 9.99551E-05 9.99551E-05 9.99551E-05 9.99551E-05 0.050512
0.882638 0.0262496 0.0161409 9.9982E-05 0.0365124 9.9982E-05 0.0382586
0.812442 0.0760762 0.0271857 9.9982E-05 9.9982E-05 0.0450737 0.0390223
0.917805 9.99551E-05 9.99551E-05 9.99551E-05 9.99551E-05 9.99551E-05 0.0816956
0.858171 9.9964E-05 0.0239116 9.9964E-05 9.9964E-05 9.9964E-05 0.117517
0.86023 9.9955E-05 9.9955E-05 9.9955E-05 9.9955E-05 9.9955E-05 0.13927
0.837341 9.9964E-05 0.051831 9.9964E-05 9.9964E-05 9.9964E-05 0.110428
0.89594 0.0255047 0.0219608 0.00118761 0.0128767 9.9991E-05 0.0424304
0.84251 0.0187732 0.029535 0.0316354 9.9991E-05 0.0402611 0.0371854
0.737622 0.000534552 0.00593943 0.0170859 0.0821823 0.0516032 0.105033
0.824114 9.9973E-05 0.131994 9.9973E-05 9.9973E-05 0.00667431 0.0369174
0.840061 9.9955E-05 9.9955E-05 9.9955E-05 9.9955E-05 9.9955E-05 0.159439
0.901845 0.0181558 0.0795996 9.9964E-05 9.9964E-05 9.9964E-05 9.9964E-05
0.805977 0.0455438 0.095538 9.9982E-05 9.9982E-05 0.0271971 0.0255438
0.846731 0.0516389 9.9982E-05 0.0224785 9.9982E-05 0.0503213 0.0286299
0.846993 0.0623021 0.0390392 0.0200643 0.0189258 9.9991E-05 0.0125753
0.688108 0.0419235 9.9982E-05 0.0672635 0.104146 0.0983587 9.9982E-05
0.748262 0.0652939 0.0209712 0.0341106 0.0692858 0.0619766 9.9991E-05
0.711729 9.9982E-05 9.9982E-05 0.0567275 0.100867 0.0838361 0.0466406
0.761923 0.0409042 9.9982E-05 0.0550161 0.0658251 0.0761317 9.9982E-05
0.751877 0.0810463 9.9973E-05 9.9973E-05 0.0806446 0.0861323 9.9973E-05
0.890187 0.0677563 0.0188337 9.9982E-05 0.0152361 0.0077865 9.9982E-05
0.899805 0.0389797 9.9973E-05 9.9973E-05 0.0219065 0.0390086 9.9973E-05
0.884369 0.0174582 0.01662 0.00197304 0.046942 0.032538 9.9991E-05
0.698374 0.097491 9.9982E-05 9.9982E-05 0.118941 0.0355934 0.0494005
0.721187 0.00409318 9.9991E-05 0.0559658 0.080732 0.00271841 0.135204
0.78551 0.0587208 9.9982E-05 0.0615523 9.9982E-05 0.0633765 0.0306404
0.805374 0.0139184 0.0623831 9.9982E-05 0.0468075 0.0713173 9.9982E-05
0.812257 0.0998604 9.9973E-05 9.9973E-05 0.0205348 0.0670475 9.9973E-05
0.641637 0.0497546 0.0752666 0.0658813 0.102479 0.0061794 0.058802
0.687789 0.0375185 0.0560451 0.0524967 0.0970329 0.0247316 0.0443863
0.740988 0.00625691 9.9982E-05 0.0413979 0.0829583 0.128199 9.9982E-05
0.633265 0.0795089 9.9991E-05 0.0172031 0.117329 0.0719057 0.0806879
0.792047 0.0878568 0.00748689 0.0313125 0.0633149 0.0178816 9.9991E-05
0.897197 0.0472486 9.9964E-05 9.9964E-05 9.9964E-05 0.0551542 9.9964E-05
0.743042 0.11716 9.9991E-05 0.0456652 0.00923138 0.0223586 0.0624422
0.783673 0.114902 0.0308597 9.9973E-05 0.0702649 9.9973E-05 9.9973E-05
0.747249 0.0145818 9.9973E-05 0.0967683 0.141101 9.9973E-05 9.9973E-05
0.687001 0.0471683 0.0367225 0.0665476 0.081393 0.0810677 9.9991E-05
0.580418 0.000331088 0.124126 0.0471612 0.1407 0.107164 9.9991E-05
0.784748 0.10229 9.9973E-05 0.00825848 0.104403 9.9973E-05 9.9973E-05
0.67011 9.9982E-05 0.106286 0.0102815 0.0954724 0.11765 9.9982E-05
0.741112 0.0353779 9.9982E-05 0.0968866 0.105403 0.0210212 9.9982E-05
0.521787 9.9982E-05 0.160456 0.0654878 0.161539 0.0905299 9.9982E-05
0.842573 0.068333 9.9982E-05 0.029932 0.0313506 0.0276111 9.9982E-05
0.649937 9.9982E-05 0.084668 0.0250886 0.14091 0.0991963 9.9982E-05
0.736209 9.9982E-05 9.9982E-05 0.0852317 0.0747768 0.0769705 0.0266118
0.65612 0.0379142 0.0125251 0.0967064 0.132186 0.0644487 9.9991E-05
0.780316 0.040085 0.0330004 0.0326827 0.0404726 0.0371788 0.0362647
0.830993 0.0861566 9.9991E-05 0.0110053 0.0332659 0.0199888 0.0184904
0.608809 0.0419087 0.0690996 0.0344863 0.181645 0.0338166 0.0302345
0.732524 0.142094 0.0191708 0.037442 0.055547 0.0131221 9.9991E-05
0.736511 0.0408497 0.0277346 0.0496864 0.0809021 0.0642159 9.9991E-05
0.630769 9.9982E-05 0.1142 0.121526 0.113265 0.0200393 9.9982E-05
0.492449 0.0696299 0.0909811 0.121887 0.184242 0.0407112 9.9991E-05
0.468259 0.098083 0.0722749 0.157439 0.161718 0.0421269 9.9991E-05
0.470914 0.104707 0.0579399 0.0944139 0.189522 0.0824024 9.9991E-05
0.50587 0.0600937 0.0723572 0.168499 0.157356 0.035724 9.9991E-05
0.490531 0.074556 0.0309093 0.169102 0.158346 0.0764546 9.9991E-05
0.598572 0.0647413 9.9973E-05 0.154745 0.181641 9.9973E-05 9.9973E-05
0.467718 0.098077 0.00750713 0.241517 0.146326 0.0387546 9.9991E-05
0.49995 0.0496421 9.9982E-05 0.202274 0.12993 0.118004 9.9982E-05
0.554224 0.117789 0.00943716 0.10664 0.117103 0.0730192 0.0217874
0.572703 0.0710746 9.9982E-05 0.149372 0.185942 0.0207087 9.9982E-05
0.459683 0.0446366 0.064679 0.129919 0.187888 0.0924872 0.020707
0.408669 0.145911 0.027001 0.113391 0.202993 0.101935 9.9991E-05
0.484426 9.9991E-05 0.218645 0.127265 0.0614632 0.0950972 0.013004
0.483789 9.9991E-05 0.205752 0.100495 0.138898 0.0618063 0.00915908
0.341332 0.189874 9.9982E-05 0.215527 0.149932 0.103134 9.9982E-05
9.995E-05 9.995E-05 9.995E-05 0.9994 9.995E-05 9.995E-05 9.995E-05
9.9964E-05 9.9964E-05 0.00626343 0.964034 9.9964E-05 9.9964E-05 0.0293032
0.0652898 9.9973E-05 0.0651984 0.86757 9.9973E-05 0.00164238 9.9973E-05
9.995E-05 9.995E-05 9.995E-05 0.9994 9.995E-05 9.995E-05 9.995E-05
9.995E-05 9.995E-05 9.995E-05 0.9994 9.995E-05 9.995E-05 9.995E-05
9.995E-05 9.995E-05 9.995E-05 0.9994 9.995E-05 9.995E-05 9.995E-05
9.995E-05 9.995E-05 9.995E-05 0.9994 9.995E-05 9.995E-05 9.995E-05
0.0845015 9.9973E-05 0.0116248 0.895138 9.9973E-05 9.9973E-05 0.00843532
9.9964E-05 0.013043 9.9964E-05 0.982337 9.9964E-05 0.00422034 9.9964E-05
9.995E-05 9.995E-05 9.995E-05 0.9994 9.995E-05 9.995E-05 9.995E-05
0.265407 0.117533 0.0864397 0.107529 0.324689 0.0983019 9.9991E-05
0.0372405 0.0297942 0.0174717 0.915194 9.9973E-05 9.9973E-05 9.9973E-05
9.995E-05 9.995E-05 9.995E-05 0.9994 9.995E-05 9.995E-05 9.995E-05
0.00346246 9.9973E-05 0.0162875 0.971312 9.9973E-05 9.9973E-05 0.00863856
0.186166 0.191588 0.0650909 0.126995 0.326907 0.103154 9.9991E-05
0.315065 0.0576199 0.0946895 0.151497 0.279973 0.101056 9.9991E-05
0.316159 0.0527411 0.14386 0.1435 0.27963 0.0640097 9.9991E-05
0.302001 0.0763679 0.0774456 0.173046 0.288973 0.0820671 9.9991E-05
0.302938 0.104726 0.118188 0.133241 0.259647 0.0811597 9.9991E-05
0.388423 0.0952365 0.163106 0.0883949 0.213556 0.0511832 9.9991E-05
0.340663 0.0578438 0.147832 0.169741 0.245974 0.037846 9.9991E-05
0.301439 0.0969059 0.144474 0.13516 0.285374 0.0365463 9.9991E-05
0.25099 0.0940447 0.172596 0.186791 0.202505 0.0929731 9.9991E-05
0.24644 0.111093 0.190752 0.182857 0.194329 0.0744289 9.9991E-05
0.392304 0.106919 0.111703 0.124194 0.208874 0.0559067 9.9991E-05
0.312935 0.0772311 0.248187 0.165602 0.137843 0.0581022 9.9991E-05
0.279255 0.115352 0.150965 0.0988284 0.278679 0.0764696 0.000450236
0.334723 0.061877 0.0932833 0.161634 0.274127 0.0742552 9.9991E-05
9.995E-05 9.995E-05 9.995E-05 9.995E-05 9.995E-05 0.9994 9.995E-05
0.291878 0.0768568 0.0941511 0.205213 0.232012 0.0997888 9.9991E-05
9.995E-05 9.995E-05 9.995E-05 9.995E-05 9.995E-05 0.9994 9.995E-05
9.995E-05 9.995E-05 9.995E-05 9.995E-05 9.995E-05 0.9994 9.995E-05
9.9964E-05 9.9964E-05 0.0458755 0.00529576 9.9964E-05 0.948429 9.9964E-05
0.0851123 9.9973E-05 9.9973E-05 0.0318541 0.077047 0.805687 9.9973E-05
9.995E-05 9.995E-05 9.995E-05 9.995E-05 9.995E-05 0.9994 9.995E-05
0.0104099 9.9982E-05 0.0532783 9.9982E-05 0.0310379 0.90302 0.00205388
9.995E-05 9.995E-05 9.995E-05 9.995E-05 9.995E-05 0.9994 9.995E-05
0.0110133 9.9964E-05 9.9964E-05 9.9964E-05 0.00602141 0.982565 9.9964E-05
9.9973E-05 0.000664099 0.00459766 9.9973E-05 9.9973E-05 0.971112 0.0233261
9.9955E-05 9.9955E-05 9.9955E-05 9.9955E-05 0.000182307 0.999318 9.9955E-05
9.9964E-05 9.9964E-05 9.9964E-05 0.0033644 0.0192491 0.976987 9.9964E-05
0.0417755 0.0230418 0.0190259 0.0479837 0.0467115 0.821362 9.9991E-05
0.0492707 0.0103747 0.00430931 9.9982E-05 9.9982E-05 0.92037 0.0154752
0.0403871 0.00816437 0.0502872 0.0265935 0.0173295 0.857138 9.9991E-05
0.0080163 0.0379427 0.0508622 0.00508181 0.00503394 0.862075 0.0309877
0.0402555 0.0669746 0.0203641 0.0159177 0.00525627 0.84008 0.0111518
9.9973E-05 0.0101513 9.9973E-05 0.0164464 0.0327019 0.940401 9.9973E-05
9.9964E-05 0.00893046 0.0326286 9.9964E-05 0.958041 9.9964E-05 9.9964E-05
9.9982E-05 0.0149464 0.0580937 0.0203472 0.883811 9.9982E-05 0.0226018
9.995E-05 9.995E-05 9.995E-05 9.995E-05 0.9994 9.995E-05 9.995E-05
9.9955E-05 0.00652778 9.9955E-05 9.9955E-05 0.992972 9.9955E-05 9.9955E-05
9.9955E-05 0.00034742 9.9955E-05 9.9955E-05 0.999153 9.9955E-05 9.9955E-05
9.995E-05 9.995E-05 9.995E-05 9.995E-05 0.9994 9.995E-05 9.995E-05
9.995E-05 9.995E-05 9.995E-05 9.995E-05 0.9994 9.995E-05 9.995E-05
9.9973E-05 0.00117878 0.13558 9.9973E-05 0.830201 9.9973E-05 0.0327395
9.995E-05 9.995E-05 9.995E-05 9.995E-05 0.9994 9.995E-05 9.995E-05
9.995E-05 9.995E-05 9.995E-05 9.995E-05 0.9994 9.995E-05 9.995E-05
9.9973E-05 9.9973E-05 0.0489998 0.0093437 0.927293 9.9973E-05 0.0140636
9.9955E-05 0.00611376 9.9955E-05 9.9955E-05 0.993386 9.9955E-05 9.9955E-05
0.110696 0.00106183 9.9982E-05 0.0116451 0.763218 0.113179 9.9982E-05
0.29357 0.33272 0.133785 0.0695315 0.102238 0.0437874 0.0243691
0.296091 0.257278 0.110248 0.070314 0.162748 0.102431 0.000890595
0.315774 0.334691 0.102434 0.106377 0.0266147 0.0805313 0.0335779
0.32667 0.291777 0.130973 0.081937 0.0590532 0.0709994 0.0385905
0.0156705 0.00733092 0.903355 9.9982E-05 0.0732141 9.9982E-05 0.000230019
9.995E-05 9.995E-05 0.9994 9.995E-05 9.995E-05 9.995E-05 9.995E-05
9.9955E-05 0.0190467 0.980454 9.9955E-05 9.9955E-05 9.9955E-05 9.9955E-05
9.995E-05 9.995E-05 0.9994 9.995E-05 9.995E-05 9.995E-05 9.995E-05
9.9973E-05 0.00320857 0.964593 0.02648 9.9973E-05 9.9973E-05 0.00541844
0.00961591 0.0174316 0.969928 9.9982E-05 9.9982E-05 0.000903359 0.00192151
9.9964E-05 9.9964E-05 0.946471 0.0312274 9.9964E-05 0.0219016 9.9964E-05
0.0973486 9.9982E-05 0.769316 9.9982E-05 0.053538 0.0515736 0.0280243
0.0553072 0.044259 0.879976 9.9982E-05 9.9982E-05 0.00990443 0.0103533
9.995E-05 0.9994 9.995E-05 9.995E-05 9.995E-05 9.995E-05 9.995E-05
9.995E-05 0.9994 9.995E-05 9.995E-05 9.995E-05 9.995E-05 9.995E-05
9.995E-05 0.9994 9.995E-05 9.995E-05 9.995E-05 9.995E-05 9.995E-05
9.995E-05 0.9994 9.995E-05 9.995E-05 9.995E-05 9.995E-05 9.995E-05
9.995E-05 0.9994 9.995E-05 9.995E-05 9.995E-05 9.995E-05 9.995E-05
0.000754512 0.914595 0.0142545 0.0133593 9.9991E-05 0.0343481 0.0225882
9.995E-05 0.9994 9.995E-05 9.995E-05 9.995E-05 9.995E-05 9.995E-05
9.995E-05 0.9994 9.995E-05 9.995E-05 9.995E-05 9.995E-05 9.995E-05
9.995E-05 0.9994 9.995E-05 9.995E-05 9.995E-05 9.995E-05 9.995E-05
9.9964E-05 0.969248 9.9964E-05 9.9964E-05 0.0205426 0.00980943 9.9964E-05
9.995E-05 0.9994 9.995E-05 9.995E-05 9.995E-05 9.995E-05 9.995E-05
9.9955E-05 0.998192 9.9955E-05 9.9955E-05 0.001308 9.9955E-05 9.9955E-05
