9.995E-05 9.995E-05 0.9994 9.995E-05 9.995E-05 9.995E-05 9.995E-05
9.9982E-05 0.084444 0.382786 0.0302227 0.00191491 0.500433 9.9982E-05
9.9973E-05 0.0556626 0.36906 0.0784282 9.9973E-05 0.49655 9.9973E-05
9.99551E-05 9.99551E-05 0.279803 9.99551E-05 9.99551E-05 0.719697 9.99551E-05
0.0996618 9.9973E-05 0.160662 9.9973E-05 0.0401316 0.699245 9.9973E-05
0.00515918 0.000813622 0.20323 0.0267699 9.9982E-05 0.763828 9.9982E-05
9.9955E-05 9.9955E-05 0.369094 9.9955E-05 9.9955E-05 0.630406 9.9955E-05
9.9973E-05 0.00224988 0.329058 0.0594387 9.9973E-05 0.608953 9.9973E-05
0.00507723 0.0304859 0.240404 0.0155265 9.9982E-05 0.708307 9.9982E-05
9.995E-05 9.995E-05 0.9994 9.995E-05 9.995E-05 9.995E-05 9.995E-05
9.995E-05 9.995E-05 0.9994 9.995E-05 9.995E-05 9.995E-05 9.995E-05
9.995E-05 9.995E-05 0.9994 9.995E-05 9.995E-05 9.995E-05 9.995E-05
0.00141038 9.9955E-05 0.99809 9.9955E-05 9.9955E-05 9.9955E-05 9.9955E-05
0.0815155 9.9973E-05 0.905141 9.9973E-05 0.00211272 0.0109306 9.9973E-05
9.9955E-05 9.9955E-05 0.975821 9.9955E-05 9.9955E-05 9.9955E-05 0.023679
9.9982E-05 0.0356911 0.212952 0.0193725 0.0120437 0.719741 9.9982E-05
0.0610815 0.0129561 0.249293 0.0936935 0.0947534 0.464199 0.0240239
9.99551E-05 9.99551E-05 0.254003 9.99551E-05 9.99551E-05 0.745498 9.99551E-05
0.040157 9.9973E-05 0.00924591 9.9973E-05 0.00822644 0.942071 9.9973E-05
0.0111711 9.99551E-05 9.99551E-05 9.99551E-05 9.99551E-05 0.988329 9.99551E-05
9.9964E-05 9.9964E-05 0.0971922 9.9964E-05 0.00548669 0.896921 9.9964E-05
0.0561234 9.9964E-05 9.9964E-05 0.0440112 9.9964E-05 0.899466 9.9964E-05
0.0935287 9.9964E-05 0.0287005 9.9964E-05 9.9964E-05 0.877371 9.9964E-05
9.9955E-05 9.9955E-05 0.0523653 9.9955E-05 9.9955E-05 0.947135 9.9955E-05
9.99551E-05 9.99551E-05 0.0507895 9.99551E-05 9.99551E-05 0.948711 9.99551E-05
0.0234508 9.9982E-05 0.0155177 9.9982E-05 0.0292556 0.919661 0.0119145
0.0206574 9.9982E-05 0.0227903 0.019802 0.086094 0.850456 9.9982E-05
9.99551E-05 9.99551E-05 0.0455867 9.99551E-05 9.99551E-05 0.953914 9.99551E-05
0.0228529 9.9973E-05 0.0896533 9.9973E-05 0.00622433 0.88097 9.9973E-05
9.9955E-05 9.9955E-05 0.101748 9.9955E-05 9.9955E-05 0.897752 9.9955E-05
0.0388193 9.99641E-05 0.110723 9.99641E-05 9.99641E-05 0.850058 9.99641E-05
9.9973E-05 9.9973E-05 0.035391 0.00865543 0.0299845 0.925669 9.9973E-05
0.023979 0.00187026 0.0401302 0.0717516 0.0422365 0.819933 9.9991E-05
0.0154406 0.0243767 0.0901579 0.03043 0.0244859 0.691998 0.123111
0.130095 9.9964E-05 0.0386217 9.9964E-05 9.9964E-05 0.830883 9.9964E-05
9.9955E-05 9.9955E-05 0.130287 9.9955E-05 9.9955E-05 0.869213 9.9955E-05
0.0419457 9.9955E-05 9.9955E-05 9.9955E-05 9.9955E-05 0.957555 9.9955E-05
0.110336 9.9982E-05 0.00606054 0.0432362 0.0663067 0.77386 9.9982E-05
0.0157919 0.0453687 0.00865414 0.0761659 0.0540609 0.799858 9.9991E-05
0.0401897 0.0377382 0.0185435 9.9991E-05 0.0406362 0.822811 0.0399813
9.9982E-05 0.0791107 9.9982E-05 0.0673005 0.0564792 0.641471 0.155439
0.0177922 0.0186971 0.00118854 0.0820383 0.0790401 0.580395 0.220849
9.9982E-05 0.0529464 0.0499769 0.0989113 9.9982E-05 0.690138 0.107827
9.9982E-05 0.0342944 9.9982E-05 0.0791176 0.0645888 0.690904 0.130895
0.00581849 9.9982E-05 9.9982E-05 0.0684763 0.0796755 0.76369 0.0821394
9.9964E-05 9.9964E-05 9.9964E-05 0.0545345 0.0657783 0.879287 9.9964E-05
9.9973E-05 9.9973E-05 9.9973E-05 0.0560993 0.0438615 0.892746 0.00699305
9.9973E-05 9.9973E-05 9.9973E-05 0.0637388 0.0288409 0.843594 0.0635266
0.0738214 9.9991E-05 0.0613697 0.0762679 0.0608759 0.6481 0.0794652
9.9991E-05 0.0285684 0.105592 0.0296169 0.00988709 0.756811 0.0694252
9.9991E-05 0.0175035 0.0253604 0.0918565 0.0310915 0.811649 0.0224395
0.0347102 9.9982E-05 9.9982E-05 0.0909405 0.0241955 0.751628 0.0983258
9.9973E-05 9.9973E-05 9.9973E-05 0.0989113 0.0615252 0.736373 0.10289
0.113221 0.0253037 0.0210401 0.00634493 0.0663963 0.65062 0.117074
0.0905963 0.0623747 0.0287686 0.0141709 0.0151281 0.696559 0.092402
9.9973E-05 0.0235391 9.9973E-05 0.139305 9.9973E-05 0.706482 0.130374
0.0212335 0.00444 0.0846155 0.0768982 0.106149 0.624885 0.0817792
0.00994099 0.0689229 9.9982E-05 9.9982E-05 0.0817013 0.743571 0.0956635
9.9973E-05 9.9973E-05 9.9973E-05 0.0346126 0.0496054 0.871872 0.0436103
9.9991E-05 0.0558239 0.0300668 0.0506118 0.0845792 0.760983 0.0178355
0.0532068 9.9973E-05 9.9973E-05 9.9973E-05 0.160531 0.710921 0.0750415
9.9991E-05 0.0387428 0.0111341 0.00160258 0.0370846 0.774057 0.137279
0.0338329 0.0650651 9.9991E-05 0.0868798 0.0620054 0.670364 0.0817524
0.0960484 0.0321661 9.9991E-05 0.0833784 0.079017 0.608382 0.100908
0.00993822 9.9973E-05 9.9973E-05 9.9973E-05 0.0790895 0.789224 0.121449
0.0884004 0.0415546 9.9991E-05 0.106417 0.0310335 0.643535 0.0889595
0.002068 0.100756 9.9991E-05 0.0468412 0.0514839 0.705051 0.0936997
0.113196 0.04421 9.9982E-05 0.0911741 9.9982E-05 0.608676 0.142543
0.0153902 0.0612792 9.9991E-05 0.0148786 0.0913184 0.803316 0.0137173
0.107507 9.9973E-05 9.9973E-05 0.104621 9.9973E-05 0.633185 0.154387
9.9982E-05 0.0970107 0.0145891 0.0897183 9.9982E-05 0.72586 0.0726217
0.0960479 0.0670821 9.9991E-05 0.0735015 0.0398081 0.605045 0.118415
0.0260072 0.0260457 0.0350437 0.0519332 0.056058 0.769032 0.0358805
0.00234569 0.021401 0.00710694 0.0497587 0.126802 0.753525 0.0390607
0.0857522 0.00727335 0.0275612 0.0940184 0.043549 0.578664 0.163182
0.0710551 0.0258184 9.9991E-05 0.013567 0.128147 0.699116 0.0621972
9.9982E-05 0.0953182 9.9982E-05 0.0839194 0.0561771 0.70508 0.0593049
0.125512 0.156126 9.9982E-05 0.062655 9.9982E-05 0.56488 0.090627
0.15245 0.0903357 9.9991E-05 0.0484395 0.094549 0.415664 0.198462
0.109169 0.200288 9.9991E-05 0.0519086 0.0821118 0.412121 0.144302
0.100797 0.105135 9.9991E-05 0.0792033 0.0831752 0.44061 0.190979
0.141684 0.175962 9.9991E-05 0.0702364 0.0701356 0.412499 0.129382
0.11733 0.142981 9.9991E-05 0.0780814 0.0569081 0.444 0.1606
0.0183919 0.118144 9.9991E-05 0.011075 0.0642582 0.565136 0.222895
0.0473688 0.169675 9.9991E-05 0.0353918 0.059935 0.512798 0.174731
0.0851413 0.197769 0.0128313 0.171073 0.0570907 0.336368 0.139728
0.0102235 0.0999506 0.0373415 0.0880263 0.0978276 0.503739 0.162892
9.9982E-05 0.145608 9.9982E-05 0.0200549 0.119967 0.525005 0.189164
0.0533783 0.174089 9.9991E-05 0.0989226 0.110168 0.398878 0.164464
0.0220933 0.149153 9.9991E-05 0.137671 0.138363 0.299474 0.253145
0.239072 0.0967572 0.0398268 0.060586 9.9991E-05 0.46945 0.0942072
0.225407 0.108545 0.0336707 0.0630864 9.9991E-05 0.419184 0.150008
9.9991E-05 0.233896 0.0170719 0.1005 0.207121 0.332244 0.109067
9.995E-05 0.9994 9.995E-05 9.995E-05 9.995E-05 9.995E-05 9.995E-05
0.0142422 0.91794 0.0147128 0.0528054 9.9973E-05 9.9973E-05 9.9973E-05
0.0613723 0.867427 0.000975619 9.9982E-05 9.9982E-05 0.0596014 0.0104241
9.995E-05 0.9994 9.995E-05 9.995E-05 9.995E-05 9.995E-05 9.995E-05
9.995E-05 0.9994 9.995E-05 9.995E-05 9.995E-05 9.995E-05 9.995E-05
9.995E-05 0.9994 9.995E-05 9.995E-05 9.995E-05 9.995E-05 9.995E-05
9.995E-05 0.9994 9.995E-05 9.995E-05 9.995E-05 9.995E-05 9.995E-05
0.00878816 0.895187 0.01641 0.00635465 0.00517739 0.0679827 9.9991E-05
9.995E-05 0.9994 9.995E-05 9.995E-05 9.995E-05 9.995E-05 9.995E-05
9.995E-05 0.9994 9.995E-05 9.995E-05 9.995E-05 9.995E-05 9.995E-05
0.0900919 0.0938476 9.9991E-05 0.10389 0.137989 0.251152 0.322929
0.0246706 0.922489 9.9991E-05 0.025961 0.001997 0.0236995 0.00108274
9.9964E-05 0.991369 0.00731455 9.9964E-05 0.000916173 9.9964E-05 9.9964E-05
9.9964E-05 0.987378 0.000540421 9.9964E-05 0.0116814 9.9964E-05 9.9964E-05
0.0964648 0.125593 9.9991E-05 0.0825381 0.154727 0.222905 0.317672
0.134019 0.131609 9.9991E-05 0.0831292 0.0992196 0.256584 0.295339
0.161005 0.151461 9.9991E-05 0.0968148 0.0849957 0.218678 0.286945
0.088711 0.175348 9.9991E-05 0.100455 0.132259 0.25147 0.251657
0.100452 0.163313 9.9991E-05 0.0533258 0.164893 0.250969 0.266947
0.166457 0.0953051 9.9991E-05 0.0419141 0.0232234 0.38996 0.283041
0.140732 0.216739 9.9991E-05 0.0314275 0.0326911 0.37251 0.205801
0.15277 0.155901 9.9991E-05 0.0112976 0.05089 0.328811 0.300231
0.19173 0.219038 9.9991E-05 0.141067 0.0797986 0.214825 0.153442
0.18266 0.221072 9.9991E-05 0.0866896 0.0635596 0.229677 0.216242
0.133292 0.150998 9.9991E-05 0.0613428 0.11256 0.354533 0.187174
0.21329 0.217251 9.9991E-05 0.045746 0.078422 0.271019 0.174172
0.142579 0.0784784 0.0177557 0.109128 0.112856 0.286144 0.25306
0.100282 0.150936 9.9991E-05 0.0326661 0.105536 0.339035 0.271444
0.0281964 9.9964E-05 9.9964E-05 0.0111027 9.9964E-05 9.9964E-05 0.960301
0.00944271 0.0210934 0.0168403 9.9982E-05 0.0467079 9.9982E-05 0.905716
9.995E-05 9.995E-05 9.995E-05 9.995E-05 9.995E-05 9.995E-05 0.9994
9.9955E-05 9.9955E-05 9.9955E-05 9.9955E-05 0.0024933 9.9955E-05 0.997007
9.9955E-05 9.9955E-05 9.9955E-05 0.00812159 9.9955E-05 9.9955E-05 0.991379
9.995E-05 9.995E-05 9.995E-05 9.995E-05 9.995E-05 9.995E-05 0.9994
0.00290648 9.9964E-05 0.00456316 9.9964E-05 9.9964E-05 9.9964E-05 0.992131
0.140703 0.00525628 0.0523066 9.9991E-05 0.0170349 0.0422423 0.742357
9.995E-05 9.995E-05 9.995E-05 9.995E-05 9.995E-05 9.995E-05 0.9994
9.995E-05 9.995E-05 9.995E-05 9.995E-05 9.995E-05 9.995E-05 0.9994
0.0538114 0.0163798 0.00441931 9.9973E-05 9.9973E-05 9.9973E-05 0.92509
9.995E-05 9.995E-05 9.995E-05 9.995E-05 9.995E-05 9.995E-05 0.9994
0.0762071 0.00500529 0.00606411 0.105178 0.00105175 0.0196496 0.786844
9.995E-05 9.995E-05 9.995E-05 0.9994 9.995E-05 9.995E-05 9.995E-05
0.124033 0.205641 9.9991E-05 0.0972917 0.0488552 0.301539 0.22254
9.995E-05 9.995E-05 9.995E-05 0.9994 9.995E-05 9.995E-05 9.995E-05
9.995E-05 9.995E-05 9.995E-05 0.9994 9.995E-05 9.995E-05 9.995E-05
0.0709718 0.0257713 0.00941278 0.893544 9.9973E-05 9.9973E-05 9.9973E-05
9.9973E-05 9.9973E-05 0.00771123 0.755015 9.9973E-05 0.200828 0.0361465
9.995E-05 9.995E-05 9.995E-05 0.9994 9.995E-05 9.995E-05 9.995E-05
0.0805619 0.000216367 9.9982E-05 0.865076 9.9982E-05 0.0172255 0.0367204
9.9973E-05 0.0168945 0.00474939 0.974768 0.00328784 9.9973E-05 9.9973E-05
9.9955E-05 9.9955E-05 9.9955E-05 0.973699 9.9955E-05 9.9955E-05 0.0258009
9.9964E-05 9.9964E-05 0.00420809 0.983592 0.0117996 9.9964E-05 9.9964E-05
9.995E-05 9.995E-05 9.995E-05 0.9994 9.995E-05 9.995E-05 9.995E-05
9.9964E-05 0.0404974 9.9964E-05 0.925894 9.9964E-05 9.9964E-05 0.0332092
0.00554125 0.0598943 9.9991E-05 0.788456 0.033958 0.016047 0.0960029
0.0604169 9.9982E-05 0.0283756 0.901326 0.000385933 0.00929585 9.9982E-05
0.0378069 0.00871949 0.00802324 0.899327 0.0149898 9.9991E-05 0.0310331
0.0415781 9.9982E-05 0.00581818 0.853308 0.0523205 0.0467754 9.9982E-05
0.0145321 9.9982E-05 0.0145535 0.879445 0.029933 0.061336 9.9982E-05
0.0210013 0.02452 9.9973E-05 0.950955 9.9973E-05 9.9973E-05 0.00322394
0.190719 0.0800175 0.0289304 0.0595443 0.31467 0.222812 0.103307
0.199303 0.0673032 0.0109527 0.0249927 0.276296 0.296398 0.124754
0.171651 0.113643 0.0250403 0.0868337 0.303833 0.219482 0.0795171
0.178622 0.10988 0.0344044 0.0988727 0.271729 0.21182 0.0946708
0.917877 0.0139487 9.9982E-05 9.9982E-05 0.0202958 0.00235964 0.0453191
0.9994 9.995E-05 9.995E-05 9.995E-05 9.995E-05 9.995E-05 9.995E-05
0.998855 9.9955E-05 9.9955E-05 9.9955E-05 0.000644836 9.9955E-05 9.9955E-05
0.9994 9.995E-05 9.995E-05 9.995E-05 9.995E-05 9.995E-05 9.995E-05
0.994897 9.9955E-05 9.9955E-05 0.00460285 9.9955E-05 9.9955E-05 9.9955E-05
0.941281 0.0230222 9.9973E-05 0.00615406 0.0292432 9.9973E-05 9.9973E-05
0.985496 0.0101989 0.00390501 9.9964E-05 9.9964E-05 9.9964E-05 9.9964E-05
0.792327 9.9982E-05 0.0383888 9.9982E-05 0.0439532 0.0656663 0.0594649
0.877032 9.9973E-05 9.9973E-05 0.00949475 0.015207 0.0979658 9.9973E-05
9.9964E-05 9.9964E-05 0.00857025 9.9964E-05 0.979398 9.9964E-05 0.0116314
0.00367556 9.9955E-05 9.9955E-05 9.9955E-05 0.995825 9.9955E-05 9.9955E-05
9.995E-05 9.995E-05 9.995E-05 9.995E-05 0.9994 9.995E-05 9.995E-05
9.995E-05 9.995E-05 9.995E-05 9.995E-05 0.9994 9.995E-05 9.995E-05
9.995E-05 9.995E-05 9.995E-05 9.995E-05 0.9994 9.995E-05 9.995E-05
0.0583901 9.9973E-05 9.9973E-05 9.9973E-05 0.814201 0.125154 0.00195551
9.995E-05 9.995E-05 9.995E-05 9.995E-05 0.9994 9.995E-05 9.995E-05
9.995E-05 9.995E-05 9.995E-05 9.995E-05 0.9994 9.995E-05 9.995E-05
0.0164185 9.9964E-05 9.9964E-05 0.00442965 0.978752 9.9964E-05 9.9964E-05
9.9973E-05 0.0332854 9.9973E-05 0.0188024 0.918397 9.9973E-05 0.0292156
9.995E-05 9.995E-05 9.995E-05 9.995E-05 0.9994 9.995E-05 9.995E-05
9.995E-05 9.995E-05 9.995E-05 9.995E-05 0.9994 9.995E-05 9.995E-05
