9.995E-05 9.995E-05 9.995E-05 0.9994 9.995E-05 9.995E-05 9.995E-05
9.9982E-05 9.9982E-05 0.475489 0.35663 0.102019 0.00501892 0.0606426
9.9973E-05 9.9973E-05 0.482341 0.369938 0.062026 9.9973E-05 0.0853949
9.99551E-05 9.99551E-05 0.706994 0.292506 9.99551E-05 9.99551E-05 9.99551E-05
9.9964E-05 9.9964E-05 0.742359 0.162076 9.9964E-05 0.0951655 9.9964E-05
9.9964E-05 9.9964E-05 0.766737 0.227299 9.9964E-05 9.9964E-05 0.00556433
9.9955E-05 9.9955E-05 0.635564 0.363936 9.9955E-05 9.9955E-05 9.9955E-05
9.9964E-05 9.9964E-05 0.589856 0.346243 9.9964E-05 9.9964E-05 0.0635016
9.9982E-05 0.0118612 0.692094 0.254806 0.00592648 9.9982E-05 0.0351118
9.995E-05 9.995E-05 9.995E-05 0.9994 9.995E-05 9.995E-05 9.995E-05
9.995E-05 9.995E-05 9.995E-05 0.9994 9.995E-05 9.995E-05 9.995E-05
9.995E-05 9.995E-05 9.995E-05 0.9994 9.995E-05 9.995E-05 9.995E-05
0.00114649 9.9964E-05 9.9964E-05 0.99764 0.00081344 9.9964E-05 9.9964E-05
9.9973E-05 0.0337754 0.00550907 0.92857 9.9973E-05 0.0318452 9.9973E-05
9.9973E-05 9.9973E-05 9.9973E-05 0.965402 0.00945299 0.00544541 0.0194001
0.0447656 0.0343592 0.65528 0.238553 9.9982E-05 9.9982E-05 0.0268415
0.0640261 0.0252532 0.468455 0.261675 0.0261595 0.112166 0.0422656
9.9964E-05 9.9964E-05 0.72572 0.25751 0.0163697 9.9964E-05 9.9964E-05
9.9973E-05 0.00315119 0.942729 0.0150317 9.9973E-05 0.0387884 9.9973E-05
9.99551E-05 9.99551E-05 0.969998 9.99551E-05 9.99551E-05 0.0295023 9.99551E-05
9.9964E-05 0.0214467 0.851379 0.126775 9.9964E-05 9.9964E-05 9.9964E-05
9.9973E-05 9.9973E-05 0.843252 0.0431939 9.9973E-05 0.0891013 0.0241525
9.9964E-05 9.9964E-05 0.85354 0.0648501 9.9964E-05 0.0812102 9.9964E-05
9.9964E-05 9.9964E-05 0.860587 0.109121 9.9964E-05 0.0298931 9.9964E-05
9.99551E-05 9.99551E-05 0.970848 0.0286524 9.99551E-05 9.99551E-05 9.99551E-05
0.0719335 0.0294877 0.863869 0.0156324 9.9982E-05 0.0188779 9.9982E-05
9.9973E-05 0.092052 0.803523 0.0345961 9.9973E-05 9.9973E-05 0.069529
9.99551E-05 9.99551E-05 0.946548 0.0529523 9.99551E-05 9.99551E-05 9.99551E-05
9.9964E-05 9.9964E-05 0.881213 0.0846738 9.9964E-05 0.0337132 9.9964E-05
9.9955E-05 9.9955E-05 0.851487 0.148013 9.9955E-05 9.9955E-05 9.9955E-05
9.99641E-05 9.99641E-05 0.783696 0.133224 9.99641E-05 0.0826799 9.99641E-05
9.9982E-05 0.0588736 0.877868 0.0494103 0.00537855 0.00826949 9.9982E-05
9.9982E-05 9.9982E-05 0.885594 0.0292197 0.0586305 0.0212023 0.00515339
0.1138 9.9982E-05 0.746139 0.075441 0.00952701 9.9982E-05 0.0548928
9.9964E-05 9.9964E-05 0.794003 0.0798644 9.9964E-05 0.125732 9.9964E-05
9.9955E-05 9.9955E-05 0.889105 0.110395 9.9955E-05 9.9955E-05 9.9955E-05
9.9964E-05 9.9964E-05 0.978596 9.9964E-05 9.9964E-05 0.0184158 0.00258816
9.999E-05 0.0400286 0.819943 0.0094721 0.0304444 0.0777977 0.0222138
9.9982E-05 0.0842294 0.781249 0.0250179 0.063441 9.9982E-05 0.0458629
9.9973E-05 0.0449286 0.874113 0.0146127 0.0660461 9.9973E-05 9.9973E-05
0.177427 0.0287859 0.698309 9.9982E-05 0.0626215 9.9982E-05 0.0326566
0.131126 0.0987915 0.586454 9.9991E-05 0.0290631 0.0484333 0.106032
0.0822867 9.9982E-05 0.722705 0.0521028 0.064339 9.9982E-05 0.0783668
0.101063 0.0513662 0.762421 9.9982E-05 0.0331689 9.9982E-05 0.0517804
0.053888 0.0718756 0.7935 9.9982E-05 0.00103164 9.9982E-05 0.0795052
9.9964E-05 0.0349698 0.920946 9.9964E-05 9.9964E-05 9.9964E-05 0.0436848
0.0119419 0.039917 0.918868 9.9973E-05 9.9973E-05 9.9973E-05 0.0289734
0.0439644 0.0458039 0.835323 9.9991E-05 0.00469977 0.0370376 0.0330713
0.121581 0.151205 0.58256 0.0783935 9.9991E-05 0.0265058 0.0396552
0.0480737 0.00270364 0.781123 0.103224 0.0439669 9.9991E-05 0.0208093
9.9982E-05 0.086649 0.769235 0.0288247 0.036451 9.9982E-05 0.0786404
0.0614555 0.00453663 0.796063 9.9982E-05 9.9982E-05 0.049623 0.0881221
0.0464849 0.035608 0.844939 9.9973E-05 9.9973E-05 9.9973E-05 0.0726679
0.10759 0.0548603 0.676198 0.032659 0.0342777 0.0943157 9.9991E-05
0.103345 0.0351751 0.632493 0.0446903 0.0562209 0.103389 0.0246872
0.102416 0.0288852 0.743857 9.9982E-05 0.0173537 9.9982E-05 0.107288
0.0631258 0.0765204 0.680389 0.0513411 9.9991E-05 0.0103819 0.118142
0.07942 0.103714 0.773239 9.9973E-05 0.0433271 9.9973E-05 9.9973E-05
9.9964E-05 0.0278501 0.912382 9.9964E-05 9.9964E-05 9.9964E-05 0.0593681
9.9991E-05 0.127603 0.763447 0.0681352 0.0146339 0.008637 0.0174437
0.0884164 0.122815 0.732021 9.9982E-05 9.9982E-05 0.0517283 0.0048187
0.150441 0.0015681 0.797038 0.00991227 0.0408407 9.9982E-05 9.9982E-05
0.0602544 0.0600049 0.681481 9.9991E-05 0.0933916 0.0438993 0.0608686
0.0747256 0.0107183 0.655503 9.9991E-05 0.0325209 0.143124 0.0833084
0.0966837 0.127048 0.765952 9.9973E-05 0.0100161 9.9973E-05 9.9973E-05
0.109381 0.00646575 0.694818 9.9982E-05 9.9982E-05 0.123675 0.0654598
0.104196 0.0801942 0.659661 9.9982E-05 0.10413 9.9982E-05 0.0516184
0.102118 0.0117814 0.573688 9.9991E-05 0.0595209 0.174967 0.0778242
0.0512624 0.0490306 0.836629 9.9991E-05 0.0218476 0.00634952 0.0347813
0.161629 0.00121574 0.672913 9.9982E-05 9.9982E-05 0.0925358 0.0715057
0.0722384 9.9982E-05 0.779989 0.01162 0.0692819 9.9982E-05 0.0666705
0.126424 0.0492901 0.660131 9.9991E-05 0.0562778 0.025595 0.0821825
9.9991E-05 0.0932179 0.837037 0.0239922 0.00274828 0.0026936 0.0402108
0.0194238 0.114595 0.757154 0.00877194 0.008422 0.0262135 0.0654201
0.195855 0.0433282 0.591379 0.0207788 0.00496756 0.091989 0.0517024
0.0781005 0.140204 0.68876 9.9991E-05 0.020172 0.0616164 0.0110477
0.0780555 0.0347917 0.742274 9.9991E-05 0.0813861 0.0308281 0.0325649
0.0490428 9.9991E-05 0.667504 0.00676567 0.127462 0.148826 0.00029921
0.190046 0.064335 0.42695 9.9991E-05 0.129999 0.135909 0.0526608
0.177103 0.0541524 0.438582 9.9991E-05 0.159728 0.114244 0.0560906
0.186161 0.0540587 0.473026 9.9991E-05 0.129477 0.0758381 0.0813391
0.154979 0.0257848 0.436995 9.9991E-05 0.236281 0.0884743 0.0573857
0.164267 0.0447323 0.498457 9.9991E-05 0.147858 0.0768685 0.0677169
0.183008 0.0424286 0.568104 9.9991E-05 0.165294 0.037305 0.00375981
0.173395 0.0287303 0.45037 9.9991E-05 0.199374 0.0618374 0.0861937
0.10921 0.0622524 0.510914 9.9991E-05 0.189865 0.02404 0.103617
0.143574 0.0628655 0.531353 0.0550932 0.0981298 9.9991E-05 0.108885
0.161068 0.120377 0.539101 9.9973E-05 0.179154 9.9973E-05 9.9973E-05
0.138065 0.0455348 0.51049 9.9991E-05 0.180792 0.0127706 0.112248
0.168544 0.154116 0.438241 9.9991E-05 0.126757 0.0121434 0.100099
0.0938883 9.9991E-05 0.441073 0.0427187 0.108801 0.24299 0.070429
0.14456 9.9991E-05 0.442455 0.0206595 0.0973904 0.22032 0.0745147
0.0938593 0.208115 0.372008 9.9991E-05 0.196436 0.00367975 0.125802
0.0135335 9.9955E-05 9.9955E-05 9.9955E-05 0.985967 9.9955E-05 9.9955E-05
0.00653239 9.9973E-05 9.9973E-05 0.0083516 0.956198 9.9973E-05 0.0286184
9.9973E-05 9.9973E-05 0.0721397 0.00391316 0.891578 0.0320691 9.9973E-05
9.9973E-05 0.00381428 9.9973E-05 0.00261776 0.98739 0.00587772 9.9973E-05
9.995E-05 9.995E-05 9.995E-05 9.995E-05 0.9994 9.995E-05 9.995E-05
9.995E-05 9.995E-05 9.995E-05 9.995E-05 0.9994 9.995E-05 9.995E-05
9.995E-05 9.995E-05 9.995E-05 9.995E-05 0.9994 9.995E-05 9.995E-05
9.9964E-05 9.9964E-05 0.0772904 0.0349282 0.887382 9.9964E-05 9.9964E-05
9.995E-05 9.995E-05 9.995E-05 9.995E-05 0.9994 9.995E-05 9.995E-05
9.995E-05 9.995E-05 9.995E-05 9.995E-05 0.9994 9.995E-05 9.995E-05
0.32583 0.11521 0.226947 9.9991E-05 0.12688 0.108438 0.0965952
0.00233887 0.0434436 9.9982E-05 9.9982E-05 0.888783 0.062453 0.00278107
9.9964E-05 0.0364126 9.9964E-05 0.000453051 0.962734 9.9964E-05 9.9964E-05
9.9973E-05 0.00133358 9.9973E-05 9.9973E-05 0.972063 0.0248248 0.00147844
0.304178 0.122086 0.265464 9.9991E-05 0.131483 0.105948 0.0707411
0.271107 0.0896254 0.303388 9.9991E-05 0.173585 0.102832 0.0593635
0.265084 0.0585828 0.264297 9.9991E-05 0.147517 0.183029 0.0813914
0.270011 0.120679 0.252741 9.9991E-05 0.191393 0.0864545 0.0786219
0.304872 0.0413285 0.285445 9.9991E-05 0.151559 0.163818 0.0528785
0.248986 0.0257058 0.41288 9.9991E-05 0.137362 0.173107 0.00186007
0.199615 0.0609084 0.354179 9.9991E-05 0.167147 0.177026 0.0410241
0.285761 0.0844233 0.309602 9.9991E-05 0.152606 0.162894 0.00461302
0.192639 0.08313 0.260773 9.9991E-05 0.229048 0.14526 0.0890493
0.200078 0.102688 0.220317 9.9991E-05 0.233334 0.170073 0.0734102
0.19697 0.0964662 0.38662 9.9991E-05 0.151405 0.0738254 0.0946134
0.154318 0.088299 0.280739 9.9991E-05 0.215253 0.200448 0.0608433
0.267783 0.126329 0.372475 9.9991E-05 0.0736726 0.0723001 0.0873403
0.259476 0.111287 0.334936 9.9991E-05 0.143938 0.0879291 0.0623327
0.932732 0.0395665 9.9973E-05 9.9973E-05 9.9973E-05 0.0166219 0.0107793
0.911914 0.040779 9.9982E-05 0.0109704 0.00768002 0.0284565 9.9982E-05
0.9994 9.995E-05 9.995E-05 9.995E-05 9.995E-05 9.995E-05 9.995E-05
0.9994 9.995E-05 9.995E-05 9.995E-05 9.995E-05 9.995E-05 9.995E-05
0.987134 0.0123661 9.9955E-05 9.9955E-05 9.9955E-05 9.9955E-05 9.9955E-05
0.9994 9.995E-05 9.995E-05 9.995E-05 9.995E-05 9.995E-05 9.995E-05
0.9994 9.995E-05 9.995E-05 9.995E-05 9.995E-05 9.995E-05 9.995E-05
0.734054 0.017816 0.0792565 0.0330463 9.9982E-05 0.135627 9.9982E-05
0.9994 9.995E-05 9.995E-05 9.995E-05 9.995E-05 9.995E-05 9.995E-05
0.9994 9.995E-05 9.995E-05 9.995E-05 9.995E-05 9.995E-05 9.995E-05
0.889178 9.9973E-05 9.9973E-05 0.0127492 0.0242415 0.0735311 9.9973E-05
0.9994 9.995E-05 9.995E-05 9.995E-05 9.995E-05 9.995E-05 9.995E-05
0.753346 9.9982E-05 0.0627461 0.0100703 9.9982E-05 0.0767795 0.0968581
9.995E-05 9.995E-05 9.995E-05 9.995E-05 9.995E-05 9.995E-05 0.9994
0.23751 0.0947403 0.278296 9.9991E-05 0.166941 0.116175 0.106237
9.995E-05 9.995E-05 9.995E-05 9.995E-05 9.995E-05 9.995E-05 0.9994
9.995E-05 9.995E-05 9.995E-05 9.995E-05 9.995E-05 9.995E-05 0.9994
9.9964E-05 9.9964E-05 9.9964E-05 9.9964E-05 0.0138965 0.0469316 0.938772
0.0598057 0.0240396 0.109112 9.9991E-05 0.016442 0.02697 0.76353
9.995E-05 9.995E-05 9.995E-05 9.995E-05 9.995E-05 9.995E-05 0.9994
0.0175133 9.9982E-05 0.0370928 0.0292855 9.9982E-05 0.059941 0.855967
9.9964E-05 0.0155302 9.9964E-05 9.9964E-05 0.00372357 9.9964E-05 0.980346
9.9955E-05 9.9955E-05 0.039278 9.9955E-05 9.9955E-05 9.9955E-05 0.960222
9.9955E-05 9.9955E-05 9.9955E-05 0.00400331 9.9955E-05 9.9955E-05 0.995497
0.00712453 9.9955E-05 9.9955E-05 9.9955E-05 9.9955E-05 9.9955E-05 0.992376
0.030305 0.00540949 9.9964E-05 9.9964E-05 9.9964E-05 9.9964E-05 0.963886
0.0606734 0.0361615 9.9982E-05 9.9982E-05 0.0198553 0.0328066 0.850303
9.9973E-05 0.013979 9.9973E-05 0.00014047 9.9973E-05 0.00619053 0.97939
0.0514135 0.0483439 0.0151331 9.9982E-05 0.0120892 9.9982E-05 0.87282
0.00795545 0.0646693 0.0062941 0.0222073 0.00422826 0.0194902 0.875155
9.9982E-05 0.0297402 0.0380193 0.0103688 9.9982E-05 0.00824539 0.913426
0.0353328 9.9982E-05 9.9982E-05 0.00542325 0.0191276 0.0206015 0.919315
0.0992597 0.327332 0.255129 0.0131745 0.0841854 0.143514 0.0774056
0.137225 0.280655 0.253509 0.0218762 0.06024 0.161416 0.0850786
0.0690486 0.327434 0.234107 0.0507578 0.107854 0.141295 0.0695036
0.0803977 0.284521 0.277372 0.0296004 0.0794175 0.149743 0.0989485
0.0441482 9.9955E-05 9.9955E-05 9.9955E-05 9.9955E-05 0.955352 9.9955E-05
9.995E-05 9.995E-05 9.995E-05 9.995E-05 9.995E-05 0.9994 9.995E-05
9.9973E-05 0.00775939 9.9973E-05 9.9973E-05 0.00240272 0.987833 0.00170514
9.995E-05 9.995E-05 9.995E-05 9.995E-05 9.995E-05 0.9994 9.995E-05
9.995E-05 9.995E-05 9.995E-05 9.995E-05 9.995E-05 0.9994 9.995E-05
0.00795453 0.00793132 9.9982E-05 9.9982E-05 0.00679342 0.965003 0.0121179
9.9964E-05 0.0225204 9.9964E-05 9.9964E-05 9.9964E-05 0.970436 0.00664347
0.0152808 9.9982E-05 0.0871058 0.0540272 9.9982E-05 0.79224 0.0511463
9.9973E-05 0.00802761 0.114089 9.9973E-05 9.9973E-05 0.84914 0.0284431
9.995E-05 0.9994 9.995E-05 9.995E-05 9.995E-05 9.995E-05 9.995E-05
9.995E-05 0.9994 9.995E-05 9.995E-05 9.995E-05 9.995E-05 9.995E-05
9.995E-05 0.9994 9.995E-05 9.995E-05 9.995E-05 9.995E-05 9.995E-05
9.995E-05 0.9994 9.995E-05 9.995E-05 9.995E-05 9.995E-05 9.995E-05
9.995E-05 0.9994 9.995E-05 9.995E-05 9.995E-05 9.995E-05 9.995E-05
9.9973E-05 0.919839 0.06049 0.00911274 9.9973E-05 9.9973E-05 0.0102581
9.9973E-05 0.979605 0.00503979 9.9973E-05 0.00898961 9.9973E-05 0.00606566
9.995E-05 0.9994 9.995E-05 9.995E-05 9.995E-05 9.995E-05 9.995E-05
9.995E-05 0.9994 9.995E-05 9.995E-05 9.995E-05 9.995E-05 9.995E-05
0.0327481 0.949108 0.0108851 9.9973E-05 0.00695878 9.9973E-05 9.9973E-05
9.995E-05 0.9994 9.995E-05 9.995E-05 9.995E-05 9.995E-05 9.995E-05
9.995E-05 0.9994 9.995E-05 9.995E-05 9.995E-05 9.995E-05 9.995E-05
