9.995E-05 9.995E-05 9.995E-05 0.9994 9.995E-05 9.995E-05 9.995E-05
9.9973E-05 0.0612491 0.0818325 0.349685 9.9973E-05 9.9973E-05 0.506933
9.9973E-05 0.0438965 0.0980836 0.317088 9.9973E-05 9.9973E-05 0.540632
9.99551E-05 9.99551E-05 9.99551E-05 0.242245 9.99551E-05 9.99551E-05 0.757255
0.0388437 9.9982E-05 9.9982E-05 0.137973 0.0151599 0.0541046 0.753719
9.9964E-05 9.9964E-05 0.00609628 0.234594 9.9964E-05 9.9964E-05 0.75891
9.9955E-05 9.9955E-05 9.9955E-05 0.340655 9.9955E-05 9.9955E-05 0.658845
9.9973E-05 0.00881532 0.0494673 0.324055 9.9973E-05 9.9973E-05 0.617363
9.9964E-05 9.9964E-05 0.0280625 0.221654 9.9964E-05 9.9964E-05 0.749884
9.995E-05 9.995E-05 9.995E-05 0.9994 9.995E-05 9.995E-05 9.995E-05
9.995E-05 9.995E-05 9.995E-05 0.9994 9.995E-05 9.995E-05 9.995E-05
9.995E-05 9.995E-05 9.995E-05 0.9994 9.995E-05 9.995E-05 9.995E-05
9.9955E-05 0.0059001 9.9955E-05 0.9936 9.9955E-05 9.9955E-05 9.9955E-05
9.9964E-05 9.9964E-05 9.9964E-05 0.936174 0.0537881 9.9964E-05 0.00963752
0.0254386 0.00290971 9.9973E-05 0.949108 0.0222439 9.9973E-05 9.9973E-05
9.9973E-05 9.9973E-05 0.0582394 0.216041 9.9973E-05 0.00582867 0.719591
9.9991E-05 0.0288174 0.0555944 0.229891 0.0426906 0.0526772 0.590229
9.99551E-05 9.99551E-05 9.99551E-05 0.238851 9.99551E-05 9.99551E-05 0.760649
9.99551E-05 9.99551E-05 9.99551E-05 9.99551E-05 0.0433197 9.99551E-05 0.95618
9.99551E-05 9.99551E-05 9.99551E-05 9.99551E-05 0.0284814 9.99551E-05 0.971019
9.99551E-05 9.99551E-05 9.99551E-05 0.113263 9.99551E-05 9.99551E-05 0.886237
9.9973E-05 9.9973E-05 0.0149848 0.0157219 0.0366912 9.9973E-05 0.932302
9.9964E-05 9.9964E-05 9.9964E-05 0.0402206 0.0511259 9.9964E-05 0.908254
9.9964E-05 9.9964E-05 9.9964E-05 0.0813425 0.0135728 9.9964E-05 0.904685
9.9964E-05 9.9964E-05 9.9964E-05 0.0714907 0.00132759 9.9964E-05 0.926782
0.0294864 9.9982E-05 9.9982E-05 0.01394 0.0225282 0.0416809 0.892165
9.9982E-05 9.9982E-05 0.0510702 0.0531181 0.0303667 0.069744 0.795501
9.99551E-05 9.99551E-05 9.99551E-05 0.00527131 9.99551E-05 9.99551E-05 0.994229
0.00378348 9.9982E-05 9.9982E-05 0.0787692 0.00549167 0.0172784 0.894477
9.99551E-05 9.99551E-05 9.99551E-05 0.0877732 9.99551E-05 9.99551E-05 0.911727
9.9964E-05 9.9964E-05 9.9964E-05 0.077849 0.0211057 9.9964E-05 0.900645
0.0041189 9.9982E-05 9.9982E-05 0.0315634 0.00350976 0.019566 0.941042
9.9991E-05 0.00413693 0.0317065 0.00519846 0.0356903 0.01832 0.904848
0.0720878 9.9991E-05 0.0561665 0.073867 0.00458243 0.0241403 0.769056
9.9973E-05 9.9973E-05 0.0397564 0.0197322 0.0775346 9.9973E-05 0.862677
9.9955E-05 9.9955E-05 9.9955E-05 0.111669 9.9955E-05 9.9955E-05 0.887832
9.9964E-05 9.9964E-05 9.9964E-05 9.9964E-05 0.0195351 0.0752016 0.904863
0.00743429 9.9991E-05 0.00228964 0.00242911 0.0736439 0.0761258 0.837977
9.9982E-05 0.0462724 0.0322 0.0238514 9.9982E-05 0.0914881 0.805988
0.00989456 0.0195587 9.9991E-05 0.0143969 0.073915 0.0289468 0.853188
0.135019 0.0522613 0.0606325 9.9982E-05 9.9982E-05 0.0682285 0.683659
0.105406 0.0126738 0.0980564 9.9991E-05 0.062227 0.078532 0.643005
0.133312 0.0597292 0.0985292 0.0573507 9.9982E-05 9.9982E-05 0.650879
0.106496 0.0624166 0.0642242 9.9982E-05 9.9982E-05 0.0605213 0.706142
0.0684774 9.9982E-05 0.076695 9.9982E-05 0.0315649 0.0809629 0.7421
0.0015433 9.9973E-05 0.0746675 9.9973E-05 9.9973E-05 0.0761543 0.847335
0.0370289 9.9973E-05 0.060022 9.9973E-05 9.9973E-05 0.0497275 0.852922
0.0395229 9.9982E-05 0.0486027 9.9982E-05 0.0312372 0.0198533 0.860584
0.119036 9.9991E-05 0.056046 0.0673833 0.0552869 0.089968 0.61218
0.0631953 0.0514703 0.0155954 0.0968771 9.9991E-05 0.0136164 0.759146
0.0236115 0.0726119 0.0523928 0.0124475 9.9991E-05 0.0951938 0.743642
0.0513735 9.9982E-05 0.113196 9.9982E-05 0.0376867 0.0342939 0.76325
0.0402533 9.9973E-05 0.0685332 9.9973E-05 9.9973E-05 0.0928051 0.798108
0.0875251 0.028297 0.00876395 0.0198873 0.090344 0.0774777 0.687705
0.118278 0.0279939 0.0193945 0.0325457 0.0969561 0.0480576 0.656774
0.114643 0.0103748 0.155211 9.9982E-05 0.0237658 9.9982E-05 0.695805
0.100537 0.00062766 0.0977917 0.0679183 0.0433348 0.0965686 0.593222
0.0677488 0.0846648 9.9982E-05 9.9982E-05 0.0354558 0.0742068 0.737724
9.9964E-05 9.9964E-05 0.0877761 9.9964E-05 9.9964E-05 0.0682165 0.843608
0.0265652 0.0692381 0.0490552 0.053755 9.9991E-05 0.0928806 0.708406
0.0977533 9.9982E-05 0.0206353 9.9982E-05 0.0140753 0.18269 0.684646
0.164403 0.0420225 0.0111276 0.00122185 0.0126425 0.015315 0.753268
0.0664914 0.0748017 0.0644298 9.9991E-05 0.0053491 0.0864771 0.702351
0.154291 0.00860374 0.113335 9.9991E-05 0.0840177 0.065356 0.574297
0.124534 0.0280946 9.9982E-05 9.9982E-05 0.0189937 0.057727 0.770451
0.0859049 0.00177635 0.124799 9.9991E-05 0.125107 0.0436182 0.618694
0.121518 0.0891804 0.0693694 9.9991E-05 0.0246126 0.065259 0.629961
0.147475 0.0396361 0.107422 9.9982E-05 0.17237 9.9982E-05 0.532896
0.0413554 0.010459 0.0511154 9.9991E-05 0.0441074 0.0770851 0.775778
0.131501 0.00844176 0.105775 9.9982E-05 0.11897 9.9982E-05 0.635113
0.0816169 0.0811775 0.0842593 0.0164193 9.9982E-05 9.9982E-05 0.736327
0.0903999 0.0924402 0.115958 9.9991E-05 0.064996 0.0753624 0.560744
0.0146892 0.0151726 0.0687938 0.0322637 0.00505819 0.0996795 0.764343
0.0515684 0.0246629 0.041486 0.0186872 9.9991E-05 0.141426 0.72207
0.149146 0.0340039 0.0806614 0.012866 0.0697948 0.0843987 0.56913
0.0576333 0.0301946 0.0259105 9.9991E-05 0.0485272 0.171011 0.666623
0.0193219 0.0783731 0.132482 9.9991E-05 0.0462253 0.0344903 0.689007
0.148572 0.117381 0.0639687 9.9982E-05 0.134865 9.9982E-05 0.535013
0.160257 0.118313 0.038374 9.9991E-05 0.121426 0.104288 0.457242
0.193937 0.1186 0.0689989 9.9991E-05 0.15332 0.0940221 0.371023
0.213579 0.110602 0.0860396 0.00967517 0.165469 0.0427377 0.371898
0.183267 0.152095 0.0632709 9.9991E-05 0.108594 0.100401 0.392273
0.162522 0.102825 0.0723114 9.9991E-05 0.131163 0.0983003 0.432778
0.178172 0.166411 0.0753631 9.9991E-05 0.024965 0.0607343 0.494255
0.134829 0.182033 0.0617767 9.9991E-05 0.101118 0.043883 0.476261
0.113911 0.190352 0.123248 9.9991E-05 0.0640561 0.0651747 0.443158
0.113604 0.0985213 0.0873126 0.036387 0.064638 0.0839872 0.51555
0.206115 0.200048 9.9973E-05 9.9973E-05 9.9973E-05 0.0767726 0.516765
0.134553 0.15244 0.0803316 9.9991E-05 0.0597805 0.154521 0.418274
0.21367 0.144726 0.0892084 0.00158822 0.0268155 0.152861 0.371132
0.11787 0.117915 0.0540797 0.0126644 0.226787 0.00560741 0.465076
0.156262 0.0734632 0.0668035 0.00525069 0.201059 9.9991E-05 0.497062
0.11008 0.23584 0.112694 0.00117122 0.0302416 0.190498 0.319476
9.9955E-05 0.993408 0.00609232 9.9955E-05 9.9955E-05 9.9955E-05 9.9955E-05
9.9982E-05 0.913169 0.0226735 0.0147124 0.00169785 9.9982E-05 0.0475478
0.0073398 0.879504 0.010538 9.9982E-05 0.0876201 0.0147978 9.9982E-05
9.995E-05 0.9994 9.995E-05 9.995E-05 9.995E-05 9.995E-05 9.995E-05
9.995E-05 0.9994 9.995E-05 9.995E-05 9.995E-05 9.995E-05 9.995E-05
9.995E-05 0.9994 9.995E-05 9.995E-05 9.995E-05 9.995E-05 9.995E-05
0.00543038 0.99407 9.9955E-05 9.9955E-05 9.9955E-05 9.9955E-05 9.9955E-05
9.9982E-05 0.823968 0.0397029 9.9982E-05 0.0641682 0.00698819 0.064973
9.995E-05 0.9994 9.995E-05 9.995E-05 9.995E-05 9.995E-05 9.995E-05
9.995E-05 0.9994 9.995E-05 9.995E-05 9.995E-05 9.995E-05 9.995E-05
0.317707 0.112037 0.0873137 9.9991E-05 0.0998559 0.0935212 0.289465
0.00201015 0.933013 9.9991E-05 0.00663365 0.0253466 0.0279223 0.00497473
9.995E-05 0.9994 9.995E-05 9.995E-05 9.995E-05 9.995E-05 9.995E-05
0.0125633 0.966083 9.9973E-05 0.00222985 9.9973E-05 0.0188244 9.9973E-05
0.290669 0.147588 0.0419758 9.9991E-05 0.138632 0.162635 0.218401
0.251598 0.151317 0.0924229 9.9991E-05 0.111942 0.105727 0.286893
0.23223 0.140407 0.0636278 9.9991E-05 0.169683 0.121108 0.272845
0.244009 0.185572 0.0851334 9.9991E-05 0.131349 0.132006 0.221831
0.2752 0.166804 0.0835334 0.0024709 0.111814 0.120236 0.239943
0.239875 0.114332 0.0222305 9.9991E-05 0.182542 0.049112 0.391809
0.225228 0.137998 0.0540817 9.9991E-05 0.194572 0.112459 0.275561
0.269769 0.12998 0.0239197 9.9991E-05 0.181479 0.0847758 0.309977
0.181078 0.202537 0.0506238 9.9991E-05 0.215474 0.0805283 0.269659
0.18327 0.204728 0.0744106 9.9991E-05 0.203684 0.0764925 0.257316
0.166132 0.126135 0.0696204 9.9991E-05 0.0956549 0.135718 0.40664
0.126543 0.209739 0.0638976 9.9991E-05 0.233546 0.112221 0.253953
0.263321 0.107763 0.0821377 9.9991E-05 0.170845 0.140539 0.235293
0.251317 0.152102 0.0634832 9.9991E-05 0.128795 0.0908554 0.313347
0.960465 0.00957699 0.0067424 9.9973E-05 0.0229156 9.9973E-05 9.9973E-05
0.876232 9.9982E-05 9.9982E-05 0.0175856 0.0426374 0.0467214 0.016624
0.9994 9.995E-05 9.995E-05 9.995E-05 9.995E-05 9.995E-05 9.995E-05
0.9994 9.995E-05 9.995E-05 9.995E-05 9.995E-05 9.995E-05 9.995E-05
0.9994 9.995E-05 9.995E-05 9.995E-05 9.995E-05 9.995E-05 9.995E-05
0.9994 9.995E-05 9.995E-05 9.995E-05 9.995E-05 9.995E-05 9.995E-05
0.9994 9.995E-05 9.995E-05 9.995E-05 9.995E-05 9.995E-05 9.995E-05
0.808388 9.9964E-05 9.9964E-05 0.0627397 0.128473 9.9964E-05 9.9964E-05
0.9994 9.995E-05 9.995E-05 9.995E-05 9.995E-05 9.995E-05 9.995E-05
0.995641 9.9955E-05 9.9955E-05 9.9955E-05 9.9955E-05 0.00385931 9.9955E-05
0.88355 0.057925 9.9973E-05 0.000924332 0.0573007 9.9973E-05 9.9973E-05
0.9994 9.995E-05 9.995E-05 9.995E-05 9.995E-05 9.995E-05 9.995E-05
0.75247 0.00738065 0.13322 9.9991E-05 0.0468845 0.030251 0.0296937
9.995E-05 9.995E-05 0.9994 9.995E-05 9.995E-05 9.995E-05 9.995E-05
0.21704 0.168003 0.0962842 9.9991E-05 0.143952 0.0869043 0.287716
9.995E-05 9.995E-05 0.9994 9.995E-05 9.995E-05 9.995E-05 9.995E-05
9.995E-05 9.995E-05 0.9994 9.995E-05 9.995E-05 9.995E-05 9.995E-05
9.9964E-05 0.00432707 0.922743 9.9964E-05 0.07253 9.9964E-05 9.9964E-05
0.0933758 0.0109702 0.800771 0.0159468 9.9991E-05 0.0318572 0.0469788
9.995E-05 9.995E-05 0.9994 9.995E-05 9.995E-05 9.995E-05 9.995E-05
0.0430113 9.9964E-05 0.906827 9.9964E-05 0.0497618 9.9964E-05 9.9964E-05
9.9955E-05 9.9955E-05 0.97159 9.9955E-05 9.9955E-05 0.0279106 9.9955E-05
0.0101443 0.0293332 0.94069 9.9973E-05 9.9973E-05 9.9973E-05 0.019533
9.9982E-05 0.00191599 0.957982 0.00744832 0.0117625 9.9982E-05 0.0206909
9.9955E-05 9.9955E-05 0.995486 0.00401398 9.9955E-05 9.9955E-05 9.9955E-05
0.0165351 0.00695125 0.976114 9.9964E-05 9.9964E-05 9.9964E-05 9.9964E-05
0.0589299 0.0604073 0.827177 9.9982E-05 9.9982E-05 0.044197 0.00908862
9.9964E-05 9.9964E-05 0.963257 0.0262234 0.0101196 9.9964E-05 9.9964E-05
0.0194855 0.00361482 0.879809 9.9982E-05 0.0330438 9.9982E-05 0.0638474
0.0291137 9.9982E-05 0.890991 0.0159824 0.0224855 0.0412277 9.9982E-05
9.9973E-05 9.9973E-05 0.838747 0.0106802 9.9973E-05 0.0827943 0.0674785
0.0154805 9.9982E-05 0.96034 9.9982E-05 0.0097319 0.0109841 0.00326342
0.0946199 0.119639 0.102835 0.0289973 0.169617 0.310386 0.173905
0.103905 0.123958 0.0247759 0.0653404 0.146211 0.365316 0.170495
0.0630758 0.145058 0.0731975 0.0438135 0.146067 0.361835 0.166953
0.0799459 0.0905556 0.114662 0.0392975 0.148248 0.306468 0.220822
0.0274967 9.9964E-05 0.00245305 9.9964E-05 0.96965 9.9964E-05 9.9964E-05
9.995E-05 9.995E-05 9.995E-05 9.995E-05 0.9994 9.995E-05 9.995E-05
9.995E-05 9.995E-05 9.995E-05 9.995E-05 0.9994 9.995E-05 9.995E-05
9.995E-05 9.995E-05 9.995E-05 9.995E-05 0.9994 9.995E-05 9.995E-05
9.995E-05 9.995E-05 9.995E-05 9.995E-05 0.9994 9.995E-05 9.995E-05
0.00618746 0.010558 9.9973E-05 9.9973E-05 0.963439 0.0195158 9.9973E-05
9.9973E-05 9.9973E-05 0.00469789 0.0219261 0.956678 0.0163981 9.9973E-05
9.9982E-05 9.9982E-05 0.0557333 0.0235083 0.800849 0.0287182 0.0909913
9.9973E-05 0.0074796 9.9973E-05 9.9973E-05 0.893443 0.0161659 0.0826118
9.995E-05 9.995E-05 9.995E-05 9.995E-05 9.995E-05 0.9994 9.995E-05
9.995E-05 9.995E-05 9.995E-05 9.995E-05 9.995E-05 0.9994 9.995E-05
9.995E-05 9.995E-05 9.995E-05 9.995E-05 9.995E-05 0.9994 9.995E-05
9.995E-05 9.995E-05 9.995E-05 9.995E-05 9.995E-05 0.9994 9.995E-05
9.995E-05 9.995E-05 9.995E-05 9.995E-05 9.995E-05 0.9994 9.995E-05
0.0133908 9.9991E-05 0.00350367 0.00804865 0.0421854 0.908104 0.0246672
9.995E-05 9.995E-05 9.995E-05 9.995E-05 9.995E-05 0.9994 9.995E-05
9.995E-05 9.995E-05 9.995E-05 9.995E-05 9.995E-05 0.9994 9.995E-05
9.9973E-05 9.9973E-05 0.0135203 9.9973E-05 0.00256478 0.969121 0.0144942
0.00395852 9.9964E-05 0.0328394 9.9964E-05 9.9964E-05 0.962802 9.9964E-05
9.995E-05 9.995E-05 9.995E-05 9.995E-05 9.995E-05 0.9994 9.995E-05
9.995E-05 9.995E-05 9.995E-05 9.995E-05 9.995E-05 0.9994 9.995E-05
