9.995E-05 0.9994 9.995E-05 9.995E-05 9.995E-05 9.995E-05 9.995E-05
9.9982E-05 0.295898 0.0623868 0.00923985 0.0845232 0.547752 9.9982E-05
9.9973E-05 0.287333 0.0456574 9.9973E-05 0.0874307 0.579279 9.9973E-05
9.9964E-05 0.198336 9.9964E-05 9.9964E-05 9.9964E-05 0.784073 0.0171906
0.103676 0.0630281 9.9982E-05 0.140092 9.9982E-05 0.672918 0.0200855
9.9973E-05 0.183141 9.9973E-05 9.9973E-05 0.0309854 0.608037 0.177537
9.9955E-05 0.251495 9.9955E-05 9.9955E-05 9.9955E-05 0.748005 9.9955E-05
9.9973E-05 0.29249 9.9973E-05 9.9973E-05 0.0692109 0.552701 0.0852978
9.9991E-05 0.201157 0.0275485 0.0199505 0.0730456 0.645045 0.0331536
9.995E-05 0.9994 9.995E-05 9.995E-05 9.995E-05 9.995E-05 9.995E-05
9.995E-05 0.9994 9.995E-05 9.995E-05 9.995E-05 9.995E-05 9.995E-05
9.995E-05 0.9994 9.995E-05 9.995E-05 9.995E-05 9.995E-05 9.995E-05
9.9955E-05 0.997449 0.00205084 9.9955E-05 9.9955E-05 9.9955E-05 9.9955E-05
9.9964E-05 0.892231 9.9964E-05 0.0332997 9.9964E-05 0.0740697 9.9964E-05
0.0313947 0.938733 9.9973E-05 9.9973E-05 0.0277091 0.00186315 9.9973E-05
0.0710942 0.182695 9.9991E-05 0.0186987 0.0224749 0.531632 0.173306
0.00816988 0.197563 0.0656715 0.118655 0.100532 0.331243 0.178166
0.0220159 0.183741 0.0276597 9.9982E-05 9.9982E-05 0.729663 0.0367206
9.9964E-05 9.9964E-05 9.9964E-05 0.0627456 9.9964E-05 0.915957 0.0208975
0.0195522 9.9982E-05 0.00152809 0.0152879 9.9982E-05 0.956013 0.00741868
9.9973E-05 0.0527921 0.0181859 0.0423829 9.9973E-05 0.886339 9.9973E-05
0.0552772 9.9982E-05 0.00578829 0.0192149 0.0816147 0.837905 9.9982E-05
9.9973E-05 9.9973E-05 0.0362372 0.0577234 0.0359345 0.869805 9.9973E-05
0.0418656 9.9955E-05 9.9955E-05 9.9955E-05 9.9955E-05 0.957635 9.9955E-05
0.0236665 9.9982E-05 0.00768615 0.00849607 9.9982E-05 0.925405 0.0345463
0.0777546 9.9973E-05 9.9973E-05 0.0155723 9.9973E-05 0.664001 0.242373
9.9973E-05 9.9973E-05 9.9973E-05 0.11316 0.0708141 0.726085 0.0896413
0.0222749 9.9964E-05 9.9964E-05 9.9964E-05 0.0272477 0.950078 9.9964E-05
0.0553784 0.0193469 0.0275471 0.0623597 0.0028592 0.80123 0.0312792
9.9973E-05 0.0608036 0.00228851 9.9973E-05 9.9973E-05 0.8495 0.0871081
0.0185509 0.0438338 9.9973E-05 0.031735 9.9973E-05 0.90558 9.9973E-05
0.0787024 9.9982E-05 0.00713193 0.0499265 9.9982E-05 0.771199 0.0928405
0.0483338 9.9991E-05 0.0296794 0.0732663 0.0227738 0.76504 0.0608068
0.112062 0.0435661 0.0143938 0.0538737 0.0673956 0.629934 0.0787753
0.0205369 9.9982E-05 9.9982E-05 0.0586299 0.0624512 0.833206 0.0249762
9.9964E-05 0.0488268 9.9964E-05 9.9964E-05 9.9964E-05 0.918242 0.0325318
9.9964E-05 9.9964E-05 9.9964E-05 0.005713 9.9964E-05 0.458809 0.535078
9.9982E-05 9.9982E-05 0.00128784 0.130148 0.0144477 0.562792 0.291124
9.9982E-05 9.9982E-05 0.030035 0.0967495 0.0605571 0.606759 0.2057
0.0143632 9.9982E-05 0.0453582 0.0649825 9.9982E-05 0.571638 0.303459
0.0468825 9.9982E-05 0.0175314 9.9982E-05 0.0548292 0.0834447 0.797112
0.0689865 0.0591429 0.0066413 0.0865493 0.11603 0.0661364 0.596514
0.0279997 0.0438899 0.0218059 9.9991E-05 0.0314253 0.251941 0.622838
0.0162465 9.9982E-05 0.0125591 9.9982E-05 0.0111977 0.0758067 0.88399
9.9973E-05 9.9973E-05 9.9973E-05 0.0380688 0.0465929 0.22961 0.685428
9.9955E-05 9.9955E-05 9.9955E-05 9.9955E-05 9.9955E-05 0.0514218 0.948078
9.9964E-05 0.0135546 9.9964E-05 9.9964E-05 9.9964E-05 0.0506559 0.93539
0.0366914 9.9982E-05 9.9982E-05 0.0216616 0.0286581 0.436802 0.475987
0.0864072 0.0694939 9.9991E-05 0.0631552 0.0408928 0.201787 0.538164
0.0547747 0.112399 0.0077336 9.9991E-05 0.0434187 0.390503 0.391071
9.9991E-05 0.0400698 0.0327089 0.00810946 0.0332286 0.272666 0.613117
9.9982E-05 0.0132125 9.9982E-05 0.033473 0.0378108 0.168197 0.747107
9.9973E-05 0.0171753 9.9973E-05 9.9973E-05 0.0266215 0.0280789 0.927824
0.0291094 0.037152 0.0125003 0.0503813 9.9991E-05 0.20601 0.664747
0.0988659 0.0378513 0.0255559 0.0256775 9.9991E-05 0.200607 0.611342
0.0565245 9.9973E-05 9.9973E-05 9.9973E-05 0.0596097 0.167832 0.715734
0.0458721 0.0902229 0.0137888 0.0937329 0.0796871 0.192086 0.48461
0.0127676 9.9973E-05 9.9973E-05 0.0998258 9.9973E-05 0.266934 0.620173
9.9973E-05 0.00855486 9.9973E-05 0.0153705 9.9973E-05 0.0393411 0.936434
9.9991E-05 0.0563944 0.0128343 0.101453 0.0430956 0.261062 0.525061
0.059138 0.0021357 9.9982E-05 0.0933807 9.9982E-05 0.242719 0.602426
0.0369169 0.0270899 9.9973E-05 9.9973E-05 9.9973E-05 0.135814 0.799879
9.9991E-05 0.0207567 0.027854 0.037933 0.0617925 0.0952612 0.756303
9.99641E-05 0.00294066 9.99641E-05 0.0328842 9.99641E-05 9.99641E-05 0.963775
0.0104821 0.0426913 9.9982E-05 0.0227579 9.9982E-05 0.064777 0.859092
9.9955E-05 9.9955E-05 9.9955E-05 9.9955E-05 0.0574143 9.9955E-05 0.942086
9.995E-05 9.995E-05 9.995E-05 9.995E-05 9.995E-05 9.995E-05 0.9994
9.99641E-05 0.0226509 9.99641E-05 9.99641E-05 0.0115177 9.99641E-05 0.965432
9.9964E-05 9.9964E-05 9.9964E-05 9.9964E-05 0.0404379 0.264116 0.695046
9.9964E-05 0.0107007 9.9964E-05 9.9964E-05 0.0336852 9.9964E-05 0.955214
9.9982E-05 0.0383608 0.0418921 9.9982E-05 0.0520093 0.0914517 0.776086
0.0195718 9.9991E-05 0.0433391 0.0693428 0.034855 0.0387004 0.794091
9.9955E-05 0.0760499 9.9955E-05 9.9955E-05 9.9955E-05 9.9955E-05 0.92345
9.9964E-05 0.0561141 9.9964E-05 0.0279206 9.9964E-05 9.9964E-05 0.915565
0.0680231 0.0498422 9.9982E-05 0.0208881 0.0255324 9.9982E-05 0.835514
9.9964E-05 0.0188924 9.9964E-05 0.0493261 9.9964E-05 9.9964E-05 0.931382
9.9964E-05 9.9964E-05 0.00383601 9.9964E-05 0.0156487 9.9964E-05 0.980115
0.0186846 0.001344 0.157161 9.9991E-05 0.00262529 0.0365921 0.783493
0.0543344 9.99737E-05 0.0904183 0.0526966 9.99737E-05 9.99737E-05 0.802251
0.0188633 9.9982E-05 0.0824242 0.0100847 0.0013954 9.9982E-05 0.887032
0.0287785 9.9973E-05 0.0367883 0.0351607 9.9973E-05 9.9973E-05 0.898973
0.0228699 9.9973E-05 0.0904462 0.0382263 9.9973E-05 9.9973E-05 0.848158
0.0393851 9.9973E-05 0.0881132 0.00692857 9.9973E-05 9.9973E-05 0.865273
0.0875951 9.9982E-05 0.132641 0.0224412 9.9982E-05 0.150941 0.606181
0.0517235 0.0255139 0.196952 0.0720377 0.0182768 0.0232913 0.612205
0.0175282 0.0378055 0.124415 0.0105131 0.0749446 0.0239148 0.710879
0.0749439 0.0275585 0.0807224 0.04618 0.0732444 0.157348 0.540003
0.109741 0.0170371 0.11808 0.0467231 9.9991E-05 0.0726485 0.63567
0.057113 0.0048453 0.123123 0.106103 0.0784119 0.0599284 0.570475
0.113905 0.0177153 0.103354 0.155119 0.067625 0.0277126 0.514568
0.0358183 0.0438427 0.13575 0.0136017 0.0639835 0.0762606 0.630743
0.0534693 0.0306002 0.144659 9.9991E-05 0.0583974 0.0870134 0.62576
0.0696171 0.00623992 0.133854 0.170769 0.0644102 9.9991E-05 0.555009
0.0107005 9.9955E-05 0.9888 9.9955E-05 9.9955E-05 9.9955E-05 9.9955E-05
0.00422232 0.016172 0.959561 9.9982E-05 0.00996824 0.00987656 9.9982E-05
9.9991E-05 0.00418087 0.866967 0.0283802 0.00568723 0.0427275 0.0519574
9.9955E-05 9.9955E-05 0.993769 9.9955E-05 0.00573084 9.9955E-05 9.9955E-05
9.995E-05 9.995E-05 0.9994 9.995E-05 9.995E-05 9.995E-05 9.995E-05
9.995E-05 9.995E-05 0.9994 9.995E-05 9.995E-05 9.995E-05 9.995E-05
9.995E-05 9.995E-05 0.9994 9.995E-05 9.995E-05 9.995E-05 9.995E-05
9.9955E-05 9.9955E-05 0.927718 9.9955E-05 9.9955E-05 0.0717826 9.9955E-05
9.995E-05 9.995E-05 0.9994 9.995E-05 9.995E-05 9.995E-05 9.995E-05
9.995E-05 9.995E-05 0.9994 9.995E-05 9.995E-05 9.995E-05 9.995E-05
0.280555 9.9991E-05 0.115467 0.127559 0.0910719 0.0650138 0.320234
9.9964E-05 0.00931925 0.919112 9.9964E-05 9.9964E-05 9.9964E-05 0.0711691
9.995E-05 9.995E-05 0.9994 9.995E-05 9.995E-05 9.995E-05 9.995E-05
9.9955E-05 9.9955E-05 0.986656 0.0128443 9.9955E-05 9.9955E-05 9.9955E-05
0.184224 9.9982E-05 0.0708912 0.080432 0.027519 9.9982E-05 0.636734
0.164961 9.9982E-05 0.113333 0.0791177 0.0432035 9.9982E-05 0.599184
0.179037 9.9991E-05 0.102906 0.0719832 0.0379563 0.00291081 0.605107
0.160555 9.9982E-05 0.14204 0.0573904 0.0326545 9.9982E-05 0.60716
0.241524 9.9991E-05 0.104175 0.0717696 0.0362163 0.000708735 0.545507
0.139064 9.9991E-05 0.066411 0.0785967 0.0113386 0.130411 0.574079
0.107953 9.9991E-05 0.157164 0.0978006 0.0115391 0.0250696 0.600373
0.163339 9.9973E-05 0.117263 0.0931022 9.9973E-05 9.9973E-05 0.625996
0.10231 9.9991E-05 0.207723 0.0928285 0.0988047 0.00209364 0.49614
0.123097 9.9982E-05 0.195007 0.0837786 0.0900151 9.9982E-05 0.507902
0.113587 9.9991E-05 0.129479 0.118638 0.0522648 0.0317527 0.554178
0.106986 9.9982E-05 0.211114 0.0906531 0.024362 9.9982E-05 0.566685
0.12943 0.0104174 0.0680605 0.089461 0.0731688 9.9991E-05 0.629362
0.171586 9.9982E-05 0.148252 0.0553114 0.0117936 9.9982E-05 0.612857
0.938599 9.9973E-05 9.9973E-05 0.0287844 0.0226643 9.9973E-05 0.00965276
0.843963 0.0112239 0.0359728 0.0850538 9.9982E-05 0.023586 9.9982E-05
0.9994 9.995E-05 9.995E-05 9.995E-05 9.995E-05 9.995E-05 9.995E-05
0.985177 9.9955E-05 9.9955E-05 9.9955E-05 9.9955E-05 0.0143229 9.9955E-05
0.9994 9.995E-05 9.995E-05 9.995E-05 9.995E-05 9.995E-05 9.995E-05
0.9994 9.995E-05 9.995E-05 9.995E-05 9.995E-05 9.995E-05 9.995E-05
0.9994 9.995E-05 9.995E-05 9.995E-05 9.995E-05 9.995E-05 9.995E-05
0.775745 0.0279559 0.00483368 0.056252 9.9982E-05 9.9982E-05 0.135014
0.9994 9.995E-05 9.995E-05 9.995E-05 9.995E-05 9.995E-05 9.995E-05
0.9994 9.995E-05 9.995E-05 9.995E-05 9.995E-05 9.995E-05 9.995E-05
0.913971 0.0149993 0.0603271 9.9973E-05 9.9973E-05 9.9973E-05 0.0104031
0.985516 9.9955E-05 9.9955E-05 0.0139839 9.9955E-05 9.9955E-05 9.9955E-05
0.744106 0.00168869 0.0426631 0.0853749 0.0711934 9.9991E-05 0.0548735
9.995E-05 9.995E-05 9.995E-05 9.995E-05 0.9994 9.995E-05 9.995E-05
0.152593 9.9982E-05 0.161291 0.05713 0.0904646 9.9982E-05 0.538321
9.995E-05 9.995E-05 9.995E-05 9.995E-05 0.9994 9.995E-05 9.995E-05
9.995E-05 9.995E-05 9.995E-05 9.995E-05 0.9994 9.995E-05 9.995E-05
9.9973E-05 0.00873739 0.0321774 9.9973E-05 0.953206 0.00557948 9.9973E-05
0.0259055 9.9982E-05 0.0156757 9.9982E-05 0.828533 0.039023 0.0906623
9.995E-05 9.995E-05 9.995E-05 9.995E-05 0.9994 9.995E-05 9.995E-05
0.0227715 9.9964E-05 9.9964E-05 9.9964E-05 0.828775 9.9964E-05 0.148054
9.9955E-05 9.9955E-05 9.9955E-05 9.9955E-05 0.997672 0.00182779 9.9955E-05
0.0171678 9.9964E-05 9.9964E-05 9.9964E-05 0.95988 9.9964E-05 0.022552
9.995E-05 9.995E-05 9.995E-05 9.995E-05 0.9994 9.995E-05 9.995E-05
0.0075386 9.9964E-05 9.9964E-05 9.9964E-05 0.976468 9.9964E-05 0.0155937
0.0218086 9.9964E-05 9.9964E-05 9.9964E-05 0.95915 0.018642 9.9964E-05
0.0520182 9.9982E-05 0.0796505 0.0853628 0.767304 9.9982E-05 0.0154648
9.9964E-05 0.0229657 9.9964E-05 9.9964E-05 0.954024 9.9964E-05 0.0226107
0.0405469 0.0113133 0.0162903 0.0372605 0.866331 9.9991E-05 0.0281583
9.9973E-05 0.00772049 9.9973E-05 0.0751579 0.881122 9.9973E-05 0.0357001
0.0115135 0.039155 9.9991E-05 0.0570565 0.80804 0.026012 0.0581228
0.054064 0.0070188 9.9982E-05 0.013245 0.903925 9.9982E-05 0.0215476
0.0650308 0.0389378 0.0945077 0.340425 0.0224857 9.9991E-05 0.438513
0.0299565 0.0201686 0.0626405 0.295962 0.0232964 0.0483555 0.519621
9.9982E-05 0.0469795 0.160671 0.257766 0.0145061 9.9982E-05 0.519878
0.0395983 0.0492922 0.0658184 0.308297 0.0282425 9.9991E-05 0.508652
0.0895049 9.9991E-05 0.199094 0.431002 0.0611677 0.0640731 0.155058
0.00490529 9.99821E-05 0.278034 0.642334 0.0737603 0.000767296 9.99821E-05
0.0169948 9.9991E-05 0.216106 0.507671 0.103132 0.0212837 0.134712
0.0160706 9.9991E-05 0.230035 0.558289 0.078875 0.0303943 0.0862359
0.0115952 9.9991E-05 0.235114 0.520199 0.0738591 0.0120581 0.147076
0.00838662 9.9991E-05 0.220627 0.518337 0.0838747 0.0477021 0.120973
0.0385078 9.9991E-05 0.21286 0.472562 0.0729936 0.033283 0.169694
0.0579893 0.0354166 0.166349 0.446806 0.0818875 0.102896 0.108655
0.0276933 9.9991E-05 0.146873 0.424002 0.102014 0.0798877 0.219431
9.995E-05 9.995E-05 9.995E-05 0.9994 9.995E-05 9.995E-05 9.995E-05
9.995E-05 9.995E-05 9.995E-05 0.9994 9.995E-05 9.995E-05 9.995E-05
9.995E-05 9.995E-05 9.995E-05 0.9994 9.995E-05 9.995E-05 9.995E-05
9.995E-05 9.995E-05 9.995E-05 0.9994 9.995E-05 9.995E-05 9.995E-05
9.995E-05 9.995E-05 9.995E-05 0.9994 9.995E-05 9.995E-05 9.995E-05
9.9964E-05 9.9964E-05 9.9964E-05 0.905814 9.9964E-05 0.0210942 0.0726923
0.000603888 9.9955E-05 9.9955E-05 0.998896 9.9955E-05 9.9955E-05 9.9955E-05
9.995E-05 9.995E-05 9.995E-05 0.9994 9.995E-05 9.995E-05 9.995E-05
9.995E-05 9.995E-05 9.995E-05 0.9994 9.995E-05 9.995E-05 9.995E-05
0.03194 9.9973E-05 9.9973E-05 0.932255 0.0011745 9.9973E-05 0.0343303
9.995E-05 9.995E-05 9.995E-05 0.9994 9.995E-05 9.995E-05 9.995E-05
9.995E-05 9.995E-05 9.995E-05 0.9994 9.995E-05 9.995E-05 9.995E-05
