9.995E-05 0.9994 9.995E-05 9.995E-05 9.995E-05 9.995E-05 9.995E-05
0.0199233 0.248124 9.9973E-05 9.9973E-05 0.0168163 9.9973E-05 0.714836
9.9955E-05 0.952214 0.0472867 9.9955E-05 9.9955E-05 9.9955E-05 9.9955E-05
0.0471147 0.548818 0.0214177 0.246847 9.9982E-05 0.135603 9.9982E-05
9.9955E-05 9.9955E-05 9.9955E-05 9.9955E-05 9.9955E-05 0.00717779 0.992322
9.9964E-05 0.615913 9.9964E-05 0.210811 9.9964E-05 9.9964E-05 0.172876
9.99796E-05 0.547768 9.99796E-05 0.0164718 0.159056 9.99796E-05 0.276404
9.995E-05 9.995E-05 9.995E-05 9.995E-05 9.995E-05 9.995E-05 0.9994
9.9982E-05 0.470117 0.159908 9.9982E-05 0.0124876 0.0981051 0.259182
0.0819492 0.214956 0.0917675 0.0533933 0.062856 0.076152 0.418926
0.02749 9.9964E-05 9.9964E-05 0.940105 9.9964E-05 0.0320048 9.9964E-05
9.9973E-05 9.9973E-05 0.0212571 0.904169 0.015031 9.9973E-05 0.0592431
9.9955E-05 0.222578 9.9955E-05 0.776923 9.9955E-05 9.9955E-05 9.9955E-05
0.0184929 9.9991E-05 0.0113114 0.786679 0.0901456 0.0562157 0.0370552
0.0738397 0.131497 9.9973E-05 0.732607 0.0617564 9.9973E-05 9.9973E-05
9.9964E-05 9.9964E-05 9.9964E-05 0.931442 0.0530834 9.9964E-05 0.0150751
9.9964E-05 9.9964E-05 0.0255858 0.964267 9.9964E-05 9.9964E-05 0.00974772
9.9973E-05 9.9973E-05 0.283377 0.61514 0.0855491 0.0156343 9.9973E-05
0.0241368 9.9964E-05 0.228115 0.747349 9.9964E-05 9.9964E-05 9.9964E-05
9.9964E-05 9.9964E-05 9.9964E-05 0.898519 9.9964E-05 0.00603793 0.0950433
9.998E-05 0.102326 9.998E-05 0.75722 0.0748409 0.0488842 0.0165286
9.996E-05 9.996E-05 9.996E-05 0.547215 0.0163204 9.996E-05 0.436065
9.9955E-05 0.0301825 9.9955E-05 0.969318 9.9955E-05 9.9955E-05 9.9955E-05
9.9964E-05 9.9964E-05 9.9964E-05 0.881286 0.0906381 9.9964E-05 0.0276765
0.00853179 9.997E-05 0.0775217 0.702075 0.211571 9.997E-05 9.997E-05
9.9973E-05 0.0735203 0.0915084 0.63581 0.198861 9.9973E-05 9.9973E-05
9.997E-05 9.997E-05 0.25351 0.547387 0.00920262 0.189601 9.997E-05
0.0196807 9.9991E-05 0.0414093 0.497923 0.375667 0.0145064 0.0507143
9.997E-05 0.0336392 0.256506 0.481905 0.227649 9.997E-05 9.997E-05
0.00909463 0.0822076 9.9973E-05 0.543725 0.364673 9.9973E-05 9.9973E-05
9.997E-05 0.0426903 0.653143 9.997E-05 0.255253 0.0486135 9.997E-05
9.998E-05 0.186469 0.467244 9.998E-05 0.214456 0.109867 0.0217643
9.9973E-05 9.9973E-05 0.81871 0.0843938 0.0924864 0.00411012 9.9973E-05
9.9955E-05 9.9955E-05 0.909906 9.9955E-05 9.9955E-05 0.0895947 9.9955E-05
0.00824575 9.9964E-05 0.784078 0.207277 9.9964E-05 9.9964E-05 9.9964E-05
0.0148668 0.0400839 0.89484 9.9973E-05 0.0499091 9.9973E-05 9.9973E-05
0.00878322 9.9973E-05 0.660551 0.042294 9.9973E-05 9.9973E-05 0.288072
9.997E-05 0.0197292 0.815721 0.0357536 0.128496 9.997E-05 9.997E-05
0.0282895 9.9964E-05 0.950047 9.9964E-05 9.9964E-05 0.0212634 9.9964E-05
0.0225173 0.0722736 0.445681 0.104019 0.287661 0.0677485 9.9991E-05
9.9964E-05 9.9964E-05 0.891878 9.9964E-05 0.00549367 9.9964E-05 0.102229
9.998E-05 0.0907586 0.376473 0.0937317 0.351649 0.0871879 9.998E-05
9.997E-05 9.997E-05 0.800642 0.0304272 0.112074 9.997E-05 0.0565576
0.0207198 9.9982E-05 0.888481 0.0694324 9.9982E-05 0.017832 0.00333497
9.998E-05 0.0389004 0.17559 0.063194 0.277265 0.44485 9.998E-05
0.0329917 9.9991E-05 0.198674 0.0573667 0.0997071 0.564204 0.0469567
0.0453735 9.9982E-05 0.176862 0.0056959 0.107992 0.663877 9.9982E-05
9.996E-05 9.996E-05 0.0240984 9.996E-05 0.0891852 0.886317 9.996E-05
0.0169564 9.999E-05 0.429493 0.0734513 0.000965964 0.363591 0.115443
9.998E-05 0.018188 0.291887 9.998E-05 0.167543 0.431207 0.0909749
9.9973E-05 9.9973E-05 0.0425941 0.0265517 0.146854 0.7837 9.9973E-05
9.9955E-05 9.9955E-05 9.9955E-05 0.0154138 9.9955E-05 0.984086 9.9955E-05
9.9964E-05 9.9964E-05 9.9964E-05 0.00405356 0.0928998 0.902647 9.9964E-05
9.996E-05 9.996E-05 0.205059 9.996E-05 0.0713753 0.723166 9.996E-05
9.9955E-05 9.9955E-05 0.113277 9.9955E-05 9.9955E-05 0.886223 9.9955E-05
0.0493458 9.9955E-05 9.9955E-05 9.9955E-05 9.9955E-05 0.950154 9.9955E-05
9.9973E-05 9.9973E-05 0.00338206 9.9973E-05 0.753106 0.140526 0.102686
9.998E-05 9.998E-05 0.0192611 0.159511 0.659844 0.0578147 0.103369
9.998E-05 0.000517769 0.144183 9.998E-05 0.662354 0.116367 0.0763782
9.9991E-05 0.00717007 0.000900287 0.0185414 0.731047 0.0694529 0.172788
9.9973E-05 9.9973E-05 0.0156991 0.0429403 0.866145 0.0749153 9.9973E-05
0.0792358 0.0479248 0.273185 9.9973E-05 0.599354 9.9973E-05 9.9973E-05
9.998E-05 0.0234173 0.0523572 9.998E-05 0.867341 0.0260232 0.0306618
0.0229548 9.99551E-05 9.99551E-05 9.99551E-05 0.976545 9.99551E-05 9.99551E-05
0.00778826 9.997E-05 0.091125 0.0402814 0.860505 9.997E-05 9.997E-05
9.995E-05 9.995E-05 9.995E-05 9.995E-05 0.9994 9.995E-05 9.995E-05
9.995E-05 9.995E-05 9.995E-05 9.995E-05 0.9994 9.995E-05 9.995E-05
9.9964E-05 9.9964E-05 9.9964E-05 0.00918481 0.957558 0.0328569 9.9964E-05
0.00247107 9.9964E-05 9.9964E-05 9.9964E-05 0.94824 0.0488888 9.9964E-05
9.9955E-05 9.9955E-05 9.9955E-05 9.9955E-05 0.967876 0.0316244 9.9955E-05
0.0152291 9.99551E-05 9.99551E-05 9.99551E-05 0.984271 9.99551E-05 9.99551E-05
0.0152577 9.997E-05 0.046782 9.997E-05 0.738306 9.997E-05 0.199354
9.9973E-05 0.00227867 9.9973E-05 9.9973E-05 0.942234 0.0448325 0.0103545
0.0484175 0.0172548 0.152352 0.00559943 0.773562 9.999E-05 0.0027138
0.49658 9.998E-05 0.0609348 0.0587288 0.379343 9.998E-05 0.00421405
0.9994 9.995E-05 9.995E-05 9.995E-05 9.995E-05 9.995E-05 9.995E-05
0.0573778 0.0542615 0.254295 0.017953 0.615913 9.9982E-05 9.9982E-05
