9.995E-05 9.995E-05 9.995E-05 9.995E-05 0.9994 9.995E-05 9.995E-05
9.9973E-05 9.9973E-05 0.494039 0.074196 0.349257 0.0822075 9.9973E-05
9.9973E-05 9.9973E-05 0.481014 0.106539 0.365203 0.0469444 9.9973E-05
9.99551E-05 9.99551E-05 0.726027 9.99551E-05 0.273473 9.99551E-05 9.99551E-05
9.9973E-05 0.0821829 0.727202 9.9973E-05 0.173695 9.9973E-05 0.0166199
9.9964E-05 9.9964E-05 0.773086 0.00619004 0.220324 9.9964E-05 9.9964E-05
9.9955E-05 9.9955E-05 0.651364 9.9955E-05 0.348136 9.9955E-05 9.9955E-05
9.9964E-05 9.9964E-05 0.582976 0.108916 0.307708 9.9964E-05 9.9964E-05
9.9982E-05 9.9982E-05 0.727494 0.00996094 0.220364 0.0357569 0.00622399
9.995E-05 9.995E-05 9.995E-05 9.995E-05 0.9994 9.995E-05 9.995E-05
9.995E-05 9.995E-05 9.995E-05 9.995E-05 0.9994 9.995E-05 9.995E-05
9.995E-05 9.995E-05 9.995E-05 9.995E-05 0.9994 9.995E-05 9.995E-05
9.995E-05 9.995E-05 9.995E-05 9.995E-05 0.9994 9.995E-05 9.995E-05
9.9955E-05 0.0877551 9.9955E-05 9.9955E-05 0.911745 9.9955E-05 9.9955E-05
0.016047 0.0283276 9.9973E-05 9.9973E-05 0.943745 0.0115807 9.9973E-05
0.0103517 9.9982E-05 0.696935 0.00855064 0.244556 9.9982E-05 0.0394071
0.0182475 0.0204282 0.513191 0.0871606 0.240853 0.0231828 0.0969376
9.9964E-05 9.9964E-05 0.723402 0.00642673 0.269772 9.9964E-05 9.9964E-05
9.9973E-05 0.0150146 0.975541 9.9973E-05 0.00751708 9.9973E-05 0.0016274
9.99551E-05 0.00778808 0.991712 9.99551E-05 9.99551E-05 9.99551E-05 9.99551E-05
9.99551E-05 9.99551E-05 0.896003 9.99551E-05 0.103497 9.99551E-05 9.99551E-05
9.9973E-05 0.0807311 0.888964 0.00532511 0.0246794 9.9973E-05 9.9973E-05
9.9964E-05 0.0631914 0.887424 9.9964E-05 0.0489845 9.9964E-05 9.9964E-05
9.9964E-05 0.0186138 0.889813 9.9964E-05 0.0911731 9.9964E-05 9.9964E-05
9.99551E-05 9.99551E-05 0.947013 9.99551E-05 0.0524874 9.99551E-05 9.99551E-05
0.0217403 0.0190465 0.884796 9.9982E-05 0.028668 9.9982E-05 0.0455494
9.9982E-05 0.00849598 0.871465 0.0467122 0.0344243 9.9982E-05 0.0387029
9.99551E-05 9.99551E-05 0.963691 9.99551E-05 0.0358089 9.99551E-05 9.99551E-05
9.9964E-05 0.0400731 0.843944 9.9964E-05 0.115583 9.9964E-05 9.9964E-05
9.9955E-05 9.9955E-05 0.84857 9.9955E-05 0.150931 9.9955E-05 9.9955E-05
9.9964E-05 0.0161774 0.864341 9.9964E-05 0.119081 9.9964E-05 9.9964E-05
0.037566 0.0121436 0.912582 9.9982E-05 0.0318706 9.9982E-05 0.00563744
9.9964E-05 9.9964E-05 0.945942 0.00661166 0.0470467 9.9964E-05 9.9964E-05
0.0918654 0.00722563 0.770535 0.0452298 0.0849442 9.9982E-05 9.9982E-05
9.9973E-05 0.109649 0.849808 0.00189219 0.0383505 9.9973E-05 9.9973E-05
9.9955E-05 9.9955E-05 0.87179 9.9955E-05 0.12771 9.9955E-05 9.9955E-05
9.9964E-05 0.0338638 0.962414 0.00332247 9.9964E-05 9.9964E-05 9.9964E-05
0.0160363 0.057357 0.821998 0.0198476 0.02756 9.9991E-05 0.0571011
9.9982E-05 9.9982E-05 0.765224 0.0418807 0.0489856 0.0606253 0.0830849
0.0354865 9.9982E-05 0.878906 9.9982E-05 0.019708 0.0282154 0.0374842
0.0783953 9.9982E-05 0.644708 0.0816549 9.9982E-05 0.10511 0.0899317
0.0817709 9.9982E-05 0.748071 0.0907355 9.9982E-05 0.0454912 0.0337311
0.101503 0.00334028 0.678475 0.0979947 0.0574058 0.0611817 9.9991E-05
0.104651 9.9982E-05 0.72219 0.0631216 9.9982E-05 0.0384579 0.0713802
0.0877181 0.00332624 0.781567 0.070697 9.9982E-05 9.9982E-05 0.0564916
9.9964E-05 9.9964E-05 0.898486 0.058114 9.9964E-05 9.9964E-05 0.0430004
0.0169852 9.9973E-05 0.863732 0.0680281 9.9973E-05 9.9973E-05 0.0509552
0.024078 0.0142329 0.855119 0.0337574 9.9982E-05 9.9982E-05 0.072613
0.121989 0.0317863 0.617887 0.0636052 0.0423975 9.9991E-05 0.122235
0.0618703 9.9982E-05 0.738642 0.0240819 0.114523 0.0606831 9.9982E-05
9.9973E-05 9.9973E-05 0.812216 0.0571131 9.9973E-05 0.061389 0.0689822
0.0588617 0.0515955 0.759228 0.0892896 9.9982E-05 9.9982E-05 0.0408256
0.0458726 0.00313086 0.868446 0.0288838 0.00346716 9.9991E-05 0.0500997
0.0946761 0.0839167 0.677828 9.9991E-05 0.0293749 0.0238013 0.0903026
0.0877258 0.0667949 0.6827 0.0124235 0.0243632 0.0891283 0.0368644
0.109258 9.9982E-05 0.704725 0.117441 9.9982E-05 0.0505389 0.017837
0.0754197 0.0177277 0.685554 0.111952 0.0409442 0.0111222 0.0572803
0.0677852 9.9973E-05 0.803064 9.9973E-05 9.9973E-05 0.038706 0.0901446
9.9964E-05 9.9964E-05 0.884215 0.0551487 9.9964E-05 9.9964E-05 0.0602368
9.9982E-05 9.9982E-05 0.718267 0.0740154 0.0198127 0.0759969 0.111708
0.0972655 9.9964E-05 0.772269 9.9964E-05 9.9964E-05 9.9964E-05 0.130066
0.156536 9.9982E-05 0.773757 0.0030662 9.9982E-05 0.02344 0.0430012
0.0932077 0.0333737 0.665779 0.0713195 9.9991E-05 0.0716043 0.0646162
0.130982 0.171019 0.574839 0.0721178 9.9991E-05 0.0239317 0.027011
0.130517 9.9973E-05 0.829825 9.9973E-05 9.9973E-05 0.00652797 0.0328298
0.121792 0.0947944 0.632516 0.0796471 9.9991E-05 0.0406896 0.0304605
0.121174 9.9982E-05 0.66775 0.0414726 9.9982E-05 0.101494 0.0679091
0.139631 0.190316 0.500036 0.0858564 0.0024959 0.0815639 9.9991E-05
0.0370181 0.0272565 0.868925 0.023572 9.9991E-05 0.00656294 0.0365652
0.124641 0.116244 0.645197 0.0969872 9.9982E-05 0.0167309 9.9982E-05
0.0897105 9.9982E-05 0.707489 0.085458 0.0121889 0.104954 9.9982E-05
0.123027 0.0302588 0.662417 0.0676274 9.9991E-05 0.0860283 0.0305411
0.0337924 9.9991E-05 0.761812 0.0667004 0.0242171 0.0124429 0.100935
0.0387648 9.9991E-05 0.787348 0.0389323 0.00181281 0.00522233 0.12782
0.172859 0.121378 0.609827 0.0500304 0.0193047 0.00105237 0.0255485
0.101125 0.0399288 0.697567 0.0163416 9.9991E-05 0.0364572 0.108481
0.0724642 0.033312 0.726681 0.0803053 9.9991E-05 0.0760808 0.011057
0.132965 0.170383 0.506044 0.0714804 0.0139455 0.105081 9.9991E-05
0.113057 0.144534 0.35663 0.0884546 9.9991E-05 0.183241 0.113983
0.17472 0.120742 0.412012 0.0573772 9.9991E-05 0.156728 0.0783212
0.192856 0.101688 0.426791 0.0978767 9.9991E-05 0.100728 0.0799605
0.165774 0.131699 0.343971 0.103745 9.9991E-05 0.167384 0.0873273
0.173251 0.0843761 0.41936 0.0709512 9.9991E-05 0.132819 0.119143
0.179564 0.0331339 0.525777 0.011022 9.9991E-05 0.159798 0.0906053
0.120031 0.0307245 0.471962 0.0549057 9.9991E-05 0.217195 0.105082
0.140579 0.0446727 0.456428 0.124413 9.9991E-05 0.159962 0.0738458
0.135622 0.0213936 0.501458 0.098212 0.0445651 0.105939 0.0928103
0.20445 9.9991E-05 0.535264 0.00891705 0.00833864 0.161462 0.0814677
0.157041 0.0365585 0.384652 0.0990946 9.9991E-05 0.205862 0.116691
0.229208 0.000310298 0.361437 0.10572 0.000588589 0.130189 0.172548
0.0909844 0.204902 0.494831 0.0687383 0.0117254 0.128719 9.9991E-05
0.116899 0.220928 0.488179 0.0701964 9.9982E-05 0.103598 9.9982E-05
0.110414 9.9982E-05 0.321128 0.126004 9.9982E-05 0.230204 0.212051
9.995E-05 9.995E-05 9.995E-05 9.995E-05 9.995E-05 0.9994 9.995E-05
9.9973E-05 0.0449472 9.9973E-05 0.00657284 0.0127974 0.935383 9.9973E-05
9.9964E-05 0.0985019 0.0483204 9.9964E-05 9.9964E-05 0.852778 9.9964E-05
9.995E-05 9.995E-05 9.995E-05 9.995E-05 9.995E-05 0.9994 9.995E-05
9.995E-05 9.995E-05 9.995E-05 9.995E-05 9.995E-05 0.9994 9.995E-05
9.995E-05 9.995E-05 9.995E-05 9.995E-05 9.995E-05 0.9994 9.995E-05
9.995E-05 9.995E-05 9.995E-05 9.995E-05 9.995E-05 0.9994 9.995E-05
9.9973E-05 9.9973E-05 0.0775322 0.0137811 9.9973E-05 0.905553 0.00283388
9.995E-05 9.995E-05 9.995E-05 9.995E-05 9.995E-05 0.9994 9.995E-05
9.995E-05 9.995E-05 9.995E-05 9.995E-05 9.995E-05 0.9994 9.995E-05
0.308926 0.0831776 0.284001 0.0863458 9.9991E-05 0.110103 0.127346
0.00489025 0.0245343 0.00207285 0.0180322 0.0148224 0.887549 0.0480993
9.9955E-05 9.9955E-05 9.9955E-05 0.00193779 9.9955E-05 0.997562 9.9955E-05
9.9973E-05 0.00930891 9.9973E-05 9.9973E-05 0.0141504 0.973613 0.0026282
0.312406 0.123527 0.258088 0.0655258 9.9991E-05 0.11531 0.125044
0.294159 0.0913357 0.278004 0.0769967 9.9991E-05 0.15127 0.108135
0.277108 0.157804 0.285356 0.0728506 0.0116074 0.122837 0.0724368
0.294048 0.0974432 0.25016 0.0894464 9.9991E-05 0.179427 0.0893766
0.277301 0.107486 0.29222 0.102406 9.9991E-05 0.13425 0.0862373
0.220856 0.196823 0.370504 0.0289245 9.9991E-05 0.088721 0.0940713
0.242028 0.171075 0.404461 0.0090234 9.9991E-05 0.139778 0.0335356
0.299223 0.156392 0.326382 0.00592189 9.9991E-05 0.150428 0.0615525
0.193721 0.123482 0.272465 0.0961124 9.9991E-05 0.229849 0.0842714
0.155749 0.170701 0.296587 0.069579 9.9991E-05 0.221474 0.0858104
0.175477 0.123691 0.37126 0.0679977 9.9991E-05 0.135619 0.125855
0.11435 0.176804 0.355292 0.0572875 9.9991E-05 0.197601 0.0985657
0.281417 0.168216 0.268332 0.0979406 9.9991E-05 0.100971 0.0830232
0.277928 0.0899166 0.360317 0.0640332 9.9991E-05 0.133576 0.0741289
0.920647 0.00704973 0.0246008 0.0357364 9.9982E-05 0.011766 9.9982E-05
0.90559 0.0440518 9.9973E-05 9.9973E-05 0.00849244 9.9973E-05 0.0415662
0.9994 9.995E-05 9.995E-05 9.995E-05 9.995E-05 9.995E-05 9.995E-05
0.992021 9.9955E-05 9.9955E-05 9.9955E-05 9.9955E-05 9.9955E-05 0.0074796
0.9994 9.995E-05 9.995E-05 9.995E-05 9.995E-05 9.995E-05 9.995E-05
0.987885 9.9955E-05 9.9955E-05 0.0116153 9.9955E-05 9.9955E-05 9.9955E-05
0.9994 9.995E-05 9.995E-05 9.995E-05 9.995E-05 9.995E-05 9.995E-05
0.763711 0.178003 0.0375079 9.9973E-05 0.0204787 9.9973E-05 9.9973E-05
0.9994 9.995E-05 9.995E-05 9.995E-05 9.995E-05 9.995E-05 9.995E-05
0.9994 9.995E-05 9.995E-05 9.995E-05 9.995E-05 9.995E-05 9.995E-05
0.885263 0.0477479 9.9973E-05 9.9973E-05 0.0398062 0.0268827 9.9973E-05
0.9994 9.995E-05 9.995E-05 9.995E-05 9.995E-05 9.995E-05 9.995E-05
0.796941 0.0531018 0.0377198 0.0913791 9.9982E-05 9.9982E-05 0.020658
9.995E-05 9.995E-05 9.995E-05 0.9994 9.995E-05 9.995E-05 9.995E-05
0.221463 0.0979088 0.31023 0.0961326 9.9991E-05 0.209257 0.0649085
9.995E-05 9.995E-05 9.995E-05 0.9994 9.995E-05 9.995E-05 9.995E-05
9.995E-05 9.995E-05 9.995E-05 0.9994 9.995E-05 9.995E-05 9.995E-05
9.99551E-05 0.106849 9.99551E-05 0.892652 9.99551E-05 9.99551E-05 9.99551E-05
0.0325432 9.9991E-05 0.118594 0.778801 0.00222378 0.0508047 0.0169333
9.995E-05 9.995E-05 9.995E-05 0.9994 9.995E-05 9.995E-05 9.995E-05
0.0233602 0.080336 9.9964E-05 0.895904 9.9964E-05 9.9964E-05 9.9964E-05
9.9982E-05 0.00134616 0.0142165 0.977396 9.9982E-05 0.00332322 0.00351771
0.00335291 9.9964E-05 9.9964E-05 0.964183 9.9964E-05 9.9964E-05 0.0320642
9.9955E-05 9.9955E-05 9.9955E-05 0.991904 0.00759589 9.9955E-05 9.9955E-05
0.00382752 9.9964E-05 9.9964E-05 0.984802 0.0109708 9.9964E-05 9.9964E-05
9.995E-05 9.995E-05 9.995E-05 0.9994 9.995E-05 9.995E-05 9.995E-05
0.0475312 0.0416085 0.0166463 0.821663 9.9991E-05 0.0205555 0.0518954
9.9964E-05 0.0305619 9.9964E-05 0.967551 9.9964E-05 0.00148763 9.9964E-05
0.0109105 0.0221871 0.0676326 0.890961 9.9982E-05 0.00810891 9.9982E-05
9.9982E-05 0.0659066 0.0295369 0.868136 9.9982E-05 0.00513489 0.0310854
0.0120066 0.0491626 9.9991E-05 0.895789 0.0151087 0.00586503 0.0219684
0.00367426 9.9964E-05 9.9964E-05 0.979892 0.0160335 9.9964E-05 9.9964E-05
0.130553 0.116282 0.195977 0.0925656 0.0230129 0.103728 0.337882
0.156876 0.136817 0.236873 0.0413524 9.9991E-05 0.0883023 0.33968
0.0785479 0.129047 0.206289 0.0810917 0.0404654 0.130551 0.334009
0.037652 0.150193 0.251885 0.0778013 0.0393263 0.102786 0.340356
0.0634233 0.936077 9.9955E-05 9.9955E-05 9.9955E-05 9.9955E-05 9.9955E-05
9.995E-05 0.9994 9.995E-05 9.995E-05 9.995E-05 9.995E-05 9.995E-05
9.9955E-05 0.99867 9.9955E-05 9.9955E-05 9.9955E-05 9.9955E-05 0.000829895
9.995E-05 0.9994 9.995E-05 9.995E-05 9.995E-05 9.995E-05 9.995E-05
9.9964E-05 0.982052 9.9964E-05 0.0170216 9.9964E-05 9.9964E-05 0.000526108
9.9973E-05 0.977873 9.9973E-05 0.00201749 9.9973E-05 0.00135428 0.0184556
9.9964E-05 0.978096 9.9964E-05 0.016113 9.9964E-05 9.9964E-05 0.00539089
0.0186337 0.794854 0.111247 0.0148991 0.0413855 0.00652277 0.0124576
9.9973E-05 0.919768 0.0617479 9.9973E-05 0.00314482 9.9973E-05 0.0150397
9.9964E-05 9.9964E-05 9.9964E-05 0.0164332 0.00659635 9.9964E-05 0.976571
9.995E-05 9.995E-05 9.995E-05 9.995E-05 9.995E-05 9.995E-05 0.9994
9.995E-05 9.995E-05 9.995E-05 9.995E-05 9.995E-05 9.995E-05 0.9994
9.995E-05 9.995E-05 9.995E-05 9.995E-05 9.995E-05 9.995E-05 0.9994
9.995E-05 9.995E-05 9.995E-05 9.995E-05 9.995E-05 9.995E-05 0.9994
9.9973E-05 0.0126571 0.130302 0.00290921 9.9973E-05 9.9973E-05 0.853832
9.995E-05 9.995E-05 9.995E-05 9.995E-05 9.995E-05 9.995E-05 0.9994
9.995E-05 9.995E-05 9.995E-05 9.995E-05 9.995E-05 9.995E-05 0.9994
9.9955E-05 0.00284697 9.9955E-05 9.9955E-05 9.9955E-05 9.9955E-05 0.996653
0.0405658 9.9964E-05 9.9964E-05 0.00896209 9.9964E-05 9.9964E-05 0.950072
9.9955E-05 9.9955E-05 9.9955E-05 0.00193066 9.9955E-05 9.9955E-05 0.99757
9.9973E-05 0.00110533 0.0204141 9.9973E-05 9.9973E-05 0.011934 0.966247
