9.99101E-05 9.99101E-05 9.99101E-05 9.99101E-05 9.99101E-05 9.99101E-05 9.99101E-05 0.999001 9.99101E-05 9.99101E-05 9.99101E-05
9.9964E-05 0.0143926 9.9964E-05 0.0655884 0.0225216 0.104936 9.9964E-05 0.674043 9.9964E-05 0.0261619 0.0919565
9.99101E-05 9.99101E-05 9.99101E-05 9.99101E-05 0.999001 9.99101E-05 9.99101E-05 9.99101E-05 9.99101E-05 9.99101E-05 9.99101E-05
0.0775818 9.9937E-05 9.9937E-05 0.0596989 0.839429 9.9937E-05 9.9937E-05 9.9937E-05 9.9937E-05 0.0225906 9.9937E-05
9.9928E-05 0.0729424 9.9928E-05 9.9928E-05 0.00974852 9.9928E-05 9.9928E-05 9.9928E-05 9.9928E-05 9.9928E-05 0.91651
9.9946E-05 0.0942805 9.9946E-05 9.9946E-05 0.0221528 9.9946E-05 0.122629 0.707548 9.9946E-05 9.9946E-05 0.0527906
0.0309892 9.9955E-05 0.0525685 9.9955E-05 9.9955E-05 0.108316 9.9955E-05 0.738527 9.9955E-05 0.00364593 0.0654534
9.99101E-05 9.99101E-05 9.99101E-05 9.99101E-05 9.99101E-05 9.99101E-05 9.99101E-05 9.99101E-05 9.99101E-05 9.99101E-05 0.999001
0.0267869 9.9973E-05 0.00403495 9.9973E-05 0.239865 0.115903 0.00564616 0.382693 0.110898 9.9973E-05 0.113873
0.0377069 9.9973E-05 0.122335 9.9973E-05 0.0983436 0.232693 0.00422982 0.274612 9.9973E-05 0.0416485 0.188132
9.99281E-05 0.953435 9.99281E-05 0.025755 9.99281E-05 9.99281E-05 0.0200106 9.99281E-05 9.99281E-05 9.99281E-05 9.99281E-05
9.99191E-05 0.0196039 0.979497 9.99191E-05 9.99191E-05 9.99191E-05 9.99191E-05 9.99191E-05 9.99191E-05 9.99191E-05 9.99191E-05
9.9946E-05 0.862244 9.9946E-05 9.9946E-05 0.0109392 9.9946E-05 0.0479671 0.0540458 9.9946E-05 9.9946E-05 0.0242046
9.9937E-05 9.9937E-05 0.894074 9.9937E-05 9.9937E-05 0.0439569 9.9937E-05 9.9937E-05 9.9937E-05 0.0231841 0.038085
9.9964E-05 0.714647 0.0894847 0.021212 0.027405 9.9964E-05 9.9964E-05 0.00609117 0.0722585 0.0685016 9.9964E-05
0.00923926 0.183419 0.170675 0.523028 9.9946E-05 9.9946E-05 0.113039 9.9946E-05 9.9946E-05 9.9946E-05 9.9946E-05
9.9928E-05 0.106798 9.9928E-05 0.0230315 9.9928E-05 9.9928E-05 0.869371 9.9928E-05 9.9928E-05 9.9928E-05 9.9928E-05
9.9955E-05 9.9955E-05 0.63172 0.0943214 9.9955E-05 0.0956305 0.0386726 9.9955E-05 0.126827 0.0123286 9.9955E-05
0.0060653 0.347082 0.513278 9.9955E-05 9.9955E-05 9.9955E-05 0.0328435 9.9955E-05 0.0857144 0.0145171 9.9955E-05
9.99281E-05 9.99281E-05 0.892908 9.99281E-05 0.078343 9.99281E-05 0.0279499 9.99281E-05 9.99281E-05 9.99281E-05 9.99281E-05
9.9955E-05 0.0390414 0.566129 9.9955E-05 0.0478276 0.0448571 0.196537 0.105109 9.9955E-05 9.9955E-05 9.9955E-05
9.9919E-05 9.9919E-05 9.9919E-05 0.905327 9.9919E-05 9.9919E-05 9.9919E-05 9.9919E-05 9.9919E-05 9.9919E-05 0.0937737
9.99101E-05 9.99101E-05 9.99101E-05 0.999001 9.99101E-05 9.99101E-05 9.99101E-05 9.99101E-05 9.99101E-05 9.99101E-05 9.99101E-05
9.99101E-05 9.99101E-05 9.99101E-05 9.99101E-05 9.99101E-05 9.99101E-05 0.999001 9.99101E-05 9.99101E-05 9.99101E-05 9.99101E-05
9.9955E-05 0.573817 0.178265 9.9955E-05 9.9955E-05 0.0271455 0.0353555 9.9955E-05 0.183016 0.00190157 9.9955E-05
9.9937E-05 0.00803718 0.664891 9.9937E-05 9.9937E-05 0.182342 9.9937E-05 0.14403 9.9937E-05 9.9937E-05 9.9937E-05
0.132506 0.442818 0.165139 9.9955E-05 9.9955E-05 0.0104064 0.0176626 9.9955E-05 0.230969 9.9955E-05 9.9955E-05
0.0308436 0.413883 0.139025 0.081699 0.0357755 0.249301 9.9982E-05 9.9982E-05 0.0311051 0.0158837 0.00228368
9.9946E-05 0.281524 0.352851 9.9946E-05 9.9946E-05 0.176527 9.9946E-05 0.0529642 0.135534 9.9946E-05 9.9946E-05
9.9919E-05 0.905401 9.9919E-05 9.9919E-05 9.9919E-05 0.0936996 9.9919E-05 9.9919E-05 9.9919E-05 9.9919E-05 9.9919E-05
9.9928E-05 9.9928E-05 9.9928E-05 9.9928E-05 0.127107 0.436348 9.9928E-05 9.9928E-05 0.435746 9.9928E-05 9.9928E-05
0.119689 9.9946E-05 9.9946E-05 9.9946E-05 0.0731121 0.324483 9.9946E-05 0.151068 0.331049 9.9946E-05 9.9946E-05
0.00254258 0.0179534 0.0965048 9.9946E-05 9.9946E-05 0.0375696 9.9946E-05 9.9946E-05 0.84483 9.9946E-05 9.9946E-05
0.245073 9.9928E-05 9.9928E-05 9.9928E-05 9.9928E-05 9.9928E-05 0.113553 9.9928E-05 0.640575 9.9928E-05 9.9928E-05
9.99487E-05 0.0553512 0.21635 0.00742476 9.99487E-05 9.99487E-05 9.99487E-05 9.99487E-05 0.717379 0.00289553 9.99487E-05
9.9946E-05 9.9946E-05 9.9946E-05 0.00736707 9.9946E-05 0.033352 9.9946E-05 0.0671055 0.871662 0.0199137 9.9946E-05
9.9955E-05 9.9955E-05 0.0375528 0.105797 0.00165093 9.9955E-05 9.9955E-05 0.0198191 0.692243 9.9955E-05 0.142438
9.9955E-05 0.0149116 9.9955E-05 0.0075157 9.9955E-05 0.0709301 0.0322962 0.0326636 0.841183 9.9955E-05 9.9955E-05
0.0209824 0.0592323 9.9946E-05 9.9946E-05 0.00172186 9.9946E-05 9.9946E-05 9.9946E-05 0.913743 0.00372118 9.9946E-05
9.9946E-05 0.235957 9.9946E-05 0.000639793 9.9946E-05 0.325168 9.9946E-05 9.9946E-05 0.428081 0.0095555 9.9946E-05
9.9955E-05 9.9955E-05 9.9955E-05 9.9955E-05 9.9955E-05 0.0604617 0.0228927 0.00970803 0.893694 0.000542646 0.0122009
0.14919 9.9955E-05 0.159746 9.9955E-05 0.0851067 0.34967 9.9955E-05 0.0379564 0.217831 9.9955E-05 9.9955E-05
9.9937E-05 9.9937E-05 0.0409847 9.9937E-05 9.9937E-05 0.146537 0.000107312 9.9937E-05 0.811672 9.9937E-05 9.9937E-05
0.102829 0.0489336 0.0217486 9.9955E-05 9.9955E-05 9.9955E-05 0.0528928 9.9955E-05 0.738817 0.0342789 9.9955E-05
0.494313 0.216197 9.99461E-05 9.99461E-05 0.0193795 0.201747 9.99461E-05 9.99461E-05 0.0677634 9.99461E-05 9.99461E-05
0.749938 0.00177596 0.117854 9.9964E-05 9.9964E-05 0.0774696 0.00996943 0.0322049 9.9964E-05 0.0103886 9.9964E-05
0.651375 9.9946E-05 9.9946E-05 9.9946E-05 9.9946E-05 0.166205 0.074384 9.9946E-05 0.0526321 0.0548049 9.9946E-05
0.841151 9.9919E-05 9.9919E-05 9.9919E-05 9.9919E-05 0.15795 9.9919E-05 9.9919E-05 9.9919E-05 9.9919E-05 9.9919E-05
0.458028 9.9946E-05 0.174767 9.9946E-05 0.110579 9.9946E-05 9.9946E-05 9.9946E-05 0.243049 9.9946E-05 0.012977
0.353798 0.0915665 9.9955E-05 9.9955E-05 0.0327058 0.201089 9.9955E-05 9.9955E-05 0.194493 9.9955E-05 0.125848
0.845237 9.9928E-05 9.9928E-05 0.0583008 9.9928E-05 0.0956627 9.9928E-05 9.9928E-05 9.9928E-05 9.9928E-05 9.9928E-05
0.987225 9.99191E-05 9.99191E-05 9.99191E-05 9.99191E-05 9.99191E-05 9.99191E-05 0.0118757 9.99191E-05 9.99191E-05 9.99191E-05
0.844669 0.0331167 9.9946E-05 0.0395198 9.9946E-05 0.0756938 9.9946E-05 0.00640123 9.9946E-05 9.9946E-05 9.9946E-05
0.80207 9.9946E-05 9.9946E-05 0.0899889 9.9946E-05 0.0242938 9.9946E-05 9.9946E-05 0.0827485 0.000298839 9.9946E-05
0.776728 9.9937E-05 9.9937E-05 9.9937E-05 9.9937E-05 9.9937E-05 9.9937E-05 9.9937E-05 0.202958 0.0131904 0.00642401
0.794938 9.9937E-05 9.9937E-05 9.9937E-05 0.0198945 0.141464 9.9937E-05 9.9937E-05 9.9937E-05 0.0430031 9.9937E-05
0.0571424 0.00169287 0.0102488 0.06943 9.9973E-05 0.721426 9.9973E-05 9.9973E-05 0.0747301 0.00810781 0.0569221
0.0626764 0.091713 0.1109 0.0295185 9.9964E-05 0.582201 9.9964E-05 9.9964E-05 0.0975317 9.9964E-05 0.0250598
0.116648 9.9946E-05 9.9946E-05 9.9946E-05 0.0189223 0.800117 9.9946E-05 0.0437252 9.9946E-05 9.9946E-05 0.0199879
0.000606732 0.0346531 9.9964E-05 0.165354 9.9964E-05 0.662377 9.9964E-05 0.00933542 0.0875695 9.9964E-05 0.0397044
0.102109 9.99379E-05 0.0314581 9.99379E-05 9.99379E-05 0.807072 0.0586607 9.99379E-05 9.99379E-05 9.99379E-05 9.99379E-05
9.9946E-05 9.9946E-05 9.9946E-05 9.9946E-05 0.0327647 0.531908 9.9946E-05 0.0809481 0.263919 0.0898606 9.9946E-05
0.098824 9.9964E-05 9.9964E-05 0.00540599 9.9964E-05 0.805732 0.0208615 0.00211007 0.0347847 9.9964E-05 0.0318818
9.99191E-05 9.99191E-05 9.99191E-05 9.99191E-05 9.99191E-05 0.977259 9.99191E-05 9.99191E-05 9.99191E-05 0.0218413 9.99191E-05
9.9946E-05 9.9946E-05 0.0770863 9.9946E-05 9.9946E-05 0.762455 0.000943012 9.9946E-05 0.132993 0.0259223 9.9946E-05
9.993E-05 0.0309612 9.993E-05 9.993E-05 9.993E-05 0.952148 0.00055259 9.993E-05 0.0156383 9.993E-05 9.993E-05
9.9928E-05 0.0202895 9.9928E-05 9.9928E-05 9.9928E-05 0.978759 9.9928E-05 9.9928E-05 0.000151731 9.9928E-05 9.9928E-05
9.9937E-05 9.9937E-05 0.0528283 0.038045 0.00725815 0.901169 9.9937E-05 9.9937E-05 9.9937E-05 9.9937E-05 9.9937E-05
0.0185549 9.9946E-05 9.9946E-05 9.9946E-05 0.00775619 0.962334 9.9946E-05 9.9946E-05 9.9946E-05 0.0100089 0.000746689
9.9919E-05 9.9919E-05 9.9919E-05 9.9919E-05 0.041493 0.957608 9.9919E-05 9.9919E-05 9.9919E-05 9.9919E-05 9.9919E-05
9.99281E-05 9.99281E-05 9.99281E-05 9.99281E-05 9.99281E-05 0.860199 0.103343 9.99281E-05 9.99281E-05 0.0356584 9.99281E-05
0.00353463 9.9964E-05 0.0116059 9.9964E-05 9.9964E-05 0.752068 9.9964E-05 0.0873482 0.128883 0.00656058 0.00959978
9.99191E-05 9.99191E-05 9.99191E-05 9.99191E-05 9.99191E-05 0.975654 9.99191E-05 9.99191E-05 9.99191E-05 9.99191E-05 0.0234465
0.0199862 9.9964E-05 0.0175933 0.06039 9.9964E-05 0.668026 9.9964E-05 0.0276931 0.133943 0.0719685 9.9964E-05
0.0358305 0.0240031 0.0204682 0.0283423 0.0267431 0.317284 9.9973E-05 9.9973E-05 0.0218337 0.525195 9.9973E-05
9.99101E-05 9.99101E-05 9.99101E-05 9.99101E-05 9.99101E-05 9.99101E-05 9.99101E-05 9.99101E-05 9.99101E-05 0.999001 9.99101E-05
0.0493761 0.145859 9.9955E-05 9.9955E-05 9.9955E-05 0.581248 9.9955E-05 0.00982459 0.144437 0.0687559 9.9955E-05
