9.99101E-05 9.99101E-05 9.99101E-05 0.999001 9.99101E-05 9.99101E-05 9.99101E-05 9.99101E-05 9.99101E-05 9.99101E-05 9.99101E-05
9.9955E-05 0.0054061 9.9955E-05 0.806487 0.0208419 0.0388184 9.9955E-05 0.0986577 9.9955E-05 0.0292892 9.9955E-05
9.99101E-05 9.99101E-05 9.99101E-05 9.99101E-05 9.99101E-05 9.99101E-05 9.99101E-05 9.99101E-05 9.99101E-05 0.999001 9.99101E-05
9.9946E-05 9.9946E-05 9.9946E-05 9.9946E-05 9.9946E-05 0.01685 0.0697766 9.9946E-05 0.026313 0.830543 0.0559174
0.205133 9.9946E-05 9.9946E-05 0.730817 9.9946E-05 0.0110069 9.9946E-05 9.9946E-05 0.00942823 0.043016 9.9946E-05
0.0363067 9.9946E-05 9.9946E-05 0.816021 0.0182156 9.9946E-05 0.0924181 9.9946E-05 9.9946E-05 0.0364391 9.9946E-05
9.9937E-05 9.9937E-05 0.0393525 0.7773 0.0644185 9.9937E-05 9.9937E-05 0.118229 9.9937E-05 9.9937E-05 9.9937E-05
0.00436699 9.9937E-05 9.9937E-05 0.814004 9.9937E-05 9.9937E-05 0.0898491 9.9937E-05 9.9937E-05 9.9937E-05 0.0910803
9.9937E-05 0.189772 9.9937E-05 0.501208 9.9937E-05 9.9937E-05 9.9937E-05 9.9937E-05 0.179418 0.128903 9.9937E-05
0.00634963 9.9973E-05 0.250181 0.472041 0.135635 0.00407808 9.9973E-05 0.0191145 9.9973E-05 0.0866822 0.025619
0.00755879 0.00213057 9.9964E-05 9.9964E-05 0.853804 0.0304863 0.00319243 9.9964E-05 0.0987183 9.9964E-05 0.00370941
0.117157 9.9928E-05 9.9928E-05 9.9928E-05 0.70277 9.9928E-05 9.9928E-05 9.9928E-05 0.179273 9.9928E-05 9.9928E-05
9.99101E-05 9.99101E-05 9.99101E-05 9.99101E-05 0.999001 9.99101E-05 9.99101E-05 9.99101E-05 9.99101E-05 9.99101E-05 9.99101E-05
0.124831 9.9955E-05 9.9955E-05 9.9955E-05 0.0512128 0.0189022 0.662714 0.00882124 9.9955E-05 0.133019 9.9955E-05
0.0512526 9.9955E-05 0.0651423 9.9955E-05 0.565749 0.0436994 9.9955E-05 9.9955E-05 0.197622 0.0760346 9.9955E-05
9.9937E-05 9.9937E-05 9.9937E-05 9.9937E-05 0.101162 9.9937E-05 0.606231 9.9937E-05 0.264011 9.9937E-05 0.0278969
9.9937E-05 9.9937E-05 0.00908154 9.9937E-05 0.0292781 9.9937E-05 0.818815 9.9937E-05 0.142126 9.9937E-05 9.9937E-05
9.9964E-05 0.0462754 0.0528316 9.9964E-05 9.9964E-05 9.9964E-05 0.518565 0.069392 0.20174 0.0170432 0.0937534
9.9946E-05 0.0364565 0.0931234 9.9946E-05 0.707381 9.9946E-05 9.9946E-05 9.9946E-05 0.0527894 9.9946E-05 0.10965
9.9928E-05 0.110059 9.9928E-05 9.9928E-05 9.9928E-05 9.9928E-05 0.816957 9.9928E-05 9.9928E-05 0.0721848 9.9928E-05
0.125874 0.00958007 9.9964E-05 0.0117006 0.255313 9.9964E-05 0.42515 0.142488 9.9964E-05 0.029494 9.9964E-05
9.9928E-05 9.9928E-05 9.9928E-05 0.24245 9.9928E-05 9.9928E-05 0.235875 9.9928E-05 0.520875 9.9928E-05 9.9928E-05
9.9928E-05 9.9928E-05 9.9928E-05 9.9928E-05 9.9928E-05 0.0240288 0.940496 9.9928E-05 0.0346755 9.9928E-05 9.9928E-05
0.0436669 9.9928E-05 9.9928E-05 9.9928E-05 9.9928E-05 9.9928E-05 0.931236 0.0242972 9.9928E-05 9.9928E-05 9.9928E-05
0.00742435 9.9964E-05 0.178839 9.9964E-05 0.446192 0.00507226 0.176383 0.161883 0.0238065 9.9964E-05 9.9964E-05
0.0667054 0.0932985 9.9955E-05 9.9955E-05 0.312755 0.00682797 0.325397 0.194516 9.9955E-05 9.9955E-05 9.9955E-05
9.9928E-05 0.0415511 9.9928E-05 9.9928E-05 9.9928E-05 9.9928E-05 9.9928E-05 9.9928E-05 0.909777 9.9928E-05 0.0478725
0.0444379 9.9973E-05 9.9973E-05 0.0214251 0.0312524 0.00643201 9.9973E-05 0.210575 0.630731 0.0458746 0.00897238
0.156582 9.9955E-05 9.9955E-05 0.00809381 0.0242725 9.9955E-05 0.034201 0.215055 0.561296 9.9955E-05 9.9955E-05
9.99101E-05 9.99101E-05 9.99101E-05 9.99101E-05 9.99101E-05 9.99101E-05 9.99101E-05 9.99101E-05 0.999001 9.99101E-05 9.99101E-05
9.99101E-05 0.999001 9.99101E-05 9.99101E-05 9.99101E-05 9.99101E-05 9.99101E-05 9.99101E-05 9.99101E-05 9.99101E-05 9.99101E-05
9.9937E-05 0.962766 9.9937E-05 0.0247959 9.9937E-05 9.9937E-05 0.00202011 9.9937E-05 0.00971887 9.9937E-05 9.9937E-05
0.330484 9.9955E-05 0.371947 9.9955E-05 9.9955E-05 9.9955E-05 9.9955E-05 0.149146 0.116008 0.0267418 0.00517295
0.817234 9.9937E-05 0.0728098 9.9937E-05 9.9937E-05 9.9937E-05 9.9937E-05 9.9937E-05 0.0144371 9.9937E-05 0.0948194
0.80213 0.103501 9.9946E-05 9.9946E-05 0.0261571 9.9946E-05 0.0018848 9.9946E-05 0.0657278 9.9946E-05 9.9946E-05
9.99101E-05 9.99101E-05 0.999001 9.99101E-05 9.99101E-05 9.99101E-05 9.99101E-05 9.99101E-05 9.99101E-05 9.99101E-05 9.99101E-05
0.757259 9.9955E-05 0.0313641 0.180235 9.9955E-05 0.00292848 0.0240521 9.9955E-05 9.9955E-05 0.00366206 9.9955E-05
9.9928E-05 9.9928E-05 0.971346 9.9928E-05 9.9928E-05 9.9928E-05 0.0131734 9.9928E-05 0.0146812 9.9928E-05 9.9928E-05
0.37281 9.9946E-05 0.521501 9.9946E-05 9.9946E-05 9.9946E-05 9.9946E-05 9.9946E-05 0.00149531 0.0183653 0.0852288
0.0974436 9.9964E-05 0.436666 9.9964E-05 0.0173416 0.017675 9.9964E-05 0.21511 0.148197 9.9964E-05 0.0671673
0.0772621 0.160793 0.761145 9.9928E-05 9.9928E-05 9.9928E-05 9.9928E-05 9.9928E-05 9.9928E-05 9.9928E-05 9.9928E-05
0.154554 9.9982E-05 0.09845 0.0934051 0.0311554 9.9982E-05 0.0267286 0.323696 0.103807 0.0428295 0.125175
0.995929 9.9919E-05 9.9919E-05 9.9919E-05 9.9919E-05 9.9919E-05 9.9919E-05 0.00317212 9.9919E-05 9.9919E-05 9.9919E-05
0.873987 9.9946E-05 9.9946E-05 9.9946E-05 0.0244571 0.0163545 0.0149784 9.9946E-05 9.9946E-05 9.9946E-05 0.0696236
0.462459 0.103928 9.99461E-05 9.99461E-05 0.0376648 9.99461E-05 9.99461E-05 0.184744 9.99461E-05 9.99461E-05 0.210605
0.0814831 0.110811 9.9955E-05 9.9955E-05 0.055639 0.0169569 9.9955E-05 0.0339873 9.9955E-05 9.9955E-05 0.700623
0.248621 0.0539675 0.0528244 9.9955E-05 9.9955E-05 0.0705556 9.9955E-05 0.140234 9.9955E-05 9.9955E-05 0.433298
9.9928E-05 0.0989609 9.9928E-05 9.9928E-05 9.9928E-05 9.9928E-05 9.9928E-05 0.0527808 9.9928E-05 9.9928E-05 0.847459
0.414375 9.9946E-05 9.9946E-05 9.9946E-05 0.00861401 9.9946E-05 9.9946E-05 9.9946E-05 0.0952183 0.0818583 0.399335
0.690335 0.026309 9.9946E-05 0.059824 9.9946E-05 9.9946E-05 9.9946E-05 0.0852345 9.9946E-05 9.9946E-05 0.137698
9.9928E-05 0.0100436 9.9928E-05 9.9928E-05 9.9928E-05 9.9928E-05 0.0718253 9.9928E-05 9.9928E-05 9.9928E-05 0.917332
9.9937E-05 9.9937E-05 9.9937E-05 0.0256757 9.9937E-05 9.9937E-05 0.00063818 9.9937E-05 9.9937E-05 0.0128277 0.960159
9.99201E-05 9.99201E-05 9.99201E-05 9.99201E-05 9.99201E-05 9.99201E-05 9.99201E-05 0.093123 0.0407499 9.99201E-05 0.865328
0.0405043 9.9937E-05 0.087074 9.9937E-05 9.9937E-05 9.9937E-05 9.9937E-05 9.9937E-05 0.0500474 9.9937E-05 0.821675
0.0381518 0.100523 0.125289 9.9937E-05 9.9937E-05 9.9937E-05 9.9937E-05 9.9937E-05 9.9937E-05 9.9937E-05 0.735336
9.9955E-05 0.0422347 9.9955E-05 9.9955E-05 0.0509522 0.0638292 9.9955E-05 0.0884291 9.9955E-05 0.0174625 0.736593
9.9972E-05 0.0176006 0.0483547 9.9972E-05 9.9972E-05 0.0098132 0.0399892 0.770063 0.0371696 9.9972E-05 0.07661
0.00752625 0.113579 0.00347956 0.0463652 9.9973E-05 9.9973E-05 0.0602656 0.561734 0.0867933 9.9973E-05 0.119957
9.9955E-05 0.0476784 9.9955E-05 0.0949496 9.9955E-05 9.9955E-05 0.00341829 0.698969 0.0140231 9.9955E-05 0.140462
0.157408 9.9937E-05 9.9937E-05 0.150121 9.9937E-05 9.9937E-05 9.9937E-05 0.597286 0.0944842 9.9937E-05 9.9937E-05
9.9955E-05 0.0144908 0.02337 0.0107726 9.9955E-05 9.9955E-05 0.0547349 0.786849 9.9955E-05 9.9955E-05 0.109283
9.9937E-05 9.9937E-05 0.504112 9.9937E-05 9.9937E-05 0.0890643 9.9937E-05 0.3579 9.9937E-05 0.0482249 9.9937E-05
0.0345624 9.9946E-05 0.0646468 0.0336181 9.9946E-05 9.9946E-05 0.00705543 0.859518 9.9946E-05 9.9946E-05 9.9946E-05
9.99281E-05 0.0171869 9.99281E-05 9.99281E-05 9.99281E-05 0.0134044 9.99281E-05 0.968609 9.99281E-05 9.99281E-05 9.99281E-05
0.045654 9.9937E-05 0.0749179 9.9937E-05 9.9937E-05 0.0043124 9.9937E-05 0.874416 9.9937E-05 9.9937E-05 9.9937E-05
9.99191E-05 9.99191E-05 9.99191E-05 9.99191E-05 0.0138782 9.99191E-05 9.99191E-05 0.985223 9.99191E-05 9.99191E-05 9.99191E-05
0.000424766 9.9937E-05 9.9937E-05 9.9937E-05 0.0695595 0.0153527 9.9937E-05 0.913963 9.9937E-05 9.9937E-05 9.9937E-05
9.9937E-05 9.9937E-05 9.9937E-05 9.9937E-05 9.9937E-05 9.9937E-05 0.00878924 0.924734 0.0211734 0.0446034 9.9937E-05
9.99101E-05 9.99101E-05 9.99101E-05 9.99101E-05 9.99101E-05 9.99101E-05 9.99101E-05 0.999001 9.99101E-05 9.99101E-05 9.99101E-05
9.99201E-05 9.99201E-05 9.99201E-05 9.99201E-05 9.99201E-05 9.99201E-05 9.99201E-05 0.979665 9.99201E-05 0.00122289 0.0183132
0.0111002 9.99281E-05 9.99281E-05 9.99281E-05 9.99281E-05 9.99281E-05 0.0287855 0.959315 9.99281E-05 9.99281E-05 9.99281E-05
9.9946E-05 0.140157 0.261834 0.048833 9.9946E-05 0.0209435 9.9946E-05 0.527634 9.9946E-05 9.9946E-05 9.9946E-05
9.99371E-05 0.0129909 9.99371E-05 9.99371E-05 9.99371E-05 0.00673731 9.99371E-05 0.973983 9.99371E-05 0.0055891 9.99371E-05
0.0722249 0.0575304 0.0388997 0.0398757 0.00164521 0.060071 9.9991E-05 0.602197 0.0284665 0.0018945 0.0970954
0.00878511 0.00263583 0.00368455 9.9982E-05 0.0672084 0.531199 0.0145904 0.309976 0.0192307 9.9982E-05 0.0424897
9.99101E-05 9.99101E-05 9.99101E-05 9.99101E-05 9.99101E-05 0.999001 9.99101E-05 9.99101E-05 9.99101E-05 9.99101E-05 9.99101E-05
0.153424 9.9964E-05 9.9964E-05 9.9964E-05 0.106962 0.0533993 9.9964E-05 0.575026 0.0148605 0.0034555 0.0924729
