9.98831E-05 0.998702 9.98831E-05 9.98831E-05 9.98831E-05 9.98831E-05 9.98831E-05 9.98831E-05 9.98831E-05 9.98831E-05 9.98831E-05 9.98831E-05 9.98831E-05 9.98831E-05
9.9937E-05 0.0975568 0.0736453 9.9937E-05 9.9937E-05 9.9937E-05 0.114392 0.601882 9.9937E-05 0.0494186 0.0130927 9.9937E-05 9.9937E-05 0.0493131
9.98831E-05 9.98831E-05 0.998702 9.98831E-05 9.98831E-05 9.98831E-05 9.98831E-05 9.98831E-05 9.98831E-05 9.98831E-05 9.98831E-05 9.98831E-05 9.98831E-05 9.98831E-05
9.9928E-05 9.9928E-05 0.792755 9.9928E-05 0.018636 0.0202859 9.9928E-05 9.9928E-05 9.9928E-05 0.0772679 0.0139072 9.9928E-05 0.0763481 9.9928E-05
9.98921E-05 9.98921E-05 9.98921E-05 9.98921E-05 9.98921E-05 9.98921E-05 0.964146 9.98921E-05 9.98921E-05 9.98921E-05 9.98921E-05 0.0346553 9.98921E-05 9.98921E-05
9.98831E-05 9.98831E-05 9.98831E-05 9.98831E-05 9.98831E-05 9.98831E-05 9.98831E-05 0.998702 9.98831E-05 9.98831E-05 9.98831E-05 9.98831E-05 9.98831E-05 9.98831E-05
0.0103299 9.98921E-05 9.98921E-05 9.98921E-05 9.98921E-05 9.98921E-05 9.98921E-05 0.988471 9.98921E-05 9.98921E-05 9.98921E-05 9.98921E-05 9.98921E-05 9.98921E-05
9.98831E-05 9.98831E-05 9.98831E-05 9.98831E-05 9.98831E-05 9.98831E-05 0.998702 9.98831E-05 9.98831E-05 9.98831E-05 9.98831E-05 9.98831E-05 9.98831E-05 9.98831E-05
0.219669 9.9946E-05 0.271438 9.9946E-05 0.0145337 9.9946E-05 0.00611563 0.396441 0.0461327 9.9946E-05 9.9946E-05 0.00369468 0.0413745 9.9946E-05
9.9946E-05 0.1271 0.121578 0.000490099 9.9946E-05 9.9946E-05 0.336849 9.9946E-05 0.156916 0.065189 0.0369563 9.9946E-05 9.9946E-05 0.154321
9.99011E-05 9.99011E-05 9.99011E-05 9.99011E-05 9.99011E-05 0.0311275 9.99011E-05 9.99011E-05 9.99011E-05 9.99011E-05 0.0278644 9.99011E-05 0.939909 9.99011E-05
9.98921E-05 9.98921E-05 9.98921E-05 0.0610138 9.98921E-05 9.98921E-05 9.98921E-05 9.98921E-05 9.98921E-05 9.98921E-05 9.98921E-05 9.98921E-05 0.937788 9.98921E-05
9.99101E-05 9.99101E-05 0.102363 9.99101E-05 9.99101E-05 0.820362 0.0532221 9.99101E-05 9.99101E-05 9.99101E-05 9.99101E-05 9.99101E-05 0.0230542 9.99101E-05
9.98831E-05 9.98831E-05 9.98831E-05 0.998702 9.98831E-05 9.98831E-05 9.98831E-05 9.98831E-05 9.98831E-05 9.98831E-05 9.98831E-05 9.98831E-05 9.98831E-05 9.98831E-05
9.9946E-05 9.9946E-05 0.0551642 0.333348 9.9946E-05 0.0921806 9.9946E-05 9.9946E-05 0.0250156 0.126899 0.0363397 0.301847 0.0286062 9.9946E-05
9.9919E-05 0.0117195 9.9919E-05 0.0171295 0.0514702 9.9919E-05 9.9919E-05 9.9919E-05 9.9919E-05 0.199513 9.9919E-05 9.9919E-05 0.719268 9.9919E-05
9.99011E-05 9.99011E-05 9.99011E-05 9.99011E-05 0.164109 0.773345 9.99011E-05 9.99011E-05 9.99011E-05 9.99011E-05 9.99011E-05 0.0614468 9.99011E-05 9.99011E-05
9.99147E-05 9.99147E-05 9.99147E-05 9.99147E-05 9.99147E-05 9.99147E-05 9.99147E-05 9.99147E-05 0.0625792 0.738123 9.99147E-05 0.027715 9.99147E-05 0.170583
0.0239684 9.9928E-05 0.00714897 0.755887 9.9928E-05 0.0842899 9.9928E-05 9.9928E-05 9.9928E-05 9.9928E-05 9.9928E-05 0.105756 0.0221506 9.9928E-05
9.98831E-05 9.98831E-05 9.98831E-05 9.98831E-05 9.98831E-05 9.98831E-05 9.98831E-05 9.98831E-05 9.98831E-05 0.998702 9.98831E-05 9.98831E-05 9.98831E-05 9.98831E-05
9.9928E-05 0.0565015 9.9928E-05 9.9928E-05 0.0854138 0.0632056 9.9928E-05 9.9928E-05 9.9928E-05 0.649419 9.9928E-05 0.0320178 9.9928E-05 0.112642
9.9937E-05 0.100315 9.9937E-05 9.9937E-05 9.9937E-05 9.9937E-05 0.208952 0.0110971 0.026298 0.103935 9.9937E-05 0.207408 0.341294 9.9937E-05
9.98831E-05 9.98831E-05 9.98831E-05 9.98831E-05 9.98831E-05 0.998702 9.98831E-05 9.98831E-05 9.98831E-05 9.98831E-05 9.98831E-05 9.98831E-05 9.98831E-05 9.98831E-05
9.9883E-05 9.9883E-05 9.9883E-05 9.9883E-05 0.998702 9.9883E-05 9.9883E-05 9.9883E-05 9.9883E-05 9.9883E-05 9.9883E-05 9.9883E-05 9.9883E-05 9.9883E-05
9.9937E-05 9.9937E-05 9.9937E-05 0.735706 9.9937E-05 9.9937E-05 9.9937E-05 9.9937E-05 0.0755448 0.015844 0.00821648 0.01532 0.122642 0.0260271
9.991E-05 0.0800103 9.991E-05 0.823939 0.0329937 9.991E-05 9.991E-05 9.991E-05 9.991E-05 9.991E-05 9.991E-05 9.991E-05 9.991E-05 0.0620582
9.98831E-05 9.98831E-05 9.98831E-05 9.98831E-05 9.98831E-05 9.98831E-05 9.98831E-05 9.98831E-05 9.98831E-05 9.98831E-05 9.98831E-05 0.998702 9.98831E-05 9.98831E-05
0.00225187 0.0219687 0.0103466 0.0202693 9.9964E-05 0.0498181 0.032495 9.9964E-05 9.9964E-05 9.9964E-05 0.0054562 0.49435 0.0887259 0.273918
9.9928E-05 9.9928E-05 9.9928E-05 0.149704 9.9928E-05 9.9928E-05 9.9928E-05 0.0772194 0.0517919 9.9928E-05 9.9928E-05 0.558584 0.00528332 0.156619
9.98831E-05 9.98831E-05 9.98831E-05 9.98831E-05 9.98831E-05 9.98831E-05 9.98831E-05 9.98831E-05 9.98831E-05 9.98831E-05 9.98831E-05 0.998702 9.98831E-05 9.98831E-05
0.182468 9.991E-05 0.320743 9.991E-05 9.991E-05 9.991E-05 9.991E-05 9.991E-05 0.260326 9.991E-05 9.991E-05 9.991E-05 9.991E-05 0.235464
0.232354 0.0217719 0.286272 9.9928E-05 9.9928E-05 9.9928E-05 9.9928E-05 9.9928E-05 0.129538 9.9928E-05 9.9928E-05 0.146403 9.9928E-05 0.182861
0.0332879 9.9919E-05 9.9919E-05 0.0808172 9.9919E-05 9.9919E-05 9.9919E-05 9.9919E-05 0.760389 9.9919E-05 9.9919E-05 0.0147863 9.9919E-05 0.10982
0.1662 9.9919E-05 9.9919E-05 9.9919E-05 0.0848292 9.9919E-05 9.9919E-05 0.0152255 0.64514 9.9919E-05 9.9919E-05 0.0877065 9.9919E-05 9.9919E-05
9.9919E-05 9.9919E-05 9.9919E-05 0.0098639 9.9919E-05 9.9919E-05 9.9919E-05 9.9919E-05 0.715272 0.0578103 9.9919E-05 0.170266 0.045888 9.9919E-05
9.99101E-05 0.0210736 9.99101E-05 9.99101E-05 9.99101E-05 0.0304868 9.99101E-05 9.99101E-05 0.93693 9.99101E-05 0.0105102 9.99101E-05 9.99101E-05 9.99101E-05
9.9928E-05 0.0307024 9.9928E-05 9.9928E-05 9.9928E-05 9.9928E-05 0.19802 0.00845979 0.683229 0.0761801 9.9928E-05 9.9928E-05 0.00260913 9.9928E-05
0.0146079 0.032762 9.9928E-05 9.9928E-05 9.9928E-05 0.107778 9.9928E-05 9.9928E-05 0.719384 9.9928E-05 9.9928E-05 0.0755712 9.9928E-05 0.0490976
9.99011E-05 9.99011E-05 9.99011E-05 9.99011E-05 9.99011E-05 9.99011E-05 9.99011E-05 9.99011E-05 0.986483 0.00530149 0.00711703 9.99011E-05 9.99011E-05 9.99011E-05
0.00200654 0.0559178 9.9946E-05 9.9946E-05 9.9946E-05 9.9946E-05 9.9946E-05 9.9946E-05 0.568313 0.0238343 0.0172562 0.0194543 0.0615776 0.25104
9.99101E-05 9.99101E-05 9.99101E-05 9.99101E-05 0.00754796 9.99101E-05 9.99101E-05 0.0754654 0.874871 9.99101E-05 9.99101E-05 9.99101E-05 9.99101E-05 0.0411163
0.0752718 0.0909803 9.9946E-05 0.119068 9.9946E-05 9.9946E-05 9.9946E-05 9.9946E-05 0.412659 9.9946E-05 0.000369633 0.00229058 0.0945643 0.204196
9.9928E-05 9.9928E-05 9.9928E-05 9.9928E-05 0.0467512 9.9928E-05 9.9928E-05 0.0182489 0.755049 0.0042455 9.9928E-05 0.0611209 9.9928E-05 0.113785
0.0690032 9.9937E-05 9.9937E-05 9.9937E-05 0.0991828 9.9937E-05 0.013097 9.9937E-05 0.665839 9.9937E-05 0.0159485 9.9937E-05 0.0817463 0.054484
0.230002 0.014743 0.0016925 9.99281E-05 9.99281E-05 0.0927655 9.99281E-05 9.99281E-05 0.422117 9.99281E-05 9.99281E-05 9.99281E-05 9.99281E-05 0.23788
0.644418 0.00603747 9.9946E-05 0.100709 9.9946E-05 9.9946E-05 9.9946E-05 0.0679225 0.0307728 9.9946E-05 0.00466558 0.024244 9.9946E-05 0.120631
0.748343 9.99101E-05 9.99101E-05 9.99101E-05 0.165898 9.99101E-05 9.99101E-05 9.99101E-05 9.99101E-05 9.99101E-05 0.0368512 9.99101E-05 9.99101E-05 0.0479092
0.834524 9.99011E-05 9.99011E-05 9.99011E-05 9.99011E-05 9.99011E-05 9.99011E-05 9.99011E-05 0.0104595 9.99011E-05 9.99011E-05 9.99011E-05 9.99011E-05 0.153917
0.519112 9.99201E-05 0.0107212 0.164557 9.99201E-05 9.99201E-05 0.150834 9.99201E-05 0.15111 9.99201E-05 9.99201E-05 0.0028664 9.99201E-05 9.99201E-05
0.374853 0.00705218 0.0246844 0.0125978 9.9946E-05 9.9946E-05 0.134486 9.9946E-05 0.316011 9.9946E-05 9.9946E-05 9.9946E-05 0.0297596 0.0999565
0.837587 9.99011E-05 9.99011E-05 9.99011E-05 9.99011E-05 9.99011E-05 9.99011E-05 9.99011E-05 9.99011E-05 0.0797744 9.99011E-05 9.99011E-05 9.99011E-05 0.0815398
0.929323 0.0556566 9.99011E-05 0.013921 9.99011E-05 9.99011E-05 9.99011E-05 9.99011E-05 9.99011E-05 9.99011E-05 9.99011E-05 9.99011E-05 9.99011E-05 9.99011E-05
0.783522 0.0393909 9.99101E-05 9.99101E-05 9.99101E-05 0.00545055 9.99101E-05 9.99101E-05 9.99101E-05 9.99101E-05 9.99101E-05 9.99101E-05 9.99101E-05 0.170638
0.783054 0.0122133 9.9919E-05 9.9919E-05 9.9919E-05 9.9919E-05 9.9919E-05 9.9919E-05 0.0577707 9.9919E-05 9.9919E-05 0.119419 9.9919E-05 0.0266438
0.879459 9.9901E-05 9.9901E-05 0.0271482 9.9901E-05 9.9901E-05 9.9901E-05 9.9901E-05 0.0922943 9.9901E-05 9.9901E-05 9.9901E-05 9.9901E-05 9.9901E-05
0.877616 9.99191E-05 0.0229588 9.99191E-05 9.99191E-05 9.99191E-05 9.99191E-05 9.99191E-05 9.99191E-05 9.99191E-05 0.043654 0.0525038 9.99191E-05 0.00236831
0.0758844 9.9946E-05 0.0604217 0.0701336 9.9946E-05 9.9946E-05 0.000116177 9.9946E-05 9.9946E-05 0.0438289 0.02434 0.00188325 9.9946E-05 0.722792
0.103922 9.9937E-05 9.9937E-05 9.9937E-05 9.9937E-05 0.0727669 9.9937E-05 0.0624698 0.0055217 0.0452079 9.9937E-05 0.0351319 9.9937E-05 0.67428
0.0469665 9.9919E-05 0.035307 9.9919E-05 9.9919E-05 0.0645536 9.9919E-05 0.0698357 9.9919E-05 9.9919E-05 9.9919E-05 9.9919E-05 9.9919E-05 0.782438
0.0174297 0.00619381 9.9946E-05 9.9946E-05 9.9946E-05 9.9946E-05 0.114217 0.0504976 0.0290289 9.9946E-05 9.9946E-05 0.0669945 0.060227 0.654812
0.0962109 9.9919E-05 9.9919E-05 9.9919E-05 0.0268176 9.9919E-05 9.9919E-05 0.0414746 9.9919E-05 0.00430708 9.9919E-05 9.9919E-05 9.9919E-05 0.830291
9.99281E-05 9.99281E-05 0.00337123 9.99281E-05 0.00461547 9.99281E-05 9.99281E-05 0.0901592 0.404052 9.99281E-05 0.118001 9.99281E-05 9.99281E-05 0.379002
9.99191E-05 0.0404268 9.99191E-05 9.99191E-05 0.0206854 9.99191E-05 9.99191E-05 9.99191E-05 0.0759977 9.99191E-05 9.99191E-05 9.99191E-05 0.0283175 0.833673
9.98922E-05 9.98922E-05 9.98922E-05 9.98922E-05 9.98922E-05 9.98922E-05 9.98922E-05 9.98922E-05 9.98922E-05 9.98922E-05 0.00095903 9.98922E-05 9.98922E-05 0.997842
9.991E-05 9.991E-05 9.991E-05 9.991E-05 9.991E-05 9.991E-05 9.991E-05 9.991E-05 0.0865826 9.991E-05 0.00401131 9.991E-05 0.0250272 0.88338
9.99101E-05 0.00181599 9.99101E-05 9.99101E-05 9.99101E-05 0.00734128 9.99101E-05 9.99101E-05 9.99101E-05 9.99101E-05 9.99101E-05 9.99101E-05 0.0373018 0.952542
9.98921E-05 9.98921E-05 9.98921E-05 9.98921E-05 9.98921E-05 9.98921E-05 9.98921E-05 9.98921E-05 9.98921E-05 9.98921E-05 9.98921E-05 0.00455471 9.98921E-05 0.994247
0.0151599 9.9928E-05 0.00493751 0.00766388 9.9928E-05 9.9928E-05 9.9928E-05 9.9928E-05 9.9928E-05 9.9928E-05 0.00291693 9.9928E-05 0.0300842 0.938438
9.99011E-05 0.0195682 9.99011E-05 9.99011E-05 0.000782146 9.99011E-05 9.99011E-05 9.99011E-05 9.99011E-05 9.99011E-05 9.99011E-05 9.99011E-05 9.99011E-05 0.978551
9.99011E-05 9.99011E-05 0.00427761 0.00768537 9.99011E-05 9.99011E-05 9.99011E-05 9.99011E-05 9.99011E-05 9.99011E-05 9.99011E-05 9.99011E-05 9.99011E-05 0.986938
9.99011E-05 9.99011E-05 9.99011E-05 9.99011E-05 0.0192033 9.99011E-05 9.99011E-05 9.99011E-05 0.00341821 9.99011E-05 9.99011E-05 9.99011E-05 9.99011E-05 0.97628
0.00534694 9.99371E-05 9.99371E-05 0.0540787 9.99371E-05 9.99371E-05 0.0573321 0.0739558 0.11636 9.99371E-05 0.0186411 9.99371E-05 9.99371E-05 0.673586
0.0365889 9.99011E-05 0.0231042 9.99011E-05 9.99011E-05 9.99011E-05 9.99011E-05 9.99011E-05 9.99011E-05 9.99011E-05 9.99011E-05 9.99011E-05 9.99011E-05 0.939208
9.9946E-05 0.0702203 9.9946E-05 0.0365924 9.9946E-05 9.9946E-05 9.9946E-05 0.00542899 0.0914429 0.0193311 0.046132 0.0120264 9.9946E-05 0.718226
0.0615347 9.9946E-05 0.0106984 0.0490982 9.9946E-05 0.0194626 0.0114266 9.9946E-05 9.9946E-05 0.00606224 0.541128 9.9946E-05 9.9946E-05 0.29999
9.98831E-05 9.98831E-05 9.98831E-05 9.98831E-05 9.98831E-05 9.98831E-05 9.98831E-05 9.98831E-05 9.98831E-05 9.98831E-05 0.998702 9.98831E-05 9.98831E-05 9.98831E-05
0.0174975 0.023888 0.0215204 9.9955E-05 0.0370602 0.00329705 9.9955E-05 9.9955E-05 0.183612 9.9955E-05 0.0423389 0.0235964 9.9955E-05 0.64669
