9.998E-05 9.998E-05 9.998E-05 0.9997
9.9982E-05 9.9982E-05 0.105955 0.893845
0.0394709 9.9991E-05 0.0746053 0.885824
0.164444 0.285845 9.9991E-05 0.549612
0.0607255 9.9991E-05 0.109863 0.829312
9.9982E-05 0.099665 9.9982E-05 0.900135
0.086324 9.9982E-05 9.9982E-05 0.913476
0.0520747 0.0703381 9.9991E-05 0.877487
0.359737 0.0314505 9.9991E-05 0.608712
0.0581059 0.000369864 0.302166 0.639358
0.0287669 0.945507 0.025626 9.9991E-05
0.0221652 0.975056 0.0026788 9.9991E-05
9.9982E-05 0.815618 9.9982E-05 0.184183
0.103749 0.777217 0.0617098 0.0573247
9.999E-05 0.769934 0.142237 0.087729
9.998E-05 0.9997 9.998E-05 9.998E-05
9.998E-05 0.9997 9.998E-05 9.998E-05
0.138038 0.727917 0.133945 9.9991E-05
0.214077 0.775432 0.0103906 9.9991E-05
9.9982E-05 0.962165 9.9982E-05 0.0376352
0.0265082 0.75031 0.0942376 0.128945
0.0426875 0.651485 9.9991E-05 0.305728
9.9982E-05 0.979207 9.9982E-05 0.0205926
0.0760842 0.859969 0.0638464 9.9991E-05
9.9982E-05 0.820679 0.179121 9.9982E-05
0.150244 0.636549 0.106508 0.106699
0.402292 0.597508 9.9982E-05 9.9982E-05
0.0914104 0.504636 0.353221 0.050733
0.102679 0.558402 0.320295 0.018623
9.9982E-05 0.689719 0.310081 9.9982E-05
0.828441 0.00614505 0.113729 0.0516852
0.623788 0.0891812 0.116483 0.170548
0.777705 0.151494 0.0707009 9.9991E-05
0.898289 0.101511 9.9982E-05 9.9982E-05
0.648896 0.350904 9.9982E-05 9.9982E-05
0.804732 0.0347567 0.0798864 0.0806245
0.68202 0.118028 0.000699468 0.199252
0.598356 0.252223 0.105039 0.0443818
0.93048 0.0693197 9.9982E-05 9.9982E-05
0.490318 0.166559 0.343023 9.9991E-05
0.869984 0.00145562 0.0864501 0.0421101
0.487327 0.102721 0.301399 0.108553
0.700727 0.166085 0.110932 0.0222564
0.715376 0.220138 0.0643858 9.9991E-05
0.7996 9.9982E-05 0.2002 9.9982E-05
0.874654 0.0479762 0.0481524 0.0292176
0.927642 9.9982E-05 0.0721584 9.9982E-05
0.974837 9.9982E-05 0.024963 9.9982E-05
0.780067 0.0913154 0.0224383 0.106179
0.808034 0.0166222 0.0863298 0.0890136
0.924922 9.9982E-05 0.0748784 9.9982E-05
0.9997 9.998E-05 9.998E-05 9.998E-05
0.811077 9.9991E-05 0.165995 0.0228284
0.968011 9.9982E-05 0.0317888 9.9982E-05
0.9997 9.998E-05 9.998E-05 9.998E-05
0.799834 9.9982E-05 0.199966 9.9982E-05
0.140758 0.0246624 0.792607 0.0419728
0.221881 0.169305 0.521433 0.0873811
0.220559 9.9991E-05 0.718341 0.0610002
0.262853 0.00592882 0.569051 0.162167
0.19465 0.0566273 0.748622 9.9991E-05
0.426818 9.9991E-05 0.527039 0.0460429
0.231955 9.9991E-05 0.75368 0.0142649
9.998E-05 9.998E-05 0.9997 9.998E-05
0.130412 0.0367022 0.832786 9.9991E-05
9.998E-05 9.998E-05 0.9997 9.998E-05
9.998E-05 9.998E-05 0.9997 9.998E-05
0.00307511 0.0472403 0.949585 9.9991E-05
9.9982E-05 0.0413099 0.95849 9.9982E-05
0.104999 9.9982E-05 0.894801 9.9982E-05
0.0642528 9.9982E-05 0.935547 9.9982E-05
0.315989 9.9991E-05 0.593652 0.0902586
0.0914761 9.9991E-05 0.900818 0.00760562
0.237106 0.0420772 0.720716 9.9991E-05
9.998E-05 9.998E-05 0.9997 9.998E-05
9.998E-05 9.998E-05 0.9997 9.998E-05
0.177988 0.0381523 0.732809 0.0510501
