0.9997 9.998E-05 9.998E-05 9.998E-05
0.566558 0.204073 0.118032 0.111336
0.554104 0.258276 0.0712074 0.116413
0.526372 0.466646 9.9991E-05 0.0068817
0.365036 0.634764 9.9982E-05 9.9982E-05
0.447841 0.448354 0.0262149 0.077591
0.637787 0.316224 9.9991E-05 0.045889
0.540583 0.332308 0.0463237 0.0807861
0.482759 0.443196 0.000637367 0.073408
0.9997 9.998E-05 9.998E-05 9.998E-05
0.9997 9.998E-05 9.998E-05 9.998E-05
0.9997 9.998E-05 9.998E-05 9.998E-05
0.9997 9.998E-05 9.998E-05 9.998E-05
0.978017 0.0118397 9.9991E-05 0.010043
0.9997 9.998E-05 9.998E-05 9.998E-05
0.387017 0.547356 9.9991E-05 0.0655274
0.348152 0.559859 0.0146979 0.0772907
0.499268 0.495936 9.9991E-05 0.00469615
0.277922 0.721878 9.9982E-05 9.9982E-05
0.22745 0.77235 9.9982E-05 9.9982E-05
0.385911 0.613889 9.9982E-05 9.9982E-05
0.263353 0.643167 0.0317946 0.0616855
0.266219 0.661549 9.9991E-05 0.0721315
0.335825 0.647999 0.00642344 0.00975264
0.301322 0.698478 9.9982E-05 9.9982E-05
0.190451 0.80935 9.9982E-05 9.9982E-05
0.254098 0.679119 9.9991E-05 0.0666829
0.302135 0.638398 9.9991E-05 0.0593678
0.293635 0.693311 9.9991E-05 0.0129544
0.412225 0.587575 9.9982E-05 9.9982E-05
0.331953 0.661757 0.00619072 9.9991E-05
0.249319 0.713031 9.9991E-05 0.0375508
0.237416 0.694078 9.9991E-05 0.0684062
0.285615 0.641762 0.00745355 0.0651693
0.271055 0.651711 9.9991E-05 0.0771337
0.394671 0.577693 9.9991E-05 0.0275359
0.137219 0.843874 9.9991E-05 0.0188061
0.144971 0.825714 9.9991E-05 0.029215
0.180695 0.730561 0.0257443 0.0629998
0.208198 0.791602 9.9982E-05 9.9982E-05
0.0837868 0.765906 0.0619357 0.088372
0.0772883 0.802125 0.0238254 0.0967608
0.193973 0.587267 0.0716996 0.14706
0.064841 0.805541 0.0412386 0.0883794
0.0443685 0.882391 9.9991E-05 0.0731409
0.08003 0.872975 9.9991E-05 0.0468953
0.0794078 0.869162 9.9991E-05 0.0513307
0.149388 0.799159 9.9991E-05 0.0513523
0.139357 0.812579 9.9991E-05 0.0479638
0.270114 0.650762 0.0409674 0.038156
0.168423 0.716868 0.0274822 0.0872268
0.0908101 0.820292 9.9991E-05 0.0887982
0.0841084 0.858241 9.9991E-05 0.0575506
0.124038 0.875762 9.9982E-05 9.9982E-05
0.120012 0.821066 0.0436634 0.0152585
0.0796516 0.792195 0.00328034 0.124873
0.179017 0.758084 9.9991E-05 0.0627988
0.0804479 0.854285 0.0428162 0.0224509
0.123469 0.816921 9.9991E-05 0.0595097
0.162532 0.807374 0.0105302 0.0195632
0.0962488 0.895552 9.9991E-05 0.00809923
0.0757144 0.902014 0.0221717 9.9991E-05
0.0880618 0.790928 0.0387713 0.0822387
0.0257125 0.901769 0.00237382 0.0701448
0.0688749 0.930925 9.9982E-05 9.9982E-05
0.0567182 0.85474 9.9991E-05 0.0884419
0.02117 0.910923 0.0494366 0.0184699
0.0255792 0.866783 0.0342398 0.0733977
0.13226 0.823739 9.9991E-05 0.0439015
0.047436 0.853584 9.9991E-05 0.0988796
0.120657 0.75882 0.0416065 0.0789171
0.0366359 0.78959 0.0587126 0.115061
0.154997 0.79806 9.9991E-05 0.046843
0.0988522 0.855945 9.9991E-05 0.0451024
0.0800956 0.871884 0.0221956 0.025825
0.0412713 0.958529 9.9982E-05 9.9982E-05
0.0294407 0.847696 0.0198584 0.103004
0.0896993 0.717013 0.149695 0.043593
0.0145838 0.817718 0.11553 0.0521686
9.9991E-05 0.860544 0.111512 0.0278444
0.00313235 0.85837 0.0701134 0.068384
9.9991E-05 0.861305 0.11281 0.0257845
9.9991E-05 0.839842 0.109933 0.0501245
0.0348321 0.814155 0.150913 9.9991E-05
0.0307713 0.692165 0.191067 0.0859965
0.026583 0.680147 0.180079 0.113191
0.0908818 0.726461 0.0912232 0.0914343
0.049647 0.827793 0.107646 0.0149133
0.0418785 0.722205 0.170465 0.0654508
0.0362036 0.798242 0.106629 0.058925
0.0554787 0.719788 0.157916 0.0668176
0.070053 0.725948 0.130081 0.0739181
0.0514939 0.624144 0.21045 0.113913
9.998E-05 9.998E-05 0.9997 9.998E-05
0.0476622 0.0050376 0.9472 9.9991E-05
0.00391416 0.115069 0.880917 9.9991E-05
9.9982E-05 9.9982E-05 0.996578 0.00322163
9.998E-05 9.998E-05 0.9997 9.998E-05
9.998E-05 9.998E-05 0.9997 9.998E-05
9.998E-05 9.998E-05 0.9997 9.998E-05
0.0468731 0.00143721 0.895671 0.0560184
9.998E-05 9.998E-05 0.9997 9.998E-05
9.998E-05 9.998E-05 0.9997 9.998E-05
9.9991E-05 0.803322 0.118608 0.0779697
9.9982E-05 0.0971734 0.902627 9.9982E-05
9.998E-05 9.998E-05 0.9997 9.998E-05
9.998E-05 9.998E-05 0.9997 9.998E-05
9.9982E-05 0.900761 0.0990389 9.9982E-05
9.9991E-05 0.874057 0.0814667 0.0443766
9.9991E-05 0.834509 0.110451 0.0549399
9.9991E-05 0.831615 0.131043 0.0372417
9.9991E-05 0.846206 0.10256 0.0511339
9.9982E-05 0.894711 0.105089 9.9982E-05
0.00618123 0.833718 0.144153 0.0159472
9.9982E-05 0.863662 0.136138 9.9982E-05
9.9991E-05 0.661365 0.249752 0.0887831
9.9991E-05 0.726709 0.214752 0.0584391
9.9991E-05 0.811918 0.108829 0.079153
9.9991E-05 0.744953 0.196406 0.058542
9.9991E-05 0.839417 0.0456768 0.114806
9.9991E-05 0.808703 0.115623 0.0755743
9.9982E-05 0.967468 0.0323317 9.9982E-05
9.9982E-05 0.932028 0.0677724 9.9982E-05
9.998E-05 0.9997 9.998E-05 9.998E-05
9.998E-05 0.9997 9.998E-05 9.998E-05
9.9982E-05 0.97784 0.0219602 9.9982E-05
9.9982E-05 0.974566 0.0252339 9.9982E-05
9.9982E-05 0.974312 0.0254881 9.9982E-05
9.9982E-05 0.967779 0.0320208 9.9982E-05
9.9982E-05 0.992573 9.9982E-05 0.00722689
9.9982E-05 0.984951 0.0148487 9.9982E-05
9.9982E-05 0.947252 0.0525477 9.9982E-05
9.9982E-05 0.97661 0.0231901 9.9982E-05
9.9991E-05 0.904749 0.03729 0.057861
9.998E-05 9.998E-05 9.998E-05 0.9997
9.9991E-05 0.733653 0.176286 0.0899606
9.998E-05 9.998E-05 9.998E-05 0.9997
9.998E-05 9.998E-05 9.998E-05 0.9997
9.9991E-05 0.00578917 0.0464518 0.947659
0.0167301 0.186301 0.0061945 0.790775
9.998E-05 9.998E-05 9.998E-05 0.9997
9.9991E-05 0.0897599 0.0204651 0.889675
9.9982E-05 9.9982E-05 0.0123176 0.987482
9.998E-05 9.998E-05 9.998E-05 0.9997
9.998E-05 9.998E-05 9.998E-05 0.9997
9.9991E-05 0.0014274 0.00156681 0.996906
9.9991E-05 0.0143341 0.0134563 0.97211
9.9991E-05 0.11361 0.0385616 0.847728
9.9982E-05 0.0316767 9.9982E-05 0.968123
9.9991E-05 0.083494 0.0326275 0.883779
0.0160665 0.0859319 9.9991E-05 0.897902
0.0093465 0.138801 9.9991E-05 0.851753
9.9982E-05 0.0759298 9.9982E-05 0.92387
0.00491182 0.866771 0.0887742 0.0395433
0.0241497 0.826938 0.107749 0.041163
0.0477978 0.740088 0.137643 0.074471
0.0387117 0.828193 0.112339 0.0207555
9.9991E-05 0.788922 0.188666 0.0223114
9.9991E-05 0.812 0.18421 0.00368951
9.9991E-05 0.800283 0.170087 0.0295299
9.9991E-05 0.788303 0.191443 0.0201544
9.9991E-05 0.790919 0.188746 0.0202349
9.9991E-05 0.778781 0.178289 0.04283
9.9991E-05 0.793223 0.19183 0.0148472
9.9991E-05 0.805462 0.150209 0.0442284
9.9991E-05 0.829748 0.122006 0.0481466
9.998E-05 0.9997 9.998E-05 9.998E-05
9.998E-05 0.9997 9.998E-05 9.998E-05
9.998E-05 0.9997 9.998E-05 9.998E-05
9.998E-05 0.9997 9.998E-05 9.998E-05
9.998E-05 0.9997 9.998E-05 9.998E-05
0.0514657 0.948334 9.9982E-05 9.9982E-05
9.998E-05 0.9997 9.998E-05 9.998E-05
9.998E-05 0.9997 9.998E-05 9.998E-05
9.998E-05 0.9997 9.998E-05 9.998E-05
0.0139232 0.985877 9.9982E-05 9.9982E-05
9.998E-05 0.9997 9.998E-05 9.998E-05
9.998E-05 0.9997 9.998E-05 9.998E-05
