9.998E-05 9.998E-05 0.9997 9.998E-05
0.117155 0.106745 0.566482 0.209618
0.135838 0.114913 0.598641 0.150609
9.9982E-05 9.9982E-05 0.559827 0.439973
9.9982E-05 9.9982E-05 0.347057 0.652743
0.0290445 0.0134529 0.45628 0.501223
0.044264 9.9991E-05 0.695702 0.259934
0.0752086 0.00597031 0.562773 0.356048
0.145824 0.0515834 0.501537 0.301055
9.998E-05 9.998E-05 0.9997 9.998E-05
9.998E-05 9.998E-05 0.9997 9.998E-05
9.998E-05 9.998E-05 0.9997 9.998E-05
9.998E-05 9.998E-05 0.9997 9.998E-05
9.998E-05 9.998E-05 0.9997 9.998E-05
9.998E-05 9.998E-05 0.9997 9.998E-05
0.0411656 0.0377711 0.41148 0.509583
0.0648259 0.0270573 0.385772 0.522345
0.0269899 0.0162006 0.492892 0.463917
9.9982E-05 9.9982E-05 0.292627 0.707173
0.0250986 9.9991E-05 0.264654 0.710147
0.00291623 9.9991E-05 0.432334 0.564649
0.0842481 9.9991E-05 0.26969 0.645962
0.0481558 9.9991E-05 0.271024 0.68072
0.0261399 9.9991E-05 0.321062 0.652698
9.9982E-05 9.9982E-05 0.322098 0.677702
9.9982E-05 9.9982E-05 0.19687 0.80293
0.0706323 9.9991E-05 0.233244 0.696024
0.0565772 9.9991E-05 0.336387 0.606936
0.040646 9.9991E-05 0.293538 0.665716
9.9982E-05 9.9982E-05 0.399484 0.600316
0.000424404 9.9991E-05 0.375593 0.623883
0.0134607 9.9991E-05 0.252217 0.734222
0.0628809 9.9991E-05 0.254414 0.682605
0.106924 9.9991E-05 0.253067 0.639909
0.0570171 9.9991E-05 0.253748 0.689135
9.9982E-05 9.9982E-05 0.411361 0.588439
0.030161 9.9991E-05 0.18308 0.786659
0.0502942 9.9991E-05 0.189709 0.759897
0.0547864 0.0351453 0.194183 0.715886
9.9982E-05 9.9982E-05 0.223444 0.776356
0.0504736 0.0434909 0.0787008 0.827335
0.0643466 0.0444187 0.0560274 0.835207
0.126642 0.0542261 0.216008 0.603124
0.0660057 0.0109748 0.114859 0.80816
0.130029 9.9991E-05 0.0345661 0.835305
0.0681883 9.9991E-05 0.115922 0.815789
0.0498539 9.9991E-05 0.0932369 0.856809
0.0830668 9.9991E-05 0.124104 0.792729
0.067234 9.9991E-05 0.151405 0.781261
0.059762 0.0175676 0.283576 0.639095
0.084922 0.0199439 0.163859 0.731275
0.0701543 9.9991E-05 0.120813 0.808933
0.0386767 9.9991E-05 0.119357 0.841867
9.9991E-05 0.0135389 0.110536 0.875826
0.0261904 0.0390335 0.115246 0.81953
0.154726 9.9991E-05 0.0735177 0.771657
0.0922094 9.9991E-05 0.181829 0.725862
0.0427406 0.040852 0.0905141 0.825893
0.0944206 9.9991E-05 0.104367 0.801113
0.0431136 0.0344325 0.14335 0.779104
0.00388884 9.9991E-05 0.0934748 0.902536
0.00861224 0.0533491 0.116481 0.821557
0.131926 0.00493588 0.0992807 0.763857
0.0704039 0.0189043 0.0126696 0.898022
9.9982E-05 9.9982E-05 0.107316 0.892484
0.10698 9.9991E-05 0.0317578 0.861163
0.0304598 0.0597179 0.0392233 0.870599
0.119278 0.0405921 0.0397248 0.800405
0.0629858 9.9991E-05 0.132244 0.80467
0.112237 0.0130553 0.0256363 0.849072
0.0947447 0.0737578 0.144818 0.686679
0.043701 0.0432544 0.0353793 0.877665
0.0437782 9.9991E-05 0.158142 0.79798
0.0119337 9.9991E-05 0.115194 0.872772
0.063339 9.9991E-05 0.0923905 0.844171
0.0325484 0.0303274 0.0609733 0.876151
0.105875 0.0655621 0.0768001 0.751763
0.0854331 0.104618 0.0794517 0.730497
0.0948672 0.064409 9.9991E-05 0.840624
0.052181 0.116409 9.9991E-05 0.831309
0.0826649 0.046348 0.00922041 0.861767
0.046217 0.120534 9.9991E-05 0.833149
0.0282701 0.0853563 9.9991E-05 0.886274
0.0356813 0.113131 0.0692308 0.781957
0.0497189 0.226477 0.0135602 0.710244
0.0903519 0.177771 0.0281582 0.703718
0.0770378 0.0961144 0.120424 0.706424
9.9991E-05 0.133339 0.0501526 0.816408
0.106015 0.102958 0.0121449 0.778882
0.0971389 0.0830548 0.013109 0.806697
0.102225 0.123991 0.0826705 0.691113
0.11459 0.138794 0.0643668 0.682249
0.0667824 0.217744 0.0444053 0.671068
9.998E-05 0.9997 9.998E-05 9.998E-05
0.0246667 0.957062 0.0181716 9.9991E-05
9.9991E-05 0.858158 0.0304683 0.111273
9.998E-05 0.9997 9.998E-05 9.998E-05
9.998E-05 0.9997 9.998E-05 9.998E-05
9.998E-05 0.9997 9.998E-05 9.998E-05
9.998E-05 0.9997 9.998E-05 9.998E-05
0.0292729 0.873819 0.0260527 0.0708558
9.998E-05 0.9997 9.998E-05 9.998E-05
9.998E-05 0.9997 9.998E-05 9.998E-05
0.0478147 0.102577 9.9991E-05 0.849508
9.9982E-05 0.886063 9.9982E-05 0.113737
0.00384014 0.995372 9.9991E-05 0.00068827
9.998E-05 0.9997 9.998E-05 9.998E-05
0.0461561 0.116262 9.9991E-05 0.837482
0.0685577 0.136117 9.9991E-05 0.795225
0.0307046 0.138049 9.9991E-05 0.831146
0.0352772 0.168227 9.9991E-05 0.796396
0.0467432 0.135249 9.9991E-05 0.817908
0.00746102 0.103213 9.9991E-05 0.889226
0.068488 0.186005 0.00876155 0.736745
0.00208577 0.164991 9.9991E-05 0.832824
0.0780711 0.218504 9.9991E-05 0.703325
0.0682156 0.216573 9.9991E-05 0.715112
0.0404912 0.108941 9.9991E-05 0.850467
0.0717011 0.208581 9.9991E-05 0.719618
0.06054 0.0889842 9.9991E-05 0.850376
0.050269 0.161686 9.9991E-05 0.787944
9.998E-05 9.998E-05 9.998E-05 0.9997
9.9982E-05 0.0633015 9.9982E-05 0.936499
9.9982E-05 0.0161691 9.9982E-05 0.983631
9.9982E-05 0.000513602 9.9982E-05 0.999286
9.9982E-05 0.0527741 9.9982E-05 0.947026
9.9982E-05 0.0397025 9.9982E-05 0.960098
9.9982E-05 0.0377004 9.9982E-05 0.9621
9.9982E-05 0.0420004 9.9982E-05 0.9578
0.00245895 9.9982E-05 9.9982E-05 0.997341
9.9982E-05 0.0225997 9.9982E-05 0.9772
9.9982E-05 0.0967408 9.9982E-05 0.903059
9.9982E-05 0.0277059 9.9982E-05 0.972094
0.0676944 0.0782655 9.9991E-05 0.85394
0.9997 9.998E-05 9.998E-05 9.998E-05
0.127864 0.215672 9.9991E-05 0.656364
0.9997 9.998E-05 9.998E-05 9.998E-05
0.9997 9.998E-05 9.998E-05 9.998E-05
0.96247 0.0373303 9.9982E-05 9.9982E-05
0.818314 0.00263321 0.0243304 0.154722
0.9997 9.998E-05 9.998E-05 9.998E-05
0.898526 9.9982E-05 9.9982E-05 0.101274
0.994033 0.00576692 9.9982E-05 9.9982E-05
0.984368 9.9982E-05 9.9982E-05 0.0154322
0.985582 9.9982E-05 0.0142183 9.9982E-05
0.98293 9.9982E-05 9.9982E-05 0.0168702
0.958114 0.00348534 0.0150703 0.02333
0.820805 0.041502 9.9991E-05 0.137593
0.929776 0.00453692 0.0257026 0.0399849
0.879733 0.0108769 9.9991E-05 0.10929
0.872576 0.0140404 0.0225182 0.0908653
0.795445 9.9991E-05 0.0384257 0.166029
0.950648 0.0327768 9.9991E-05 0.0164748
0.0300179 0.0636305 0.0246203 0.881731
0.0487137 0.0734533 9.9991E-05 0.877733
0.0244688 0.0965392 0.0279864 0.851006
0.0423523 0.0578363 0.0509104 0.848901
0.00330533 0.124749 9.9991E-05 0.871846
0.00754871 0.135461 9.9991E-05 0.856891
0.00886183 0.148888 9.9991E-05 0.84215
0.0233788 0.157291 9.9991E-05 0.819231
0.0359452 0.153277 9.9991E-05 0.810678
0.02129 0.146817 9.9991E-05 0.831793
0.0190118 0.134878 9.9991E-05 0.84601
0.00980192 0.0968479 9.9991E-05 0.89325
0.0624002 0.0857439 9.9991E-05 0.851756
9.998E-05 9.998E-05 9.998E-05 0.9997
9.998E-05 9.998E-05 9.998E-05 0.9997
9.998E-05 9.998E-05 9.998E-05 0.9997
9.998E-05 9.998E-05 9.998E-05 0.9997
9.998E-05 9.998E-05 9.998E-05 0.9997
9.998E-05 9.998E-05 9.998E-05 0.9997
9.998E-05 9.998E-05 9.998E-05 0.9997
9.998E-05 9.998E-05 9.998E-05 0.9997
9.998E-05 9.998E-05 9.998E-05 0.9997
9.998E-05 9.998E-05 9.998E-05 0.9997
9.998E-05 9.998E-05 9.998E-05 0.9997
9.998E-05 9.998E-05 9.998E-05 0.9997
