9.998E-05 9.998E-05 0.9997 9.998E-05
0.100336 0.208396 0.59006 0.101208
0.15731 0.106797 0.603914 0.131978
9.999E-05 0.410285 0.571314 0.0183004
9.9982E-05 0.65363 0.34617 9.9982E-05
0.095892 0.460713 0.440235 0.00316011
0.0180573 0.341739 0.640104 9.9991E-05
0.125062 0.321973 0.548095 0.00487007
0.0597295 0.36334 0.524165 0.052766
9.998E-05 9.998E-05 0.9997 9.998E-05
9.998E-05 9.998E-05 0.9997 9.998E-05
9.998E-05 9.998E-05 0.9997 9.998E-05
9.998E-05 9.998E-05 0.9997 9.998E-05
9.998E-05 9.998E-05 0.9997 9.998E-05
9.998E-05 9.998E-05 0.9997 9.998E-05
0.0477046 0.531336 0.42086 9.9991E-05
0.0658369 0.495989 0.392959 0.0452155
0.00709935 0.492192 0.496763 0.00394588
9.9982E-05 0.738056 0.261744 9.9982E-05
0.000806169 0.760411 0.238683 9.9991E-05
9.9982E-05 0.633766 0.366034 9.9982E-05
0.0553036 0.682447 0.26215 9.9991E-05
0.0794307 0.639541 0.280928 9.9991E-05
0.0245655 0.619391 0.355944 9.9991E-05
9.9982E-05 0.679303 0.320497 9.9982E-05
0.00640365 0.765106 0.228391 9.9991E-05
0.060025 0.698864 0.241011 9.9991E-05
0.0446857 0.599676 0.355538 9.9991E-05
0.0149041 0.66292 0.322076 9.9991E-05
9.9982E-05 0.615727 0.384073 9.9982E-05
9.9991E-05 0.611579 0.385742 0.00257942
0.031605 0.703463 0.256091 0.00884106
0.0339133 0.735176 0.230811 9.9991E-05
0.0800697 0.647382 0.272448 9.9991E-05
0.0904244 0.63156 0.277916 9.9991E-05
9.9982E-05 0.580608 0.419192 9.9982E-05
0.0293396 0.803308 0.167252 9.9991E-05
0.0317745 0.781288 0.186838 9.9991E-05
0.0667246 0.762044 0.171131 9.9991E-05
9.9982E-05 0.817058 0.182742 9.9982E-05
0.0737687 0.833426 0.0427697 0.0500353
0.126578 0.815482 0.0578398 9.9991E-05
0.126747 0.654401 0.179025 0.0398278
0.109989 0.800669 0.0534183 0.0359233
0.121215 0.8083 0.0703851 9.9991E-05
0.0575217 0.849392 0.0929864 9.9991E-05
0.032735 0.882258 0.0849069 9.9991E-05
0.0535817 0.821201 0.125118 9.9991E-05
0.108617 0.74239 0.148893 9.9991E-05
0.0401707 0.640786 0.298203 0.02084
0.0390204 0.723836 0.18952 0.0476239
0.0995364 0.777124 0.12324 9.9991E-05
0.0344713 0.86841 0.0970185 9.9991E-05
0.0319888 0.85254 0.115371 9.9991E-05
0.01789 0.810027 0.141366 0.0307173
0.131491 0.744764 0.102713 0.0210328
0.0798737 0.748241 0.171786 9.9991E-05
9.9982E-05 0.896734 0.103066 9.9982E-05
0.0897163 0.795253 0.114931 9.9991E-05
0.074179 0.763016 0.162705 9.9991E-05
9.9982E-05 0.89823 0.10157 9.9982E-05
9.9991E-05 0.88276 0.0867743 0.0303658
0.0836156 0.782545 0.0970278 0.0368111
0.107645 0.883767 0.00848826 9.9991E-05
9.9982E-05 0.92446 0.07534 9.9982E-05
0.12614 0.835686 0.0380743 9.9991E-05
0.028795 0.91181 0.0201323 0.0392621
0.0732381 0.850215 0.0486881 0.0278591
0.00485113 0.844784 0.150265 9.9991E-05
0.100859 0.865129 0.0330459 0.00096591
0.0942488 0.692743 0.119195 0.0938128
0.0851846 0.823477 0.0484386 0.0428998
0.0365547 0.788819 0.174526 9.9991E-05
9.9982E-05 0.846414 0.153387 9.9982E-05
0.0258502 0.893839 0.0802106 9.9991E-05
0.0107876 0.921882 0.0626136 0.00471711
0.0926708 0.84193 0.0361768 0.0292224
0.0706822 0.678244 0.0878782 0.163196
0.084369 0.758331 0.0100473 0.147253
0.0418849 0.822246 9.9991E-05 0.135769
0.037254 0.875757 0.0197773 0.0672114
0.0311248 0.820179 9.9991E-05 0.148596
0.0473765 0.867908 9.9991E-05 0.0846153
0.074755 0.823747 0.0338378 0.0676603
0.0565008 0.67806 0.0785053 0.186934
0.0876238 0.732449 0.0392187 0.140709
0.090912 0.72425 0.0929593 0.0918788
9.9991E-05 0.817688 0.0646493 0.117563
0.0634042 0.775101 0.00790357 0.153591
0.0987377 0.794331 0.0180602 0.0888709
0.0928981 0.670055 0.0807128 0.156334
0.104663 0.674752 0.0883898 0.132195
0.0786337 0.650805 0.0579791 0.212582
9.998E-05 9.998E-05 9.998E-05 0.9997
0.0225234 9.9991E-05 0.0250089 0.952368
0.00789358 0.0685527 0.0363273 0.887226
9.998E-05 9.998E-05 9.998E-05 0.9997
9.998E-05 9.998E-05 9.998E-05 0.9997
9.998E-05 9.998E-05 9.998E-05 0.9997
9.998E-05 9.998E-05 9.998E-05 0.9997
0.00792285 0.0590446 0.0219073 0.911125
9.998E-05 9.998E-05 9.998E-05 0.9997
9.998E-05 9.998E-05 9.998E-05 0.9997
0.0605034 0.831287 9.9991E-05 0.10811
0.00175292 0.0796188 9.9991E-05 0.918528
9.998E-05 9.998E-05 9.998E-05 0.9997
9.9982E-05 0.0300318 9.9982E-05 0.969768
0.012582 0.881653 9.9991E-05 0.105665
0.0691845 0.844146 9.9991E-05 0.08657
0.0712944 0.804077 9.9991E-05 0.124529
0.0446495 0.803132 9.9991E-05 0.152118
0.0454833 0.827541 9.9991E-05 0.126876
9.9982E-05 0.946595 9.9982E-05 0.0532047
0.0106552 0.821917 0.00114076 0.166287
9.9982E-05 0.849247 9.9982E-05 0.150553
0.0720576 0.707512 9.9991E-05 0.22033
0.0830947 0.721237 9.9991E-05 0.195568
0.0442136 0.837103 0.00111915 0.117564
0.0359483 0.782942 9.9991E-05 0.18101
0.0980449 0.859701 9.9991E-05 0.0421543
0.072784 0.786415 0.00232232 0.138478
0.0472547 0.915528 9.9991E-05 0.0371178
9.9982E-05 0.946734 9.9982E-05 0.0530659
9.998E-05 0.9997 9.998E-05 9.998E-05
9.9982E-05 0.985456 9.9982E-05 0.0143436
9.9982E-05 0.988413 9.9982E-05 0.0113873
9.9982E-05 0.968449 9.9982E-05 0.0313514
9.9982E-05 0.96756 9.9982E-05 0.03224
9.9982E-05 0.98218 9.9982E-05 0.0176202
0.00302596 0.996774 9.9982E-05 9.9982E-05
9.9982E-05 0.996134 9.9982E-05 0.00366558
9.9982E-05 0.912494 9.9982E-05 0.0873057
9.9982E-05 0.980718 9.9982E-05 0.0190824
0.0801808 0.876031 9.9991E-05 0.0436884
0.9997 9.998E-05 9.998E-05 9.998E-05
0.0802024 0.722073 9.9991E-05 0.197624
0.9997 9.998E-05 9.998E-05 9.998E-05
0.9997 9.998E-05 9.998E-05 9.998E-05
0.924365 0.0140448 0.0119743 0.0496156
0.76047 0.220659 0.0187711 9.9991E-05
0.9997 9.998E-05 9.998E-05 9.998E-05
0.914734 0.0676443 9.9991E-05 0.0175219
0.985518 9.9982E-05 9.9982E-05 0.014282
0.925865 0.0739349 9.9982E-05 9.9982E-05
0.9997 9.998E-05 9.998E-05 9.998E-05
0.964216 0.035584 9.9982E-05 9.9982E-05
0.993384 0.006416 9.9982E-05 9.9982E-05
0.795873 0.186578 9.9991E-05 0.0174495
0.940642 0.0411381 0.0181197 9.9991E-05
0.890776 0.0898936 9.9991E-05 0.0192305
0.831485 0.134761 0.00562459 0.0281302
0.828796 0.140679 0.0195347 0.0109897
0.918598 0.0654972 9.9991E-05 0.0158049
0.0234717 0.899463 0.0233699 0.053695
0.0400437 0.880642 0.0285995 0.0507148
0.0467991 0.789211 0.0319476 0.132043
0.0624435 0.837845 0.0501189 0.0495922
0.0640113 0.79201 9.9991E-05 0.143878
0.0282225 0.787563 9.9991E-05 0.184115
0.047075 0.774695 9.9991E-05 0.17813
0.0280337 0.772289 9.9991E-05 0.199578
0.0191934 0.77592 9.9991E-05 0.204786
0.0429367 0.771389 9.9991E-05 0.185575
0.0430484 0.781606 9.9991E-05 0.175246
0.0628626 0.789836 0.0331269 0.114175
0.101776 0.784777 9.9991E-05 0.113347
9.998E-05 0.9997 9.998E-05 9.998E-05
9.998E-05 0.9997 9.998E-05 9.998E-05
9.998E-05 0.9997 9.998E-05 9.998E-05
9.9982E-05 0.999204 9.9982E-05 0.000596087
9.998E-05 0.9997 9.998E-05 9.998E-05
9.9982E-05 0.984991 0.0148091 9.9982E-05
9.998E-05 0.9997 9.998E-05 9.998E-05
9.998E-05 0.9997 9.998E-05 9.998E-05
9.998E-05 0.9997 9.998E-05 9.998E-05
9.998E-05 0.9997 9.998E-05 9.998E-05
9.998E-05 0.9997 9.998E-05 9.998E-05
9.998E-05 0.9997 9.998E-05 9.998E-05
