0.9997 9.998E-05 9.998E-05 9.998E-05
0.563525 0.226064 0.104859 0.105553
0.578048 0.119708 0.197562 0.104683
0.550142 0.449658 9.9982E-05 9.9982E-05
0.384378 0.615422 9.9982E-05 9.9982E-05
0.450779 0.469022 0.0800996 9.9991E-05
0.635085 0.301876 0.0629393 9.9991E-05
0.543621 0.337595 0.0998421 0.0189414
0.486333 0.392942 0.10196 0.0187661
0.9997 9.998E-05 9.998E-05 9.998E-05
0.9997 9.998E-05 9.998E-05 9.998E-05
0.9997 9.998E-05 9.998E-05 9.998E-05
0.9997 9.998E-05 9.998E-05 9.998E-05
0.9997 9.998E-05 9.998E-05 9.998E-05
0.9997 9.998E-05 9.998E-05 9.998E-05
0.404141 0.513512 0.0822464 9.9991E-05
0.35916 0.560535 0.0250732 0.0552315
0.52282 0.423645 0.0317882 0.021747
0.284544 0.715256 9.9982E-05 9.9982E-05
0.254416 0.745384 9.9982E-05 9.9982E-05
0.367456 0.632344 9.9982E-05 9.9982E-05
0.265601 0.663014 0.069402 0.00198314
0.264917 0.723852 0.0111305 9.9991E-05
0.354202 0.610186 0.0355116 9.9991E-05
0.307846 0.691954 9.9982E-05 9.9982E-05
0.205145 0.794655 9.9982E-05 9.9982E-05
0.232971 0.668786 0.0981427 9.9991E-05
0.302471 0.655858 0.0415711 9.9991E-05
0.279926 0.700897 0.0190772 9.9991E-05
0.405251 0.594549 9.9982E-05 9.9982E-05
0.376468 0.622255 9.9991E-05 0.00117667
0.225434 0.753791 0.0206751 9.9991E-05
0.25505 0.691279 0.0535711 9.9991E-05
0.295013 0.62172 0.0831676 9.9991E-05
0.215851 0.731582 0.0524674 9.9991E-05
0.382051 0.607451 9.9991E-05 0.0103984
0.160122 0.836857 0.00292136 9.9991E-05
0.179959 0.784552 0.0353889 9.9991E-05
0.215292 0.643059 0.077907 0.0637429
0.193673 0.806127 9.9982E-05 9.9982E-05
0.060687 0.812662 0.0927845 0.0338663
0.0919641 0.840882 0.0664064 0.000747294
0.209776 0.622156 0.121521 0.0465478
0.0681554 0.821406 0.0774158 0.0330225
0.059427 0.850625 0.0898481 9.9991E-05
0.12445 0.828687 0.0467623 9.9991E-05
0.089723 0.853771 0.056406 9.9991E-05
0.131761 0.79848 0.0696586 9.9991E-05
0.147772 0.785346 0.066782 9.9991E-05
0.275798 0.622716 0.0680066 0.0334799
0.150401 0.735232 0.0763749 0.0379918
0.0899776 0.822012 0.0879101 9.9991E-05
0.0866898 0.88947 0.0237404 9.9991E-05
0.124382 0.832463 0.00490555 0.0382488
0.117138 0.837324 0.0177707 0.0277677
0.0788432 0.757545 0.142319 0.0212929
0.187906 0.72556 0.0864333 9.9991E-05
0.0893706 0.90424 0.0001 0.00628921
0.114965 0.827377 0.0575578 9.9991E-05
0.138654 0.789422 0.0718241 9.9991E-05
0.0982865 0.901514 9.9982E-05 9.9982E-05
0.097314 0.853875 0.0326952 0.0161156
0.109258 0.73461 0.101676 0.0544568
0.0399337 0.866294 0.0936724 9.9991E-05
0.114519 0.885281 9.9982E-05 9.9982E-05
0.0359991 0.844797 0.104782 0.0144214
0.031903 0.882914 0.0197386 0.0654442
0.072492 0.787489 0.0954961 0.0445225
0.131791 0.811939 0.0561708 9.9991E-05
0.0396853 0.829152 0.113031 0.0181314
0.144342 0.693601 0.104652 0.0574054
0.035997 0.875669 0.0815691 0.00676537
0.177178 0.746476 0.0762469 9.9991E-05
0.12967 0.857818 0.0124126 9.9991E-05
0.0750194 0.886146 0.0387344 9.9991E-05
0.0456767 0.950193 0.00403045 9.9991E-05
0.0105755 0.868518 0.0976748 0.0232316
0.0756004 0.729188 0.0622701 0.132941
9.9991E-05 0.837131 0.0556561 0.107113
9.9991E-05 0.862556 0.0242038 0.11314
0.00194853 0.868086 0.0598984 0.0700671
9.9991E-05 0.818524 0.0493001 0.132076
9.9991E-05 0.829258 0.0527444 0.117898
0.042048 0.800786 9.9991E-05 0.157066
0.00103051 0.789814 0.040382 0.168774
0.0289361 0.651826 0.135367 0.183871
0.101653 0.721756 0.10595 0.07064
0.0372857 0.806926 0.0200255 0.135763
0.0040726 0.766043 0.0838578 0.146027
0.0129353 0.792477 0.100874 0.093713
0.0719238 0.698503 0.0818912 0.147682
0.0913143 0.707997 0.0953742 0.105315
0.0478012 0.626552 0.113217 0.21243
9.998E-05 9.998E-05 9.998E-05 0.9997
0.0334621 0.0555245 0.00651638 0.904497
0.00465428 0.0655261 0.049805 0.880015
9.998E-05 9.998E-05 9.998E-05 0.9997
9.998E-05 9.998E-05 9.998E-05 0.9997
9.998E-05 9.998E-05 9.998E-05 0.9997
9.998E-05 9.998E-05 9.998E-05 0.9997
0.0288564 9.9991E-05 0.0127905 0.958253
9.998E-05 9.998E-05 9.998E-05 0.9997
9.998E-05 9.998E-05 9.998E-05 0.9997
9.9991E-05 0.804691 0.076498 0.118711
9.9991E-05 0.0795507 0.0213861 0.898963
9.998E-05 9.998E-05 9.998E-05 0.9997
9.9982E-05 0.0383381 9.9982E-05 0.961462
9.9991E-05 0.837122 0.0574521 0.105326
9.9991E-05 0.841287 0.0622973 0.0963159
9.9991E-05 0.854398 0.0352419 0.11026
9.9991E-05 0.798144 0.0639929 0.137763
9.9991E-05 0.779003 0.0451218 0.175775
9.9991E-05 0.917567 0.00252721 0.0798053
0.0169179 0.823746 0.00879237 0.150544
9.9982E-05 0.872433 9.9982E-05 0.127367
9.9991E-05 0.67121 0.0986494 0.23004
9.9991E-05 0.708344 0.0842612 0.207295
0.00048476 0.83622 0.0576186 0.105677
9.9991E-05 0.757098 0.0352178 0.207584
9.9991E-05 0.850077 0.0805847 0.0692387
9.9991E-05 0.813952 0.0431115 0.142837
9.9991E-05 0.952778 0.0204764 0.0266452
9.9982E-05 0.925531 9.9982E-05 0.0742689
9.9982E-05 0.9856 9.9982E-05 0.0141998
9.9982E-05 0.996705 9.9982E-05 0.00309501
9.9982E-05 0.968429 9.9982E-05 0.0313714
9.9982E-05 0.967457 9.9982E-05 0.0323431
9.9982E-05 0.953018 9.9982E-05 0.0467817
9.9982E-05 0.964537 9.9982E-05 0.0352629
9.9982E-05 0.979127 0.0206733 9.9982E-05
9.9991E-05 0.974983 0.0040242 0.0208925
9.9991E-05 0.86814 0.0320401 0.0997201
9.9982E-05 0.962888 9.9982E-05 0.0369117
9.9991E-05 0.822901 0.110482 0.0665168
9.998E-05 9.998E-05 0.9997 9.998E-05
9.9991E-05 0.69139 0.118498 0.190012
9.998E-05 9.998E-05 0.9997 9.998E-05
9.998E-05 9.998E-05 0.9997 9.998E-05
9.9982E-05 9.9982E-05 0.968369 0.0314311
9.9982E-05 0.224928 0.774872 9.9982E-05
9.998E-05 9.998E-05 0.9997 9.998E-05
9.9982E-05 0.158942 0.840858 9.9982E-05
9.998E-05 9.998E-05 0.9997 9.998E-05
9.9991E-05 0.05959 0.932322 0.00798851
9.998E-05 9.998E-05 0.9997 9.998E-05
9.9982E-05 0.0285025 0.971298 9.9982E-05
0.0230693 0.0588402 0.917991 9.9991E-05
9.9991E-05 0.124316 0.813353 0.0622315
9.9982E-05 0.0684321 0.931368 9.9982E-05
9.9991E-05 0.0776921 0.874549 0.0476591
9.9991E-05 0.121957 0.872647 0.00529642
0.0276377 0.0985157 0.873747 9.9991E-05
9.9991E-05 0.0161049 0.970066 0.0137292
0.033605 0.825396 0.0439487 0.0970504
0.0456952 0.8695 0.0514952 0.0333099
0.0278608 0.826927 0.0532528 0.0919592
0.0310719 0.838002 0.0669568 0.0639695
9.9991E-05 0.82322 0.0236809 0.152999
9.99821E-05 0.814455 9.99821E-05 0.185345
9.9991E-05 0.84275 0.0386875 0.118462
9.9991E-05 0.783303 0.0372934 0.179304
9.9991E-05 0.82369 0.0344876 0.141722
9.9991E-05 0.822245 0.0220909 0.155565
9.9991E-05 0.773043 0.0464483 0.180409
0.0383933 0.791292 0.0315411 0.138774
9.9991E-05 0.840076 0.0554797 0.104344
9.998E-05 0.9997 9.998E-05 9.998E-05
9.998E-05 0.9997 9.998E-05 9.998E-05
9.998E-05 0.9997 9.998E-05 9.998E-05
9.998E-05 0.9997 9.998E-05 9.998E-05
9.998E-05 0.9997 9.998E-05 9.998E-05
9.998E-05 0.9997 9.998E-05 9.998E-05
9.998E-05 0.9997 9.998E-05 9.998E-05
9.998E-05 0.9997 9.998E-05 9.998E-05
0.0126694 0.987131 9.9982E-05 9.9982E-05
9.998E-05 0.9997 9.998E-05 9.998E-05
9.998E-05 0.9997 9.998E-05 9.998E-05
9.998E-05 0.9997 9.998E-05 9.998E-05
