0.9997 9.998E-05 9.998E-05 9.998E-05
0.558257 0.113219 0.227819 0.100705
0.53617 0.124458 0.16674 0.172632
0.534722 9.9982E-05 0.465078 9.9982E-05
0.38587 9.9982E-05 0.61393 9.9982E-05
0.40557 9.9991E-05 0.541537 0.0527929
0.604651 9.9991E-05 0.378864 0.016385
0.522329 9.9991E-05 0.351995 0.125575
0.47253 9.9991E-05 0.435684 0.0916863
0.9997 9.998E-05 9.998E-05 9.998E-05
0.9997 9.998E-05 9.998E-05 9.998E-05
0.9997 9.998E-05 9.998E-05 9.998E-05
0.9997 9.998E-05 9.998E-05 9.998E-05
0.9997 9.998E-05 9.998E-05 9.998E-05
0.974316 0.0254836 9.9982E-05 9.9982E-05
0.416314 9.9991E-05 0.572384 0.0112013
0.378983 0.0796744 0.454003 0.0873395
0.541117 9.9991E-05 0.43057 0.0282132
0.207427 9.9982E-05 0.792373 9.9982E-05
0.236201 9.9982E-05 0.763599 9.9982E-05
0.363688 0.00303837 0.633174 9.9991E-05
0.270985 9.9991E-05 0.633926 0.0949886
0.254933 9.9991E-05 0.710165 0.0348014
0.32009 9.9991E-05 0.662304 0.0175065
0.289397 9.9982E-05 0.710403 9.9982E-05
0.198347 9.99863E-05 0.801453 9.99863E-05
0.228007 9.9991E-05 0.71952 0.0523721
0.307529 9.9991E-05 0.650803 0.0415682
0.273261 9.9991E-05 0.698619 0.02802
0.377677 9.9982E-05 0.622123 9.9982E-05
0.347532 9.9982E-05 0.652268 9.9982E-05
0.234359 9.9991E-05 0.74939 0.0161511
0.238663 9.9991E-05 0.697383 0.0638549
0.24595 9.9991E-05 0.68741 0.0665401
0.255616 9.9991E-05 0.688812 0.0554719
0.385671 9.9982E-05 0.614129 9.9982E-05
0.140354 9.9991E-05 0.846964 0.0125822
0.170867 9.9991E-05 0.78395 0.0450838
0.187081 0.0197183 0.744999 0.0482009
0.202147 0.0160095 0.781743 9.9991E-05
0.0461834 0.0295235 0.813981 0.110312
0.0612213 0.0297068 0.84341 0.0656624
0.173642 0.0628947 0.672014 0.0914489
0.0817944 0.0282119 0.809739 0.0802544
0.0519044 9.9991E-05 0.890521 0.0574751
0.0897356 9.9991E-05 0.816008 0.0941564
0.0948568 9.9991E-05 0.841432 0.0636117
0.104875 9.9991E-05 0.819626 0.0753993
0.130085 9.9991E-05 0.803715 0.0660997
0.252902 0.0204433 0.700624 0.0260299
0.151011 0.0198237 0.752775 0.0763904
0.0751729 9.9991E-05 0.86775 0.0569769
0.0876311 9.9991E-05 0.832066 0.080203
0.0905036 9.9991E-05 0.831731 0.0776651
0.12111 0.0229451 0.831888 0.0240568
0.0876053 0.0251557 0.76128 0.125959
0.156059 0.00428254 0.75365 0.0860084
0.0953735 0.00193442 0.902592 9.9991E-05
0.0855046 9.9991E-05 0.784867 0.129529
0.159705 0.0159589 0.795963 0.0283731
0.0790212 9.9991E-05 0.902343 0.0185355
0.0749105 0.035826 0.88401 0.00525379
0.0793595 0.0110475 0.822935 0.0866583
0.0283557 9.9991E-05 0.871388 0.100157
0.0934886 0.00423789 0.902174 9.9991E-05
0.0397274 0.023216 0.817441 0.119615
9.9991E-05 0.0491142 0.931546 0.0192398
0.0506681 0.0327012 0.842926 0.0737043
0.120885 9.9991E-05 0.837342 0.0416733
9.9991E-05 0.0158383 0.886791 0.0972704
0.128537 0.0848397 0.691824 0.0947993
0.0260912 0.050841 0.85141 0.0716579
0.134559 9.9991E-05 0.793718 0.0716235
0.137327 9.9991E-05 0.844955 0.0176181
0.0618197 9.9991E-05 0.861786 0.0762939
0.0321291 9.9991E-05 0.954654 0.0131168
0.00818724 0.0547368 0.867227 0.0698486
0.0596474 0.149661 0.732773 0.0579182
9.9991E-05 0.111747 0.877827 0.0103259
9.9991E-05 0.130167 0.842596 0.0271369
0.0140563 0.0851107 0.867143 0.03369
9.9991E-05 0.140235 0.826415 0.0332503
9.9991E-05 0.12425 0.817063 0.0585875
0.0630482 0.122106 0.814745 9.9991E-05
0.0704821 0.179384 0.727149 0.0229844
0.012666 0.177338 0.695721 0.114275
0.103497 0.0883818 0.733159 0.0749624
0.0459947 0.125037 0.820012 0.00895639
0.0278165 0.130459 0.754372 0.0873526
0.021388 0.108577 0.747106 0.122928
0.0666551 0.124505 0.7251 0.0837397
0.0594688 0.118254 0.75821 0.064067
0.0194991 0.196563 0.677211 0.106727
9.998E-05 0.9997 9.998E-05 9.998E-05
0.0401704 0.953945 9.9991E-05 0.00578416
9.9991E-05 0.84543 0.141463 0.0130073
9.998E-05 0.9997 9.998E-05 9.998E-05
9.998E-05 0.9997 9.998E-05 9.998E-05
9.998E-05 0.9997 9.998E-05 9.998E-05
9.998E-05 0.9997 9.998E-05 9.998E-05
9.9991E-05 0.888046 0.081043 0.0308111
0.00131049 0.995076 0.00351379 9.9991E-05
9.998E-05 0.9997 9.998E-05 9.998E-05
9.9991E-05 0.121168 0.81721 0.061522
9.9982E-05 0.846974 0.152826 9.9982E-05
9.998E-05 0.9997 9.998E-05 9.998E-05
9.9982E-05 0.963956 0.035844 9.9982E-05
9.9982E-05 0.106199 0.893601 9.9982E-05
9.9991E-05 0.124619 0.821491 0.05379
9.9991E-05 0.122218 0.845507 0.0321755
9.9991E-05 0.162804 0.801549 0.0355471
9.9991E-05 0.154269 0.822004 0.0236271
9.9991E-05 0.101203 0.886186 0.0125111
0.00126698 0.15098 0.820675 0.0270783
9.9991E-05 0.153461 0.844553 0.00188595
9.9991E-05 0.208964 0.743668 0.0472683
9.9991E-05 0.207394 0.732241 0.0602647
9.9991E-05 0.122014 0.825573 0.0523136
9.9991E-05 0.196022 0.779895 0.0239821
9.9991E-05 0.0685274 0.857412 0.0739605
9.9991E-05 0.120566 0.842986 0.0363486
9.998E-05 9.998E-05 9.998E-05 0.9997
9.9991E-05 0.187223 0.733943 0.0787341
9.998E-05 9.998E-05 9.998E-05 0.9997
9.998E-05 9.998E-05 9.998E-05 0.9997
0.0527179 9.9991E-05 0.0323521 0.91483
0.00142069 0.0152151 0.182469 0.800895
9.998E-05 9.998E-05 9.998E-05 0.9997
9.9991E-05 0.0234233 0.0757067 0.90077
9.9982E-05 0.00505035 9.9982E-05 0.99475
9.9982E-05 9.9982E-05 0.0374861 0.962314
9.998E-05 9.998E-05 9.998E-05 0.9997
9.9982E-05 0.00891719 9.9982E-05 0.990883
9.9982E-05 9.9982E-05 0.0089173 0.990883
9.9991E-05 0.0286179 0.166174 0.805108
0.0099609 0.00225671 0.0450361 0.942746
9.9991E-05 0.0386759 0.0921807 0.869043
0.0050152 9.9991E-05 0.0693704 0.925514
0.0133977 0.0188802 0.0695441 0.898178
0.0136477 0.00376274 0.00261515 0.979974
9.9991E-05 0.0312975 0.957038 0.0115649
9.9991E-05 0.0779212 0.911911 0.0100674
9.9982E-05 0.00641145 0.993389 9.9982E-05
9.9982E-05 0.00846935 0.991331 9.9982E-05
9.9982E-05 0.0186437 0.981156 9.9982E-05
9.9982E-05 0.0187963 0.981004 9.9982E-05
9.9982E-05 0.0158898 0.98391 9.9982E-05
9.9982E-05 0.0220464 0.977754 9.9982E-05
9.998E-05 9.998E-05 0.9997 9.998E-05
9.9991E-05 0.0280599 0.96044 0.0114003
9.9991E-05 0.125308 0.864629 0.00996301
9.9982E-05 0.0662952 0.933505 9.9982E-05
9.9991E-05 0.0102281 0.88232 0.107352
0.0267665 0.0925821 0.776358 0.104293
0.0323263 0.0704091 0.791891 0.105374
0.0137794 0.10163 0.807076 0.0775143
0.0562334 0.0745499 0.791101 0.0781155
9.9991E-05 0.201551 0.773227 0.0251216
9.9991E-05 0.214451 0.771291 0.0141577
9.9991E-05 0.202506 0.727087 0.0703074
9.9991E-05 0.23129 0.754662 0.0139483
9.9991E-05 0.221123 0.74255 0.036227
9.9991E-05 0.209922 0.762627 0.0273506
9.9991E-05 0.19884 0.78543 0.0156301
0.0193301 0.122479 0.800766 0.0574254
0.00519958 0.142865 0.800523 0.0514115
9.998E-05 9.998E-05 0.9997 9.998E-05
9.998E-05 9.998E-05 0.9997 9.998E-05
9.998E-05 9.998E-05 0.9997 9.998E-05
9.998E-05 9.998E-05 0.9997 9.998E-05
9.998E-05 9.998E-05 0.9997 9.998E-05
9.998E-05 9.998E-05 0.9997 9.998E-05
9.998E-05 9.998E-05 0.9997 9.998E-05
9.998E-05 9.998E-05 0.9997 9.998E-05
9.998E-05 9.998E-05 0.9997 9.998E-05
9.998E-05 9.998E-05 0.9997 9.998E-05
9.998E-05 9.998E-05 0.9997 9.998E-05
9.998E-05 9.998E-05 0.9997 9.998E-05
