9.998E-05 0.9997 9.998E-05 9.998E-05
0.114333 0.554714 0.237025 0.0939288
0.091895 0.570306 0.200578 0.137221
9.9982E-05 0.575991 0.42381 9.9982E-05
9.9982E-05 0.362543 0.637257 9.9982E-05
0.00797472 0.454027 0.486474 0.051524
9.999E-05 0.659973 0.299233 0.0406942
0.0517841 0.587212 0.261955 0.0990497
0.0342584 0.481836 0.428688 0.0552178
9.998E-05 0.9997 9.998E-05 9.998E-05
9.998E-05 0.9997 9.998E-05 9.998E-05
9.998E-05 0.9997 9.998E-05 9.998E-05
9.998E-05 0.9997 9.998E-05 9.998E-05
9.998E-05 0.9997 9.998E-05 9.998E-05
9.998E-05 0.9997 9.998E-05 9.998E-05
9.9991E-05 0.412638 0.456357 0.130905
0.0423639 0.419752 0.457563 0.0803211
9.9991E-05 0.512227 0.457009 0.0306641
9.9982E-05 0.265665 0.734135 9.9982E-05
9.9991E-05 0.252906 0.745401 0.00159307
9.9991E-05 0.400577 0.58966 0.0096627
0.00689181 0.262097 0.641825 0.0891866
9.9991E-05 0.285237 0.669595 0.0450681
9.9991E-05 0.347749 0.619011 0.0331405
9.9982E-05 0.330058 0.669742 9.9982E-05
9.9982E-05 0.220363 0.779437 9.9982E-05
9.9991E-05 0.246197 0.699946 0.053757
9.9991E-05 0.338525 0.599149 0.0622258
9.9982E-05 0.340667 0.659133 9.9982E-05
9.9982E-05 0.393098 0.606702 9.9982E-05
9.9982E-05 0.384096 0.615704 9.9982E-05
9.9991E-05 0.241549 0.742455 0.0158959
9.9991E-05 0.256772 0.6778 0.0653274
9.9991E-05 0.26432 0.644811 0.0907686
9.9991E-05 0.249327 0.695336 0.0552372
9.9982E-05 0.392618 0.607182 9.9982E-05
9.9991E-05 0.162104 0.830042 0.00775391
9.9991E-05 0.1944 0.770348 0.0351517
0.0401696 0.208507 0.695337 0.0559864
9.9982E-05 0.227811 0.771989 9.9982E-05
0.0223034 0.0804155 0.856685 0.0405959
0.0318729 0.0500629 0.752984 0.16508
0.0519197 0.192243 0.63088 0.124957
0.0157338 0.064764 0.84856 0.0709419
9.9991E-05 0.0619909 0.822575 0.115334
9.9991E-05 0.115574 0.801392 0.0829336
9.9991E-05 0.114716 0.795283 0.0899015
9.9991E-05 0.139166 0.782509 0.0782251
9.9991E-05 0.143238 0.793378 0.063284
0.0427578 0.263679 0.674072 0.0194914
0.0211343 0.167437 0.700603 0.110826
9.9991E-05 0.0934695 0.805846 0.100585
9.9991E-05 0.141284 0.7842 0.0744162
0.0126765 0.118387 0.868837 9.9991E-05
0.0382266 0.138517 0.816216 0.00704026
9.9991E-05 0.0855616 0.790035 0.124303
0.00212175 0.172532 0.738023 0.087324
0.00372106 0.13548 0.840633 0.0201664
9.9991E-05 0.132137 0.739517 0.128246
0.0140215 0.187762 0.763517 0.0346992
9.9991E-05 0.0911875 0.871585 0.037128
0.00783626 0.120238 0.871826 9.9991E-05
0.0728817 0.113433 0.691759 0.121926
0.000616925 0.0171412 0.887188 0.0950542
9.9982E-05 0.1355 0.8643 9.9982E-05
0.0242169 0.0642947 0.79614 0.115348
0.0676559 0.016724 0.821162 0.094458
0.0272543 0.0831113 0.761657 0.127978
0.0211239 0.138226 0.797319 0.0433306
0.0111324 0.03426 0.830907 0.1237
0.0446648 0.171756 0.649426 0.134154
0.0674445 0.0317692 0.807184 0.0936025
9.9991E-05 0.154758 0.782358 0.0627839
9.9991E-05 0.0992519 0.852885 0.047763
9.9991E-05 0.0697735 0.894388 0.0357388
9.9991E-05 0.0643559 0.928805 0.00673947
0.0716386 0.014842 0.780628 0.132892
0.168388 0.0498231 0.684368 0.0974205
0.126163 0.0073791 0.787376 0.0790817
0.132822 9.9991E-05 0.831915 0.0351629
0.0933657 0.00906834 0.844167 0.0533992
0.202582 9.9991E-05 0.74233 0.0549885
0.12403 9.9991E-05 0.835749 0.0401207
0.155761 0.0600299 0.772933 0.0112767
0.233506 0.0468986 0.662018 0.0575773
0.183905 0.0394257 0.67518 0.10149
0.099672 0.104292 0.717383 0.0786528
0.171505 0.0657833 0.762612 9.9991E-05
0.165249 9.9991E-05 0.774906 0.0597444
0.0775393 0.0226107 0.785068 0.114782
0.153175 0.0845493 0.656047 0.106229
0.1209 0.0677909 0.726829 0.0844802
0.173125 0.0374866 0.678042 0.111346
0.9997 9.998E-05 9.998E-05 9.998E-05
0.984207 0.0155926 9.9982E-05 9.9982E-05
0.8923 0.0258787 0.0817214 9.9991E-05
0.9997 9.998E-05 9.998E-05 9.998E-05
0.9997 9.998E-05 9.998E-05 9.998E-05
0.9997 9.998E-05 9.998E-05 9.998E-05
0.9997 9.998E-05 9.998E-05 9.998E-05
0.901091 0.0374815 0.00685911 0.0545685
0.989296 9.9982E-05 9.9982E-05 0.0105038
0.9997 9.998E-05 9.998E-05 9.998E-05
0.0763058 9.9991E-05 0.818713 0.104881
0.917206 0.00105903 0.0618557 0.0198795
0.9997 9.998E-05 9.998E-05 9.998E-05
0.980573 9.9982E-05 0.0192269 9.9982E-05
0.0819548 9.9991E-05 0.910781 0.00716375
0.108079 9.9991E-05 0.85164 0.040181
0.118744 9.9991E-05 0.838711 0.0424458
0.15462 9.9991E-05 0.793554 0.0517258
0.152116 9.9991E-05 0.800966 0.0468171
0.0944124 0.00572515 0.878634 0.0212283
0.178271 9.9991E-05 0.764079 0.0575498
0.12636 9.9982E-05 0.87344 9.9982E-05
0.266319 9.9991E-05 0.630964 0.102617
0.240025 9.9991E-05 0.698089 0.0617862
0.105891 9.9991E-05 0.840848 0.0531605
0.260783 9.9991E-05 0.701288 0.0378282
0.0955204 0.00245985 0.829361 0.0726586
0.139911 9.9991E-05 0.808765 0.051224
0.00528589 9.9991E-05 0.956516 0.0380984
0.0665632 9.9982E-05 0.933237 9.9982E-05
0.0184496 9.9982E-05 0.98135 9.9982E-05
9.998E-05 9.998E-05 0.9997 9.998E-05
0.0392658 9.9982E-05 0.960534 9.9982E-05
0.0299609 9.9982E-05 0.969839 9.9982E-05
0.0476167 9.9982E-05 0.952183 9.9982E-05
0.0183207 9.9982E-05 0.981479 9.9982E-05
9.9982E-05 9.9982E-05 0.984389 0.0154106
0.00471628 9.9982E-05 0.995084 9.9982E-05
0.113068 9.9982E-05 0.886732 9.9982E-05
0.0288996 9.9982E-05 0.9709 9.9982E-05
0.0449296 9.9991E-05 0.850273 0.104698
9.998E-05 9.998E-05 9.998E-05 0.9997
0.207609 9.9991E-05 0.714856 0.0774356
9.998E-05 9.998E-05 9.998E-05 0.9997
9.998E-05 9.998E-05 9.998E-05 0.9997
0.0255158 9.9982E-05 9.9982E-05 0.974284
0.0549071 0.0155243 0.207301 0.722268
9.998E-05 9.998E-05 9.998E-05 0.9997
9.9982E-05 9.9982E-05 0.113206 0.886594
9.998E-05 9.998E-05 9.998E-05 0.9997
9.9982E-05 9.9982E-05 0.0166813 0.983119
9.998E-05 9.998E-05 9.998E-05 0.9997
9.9982E-05 9.9982E-05 0.0169897 0.98281
0.0195622 9.9991E-05 0.0358684 0.944469
0.0515053 9.9991E-05 0.154187 0.794208
9.99853E-05 0.0278446 9.99853E-05 0.971955
0.0238707 0.0030481 0.0230568 0.950024
9.9991E-05 0.0069165 0.104671 0.888312
0.00383635 0.0137553 0.0847033 0.897705
0.0230556 9.9991E-05 0.0484206 0.928424
0.0564025 0.0337281 0.866092 0.043777
0.0320569 0.0231012 0.901299 0.0435425
0.0932015 0.0232251 0.817944 0.0656298
0.0522639 0.0437647 0.859913 0.0440587
0.187698 9.9991E-05 0.796072 0.0161303
0.185422 9.9991E-05 0.78888 0.0255982
0.205659 9.9991E-05 0.752354 0.041887
0.174734 9.9991E-05 0.824217 0.000948766
0.199982 9.9991E-05 0.773941 0.0259771
0.213228 9.9991E-05 0.762808 0.0238646
0.162712 9.9991E-05 0.799544 0.0376439
0.127161 0.0193746 0.796267 0.0571976
0.135972 0.0129103 0.799648 0.05147
9.998E-05 9.998E-05 0.9997 9.998E-05
9.998E-05 9.998E-05 0.9997 9.998E-05
9.998E-05 9.998E-05 0.9997 9.998E-05
9.998E-05 9.998E-05 0.9997 9.998E-05
9.998E-05 9.998E-05 0.9997 9.998E-05
9.998E-05 9.998E-05 0.9997 9.998E-05
9.998E-05 9.998E-05 0.9997 9.998E-05
9.998E-05 9.998E-05 0.9997 9.998E-05
9.998E-05 9.998E-05 0.9997 9.998E-05
9.998E-05 9.998E-05 0.9997 9.998E-05
9.998E-05 9.998E-05 0.9997 9.998E-05
9.998E-05 9.998E-05 0.9997 9.998E-05
