9.994E-05 0.9993 9.994E-05 9.994E-05 9.994E-05 9.994E-05 9.994E-05 9.994E-05
0.0682608 0.250298 9.9964E-05 0.613936 0.0671055 9.9964E-05 9.9964E-05 9.9964E-05
0.0969081 0.227573 9.9964E-05 0.654121 0.0209978 9.9964E-05 9.9964E-05 9.9964E-05
9.9955E-05 0.212968 9.9955E-05 0.669407 9.9955E-05 9.9955E-05 9.9955E-05 0.117125
9.9973E-05 0.105687 0.055282 0.625016 9.9973E-05 0.0941555 9.9973E-05 0.11956
0.025034 0.133669 9.9964E-05 0.657889 9.9964E-05 9.9964E-05 9.9964E-05 0.183009
9.9946E-05 0.259042 9.9946E-05 0.740359 9.9946E-05 9.9946E-05 9.9946E-05 9.9946E-05
0.0948584 0.297756 9.9982E-05 0.512255 0.0180643 9.9982E-05 0.0222822 0.0545842
0.0497798 0.203449 9.9973E-05 0.687846 0.0269962 0.0316294 9.9973E-05 9.9973E-05
9.994E-05 0.9993 9.994E-05 9.994E-05 9.994E-05 9.994E-05 9.994E-05 9.994E-05
9.994E-05 0.9993 9.994E-05 9.994E-05 9.994E-05 9.994E-05 9.994E-05 9.994E-05
9.994E-05 0.9993 9.994E-05 9.994E-05 9.994E-05 9.994E-05 9.994E-05 9.994E-05
9.994E-05 0.9993 9.994E-05 9.994E-05 9.994E-05 9.994E-05 9.994E-05 9.994E-05
9.9955E-05 0.925272 0.0639876 0.0102402 9.9955E-05 9.9955E-05 9.9955E-05 9.9955E-05
9.9955E-05 0.968864 9.9955E-05 9.9955E-05 9.9955E-05 9.9955E-05 0.00220605 0.0284298
0.0393071 0.134625 9.9982E-05 0.522416 9.9982E-05 0.0102555 0.0330616 0.260135
0.051009 0.224536 0.0821027 0.366245 0.0677724 0.00952533 0.0975084 0.101302
9.9973E-05 0.149603 9.9973E-05 0.746824 0.021582 0.0224138 9.9973E-05 0.0592771
9.9955E-05 9.9955E-05 0.058211 0.91801 9.9955E-05 0.0232791 9.9955E-05 9.9955E-05
9.9955E-05 9.9955E-05 0.0287718 0.933556 9.9955E-05 9.9955E-05 0.0371728 9.9955E-05
9.9955E-05 9.9955E-05 9.9955E-05 0.883786 0.0250436 0.0906708 9.9955E-05 9.9955E-05
0.0725066 9.9964E-05 0.0841317 0.825829 9.9964E-05 9.9964E-05 0.0171328 9.9964E-05
0.0347349 9.9973E-05 0.0742245 0.88091 9.9973E-05 0.00676895 0.00306144 9.9973E-05
0.0122688 9.9964E-05 0.0148768 0.885889 9.9964E-05 9.9964E-05 0.0865654 9.9964E-05
9.9973E-05 9.9973E-05 9.9973E-05 0.891094 0.00397175 0.00675444 0.0201291 0.0777507
0.00919343 9.9973E-05 9.9973E-05 0.634699 9.9973E-05 0.0215425 0.0339866 0.300278
0.0491875 9.9973E-05 0.0233331 0.632229 9.9973E-05 0.0962121 9.9973E-05 0.198739
0.0294452 9.9964E-05 9.9964E-05 0.918892 9.9964E-05 9.9964E-05 0.0213846 0.0298781
9.9982E-05 0.0491717 0.0125209 0.750061 9.9982E-05 0.0419879 0.0233634 0.122695
9.9973E-05 0.0322411 9.9973E-05 0.912694 0.0122945 9.9973E-05 0.00703726 0.0354333
9.9973E-05 0.00705654 0.0620743 0.904232 9.9973E-05 0.0214604 0.00487705 9.9973E-05
9.9973E-05 9.9973E-05 0.00922495 0.82106 9.9973E-05 0.0704244 0.0928055 0.0061849
0.0477273 9.9982E-05 0.00905909 0.782291 0.0150793 0.0413309 9.9982E-05 0.104312
0.0705387 0.0576091 0.00422762 0.623539 9.9982E-05 9.9982E-05 0.0984316 0.145454
0.0410432 9.9964E-05 0.131506 0.80008 9.9964E-05 9.9964E-05 0.0269712 9.9964E-05
9.9955E-05 0.0425515 9.9955E-05 0.937012 9.9955E-05 9.9955E-05 9.9955E-05 0.0199371
9.9955E-05 9.9955E-05 0.0368892 0.501301 9.9955E-05 9.9955E-05 9.9955E-05 0.46131
0.0146742 9.9982E-05 0.0818149 0.567574 9.9982E-05 0.0628079 0.00400002 0.268929
0.0423709 9.9982E-05 0.0215758 0.597295 0.0811007 0.0900416 9.9982E-05 0.167416
9.9982E-05 9.9982E-05 0.062493 0.569195 0.0131375 0.069264 0.0268823 0.258828
0.0456204 9.9973E-05 9.9973E-05 0.0720153 0.0245661 9.9973E-05 0.0660736 0.791425
0.0543034 0.0091318 9.9973E-05 0.11469 9.9973E-05 0.00944694 9.9973E-05 0.812128
0.0482996 0.040392 9.9982E-05 0.218577 0.0348568 9.9982E-05 0.0540713 0.603603
0.012044 9.9964E-05 9.9964E-05 0.107444 9.9964E-05 9.9964E-05 0.00210398 0.878008
0.0509917 9.9982E-05 0.0118843 0.27039 9.9982E-05 0.0513427 0.00158858 0.613603
9.9955E-05 0.015839 9.9955E-05 0.033994 9.9955E-05 9.9955E-05 9.9955E-05 0.949667
9.9946E-05 0.013137 9.9946E-05 9.9946E-05 9.9946E-05 9.9946E-05 9.9946E-05 0.986263
0.0284869 9.9982E-05 0.031345 0.357134 9.9982E-05 0.0129338 0.0346048 0.535296
0.033826 0.0487044 9.9982E-05 0.153622 9.9982E-05 0.069297 0.0496695 0.644681
0.0145653 0.10387 9.9991E-05 0.403408 0.012029 0.00642241 0.0619187 0.397687
0.0199689 0.022378 9.9982E-05 0.272293 0.0177526 0.0599755 9.9982E-05 0.607432
0.0434449 9.9973E-05 0.0241265 0.202772 9.9973E-05 0.00724981 9.9973E-05 0.722107
9.9955E-05 0.00853663 9.9955E-05 0.0820322 9.9955E-05 9.9955E-05 9.9955E-05 0.908931
9.999E-05 0.0249315 0.0503648 0.186886 0.0318676 0.0206531 0.0133128 0.671884
9.9991E-05 0.0608813 0.0233947 0.147628 0.030069 0.0114245 0.0490976 0.677405
0.0720276 9.9973E-05 9.9973E-05 0.157161 0.00481002 9.9973E-05 0.0517471 0.713954
0.116285 0.102209 0.0302123 0.166299 0.020871 0.0889309 0.0199383 0.455255
9.9973E-05 9.9973E-05 9.9973E-05 0.280511 0.00694761 0.0929015 0.0249631 0.594377
9.99461E-05 0.0164317 9.99461E-05 9.99461E-05 9.99461E-05 9.99461E-05 9.99461E-05 0.982969
9.9964E-05 0.0152908 9.9964E-05 0.251007 9.9964E-05 0.115331 9.9964E-05 0.617972
9.9973E-05 9.9973E-05 0.0210837 0.216754 9.9973E-05 0.10068 0.0786529 0.582529
9.9964E-05 0.0168519 9.9964E-05 0.101656 9.9964E-05 9.9964E-05 0.106108 0.774984
0.0353493 0.00169196 0.0054387 0.196847 0.0133755 0.0464977 9.9991E-05 0.7007
0.0322331 9.9964E-05 0.0450514 9.9964E-05 9.9964E-05 0.0038284 9.9964E-05 0.918487
9.9973E-05 0.0167306 9.9973E-05 0.160808 9.9973E-05 0.0283919 0.0182769 0.775492
0.0198413 9.9955E-05 0.0178352 9.9955E-05 9.9955E-05 9.9955E-05 9.9955E-05 0.961824
9.9946E-05 9.9946E-05 9.9946E-05 9.9946E-05 0.0122432 9.9946E-05 9.9946E-05 0.987157
0.0184333 0.0117745 0.061571 9.9982E-05 0.0301082 9.9982E-05 0.0172528 0.86066
0.0387763 9.9982E-05 9.9982E-05 0.28642 0.0146539 0.00334782 0.0401285 0.616474
9.994E-05 9.994E-05 9.994E-05 9.994E-05 9.994E-05 9.994E-05 9.994E-05 0.9993
0.0585869 0.0551819 9.9982E-05 0.0982328 0.0486406 9.9982E-05 0.002243 0.736915
0.0623815 9.9991E-05 0.0241328 0.0921954 0.0223517 0.0365338 0.0152709 0.747034
9.9946E-05 0.0923007 9.9946E-05 9.9946E-05 9.9946E-05 9.9946E-05 9.9946E-05 0.9071
9.9955E-05 0.0569104 9.9955E-05 9.9955E-05 9.9955E-05 0.0358569 9.9955E-05 0.906733
0.0161308 0.0693911 0.0317864 9.9973E-05 9.9973E-05 9.9973E-05 0.0835367 0.798855
9.9973E-05 0.0101922 0.015901 0.00437157 9.9973E-05 0.0648948 9.9973E-05 0.90434
0.00524307 9.9955E-05 9.9955E-05 9.9955E-05 0.0185251 9.9955E-05 9.9955E-05 0.975732
9.9982E-05 0.00303341 0.0982755 0.0357334 0.0760087 9.9982E-05 0.0056363 0.781113
0.0175921 9.9982E-05 0.0535471 9.9982E-05 0.113333 0.0202714 0.0519901 0.743067
9.9973E-05 9.9973E-05 0.0706505 9.9973E-05 0.0916685 0.0312005 0.0354641 0.770716
0.0260654 9.9982E-05 0.0529282 9.9982E-05 0.0500091 0.00751524 0.0376302 0.825652
9.9973E-05 9.9973E-05 0.070313 9.9973E-05 0.105828 0.0102038 0.0111842 0.802171
0.012381 9.9982E-05 0.0481167 9.9982E-05 0.0798785 0.0162296 0.0154362 0.827758
9.9982E-05 9.9982E-05 0.0502768 0.244151 0.104823 0.030427 0.104215 0.465908
0.0266995 0.0235418 0.0570258 0.0529225 0.170684 9.9991E-05 0.0856797 0.583346
0.139188 0.0257339 9.9982E-05 9.9982E-05 0.182978 0.0632629 0.0268662 0.561771
0.071281 0.0199729 0.0207441 0.204178 0.09439 0.0420749 0.103142 0.444217
9.9973E-05 9.9973E-05 9.9973E-05 0.102211 0.094247 0.074819 0.147932 0.580491
0.0078231 9.9982E-05 0.114761 9.9982E-05 0.12455 0.0140642 0.138898 0.599704
0.0799438 0.00506957 0.00803261 0.0505801 0.0995219 0.125821 0.14039 0.490641
0.064588 0.0348743 0.192625 0.0734403 0.0813556 9.9991E-05 0.0784572 0.47456
0.0345968 0.0527944 0.190761 0.0421395 0.0791318 9.9991E-05 0.0858475 0.514629
0.0882488 0.021267 0.0277849 0.0301162 0.18228 0.197675 0.0736093 0.379019
9.9946E-05 9.9946E-05 0.0021659 9.9946E-05 0.997234 9.9946E-05 9.9946E-05 9.9946E-05
0.0400324 0.0138345 9.9973E-05 9.9973E-05 0.910205 9.9973E-05 0.0293686 0.00625943
9.9973E-05 0.0148805 0.0270366 0.0201893 0.868926 9.9973E-05 9.9973E-05 0.0686676
0.0118985 9.99461E-05 9.99461E-05 9.99461E-05 0.987502 9.99461E-05 9.99461E-05 9.99461E-05
9.994E-05 9.994E-05 9.994E-05 9.994E-05 0.9993 9.994E-05 9.994E-05 9.994E-05
9.994E-05 9.994E-05 9.994E-05 9.994E-05 0.9993 9.994E-05 9.994E-05 9.994E-05
9.9946E-05 9.9946E-05 0.00320176 9.9946E-05 0.996199 9.9946E-05 9.9946E-05 9.9946E-05
9.9973E-05 9.9973E-05 0.0191687 0.0697072 0.868327 0.0380277 0.00446907 9.9973E-05
9.994E-05 9.994E-05 9.994E-05 9.994E-05 0.9993 9.994E-05 9.994E-05 9.994E-05
9.994E-05 9.994E-05 9.994E-05 9.994E-05 0.9993 9.994E-05 9.994E-05 9.994E-05
0.0619795 9.9991E-05 0.0920898 0.0776612 0.123413 0.125253 0.308263 0.21124
9.9964E-05 9.9964E-05 0.0202781 9.9964E-05 0.825283 0.00696824 9.9964E-05 0.147071
9.9955E-05 0.000674362 9.9955E-05 9.9955E-05 0.997855 0.000971122 9.9955E-05 9.9955E-05
9.994E-05 9.994E-05 9.994E-05 9.994E-05 0.9993 9.994E-05 9.994E-05 9.994E-05
0.00884124 0.002335 0.0940331 9.9991E-05 0.11072 0.0803901 0.183001 0.52058
0.0423693 9.9982E-05 0.0897921 9.9982E-05 0.0955271 0.0427862 0.205274 0.524052
0.0357945 0.00362969 0.115114 9.9991E-05 0.0936728 0.0360628 0.17571 0.539917
0.0473999 9.9982E-05 0.0858662 9.9982E-05 0.163565 0.0474008 0.167631 0.487937
0.0370327 9.9982E-05 0.085003 9.9982E-05 0.106978 0.0580291 0.190157 0.5226
9.9982E-05 9.9982E-05 0.170363 0.175816 0.0930245 0.030731 0.168342 0.361523
9.9982E-05 9.9982E-05 0.147385 0.0519968 0.140041 0.0138822 0.137381 0.509113
9.9973E-05 9.9973E-05 0.158183 9.9973E-05 0.101567 0.0237585 0.192974 0.523218
0.0654416 9.9982E-05 0.132883 9.9982E-05 0.224027 0.0745766 0.111289 0.391583
0.0329645 9.9982E-05 0.154244 9.9982E-05 0.18915 0.0663008 0.17009 0.38705
0.0345781 0.000556505 0.117701 0.0763136 0.12698 0.0540036 0.117606 0.472261
0.0415785 9.9982E-05 0.176236 9.9982E-05 0.203946 0.0172374 0.116564 0.444238
0.0427237 0.00827155 0.110203 9.9991E-05 0.044399 0.0626998 0.162502 0.569102
0.0581335 9.9991E-05 0.0696335 0.0184074 0.113286 0.0422734 0.207817 0.490349
9.9973E-05 9.9973E-05 0.0368958 0.000376893 9.9973E-05 0.00486315 0.934718 0.0228464
0.0026417 9.9982E-05 0.0276002 0.0280709 0.00694114 0.0612386 0.873308 9.9982E-05
9.994E-05 9.994E-05 9.994E-05 9.994E-05 9.994E-05 9.994E-05 0.9993 9.994E-05
9.9946E-05 9.9946E-05 9.9946E-05 9.9946E-05 9.9946E-05 0.0163672 0.983033 9.9946E-05
9.9955E-05 9.9955E-05 9.9955E-05 9.9955E-05 0.0207388 0.0335681 0.945193 9.9955E-05
9.994E-05 9.994E-05 9.994E-05 9.994E-05 9.994E-05 9.994E-05 0.9993 9.994E-05
9.9946E-05 9.9946E-05 9.9946E-05 9.9946E-05 9.9946E-05 9.9946E-05 0.971554 0.0278459
0.00452496 0.049878 0.140855 9.99759E-05 9.99759E-05 9.99759E-05 0.726059 0.0783836
9.994E-05 9.994E-05 9.994E-05 9.994E-05 9.994E-05 9.994E-05 0.9993 9.994E-05
9.994E-05 9.994E-05 9.994E-05 9.994E-05 9.994E-05 9.994E-05 0.9993 9.994E-05
9.9964E-05 0.014053 0.0851806 9.9964E-05 0.0185507 9.9964E-05 0.881816 9.9964E-05
9.9946E-05 9.9946E-05 9.9946E-05 9.9946E-05 9.9946E-05 0.0278531 0.971547 9.9946E-05
0.0442683 9.9973E-05 0.0341897 9.9973E-05 9.9973E-05 0.0160779 0.753564 0.1516
0.9993 9.994E-05 9.994E-05 9.994E-05 9.994E-05 9.994E-05 9.994E-05 9.994E-05
0.0924518 9.9982E-05 0.100196 9.9982E-05 0.148569 0.0585227 0.16925 0.430809
0.9993 9.994E-05 9.994E-05 9.994E-05 9.994E-05 9.994E-05 9.994E-05 9.994E-05
0.9993 9.994E-05 9.994E-05 9.994E-05 9.994E-05 9.994E-05 9.994E-05 9.994E-05
0.935142 9.99551E-05 0.0438203 9.99551E-05 0.0205375 9.99551E-05 9.99551E-05 9.99551E-05
0.742226 0.0212694 9.9991E-05 0.0256067 0.0113806 0.0248885 0.0630912 0.111438
0.9993 9.994E-05 9.994E-05 9.994E-05 9.994E-05 9.994E-05 9.994E-05 9.994E-05
0.860644 9.9955E-05 0.0628693 9.9955E-05 9.9955E-05 9.9955E-05 9.9955E-05 0.0759874
0.9993 9.994E-05 9.994E-05 9.994E-05 9.994E-05 9.994E-05 9.994E-05 9.994E-05
0.991304 9.99461E-05 9.99461E-05 9.99461E-05 9.99461E-05 9.99461E-05 0.00809659 9.99461E-05
0.995589 0.0038118 9.9946E-05 9.9946E-05 9.9946E-05 9.9946E-05 9.9946E-05 9.9946E-05
0.953013 9.9955E-05 9.9955E-05 9.9955E-05 9.9955E-05 0.0046947 9.9955E-05 0.0417921
0.898526 0.00980401 9.9964E-05 9.9964E-05 9.9964E-05 0.0408916 0.0503781 9.9964E-05
0.827553 9.9982E-05 0.00138041 9.9982E-05 0.0508034 0.0221986 0.0533588 0.0445055
0.931213 0.0248412 0.00978951 0.00654262 0.000281785 0.000426603 0.0268052 9.9991E-05
0.845873 9.9964E-05 0.0425845 9.9964E-05 9.9964E-05 9.9964E-05 0.00916161 0.101981
0.841476 9.9973E-05 0.0369395 9.9973E-05 0.0370993 0.023646 9.9973E-05 0.0605391
0.822219 0.00600755 9.9973E-05 0.021312 9.9973E-05 0.0363884 9.9973E-05 0.113773
0.94779 9.9964E-05 0.0107611 9.9964E-05 0.0062058 9.9964E-05 0.0348433 9.9964E-05
0.0310028 0.0321416 0.139159 9.9991E-05 0.0630861 0.26686 0.0558522 0.411798
0.0202555 0.00631699 0.138874 9.9991E-05 0.0653158 0.295381 0.0223184 0.451438
0.0407314 0.0375964 0.113395 9.9991E-05 0.0612383 0.297038 0.0122275 0.437673
0.0440633 0.027939 0.126077 9.9991E-05 0.00809652 0.224734 0.00770419 0.561286
0.0147702 9.9973E-05 0.910506 0.0576645 9.9973E-05 9.9973E-05 0.00963622 0.00712275
9.994E-05 9.994E-05 0.9993 9.994E-05 9.994E-05 9.994E-05 9.994E-05 9.994E-05
0.00283315 9.9946E-05 0.996567 9.9946E-05 9.9946E-05 9.9946E-05 9.9946E-05 9.9946E-05
9.994E-05 9.994E-05 0.9993 9.994E-05 9.994E-05 9.994E-05 9.994E-05 9.994E-05
9.9955E-05 9.9955E-05 0.985234 9.9955E-05 0.000507099 0.0137589 9.9955E-05 9.9955E-05
0.0041516 0.000211489 0.979504 9.9964E-05 9.9964E-05 0.0157335 9.9964E-05 9.9964E-05
9.9982E-05 0.0160857 0.947556 9.9982E-05 0.0237059 0.00397015 0.00706869 0.00141353
9.9991E-05 0.0168305 0.729126 0.0124263 0.0317236 0.0493076 0.0812847 0.0792011
0.0743365 0.0207763 0.771209 0.00380821 9.9991E-05 0.0036597 0.00890185 0.117208
9.9964E-05 9.9964E-05 0.00186997 9.9964E-05 9.9964E-05 0.986035 0.0107224 0.000973121
9.994E-05 9.994E-05 9.994E-05 9.994E-05 9.994E-05 0.9993 9.994E-05 9.994E-05
9.9946E-05 9.9946E-05 9.9946E-05 9.9946E-05 9.9946E-05 0.990576 0.00882424 9.9946E-05
9.994E-05 9.994E-05 9.994E-05 9.994E-05 9.994E-05 0.9993 9.994E-05 9.994E-05
9.994E-05 9.994E-05 9.994E-05 9.994E-05 9.994E-05 0.9993 9.994E-05 9.994E-05
0.0420049 0.00472965 9.9973E-05 9.9973E-05 0.0100862 0.848426 9.9973E-05 0.0944528
9.994E-05 9.994E-05 9.994E-05 9.994E-05 9.994E-05 0.9993 9.994E-05 9.994E-05
9.994E-05 9.994E-05 9.994E-05 9.994E-05 9.994E-05 0.9993 9.994E-05 9.994E-05
9.9946E-05 0.00840239 9.9946E-05 9.9946E-05 9.9946E-05 0.990998 9.9946E-05 9.9946E-05
0.0196071 0.00593854 9.9982E-05 9.9982E-05 0.00688721 0.929446 0.0280289 0.00989256
9.994E-05 9.994E-05 9.994E-05 9.994E-05 9.994E-05 0.9993 9.994E-05 9.994E-05
9.9946E-05 9.9946E-05 9.9946E-05 9.9946E-05 9.9946E-05 0.992826 0.006574 9.9946E-05
