9.994E-05 9.994E-05 0.9993 9.994E-05 9.994E-05 9.994E-05 9.994E-05 9.994E-05
9.9964E-05 9.9964E-05 0.282074 0.570129 0.0596889 9.9964E-05 9.9964E-05 0.0877084
9.9964E-05 9.9964E-05 0.271696 0.579487 0.0910919 9.9964E-05 9.9964E-05 0.0573248
9.99551E-05 9.99551E-05 0.23079 0.728139 9.99551E-05 9.99551E-05 0.0405715 9.99551E-05
0.0684592 0.0215877 0.105398 0.632451 9.9982E-05 0.0934659 0.0784384 9.9982E-05
9.9964E-05 9.9964E-05 0.175122 0.586107 0.0262561 9.9964E-05 0.212114 9.9964E-05
9.9946E-05 9.9946E-05 0.271344 0.728056 9.9946E-05 9.9946E-05 9.9946E-05 9.9946E-05
9.9973E-05 9.9973E-05 0.31941 0.552755 0.0606748 9.9973E-05 0.0463241 0.0205367
9.9973E-05 9.9973E-05 0.156821 0.70498 0.0612129 0.0426577 9.9973E-05 0.0340285
9.994E-05 9.994E-05 0.9993 9.994E-05 9.994E-05 9.994E-05 9.994E-05 9.994E-05
9.994E-05 9.994E-05 0.9993 9.994E-05 9.994E-05 9.994E-05 9.994E-05 9.994E-05
9.994E-05 9.994E-05 0.9993 9.994E-05 9.994E-05 9.994E-05 9.994E-05 9.994E-05
0.00669409 9.9955E-05 0.981141 9.9955E-05 9.9955E-05 9.9955E-05 9.9955E-05 0.0116655
9.9955E-05 0.0703285 0.921028 9.9955E-05 9.9955E-05 0.00814361 9.9955E-05 9.9955E-05
0.00633663 9.9964E-05 0.950124 9.9964E-05 0.0112952 9.9964E-05 0.0318439 9.9964E-05
9.9964E-05 9.9964E-05 0.2283 0.401972 9.9964E-05 0.0539841 0.315344 9.9964E-05
0.0815402 0.0269385 0.205706 0.350117 0.0907521 0.0356028 0.135018 0.074325
0.00177967 9.9964E-05 0.204273 0.638796 9.9964E-05 9.9964E-05 0.154752 9.9964E-05
9.9964E-05 0.001655 9.9964E-05 0.863022 9.9964E-05 0.0515269 0.0833961 9.9964E-05
0.0546058 0.0139583 9.9964E-05 0.914327 9.9964E-05 0.0167092 9.9964E-05 9.9964E-05
0.0146814 9.9973E-05 0.0339811 0.892126 9.9973E-05 0.0469859 9.9973E-05 0.0119253
0.0727765 0.0558093 9.9982E-05 0.783834 0.0675792 0.00358144 0.0162201 9.9982E-05
9.9964E-05 0.130725 9.9964E-05 0.826451 0.0320486 0.0103756 9.9964E-05 9.9964E-05
0.0136786 0.040214 9.9955E-05 0.945608 9.9955E-05 9.9955E-05 9.9955E-05 9.9955E-05
0.00241504 9.9973E-05 9.9973E-05 0.89197 9.9973E-05 0.00821319 0.0636715 0.0334308
0.0589695 9.9964E-05 9.9964E-05 0.689252 9.9964E-05 0.0506618 0.200717 9.9964E-05
9.9973E-05 0.0288756 9.9973E-05 0.722708 0.0679971 0.0807082 0.0994114 9.9973E-05
0.030105 9.9946E-05 9.9946E-05 0.969295 9.9946E-05 9.9946E-05 9.9946E-05 9.9946E-05
0.0173743 0.0831992 0.0534918 0.73347 0.000532916 0.0163753 0.0905856 0.00497122
9.9955E-05 9.9955E-05 0.0395248 0.920875 9.9955E-05 9.9955E-05 0.0391008 9.9955E-05
0.0266987 0.0565053 0.0563714 0.818527 9.9982E-05 0.032623 9.9982E-05 0.00907471
0.0593591 9.9982E-05 9.9982E-05 0.785628 0.0135374 0.0608806 0.0772324 0.00316212
0.00901702 0.0190839 9.9991E-05 0.762989 0.0610856 0.0373498 0.105409 0.00496556
0.154554 9.9973E-05 0.0593276 0.667335 0.0737508 9.9973E-05 0.0447327 9.9973E-05
0.0192145 0.162433 9.9964E-05 0.802818 0.015134 9.9964E-05 9.9964E-05 9.9964E-05
9.9973E-05 0.0168489 0.0701687 0.864899 9.9973E-05 0.0080115 0.0397719 9.9973E-05
9.9955E-05 0.0422702 9.9955E-05 0.470988 9.9955E-05 9.9955E-05 0.486242 9.9955E-05
0.0198964 0.115871 0.00542015 0.536063 0.0202607 0.0499066 0.252285 0.000297813
0.0152634 9.9982E-05 9.9982E-05 0.569329 0.047253 0.11141 0.216066 0.0404785
0.0271744 0.0324043 9.9982E-05 0.481117 9.9982E-05 0.0641823 0.358312 0.0366101
0.0668747 9.9973E-05 9.9973E-05 0.0655414 0.00140803 9.9973E-05 0.84191 0.0239658
0.0754061 9.9982E-05 0.0239554 9.9982E-05 0.0407569 0.0432657 0.809185 0.00723056
0.0457023 9.9982E-05 0.0600916 0.190685 0.0643995 9.9982E-05 0.599553 0.0393691
0.0124361 9.9973E-05 0.0164507 0.0144722 9.9973E-05 9.9973E-05 0.931575 0.0247664
9.9964E-05 9.9964E-05 9.9964E-05 0.187315 0.0529784 0.0685307 0.690776 9.9964E-05
9.994E-05 9.994E-05 9.994E-05 9.994E-05 9.994E-05 9.994E-05 0.9993 9.994E-05
9.994E-05 9.994E-05 9.994E-05 9.994E-05 9.994E-05 9.994E-05 0.9993 9.994E-05
9.9973E-05 0.0392508 9.9973E-05 0.309094 0.0426722 0.0420823 0.5666 9.9973E-05
0.0826638 0.0204482 0.0542251 0.18918 0.00991211 0.0681802 0.575291 9.9991E-05
0.0401238 9.9982E-05 0.0712662 0.371703 0.0331244 9.9982E-05 0.449886 0.0336971
9.9982E-05 9.9982E-05 0.0187461 0.288291 0.0354149 0.0469929 0.595803 0.0145524
9.9973E-05 0.0395513 0.0109485 0.176144 0.0410676 9.9973E-05 0.731988 9.9973E-05
9.9955E-05 9.9955E-05 0.0187629 9.9955E-05 9.9955E-05 0.0239566 0.956781 9.9955E-05
0.00077764 0.0877472 0.0194738 0.195845 9.9991E-05 0.00620324 0.688328 0.00152469
0.0592168 0.06663 0.0505387 0.211486 9.9982E-05 9.9982E-05 0.595931 0.0159977
0.0566759 9.9973E-05 9.9973E-05 0.154755 0.0929838 9.9973E-05 0.68963 0.00565568
0.0282444 0.0148402 0.0853217 0.165574 0.0638204 0.0789773 0.562582 0.000639918
9.9973E-05 0.0283689 9.9973E-05 0.256806 9.9973E-05 0.0903098 0.608701 0.0155149
9.99461E-05 9.99461E-05 0.00327508 9.99461E-05 9.99461E-05 9.99461E-05 0.996125 9.99461E-05
9.9973E-05 9.9973E-05 0.0228995 0.200904 0.0437256 0.0708331 0.661338 9.9973E-05
0.0333502 0.0114665 0.0022278 0.17992 9.9982E-05 0.0695306 0.703305 9.9982E-05
0.077975 9.9982E-05 0.0140521 0.045576 9.9982E-05 0.0293367 0.830518 0.00234255
9.999E-05 0.0275195 0.0147769 0.0963028 0.0313241 0.0291392 0.760711 0.0401261
9.99461E-05 0.0129375 9.99461E-05 9.99461E-05 9.99461E-05 9.99461E-05 0.986463 9.99461E-05
0.0100768 9.9973E-05 0.0036568 0.0736093 9.9973E-05 0.033937 0.87842 9.9973E-05
9.9955E-05 0.0329095 9.9955E-05 9.9955E-05 0.0362833 9.9955E-05 0.930307 9.9955E-05
9.9946E-05 9.9946E-05 9.9946E-05 9.9946E-05 9.9946E-05 9.9946E-05 0.948514 0.0508862
0.00363251 0.0808126 0.0116776 9.9973E-05 0.000478353 9.9973E-05 0.903099 9.9973E-05
9.9982E-05 0.00715943 0.00281014 0.302569 0.0329404 0.0348305 0.619491 9.9982E-05
9.99461E-05 9.99461E-05 9.99461E-05 9.99461E-05 0.0232057 9.99461E-05 0.976195 9.99461E-05
0.00653162 9.9982E-05 0.0252542 0.0798752 0.0602029 9.9982E-05 0.789169 0.0387673
0.0227593 0.0213764 9.9991E-05 0.00497304 0.0930547 0.0237071 0.817119 0.016911
9.99461E-05 9.99461E-05 0.0770451 9.99461E-05 9.99461E-05 9.99461E-05 0.922355 9.99461E-05
9.9955E-05 9.9955E-05 0.0472337 9.9955E-05 9.9955E-05 0.0266749 0.925592 9.9955E-05
0.0713342 0.0314716 0.0493518 9.9982E-05 0.0426474 0.0397806 0.765215 9.9982E-05
9.9964E-05 0.00611075 0.0162948 9.9964E-05 9.9964E-05 0.0501342 0.92706 9.9964E-05
9.9964E-05 9.9964E-05 9.9964E-05 9.9964E-05 0.0463194 0.0180928 0.921978 0.0132099
0.0195965 0.151196 0.00911644 9.9982E-05 0.00212775 9.9982E-05 0.720493 0.0972703
0.0401778 0.0313007 9.9973E-05 9.9973E-05 9.9973E-05 0.0395971 0.787391 0.101234
0.0674165 0.0731701 9.9982E-05 9.9982E-05 0.0173914 0.0379363 0.677763 0.126123
0.088303 0.0706562 9.9982E-05 9.9982E-05 0.0328192 0.0294006 0.727387 0.0512339
0.0387128 0.0727969 9.9973E-05 9.9973E-05 9.9973E-05 0.00469899 0.75891 0.124581
0.0687391 0.070116 9.9982E-05 9.9982E-05 0.0321319 0.0111713 0.740054 0.0775878
0.0796067 9.9982E-05 9.9982E-05 0.0937874 0.0245779 0.0723063 0.617549 0.111973
0.0673658 9.9991E-05 0.019973 0.0377744 0.0874672 0.0446737 0.536232 0.206414
0.0893867 9.9982E-05 0.0123559 0.00493033 0.0996852 9.9982E-05 0.623291 0.17015
0.103954 0.00574817 0.0438577 0.114644 0.0628747 0.0577915 0.538594 0.0725355
0.116561 9.9982E-05 0.00710129 0.153392 9.9982E-05 0.0815709 0.514588 0.126587
0.0366839 0.0692514 0.0317637 0.0319891 9.9991E-05 0.0284813 0.664705 0.137025
0.13648 0.0219869 0.0123896 0.0328463 0.0824049 0.146792 0.479888 0.087212
0.0414598 0.20142 0.0618609 0.0177358 0.0422331 9.9991E-05 0.532354 0.102836
0.0746417 0.150543 0.0461098 0.0525451 0.0580859 9.9991E-05 0.537755 0.0802199
0.0882256 9.9991E-05 0.0133503 0.0290026 0.0721198 0.157362 0.46114 0.178699
9.9955E-05 9.9955E-05 0.00425473 9.9955E-05 9.9955E-05 0.00508287 9.9955E-05 0.990163
0.0321813 0.0017534 0.0326285 9.9964E-05 9.9964E-05 9.9964E-05 9.9964E-05 0.933037
9.9973E-05 0.0423252 9.9973E-05 0.0261451 0.00032443 9.9973E-05 0.0498469 0.881058
9.99461E-05 9.99461E-05 9.99461E-05 9.99461E-05 0.000191724 9.99461E-05 9.99461E-05 0.999209
9.994E-05 9.994E-05 9.994E-05 9.994E-05 9.994E-05 9.994E-05 9.994E-05 0.9993
9.994E-05 9.994E-05 9.994E-05 9.994E-05 9.994E-05 9.994E-05 9.994E-05 0.9993
9.994E-05 9.994E-05 9.994E-05 9.994E-05 9.994E-05 9.994E-05 9.994E-05 0.9993
9.9973E-05 9.9973E-05 0.00844341 0.0582614 0.00888007 0.00241703 9.9973E-05 0.921698
9.9946E-05 9.9946E-05 9.9946E-05 9.9946E-05 9.9946E-05 0.0167329 9.9946E-05 0.982667
9.9946E-05 0.0139493 9.9946E-05 9.9946E-05 9.9946E-05 9.9946E-05 9.9946E-05 0.985451
0.282263 0.0605314 9.9991E-05 0.0626636 0.0879104 0.115439 0.261322 0.129771
9.9964E-05 0.0499824 9.9964E-05 9.9964E-05 9.9964E-05 0.000327566 0.0760795 0.873211
9.994E-05 9.994E-05 9.994E-05 9.994E-05 9.994E-05 9.994E-05 9.994E-05 0.9993
9.9973E-05 0.000740039 0.00339648 9.9973E-05 0.000370562 9.9973E-05 0.0175919 0.977601
0.211264 0.0772952 9.9982E-05 9.9982E-05 0.00776285 0.112169 0.455725 0.135584
0.190507 0.0575831 9.9982E-05 9.9982E-05 0.0654164 0.0855733 0.507446 0.0932746
0.186341 0.105179 0.00432386 0.00954898 0.0457072 0.0782922 0.499269 0.0713384
0.18555 0.0543354 9.9982E-05 9.9982E-05 0.0223342 0.0552026 0.527269 0.155109
0.224061 0.0705134 9.9982E-05 9.9982E-05 0.0144238 0.0613301 0.501783 0.127689
0.197393 0.155312 9.9991E-05 0.129356 0.0161042 0.0537103 0.366332 0.0816922
0.122693 0.13333 0.00571395 0.0538829 0.00897547 0.0454087 0.480009 0.149987
0.207941 0.0940816 9.9973E-05 9.9973E-05 9.9973E-05 0.0475667 0.52841 0.121701
0.100212 0.144732 9.9991E-05 0.00356642 0.0839314 0.0476695 0.38932 0.230469
0.134466 0.154177 9.9991E-05 0.0123273 0.0342012 0.0302586 0.424582 0.209888
0.118935 0.0926581 9.9991E-05 0.0667329 0.0366289 0.0880268 0.494015 0.102904
0.0813801 0.19267 9.9991E-05 0.0540552 0.0284254 0.0346991 0.388773 0.219897
0.159397 0.119602 0.0146276 9.9991E-05 0.0453282 0.0560103 0.534223 0.0707124
0.187992 0.0738352 0.000376529 0.0393544 0.0855884 0.0546157 0.446418 0.11182
0.961778 0.0198511 9.9964E-05 9.9964E-05 0.00307997 0.0148912 9.9964E-05 9.9964E-05
0.917432 0.0077699 0.00729052 0.0081038 0.00718121 0.0365062 9.9991E-05 0.0156165
0.9993 9.994E-05 9.994E-05 9.994E-05 9.994E-05 9.994E-05 9.994E-05 9.994E-05
0.98466 9.9946E-05 9.9946E-05 0.0147402 9.9946E-05 9.9946E-05 9.9946E-05 9.9946E-05
0.9993 9.994E-05 9.994E-05 9.994E-05 9.994E-05 9.994E-05 9.994E-05 9.994E-05
0.9993 9.994E-05 9.994E-05 9.994E-05 9.994E-05 9.994E-05 9.994E-05 9.994E-05
0.986204 9.9946E-05 9.9946E-05 0.0131964 9.9946E-05 9.9946E-05 9.9946E-05 9.9946E-05
0.754261 0.141844 0.0310132 0.00232907 0.0132061 0.0571466 9.9982E-05 9.9982E-05
0.9993 9.994E-05 9.994E-05 9.994E-05 9.994E-05 9.994E-05 9.994E-05 9.994E-05
0.9993 9.994E-05 9.994E-05 9.994E-05 9.994E-05 9.994E-05 9.994E-05 9.994E-05
0.884519 0.0644937 0.00318704 9.9964E-05 9.9964E-05 9.9964E-05 9.9964E-05 0.0474007
0.981321 9.9955E-05 0.0119111 9.9955E-05 9.9955E-05 0.00626843 9.9955E-05 9.9955E-05
0.734907 0.0834836 9.9982E-05 9.9982E-05 0.0712985 0.014768 0.0826237 0.0127194
9.994E-05 9.994E-05 9.994E-05 9.994E-05 0.9993 9.994E-05 9.994E-05 9.994E-05
0.194586 0.0679069 0.0148928 9.9991E-05 0.0657064 0.0341942 0.428031 0.194583
9.994E-05 9.994E-05 9.994E-05 9.994E-05 0.9993 9.994E-05 9.994E-05 9.994E-05
9.994E-05 9.994E-05 9.994E-05 9.994E-05 0.9993 9.994E-05 9.994E-05 9.994E-05
9.99461E-05 0.0619902 9.99461E-05 9.99461E-05 0.93741 9.99461E-05 9.99461E-05 9.99461E-05
0.058689 9.9991E-05 0.000278133 0.0415972 0.771484 0.00270847 0.104305 0.0208374
9.994E-05 9.994E-05 9.994E-05 9.994E-05 0.9993 9.994E-05 9.994E-05 9.994E-05
0.0213937 0.0811546 0.00205087 9.9973E-05 0.778347 9.9973E-05 0.116754 9.9973E-05
9.9955E-05 0.00281531 9.9955E-05 9.9955E-05 0.973695 9.9955E-05 9.9955E-05 0.0229897
0.00723189 9.9964E-05 9.9964E-05 0.00302157 0.983002 9.9964E-05 9.9964E-05 0.00634462
9.9946E-05 9.9946E-05 0.00174361 9.9946E-05 0.997657 9.9946E-05 9.9946E-05 9.9946E-05
9.994E-05 9.994E-05 9.994E-05 9.994E-05 0.9993 9.994E-05 9.994E-05 9.994E-05
0.0323877 9.9946E-05 9.9946E-05 9.9946E-05 0.967013 9.9946E-05 9.9946E-05 9.9946E-05
0.0727978 0.00366475 9.9982E-05 9.9982E-05 0.786918 0.0710019 0.0513324 0.0140848
0.0201084 0.0382753 0.0257011 0.000651535 0.837933 0.00539981 0.0615079 0.0104234
9.9964E-05 0.0296101 9.9964E-05 9.9964E-05 0.929056 9.9964E-05 0.0215519 0.0193819
9.9964E-05 0.0280859 9.9964E-05 9.9964E-05 0.88072 0.0439412 0.0468527 9.9964E-05
9.9973E-05 0.0200498 0.0062121 9.9973E-05 0.89171 0.0357801 0.0459485 9.9973E-05
0.0399977 0.00517717 9.9973E-05 0.00245357 0.946158 0.00591335 9.9973E-05 9.9973E-05
0.0302141 0.105721 0.0370844 9.9991E-05 0.0710006 0.273234 0.356131 0.126515
0.0401 0.147535 0.0469705 9.9991E-05 0.0393918 0.328191 0.319001 0.0787113
0.0142737 0.110423 0.0454632 9.9991E-05 0.0653575 0.286918 0.363302 0.114163
0.0199887 0.117868 0.0390282 9.9991E-05 0.0736251 0.289705 0.356663 0.103022
0.0535332 0.905915 9.9973E-05 9.9973E-05 0.0113921 0.0281235 0.000736279 9.9973E-05
9.994E-05 0.9993 9.994E-05 9.994E-05 9.994E-05 9.994E-05 9.994E-05 9.994E-05
0.0104242 0.986856 9.9955E-05 9.9955E-05 9.9955E-05 9.9955E-05 9.9955E-05 0.00222012
9.994E-05 0.9993 9.994E-05 9.994E-05 9.994E-05 9.994E-05 9.994E-05 9.994E-05
0.00226181 0.965038 0.0261365 9.9964E-05 9.9964E-05 9.9964E-05 0.00616409 9.9964E-05
9.9973E-05 0.924498 9.9973E-05 9.9973E-05 0.00439057 0.0190764 0.043838 0.00789683
9.9973E-05 0.94686 0.00343387 9.9973E-05 9.9973E-05 0.0221788 0.0151131 0.012114
9.9982E-05 0.75495 0.0170873 0.0575893 0.0401204 0.013367 0.116686 9.9982E-05
9.9982E-05 0.852711 0.0052343 0.0298457 0.0336385 0.0104109 0.0679599 9.9982E-05
9.9946E-05 9.9946E-05 9.9946E-05 9.9946E-05 9.9946E-05 0.972713 0.0266871 9.9946E-05
9.994E-05 9.994E-05 9.994E-05 9.994E-05 9.994E-05 0.9993 9.994E-05 9.994E-05
9.9946E-05 9.9946E-05 9.9946E-05 0.00819635 9.9946E-05 0.991204 9.9946E-05 9.9946E-05
9.994E-05 9.994E-05 9.994E-05 9.994E-05 9.994E-05 0.9993 9.994E-05 9.994E-05
9.994E-05 9.994E-05 9.994E-05 9.994E-05 9.994E-05 0.9993 9.994E-05 9.994E-05
9.9982E-05 0.0131074 0.0121128 0.0385825 9.9982E-05 0.893877 0.0362804 0.00584026
9.994E-05 9.994E-05 9.994E-05 9.994E-05 9.994E-05 0.9993 9.994E-05 9.994E-05
9.994E-05 9.994E-05 9.994E-05 9.994E-05 9.994E-05 0.9993 9.994E-05 9.994E-05
9.9955E-05 9.9955E-05 0.00442643 9.9955E-05 9.9955E-05 0.994187 9.9955E-05 0.000886751
0.054497 9.9964E-05 0.0092784 9.9964E-05 9.9964E-05 0.893167 0.0426579 9.9964E-05
9.994E-05 9.994E-05 9.994E-05 9.994E-05 9.994E-05 0.9993 9.994E-05 9.994E-05
0.00411431 0.00517799 9.9955E-05 9.9955E-05 9.9955E-05 0.990208 9.9955E-05 9.9955E-05
