9.994E-05 9.994E-05 9.994E-05 0.9993 9.994E-05 9.994E-05 9.994E-05 9.994E-05
9.9964E-05 0.0791523 0.073623 0.243459 9.9964E-05 9.9964E-05 0.603366 9.9964E-05
9.9964E-05 0.053308 0.0973642 0.229259 9.9964E-05 9.9964E-05 0.619669 9.9964E-05
9.9964E-05 9.9964E-05 9.9964E-05 0.232259 0.00548521 9.9964E-05 0.690847 0.0710094
0.0573018 9.9973E-05 9.9973E-05 0.0944915 0.065844 9.9973E-05 0.684861 0.0972016
9.9973E-05 0.0172049 0.0262781 0.136879 9.9973E-05 9.9973E-05 0.598691 0.220648
9.9946E-05 9.9946E-05 9.9946E-05 0.256066 9.9946E-05 9.9946E-05 0.743334 9.9946E-05
0.00877324 0.00368767 0.0899071 0.288949 9.9991E-05 0.00887391 0.564744 0.0349653
9.9982E-05 0.0091538 0.0677791 0.185323 0.0466722 9.9982E-05 0.654077 0.0367954
9.994E-05 9.994E-05 9.994E-05 0.9993 9.994E-05 9.994E-05 9.994E-05 9.994E-05
9.994E-05 9.994E-05 9.994E-05 0.9993 9.994E-05 9.994E-05 9.994E-05 9.994E-05
9.994E-05 9.994E-05 9.994E-05 0.9993 9.994E-05 9.994E-05 9.994E-05 9.994E-05
9.9955E-05 0.0124484 9.9955E-05 0.984337 9.9955E-05 0.00271526 9.9955E-05 9.9955E-05
0.0562202 9.9964E-05 0.000709445 0.908045 9.9964E-05 9.9964E-05 0.0346255 9.9964E-05
0.0372498 9.9973E-05 9.9973E-05 0.903835 0.0167874 0.0166743 9.9973E-05 0.0251537
9.9982E-05 9.9982E-05 0.0270185 0.15364 0.0793318 0.00159036 0.534923 0.203297
0.0880543 0.0126616 0.0864463 0.213051 0.0191493 9.9991E-05 0.410214 0.170324
9.9955E-05 9.9955E-05 9.9955E-05 0.179945 9.9955E-05 9.9955E-05 0.717934 0.10162
0.0606852 9.9955E-05 9.9955E-05 9.9955E-05 0.00105106 9.9955E-05 0.937764 9.9955E-05
0.0694518 9.9964E-05 9.9964E-05 9.9964E-05 0.0144138 0.0385612 0.877173 9.9964E-05
9.9955E-05 9.9955E-05 9.9955E-05 0.0133027 0.0648794 9.9955E-05 0.921318 9.9955E-05
0.0811989 0.00240531 0.068017 9.9982E-05 9.9982E-05 0.030345 0.785887 0.0319473
0.108008 9.9955E-05 9.9955E-05 9.9955E-05 0.0148353 9.9955E-05 0.876657 9.9955E-05
0.0218638 9.9964E-05 9.9964E-05 0.000550303 9.9964E-05 0.0409502 0.936236 9.9964E-05
9.9964E-05 9.9964E-05 9.9964E-05 9.9964E-05 0.00135299 0.0297934 0.910567 0.0578866
0.0113264 9.9982E-05 0.00105549 9.9982E-05 0.0621276 0.0605408 0.63383 0.23092
0.00856252 9.9973E-05 0.0670422 9.9973E-05 0.102532 9.9973E-05 0.696996 0.124568
9.9964E-05 9.9964E-05 0.0222199 9.9964E-05 9.9964E-05 0.00609875 0.957125 0.0141563
0.0182173 0.00776941 0.0132124 0.0369648 0.0684128 0.0479937 0.760907 0.0465222
9.9964E-05 0.00176675 9.9964E-05 0.020694 9.9964E-05 9.9964E-05 0.933937 0.0432028
0.0461115 9.9973E-05 9.9973E-05 0.00970894 0.0202099 0.00817642 0.915493 9.9973E-05
0.00833576 9.9982E-05 0.010833 9.9982E-05 0.0404393 0.0705155 0.819849 0.0498276
0.0527314 0.0113094 0.0644066 9.9991E-05 0.00208786 0.0120942 0.746235 0.111036
0.00961536 9.9982E-05 0.063619 0.0198325 9.9982E-05 0.110385 0.654086 0.142262
0.157915 9.9964E-05 0.00872954 9.9964E-05 0.00372028 9.9964E-05 0.829235 9.9964E-05
9.9955E-05 9.9955E-05 9.9955E-05 0.052079 9.9955E-05 9.9955E-05 0.879619 0.0678023
0.0136746 9.9955E-05 9.9955E-05 9.9955E-05 9.9955E-05 9.9955E-05 0.492139 0.493687
0.0610008 0.00402323 0.0522214 0.00599997 0.0593721 0.0139763 0.601373 0.202034
9.9973E-05 0.0426104 0.0558088 9.9973E-05 0.0907928 9.9973E-05 0.596269 0.214219
0.0377091 0.0536365 9.9982E-05 9.9982E-05 0.0340454 0.0161487 0.584488 0.273772
9.9973E-05 0.0536929 0.0475917 9.9973E-05 9.9973E-05 0.0396144 0.0301548 0.828646
9.999E-05 0.0162135 0.0956977 0.034554 0.00376891 0.0170119 0.0905706 0.742083
9.9973E-05 9.9973E-05 0.0915167 0.0421736 9.9973E-05 0.0312991 0.212191 0.62252
9.9964E-05 0.000802988 0.0225725 9.9964E-05 9.9964E-05 9.9964E-05 0.03965 0.936575
9.9973E-05 9.9973E-05 0.057938 9.9973E-05 0.07191 0.0257483 0.225518 0.618586
9.994E-05 9.994E-05 9.994E-05 9.994E-05 9.994E-05 9.994E-05 9.994E-05 0.9993
9.994E-05 9.994E-05 9.994E-05 9.994E-05 9.994E-05 9.994E-05 9.994E-05 0.9993
0.0333964 9.9982E-05 0.0189012 9.9982E-05 0.033052 0.0394241 0.379431 0.495595
9.9982E-05 9.9982E-05 0.0366283 0.0833402 0.111609 0.0638169 0.138117 0.566289
9.9982E-05 0.0254624 0.0123396 0.0851466 9.9982E-05 0.0849704 0.402715 0.389166
9.999E-05 0.0339318 0.0691098 0.0438363 0.0129588 0.00934118 0.193583 0.637139
0.0183852 9.9973E-05 0.0325595 9.9973E-05 0.00851642 9.9973E-05 0.222213 0.718026
9.9964E-05 9.9964E-05 9.9964E-05 0.00758574 0.00543996 9.9964E-05 0.0428282 0.943746
0.0971133 0.029717 9.9991E-05 0.0574061 0.065344 0.0436243 0.223924 0.482771
0.0464635 0.0411577 9.9991E-05 0.0455887 0.0133643 0.0687127 0.251983 0.532631
0.00655663 0.00253848 0.116026 9.9982E-05 9.9982E-05 0.0368592 0.16534 0.672479
0.0122997 9.9991E-05 0.0673802 0.0707791 0.0954952 0.0390261 0.155555 0.559365
0.0035506 0.0169015 9.9982E-05 9.9982E-05 0.0922617 0.00216844 0.236453 0.648465
9.994E-05 9.994E-05 9.994E-05 9.994E-05 9.994E-05 9.994E-05 9.994E-05 0.9993
0.0445055 0.00282803 9.99997E-05 0.0657417 0.0478467 0.0299052 0.201134 0.607939
0.00521329 9.9973E-05 9.9973E-05 9.9973E-05 0.0694782 0.0426186 0.215792 0.666598
9.99641E-05 9.99641E-05 9.99641E-05 9.99641E-05 0.0221911 0.0542317 0.107869 0.815309
0.0465638 0.0449586 0.063142 0.00568574 0.0321749 0.00472164 0.0848017 0.717952
0.0585506 9.9946E-05 9.9946E-05 9.9946E-05 9.9946E-05 9.9946E-05 9.9946E-05 0.94085
9.9964E-05 9.9964E-05 9.9964E-05 0.0260831 9.9964E-05 0.0379822 0.10745 0.828085
0.0455488 9.9955E-05 0.043081 9.9955E-05 9.9955E-05 9.9955E-05 9.9955E-05 0.91087
9.9946E-05 0.0176932 9.9946E-05 9.9946E-05 9.9946E-05 9.9946E-05 9.9946E-05 0.981707
0.106426 9.9964E-05 9.9964E-05 0.0283039 9.9964E-05 0.035996 9.9964E-05 0.828874
0.0116088 0.00877721 0.0140882 9.9991E-05 0.0105741 0.0212573 0.317882 0.615712
0.0373908 9.99461E-05 9.99461E-05 9.99461E-05 9.99461E-05 9.99461E-05 9.99461E-05 0.962009
9.9982E-05 0.0315242 0.0337415 0.0296761 9.9982E-05 0.0017354 0.162166 0.740957
0.0108698 0.0302508 0.0423439 9.9991E-05 0.0363051 0.0621411 0.0654646 0.752525
9.9955E-05 9.9955E-05 9.9955E-05 0.080886 0.0128898 9.9955E-05 9.9955E-05 0.905724
9.9955E-05 9.9955E-05 9.9955E-05 0.0455603 0.0220626 9.9955E-05 9.9955E-05 0.931877
0.0208913 0.00700859 9.9973E-05 0.0397769 9.9973E-05 0.099412 9.9973E-05 0.832611
0.0230735 9.9955E-05 9.9955E-05 9.9955E-05 0.0739276 9.9955E-05 9.9955E-05 0.902499
9.9964E-05 0.0310846 0.0242821 9.9964E-05 0.00932301 9.9964E-05 9.9964E-05 0.93491
0.118883 0.109168 9.9973E-05 0.0147762 9.9973E-05 0.0593501 9.9973E-05 0.697523
0.0680772 0.093479 0.0317147 9.9991E-05 0.0564077 0.0633916 0.0684738 0.618356
0.0430594 0.112807 0.00876168 9.9982E-05 0.0533116 0.0549786 9.9982E-05 0.726882
0.0895964 0.0999276 0.0532282 9.9982E-05 0.00999124 0.0891851 9.9982E-05 0.657871
0.0684391 0.160038 9.9973E-05 9.9973E-05 0.0355526 0.00035727 9.9973E-05 0.735313
0.0276662 0.0894637 0.043015 9.9982E-05 0.0306595 0.0746286 9.9982E-05 0.734367
9.9982E-05 0.119774 0.0135646 9.9982E-05 0.0373007 0.126379 0.205025 0.497757
0.00474036 0.217655 0.0205417 9.9991E-05 0.037715 0.102287 0.110302 0.506659
0.00668828 0.164009 0.134158 0.000509739 0.046591 0.0791982 0.0596727 0.509173
0.0237286 0.0696577 0.0963945 0.0318766 0.0707499 0.102795 0.164865 0.439933
9.9973E-05 0.130649 9.9973E-05 9.9973E-05 0.0582985 0.141547 0.119885 0.54932
0.0671417 0.122668 0.0428541 0.0114992 0.0968016 0.0845259 9.9991E-05 0.574409
0.00149878 0.124669 0.0845674 0.0160274 0.130632 0.130614 0.0476669 0.464324
0.207833 0.126157 0.0468489 0.0359364 0.00301679 0.0357167 0.000439868 0.544052
0.187648 0.104118 0.0232108 0.00637279 9.9991E-05 0.0574304 0.0793498 0.54177
9.9991E-05 0.194529 0.0689873 0.0342022 0.173102 0.07678 0.0260226 0.426276
9.994E-05 0.9993 9.994E-05 9.994E-05 9.994E-05 9.994E-05 9.994E-05 9.994E-05
9.9973E-05 0.902348 0.0124597 0.034922 9.9973E-05 0.0370047 9.9973E-05 0.0129658
0.0701535 0.821519 9.9973E-05 0.00332987 0.0270681 9.9973E-05 9.9973E-05 0.0776295
9.99461E-05 0.98668 0.0127199 9.99461E-05 9.99461E-05 9.99461E-05 9.99461E-05 9.99461E-05
9.994E-05 0.9993 9.994E-05 9.994E-05 9.994E-05 9.994E-05 9.994E-05 9.994E-05
9.994E-05 0.9993 9.994E-05 9.994E-05 9.994E-05 9.994E-05 9.994E-05 9.994E-05
9.994E-05 0.9993 9.994E-05 9.994E-05 9.994E-05 9.994E-05 9.994E-05 9.994E-05
0.00431673 0.896168 0.000535805 9.9982E-05 0.00767523 9.9982E-05 0.0535225 0.0375822
9.994E-05 0.9993 9.994E-05 9.994E-05 9.994E-05 9.994E-05 9.994E-05 9.994E-05
9.994E-05 0.9993 9.994E-05 9.994E-05 9.994E-05 9.994E-05 9.994E-05 9.994E-05
0.0589087 0.105165 0.0989833 0.000162892 0.108276 0.310421 0.0753332 0.24275
0.0127196 0.874763 9.9964E-05 9.9964E-05 0.0155454 9.9964E-05 9.9964E-05 0.0965724
9.9946E-05 0.981074 9.9946E-05 9.9946E-05 0.018326 9.9946E-05 9.9946E-05 9.9946E-05
9.9955E-05 0.991971 9.9955E-05 0.00539647 0.00213263 9.9955E-05 9.9955E-05 9.9955E-05
0.114067 0.129995 0.0452607 9.9991E-05 0.120815 0.271838 0.0251332 0.292791
0.0968406 0.114268 0.0469002 9.9991E-05 0.105643 0.254967 0.0457977 0.335484
0.139575 0.135767 0.0828512 9.9991E-05 0.0731886 0.238926 0.0460255 0.283567
0.0767119 0.14801 0.0336294 9.9991E-05 0.118725 0.219067 0.0859221 0.317835
0.117339 0.133155 0.0268504 9.9991E-05 0.0773195 0.273789 0.0521214 0.319326
0.184203 0.0754651 0.0371733 9.9991E-05 0.0621442 0.21552 0.165983 0.259412
0.146919 0.141747 0.0246749 0.0120449 0.0823094 0.207633 0.0612426 0.323429
0.125909 0.128513 9.9982E-05 9.9982E-05 0.0557551 0.258401 0.0353883 0.395834
0.137559 0.258675 0.0990365 9.9982E-05 0.0535658 0.164537 9.9982E-05 0.286428
0.134576 0.219771 0.0608702 0.000105417 0.0756198 0.135032 0.074182 0.299844
0.0923734 0.128271 0.0495534 9.9991E-05 0.0908899 0.159383 0.0786128 0.400816
0.133713 0.228248 0.0355847 0.000590229 0.0965055 0.084859 0.0584669 0.362033
0.118382 0.0668695 0.0814212 9.9982E-05 0.0836964 0.174565 9.9982E-05 0.474866
0.0572029 0.145441 0.040611 9.9991E-05 0.0772962 0.232436 0.0554602 0.391453
0.0206267 0.00699089 0.00222009 9.9982E-05 0.024929 0.928468 0.0165653 9.9982E-05
0.0424048 0.0069459 9.9982E-05 0.0222443 0.0457816 0.876308 0.0061153 9.9982E-05
9.994E-05 9.994E-05 9.994E-05 9.994E-05 9.994E-05 0.9993 9.994E-05 9.994E-05
0.000376735 9.9964E-05 9.9964E-05 9.9964E-05 0.00523009 0.989749 9.9964E-05 0.00424467
9.994E-05 9.994E-05 9.994E-05 9.994E-05 9.994E-05 0.9993 9.994E-05 9.994E-05
9.994E-05 9.994E-05 9.994E-05 9.994E-05 9.994E-05 0.9993 9.994E-05 9.994E-05
9.994E-05 9.994E-05 9.994E-05 9.994E-05 9.994E-05 0.9993 9.994E-05 9.994E-05
0.136606 9.9973E-05 9.9973E-05 0.0200052 0.0200447 0.721279 9.9973E-05 0.101765
9.994E-05 9.994E-05 9.994E-05 9.994E-05 9.994E-05 0.9993 9.994E-05 9.994E-05
9.994E-05 9.994E-05 9.994E-05 9.994E-05 9.994E-05 0.9993 9.994E-05 9.994E-05
0.0988528 0.0526563 9.9964E-05 0.0313016 9.9964E-05 0.816789 9.9964E-05 9.9964E-05
9.994E-05 9.994E-05 9.994E-05 9.994E-05 9.994E-05 0.9993 9.994E-05 9.994E-05
0.0256555 9.9973E-05 0.0921517 9.9973E-05 0.00385636 0.745513 9.9973E-05 0.132524
9.994E-05 9.994E-05 0.9993 9.994E-05 9.994E-05 9.994E-05 9.994E-05 9.994E-05
0.0371978 0.173206 0.0918922 9.9982E-05 0.0544285 0.182273 9.9982E-05 0.460802
9.994E-05 9.994E-05 0.9993 9.994E-05 9.994E-05 9.994E-05 9.994E-05 9.994E-05
9.994E-05 9.994E-05 0.9993 9.994E-05 9.994E-05 9.994E-05 9.994E-05 9.994E-05
0.0462934 0.0369037 0.913469 0.0029339 9.9964E-05 9.9964E-05 9.9964E-05 9.9964E-05
9.9982E-05 0.0215722 0.763757 9.9982E-05 0.0064523 0.0933029 0.0470372 0.067678
9.994E-05 9.994E-05 0.9993 9.994E-05 9.994E-05 9.994E-05 9.994E-05 9.994E-05
0.0715125 9.9973E-05 0.858551 0.00660344 9.9973E-05 0.00690237 9.9973E-05 0.0561305
0.0139348 9.9955E-05 0.972744 9.9955E-05 9.9955E-05 9.9955E-05 0.0128215 9.9955E-05
9.9955E-05 9.9955E-05 0.971558 9.9955E-05 9.9955E-05 0.0238649 0.00407721 9.9955E-05
9.9964E-05 9.9964E-05 0.947882 9.9964E-05 0.0120019 9.9964E-05 0.0213816 0.0183349
9.994E-05 9.994E-05 0.9993 9.994E-05 9.994E-05 9.994E-05 9.994E-05 9.994E-05
9.9955E-05 0.0222575 0.974325 9.9955E-05 9.9955E-05 0.00291736 9.9955E-05 9.9955E-05
0.0323064 0.026015 0.792192 9.9982E-05 0.0723462 0.0383479 9.9982E-05 0.0385925
0.00171235 9.9964E-05 0.951288 0.00259163 0.0440077 9.9964E-05 9.9964E-05 9.9964E-05
0.0327162 0.00105916 0.878534 0.0107459 0.00624052 9.9982E-05 9.9982E-05 0.0705041
0.0100054 9.9982E-05 0.878203 0.0221483 0.0645032 0.00487647 9.9982E-05 0.020064
0.0300632 9.9982E-05 0.840181 0.0241108 0.0782728 0.00749845 0.0196736 9.9982E-05
9.9955E-05 9.9955E-05 0.942806 9.9955E-05 9.9955E-05 0.0339713 0.0227231 9.9955E-05
0.126561 0.079302 0.0212856 0.0312797 0.289789 0.0256062 9.9991E-05 0.426076
0.108188 0.104294 0.0398736 0.0264317 0.256422 0.0256159 9.9991E-05 0.439076
0.128521 0.0782142 0.0240044 0.0391025 0.271161 0.00779789 9.9991E-05 0.451098
0.122306 0.0861153 0.0350341 0.041307 0.24121 0.00511667 9.9991E-05 0.46881
0.926551 9.9973E-05 0.00113237 0.018814 9.9973E-05 0.0312841 9.9973E-05 0.0219187
0.9993 9.994E-05 9.994E-05 9.994E-05 9.994E-05 9.994E-05 9.994E-05 9.994E-05
0.985721 9.9946E-05 9.9946E-05 9.9946E-05 0.0136797 9.9946E-05 9.9946E-05 9.9946E-05
0.9993 9.994E-05 9.994E-05 9.994E-05 9.994E-05 9.994E-05 9.994E-05 9.994E-05
0.987762 9.9955E-05 0.00629978 9.9955E-05 0.00543816 9.9955E-05 9.9955E-05 9.9955E-05
0.95128 0.0244181 9.9955E-05 9.9955E-05 0.0238024 9.9955E-05 9.9955E-05 9.9955E-05
0.970274 9.9946E-05 0.0291264 9.9946E-05 9.9946E-05 9.9946E-05 9.9946E-05 9.9946E-05
0.800667 0.00926052 0.0365491 0.0251048 0.00494252 0.0178321 0.105544 9.9991E-05
0.842954 9.9964E-05 0.0381175 9.9964E-05 9.9964E-05 9.9964E-05 0.09087 0.0276586
9.9946E-05 9.9946E-05 9.9946E-05 9.9946E-05 0.998085 0.00131541 9.9946E-05 9.9946E-05
9.994E-05 9.994E-05 9.994E-05 9.994E-05 0.9993 9.994E-05 9.994E-05 9.994E-05
9.994E-05 9.994E-05 9.994E-05 9.994E-05 0.9993 9.994E-05 9.994E-05 9.994E-05
9.994E-05 9.994E-05 9.994E-05 9.994E-05 0.9993 9.994E-05 9.994E-05 9.994E-05
9.994E-05 9.994E-05 9.994E-05 9.994E-05 0.9993 9.994E-05 9.994E-05 9.994E-05
0.0363438 0.040774 0.0123555 0.0118015 0.898425 9.9973E-05 9.9973E-05 9.9973E-05
9.994E-05 9.994E-05 9.994E-05 9.994E-05 0.9993 9.994E-05 9.994E-05 9.994E-05
9.994E-05 9.994E-05 9.994E-05 9.994E-05 0.9993 9.994E-05 9.994E-05 9.994E-05
9.9964E-05 9.9964E-05 9.9964E-05 9.9964E-05 0.983762 0.00783147 0.00395185 0.0040551
9.9964E-05 9.9964E-05 0.0123663 9.9964E-05 0.929882 0.0113212 9.9964E-05 0.046031
9.994E-05 9.994E-05 9.994E-05 9.994E-05 0.9993 9.994E-05 9.994E-05 9.994E-05
9.9955E-05 0.0193659 0.00154486 9.9955E-05 0.978589 9.9955E-05 9.9955E-05 9.9955E-05
