9.994E-05 9.994E-05 0.9993 9.994E-05 9.994E-05 9.994E-05 9.994E-05 9.994E-05
9.9964E-05 0.573129 0.262427 0.11223 9.9964E-05 0.0518142 9.9964E-05 9.9964E-05
9.9964E-05 0.562682 0.260873 0.0604736 9.9964E-05 0.115572 9.9964E-05 9.9964E-05
9.9955E-05 0.758699 0.186757 9.9955E-05 9.9955E-05 9.9955E-05 0.054044 9.9955E-05
0.0802487 0.687568 0.0837982 9.9973E-05 0.0914684 9.9973E-05 9.9973E-05 0.056617
9.9973E-05 0.660796 0.132067 0.00513966 9.9973E-05 0.00372904 0.197968 9.9973E-05
9.9946E-05 0.752623 0.246777 9.9946E-05 9.9946E-05 9.9946E-05 9.9946E-05 9.9946E-05
0.0114788 0.553346 0.269352 0.0353939 9.9982E-05 0.0642274 0.0660022 9.9982E-05
0.0318095 0.669778 0.182021 0.0321142 9.9982E-05 0.0663908 0.0176872 9.9982E-05
9.994E-05 9.994E-05 0.9993 9.994E-05 9.994E-05 9.994E-05 9.994E-05 9.994E-05
9.994E-05 9.994E-05 0.9993 9.994E-05 9.994E-05 9.994E-05 9.994E-05 9.994E-05
9.994E-05 9.994E-05 0.9993 9.994E-05 9.994E-05 9.994E-05 9.994E-05 9.994E-05
9.994E-05 9.994E-05 0.9993 9.994E-05 9.994E-05 9.994E-05 9.994E-05 9.994E-05
9.9955E-05 0.0134942 0.903083 9.9955E-05 9.9955E-05 9.9955E-05 9.9955E-05 0.0829227
0.0181012 9.9964E-05 0.974746 9.9964E-05 0.00649038 9.9964E-05 9.9964E-05 0.000262919
0.087808 0.537325 0.178984 9.9964E-05 9.9964E-05 9.9964E-05 0.195483 9.9964E-05
0.10661 0.360198 0.210082 0.0162172 0.0225588 0.0362685 0.205141 0.0429248
9.9982E-05 0.741367 0.139067 0.0133986 0.0530546 0.0428412 0.0100717 9.9982E-05
0.0451454 0.857027 9.9973E-05 0.00023712 9.9973E-05 9.9973E-05 0.0161807 0.0811101
9.9955E-05 0.946388 9.9955E-05 9.9955E-05 0.00432488 9.9955E-05 9.9955E-05 0.0487875
0.0362227 0.922159 0.0257207 0.0154976 9.9964E-05 9.9964E-05 9.9964E-05 9.9964E-05
9.9973E-05 0.790422 9.9973E-05 9.9973E-05 0.0211171 0.0741873 0.0198634 0.0941106
0.0170321 0.846534 9.9973E-05 9.9973E-05 0.00607953 0.0244874 9.9973E-05 0.105567
9.9964E-05 0.952294 9.9964E-05 9.9964E-05 0.0331312 0.00622626 9.9964E-05 0.00794836
0.020017 0.81188 9.9964E-05 9.9964E-05 0.049463 9.9964E-05 0.11824 9.9964E-05
0.0741002 0.647008 9.9973E-05 9.9973E-05 0.0600698 9.9973E-05 0.217305 0.00121706
0.119302 0.673154 9.9973E-05 9.9973E-05 9.9973E-05 0.0923355 0.0801242 0.0347848
9.9964E-05 0.971014 9.9964E-05 0.0127824 0.0156939 9.9964E-05 9.9964E-05 0.000110052
0.0132012 0.754322 0.0319585 9.9991E-05 0.0482829 0.0103505 0.103027 0.0387577
0.0379159 0.935397 0.0250584 0.00122853 9.9964E-05 9.9964E-05 9.9964E-05 9.9964E-05
0.0345053 0.880085 0.0245627 9.9973E-05 0.0178447 9.9973E-05 9.9973E-05 0.0427022
0.075017 0.797187 9.9982E-05 9.9982E-05 0.0292504 0.0113551 0.0648205 0.0221702
0.0402327 0.733663 9.9991E-05 0.0224697 0.0213851 0.0422332 0.0805679 0.0593485
0.032741 0.641686 0.0339427 0.0359539 0.102173 0.0766141 0.0767898 9.9991E-05
9.9964E-05 0.858289 9.9964E-05 9.9964E-05 0.00971329 0.0368529 9.9964E-05 0.0947444
0.00196403 0.862593 0.0521985 9.9982E-05 0.00812151 9.9982E-05 0.0674906 0.00743215
0.0263937 0.505376 9.9964E-05 9.9964E-05 9.9964E-05 9.9964E-05 0.412454 0.0553767
0.0853189 0.549865 9.9973E-05 9.9973E-05 9.9973E-05 0.0342624 0.272047 0.0582069
0.0780123 0.583963 9.9973E-05 0.0604277 9.9973E-05 0.0774523 0.199844 9.9973E-05
0.0421303 0.620337 9.9982E-05 0.0304862 0.0451656 9.9982E-05 0.255595 0.00608573
0.0265835 0.108943 0.0103405 0.0660495 0.0497105 0.0648249 0.673449 9.9991E-05
0.0824878 0.113973 0.00831514 0.0192044 0.0621096 0.0665096 0.647301 9.9991E-05
9.9982E-05 0.264687 0.037951 0.0682125 0.0492813 0.0941012 0.485567 9.9982E-05
0.0395182 0.104748 9.9982E-05 0.0310794 0.00617655 0.0321191 0.786158 9.9982E-05
0.0513831 0.218284 9.9982E-05 9.9982E-05 0.0164711 0.0683965 0.642245 0.00302099
9.9946E-05 9.9946E-05 0.0125898 9.9946E-05 9.9946E-05 9.9946E-05 0.98681 9.9946E-05
9.994E-05 9.994E-05 9.994E-05 9.994E-05 9.994E-05 9.994E-05 0.9993 9.994E-05
0.0662515 0.411679 9.9982E-05 9.9982E-05 0.0302959 0.0233358 0.46163 0.00660872
0.0873782 0.158835 0.0570946 9.9991E-05 0.0515383 0.0448366 0.599688 0.000529002
9.9982E-05 0.414071 0.0682722 0.013557 0.0854268 0.0302867 0.388186 9.9982E-05
0.0419978 0.257182 0.0303993 0.0126456 9.9982E-05 0.0404194 0.617156 9.9982E-05
0.0171222 0.141561 0.0152454 9.9982E-05 9.9982E-05 0.041736 0.773321 0.0108148
9.9964E-05 0.00530164 0.0342279 9.9964E-05 9.9964E-05 0.0044624 0.955608 9.9964E-05
0.0344998 0.171632 0.0190412 0.00158452 0.0396433 9.9991E-05 0.6354 0.0980998
0.0382295 0.188559 0.0367677 0.0357692 0.057028 0.00463876 0.574373 0.064635
0.00320822 0.148198 0.00648221 0.023728 0.0629015 0.100172 0.65521 9.9991E-05
0.100472 0.21263 0.0874872 9.9991E-05 0.0702832 0.0570825 0.46034 0.0116054
0.0687305 0.216321 9.9982E-05 0.0454735 0.0268629 9.9982E-05 0.639316 0.00309573
9.9946E-05 9.9946E-05 0.029725 9.9946E-05 9.9946E-05 9.9946E-05 0.969675 9.9946E-05
0.153997 0.219235 0.0483823 0.0150522 0.0131955 9.9991E-05 0.544238 0.00580014
0.108359 0.236841 9.9973E-05 9.9973E-05 0.0112293 9.9973E-05 0.642613 0.000658271
9.9973E-05 0.00240078 0.059518 0.0107722 0.090244 9.9973E-05 0.836765 9.9973E-05
0.0409599 0.114143 9.9982E-05 0.0742828 9.9982E-05 0.0829994 0.64879 0.0386244
0.00181082 9.9964E-05 9.9964E-05 9.9964E-05 9.9964E-05 0.0299237 0.91875 0.0491158
0.0342642 0.0693344 0.0206802 9.9973E-05 0.0543852 9.9973E-05 0.821036 9.9973E-05
9.9955E-05 9.9955E-05 9.9955E-05 9.9955E-05 9.9955E-05 0.0192185 0.926952 0.0533299
9.9955E-05 9.9955E-05 9.9955E-05 0.0202807 0.0133828 9.9955E-05 0.965837 9.9955E-05
9.9982E-05 9.9982E-05 0.0212836 0.00334393 0.0267175 0.0627467 0.769926 0.115782
0.0271404 0.305991 9.9982E-05 0.0125037 9.9982E-05 0.0158194 0.616394 0.0219515
9.9955E-05 9.9955E-05 9.9955E-05 9.9955E-05 9.9955E-05 0.0091777 0.981046 0.00927625
9.9982E-05 0.134423 0.0379057 0.0309146 0.0376646 0.0545784 0.704314 9.9982E-05
0.00379834 0.0260219 9.9991E-05 0.0229529 0.0513631 0.0165442 0.878787 0.00043251
0.00232466 9.9955E-05 0.0856719 9.9955E-05 9.9955E-05 9.9955E-05 0.911504 9.9955E-05
0.0106634 9.9955E-05 0.0410128 9.9955E-05 9.9955E-05 9.9955E-05 0.947824 9.9955E-05
0.00479086 9.9991E-05 0.044419 0.00260946 0.0879822 0.0135722 0.804009 0.0425177
0.0684745 9.9964E-05 0.00838848 9.9964E-05 9.9964E-05 9.9964E-05 0.920818 0.00191905
9.9955E-05 9.9955E-05 9.9955E-05 0.00292945 9.9955E-05 9.9955E-05 0.976612 0.0199592
9.9982E-05 9.9982E-05 0.0106048 0.108254 0.0270097 0.0100342 0.688277 0.15562
0.0451105 0.00675569 9.9991E-05 0.14775 0.105859 0.0365571 0.579172 0.0786945
0.0325948 9.9982E-05 9.9982E-05 0.114089 0.0657755 0.00715214 0.682337 0.0978521
0.0394238 9.9982E-05 9.9982E-05 0.0608443 0.0864094 0.040254 0.674973 0.0978954
0.0255415 9.9982E-05 9.9982E-05 0.127686 0.0431185 0.0260608 0.674185 0.103208
0.0195749 9.9982E-05 9.9982E-05 0.0793064 0.0657101 0.0539224 0.700285 0.0810015
0.0483666 0.140087 9.9982E-05 0.144851 0.112448 9.9982E-05 0.534861 0.0191862
0.0437928 0.030906 9.9982E-05 0.201155 0.0766051 9.9982E-05 0.604081 0.0432603
0.0523176 0.0510133 0.0167551 0.144481 0.0599713 0.124308 0.495007 0.0561461
0.0372315 0.181058 0.0343198 0.0878512 0.104038 0.0618716 0.467106 0.0265242
0.0731475 0.101016 0.00311422 0.153949 0.120779 9.9982E-05 0.547794 9.9982E-05
0.0874005 0.0272805 0.00319061 0.191056 0.105529 0.0258643 0.53786 0.0218197
0.124607 0.0444195 9.9991E-05 0.115187 0.134515 0.0986268 0.482269 0.000275447
9.9991E-05 0.0527808 0.0360939 0.0483746 0.0707113 0.0588468 0.508516 0.224577
9.9991E-05 0.0399689 0.0271578 0.0859076 0.107381 0.0478514 0.525767 0.165867
0.196675 0.053026 0.00610582 0.196863 0.0767877 0.0606806 0.406776 0.00308561
9.994E-05 9.994E-05 9.994E-05 0.9993 9.994E-05 9.994E-05 9.994E-05 9.994E-05
9.9955E-05 9.9955E-05 0.0316566 0.965486 0.00235764 9.9955E-05 9.9955E-05 9.9955E-05
0.00545577 9.9991E-05 0.0219755 0.847137 0.00303267 0.00829927 0.0425561 0.0714438
9.994E-05 9.994E-05 9.994E-05 0.9993 9.994E-05 9.994E-05 9.994E-05 9.994E-05
9.994E-05 9.994E-05 9.994E-05 0.9993 9.994E-05 9.994E-05 9.994E-05 9.994E-05
9.994E-05 9.994E-05 9.994E-05 0.9993 9.994E-05 9.994E-05 9.994E-05 9.994E-05
9.994E-05 9.994E-05 9.994E-05 0.9993 9.994E-05 9.994E-05 9.994E-05 9.994E-05
9.9946E-05 0.0806016 9.9946E-05 0.918799 9.9946E-05 9.9946E-05 9.9946E-05 9.9946E-05
9.9946E-05 9.9946E-05 9.9946E-05 0.998488 0.00091213 9.9946E-05 9.9946E-05 9.9946E-05
9.994E-05 9.994E-05 9.994E-05 0.9993 9.994E-05 9.994E-05 9.994E-05 9.994E-05
0.150341 0.138687 9.9991E-05 0.104592 0.292089 0.091745 0.148968 0.0734773
9.9964E-05 9.9964E-05 9.9964E-05 0.90373 0.0173151 9.9964E-05 0.0744905 0.00406488
0.00267355 9.9955E-05 9.9955E-05 0.995674 9.9955E-05 0.001153 9.9955E-05 9.9955E-05
9.9946E-05 9.9946E-05 9.9946E-05 0.967311 9.9946E-05 9.9946E-05 9.9946E-05 0.032089
0.158114 9.9991E-05 0.00339042 0.0971462 0.228584 0.0323269 0.377468 0.102871
0.089048 9.9982E-05 9.9982E-05 0.135436 0.218091 0.0531651 0.420912 0.0831482
0.0731251 9.9982E-05 9.9982E-05 0.144811 0.169394 0.0768618 0.405926 0.129682
0.0962203 0.0117087 9.9991E-05 0.189761 0.189276 0.0526827 0.390757 0.0694945
0.0981636 0.00172555 9.9991E-05 0.114323 0.24736 0.0525268 0.403394 0.0824076
0.137397 0.163352 9.9991E-05 0.0933693 0.200237 0.0217958 0.262849 0.120901
0.0486455 0.0617833 9.9991E-05 0.145932 0.182138 0.0385967 0.370804 0.152001
0.0407788 9.9982E-05 9.9982E-05 0.118742 0.25183 0.00206866 0.415826 0.170555
0.0679992 9.9982E-05 9.9982E-05 0.204693 0.119865 0.0882875 0.334065 0.18489
0.0595432 0.0568367 9.9991E-05 0.187953 0.158842 0.0428425 0.314827 0.179056
0.103814 0.0954959 9.9991E-05 0.0926078 0.200866 0.0528128 0.335893 0.118411
0.0582031 0.0492506 0.0119563 0.147405 0.0744059 0.0495437 0.399563 0.209673
0.0769948 0.00845972 9.9991E-05 0.0618181 0.19752 0.0613342 0.456096 0.137676
0.063652 0.044288 9.9991E-05 0.126219 0.213104 0.0658146 0.400392 0.0864297
0.0259167 0.00703538 9.9964E-05 9.9964E-05 0.940123 9.9964E-05 9.9964E-05 0.0265253
0.0485538 9.9964E-05 0.0238662 9.9964E-05 0.909896 9.9964E-05 9.9964E-05 0.017284
9.994E-05 9.994E-05 9.994E-05 9.994E-05 0.9993 9.994E-05 9.994E-05 9.994E-05
9.9946E-05 9.9946E-05 9.9946E-05 9.9946E-05 0.952012 9.9946E-05 0.0473885 9.9946E-05
0.0138197 9.9946E-05 9.9946E-05 9.9946E-05 0.985581 9.9946E-05 9.9946E-05 9.9946E-05
9.994E-05 9.994E-05 9.994E-05 9.994E-05 0.9993 9.994E-05 9.994E-05 9.994E-05
9.9946E-05 9.9946E-05 9.9946E-05 0.00396142 0.995439 9.9946E-05 9.9946E-05 9.9946E-05
9.9973E-05 9.9973E-05 0.0410235 0.0119801 0.759199 9.9973E-05 0.071783 0.115714
9.994E-05 9.994E-05 9.994E-05 9.994E-05 0.9993 9.994E-05 9.994E-05 9.994E-05
9.994E-05 9.994E-05 9.994E-05 9.994E-05 0.9993 9.994E-05 9.994E-05 9.994E-05
9.9964E-05 9.9964E-05 0.0320238 0.0385581 0.877317 9.9964E-05 9.9964E-05 0.0517014
9.9946E-05 9.9946E-05 0.000848261 9.9946E-05 0.998552 9.9946E-05 9.9946E-05 9.9946E-05
0.00938976 9.9973E-05 9.9973E-05 9.9973E-05 0.717356 0.0969146 0.130482 0.0455578
9.994E-05 9.994E-05 9.994E-05 9.994E-05 9.994E-05 0.9993 9.994E-05 9.994E-05
0.039139 9.9982E-05 9.9982E-05 0.207245 0.16176 0.0940076 0.414824 0.0828239
9.994E-05 9.994E-05 9.994E-05 9.994E-05 9.994E-05 0.9993 9.994E-05 9.994E-05
9.994E-05 9.994E-05 9.994E-05 9.994E-05 9.994E-05 0.9993 9.994E-05 9.994E-05
9.99461E-05 9.99461E-05 9.99461E-05 9.99461E-05 9.99461E-05 0.968042 9.99461E-05 0.0313587
0.0199513 0.0755753 0.00626616 0.0391179 0.0299298 0.731752 0.0973073 9.9991E-05
9.9946E-05 9.9946E-05 0.00229951 9.9946E-05 9.9946E-05 0.997101 9.9946E-05 9.9946E-05
9.9973E-05 0.011625 9.9973E-05 9.9973E-05 0.00398617 0.905219 0.0150333 0.0638363
9.994E-05 9.994E-05 9.994E-05 9.994E-05 9.994E-05 0.9993 9.994E-05 9.994E-05
9.9964E-05 0.0257816 9.9964E-05 9.9964E-05 0.0196938 0.936988 0.0171372 9.9964E-05
0.000806265 9.9946E-05 9.9946E-05 9.9946E-05 9.9946E-05 0.998594 9.9946E-05 9.9946E-05
9.9955E-05 9.9955E-05 0.0176115 9.9955E-05 0.00920392 0.972685 9.9955E-05 9.9955E-05
0.00153826 0.0133421 9.9973E-05 0.0086069 0.0124723 0.963741 9.9973E-05 9.9973E-05
0.0427696 9.9973E-05 9.9973E-05 0.0792714 0.0744008 0.790227 0.0130313 9.9973E-05
0.014083 9.9973E-05 0.0108153 0.0114041 9.9973E-05 0.93221 9.9973E-05 0.0311876
9.9964E-05 9.9964E-05 9.9964E-05 0.0118104 9.9964E-05 0.888903 0.054347 0.0445397
0.0455322 9.9973E-05 9.9973E-05 0.0139134 9.9973E-05 0.843156 0.0622898 0.0348091
0.0120842 0.0444463 0.0236037 0.019042 9.9991E-05 0.852097 0.0021069 0.0465196
9.9973E-05 9.9973E-05 0.0235321 9.9973E-05 0.0178089 0.889691 0.0654634 0.00320486
0.262142 9.9991E-05 0.0433772 0.0559837 0.0748382 0.0730463 0.35351 0.137003
0.234603 9.9991E-05 0.0666252 0.0451493 0.0705712 0.0640546 0.369795 0.149101
0.240725 9.9991E-05 0.0594154 0.0958998 0.0147602 0.052196 0.350178 0.186726
0.250173 9.9991E-05 0.0496251 0.0815287 0.00632384 0.056677 0.397711 0.157861
9.9964E-05 0.0128313 9.9964E-05 0.00197904 0.045929 9.9964E-05 9.9964E-05 0.938861
9.994E-05 9.994E-05 9.994E-05 9.994E-05 9.994E-05 9.994E-05 9.994E-05 0.9993
9.9946E-05 9.9946E-05 0.00160453 9.9946E-05 9.9946E-05 9.9946E-05 9.9946E-05 0.997796
9.994E-05 9.994E-05 9.994E-05 9.994E-05 9.994E-05 9.994E-05 9.994E-05 0.9993
9.994E-05 9.994E-05 9.994E-05 9.994E-05 9.994E-05 9.994E-05 9.994E-05 0.9993
0.0184869 9.9955E-05 9.9955E-05 0.00587445 9.9955E-05 9.9955E-05 9.9955E-05 0.975139
0.0119816 9.9955E-05 9.9955E-05 0.0175691 9.9955E-05 9.9955E-05 9.9955E-05 0.96995
0.00349266 0.0883087 0.0403706 9.9982E-05 0.0350011 0.0386384 9.9982E-05 0.793989
9.9955E-05 0.0621816 9.9955E-05 9.9955E-05 9.9955E-05 9.9955E-05 0.0890053 0.848313
0.997279 9.9955E-05 0.000964324 9.9955E-05 0.00125655 9.9955E-05 9.9955E-05 9.9955E-05
0.9993 9.994E-05 9.994E-05 9.994E-05 9.994E-05 9.994E-05 9.994E-05 9.994E-05
0.9993 9.994E-05 9.994E-05 9.994E-05 9.994E-05 9.994E-05 9.994E-05 9.994E-05
0.9993 9.994E-05 9.994E-05 9.994E-05 9.994E-05 9.994E-05 9.994E-05 9.994E-05
0.9993 9.994E-05 9.994E-05 9.994E-05 9.994E-05 9.994E-05 9.994E-05 9.994E-05
0.89008 9.9973E-05 0.00245287 9.9973E-05 9.9973E-05 0.0207893 0.0674475 0.0189306
0.9993 9.994E-05 9.994E-05 9.994E-05 9.994E-05 9.994E-05 9.994E-05 9.994E-05
0.975201 9.9955E-05 9.9955E-05 9.9955E-05 0.0154394 9.9955E-05 9.9955E-05 0.00886013
0.997003 0.000873483 0.00162424 9.9955E-05 9.9955E-05 9.9955E-05 9.9955E-05 9.9955E-05
0.96929 9.9964E-05 0.0035098 9.9964E-05 0.0126325 9.9964E-05 0.0141675 9.9964E-05
0.998521 9.99526E-05 9.99526E-05 9.99526E-05 9.99526E-05 0.000878788 9.99526E-05 9.99526E-05
0.995953 9.9946E-05 9.9946E-05 9.9946E-05 9.9946E-05 9.9946E-05 9.9946E-05 0.00344737
