9.994E-05 9.994E-05 0.9993 9.994E-05 9.994E-05 9.994E-05 9.994E-05 9.994E-05
9.9964E-05 9.9964E-05 0.25407 0.116218 0.559748 9.9964E-05 9.9964E-05 0.0695647
9.9964E-05 9.9964E-05 0.248355 0.0543074 0.605586 9.9964E-05 9.9964E-05 0.0913518
9.9955E-05 0.119741 0.218796 9.9955E-05 0.660963 9.9955E-05 9.9955E-05 9.9955E-05
0.0616239 0.139969 0.0982884 9.9973E-05 0.639071 0.0607485 9.9973E-05 9.9973E-05
9.9964E-05 0.168897 0.17546 9.9964E-05 0.634492 9.9964E-05 9.9964E-05 0.0207504
9.9946E-05 9.9946E-05 0.286472 9.9946E-05 0.712928 9.9946E-05 9.9946E-05 9.9946E-05
9.9973E-05 0.0432294 0.24945 9.9973E-05 0.571732 9.9973E-05 0.0250315 0.110258
9.9982E-05 0.0217903 0.157216 0.00579754 0.697032 0.0347427 9.9982E-05 0.083222
9.994E-05 9.994E-05 0.9993 9.994E-05 9.994E-05 9.994E-05 9.994E-05 9.994E-05
9.994E-05 9.994E-05 0.9993 9.994E-05 9.994E-05 9.994E-05 9.994E-05 9.994E-05
9.994E-05 9.994E-05 0.9993 9.994E-05 9.994E-05 9.994E-05 9.994E-05 9.994E-05
0.0031164 9.9973E-05 0.977409 0.00728674 9.9973E-05 9.9973E-05 0.00438581 0.00750187
0.079945 9.9946E-05 0.919455 9.9946E-05 9.9946E-05 9.9946E-05 9.9946E-05 9.9946E-05
0.0119498 0.0194144 0.923436 9.9973E-05 9.9973E-05 0.0213326 0.0235675 9.9973E-05
9.9982E-05 0.235259 0.163639 9.9982E-05 0.488776 0.0323647 0.0292681 0.0504922
0.0882682 0.206188 0.199167 0.0480134 0.315122 0.0387973 0.0158297 0.0886139
9.9964E-05 0.167695 0.184894 0.00680242 0.640208 9.9964E-05 9.9964E-05 9.9964E-05
0.0602815 9.9955E-05 9.9955E-05 9.9955E-05 0.914375 0.0248435 9.9955E-05 9.9955E-05
0.054472 0.0194134 9.9964E-05 9.9964E-05 0.9039 9.9964E-05 0.0218144 9.9964E-05
9.9964E-05 9.9964E-05 0.0371044 0.0490535 0.846636 0.0668064 9.9964E-05 9.9964E-05
0.112621 9.9973E-05 9.9973E-05 0.010388 0.776776 9.9973E-05 0.0462147 0.0537006
0.118085 0.00499825 9.9991E-05 0.0247877 0.794057 0.0190454 0.00872952 0.0301975
0.0158084 9.9964E-05 9.9964E-05 9.9964E-05 0.957188 9.9964E-05 0.0188835 0.00772013
9.9964E-05 0.0250421 9.9964E-05 9.9964E-05 0.922882 0.0192517 0.0324246 9.9964E-05
0.00445399 0.279604 9.9973E-05 9.9973E-05 0.625694 0.0528213 0.0371272 9.9973E-05
0.0508097 0.10535 9.9973E-05 9.9973E-05 0.690609 0.103136 9.9973E-05 0.0497957
9.9955E-05 9.9955E-05 9.9955E-05 9.9955E-05 0.974765 9.9955E-05 0.00490504 0.0198298
0.0118181 0.138595 0.0206158 9.9982E-05 0.744074 0.0583379 0.0263594 9.9982E-05
9.9982E-05 0.0077886 0.0233023 0.00516462 0.941638 0.0200351 9.9982E-05 0.00187166
0.0276254 9.9982E-05 0.0123826 0.016563 0.921382 0.0211131 0.000733983 9.9982E-05
0.0192911 0.0549139 9.9982E-05 0.0186783 0.81803 0.0348567 0.0540305 9.9982E-05
0.0339794 0.10249 9.9991E-05 0.0214146 0.692788 0.0204167 0.0526716 0.0761395
9.9982E-05 0.0719557 0.0444825 9.9982E-05 0.657922 0.0366344 0.115545 0.0732596
0.184885 9.9973E-05 9.9973E-05 9.9973E-05 0.790407 0.00669828 0.00266712 0.0150422
9.9964E-05 0.0272338 0.0558516 9.9964E-05 0.890503 0.0260118 9.9964E-05 9.9964E-05
0.0280181 0.477708 9.9955E-05 9.9955E-05 0.493774 9.9955E-05 9.9955E-05 9.9955E-05
0.063699 0.250214 9.9982E-05 9.9982E-05 0.570076 0.0810028 0.00790936 0.0268985
0.0224673 0.24101 9.9982E-05 0.0757037 0.570082 0.039508 9.9982E-05 0.0510294
0.0379196 0.332178 9.9982E-05 0.0092209 0.536481 0.0621812 0.0218198 9.9982E-05
9.999E-05 0.814373 0.00246027 0.0380783 0.0871162 0.0125698 0.0357954 0.00950664
9.9973E-05 0.85133 0.033407 9.9973E-05 0.0409809 0.0122755 9.9973E-05 0.0617064
9.9982E-05 0.615671 0.0455013 0.0496006 0.201888 9.9982E-05 0.0344575 0.0526814
9.9982E-05 0.850592 9.9982E-05 0.0300725 0.0357263 0.0615602 0.00742635 0.0144231
9.9964E-05 0.684892 9.9964E-05 9.9964E-05 0.20255 0.0350588 9.9964E-05 0.0770988
9.994E-05 0.9993 9.994E-05 9.994E-05 9.994E-05 9.994E-05 9.994E-05 9.994E-05
9.994E-05 0.9993 9.994E-05 9.994E-05 9.994E-05 9.994E-05 9.994E-05 9.994E-05
9.9973E-05 0.622114 9.9973E-05 9.9973E-05 0.34515 0.0198916 0.00380577 0.00873879
9.9982E-05 0.621044 0.0664323 9.9982E-05 0.146347 0.0628507 0.0472063 0.0559194
9.9982E-05 0.414633 0.0823548 0.0331248 0.426539 9.9982E-05 0.033079 0.0100692
9.9982E-05 0.684402 0.0309009 0.00473259 0.200666 0.0459681 9.9982E-05 0.03313
9.9955E-05 0.775584 9.9955E-05 9.9955E-05 0.181758 9.9955E-05 9.9955E-05 0.0421581
9.9946E-05 0.985683 0.0137169 9.9946E-05 9.9946E-05 9.9946E-05 9.9946E-05 9.9946E-05
0.0890612 0.701886 0.0384899 9.9991E-05 0.123196 0.0219808 0.0142228 0.0110636
0.048063 0.663417 0.0359199 0.0206684 0.193488 0.00691254 0.0229638 0.00856777
9.9982E-05 0.735497 0.00265628 0.000420956 0.161769 9.9982E-05 0.0323635 0.0670924
0.0123541 0.562077 0.0627106 0.0154343 0.194144 0.0702416 0.0268826 0.0561564
0.0147257 0.637367 9.9982E-05 9.9982E-05 0.256976 0.071167 0.00892007 0.010644
9.994E-05 0.9993 9.994E-05 9.994E-05 9.994E-05 9.994E-05 9.994E-05 9.994E-05
9.9982E-05 0.689753 0.0287304 0.0129577 0.211026 0.0285932 9.9982E-05 0.0287395
9.9973E-05 0.614366 0.00690555 9.9973E-05 0.237331 0.0996491 0.0414484 9.9973E-05
9.9964E-05 0.871659 0.0406281 9.9964E-05 0.0304558 9.9964E-05 0.0568568 9.9964E-05
0.0670875 0.648977 0.00497198 0.04641 0.123886 0.0276796 0.0341129 0.0468748
0.0292165 0.970184 9.99461E-05 9.99461E-05 9.99461E-05 9.99461E-05 9.99461E-05 9.99461E-05
9.9973E-05 0.830961 0.0410485 9.9973E-05 0.0691748 0.0254654 0.0330505 9.9973E-05
0.0164349 0.972285 9.9955E-05 9.9955E-05 9.9955E-05 9.9955E-05 9.9955E-05 0.0107804
9.9946E-05 0.982245 9.9946E-05 0.0171554 9.9946E-05 9.9946E-05 9.9946E-05 9.9946E-05
0.0566513 0.916027 0.0101998 9.9964E-05 9.9964E-05 9.9964E-05 9.9964E-05 0.0167217
9.9964E-05 0.628549 9.9964E-05 9.9964E-05 0.290377 0.0288705 9.9964E-05 0.051804
0.00376154 0.962906 9.9955E-05 9.9955E-05 9.9955E-05 9.9955E-05 9.9955E-05 0.0328325
9.9982E-05 0.794012 0.0309081 0.0305969 0.0578937 9.9982E-05 0.0433099 0.0430793
0.0143921 0.770569 9.9991E-05 0.025289 0.0476906 0.0700222 0.0291155 0.0428214
9.9964E-05 0.887899 0.0807467 9.9964E-05 9.9964E-05 0.0169256 9.9964E-05 0.0140289
9.9955E-05 0.909603 0.0491136 9.9955E-05 9.9955E-05 0.0407835 9.9955E-05 9.9955E-05
0.0404456 0.818773 0.0438108 9.9973E-05 0.00398534 9.9973E-05 0.0926855 9.9973E-05
9.9955E-05 0.885017 9.9955E-05 9.9955E-05 0.0231423 0.0913405 9.9955E-05 9.9955E-05
9.9955E-05 0.967158 9.9955E-05 0.0143502 9.9955E-05 9.9955E-05 9.9955E-05 0.0179921
0.0756108 0.754305 0.0262003 0.103669 9.9973E-05 9.9973E-05 0.0399152 9.9973E-05
0.0910278 0.616795 9.9982E-05 0.106747 9.9982E-05 0.0635426 0.101858 0.0198297
0.0779626 0.704978 9.9973E-05 0.113215 9.9973E-05 0.0457406 0.0578033 9.9973E-05
0.0322299 0.764656 9.9982E-05 0.0424687 9.9982E-05 0.0154088 0.0943407 0.0506956
0.0783604 0.790624 9.9973E-05 0.0874433 9.9973E-05 0.0221145 0.0211579 9.9973E-05
0.00875037 0.781923 9.9973E-05 0.0860296 9.9973E-05 0.0831123 0.0398852 9.9973E-05
0.0277596 0.513307 9.99889E-05 0.138672 0.140253 0.0310926 0.148716 9.99889E-05
0.0532523 0.527129 0.0390628 0.178695 0.0753801 0.0424276 0.0839532 9.9991E-05
0.043096 0.611125 9.9991E-05 0.168698 0.0251607 0.00891391 0.0573607 0.0855454
0.00962691 0.510905 0.0224426 0.0878108 0.135716 0.0424889 0.106809 0.0842014
9.9982E-05 0.565555 9.9982E-05 0.115544 0.132019 0.0512453 0.130787 0.00464943
0.0808102 0.574725 9.9982E-05 0.148417 9.9982E-05 0.0654715 0.0946217 0.0357546
0.0676391 0.443763 0.00263783 0.0773015 0.0364392 0.118949 0.164009 0.0892609
0.185133 0.53161 0.0413246 0.111004 0.0534113 9.9991E-05 0.033462 0.0439546
0.173041 0.53235 0.0293134 0.0930154 0.0482539 9.9991E-05 0.106691 0.0172354
9.9991E-05 0.435357 0.0159097 0.178981 0.0349211 0.183154 0.0896062 0.0619709
9.9955E-05 9.9955E-05 9.9955E-05 0.980856 9.9955E-05 9.9955E-05 0.0144359 0.00420823
0.00297392 0.0276462 0.00847743 0.906357 0.0525477 9.9982E-05 9.9982E-05 0.00179812
0.0713736 0.0280492 0.0265892 0.82674 9.9973E-05 9.9973E-05 9.9973E-05 0.0469479
9.994E-05 9.994E-05 9.994E-05 0.9993 9.994E-05 9.994E-05 9.994E-05 9.994E-05
9.994E-05 9.994E-05 9.994E-05 0.9993 9.994E-05 9.994E-05 9.994E-05 9.994E-05
9.994E-05 9.994E-05 9.994E-05 0.9993 9.994E-05 9.994E-05 9.994E-05 9.994E-05
0.0028401 9.9946E-05 9.9946E-05 0.99656 9.9946E-05 9.9946E-05 9.9946E-05 9.9946E-05
0.00129542 0.0662496 0.0206611 0.871224 0.00945841 0.0180513 0.0129602 9.9991E-05
9.9946E-05 9.9946E-05 9.9946E-05 0.987608 9.9946E-05 0.0117921 9.9946E-05 9.9946E-05
9.9946E-05 9.9946E-05 9.9946E-05 0.984531 9.9946E-05 0.0148693 9.9946E-05 9.9946E-05
0.0799223 0.301736 9.9991E-05 0.0968191 0.0975034 0.0812326 0.264988 0.0776992
0.0401479 0.038268 9.9964E-05 0.905558 9.9964E-05 0.0156265 9.9964E-05 9.9964E-05
9.994E-05 9.994E-05 9.994E-05 0.9993 9.994E-05 9.994E-05 9.994E-05 9.994E-05
9.9964E-05 9.9964E-05 9.9964E-05 0.952643 0.0210547 0.0085889 9.9964E-05 0.0173136
0.0811062 0.436147 0.00655649 0.113114 9.9991E-05 0.131782 0.204035 0.0271597
0.12112 0.445757 9.9991E-05 0.088322 0.0150321 0.0708208 0.19722 0.0616281
0.156513 0.449409 9.9982E-05 0.0958484 9.9982E-05 0.0843598 0.167017 0.046653
0.148623 0.363806 9.9991E-05 0.130819 0.00370789 0.137185 0.141138 0.0746209
0.1327 0.448424 9.9991E-05 0.111856 0.0258823 0.0534103 0.198857 0.0287707
0.225576 0.343866 9.9982E-05 0.0438991 0.159635 0.0512841 0.17554 9.9982E-05
0.19603 0.419654 9.9982E-05 0.148941 0.0444042 0.0468191 0.143952 9.9982E-05
0.143709 0.398652 9.9973E-05 0.133608 9.9973E-05 0.10389 0.219842 9.9973E-05
0.176955 0.424638 9.9982E-05 0.197115 9.9982E-05 0.0521585 0.0672608 0.081672
0.129976 0.475545 9.9982E-05 0.17846 9.9982E-05 0.0356409 0.11932 0.0608591
0.0882096 0.476176 9.9991E-05 0.100131 0.117543 0.0692121 0.101906 0.0467226
0.201412 0.556441 0.00563958 0.150332 0.0223109 0.00849798 0.0488231 0.00654409
0.125315 0.499172 0.0190166 0.0526395 9.9991E-05 0.104039 0.156402 0.0433152
0.0724211 0.497052 9.9982E-05 0.11605 9.9982E-05 0.0840988 0.180875 0.0493034
9.994E-05 9.994E-05 9.994E-05 9.994E-05 9.994E-05 9.994E-05 9.994E-05 0.9993
0.0980937 0.452468 9.9982E-05 0.163295 9.9982E-05 0.0627222 0.12873 0.0944915
9.9955E-05 9.9955E-05 0.000815856 9.9955E-05 0.00576373 9.9955E-05 9.9955E-05 0.992921
9.994E-05 9.994E-05 9.994E-05 9.994E-05 9.994E-05 9.994E-05 9.994E-05 0.9993
0.0689609 9.9973E-05 9.9973E-05 0.00241058 0.00364455 9.9973E-05 0.00758934 0.917095
9.9973E-05 0.0833872 0.00470088 9.9973E-05 0.0640555 9.9973E-05 0.0533779 0.794179
9.994E-05 9.994E-05 9.994E-05 9.994E-05 9.994E-05 9.994E-05 9.994E-05 0.9993
0.0395553 0.131596 9.9973E-05 0.00015298 9.9973E-05 9.9973E-05 0.00957433 0.818821
9.9964E-05 9.9964E-05 9.9964E-05 0.00909493 0.00108535 0.00238758 9.9964E-05 0.987032
9.9964E-05 9.9964E-05 9.9964E-05 0.0144721 9.9964E-05 0.00708075 0.0168538 0.961193
9.994E-05 9.994E-05 9.994E-05 9.994E-05 9.994E-05 9.994E-05 9.994E-05 0.9993
9.9946E-05 9.9946E-05 9.9946E-05 9.9946E-05 9.9946E-05 0.0266862 9.9946E-05 0.972714
9.9973E-05 9.9973E-05 9.9973E-05 0.000617939 0.00703825 0.0157357 0.0560212 0.920287
9.9973E-05 0.0449447 9.9973E-05 0.0349635 9.9973E-05 0.0613688 0.0403755 0.818048
0.00922984 9.9955E-05 0.0134369 9.9955E-05 9.9955E-05 9.9955E-05 9.9955E-05 0.976834
9.9973E-05 0.0970361 0.00946403 0.00394335 9.9973E-05 9.9973E-05 0.0154053 0.873851
0.0409962 0.00252799 0.013755 9.9982E-05 9.9982E-05 0.0363215 0.0224876 0.883712
9.9964E-05 0.12388 0.021746 9.9964E-05 9.9964E-05 0.0200434 9.9964E-05 0.83393
9.9964E-05 9.9964E-05 0.0019603 0.0205044 9.9964E-05 9.9964E-05 0.0215405 0.955595
0.0153777 9.9955E-05 9.9955E-05 9.9955E-05 9.9955E-05 0.0376348 0.946488 9.9955E-05
0.0491768 9.9982E-05 0.0159852 0.0252314 0.0290724 0.0575795 0.822755 9.9982E-05
9.994E-05 9.994E-05 9.994E-05 9.994E-05 9.994E-05 9.994E-05 0.9993 9.994E-05
9.9955E-05 0.0671966 9.9955E-05 9.9955E-05 9.9955E-05 0.00015828 0.932145 9.9955E-05
9.994E-05 9.994E-05 9.994E-05 9.994E-05 9.994E-05 9.994E-05 0.9993 9.994E-05
9.994E-05 9.994E-05 9.994E-05 9.994E-05 9.994E-05 9.994E-05 0.9993 9.994E-05
9.994E-05 9.994E-05 9.994E-05 9.994E-05 9.994E-05 9.994E-05 0.9993 9.994E-05
0.143903 0.0569018 0.0420514 9.9964E-05 9.9964E-05 9.9964E-05 0.756744 9.9964E-05
9.9946E-05 9.9946E-05 9.9946E-05 9.9946E-05 9.9946E-05 9.9946E-05 0.99769 0.00171033
9.994E-05 9.994E-05 9.994E-05 9.994E-05 9.994E-05 9.994E-05 0.9993 9.994E-05
0.0844427 9.9964E-05 0.0294715 0.0334602 9.9964E-05 9.9964E-05 0.852226 9.9964E-05
9.9946E-05 9.9946E-05 0.00178733 9.9946E-05 9.9946E-05 9.9946E-05 0.997613 9.9946E-05
0.0435953 0.0894671 9.9973E-05 9.9973E-05 9.9973E-05 0.019088 0.7636 0.0839499
0.142934 0.345068 0.0384441 0.0488968 9.9991E-05 0.319139 0.0363919 0.0690263
0.152178 0.321056 0.0614655 0.0506332 9.9991E-05 0.296539 0.0355847 0.0824435
0.16898 0.350144 0.0678667 0.0840879 9.9991E-05 0.252158 0.0155483 0.0611149
0.130497 0.388349 0.0610429 0.0742987 9.9991E-05 0.270424 0.0220766 0.0532123
0.952026 9.9973E-05 0.00915054 0.00352297 0.00967435 9.9973E-05 0.0253265 9.9973E-05
0.9993 9.994E-05 9.994E-05 9.994E-05 9.994E-05 9.994E-05 9.994E-05 9.994E-05
0.988734 9.9946E-05 9.9946E-05 9.9946E-05 9.9946E-05 0.0106666 9.9946E-05 9.9946E-05
0.9993 9.994E-05 9.994E-05 9.994E-05 9.994E-05 9.994E-05 9.994E-05 9.994E-05
0.995428 9.9946E-05 9.9946E-05 0.00397249 9.9946E-05 9.9946E-05 9.9946E-05 9.9946E-05
0.973043 9.9946E-05 9.9946E-05 9.9946E-05 9.9946E-05 0.0263575 9.9946E-05 9.9946E-05
0.963108 9.9955E-05 9.9955E-05 0.0326079 9.9955E-05 9.9955E-05 0.00378395 9.9955E-05
0.767717 9.9973E-05 0.0427531 9.9973E-05 0.143281 9.9973E-05 0.00983714 0.0361121
0.860638 0.0536121 9.9973E-05 9.9973E-05 0.0642709 0.00133293 9.9973E-05 0.0198464
9.9964E-05 0.0145897 9.9964E-05 9.9964E-05 0.0109807 0.973687 0.000343076 9.9964E-05
9.994E-05 9.994E-05 9.994E-05 9.994E-05 9.994E-05 0.9993 9.994E-05 9.994E-05
9.994E-05 9.994E-05 9.994E-05 9.994E-05 9.994E-05 0.9993 9.994E-05 9.994E-05
9.994E-05 9.994E-05 9.994E-05 9.994E-05 9.994E-05 0.9993 9.994E-05 9.994E-05
9.994E-05 9.994E-05 9.994E-05 9.994E-05 9.994E-05 0.9993 9.994E-05 9.994E-05
0.0328109 0.0568625 0.0353645 9.9973E-05 9.9973E-05 0.870892 9.9973E-05 0.00377039
9.994E-05 9.994E-05 9.994E-05 9.994E-05 9.994E-05 0.9993 9.994E-05 9.994E-05
9.994E-05 9.994E-05 9.994E-05 9.994E-05 9.994E-05 0.9993 9.994E-05 9.994E-05
9.9946E-05 9.9946E-05 0.003583 9.9946E-05 9.9946E-05 0.995817 9.9946E-05 9.9946E-05
9.99781E-05 0.00680822 9.99781E-05 0.0219977 9.99781E-05 0.949574 0.00831332 0.0130065
9.994E-05 9.994E-05 9.994E-05 9.994E-05 9.994E-05 0.9993 9.994E-05 9.994E-05
9.9946E-05 9.9946E-05 9.9946E-05 0.00909883 9.9946E-05 0.990301 9.9946E-05 9.9946E-05
