0.9993 9.994E-05 9.994E-05 9.994E-05 9.994E-05 9.994E-05 9.994E-05 9.994E-05
0.28059 9.9973E-05 9.9973E-05 0.00345537 0.0456495 0.0701406 0.599865 9.9973E-05
0.235337 9.9964E-05 9.9964E-05 9.9964E-05 0.115659 0.0284594 0.620145 9.9964E-05
0.16706 9.9955E-05 9.9955E-05 9.9955E-05 9.9955E-05 9.9955E-05 0.810686 0.0217538
0.10472 0.0816067 0.0778044 0.014207 9.9982E-05 9.9982E-05 0.706348 0.0151138
0.122336 0.00702063 0.0093622 9.9982E-05 0.0327208 9.9982E-05 0.645529 0.182832
0.22302 9.9955E-05 9.9955E-05 9.9955E-05 0.0105183 9.9955E-05 0.765962 9.9955E-05
0.247086 9.9973E-05 9.9973E-05 9.9973E-05 0.0733142 0.0248779 0.593712 0.06071
0.170004 9.9982E-05 0.0141623 9.9982E-05 0.0826596 0.0203507 0.689523 0.0231009
0.9993 9.994E-05 9.994E-05 9.994E-05 9.994E-05 9.994E-05 9.994E-05 9.994E-05
0.9993 9.994E-05 9.994E-05 9.994E-05 9.994E-05 9.994E-05 9.994E-05 9.994E-05
0.9993 9.994E-05 9.994E-05 9.994E-05 9.994E-05 9.994E-05 9.994E-05 9.994E-05
0.993572 9.9946E-05 9.9946E-05 9.9946E-05 9.9946E-05 0.00582869 9.9946E-05 9.9946E-05
0.927635 0.0285708 9.9955E-05 9.9955E-05 9.9955E-05 9.9955E-05 0.0432949 9.9955E-05
0.954354 9.9955E-05 9.9955E-05 0.0177304 0.0274161 9.9955E-05 9.9955E-05 9.9955E-05
0.149781 9.9973E-05 0.0248846 9.9973E-05 0.0322075 9.9973E-05 0.496135 0.296693
0.254448 0.137909 0.015742 9.9991E-05 0.0306864 0.00487272 0.307112 0.24913
0.145745 9.9955E-05 9.9955E-05 9.9955E-05 9.9955E-05 9.9955E-05 0.774332 0.0794237
9.9955E-05 0.0639828 0.0330448 9.9955E-05 9.9955E-05 9.9955E-05 0.902473 9.9955E-05
9.9964E-05 0.103301 0.0322082 0.000244187 9.9964E-05 9.9964E-05 0.863847 9.9964E-05
9.9955E-05 9.9955E-05 0.0623179 9.9955E-05 9.9955E-05 0.0215478 0.915635 9.9955E-05
9.9973E-05 0.0848041 9.9973E-05 0.0536306 0.0511998 0.0298754 0.78019 9.9973E-05
9.9964E-05 0.110919 9.9964E-05 9.9964E-05 0.0294995 0.00461221 0.854569 9.9964E-05
9.9964E-05 0.0360118 9.9964E-05 0.0333881 0.0117699 9.9964E-05 0.91843 9.9964E-05
9.9955E-05 9.9955E-05 9.9955E-05 0.026946 9.9955E-05 9.9955E-05 0.909217 0.0633367
9.9982E-05 0.0144038 0.0473392 0.107744 0.0023378 9.9982E-05 0.629354 0.198622
9.9973E-05 0.0354818 0.0954019 9.9973E-05 0.0712255 9.9973E-05 0.732827 0.0647642
9.9964E-05 9.9964E-05 9.9964E-05 0.0162394 0.048581 9.9964E-05 0.93442 0.000359771
0.0212076 0.0407115 0.0231266 0.0298018 0.0103134 9.9991E-05 0.750625 0.124115
0.048762 9.9964E-05 0.0314684 9.9964E-05 9.9964E-05 9.9964E-05 0.762656 0.156714
0.0417234 0.0607938 0.0291617 0.0160149 9.9973E-05 9.9973E-05 0.852006 9.9973E-05
9.9982E-05 0.0217086 0.0441363 0.0893794 0.0411563 0.0196814 0.783738 9.9982E-05
9.999E-05 0.0328865 0.0388613 0.00938713 0.046294 0.0210291 0.780621 0.0708215
0.0274861 0.0140567 9.9991E-05 0.115005 0.0621497 0.00400259 0.639079 0.138121
9.9964E-05 0.114553 9.9964E-05 0.0188514 0.0548808 9.9964E-05 0.811315 9.9964E-05
0.0334222 0.0245236 0.0269392 0.0122047 9.9991E-05 0.00288557 0.847794 0.0521307
9.9973E-05 0.0406395 0.0026158 9.9973E-05 0.00579114 9.9973E-05 0.483376 0.467278
9.9973E-05 0.0889974 0.0927045 9.9973E-05 0.000387048 9.9973E-05 0.513077 0.304534
9.9973E-05 9.9973E-05 0.0870934 9.9973E-05 0.0457924 0.0724378 0.562359 0.232017
9.9982E-05 0.0354674 0.0472637 0.0430954 9.9982E-05 0.0279957 0.556759 0.289219
9.9964E-05 9.9964E-05 9.9964E-05 0.0277415 9.9964E-05 0.0612276 0.0447362 0.865895
0.00867914 9.9955E-05 9.9955E-05 9.9955E-05 0.0318483 9.9955E-05 9.9955E-05 0.958973
0.0515433 9.9982E-05 9.9982E-05 0.0429114 0.0892485 0.0300775 0.148396 0.637623
0.00381749 9.9973E-05 0.000615344 9.9973E-05 0.0198948 9.9973E-05 0.0209373 0.954435
9.9964E-05 9.9964E-05 0.0372025 9.9964E-05 0.0356389 9.9964E-05 0.207576 0.719182
9.9946E-05 9.9946E-05 9.9946E-05 9.9946E-05 9.9946E-05 9.9946E-05 0.0673227 0.932078
0.00959116 9.9955E-05 9.9955E-05 9.9955E-05 9.9955E-05 9.9955E-05 0.0065462 0.983363
9.9973E-05 9.9973E-05 0.0437226 0.0106163 0.0555983 9.9973E-05 0.358607 0.531155
0.0637072 0.0338764 0.0828871 0.0337637 0.0242876 9.9991E-05 0.124288 0.63709
0.0712539 9.9991E-05 0.0113732 0.0475187 0.00680546 0.0111891 0.407394 0.444366
0.0440908 9.9982E-05 0.0194309 9.9982E-05 0.0182558 0.060579 0.219476 0.637967
0.0136833 0.0370294 9.9973E-05 9.9973E-05 0.025456 9.9973E-05 0.163602 0.75993
0.0386185 0.00400466 9.9973E-05 9.9973E-05 0.00871061 9.9973E-05 0.0423547 0.906012
0.0347452 0.0811297 0.0361752 0.0206193 9.9991E-05 0.00599524 0.112493 0.708742
0.059895 0.0485237 0.00947195 0.0168693 9.9991E-05 0.0268277 0.147364 0.690948
9.9973E-05 9.9973E-05 9.9973E-05 0.0304389 0.0511439 0.0221388 0.164831 0.731148
0.0912185 9.9982E-05 0.0634902 0.0456169 0.0673674 9.9982E-05 0.156098 0.57601
9.9973E-05 9.9973E-05 0.10555 0.0301383 9.9973E-05 0.0297557 0.257572 0.576683
9.994E-05 9.994E-05 9.994E-05 9.994E-05 9.994E-05 9.994E-05 9.994E-05 0.9993
0.075404 9.9982E-05 0.081046 9.9982E-05 0.011531 0.00970579 0.156903 0.66521
0.00479872 0.0197069 0.0753488 0.0213939 9.9982E-05 9.9982E-05 0.218723 0.659829
0.0207503 9.9973E-05 9.9973E-05 0.0665026 9.9973E-05 0.0462321 0.0963417 0.769873
0.0195948 0.00313032 9.9991E-05 0.00850241 0.107758 0.0148855 0.054762 0.791267
9.9964E-05 0.101539 9.9964E-05 0.0067944 9.9964E-05 0.00243336 9.9964E-05 0.888833
0.0150571 9.9973E-05 0.0272425 0.0608457 9.9973E-05 9.9973E-05 0.16409 0.732465
9.9955E-05 0.0810148 9.9955E-05 9.9955E-05 0.0209104 9.9955E-05 9.9955E-05 0.897575
9.9946E-05 9.9946E-05 9.9946E-05 9.9946E-05 9.9946E-05 0.0217079 9.9946E-05 0.977692
0.0330741 0.1558 9.99641E-05 0.0277907 9.99641E-05 9.99641E-05 9.99641E-05 0.782935
9.9973E-05 0.0101442 0.0173163 9.9973E-05 0.0177971 9.9973E-05 0.309955 0.644487
9.99551E-05 0.044779 9.99551E-05 9.99551E-05 0.00681751 9.99551E-05 9.99551E-05 0.947904
0.0550569 9.9982E-05 9.9982E-05 0.0020404 0.0322888 0.0484762 0.147919 0.714018
9.9982E-05 0.0357697 0.0208101 0.0369984 0.0767603 9.9982E-05 0.0470109 0.782451
0.0876774 9.9964E-05 0.000264457 9.9964E-05 9.9964E-05 9.9964E-05 0.0397031 0.871955
0.0475938 9.9955E-05 0.0422334 9.9955E-05 9.9955E-05 9.9955E-05 9.9955E-05 0.909673
0.0364219 0.0127367 0.00700475 0.0895632 0.0301209 9.9982E-05 9.9982E-05 0.823953
0.0135171 0.0132825 0.100695 9.9973E-05 9.9973E-05 9.9973E-05 0.0264679 0.845738
9.9955E-05 0.0132901 9.9955E-05 9.9955E-05 0.0113552 9.9955E-05 9.9955E-05 0.974855
0.0186599 0.148962 9.9991E-05 0.0272618 0.0383881 0.0858152 0.0201612 0.660652
9.9982E-05 0.0681364 0.042799 0.0601722 0.0370279 0.0483515 9.9982E-05 0.743313
9.9982E-05 0.0632411 0.0171378 0.0628853 0.00624427 0.0951609 9.9982E-05 0.755131
0.0366681 0.0426021 0.0553273 0.108287 0.0280865 0.0225218 9.9991E-05 0.706407
9.9973E-05 0.0431549 9.9973E-05 0.0398369 0.0223254 0.0840176 9.9973E-05 0.810365
9.9982E-05 0.0377986 0.0206137 0.0675765 0.0205667 0.057191 9.9982E-05 0.796053
9.9973E-05 9.9973E-05 0.0434468 0.0578717 9.9973E-05 0.124917 0.0993316 0.674132
0.00186284 0.0271567 0.0680261 0.0720516 0.0161154 0.193514 0.01313 0.608143
9.9991E-05 0.0431778 0.00588061 0.030209 0.0836523 0.147274 0.0245008 0.665206
0.0250814 0.0174356 0.0712817 0.0527959 0.0703663 0.0599688 0.168008 0.535062
0.00540301 9.9982E-05 0.0922906 0.0748747 9.9982E-05 0.129314 0.0992732 0.598644
9.9991E-05 0.0626463 0.0901555 0.0366651 0.0338994 0.0935097 0.0510414 0.631983
0.00747557 9.9991E-05 0.145337 0.11378 0.0609128 0.113641 0.0149735 0.543781
0.0541922 0.198031 9.9991E-05 0.0132669 0.0730315 0.0886717 0.00585219 0.566854
0.0302086 0.167644 9.9982E-05 0.0889174 0.0371618 0.0590393 9.9982E-05 0.616829
0.0161098 9.9991E-05 0.174938 0.0644221 0.0982462 0.195287 0.0115731 0.439324
9.9946E-05 9.9946E-05 9.9946E-05 9.9946E-05 0.026384 0.973016 9.9946E-05 9.9946E-05
0.0542861 9.9964E-05 9.9964E-05 9.9964E-05 9.9964E-05 0.93051 0.0114541 0.00335025
0.00470774 0.0192458 9.9973E-05 9.9973E-05 9.9973E-05 0.890254 0.0222361 0.0632565
9.994E-05 9.994E-05 9.994E-05 9.994E-05 9.994E-05 0.9993 9.994E-05 9.994E-05
9.994E-05 9.994E-05 9.994E-05 9.994E-05 9.994E-05 0.9993 9.994E-05 9.994E-05
9.994E-05 9.994E-05 9.994E-05 9.994E-05 9.994E-05 0.9993 9.994E-05 9.994E-05
9.9946E-05 0.0309783 9.9946E-05 9.9946E-05 9.9946E-05 0.968422 9.9946E-05 9.9946E-05
0.01882 0.0116407 0.00537299 9.9991E-05 0.000439404 0.890255 0.0581007 0.0152714
0.0129151 9.9964E-05 0.00916199 9.9964E-05 9.9964E-05 0.97107 0.00645284 9.9964E-05
9.994E-05 9.994E-05 9.994E-05 9.994E-05 9.994E-05 0.9993 9.994E-05 9.994E-05
9.9991E-05 0.0781157 0.12757 0.265364 0.0733876 0.0834018 0.0588029 0.313258
9.9973E-05 0.0483664 0.0319636 0.0251537 9.9973E-05 0.880931 9.9973E-05 0.0132849
9.9955E-05 0.004715 0.0220444 9.9955E-05 9.9955E-05 0.972741 9.9955E-05 9.9955E-05
9.9955E-05 0.0123086 0.0160503 9.9955E-05 9.9955E-05 0.971141 9.9955E-05 9.9955E-05
9.9982E-05 0.106542 0.125158 0.156082 0.0112591 0.110779 9.9982E-05 0.489981
9.9982E-05 0.09863 0.0783857 0.14805 0.0472525 0.118473 9.9982E-05 0.509009
9.9982E-05 0.118106 0.103927 0.163726 0.0660714 0.076878 9.9982E-05 0.471092
9.9991E-05 0.0703502 0.0885253 0.177151 0.0417681 0.149068 0.0026895 0.470348
9.9973E-05 0.12171 0.02122 0.185434 9.9973E-05 0.126013 9.9973E-05 0.545323
9.9982E-05 0.210928 0.045023 0.14406 9.9982E-05 0.0775071 0.140604 0.381678
9.9991E-05 0.163721 0.0110061 0.161801 0.012654 0.131392 0.0585 0.460826
9.9973E-05 0.162816 0.0466035 0.180428 9.9973E-05 0.0988349 9.9973E-05 0.511018
9.9991E-05 0.130333 0.0265561 0.096265 0.0931133 0.189571 0.000443791 0.463618
9.9991E-05 0.146784 0.0229396 0.0951134 0.0458219 0.18601 0.00234661 0.500885
9.9991E-05 0.105915 0.0926814 0.103342 0.0456213 0.101766 0.00886777 0.541706
0.00858326 0.163985 0.098059 0.0245326 9.9982E-05 0.182122 9.9982E-05 0.522519
9.9982E-05 0.085089 0.0577681 0.163352 0.0622897 0.0344727 9.9982E-05 0.596828
9.9982E-05 0.0901213 0.0458545 0.186959 0.0375701 0.140467 9.9982E-05 0.498827
9.9973E-05 0.027684 9.9973E-05 0.93503 0.0154524 9.9973E-05 0.0186605 0.00287292
0.0251329 0.0205548 0.0272851 0.853729 0.0449315 0.0105299 0.0177371 9.9991E-05
9.994E-05 9.994E-05 9.994E-05 0.9993 9.994E-05 9.994E-05 9.994E-05 9.994E-05
9.9946E-05 9.9946E-05 0.0237167 0.975684 9.9946E-05 9.9946E-05 9.9946E-05 9.9946E-05
9.9946E-05 9.9946E-05 9.9946E-05 0.992261 0.00713891 9.9946E-05 9.9946E-05 9.9946E-05
9.994E-05 9.994E-05 9.994E-05 0.9993 9.994E-05 9.994E-05 9.994E-05 9.994E-05
9.994E-05 9.994E-05 9.994E-05 0.9993 9.994E-05 9.994E-05 9.994E-05 9.994E-05
0.055627 0.0949879 9.9964E-05 0.775692 9.9964E-05 9.9964E-05 9.9964E-05 0.0732935
9.994E-05 9.994E-05 9.994E-05 0.9993 9.994E-05 9.994E-05 9.994E-05 9.994E-05
9.99543E-05 9.99543E-05 9.99543E-05 0.996016 9.99543E-05 0.00338419 9.99543E-05 9.99543E-05
0.00883888 0.0581055 9.9973E-05 0.874835 9.9973E-05 0.0192222 0.038698 9.9973E-05
9.994E-05 9.994E-05 9.994E-05 0.9993 9.994E-05 9.994E-05 9.994E-05 9.994E-05
9.9982E-05 0.0572787 0.0234144 0.728962 0.0627381 0.00581952 9.9982E-05 0.121587
9.994E-05 9.994E-05 9.994E-05 9.994E-05 0.9993 9.994E-05 9.994E-05 9.994E-05
9.9982E-05 0.0853046 0.0106239 0.146193 0.0792411 0.149555 9.9982E-05 0.528882
9.994E-05 9.994E-05 9.994E-05 9.994E-05 0.9993 9.994E-05 9.994E-05 9.994E-05
9.994E-05 9.994E-05 9.994E-05 9.994E-05 0.9993 9.994E-05 9.994E-05 9.994E-05
0.00359446 0.0685959 9.99551E-05 9.99551E-05 0.92731 9.99551E-05 9.99551E-05 9.99551E-05
0.0123159 0.00203676 0.00919561 0.013975 0.822352 9.9982E-05 9.9982E-05 0.139925
9.994E-05 9.994E-05 9.994E-05 9.994E-05 0.9993 9.994E-05 9.994E-05 9.994E-05
9.9964E-05 0.0388615 9.9964E-05 0.0483637 0.836998 9.9964E-05 9.9964E-05 0.0753773
9.9946E-05 0.0247874 9.9946E-05 9.9946E-05 0.974613 9.9946E-05 9.9946E-05 9.9946E-05
9.994E-05 9.994E-05 9.994E-05 9.994E-05 0.9993 9.994E-05 9.994E-05 9.994E-05
9.9946E-05 9.9946E-05 9.9946E-05 9.9946E-05 0.97781 9.9946E-05 0.0215905 9.9946E-05
9.9955E-05 9.9955E-05 0.00683907 9.9955E-05 0.966108 9.9955E-05 9.9955E-05 0.026553
9.9955E-05 9.9955E-05 9.9955E-05 0.0365323 0.953863 0.00910528 9.9955E-05 9.9955E-05
9.9982E-05 9.9982E-05 0.033908 0.0361386 0.810057 0.0998865 0.0143877 0.00542224
0.0198437 0.0110784 9.9964E-05 9.9964E-05 0.933077 9.9964E-05 9.9964E-05 0.0356014
0.00638078 0.0276259 0.0275179 0.0179663 0.87673 0.00841283 9.9991E-05 0.035266
0.0117972 0.00208909 0.0535123 0.0232498 0.891788 0.0173638 9.9982E-05 9.9982E-05
0.0182625 9.9964E-05 0.0420262 9.9964E-05 0.866085 9.9964E-05 9.9964E-05 0.0732266
9.9964E-05 9.9964E-05 0.0327153 0.00986039 0.944232 0.0127922 9.9964E-05 9.9964E-05
0.0423753 0.133918 0.332797 0.0501596 0.0465867 0.0814795 9.9991E-05 0.312583
0.0145397 0.157619 0.333676 0.0492155 0.00794125 0.0702817 9.9991E-05 0.366627
0.0479335 0.143781 0.308288 9.9982E-05 0.0444559 0.0639901 9.9982E-05 0.391351
0.0457873 0.146657 0.325614 0.0295333 0.0676885 0.0584199 0.0111835 0.315117
9.9964E-05 0.90364 9.9964E-05 0.0512543 0.00814662 9.9964E-05 0.0365596 9.9964E-05
9.994E-05 0.9993 9.994E-05 9.994E-05 9.994E-05 9.994E-05 9.994E-05 9.994E-05
9.9964E-05 0.979944 0.0109881 9.9964E-05 0.00536552 0.00330247 9.9964E-05 9.9964E-05
9.994E-05 0.9993 9.994E-05 9.994E-05 9.994E-05 9.994E-05 9.994E-05 9.994E-05
0.0118476 0.987553 9.9946E-05 9.9946E-05 9.9946E-05 9.9946E-05 9.9946E-05 9.9946E-05
9.9955E-05 0.952147 0.0381267 0.0092262 9.9955E-05 9.9955E-05 9.9955E-05 9.9955E-05
9.9955E-05 0.96429 0.0084906 9.9955E-05 9.9955E-05 9.9955E-05 9.9955E-05 0.0267196
0.0411019 0.734677 0.0749257 0.0284235 0.020402 9.9991E-05 0.0283478 0.0720219
9.9955E-05 0.846236 9.9955E-05 9.9955E-05 0.0517075 9.9955E-05 0.101557 9.9955E-05
9.9964E-05 0.00863661 0.941015 0.0222238 9.9964E-05 9.9964E-05 9.9964E-05 0.0277248
9.994E-05 9.994E-05 0.9993 9.994E-05 9.994E-05 9.994E-05 9.994E-05 9.994E-05
9.994E-05 9.994E-05 0.9993 9.994E-05 9.994E-05 9.994E-05 9.994E-05 9.994E-05
9.994E-05 9.994E-05 0.9993 9.994E-05 9.994E-05 9.994E-05 9.994E-05 9.994E-05
9.994E-05 9.994E-05 0.9993 9.994E-05 9.994E-05 9.994E-05 9.994E-05 9.994E-05
9.9964E-05 0.00294515 0.887533 9.9964E-05 0.035415 9.9964E-05 9.9964E-05 0.0737068
0.00230398 9.9955E-05 0.996896 9.9955E-05 9.9955E-05 9.9955E-05 0.000299879 9.9955E-05
9.994E-05 9.994E-05 0.9993 9.994E-05 9.994E-05 9.994E-05 9.994E-05 9.994E-05
9.9955E-05 0.00896982 0.984491 9.9955E-05 9.9955E-05 0.00603935 9.9955E-05 9.9955E-05
9.9946E-05 9.9946E-05 0.985859 0.0135414 9.9946E-05 9.9946E-05 9.9946E-05 9.9946E-05
9.994E-05 9.994E-05 0.9993 9.994E-05 9.994E-05 9.994E-05 9.994E-05 9.994E-05
9.994E-05 9.994E-05 0.9993 9.994E-05 9.994E-05 9.994E-05 9.994E-05 9.994E-05
