0.9993 9.994E-05 9.994E-05 9.994E-05 9.994E-05 9.994E-05 9.994E-05 9.994E-05
0.448176 0.0460752 0.0169887 9.9982E-05 0.072237 9.9982E-05 0.134357 0.281966
9.994E-05 9.994E-05 9.994E-05 9.994E-05 0.9993 9.994E-05 9.994E-05 9.994E-05
9.9955E-05 0.0378479 0.0166867 9.9955E-05 0.944966 9.9955E-05 9.9955E-05 9.9955E-05
9.9955E-05 0.0353947 0.0233049 9.9955E-05 9.9955E-05 9.9955E-05 9.9955E-05 0.940801
0.172788 9.9946E-05 9.9946E-05 9.9946E-05 9.9946E-05 9.9946E-05 9.9946E-05 0.826612
0.675281 9.9982E-05 0.0238036 0.0588504 9.9982E-05 0.0822273 0.0319431 0.127694
9.9946E-05 9.9946E-05 9.9946E-05 9.9946E-05 9.9946E-05 0.126972 9.9946E-05 0.872428
9.9982E-05 9.9982E-05 0.00125422 0.147999 0.0303354 0.061681 0.0299879 0.728542
0.274722 9.9982E-05 0.0680167 0.0888449 9.9982E-05 0.0827381 0.205927 0.279552
9.9955E-05 0.985305 0.00515114 9.9955E-05 0.00904415 9.9955E-05 9.9955E-05 9.9955E-05
9.9955E-05 0.620928 9.9955E-05 9.9955E-05 9.9955E-05 0.367302 9.9955E-05 0.0112709
0.0147152 0.776104 9.9964E-05 9.9964E-05 0.0135011 9.9964E-05 9.9964E-05 0.19528
0.0149294 9.9982E-05 0.0547544 0.00344243 0.0491368 0.872817 9.9982E-05 0.00472016
0.0224552 0.823828 0.0512018 9.9973E-05 0.0729379 0.0292768 9.9973E-05 9.9973E-05
9.9964E-05 0.445895 0.0018601 9.9964E-05 9.9964E-05 0.500823 9.9964E-05 0.0510225
9.9946E-05 0.340662 9.9946E-05 9.9946E-05 9.9946E-05 0.658739 9.9946E-05 9.9946E-05
9.9973E-05 0.0189168 9.9973E-05 0.0661254 0.0410227 0.681641 0.191994 9.9973E-05
9.9964E-05 0.59755 0.00153145 0.137675 9.9964E-05 0.262844 9.9964E-05 9.9964E-05
9.9946E-05 9.9946E-05 9.9946E-05 9.9946E-05 0.100787 0.898614 9.9946E-05 9.9946E-05
9.9982E-05 0.0312162 0.00534869 9.9982E-05 0.073312 0.757098 0.121709 0.0111161
0.0113466 0.434157 9.9982E-05 9.9982E-05 0.020599 0.138321 0.0634666 0.33191
0.0969194 0.745678 9.9955E-05 9.9955E-05 9.9955E-05 0.156903 9.9955E-05 9.9955E-05
9.994E-05 9.994E-05 9.994E-05 9.994E-05 9.994E-05 0.9993 9.994E-05 9.994E-05
9.9973E-05 0.53121 0.00712827 9.9973E-05 0.0977003 0.290555 0.0731072 9.9973E-05
0.158276 0.125175 9.9973E-05 0.037948 9.9973E-05 0.576826 0.101475 9.9973E-05
9.9946E-05 0.640728 9.9946E-05 0.358672 9.9946E-05 9.9946E-05 9.9946E-05 9.9946E-05
9.9973E-05 0.584362 0.00394898 9.9973E-05 0.0593662 9.9973E-05 0.322055 0.0299685
9.9964E-05 0.605737 9.9964E-05 0.0765609 9.9964E-05 9.9964E-05 0.274333 0.0429689
9.9946E-05 0.900402 9.9946E-05 9.9946E-05 9.9946E-05 9.9946E-05 0.0989988 9.9946E-05
9.9955E-05 9.9955E-05 9.9955E-05 0.459066 0.121477 9.9955E-05 0.418957 9.9955E-05
9.9973E-05 0.083698 9.9973E-05 0.449302 0.13034 9.9973E-05 0.199611 0.136749
9.9973E-05 0.0178312 9.9973E-05 0.640873 0.0974203 0.0545518 0.189024 9.9973E-05
0.00417122 0.0335241 9.9964E-05 0.902253 9.9964E-05 0.0596516 9.9964E-05 9.9964E-05
9.9973E-05 0.254662 9.9973E-05 0.58291 0.0788044 0.0646857 0.0186383 9.9973E-05
0.182174 9.9973E-05 9.9973E-05 0.676169 0.0272421 0.0281604 0.0859541 9.9973E-05
0.0554877 9.9973E-05 9.9973E-05 0.492795 0.151098 0.170924 9.9973E-05 0.129396
0.138345 0.137275 9.9973E-05 0.565926 0.034272 9.9973E-05 0.123882 9.9973E-05
9.9964E-05 9.9964E-05 0.00906669 0.851996 0.0706133 0.0679241 9.9964E-05 9.9964E-05
0.0439359 0.160958 0.0137869 0.45505 0.0203457 9.9982E-05 0.305724 9.9982E-05
9.9973E-05 9.9973E-05 9.9973E-05 0.830769 0.00132214 0.00267782 0.0428986 0.122033
0.0325932 0.0683454 9.9991E-05 0.475742 0.0844924 0.0602868 0.251958 0.0264826
9.9973E-05 0.137072 0.0121924 0.561261 0.117481 9.9973E-05 0.171694 9.9973E-05
9.9964E-05 0.159231 0.0257709 0.751681 9.9964E-05 0.0629178 9.9964E-05 9.9964E-05
9.9964E-05 0.0831682 9.9964E-05 0.693801 0.0306791 9.9964E-05 0.191952 9.9964E-05
9.9973E-05 0.0869785 0.0154033 0.694405 9.9973E-05 9.9973E-05 0.186753 0.0161603
9.9955E-05 9.9955E-05 0.0706983 0.786155 9.9955E-05 9.9955E-05 0.142647 9.9955E-05
9.9946E-05 9.9946E-05 9.9946E-05 0.771641 9.9946E-05 9.9946E-05 0.227759 9.9946E-05
9.999E-05 0.0440563 0.014973 0.78946 0.0527247 0.0477883 0.00769916 0.0431989
9.9964E-05 9.9964E-05 9.9964E-05 0.681826 0.0514501 9.9964E-05 0.156292 0.110032
9.9946E-05 9.9946E-05 9.9946E-05 0.734762 9.9946E-05 9.9946E-05 0.264638 9.9946E-05
0.0188795 9.9946E-05 9.9946E-05 0.980521 9.9946E-05 9.9946E-05 9.9946E-05 9.9946E-05
9.9973E-05 9.9973E-05 0.00774041 0.559453 9.9973E-05 0.0319345 0.392555 0.00801694
9.9955E-05 0.0158633 9.9955E-05 0.868355 9.9955E-05 9.9955E-05 0.115282 9.9955E-05
9.9946E-05 9.9946E-05 9.9946E-05 0.862167 9.9946E-05 9.9946E-05 0.137233 9.9946E-05
9.9964E-05 9.9964E-05 0.0455194 0.628472 0.0050008 9.9964E-05 0.320608 9.9964E-05
9.9955E-05 0.0892682 9.9955E-05 9.9955E-05 0.0773575 9.9955E-05 0.832874 9.9955E-05
9.9964E-05 0.129944 9.9964E-05 0.0702902 9.9964E-05 9.9964E-05 0.752549 0.0468165
9.9973E-05 0.093557 9.9973E-05 0.0122577 0.0193448 9.9973E-05 0.789451 0.0850891
0.109674 0.137873 9.9973E-05 0.0647588 9.9973E-05 9.9973E-05 0.664297 0.0230973
0.00687179 9.9964E-05 9.9964E-05 0.0241215 9.9964E-05 0.080141 0.888466 9.9964E-05
0.0678017 9.9973E-05 0.0913441 0.232549 0.0511469 9.9973E-05 0.556859 9.9973E-05
0.0609604 9.9964E-05 9.9964E-05 0.0354315 9.9964E-05 9.9964E-05 0.870594 0.0326142
9.99461E-05 9.99461E-05 0.0305755 9.99461E-05 9.99461E-05 9.99461E-05 0.968825 9.99461E-05
9.9955E-05 9.9955E-05 0.00826673 9.9955E-05 9.9955E-05 0.0703738 0.92086 9.9955E-05
9.9955E-05 0.0512402 9.9955E-05 0.00238226 9.9955E-05 9.9955E-05 0.945878 9.9955E-05
9.9946E-05 9.9946E-05 9.9946E-05 9.9946E-05 9.9946E-05 0.00781065 0.99159 9.9946E-05
9.9955E-05 0.0194423 9.9955E-05 9.9955E-05 0.0231779 9.9955E-05 0.95688 9.9955E-05
9.9946E-05 9.9946E-05 9.9946E-05 9.9946E-05 0.0341865 9.9946E-05 0.965214 9.9946E-05
9.9946E-05 9.9946E-05 9.9946E-05 9.9946E-05 0.0465892 9.9946E-05 0.952811 9.9946E-05
9.994E-05 9.994E-05 9.994E-05 9.994E-05 9.994E-05 9.994E-05 0.9993 9.994E-05
0.00742758 9.9982E-05 0.00417861 0.108917 9.9982E-05 0.00605657 0.766975 0.106245
9.9964E-05 9.9964E-05 0.0289812 0.0651385 0.0457572 9.9964E-05 0.859723 9.9964E-05
0.053509 0.0148834 0.0745071 0.152384 9.9982E-05 0.0216781 0.682839 9.9982E-05
0.0311617 0.0434557 0.570521 0.0626322 0.00841899 0.0684713 0.215239 9.9991E-05
9.994E-05 9.994E-05 0.9993 9.994E-05 9.994E-05 9.994E-05 9.994E-05 9.994E-05
0.0455447 0.166819 0.0614963 0.145868 0.0392482 9.998E-05 0.540824 9.998E-05
