9.98831E-05 9.98831E-05 9.98831E-05 9.98831E-05 9.98831E-05 9.98831E-05 9.98831E-05 0.998702 9.98831E-05 9.98831E-05 9.98831E-05 9.98831E-05 9.98831E-05 9.98831E-05
0.0269274 9.9928E-05 0.0139864 9.9928E-05 0.14318 0.802583 9.9928E-05 0.00390965 0.00861415 9.9928E-05 9.9928E-05 9.9928E-05 9.9928E-05 9.9928E-05
9.98831E-05 9.98831E-05 9.98831E-05 9.98831E-05 9.98831E-05 9.98831E-05 9.98831E-05 9.98831E-05 9.98831E-05 0.998702 9.98831E-05 9.98831E-05 9.98831E-05 9.98831E-05
0.02477 9.991E-05 9.991E-05 0.0123579 9.991E-05 9.991E-05 9.991E-05 9.991E-05 9.991E-05 0.882586 9.991E-05 9.991E-05 9.991E-05 0.0792865
0.00887162 9.9919E-05 9.9919E-05 0.0795202 9.9919E-05 0.863698 9.9919E-05 9.9919E-05 9.9919E-05 0.00907922 9.9919E-05 0.0379317 9.9919E-05 9.9919E-05
9.99011E-05 9.99011E-05 9.99011E-05 9.99011E-05 9.99011E-05 0.765486 9.99011E-05 0.102022 9.99011E-05 9.99011E-05 9.99011E-05 0.131393 9.99011E-05 9.99011E-05
9.99101E-05 9.99101E-05 9.99101E-05 9.99101E-05 9.99101E-05 0.833538 9.99101E-05 0.00329954 9.99101E-05 9.99101E-05 0.0598493 9.99101E-05 0.102314 9.99101E-05
9.99101E-05 9.99101E-05 9.99101E-05 0.0321997 9.99101E-05 0.884355 9.99101E-05 9.99101E-05 0.0511817 9.99101E-05 9.99101E-05 9.99101E-05 9.99101E-05 0.031264
9.9928E-05 0.0461959 9.9928E-05 9.9928E-05 9.9928E-05 0.561444 0.234004 0.0421981 9.9928E-05 0.110838 9.9928E-05 9.9928E-05 9.9928E-05 0.00452122
0.0399529 0.141111 0.0848708 9.9955E-05 9.9955E-05 0.309732 9.9955E-05 0.0935773 0.161206 0.0751016 0.0617516 0.0321964 9.9955E-05 9.9955E-05
0.00556426 9.99101E-05 9.99101E-05 9.99101E-05 0.815875 9.99101E-05 9.99101E-05 9.99101E-05 9.99101E-05 9.99101E-05 0.000458164 0.177103 9.99101E-05 9.99101E-05
9.98831E-05 9.98831E-05 9.98831E-05 9.98831E-05 9.98831E-05 9.98831E-05 9.98831E-05 9.98831E-05 9.98831E-05 9.98831E-05 9.98831E-05 9.98831E-05 0.998702 9.98831E-05
9.9883E-05 9.9883E-05 9.9883E-05 9.9883E-05 9.9883E-05 9.9883E-05 9.9883E-05 9.9883E-05 9.9883E-05 9.9883E-05 9.9883E-05 0.998702 9.9883E-05 9.9883E-05
0.0303526 9.9919E-05 9.9919E-05 9.9919E-05 9.9919E-05 9.9919E-05 9.9919E-05 9.9919E-05 0.0670622 0.0429897 0.0102561 9.9919E-05 0.84844 9.9919E-05
0.0551928 0.170692 9.9928E-05 9.9928E-05 9.9928E-05 9.9928E-05 9.9928E-05 9.9928E-05 0.138829 0.0215143 9.9928E-05 0.562757 0.0502152 9.9928E-05
0.00259911 9.9928E-05 9.9928E-05 9.9928E-05 0.581988 9.9928E-05 9.9928E-05 9.9928E-05 0.146018 9.9928E-05 0.00186708 9.9928E-05 0.250216 0.0165124
9.98921E-05 9.98921E-05 9.98921E-05 9.98921E-05 9.98921E-05 9.98921E-05 9.98921E-05 9.98921E-05 9.98921E-05 9.98921E-05 9.98921E-05 0.0529422 9.98921E-05 0.945859
9.99101E-05 9.99101E-05 0.100738 9.99101E-05 9.99101E-05 9.99101E-05 0.149176 9.99101E-05 0.644013 9.99101E-05 9.99101E-05 9.99101E-05 9.99101E-05 0.105074
9.9946E-05 9.9946E-05 0.0712717 0.0100753 9.9946E-05 9.9946E-05 0.0361556 9.9946E-05 0.0816305 9.9946E-05 0.0533302 0.278104 0.374459 0.0943741
9.98831E-05 9.98831E-05 9.98831E-05 9.98831E-05 9.98831E-05 9.98831E-05 9.98831E-05 9.98831E-05 0.998702 9.98831E-05 9.98831E-05 9.98831E-05 9.98831E-05 9.98831E-05
0.0188701 9.9937E-05 0.09559 9.9937E-05 9.9937E-05 9.9937E-05 9.9937E-05 0.0316472 0.78301 9.9937E-05 9.9937E-05 0.0318123 0.0232934 0.0150779
9.99011E-05 9.99011E-05 9.99011E-05 9.99011E-05 0.80117 0.151633 0.0460986 9.99011E-05 9.99011E-05 9.99011E-05 9.99011E-05 9.99011E-05 9.99011E-05 9.99011E-05
9.98831E-05 9.98831E-05 9.98831E-05 9.98831E-05 0.998702 9.98831E-05 9.98831E-05 9.98831E-05 9.98831E-05 9.98831E-05 9.98831E-05 9.98831E-05 9.98831E-05 9.98831E-05
9.98921E-05 9.98921E-05 9.98921E-05 9.98921E-05 9.98921E-05 9.98921E-05 9.98921E-05 9.98921E-05 9.98921E-05 9.98921E-05 0.0233849 9.98921E-05 9.98921E-05 0.975416
9.9928E-05 9.9928E-05 0.170903 9.9928E-05 0.00334148 9.9928E-05 9.9928E-05 9.9928E-05 0.149943 9.9928E-05 9.9928E-05 0.206401 0.45459 0.0140223
9.991E-05 9.991E-05 0.134043 9.991E-05 9.991E-05 9.991E-05 0.0326022 0.0777491 9.991E-05 9.991E-05 9.991E-05 9.991E-05 0.754607 9.991E-05
9.9937E-05 0.149958 0.00912207 0.127375 9.9937E-05 9.9937E-05 0.223194 9.9937E-05 9.9937E-05 9.9937E-05 9.9937E-05 0.126813 0.223616 0.139222
0.0357492 9.9955E-05 0.338105 0.0430479 0.185184 9.9955E-05 0.00235128 9.9955E-05 0.0344619 0.0902073 9.9955E-05 0.0490805 0.221313 9.9955E-05
9.9937E-05 9.9937E-05 0.266842 9.9937E-05 0.0312113 0.0361963 0.171583 0.00564909 9.9937E-05 9.9937E-05 9.9937E-05 0.0123853 0.475434 9.9937E-05
9.99011E-05 9.99011E-05 0.198929 9.99011E-05 9.99011E-05 9.99011E-05 0.121415 9.99011E-05 9.99011E-05 9.99011E-05 9.99011E-05 0.678557 9.99011E-05 9.99011E-05
9.98831E-05 9.98831E-05 9.98831E-05 9.98831E-05 9.98831E-05 9.98831E-05 0.998702 9.98831E-05 9.98831E-05 9.98831E-05 9.98831E-05 9.98831E-05 9.98831E-05 9.98831E-05
9.9892E-05 9.9892E-05 9.9892E-05 9.9892E-05 9.9892E-05 9.9892E-05 0.990328 0.00847344 9.9892E-05 9.9892E-05 9.9892E-05 9.9892E-05 9.9892E-05 9.9892E-05
9.9928E-05 0.276045 0.158867 9.9928E-05 9.9928E-05 9.9928E-05 9.9928E-05 9.9928E-05 0.0393051 0.111898 0.366523 9.9928E-05 0.0465621 9.9928E-05
9.99011E-05 0.934494 9.99011E-05 9.99011E-05 9.99011E-05 9.99011E-05 9.99011E-05 9.99011E-05 9.99011E-05 9.99011E-05 0.0203191 9.99011E-05 9.99011E-05 0.0440883
0.0042008 0.534606 9.9937E-05 9.9937E-05 0.0708131 9.9937E-05 0.15871 9.9937E-05 0.0629613 0.000178769 9.9937E-05 9.9937E-05 0.16783 9.9937E-05
9.98921E-05 0.972846 9.98921E-05 9.98921E-05 9.98921E-05 9.98921E-05 9.98921E-05 0.0259552 9.98921E-05 9.98921E-05 9.98921E-05 9.98921E-05 9.98921E-05 9.98921E-05
9.9955E-05 0.398994 0.0249902 0.0363484 9.9955E-05 0.18369 9.9955E-05 0.0205381 0.177209 0.0697116 0.0779173 9.9955E-05 0.0101014 9.9955E-05
9.9928E-05 0.895432 0.0224774 9.9928E-05 0.0303119 9.9928E-05 9.9928E-05 0.00435434 9.9928E-05 9.9928E-05 9.9928E-05 0.0273726 9.9928E-05 0.0192523
0.0092471 0.778083 9.9928E-05 0.00644742 9.9928E-05 9.9928E-05 9.9928E-05 9.9928E-05 0.0540297 0.0289564 0.122436 9.9928E-05 9.9928E-05 9.9928E-05
0.0346085 0.404125 0.254079 0.117015 0.0532084 9.9946E-05 9.9946E-05 0.024106 0.0605131 9.9946E-05 9.9946E-05 0.0517456 9.9946E-05 9.9946E-05
9.99101E-05 0.685012 9.99101E-05 9.99101E-05 9.99101E-05 0.0453178 0.227408 9.99101E-05 9.99101E-05 9.99101E-05 9.99101E-05 9.99101E-05 9.99101E-05 0.041263
9.9937E-05 0.335537 0.288856 0.148793 9.9937E-05 9.9937E-05 9.9937E-05 0.0250852 0.0104239 0.0739973 9.9937E-05 9.9937E-05 0.116608 9.9937E-05
9.9937E-05 0.462864 0.150126 9.9937E-05 0.0481097 9.9937E-05 0.149378 9.9937E-05 9.9937E-05 0.0955298 0.0365473 9.9937E-05 0.0567462 9.9937E-05
0.00453674 0.826442 0.0541077 9.9928E-05 0.0542763 0.0272402 9.9928E-05 9.9928E-05 9.9928E-05 9.9928E-05 9.9928E-05 9.9928E-05 0.0325979 9.9928E-05
9.99101E-05 0.677564 0.133565 0.137563 9.99101E-05 9.99101E-05 9.99101E-05 9.99101E-05 9.99101E-05 9.99101E-05 9.99101E-05 0.0503089 9.99101E-05 9.99101E-05
9.9946E-05 0.0342067 0.0509624 0.606871 9.9946E-05 0.00643023 0.0156852 9.9946E-05 9.9946E-05 9.9946E-05 0.128566 0.0490964 0.107583 9.9946E-05
9.9883E-05 9.9883E-05 9.9883E-05 9.9883E-05 9.9883E-05 9.9883E-05 9.9883E-05 9.9883E-05 9.9883E-05 9.9883E-05 0.998702 9.9883E-05 9.9883E-05 9.9883E-05
9.99011E-05 9.99011E-05 9.99011E-05 0.921527 9.99011E-05 9.99011E-05 0.0749623 9.99011E-05 9.99011E-05 9.99011E-05 0.0024115 9.99011E-05 9.99011E-05 9.99011E-05
9.9919E-05 9.9919E-05 9.9919E-05 0.487465 9.9919E-05 9.9919E-05 0.000965141 9.9919E-05 9.9919E-05 0.10502 0.105344 9.9919E-05 0.300306 9.9919E-05
9.9946E-05 0.341755 0.0422806 0.414177 9.9946E-05 0.0238658 0.0545681 0.0445908 9.9946E-05 0.0243603 9.9946E-05 9.9946E-05 0.0538035 9.9946E-05
9.9928E-05 9.9928E-05 0.068061 0.827811 0.00180469 0.00599863 0.0162395 9.9928E-05 0.0792855 9.9928E-05 9.9928E-05 9.9928E-05 9.9928E-05 9.9928E-05
9.99107E-05 9.99107E-05 9.99107E-05 0.861309 9.99107E-05 9.99107E-05 9.99107E-05 0.0783578 9.99107E-05 9.99107E-05 0.0548388 9.99107E-05 9.99107E-05 0.00449535
0.0153594 9.99191E-05 0.0601406 0.84912 9.99191E-05 9.99191E-05 9.99191E-05 0.0250342 9.99191E-05 9.99191E-05 9.99191E-05 9.99191E-05 9.99191E-05 0.0494465
9.9919E-05 0.211104 0.101351 0.616321 0.0699874 9.9919E-05 9.9919E-05 0.000336984 9.9919E-05 9.9919E-05 9.9919E-05 9.9919E-05 9.9919E-05 9.9919E-05
9.991E-05 9.991E-05 0.0420601 0.76283 9.991E-05 9.991E-05 0.04958 9.991E-05 9.991E-05 9.991E-05 0.144531 9.991E-05 9.991E-05 9.991E-05
0.0594088 9.99011E-05 9.99011E-05 0.910572 9.99011E-05 9.99011E-05 9.99011E-05 9.99011E-05 9.99011E-05 9.99011E-05 9.99011E-05 0.0289203 9.99011E-05 9.99011E-05
0.0111595 9.9937E-05 0.705472 0.165641 0.0197676 9.9937E-05 9.9937E-05 9.9937E-05 0.043498 0.0288081 9.9937E-05 9.9937E-05 0.0249551 9.9937E-05
9.995E-05 9.995E-05 0.651838 0.0954801 0.0485092 0.0810328 9.995E-05 9.995E-05 0.0574716 0.020365 9.995E-05 0.00229766 0.0122118 0.0302945
0.0147772 9.9955E-05 0.694636 0.0861291 0.0431741 0.0588227 0.0497881 9.9955E-05 9.9955E-05 0.0230207 9.9955E-05 0.0204783 9.9955E-05 0.00867357
9.9937E-05 0.0353511 0.65063 0.0294202 0.0331705 0.153963 0.0596509 9.9937E-05 9.9937E-05 9.9937E-05 9.9937E-05 9.9937E-05 0.0371151 9.9937E-05
9.9928E-05 9.9928E-05 0.855336 0.0480049 9.9928E-05 9.9928E-05 0.0256508 9.9928E-05 0.0452727 9.9928E-05 0.00165456 9.9928E-05 9.9928E-05 0.0232812
0.103006 0.499289 0.396606 9.99011E-05 9.99011E-05 9.99011E-05 9.99011E-05 9.99011E-05 9.99011E-05 9.99011E-05 9.99011E-05 9.99011E-05 9.99011E-05 9.99011E-05
9.99191E-05 0.0943507 0.81148 0.0276752 9.99191E-05 9.99191E-05 9.99191E-05 0.0371673 9.99191E-05 0.0284274 9.99191E-05 9.99191E-05 9.99191E-05 9.99191E-05
0.0509005 9.98922E-05 0.947901 9.98922E-05 9.98922E-05 9.98922E-05 9.98922E-05 9.98922E-05 9.98922E-05 9.98922E-05 9.98922E-05 9.98922E-05 9.98922E-05 9.98922E-05
9.991E-05 0.027413 0.904112 9.991E-05 9.991E-05 9.991E-05 9.991E-05 9.991E-05 0.0385098 9.991E-05 0.0289664 9.991E-05 9.991E-05 9.991E-05
9.98921E-05 9.98921E-05 0.973873 9.98921E-05 9.98921E-05 9.98921E-05 9.98921E-05 0.024928 9.98921E-05 9.98921E-05 9.98921E-05 9.98921E-05 9.98921E-05 9.98921E-05
9.99011E-05 9.99011E-05 0.961808 9.99011E-05 9.99011E-05 9.99011E-05 9.99011E-05 9.99011E-05 9.99011E-05 9.99011E-05 0.0156086 0.0214846 9.99011E-05 9.99011E-05
9.99011E-05 9.99011E-05 0.93035 9.99011E-05 9.99011E-05 9.99011E-05 0.0107477 9.99011E-05 9.99011E-05 9.99011E-05 9.99011E-05 0.0578037 9.99011E-05 9.99011E-05
0.00164954 9.99101E-05 0.963144 9.99101E-05 9.99101E-05 9.99101E-05 0.0235643 9.99101E-05 9.99101E-05 9.99101E-05 0.0106435 9.99101E-05 9.99101E-05 9.99101E-05
9.99101E-05 9.99101E-05 0.952236 0.00925928 9.99101E-05 9.99101E-05 0.0195343 9.99101E-05 9.99101E-05 0.0179714 9.99101E-05 9.99101E-05 9.99101E-05 9.99101E-05
9.98922E-05 9.98922E-05 0.923642 9.98922E-05 9.98922E-05 9.98922E-05 9.98922E-05 9.98922E-05 9.98922E-05 9.98922E-05 0.0751593 9.98922E-05 9.98922E-05 9.98922E-05
0.025159 9.9928E-05 0.550168 9.9928E-05 9.9928E-05 0.122838 0.0327096 9.9928E-05 9.9928E-05 9.9928E-05 0.216355 9.9928E-05 0.0519703 9.9928E-05
0.0114511 0.00932704 0.854028 0.0973962 9.99281E-05 9.99281E-05 9.99281E-05 9.99281E-05 9.99281E-05 0.0253203 9.99281E-05 9.99281E-05 0.00167832 9.99281E-05
0.0665515 0.126758 0.651731 0.0146884 9.9946E-05 9.9946E-05 0.00855998 0.041327 0.0211554 9.9946E-05 9.9946E-05 9.9946E-05 0.0686285 9.9946E-05
0.567856 0.00540616 0.212561 0.0513067 0.0736725 9.9955E-05 0.0143633 9.9955E-05 0.0275007 0.0129362 0.0338973 9.9955E-05 9.9955E-05 9.9955E-05
0.998702 9.98831E-05 9.98831E-05 9.98831E-05 9.98831E-05 9.98831E-05 9.98831E-05 9.98831E-05 9.98831E-05 9.98831E-05 9.98831E-05 9.98831E-05 9.98831E-05 9.98831E-05
0.0364215 0.155163 0.667586 9.9937E-05 9.9937E-05 9.9937E-05 9.9937E-05 0.0186835 9.9937E-05 0.00386308 0.000103602 0.11748 9.9937E-05 9.9937E-05
