9.98831E-05 9.98831E-05 9.98831E-05 9.98831E-05 9.98831E-05 9.98831E-05 0.998702 9.98831E-05 9.98831E-05 9.98831E-05 9.98831E-05 9.98831E-05 9.98831E-05 9.98831E-05
9.9919E-05 0.00526848 9.9919E-05 9.9919E-05 9.9919E-05 9.9919E-05 0.25821 9.9919E-05 9.9919E-05 0.540852 0.0863365 9.9919E-05 9.9919E-05 0.108434
9.9919E-05 9.9919E-05 9.9919E-05 0.0990046 9.9919E-05 0.0129768 0.75818 0.000402344 9.9919E-05 9.9919E-05 9.9919E-05 9.9919E-05 9.9919E-05 0.128537
9.9946E-05 0.0101279 9.9946E-05 0.307344 9.9946E-05 0.0851486 0.381767 0.0364711 0.0515365 9.9946E-05 0.03565 9.9946E-05 9.9946E-05 0.091355
9.98921E-05 9.98921E-05 9.98921E-05 9.98921E-05 9.98921E-05 9.98921E-05 9.98921E-05 9.98921E-05 9.98921E-05 0.91107 9.98921E-05 0.0877317 9.98921E-05 9.98921E-05
0.113158 9.9901E-05 9.9901E-05 9.9901E-05 9.9901E-05 9.9901E-05 0.806576 0.0791679 9.9901E-05 9.9901E-05 9.9901E-05 9.9901E-05 9.9901E-05 9.9901E-05
9.9937E-05 0.00449168 9.9937E-05 9.9937E-05 0.110224 9.9937E-05 0.557012 0.0218292 0.0252093 0.255232 9.9937E-05 9.9937E-05 0.025302 9.9937E-05
9.98831E-05 9.98831E-05 9.98831E-05 9.98831E-05 9.98831E-05 9.98831E-05 9.98831E-05 9.98831E-05 9.98831E-05 0.998702 9.98831E-05 9.98831E-05 9.98831E-05 9.98831E-05
0.0250979 9.9937E-05 9.9937E-05 9.9937E-05 9.9937E-05 9.9937E-05 0.368973 9.9937E-05 9.9937E-05 0.132988 0.00945409 0.0231796 0.0880578 0.351549
0.00817539 0.0433144 0.0411507 9.9955E-05 0.0213838 0.0987338 9.9955E-05 0.0104529 0.125042 0.599255 9.9955E-05 9.9955E-05 0.0519921 9.9955E-05
9.9919E-05 0.0134243 0.0402034 9.9919E-05 9.9919E-05 9.9919E-05 9.9919E-05 0.0670068 9.9919E-05 9.9919E-05 0.81621 0.0622557 9.9919E-05 9.9919E-05
9.98921E-05 9.98921E-05 9.98921E-05 9.98921E-05 9.98921E-05 9.98921E-05 9.98921E-05 9.98921E-05 9.98921E-05 9.98921E-05 9.98921E-05 0.0404268 0.958375 9.98921E-05
9.98831E-05 9.98831E-05 9.98831E-05 9.98831E-05 9.98831E-05 9.98831E-05 9.98831E-05 0.998702 9.98831E-05 9.98831E-05 9.98831E-05 9.98831E-05 9.98831E-05 9.98831E-05
9.991E-05 0.00679034 0.052947 0.00646502 9.991E-05 9.991E-05 9.991E-05 9.991E-05 9.991E-05 9.991E-05 9.991E-05 9.991E-05 0.932799 9.991E-05
9.9937E-05 0.0400111 9.9937E-05 0.108213 9.9937E-05 0.0900539 0.0125566 0.501132 9.9937E-05 9.9937E-05 0.0453405 0.201993 9.9937E-05 9.9937E-05
0.0981082 0.00330021 9.9919E-05 0.184889 9.9919E-05 9.9919E-05 9.9919E-05 0.499817 9.9919E-05 9.9919E-05 0.212987 9.9919E-05 9.9919E-05 9.9919E-05
0.859714 9.991E-05 9.991E-05 9.991E-05 9.991E-05 9.991E-05 9.991E-05 0.0231666 9.991E-05 9.991E-05 0.0375065 0.0786132 9.991E-05 9.991E-05
0.156114 0.0205666 0.0218617 0.340871 9.9955E-05 0.0184213 9.9955E-05 9.9955E-05 0.112879 9.9955E-05 0.0210667 0.228519 9.9955E-05 0.0792019
0.0405901 9.9928E-05 9.9928E-05 0.0666494 0.0526504 9.9928E-05 9.9928E-05 0.424316 9.9928E-05 9.9928E-05 9.9928E-05 0.389607 0.0253877 9.9928E-05
9.9883E-05 9.9883E-05 9.9883E-05 0.998702 9.9883E-05 9.9883E-05 9.9883E-05 9.9883E-05 9.9883E-05 9.9883E-05 9.9883E-05 9.9883E-05 9.9883E-05 9.9883E-05
0.354111 9.9928E-05 9.9928E-05 0.18907 9.9928E-05 9.9928E-05 0.0673942 9.9928E-05 0.15275 9.9928E-05 9.9928E-05 0.0845556 0.15132 9.9928E-05
9.99011E-05 9.99011E-05 9.99011E-05 9.99011E-05 9.99011E-05 0.09651 9.99011E-05 9.99011E-05 9.99011E-05 0.235794 0.666597 9.99011E-05 9.99011E-05 9.99011E-05
9.98831E-05 9.98831E-05 9.98831E-05 9.98831E-05 9.98831E-05 9.98831E-05 9.98831E-05 9.98831E-05 9.98831E-05 9.98831E-05 0.998702 9.98831E-05 9.98831E-05 9.98831E-05
0.998702 9.98831E-05 9.98831E-05 9.98831E-05 9.98831E-05 9.98831E-05 9.98831E-05 9.98831E-05 9.98831E-05 9.98831E-05 9.98831E-05 9.98831E-05 9.98831E-05 9.98831E-05
9.991E-05 0.0134338 9.991E-05 9.991E-05 9.991E-05 0.0768857 9.991E-05 0.829333 0.0793484 9.991E-05 9.991E-05 9.991E-05 9.991E-05 9.991E-05
9.991E-05 9.991E-05 9.991E-05 9.991E-05 9.991E-05 9.991E-05 9.991E-05 0.389066 0.154078 9.991E-05 9.991E-05 9.991E-05 0.408875 0.0469817
0.0207529 9.9919E-05 0.00697425 9.9919E-05 0.0341531 9.9919E-05 9.9919E-05 9.9919E-05 9.9919E-05 9.9919E-05 9.9919E-05 0.826721 9.9919E-05 0.1105
9.9937E-05 0.0121471 9.9937E-05 9.9937E-05 0.00800419 9.9937E-05 0.019058 9.9937E-05 0.107824 0.0351616 0.0806253 0.73648 9.9937E-05 9.9937E-05
9.9919E-05 9.9919E-05 9.9919E-05 9.9919E-05 9.9919E-05 9.9919E-05 0.011904 9.9919E-05 0.0398282 9.9919E-05 9.9919E-05 0.857798 0.0803604 0.00921001
9.98831E-05 9.98831E-05 9.98831E-05 9.98831E-05 9.98831E-05 9.98831E-05 9.98831E-05 9.98831E-05 9.98831E-05 9.98831E-05 9.98831E-05 0.998702 9.98831E-05 9.98831E-05
9.9883E-05 9.9883E-05 9.9883E-05 9.9883E-05 9.9883E-05 9.9883E-05 9.9883E-05 9.9883E-05 9.9883E-05 9.9883E-05 9.9883E-05 9.9883E-05 9.9883E-05 0.998702
9.98831E-05 9.98831E-05 9.98831E-05 9.98831E-05 9.98831E-05 9.98831E-05 9.98831E-05 9.98831E-05 9.98831E-05 9.98831E-05 9.98831E-05 9.98831E-05 9.98831E-05 0.998702
9.99011E-05 9.99011E-05 9.99011E-05 9.99011E-05 9.99011E-05 0.779487 9.99011E-05 9.99011E-05 0.0963001 9.99011E-05 9.99011E-05 0.123114 9.99011E-05 9.99011E-05
0.0694765 9.99011E-05 9.99011E-05 9.99011E-05 0.064452 0.864973 9.99011E-05 9.99011E-05 9.99011E-05 9.99011E-05 9.99011E-05 9.99011E-05 9.99011E-05 9.99011E-05
9.9937E-05 0.0043943 9.9937E-05 0.0320884 9.9937E-05 0.612233 9.9937E-05 9.9937E-05 9.9937E-05 9.9937E-05 0.0500291 0.178228 0.00304521 0.119282
9.99101E-05 9.99101E-05 0.0292882 9.99101E-05 9.99101E-05 0.864195 0.0104175 9.99101E-05 9.99101E-05 9.99101E-05 9.99101E-05 9.99101E-05 9.99101E-05 0.0951004
9.991E-05 9.991E-05 9.991E-05 0.0783031 9.991E-05 0.622658 9.991E-05 9.991E-05 0.0220363 0.276004 9.991E-05 9.991E-05 9.991E-05 9.991E-05
0.0760571 9.9928E-05 9.9928E-05 9.9928E-05 9.9928E-05 0.438139 9.9928E-05 9.9928E-05 0.0406104 9.9928E-05 0.0178082 0.029807 9.9928E-05 0.396778
9.991E-05 0.0292868 9.991E-05 0.00287774 0.0157962 0.95104 9.991E-05 9.991E-05 9.991E-05 9.991E-05 9.991E-05 9.991E-05 9.991E-05 9.991E-05
9.9946E-05 0.0231571 9.9946E-05 0.028023 0.10332 0.477279 0.00527637 0.104822 0.235403 9.9946E-05 9.9946E-05 0.0221206 9.9946E-05 9.9946E-05
0.0500224 0.00102848 9.99101E-05 9.99101E-05 9.99101E-05 0.307183 9.99101E-05 9.99101E-05 9.99101E-05 9.99101E-05 9.99101E-05 9.99101E-05 9.99101E-05 0.640767
9.9946E-05 9.9946E-05 0.0133596 9.9946E-05 0.11013 0.21864 0.0458658 9.9946E-05 0.305289 9.9946E-05 9.9946E-05 0.123747 0.168391 0.0139788
9.99201E-05 9.99201E-05 0.00667707 9.99201E-05 9.99201E-05 0.600936 9.99201E-05 9.99201E-05 0.180901 9.99201E-05 9.99201E-05 0.126525 0.000188836 0.0839725
0.0281944 0.0144064 0.00317815 9.9955E-05 0.0767991 0.729833 9.9955E-05 9.9955E-05 0.0605243 9.9955E-05 0.0284722 0.0229023 0.0351901 9.9955E-05
9.98831E-05 9.98831E-05 0.998702 9.98831E-05 9.98831E-05 9.98831E-05 9.98831E-05 9.98831E-05 9.98831E-05 9.98831E-05 9.98831E-05 9.98831E-05 9.98831E-05 9.98831E-05
9.991E-05 9.991E-05 9.991E-05 9.991E-05 0.662824 9.991E-05 9.991E-05 0.0505919 9.991E-05 9.991E-05 9.991E-05 0.140792 9.991E-05 0.144794
0.0592933 0.0350916 9.99191E-05 9.99191E-05 0.689502 0.132498 9.99191E-05 9.99191E-05 0.0827159 9.99191E-05 9.99191E-05 9.99191E-05 9.99191E-05 9.99191E-05
9.991E-05 9.991E-05 0.00450381 9.991E-05 0.653399 9.991E-05 9.991E-05 9.991E-05 0.224308 9.991E-05 9.991E-05 9.991E-05 9.991E-05 0.11679
9.9937E-05 9.9937E-05 9.9937E-05 9.9937E-05 0.509888 0.121543 0.0211516 9.9937E-05 9.9937E-05 0.0145888 9.9937E-05 0.172209 0.129314 0.0306064
9.9928E-05 9.9928E-05 0.0608163 9.9928E-05 0.1484 0.559835 0.0470438 0.00523229 0.177874 9.9928E-05 9.9928E-05 9.9928E-05 9.9928E-05 9.9928E-05
9.9928E-05 9.9928E-05 0.0267415 0.0240503 0.873392 9.9928E-05 9.9928E-05 9.9928E-05 0.0227248 9.9928E-05 0.0476939 9.9928E-05 9.9928E-05 0.00459798
9.99011E-05 9.99011E-05 9.99011E-05 0.0200375 0.964681 9.99011E-05 0.0141823 9.99011E-05 9.99011E-05 9.99011E-05 9.99011E-05 9.99011E-05 9.99011E-05 9.99011E-05
0.0295792 0.0106821 9.99191E-05 9.99191E-05 0.839786 9.99191E-05 9.99191E-05 9.99191E-05 0.103096 9.99191E-05 9.99191E-05 9.99191E-05 9.99191E-05 0.0159579
0.00132172 9.9937E-05 0.0590485 9.9937E-05 0.804636 0.0403544 9.9937E-05 9.9937E-05 0.0142654 9.9937E-05 0.0672084 9.9937E-05 9.9937E-05 0.0124658
9.9937E-05 9.9937E-05 0.0374981 9.9937E-05 0.839265 0.0458549 9.9937E-05 0.0219929 0.00489295 9.9937E-05 9.9937E-05 9.9937E-05 0.0267591 0.0230372
9.99101E-05 0.0403937 9.99101E-05 9.99101E-05 0.809029 9.99101E-05 9.99101E-05 9.99101E-05 0.126723 9.99101E-05 9.99101E-05 0.0228547 9.99101E-05 9.99101E-05
9.994E-05 0.00499704 9.994E-05 0.0119747 0.119937 9.994E-05 9.994E-05 0.0839171 0.594511 0.0617299 9.994E-05 0.0830448 9.994E-05 0.0392893
0.00766839 9.9937E-05 9.9937E-05 9.9937E-05 0.174027 9.9937E-05 9.9937E-05 0.0204353 0.569989 0.0354308 9.9937E-05 0.168714 9.9937E-05 0.0230351
9.9919E-05 9.9919E-05 9.9919E-05 9.9919E-05 0.00457602 9.9919E-05 0.00427764 9.9919E-05 0.717417 0.0870324 9.9919E-05 0.185797 9.9919E-05 9.9919E-05
9.9946E-05 9.9946E-05 0.00469662 9.9946E-05 0.0104157 0.089364 9.9946E-05 0.0586042 0.638933 0.165621 0.0180347 9.9946E-05 9.9946E-05 0.013731
0.0251387 9.993E-05 0.0620261 0.0133971 0.0828627 9.993E-05 9.993E-05 9.993E-05 0.757077 9.993E-05 9.993E-05 0.0134009 9.993E-05 0.0453975
9.9946E-05 0.10136 9.9946E-05 9.9946E-05 9.9946E-05 0.241276 0.0163024 0.00431421 0.517 9.9946E-05 9.9946E-05 0.016488 0.000716548 0.101943
9.9937E-05 9.9937E-05 0.0273645 9.9937E-05 9.9937E-05 0.0550698 0.0335817 9.9937E-05 0.814744 0.0103203 0.0536592 0.00456142 9.9937E-05 9.9937E-05
9.99012E-05 0.0445297 9.99012E-05 9.99012E-05 9.99012E-05 9.99012E-05 9.99012E-05 9.99012E-05 0.927136 0.0272352 9.99012E-05 9.99012E-05 9.99012E-05 9.99012E-05
9.9937E-05 0.0177264 9.9937E-05 0.00520096 9.9937E-05 0.0590759 9.9937E-05 9.9937E-05 0.813314 9.9937E-05 9.9937E-05 0.00173738 0.0681139 0.0341315
0.00678815 9.99191E-05 0.00546181 9.99191E-05 9.99191E-05 9.99191E-05 9.99191E-05 0.0156792 0.954075 9.99191E-05 9.99191E-05 0.0170964 9.99191E-05 9.99191E-05
9.98921E-05 9.98921E-05 9.98921E-05 9.98921E-05 9.98921E-05 0.00919558 9.98921E-05 9.98921E-05 0.989606 9.98921E-05 9.98921E-05 9.98921E-05 9.98921E-05 9.98921E-05
9.99011E-05 9.99011E-05 9.99011E-05 0.00774288 9.99011E-05 9.99011E-05 9.99011E-05 9.99011E-05 0.988339 9.99011E-05 0.00281872 9.99011E-05 9.99011E-05 9.99011E-05
9.98831E-05 9.98831E-05 9.98831E-05 9.98831E-05 9.98831E-05 9.98831E-05 9.98831E-05 9.98831E-05 0.998702 9.98831E-05 9.98831E-05 9.98831E-05 9.98831E-05 9.98831E-05
9.98921E-05 9.98921E-05 9.98921E-05 9.98921E-05 9.98921E-05 9.98921E-05 9.98921E-05 9.98921E-05 0.995559 9.98921E-05 0.00324193 9.98921E-05 9.98921E-05 9.98921E-05
0.0788346 0.00076458 9.99191E-05 9.99191E-05 9.99191E-05 0.00921033 9.99191E-05 9.99191E-05 0.90428 9.99191E-05 9.99191E-05 9.99191E-05 9.99191E-05 0.0060115
9.99281E-05 0.00988483 9.99281E-05 9.99281E-05 9.99281E-05 0.00493986 9.99281E-05 9.99281E-05 0.47903 0.0714172 9.99281E-05 9.99281E-05 0.0894203 0.344509
9.99011E-05 9.99011E-05 0.0584839 9.99011E-05 9.99011E-05 9.99011E-05 9.99011E-05 9.99011E-05 0.927839 0.0125776 9.99011E-05 9.99011E-05 9.99011E-05 9.99011E-05
0.00811766 0.069449 0.123195 9.9964E-05 0.0582757 0.110139 0.0194116 9.9964E-05 0.527708 9.9964E-05 9.9964E-05 0.0148964 0.0359979 0.0324102
9.9964E-05 0.57302 0.022989 9.9964E-05 0.0586979 0.0320831 9.9964E-05 0.00302814 0.22984 9.9964E-05 0.0367986 0.0112071 0.0272967 0.00463954
9.98831E-05 0.998702 9.98831E-05 9.98831E-05 9.98831E-05 9.98831E-05 9.98831E-05 9.98831E-05 9.98831E-05 9.98831E-05 9.98831E-05 9.98831E-05 9.98831E-05 9.98831E-05
0.00661122 0.0581861 9.9946E-05 9.9946E-05 0.0153554 0.213749 0.0705239 0.0392094 0.572818 9.9946E-05 9.9946E-05 0.0229476 9.9946E-05 9.9946E-05
