9.998E-05 0.9997 9.998E-05 9.998E-05
9.9982E-05 0.899427 9.9982E-05 0.100374
0.127711 0.866278 9.9991E-05 0.00591102
0.170916 0.592349 0.151277 0.0854592
0.223406 0.715903 0.0491554 0.0115364
9.9982E-05 0.852916 0.146884 9.9982E-05
0.020731 0.843992 0.0590589 0.076218
0.0426862 0.868772 0.088442 9.9991E-05
0.248295 0.638724 0.10871 0.00427121
0.0601589 0.646587 9.9991E-05 0.293155
0.0316578 0.011396 0.949787 0.00715879
9.998E-05 9.998E-05 0.9997 9.998E-05
9.9982E-05 0.0939265 0.905874 9.9982E-05
0.0825849 0.0123674 0.882069 0.0229783
0.0364784 0.0483408 0.779288 0.135893
9.9982E-05 0.00118984 0.99861 9.9982E-05
9.998E-05 9.998E-05 0.9997 9.998E-05
0.149341 9.9991E-05 0.705305 0.145254
0.127846 9.9991E-05 0.817829 0.0542251
0.0333778 0.074367 0.892155 9.9991E-05
0.0172519 0.129335 0.706646 0.146767
0.0591624 0.258056 0.63839 0.0443915
9.998E-05 9.998E-05 0.9997 9.998E-05
9.9982E-05 9.9982E-05 0.927008 0.0727919
9.9982E-05 9.9982E-05 0.83353 0.16627
0.127611 0.047623 0.746065 0.0787013
0.448573 9.9982E-05 0.551227 9.9982E-05
0.214469 0.0505518 0.495182 0.239797
0.141478 0.0102635 0.551684 0.296575
0.0155938 9.9991E-05 0.648338 0.335969
0.86282 0.0252259 9.9991E-05 0.111854
0.625381 0.169274 0.0384874 0.166857
0.821612 9.9991E-05 0.099164 0.0791241
0.950671 0.017385 0.0318443 9.9991E-05
0.601479 9.9991E-05 0.391762 0.00665963
0.825658 0.0766922 0.0685816 0.0290679
0.604878 0.269869 0.125153 9.9991E-05
0.642406 0.0461038 0.159936 0.151554
0.895785 0.0184375 0.0856779 9.9991E-05
0.473261 0.0487803 0.204524 0.273435
0.882649 0.0964038 9.9991E-05 0.0208469
0.528781 0.107886 0.191328 0.172005
0.787332 0.0172761 0.127079 0.0683132
0.867822 0.000935138 0.131143 9.9991E-05
0.921511 9.9991E-05 0.0593681 0.019021
0.889864 0.00476407 0.0438239 0.0615477
0.819281 9.9982E-05 9.9982E-05 0.180519
0.921042 9.9982E-05 9.9982E-05 0.0787576
0.78906 0.151235 0.0596049 9.9991E-05
0.882757 0.0724743 9.9991E-05 0.044669
0.871935 9.9982E-05 9.9982E-05 0.127865
0.9997 9.998E-05 9.998E-05 9.998E-05
0.832502 9.9982E-05 9.9982E-05 0.167298
0.928235 9.9991E-05 0.0180044 0.0536606
0.9997 9.998E-05 9.998E-05 9.998E-05
0.703827 9.9982E-05 9.9982E-05 0.295973
0.366407 0.0447395 9.9991E-05 0.588753
0.360891 0.0205261 0.175524 0.443059
0.363749 0.0413024 9.9991E-05 0.594848
0.246948 0.144091 0.0330863 0.575875
0.238946 0.0222147 0.0424917 0.696348
0.309123 0.0646249 9.9991E-05 0.626152
0.290641 0.00997007 0.0566702 0.642719
9.998E-05 9.998E-05 9.998E-05 0.9997
0.177503 9.9991E-05 0.0506802 0.771717
9.9982E-05 0.000461638 9.9982E-05 0.999338
9.9982E-05 9.9982E-05 0.00139606 0.998404
9.9982E-05 9.9982E-05 0.0290196 0.97078
9.998E-05 9.998E-05 9.998E-05 0.9997
0.0968618 9.9982E-05 9.9982E-05 0.902938
0.127983 9.9982E-05 9.9982E-05 0.871817
0.220415 0.081629 9.9991E-05 0.697856
0.130457 0.000856134 9.9991E-05 0.868587
0.342143 0.00777792 0.0257958 0.624283
9.9982E-05 9.9982E-05 0.00784398 0.991956
9.998E-05 9.998E-05 9.998E-05 0.9997
0.39737 0.0327422 0.0529327 0.516955
