0.9994 9.995E-05 9.995E-05 9.995E-05 9.995E-05 9.995E-05 9.995E-05
0.370053 9.9973E-05 0.464799 0.125674 9.9973E-05 9.9973E-05 0.0391738
0.367015 9.9973E-05 0.489234 0.0428998 9.9973E-05 9.9973E-05 0.100551
0.284366 9.99551E-05 0.715135 9.99551E-05 9.99551E-05 9.99551E-05 9.99551E-05
0.197752 9.9964E-05 0.759084 9.9964E-05 9.9964E-05 0.0427647 9.9964E-05
0.220517 9.9964E-05 0.766107 9.9964E-05 9.9964E-05 9.9964E-05 0.0129758
0.328561 9.9955E-05 0.670939 9.9955E-05 9.9955E-05 9.9955E-05 9.9955E-05
0.343222 9.9973E-05 0.575322 0.0161477 9.9973E-05 9.9973E-05 0.0650085
0.247983 9.9973E-05 0.69632 0.0372297 9.9973E-05 9.9973E-05 0.0181676
0.9994 9.995E-05 9.995E-05 9.995E-05 9.995E-05 9.995E-05 9.995E-05
0.9994 9.995E-05 9.995E-05 9.995E-05 9.995E-05 9.995E-05 9.995E-05
0.9994 9.995E-05 9.995E-05 9.995E-05 9.995E-05 9.995E-05 9.995E-05
0.9994 9.995E-05 9.995E-05 9.995E-05 9.995E-05 9.995E-05 9.995E-05
0.918102 9.9964E-05 9.9964E-05 9.9964E-05 0.0190065 0.0624921 9.9964E-05
0.971539 9.9955E-05 9.9955E-05 9.9955E-05 9.9955E-05 0.027961 9.9955E-05
0.245813 0.0580091 0.682496 0.0058285 0.00765295 9.9982E-05 9.9982E-05
0.289788 9.9982E-05 0.534436 0.0284166 9.9982E-05 0.112014 0.0351448
0.237212 9.99551E-05 0.762288 9.99551E-05 9.99551E-05 9.99551E-05 9.99551E-05
0.00590591 9.99551E-05 0.993594 9.99551E-05 9.99551E-05 9.99551E-05 9.99551E-05
9.99551E-05 9.99551E-05 0.984423 9.99551E-05 9.99551E-05 0.0150769 9.99551E-05
0.0984499 9.9964E-05 0.89707 9.9964E-05 0.00408045 9.9964E-05 9.9964E-05
0.0527142 9.9973E-05 0.863115 9.9973E-05 9.9973E-05 0.0610982 0.0227728
0.0454588 9.9982E-05 0.928229 9.9982E-05 0.012422 0.00531582 0.0083743
0.0962456 9.9964E-05 0.897813 9.9964E-05 9.9964E-05 0.00554138 9.9964E-05
0.0338119 9.99551E-05 0.965688 9.99551E-05 9.99551E-05 9.99551E-05 9.99551E-05
0.020004 0.046474 0.890719 9.9973E-05 0.0425028 9.9973E-05 9.9973E-05
0.0361172 9.9982E-05 0.833725 9.9982E-05 0.0761415 0.01173 0.0420861
0.0448638 9.99551E-05 0.954636 9.99551E-05 9.99551E-05 9.99551E-05 9.99551E-05
0.0787393 9.9964E-05 0.888242 9.9964E-05 9.9964E-05 0.0326186 9.9964E-05
0.130839 9.9955E-05 0.868661 9.9955E-05 9.9955E-05 9.9955E-05 9.9955E-05
0.105561 9.99641E-05 0.866032 9.99641E-05 9.99641E-05 0.0280076 9.99641E-05
0.0337425 0.0373311 0.917328 9.9973E-05 0.0112985 9.9973E-05 9.9973E-05
0.0407878 9.9982E-05 0.865425 9.9982E-05 0.00931634 0.0430809 0.0411898
0.103475 0.0749891 0.73522 0.0169729 9.9991E-05 0.0187738 0.0504697
0.0532988 9.9964E-05 0.857426 9.9964E-05 9.9964E-05 0.0888751 9.9964E-05
0.124941 9.9955E-05 0.874559 9.9955E-05 9.9955E-05 9.9955E-05 9.9955E-05
9.9964E-05 9.9964E-05 0.943213 9.9964E-05 9.9964E-05 0.0402354 0.0161513
0.0391956 9.9991E-05 0.782636 0.0250615 0.0575863 0.0625023 0.0329183
0.0381813 9.9991E-05 0.786072 0.0263274 0.0908252 0.0118587 0.0466359
0.0317106 0.010456 0.839848 0.0118714 0.0510253 0.0549891 9.9991E-05
9.9982E-05 0.137586 0.769054 0.0474782 0.0163141 9.9982E-05 0.029368
9.9982E-05 0.145338 0.699659 0.0737851 0.0286771 9.9982E-05 0.0523409
0.0564269 0.0934796 0.73495 0.0591015 9.9982E-05 9.9982E-05 0.0558417
9.9982E-05 0.105109 0.794391 0.0326223 0.0202263 9.9982E-05 0.0474513
9.9982E-05 0.044294 0.791596 0.00906234 0.0633575 9.9982E-05 0.0914904
9.9964E-05 9.9964E-05 0.896842 9.9964E-05 0.0474791 9.9964E-05 0.0552791
9.9973E-05 0.0383029 0.887782 9.9973E-05 0.0561022 9.9973E-05 0.0175133
9.9982E-05 0.0212246 0.905283 9.9982E-05 0.00650203 0.00391518 0.0628756
0.0663629 0.103378 0.688028 9.9991E-05 0.0730531 0.00733734 0.0617403
0.120853 0.0728459 0.756868 0.0280256 0.0212072 9.9982E-05 9.9982E-05
9.9982E-05 0.00870116 0.819091 0.0259345 0.0720487 9.9982E-05 0.0740249
9.9982E-05 0.0434288 0.813834 9.9982E-05 0.0474927 0.0134764 0.0815681
9.9982E-05 0.0580401 0.822225 9.9982E-05 0.0496237 0.00288539 0.0670253
0.0369371 0.0509113 0.688769 0.0470142 0.0637143 0.0746856 0.0379683
0.043946 0.0903978 0.672705 0.0753162 0.0565378 0.0600644 0.00103282
9.9991E-05 0.0999727 0.707347 0.0538675 0.0149081 0.00086127 0.122944
0.0877169 0.0937133 0.562967 0.0495394 0.0949558 0.0152677 0.0958403
9.9991E-05 0.0672745 0.75099 0.0219504 0.130498 0.0165493 0.0126381
9.9964E-05 9.9964E-05 0.937665 9.9964E-05 0.0255531 9.9964E-05 0.0363823
0.0300974 0.00621685 0.80641 0.0234661 0.0849015 9.9991E-05 0.0488083
9.9982E-05 0.0728188 0.79216 9.9982E-05 0.105022 0.0189479 0.0108515
0.00093547 0.167814 0.726666 0.0386792 0.0238922 0.0419135 9.9991E-05
9.9991E-05 0.0496702 0.712892 0.0553424 0.0571895 0.0579612 0.0668445
9.9991E-05 0.13008 0.58713 0.0274173 0.0909573 0.0945404 0.0697754
9.9982E-05 0.115179 0.83225 0.0277885 0.0231814 0.00140106 9.9982E-05
9.9991E-05 0.0748595 0.704695 0.0244729 0.022246 0.0920156 0.0816115
9.9982E-05 0.131451 0.696626 0.0965395 0.0574839 9.9982E-05 0.0176988
0.00619754 0.124305 0.57182 0.0989966 0.00557004 0.107698 0.0854129
9.9982E-05 0.0372943 0.856549 0.0336574 0.0674824 9.9982E-05 0.00481647
9.9982E-05 0.132377 0.710653 0.00281323 9.9982E-05 0.0654736 0.0884835
0.0263891 0.094495 0.747331 0.0645566 9.9982E-05 9.9982E-05 0.0670279
9.9991E-05 0.120646 0.686577 0.0843051 0.00237443 0.0378621 0.0681349
0.0462642 9.9991E-05 0.798549 0.0172936 0.0581965 0.0112516 0.0683455
0.00928897 0.0534052 0.772891 9.9982E-05 0.105636 9.9982E-05 0.0585793
0.0380028 0.165557 0.570637 0.0131188 0.0265747 0.124186 0.0619243
9.9991E-05 0.0648268 0.724463 0.0297557 0.126255 0.0354559 0.0191439
9.9991E-05 0.0442929 0.732245 0.0573525 0.040611 0.0531599 0.0722387
9.9982E-05 0.0712012 0.615784 0.14435 9.9982E-05 0.14552 0.0229454
9.9991E-05 0.160959 0.433399 0.171064 0.0967939 0.122644 0.0150401
9.9991E-05 0.165248 0.400276 0.12811 0.0826191 0.137955 0.0856921
0.00740805 0.190648 0.407342 0.0770129 0.122656 0.109289 0.085645
9.9991E-05 0.152422 0.426158 0.162521 0.0844848 0.121991 0.0523228
9.9991E-05 0.15848 0.498119 0.127869 0.0509831 0.10473 0.059719
0.00301758 0.15973 0.577686 0.168663 0.0907038 9.9982E-05 9.9982E-05
9.9991E-05 0.096757 0.507232 0.238654 0.0452633 0.0668752 0.0451193
9.9991E-05 0.136151 0.447081 0.19245 0.080255 0.029269 0.114694
0.0402066 0.122275 0.539016 0.103131 0.0645851 0.0440094 0.0867769
9.9982E-05 0.178017 0.561696 0.138857 0.0813273 9.9982E-05 0.0399031
9.9991E-05 0.15354 0.497591 0.164237 0.0842927 0.0507778 0.0494623
0.00796971 0.193655 0.404019 0.133736 0.137818 0.0249816 0.097821
0.0329119 0.110903 0.509839 0.110394 9.9991E-05 0.176116 0.0597352
0.0192319 0.135136 0.493774 0.107876 9.9991E-05 0.195672 0.0482107
0.0129105 0.0839517 0.35756 0.203855 0.208356 0.0221551 0.111212
9.995E-05 9.995E-05 9.995E-05 0.9994 9.995E-05 9.995E-05 9.995E-05
0.00916133 9.9982E-05 0.0302827 0.944971 9.9982E-05 0.010302 0.00508265
0.0162416 9.9973E-05 0.071137 0.879475 9.9973E-05 0.0328467 9.9973E-05
9.995E-05 9.995E-05 9.995E-05 0.9994 9.995E-05 9.995E-05 9.995E-05
9.995E-05 9.995E-05 9.995E-05 0.9994 9.995E-05 9.995E-05 9.995E-05
9.995E-05 9.995E-05 9.995E-05 0.9994 9.995E-05 9.995E-05 9.995E-05
9.995E-05 9.995E-05 9.995E-05 0.9994 9.995E-05 9.995E-05 9.995E-05
9.9973E-05 9.9973E-05 0.0463097 0.879358 9.9973E-05 0.0642182 0.00981399
9.995E-05 9.995E-05 9.995E-05 0.9994 9.995E-05 9.995E-05 9.995E-05
9.995E-05 9.995E-05 9.995E-05 0.9994 9.995E-05 9.995E-05 9.995E-05
9.9991E-05 0.319712 0.252266 0.102899 0.107153 0.123295 0.0945756
0.00646972 9.9982E-05 0.0256757 0.899842 0.0580771 0.0097353 9.9982E-05
9.995E-05 9.995E-05 9.995E-05 0.9994 9.995E-05 9.995E-05 9.995E-05
9.9955E-05 9.9955E-05 9.9955E-05 0.996878 9.9955E-05 9.9955E-05 0.00262239
0.0145689 0.268952 0.273746 0.162256 0.143377 0.0863355 0.0507651
9.9991E-05 0.28347 0.318487 0.126788 0.124713 0.0671885 0.0792537
9.9991E-05 0.236564 0.317619 0.131341 0.116308 0.106198 0.0918701
9.9991E-05 0.274549 0.263504 0.179124 0.11647 0.0749272 0.0913253
9.9991E-05 0.290349 0.27311 0.16028 0.108703 0.116775 0.0506835
9.9991E-05 0.232436 0.393699 0.0740801 0.100177 0.161137 0.0383721
9.9991E-05 0.195903 0.351295 0.164757 0.107614 0.131135 0.0491962
9.9991E-05 0.277295 0.326581 0.156471 0.0772987 0.147082 0.0151724
9.9991E-05 0.164096 0.274269 0.217018 0.065663 0.198688 0.0801657
9.9991E-05 0.200023 0.301953 0.198486 0.0614154 0.169092 0.0689302
9.9991E-05 0.18106 0.413415 0.153789 0.0539982 0.103859 0.0937789
9.9991E-05 0.154122 0.322228 0.193442 0.0709977 0.190964 0.068146
9.9991E-05 0.239575 0.337704 0.0925548 0.100878 0.149005 0.0801845
9.9991E-05 0.276355 0.330304 0.148778 0.0647399 0.122779 0.0569438
9.995E-05 9.995E-05 9.995E-05 9.995E-05 9.995E-05 9.995E-05 0.9994
9.9991E-05 0.19022 0.317729 0.189188 0.100453 0.102812 0.0994986
9.995E-05 9.995E-05 9.995E-05 9.995E-05 9.995E-05 9.995E-05 0.9994
9.995E-05 9.995E-05 9.995E-05 9.995E-05 9.995E-05 9.995E-05 0.9994
0.0172823 0.0188887 9.9982E-05 9.9982E-05 0.00779288 0.0368132 0.919023
0.0249087 0.0490722 0.105628 9.9973E-05 9.9973E-05 9.9973E-05 0.820091
9.995E-05 9.995E-05 9.995E-05 9.995E-05 9.995E-05 9.995E-05 0.9994
9.9973E-05 9.9973E-05 0.11256 0.00238963 9.9973E-05 0.0161 0.86865
9.9955E-05 9.9955E-05 9.9955E-05 9.9955E-05 9.9955E-05 0.0212893 0.978211
9.9955E-05 9.9955E-05 9.9955E-05 9.9955E-05 0.0386967 9.9955E-05 0.960803
9.995E-05 9.995E-05 9.995E-05 9.995E-05 9.995E-05 9.995E-05 0.9994
9.9964E-05 9.9964E-05 9.9964E-05 9.9964E-05 0.0400238 0.00958304 0.949993
0.00306327 0.0308106 0.00267986 9.9982E-05 9.9982E-05 0.00927472 0.953972
9.9982E-05 0.0484861 0.0101197 0.0527284 0.0249011 9.9982E-05 0.863565
0.0197329 9.9973E-05 9.9973E-05 9.9973E-05 0.0169908 0.0062258 0.956751
0.0029408 0.0270647 0.0606345 0.0214663 9.9991E-05 0.0160947 0.871699
0.0103979 0.0175691 0.0195822 9.9991E-05 0.0464509 0.0488758 0.857024
9.9982E-05 9.9982E-05 0.0167464 0.0212021 0.0200434 0.0386191 0.903189
9.9973E-05 0.0246122 0.0173993 9.9973E-05 9.9973E-05 0.00247184 0.955217
9.9973E-05 0.934506 9.9973E-05 9.9973E-05 0.031821 0.016157 0.0172157
0.0204267 0.833356 9.9982E-05 0.0417925 0.0786207 0.0256036 9.9982E-05
9.995E-05 0.9994 9.995E-05 9.995E-05 9.995E-05 9.995E-05 9.995E-05
9.9955E-05 0.997401 9.9955E-05 9.9955E-05 0.00209912 9.9955E-05 9.9955E-05
9.9955E-05 0.994792 9.9955E-05 9.9955E-05 0.00470861 9.9955E-05 9.9955E-05
9.995E-05 0.9994 9.995E-05 9.995E-05 9.995E-05 9.995E-05 9.995E-05
9.995E-05 0.9994 9.995E-05 9.995E-05 9.995E-05 9.995E-05 9.995E-05
0.0258193 0.778571 0.0720388 9.9973E-05 9.9973E-05 0.123271 9.9973E-05
9.995E-05 0.9994 9.995E-05 9.995E-05 9.995E-05 9.995E-05 9.995E-05
9.995E-05 0.9994 9.995E-05 9.995E-05 9.995E-05 9.995E-05 9.995E-05
0.0108562 0.912925 9.9973E-05 0.0104692 9.9973E-05 0.0654493 9.9973E-05
9.995E-05 0.9994 9.995E-05 9.995E-05 9.995E-05 9.995E-05 9.995E-05
9.9982E-05 0.826034 0.0119653 9.9982E-05 0.0108672 0.0170672 0.133867
0.0292158 0.113376 0.249515 0.0854197 0.316148 0.1424 0.0639258
0.0183625 0.0948093 0.328915 0.127622 0.273301 0.133833 0.0231582
0.0200649 0.0233044 0.305931 0.144573 0.281503 0.126806 0.097818
0.0384583 0.0361269 0.3472 0.101803 0.278771 0.144732 0.0529093
0.00247881 0.0194876 0.0214987 9.9982E-05 0.0202163 0.936119 9.9982E-05
9.995E-05 9.995E-05 9.995E-05 9.995E-05 9.995E-05 0.9994 9.995E-05
9.9955E-05 9.9955E-05 9.9955E-05 0.00779208 9.9955E-05 0.991708 9.9955E-05
9.995E-05 9.995E-05 9.995E-05 9.995E-05 9.995E-05 0.9994 9.995E-05
9.9964E-05 9.9964E-05 9.9964E-05 0.00660469 9.9964E-05 0.990119 0.00287633
9.9973E-05 9.9973E-05 9.9973E-05 0.00994418 0.0101702 0.979115 0.000470854
0.0014938 0.00856339 0.00816403 9.9991E-05 0.0191507 0.959817 0.00271092
0.00844159 0.0316818 0.0756288 9.9991E-05 0.0457453 0.749593 0.0888094
0.0128243 9.9973E-05 0.100197 9.9973E-05 9.9973E-05 0.874487 0.012191
9.995E-05 9.995E-05 9.995E-05 9.995E-05 0.9994 9.995E-05 9.995E-05
9.995E-05 9.995E-05 9.995E-05 9.995E-05 0.9994 9.995E-05 9.995E-05
9.995E-05 9.995E-05 9.995E-05 9.995E-05 0.9994 9.995E-05 9.995E-05
9.995E-05 9.995E-05 9.995E-05 9.995E-05 0.9994 9.995E-05 9.995E-05
9.995E-05 9.995E-05 9.995E-05 9.995E-05 0.9994 9.995E-05 9.995E-05
0.00291863 9.9982E-05 0.0795268 9.9982E-05 0.830478 0.0624359 0.0244403
9.995E-05 9.995E-05 9.995E-05 9.995E-05 0.9994 9.995E-05 9.995E-05
9.995E-05 9.995E-05 9.995E-05 9.995E-05 0.9994 9.995E-05 9.995E-05
9.995E-05 9.995E-05 9.995E-05 9.995E-05 0.9994 9.995E-05 9.995E-05
0.0261315 0.014909 9.9973E-05 0.0296183 0.929041 9.9973E-05 9.9973E-05
9.995E-05 9.995E-05 9.995E-05 9.995E-05 0.9994 9.995E-05 9.995E-05
9.9964E-05 0.00969667 9.9964E-05 9.9964E-05 0.970923 0.0189809 9.9964E-05
