9.995E-05 9.995E-05 9.995E-05 9.995E-05 9.995E-05 9.995E-05 0.9994
0.473441 9.9973E-05 0.0844461 9.9973E-05 9.9973E-05 0.0761514 0.365662
0.446596 9.9973E-05 0.0711333 9.9973E-05 9.9973E-05 0.120167 0.361804
0.70762 9.99551E-05 9.99551E-05 9.99551E-05 9.99551E-05 9.99551E-05 0.29188
0.762658 0.0147541 9.9973E-05 9.9973E-05 0.0676844 9.9973E-05 0.154603
0.793309 9.9964E-05 9.9964E-05 9.9964E-05 9.9964E-05 0.00354798 0.202743
0.637718 9.9955E-05 9.9955E-05 9.9955E-05 9.9955E-05 9.9955E-05 0.361782
0.581841 9.9973E-05 0.000370153 9.9973E-05 9.9973E-05 0.0660879 0.351401
0.673624 9.9982E-05 0.000199292 9.9982E-05 0.00937327 0.0534365 0.263167
9.995E-05 9.995E-05 9.995E-05 9.995E-05 9.995E-05 9.995E-05 0.9994
9.995E-05 9.995E-05 9.995E-05 9.995E-05 9.995E-05 9.995E-05 0.9994
9.995E-05 9.995E-05 9.995E-05 9.995E-05 9.995E-05 9.995E-05 0.9994
9.995E-05 9.995E-05 9.995E-05 9.995E-05 9.995E-05 9.995E-05 0.9994
9.9964E-05 0.061415 9.9964E-05 9.9964E-05 9.9964E-05 0.0051121 0.933073
9.9955E-05 0.0240356 9.9955E-05 9.9955E-05 9.9955E-05 9.9955E-05 0.975465
0.730254 9.9973E-05 9.9973E-05 9.9973E-05 0.0548549 0.024299 0.190292
0.456193 0.0496932 0.0422046 0.0647391 0.0280672 0.104816 0.254287
0.753991 9.99551E-05 9.99551E-05 9.99551E-05 9.99551E-05 9.99551E-05 0.245509
0.961615 0.0159372 9.9964E-05 9.9964E-05 9.9964E-05 9.9964E-05 0.0220476
0.937699 0.0463361 9.99641E-05 9.99641E-05 9.99641E-05 9.99641E-05 0.0155653
0.870295 9.9964E-05 9.9964E-05 9.9964E-05 0.0018032 9.9964E-05 0.127502
0.891511 0.0617264 9.9973E-05 9.9973E-05 9.9973E-05 0.0183426 0.0281204
0.854119 0.102562 9.9964E-05 9.9964E-05 9.9964E-05 9.9964E-05 0.0429184
0.922681 9.9955E-05 9.9955E-05 9.9955E-05 9.9955E-05 9.9955E-05 0.0768187
0.961224 9.99551E-05 9.99551E-05 9.99551E-05 9.99551E-05 9.99551E-05 0.0382761
0.89559 9.9973E-05 9.9973E-05 0.0670382 0.0130491 9.9973E-05 0.0240227
0.81861 0.0279547 9.9982E-05 9.9982E-05 0.0647896 0.0388927 0.049553
0.957393 9.99551E-05 9.99551E-05 9.99551E-05 9.99551E-05 9.99551E-05 0.0421073
0.861558 0.020034 0.00558625 0.00986178 0.00355122 9.9991E-05 0.0993085
0.890408 9.9955E-05 9.9955E-05 9.9955E-05 9.9955E-05 9.9955E-05 0.109092
0.898001 0.0170085 9.99641E-05 9.99641E-05 9.99641E-05 9.99641E-05 0.0845909
0.862628 9.9973E-05 9.9973E-05 0.0185109 0.04903 9.9973E-05 0.0695315
0.894549 9.9982E-05 0.0181076 9.9982E-05 0.00556907 0.0271058 0.0544689
0.767113 9.9982E-05 0.00105941 0.0783513 9.9982E-05 0.0748008 0.0784756
0.79435 0.158604 9.9964E-05 9.9964E-05 9.9964E-05 9.9964E-05 0.0466469
0.883446 9.9955E-05 9.9955E-05 9.9955E-05 9.9955E-05 9.9955E-05 0.116054
0.919246 0.0802545 9.9955E-05 9.9955E-05 9.9955E-05 9.9955E-05 9.9955E-05
0.789916 0.0845804 0.0277928 9.9991E-05 0.0606567 0.0194833 0.017471
0.809327 9.9982E-05 0.0588212 9.9982E-05 0.0759083 0.0453396 0.0104039
0.823609 0.0704691 0.0255237 0.0327801 0.0366374 9.9991E-05 0.0108808
0.671101 9.9982E-05 0.103801 0.142966 0.0202564 0.0616763 9.9982E-05
0.661552 0.0795196 0.0723652 0.102133 0.0451368 0.0391932 9.9991E-05
0.735811 0.0118454 0.0463595 0.113782 9.9991E-05 0.0603675 0.0317349
0.766911 9.9982E-05 0.0495185 0.0834475 0.0370727 0.06285 9.9982E-05
0.754177 0.0532578 9.9982E-05 0.0708125 0.054552 0.067001 9.9982E-05
0.886512 9.9964E-05 9.9964E-05 9.9964E-05 0.0554269 0.0576617 9.9964E-05
0.862253 9.9973E-05 9.9973E-05 0.020556 0.0748979 0.0419931 9.9973E-05
0.849227 0.0355237 9.9982E-05 0.051759 0.0142923 0.0489979 9.9982E-05
0.610482 0.00670499 9.9991E-05 0.121812 0.0999477 0.0884857 0.0724676
0.779928 0.00155023 0.0250873 0.0597135 9.9991E-05 0.0298552 0.103766
0.781883 9.9991E-05 0.0261677 0.00655805 0.0922658 0.0768833 0.0161422
0.783372 0.00810727 9.9982E-05 0.0762198 0.0403788 0.0917217 9.9982E-05
0.838006 9.9973E-05 9.9973E-05 0.0262412 0.0597024 0.0757509 9.9973E-05
0.676565 0.0793739 0.0298194 0.129214 0.036315 0.00443454 0.044278
0.679649 0.0487143 0.0497907 0.103243 0.0393417 0.0114651 0.0677964
0.732321 9.9982E-05 0.0320088 0.115359 0.00138906 0.118722 9.9982E-05
0.601071 0.00266107 0.0464235 0.0800754 0.110605 0.0930055 0.0661588
0.787403 0.0208117 0.0512497 0.0428702 0.0974659 9.9982E-05 9.9982E-05
0.884467 9.9964E-05 9.9964E-05 9.9964E-05 0.0524787 0.0626544 9.9964E-05
0.724498 0.0108047 0.0730925 0.0318926 0.090951 0.046414 0.0223472
0.735043 0.039201 0.00875097 0.127452 0.0893531 9.9982E-05 9.9982E-05
0.80221 9.9973E-05 0.0543413 0.117663 0.0254858 9.9973E-05 9.9973E-05
0.677794 0.0310038 0.0715126 0.0698661 0.0692358 0.0804874 9.9991E-05
0.618815 0.128635 0.0232509 0.0996201 0.0833297 0.0462495 9.9991E-05
0.8062 9.9982E-05 0.00439377 0.12135 0.0565717 9.9982E-05 0.0112851
0.654952 0.105864 0.0198928 0.0953422 0.0238335 0.100015 9.9991E-05
0.711538 0.0124656 0.105962 0.0918707 0.0550529 0.0230114 9.9991E-05
0.560716 0.118823 0.0418565 0.149446 0.0293991 0.0996592 9.9991E-05
0.845093 9.9973E-05 9.9973E-05 0.034788 0.0617159 0.0581034 9.9973E-05
0.619428 0.0659943 0.0333361 0.156817 9.9982E-05 0.124225 9.9982E-05
0.706745 0.010975 0.0980772 0.10557 9.9991E-05 0.059025 0.0195082
0.632367 0.0414867 0.0902631 0.135061 0.0344956 0.0662266 9.9991E-05
0.752361 0.0202017 9.9991E-05 0.0430928 0.0880365 0.0415302 0.054678
0.776035 9.9991E-05 0.00179389 0.0755471 0.11282 0.0331621 0.000541568
0.614231 0.0482814 0.00751381 0.183538 0.0798967 0.0472705 0.0192685
0.69163 0.0511537 0.0366069 0.0665753 0.143182 0.0107527 9.9991E-05
0.715334 0.0193695 0.0776517 0.0768114 0.00743853 0.103295 9.9991E-05
0.607389 0.161275 0.153766 0.0606156 9.9982E-05 0.016754 9.9982E-05
0.405122 0.145306 0.136403 0.19652 0.046426 0.0701234 9.9991E-05
0.387733 0.122222 0.130408 0.188653 0.0906479 0.0802358 9.9991E-05
0.479688 0.0805453 0.100888 0.189995 0.082545 0.0662385 9.9991E-05
0.450517 0.113366 0.148718 0.177219 0.0607456 0.0493352 9.9991E-05
0.514776 0.105719 0.107361 0.162359 0.0615455 0.0481396 9.9991E-05
0.57194 0.0108566 0.118803 0.198623 0.0605624 0.0391158 9.9991E-05
0.514342 0.0886937 0.212943 0.0970985 0.0129899 0.0738329 9.9991E-05
0.506924 0.00916266 0.199494 0.113002 0.055942 0.115375 9.9991E-05
0.518018 0.043818 0.101365 0.147219 0.0513623 0.0913936 0.0468243
0.544667 9.9982E-05 0.170941 0.218299 0.0527211 0.0131718 9.9982E-05
0.432013 0.0522176 0.169942 0.122871 0.140367 0.0824898 9.9991E-05
0.363915 0.0254268 0.132994 0.167212 0.192086 0.118266 9.9991E-05
0.497849 0.196876 0.126325 0.0972001 9.9991E-05 0.0753301 0.00632
0.494481 0.168307 0.110511 0.116626 9.9991E-05 0.0870932 0.0228814
0.353553 0.0267855 0.190558 0.12255 0.186969 0.106438 0.0131478
9.995E-05 9.995E-05 0.9994 9.995E-05 9.995E-05 9.995E-05 9.995E-05
9.9973E-05 9.9973E-05 0.967679 0.00596005 9.9973E-05 0.00679306 0.0192677
0.083159 0.0383925 0.870677 9.9973E-05 9.9973E-05 9.9973E-05 0.00747186
9.995E-05 9.995E-05 0.9994 9.995E-05 9.995E-05 9.995E-05 9.995E-05
9.995E-05 9.995E-05 0.9994 9.995E-05 9.995E-05 9.995E-05 9.995E-05
9.995E-05 9.995E-05 0.9994 9.995E-05 9.995E-05 9.995E-05 9.995E-05
9.995E-05 9.995E-05 0.9994 9.995E-05 9.995E-05 9.995E-05 9.995E-05
9.9973E-05 9.9973E-05 0.95742 0.000143007 9.9973E-05 0.00643495 0.0357017
9.9955E-05 9.9955E-05 0.983424 9.9955E-05 0.0160767 9.9955E-05 9.9955E-05
9.995E-05 9.995E-05 0.9994 9.995E-05 9.995E-05 9.995E-05 9.995E-05
0.233896 0.101752 0.103415 0.341012 0.137156 0.0826686 9.9991E-05
0.0267159 0.0194448 0.945145 9.9973E-05 0.00839452 9.9973E-05 9.9973E-05
9.995E-05 9.995E-05 0.9994 9.995E-05 9.995E-05 9.995E-05 9.995E-05
9.995E-05 9.995E-05 0.9994 9.995E-05 9.995E-05 9.995E-05 9.995E-05
0.236025 0.12167 0.132549 0.32559 0.126694 0.0573724 9.9991E-05
0.284692 0.109316 0.131454 0.315624 0.0857821 0.0730319 9.9991E-05
0.305388 0.115301 0.138086 0.319072 0.0628576 0.0548551 0.00443943
0.24842 0.083769 0.168983 0.337747 0.0936068 0.0673748 9.9991E-05
0.271599 0.116207 0.132413 0.300654 0.107703 0.0713251 9.9991E-05
0.440912 0.170431 0.101893 0.244092 0.0357709 0.00680167 9.9991E-05
0.350667 0.116666 0.18536 0.261192 0.0667492 0.0192647 9.9991E-05
0.307372 0.150609 0.151348 0.310588 0.0630944 0.0168894 9.9991E-05
0.228625 0.162462 0.214965 0.204246 0.0746091 0.114992 9.9991E-05
0.281365 0.158737 0.226494 0.206675 0.03825 0.0883789 9.9991E-05
0.374666 0.0953724 0.178663 0.187251 0.0891499 0.0747982 9.9991E-05
0.308759 0.25518 0.213705 0.125333 0.0181491 0.0787731 9.9991E-05
0.317205 0.139273 0.0746514 0.243974 0.0862576 0.13854 9.9991E-05
0.354402 0.0687436 0.164642 0.289788 0.0472954 0.0750295 9.9991E-05
0.0429943 0.0366608 9.9982E-05 0.902152 0.0146833 0.00331011 9.9982E-05
9.9982E-05 0.0423116 0.00807707 0.89273 0.0473889 9.9982E-05 0.00929287
9.995E-05 9.995E-05 9.995E-05 0.9994 9.995E-05 9.995E-05 9.995E-05
9.9955E-05 9.9955E-05 9.9955E-05 0.970403 0.029097 9.9955E-05 9.9955E-05
9.995E-05 9.995E-05 9.995E-05 0.9994 9.995E-05 9.995E-05 9.995E-05
9.995E-05 9.995E-05 9.995E-05 0.9994 9.995E-05 9.995E-05 9.995E-05
9.9955E-05 0.00220746 9.9955E-05 0.997293 9.9955E-05 9.9955E-05 9.9955E-05
0.0669625 0.124223 9.9982E-05 0.783908 0.01446 9.9982E-05 0.0102468
9.995E-05 9.995E-05 9.995E-05 0.9994 9.995E-05 9.995E-05 9.995E-05
9.995E-05 9.995E-05 9.995E-05 0.9994 9.995E-05 9.995E-05 9.995E-05
9.9982E-05 0.0659714 0.0753033 0.840386 9.9982E-05 0.00901791 0.0091218
9.9964E-05 9.9964E-05 0.00497253 0.989675 9.9964E-05 9.9964E-05 0.00495234
0.1169 0.0429481 9.9982E-05 0.728783 9.9982E-05 0.10613 0.00503941
9.995E-05 9.995E-05 9.995E-05 9.995E-05 9.995E-05 0.9994 9.995E-05
0.278983 0.118288 0.18217 0.217946 0.0965474 0.105966 9.9991E-05
9.995E-05 9.995E-05 9.995E-05 9.995E-05 9.995E-05 0.9994 9.995E-05
9.995E-05 9.995E-05 9.995E-05 9.995E-05 9.995E-05 0.9994 9.995E-05
9.9964E-05 0.0978351 0.00433077 9.9964E-05 9.9964E-05 0.897434 9.9964E-05
0.10359 9.9973E-05 9.9973E-05 0.058655 0.040015 0.79744 9.9973E-05
9.995E-05 9.995E-05 9.995E-05 9.995E-05 9.995E-05 0.9994 9.995E-05
0.0609189 0.0116245 9.9982E-05 0.051182 9.9982E-05 0.87544 0.000634637
9.9955E-05 9.9955E-05 0.00784778 9.9955E-05 9.9955E-05 0.991652 9.9955E-05
9.9964E-05 9.9964E-05 0.00956309 0.0564781 9.9964E-05 0.933559 9.9964E-05
9.9955E-05 9.9955E-05 9.9955E-05 9.9955E-05 9.9955E-05 0.993178 0.00632203
9.9964E-05 0.0197156 9.9964E-05 9.9964E-05 0.00381227 0.976072 9.9964E-05
9.9955E-05 9.9955E-05 9.9955E-05 9.9955E-05 9.9955E-05 0.997856 0.0016443
0.0156934 0.0377077 0.0622939 0.0206087 0.0628183 0.800778 9.9991E-05
9.9973E-05 0.0239592 9.9973E-05 0.000647418 9.9973E-05 0.959958 0.0151351
0.0730249 0.0325955 0.0128057 9.9982E-05 0.0135421 0.867832 9.9982E-05
0.00462802 0.0324265 9.9991E-05 0.069314 0.0172411 0.868689 0.00760159
0.0544945 0.0013636 9.9982E-05 9.9982E-05 0.0170263 0.91684 0.0100756
9.9973E-05 0.00403335 0.0276453 0.0473035 9.9973E-05 0.920718 9.9973E-05
0.236107 0.155119 0.124055 0.0822291 0.300752 0.0695222 0.0322147
0.431554 0.12382 0.0605748 0.105545 0.230746 0.0336367 0.014123
0.324827 0.136131 0.146973 0.0645576 0.257496 0.0598692 0.0101461
0.317664 0.142408 0.0985673 0.0580637 0.290461 0.0673607 0.0254746
0.0125412 0.895399 9.9991E-05 0.0384718 0.020249 0.0112302 0.022009
9.995E-05 0.9994 9.995E-05 9.995E-05 9.995E-05 9.995E-05 9.995E-05
9.9964E-05 0.981931 9.9964E-05 0.00277194 0.0148973 9.9964E-05 9.9964E-05
9.995E-05 0.9994 9.995E-05 9.995E-05 9.995E-05 9.995E-05 9.995E-05
9.9955E-05 0.989419 9.9955E-05 9.9955E-05 9.9955E-05 0.0100814 9.9955E-05
9.9973E-05 0.962878 0.00426509 9.9973E-05 0.0272049 0.0053523 9.9973E-05
0.00950777 0.949618 0.0242717 0.00235428 0.0140481 9.9982E-05 9.9982E-05
0.100694 0.7709 9.9991E-05 0.0504118 0.0281862 0.0221007 0.0276082
0.12281 0.87669 9.9955E-05 9.9955E-05 9.9955E-05 9.9955E-05 9.9955E-05
0.0226803 9.9964E-05 0.00471329 9.9964E-05 0.972207 9.9964E-05 9.9964E-05
9.995E-05 9.995E-05 9.995E-05 9.995E-05 0.9994 9.995E-05 9.995E-05
9.995E-05 9.995E-05 9.995E-05 9.995E-05 0.9994 9.995E-05 9.995E-05
9.995E-05 9.995E-05 9.995E-05 9.995E-05 0.9994 9.995E-05 9.995E-05
9.995E-05 9.995E-05 9.995E-05 9.995E-05 0.9994 9.995E-05 9.995E-05
0.0419629 0.00632233 9.9982E-05 9.9982E-05 0.915286 0.0133265 0.0229019
9.995E-05 9.995E-05 9.995E-05 9.995E-05 0.9994 9.995E-05 9.995E-05
9.9955E-05 9.9955E-05 9.9955E-05 0.00827866 0.991222 9.9955E-05 9.9955E-05
9.995E-05 9.995E-05 9.995E-05 9.995E-05 0.9994 9.995E-05 9.995E-05
9.9973E-05 9.9973E-05 0.0102578 0.0308472 0.936923 0.0216724 9.9973E-05
9.9964E-05 0.00249265 9.9964E-05 0.00153101 0.995576 9.9964E-05 9.9964E-05
9.995E-05 9.995E-05 9.995E-05 9.995E-05 0.9994 9.995E-05 9.995E-05
