9.995E-05 9.995E-05 9.995E-05 9.995E-05 9.995E-05 0.9994 9.995E-05
0.097489 0.0145714 0.0731174 9.9982E-05 0.43492 0.379702 9.9982E-05
0.0903258 9.9973E-05 0.0972777 9.9973E-05 0.418068 0.394029 9.9973E-05
9.99551E-05 9.99551E-05 9.99551E-05 9.99551E-05 0.7026 0.2969 9.99551E-05
9.9982E-05 0.00426552 0.00606609 9.9982E-05 0.781886 0.167769 0.0398134
9.9973E-05 9.9973E-05 0.0228441 9.9973E-05 0.76926 0.19987 0.00772558
9.9955E-05 9.9955E-05 9.9955E-05 9.9955E-05 0.599614 0.399887 9.9955E-05
9.9964E-05 9.9964E-05 0.0563062 9.9964E-05 0.595162 0.348132 9.9964E-05
0.0178811 9.9973E-05 0.0396727 9.9973E-05 0.678957 0.26319 9.9973E-05
9.995E-05 9.995E-05 9.995E-05 9.995E-05 9.995E-05 0.9994 9.995E-05
9.995E-05 9.995E-05 9.995E-05 9.995E-05 9.995E-05 0.9994 9.995E-05
9.995E-05 9.995E-05 9.995E-05 9.995E-05 9.995E-05 0.9994 9.995E-05
9.995E-05 9.995E-05 9.995E-05 9.995E-05 9.995E-05 0.9994 9.995E-05
9.9955E-05 9.9955E-05 9.9955E-05 9.9955E-05 9.9955E-05 0.952736 0.0467644
9.9955E-05 9.9955E-05 0.0201749 9.9955E-05 9.9955E-05 0.979325 9.9955E-05
9.9973E-05 0.0321333 0.0028795 9.9973E-05 0.76493 0.199757 9.9973E-05
0.0723909 0.0460881 0.103657 0.0277865 0.421494 0.230782 0.0978008
9.99551E-05 9.99551E-05 9.99551E-05 9.99551E-05 0.739076 0.260424 9.99551E-05
9.9973E-05 0.0110766 9.9973E-05 9.9973E-05 0.938695 0.00320266 0.0467263
9.99551E-05 9.99551E-05 9.99551E-05 9.99551E-05 0.973966 9.99551E-05 0.025534
0.00522219 0.0235322 9.9973E-05 9.9973E-05 0.837684 0.133262 9.9973E-05
9.9973E-05 9.9973E-05 0.0100317 9.9973E-05 0.886321 0.0356804 0.0676673
9.9982E-05 0.00176834 0.00547422 9.9982E-05 0.834409 0.0601571 0.0979911
9.9955E-05 9.9955E-05 9.9955E-05 9.9955E-05 0.900507 0.0989928 9.9955E-05
9.99551E-05 9.99551E-05 9.99551E-05 9.99551E-05 0.955954 0.0435463 9.99551E-05
9.9982E-05 0.0296635 9.9982E-05 0.0181087 0.900592 0.0428928 0.00854307
9.9982E-05 0.0653162 0.0326013 9.9982E-05 0.815546 0.0552658 0.0310704
9.99551E-05 9.99551E-05 9.99551E-05 9.99551E-05 0.962817 0.0366831 9.99551E-05
9.9973E-05 0.00782378 9.9973E-05 9.9973E-05 0.86128 0.0946555 0.0359408
9.9955E-05 9.9955E-05 9.9955E-05 9.9955E-05 0.85266 0.14684 9.9955E-05
9.9964E-05 9.9964E-05 9.9964E-05 9.9964E-05 0.853557 0.132388 0.0136548
9.9982E-05 0.0381589 9.9982E-05 0.0267231 0.885681 0.0475149 0.00172248
9.9982E-05 0.00120763 0.0245665 9.9982E-05 0.895604 0.0558422 0.0225796
9.999E-05 0.0200759 0.0169571 0.0944158 0.76596 0.0901328 0.0123581
9.9964E-05 9.9964E-05 9.9964E-05 9.9964E-05 0.799479 0.0474653 0.152656
9.9955E-05 9.9955E-05 9.9955E-05 9.9955E-05 0.8489 0.1506 9.9955E-05
9.9955E-05 9.9955E-05 9.9955E-05 9.9955E-05 0.943356 9.9955E-05 0.0561444
9.9982E-05 0.0631075 0.00739575 9.9982E-05 0.833947 0.0259166 0.0694336
0.0526828 0.0790547 0.0368303 9.9982E-05 0.800039 0.0311937 9.9982E-05
0.0276878 0.0671791 9.9991E-05 0.0163399 0.858927 0.0278277 0.0019381
0.111556 9.9973E-05 0.0623627 0.121997 0.703784 9.9973E-05 9.9973E-05
0.0131276 0.0530876 0.103275 0.0990713 0.731238 9.9982E-05 9.9982E-05
0.0668749 9.9982E-05 0.117103 0.0762912 0.69776 0.0417711 9.9982E-05
0.0484119 0.0376736 0.0675378 0.0822145 0.763962 9.9982E-05 9.9982E-05
9.9973E-05 0.106643 0.0645249 0.104629 0.723903 9.9973E-05 9.9973E-05
9.9964E-05 0.0154065 0.0388755 9.9964E-05 0.945318 9.9964E-05 9.9964E-05
9.9964E-05 0.0233995 0.0320686 9.9964E-05 0.944132 9.9964E-05 9.9964E-05
9.9982E-05 0.0185957 0.0524885 0.0190629 0.872263 9.9982E-05 0.0373895
9.9991E-05 0.0818977 0.0415206 0.100096 0.700757 0.0527332 0.0228962
0.034316 0.0171056 0.0264438 0.0811567 0.712114 0.128764 9.9991E-05
0.0307901 0.075327 0.086421 0.0161184 0.758491 0.0327529 9.9991E-05
9.9982E-05 0.0328809 0.0806812 0.0555104 0.77603 9.9982E-05 0.0546977
9.9973E-05 0.0471565 0.0494218 0.0112896 0.891832 9.9973E-05 9.9973E-05
0.0213881 0.0778073 0.00366113 0.0829724 0.673342 0.016661 0.124168
0.0594782 0.0530854 0.0207378 0.0995331 0.657374 0.0419907 0.0678012
0.0338772 0.0251773 0.118609 0.117105 0.705032 9.9982E-05 9.9982E-05
0.0247373 0.0901708 0.0647971 0.114931 0.606105 0.0567427 0.0425158
0.077195 0.0613087 9.9982E-05 0.0894776 0.76726 9.9982E-05 0.0045585
9.9964E-05 0.056389 0.0427537 9.9964E-05 0.900457 9.9964E-05 9.9964E-05
0.0393422 0.141008 0.0315358 9.9991E-05 0.753998 0.0301903 0.00382601
9.9973E-05 0.121577 9.9973E-05 0.107125 0.741411 9.9973E-05 0.0295867
0.0398284 0.079412 9.9973E-05 0.133897 0.746563 9.9973E-05 9.9973E-05
0.0904962 0.0451445 0.0686085 0.0608168 0.710769 9.9991E-05 0.0240646
0.0363849 0.0852534 0.0601001 0.0864518 0.610039 9.9991E-05 0.121671
0.0221954 0.0556271 9.9973E-05 0.103057 0.818821 9.9973E-05 9.9973E-05
0.0150468 9.9982E-05 0.0887667 0.0792172 0.710257 9.9982E-05 0.106512
0.105303 0.0118924 0.016483 0.160657 0.679622 9.9991E-05 0.025943
0.0432127 9.9982E-05 0.0588306 0.117901 0.632666 9.9982E-05 0.14719
0.0698174 0.0355914 0.0432642 0.0381605 0.812967 9.9982E-05 9.9982E-05
0.00397111 9.9982E-05 0.0513464 0.137033 0.729126 9.9982E-05 0.0783234
0.105079 9.9982E-05 0.0647505 0.0738835 0.727244 0.028843 9.9982E-05
0.0770449 0.0227745 0.0728033 0.134346 0.635088 9.9991E-05 0.0578427
9.9991E-05 0.069576 0.0619267 0.0112796 0.796149 0.0327968 0.0281723
0.00377249 0.107004 0.0400707 0.0440749 0.775435 0.0295421 9.9991E-05
0.0324303 0.0529628 0.0952793 0.134681 0.608281 0.0104135 0.0659524
0.0529402 0.155592 0.0257992 0.0203971 0.700171 9.9991E-05 0.0450009
0.0698982 9.9982E-05 0.0894672 0.0469032 0.771169 9.9982E-05 0.0223621
0.131232 9.9982E-05 0.0275297 0.106087 0.614392 9.9982E-05 0.120559
0.165161 0.0747376 0.0481879 0.213856 0.377214 9.9991E-05 0.120743
0.154391 0.0958112 0.0420875 0.159816 0.424876 9.9991E-05 0.122918
0.122035 0.11203 0.0884298 0.163014 0.425434 9.9991E-05 0.088958
0.171683 0.0730303 0.0418724 0.136878 0.431592 9.9991E-05 0.144844
0.142612 0.0941431 0.0570784 0.141766 0.448214 9.9991E-05 0.116086
0.142221 0.0770783 9.9982E-05 0.230775 0.53414 9.9982E-05 0.0155863
0.219071 0.0719994 0.0819019 0.126975 0.471293 9.9991E-05 0.0286594
0.20228 0.0446777 0.141723 0.0868383 0.523878 9.9991E-05 0.000502767
0.08758 0.0761317 0.10162 0.144364 0.518472 0.0342954 0.0375371
0.128341 0.087931 0.0209882 0.208559 0.54781 0.00627166 9.9991E-05
0.166394 0.0781009 0.0636942 0.149741 0.426588 9.9991E-05 0.115382
0.112629 0.134361 0.104024 0.205119 0.426979 0.00344197 0.0134468
0.139271 9.9991E-05 0.0653504 0.136269 0.411017 0.0243867 0.223607
0.118759 9.9991E-05 0.0673527 0.126097 0.496799 0.000878364 0.190014
0.209311 0.212089 0.0926353 0.128769 0.347161 0.00993429 9.9991E-05
0.96278 9.9973E-05 0.00415233 9.9973E-05 0.0245993 9.9973E-05 0.0081684
0.955456 9.9964E-05 9.9964E-05 0.0329832 9.9964E-05 0.0111609 9.9964E-05
0.868885 0.0243654 0.00827856 9.9982E-05 0.0370884 9.9982E-05 0.0611824
0.9994 9.995E-05 9.995E-05 9.995E-05 9.995E-05 9.995E-05 9.995E-05
0.9994 9.995E-05 9.995E-05 9.995E-05 9.995E-05 9.995E-05 9.995E-05
0.9994 9.995E-05 9.995E-05 9.995E-05 9.995E-05 9.995E-05 9.995E-05
0.9994 9.995E-05 9.995E-05 9.995E-05 9.995E-05 9.995E-05 9.995E-05
0.906966 0.0154239 9.9973E-05 9.9973E-05 0.0587853 9.9973E-05 0.018525
0.990407 0.00909274 9.9955E-05 9.9955E-05 9.9955E-05 9.9955E-05 9.9955E-05
0.9994 9.995E-05 9.995E-05 9.995E-05 9.995E-05 9.995E-05 9.995E-05
0.123293 0.124754 0.0787179 0.314005 0.222409 0.0113955 0.125426
0.938521 0.00111032 0.0119684 9.9973E-05 9.9973E-05 9.9973E-05 0.0481002
0.9994 9.995E-05 9.995E-05 9.995E-05 9.995E-05 9.995E-05 9.995E-05
0.985272 9.9964E-05 0.00408488 9.9964E-05 9.9964E-05 9.9964E-05 0.0102432
0.120097 0.134444 0.0738647 0.302716 0.237351 9.9991E-05 0.131428
0.125164 0.111677 0.0563195 0.283332 0.308113 9.9991E-05 0.115295
0.141042 0.0992346 0.0772501 0.268628 0.251308 9.9991E-05 0.162438
0.17153 0.107188 0.0994018 0.288157 0.218207 9.9991E-05 0.115416
0.117725 0.0784476 0.134886 0.306974 0.198014 9.9991E-05 0.163853
0.0752479 0.0761728 9.9982E-05 0.232664 0.407152 9.9982E-05 0.208563
0.186871 0.0670998 0.0512589 0.217992 0.344814 9.9991E-05 0.131865
0.151069 0.0879251 0.00530171 0.307823 0.290952 9.9991E-05 0.156829
0.225853 0.091407 0.0940196 0.186088 0.241392 9.9991E-05 0.161141
0.202436 0.0323333 0.075797 0.163275 0.368218 9.9991E-05 0.15784
0.139136 0.13161 0.0659558 0.20957 0.323063 9.9991E-05 0.130565
0.198621 0.104055 0.0469516 0.151571 0.311842 9.9991E-05 0.186858
0.0933478 0.11563 0.104625 0.245868 0.296584 0.00132002 0.142626
0.135204 0.103489 0.0764241 0.251219 0.355125 9.9991E-05 0.0784384
9.9964E-05 0.00425923 9.9964E-05 0.969026 9.9964E-05 9.9964E-05 0.0263151
0.0155141 0.0829077 9.9982E-05 0.843384 9.9982E-05 0.0211035 0.0368902
9.995E-05 9.995E-05 9.995E-05 0.9994 9.995E-05 9.995E-05 9.995E-05
9.9955E-05 0.00498715 9.9955E-05 0.994513 9.9955E-05 9.9955E-05 9.9955E-05
9.995E-05 9.995E-05 9.995E-05 0.9994 9.995E-05 9.995E-05 9.995E-05
9.995E-05 9.995E-05 9.995E-05 0.9994 9.995E-05 9.995E-05 9.995E-05
9.995E-05 9.995E-05 9.995E-05 0.9994 9.995E-05 9.995E-05 9.995E-05
9.9982E-05 0.0406835 9.9982E-05 0.809232 0.0212942 0.0686033 0.0599866
9.995E-05 9.995E-05 9.995E-05 0.9994 9.995E-05 9.995E-05 9.995E-05
9.995E-05 9.995E-05 9.995E-05 0.9994 9.995E-05 9.995E-05 9.995E-05
0.0645043 9.9973E-05 9.9973E-05 0.855913 9.9973E-05 0.0192238 0.0600595
9.995E-05 9.995E-05 9.995E-05 0.9994 9.995E-05 9.995E-05 9.995E-05
0.00592521 9.9991E-05 0.0901228 0.786309 0.0236186 0.00485234 0.0890719
9.995E-05 9.995E-05 0.9994 9.995E-05 9.995E-05 9.995E-05 9.995E-05
0.206565 0.0791094 0.0929315 0.212631 0.310697 9.9991E-05 0.0979649
9.995E-05 9.995E-05 0.9994 9.995E-05 9.995E-05 9.995E-05 9.995E-05
9.995E-05 9.995E-05 0.9994 9.995E-05 9.995E-05 9.995E-05 9.995E-05
0.00520319 9.9973E-05 0.926383 9.9973E-05 9.9973E-05 0.00328938 0.0648249
0.0123141 0.027351 0.751736 0.115928 0.0730317 0.0195397 9.9991E-05
9.995E-05 9.995E-05 0.9994 9.995E-05 9.995E-05 9.995E-05 9.995E-05
0.023899 0.00122951 0.910967 0.00944741 9.9982E-05 9.9982E-05 0.0542571
9.9955E-05 9.9955E-05 0.968822 9.9955E-05 9.9955E-05 9.9955E-05 0.0306782
9.9955E-05 9.9955E-05 0.99168 0.00781989 9.9955E-05 9.9955E-05 9.9955E-05
9.9955E-05 0.0074333 0.992067 9.9955E-05 9.9955E-05 9.9955E-05 9.9955E-05
9.9964E-05 0.00388178 0.993843 9.9964E-05 9.9964E-05 9.9964E-05 0.00187572
0.00615507 9.9973E-05 0.940097 0.0370914 0.0163568 9.9973E-05 9.9973E-05
0.0368576 0.0329935 0.794393 0.0854402 0.0138387 9.9991E-05 0.0363771
9.9964E-05 9.9964E-05 0.951782 9.9964E-05 9.9964E-05 0.017088 0.0307304
0.00293686 9.9991E-05 0.848642 0.0144867 0.0566667 0.0118281 0.0653401
9.9973E-05 0.0227553 0.924008 9.9973E-05 9.9973E-05 0.0212733 0.0316631
0.0184335 0.0206175 0.924891 9.9973E-05 9.9973E-05 9.9973E-05 0.0357583
9.9973E-05 0.0146306 0.947393 9.9973E-05 0.0255011 0.0121758 9.9973E-05
0.0700499 0.304341 0.0562878 0.127735 0.253684 0.03543 0.152472
0.0970011 0.316988 0.0204682 0.0800242 0.307393 0.0160008 0.162125
0.12655 0.281063 0.079894 0.0757395 0.217066 0.0602419 0.159446
0.0993191 0.308263 0.117351 0.0666723 0.194305 0.0512277 0.162862
9.9955E-05 9.9955E-05 9.9955E-05 0.0442603 9.9955E-05 9.9955E-05 0.95524
9.995E-05 9.995E-05 9.995E-05 9.995E-05 9.995E-05 9.995E-05 0.9994
9.9955E-05 9.9955E-05 0.0135674 9.9955E-05 9.9955E-05 9.9955E-05 0.985933
9.995E-05 9.995E-05 9.995E-05 9.995E-05 9.995E-05 9.995E-05 0.9994
0.00721749 9.9973E-05 0.00414547 9.9973E-05 9.9973E-05 0.00165476 0.986682
0.0023295 0.00403078 9.9964E-05 9.9964E-05 9.9964E-05 9.9964E-05 0.99324
0.0143758 0.0377447 9.9973E-05 9.9973E-05 0.00901431 9.9973E-05 0.938565
9.9991E-05 0.0257181 0.0371078 0.0413785 0.124716 0.0118901 0.75909
9.9973E-05 9.9973E-05 0.0204636 9.9973E-05 0.119358 0.013334 0.846544
9.995E-05 0.9994 9.995E-05 9.995E-05 9.995E-05 9.995E-05 9.995E-05
9.995E-05 0.9994 9.995E-05 9.995E-05 9.995E-05 9.995E-05 9.995E-05
9.995E-05 0.9994 9.995E-05 9.995E-05 9.995E-05 9.995E-05 9.995E-05
9.995E-05 0.9994 9.995E-05 9.995E-05 9.995E-05 9.995E-05 9.995E-05
0.00240564 0.979982 9.9964E-05 9.9964E-05 9.9964E-05 9.9964E-05 0.0172128
0.0355707 0.918614 0.00669301 0.00824589 0.0102466 0.0205298 9.9991E-05
9.9955E-05 0.998825 0.00067497 9.9955E-05 9.9955E-05 9.9955E-05 9.9955E-05
9.995E-05 0.9994 9.995E-05 9.995E-05 9.995E-05 9.995E-05 9.995E-05
9.9955E-05 0.994373 9.9955E-05 9.9955E-05 9.9955E-05 0.00512703 9.9955E-05
0.01112 0.965798 9.9964E-05 0.0226819 9.9964E-05 9.9964E-05 9.9964E-05
9.995E-05 0.9994 9.995E-05 9.995E-05 9.995E-05 9.995E-05 9.995E-05
9.995E-05 0.9994 9.995E-05 9.995E-05 9.995E-05 9.995E-05 9.995E-05
