0.9994 9.995E-05 9.995E-05 9.995E-05 9.995E-05 9.995E-05 9.995E-05
0.297267 9.9973E-05 0.533735 0.0778188 0.0908802 9.9973E-05 9.9973E-05
0.243936 9.9973E-05 0.578441 0.0788302 0.0984937 9.9973E-05 9.9973E-05
0.244337 9.9964E-05 0.606501 9.9964E-05 9.9964E-05 9.9964E-05 0.148762
0.106208 9.9973E-05 0.651177 9.9973E-05 9.9973E-05 0.0450695 0.197245
0.171144 9.9973E-05 0.504062 9.9973E-05 0.0284036 9.9973E-05 0.29609
0.278102 9.9955E-05 0.721398 9.9955E-05 9.9955E-05 9.9955E-05 9.9955E-05
0.289672 9.9982E-05 0.528332 0.00192917 0.0856123 9.9982E-05 0.0942542
0.18546 9.9991E-05 0.657824 0.0236058 0.0737847 0.0206446 0.0385808
0.9994 9.995E-05 9.995E-05 9.995E-05 9.995E-05 9.995E-05 9.995E-05
0.9994 9.995E-05 9.995E-05 9.995E-05 9.995E-05 9.995E-05 9.995E-05
0.9994 9.995E-05 9.995E-05 9.995E-05 9.995E-05 9.995E-05 9.995E-05
0.9994 9.995E-05 9.995E-05 9.995E-05 9.995E-05 9.995E-05 9.995E-05
0.925851 0.00175135 9.9973E-05 9.9973E-05 0.0205732 0.0515249 9.9973E-05
0.957993 0.00255878 9.9982E-05 0.00727514 0.019306 9.9982E-05 0.012667
0.19297 0.00816651 0.411611 9.9973E-05 9.9973E-05 9.9973E-05 0.386952
0.204656 9.9991E-05 0.3722 0.0556419 0.0980318 0.0351575 0.234213
0.197579 9.9964E-05 0.609697 9.9964E-05 9.9964E-05 9.9964E-05 0.192324
9.9964E-05 9.9964E-05 0.936284 0.0311196 9.9964E-05 0.0321969 9.9964E-05
9.9964E-05 0.0409179 0.953691 9.9964E-05 9.9964E-05 0.00499159 9.9964E-05
0.022443 9.9973E-05 0.939737 0.0284245 9.9973E-05 0.0090956 9.9973E-05
9.9982E-05 0.0569075 0.820515 0.03859 0.0682608 0.0155267 9.9982E-05
9.9982E-05 0.0109607 0.878521 0.00972533 0.0287913 0.0718013 9.9982E-05
9.9964E-05 0.014454 0.969046 9.9964E-05 0.0161002 9.9964E-05 9.9964E-05
9.9964E-05 0.0285626 0.876226 9.9964E-05 9.9964E-05 9.9964E-05 0.094812
9.9973E-05 0.0566059 0.62877 9.9973E-05 9.9973E-05 0.0145089 0.299816
9.9982E-05 0.0287901 0.68785 9.9982E-05 0.0831078 0.0793614 0.120691
9.9973E-05 9.9973E-05 0.935828 0.0142951 0.0130319 9.9973E-05 0.0365449
0.0426653 0.0539485 0.811292 9.9982E-05 9.9982E-05 0.0269158 0.0649786
0.0406827 9.9964E-05 0.955983 9.9964E-05 9.9964E-05 9.9964E-05 0.00293393
0.0128042 0.0253142 0.904352 0.00696843 9.9982E-05 0.0503611 9.9982E-05
9.999E-05 0.057757 0.83324 0.0227837 0.0139442 0.055031 0.0171436
9.9991E-05 0.013117 0.800444 0.0154655 0.0661778 0.0385571 0.0661385
0.038627 0.134842 0.617301 0.0123567 0.0517929 9.9991E-05 0.144981
9.9973E-05 0.00693185 0.854424 9.9973E-05 0.0684339 0.0699102 9.9973E-05
0.0510091 9.9964E-05 0.929094 9.9964E-05 9.9964E-05 0.0194968 9.9964E-05
9.9955E-05 9.9955E-05 0.498281 9.9955E-05 9.9955E-05 9.9955E-05 0.501219
9.9982E-05 0.0435285 0.529456 9.9982E-05 0.0352342 0.158938 0.232644
9.9982E-05 9.9982E-05 0.519579 0.0297477 0.0628539 0.0971644 0.290455
9.9982E-05 0.106883 0.608059 0.0360727 9.9982E-05 0.0354645 0.213321
9.9982E-05 0.0276622 0.0448934 0.0398703 0.0423308 9.9982E-05 0.845043
0.0257043 0.0414466 0.0541801 9.9991E-05 0.0484631 0.00172913 0.828377
0.0606872 0.0481275 0.159204 0.0146641 0.0585367 9.9991E-05 0.658681
0.00423252 9.9982E-05 0.0125171 0.00134024 0.02323 9.9982E-05 0.95848
9.9982E-05 0.00828477 0.196768 9.9982E-05 0.0270621 0.0460018 0.721683
9.995E-05 9.995E-05 9.995E-05 9.995E-05 9.995E-05 9.995E-05 0.9994
9.995E-05 9.995E-05 9.995E-05 9.995E-05 9.995E-05 9.995E-05 0.9994
9.9982E-05 0.00621959 0.325163 9.9982E-05 0.0370189 0.0544928 0.576906
0.0875434 0.0359221 0.0684444 9.9991E-05 0.0198326 0.0333246 0.754833
0.0947837 0.0508851 0.393424 0.0196903 0.00467593 9.9991E-05 0.436441
0.0519774 9.9982E-05 0.17594 9.9982E-05 0.0189911 0.0304885 0.722403
9.9973E-05 9.9973E-05 0.18212 9.9973E-05 0.0331275 0.0192699 0.765183
0.0251429 9.9973E-05 0.0125699 9.9973E-05 9.9973E-05 0.0183388 0.943649
0.0299089 0.0351691 0.257345 0.0292565 9.9991E-05 0.113612 0.534609
0.0318851 0.0598695 0.192231 0.0429566 0.0215344 0.0414152 0.610109
9.9973E-05 0.00552742 0.119221 9.9973E-05 0.0471124 9.9973E-05 0.827839
0.0537561 0.0695888 0.168893 0.00627754 0.07413 0.0524123 0.574942
9.9982E-05 0.0423391 0.237744 0.00445792 9.9982E-05 0.0698288 0.64543
0.0184802 9.9955E-05 9.9955E-05 9.9955E-05 9.9955E-05 9.9955E-05 0.98102
0.0298495 9.9973E-05 0.177207 9.9973E-05 9.9973E-05 0.099817 0.692826
0.00388757 0.0568753 0.123211 9.9982E-05 9.9982E-05 0.110652 0.705174
0.0354666 0.0260312 0.0602253 0.0318302 9.9982E-05 9.9982E-05 0.846247
0.0281671 9.9991E-05 0.0495161 0.015819 0.0417774 0.0321696 0.832451
9.9964E-05 9.9964E-05 9.9964E-05 0.0187223 0.000332921 9.9964E-05 0.980545
0.00880899 0.00782497 0.0872046 9.9982E-05 9.9982E-05 0.00137842 0.894583
9.9973E-05 9.9973E-05 9.9973E-05 0.0085984 0.0181002 0.0168808 0.956121
9.9964E-05 0.00294522 9.9964E-05 0.0176056 9.9964E-05 9.9964E-05 0.979049
0.029128 0.0396228 9.9991E-05 0.0447934 0.0450526 0.0278267 0.813477
9.9982E-05 9.9982E-05 0.252539 0.0143207 0.032608 0.0338147 0.666517
9.99551E-05 9.99551E-05 9.99551E-05 9.99551E-05 0.0116271 9.99551E-05 0.987873
0.0393316 9.9982E-05 0.0904049 0.0522189 0.0280277 9.9982E-05 0.789817
9.9991E-05 0.0357187 0.0321399 0.0544839 0.0150068 0.0209154 0.841635
0.075292 9.9964E-05 9.9964E-05 9.9964E-05 9.9964E-05 0.00500473 0.919303
0.0375375 9.9964E-05 9.9964E-05 9.9964E-05 9.9964E-05 0.00808883 0.953974
0.0374286 0.068637 9.9982E-05 9.9982E-05 0.0249399 0.0028778 0.865917
9.9955E-05 9.9955E-05 9.9955E-05 9.9955E-05 9.9955E-05 0.0946804 0.90482
9.9964E-05 9.9964E-05 9.9964E-05 0.0137518 0.022328 9.9964E-05 0.96352
0.040891 0.0191031 9.9982E-05 0.136648 0.00231626 9.9982E-05 0.800842
9.9991E-05 0.087288 0.0680422 0.118271 0.0268612 0.0821735 0.617264
9.9973E-05 0.0691713 9.9973E-05 0.133495 9.9973E-05 0.0577741 0.73926
0.000317678 0.0923625 9.9991E-05 0.08316 0.0326164 0.0337522 0.757691
9.9973E-05 0.0620335 9.9973E-05 0.107872 9.9973E-05 0.0432535 0.786541
9.9982E-05 0.0594204 9.9982E-05 0.118895 0.0444969 0.0457319 0.731256
0.00464285 0.117222 0.167633 0.1395 0.0200363 0.0120447 0.53892
0.0124252 0.0790253 0.0451782 0.219262 0.0130913 0.088476 0.542542
0.0347557 0.104255 0.0124919 0.157458 0.104694 0.0114876 0.574858
0.0327057 0.10431 0.148383 0.0857113 0.0576296 0.0532401 0.51802
9.9982E-05 0.117696 0.120509 0.141083 9.9982E-05 0.00768207 0.61283
0.00958843 0.0707764 9.9991E-05 0.117606 0.0647378 0.082639 0.654552
0.015556 0.135897 0.0260328 0.0939625 0.0912884 0.125003 0.512261
0.0351447 0.0515091 0.00771585 0.141804 0.0581988 0.0351022 0.670525
0.0204016 0.0697666 0.0307482 0.0818659 0.0440886 0.0060298 0.747099
0.0193294 0.0752204 9.9991E-05 0.194986 0.0671634 0.21012 0.433081
9.9955E-05 0.0117051 9.9955E-05 0.987795 9.9955E-05 9.9955E-05 9.9955E-05
0.0270545 9.9973E-05 0.0043809 0.959567 0.00869735 9.9973E-05 9.9973E-05
0.0153923 0.00152118 0.0504456 0.838852 9.9991E-05 0.0179871 0.0757017
9.995E-05 9.995E-05 9.995E-05 0.9994 9.995E-05 9.995E-05 9.995E-05
9.995E-05 9.995E-05 9.995E-05 0.9994 9.995E-05 9.995E-05 9.995E-05
9.995E-05 9.995E-05 9.995E-05 0.9994 9.995E-05 9.995E-05 9.995E-05
9.995E-05 9.995E-05 9.995E-05 0.9994 9.995E-05 9.995E-05 9.995E-05
9.9973E-05 9.9973E-05 0.0642904 0.891768 0.0185933 9.9973E-05 0.0250483
9.9955E-05 0.00725283 9.9955E-05 0.992247 9.9955E-05 9.9955E-05 9.9955E-05
9.995E-05 9.995E-05 9.995E-05 0.9994 9.995E-05 9.995E-05 9.995E-05
0.00586387 0.3011 0.0999522 0.121078 0.0956284 0.142117 0.23426
0.00889249 9.9964E-05 9.9964E-05 0.927564 9.9964E-05 9.9964E-05 0.0631435
9.995E-05 9.995E-05 9.995E-05 0.9994 9.995E-05 9.995E-05 9.995E-05
9.995E-05 9.995E-05 9.995E-05 0.9994 9.995E-05 9.995E-05 9.995E-05
9.9982E-05 0.181489 9.9982E-05 0.108688 0.0489044 0.137139 0.523579
9.9982E-05 0.196079 9.9982E-05 0.179925 0.0470816 0.0863259 0.490389
9.9982E-05 0.160003 9.9982E-05 0.132317 0.0334736 0.117935 0.556072
9.9982E-05 0.183757 9.9982E-05 0.186576 0.05562 0.0929129 0.480934
9.9982E-05 0.216747 9.9982E-05 0.125162 0.0634945 0.101647 0.49275
9.9982E-05 0.231004 0.148217 0.115472 9.9982E-05 0.127361 0.377746
9.9991E-05 0.170229 0.0809848 0.161287 0.0947156 0.050533 0.442151
9.9973E-05 0.216885 9.9973E-05 0.179461 9.9973E-05 0.119805 0.48355
9.9991E-05 0.129602 0.037729 0.25737 0.0846036 0.106825 0.38377
9.9982E-05 0.162291 9.9982E-05 0.247188 0.0722555 0.08695 0.431115
9.9991E-05 0.15863 0.0436071 0.155684 0.0440373 0.172316 0.425626
9.9991E-05 0.0791009 0.0739734 0.223707 0.00905438 0.176278 0.437787
9.9982E-05 0.184803 9.9982E-05 0.0628886 0.0840331 0.109501 0.558574
9.9991E-05 0.207435 0.0374444 0.14903 0.0814872 0.0632916 0.461212
9.9964E-05 0.92663 9.9964E-05 9.9964E-05 0.0359903 0.0369802 9.9964E-05
0.0328446 0.894308 0.0318872 0.0100795 9.9982E-05 0.0306812 9.9982E-05
9.995E-05 0.9994 9.995E-05 9.995E-05 9.995E-05 9.995E-05 9.995E-05
9.9964E-05 0.969956 0.0258843 9.9964E-05 9.9964E-05 0.00375988 9.9964E-05
9.995E-05 0.9994 9.995E-05 9.995E-05 9.995E-05 9.995E-05 9.995E-05
9.995E-05 0.9994 9.995E-05 9.995E-05 9.995E-05 9.995E-05 9.995E-05
9.995E-05 0.9994 9.995E-05 9.995E-05 9.995E-05 9.995E-05 9.995E-05
0.0599162 0.767695 9.9982E-05 9.9982E-05 0.0207122 0.01688 0.134597
9.995E-05 0.9994 9.995E-05 9.995E-05 9.995E-05 9.995E-05 9.995E-05
9.995E-05 0.9994 9.995E-05 9.995E-05 9.995E-05 9.995E-05 9.995E-05
0.0143516 0.878323 9.9991E-05 0.0587495 0.0239774 0.00940409 0.015094
9.995E-05 0.9994 9.995E-05 9.995E-05 9.995E-05 9.995E-05 9.995E-05
9.9982E-05 0.777151 9.9982E-05 0.00859552 0.0553675 0.0517335 0.106952
9.995E-05 9.995E-05 9.995E-05 9.995E-05 0.9994 9.995E-05 9.995E-05
9.9982E-05 0.120401 9.9982E-05 0.22977 0.0709931 0.0936139 0.485022
9.9955E-05 0.0119168 9.9955E-05 9.9955E-05 0.987583 9.9955E-05 9.9955E-05
9.995E-05 9.995E-05 9.995E-05 9.995E-05 0.9994 9.995E-05 9.995E-05
0.00772091 0.00387998 0.0173492 0.0180119 0.933656 0.0192819 9.9991E-05
0.0250323 0.0848247 0.0253074 0.0138194 0.774112 9.9991E-05 0.0768044
9.995E-05 9.995E-05 9.995E-05 9.995E-05 0.9994 9.995E-05 9.995E-05
9.9982E-05 0.0126447 0.0103389 9.9982E-05 0.884045 0.00440678 0.0883646
9.9955E-05 9.9955E-05 9.9955E-05 0.0498468 0.949653 9.9955E-05 9.9955E-05
9.9955E-05 0.0358722 9.9955E-05 9.9955E-05 0.963628 9.9955E-05 9.9955E-05
9.995E-05 9.995E-05 9.995E-05 9.995E-05 0.9994 9.995E-05 9.995E-05
0.000638254 9.9955E-05 9.9955E-05 9.9955E-05 0.998862 9.9955E-05 9.9955E-05
9.9973E-05 0.0580034 9.9973E-05 9.9973E-05 0.923748 0.00325243 0.0146958
9.9982E-05 0.0538405 9.9982E-05 0.000485146 0.824475 0.0533958 0.0676031
0.00800478 9.9973E-05 0.000946796 9.9973E-05 0.897367 9.9973E-05 0.0933819
0.000134792 9.9982E-05 9.9982E-05 0.0194088 0.864845 0.0269091 0.0885028
9.9973E-05 9.9973E-05 0.0134408 9.9973E-05 0.833013 0.0694533 0.0837929
0.00246991 9.9991E-05 0.00159776 0.0113955 0.871262 0.0455519 0.0676231
0.0014814 0.0359197 9.9991E-05 0.0124446 0.9121 0.00688147 0.0310724
0.0329126 0.0695906 9.9991E-05 0.113233 0.0542525 0.357961 0.37195
0.0706242 0.106864 9.9991E-05 0.0727376 0.0729436 0.309919 0.366812
0.0477018 9.9982E-05 9.9982E-05 0.111496 0.0515696 0.38142 0.407612
0.0740782 0.015064 9.9991E-05 0.064455 0.0850371 0.367555 0.393711
9.9982E-05 0.1082 0.126404 0.225637 0.0631642 0.476395 9.9982E-05
9.99821E-05 0.0194832 0.0194476 0.219574 0.0787932 0.662502 9.99821E-05
9.9991E-05 0.0413121 0.0735437 0.25599 0.0805227 0.531853 0.016679
9.9982E-05 0.0239788 0.0565793 0.233387 0.0884115 0.597443 9.9982E-05
0.00168118 0.0272675 0.0445208 0.261491 0.0826473 0.574952 0.00744042
9.9991E-05 0.0387869 0.0495337 0.244721 0.0869592 0.536622 0.0432768
9.9991E-05 0.0208807 0.0691905 0.226005 0.0616968 0.525093 0.0970345
0.00511594 0.0420611 0.134902 0.132608 0.113262 0.445749 0.126301
9.9991E-05 0.0224436 0.167484 0.16988 0.049281 0.48605 0.104761
0.00332904 0.00127523 9.9964E-05 9.9964E-05 9.9964E-05 0.994996 9.9964E-05
9.995E-05 9.995E-05 9.995E-05 9.995E-05 9.995E-05 0.9994 9.995E-05
9.995E-05 9.995E-05 9.995E-05 9.995E-05 9.995E-05 0.9994 9.995E-05
9.995E-05 9.995E-05 9.995E-05 9.995E-05 9.995E-05 0.9994 9.995E-05
9.995E-05 9.995E-05 9.995E-05 9.995E-05 9.995E-05 0.9994 9.995E-05
0.00831809 9.9973E-05 9.9973E-05 9.9973E-05 0.00639757 0.959665 0.0253193
9.995E-05 9.995E-05 9.995E-05 9.995E-05 9.995E-05 0.9994 9.995E-05
9.995E-05 9.995E-05 9.995E-05 9.995E-05 9.995E-05 0.9994 9.995E-05
0.000247527 9.9955E-05 9.9955E-05 9.9955E-05 9.9955E-05 0.999253 9.9955E-05
0.000584138 0.0152624 9.9973E-05 9.9973E-05 9.9973E-05 0.959475 0.0243788
9.995E-05 9.995E-05 9.995E-05 9.995E-05 9.995E-05 0.9994 9.995E-05
9.995E-05 9.995E-05 9.995E-05 9.995E-05 9.995E-05 0.9994 9.995E-05
