9.995E-05 9.995E-05 0.9994 9.995E-05 9.995E-05 9.995E-05 9.995E-05
9.9964E-05 9.9964E-05 0.871794 0.0181115 0.109694 9.9964E-05 9.9964E-05
9.995E-05 9.995E-05 9.995E-05 0.9994 9.995E-05 9.995E-05 9.995E-05
9.9973E-05 0.0700077 9.9973E-05 0.877229 0.0380849 9.9973E-05 0.0143781
0.0804083 9.9973E-05 0.841821 9.9973E-05 0.0637324 9.9973E-05 0.0137379
9.9955E-05 0.0601666 0.939334 9.9955E-05 9.9955E-05 9.9955E-05 9.9955E-05
0.100826 9.9964E-05 0.898518 9.9964E-05 9.9964E-05 9.9964E-05 0.000256503
0.0543658 0.0347639 0.894558 9.9973E-05 9.9973E-05 9.9973E-05 0.0160123
0.0744057 9.998E-05 0.377474 0.374286 0.0718718 0.101762 9.998E-05
0.100325 9.9982E-05 0.258756 0.483627 0.0731084 9.9982E-05 0.0839833
0.0520784 0.898743 9.9964E-05 9.9964E-05 9.9964E-05 9.9964E-05 0.0487787
9.9964E-05 0.855354 9.9964E-05 9.9964E-05 0.0288443 0.115402 9.9964E-05
9.9964E-05 0.761639 0.175607 0.0623541 9.9964E-05 9.9964E-05 9.9964E-05
9.9973E-05 0.695596 9.9973E-05 0.136285 9.9973E-05 0.129132 0.0386866
0.0371762 0.81295 9.9982E-05 0.0608174 0.0386324 9.9982E-05 0.0502245
0.00302369 0.990288 0.00628813 9.9964E-05 9.9964E-05 9.9964E-05 9.9964E-05
9.995E-05 0.9994 9.995E-05 9.995E-05 9.995E-05 9.995E-05 9.995E-05
0.0514936 0.577198 9.9973E-05 0.13979 0.231218 9.9973E-05 9.9973E-05
0.141555 0.71176 9.9982E-05 9.9982E-05 0.0756294 0.0574343 0.0134212
9.9964E-05 0.79336 9.9964E-05 0.18056 9.9964E-05 0.0256802 9.9964E-05
9.9982E-05 0.694073 9.9982E-05 0.0976989 0.101633 0.105172 0.0012231
9.9982E-05 0.590064 0.246853 0.0212951 0.0732429 0.068345 9.9982E-05
9.995E-05 0.9994 9.995E-05 9.995E-05 9.995E-05 9.995E-05 9.995E-05
9.9964E-05 0.867432 9.9964E-05 9.9964E-05 0.0105979 0.12157 9.9964E-05
9.9964E-05 0.764132 9.9964E-05 9.9964E-05 0.124537 0.110931 9.9964E-05
9.9973E-05 0.605331 0.0981296 9.9973E-05 0.236817 0.0594225 9.9973E-05
0.139895 0.554368 9.9973E-05 9.9973E-05 0.147415 0.158023 9.9973E-05
9.999E-05 0.428461 0.0182279 0.0962489 0.393914 0.0558686 0.00717904
9.997E-05 0.457175 0.060691 9.997E-05 0.366504 0.11533 9.997E-05
9.9955E-05 0.553548 9.9955E-05 9.9955E-05 0.445952 9.9955E-05 9.9955E-05
0.264644 9.9973E-05 9.9973E-05 0.288134 0.334994 0.111928 9.9973E-05
0.359251 9.9982E-05 0.0802957 0.218884 0.20038 0.140989 9.9982E-05
9.9964E-05 0.00501249 9.9964E-05 9.9964E-05 0.103397 0.891191 9.9964E-05
0.14509 0.0515284 0.0112596 9.9973E-05 9.9973E-05 0.791822 9.9973E-05
9.995E-05 0.12189 9.995E-05 9.995E-05 9.995E-05 0.87761 9.995E-05
9.9964E-05 9.9964E-05 9.9964E-05 0.0601347 0.00643639 0.933029 9.9964E-05
9.9955E-05 9.9955E-05 0.171719 9.9955E-05 9.9955E-05 0.827781 9.9955E-05
9.9973E-05 0.11098 0.0101054 9.9973E-05 0.0836749 0.79494 9.9973E-05
0.0297676 9.9973E-05 9.9973E-05 0.0074732 9.9973E-05 0.950133 0.0123268
0.0563738 0.0910198 9.9991E-05 0.0119222 0.319895 0.485413 0.0352758
0.135734 9.9982E-05 9.9982E-05 0.0198945 0.0341884 0.804358 0.00562506
0.0960227 0.106257 9.9982E-05 0.0868382 0.322868 0.387814 9.9982E-05
9.9964E-05 9.9964E-05 9.9964E-05 9.9964E-05 0.00836885 0.986716 0.00451507
0.203955 0.111078 0.00631994 9.9991E-05 0.0152733 0.621904 0.0413708
0.748386 9.9982E-05 9.9982E-05 0.0416795 0.110277 0.0983775 0.00107946
0.743928 0.0363963 0.0439307 9.9991E-05 0.0881736 0.0846873 0.0027842
0.786054 9.9973E-05 9.9973E-05 9.9973E-05 0.102974 0.0425071 0.068165
0.827257 9.9955E-05 9.9955E-05 9.9955E-05 0.172243 9.9955E-05 9.9955E-05
0.594608 0.097993 0.0132849 0.105643 0.0580245 0.130347 9.999E-05
0.399856 9.9982E-05 0.0476653 0.0134167 0.0955902 0.443272 9.9982E-05
0.9994 9.995E-05 9.995E-05 9.995E-05 9.995E-05 9.995E-05 9.995E-05
0.9994 9.995E-05 9.995E-05 9.995E-05 9.995E-05 9.995E-05 9.995E-05
0.937628 0.020651 0.00863802 9.9973E-05 0.0327829 9.9973E-05 9.9973E-05
0.870915 0.00748668 9.998E-05 9.998E-05 0.0287868 0.0828366 0.00977523
0.86121 9.9973E-05 9.9973E-05 0.0290209 0.0101984 0.0992703 9.9973E-05
0.902449 9.9982E-05 0.01437 0.0212746 0.0330626 9.9982E-05 0.0286442
9.9973E-05 0.000399424 0.0583574 9.9973E-05 0.872926 0.0680175 9.9973E-05
0.051075 0.106336 9.9973E-05 9.9973E-05 0.689709 0.15258 9.9973E-05
0.0953113 9.998E-05 0.00277754 0.103211 0.796253 9.998E-05 0.00224756
9.997E-05 0.0500494 0.22669 9.997E-05 0.696439 0.0265213 9.997E-05
0.180944 9.997E-05 0.0250703 9.997E-05 0.783247 0.0104388 9.997E-05
9.997E-05 9.997E-05 9.997E-05 0.0135203 0.485154 0.413317 0.0877086
0.112515 9.9982E-05 0.0244633 0.0276112 0.77398 0.0612297 9.9982E-05
9.99551E-05 9.99551E-05 9.99551E-05 9.99551E-05 0.964276 9.99551E-05 0.0352246
9.997E-05 0.0203759 9.997E-05 9.997E-05 0.792949 0.175833 0.010542
9.995E-05 9.995E-05 9.995E-05 9.995E-05 0.9994 9.995E-05 9.995E-05
9.995E-05 9.995E-05 9.995E-05 9.995E-05 0.9994 9.995E-05 9.995E-05
9.995E-05 9.995E-05 9.995E-05 9.995E-05 0.9994 9.995E-05 9.995E-05
9.9955E-05 9.9955E-05 9.9955E-05 9.9955E-05 0.989964 9.9955E-05 0.00953593
0.0173998 9.996E-05 9.996E-05 0.0224862 0.959714 9.996E-05 9.996E-05
9.9964E-05 9.9964E-05 9.9964E-05 9.9964E-05 0.965873 0.0301388 0.00358883
9.997E-05 9.997E-05 0.100088 9.997E-05 0.675368 0.215135 0.00910876
0.0146874 9.9973E-05 9.9973E-05 0.0168023 0.954472 9.9973E-05 0.0137382
0.110612 0.033556 9.998E-05 9.998E-05 0.654706 0.144006 0.0569203
0.0580933 0.0666399 9.9982E-05 0.0418363 0.340309 9.9982E-05 0.492921
9.995E-05 9.995E-05 9.995E-05 9.995E-05 9.995E-05 9.995E-05 0.9994
0.112582 9.999E-05 0.107864 0.0331304 0.576706 0.111697 0.057921
