0.9994 9.995E-05 9.995E-05 9.995E-05 9.995E-05 9.995E-05 9.995E-05
0.377289 9.9973E-05 0.473227 0.088626 9.9973E-05 0.0605578 9.9973E-05
0.382053 9.9973E-05 0.427318 0.0916945 9.9973E-05 0.0986345 9.9973E-05
0.279007 9.99551E-05 0.720493 9.99551E-05 9.99551E-05 9.99551E-05 9.99551E-05
0.15373 0.0275443 0.818326 9.9964E-05 9.9964E-05 9.9964E-05 9.9964E-05
0.239969 9.9964E-05 0.74257 0.0170605 9.9964E-05 9.9964E-05 9.9964E-05
0.387064 9.9955E-05 0.612436 9.9955E-05 9.9955E-05 9.9955E-05 9.9955E-05
0.348494 9.9973E-05 0.620156 0.021579 9.9973E-05 0.00947106 9.9973E-05
0.266288 9.9973E-05 0.695928 0.0140342 9.9973E-05 0.0234502 9.9973E-05
0.9994 9.995E-05 9.995E-05 9.995E-05 9.995E-05 9.995E-05 9.995E-05
0.9994 9.995E-05 9.995E-05 9.995E-05 9.995E-05 9.995E-05 9.995E-05
0.9994 9.995E-05 9.995E-05 9.995E-05 9.995E-05 9.995E-05 9.995E-05
0.997759 9.9955E-05 9.9955E-05 9.9955E-05 0.00174098 9.9955E-05 9.9955E-05
0.918992 0.0682247 9.9964E-05 9.9964E-05 0.0123834 9.9964E-05 9.9964E-05
0.936622 9.9964E-05 9.9964E-05 0.0189248 9.9964E-05 9.9964E-05 0.0440529
0.23366 9.9964E-05 0.691929 9.9964E-05 0.0740113 9.9964E-05 9.9964E-05
0.219353 0.0911376 0.521365 0.0220708 0.0476593 0.0837356 0.0146789
0.270899 9.9955E-05 0.728602 9.9955E-05 9.9955E-05 9.9955E-05 9.9955E-05
0.0297995 0.00804751 0.961753 9.99641E-05 9.99641E-05 9.99641E-05 9.99641E-05
9.99551E-05 0.0257026 0.973798 9.99551E-05 9.99551E-05 9.99551E-05 9.99551E-05
0.145758 9.9973E-05 0.810393 0.0214741 0.0220748 9.9973E-05 9.9973E-05
0.0295445 0.05565 0.898934 9.9973E-05 9.9973E-05 0.0155715 9.9973E-05
0.0389877 0.110508 0.850105 9.9964E-05 9.9964E-05 9.9964E-05 9.9964E-05
0.072371 9.9955E-05 0.927129 9.9955E-05 9.9955E-05 9.9955E-05 9.9955E-05
0.0291516 9.99551E-05 0.970349 9.99551E-05 9.99551E-05 9.99551E-05 9.99551E-05
0.0363703 0.006674 0.904022 9.9991E-05 0.0223204 0.00592093 0.0245922
0.0239987 0.0122931 0.80971 9.9982E-05 0.110487 0.0433109 9.9982E-05
0.0310179 9.99551E-05 0.968482 9.99551E-05 9.99551E-05 9.99551E-05 9.99551E-05
0.100501 0.0284144 0.86476 9.9973E-05 0.0060238 9.9973E-05 9.9973E-05
0.109026 9.9955E-05 0.890474 9.9955E-05 9.9955E-05 9.9955E-05 9.9955E-05
0.117918 0.038501 0.843181 9.99641E-05 9.99641E-05 9.99641E-05 9.99641E-05
0.0546457 9.9982E-05 0.856852 0.0156293 0.0599788 0.0126945 9.9982E-05
0.0249933 0.0054755 0.92567 9.9982E-05 0.00444231 0.0392184 9.9982E-05
0.0883714 0.008817 0.790293 9.9982E-05 9.9982E-05 0.0361659 0.0761525
0.0399275 0.117921 0.828379 9.9973E-05 9.9973E-05 0.0134721 9.9973E-05
0.149676 9.9955E-05 0.849824 9.9955E-05 9.9955E-05 9.9955E-05 9.9955E-05
9.9955E-05 0.0301598 0.96934 9.9955E-05 9.9955E-05 9.9955E-05 9.9955E-05
0.0166636 0.0832222 0.787141 9.9991E-05 0.084343 0.0188665 0.00966397
0.0566039 0.00336456 0.764901 0.0468781 0.0886781 0.0394745 9.9991E-05
9.9982E-05 0.0108267 0.906382 0.0249965 0.0316457 9.9982E-05 0.0259492
9.9982E-05 9.9982E-05 0.670455 0.0546683 0.0432271 0.0870649 0.144385
0.0261293 9.9991E-05 0.648885 0.0872127 0.0395452 0.0759482 0.12218
0.0265794 9.9982E-05 0.709902 0.0653481 9.9982E-05 0.114995 0.0829761
9.9982E-05 9.9982E-05 0.756067 0.0423941 0.0394674 0.0660999 0.0957716
9.9982E-05 0.0118271 0.794481 9.9982E-05 0.0713353 0.0631883 0.0589684
9.9964E-05 9.9964E-05 0.937659 9.9964E-05 0.0247093 0.0372314 9.9964E-05
9.9973E-05 9.9973E-05 0.882581 9.9973E-05 0.0566931 0.0396633 0.0207631
9.9982E-05 0.035273 0.858746 9.9982E-05 0.0318714 0.042507 0.0314026
0.0552401 0.00221913 0.658162 9.9991E-05 0.107284 0.060086 0.116909
0.127198 9.9982E-05 0.725655 0.0494916 9.9982E-05 0.0201209 0.0773346
0.015292 9.9982E-05 0.786831 0.0587185 0.0782651 0.0606938 9.9982E-05
9.9982E-05 0.0343568 0.80241 9.9982E-05 0.0290461 0.0712773 0.0627095
9.9982E-05 0.00119305 0.835359 9.9982E-05 0.0698246 0.0381164 0.0553072
0.0188713 0.143261 0.660871 0.0218336 0.047222 0.0131593 0.0947824
0.0451023 0.0688453 0.678993 0.0498554 0.0277521 0.0274668 0.101985
9.9982E-05 9.9982E-05 0.696296 0.041306 0.0161115 0.140295 0.105791
0.0431538 0.00643429 0.684245 0.0198063 0.0940862 0.0854771 0.0667972
9.9982E-05 0.0197563 0.827906 0.0425848 0.0817774 9.9982E-05 0.0277753
9.9964E-05 9.9964E-05 0.897589 9.9964E-05 0.0444387 0.0575728 9.9964E-05
0.0568336 0.0231925 0.762347 0.0430529 0.105326 0.00914811 9.9991E-05
9.9973E-05 0.036496 0.733253 9.9973E-05 0.109792 9.9973E-05 0.120159
0.000673689 9.9982E-05 0.766697 0.0570586 0.0147016 9.9982E-05 0.160669
9.9991E-05 0.0545322 0.655924 0.0694626 0.0666077 0.0657738 0.0875999
9.9991E-05 0.132126 0.603155 0.0312113 0.0453225 0.0712978 0.116787
9.9973E-05 9.9973E-05 0.809878 0.0301752 0.0481778 9.9973E-05 0.111469
9.9991E-05 0.104587 0.701174 0.0203689 0.0133859 0.098847 0.0615375
9.9982E-05 9.9982E-05 0.711999 0.102514 0.0540036 0.0101898 0.121093
0.00589019 0.134892 0.609023 0.0439594 9.9991E-05 0.0669287 0.139206
9.9991E-05 0.022343 0.797227 0.0266457 0.0410985 0.0668598 0.0457262
9.9991E-05 0.104666 0.647877 0.03426 0.00451891 0.0780211 0.130557
0.0136847 9.9982E-05 0.767573 0.0645731 9.9982E-05 0.0747052 0.0792644
9.9991E-05 0.0566482 0.663176 0.0515384 0.0596336 0.0671368 0.101767
0.0466539 0.0158073 0.784524 0.0190964 0.0437167 0.0310481 0.0591541
9.9973E-05 9.9973E-05 0.811669 9.9973E-05 0.109298 0.0203217 0.058412
0.017148 0.0638231 0.651322 0.00385679 0.0177372 0.0905213 0.155592
9.9991E-05 0.0275329 0.718029 0.0487567 0.109295 0.029826 0.0664605
9.9982E-05 0.00573976 0.773946 0.0619903 9.9982E-05 0.0613824 0.0967414
9.9982E-05 0.145105 0.61578 0.129561 9.9982E-05 0.0395567 0.0697984
9.9991E-05 0.0998761 0.439841 0.114563 0.0735217 0.0732283 0.19887
9.9991E-05 0.134714 0.3902 0.137144 0.105043 0.0552029 0.177596
9.9991E-05 0.0730848 0.420201 0.108061 0.0980625 0.0780806 0.222409
9.9991E-05 0.11164 0.439425 0.176375 0.0570497 0.0373731 0.178038
9.9991E-05 0.104789 0.434263 0.115989 0.093748 0.0590677 0.192043
0.00469061 9.9982E-05 0.651485 0.148339 0.0374417 9.9982E-05 0.157844
9.9991E-05 0.0182216 0.385177 0.277556 0.100604 0.089562 0.12878
0.0102364 0.0239196 0.480999 0.185978 0.0611919 0.1164 0.121276
0.0239231 0.0482957 0.508305 0.116778 0.0827456 0.0967462 0.123206
9.9973E-05 9.9973E-05 0.567192 0.152785 0.0793421 9.9973E-05 0.200381
9.9991E-05 0.0580051 0.496353 0.14093 0.073984 0.0936742 0.136954
9.9991E-05 0.0102666 0.437186 0.137102 0.132537 0.0962984 0.186509
0.0331104 0.199455 0.445218 0.162012 9.9991E-05 0.075452 0.0846531
0.0152957 0.185487 0.410288 0.149493 9.9991E-05 0.0804163 0.158921
0.0162234 9.9991E-05 0.356276 0.226612 0.195113 0.0981364 0.107539
9.995E-05 9.995E-05 9.995E-05 0.9994 9.995E-05 9.995E-05 9.995E-05
0.011647 0.0126671 9.9973E-05 0.946586 9.9973E-05 0.0288003 9.9973E-05
9.9982E-05 0.0843578 0.0449163 0.813848 0.0443725 0.0123052 9.9982E-05
9.995E-05 9.995E-05 9.995E-05 0.9994 9.995E-05 9.995E-05 9.995E-05
9.995E-05 9.995E-05 9.995E-05 0.9994 9.995E-05 9.995E-05 9.995E-05
9.995E-05 9.995E-05 9.995E-05 0.9994 9.995E-05 9.995E-05 9.995E-05
9.995E-05 9.995E-05 9.995E-05 0.9994 9.995E-05 9.995E-05 9.995E-05
9.9973E-05 9.9973E-05 0.0463418 0.901443 0.0161086 9.9973E-05 0.035807
9.995E-05 9.995E-05 9.995E-05 0.9994 9.995E-05 9.995E-05 9.995E-05
9.995E-05 9.995E-05 9.995E-05 0.9994 9.995E-05 9.995E-05 9.995E-05
9.9991E-05 0.0714965 0.281798 0.106534 0.119539 0.0995152 0.321017
9.9973E-05 0.043681 0.0563649 0.888968 0.0106861 9.9973E-05 9.9973E-05
9.995E-05 9.995E-05 9.995E-05 0.9994 9.995E-05 9.995E-05 9.995E-05
0.00830618 9.9964E-05 0.0128535 0.97844 9.9964E-05 9.9964E-05 9.9964E-05
0.0033721 0.115828 0.276692 0.130558 0.134816 0.0405946 0.29814
9.9991E-05 0.106967 0.305736 0.12384 0.0980076 0.100011 0.265339
9.9991E-05 0.127126 0.319554 0.135205 0.08876 0.065692 0.263562
9.9991E-05 0.105904 0.282413 0.188392 0.117341 0.0504257 0.255425
9.9991E-05 0.126938 0.307839 0.119205 0.107362 0.054428 0.284127
9.9982E-05 0.218505 0.394548 0.120821 0.0566068 9.9982E-05 0.20932
9.9991E-05 0.13549 0.392401 0.189198 0.0479672 0.0325522 0.202291
9.9991E-05 0.190887 0.336463 0.144689 0.0563718 0.0266465 0.244843
9.9991E-05 0.192178 0.248288 0.204411 0.0754758 0.114862 0.164685
9.9991E-05 0.15679 0.265737 0.207696 0.0758189 0.0867273 0.20713
9.9991E-05 0.103451 0.354968 0.146494 0.161966 0.0789075 0.154114
9.9991E-05 0.211985 0.285854 0.197862 0.0628804 0.049254 0.192064
9.9991E-05 0.146328 0.297184 0.0823912 0.120406 0.107264 0.246327
9.9991E-05 0.115046 0.343375 0.13248 0.0966866 0.0721443 0.240169
9.9964E-05 0.0119964 9.9964E-05 9.9964E-05 0.0338628 9.9964E-05 0.953741
0.0249438 0.032806 9.9982E-05 0.031308 0.027143 9.9982E-05 0.883599
9.995E-05 9.995E-05 9.995E-05 9.995E-05 9.995E-05 9.995E-05 0.9994
9.9955E-05 9.9955E-05 0.00778386 9.9955E-05 9.9955E-05 9.9955E-05 0.991716
9.995E-05 9.995E-05 9.995E-05 9.995E-05 9.995E-05 9.995E-05 0.9994
9.995E-05 9.995E-05 9.995E-05 9.995E-05 9.995E-05 9.995E-05 0.9994
9.995E-05 9.995E-05 9.995E-05 9.995E-05 9.995E-05 9.995E-05 0.9994
0.0186229 0.0993689 0.0707247 9.9982E-05 0.00635834 9.9982E-05 0.804725
9.995E-05 9.995E-05 9.995E-05 9.995E-05 9.995E-05 9.995E-05 0.9994
9.995E-05 9.995E-05 9.995E-05 9.995E-05 9.995E-05 9.995E-05 0.9994
0.0306722 0.101259 9.9982E-05 0.0265222 9.9982E-05 0.00735511 0.833991
9.995E-05 9.995E-05 9.995E-05 9.995E-05 9.995E-05 9.995E-05 0.9994
9.9973E-05 0.0436362 0.0858705 9.9973E-05 9.9973E-05 0.0988458 0.771348
9.995E-05 9.995E-05 9.995E-05 9.995E-05 9.995E-05 0.9994 9.995E-05
9.9991E-05 0.0981727 0.27544 0.205654 0.109049 0.111945 0.19964
9.995E-05 9.995E-05 9.995E-05 9.995E-05 9.995E-05 0.9994 9.995E-05
9.995E-05 9.995E-05 9.995E-05 9.995E-05 9.995E-05 0.9994 9.995E-05
9.99551E-05 0.0548165 9.99551E-05 9.99551E-05 9.99551E-05 0.944684 9.99551E-05
0.00895394 9.9991E-05 0.0484251 0.0253327 0.0102031 0.85183 0.0551552
9.995E-05 9.995E-05 9.995E-05 9.995E-05 9.995E-05 0.9994 9.995E-05
9.9964E-05 0.075905 9.9964E-05 9.9964E-05 9.9964E-05 0.906737 0.0169578
9.995E-05 9.995E-05 9.995E-05 9.995E-05 9.995E-05 0.9994 9.995E-05
9.9973E-05 9.9973E-05 0.0309586 0.0119049 9.9973E-05 0.951881 0.00495594
9.995E-05 9.995E-05 9.995E-05 9.995E-05 9.995E-05 0.9994 9.995E-05
9.9955E-05 9.9955E-05 9.9955E-05 9.9955E-05 0.0280792 0.971421 9.9955E-05
0.00469225 9.9982E-05 0.00144442 9.9982E-05 0.0277263 0.944015 0.0219219
9.9991E-05 0.0446749 0.0217184 0.0289368 0.0409058 0.817996 0.0456682
0.0127429 0.0140425 9.9973E-05 9.9973E-05 0.0151789 0.957736 9.9973E-05
9.9982E-05 0.0147318 9.9982E-05 0.0288983 0.0235077 0.904673 0.027989
0.0137808 0.0354452 0.00945593 9.9982E-05 0.0450084 0.89611 9.9982E-05
0.0116858 0.0138907 0.0417228 0.0230987 0.0197259 0.889776 9.9991E-05
9.9973E-05 0.0230969 9.9973E-05 0.0281677 9.9973E-05 0.920673 0.0277629
0.0412183 0.160876 0.232247 0.10296 0.28316 0.0700746 0.109464
0.00233029 0.184573 0.289836 0.0801705 0.283219 0.0611865 0.0986849
0.0163666 0.203136 0.270909 0.101472 0.238456 0.0684485 0.101211
0.0193091 0.15022 0.310248 0.0733073 0.317039 0.0643304 0.0655466
0.016685 0.973177 9.9973E-05 9.9973E-05 9.9973E-05 0.0009765 0.00886171
9.995E-05 0.9994 9.995E-05 9.995E-05 9.995E-05 9.995E-05 9.995E-05
9.995E-05 0.9994 9.995E-05 9.995E-05 9.995E-05 9.995E-05 9.995E-05
9.995E-05 0.9994 9.995E-05 9.995E-05 9.995E-05 9.995E-05 9.995E-05
9.995E-05 0.9994 9.995E-05 9.995E-05 9.995E-05 9.995E-05 9.995E-05
0.00690033 0.901494 0.0169979 0.0111207 0.0408072 0.0225803 9.9991E-05
9.9964E-05 0.996875 9.9964E-05 0.000409978 9.9964E-05 9.9964E-05 0.00231491
0.0448641 0.788968 0.102973 9.9982E-05 0.0212722 9.9982E-05 0.0417223
0.00910342 0.923505 0.0441778 9.9982E-05 0.00808473 0.0149288 9.9982E-05
0.00537126 9.9964E-05 9.9964E-05 9.9964E-05 0.977377 9.9964E-05 0.0168515
9.995E-05 9.995E-05 9.995E-05 9.995E-05 0.9994 9.995E-05 9.995E-05
9.995E-05 9.995E-05 9.995E-05 9.995E-05 0.9994 9.995E-05 9.995E-05
9.995E-05 9.995E-05 9.995E-05 9.995E-05 0.9994 9.995E-05 9.995E-05
9.995E-05 9.995E-05 9.995E-05 9.995E-05 0.9994 9.995E-05 9.995E-05
9.9982E-05 0.0553507 0.0962151 0.0272009 0.814968 0.00606547 9.9982E-05
9.995E-05 9.995E-05 9.995E-05 9.995E-05 0.9994 9.995E-05 9.995E-05
9.995E-05 9.995E-05 9.995E-05 9.995E-05 0.9994 9.995E-05 9.995E-05
0.00961489 9.9964E-05 9.9964E-05 9.9964E-05 0.98316 9.9964E-05 0.00682567
9.9964E-05 9.9964E-05 9.9964E-05 9.9964E-05 0.958298 0.0111899 0.0301118
9.995E-05 9.995E-05 9.995E-05 9.995E-05 0.9994 9.995E-05 9.995E-05
9.995E-05 9.995E-05 9.995E-05 9.995E-05 0.9994 9.995E-05 9.995E-05
