9.995E-05 9.995E-05 0.9994 9.995E-05 9.995E-05 9.995E-05 9.995E-05
9.9982E-05 0.0580886 0.357235 0.0903836 9.9982E-05 0.026945 0.467148
9.9973E-05 0.106169 0.381872 0.0578204 9.9973E-05 9.9973E-05 0.453839
9.99551E-05 9.99551E-05 0.302924 9.99551E-05 9.99551E-05 9.99551E-05 0.696576
9.9973E-05 9.9973E-05 0.21479 9.9973E-05 0.0915371 0.00956633 0.683807
9.9964E-05 0.00917292 0.22369 9.9964E-05 9.9964E-05 9.9964E-05 0.766737
9.99551E-05 9.99551E-05 0.371447 9.99551E-05 9.99551E-05 9.99551E-05 0.628053
9.9973E-05 0.0689975 0.367765 0.019308 9.9973E-05 9.9973E-05 0.543629
9.9964E-05 0.0565632 0.260781 9.9964E-05 9.9964E-05 9.9964E-05 0.682256
9.995E-05 9.995E-05 0.9994 9.995E-05 9.995E-05 9.995E-05 9.995E-05
9.995E-05 9.995E-05 0.9994 9.995E-05 9.995E-05 9.995E-05 9.995E-05
9.995E-05 9.995E-05 0.9994 9.995E-05 9.995E-05 9.995E-05 9.995E-05
0.00165389 9.9955E-05 0.997846 9.9955E-05 9.9955E-05 9.9955E-05 9.9955E-05
9.9964E-05 0.00823418 0.946651 9.9964E-05 9.9964E-05 9.9964E-05 0.0447148
0.00998475 0.0571184 0.91123 9.9973E-05 0.021367 9.9973E-05 9.9973E-05
9.9973E-05 0.0338733 0.214262 9.9973E-05 9.9973E-05 0.0194983 0.732067
0.0323672 0.0736407 0.289518 0.023922 0.118067 0.0600401 0.402446
9.9955E-05 9.9955E-05 0.283 9.9955E-05 9.9955E-05 9.9955E-05 0.716501
9.99641E-05 9.99641E-05 0.00830646 9.99641E-05 0.0120389 9.99641E-05 0.979255
9.99551E-05 9.99551E-05 9.99551E-05 9.99551E-05 0.0566514 9.99551E-05 0.942849
9.9964E-05 9.9964E-05 0.133373 9.9964E-05 9.9964E-05 0.00306874 0.863159
9.9973E-05 0.0413379 0.0474581 9.9973E-05 0.0819544 9.9973E-05 0.82895
9.9973E-05 0.0072593 0.0486508 9.9973E-05 0.0427386 9.9973E-05 0.901051
9.9955E-05 9.9955E-05 0.070354 9.9955E-05 9.9955E-05 9.9955E-05 0.929146
9.99551E-05 9.99551E-05 0.0696201 9.99551E-05 9.99551E-05 9.99551E-05 0.92988
0.0895908 9.9973E-05 0.0405611 9.9973E-05 9.9973E-05 0.0445672 0.824981
9.9982E-05 0.0663191 0.0756134 9.9982E-05 0.00421847 0.0789895 0.77466
9.99551E-05 9.99551E-05 0.0437631 9.99551E-05 9.99551E-05 9.99551E-05 0.955737
9.9964E-05 9.9964E-05 0.0855337 9.9964E-05 0.00992551 9.9964E-05 0.904141
9.9955E-05 9.9955E-05 0.131004 9.9955E-05 9.9955E-05 9.9955E-05 0.868497
9.9964E-05 9.9964E-05 0.131988 9.9964E-05 0.0417967 9.9964E-05 0.825816
9.9973E-05 9.9973E-05 0.0374164 9.9973E-05 0.0167777 0.0260395 0.919466
9.9982E-05 0.0250805 0.0446494 0.00035113 0.00601666 9.9982E-05 0.923702
0.0570345 0.0511364 0.113731 9.9982E-05 9.9982E-05 0.0219821 0.755916
9.9964E-05 9.9964E-05 0.025474 9.9964E-05 0.150578 9.9964E-05 0.823548
9.9955E-05 9.9955E-05 0.117913 9.9955E-05 9.9955E-05 9.9955E-05 0.881587
9.9955E-05 9.9955E-05 9.9955E-05 9.9955E-05 0.0562375 9.9955E-05 0.943263
9.9982E-05 0.0257237 0.0147831 9.9982E-05 0.0776546 0.0534444 0.828194
9.999E-05 0.0649839 0.0343867 0.0530664 0.00994458 0.067958 0.76956
0.0350964 9.9991E-05 0.0323662 0.0348401 0.0157221 0.0487436 0.833132
0.147279 0.121228 9.9982E-05 0.0828842 9.9982E-05 0.0162197 0.632189
0.11633 0.0388756 9.9991E-05 0.0388741 0.101767 0.0895621 0.614491
0.128713 0.096134 0.0590083 0.0612381 0.00317841 9.9991E-05 0.651628
0.11424 0.0639662 9.9982E-05 0.0256114 9.9982E-05 0.0585164 0.737466
0.0799865 0.0583778 9.9973E-05 9.9973E-05 9.9973E-05 0.0639545 0.797381
9.9964E-05 0.0596231 9.9964E-05 9.9964E-05 9.9964E-05 0.0394646 0.900512
0.0164077 0.0413507 9.9973E-05 9.9973E-05 9.9973E-05 0.0401507 0.901791
0.0568903 0.0434523 9.9982E-05 9.9982E-05 0.0503588 0.0518179 0.797281
0.120228 0.050638 0.0703081 9.99878E-05 9.99878E-05 0.117267 0.641359
0.0890792 0.010403 0.129251 0.0335893 9.9991E-05 0.00501498 0.732562
0.0472558 0.0536445 0.03118 0.0430463 9.9991E-05 0.0793999 0.745374
0.0521989 0.100041 9.9982E-05 9.9982E-05 0.035175 0.0598777 0.752507
0.00157815 0.0516833 9.9982E-05 9.9982E-05 0.0238781 0.0905035 0.832157
0.0962406 9.9991E-05 0.0218805 0.0259233 0.0818492 0.0724573 0.701549
0.0997346 0.0258768 0.0257144 0.0603608 0.0376218 0.0460246 0.704667
0.123539 0.11814 9.9982E-05 0.0125349 9.9982E-05 0.0494514 0.696135
0.069446 0.0972983 0.0584752 0.0163763 0.011907 0.0758645 0.670633
0.0779047 0.0154524 9.9991E-05 0.0562788 0.0512459 0.0515938 0.747424
9.9964E-05 0.0682078 9.9964E-05 9.9964E-05 9.9964E-05 0.0657672 0.865625
0.0448491 0.0106358 0.0113718 0.0609778 0.0198363 0.104065 0.748264
0.118348 0.00473174 9.9991E-05 0.000119778 0.0368387 0.0887508 0.751111
0.166333 0.00942447 9.9973E-05 0.0497896 9.9973E-05 9.9973E-05 0.774153
0.0689252 0.0941259 9.9991E-05 0.0600631 0.019016 0.0742354 0.683534
0.10794 0.0490265 9.9991E-05 0.0567704 0.113302 0.0414386 0.631423
0.113519 9.9973E-05 9.9973E-05 0.0225882 9.9973E-05 0.0427792 0.820814
0.0693385 0.0804477 9.9991E-05 0.0296515 0.106983 0.0109561 0.702524
0.133377 0.0411175 9.9991E-05 0.0883542 0.0251047 0.0460907 0.665856
0.118697 0.103844 9.9991E-05 0.0902449 0.140081 0.0396218 0.507411
0.0427163 0.00484064 9.9991E-05 0.0447818 0.0295683 0.0397873 0.838206
0.125286 0.0807546 9.9982E-05 0.0217527 0.0731041 9.9982E-05 0.698903
0.081202 0.0826088 0.0317162 0.0644743 9.9982E-05 9.9982E-05 0.739799
0.0992243 0.092125 9.9991E-05 0.0504295 0.049017 0.0507919 0.658312
0.00159531 0.0126695 0.0375052 0.0344667 0.0075171 0.0617549 0.844491
0.0575259 0.0348197 0.00995005 9.9982E-05 9.9982E-05 0.137719 0.759785
0.17842 0.0882483 0.0120818 0.0152627 0.0802699 0.0267513 0.598966
0.0604786 0.0188512 9.9991E-05 0.0503141 0.0193097 0.10104 0.749906
0.0970684 0.0395299 9.9982E-05 0.108639 9.9982E-05 0.0518067 0.702756
0.0616886 0.0477065 0.00122138 0.12576 0.125325 9.9991E-05 0.638199
0.17018 0.117627 9.9991E-05 0.0947961 0.0542285 0.101391 0.461677
0.197163 0.053665 9.9991E-05 0.146452 0.102699 0.0936392 0.406282
0.230732 0.0774138 0.00701748 0.0865393 0.0384617 0.0888844 0.470952
0.225299 0.0565865 9.9991E-05 0.130113 0.115231 0.0706327 0.402038
0.206252 0.0956242 9.9991E-05 0.131122 0.0880997 0.101636 0.377166
0.174636 0.0309799 9.9991E-05 0.163258 0.0325865 0.0826766 0.515763
0.17701 0.067782 9.9991E-05 0.230742 0.0188223 0.071981 0.433563
0.126191 0.126797 0.00340556 0.142836 0.0538912 0.100513 0.446366
0.128069 0.0977904 0.0164978 0.0826154 0.0517531 0.0888336 0.534441
0.197207 9.9973E-05 9.9973E-05 0.134589 9.9973E-05 0.106319 0.561585
0.124909 0.11335 9.9991E-05 0.149472 0.0955036 0.109206 0.407459
0.203293 0.109115 9.9991E-05 0.129996 0.0210867 0.149408 0.387002
0.11059 0.0775955 0.0227451 0.11551 0.200839 9.9991E-05 0.472619
0.107517 0.0830912 0.0211729 0.0575587 0.224299 9.9991E-05 0.506261
0.111106 0.114123 0.0217895 0.236236 9.9991E-05 0.173494 0.343152
9.995E-05 9.995E-05 9.995E-05 0.9994 9.995E-05 9.995E-05 9.995E-05
0.00496706 0.0441029 0.0283629 0.922267 9.9973E-05 9.9973E-05 9.9973E-05
0.0246157 0.00601415 0.0479495 0.842191 0.0737929 0.00533696 9.9991E-05
9.995E-05 9.995E-05 9.995E-05 0.9994 9.995E-05 9.995E-05 9.995E-05
9.995E-05 9.995E-05 9.995E-05 0.9994 9.995E-05 9.995E-05 9.995E-05
9.995E-05 9.995E-05 9.995E-05 0.9994 9.995E-05 9.995E-05 9.995E-05
9.995E-05 9.995E-05 9.995E-05 0.9994 9.995E-05 9.995E-05 9.995E-05
0.0604416 9.9991E-05 0.000289054 0.887986 0.0147158 0.00357293 0.0328947
9.995E-05 9.995E-05 9.995E-05 0.9994 9.995E-05 9.995E-05 9.995E-05
9.995E-05 9.995E-05 9.995E-05 0.9994 9.995E-05 9.995E-05 9.995E-05
0.333146 0.11786 9.9991E-05 0.104775 0.0777063 0.0931386 0.273275
9.9973E-05 9.9973E-05 9.9973E-05 0.879968 0.0457905 0.04052 0.0334211
9.9964E-05 9.9964E-05 9.9964E-05 0.964851 0.00600651 0.0287424 9.9964E-05
9.9955E-05 9.9955E-05 9.9955E-05 0.979087 9.9955E-05 0.0204134 9.9955E-05
0.30608 0.0933789 9.9991E-05 0.1208 0.105518 0.129942 0.24418
0.2865 0.0708938 9.9991E-05 0.135319 0.0870413 0.130437 0.28971
0.191156 0.0893798 9.9991E-05 0.166649 0.181153 0.122434 0.249128
0.27907 0.0840376 9.9991E-05 0.16534 0.0740731 0.141812 0.255568
0.311542 0.0555631 9.9991E-05 0.157796 0.0989165 0.108907 0.267175
0.293602 0.0511244 9.9991E-05 0.112265 0.129656 0.0490385 0.364214
0.184917 0.0263597 0.0040286 0.129023 0.181028 0.0546222 0.420022
0.282021 0.011591 9.9991E-05 0.173153 0.145754 0.0653514 0.32203
0.181706 0.0993831 9.9991E-05 0.244378 0.140992 0.0992429 0.234199
0.237424 0.0869194 9.9991E-05 0.204973 0.130647 0.0902368 0.2497
0.184714 0.0634523 9.9991E-05 0.13224 0.124227 0.0883448 0.406922
0.142696 0.0668885 9.9991E-05 0.210781 0.147337 0.0920345 0.340164
0.274143 0.0763843 9.9991E-05 0.101918 0.118948 0.127832 0.300674
0.260502 0.082895 9.9991E-05 0.154947 0.074232 0.0988733 0.32845
0.947501 0.00626931 9.9973E-05 9.9973E-05 0.0322873 0.0136427 9.9973E-05
0.876302 0.00479773 0.00549976 0.0177721 0.0547243 0.0408046 9.9991E-05
0.9994 9.995E-05 9.995E-05 9.995E-05 9.995E-05 9.995E-05 9.995E-05
0.9994 9.995E-05 9.995E-05 9.995E-05 9.995E-05 9.995E-05 9.995E-05
0.9994 9.995E-05 9.995E-05 9.995E-05 9.995E-05 9.995E-05 9.995E-05
0.9994 9.995E-05 9.995E-05 9.995E-05 9.995E-05 9.995E-05 9.995E-05
0.985298 9.9964E-05 9.9964E-05 9.9964E-05 0.0116566 0.00264567 9.9964E-05
0.716785 9.9982E-05 0.0342562 9.9982E-05 0.135295 0.0536044 0.0598598
0.9994 9.995E-05 9.995E-05 9.995E-05 9.995E-05 9.995E-05 9.995E-05
0.9994 9.995E-05 9.995E-05 9.995E-05 9.995E-05 9.995E-05 9.995E-05
0.878585 9.9973E-05 0.0262754 0.0212679 0.0735718 9.9973E-05 9.9973E-05
0.9994 9.995E-05 9.995E-05 9.995E-05 9.995E-05 9.995E-05 9.995E-05
0.802048 0.0946666 9.9982E-05 9.9982E-05 0.0346097 0.00669686 0.0617786
9.995E-05 0.9994 9.995E-05 9.995E-05 9.995E-05 9.995E-05 9.995E-05
0.224905 0.0963439 9.9991E-05 0.227927 0.0837104 0.0863278 0.280686
9.995E-05 0.9994 9.995E-05 9.995E-05 9.995E-05 9.995E-05 9.995E-05
9.995E-05 0.9994 9.995E-05 9.995E-05 9.995E-05 9.995E-05 9.995E-05
9.9964E-05 0.929959 9.9964E-05 0.00631453 0.0633262 9.9964E-05 9.9964E-05
0.0321179 0.782001 9.9991E-05 0.00880366 0.0315804 0.0335907 0.111806
9.995E-05 0.9994 9.995E-05 9.995E-05 9.995E-05 9.995E-05 9.995E-05
0.0305356 0.837332 9.9982E-05 0.00479097 0.0297824 9.9982E-05 0.0973591
9.9955E-05 0.990747 9.9955E-05 9.9955E-05 0.00875304 9.9955E-05 9.9955E-05
0.0122683 0.960569 9.9973E-05 0.0258311 9.9973E-05 9.9973E-05 0.00103174
9.995E-05 0.9994 9.995E-05 9.995E-05 9.995E-05 9.995E-05 9.995E-05
0.0124012 0.987099 9.9955E-05 9.9955E-05 9.9955E-05 9.9955E-05 9.9955E-05
0.0149382 0.935233 9.9973E-05 0.0047704 9.9973E-05 9.9973E-05 0.0447589
0.041108 0.824027 9.9973E-05 0.0773296 9.9973E-05 0.0572357 9.9973E-05
0.0223804 0.906505 0.0149114 0.0312746 9.9982E-05 0.0247289 9.9982E-05
0.0279888 0.870216 0.00420616 0.00512291 0.0575379 9.9991E-05 0.0348282
0.0140086 0.861376 0.00687436 0.00261818 0.0706302 0.0436077 0.000885119
0.0244108 0.790987 0.0159273 0.0341309 0.0233352 0.0706776 0.0405311
0.0342894 0.929928 0.000796071 0.00873592 0.00389948 0.0222509 9.9991E-05
0.136812 0.0437195 0.0132593 0.0922735 0.127302 0.283565 0.303068
0.111045 0.0380937 0.0133547 0.0717026 0.156472 0.236408 0.372925
0.067128 0.0602899 0.0261234 0.120966 0.203215 0.30549 0.216787
0.084832 0.0999924 0.0264822 0.0895658 0.150037 0.287693 0.261398
0.0539879 9.9973E-05 9.9973E-05 9.9973E-05 0.930429 0.00235194 0.0129315
9.995E-05 9.995E-05 9.995E-05 9.995E-05 0.9994 9.995E-05 9.995E-05
9.9964E-05 0.00569634 9.9964E-05 9.9964E-05 0.982867 0.011037 9.9964E-05
9.995E-05 9.995E-05 9.995E-05 9.995E-05 0.9994 9.995E-05 9.995E-05
9.995E-05 9.995E-05 9.995E-05 9.995E-05 0.9994 9.995E-05 9.995E-05
9.9973E-05 0.00086007 9.9973E-05 0.00680925 0.972662 0.0193689 9.9973E-05
9.9964E-05 9.9964E-05 9.9964E-05 9.9964E-05 0.946551 0.0259802 0.0270687
0.0504515 0.0532113 0.019523 0.0407578 0.759764 0.0198817 0.056411
0.000347879 0.00878019 9.9982E-05 9.9982E-05 0.881744 0.0175177 0.0914107
9.9955E-05 0.00964692 9.9955E-05 9.9955E-05 9.9955E-05 0.989853 9.9955E-05
9.995E-05 9.995E-05 9.995E-05 9.995E-05 9.995E-05 0.9994 9.995E-05
9.995E-05 9.995E-05 9.995E-05 9.995E-05 9.995E-05 0.9994 9.995E-05
9.995E-05 9.995E-05 9.995E-05 9.995E-05 9.995E-05 0.9994 9.995E-05
9.995E-05 9.995E-05 9.995E-05 9.995E-05 9.995E-05 0.9994 9.995E-05
9.9973E-05 9.9973E-05 0.0164046 9.9973E-05 0.0661738 0.878218 0.0389036
9.995E-05 9.995E-05 9.995E-05 9.995E-05 9.995E-05 0.9994 9.995E-05
9.995E-05 9.995E-05 9.995E-05 9.995E-05 9.995E-05 0.9994 9.995E-05
9.9955E-05 9.9955E-05 0.00790635 9.9955E-05 9.9955E-05 0.991594 9.9955E-05
0.0309298 9.9964E-05 9.9964E-05 9.9964E-05 9.9964E-05 0.959412 0.00925849
9.995E-05 9.995E-05 9.995E-05 9.995E-05 9.995E-05 0.9994 9.995E-05
9.995E-05 9.995E-05 9.995E-05 9.995E-05 9.995E-05 0.9994 9.995E-05
