9.98921E-05 9.98921E-05 9.98921E-05 9.98921E-05 0.966248 9.98921E-05 9.98921E-05 9.98921E-05 9.98921E-05 9.98921E-05 0.0325534 9.98921E-05 9.98921E-05 9.98921E-05
0.0562291 0.0497694 0.0377691 9.9937E-05 0.714139 9.9937E-05 0.0517326 0.0642021 9.9937E-05 9.9937E-05 9.9937E-05 9.9937E-05 0.0254591 9.9937E-05
9.98831E-05 9.98831E-05 9.98831E-05 9.98831E-05 9.98831E-05 9.98831E-05 9.98831E-05 9.98831E-05 9.98831E-05 9.98831E-05 9.98831E-05 9.98831E-05 0.998702 9.98831E-05
0.0342061 0.00585155 0.00899482 9.9937E-05 9.9937E-05 9.9937E-05 9.9937E-05 9.9937E-05 0.0244408 0.0222737 9.9937E-05 9.9937E-05 0.883598 0.0199359
9.9928E-05 0.0460064 9.9928E-05 0.0276764 0.662539 9.9928E-05 9.9928E-05 9.9928E-05 0.0585701 9.9928E-05 9.9928E-05 9.9928E-05 0.0557579 0.148651
9.9919E-05 0.0952436 9.9919E-05 9.9919E-05 0.818758 9.9919E-05 9.9919E-05 9.9919E-05 9.9919E-05 0.0606755 0.00221096 9.9919E-05 9.9919E-05 0.0222128
9.9937E-05 9.9937E-05 0.00155144 0.0251899 0.794293 0.0786893 9.9937E-05 0.0304005 0.0472257 9.9937E-05 0.0219502 9.9937E-05 9.9937E-05 9.9937E-05
9.9919E-05 9.9919E-05 9.9919E-05 0.0481038 0.83517 0.0105713 9.9919E-05 9.9919E-05 9.9919E-05 0.0639139 9.9919E-05 9.9919E-05 9.9919E-05 0.0413415
9.99191E-05 9.99191E-05 9.99191E-05 9.99191E-05 0.37013 9.99191E-05 0.472151 9.99191E-05 9.99191E-05 0.011572 9.99191E-05 0.0169966 0.128251 9.99191E-05
9.9946E-05 9.9946E-05 0.0475055 0.028712 0.538873 0.0723929 9.9946E-05 0.143761 0.0407709 9.9946E-05 9.9946E-05 0.0678755 0.0595095 9.9946E-05
9.98921E-05 0.989137 9.98921E-05 9.98921E-05 9.98921E-05 9.98921E-05 9.98921E-05 9.98921E-05 9.98921E-05 0.00966445 9.98921E-05 9.98921E-05 9.98921E-05 9.98921E-05
9.98831E-05 9.98831E-05 9.98831E-05 9.98831E-05 9.98831E-05 0.998702 9.98831E-05 9.98831E-05 9.98831E-05 9.98831E-05 9.98831E-05 9.98831E-05 9.98831E-05 9.98831E-05
9.9928E-05 0.488939 9.9928E-05 9.9928E-05 0.196541 0.217204 9.9928E-05 9.9928E-05 9.9928E-05 0.0206151 0.0621355 9.9928E-05 0.0137663 9.9928E-05
9.991E-05 9.991E-05 0.0101712 9.991E-05 9.991E-05 0.951284 9.991E-05 9.991E-05 9.991E-05 9.991E-05 9.991E-05 0.0169505 0.0205948 9.991E-05
0.0975226 0.607065 0.0411447 9.9946E-05 0.016118 0.137123 9.9946E-05 0.0363169 9.9946E-05 9.9946E-05 0.0251913 9.9946E-05 0.038919 9.9946E-05
0.69239 0.0653842 0.00290354 9.9928E-05 9.9928E-05 0.137472 9.9928E-05 9.9928E-05 9.9928E-05 0.0468968 0.0541544 9.9928E-05 9.9928E-05 9.9928E-05
9.99011E-05 0.0709491 9.99011E-05 9.99011E-05 9.99011E-05 9.99011E-05 9.99011E-05 9.99011E-05 9.99011E-05 0.868576 0.059376 9.99011E-05 9.99011E-05 9.99011E-05
0.85127 9.99101E-05 9.99101E-05 0.131724 9.99101E-05 9.99101E-05 0.0119706 9.99101E-05 9.99101E-05 9.99101E-05 9.99101E-05 9.99101E-05 9.99101E-05 0.00403657
0.0750564 0.535396 0.00287771 9.9937E-05 9.9937E-05 0.248472 9.9937E-05 0.120649 0.00980588 0.0070433 9.9937E-05 9.9937E-05 9.9937E-05 9.9937E-05
0.998702 9.98831E-05 9.98831E-05 9.98831E-05 9.98831E-05 9.98831E-05 9.98831E-05 9.98831E-05 9.98831E-05 9.98831E-05 9.98831E-05 9.98831E-05 9.98831E-05 9.98831E-05
0.319899 0.00921685 9.9946E-05 0.0803767 0.0601971 0.175258 9.9946E-05 9.9946E-05 9.9946E-05 0.24502 9.9946E-05 9.9946E-05 0.0497981 0.0596342
0.797099 9.99101E-05 9.99101E-05 0.00299218 0.163779 9.99101E-05 9.99101E-05 9.99101E-05 9.99101E-05 9.99101E-05 0.0351301 9.99101E-05 9.99101E-05 9.99101E-05
9.98831E-05 9.98831E-05 9.98831E-05 9.98831E-05 9.98831E-05 9.98831E-05 9.98831E-05 9.98831E-05 9.98831E-05 9.98831E-05 0.998702 9.98831E-05 9.98831E-05 9.98831E-05
9.98831E-05 9.98831E-05 9.98831E-05 9.98831E-05 9.98831E-05 9.98831E-05 9.98831E-05 9.98831E-05 9.98831E-05 0.998702 9.98831E-05 9.98831E-05 9.98831E-05 9.98831E-05
0.164812 0.0856982 0.00706476 0.0264608 9.9964E-05 0.54302 9.9964E-05 0.0890092 9.9964E-05 0.00232988 9.9964E-05 0.0676074 0.0113784 0.0022199
9.9919E-05 9.9919E-05 9.9919E-05 0.132645 0.00070626 0.769921 0.0346449 9.9919E-05 9.9919E-05 9.9919E-05 0.0611835 9.9919E-05 9.9919E-05 9.9919E-05
0.0973314 0.373029 9.9928E-05 9.9928E-05 9.9928E-05 9.9928E-05 0.243124 9.9928E-05 0.0503473 0.0225225 9.9928E-05 9.9928E-05 9.9928E-05 0.212847
0.109432 0.470319 9.9928E-05 0.272443 9.9928E-05 9.9928E-05 9.9928E-05 9.9928E-05 9.9928E-05 9.9928E-05 0.00118936 9.9928E-05 0.0486555 0.0971626
9.9955E-05 0.22582 9.9955E-05 0.186758 0.00162445 0.196189 0.0482349 0.0158685 9.9955E-05 0.0648547 0.0583633 9.9955E-05 9.9955E-05 0.201787
9.9901E-05 0.889467 9.9901E-05 0.0917087 9.9901E-05 9.9901E-05 0.017725 9.9901E-05 9.9901E-05 9.9901E-05 9.9901E-05 9.9901E-05 9.9901E-05 9.9901E-05
9.98921E-05 9.98921E-05 9.98921E-05 0.00482594 9.98921E-05 9.98921E-05 0.993975 9.98921E-05 9.98921E-05 9.98921E-05 9.98921E-05 9.98921E-05 9.98921E-05 9.98921E-05
9.98831E-05 9.98831E-05 9.98831E-05 9.98831E-05 9.98831E-05 9.98831E-05 0.998702 9.98831E-05 9.98831E-05 9.98831E-05 9.98831E-05 9.98831E-05 9.98831E-05 9.98831E-05
0.0384093 9.9928E-05 0.00306998 0.0840546 9.9928E-05 9.9928E-05 9.9928E-05 0.209199 9.9928E-05 9.9928E-05 9.9928E-05 9.9928E-05 0.0158564 0.648612
9.9928E-05 9.9928E-05 9.9928E-05 9.9928E-05 9.9928E-05 9.9928E-05 0.00135655 0.0832295 0.144662 0.0861713 9.9928E-05 0.0569636 9.9928E-05 0.626818
0.0108231 0.0938037 9.991E-05 9.991E-05 9.991E-05 9.991E-05 0.0648314 9.991E-05 9.991E-05 9.991E-05 9.991E-05 9.991E-05 9.991E-05 0.829543
9.98831E-05 9.98831E-05 9.98831E-05 9.98831E-05 9.98831E-05 9.98831E-05 9.98831E-05 0.998702 9.98831E-05 9.98831E-05 9.98831E-05 9.98831E-05 9.98831E-05 9.98831E-05
0.140375 9.991E-05 9.991E-05 9.991E-05 0.173004 9.991E-05 9.991E-05 0.0430294 9.991E-05 9.991E-05 9.991E-05 9.991E-05 9.991E-05 0.642592
9.991E-05 9.991E-05 9.991E-05 9.991E-05 9.991E-05 9.991E-05 0.00946034 0.925856 9.991E-05 0.000249238 0.0634353 9.991E-05 9.991E-05 9.991E-05
0.0251406 0.106638 0.000811867 9.9937E-05 9.9937E-05 9.9937E-05 9.9937E-05 0.487564 0.0573156 9.9937E-05 9.9937E-05 0.027644 9.9937E-05 0.294186
0.0518521 0.186005 0.0174191 0.166998 9.9937E-05 9.9937E-05 9.9937E-05 0.410646 0.144425 9.9937E-05 9.9937E-05 9.9937E-05 9.9937E-05 0.0219553
9.9919E-05 9.9919E-05 9.9919E-05 0.000786942 9.9919E-05 9.9919E-05 0.127703 0.728771 9.9919E-05 0.00998639 9.9919E-05 9.9919E-05 9.9919E-05 0.131853
0.0357082 0.0549962 9.9964E-05 0.206472 0.0089503 0.115615 9.9964E-05 0.260262 0.122874 9.9964E-05 9.9964E-05 0.0220572 0.104169 0.0684958
9.98831E-05 9.98831E-05 9.98831E-05 9.98831E-05 9.98831E-05 9.98831E-05 9.98831E-05 9.98831E-05 9.98831E-05 9.98831E-05 9.98831E-05 9.98831E-05 9.98831E-05 0.998702
9.9937E-05 0.104917 0.00602099 0.0204584 9.9937E-05 9.9937E-05 9.9937E-05 9.9937E-05 0.0715747 9.9937E-05 0.0195696 0.0410457 9.9937E-05 0.735714
9.98831E-05 9.98831E-05 9.98831E-05 9.98831E-05 9.98831E-05 9.98831E-05 9.98831E-05 9.98831E-05 9.98831E-05 9.98831E-05 9.98831E-05 0.998702 9.98831E-05 9.98831E-05
9.9919E-05 9.9919E-05 9.9919E-05 0.059022 9.9919E-05 0.134016 0.0899664 9.9919E-05 0.661944 9.9919E-05 9.9919E-05 9.9919E-05 9.9919E-05 0.0541522
9.99281E-05 9.99281E-05 0.0452543 0.0257137 9.99281E-05 9.99281E-05 0.0173169 9.99281E-05 0.723369 0.083352 9.99281E-05 9.99281E-05 9.99281E-05 0.104195
9.9901E-05 9.9901E-05 9.9901E-05 0.181625 9.9901E-05 9.9901E-05 0.0773185 9.9901E-05 0.739957 9.9901E-05 9.9901E-05 9.9901E-05 9.9901E-05 9.9901E-05
9.9928E-05 9.9928E-05 9.9928E-05 0.0395963 0.0469393 0.0969018 9.9928E-05 9.9928E-05 0.355011 9.9928E-05 9.9928E-05 9.9928E-05 0.0173972 0.443355
9.993E-05 9.993E-05 9.993E-05 0.11073 0.0193521 0.0652125 9.993E-05 9.993E-05 0.317421 9.993E-05 9.993E-05 0.123333 0.0713057 0.291947
0.0910149 9.9928E-05 9.9928E-05 0.0460488 9.9928E-05 9.9928E-05 0.0521778 9.9928E-05 0.772631 9.9928E-05 0.0256846 9.9928E-05 9.9928E-05 0.0116433
9.99101E-05 0.0366883 9.99101E-05 9.99101E-05 0.0232574 9.99101E-05 9.99101E-05 0.00874459 0.930311 9.99101E-05 9.99101E-05 9.99101E-05 9.99101E-05 9.99101E-05
0.0390266 9.99281E-05 9.99281E-05 0.112864 9.99281E-05 9.99281E-05 0.0434348 9.99281E-05 0.762483 9.99281E-05 0.00287837 0.0385135 9.99281E-05 9.99281E-05
0.0389717 9.9937E-05 9.9937E-05 0.0368811 9.9937E-05 9.9937E-05 9.9937E-05 0.0403067 0.709065 9.9937E-05 0.0400667 0.0602054 9.9937E-05 0.073804
9.9919E-05 9.9919E-05 9.9919E-05 9.9919E-05 9.9919E-05 0.0237739 9.9919E-05 0.0970398 0.868977 9.9919E-05 9.9919E-05 0.00511515 0.00419493 9.9919E-05
9.99101E-05 0.0123451 0.0506328 9.99101E-05 9.99101E-05 9.99101E-05 9.99101E-05 9.99101E-05 0.935644 9.99101E-05 9.99101E-05 9.99101E-05 0.000378617 9.99101E-05
0.0309524 9.9937E-05 9.9937E-05 0.843912 9.9937E-05 0.0397106 0.00315442 0.0104038 0.0537062 9.9937E-05 9.9937E-05 9.9937E-05 0.0174607 9.9937E-05
0.0491855 9.9937E-05 9.9937E-05 0.602093 0.0047257 9.9937E-05 0.0156045 9.9937E-05 0.110294 0.065576 9.9937E-05 9.9937E-05 9.9937E-05 0.151822
9.9937E-05 0.0132375 9.9937E-05 0.702476 9.9937E-05 9.9937E-05 0.123978 9.9937E-05 0.087374 0.0389645 9.9937E-05 0.00922443 0.0240453 9.9937E-05
9.9946E-05 0.0135434 9.9946E-05 0.673419 0.122953 0.0187861 0.0607344 9.9946E-05 0.0114473 0.00442573 9.9946E-05 9.9946E-05 9.9946E-05 0.0940914
0.0514706 9.9946E-05 9.9946E-05 0.77722 0.00539903 0.00662251 0.0348238 0.017081 0.0438699 9.9946E-05 9.9946E-05 0.0629135 9.9946E-05 9.9946E-05
9.99191E-05 0.00356898 0.0801674 0.366901 9.99191E-05 9.99191E-05 9.99191E-05 0.503935 9.99191E-05 9.99191E-05 9.99191E-05 9.99191E-05 0.0445281 9.99191E-05
9.99191E-05 9.99191E-05 9.99191E-05 0.72357 9.99191E-05 9.99191E-05 9.99191E-05 0.130179 9.99191E-05 9.99191E-05 0.082223 0.0481512 9.99191E-05 0.0149769
9.98922E-05 9.98922E-05 0.0285559 0.970245 9.98922E-05 9.98922E-05 9.98922E-05 9.98922E-05 9.98922E-05 9.98922E-05 9.98922E-05 9.98922E-05 9.98922E-05 9.98922E-05
0.0681473 9.991E-05 9.991E-05 0.822093 9.991E-05 9.991E-05 9.991E-05 0.070844 9.991E-05 9.991E-05 9.991E-05 9.991E-05 9.991E-05 0.0379169
9.99101E-05 0.0474578 9.99101E-05 0.945656 9.99101E-05 9.99101E-05 9.99101E-05 0.0027043 9.99101E-05 9.99101E-05 9.99101E-05 0.00318257 9.99101E-05 9.99101E-05
9.99191E-05 0.0111344 9.99191E-05 0.952473 9.99191E-05 0.00249109 9.99191E-05 9.99191E-05 9.99191E-05 9.99191E-05 9.99191E-05 0.0277395 0.00526251 9.99191E-05
0.0209543 9.99011E-05 9.99011E-05 0.970523 9.99011E-05 9.99011E-05 0.00742362 9.99011E-05 9.99011E-05 9.99011E-05 9.99011E-05 9.99011E-05 9.99011E-05 9.99011E-05
9.98921E-05 9.98921E-05 0.00230069 0.996501 9.98921E-05 9.98921E-05 9.98921E-05 9.98921E-05 9.98921E-05 9.98921E-05 9.98921E-05 9.98921E-05 9.98921E-05 9.98921E-05
9.99101E-05 9.99101E-05 9.99101E-05 0.953991 9.99101E-05 9.99101E-05 9.99101E-05 9.99101E-05 0.0296174 9.99101E-05 0.00248069 9.99101E-05 0.0129119 9.99101E-05
9.99281E-05 9.99281E-05 9.99281E-05 0.906736 9.99281E-05 9.99281E-05 0.0638749 0.00687994 0.0111573 9.99281E-05 0.00130341 9.99281E-05 9.99281E-05 0.00924921
9.99281E-05 9.99281E-05 0.0369985 0.489845 0.0346842 0.0915205 0.0253032 0.320849 9.99281E-05 9.99281E-05 9.99281E-05 9.99281E-05 9.99281E-05 9.99281E-05
9.99101E-05 9.99101E-05 0.0133072 0.917646 9.99101E-05 9.99101E-05 9.99101E-05 9.99101E-05 9.99101E-05 9.99101E-05 9.99101E-05 0.0400251 0.0280227 9.99101E-05
9.99497E-05 9.99497E-05 0.0609413 0.648271 9.99497E-05 0.0205959 9.99497E-05 0.0610964 0.0177947 9.99497E-05 0.0298775 0.0347915 9.99497E-05 0.126032
0.0148948 0.0319567 0.548856 0.230279 9.9973E-05 0.035958 0.00152598 9.9973E-05 0.0401678 9.9973E-05 0.0278195 0.00527045 0.0209847 0.0419867
9.98831E-05 9.98831E-05 0.998702 9.98831E-05 9.98831E-05 9.98831E-05 9.98831E-05 9.98831E-05 9.98831E-05 9.98831E-05 9.98831E-05 9.98831E-05 9.98831E-05 9.98831E-05
9.9946E-05 0.0955744 0.0583548 0.610512 0.0023634 9.9946E-05 9.9946E-05 9.9946E-05 0.000157162 9.9946E-05 9.9946E-05 0.000706908 0.0237275 0.208004
