0.9998 9.999E-05 9.999E-05
0.913969 0.0859308 9.9991E-05
0.87869 0.0991022 0.0222078
0.542079 0.231394 0.226527
0.832995 0.166905 9.9991E-05
0.895078 9.9991E-05 0.104822
0.88208 0.103217 0.014703
0.908601 0.00259033 0.088809
0.68547 0.31443 9.9991E-05
0.546539 0.453361 9.9991E-05
0.00982261 0.015446 0.974731
9.999E-05 9.999E-05 0.9998
0.110682 9.9991E-05 0.889218
0.0311825 0.178176 0.790642
0.0712226 0.136391 0.792386
9.999E-05 9.999E-05 0.9998
9.999E-05 9.999E-05 0.9998
9.9991E-05 0.351002 0.648898
9.9991E-05 0.218253 0.781647
0.0568293 9.9991E-05 0.943071
0.0828707 0.170534 0.746595
0.219911 0.10269 0.677398
9.999E-05 9.999E-05 0.9998
9.9991E-05 0.0811158 0.918784
9.9991E-05 0.181546 0.818354
0.0885869 0.213693 0.69772
9.9991E-05 0.333453 0.666447
0.0834111 0.438724 0.477865
0.0127314 0.380565 0.606704
9.9991E-05 0.330672 0.669228
0.114751 0.885149 9.9991E-05
0.267208 0.68179 0.0510014
0.0372426 0.805194 0.157564
0.112238 0.696779 0.190983
0.0239155 0.504321 0.471763
0.154053 0.767855 0.0780915
0.352662 0.518633 0.128705
0.0829183 0.74397 0.173111
0.091974 0.775333 0.132693
0.0596333 0.769251 0.171116
0.199635 0.76946 0.0309044
0.079793 0.681294 0.238913
0.0847836 0.760674 0.154542
0.0876895 0.720685 0.191625
0.114833 0.808236 0.0769308
0.0805749 0.829882 0.0895435
9.999E-05 0.9998 9.999E-05
9.999E-05 0.9998 9.999E-05
0.214244 0.707463 0.078293
0.159072 0.830636 0.0102916
9.999E-05 0.9998 9.999E-05
0.147687 0.847567 0.00474633
9.9991E-05 0.956451 0.0434486
9.9991E-05 0.905043 0.094857
9.999E-05 0.9998 9.999E-05
0.0256904 0.97421 9.9991E-05
9.9991E-05 0.905073 0.0948273
0.0824754 0.869052 0.0484722
0.0426903 0.936269 0.0210407
0.108726 0.864233 0.0270407
9.9991E-05 0.939835 0.0600648
0.0819666 0.917933 9.9991E-05
9.99915E-05 0.958866 0.0410343
9.999E-05 0.9998 9.999E-05
9.9991E-05 0.991873 0.00802653
9.999E-05 0.9998 9.999E-05
9.999E-05 0.9998 9.999E-05
9.9991E-05 0.999455 0.000444838
9.999E-05 0.9998 9.999E-05
9.999E-05 0.9998 9.999E-05
9.999E-05 0.9998 9.999E-05
0.0850353 0.914865 9.9991E-05
9.999E-05 0.9998 9.999E-05
0.0164523 0.983448 9.9991E-05
9.9991E-05 0.978033 0.0218668
9.999E-05 0.9998 9.999E-05
0.0130306 0.927988 0.058981
