0.9996 9.997E-05 9.997E-05 9.997E-05 9.997E-05
0.464927 0.100068 0.0936153 0.34129 9.9991E-05
0.477537 0.158178 0.0646637 0.299521 9.9991E-05
0.425295 9.9973E-05 9.9973E-05 0.574405 9.9973E-05
0.225754 9.9973E-05 9.9973E-05 0.773946 9.9973E-05
0.322577 0.0495628 9.9982E-05 0.62766 9.9982E-05
0.516864 9.9973E-05 9.9973E-05 0.482836 9.9973E-05
0.454393 0.0875085 0.0177721 0.440227 9.9991E-05
0.379537 0.0844354 0.0237405 0.512187 9.9991E-05
0.9996 9.997E-05 9.997E-05 9.997E-05 9.997E-05
0.9996 9.997E-05 9.997E-05 9.997E-05 9.997E-05
0.9996 9.997E-05 9.997E-05 9.997E-05 9.997E-05
0.9996 9.997E-05 9.997E-05 9.997E-05 9.997E-05
0.938731 9.9982E-05 9.9982E-05 0.0576293 0.00343935
0.987525 0.0121753 9.9973E-05 9.9973E-05 9.9973E-05
0.333098 0.0299266 9.9991E-05 0.617245 0.019631
0.261177 0.0786065 0.0606914 0.599425 9.9991E-05
0.368803 9.9973E-05 9.9973E-05 0.630898 9.9973E-05
0.11171 9.9973E-05 9.9973E-05 0.88799 9.9973E-05
0.0983927 9.9973E-05 9.9973E-05 0.901307 9.9973E-05
0.252443 9.9973E-05 9.9973E-05 0.747258 9.9973E-05
0.156781 0.0645521 9.9982E-05 0.778467 9.9982E-05
0.153819 0.0351286 9.9982E-05 0.810852 9.9982E-05
0.220097 0.0186071 9.9982E-05 0.761096 9.9982E-05
0.183758 9.9973E-05 9.9973E-05 0.815942 9.9973E-05
0.105442 0.0135414 9.9982E-05 0.880817 9.9982E-05
0.113747 0.0251034 9.9982E-05 0.860949 9.9982E-05
0.204957 9.9973E-05 9.9973E-05 0.794743 9.9973E-05
0.202393 9.9973E-05 9.9973E-05 0.797307 9.9973E-05
0.255315 9.9973E-05 9.9973E-05 0.744386 9.9973E-05
0.23945 9.9982E-05 0.0107851 0.749565 9.9982E-05
0.13729 0.027095 9.9991E-05 0.834572 0.000943076
0.15112 0.00542485 9.9982E-05 0.843255 9.9982E-05
0.149639 0.0747772 9.9991E-05 0.717494 0.0579902
0.125539 0.0612633 9.9982E-05 0.812998 9.9982E-05
0.260225 9.9973E-05 9.9973E-05 0.739475 9.9973E-05
0.0637508 9.9973E-05 9.9973E-05 0.935949 9.9973E-05
0.0925341 0.0222716 9.9982E-05 0.884994 9.9982E-05
0.0797476 0.0381768 0.050092 0.831884 9.9991E-05
0.108979 9.9991E-05 0.00865734 0.878697 0.00356664
0.00869077 0.0546626 0.0540317 0.736348 0.146267
0.0444797 0.103191 9.9991E-05 0.81025 0.0419793
0.132212 0.139057 0.0472187 0.583838 0.0976746
0.0257322 0.0685174 0.0340778 0.814275 0.0573977
9.9982E-05 0.0843171 9.9982E-05 0.891805 0.023678
0.0249144 0.0649933 9.9982E-05 0.909892 9.9982E-05
0.013106 0.0770772 9.9982E-05 0.909617 9.9982E-05
0.0216522 0.0640844 9.9991E-05 0.908111 0.00605223
0.102488 0.061387 9.9991E-05 0.741447 0.0945783
0.158284 0.0493202 0.0314103 0.683444 0.0775416
0.0605687 0.0863847 0.0257178 0.827229 9.9991E-05
0.0254797 0.0965461 9.9982E-05 0.877774 9.9982E-05
0.0319999 0.0516886 9.9991E-05 0.915656 0.000555356
0.0688209 0.0258409 0.0151847 0.826724 0.0634298
0.0749288 0.0169053 0.0642117 0.780074 0.0638797
0.0195411 0.121482 0.0245392 0.74296 0.0914772
0.110855 0.125552 0.00217909 0.68505 0.0763635
0.019182 9.9991E-05 0.0190249 0.940024 0.0216695
0.0208681 0.0708674 9.9982E-05 0.908065 9.9982E-05
0.0813762 0.052501 0.00945898 0.856564 9.9991E-05
0.0236928 0.0250058 9.9991E-05 0.906124 0.0450772
0.0474911 0.0329789 0.046345 0.775069 0.098116
0.0336413 0.0742154 0.0561629 0.811695 0.0242856
9.9991E-05 0.066683 0.0715651 0.819057 0.0425946
0.042981 9.9991E-05 0.0139006 0.884669 0.0583492
0.00185461 0.115045 0.0262011 0.827356 0.0295439
9.9982E-05 9.9982E-05 0.0771756 0.859201 0.0634234
0.0136344 0.0793601 0.0596682 0.771353 0.075984
0.0596702 0.0567433 0.00980557 0.873681 9.9991E-05
9.9991E-05 0.111925 0.0450731 0.777647 0.0652544
0.066432 0.0977163 0.0651077 0.726071 0.0446728
9.9991E-05 0.0819286 0.0283675 0.813256 0.0763478
0.0652983 0.0489466 0.00783576 0.855563 0.0223561
0.0290581 0.0269808 9.9982E-05 0.943761 9.9982E-05
0.0331864 0.0205333 0.0362587 0.794064 0.115958
9.9991E-05 0.0382749 0.00271433 0.954474 0.00443672
9.9991E-05 0.0892774 0.041262 0.861902 0.00745874
0.00976295 0.0205564 0.14013 0.762584 0.0669667
9.9991E-05 0.0617762 0.14837 0.662791 0.126963
9.9991E-05 0.0586404 0.158868 0.66453 0.117862
9.9991E-05 0.0792979 0.122162 0.677234 0.121206
9.9991E-05 0.10502 0.116748 0.631402 0.14673
9.9991E-05 0.06338 0.131678 0.651662 0.15318
0.009286 0.0337929 0.147793 0.694367 0.114761
0.0045921 0.0504118 0.237737 0.598247 0.109012
9.9991E-05 0.142845 0.178776 0.572054 0.106225
0.0810342 0.130548 0.0839764 0.593535 0.110907
0.0149482 9.9991E-05 0.144993 0.706211 0.133748
9.9991E-05 0.110079 0.135001 0.69067 0.0641507
9.9991E-05 0.0957278 0.133564 0.640022 0.130587
0.0311896 0.0863535 0.161231 0.637704 0.0835222
0.0113498 0.0928622 0.135935 0.640635 0.119218
9.9991E-05 0.0985395 0.243621 0.591917 0.065823
9.997E-05 9.997E-05 0.9996 9.997E-05 9.997E-05
0.0339521 9.9973E-05 0.965748 9.9973E-05 9.9973E-05
9.9973E-05 9.9973E-05 0.915352 0.0843479 9.9973E-05
9.997E-05 9.997E-05 0.9996 9.997E-05 9.997E-05
9.997E-05 9.997E-05 0.9996 9.997E-05 9.997E-05
9.997E-05 9.997E-05 0.9996 9.997E-05 9.997E-05
9.997E-05 9.997E-05 0.9996 9.997E-05 9.997E-05
0.0108237 0.032211 0.926321 0.0267354 0.00390919
9.997E-05 9.997E-05 0.9996 9.997E-05 9.997E-05
9.997E-05 9.997E-05 0.9996 9.997E-05 9.997E-05
9.9991E-05 0.0701001 0.127639 0.526863 0.275297
9.9982E-05 0.0122279 0.947142 0.0404301 9.9982E-05
9.997E-05 9.997E-05 0.9996 9.997E-05 9.997E-05
9.9973E-05 9.9973E-05 0.960324 0.0393761 9.9973E-05
9.9991E-05 0.0192894 0.137214 0.598957 0.24444
9.9991E-05 0.046743 0.155402 0.591048 0.206707
9.9991E-05 0.101824 0.134218 0.571542 0.192316
9.9991E-05 0.035935 0.187906 0.547772 0.228287
9.9991E-05 0.0386697 0.163476 0.573087 0.224668
9.9991E-05 0.0384022 0.136054 0.645025 0.180418
9.9991E-05 0.0238221 0.192721 0.607835 0.175523
9.9991E-05 0.0130332 0.153416 0.560327 0.273124
9.9991E-05 0.0876333 0.260352 0.496435 0.15548
9.9991E-05 0.0562584 0.239488 0.489137 0.215017
9.9991E-05 0.0537919 0.136018 0.665804 0.144287
9.9991E-05 0.0668061 0.222309 0.580791 0.129994
9.9991E-05 0.0923187 0.0879848 0.620131 0.199465
9.9991E-05 0.0908984 0.202442 0.529034 0.177525
9.9982E-05 0.0225314 9.9982E-05 0.0407422 0.936526
0.0295149 9.9991E-05 0.0367189 0.0139231 0.919743
9.997E-05 9.997E-05 9.997E-05 9.997E-05 0.9996
9.9973E-05 9.9973E-05 9.9973E-05 0.013097 0.986603
9.997E-05 9.997E-05 9.997E-05 9.997E-05 0.9996
9.997E-05 9.997E-05 9.997E-05 9.997E-05 0.9996
9.997E-05 9.997E-05 9.997E-05 9.997E-05 0.9996
9.9973E-05 9.9973E-05 9.9973E-05 0.218362 0.781338
9.997E-05 9.997E-05 9.997E-05 9.997E-05 0.9996
9.997E-05 9.997E-05 9.997E-05 9.997E-05 0.9996
0.0418124 0.00882607 0.0387067 9.9991E-05 0.910555
9.997E-05 9.997E-05 9.997E-05 9.997E-05 0.9996
0.00656069 0.0927461 0.0170472 0.150706 0.73294
9.997E-05 0.9996 9.997E-05 9.997E-05 9.997E-05
9.9991E-05 0.0912335 0.177264 0.535908 0.195494
9.997E-05 0.9996 9.997E-05 9.997E-05 9.997E-05
9.997E-05 0.9996 9.997E-05 9.997E-05 9.997E-05
9.9973E-05 0.989517 0.0101835 9.9973E-05 9.9973E-05
0.000214032 0.827669 9.9991E-05 0.161249 0.0107676
9.997E-05 0.9996 9.997E-05 9.997E-05 9.997E-05
9.9991E-05 0.832045 0.0290402 0.111585 0.0272296
9.9982E-05 0.948117 0.0204118 0.0312713 9.9982E-05
9.9982E-05 0.971472 9.9982E-05 0.0184515 0.00987684
9.997E-05 0.9996 9.997E-05 9.997E-05 9.997E-05
9.997E-05 0.9996 9.997E-05 9.997E-05 9.997E-05
9.9982E-05 0.966867 0.0103492 0.0225836 9.9982E-05
9.9991E-05 0.848028 0.0336356 0.0491897 0.0690463
9.9973E-05 0.968688 9.9973E-05 0.0310119 9.9973E-05
0.00053934 0.878257 0.0199782 0.0854648 0.0157609
0.0074397 0.86012 0.00134455 0.116809 0.0142871
0.00337231 0.900316 9.9982E-05 0.0961117 9.9982E-05
9.9991E-05 0.952367 0.00284439 0.0286905 0.015998
9.9991E-05 0.0513157 0.103898 0.7686 0.0760861
0.0193416 0.0492289 0.0729243 0.806566 0.0519394
0.00915582 0.0521369 0.146088 0.760009 0.03261
9.9991E-05 0.038485 0.0833089 0.870722 0.00738383
9.9991E-05 0.0131495 0.210451 0.757996 0.0183028
9.99821E-05 0.000153973 0.246836 0.75281 9.99821E-05
9.9982E-05 0.0304445 0.230215 0.739141 9.9982E-05
9.9982E-05 0.0126125 0.243185 0.744003 9.9982E-05
9.9982E-05 0.0258929 0.248535 0.725372 9.9982E-05
9.9982E-05 0.0255577 0.244538 0.729704 9.9982E-05
9.9991E-05 0.0215707 0.243756 0.731464 0.00310928
0.00330662 0.0133238 0.20267 0.725818 0.0548816
9.9982E-05 0.0412159 0.172236 0.786348 9.9982E-05
9.997E-05 9.997E-05 9.997E-05 0.9996 9.997E-05
9.997E-05 9.997E-05 9.997E-05 0.9996 9.997E-05
9.997E-05 9.997E-05 9.997E-05 0.9996 9.997E-05
9.997E-05 9.997E-05 9.997E-05 0.9996 9.997E-05
9.9973E-05 9.9973E-05 9.9973E-05 0.991285 0.00841495
9.9973E-05 9.9973E-05 0.0255679 0.974132 9.9973E-05
9.997E-05 9.997E-05 9.997E-05 0.9996 9.997E-05
9.997E-05 9.997E-05 9.997E-05 0.9996 9.997E-05
9.997E-05 9.997E-05 9.997E-05 0.9996 9.997E-05
9.9973E-05 9.9973E-05 9.9973E-05 0.984 0.0156997
9.997E-05 9.997E-05 9.997E-05 0.9996 9.997E-05
9.997E-05 9.997E-05 9.997E-05 0.9996 9.997E-05
