9.997E-05 0.9996 9.997E-05 9.997E-05 9.997E-05
0.0883858 0.506921 0.0125732 0.103138 0.288982
0.0806447 0.533606 9.9991E-05 0.129026 0.256624
9.9973E-05 0.495791 9.9973E-05 9.9973E-05 0.503909
9.9982E-05 0.332327 0.117675 9.9982E-05 0.549798
9.9982E-05 0.392444 9.9982E-05 0.0644791 0.542877
9.9982E-05 0.561939 9.9982E-05 0.012758 0.425103
0.0212167 0.481938 9.9991E-05 0.10859 0.388155
9.999E-05 0.436063 0.0671983 0.0690135 0.427626
9.997E-05 0.9996 9.997E-05 9.997E-05 9.997E-05
9.997E-05 0.9996 9.997E-05 9.997E-05 9.997E-05
9.997E-05 0.9996 9.997E-05 9.997E-05 9.997E-05
9.997E-05 0.9996 9.997E-05 9.997E-05 9.997E-05
9.9973E-05 0.962984 0.0367159 9.9973E-05 9.9973E-05
0.00148691 0.980361 0.0179522 9.9982E-05 9.9982E-05
9.999E-05 0.361931 0.0241524 0.0814313 0.532385
0.0784819 0.337841 0.0487557 0.0652563 0.469665
9.9982E-05 0.468795 9.9982E-05 0.00582626 0.525179
9.9982E-05 0.188804 0.051875 9.9982E-05 0.759121
9.9982E-05 0.177609 0.00469832 9.9982E-05 0.817492
9.9982E-05 0.301194 0.0499956 9.9982E-05 0.64861
9.9982E-05 0.194986 9.9982E-05 0.0785968 0.726218
0.0144568 0.218513 0.0580198 0.0445753 0.664435
9.9982E-05 0.246707 9.9982E-05 0.00808242 0.745011
9.9973E-05 0.22895 9.9973E-05 9.9973E-05 0.770751
9.9982E-05 0.162571 0.0100198 9.9982E-05 0.827209
9.9991E-05 0.202364 0.137753 0.0502954 0.609488
9.9982E-05 0.226939 9.9982E-05 0.00965575 0.763206
9.9991E-05 0.237497 0.0412942 0.00623849 0.71487
9.9973E-05 0.337391 9.9973E-05 9.9973E-05 0.662309
9.9982E-05 0.287077 0.0454199 9.9982E-05 0.667303
9.9982E-05 0.1607 0.0506931 9.9982E-05 0.788407
9.9991E-05 0.182332 0.0525406 0.0307254 0.734302
9.9982E-05 0.207719 9.9982E-05 0.0800142 0.712067
9.9991E-05 0.17828 0.0221797 0.00172579 0.797715
9.9973E-05 0.33262 9.9973E-05 9.9973E-05 0.66708
9.9991E-05 0.11123 0.00598532 0.0405145 0.84217
9.9991E-05 0.133476 0.0798497 0.00443572 0.782138
0.0236651 0.174755 0.089265 0.0608166 0.651499
0.00160244 0.135145 0.0587813 9.9991E-05 0.804371
0.045364 0.0108367 0.0228865 0.0410823 0.87983
9.9991E-05 0.0749632 0.107868 0.0856197 0.731449
0.0241233 0.14281 9.9991E-05 0.0843964 0.748571
9.9991E-05 0.0380256 0.00195136 0.0504396 0.909483
9.9991E-05 0.0346634 0.0453586 0.0602677 0.85961
9.9991E-05 0.0549757 0.000772775 0.0457716 0.89838
9.9991E-05 0.0450029 0.00980976 0.0484485 0.896639
9.9991E-05 0.0721022 0.0148593 0.0362344 0.876704
9.9991E-05 0.131984 0.0844756 0.0534303 0.73001
0.0109156 0.215353 9.9991E-05 0.0263928 0.747238
9.99963E-05 0.112574 0.0666274 0.0744363 0.746263
9.9991E-05 0.070749 0.0117636 0.05639 0.860997
9.9991E-05 0.0743003 0.121676 0.0246936 0.77923
9.9982E-05 0.0882449 0.0574882 9.9982E-05 0.854067
0.0335494 0.0907084 0.058433 0.00914982 0.808159
9.9982E-05 0.037438 9.9982E-05 0.105514 0.856849
9.9991E-05 0.128943 0.064801 0.0868077 0.719348
9.9982E-05 0.0421883 0.0469763 9.9982E-05 0.910635
9.9991E-05 0.0756159 0.0107637 0.107317 0.806203
9.9991E-05 0.110013 0.121507 0.0164273 0.751953
9.9982E-05 0.0496799 0.100456 9.9982E-05 0.849665
0.00685531 0.0207536 9.9982E-05 9.9982E-05 0.972191
0.0296554 0.0611356 0.0736646 0.0580146 0.77753
0.0545243 0.0338971 0.0250979 0.0967799 0.789701
9.9982E-05 0.0707398 0.0379316 9.9982E-05 0.891129
9.9982E-05 9.9982E-05 0.0199241 0.0963098 0.883566
0.0681818 9.9991E-05 0.0245224 0.00202022 0.905176
0.0487373 0.0546877 9.9991E-05 0.0647947 0.83168
9.9991E-05 0.0948074 0.0372308 0.0292513 0.838611
9.9973E-05 9.9973E-05 9.9973E-05 0.0856808 0.914019
0.0469035 0.103085 9.9991E-05 0.066114 0.783797
0.0360032 0.000614711 0.0498063 0.107646 0.805929
9.9991E-05 0.116639 0.1258 0.0530495 0.704411
9.9991E-05 0.0732066 0.0778706 0.0270542 0.821769
0.0424006 0.0491604 0.0620057 0.0340632 0.81237
9.9982E-05 0.00695368 0.134523 9.9982E-05 0.858323
0.0384923 9.9991E-05 0.0291479 0.0752896 0.85697
0.156144 0.0459953 0.00960716 0.0370215 0.751232
0.114598 9.9991E-05 0.0933472 0.0444315 0.747523
0.125168 9.9991E-05 0.0958351 0.0222905 0.756607
0.0487 0.0212546 0.120066 0.0621731 0.747806
0.146601 9.9991E-05 0.0951945 0.0277755 0.730329
0.105282 9.9991E-05 0.0463617 0.0673859 0.780871
0.122471 0.0349562 0.01822 0.00176535 0.822588
0.185876 0.0356383 0.144835 0.0344226 0.599229
0.181555 0.0212565 0.0914546 0.122068 0.583666
0.0777383 0.0947949 0.0491791 0.0770945 0.701193
0.135914 0.0244141 0.0568712 9.9991E-05 0.782701
0.173549 0.0242241 0.0978861 0.074739 0.629602
0.0856233 0.00732262 0.13403 0.0934911 0.679533
0.150574 0.053278 0.0486265 0.0776897 0.669832
0.146868 0.0455747 9.9991E-05 0.0549167 0.752541
0.172814 0.0461071 0.193382 0.108754 0.478944
0.9996 9.997E-05 9.997E-05 9.997E-05 9.997E-05
0.989596 0.00699315 9.9982E-05 0.00321093 9.9982E-05
0.895671 0.0190333 0.00737315 9.9991E-05 0.077823
0.9996 9.997E-05 9.997E-05 9.997E-05 9.997E-05
0.9996 9.997E-05 9.997E-05 9.997E-05 9.997E-05
0.9996 9.997E-05 9.997E-05 9.997E-05 9.997E-05
0.997386 9.9973E-05 0.00231408 9.9973E-05 9.9973E-05
0.874172 0.00805429 9.9982E-05 9.9982E-05 0.117574
0.989232 9.9973E-05 0.0104682 9.9973E-05 9.9973E-05
0.9996 9.997E-05 9.997E-05 9.997E-05 9.997E-05
0.124767 9.9991E-05 0.130549 0.0582028 0.686381
0.92451 9.9982E-05 0.0387234 9.9982E-05 0.0365668
0.9996 9.997E-05 9.997E-05 9.997E-05 9.997E-05
0.997467 9.9973E-05 9.9973E-05 0.00223352 9.9973E-05
0.150265 9.9991E-05 0.14417 0.0356403 0.669824
0.127885 9.9991E-05 0.0845979 0.0380776 0.749339
0.141738 9.9991E-05 0.123669 0.0451551 0.689338
0.187602 9.9991E-05 0.0687512 0.049315 0.694232
0.129317 9.9991E-05 0.0594754 0.0450726 0.766035
0.104735 9.9991E-05 0.073846 0.0102046 0.811115
0.178223 9.9991E-05 0.0847883 0.0353369 0.701551
0.185004 9.9991E-05 0.0871388 0.00959532 0.718162
0.25793 9.9991E-05 0.105208 0.0876207 0.549141
0.207494 9.9991E-05 0.086581 0.0540107 0.651814
0.129283 9.9991E-05 0.0885436 0.0556123 0.726461
0.20156 0.0125724 0.0967621 0.0634061 0.6257
0.100889 9.9991E-05 0.139423 0.0513427 0.708245
0.131813 9.9991E-05 0.0676664 0.0513887 0.749031
0.0088663 9.9973E-05 9.9973E-05 9.9973E-05 0.990834
0.0501077 9.9982E-05 0.0237647 9.9982E-05 0.925928
9.997E-05 9.997E-05 9.997E-05 9.997E-05 0.9996
9.997E-05 9.997E-05 9.997E-05 9.997E-05 0.9996
0.00436061 9.9973E-05 9.9973E-05 9.9973E-05 0.995339
0.00145937 9.9973E-05 9.9973E-05 9.9973E-05 0.998241
9.997E-05 9.997E-05 9.997E-05 9.997E-05 0.9996
0.0143409 9.9973E-05 9.9973E-05 9.9973E-05 0.985359
9.997E-05 9.997E-05 9.997E-05 9.997E-05 0.9996
0.0114141 9.9973E-05 9.9973E-05 9.9973E-05 0.988286
0.103459 9.9973E-05 9.9973E-05 9.9973E-05 0.896241
0.0161056 9.9973E-05 9.9973E-05 9.9973E-05 0.983594
0.0253065 9.9982E-05 9.9982E-05 0.0455141 0.928979
9.997E-05 9.997E-05 9.997E-05 0.9996 9.997E-05
0.185556 9.9991E-05 0.0646378 0.0843307 0.665376
9.997E-05 9.997E-05 9.997E-05 0.9996 9.997E-05
9.997E-05 9.997E-05 9.997E-05 0.9996 9.997E-05
0.019245 9.9973E-05 9.9973E-05 0.980455 9.9973E-05
9.9991E-05 0.00264005 0.0180343 0.789304 0.189922
9.997E-05 9.997E-05 9.997E-05 0.9996 9.997E-05
0.035836 9.9982E-05 9.9982E-05 0.838232 0.125732
9.9973E-05 9.9973E-05 0.026888 0.972812 9.9973E-05
9.9973E-05 9.9973E-05 9.9973E-05 0.953652 0.0460483
9.9973E-05 0.00145828 9.9973E-05 0.998242 9.9973E-05
9.9982E-05 9.9982E-05 0.0393748 0.959506 0.000918844
9.9973E-05 9.9973E-05 9.9973E-05 0.986344 0.0133558
0.019617 9.9991E-05 0.0468 0.827339 0.106144
9.9991E-05 0.00708958 0.00161832 0.966831 0.0243616
0.00108716 9.9982E-05 9.9982E-05 0.891445 0.107268
0.0041107 0.0186851 0.0141743 0.905061 0.0579691
0.0203295 0.0153482 0.0460182 0.918204 9.9991E-05
0.00140856 9.9991E-05 0.0164971 0.90882 0.0731745
0.0991144 0.0123798 0.376935 0.075091 0.436479
0.0733348 0.00545417 0.303676 0.0472455 0.57029
0.0923138 0.0400263 0.333395 0.03274 0.501525
0.0709002 0.0292805 0.362533 0.0555092 0.481778
0.197053 9.9991E-05 0.375246 0.0810735 0.346527
0.283051 9.9991E-05 0.494262 0.103954 0.118633
0.255001 9.9991E-05 0.420837 0.0939513 0.230111
0.270111 9.9991E-05 0.491261 0.0884398 0.150088
0.274518 9.9991E-05 0.420796 0.0908602 0.213726
0.22832 9.9991E-05 0.436046 0.0965416 0.238992
0.262856 9.9991E-05 0.414227 0.0954408 0.227376
0.19161 0.0415073 0.326508 0.0677032 0.372672
0.177119 9.9991E-05 0.357356 0.0995302 0.365896
9.997E-05 9.997E-05 0.9996 9.997E-05 9.997E-05
9.997E-05 9.997E-05 0.9996 9.997E-05 9.997E-05
9.997E-05 9.997E-05 0.9996 9.997E-05 9.997E-05
9.997E-05 9.997E-05 0.9996 9.997E-05 9.997E-05
9.997E-05 9.997E-05 0.9996 9.997E-05 9.997E-05
9.9982E-05 0.00930822 0.969254 9.9982E-05 0.0212381
9.997E-05 9.997E-05 0.9996 9.997E-05 9.997E-05
9.997E-05 9.997E-05 0.9996 9.997E-05 9.997E-05
9.997E-05 9.997E-05 0.9996 9.997E-05 9.997E-05
9.9973E-05 9.9973E-05 0.997628 0.00207214 9.9973E-05
9.997E-05 9.997E-05 0.9996 9.997E-05 9.997E-05
9.997E-05 9.997E-05 0.9996 9.997E-05 9.997E-05
