0.9996 9.997E-05 9.997E-05 9.997E-05 9.997E-05
0.432616 0.322716 0.0990813 0.00970634 0.135881
0.48899 0.301747 0.0780255 9.9991E-05 0.131138
0.392863 0.606837 9.9973E-05 9.9973E-05 9.9973E-05
0.256369 0.743331 9.9973E-05 9.9973E-05 9.9973E-05
0.341665 0.625434 9.9982E-05 9.9982E-05 0.032701
0.535114 0.453203 9.9982E-05 9.9982E-05 0.0114839
0.468275 0.415913 0.0127525 9.9991E-05 0.10296
0.362307 0.578758 0.0120112 9.9991E-05 0.0468238
0.9996 9.997E-05 9.997E-05 9.997E-05 9.997E-05
0.9996 9.997E-05 9.997E-05 9.997E-05 9.997E-05
0.9996 9.997E-05 9.997E-05 9.997E-05 9.997E-05
0.9996 9.997E-05 9.997E-05 9.997E-05 9.997E-05
0.983165 0.0165353 9.9973E-05 9.9973E-05 9.9973E-05
0.989903 9.9973E-05 9.9973E-05 0.00979749 9.9973E-05
0.299946 0.645549 9.9982E-05 9.9982E-05 0.0543047
0.291108 0.538661 0.0616469 0.0339815 0.0746034
0.371459 0.622315 0.00602684 9.9982E-05 9.9982E-05
0.115575 0.884125 9.9973E-05 9.9973E-05 9.9973E-05
0.0975935 0.902107 9.9973E-05 9.9973E-05 9.9973E-05
0.234451 0.76525 9.9973E-05 9.9973E-05 9.9973E-05
0.12111 0.816119 0.000944347 9.9991E-05 0.0617263
0.180348 0.798884 9.9982E-05 9.9982E-05 0.0205687
0.210143 0.789557 9.9973E-05 9.9973E-05 9.9973E-05
0.164342 0.835358 9.9973E-05 9.9973E-05 9.9973E-05
0.0988293 0.899192 9.9982E-05 9.9982E-05 0.00177908
0.105266 0.819769 9.9982E-05 9.9982E-05 0.0747651
0.22645 0.74562 9.9982E-05 9.9982E-05 0.0277305
0.177959 0.800712 9.9982E-05 9.9982E-05 0.0211296
0.237989 0.761711 9.9973E-05 9.9973E-05 9.9973E-05
0.232516 0.767184 9.9973E-05 9.9973E-05 9.9973E-05
0.131506 0.859789 9.9982E-05 9.9982E-05 0.00850455
0.148249 0.818785 9.9982E-05 9.9982E-05 0.0327655
0.161153 0.757894 9.9991E-05 0.0492099 0.0316437
0.148759 0.822233 9.9982E-05 9.9982E-05 0.0288079
0.243191 0.756509 9.9973E-05 9.9973E-05 9.9973E-05
0.0626289 0.918042 9.9982E-05 9.9982E-05 0.0191288
0.0724444 0.873288 9.9982E-05 9.9982E-05 0.0540675
0.0878551 0.819937 0.0672871 9.9991E-05 0.024821
0.0846591 0.915041 9.9973E-05 9.9973E-05 9.9973E-05
9.9991E-05 0.794896 0.0420808 0.0966239 0.0662994
0.0463526 0.784981 0.0100459 0.052989 0.105632
0.121583 0.595443 0.0432104 0.109133 0.130631
0.00190751 0.839975 0.025849 0.059913 0.0723552
0.00688014 0.871411 9.9991E-05 0.0540031 0.0676063
9.9973E-05 0.957531 9.9973E-05 9.9973E-05 0.0421692
0.00199355 0.919653 9.9991E-05 0.0561521 0.0221011
0.0468969 0.857478 9.9991E-05 0.0158127 0.0797122
0.08309 0.786628 9.9991E-05 0.0663791 0.0638031
0.175476 0.713589 0.0118965 0.0415829 0.0574557
0.0828353 0.840354 0.0330147 9.9991E-05 0.0436965
0.0239431 0.85652 9.9991E-05 0.0145678 0.104869
0.0324611 0.919622 9.9991E-05 0.00373499 0.0440817
0.0821258 0.782539 0.062997 0.0643338 0.00800448
0.0739759 0.754534 0.062671 0.0797868 0.0290324
0.0221372 0.766104 0.0053011 0.0791996 0.127258
0.12797 0.730363 0.0136682 0.040164 0.087834
0.0140682 0.89542 0.032998 0.045753 0.0117608
0.0127042 0.930488 9.9982E-05 9.9982E-05 0.0566079
0.0714264 0.871062 0.0228236 9.9991E-05 0.0345877
0.017147 0.929022 9.9982E-05 0.0536311 9.9982E-05
0.0519347 0.790696 0.0148929 0.130724 0.0117523
0.0196459 0.767256 0.040297 0.0510882 0.121712
9.9991E-05 0.83431 0.00299742 0.0738552 0.0887373
0.0429468 0.871152 9.9982E-05 0.0857009 9.9982E-05
9.9991E-05 0.843536 0.0296017 0.0491689 0.077593
9.9991E-05 0.800175 0.103833 0.0628062 0.0330864
0.0205847 0.756475 0.0379925 0.083131 0.101817
0.0556603 0.886222 9.9982E-05 9.9982E-05 0.0579181
9.9982E-05 0.837937 9.9982E-05 0.0406949 0.121169
0.082374 0.724949 0.0399563 0.0582346 0.0944857
9.9991E-05 0.783975 0.0384581 0.07592 0.101547
0.0982922 0.835659 9.9982E-05 9.9982E-05 0.0658493
0.0338557 0.920002 9.9982E-05 9.9982E-05 0.045942
0.0491979 0.714193 0.0276259 0.14496 0.0640235
9.9991E-05 0.918112 0.00893552 0.0214564 0.0513961
9.9982E-05 0.898827 0.0398635 9.9982E-05 0.0611097
0.0199823 0.652054 0.209178 0.070071 0.0487148
9.9991E-05 0.636414 0.116645 0.108986 0.137854
9.9991E-05 0.648282 0.166379 0.12623 0.0590089
9.9991E-05 0.66128 0.127189 0.139444 0.0719867
9.9991E-05 0.635393 0.180197 0.107815 0.0764942
9.9991E-05 0.689984 0.109218 0.118605 0.0820934
0.022541 0.69648 0.155625 0.125254 9.9991E-05
0.0101217 0.629566 0.2274 0.060835 0.0720771
0.0169197 0.590317 0.1595 0.126191 0.107073
0.0589614 0.656728 0.0871619 0.101868 0.0952808
0.00651717 0.689031 0.132917 0.150675 0.0208604
9.9991E-05 0.619707 0.209597 0.142299 0.0282964
0.0189914 0.574385 0.0981317 0.200952 0.10754
0.0411845 0.661742 0.157734 0.077259 0.0620802
0.0360254 0.622507 0.135933 0.128479 0.0770561
0.00772245 0.624192 0.228397 0.0835631 0.0561255
9.997E-05 9.997E-05 0.9996 9.997E-05 9.997E-05
9.9973E-05 9.9973E-05 0.996388 9.9973E-05 0.00331202
0.00330473 0.116719 0.854909 0.0225173 0.00255009
9.997E-05 9.997E-05 0.9996 9.997E-05 9.997E-05
9.997E-05 9.997E-05 0.9996 9.997E-05 9.997E-05
9.997E-05 9.997E-05 0.9996 9.997E-05 9.997E-05
9.997E-05 9.997E-05 0.9996 9.997E-05 9.997E-05
0.00728442 0.0217778 0.944603 0.0130942 0.0132409
9.997E-05 9.997E-05 0.9996 9.997E-05 9.997E-05
9.997E-05 9.997E-05 0.9996 9.997E-05 9.997E-05
9.9991E-05 0.472517 0.152381 0.293023 0.0819782
9.9982E-05 0.0354117 0.948791 0.0155978 9.9982E-05
9.997E-05 9.997E-05 0.9996 9.997E-05 9.997E-05
9.9982E-05 0.00647075 0.991393 9.9982E-05 0.00193585
9.9991E-05 0.580958 0.1369 0.239752 0.0422899
9.9991E-05 0.560207 0.132668 0.223041 0.0839842
9.9991E-05 0.556011 0.162312 0.223972 0.0576043
9.9991E-05 0.50894 0.196882 0.225354 0.0687247
9.9991E-05 0.527459 0.165541 0.234934 0.0719658
9.9991E-05 0.623076 0.131881 0.20608 0.0388636
9.9991E-05 0.580781 0.186123 0.195458 0.0375378
9.9991E-05 0.540513 0.205044 0.237632 0.0167117
9.9991E-05 0.454159 0.284368 0.130743 0.13063
9.9991E-05 0.468445 0.254536 0.174671 0.102248
9.9991E-05 0.590504 0.184185 0.156732 0.0684793
9.9991E-05 0.538637 0.256293 0.145303 0.0596665
9.9991E-05 0.643605 0.110986 0.188949 0.0563601
9.9991E-05 0.560915 0.142843 0.226412 0.0697294
9.9982E-05 0.042672 0.0123952 0.944733 9.9982E-05
0.00102283 0.167195 0.000686114 0.829866 0.00122965
9.997E-05 9.997E-05 9.997E-05 0.9996 9.997E-05
9.997E-05 9.997E-05 9.997E-05 0.9996 9.997E-05
9.997E-05 9.997E-05 9.997E-05 0.9996 9.997E-05
9.997E-05 9.997E-05 9.997E-05 0.9996 9.997E-05
9.997E-05 9.997E-05 9.997E-05 0.9996 9.997E-05
0.0261776 0.170011 9.9982E-05 0.803612 9.9982E-05
9.997E-05 9.997E-05 9.997E-05 0.9996 9.997E-05
9.997E-05 9.997E-05 9.997E-05 0.9996 9.997E-05
0.0147215 9.9991E-05 0.0731829 0.909757 0.00223872
9.997E-05 9.997E-05 9.997E-05 0.9996 9.997E-05
9.9991E-05 0.11006 0.0136812 0.755082 0.121077
9.997E-05 9.997E-05 9.997E-05 9.997E-05 0.9996
9.9991E-05 0.462471 0.226964 0.214346 0.0961191
9.997E-05 9.997E-05 9.997E-05 9.997E-05 0.9996
9.997E-05 9.997E-05 9.997E-05 9.997E-05 0.9996
9.9973E-05 9.9973E-05 0.0463799 9.9973E-05 0.95332
0.00917007 0.161349 9.9991E-05 0.00600069 0.82338
9.997E-05 9.997E-05 9.997E-05 9.997E-05 0.9996
9.9973E-05 0.0985217 9.9973E-05 9.9973E-05 0.901178
9.9982E-05 0.00865587 0.0149644 9.9982E-05 0.97618
9.9982E-05 0.00174526 9.9982E-05 0.00753466 0.99052
0.0205243 9.9973E-05 9.9973E-05 9.9973E-05 0.979176
9.997E-05 9.997E-05 9.997E-05 9.997E-05 0.9996
9.9982E-05 9.9982E-05 0.0280175 0.0330613 0.938721
9.9991E-05 0.0865209 0.0654979 0.062694 0.785187
9.9973E-05 0.0427312 9.9973E-05 9.9973E-05 0.956969
9.9991E-05 0.101836 0.0277836 0.00768057 0.8626
0.0113738 0.110579 9.9991E-05 0.00755588 0.870391
0.014071 0.0457382 0.0176099 0.0242083 0.898373
9.9982E-05 9.9982E-05 0.0218736 0.00654747 0.971379
0.002632 0.729486 0.117767 0.113943 0.0361726
9.9991E-05 0.796177 0.123764 0.0202159 0.0597424
0.0100885 0.769513 0.0793359 0.0482783 0.0927839
0.0205191 0.804343 0.0901478 0.0551954 0.0297944
9.9991E-05 0.709961 0.215946 0.0373297 0.0366636
9.99821E-05 0.71846 0.246449 9.99821E-05 0.0348908
9.9991E-05 0.729058 0.230522 0.00174566 0.0385743
9.9982E-05 0.767128 0.225145 9.9982E-05 0.00752775
9.9991E-05 0.704988 0.229147 0.0139919 0.0517731
9.9991E-05 0.738151 0.220079 0.00739326 0.0342776
9.9982E-05 0.736052 0.225952 9.9982E-05 0.0377962
0.00238185 0.734029 0.13692 0.0435674 0.0831021
9.9982E-05 0.785359 0.168066 9.9982E-05 0.0463755
9.997E-05 0.9996 9.997E-05 9.997E-05 9.997E-05
9.997E-05 0.9996 9.997E-05 9.997E-05 9.997E-05
9.997E-05 0.9996 9.997E-05 9.997E-05 9.997E-05
9.997E-05 0.9996 9.997E-05 9.997E-05 9.997E-05
9.997E-05 0.9996 9.997E-05 9.997E-05 9.997E-05
9.9973E-05 0.995188 0.00451217 9.9973E-05 9.9973E-05
9.997E-05 0.9996 9.997E-05 9.997E-05 9.997E-05
9.997E-05 0.9996 9.997E-05 9.997E-05 9.997E-05
9.997E-05 0.9996 9.997E-05 9.997E-05 9.997E-05
9.997E-05 0.9996 9.997E-05 9.997E-05 9.997E-05
9.997E-05 0.9996 9.997E-05 9.997E-05 9.997E-05
9.997E-05 0.9996 9.997E-05 9.997E-05 9.997E-05
