0.9996 9.997E-05 9.997E-05 9.997E-05 9.997E-05
0.56287 0.120413 0.0110447 0.209051 0.0966212
0.544129 0.168919 9.9991E-05 0.192317 0.0945348
0.512023 9.9973E-05 9.9973E-05 0.487677 9.9973E-05
0.306352 9.9982E-05 0.0750042 0.618444 9.9982E-05
0.407399 0.0481722 9.9982E-05 0.544228 9.9982E-05
0.574418 9.9973E-05 9.9973E-05 0.425282 9.9973E-05
0.472888 0.0857095 9.9991E-05 0.432011 0.0092921
0.432069 0.0740594 0.0673279 0.426444 9.9991E-05
0.9996 9.997E-05 9.997E-05 9.997E-05 9.997E-05
0.9996 9.997E-05 9.997E-05 9.997E-05 9.997E-05
0.9996 9.997E-05 9.997E-05 9.997E-05 9.997E-05
0.9996 9.997E-05 9.997E-05 9.997E-05 9.997E-05
0.991844 9.9973E-05 0.0078556 9.9973E-05 9.9973E-05
0.998854 9.9973E-05 0.000846442 9.9973E-05 9.9973E-05
0.33478 9.9982E-05 0.0205378 0.644482 9.9982E-05
0.360783 0.0518426 0.141271 0.406101 0.040002
0.453402 0.00478031 9.9991E-05 0.536862 0.00485536
0.204636 9.9982E-05 0.0070685 0.788095 9.9982E-05
0.179958 9.9973E-05 9.9973E-05 0.819742 9.9973E-05
0.340129 9.9982E-05 0.0149844 0.644687 9.9982E-05
0.197884 0.054941 9.9982E-05 0.746975 9.9982E-05
0.223315 0.0443287 0.0384902 0.693766 9.9991E-05
0.252095 9.9973E-05 9.9973E-05 0.747605 9.9973E-05
0.213725 9.9982E-05 0.0144125 0.771662 9.9982E-05
0.158051 9.9973E-05 9.9973E-05 0.84165 9.9973E-05
0.176743 0.0442685 0.126946 0.651942 9.9991E-05
0.200723 0.0114399 9.9982E-05 0.787637 9.9982E-05
0.251226 9.9982E-05 0.0329122 0.715662 9.9982E-05
0.330756 9.9973E-05 9.9973E-05 0.668944 9.9973E-05
0.287095 9.9982E-05 0.0416258 0.671079 9.9982E-05
0.176777 9.9982E-05 0.00169396 0.821329 9.9982E-05
0.191574 0.0237492 0.0141031 0.770474 9.9991E-05
0.19516 0.059989 9.9982E-05 0.744651 9.9982E-05
0.156865 0.0314545 9.9982E-05 0.81148 9.9982E-05
0.347066 9.9973E-05 9.9973E-05 0.652634 9.9973E-05
0.107582 0.0153477 9.9982E-05 0.87687 9.9982E-05
0.141108 0.04187 0.0562705 0.753335 0.00741699
0.163297 0.0841201 0.0704068 0.661391 0.0207846
0.140017 9.9982E-05 0.0379189 0.821864 9.9982E-05
0.015922 0.0429571 9.9991E-05 0.892184 0.0488374
0.0141214 0.0562259 9.9991E-05 0.923748 0.00580442
0.12641 0.0338798 9.9991E-05 0.838703 0.000906818
0.0231824 0.00234817 9.9982E-05 0.974269 9.9982E-05
0.0228305 0.0796996 0.0286261 0.868744 9.9991E-05
0.0542022 0.0390466 0.0414529 0.865198 9.9991E-05
0.0515242 0.0259343 0.00912182 0.91332 9.9991E-05
0.0569633 0.0577643 0.0267763 0.858396 9.9991E-05
0.0942263 0.0213391 0.0682375 0.816097 9.9991E-05
0.221053 0.0113057 0.00209362 0.75485 0.010698
0.103072 0.0455929 0.0471695 0.77577 0.0283957
0.0538933 0.0668144 0.0408553 0.838337 9.9991E-05
0.072743 0.050354 9.9982E-05 0.876703 9.9982E-05
0.08079 0.0154486 0.0354011 0.848556 0.0198039
0.0920418 0.0200966 0.00425338 0.84202 0.0415882
0.0460491 0.108768 9.9982E-05 0.844983 9.9982E-05
0.135529 0.0498894 0.0831264 0.712076 0.0193793
0.0740916 0.0128045 0.0835203 0.829484 9.9991E-05
0.069911 0.021108 0.0538917 0.854989 9.9991E-05
0.117398 0.0530364 0.0957899 0.723138 0.0106385
0.0562212 9.9982E-05 0.107546 0.836032 9.9982E-05
0.04013 0.0104339 0.0109363 0.9384 9.9991E-05
0.0414768 0.0761311 0.0536474 0.786585 0.0421598
0.000920223 0.0744321 0.0576401 0.866908 9.9991E-05
0.0550119 9.9982E-05 0.00527803 0.93951 9.9982E-05
0.0119516 0.0715917 9.9991E-05 0.911636 0.00472122
0.0163169 0.0113915 0.021171 0.915707 0.0354138
0.00139529 0.0895633 0.0438632 0.794844 0.0703338
0.0744165 0.052674 0.0559782 0.816831 9.9991E-05
0.0038133 0.0502539 9.9991E-05 0.938324 0.0075084
0.0817251 0.037996 9.9991E-05 0.820097 0.0600814
9.9991E-05 0.0341997 0.00150881 0.94881 0.0153813
0.112965 0.0169441 0.00829463 0.861696 9.9991E-05
0.0783262 0.00790452 0.0345175 0.879152 9.9991E-05
0.0312245 0.0565811 0.0230773 0.889017 9.9991E-05
0.0251263 0.00611734 0.106225 0.848031 0.0145003
9.9973E-05 0.0879946 9.9973E-05 0.911705 9.9973E-05
0.0626637 0.0292397 9.9991E-05 0.761598 0.146399
9.9991E-05 0.0183851 0.0506993 0.733145 0.19767
9.9991E-05 0.0298781 0.088999 0.723066 0.157957
9.9991E-05 0.0442407 0.0893693 0.764439 0.101851
9.9991E-05 0.00550347 0.0533442 0.767442 0.17361
9.9991E-05 0.0566731 0.0535472 0.761888 0.127791
0.0357072 0.0595047 0.0278026 0.733861 0.143125
0.039635 0.0775042 0.0018161 0.696523 0.184522
0.0268683 0.0793103 0.0309655 0.709516 0.15334
0.0787279 0.065135 0.0322155 0.747631 0.0762905
0.0201136 9.9991E-05 0.0665966 0.78601 0.12718
0.00545019 0.0134421 0.08383 0.698943 0.198335
9.9991E-05 0.0939087 0.124217 0.665615 0.11616
0.053963 0.0608518 0.0264756 0.71444 0.14427
0.0630738 0.0538893 9.9991E-05 0.773538 0.109399
0.0249118 0.11781 0.159976 0.520447 0.176856
9.9973E-05 0.00140334 9.9973E-05 9.9973E-05 0.998297
0.0409578 0.00480483 9.9991E-05 0.00370731 0.95043
0.0163433 9.9991E-05 0.0252351 0.0727217 0.8856
9.997E-05 9.997E-05 9.997E-05 9.997E-05 0.9996
9.997E-05 9.997E-05 9.997E-05 9.997E-05 0.9996
9.997E-05 9.997E-05 9.997E-05 9.997E-05 0.9996
9.997E-05 9.997E-05 9.997E-05 9.997E-05 0.9996
0.00251578 9.9982E-05 0.058885 9.9982E-05 0.938399
9.9973E-05 9.9973E-05 0.00933549 9.9973E-05 0.990365
9.997E-05 9.997E-05 9.997E-05 9.997E-05 0.9996
9.9991E-05 0.0416313 0.173672 0.6524 0.132197
9.9982E-05 9.9982E-05 0.00863906 0.0819779 0.909183
9.997E-05 9.997E-05 9.997E-05 9.997E-05 0.9996
9.997E-05 9.997E-05 9.997E-05 9.997E-05 0.9996
9.9991E-05 0.0319631 0.0995699 0.736463 0.131904
9.9991E-05 0.053857 0.0582966 0.753703 0.134044
9.9991E-05 0.0364032 0.105709 0.675943 0.181845
9.9991E-05 0.0323572 0.0745437 0.712842 0.180157
9.9991E-05 0.0357326 0.0993132 0.758946 0.105908
9.9982E-05 9.9982E-05 0.0866001 0.810464 0.102736
9.9991E-05 0.0646893 0.0627831 0.705068 0.16736
9.9982E-05 9.9982E-05 0.0689731 0.775396 0.155431
9.9991E-05 0.0717223 0.0619326 0.58524 0.281005
9.9991E-05 0.0374913 0.0611728 0.660234 0.241002
9.9991E-05 0.0451818 0.0801454 0.754019 0.120554
9.9991E-05 0.0661958 0.0735304 0.650243 0.209931
9.9991E-05 0.0692865 0.109903 0.747743 0.072968
9.9991E-05 0.0210117 0.0464533 0.794819 0.137616
9.9973E-05 9.9973E-05 9.9973E-05 0.968184 0.0315165
9.9982E-05 9.9982E-05 0.0627033 0.874708 0.0623885
9.997E-05 9.997E-05 9.997E-05 0.9996 9.997E-05
9.997E-05 9.997E-05 9.997E-05 0.9996 9.997E-05
9.9982E-05 9.9982E-05 0.0203616 0.940091 0.0393479
9.9973E-05 9.9973E-05 9.9973E-05 0.967761 0.0319394
9.9973E-05 9.9973E-05 9.9973E-05 0.983013 0.0166866
9.9982E-05 9.9982E-05 0.000527728 0.954597 0.0446749
9.997E-05 9.997E-05 9.997E-05 0.9996 9.997E-05
9.9973E-05 9.9973E-05 9.9973E-05 0.991235 0.00846481
9.9973E-05 9.9973E-05 9.9973E-05 0.916883 0.0828166
9.9973E-05 9.9973E-05 9.9973E-05 0.957588 0.0421116
9.9982E-05 0.0450624 9.9982E-05 0.881466 0.0732715
9.997E-05 0.9996 9.997E-05 9.997E-05 9.997E-05
9.9991E-05 0.0990451 0.0538276 0.622914 0.224113
9.997E-05 0.9996 9.997E-05 9.997E-05 9.997E-05
9.997E-05 0.9996 9.997E-05 9.997E-05 9.997E-05
9.9982E-05 0.968333 0.00329163 9.9982E-05 0.0281759
9.9991E-05 0.764942 0.0253771 0.181421 0.0281603
9.997E-05 0.9996 9.997E-05 9.997E-05 9.997E-05
0.0164081 0.858048 0.0257545 0.0977895 0.00199999
9.9982E-05 0.979025 0.00991738 9.9982E-05 0.0108573
9.9973E-05 0.924222 9.9973E-05 0.0754784 9.9973E-05
9.997E-05 0.9996 9.997E-05 9.997E-05 9.997E-05
9.9982E-05 0.996763 0.00120236 0.0018349 9.9982E-05
9.9973E-05 0.996914 9.9973E-05 9.9973E-05 0.00278562
9.9991E-05 0.84325 0.0406096 0.0748457 0.0411945
0.0171057 0.982594 9.9973E-05 9.9973E-05 9.9973E-05
0.000356611 0.887983 0.0185523 0.0614858 0.031622
0.00593 0.881438 0.0299599 0.0592253 0.0234473
0.0120865 0.901009 0.0686398 0.0181646 9.9991E-05
9.9973E-05 0.97558 9.9973E-05 0.0241202 9.9973E-05
0.017617 0.0402006 0.380063 0.491532 0.0705869
0.0394362 0.0426546 0.340424 0.465452 0.112033
0.020012 0.078446 0.352463 0.441961 0.107118
0.0488241 0.080514 0.283899 0.490513 0.0962501
9.9991E-05 0.0685164 0.335265 0.359169 0.23695
9.9991E-05 0.0679122 0.416297 0.291495 0.224196
9.9991E-05 0.0875397 0.354418 0.315121 0.242822
9.9991E-05 0.0748013 0.413425 0.256889 0.254784
9.9991E-05 0.0692591 0.388899 0.284471 0.25727
9.9991E-05 0.090263 0.372874 0.326177 0.210586
9.9991E-05 0.0745767 0.365444 0.297734 0.262146
0.0165512 0.0955906 0.326533 0.40137 0.159955
9.9991E-05 0.0994726 0.29767 0.397844 0.204913
9.997E-05 9.997E-05 0.9996 9.997E-05 9.997E-05
9.997E-05 9.997E-05 0.9996 9.997E-05 9.997E-05
9.997E-05 9.997E-05 0.9996 9.997E-05 9.997E-05
9.997E-05 9.997E-05 0.9996 9.997E-05 9.997E-05
9.997E-05 9.997E-05 0.9996 9.997E-05 9.997E-05
0.0162634 9.9982E-05 0.924933 0.0586034 9.9982E-05
9.997E-05 9.997E-05 0.9996 9.997E-05 9.997E-05
9.997E-05 9.997E-05 0.9996 9.997E-05 9.997E-05
9.997E-05 9.997E-05 0.9996 9.997E-05 9.997E-05
9.997E-05 9.997E-05 0.9996 9.997E-05 9.997E-05
9.997E-05 9.997E-05 0.9996 9.997E-05 9.997E-05
9.997E-05 9.997E-05 0.9996 9.997E-05 9.997E-05
