9.997E-05 9.997E-05 9.997E-05 0.9996 9.997E-05
9.999E-05 0.479589 0.0566466 0.382599 0.0810657
9.999E-05 0.434256 0.108901 0.388486 0.0682566
9.9973E-05 0.697804 9.9973E-05 0.301896 9.9973E-05
0.0613165 0.801749 9.9982E-05 0.136735 9.9982E-05
9.9982E-05 0.752306 0.0225438 0.22495 9.9982E-05
9.9973E-05 0.671253 9.9973E-05 0.328448 9.9973E-05
9.999E-05 0.555171 0.0854648 0.354398 0.00486657
9.9982E-05 0.675092 0.0513777 0.27333 9.9982E-05
9.997E-05 9.997E-05 9.997E-05 0.9996 9.997E-05
9.997E-05 9.997E-05 9.997E-05 0.9996 9.997E-05
9.997E-05 9.997E-05 9.997E-05 0.9996 9.997E-05
9.997E-05 9.997E-05 9.997E-05 0.9996 9.997E-05
0.0513318 9.9973E-05 9.9973E-05 0.948368 9.9973E-05
0.0326802 9.9982E-05 9.9982E-05 0.966795 0.000324857
9.9973E-05 0.78408 9.9973E-05 0.215621 9.9973E-05
0.104641 0.509461 0.0628637 0.248142 0.0748919
9.9973E-05 0.738626 9.9973E-05 0.261074 9.9973E-05
9.9973E-05 0.973928 9.9973E-05 0.0257724 9.9973E-05
9.997E-05 0.9996 9.997E-05 9.997E-05 9.997E-05
9.9973E-05 0.870022 9.9973E-05 0.129678 9.9973E-05
9.999E-05 0.913223 0.0504238 0.0232024 0.0130504
9.9973E-05 0.949267 9.9973E-05 0.0504328 9.9973E-05
9.9973E-05 0.909717 9.9973E-05 0.0899827 9.9973E-05
9.9973E-05 0.95312 9.9973E-05 0.0465798 9.9973E-05
0.0611713 0.886035 9.9982E-05 0.0525943 9.9982E-05
0.061973 0.844222 0.0465626 0.0471426 9.9991E-05
9.9973E-05 0.932286 9.9973E-05 0.0674139 9.9973E-05
9.9973E-05 0.889137 9.9973E-05 0.110563 9.9973E-05
9.9973E-05 0.91122 9.9973E-05 0.0884805 9.9973E-05
9.9973E-05 0.874988 9.9973E-05 0.124712 9.9973E-05
0.0181931 0.953561 0.0157432 0.0124029 9.9991E-05
9.9991E-05 0.891587 0.0218431 0.0508165 0.0356539
0.0614117 0.7383 0.0878666 0.0969401 0.0154816
0.034909 0.907733 0.00727332 0.0499845 9.9991E-05
9.9973E-05 0.885371 9.9973E-05 0.114329 9.9973E-05
9.997E-05 0.9996 9.997E-05 9.997E-05 9.997E-05
0.153547 0.788561 9.9991E-05 0.0494939 0.00829788
0.00417035 0.833314 0.0581805 0.0424445 0.0618905
0.0415894 0.897589 9.9991E-05 0.0299046 0.0308168
0.243086 0.641814 0.0623681 9.9991E-05 0.0526314
0.23044 0.61398 0.0871033 9.9991E-05 0.0683769
0.0116481 0.778202 0.0985235 0.0462001 0.0654259
0.142373 0.742118 0.0804773 9.9991E-05 0.0349321
0.140544 0.768747 0.0905091 9.9982E-05 9.9982E-05
0.00874414 0.90795 0.0831058 9.9982E-05 9.9982E-05
0.0331977 0.919677 0.0469258 9.9982E-05 9.9982E-05
0.0958256 0.843015 0.0609592 9.9982E-05 9.9982E-05
0.19059 0.705562 0.0624005 0.0413475 9.9991E-05
0.0815394 0.75668 9.9991E-05 0.103573 0.058107
0.0668794 0.82382 0.0641876 0.0221467 0.0229667
0.111366 0.816947 0.0714873 9.9982E-05 9.9982E-05
0.0771174 0.825848 0.0835268 9.9991E-05 0.0134075
0.222913 0.692059 0.0133268 0.0378384 0.0338628
0.207177 0.661998 0.0240591 0.0265836 0.0801826
0.152471 0.758962 0.084628 9.9991E-05 0.00383859
0.241166 0.608995 0.0833316 0.0664076 9.9991E-05
0.1577 0.798436 0.0193473 9.9991E-05 0.0244167
0.00576161 0.944319 0.0497198 9.9982E-05 9.9982E-05
0.105018 0.790527 0.0468972 0.023309 0.034249
0.230719 0.744208 0.00797506 9.9991E-05 0.0169979
0.214102 0.707408 9.9991E-05 0.0103936 0.0679964
0.0791552 0.718383 0.120227 9.9991E-05 0.0821348
0.196049 0.641199 0.125904 9.9991E-05 0.0367472
0.196941 0.797723 9.9982E-05 9.9982E-05 0.00513658
0.161032 0.707589 0.0804486 9.9991E-05 0.0508299
0.156542 0.717897 0.0312633 9.9991E-05 0.0941972
0.202273 0.579415 0.108487 0.00952636 0.100298
0.080879 0.829184 0.0624095 9.9991E-05 0.0274277
0.185432 0.68422 0.105886 9.9991E-05 0.0243617
0.019605 0.794427 0.0760495 0.0102527 0.0996659
0.203185 0.640515 0.0749511 9.9991E-05 0.0812486
0.101983 0.797785 0.0451305 0.0456294 0.00947195
0.1186 0.828555 0.0341213 0.0186241 9.9991E-05
0.278842 0.659941 0.0610176 9.9982E-05 9.9982E-05
0.250567 0.711713 0.0112214 9.9991E-05 0.026399
0.077508 0.736864 0.0984566 9.9991E-05 0.0870713
0.171225 0.60215 0.0605046 0.00932366 0.156797
0.370286 0.417233 0.0803246 9.9991E-05 0.132056
0.361743 0.411733 0.0434497 9.9991E-05 0.182975
0.307329 0.481052 0.0831908 9.9991E-05 0.128328
0.357089 0.443249 0.0523972 9.9991E-05 0.147165
0.340611 0.494896 0.0431872 9.9991E-05 0.121205
0.23162 0.583243 0.024507 0.00383112 0.156799
0.305855 0.420549 0.0440574 0.0010997 0.228439
0.170447 0.473096 0.148913 9.9991E-05 0.207444
0.234755 0.533442 0.0949671 0.0269834 0.109853
0.244681 0.565784 0.0119905 9.9991E-05 0.177445
0.299922 0.462324 0.0855844 0.0118187 0.140351
0.375844 0.392063 0.106225 9.9991E-05 0.125768
0.26006 0.468938 0.087998 0.0217999 0.161204
0.253732 0.453781 0.124088 0.0175842 0.150815
0.289709 0.365763 0.0932813 0.0276637 0.223583
9.997E-05 9.997E-05 9.997E-05 9.997E-05 0.9996
9.9991E-05 0.0167588 0.0098605 0.0246874 0.948593
0.0144475 0.0667135 0.00831498 0.0114151 0.899109
9.997E-05 9.997E-05 9.997E-05 9.997E-05 0.9996
9.997E-05 9.997E-05 9.997E-05 9.997E-05 0.9996
9.997E-05 9.997E-05 9.997E-05 9.997E-05 0.9996
9.997E-05 9.997E-05 9.997E-05 9.997E-05 0.9996
9.9973E-05 0.120935 9.9973E-05 9.9973E-05 0.878766
9.997E-05 9.997E-05 9.997E-05 9.997E-05 0.9996
9.997E-05 9.997E-05 9.997E-05 9.997E-05 0.9996
0.436367 0.305833 0.0851908 9.9991E-05 0.172509
0.0582388 0.023082 9.9982E-05 9.9982E-05 0.918479
9.997E-05 9.997E-05 9.997E-05 9.997E-05 0.9996
9.997E-05 9.997E-05 9.997E-05 9.997E-05 0.9996
0.537107 0.287662 0.0394644 9.9991E-05 0.135667
0.457272 0.307361 0.0885564 9.9991E-05 0.14671
0.537723 0.262746 0.0641977 9.9991E-05 0.135233
0.451767 0.318275 0.0564245 9.9991E-05 0.173433
0.472275 0.268208 0.0626183 9.9991E-05 0.1968
0.406328 0.406233 0.0599028 9.9991E-05 0.127437
0.424775 0.339899 0.0264661 9.9991E-05 0.20876
0.506403 0.277134 0.02668 9.9991E-05 0.189684
0.388332 0.248985 0.0952313 9.9991E-05 0.267351
0.395672 0.2729 0.0761788 9.9991E-05 0.255148
0.404416 0.374054 0.0609625 9.9991E-05 0.160468
0.37035 0.256928 0.100375 0.00337606 0.268971
0.484418 0.308681 0.0985602 9.9991E-05 0.10824
0.40874 0.347518 0.079902 9.9991E-05 0.16374
0.956844 9.9982E-05 0.00423745 9.9982E-05 0.0387189
0.950019 9.9982E-05 0.0134023 9.9982E-05 0.0363785
0.9996 9.997E-05 9.997E-05 9.997E-05 9.997E-05
0.999503 9.9973E-05 9.9973E-05 9.9973E-05 0.000197358
0.989992 9.9982E-05 0.00308263 9.9982E-05 0.00672571
0.967093 9.9973E-05 9.9973E-05 9.9973E-05 0.0326074
0.979342 9.9982E-05 0.00788184 9.9982E-05 0.0125761
0.898592 9.9991E-05 0.0495461 0.0329159 0.0188457
0.965664 9.9973E-05 0.034036 9.9973E-05 9.9973E-05
0.9996 9.997E-05 9.997E-05 9.997E-05 9.997E-05
0.898408 9.9982E-05 0.0045716 9.9982E-05 0.0968202
0.976936 9.9973E-05 9.9973E-05 9.9973E-05 0.0227645
0.892343 0.0276633 0.0637358 9.9991E-05 0.0161583
9.997E-05 9.997E-05 0.9996 9.997E-05 9.997E-05
0.372011 0.282499 0.106257 9.9991E-05 0.239133
9.997E-05 9.997E-05 0.9996 9.997E-05 9.997E-05
9.997E-05 9.997E-05 0.9996 9.997E-05 9.997E-05
0.0102919 9.9991E-05 0.946961 0.017971 0.0246761
0.0549449 0.11731 0.827545 9.9982E-05 9.9982E-05
9.997E-05 9.997E-05 0.9996 9.997E-05 9.997E-05
0.0125767 0.0938778 0.893346 9.9982E-05 9.9982E-05
9.997E-05 9.997E-05 0.9996 9.997E-05 9.997E-05
0.0347151 0.0221877 0.942897 9.9982E-05 9.9982E-05
9.9973E-05 9.9973E-05 0.992395 0.00730529 9.9973E-05
9.997E-05 9.997E-05 0.9996 9.997E-05 9.997E-05
0.00723067 9.9973E-05 0.992469 9.9973E-05 9.9973E-05
0.13584 9.9991E-05 0.831347 0.00647983 0.0262332
0.0198329 0.0148858 0.946619 0.0185627 9.9991E-05
0.0416333 0.016419 0.902416 0.0273047 0.0122272
0.0892247 9.9973E-05 0.910475 9.9973E-05 9.9973E-05
0.0301436 0.0547669 0.890885 0.0241041 9.9991E-05
0.0199085 0.0303885 0.932232 9.9991E-05 0.0173714
0.534879 0.305178 0.0589522 0.00719945 0.0937918
0.497455 0.371557 0.047694 9.9991E-05 0.0831942
0.527304 0.283649 0.0632712 0.0369937 0.0887822
0.505543 0.320742 0.0537329 0.0303882 0.0895933
0.706912 0.0467978 0.0720169 0.00377247 0.170501
0.765268 9.99821E-05 0.0606872 9.99821E-05 0.173845
0.686816 0.0172088 0.109802 0.0243397 0.161834
0.740862 9.9991E-05 0.0920156 0.0057926 0.16123
0.722384 9.9991E-05 0.082995 0.0142961 0.180224
0.691252 0.0295889 0.0779459 0.0135862 0.187627
0.651971 0.0568741 0.0715636 0.00202228 0.217569
0.551297 0.21083 0.0725522 0.0274823 0.137838
0.641408 0.139298 0.0610156 0.0196615 0.138617
0.966554 9.9973E-05 9.9973E-05 0.0331465 9.9973E-05
0.982699 9.9973E-05 9.9973E-05 0.0170009 9.9973E-05
0.967247 9.9973E-05 9.9973E-05 0.0324534 9.9973E-05
0.958111 9.9973E-05 9.9973E-05 0.0415886 9.9973E-05
0.978099 9.9973E-05 9.9973E-05 0.0216013 9.9973E-05
0.915728 0.0291048 0.000320194 0.0547473 9.9991E-05
0.965003 9.9973E-05 9.9973E-05 0.0346974 9.9973E-05
0.97793 9.9973E-05 9.9973E-05 0.0217696 9.9973E-05
0.966297 9.9973E-05 9.9973E-05 0.0334029 9.9973E-05
0.980232 9.9973E-05 9.9973E-05 0.0194684 9.9973E-05
0.977474 9.9973E-05 9.9973E-05 0.0222259 9.9973E-05
0.977978 9.9973E-05 9.9973E-05 0.021722 9.9973E-05
