9.997E-05 0.9996 9.997E-05 9.997E-05 9.997E-05
0.172765 0.796847 9.9982E-05 0.0301878 9.9982E-05
9.997E-05 9.997E-05 9.997E-05 0.9996 9.997E-05
9.9973E-05 9.9973E-05 0.0885934 0.911107 9.9973E-05
0.138207 0.723498 9.9991E-05 0.0347922 0.103403
9.9982E-05 0.807941 0.180852 0.0110079 9.9982E-05
0.00814523 0.87968 9.9982E-05 9.9982E-05 0.111974
0.0478231 0.875257 0.0573798 9.9991E-05 0.0194398
9.9982E-05 0.452587 9.9982E-05 0.212226 0.334987
0.305148 0.470664 9.9991E-05 0.158926 0.0651616
0.0086347 9.9982E-05 0.959398 0.0317676 9.9982E-05
9.997E-05 9.997E-05 0.9996 9.997E-05 9.997E-05
9.9982E-05 0.138458 0.801508 0.0598334 9.9982E-05
0.0873023 0.0115434 0.769305 0.0832663 0.0485829
0.144406 9.9982E-05 0.73054 0.124854 9.9982E-05
9.9973E-05 0.0297803 0.96992 9.9973E-05 9.9973E-05
9.997E-05 9.997E-05 0.9996 9.997E-05 9.997E-05
0.136351 9.9991E-05 0.727123 0.0701632 0.0662633
0.00199832 9.9991E-05 0.695748 0.0442499 0.257903
9.9973E-05 9.9973E-05 0.87235 0.127351 9.9973E-05
0.0897461 0.038176 0.788163 0.0331298 0.0507852
0.0742138 0.284127 0.641459 9.9982E-05 9.9982E-05
9.997E-05 9.997E-05 0.9996 9.997E-05 9.997E-05
0.0307547 0.0251382 0.889266 9.9991E-05 0.0547408
0.196397 9.9982E-05 0.798781 0.00462171 9.9982E-05
0.106117 0.133623 0.664939 9.9991E-05 0.0952213
0.113415 9.9982E-05 0.583429 9.9982E-05 0.302955
0.357236 9.9991E-05 0.501918 0.0351981 0.105548
0.251993 0.0360323 0.638969 9.9991E-05 0.0729061
0.314336 9.9973E-05 0.685364 9.9973E-05 9.9973E-05
0.235574 9.9982E-05 9.9982E-05 0.198084 0.566143
0.152788 0.0485046 0.112897 0.159532 0.526279
0.120206 9.9991E-05 0.117617 0.108469 0.653609
9.9991E-05 0.0256564 0.0577713 0.0319196 0.884553
0.0135013 9.9991E-05 0.346528 0.0607033 0.579167
0.0437217 0.0794087 9.9991E-05 0.11654 0.76023
9.9991E-05 0.211533 0.158352 0.0741266 0.555888
0.110187 0.0579863 0.195734 0.000297236 0.635796
9.9982E-05 9.9982E-05 0.0948605 0.120346 0.784594
0.323506 9.9991E-05 0.223752 0.0590943 0.393548
0.0510785 0.0713667 0.046963 0.0124877 0.818104
0.347957 0.0356236 0.165499 0.0879557 0.362966
0.161594 0.0337929 0.148917 0.0338107 0.621885
0.0109159 0.0253659 0.194609 9.9991E-05 0.769009
0.0951825 9.9991E-05 0.0870726 0.0262509 0.791394
0.0113719 9.9982E-05 0.0717502 9.9982E-05 0.916678
0.185153 9.9973E-05 9.9973E-05 9.9973E-05 0.814547
0.042004 9.9973E-05 9.9973E-05 9.9973E-05 0.957696
0.0646571 9.9991E-05 0.0808568 0.163673 0.690713
0.139597 0.0917079 0.00435623 0.0276859 0.736653
0.120211 9.9973E-05 9.9973E-05 9.9973E-05 0.879489
9.997E-05 9.997E-05 9.997E-05 9.997E-05 0.9996
0.304048 9.9982E-05 0.0269905 9.9982E-05 0.668761
0.00821194 9.9973E-05 9.9973E-05 9.9973E-05 0.991488
9.997E-05 9.997E-05 9.997E-05 9.997E-05 0.9996
0.2521 9.9973E-05 9.9973E-05 9.9973E-05 0.7476
0.778631 9.9991E-05 0.0862961 0.062763 0.0722096
0.723975 0.00351232 0.099183 0.0508264 0.122503
0.693361 9.9991E-05 0.0851312 0.0555995 0.165808
0.647889 0.158847 9.9982E-05 9.9982E-05 0.193065
0.747483 0.0142468 0.0443141 9.9991E-05 0.193856
0.631534 0.0402438 9.9991E-05 0.0561017 0.27202
0.77686 0.0358537 0.0217601 9.9991E-05 0.165426
0.9996 9.997E-05 9.997E-05 9.997E-05 9.997E-05
0.895123 9.9982E-05 0.0572098 9.9982E-05 0.0474677
0.9996 9.997E-05 9.997E-05 9.997E-05 9.997E-05
0.972549 9.9982E-05 0.00547979 9.9982E-05 0.021771
0.951316 9.9982E-05 0.0183525 0.0301314 9.9982E-05
0.991201 9.9973E-05 9.9973E-05 0.00849954 9.9973E-05
0.934031 9.9982E-05 9.9982E-05 0.0184268 0.0473424
0.963953 9.9982E-05 0.00056446 9.9982E-05 0.0352827
0.654513 0.157497 9.9982E-05 9.9982E-05 0.187789
0.960738 9.9973E-05 9.9973E-05 0.0389618 9.9973E-05
0.743739 0.020634 0.00513422 9.9991E-05 0.230393
0.977285 9.9973E-05 9.9973E-05 0.0224155 9.9973E-05
0.9996 9.997E-05 9.997E-05 9.997E-05 9.997E-05
0.67712 0.00485162 0.0578895 0.0322802 0.227858
