9.997E-05 9.997E-05 0.9996 9.997E-05 9.997E-05
0.277765 0.101058 0.517646 0.103431 9.9991E-05
0.213653 0.140812 0.501248 0.0852812 0.0590064
0.559575 9.9973E-05 0.440125 9.9973E-05 9.9973E-05
0.719924 9.9973E-05 0.279776 9.9973E-05 9.9973E-05
0.613796 0.0492627 0.336742 9.9982E-05 9.9982E-05
0.430597 0.0370771 0.532126 9.9982E-05 9.9982E-05
0.352237 0.132023 0.483188 0.0184579 0.0140944
0.527308 0.0593135 0.413178 9.9982E-05 9.9982E-05
9.997E-05 9.997E-05 0.9996 9.997E-05 9.997E-05
9.997E-05 9.997E-05 0.9996 9.997E-05 9.997E-05
9.997E-05 9.997E-05 0.9996 9.997E-05 9.997E-05
9.997E-05 9.997E-05 0.9996 9.997E-05 9.997E-05
0.0105845 9.9973E-05 0.989116 9.9973E-05 9.9973E-05
9.9973E-05 9.9973E-05 0.968826 9.9973E-05 0.0308738
0.643319 0.0190541 0.337427 9.9982E-05 9.9982E-05
0.531085 0.108146 0.300877 0.0393013 0.0205899
0.52708 0.0169558 0.449891 0.00597351 9.9991E-05
0.856955 9.9973E-05 0.142745 9.9973E-05 9.9973E-05
0.872409 9.99731E-05 0.127291 9.99731E-05 9.99731E-05
0.728218 9.9982E-05 0.260557 0.0110248 9.9982E-05
0.783831 0.061137 0.154832 9.9982E-05 9.9982E-05
0.771071 0.0416149 0.187114 9.9982E-05 9.9982E-05
0.700346 0.012159 0.271543 9.9991E-05 0.0158526
0.807395 9.9973E-05 0.192305 9.9973E-05 9.9973E-05
0.869127 9.9982E-05 0.118018 9.9982E-05 0.0126545
0.76535 0.0885185 0.145931 9.9982E-05 9.9982E-05
0.738544 0.0453254 0.215931 9.9982E-05 9.9982E-05
0.786793 0.00603413 0.206973 9.9982E-05 9.9982E-05
0.712279 9.9973E-05 0.287421 9.9973E-05 9.9973E-05
0.730124 9.9982E-05 0.253295 0.0163814 9.9982E-05
0.794732 0.0321894 0.172879 9.9982E-05 9.9982E-05
0.770124 0.071475 0.158201 9.9982E-05 9.9982E-05
0.687667 0.0433762 0.200795 9.9991E-05 0.0680626
0.801601 0.0239078 0.174291 9.9982E-05 9.9982E-05
0.728017 9.9973E-05 0.271683 9.9973E-05 9.9973E-05
0.914188 0.0231781 0.0624335 9.9982E-05 9.9982E-05
0.860456 0.0139733 0.101763 0.00230906 0.0214984
0.78275 0.0539609 0.128601 0.034588 9.9991E-05
0.866383 9.9982E-05 0.109561 0.0238567 9.9982E-05
0.716621 0.119907 0.0227637 0.0527706 0.0879377
0.772643 0.0558158 0.028972 0.00658898 0.13598
0.608177 0.137434 0.116538 0.00996515 0.127886
0.791628 0.0775268 0.0243531 0.0317443 0.0747475
0.851137 0.102855 9.9982E-05 9.9982E-05 0.0458073
0.905028 0.0646453 0.0301271 9.9982E-05 9.9982E-05
0.907658 0.0743879 0.0177546 9.9982E-05 9.9982E-05
0.845645 0.072877 0.0786815 0.00269692 9.9991E-05
0.733155 0.0583436 0.125685 9.9991E-05 0.0827164
0.658526 0.0265564 0.209399 0.0275607 0.0779572
0.732776 0.101707 0.106407 0.0162536 0.0428559
0.77207 0.0686303 0.0597752 9.9991E-05 0.0994246
0.928235 0.04195 0.0296147 9.9982E-05 9.9982E-05
0.829019 0.00885728 0.0813883 0.0252204 0.0555148
0.736157 0.0409876 0.10929 0.0675376 0.0460273
0.731186 0.111472 0.0657427 0.000188068 0.0914118
0.721951 0.0818277 0.145186 0.0052261 0.0458092
0.832892 0.0431223 0.0502082 0.0213167 0.0524612
0.89769 0.0839444 0.0181652 9.9982E-05 9.9982E-05
0.798253 0.0428715 0.100698 0.0341649 0.0240121
0.900085 9.9982E-05 0.0386457 9.9982E-05 0.061069
0.721355 0.00916761 0.0684331 0.069012 0.132033
0.780267 0.101303 0.0390895 0.0450052 0.0343347
0.822826 0.11578 9.9991E-05 0.00506921 0.0562248
0.846597 9.9982E-05 0.0489108 9.9982E-05 0.104292
0.774132 0.113994 0.00513328 0.00362784 0.103112
0.837016 0.0522776 9.9991E-05 0.0608871 0.0497192
0.722478 0.107522 0.038187 0.0398456 0.0919672
0.848623 0.0570378 0.0620797 0.0209238 0.0113356
0.794778 0.118239 9.9991E-05 0.00371778 0.0831647
0.679894 0.109704 0.0851195 0.0513233 0.0739595
0.800819 0.0538916 0.0110612 0.0471598 0.0870679
0.829829 0.0517199 0.0993224 9.9991E-05 0.0190291
0.896031 0.0373283 0.0637054 9.9991E-05 0.00283528
0.709267 0.079079 0.0579582 9.9991E-05 0.153596
0.9512 0.00726107 0.00438828 0.00632824 0.0308226
0.864769 0.0789076 9.9982E-05 0.0561237 9.9982E-05
0.667809 0.0651643 0.0239474 0.163464 0.0796155
0.702035 0.0351142 9.9991E-05 0.17439 0.08836
0.692398 0.0194634 9.9991E-05 0.171207 0.116832
0.691078 0.0604606 9.9991E-05 0.0893955 0.158966
0.726309 0.0435545 9.9991E-05 0.129585 0.100451
0.693793 0.0742108 9.9991E-05 0.124032 0.107864
0.714808 0.0168086 0.000871132 0.136998 0.130514
0.564124 0.0942427 0.0171781 0.21392 0.110535
0.526492 0.137925 0.00711891 0.204208 0.124256
0.636777 0.0810172 0.0998385 0.0815376 0.10083
0.682919 0.0104681 0.0326624 0.124317 0.149633
0.667572 0.0528156 0.00405781 0.174335 0.10122
0.626142 0.0825137 0.00685939 0.13175 0.152735
0.600948 0.0594599 0.0561026 0.164364 0.119125
0.637155 0.0460221 0.0354035 0.125324 0.156095
0.616882 0.0991803 0.0199236 0.213478 0.0505365
9.997E-05 9.997E-05 9.997E-05 0.9996 9.997E-05
9.9991E-05 0.00988298 0.030597 0.939228 0.0201924
0.128171 9.9991E-05 0.0188936 0.834758 0.0180776
9.997E-05 9.997E-05 9.997E-05 0.9996 9.997E-05
9.997E-05 9.997E-05 9.997E-05 0.9996 9.997E-05
9.997E-05 9.997E-05 9.997E-05 0.9996 9.997E-05
9.997E-05 9.997E-05 9.997E-05 0.9996 9.997E-05
0.0327552 0.00529482 0.00294416 0.93737 0.0216362
9.997E-05 9.997E-05 9.997E-05 0.9996 9.997E-05
9.997E-05 9.997E-05 9.997E-05 0.9996 9.997E-05
0.482803 0.0884303 9.9991E-05 0.133458 0.29521
0.0577747 9.9973E-05 9.9973E-05 0.941925 9.9973E-05
9.997E-05 9.997E-05 9.997E-05 0.9996 9.997E-05
9.997E-05 9.997E-05 9.997E-05 0.9996 9.997E-05
0.60632 0.0373277 0.00622716 0.137078 0.213047
0.547703 0.0847935 9.9991E-05 0.179624 0.18778
0.552614 0.0372794 9.9991E-05 0.195499 0.214507
0.572526 0.0751332 9.9991E-05 0.18344 0.1688
0.572916 0.056244 9.9991E-05 0.156757 0.213983
0.648735 0.0312207 9.9991E-05 0.107183 0.212762
0.644489 0.000513069 9.9991E-05 0.194765 0.160133
0.629187 9.9982E-05 9.9982E-05 0.165013 0.2056
0.516884 0.083161 9.9991E-05 0.259928 0.139927
0.525078 0.0704224 9.9991E-05 0.244882 0.159518
0.694679 0.044629 9.9991E-05 0.133015 0.127577
0.568881 0.0900961 9.9991E-05 0.226776 0.114147
0.654194 0.072193 9.9991E-05 0.0827982 0.190715
0.565341 0.0687676 9.9991E-05 0.156276 0.209515
9.997E-05 0.9996 9.997E-05 9.997E-05 9.997E-05
0.510495 0.120428 9.9991E-05 0.166115 0.202863
9.9973E-05 0.991053 9.9973E-05 9.9973E-05 0.00864661
9.997E-05 0.9996 9.997E-05 9.997E-05 9.997E-05
9.9973E-05 0.970743 9.9973E-05 0.0289574 9.9973E-05
0.179896 0.787271 0.0141145 0.0186183 9.9991E-05
9.9973E-05 0.986213 9.9973E-05 9.9973E-05 0.0134871
0.0984971 0.864449 9.9991E-05 0.00681726 0.0301367
9.9973E-05 0.979348 9.9973E-05 0.0203521 9.9973E-05
0.030289 0.927343 9.9982E-05 9.9982E-05 0.0421682
9.997E-05 0.9996 9.997E-05 9.997E-05 9.997E-05
0.0240228 0.975677 9.9973E-05 9.9973E-05 9.9973E-05
0.0161627 0.955182 0.00814033 9.9991E-05 0.020415
0.131633 0.767516 9.9991E-05 0.0436947 0.0570569
0.0387076 0.934292 0.0268002 9.9982E-05 9.9982E-05
0.0692532 0.880871 9.9991E-05 0.0442147 0.005561
0.133431 0.855642 9.9982E-05 9.9982E-05 0.0107268
0.0695036 0.882828 0.0211177 9.9991E-05 0.0264504
0.0262955 0.942698 9.9991E-05 0.0174811 0.0134254
0.0452103 0.00785518 9.9982E-05 9.9982E-05 0.946735
0.0490329 0.0118657 0.0186396 0.0103269 0.910135
9.997E-05 9.997E-05 9.997E-05 9.997E-05 0.9996
9.997E-05 9.997E-05 9.997E-05 9.997E-05 0.9996
9.997E-05 9.997E-05 9.997E-05 9.997E-05 0.9996
9.997E-05 9.997E-05 9.997E-05 9.997E-05 0.9996
9.9973E-05 9.9973E-05 0.00324886 9.9973E-05 0.996451
0.0620089 9.9991E-05 0.0727077 0.0411899 0.823993
9.997E-05 9.997E-05 9.997E-05 9.997E-05 0.9996
9.997E-05 9.997E-05 9.997E-05 9.997E-05 0.9996
9.9991E-05 0.00515409 0.0189533 0.0703912 0.905401
9.9973E-05 9.9973E-05 9.9973E-05 0.00119687 0.998503
0.180985 0.0492276 9.9991E-05 0.0210683 0.74862
0.835987 0.0200758 0.0101762 0.0754595 0.0583011
0.830432 0.033807 9.9991E-05 0.0713715 0.0642894
0.785531 0.0324755 0.0197443 0.12071 0.0415389
0.80628 0.0642161 0.0302717 0.0991319 9.9991E-05
0.75784 0.0122118 9.9991E-05 0.224601 0.00524729
0.73955 0.0318411 9.99821E-05 0.228409 9.99821E-05
0.755183 0.0349131 9.9982E-05 0.209704 9.9982E-05
0.744217 0.0128962 9.9982E-05 0.242687 9.9982E-05
0.741924 0.0288817 9.9982E-05 0.228994 9.9982E-05
0.750593 0.034768 9.9982E-05 0.214439 9.9982E-05
0.774044 0.0190779 9.9982E-05 0.206678 9.9982E-05
0.75142 0.0486539 9.9991E-05 0.16667 0.0331557
0.778919 0.0361545 9.9982E-05 0.184726 9.9982E-05
0.9996 9.997E-05 9.997E-05 9.997E-05 9.997E-05
0.9996 9.997E-05 9.997E-05 9.997E-05 9.997E-05
0.9996 9.997E-05 9.997E-05 9.997E-05 9.997E-05
0.9996 9.997E-05 9.997E-05 9.997E-05 9.997E-05
0.9996 9.997E-05 9.997E-05 9.997E-05 9.997E-05
0.9996 9.997E-05 9.997E-05 9.997E-05 9.997E-05
0.9996 9.997E-05 9.997E-05 9.997E-05 9.997E-05
0.9996 9.997E-05 9.997E-05 9.997E-05 9.997E-05
0.9996 9.997E-05 9.997E-05 9.997E-05 9.997E-05
0.9996 9.997E-05 9.997E-05 9.997E-05 9.997E-05
0.9996 9.997E-05 9.997E-05 9.997E-05 9.997E-05
0.9996 9.997E-05 9.997E-05 9.997E-05 9.997E-05
