9.999E-05 0.9998 9.999E-05
0.242385 0.638359 0.119256
0.125516 0.710072 0.164413
0.220944 0.756989 0.0220674
0.436349 0.548443 0.0152083
0.271763 0.632636 0.0956003
0.109329 0.837189 0.0534822
0.187757 0.676373 0.13587
0.252786 0.644274 0.10294
9.999E-05 0.9998 9.999E-05
9.999E-05 0.9998 9.999E-05
9.999E-05 0.9998 9.999E-05
9.999E-05 0.9998 9.999E-05
9.999E-05 0.9998 9.999E-05
9.999E-05 0.9998 9.999E-05
0.310084 0.583131 0.106785
0.309408 0.576113 0.114479
0.235304 0.714544 0.0501519
0.549774 0.450126 9.9991E-05
0.516435 0.448902 0.0346632
0.442739 0.557161 9.9991E-05
0.471439 0.416409 0.112152
0.464882 0.465209 0.0699097
0.407885 0.553355 0.0387607
0.507437 0.492463 9.9991E-05
0.554743 0.416197 0.02906
0.452655 0.438466 0.10888
0.359403 0.559085 0.0815118
0.46282 0.488022 0.0491589
0.389845 0.592089 0.0180663
0.464671 0.535229 9.9991E-05
0.540495 0.423023 0.0364815
0.487766 0.403648 0.108586
0.47853 0.390438 0.131033
0.486584 0.412597 0.100819
0.421373 0.578527 9.9991E-05
0.630538 0.34434 0.0251219
0.613956 0.325865 0.0601781
0.559697 0.333334 0.106968
0.629708 0.370192 9.9991E-05
0.722795 0.161964 0.115241
0.73105 0.210715 0.0582342
0.546121 0.317177 0.136702
0.694593 0.188156 0.117251
0.697401 0.203588 0.0990114
0.604406 0.257701 0.137894
0.625419 0.262093 0.112488
0.69522 0.250492 0.0542877
0.602411 0.278186 0.119403
0.544056 0.397338 0.0586058
0.658769 0.263916 0.0773149
0.638099 0.256163 0.105738
0.605485 0.27493 0.119585
0.769954 0.215619 0.0144264
0.737734 0.215725 0.0465417
0.650934 0.187406 0.161661
0.587489 0.285454 0.127057
0.745858 0.209785 0.0443578
0.561247 0.294462 0.144291
0.698832 0.286603 0.0145649
0.726555 0.233057 0.0403881
0.769678 0.185641 0.044681
0.69894 0.207468 0.0935911
0.785549 0.110388 0.104063
0.72789 0.25009 0.0220203
0.691867 0.14636 0.161773
0.806089 0.13589 0.0580214
0.717509 0.15928 0.12321
0.658743 0.263196 0.0780601
0.661421 0.152829 0.18575
0.58509 0.257658 0.157252
0.737079 0.130922 0.131999
0.62367 0.302715 0.0736154
0.659296 0.267535 0.0731691
0.736482 0.174581 0.0889373
0.824134 0.168321 0.0075455
0.760419 0.129766 0.109815
0.774534 0.157018 0.0684473
0.912841 0.0630064 0.0241526
0.963383 9.99903E-05 0.0365175
0.888512 0.0577036 0.0537847
0.937329 0.0208299 0.0418414
0.937577 0.0267806 0.0356427
0.863812 0.0950342 0.0411538
0.856657 0.113606 0.0297373
0.801269 0.0775708 0.12116
0.746225 0.152466 0.101309
0.877497 0.122403 9.9991E-05
0.817904 0.0936237 0.0884725
0.832775 0.055252 0.111973
0.762748 0.147868 0.0893842
0.74064 0.14152 0.11784
0.831516 0.0966598 0.0718237
0.9998 9.999E-05 9.999E-05
0.9998 9.999E-05 9.999E-05
0.9998 9.999E-05 9.999E-05
0.9998 9.999E-05 9.999E-05
0.9998 9.999E-05 9.999E-05
0.9998 9.999E-05 9.999E-05
0.9998 9.999E-05 9.999E-05
0.9998 9.999E-05 9.999E-05
0.9998 9.999E-05 9.999E-05
0.9998 9.999E-05 9.999E-05
0.869949 0.0135822 0.116469
0.9998 9.999E-05 9.999E-05
0.9998 9.999E-05 9.999E-05
0.9998 9.999E-05 9.999E-05
0.936741 9.9991E-05 0.0631591
0.959486 9.9991E-05 0.0404137
0.923976 9.9991E-05 0.0759236
0.923129 0.0116255 0.0652452
0.968243 9.9991E-05 0.0316567
0.951451 0.032144 0.0164046
0.917617 0.0621621 0.020221
0.9998 9.999E-05 9.999E-05
0.961072 9.9991E-05 0.038828
0.928076 0.00323279 0.0686911
0.901455 0.0511028 0.047442
0.941954 0.0280228 0.0300234
0.880729 0.0540655 0.0652055
0.916512 0.0244971 0.058991
0.991341 9.9991E-05 0.00855876
0.998733 9.9991E-05 0.00116749
0.9998 9.999E-05 9.999E-05
0.9998 9.999E-05 9.999E-05
0.96765 9.9991E-05 0.0322501
0.9998 9.999E-05 9.999E-05
0.996078 9.9991E-05 0.00382192
0.973658 0.0262421 9.9991E-05
0.965067 9.9991E-05 0.0348327
0.9998 9.999E-05 9.999E-05
0.9809 9.9991E-05 0.0189996
0.9998 9.999E-05 9.999E-05
0.892528 9.9991E-05 0.107372
9.999E-05 9.999E-05 0.9998
0.922002 9.9991E-05 0.0778975
9.999E-05 9.999E-05 0.9998
9.999E-05 9.999E-05 0.9998
0.0344432 9.9991E-05 0.965457
0.194229 0.0239565 0.781814
9.999E-05 9.999E-05 0.9998
0.10299 0.0116738 0.885336
9.999E-05 9.999E-05 0.9998
0.000429633 0.0036818 0.995889
9.999E-05 9.999E-05 0.9998
9.999E-05 9.999E-05 0.9998
0.0694078 9.9991E-05 0.930492
0.16828 9.9991E-05 0.83162
0.0452574 0.0247677 0.929975
0.09831 0.0263065 0.875383
0.15191 0.00293297 0.845157
0.154015 0.0438992 0.802086
0.0373466 0.00636366 0.95629
0.876816 0.0858035 0.0373807
0.910561 0.0573138 0.0321255
0.869664 0.0786937 0.0516419
0.856661 0.0906652 0.052674
0.966875 9.9991E-05 0.0330247
0.9998 9.999E-05 9.999E-05
0.972746 9.9991E-05 0.0271544
0.997662 9.9991E-05 0.00223772
0.966006 9.9991E-05 0.0338941
0.984015 9.9991E-05 0.0158851
0.988906 9.9991E-05 0.0109938
0.860899 0.0377184 0.101382
0.882618 0.0623939 0.054988
0.950039 0.0498608 9.9991E-05
0.959744 0.0401558 9.9991E-05
0.967395 0.0325048 9.9991E-05
0.930153 0.0697466 9.9991E-05
0.986005 0.0138946 9.9991E-05
0.937832 0.0620678 9.9991E-05
0.964855 0.0350451 9.9991E-05
0.961593 0.0383072 9.9991E-05
0.924196 0.0757044 9.9991E-05
0.943689 0.056211 9.9991E-05
0.971069 0.0288307 9.9991E-05
0.960006 0.0398937 9.9991E-05
