9.999E-05 0.9998 9.999E-05
0.0694048 0.930495 9.9991E-05
9.999E-05 0.825413 0.174487
0.023811 0.744785 0.231404
9.9991E-05 0.814357 0.185543
9.999E-05 0.9998 9.999E-05
9.999E-05 0.868671 0.131229
9.999E-05 0.90998 0.08992
9.9991E-05 0.692417 0.307483
0.0742978 0.577185 0.348517
0.217114 0.782786 9.9991E-05
0.13532 0.797464 0.0672162
0.036408 0.963492 9.9991E-05
0.19183 0.7443 0.0638701
0.218944 0.780956 9.9991E-05
0.100899 0.899001 9.9991E-05
0.112707 0.887193 9.9991E-05
0.331767 0.572338 0.0958951
0.24446 0.642583 0.112957
9.9991E-05 0.869934 0.129966
0.33095 0.665945 0.00310472
0.129579 0.788255 0.0821659
0.0955857 0.904314 9.9991E-05
0.203011 0.769815 0.0271743
0.332919 0.666981 9.9991E-05
0.255457 0.682318 0.0622254
0.148916 0.426012 0.425072
0.568098 0.417217 0.0146854
0.436981 0.515868 0.0471507
0.537891 0.462009 9.9991E-05
0.141605 9.9991E-05 0.858295
9.9991E-05 0.185561 0.814339
0.185249 0.123323 0.691428
9.9991E-05 0.118558 0.881342
0.0142893 0.232275 0.753435
0.00538152 0.0787167 0.915902
9.9991E-05 0.342774 0.657126
0.0800303 0.217519 0.702451
9.9991E-05 0.060315 0.939585
0.32992 0.12015 0.54993
0.0507051 0.0515373 0.897758
0.303274 0.228538 0.468188
0.0996144 0.10687 0.793516
0.0163766 0.21658 0.767043
0.0171884 9.9991E-05 0.982712
0.0392959 0.022193 0.938511
0.0504364 9.9991E-05 0.949464
0.0531959 9.9991E-05 0.946704
0.0355409 0.227147 0.737312
0.0284968 0.0203269 0.951176
0.164207 9.9991E-05 0.835693
9.999E-05 9.999E-05 0.9998
0.299452 9.9991E-05 0.700448
0.0870512 9.9991E-05 0.912849
9.999E-05 9.999E-05 0.9998
0.327911 9.9991E-05 0.671989
0.818187 0.053086 0.128727
0.69574 0.152087 0.152174
0.702247 9.9991E-05 0.297653
0.572752 0.190589 0.236659
0.705869 9.9991E-05 0.294031
0.568804 9.9991E-05 0.431096
0.652304 0.0564368 0.291259
0.9998 9.999E-05 9.999E-05
0.85317 0.0162472 0.130583
0.9998 9.999E-05 9.999E-05
0.9998 9.999E-05 9.999E-05
0.9998 9.999E-05 9.999E-05
0.9998 9.999E-05 9.999E-05
0.942439 9.9991E-05 0.057461
0.928199 9.9991E-05 0.0717006
0.465254 0.0538338 0.480912
0.912724 9.9991E-05 0.0871764
0.795427 9.9991E-05 0.204473
0.9998 9.999E-05 9.999E-05
0.9998 9.999E-05 9.999E-05
0.737193 0.103826 0.158981
