9.999E-05 9.999E-05 0.9998
0.0783994 0.239502 0.682098
0.16283 0.127789 0.709381
0.0353364 0.211182 0.753481
9.9991E-05 0.409828 0.590072
0.100374 0.262272 0.637353
0.0449879 0.10368 0.851333
0.105029 0.196932 0.698039
0.103113 0.258804 0.638083
9.999E-05 9.999E-05 0.9998
9.999E-05 9.999E-05 0.9998
9.999E-05 9.999E-05 0.9998
9.999E-05 9.999E-05 0.9998
9.999E-05 9.999E-05 0.9998
9.999E-05 9.999E-05 0.9998
0.0748791 0.332156 0.592964
0.0989175 0.400547 0.500536
0.0602759 0.23916 0.700564
0.0127102 0.506539 0.480751
0.0617708 0.502411 0.435818
9.9991E-05 0.421993 0.577907
0.116657 0.479962 0.403381
0.11617 0.434823 0.449007
0.0547438 0.398948 0.546308
9.9991E-05 0.534937 0.464963
0.0672642 0.533641 0.399095
0.106517 0.495943 0.397539
0.0970361 0.363968 0.538996
0.0403534 0.513293 0.446354
0.0308814 0.40449 0.564628
0.012104 0.465671 0.522225
0.0391256 0.548291 0.412584
0.0884886 0.499822 0.411689
0.111769 0.459266 0.428966
0.107378 0.469633 0.422989
0.00275156 0.416265 0.580983
0.0510298 0.589769 0.359201
0.0551026 0.5878 0.357097
0.088302 0.573802 0.337896
9.9991E-05 0.636533 0.363367
0.123104 0.699752 0.177144
0.156562 0.668792 0.174646
0.169341 0.497198 0.333461
0.123372 0.677999 0.198629
0.140911 0.651964 0.207125
0.115871 0.591935 0.292195
0.0920844 0.657181 0.250734
0.13794 0.57995 0.282111
0.105799 0.592036 0.302165
0.0570383 0.541192 0.401769
0.0952586 0.614323 0.290419
0.122267 0.595913 0.281819
0.118239 0.609391 0.27237
0.0264093 0.735777 0.237813
0.0573527 0.717264 0.225384
0.174073 0.581894 0.244033
0.109236 0.610958 0.279805
0.0449563 0.728722 0.226321
0.126845 0.58388 0.289275
0.0504738 0.664349 0.285177
0.0475146 0.714547 0.237938
0.0185034 0.745116 0.236381
0.110728 0.687184 0.202088
0.147865 0.722378 0.129757
9.9991E-05 0.77361 0.22629
0.116009 0.720213 0.163778
0.058314 0.837461 0.104225
0.129343 0.714254 0.156402
0.0884223 0.634339 0.277238
0.125185 0.726898 0.147917
0.109682 0.628842 0.261476
0.103973 0.767399 0.128628
0.0831991 0.610603 0.306198
0.0913396 0.643443 0.265218
0.078942 0.722839 0.198219
0.0537556 0.772894 0.173351
0.119536 0.750756 0.129708
0.0600941 0.745674 0.194232
0.0789751 0.89205 0.0289748
0.0663762 0.918976 0.0146476
0.0928628 0.83794 0.0691977
0.046724 0.900729 0.0525467
0.0792803 0.897049 0.0236702
0.0217229 0.869584 0.108693
0.0182738 0.908654 0.0730726
0.127369 0.790308 0.0823229
0.0939672 0.719411 0.186622
0.0066649 0.86108 0.132255
0.0640401 0.808544 0.127416
0.117234 0.828627 0.0541386
0.0847661 0.772185 0.143049
0.0771479 0.773648 0.149204
0.0998106 0.818579 0.0816099
9.999E-05 0.9998 9.999E-05
9.999E-05 0.9998 9.999E-05
9.999E-05 0.9998 9.999E-05
9.999E-05 0.9998 9.999E-05
9.999E-05 0.9998 9.999E-05
9.999E-05 0.9998 9.999E-05
9.999E-05 0.9998 9.999E-05
9.999E-05 0.9998 9.999E-05
9.999E-05 0.9998 9.999E-05
9.999E-05 0.9998 9.999E-05
0.111436 0.879376 0.00918794
9.999E-05 0.9998 9.999E-05
9.999E-05 0.9998 9.999E-05
9.999E-05 0.9998 9.999E-05
0.0546712 0.945229 9.9991E-05
0.0779016 0.921998 9.9991E-05
0.0502521 0.937605 0.0121431
0.101599 0.898301 9.9991E-05
0.0754994 0.924401 9.9991E-05
0.0124247 0.943465 0.0441104
0.00808544 0.94975 0.0421645
9.999E-05 0.9998 9.999E-05
0.0515396 0.94836 9.9991E-05
0.0593377 0.926999 0.0136632
0.0758286 0.902305 0.0218667
0.0287444 0.940566 0.0306894
0.101546 0.876188 0.0222661
0.0652878 0.909036 0.0256757
0.9998 9.999E-05 9.999E-05
0.0940307 0.88662 0.0193498
0.9998 9.999E-05 9.999E-05
0.9998 9.999E-05 9.999E-05
0.931611 0.0682894 9.9991E-05
0.822891 0.115078 0.0620303
0.9998 9.999E-05 9.999E-05
0.894746 0.105154 9.9991E-05
0.969727 0.0301733 9.9991E-05
0.9998 9.999E-05 9.999E-05
0.9998 9.999E-05 9.999E-05
0.987736 0.0121638 9.9991E-05
0.957932 0.0419683 9.9991E-05
0.876856 0.123044 9.9991E-05
0.956769 9.9991E-05 0.0431305
0.923175 0.0767251 9.9991E-05
0.849368 0.144342 0.0062896
0.899767 0.0650929 0.0351396
0.935937 0.0639631 9.9991E-05
0.0261859 0.973714 9.9991E-05
0.00761608 0.992284 9.9991E-05
9.999E-05 0.9998 9.999E-05
9.999E-05 0.9998 9.999E-05
9.999E-05 0.9998 9.999E-05
9.999E-05 0.9998 9.999E-05
9.999E-05 0.9998 9.999E-05
0.00033558 0.985648 0.0140166
0.0311999 0.9687 9.9991E-05
0.0252299 0.97467 9.9991E-05
9.999E-05 0.9998 9.999E-05
9.999E-05 0.9998 9.999E-05
0.0650473 0.934853 9.9991E-05
0.0420416 0.862013 0.0959453
0.0410111 0.847066 0.111922
0.069213 0.83361 0.0971767
0.0612973 0.825033 0.11367
0.00811291 0.973854 0.0180327
9.999E-05 0.9998 9.999E-05
0.0426613 0.957239 9.9991E-05
9.999E-05 0.9998 9.999E-05
0.0264752 0.973425 9.9991E-05
0.0208496 0.97905 9.9991E-05
0.0118916 0.978765 0.0093434
0.020967 0.923508 0.0555251
0.0792968 0.831048 0.089655
9.9991E-05 0.943782 0.056118
9.9991E-05 0.961606 0.0382939
9.9991E-05 0.958121 0.0417791
9.9991E-05 0.937655 0.0622448
9.9991E-05 0.960844 0.0390563
9.9991E-05 0.91398 0.0859199
9.9991E-05 0.948453 0.0514469
9.9991E-05 0.949537 0.0503629
9.9991E-05 0.9337 0.0661997
9.9991E-05 0.94682 0.0530796
9.9991E-05 0.974745 0.0251553
9.9991E-05 0.955245 0.0446555
