0.9998 9.999E-05 9.999E-05
0.671519 0.21727 0.11121
0.709493 0.151021 0.139486
0.765806 0.234094 9.9991E-05
0.523089 0.422363 0.0545481
0.626625 0.270991 0.102384
0.860396 0.0941723 0.0454313
0.670854 0.217009 0.112138
0.62472 0.245165 0.130115
0.9998 9.999E-05 9.999E-05
0.9998 9.999E-05 9.999E-05
0.9998 9.999E-05 9.999E-05
0.9998 9.999E-05 9.999E-05
0.9998 9.999E-05 9.999E-05
0.9998 9.999E-05 9.999E-05
0.55559 0.375451 0.0689591
0.54087 0.414756 0.0443746
0.697333 0.278629 0.0240377
0.482996 0.516904 9.9991E-05
0.470015 0.509668 0.0203178
0.58014 0.389079 0.030781
0.41588 0.449498 0.134622
0.411872 0.541666 0.0464618
0.53365 0.438144 0.028206
0.480963 0.518937 9.9991E-05
0.375878 0.58508 0.0390414
0.411378 0.508656 0.0799669
0.541644 0.375152 0.0832039
0.473024 0.468252 0.0587234
0.603822 0.390048 0.00612994
0.48672 0.508226 0.00505488
0.395131 0.574111 0.0307571
0.391738 0.561677 0.0465853
0.39275 0.484316 0.122934
0.411566 0.48601 0.102425
0.585232 0.407667 0.00710063
0.296178 0.648203 0.0556192
0.282169 0.638922 0.0789097
0.324861 0.575725 0.0994139
0.328625 0.671275 9.9991E-05
0.133997 0.78797 0.0780332
0.184638 0.698535 0.116827
0.283391 0.6282 0.0884092
0.186313 0.704923 0.108765
0.191973 0.677607 0.13042
0.258827 0.605808 0.135365
0.244417 0.639806 0.115778
0.263945 0.626935 0.10912
0.262252 0.617255 0.120493
0.407129 0.532465 0.0604066
0.274248 0.61837 0.107381
0.226553 0.654673 0.118774
0.235913 0.629527 0.13456
0.226522 0.773378 9.9991E-05
0.242912 0.729452 0.0276368
0.221737 0.610653 0.16761
0.263447 0.621638 0.114914
0.228291 0.755271 0.0164384
0.229656 0.594854 0.17549
0.282642 0.641756 0.0756014
0.211974 0.7568 0.0312259
0.186243 0.781344 0.032413
0.184384 0.707501 0.108114
0.105867 0.76517 0.128963
0.261517 0.738383 9.9991E-05
0.141964 0.7188 0.139236
0.133368 0.819057 0.0475753
0.138451 0.707516 0.154033
0.256395 0.66506 0.0785443
0.154832 0.712292 0.132877
0.27792 0.591949 0.130131
0.10891 0.777606 0.113483
0.300824 0.647779 0.0513965
0.245099 0.666858 0.0880425
0.191984 0.741405 0.0666114
0.165258 0.798622 0.0361199
0.113607 0.761062 0.125331
0.18331 0.773754 0.0429367
0.0341187 0.883674 0.0822077
9.9991E-05 0.936516 0.0633842
0.0476532 0.868546 0.0838005
0.0190931 0.932027 0.0488796
0.00928595 0.913526 0.0771877
0.0978982 0.886502 0.0155994
0.0981671 0.85841 0.0434226
0.0934288 0.788423 0.118148
0.187125 0.733552 0.0793226
0.119502 0.86685 0.0136475
0.100794 0.856061 0.0431447
0.0532473 0.820283 0.126469
0.12681 0.76654 0.106649
0.138067 0.744035 0.117898
0.0777533 0.84446 0.0777863
9.999E-05 0.9998 9.999E-05
9.999E-05 0.9998 9.999E-05
9.999E-05 0.9998 9.999E-05
9.999E-05 0.9998 9.999E-05
9.999E-05 0.9998 9.999E-05
9.999E-05 0.9998 9.999E-05
9.999E-05 0.9998 9.999E-05
9.999E-05 0.9998 9.999E-05
9.999E-05 0.9998 9.999E-05
9.999E-05 0.9998 9.999E-05
0.00683084 0.873476 0.119693
9.999E-05 0.9998 9.999E-05
9.999E-05 0.9998 9.999E-05
9.999E-05 0.9998 9.999E-05
9.9991E-05 0.951874 0.0480256
9.9991E-05 0.93584 0.0640602
0.0287732 0.906133 0.0650941
9.9991E-05 0.954233 0.0456671
9.9991E-05 0.96404 0.0358596
0.0788529 0.913285 0.007862
0.0290375 0.965906 0.00505674
9.9991E-05 0.99961 0.000289692
0.00740087 0.903729 0.0888699
9.9991E-05 0.945814 0.054086
0.0383564 0.896803 0.0648406
0.0191713 0.91925 0.0615783
0.0274708 0.891797 0.0807326
0.0260467 0.913798 0.0601549
9.999E-05 0.9998 9.999E-05
9.999E-05 0.9998 9.999E-05
9.999E-05 0.9998 9.999E-05
9.999E-05 0.9998 9.999E-05
9.9991E-05 0.997506 0.00239385
9.999E-05 0.9998 9.999E-05
9.999E-05 0.9998 9.999E-05
0.0346928 0.965207 9.9991E-05
9.9991E-05 0.973695 0.0262052
9.999E-05 0.9998 9.999E-05
9.9991E-05 0.994805 0.00509547
9.999E-05 0.9998 9.999E-05
9.9991E-05 0.908832 0.0910685
9.999E-05 9.999E-05 0.9998
9.9991E-05 0.898005 0.101895
9.999E-05 9.999E-05 0.9998
9.999E-05 9.999E-05 0.9998
9.9991E-05 0.0451036 0.954796
0.0434502 0.0935772 0.862973
9.999E-05 9.999E-05 0.9998
9.9991E-05 0.142146 0.857754
9.999E-05 9.999E-05 0.9998
9.999E-05 9.999E-05 0.9998
9.999E-05 9.999E-05 0.9998
9.9991E-05 0.0327925 0.967107
0.00614001 9.9991E-05 0.99376
9.9991E-05 0.172777 0.827123
9.9991E-05 0.0337694 0.966131
9.9991E-05 0.0917023 0.908198
0.0106655 0.123075 0.86626
0.0240155 0.0697411 0.906243
9.9991E-05 0.0474204 0.95248
0.0781051 0.878075 0.0438196
0.13228 0.805817 0.0619024
0.0788742 0.88627 0.0348556
0.10087 0.848258 0.0508719
0.000250607 0.991256 0.0084932
9.9991E-05 0.995216 0.00468434
9.999E-05 0.9998 9.999E-05
9.999E-05 0.9998 9.999E-05
9.9991E-05 0.977533 0.0223672
9.9991E-05 0.988753 0.0111467
9.999E-05 0.9998 9.999E-05
0.0840642 0.896706 0.01923
0.0389998 0.951132 0.00986789
0.0308394 0.969061 9.9991E-05
0.0356102 0.96429 9.9991E-05
0.0180944 0.981806 9.9991E-05
0.0287194 0.971181 9.9991E-05
0.00218087 0.997719 9.9991E-05
0.0695681 0.930332 9.9991E-05
0.0190683 0.980832 9.9991E-05
0.0306187 0.969281 9.9991E-05
0.0394809 0.960419 9.9991E-05
0.0219747 0.977925 9.9991E-05
0.0244072 0.975493 9.9991E-05
0.0183399 0.98156 9.9991E-05
