0.9998 9.999E-05 9.999E-05
0.643614 0.138658 0.217729
0.615627 0.183841 0.200532
0.670147 0.0327531 0.2971
0.49478 9.9991E-05 0.50512
0.539442 0.0793712 0.381186
0.779766 0.0568989 0.163335
0.657735 0.139708 0.202556
0.559891 0.0993693 0.34074
0.9998 9.999E-05 9.999E-05
0.9998 9.999E-05 9.999E-05
0.9998 9.999E-05 9.999E-05
0.9998 9.999E-05 9.999E-05
0.9998 9.999E-05 9.999E-05
0.9998 9.999E-05 9.999E-05
0.503436 0.0744872 0.422077
0.440612 0.0681234 0.491265
0.600687 0.109486 0.289827
0.39975 9.9991E-05 0.60015
0.378107 0.0112705 0.610623
0.48405 9.9991E-05 0.51585
0.371176 0.0845217 0.544303
0.384466 0.0632787 0.552255
0.458336 0.00502179 0.536642
0.405463 9.9991E-05 0.594437
0.324637 9.9991E-05 0.675263
0.347414 0.0925532 0.560032
0.449335 0.057507 0.493158
0.421763 0.0311813 0.547056
0.539217 9.99999E-05 0.460683
0.486026 9.9991E-05 0.513874
0.356557 0.0209665 0.622477
0.351015 0.0569061 0.592079
0.337055 0.0736063 0.589339
0.361269 0.0802237 0.558507
0.511707 9.9991E-05 0.488193
0.288828 0.0700051 0.641167
0.258715 0.0610362 0.680249
0.262338 0.0725563 0.665106
0.26928 9.9991E-05 0.73062
0.133206 0.105542 0.761252
0.131342 0.145364 0.723294
0.280728 0.130001 0.589271
0.154727 0.096425 0.748848
0.166067 0.105078 0.728854
0.214097 0.0961872 0.689716
0.195069 0.0874661 0.717465
0.22433 0.119389 0.656281
0.272761 0.104878 0.622361
0.388396 0.0582361 0.553368
0.253887 0.122591 0.623522
0.213625 0.105852 0.680524
0.197625 0.0872843 0.71509
0.205704 0.0324695 0.761826
0.187636 0.0284407 0.783923
0.178341 0.12399 0.697668
0.24537 0.115426 0.639204
0.174688 0.00733103 0.817981
0.222881 0.103468 0.673652
0.247707 0.0282351 0.724058
0.165621 0.074717 0.759662
0.168977 9.9991E-05 0.830923
0.15426 0.104822 0.740918
0.0810282 0.12257 0.796402
0.201631 9.9991E-05 0.798269
0.123321 0.123307 0.753372
0.0877079 0.0240826 0.888209
0.109533 0.115862 0.774605
0.222734 0.0538546 0.723411
0.102169 0.128035 0.769796
0.235448 0.0840677 0.680485
0.0880274 0.0899786 0.821994
0.258243 0.0619153 0.679842
0.213948 0.0929667 0.693085
0.143855 0.0510916 0.805054
0.11907 0.0435954 0.837334
0.0957235 0.135166 0.76911
0.0819801 0.0726939 0.845326
0.05934 0.0375041 0.903156
9.9991E-05 0.0400384 0.959862
0.0304234 0.0794679 0.890109
0.0197058 0.048275 0.932019
0.0293257 0.0850299 0.885644
0.0911985 0.0263418 0.88246
0.07308 0.0948158 0.832104
0.0614024 0.0951216 0.843476
0.162949 0.0986638 0.738387
0.0740776 0.00565623 0.920266
0.0753219 0.0776273 0.847051
0.061545 0.0985965 0.839859
0.0991745 0.0700667 0.830759
0.109161 0.0918365 0.799003
0.0861546 0.084254 0.829591
9.999E-05 9.999E-05 0.9998
9.999E-05 9.999E-05 0.9998
9.999E-05 9.999E-05 0.9998
9.999E-05 9.999E-05 0.9998
9.999E-05 9.999E-05 0.9998
9.999E-05 9.999E-05 0.9998
9.999E-05 9.999E-05 0.9998
9.999E-05 9.999E-05 0.9998
9.999E-05 9.999E-05 0.9998
9.999E-05 9.999E-05 0.9998
0.00771275 0.0879977 0.90429
9.999E-05 9.999E-05 0.9998
9.999E-05 9.999E-05 0.9998
9.999E-05 9.999E-05 0.9998
9.9991E-05 0.0446167 0.955283
9.9991E-05 0.097453 0.902447
0.00874625 0.0441664 0.947087
9.9991E-05 0.0506099 0.94929
9.9991E-05 0.0609654 0.938935
0.0326178 9.9991E-05 0.967282
0.0490945 0.0301651 0.92074
9.999E-05 9.999E-05 0.9998
9.9991E-05 0.0586447 0.941255
9.9991E-05 0.0710136 0.928886
9.9991E-05 0.0589387 0.940961
9.9991E-05 0.108437 0.891463
0.025388 0.0824345 0.892177
0.00652994 0.0638581 0.929612
9.999E-05 9.999E-05 0.9998
9.9991E-05 0.0190434 0.980857
9.999E-05 9.999E-05 0.9998
9.999E-05 9.999E-05 0.9998
9.999E-05 9.999E-05 0.9998
9.999E-05 9.999E-05 0.9998
9.999E-05 9.999E-05 0.9998
0.0189617 9.9991E-05 0.980938
9.9991E-05 0.0427665 0.957134
9.999E-05 9.999E-05 0.9998
9.9991E-05 0.0112773 0.988623
9.999E-05 9.999E-05 0.9998
9.9991E-05 0.113324 0.886576
9.999E-05 0.9998 9.999E-05
0.0183311 0.0867669 0.894902
9.999E-05 0.9998 9.999E-05
9.999E-05 0.9998 9.999E-05
9.9991E-05 0.990298 0.00960174
0.0114999 0.795327 0.193173
9.999E-05 0.9998 9.999E-05
0.0224594 0.904059 0.0734818
9.9991E-05 0.983729 0.0161715
9.9991E-05 0.9864 0.0134999
9.999E-05 0.9998 9.999E-05
9.999E-05 0.9998 9.999E-05
9.9991E-05 0.940764 0.0591364
9.9991E-05 0.833822 0.166078
9.9991E-05 0.952424 0.0474759
9.9991E-05 0.861416 0.138484
0.0168861 0.806148 0.176966
0.0407545 0.920195 0.0390507
0.0119411 0.964112 0.0239467
0.0825904 0.0507357 0.866674
0.0971859 0.0357348 0.867079
0.0766111 0.0430253 0.880364
0.109414 0.0381372 0.852449
9.9991E-05 0.000600145 0.9993
9.999E-05 9.999E-05 0.9998
9.9991E-05 0.0178122 0.982088
9.9991E-05 0.00407272 0.995827
9.9991E-05 0.0193191 0.980581
9.9991E-05 0.0257384 0.974162
9.9991E-05 0.0148082 0.985092
0.053607 0.0974756 0.848917
0.0254041 0.0223556 0.95224
0.0150408 9.9991E-05 0.984859
0.00874489 9.9991E-05 0.991155
0.0101334 9.9991E-05 0.989767
0.0155057 9.9991E-05 0.984394
0.00430873 9.9991E-05 0.995591
0.058072 0.0321554 0.909773
0.0112447 9.9991E-05 0.988655
0.019887 9.9991E-05 0.980013
0.0507763 9.9991E-05 0.949124
0.0235 9.9991E-05 0.9764
0.00738975 9.9991E-05 0.99251
0.020188 9.9991E-05 0.979712
