9.999E-05 0.9998 9.999E-05
0.232299 0.664539 0.103162
0.139964 0.698819 0.161217
0.22867 0.747228 0.0241022
0.388296 0.609081 0.00262303
0.278538 0.617679 0.103783
0.0714153 0.872263 0.0563221
0.183823 0.703923 0.112255
0.247704 0.645642 0.106653
9.999E-05 0.9998 9.999E-05
9.999E-05 0.9998 9.999E-05
9.999E-05 0.9998 9.999E-05
9.999E-05 0.9998 9.999E-05
9.999E-05 0.9998 9.999E-05
9.999E-05 0.9998 9.999E-05
0.309019 0.580272 0.110709
0.40155 0.504467 0.0939837
0.277278 0.714458 0.00826466
0.509595 0.449572 0.0408335
0.530488 0.437787 0.0317253
0.436583 0.563317 9.9991E-05
0.478175 0.422828 0.0989969
0.4835 0.430703 0.0857968
0.392664 0.558746 0.0485899
0.482404 0.517496 9.9991E-05
0.555442 0.400624 0.0439331
0.463033 0.393031 0.143937
0.39534 0.549356 0.0553036
0.488006 0.453445 0.0585493
0.361572 0.631224 0.00720357
0.456096 0.543804 9.9991E-05
0.538113 0.427191 0.0346956
0.456453 0.434893 0.108654
0.500682 0.410414 0.0889038
0.480183 0.404005 0.115813
0.390145 0.609755 9.9991E-05
0.563014 0.37233 0.0646562
0.610161 0.343812 0.0460264
0.574787 0.337874 0.0873394
0.648658 0.351242 9.9991E-05
0.748324 0.157201 0.0944748
0.692976 0.163937 0.143088
0.535538 0.305325 0.159137
0.709442 0.190771 0.0997871
0.677941 0.194767 0.127292
0.56535 0.285181 0.149469
0.554975 0.29932 0.145706
0.591372 0.289122 0.119506
0.616019 0.297201 0.0867805
0.487843 0.437124 0.0750336
0.581519 0.300392 0.118089
0.618125 0.241186 0.14069
0.590376 0.253316 0.156309
0.748737 0.243679 0.00758396
0.727252 0.24173 0.0310183
0.635128 0.183206 0.181666
0.622697 0.243212 0.134092
0.70457 0.258404 0.0370257
0.537379 0.314206 0.148415
0.642845 0.283753 0.0734026
0.736974 0.217314 0.045712
0.718694 0.235041 0.0462652
0.692577 0.174706 0.132717
0.785014 0.120707 0.0942785
0.738055 0.261845 9.9991E-05
0.669922 0.161983 0.168096
0.817834 0.134237 0.0479288
0.719377 0.158132 0.122492
0.630482 0.269291 0.100227
0.753791 0.11995 0.126259
0.609852 0.25469 0.135458
0.758714 0.13472 0.106566
0.653131 0.275793 0.0710765
0.680546 0.252111 0.0673426
0.742236 0.169114 0.0886501
0.786687 0.154793 0.0585204
0.718716 0.151747 0.129537
0.808485 0.120608 0.0709074
0.895478 0.0425874 0.061935
0.927885 0.00125874 0.0708566
0.834535 0.0804282 0.0850366
0.941709 0.00681606 0.0514746
0.929789 0.0137106 0.0565
0.875876 0.101431 0.0226924
0.886865 0.0834386 0.0296963
0.77051 0.0827267 0.146764
0.685568 0.193906 0.120527
0.868122 0.131778 9.9991E-05
0.89725 0.0657782 0.0369718
0.805318 0.0805707 0.114111
0.743436 0.129266 0.127298
0.753787 0.146557 0.0996553
0.806064 0.084346 0.10959
0.9998 9.999E-05 9.999E-05
0.9998 9.999E-05 9.999E-05
0.9998 9.999E-05 9.999E-05
0.9998 9.999E-05 9.999E-05
0.9998 9.999E-05 9.999E-05
0.9998 9.999E-05 9.999E-05
0.9998 9.999E-05 9.999E-05
0.9998 9.999E-05 9.999E-05
0.9998 9.999E-05 9.999E-05
0.9998 9.999E-05 9.999E-05
0.911723 0.00937045 0.0789062
0.9998 9.999E-05 9.999E-05
0.9998 9.999E-05 9.999E-05
0.9998 9.999E-05 9.999E-05
0.929892 9.9991E-05 0.0700081
0.95291 9.9991E-05 0.0469905
0.922378 0.0359137 0.0417081
0.935751 9.9991E-05 0.0641486
0.931226 0.000761416 0.0680121
0.896428 0.0854108 0.018161
0.910723 0.0393599 0.0499168
0.993183 9.9991E-05 0.00671717
0.885545 0.0459342 0.0685209
0.919669 0.01018 0.0701505
0.86009 0.0569585 0.0829512
0.928258 0.0227101 0.0490317
0.889867 0.0249876 0.0851459
0.886249 0.026346 0.0874054
0.9998 9.999E-05 9.999E-05
0.9998 9.999E-05 9.999E-05
0.9998 9.999E-05 9.999E-05
0.9998 9.999E-05 9.999E-05
0.9998 9.999E-05 9.999E-05
0.9998 9.999E-05 9.999E-05
0.970787 9.9991E-05 0.0291128
0.998534 0.00136583 9.9991E-05
0.964648 9.9991E-05 0.0352521
0.9998 9.999E-05 9.999E-05
0.96827 9.9991E-05 0.0316303
0.9998 9.999E-05 9.999E-05
0.932548 9.9991E-05 0.0673524
9.999E-05 9.999E-05 0.9998
0.88345 9.9991E-05 0.11645
9.999E-05 9.999E-05 0.9998
9.999E-05 9.999E-05 0.9998
0.0243891 9.9991E-05 0.975511
0.229169 9.9991E-05 0.770731
9.999E-05 9.999E-05 0.9998
0.08188 0.00457542 0.913545
9.999E-05 9.999E-05 0.9998
0.00362372 9.9991E-05 0.996276
9.999E-05 9.999E-05 0.9998
9.999E-05 9.999E-05 0.9998
0.0433629 9.9991E-05 0.956537
0.188838 9.9991E-05 0.811062
0.0427555 9.9991E-05 0.957145
0.117204 0.00018702 0.882609
0.0620723 9.9991E-05 0.937828
0.0798727 0.010892 0.909235
0.0332477 0.000568425 0.966184
0.876824 0.0893612 0.0338144
0.791539 0.165854 0.0426071
0.819218 0.108233 0.0725481
0.83754 0.0983712 0.0640891
0.983976 0.0159238 9.9991E-05
0.996313 9.9991E-05 0.003587
0.951265 9.9991E-05 0.0486352
0.934544 9.9991E-05 0.0653557
0.967989 9.9991E-05 0.0319107
0.954936 9.9991E-05 0.044964
0.958613 9.9991E-05 0.0412866
0.872649 0.0514978 0.0758537
0.920542 0.0473817 0.0320762
0.956061 0.0438392 9.9991E-05
0.953899 0.0460008 9.9991E-05
0.963354 0.0365456 9.9991E-05
0.945592 0.0543082 9.9991E-05
0.978978 0.0209218 9.9991E-05
0.923252 0.0766477 9.9991E-05
0.935874 0.0640262 9.9991E-05
0.941541 0.0583592 9.9991E-05
0.959442 0.0404577 9.9991E-05
0.968117 0.0317834 9.9991E-05
0.963207 0.0366935 9.9991E-05
0.950706 0.0491939 9.9991E-05
