0.9998 9.999E-05 9.999E-05
0.667636 0.124304 0.20806
0.694202 0.179436 0.126362
0.71829 0.0242897 0.25742
0.543716 0.0683196 0.387965
0.631881 0.0895984 0.278521
0.851906 0.0554136 0.0926803
0.678103 0.102898 0.218999
0.643666 0.112525 0.24381
0.9998 9.999E-05 9.999E-05
0.9998 9.999E-05 9.999E-05
0.9998 9.999E-05 9.999E-05
0.9998 9.999E-05 9.999E-05
0.9998 9.999E-05 9.999E-05
0.9998 9.999E-05 9.999E-05
0.61014 0.0449585 0.344902
0.450134 0.0950558 0.45481
0.697876 0.025009 0.277115
0.513281 9.9991E-05 0.486619
0.436786 0.0377198 0.525494
0.546901 9.9991E-05 0.452999
0.41934 0.0933292 0.487331
0.44727 0.0564496 0.49628
0.510926 0.0472515 0.441822
0.460107 9.9991E-05 0.539793
0.375237 0.0615199 0.563243
0.374747 0.124373 0.50088
0.526935 0.111875 0.361191
0.457463 0.0421337 0.500403
0.567627 0.0359568 0.396417
0.556556 9.9991E-05 0.443344
0.413898 0.0543586 0.531744
0.41057 0.100414 0.489017
0.383555 0.10163 0.514815
0.414078 0.135426 0.450496
0.591303 0.0265471 0.382149
0.349759 0.0669204 0.583321
0.313966 0.0671793 0.618854
0.330539 0.10462 0.564841
0.32784 9.9991E-05 0.67206
0.18793 0.121591 0.690479
0.190249 0.128281 0.68147
0.280813 0.184068 0.535119
0.196425 0.122869 0.680706
0.184623 0.145248 0.670129
0.26386 0.134125 0.602015
0.258013 0.122079 0.619909
0.27121 0.136986 0.591804
0.276621 0.117148 0.606231
0.388693 0.0724683 0.538839
0.264287 0.10354 0.632173
0.250052 0.127 0.622949
0.210512 0.113694 0.675794
0.236639 0.0101711 0.75319
0.248272 0.053296 0.698432
0.218194 0.173434 0.608372
0.257681 0.12767 0.614649
0.245769 0.0894977 0.664734
0.271231 0.160037 0.568732
0.28226 0.0418604 0.67588
0.2497 0.027077 0.723223
0.266456 9.9991E-05 0.733444
0.197333 0.103501 0.699165
0.140746 0.125366 0.733889
0.264029 9.9991E-05 0.735871
0.159106 0.160626 0.680268
0.114909 0.0527996 0.832291
0.191449 0.118819 0.689732
0.258671 0.074464 0.666865
0.153934 0.119388 0.726679
0.258909 0.120792 0.620298
0.107346 0.128798 0.763856
0.290539 0.082172 0.627289
0.264355 0.0548463 0.680798
0.181099 0.0864147 0.732486
0.159378 0.0533054 0.787316
0.14091 0.0938077 0.765283
0.166692 0.0487397 0.784568
0.0384322 0.0831789 0.878389
9.9991E-05 0.0783177 0.921582
0.0357476 0.0546977 0.909555
9.9991E-05 0.0518881 0.948012
0.011331 0.0781781 0.910491
0.129599 0.00501406 0.865387
0.111994 0.00552493 0.882481
0.0411638 0.116867 0.841969
0.199982 0.0917221 0.708296
0.132527 0.00635608 0.861117
0.0713292 0.0687064 0.859964
0.0765609 0.113948 0.809491
0.139201 0.0815554 0.779243
0.104061 0.101049 0.794889
0.0720299 0.0868873 0.841083
9.999E-05 9.999E-05 0.9998
9.999E-05 9.999E-05 0.9998
9.999E-05 9.999E-05 0.9998
9.999E-05 9.999E-05 0.9998
9.999E-05 9.999E-05 0.9998
9.999E-05 9.999E-05 0.9998
9.999E-05 9.999E-05 0.9998
9.999E-05 9.999E-05 0.9998
9.999E-05 9.999E-05 0.9998
9.999E-05 9.999E-05 0.9998
0.0328814 0.0860226 0.881096
9.999E-05 9.999E-05 0.9998
9.999E-05 9.999E-05 0.9998
9.999E-05 9.999E-05 0.9998
0.0193678 9.9991E-05 0.980532
9.9991E-05 0.0721214 0.927779
0.0182125 0.0291838 0.952604
9.9991E-05 0.0467566 0.953143
9.9991E-05 0.0488537 0.951046
0.0500196 0.0124376 0.937543
0.0343954 0.019585 0.94602
9.9991E-05 0.0102851 0.989615
9.9991E-05 0.0884702 0.91143
0.0210611 0.0750486 0.90389
0.0425646 0.0468614 0.910574
0.0388164 0.0363555 0.924828
0.0348264 0.145533 0.81964
0.0157779 0.0799393 0.904283
9.9991E-05 0.00307884 0.996821
9.999E-05 9.999E-05 0.9998
9.999E-05 9.999E-05 0.9998
9.999E-05 9.999E-05 0.9998
9.999E-05 9.999E-05 0.9998
9.9991E-05 0.0219347 0.977965
9.999E-05 9.999E-05 0.9998
0.00102265 9.9991E-05 0.998877
9.9991E-05 0.0249265 0.974974
9.999E-05 9.999E-05 0.9998
9.999E-05 9.999E-05 0.9998
9.999E-05 9.999E-05 0.9998
9.9991E-05 0.0635605 0.93634
9.999E-05 0.9998 9.999E-05
9.9991E-05 0.105605 0.894295
9.999E-05 0.9998 9.999E-05
9.999E-05 0.9998 9.999E-05
9.9991E-05 0.985181 0.0147188
0.0226338 0.854158 0.123208
9.999E-05 0.9998 9.999E-05
9.9991E-05 0.954808 0.0450925
9.999E-05 0.9998 9.999E-05
9.9991E-05 0.974694 0.0252064
9.999E-05 0.9998 9.999E-05
9.999E-05 0.9998 9.999E-05
9.9991E-05 0.951937 0.0479632
9.9991E-05 0.853796 0.146104
0.0188343 0.981066 9.9991E-05
9.9991E-05 0.900968 0.0989324
9.9991E-05 0.883214 0.116686
0.0276974 0.915182 0.0571203
9.9991E-05 0.946922 0.0529779
0.0656379 0.0488149 0.885547
0.0506783 0.0646583 0.884663
0.0666775 0.0733984 0.859924
0.10876 0.0822059 0.809034
9.9991E-05 0.0278033 0.972097
9.999E-05 9.999E-05 0.9998
9.9991E-05 0.0204378 0.979462
9.999E-05 9.999E-05 0.9998
9.9991E-05 0.0119194 0.987981
9.9991E-05 0.0260325 0.973868
9.9991E-05 0.0154558 0.984444
0.094553 0.00876216 0.896685
0.0285968 0.0600349 0.911368
0.0588513 9.9991E-05 0.941049
0.0428432 9.9991E-05 0.957057
0.0539146 9.9991E-05 0.945985
0.0686467 9.9991E-05 0.931253
0.029085 9.9991E-05 0.970815
0.0921305 9.9991E-05 0.907769
0.0621148 9.9991E-05 0.937785
0.0481703 9.9991E-05 0.95173
0.0907366 9.9991E-05 0.909163
0.0287925 9.9991E-05 0.971108
0.0402681 9.9991E-05 0.959632
0.0597056 9.9991E-05 0.940194
