9.994E-05 9.994E-05 9.994E-05 0.9993 9.994E-05 9.994E-05 9.994E-05 9.994E-05
9.9973E-05 0.0971555 0.0488648 0.813429 0.0325066 0.00774376 9.9973E-05 9.9973E-05
9.994E-05 9.994E-05 9.994E-05 9.994E-05 9.994E-05 0.9993 9.994E-05 9.994E-05
9.9973E-05 0.0247595 0.00102311 9.9973E-05 0.0850493 0.85151 0.0373578 9.9973E-05
9.9973E-05 0.0317157 9.9973E-05 0.743383 0.112777 0.0245461 0.0872784 9.9973E-05
9.9955E-05 9.9955E-05 9.9955E-05 0.938107 0.0504662 9.9955E-05 9.9955E-05 0.0109275
9.9964E-05 0.0204167 0.00559736 0.903833 9.9964E-05 9.9964E-05 0.0697534 9.9964E-05
9.9955E-05 9.9955E-05 9.9955E-05 0.694203 9.9955E-05 9.9955E-05 0.0559795 0.249317
0.181854 0.0143913 9.9973E-05 0.612956 9.9973E-05 0.153029 0.0374696 9.9973E-05
0.0957586 9.9982E-05 0.0669865 0.195751 9.9982E-05 0.351616 0.162734 0.126955
9.9955E-05 9.9955E-05 0.00695415 9.9955E-05 0.989346 9.9955E-05 0.0031996 9.9955E-05
9.994E-05 9.994E-05 9.994E-05 9.994E-05 0.9993 9.994E-05 9.994E-05 9.994E-05
9.9955E-05 9.9955E-05 9.9955E-05 0.0536374 0.814301 0.131562 9.9955E-05 9.9955E-05
0.136547 9.9982E-05 0.0580325 0.0272705 0.00578666 0.0830324 9.9982E-05 0.689131
0.0838243 9.9964E-05 0.0535895 9.9964E-05 0.814949 0.0472373 9.9964E-05 9.9964E-05
9.9955E-05 9.9955E-05 0.0066956 9.9955E-05 0.560176 9.9955E-05 9.9955E-05 0.432628
9.9946E-05 9.9946E-05 9.9946E-05 9.9946E-05 0.410637 9.9946E-05 9.9946E-05 0.588763
0.118073 0.142134 9.9973E-05 9.9973E-05 0.0328351 0.078716 9.9973E-05 0.627942
0.130598 9.9973E-05 0.00623612 9.9973E-05 0.54869 9.9973E-05 0.0667184 0.247457
9.9946E-05 9.9946E-05 9.9946E-05 9.9946E-05 9.9946E-05 0.0827097 9.9946E-05 0.916691
9.9973E-05 0.091059 0.00703422 9.9973E-05 0.0236607 0.0682444 9.9973E-05 0.809702
0.0528978 0.040928 9.9973E-05 0.294256 0.358553 9.9973E-05 9.9973E-05 0.253065
9.9964E-05 9.9964E-05 0.00597939 0.03944 0.871256 9.9964E-05 9.9964E-05 0.0829248
9.994E-05 9.994E-05 9.994E-05 9.994E-05 9.994E-05 9.994E-05 9.994E-05 0.9993
9.9964E-05 0.210322 9.9964E-05 9.9964E-05 0.468737 0.0418471 9.9964E-05 0.278694
0.102359 0.231461 9.9982E-05 0.0678211 0.163951 9.9982E-05 0.0280423 0.406165
0.265113 0.0328679 9.9964E-05 9.9964E-05 0.601216 9.9964E-05 0.100403 9.9964E-05
0.0533092 0.348396 9.9973E-05 0.0235676 0.52136 0.0530675 9.9973E-05 9.9973E-05
0.15895 0.283466 9.9964E-05 0.0633425 0.493842 9.9964E-05 9.9964E-05 9.9964E-05
0.00163996 0.219309 9.9955E-05 9.9955E-05 0.778551 9.9955E-05 9.9955E-05 9.9955E-05
0.637402 0.283327 9.9964E-05 9.9964E-05 9.9964E-05 0.0662941 0.0125768 9.9964E-05
0.490183 0.15165 9.9973E-05 0.0770004 9.9973E-05 0.113545 0.167322 9.9973E-05
0.859787 0.124465 9.9955E-05 9.9955E-05 9.9955E-05 0.0152489 9.9955E-05 9.9955E-05
0.811957 9.9955E-05 9.9955E-05 9.9955E-05 9.9955E-05 9.9955E-05 0.151534 0.0360097
0.777418 9.9955E-05 0.00185756 9.9955E-05 0.220225 9.9955E-05 9.9955E-05 9.9955E-05
0.989703 9.9955E-05 0.00217752 9.9955E-05 9.9955E-05 0.00761929 9.9955E-05 9.9955E-05
0.630212 0.00900765 9.9973E-05 0.202781 9.9973E-05 9.9973E-05 0.0243834 0.133316
0.918194 0.0302669 9.9964E-05 9.9964E-05 0.0411134 9.9964E-05 9.9964E-05 0.0100257
0.917969 9.9955E-05 0.00621741 9.9955E-05 9.9955E-05 9.9955E-05 0.0753135 9.9955E-05
0.462211 0.220354 0.044984 0.0295356 0.151915 9.9982E-05 0.0908013 9.9982E-05
0.958106 9.9946E-05 9.9946E-05 0.0412943 9.9946E-05 9.9946E-05 9.9946E-05 9.9946E-05
0.331529 0.30646 0.00928815 0.0962491 0.162483 9.9982E-05 0.093791 9.9982E-05
0.882662 0.0482406 9.9964E-05 9.9964E-05 0.0344897 0.034208 9.9964E-05 9.9964E-05
0.617536 9.9964E-05 0.0415502 9.9964E-05 0.140493 9.9964E-05 0.20002 9.9964E-05
0.0775972 0.188934 9.9973E-05 9.9973E-05 0.0851646 0.0595256 0.588479 9.9973E-05
0.0757379 0.00613837 0.00230589 0.0173442 0.0658845 9.998E-05 0.832389 9.998E-05
0.0933791 0.00845153 0.0376379 9.9973E-05 9.9973E-05 9.9973E-05 0.773383 0.0868483
9.9946E-05 0.142816 9.9946E-05 9.9946E-05 9.9946E-05 9.9946E-05 0.856585 9.9946E-05
0.239284 0.0407204 9.9982E-05 0.0155829 0.150862 0.0853868 0.467964 9.9982E-05
0.259142 0.113526 9.9982E-05 0.0250773 0.0120474 0.0876517 0.502356 9.9982E-05
0.00034313 0.154582 9.9973E-05 0.00178829 9.9973E-05 9.9973E-05 0.815787 0.0271998
9.9946E-05 9.9946E-05 9.9946E-05 9.9946E-05 9.9946E-05 9.9946E-05 0.983721 0.0156794
9.9955E-05 0.213683 9.9955E-05 9.9955E-05 9.9955E-05 9.9955E-05 0.766616 0.0192012
0.144538 0.0500615 9.9964E-05 9.9964E-05 0.0839662 9.9964E-05 0.721034 9.9964E-05
0.0795642 9.9946E-05 9.9946E-05 9.9946E-05 9.9946E-05 9.9946E-05 0.919836 9.9946E-05
9.9964E-05 0.112867 0.0451137 9.9964E-05 9.9964E-05 0.0213498 0.82027 9.9964E-05
9.9973E-05 0.822926 0.0234124 9.9973E-05 0.0406474 0.0843083 0.0284057 9.9973E-05
0.0564782 0.628083 9.9982E-05 0.058396 0.0844498 0.0160893 0.156303 9.9982E-05
9.9964E-05 0.736606 9.9964E-05 0.119605 9.9964E-05 0.00248684 0.140903 9.9964E-05
0.0987214 0.678158 9.9973E-05 0.146258 0.0722479 9.9973E-05 0.00431471 9.9973E-05
0.0610809 0.738925 9.9964E-05 9.9964E-05 9.9964E-05 9.9964E-05 0.109741 0.0898539
0.321482 0.540837 0.0933462 0.0439345 9.9964E-05 9.9964E-05 9.9964E-05 9.9964E-05
0.152791 0.755386 9.9982E-05 0.0371868 0.0170521 0.00448473 0.0328994 9.9982E-05
9.99461E-05 0.958089 0.0413117 9.99461E-05 9.99461E-05 9.99461E-05 9.99461E-05 9.99461E-05
0.0561617 0.904036 9.995E-05 9.995E-05 9.995E-05 9.995E-05 9.995E-05 0.0393022
9.994E-05 0.9993 9.994E-05 9.994E-05 9.994E-05 9.994E-05 9.994E-05 9.994E-05
0.0335878 0.948125 9.9955E-05 9.9955E-05 0.0177869 9.9955E-05 9.9955E-05 9.9955E-05
9.9955E-05 0.978032 9.9955E-05 9.9955E-05 0.0202252 0.0012426 9.9955E-05 9.9955E-05
0.00442037 0.974503 9.9955E-05 9.9955E-05 9.9955E-05 0.0205767 9.9955E-05 9.9955E-05
9.9955E-05 0.983757 9.9955E-05 9.9955E-05 9.9955E-05 0.00545806 0.0102855 9.9955E-05
9.99461E-05 0.988582 0.010818 9.99461E-05 9.99461E-05 9.99461E-05 9.99461E-05 9.99461E-05
0.315211 0.609417 0.0180264 0.0569464 9.9964E-05 9.9964E-05 9.9964E-05 9.9964E-05
9.9964E-05 0.843034 0.0171056 9.9964E-05 9.9964E-05 0.0576672 0.0817937 9.9964E-05
0.268296 0.650203 0.069586 0.0107345 9.9973E-05 9.9973E-05 9.9973E-05 0.000880282
9.9982E-05 0.263063 0.5948 9.9982E-05 0.00350252 0.0353923 0.0592333 0.0438084
9.994E-05 9.994E-05 0.9993 9.994E-05 9.994E-05 9.994E-05 9.994E-05 9.994E-05
0.22304 0.554019 0.0628367 0.0304306 0.0651887 0.0156277 0.0487569 9.9991E-05
