9.994E-05 0.9993 9.994E-05 9.994E-05 9.994E-05 9.994E-05 9.994E-05 9.994E-05
9.9964E-05 0.251596 0.0753614 0.109829 9.9964E-05 9.9964E-05 0.562814 9.9964E-05
9.9964E-05 0.242693 0.0451483 0.100367 9.9964E-05 9.9964E-05 0.611392 9.9964E-05
9.99551E-05 0.212537 9.99551E-05 9.99551E-05 0.0513396 9.99551E-05 0.735623 9.99551E-05
0.0353627 0.0873311 0.0121984 0.0222784 0.0807563 0.0736639 0.636837 0.0515718
9.9982E-05 0.165441 0.00972764 0.0192383 0.216286 0.00160578 0.587501 9.9982E-05
9.9946E-05 0.285653 9.9946E-05 9.9946E-05 9.9946E-05 9.9946E-05 0.713748 9.9946E-05
0.0362328 0.26822 0.00754801 0.056958 0.0424653 9.9982E-05 0.588376 9.9982E-05
9.9982E-05 0.172702 0.0428985 0.0485538 0.0485221 9.9982E-05 0.656438 0.0306861
9.994E-05 0.9993 9.994E-05 9.994E-05 9.994E-05 9.994E-05 9.994E-05 9.994E-05
9.994E-05 0.9993 9.994E-05 9.994E-05 9.994E-05 9.994E-05 9.994E-05 9.994E-05
9.994E-05 0.9993 9.994E-05 9.994E-05 9.994E-05 9.994E-05 9.994E-05 9.994E-05
0.00319847 0.968914 0.013296 9.9964E-05 9.9964E-05 9.9964E-05 9.9964E-05 0.0141914
9.9955E-05 0.906021 9.9955E-05 9.9955E-05 9.9955E-05 0.0674621 9.9955E-05 0.0260171
0.017808 0.901713 9.9973E-05 0.0154711 0.0464591 0.0182488 9.9973E-05 9.9973E-05
9.9964E-05 0.191754 9.9964E-05 9.9964E-05 0.297787 9.9964E-05 0.47464 0.035419
0.0235366 0.196738 0.0138831 0.0710193 0.129302 0.110014 0.392419 0.0630877
9.9964E-05 0.176751 9.9964E-05 0.0425935 0.0328602 9.9964E-05 0.747395 9.9964E-05
9.9964E-05 9.9964E-05 0.0174963 9.9964E-05 9.9964E-05 0.0232158 0.925006 0.0338816
0.00962191 9.9955E-05 9.9955E-05 9.9955E-05 9.9955E-05 0.0526778 0.9372 9.9955E-05
9.9964E-05 0.0336976 0.0123515 9.9964E-05 9.9964E-05 9.9964E-05 0.890362 0.0631889
0.0350646 9.9982E-05 9.9982E-05 0.0398526 0.0175577 0.0687744 0.813063 0.0254879
9.9964E-05 9.9964E-05 9.9964E-05 0.039504 9.9964E-05 0.10315 0.847057 0.00988924
0.0302906 0.0244768 9.9964E-05 9.9964E-05 9.9964E-05 0.014738 0.930095 9.9964E-05
0.0275939 9.9955E-05 9.9955E-05 9.9955E-05 0.0604353 9.9955E-05 0.911471 9.9955E-05
0.0726269 9.9973E-05 9.9973E-05 9.9973E-05 0.22873 0.00300532 0.648779 0.0465584
9.9973E-05 9.9973E-05 9.9973E-05 0.081327 0.0794402 0.0448281 0.694687 0.099418
0.0276457 9.9955E-05 9.9955E-05 0.0419274 9.9955E-05 9.9955E-05 0.929927 9.9955E-05
0.0681415 0.0197361 9.9982E-05 9.9982E-05 0.0934173 0.0322174 0.769158 0.0171294
9.9955E-05 0.0471082 9.9955E-05 9.9955E-05 9.9955E-05 9.9955E-05 0.950937 0.00145496
9.9973E-05 0.0268529 0.000807343 9.9973E-05 9.9973E-05 0.0189122 0.940048 0.0130798
0.0553445 9.9982E-05 0.018226 0.0187087 0.0646861 9.9982E-05 0.779899 0.0629359
0.0158207 9.9982E-05 9.9982E-05 0.0348091 0.168901 0.0430191 0.721763 0.0154876
0.0991236 0.0248858 9.9982E-05 0.0351404 0.180606 0.00973181 0.650312 9.9982E-05
0.0463961 9.9964E-05 9.9964E-05 0.0458432 9.9964E-05 0.117977 0.789384 9.9964E-05
9.9955E-05 0.0603315 9.9955E-05 9.9955E-05 0.056387 9.9955E-05 0.882782 9.9955E-05
9.9955E-05 9.9955E-05 9.9955E-05 9.9955E-05 0.447323 0.0281914 0.523986 9.9955E-05
9.9973E-05 9.9973E-05 0.0199502 9.9973E-05 0.270864 0.078628 0.562765 0.0674935
9.9973E-05 9.9973E-05 0.045741 0.0412999 0.280545 9.9973E-05 0.524622 0.107491
0.0419668 9.9982E-05 0.0293087 9.9982E-05 0.34634 0.0266464 0.541814 0.0137245
0.0306407 9.9973E-05 0.0482235 0.0376004 0.867957 9.9973E-05 0.0152789 9.9973E-05
9.9964E-05 9.9964E-05 9.9964E-05 0.016148 0.878623 9.9964E-05 0.00622206 0.0986073
0.0360227 0.0632091 0.0264344 0.0471324 0.668905 9.9982E-05 0.158096 9.9982E-05
9.9955E-05 0.00546246 9.9955E-05 9.9955E-05 0.971262 9.9955E-05 0.0227754 9.9955E-05
0.00547 9.9982E-05 9.9982E-05 0.0256916 0.682498 0.00715126 0.226175 0.0528135
9.9946E-05 0.00336814 9.9946E-05 9.9946E-05 0.996032 9.9946E-05 9.9946E-05 9.9946E-05
9.994E-05 9.994E-05 9.994E-05 9.994E-05 0.9993 9.994E-05 9.994E-05 9.994E-05
0.0142375 9.9982E-05 9.9982E-05 0.0237776 0.502828 0.019353 0.420217 0.0193869
0.0547568 0.0552201 9.9991E-05 0.0351353 0.6278 0.0111883 0.154584 0.0612149
0.0816492 0.0833812 0.0238675 0.0231029 0.354398 9.9991E-05 0.415859 0.0176415
9.9982E-05 0.0352756 0.00907426 0.0264455 0.639776 9.9982E-05 0.218701 0.0705282
0.0250469 0.0240851 9.9991E-05 0.0288325 0.776997 0.0219517 0.112415 0.0105726
9.9946E-05 0.0205565 9.9946E-05 9.9946E-05 0.978844 9.9946E-05 9.9946E-05 9.9946E-05
0.0608819 0.0439441 0.00632468 9.9991E-05 0.563263 0.113232 0.171772 0.0404827
0.0342345 0.0459698 0.0566436 9.9991E-05 0.600354 0.0610794 0.192804 0.00881502
0.0882231 9.9973E-05 0.0170607 0.0896713 0.647347 9.9973E-05 0.157398 9.9973E-05
0.0553794 0.106777 9.9991E-05 0.0758868 0.510449 0.00806224 0.16739 0.0759553
0.0319356 9.9982E-05 0.0410552 9.9982E-05 0.615368 0.0326622 0.212248 0.0665307
9.99461E-05 0.00819613 9.99461E-05 9.99461E-05 0.991204 9.99461E-05 9.99461E-05 9.99461E-05
9.9982E-05 0.0618574 0.030956 0.0141073 0.585414 9.9982E-05 0.228967 0.0784977
0.0351573 9.9973E-05 9.9973E-05 9.9973E-05 0.685214 0.0223796 0.183152 0.0737975
0.040845 0.00149461 9.9982E-05 0.000580131 0.913688 9.9982E-05 0.0142599 0.0289329
0.0146499 0.00693681 0.059574 0.0380147 0.76173 9.9991E-05 0.0793953 0.0395994
9.99551E-05 9.99551E-05 9.99551E-05 0.0180374 0.945139 0.0363234 9.99551E-05 9.99551E-05
0.0304658 0.0272772 9.9973E-05 9.9973E-05 0.823222 9.9973E-05 0.088 0.0307348
9.9955E-05 9.9955E-05 9.9955E-05 0.0276697 0.935444 0.0363867 9.9955E-05 9.9955E-05
9.9946E-05 9.9946E-05 0.0284385 9.9946E-05 0.970962 9.9946E-05 9.9946E-05 9.9946E-05
0.00958038 0.0281744 9.9964E-05 9.9964E-05 0.864024 0.0978217 9.9964E-05 9.9964E-05
0.0481608 9.9973E-05 9.9973E-05 0.0208458 0.609671 9.9973E-05 0.297576 0.0234469
9.99551E-05 9.99551E-05 9.99551E-05 0.0133766 0.937597 0.0485263 9.99551E-05 9.99551E-05
9.9973E-05 0.0397249 0.0317573 0.0133402 0.802325 9.9973E-05 0.112553 9.9973E-05
0.0462069 9.9991E-05 0.0391942 0.0227257 0.845696 0.00660833 0.0327692 0.00669947
9.9955E-05 0.083741 9.9955E-05 9.9955E-05 0.913797 0.00196221 9.9955E-05 9.9955E-05
9.9955E-05 0.0416433 9.9955E-05 9.9955E-05 0.918742 9.9955E-05 9.9955E-05 0.0391152
0.0586117 0.047533 9.9982E-05 0.00563371 0.816068 0.0408235 9.9982E-05 0.03113
9.9946E-05 9.9946E-05 9.9946E-05 9.9946E-05 0.896256 9.9946E-05 9.9946E-05 0.103145
9.9946E-05 9.9946E-05 0.0107089 9.9946E-05 0.988691 9.9946E-05 9.9946E-05 9.9946E-05
0.0370223 0.0182674 0.12431 9.9982E-05 0.699753 0.116233 0.0042151 9.9982E-05
0.0612462 9.9991E-05 0.136096 0.0135383 0.591028 0.0668093 0.0636443 0.0675387
0.059552 9.9982E-05 0.111117 0.00763044 0.730664 0.0633957 9.9982E-05 0.0274409
0.0449502 9.9982E-05 0.100008 0.0146006 0.735093 0.0565094 9.9982E-05 0.048639
0.0257656 9.9973E-05 0.127643 9.9973E-05 0.76847 0.0400284 9.9973E-05 0.0377934
0.0323049 9.9982E-05 0.111532 0.0300676 0.780739 0.0397739 9.9982E-05 0.00538263
0.112984 9.9973E-05 0.0889756 9.9973E-05 0.514438 9.9973E-05 0.244248 0.0390536
0.0546188 0.0208204 0.177134 0.0467511 0.563123 0.0543019 0.0353135 0.0479377
0.0697516 9.9991E-05 0.176525 0.0912087 0.556292 0.025438 0.0381187 0.0425661
0.0821729 0.0282345 0.109977 0.0592497 0.448522 0.0380682 0.163734 0.0700415
0.134718 9.9973E-05 0.11369 9.9973E-05 0.570979 9.9973E-05 0.121902 0.0584125
0.0655447 0.00673394 0.150836 0.0409997 0.557302 0.0769254 9.9991E-05 0.101559
0.118264 9.9982E-05 0.0944053 0.0860999 0.496413 9.9982E-05 0.0799419 0.124676
0.0496226 0.0625264 0.105738 0.0465418 0.515954 0.2097 0.00981834 9.9991E-05
0.095914 0.0332904 0.0748707 0.038894 0.546948 0.183336 0.0266465 9.9991E-05
0.0467896 0.024469 0.203727 0.0800151 0.411904 9.9991E-05 0.0205976 0.212398
9.994E-05 9.994E-05 0.9993 9.994E-05 9.994E-05 9.994E-05 9.994E-05 9.994E-05
9.9964E-05 0.0173388 0.931778 0.0107539 0.0397299 9.9964E-05 9.9964E-05 9.9964E-05
9.9982E-05 0.0198538 0.853957 9.9982E-05 0.0630932 0.031768 0.0159527 0.0151751
9.994E-05 9.994E-05 0.9993 9.994E-05 9.994E-05 9.994E-05 9.994E-05 9.994E-05
9.994E-05 9.994E-05 0.9993 9.994E-05 9.994E-05 9.994E-05 9.994E-05 9.994E-05
9.994E-05 9.994E-05 0.9993 9.994E-05 9.994E-05 9.994E-05 9.994E-05 9.994E-05
9.9946E-05 9.9946E-05 0.997781 0.00161945 9.9946E-05 9.9946E-05 9.9946E-05 9.9946E-05
9.9973E-05 0.00745854 0.880894 0.044816 9.9973E-05 0.00153117 0.0650007 9.9973E-05
9.9946E-05 9.9946E-05 0.980967 9.9946E-05 9.9946E-05 9.9946E-05 9.9946E-05 0.0184331
9.994E-05 9.994E-05 0.9993 9.994E-05 9.994E-05 9.994E-05 9.994E-05 9.994E-05
0.295621 9.9991E-05 0.0856115 0.0956296 0.245435 0.100081 0.094271 0.083251
0.00526326 9.9964E-05 0.851222 9.9964E-05 0.128092 0.0150226 9.9964E-05 9.9964E-05
9.994E-05 9.994E-05 0.9993 9.994E-05 9.994E-05 9.994E-05 9.994E-05 9.994E-05
9.9964E-05 0.0169898 0.964487 9.9964E-05 9.9964E-05 0.0119373 9.9964E-05 0.00618603
0.200291 9.9982E-05 0.0798142 0.0172213 0.515422 0.0712995 9.9982E-05 0.115752
0.195362 9.9982E-05 0.0911274 0.069255 0.471109 0.0915102 9.9982E-05 0.0814365
0.13929 9.9991E-05 0.104065 0.0645967 0.472308 0.108935 0.015974 0.0947308
0.20603 9.9982E-05 0.158441 0.0480147 0.388666 0.107255 9.9982E-05 0.0913945
0.243576 9.9982E-05 0.114189 0.0351694 0.383093 0.12902 9.9982E-05 0.0947521
0.190137 9.9991E-05 0.08168 0.0222773 0.293052 0.204357 0.179305 0.0290916
0.135281 9.9991E-05 0.187677 0.0233193 0.389768 0.151439 0.0920595 0.0203557
0.218763 9.9982E-05 0.104446 9.9982E-05 0.458563 0.169611 0.00613034 0.0422855
0.0976654 9.9991E-05 0.216248 0.0699445 0.369138 0.189378 0.00730938 0.0502169
0.130124 0.00732279 0.193082 0.0870931 0.373792 0.152372 0.0177574 0.0384574
0.123964 9.9991E-05 0.104162 0.0514727 0.455427 0.102272 0.0574408 0.105162
0.0824749 9.9991E-05 0.155788 0.0467546 0.415232 0.238222 0.0076352 0.0537933
0.17887 0.000793288 0.0498863 0.0713499 0.489545 0.127115 9.9991E-05 0.08234
0.182926 9.9991E-05 0.143262 0.0292659 0.388162 0.104194 0.0349524 0.117137
0.956669 9.9964E-05 0.0175226 0.0161814 9.9964E-05 9.9964E-05 9.9964E-05 0.00922754
0.862907 0.0148229 0.0144628 9.9982E-05 9.9982E-05 0.026184 0.0195885 0.0618354
0.9993 9.994E-05 9.994E-05 9.994E-05 9.994E-05 9.994E-05 9.994E-05 9.994E-05
0.9993 9.994E-05 9.994E-05 9.994E-05 9.994E-05 9.994E-05 9.994E-05 9.994E-05
0.9993 9.994E-05 9.994E-05 9.994E-05 9.994E-05 9.994E-05 9.994E-05 9.994E-05
0.9993 9.994E-05 9.994E-05 9.994E-05 9.994E-05 9.994E-05 9.994E-05 9.994E-05
0.974136 9.9955E-05 9.9955E-05 9.9955E-05 9.9955E-05 0.0119686 9.9955E-05 0.0133959
0.779992 0.0517368 9.9964E-05 9.9964E-05 0.0475864 0.120285 9.9964E-05 9.9964E-05
0.994983 9.9946E-05 9.9946E-05 0.00441779 9.9946E-05 9.9946E-05 9.9946E-05 9.9946E-05
0.9993 9.994E-05 9.994E-05 9.994E-05 9.994E-05 9.994E-05 9.994E-05 9.994E-05
0.864741 0.0235442 0.0263689 9.9964E-05 9.9964E-05 0.0849462 9.9964E-05 9.9964E-05
0.996448 9.9955E-05 0.000742291 9.9955E-05 9.9955E-05 9.9955E-05 9.9955E-05 0.00230955
0.733013 9.9973E-05 0.00814938 0.0863082 0.125635 0.0465949 9.9973E-05 9.9973E-05
9.994E-05 9.994E-05 9.994E-05 0.9993 9.994E-05 9.994E-05 9.994E-05 9.994E-05
0.159407 9.9991E-05 0.200018 0.0971973 0.415998 0.0984532 0.00193047 0.0268954
9.9955E-05 9.9955E-05 9.9955E-05 0.982853 9.9955E-05 0.0150609 9.9955E-05 0.00158596
9.994E-05 9.994E-05 9.994E-05 0.9993 9.994E-05 9.994E-05 9.994E-05 9.994E-05
9.99551E-05 9.99551E-05 0.0184531 0.933051 9.99551E-05 0.0479962 9.99551E-05 9.99551E-05
0.0607182 9.9982E-05 0.0111187 0.770189 0.0144703 0.0369614 0.106342 9.9982E-05
9.994E-05 9.994E-05 9.994E-05 0.9993 9.994E-05 9.994E-05 9.994E-05 9.994E-05
0.0317177 9.9964E-05 9.9964E-05 0.869414 0.057329 0.0411392 9.9964E-05 9.9964E-05
9.9946E-05 9.9946E-05 0.0183368 0.981063 9.9946E-05 9.9946E-05 9.9946E-05 9.9946E-05
0.0390754 9.9964E-05 9.9964E-05 0.911143 0.0226126 9.9964E-05 0.0267691 9.9964E-05
9.994E-05 9.994E-05 9.994E-05 0.9993 9.994E-05 9.994E-05 9.994E-05 9.994E-05
9.9955E-05 9.9955E-05 9.9955E-05 0.925907 9.9955E-05 9.9955E-05 0.00992489 0.0636683
9.9946E-05 9.9946E-05 0.0300593 0.969341 9.9946E-05 9.9946E-05 9.9946E-05 9.9946E-05
0.0589063 9.9982E-05 0.0706637 0.758552 0.0715811 9.9982E-05 0.0183931 0.0217038
0.0212008 0.0216848 9.9982E-05 0.917243 0.0223372 0.0109408 9.9982E-05 0.00639348
0.0054116 9.9964E-05 0.0199249 0.929767 0.0444964 9.9964E-05 9.9964E-05 9.9964E-05
9.9964E-05 9.9964E-05 9.9964E-05 0.868421 0.0581229 0.0534313 9.9964E-05 0.0196252
9.9973E-05 0.0226471 9.9973E-05 0.841853 0.0732244 0.0266357 9.9973E-05 0.0353401
0.0091336 9.9982E-05 0.0125047 0.915409 0.0455982 9.9982E-05 0.00702691 0.010128
0.0563449 0.0334169 0.0615014 0.0297881 0.36497 0.168734 9.9991E-05 0.285145
0.0525734 0.010264 0.0912369 0.0561927 0.377317 0.172354 9.9991E-05 0.239963
0.00256604 0.0380549 0.122671 0.0467129 0.395235 0.120033 9.9991E-05 0.274628
0.0226631 0.0346263 0.0619324 0.0365531 0.432069 0.143635 9.9991E-05 0.268421
0.024227 9.9964E-05 9.9964E-05 9.9964E-05 0.0172675 0.95244 0.00566542 9.9964E-05
9.994E-05 9.994E-05 9.994E-05 9.994E-05 9.994E-05 0.9993 9.994E-05 9.994E-05
9.9973E-05 0.00251628 9.9973E-05 0.00353167 0.0279442 0.943267 0.0224405 9.9973E-05
9.994E-05 9.994E-05 9.994E-05 9.994E-05 9.994E-05 0.9993 9.994E-05 9.994E-05
9.9946E-05 9.9946E-05 9.9946E-05 9.9946E-05 9.9946E-05 0.994857 9.9946E-05 0.00454319
9.9973E-05 0.0047722 0.0172606 9.9973E-05 0.000983203 0.950432 9.9973E-05 0.0262519
9.9955E-05 0.00557364 9.9955E-05 9.9955E-05 9.9955E-05 0.988382 9.9955E-05 0.00554489
0.01573 0.019538 9.9982E-05 0.018751 9.9982E-05 0.787582 0.124648 0.0335513
0.0232265 9.9982E-05 9.9982E-05 0.00874377 0.0460466 0.869033 0.0467257 0.00602436
0.0209261 9.9964E-05 0.018198 9.9964E-05 9.9964E-05 0.00219442 9.9964E-05 0.958282
9.994E-05 9.994E-05 9.994E-05 9.994E-05 9.994E-05 9.994E-05 9.994E-05 0.9993
9.994E-05 9.994E-05 9.994E-05 9.994E-05 9.994E-05 9.994E-05 9.994E-05 0.9993
9.994E-05 9.994E-05 9.994E-05 9.994E-05 9.994E-05 9.994E-05 9.994E-05 0.9993
9.994E-05 9.994E-05 9.994E-05 9.994E-05 9.994E-05 9.994E-05 9.994E-05 0.9993
9.99805E-05 0.00172544 0.0407339 9.99805E-05 0.069835 0.0287322 9.99805E-05 0.858673
9.9955E-05 9.9955E-05 0.00456722 0.0275059 9.9955E-05 9.9955E-05 9.9955E-05 0.967427
9.994E-05 9.994E-05 9.994E-05 9.994E-05 9.994E-05 9.994E-05 9.994E-05 0.9993
9.994E-05 9.994E-05 9.994E-05 9.994E-05 9.994E-05 9.994E-05 9.994E-05 0.9993
0.0424284 9.9973E-05 9.9973E-05 0.0186134 0.035631 0.0111034 9.9973E-05 0.891924
9.994E-05 9.994E-05 9.994E-05 9.994E-05 9.994E-05 9.994E-05 9.994E-05 0.9993
0.0019716 9.9955E-05 9.9955E-05 9.9955E-05 9.9955E-05 0.00434062 9.9955E-05 0.993188
