0.9993 9.994E-05 9.994E-05 9.994E-05 9.994E-05 9.994E-05 9.994E-05 9.994E-05
0.244414 9.9964E-05 9.9964E-05 9.9964E-05 0.632172 0.0428687 0.0801463 9.9964E-05
0.232152 9.9964E-05 9.9964E-05 9.9964E-05 0.622897 0.105912 0.0386388 9.9964E-05
0.206847 0.0992361 9.9973E-05 9.9973E-05 0.672944 0.0081709 9.9973E-05 0.0125021
0.143881 0.0224958 9.9973E-05 0.0523359 0.677109 9.9973E-05 9.9973E-05 0.103878
0.142338 0.241716 9.9973E-05 9.9973E-05 0.583524 0.0312361 0.000886558 9.9973E-05
0.260575 9.9946E-05 9.9946E-05 9.9946E-05 0.738825 9.9946E-05 9.9946E-05 9.9946E-05
0.260135 0.112081 9.9964E-05 9.9964E-05 0.544058 0.0833255 9.9964E-05 9.9964E-05
0.196116 0.0283417 0.00585328 9.9991E-05 0.663463 0.0262059 0.038709 0.0412118
0.9993 9.994E-05 9.994E-05 9.994E-05 9.994E-05 9.994E-05 9.994E-05 9.994E-05
0.9993 9.994E-05 9.994E-05 9.994E-05 9.994E-05 9.994E-05 9.994E-05 9.994E-05
0.998345 9.9946E-05 9.9946E-05 9.9946E-05 9.9946E-05 9.9946E-05 9.9946E-05 0.00105484
0.9993 9.994E-05 9.994E-05 9.994E-05 9.994E-05 9.994E-05 9.994E-05 9.994E-05
0.887248 9.9973E-05 0.0052421 0.0257781 0.0579568 0.0234754 9.9973E-05 9.9973E-05
0.949683 0.00141663 0.0197506 0.0134758 9.9973E-05 0.0153741 9.9973E-05 9.9973E-05
0.197657 0.26472 9.9982E-05 0.0016578 0.449659 0.0531002 9.9982E-05 0.0330062
0.192359 0.12863 0.106825 0.0411937 0.348943 0.112743 0.0180087 0.0512977
0.193963 0.123 9.9955E-05 9.9955E-05 0.682536 9.9955E-05 9.9955E-05 9.9955E-05
9.9964E-05 0.0321768 9.9964E-05 0.0792928 0.844376 9.9964E-05 9.9964E-05 0.0437548
9.9973E-05 0.0138466 0.0309332 0.0879389 0.85207 9.9973E-05 9.9973E-05 0.0149116
0.0164935 9.9964E-05 9.9964E-05 9.9964E-05 0.912943 9.9964E-05 0.0257046 0.0444595
9.9982E-05 0.0252576 0.0202221 0.0797651 0.798405 0.0344665 0.0416842 9.9982E-05
9.9973E-05 9.9973E-05 0.00100196 0.111361 0.858529 0.0227776 9.9973E-05 0.00603143
9.9964E-05 9.9964E-05 0.0157903 0.0446087 0.915788 9.9964E-05 0.0234133 9.9964E-05
9.9982E-05 0.00808425 0.0215505 0.00835359 0.912232 9.9982E-05 0.0133547 0.0362254
9.9973E-05 0.201749 0.0718296 0.0153299 0.627583 9.9973E-05 9.9973E-05 0.0832081
0.00804152 0.102897 9.9982E-05 0.0616106 0.654739 0.068233 9.9982E-05 0.10428
9.9955E-05 9.9955E-05 0.013749 9.9955E-05 0.970022 0.0157292 9.9955E-05 9.9955E-05
0.0295365 0.0941134 0.0629736 0.0531829 0.751304 9.9982E-05 9.9982E-05 0.00868937
0.00874324 0.0440738 0.0122513 9.9982E-05 0.923663 0.00170107 9.9982E-05 0.0093673
0.0240956 0.0194171 0.00773838 0.0549631 0.874236 9.9982E-05 9.9982E-05 0.0193497
9.9982E-05 0.130576 0.100132 0.0120483 0.721985 0.0109997 9.9982E-05 0.0240595
9.999E-05 0.0652326 0.00769874 0.0239742 0.750526 0.0922815 0.0260238 0.0341636
0.0436298 0.107983 0.127031 0.00232132 0.608504 0.082325 0.0101543 0.018051
9.9964E-05 9.9964E-05 0.0219846 0.14395 0.798067 0.0355987 9.9964E-05 9.9964E-05
0.0232943 0.0327966 9.9955E-05 9.9955E-05 0.943409 9.9955E-05 9.9955E-05 9.9955E-05
9.9964E-05 0.481578 9.9964E-05 0.0448501 0.460893 0.0122796 9.9964E-05 9.9964E-05
9.9982E-05 0.279225 9.9982E-05 0.0647846 0.546902 0.0338638 0.00919452 0.0658299
9.9973E-05 0.245091 9.9973E-05 9.9973E-05 0.542716 0.0774711 0.0433728 0.0910487
9.9982E-05 0.294701 0.0575496 0.0172469 0.553616 9.9982E-05 0.0146439 0.0620425
9.9973E-05 0.804963 0.0560582 9.9973E-05 0.0441613 0.0456345 0.0488831 9.9973E-05
0.000832965 0.808346 0.080648 0.0328582 0.0633587 0.0137562 9.9982E-05 9.9982E-05
0.0603185 0.607472 0.0286731 9.9982E-05 0.168399 0.0753282 0.0596094 9.9982E-05
9.9964E-05 0.913341 0.00605666 9.9964E-05 0.0751605 9.9964E-05 0.00504174 9.9964E-05
9.9973E-05 0.729932 0.0462471 9.9973E-05 0.151379 0.0281259 9.9973E-05 0.0440164
9.994E-05 0.9993 9.994E-05 9.994E-05 9.994E-05 9.994E-05 9.994E-05 9.994E-05
9.994E-05 0.9993 9.994E-05 9.994E-05 9.994E-05 9.994E-05 9.994E-05 9.994E-05
9.9982E-05 0.501158 0.0214742 0.0166996 0.398821 0.0350247 9.9982E-05 0.0266226
0.0759375 0.560805 0.0426408 9.9982E-05 0.181045 0.0594327 9.9982E-05 0.0799385
0.0826433 0.413299 0.0706765 9.9982E-05 0.379721 0.0250899 0.0283701 9.9982E-05
0.0500874 0.636954 9.9973E-05 9.9973E-05 0.208544 0.0488218 9.9973E-05 0.0552933
0.00226879 0.779453 9.9973E-05 0.0300668 0.136062 0.0518488 9.9973E-05 9.9973E-05
0.0143527 0.942935 9.9964E-05 9.9964E-05 0.031982 9.9964E-05 9.9964E-05 0.0103306
0.0363999 0.674475 0.0264547 0.057896 0.169102 9.9982E-05 9.9982E-05 0.035472
0.0483655 0.619606 0.040731 0.0419552 0.185875 9.9991E-05 0.032547 0.0308207
9.9964E-05 0.714399 0.0466745 9.9964E-05 0.156048 0.0824789 9.9964E-05 9.9964E-05
0.0761721 0.559128 0.0400435 0.0143703 0.146073 0.0572872 0.0274137 0.0795121
9.9973E-05 0.663167 0.0167872 9.9973E-05 0.228944 9.9973E-05 0.0229061 0.0678963
0.0124638 0.986936 9.99461E-05 9.99461E-05 9.99461E-05 9.99461E-05 9.99461E-05 9.99461E-05
0.0237137 0.564473 0.0214972 9.9982E-05 0.220715 0.0804498 9.9982E-05 0.0889514
9.9973E-05 0.63498 0.0455173 0.0134817 0.212941 9.9973E-05 9.9973E-05 0.0927799
0.0445442 0.793748 0.106425 9.9982E-05 0.0162138 9.9982E-05 0.0179906 0.0208791
9.999E-05 0.781194 0.0284833 0.00211096 0.0714617 0.0220294 0.0239656 0.0706546
9.9973E-05 0.870652 0.00349743 0.0798163 9.9973E-05 0.00444898 9.9973E-05 0.041285
0.0173967 0.853979 0.0289947 9.9964E-05 0.0992296 9.9964E-05 9.9964E-05 9.9964E-05
0.00374817 0.89794 9.9964E-05 0.0570234 9.9964E-05 0.0408888 9.9964E-05 9.9964E-05
9.9946E-05 0.981334 9.9946E-05 9.9946E-05 9.9946E-05 9.9946E-05 0.0180664 9.9946E-05
0.0129355 0.828549 0.0301843 0.0932031 9.9982E-05 0.0189027 0.0160251 9.9982E-05
9.9991E-05 0.627556 0.0209337 0.012969 0.281902 0.0247589 0.00504297 0.0267373
0.00781936 0.939919 9.9964E-05 0.0454887 9.9964E-05 0.00637312 9.9964E-05 9.9964E-05
0.0506425 0.795628 9.9973E-05 9.9973E-05 0.0896617 0.039763 0.0240052 9.9973E-05
9.9991E-05 0.847987 0.0267785 0.00367829 0.030674 0.0379407 0.0434212 0.00942035
0.0792668 0.920134 9.9946E-05 9.9946E-05 9.9946E-05 9.9946E-05 9.9946E-05 9.9946E-05
0.0316997 0.949536 9.9955E-05 9.9955E-05 9.9955E-05 9.9955E-05 9.9955E-05 0.0182643
0.0133676 0.905907 0.0566343 0.023691 9.9964E-05 9.9964E-05 9.9964E-05 9.9964E-05
9.9955E-05 0.913508 9.9955E-05 0.0196862 9.9955E-05 9.9955E-05 9.9955E-05 0.0663062
9.9946E-05 0.987716 9.9946E-05 9.9946E-05 9.9946E-05 9.9946E-05 0.0116839 9.9946E-05
0.0527078 0.720444 0.0323297 0.11614 9.9973E-05 9.9973E-05 0.0780782 9.9973E-05
0.00163856 0.588462 0.0871491 0.0822992 9.9991E-05 0.0789712 0.117753 0.0436271
9.9982E-05 0.697544 0.0440361 0.0608504 9.9982E-05 0.00307559 0.144431 0.0498635
0.0140525 0.703031 0.0902408 0.0636147 9.9991E-05 0.0231802 0.0963504 0.00943066
9.9982E-05 0.759562 0.0421093 0.0763219 9.9982E-05 0.00269698 0.109478 0.0096321
9.9982E-05 0.709146 0.0302819 0.086085 9.9982E-05 0.0706352 0.0766795 0.0269726
0.00424366 0.446173 0.0912219 9.9991E-05 0.217131 0.0472607 0.17978 0.0140902
0.0319688 0.606158 0.0835592 0.0715819 0.00380449 0.0154172 0.174017 0.0134935
0.00276093 0.566477 0.0407116 0.00860894 0.00712792 0.130017 0.166364 0.0779322
0.0230298 0.533 0.0945104 9.9991E-05 0.153632 0.0717518 0.0594802 0.0644957
9.9973E-05 0.563357 0.120784 9.9973E-05 0.102189 9.9973E-05 0.128339 0.0850319
9.9982E-05 0.649813 0.017882 0.0934471 9.9982E-05 0.0562863 0.117815 0.0645568
0.00556457 0.510663 0.155622 0.00572138 0.0332018 0.0856834 0.0983722 0.105172
0.0322883 0.567617 0.0207036 0.207751 0.00448444 0.0517422 0.115313 9.9991E-05
0.0337307 0.621542 0.0625629 0.195841 0.0115058 0.0334422 0.0412753 9.9991E-05
0.00910581 0.410202 0.0825441 0.00597337 0.0282466 0.083901 0.2059 0.174127
9.994E-05 9.994E-05 9.994E-05 9.994E-05 9.994E-05 9.994E-05 0.9993 9.994E-05
0.0133834 0.0546891 9.9964E-05 9.9964E-05 9.9964E-05 0.00269867 0.928829 9.9964E-05
0.0277578 0.0225245 9.9973E-05 0.075489 0.0348856 9.9973E-05 0.839043 9.9973E-05
9.9946E-05 9.9946E-05 9.9946E-05 9.9946E-05 9.9946E-05 0.0149736 0.984427 9.9946E-05
9.994E-05 9.994E-05 9.994E-05 9.994E-05 9.994E-05 9.994E-05 0.9993 9.994E-05
9.994E-05 9.994E-05 9.994E-05 9.994E-05 9.994E-05 9.994E-05 0.9993 9.994E-05
9.9964E-05 9.9964E-05 0.0270903 0.000542511 9.9964E-05 9.9964E-05 0.966874 0.00509302
9.9964E-05 9.9964E-05 0.00106015 9.9964E-05 0.0705811 0.0222449 0.905714 9.9964E-05
9.994E-05 9.994E-05 9.994E-05 9.994E-05 9.994E-05 9.994E-05 0.9993 9.994E-05
9.994E-05 9.994E-05 9.994E-05 9.994E-05 9.994E-05 9.994E-05 0.9993 9.994E-05
9.9991E-05 0.22639 0.30036 0.0925458 0.127001 0.0709753 0.0838349 0.0987935
9.9964E-05 0.0674928 9.9964E-05 0.0307755 9.9964E-05 9.9964E-05 0.87634 0.0249919
9.994E-05 9.994E-05 9.994E-05 9.994E-05 9.994E-05 9.994E-05 0.9993 9.994E-05
9.9946E-05 9.9946E-05 9.9946E-05 9.9946E-05 9.9946E-05 9.9946E-05 0.968104 0.0312962
9.9973E-05 0.545112 0.205907 0.084882 9.9973E-05 9.9973E-05 0.0741435 0.0896557
9.9982E-05 0.581276 0.140858 0.0744564 9.9982E-05 0.0156423 0.121248 0.0663198
9.9973E-05 0.58126 0.167128 0.127788 9.9973E-05 9.9973E-05 0.0767301 0.0467936
9.9982E-05 0.516809 0.146163 0.0801816 9.9982E-05 0.0384341 0.151472 0.0667403
9.9982E-05 0.442476 0.212621 0.114364 9.9982E-05 0.0588681 0.102739 0.0687319
9.9991E-05 0.394172 0.165379 0.156402 0.140887 0.00351456 0.0839544 0.0555905
9.9982E-05 0.456522 0.137978 0.153867 0.105789 9.9982E-05 0.100809 0.0448348
9.9973E-05 0.517451 0.193163 0.135496 9.9973E-05 9.9973E-05 0.122428 0.031162
9.9982E-05 0.466816 0.110098 0.110503 9.9982E-05 0.0579451 0.201889 0.0525489
9.9982E-05 0.451394 0.104991 0.155822 9.9982E-05 0.0666895 0.166478 0.0544266
9.9991E-05 0.54729 0.116006 0.0994893 0.0103929 0.0334297 0.100102 0.0931898
9.9982E-05 0.488099 0.0954051 0.182873 9.9982E-05 0.00609264 0.179041 0.0482903
9.9982E-05 0.498766 0.190593 0.13184 9.9982E-05 0.06092 0.0234332 0.0942476
9.9991E-05 0.517734 0.167219 0.0798884 0.0056411 0.0474153 0.109185 0.0728173
0.00631149 0.0304477 0.883852 0.00784942 9.9991E-05 0.046134 0.00785211 0.0174528
0.00399296 9.9982E-05 0.865092 0.028285 0.0324522 9.9982E-05 0.0277853 0.0421925
9.994E-05 9.994E-05 0.9993 9.994E-05 9.994E-05 9.994E-05 9.994E-05 9.994E-05
9.9973E-05 0.0117403 0.97234 0.00875292 0.00246925 9.9973E-05 9.9973E-05 0.00439765
9.994E-05 9.994E-05 0.9993 9.994E-05 9.994E-05 9.994E-05 9.994E-05 9.994E-05
9.9946E-05 9.9946E-05 0.995049 9.9946E-05 9.9946E-05 0.00435096 9.9946E-05 9.9946E-05
9.994E-05 9.994E-05 0.9993 9.994E-05 9.994E-05 9.994E-05 9.994E-05 9.994E-05
0.0241082 0.0969976 0.680643 0.170147 0.0114768 0.0151438 9.9991E-05 0.00138339
9.9946E-05 9.9946E-05 0.986074 9.9946E-05 9.9946E-05 0.0133267 9.9946E-05 9.9946E-05
9.994E-05 9.994E-05 0.9993 9.994E-05 9.994E-05 9.994E-05 9.994E-05 9.994E-05
0.0284517 9.9964E-05 0.893194 0.0767122 0.00124201 9.9964E-05 9.9964E-05 9.9964E-05
9.994E-05 9.994E-05 0.9993 9.994E-05 9.994E-05 9.994E-05 9.994E-05 9.994E-05
0.0127538 0.0669851 0.787663 0.0502835 9.9982E-05 0.042335 0.03978 9.9982E-05
9.994E-05 9.994E-05 9.994E-05 9.994E-05 9.994E-05 0.9993 9.994E-05 9.994E-05
9.9982E-05 0.44481 0.136868 0.0898886 9.9982E-05 0.0809288 0.194029 0.0532759
9.9946E-05 9.9946E-05 9.9946E-05 9.9946E-05 9.9946E-05 0.997185 9.9946E-05 0.00221543
9.994E-05 9.994E-05 9.994E-05 9.994E-05 9.994E-05 0.9993 9.994E-05 9.994E-05
9.99461E-05 9.99461E-05 9.99461E-05 0.043115 9.99461E-05 0.956285 9.99461E-05 9.99461E-05
0.0173011 0.122299 0.0377331 9.9991E-05 0.0119723 0.785371 0.00783858 0.0173844
9.994E-05 9.994E-05 9.994E-05 9.994E-05 9.994E-05 0.9993 9.994E-05 9.994E-05
9.9964E-05 0.0133799 0.0158652 0.0712337 9.9964E-05 0.899121 9.9964E-05 9.9964E-05
0.00449016 9.9973E-05 9.9973E-05 0.012581 0.00926982 0.97203 0.00132862 9.9973E-05
9.9964E-05 0.0101781 0.0444264 9.9964E-05 9.9964E-05 0.922777 9.9964E-05 0.0222184
0.0193795 9.9955E-05 9.9955E-05 9.9955E-05 0.0120519 0.968069 9.9955E-05 9.9955E-05
9.9955E-05 9.9955E-05 0.0106216 9.9955E-05 9.9955E-05 0.984063 9.9955E-05 0.00481582
9.9964E-05 9.9964E-05 0.00658698 9.9964E-05 0.00707046 0.975479 0.0104638 9.9964E-05
9.9991E-05 0.0109899 0.052935 0.0184546 0.0159258 0.817326 0.0472806 0.0369879
0.0270842 0.00639242 9.9973E-05 0.023277 9.9973E-05 0.926693 9.9973E-05 0.0162535
9.9982E-05 0.0481071 0.00326018 0.0373579 9.9982E-05 0.894715 0.0126514 0.00370843
9.9982E-05 0.0572604 0.0244979 0.0254345 9.9982E-05 0.857027 0.00871895 0.0268617
0.0248375 9.9973E-05 9.9973E-05 0.00262358 0.0525136 0.869706 9.9973E-05 0.0500197
9.9955E-05 0.0464178 0.00664465 9.9955E-05 9.9955E-05 0.946438 9.9955E-05 9.9955E-05
0.0370056 0.414982 0.0370305 0.131888 9.9991E-05 0.0405889 0.0582309 0.280174
0.0151052 0.367833 0.104145 0.141781 0.0102588 0.0364182 0.0605835 0.263875
0.0413117 0.376697 0.0155396 0.160138 9.9991E-05 0.0360234 0.0905547 0.279636
0.0506319 0.435289 0.0294807 0.132402 9.9991E-05 0.0212323 0.0509685 0.279896
9.9955E-05 9.9955E-05 0.0646711 0.892743 0.0420856 9.9955E-05 9.9955E-05 9.9955E-05
9.994E-05 9.994E-05 9.994E-05 0.9993 9.994E-05 9.994E-05 9.994E-05 9.994E-05
9.994E-05 9.994E-05 9.994E-05 0.9993 9.994E-05 9.994E-05 9.994E-05 9.994E-05
9.994E-05 9.994E-05 9.994E-05 0.9993 9.994E-05 9.994E-05 9.994E-05 9.994E-05
9.9955E-05 9.9955E-05 9.9955E-05 0.992897 9.9955E-05 0.00170378 9.9955E-05 0.00489978
9.9946E-05 9.9946E-05 9.9946E-05 0.983435 9.9946E-05 9.9946E-05 9.9946E-05 0.0159657
0.0184305 0.0118923 9.9964E-05 0.940149 9.9964E-05 9.9964E-05 9.9964E-05 0.0291281
0.00963071 9.9991E-05 0.0617407 0.775257 0.0946967 0.0327201 0.0226034 0.00325189
0.013588 0.0928202 9.9982E-05 0.837901 0.0348449 0.0032047 9.9982E-05 0.0174413
9.9946E-05 9.9946E-05 0.0117942 9.9946E-05 9.9946E-05 9.9946E-05 9.9946E-05 0.987606
9.994E-05 9.994E-05 9.994E-05 9.994E-05 9.994E-05 9.994E-05 9.994E-05 0.9993
9.994E-05 9.994E-05 9.994E-05 9.994E-05 9.994E-05 9.994E-05 9.994E-05 0.9993
9.9955E-05 9.9955E-05 0.00274484 9.9955E-05 9.9955E-05 0.00724731 9.9955E-05 0.989508
9.994E-05 9.994E-05 9.994E-05 9.994E-05 9.994E-05 9.994E-05 9.994E-05 0.9993
0.00111675 0.0238589 9.9982E-05 0.038875 9.9982E-05 0.0226362 0.0323152 0.880998
9.994E-05 9.994E-05 9.994E-05 9.994E-05 9.994E-05 9.994E-05 9.994E-05 0.9993
9.994E-05 9.994E-05 9.994E-05 9.994E-05 9.994E-05 9.994E-05 9.994E-05 0.9993
9.9964E-05 9.9964E-05 0.00426048 0.00600473 9.9964E-05 0.00838358 9.9964E-05 0.980951
9.9946E-05 0.00836145 9.9946E-05 9.9946E-05 9.9946E-05 9.9946E-05 9.9946E-05 0.991039
9.9946E-05 9.9946E-05 9.9946E-05 9.9946E-05 9.9946E-05 0.0059641 9.9946E-05 0.993436
9.9955E-05 9.9955E-05 9.9955E-05 0.00703783 0.0156519 9.9955E-05 9.9955E-05 0.976811
