9.994E-05 9.994E-05 0.9993 9.994E-05 9.994E-05 9.994E-05 9.994E-05 9.994E-05
9.9964E-05 0.0925186 0.270252 9.9964E-05 9.9964E-05 9.9964E-05 0.532044 0.104786
9.9964E-05 0.106263 0.250261 9.9964E-05 9.9964E-05 9.9964E-05 0.568391 0.0746842
0.077824 9.9964E-05 0.213147 9.9964E-05 9.9964E-05 0.00305307 0.705576 9.9964E-05
0.117412 9.9964E-05 0.0974118 9.9964E-05 0.0640781 9.9964E-05 0.720698 9.9964E-05
0.204659 0.036895 0.165205 9.9982E-05 0.000265844 9.9982E-05 0.559811 0.0329639
9.9955E-05 0.00745788 0.259279 9.9955E-05 9.9955E-05 9.9955E-05 0.732763 9.9955E-05
0.0622481 0.0891345 0.272753 0.0132457 9.9991E-05 0.0102213 0.533483 0.018814
0.0551681 0.0886045 0.183478 9.9982E-05 9.9982E-05 0.0147234 0.597816 0.0600101
9.994E-05 9.994E-05 0.9993 9.994E-05 9.994E-05 9.994E-05 9.994E-05 9.994E-05
9.994E-05 9.994E-05 0.9993 9.994E-05 9.994E-05 9.994E-05 9.994E-05 9.994E-05
9.994E-05 9.994E-05 0.9993 9.994E-05 9.994E-05 9.994E-05 9.994E-05 9.994E-05
9.9946E-05 9.9946E-05 0.993023 9.9946E-05 9.9946E-05 9.9946E-05 9.9946E-05 0.0063772
0.00900335 9.9964E-05 0.89075 9.9964E-05 0.058224 9.9964E-05 0.041623 9.9964E-05
9.9964E-05 0.00974313 0.936764 0.0365223 0.016571 9.9964E-05 9.9964E-05 9.9964E-05
0.355316 0.0283303 0.175073 9.9973E-05 9.9973E-05 0.0125648 0.428416 9.9973E-05
0.230801 0.0778458 0.233117 0.0581134 0.0870845 0.0198384 0.288977 0.00422269
0.124574 0.0199254 0.191329 9.9964E-05 9.9964E-05 9.9964E-05 0.663772 9.9964E-05
0.0255531 9.9964E-05 9.9964E-05 9.9964E-05 0.0256537 0.0263057 0.922088 9.9964E-05
9.9955E-05 9.9955E-05 9.9955E-05 0.0113534 0.0455818 9.9955E-05 0.942565 9.9955E-05
9.9964E-05 9.9964E-05 0.00773501 9.9964E-05 9.9964E-05 0.0308649 0.918203 0.0427971
0.0354057 0.0538438 9.9973E-05 0.0318842 0.0677446 9.9973E-05 0.810822 9.9973E-05
9.9973E-05 0.0211023 9.9973E-05 0.000699239 0.0938862 0.0293798 0.854633 9.9973E-05
9.9964E-05 9.9964E-05 0.00036193 0.013737 0.0559802 9.9964E-05 0.929521 9.9964E-05
0.0625732 9.9973E-05 9.9973E-05 0.00212733 9.9973E-05 0.0190069 0.90824 0.00775251
0.204567 9.9964E-05 9.9964E-05 0.0827739 9.9964E-05 0.0270128 0.685246 9.9964E-05
0.084565 0.0508533 9.9982E-05 0.0135197 0.0395511 0.0917526 0.719558 9.9982E-05
0.0361167 0.0352695 9.9964E-05 0.00198369 9.9964E-05 9.9964E-05 0.92623 9.9964E-05
0.101208 0.0163353 0.0567414 0.0544913 0.0193638 9.9982E-05 0.75166 9.9982E-05
0.0460581 9.9964E-05 0.0503979 9.9964E-05 9.9964E-05 0.00321982 0.899924 9.9964E-05
9.9964E-05 9.9964E-05 0.0151582 0.0176532 0.0641373 9.9964E-05 0.902652 9.9964E-05
0.0231209 0.00596156 9.9991E-05 0.0469948 0.0048245 0.0555247 0.858544 0.00492975
0.0773433 0.0352161 9.9991E-05 0.0248135 0.028044 0.0137547 0.803561 0.0171671
0.124173 0.0655123 0.0347603 0.116489 0.0148403 0.0237623 0.590003 0.03046
9.9964E-05 0.018715 9.9964E-05 9.9964E-05 0.17365 0.0277173 0.779518 9.9964E-05
0.0654248 9.9964E-05 0.0502366 9.9964E-05 9.9964E-05 9.9964E-05 0.882517 0.00142171
0.407486 9.9955E-05 9.9955E-05 9.9955E-05 0.052824 9.9955E-05 0.53919 9.9955E-05
0.17423 0.044502 9.9991E-05 0.0199066 0.0644896 0.0749769 0.589934 0.0318615
0.264312 0.0535903 9.9982E-05 9.9982E-05 0.00536847 0.067303 0.554425 0.0548022
0.247271 9.9982E-05 9.9982E-05 0.0329926 0.00225534 0.0602802 0.639322 0.0176782
0.867121 0.00410497 9.9973E-05 0.0275772 9.9973E-05 9.9973E-05 0.0193154 0.0815815
0.886981 9.9973E-05 0.0281982 0.0361524 9.9973E-05 0.0236495 0.0247186 9.9973E-05
0.574068 0.0770119 0.0335458 0.0584041 9.9982E-05 9.9982E-05 0.202308 0.0544628
0.910545 0.0151424 9.9973E-05 0.0266484 9.9973E-05 9.9973E-05 0.0401171 0.00724747
0.753868 0.0600814 9.9973E-05 0.0118683 9.9973E-05 0.0159139 0.157969 9.9973E-05
0.977964 9.9955E-05 0.0200436 9.9955E-05 9.9955E-05 9.9955E-05 0.00149278 9.9955E-05
0.9993 9.994E-05 9.994E-05 9.994E-05 9.994E-05 9.994E-05 9.994E-05 9.994E-05
0.452167 0.0606906 9.9982E-05 0.0285494 0.0235548 0.0227224 0.412116 9.9982E-05
0.646755 0.0208752 0.0561504 0.0719994 0.0134525 0.0652444 0.125423 9.9991E-05
0.51551 0.018412 0.0680064 0.0484191 9.9982E-05 9.9982E-05 0.324988 0.024464
0.604708 0.0501497 0.0388222 9.9982E-05 9.9982E-05 0.0289911 0.266896 0.0102333
0.775912 0.0360325 9.9964E-05 9.9964E-05 0.00810275 9.9964E-05 0.179553 9.9964E-05
0.968206 9.9955E-05 0.0132615 9.9955E-05 9.9955E-05 0.0180326 9.9955E-05 9.9955E-05
0.573088 9.9982E-05 0.0466644 0.029 0.0996027 0.0717533 0.179691 9.9982E-05
0.613711 0.00614541 0.0538399 0.0448613 0.0658323 0.0120488 0.156185 0.0473766
0.72197 0.0800739 9.9973E-05 0.0417185 9.9973E-05 9.9973E-05 0.148224 0.00771312
0.571433 0.0466352 0.0728813 0.0139502 9.9991E-05 0.074797 0.210708 0.00949529
0.680571 0.0115842 9.9973E-05 9.9973E-05 9.9973E-05 0.0823519 0.200313 0.0248797
0.991788 9.99461E-05 0.0076122 9.99461E-05 9.99461E-05 9.99461E-05 9.99461E-05 9.99461E-05
0.609949 9.9973E-05 0.0153282 9.9973E-05 0.0134482 0.0964715 0.264503 9.9973E-05
0.635475 9.9964E-05 9.9964E-05 0.0320737 9.9964E-05 0.10143 0.230622 9.9964E-05
0.781113 9.9991E-05 0.017063 0.111426 0.0119723 0.0331001 0.0391881 0.00603721
0.750864 0.0515311 0.0242465 0.0258121 0.0184088 0.00133279 0.0894736 0.0383311
0.94559 0.0268778 9.9964E-05 0.00122667 0.0259055 9.9964E-05 9.9964E-05 9.9964E-05
0.86068 9.9982E-05 0.0222275 0.017595 0.000893692 0.0166339 0.0817701 9.9982E-05
0.906075 0.0681599 9.9955E-05 9.9955E-05 0.0252649 9.9955E-05 9.9955E-05 9.9955E-05
0.973756 9.9946E-05 9.9946E-05 9.9946E-05 9.9946E-05 9.9946E-05 9.9946E-05 0.0256445
0.826665 0.0105063 0.00857319 0.0593652 0.0746868 9.9982E-05 9.9982E-05 0.0200037
0.652913 0.0553687 9.9982E-05 9.9982E-05 0.0236515 0.016845 0.231432 0.0195892
0.86395 0.099436 9.99551E-05 0.0361141 9.99551E-05 9.99551E-05 9.99551E-05 9.99551E-05
0.831069 0.0481245 0.0404187 9.9973E-05 9.9973E-05 9.9973E-05 0.0493225 0.0307653
0.79497 0.0401003 9.9991E-05 0.0494435 0.0163212 0.0212305 0.0539452 0.0238897
0.912439 9.99461E-05 0.0869613 9.99461E-05 9.99461E-05 9.99461E-05 9.99461E-05 9.99461E-05
0.908991 9.9955E-05 0.0591879 9.9955E-05 9.9955E-05 0.0313218 9.9955E-05 9.9955E-05
0.793926 0.0278642 0.0423439 0.0877539 0.0350381 0.0128737 9.9982E-05 9.9982E-05
0.938954 9.9973E-05 0.000135763 9.9973E-05 0.00168262 0.0560558 9.9973E-05 0.0028717
0.958528 0.0116785 9.9964E-05 9.9964E-05 0.0264718 9.9964E-05 9.9964E-05 0.00292188
0.610597 0.000422206 0.021807 0.00454475 0.166791 9.9991E-05 0.0508155 0.144922
0.589034 0.0393853 9.9982E-05 0.124877 0.054256 0.0568782 9.9982E-05 0.135369
0.732442 9.9964E-05 9.9964E-05 0.0135413 0.122609 9.9964E-05 9.9964E-05 0.131007
0.782223 0.0303636 9.9973E-05 0.110755 0.0475711 9.9973E-05 9.9973E-05 0.028787
0.723114 0.00325024 9.9973E-05 0.0414635 0.10512 9.9973E-05 9.9973E-05 0.126752
0.751976 0.00992233 9.9982E-05 0.0464562 0.0666806 0.0330591 9.9982E-05 0.091706
0.550766 0.0171183 0.00218692 0.107815 0.0223378 0.0630877 0.12511 0.111578
0.610231 0.079609 0.0283572 0.0428457 0.0444009 9.9982E-05 9.9982E-05 0.194356
0.636502 0.0924128 9.9991E-05 0.0173739 0.0458302 0.0200078 0.0458179 0.141955
0.45307 0.061022 0.0399748 0.102136 0.0492868 0.0306934 0.16853 0.0952866
0.60741 9.9982E-05 0.00127176 0.0965694 9.9982E-05 0.0511928 0.14216 0.101196
0.614574 0.0976391 9.9991E-05 0.0117118 0.0161902 0.0966059 0.0044231 0.158756
0.546061 0.0823789 0.00440375 0.105205 0.0257647 0.115559 0.0239621 0.0966662
0.506428 0.0487946 0.0504357 0.0482162 0.186124 9.9991E-05 0.0620911 0.0978099
0.560327 0.0693243 0.0323898 0.0529908 0.192223 9.9991E-05 0.0264219 0.0662231
0.393055 0.0957469 0.0223942 0.0792737 0.00880333 0.162255 0.031251 0.207221
9.994E-05 9.994E-05 9.994E-05 9.994E-05 9.994E-05 9.994E-05 9.994E-05 0.9993
9.9964E-05 9.9964E-05 0.0257356 0.0248059 9.9964E-05 9.9964E-05 0.0112212 0.937837
0.0347097 9.9973E-05 9.9973E-05 9.9973E-05 0.0750937 0.0263293 0.0107807 0.852787
9.9946E-05 0.00652754 9.9946E-05 9.9946E-05 9.9946E-05 9.9946E-05 9.9946E-05 0.992873
9.994E-05 9.994E-05 9.994E-05 9.994E-05 9.994E-05 9.994E-05 9.994E-05 0.9993
9.994E-05 9.994E-05 9.994E-05 9.994E-05 9.994E-05 9.994E-05 9.994E-05 0.9993
9.9955E-05 9.9955E-05 9.9955E-05 0.00501069 0.0339942 9.9955E-05 9.9955E-05 0.960495
9.9973E-05 0.00618821 9.9973E-05 9.9973E-05 0.023957 0.0109782 0.0626309 0.895946
9.994E-05 9.994E-05 9.994E-05 9.994E-05 9.994E-05 9.994E-05 9.994E-05 0.9993
9.994E-05 9.994E-05 9.994E-05 9.994E-05 9.994E-05 9.994E-05 9.994E-05 0.9993
0.290445 0.0630813 9.9991E-05 0.27321 0.0880399 0.0915626 0.0848395 0.108722
0.0629074 0.00281446 9.9973E-05 9.9973E-05 0.0439716 0.00959997 9.9973E-05 0.880407
9.994E-05 9.994E-05 9.994E-05 9.994E-05 9.994E-05 9.994E-05 9.994E-05 0.9993
9.9973E-05 9.9973E-05 0.00318983 9.9973E-05 0.01019 0.000331584 0.000694322 0.985294
0.454555 0.0434162 9.9982E-05 0.213716 0.0920186 0.0927 9.9982E-05 0.103394
0.471422 0.0600476 9.9982E-05 0.188221 0.135577 0.0424302 9.9982E-05 0.102102
0.463267 0.0340661 9.9982E-05 0.184089 0.1423 0.0785379 9.9982E-05 0.097541
0.437119 0.0494729 9.9982E-05 0.176939 0.0945098 0.10398 9.9982E-05 0.137779
0.43418 0.0449017 9.9982E-05 0.209485 0.116627 0.0783963 9.9982E-05 0.11621
0.3525 9.9982E-05 9.9982E-05 0.163235 0.181198 0.0409768 0.171617 0.0902736
0.444457 0.0274112 9.9991E-05 0.149213 0.141878 0.0113736 0.0659771 0.15959
0.493172 9.9973E-05 9.9973E-05 0.193938 0.133593 0.0479275 9.9973E-05 0.131069
0.361514 0.0604585 9.9991E-05 0.1451 0.133576 0.0664191 0.0193585 0.213475
0.411112 0.071042 9.9982E-05 0.16632 0.118686 0.0329002 9.9982E-05 0.19974
0.448224 0.0599397 9.9991E-05 0.161056 0.104397 0.064484 0.0688805 0.0929184
0.519383 0.036428 9.9991E-05 0.0627672 0.130505 0.034589 0.0205508 0.195676
0.504106 0.0509324 0.0172708 0.170628 0.100376 0.080142 9.9991E-05 0.0764446
0.497548 0.0396741 0.00063835 0.185434 0.0858498 0.067653 9.9991E-05 0.123104
9.994E-05 0.9993 9.994E-05 9.994E-05 9.994E-05 9.994E-05 9.994E-05 9.994E-05
0.447383 0.136626 9.9982E-05 0.132596 0.0575242 0.0319333 9.9982E-05 0.193738
9.994E-05 0.9993 9.994E-05 9.994E-05 9.994E-05 9.994E-05 9.994E-05 9.994E-05
9.994E-05 0.9993 9.994E-05 9.994E-05 9.994E-05 9.994E-05 9.994E-05 9.994E-05
9.9955E-05 0.900767 9.9955E-05 9.9955E-05 0.0911336 9.9955E-05 9.9955E-05 0.00759922
0.112105 0.753624 0.0013049 0.0506163 9.9982E-05 0.0438558 0.0382938 9.9982E-05
9.994E-05 0.9993 9.994E-05 9.994E-05 9.994E-05 9.994E-05 9.994E-05 9.994E-05
0.0228079 0.877771 0.000171114 0.0152392 0.0540929 9.9982E-05 0.029718 9.9982E-05
9.9973E-05 0.944716 9.9973E-05 9.9973E-05 0.00114059 0.0108969 0.0332808 0.00966555
9.99461E-05 0.965931 9.99461E-05 0.0334694 9.99461E-05 9.99461E-05 9.99461E-05 9.99461E-05
9.9955E-05 0.993724 0.00507825 9.9955E-05 0.000698338 9.9955E-05 9.9955E-05 9.9955E-05
0.0413451 0.926784 9.9973E-05 0.00489505 0.0213612 0.00531527 9.9973E-05 9.9973E-05
9.9946E-05 0.981358 9.9946E-05 9.9946E-05 9.9946E-05 0.0180422 9.9946E-05 9.9946E-05
0.0490705 0.846948 9.9973E-05 0.00189151 9.9973E-05 0.0884727 9.9973E-05 0.0133172
0.00020104 0.902801 9.9982E-05 0.024609 0.0233807 0.0161316 0.0326768 9.9982E-05
0.104838 0.868674 9.9955E-05 9.9955E-05 0.0259879 9.9955E-05 9.9955E-05 9.9955E-05
0.0165529 0.888228 0.0210293 9.9982E-05 0.014099 0.0402293 9.9982E-05 0.0196616
0.0431138 0.863881 0.0383626 0.00382943 0.0225309 0.0280819 9.9982E-05 9.9982E-05
0.0260369 0.968899 9.9955E-05 0.00456397 9.9955E-05 9.9955E-05 9.9955E-05 9.9955E-05
9.9973E-05 0.0109965 9.9973E-05 0.914157 0.0237958 9.9973E-05 0.0318726 0.0188778
9.9973E-05 9.9973E-05 0.0123474 0.857194 0.0582648 0.0571697 9.9973E-05 0.0147243
9.994E-05 9.994E-05 9.994E-05 0.9993 9.994E-05 9.994E-05 9.994E-05 9.994E-05
9.9946E-05 9.9946E-05 9.9946E-05 0.993528 9.9946E-05 0.00587229 9.9946E-05 9.9946E-05
9.9946E-05 9.9946E-05 9.9946E-05 0.994695 9.9946E-05 0.00470531 9.9946E-05 9.9946E-05
9.994E-05 9.994E-05 9.994E-05 0.9993 9.994E-05 9.994E-05 9.994E-05 9.994E-05
0.00564525 9.9946E-05 9.9946E-05 0.993755 9.9946E-05 9.9946E-05 9.9946E-05 9.9946E-05
0.127223 9.9973E-05 0.045722 0.790245 0.0326126 9.9973E-05 0.00389691 9.9973E-05
9.9946E-05 0.00371147 9.9946E-05 0.995689 9.9946E-05 9.9946E-05 9.9946E-05 9.9946E-05
9.994E-05 9.994E-05 9.994E-05 0.9993 9.994E-05 9.994E-05 9.994E-05 9.994E-05
9.9964E-05 9.9964E-05 0.0179665 0.872021 0.0798002 9.9964E-05 9.9964E-05 0.0298125
9.994E-05 9.994E-05 9.994E-05 0.9993 9.994E-05 9.994E-05 9.994E-05 9.994E-05
0.0580426 0.146616 9.9964E-05 0.750462 0.0444803 9.9964E-05 9.9964E-05 9.9964E-05
0.459389 0.0387331 0.0386055 0.0307262 0.122585 0.249132 9.9991E-05 0.0607287
0.502018 0.0288142 0.0108173 0.0401927 0.169015 0.234697 9.9991E-05 0.0143465
0.439328 0.0621436 0.0307483 9.9982E-05 0.144065 0.233187 9.9982E-05 0.0903282
0.451898 0.0459795 0.0352975 0.00449104 0.163767 0.228741 9.9991E-05 0.0697257
9.9964E-05 9.9964E-05 9.9964E-05 0.0529161 0.918061 0.0168106 0.0118125 9.9964E-05
9.994E-05 9.994E-05 9.994E-05 9.994E-05 0.9993 9.994E-05 9.994E-05 9.994E-05
9.9955E-05 0.00385965 9.9955E-05 9.9955E-05 0.966394 0.0292464 9.9955E-05 9.9955E-05
9.994E-05 9.994E-05 9.994E-05 9.994E-05 0.9993 9.994E-05 9.994E-05 9.994E-05
9.9946E-05 9.9946E-05 9.9946E-05 9.9946E-05 0.987198 0.0122024 9.9946E-05 9.9946E-05
9.9973E-05 0.00656721 0.000202417 9.9973E-05 0.950672 0.0181805 9.9973E-05 0.0240783
0.0143784 0.000987964 9.9973E-05 9.9973E-05 0.958479 0.0197129 9.9973E-05 0.00614185
0.0410262 0.0326768 0.0381282 0.0680588 0.744751 9.9991E-05 0.0704182 0.00484077
0.0252413 0.0279864 0.00349389 0.00728355 0.85363 9.9982E-05 0.0821648 9.9982E-05
0.0429574 9.9964E-05 0.0105595 0.0160422 9.9964E-05 0.930041 9.9964E-05 9.9964E-05
9.994E-05 9.994E-05 9.994E-05 9.994E-05 9.994E-05 0.9993 9.994E-05 9.994E-05
9.994E-05 9.994E-05 9.994E-05 9.994E-05 9.994E-05 0.9993 9.994E-05 9.994E-05
9.994E-05 9.994E-05 9.994E-05 9.994E-05 9.994E-05 0.9993 9.994E-05 9.994E-05
9.994E-05 9.994E-05 9.994E-05 9.994E-05 9.994E-05 0.9993 9.994E-05 9.994E-05
0.0593093 0.0181654 0.0173868 9.9982E-05 9.9982E-05 0.892108 0.0122704 0.000560359
9.994E-05 9.994E-05 9.994E-05 9.994E-05 9.994E-05 0.9993 9.994E-05 9.994E-05
9.994E-05 9.994E-05 9.994E-05 9.994E-05 9.994E-05 0.9993 9.994E-05 9.994E-05
9.9946E-05 0.00442776 9.9946E-05 9.9946E-05 9.9946E-05 0.994973 9.9946E-05 9.9946E-05
0.0467349 0.00333219 9.9955E-05 9.9955E-05 9.9955E-05 0.949433 9.9955E-05 9.9955E-05
9.994E-05 9.994E-05 9.994E-05 9.994E-05 9.994E-05 0.9993 9.994E-05 9.994E-05
9.994E-05 9.994E-05 9.994E-05 9.994E-05 9.994E-05 0.9993 9.994E-05 9.994E-05
