9.994E-05 0.9993 9.994E-05 9.994E-05 9.994E-05 9.994E-05 9.994E-05 9.994E-05
0.0913434 0.273579 9.9964E-05 9.9964E-05 0.563737 9.9964E-05 0.0709412 9.9964E-05
0.0575428 0.2168 9.9964E-05 9.9964E-05 0.61735 9.9964E-05 0.107908 9.9964E-05
0.00226942 0.23816 9.9964E-05 9.9964E-05 0.657039 9.9964E-05 9.9964E-05 0.102131
9.9982E-05 0.109589 0.0557344 0.0830268 0.661847 0.0596691 9.9982E-05 0.0299338
0.0029483 0.162094 9.9973E-05 9.9973E-05 0.611335 9.9973E-05 0.0673791 0.155943
9.9955E-05 0.286423 9.9955E-05 9.9955E-05 0.695891 9.9955E-05 0.0171859 9.9955E-05
0.0206676 0.294713 9.9973E-05 9.9973E-05 0.573516 9.9973E-05 0.076884 0.0339194
0.0207185 0.162846 9.9973E-05 0.0560067 0.705675 9.9973E-05 0.0544539 9.9973E-05
9.994E-05 0.9993 9.994E-05 9.994E-05 9.994E-05 9.994E-05 9.994E-05 9.994E-05
9.994E-05 0.9993 9.994E-05 9.994E-05 9.994E-05 9.994E-05 9.994E-05 9.994E-05
9.994E-05 0.9993 9.994E-05 9.994E-05 9.994E-05 9.994E-05 9.994E-05 9.994E-05
9.994E-05 0.9993 9.994E-05 9.994E-05 9.994E-05 9.994E-05 9.994E-05 9.994E-05
9.9955E-05 0.927609 9.9955E-05 0.00169403 9.9955E-05 0.0701977 9.9955E-05 9.9955E-05
9.9964E-05 0.983942 0.00830985 9.9964E-05 9.9964E-05 0.0063253 0.00102302 9.9964E-05
9.9982E-05 0.195628 0.0390719 0.012564 0.454507 9.9982E-05 0.0359519 0.262078
9.999E-05 0.202517 0.0534814 0.0344621 0.345715 0.11306 0.0553099 0.195355
0.0115854 0.186606 9.9973E-05 9.9973E-05 0.702752 9.9973E-05 0.0216612 0.0770958
0.0387975 9.9964E-05 9.9964E-05 0.0358787 0.898193 0.0267313 9.9964E-05 9.9964E-05
9.9955E-05 9.9955E-05 0.0123971 9.9955E-05 0.950712 0.0363908 9.9955E-05 9.9955E-05
0.0233663 0.0493199 9.9964E-05 0.0387831 0.888131 9.9964E-05 9.9964E-05 9.9964E-05
0.0118967 9.9973E-05 0.00944795 9.9973E-05 0.805629 0.111629 0.0610977 9.9973E-05
0.00938255 9.9982E-05 9.9982E-05 0.0241541 0.822077 0.0899874 0.0470366 0.00716278
9.9973E-05 0.0172032 0.0528683 9.9973E-05 0.882709 0.0246747 0.0222445 9.9973E-05
0.0173134 9.9964E-05 9.9964E-05 0.0257736 0.943478 9.9964E-05 9.9964E-05 0.0130348
9.9982E-05 9.9982E-05 0.0544849 0.0752661 0.692117 0.000958723 0.00241577 0.174557
9.9973E-05 9.9973E-05 9.9973E-05 0.0720681 0.705746 0.0256581 0.0771525 0.119075
9.9964E-05 9.9964E-05 0.00642477 9.9964E-05 0.964391 9.9964E-05 0.0127872 0.0159968
0.00397746 0.0496338 0.0283756 9.9991E-05 0.739614 0.00932327 0.00322606 0.16575
9.9955E-05 0.0312957 9.9955E-05 9.9955E-05 0.917474 9.9955E-05 9.9955E-05 0.0507301
9.9964E-05 0.0464426 9.9964E-05 0.0349011 0.891527 0.0267291 9.9964E-05 9.9964E-05
0.0116732 9.9982E-05 0.111014 0.0296037 0.788222 0.0195589 9.9982E-05 0.0397279
0.0331432 9.9991E-05 0.0454534 0.0396713 0.775976 0.0159101 0.0562597 0.0334861
0.0256345 0.0494029 0.144751 9.9991E-05 0.617738 0.0201594 0.059441 0.0827733
9.9964E-05 9.9964E-05 0.0224429 9.9964E-05 0.798046 0.152062 0.0270497 9.9964E-05
9.9955E-05 0.0580948 9.9955E-05 9.9955E-05 0.941198 9.9955E-05 9.9955E-05 0.000207403
9.9946E-05 9.9946E-05 9.9946E-05 9.9946E-05 0.511411 9.9946E-05 9.9946E-05 0.48799
9.9973E-05 9.9973E-05 9.9973E-05 0.0295688 0.529683 0.0653281 0.019619 0.355501
0.0513913 0.0184433 9.9982E-05 0.180317 0.489455 9.9982E-05 0.022462 0.237732
0.0352981 9.9982E-05 0.0567172 0.0361941 0.537402 0.0450659 9.9982E-05 0.289123
0.0336068 9.9982E-05 0.0141088 0.0384404 0.0425877 9.9982E-05 0.0403815 0.830675
9.999E-05 0.0585478 0.00387211 0.0635805 0.0225933 0.0101026 0.0237779 0.817426
0.0272401 0.0450107 0.0523836 9.9982E-05 0.177927 9.9982E-05 0.049615 0.647624
0.0103385 0.0101377 0.0167184 9.9973E-05 0.0126307 9.9973E-05 9.9973E-05 0.949875
9.9973E-05 9.9973E-05 0.0332335 0.0348482 0.205504 9.9973E-05 0.0463252 0.679789
9.9946E-05 0.00293523 9.9946E-05 9.9946E-05 9.9946E-05 9.9946E-05 9.9946E-05 0.996465
9.994E-05 9.994E-05 9.994E-05 9.994E-05 9.994E-05 9.994E-05 9.994E-05 0.9993
9.9982E-05 9.9982E-05 0.00867643 0.0302544 0.341243 0.0324162 0.0436114 0.543599
9.99852E-05 0.0669027 0.0496202 0.0432472 0.143759 9.99852E-05 0.0696423 0.626629
0.00962841 0.0810106 0.0576011 9.9982E-05 0.421604 9.9982E-05 0.0153826 0.414574
9.9973E-05 0.040014 9.9973E-05 0.0434073 0.180841 9.9973E-05 0.020859 0.714579
9.9973E-05 9.9973E-05 9.9973E-05 0.014501 0.163289 0.00751559 0.0571184 0.757277
9.9973E-05 0.0475714 9.9973E-05 0.00498032 0.023796 9.9973E-05 0.00920505 0.914147
0.00437289 0.0289129 0.0392703 0.0310038 0.16854 0.0805855 9.9991E-05 0.647215
0.0261079 0.0424949 0.0704756 9.9982E-05 0.171059 0.0542424 9.9982E-05 0.63542
0.00602473 9.9982E-05 0.0721261 0.0112428 0.137298 9.9982E-05 0.0695111 0.703598
0.0476093 0.0787144 0.0106285 0.1162 0.164991 0.0239475 0.0500765 0.507833
9.9955E-05 9.9955E-05 9.9955E-05 0.086629 0.23312 9.9955E-05 9.9955E-05 0.679751
9.9955E-05 0.000516013 9.9955E-05 9.9955E-05 0.0062876 9.9955E-05 9.9955E-05 0.992697
0.0150101 0.0124871 9.9982E-05 0.0581257 0.225706 9.9982E-05 0.0133014 0.675169
9.999E-05 0.00761699 0.0598578 0.0700382 0.186505 0.0102254 0.0019586 0.663698
0.0111803 0.00076388 0.0594204 0.00571758 0.0567673 9.9982E-05 9.9982E-05 0.86595
0.0389287 9.9982E-05 9.9982E-05 0.0370631 0.102032 0.042317 0.0371967 0.742263
9.9964E-05 9.9964E-05 0.0299949 9.9964E-05 9.9964E-05 0.0777239 0.0161188 0.875762
9.9973E-05 0.0159567 0.0233509 0.013946 0.123809 9.9973E-05 9.9973E-05 0.822637
9.9964E-05 0.00280653 9.9964E-05 9.9964E-05 9.9964E-05 0.0842523 0.0566097 0.855932
9.994E-05 9.994E-05 9.994E-05 9.994E-05 9.994E-05 9.994E-05 9.994E-05 0.9993
0.0518578 0.0534174 9.9973E-05 9.9973E-05 9.9973E-05 0.178322 0.0244095 0.691694
0.00373246 0.000108429 0.0010148 0.0271784 0.294814 9.9991E-05 0.041359 0.631693
9.9964E-05 9.9964E-05 0.00925256 9.9964E-05 9.9964E-05 0.0463588 0.0378362 0.906153
0.0453857 0.0483771 0.0128254 9.9982E-05 0.091848 9.9982E-05 0.0448587 0.756505
0.00914572 9.9991E-05 0.044188 0.0245626 0.0252671 0.0114052 0.0554909 0.82984
9.9964E-05 0.101362 9.9964E-05 0.0116612 0.0296967 9.9964E-05 9.9964E-05 0.85688
9.9955E-05 0.0509019 9.9955E-05 0.0696538 9.9955E-05 9.9955E-05 9.9955E-05 0.878945
9.9973E-05 0.0368568 0.0528676 0.0613172 9.9973E-05 0.0502819 9.9973E-05 0.798377
9.9964E-05 0.0236848 9.9964E-05 0.0592741 9.9964E-05 0.0130764 9.9964E-05 0.903565
9.994E-05 9.994E-05 9.994E-05 9.994E-05 9.994E-05 9.994E-05 9.994E-05 0.9993
0.0943695 9.9982E-05 0.0439478 9.9982E-05 0.0426295 0.128627 0.0276329 0.662594
0.096953 9.9982E-05 0.0435009 0.0822508 9.9982E-05 0.0351989 0.0228374 0.719059
0.0908523 9.9982E-05 0.0548511 0.0138467 9.9982E-05 0.0637146 0.0206586 0.755877
0.053193 0.00613841 0.0465616 0.0878634 9.9991E-05 0.0246672 0.0148099 0.766667
0.102681 9.9973E-05 0.028765 9.9973E-05 9.9973E-05 0.0522866 0.0220715 0.793896
0.0830669 9.9982E-05 0.0498435 0.045894 9.9982E-05 0.0445537 0.009572 0.76687
0.115369 9.9982E-05 0.0923476 0.0452766 0.144785 0.0136933 9.9982E-05 0.588328
0.200285 9.9973E-05 9.9973E-05 0.031499 9.9973E-05 0.0229955 0.0409224 0.703998
0.171887 0.00119253 0.05647 0.0187086 0.0491855 0.0168477 0.0755775 0.610132
0.0603472 0.0269735 0.0675985 0.0482623 0.127879 0.00922859 0.0494979 0.610214
0.129956 0.00808907 0.11877 0.0454287 0.0892473 9.9982E-05 9.9982E-05 0.608309
0.147257 0.00952361 0.0891934 0.0526644 9.9991E-05 0.0545755 0.0252518 0.621434
0.120444 0.00554679 0.124275 0.0940413 0.017926 0.0376818 0.0753483 0.524737
0.0889235 0.0301703 0.0313037 9.9991E-05 0.0249561 0.177213 0.0515926 0.595741
0.0561761 0.030225 0.0476957 9.9982E-05 9.9982E-05 0.159437 0.0291153 0.677151
0.189073 0.0420059 0.0641078 0.172584 0.0113185 0.00599819 0.0829674 0.431944
0.9993 9.994E-05 9.994E-05 9.994E-05 9.994E-05 9.994E-05 9.994E-05 9.994E-05
0.96407 0.0170148 9.9964E-05 9.9964E-05 0.00248568 9.9964E-05 0.0160299 9.9964E-05
0.870945 9.9982E-05 0.00986731 0.0402766 0.0158897 0.0577932 0.00502843 9.9982E-05
0.991221 9.9946E-05 9.9946E-05 9.9946E-05 9.9946E-05 9.9946E-05 0.00817953 9.9946E-05
0.997491 9.9946E-05 0.00190976 9.9946E-05 9.9946E-05 9.9946E-05 9.9946E-05 9.9946E-05
0.9993 9.994E-05 9.994E-05 9.994E-05 9.994E-05 9.994E-05 9.994E-05 9.994E-05
0.9993 9.994E-05 9.994E-05 9.994E-05 9.994E-05 9.994E-05 9.994E-05 9.994E-05
0.884252 9.9973E-05 0.00798436 9.9973E-05 0.00179746 9.9973E-05 0.0242225 0.0814436
0.9993 9.994E-05 9.994E-05 9.994E-05 9.994E-05 9.994E-05 9.994E-05 9.994E-05
0.972752 9.9955E-05 9.9955E-05 0.0229341 9.9955E-05 0.00381426 9.9955E-05 9.9955E-05
0.0978386 9.9991E-05 0.26542 0.0779998 0.097701 0.0958044 0.0773362 0.2878
0.857961 9.9964E-05 9.9964E-05 0.0440404 9.9964E-05 0.0365014 9.9964E-05 0.0610978
0.9993 9.994E-05 9.994E-05 9.994E-05 9.994E-05 9.994E-05 9.994E-05 9.994E-05
0.987987 9.9946E-05 9.9946E-05 9.9946E-05 9.9946E-05 0.0114137 9.9946E-05 9.9946E-05
0.0908902 9.9991E-05 0.193116 0.127771 0.000701858 0.115242 0.00324476 0.468935
0.114027 9.9982E-05 0.187346 0.0597049 9.9982E-05 0.0691561 0.0402633 0.529303
0.120319 9.9982E-05 0.148788 0.0534179 9.9982E-05 0.155072 0.0578275 0.464376
0.199602 9.9982E-05 0.177365 0.0888812 9.9982E-05 0.0336196 0.0354035 0.464929
0.151496 9.9982E-05 0.178969 0.0190882 9.9982E-05 0.0990478 0.0427302 0.508469
0.0895745 9.9982E-05 0.124571 0.0766221 0.172735 0.15234 9.9982E-05 0.383958
0.146314 0.01791 0.135837 9.9991E-05 0.0666416 0.101343 0.0422198 0.489635
0.123412 9.9991E-05 0.225385 0.0223833 0.0103855 0.117362 0.00950803 0.491464
0.213104 9.9982E-05 0.0979209 0.044348 9.9982E-05 0.143205 0.0732485 0.427974
0.204515 9.9982E-05 0.109765 0.0252096 9.9982E-05 0.146213 0.0483024 0.465796
0.105669 9.9991E-05 0.129125 0.0632617 0.0544209 0.0841884 0.0465034 0.516732
0.193695 9.9991E-05 0.0975979 0.0466127 0.0538225 0.137199 0.062202 0.40877
0.069717 9.9982E-05 0.1717 0.0914078 9.9982E-05 0.112677 0.0318835 0.522415
0.135331 9.9982E-05 0.168645 0.0705196 9.9982E-05 0.0624526 0.0381627 0.524688
9.9955E-05 9.9955E-05 0.934526 9.9955E-05 9.9955E-05 0.0248217 0.0401525 9.9955E-05
0.0145435 9.9973E-05 0.877458 0.0365845 0.0327226 0.0383918 9.9973E-05 9.9973E-05
9.994E-05 9.994E-05 0.9993 9.994E-05 9.994E-05 9.994E-05 9.994E-05 9.994E-05
9.994E-05 9.994E-05 0.9993 9.994E-05 9.994E-05 9.994E-05 9.994E-05 9.994E-05
9.9955E-05 9.9955E-05 0.990567 0.00627089 9.9955E-05 9.9955E-05 0.00266277 9.9955E-05
9.994E-05 9.994E-05 0.9993 9.994E-05 9.994E-05 9.994E-05 9.994E-05 9.994E-05
9.9946E-05 9.9946E-05 0.987137 9.9946E-05 0.0122637 9.9946E-05 9.9946E-05 9.9946E-05
9.9964E-05 0.0446997 0.810325 9.9964E-05 9.9964E-05 0.120564 9.9964E-05 0.0240123
9.994E-05 9.994E-05 0.9993 9.994E-05 9.994E-05 9.994E-05 9.994E-05 9.994E-05
9.994E-05 9.994E-05 0.9993 9.994E-05 9.994E-05 9.994E-05 9.994E-05 9.994E-05
0.00687637 0.0490981 0.837608 9.9973E-05 9.9973E-05 0.0790656 0.0270526 9.9973E-05
9.9946E-05 9.9946E-05 0.992979 0.00642137 9.9946E-05 9.9946E-05 9.9946E-05 9.9946E-05
9.9964E-05 9.9964E-05 0.781577 9.9964E-05 9.9964E-05 0.0182067 0.040762 0.159054
9.994E-05 9.994E-05 9.994E-05 9.994E-05 9.994E-05 9.994E-05 0.9993 9.994E-05
0.146653 9.9982E-05 0.152769 0.0558497 9.9982E-05 0.0811841 0.0782575 0.485087
9.994E-05 9.994E-05 9.994E-05 9.994E-05 9.994E-05 9.994E-05 0.9993 9.994E-05
9.994E-05 9.994E-05 9.994E-05 9.994E-05 9.994E-05 9.994E-05 0.9993 9.994E-05
9.99551E-05 9.99551E-05 0.000529552 9.99551E-05 9.99551E-05 0.0536731 0.945298 9.99551E-05
9.9964E-05 9.9964E-05 0.0249743 0.0375597 9.9964E-05 9.9964E-05 0.804845 0.132221
9.994E-05 9.994E-05 9.994E-05 9.994E-05 9.994E-05 9.994E-05 0.9993 9.994E-05
9.9955E-05 9.9955E-05 9.9955E-05 9.9955E-05 9.9955E-05 0.0504938 0.849553 0.0994531
0.0206358 9.99461E-05 9.99461E-05 9.99461E-05 9.99461E-05 9.99461E-05 0.978764 9.99461E-05
9.9964E-05 9.9964E-05 0.0167788 9.9964E-05 0.000199083 9.9964E-05 0.944082 0.0385407
9.994E-05 9.994E-05 9.994E-05 9.994E-05 9.994E-05 9.994E-05 0.9993 9.994E-05
9.9946E-05 9.9946E-05 9.9946E-05 0.00150866 9.9946E-05 9.9946E-05 0.997892 9.9946E-05
0.0191115 9.9955E-05 0.0193261 9.9955E-05 9.9955E-05 9.9955E-05 0.961063 9.9955E-05
0.0257125 9.9991E-05 0.0500771 0.0617457 0.00572666 0.0147514 0.801097 0.0407895
9.9973E-05 0.0121615 9.9973E-05 0.00582825 0.0344848 0.0200258 0.9272 9.9973E-05
0.0293692 9.9973E-05 0.0160752 9.9973E-05 9.9973E-05 0.0145297 0.887035 0.0526915
9.9982E-05 0.000527181 0.0106143 0.0386264 9.9982E-05 0.0381241 0.848602 0.0633063
0.00611766 0.00564911 9.9991E-05 0.0584353 0.0115624 0.0115348 0.853451 0.0531497
0.0101366 9.9964E-05 0.0246962 9.9964E-05 9.9964E-05 9.9964E-05 0.913674 0.0510935
0.0811176 0.0133686 0.0252135 0.282894 9.9991E-05 0.107745 0.038009 0.451552
0.0372416 0.0375201 0.0724712 0.32563 9.9991E-05 0.123704 0.0776207 0.325713
0.134402 0.017549 9.9982E-05 0.247296 9.9982E-05 0.159127 0.0702979 0.371128
0.0731707 0.0531848 0.00351938 0.241012 9.9991E-05 0.1376 0.0637195 0.427693
9.9964E-05 9.9964E-05 0.0504732 0.0245178 9.9964E-05 0.898146 9.9964E-05 0.0264635
9.994E-05 9.994E-05 9.994E-05 9.994E-05 9.994E-05 0.9993 9.994E-05 9.994E-05
9.9955E-05 9.9955E-05 9.9955E-05 9.9955E-05 0.00120022 0.998096 0.000203743 9.9955E-05
9.994E-05 9.994E-05 9.994E-05 9.994E-05 9.994E-05 0.9993 9.994E-05 9.994E-05
9.9955E-05 9.9955E-05 9.9955E-05 0.0332857 9.9955E-05 0.964618 0.00159608 9.9955E-05
0.0344975 0.0195103 0.00649027 9.9973E-05 9.9973E-05 0.929035 0.010167 9.9973E-05
9.9973E-05 9.9973E-05 9.9973E-05 0.0131909 0.0111397 0.951119 0.00278769 0.0214625
0.00365366 0.0452268 0.0705423 0.0479052 0.0485474 0.756916 0.0271083 9.9991E-05
9.9973E-05 9.9973E-05 9.9973E-05 0.0132967 0.0194389 0.820586 0.0116891 0.134689
9.9964E-05 0.0105816 0.00828233 0.952974 0.0277619 9.9964E-05 9.9964E-05 9.9964E-05
0.000246763 9.9955E-05 9.9955E-05 0.985951 9.9955E-05 0.0133022 9.9955E-05 9.9955E-05
9.994E-05 9.994E-05 9.994E-05 0.9993 9.994E-05 9.994E-05 9.994E-05 9.994E-05
9.994E-05 9.994E-05 9.994E-05 0.9993 9.994E-05 9.994E-05 9.994E-05 9.994E-05
9.994E-05 9.994E-05 9.994E-05 0.9993 9.994E-05 9.994E-05 9.994E-05 9.994E-05
0.0268654 9.9982E-05 9.9982E-05 0.874433 0.0239788 0.0264136 0.0208261 0.0272835
9.994E-05 9.994E-05 9.994E-05 0.9993 9.994E-05 9.994E-05 9.994E-05 9.994E-05
9.994E-05 9.994E-05 9.994E-05 0.9993 9.994E-05 9.994E-05 9.994E-05 9.994E-05
0.00073882 9.9964E-05 9.9964E-05 0.992193 0.00357005 0.00309853 9.9964E-05 9.9964E-05
9.9964E-05 9.9964E-05 0.032322 0.936154 9.9964E-05 9.9964E-05 0.00674684 0.0243771
9.994E-05 9.994E-05 9.994E-05 0.9993 9.994E-05 9.994E-05 9.994E-05 9.994E-05
9.994E-05 9.994E-05 9.994E-05 0.9993 9.994E-05 9.994E-05 9.994E-05 9.994E-05
