9.994E-05 9.994E-05 9.994E-05 9.994E-05 9.994E-05 9.994E-05 9.994E-05 0.9993
0.569109 0.00321897 9.9973E-05 0.084359 0.0957085 9.9973E-05 9.9973E-05 0.247305
0.562129 9.9964E-05 9.9964E-05 0.0634695 0.123598 9.9964E-05 9.9964E-05 0.250403
0.674577 9.99551E-05 0.121821 9.99551E-05 9.99551E-05 9.99551E-05 9.99551E-05 0.203102
0.633163 0.0589155 0.146821 9.9982E-05 9.9982E-05 0.0335933 0.0201402 0.107167
0.573502 9.9973E-05 0.212921 0.0103958 0.032194 9.9973E-05 9.9973E-05 0.170687
0.749464 9.9955E-05 9.9955E-05 9.9955E-05 0.00901431 9.9955E-05 9.9955E-05 0.241022
0.550822 9.9973E-05 0.130294 9.9973E-05 0.0746343 9.9973E-05 0.000278593 0.243671
0.678709 9.9982E-05 0.0378428 0.0327094 0.0688486 0.0106313 9.9982E-05 0.171059
9.994E-05 9.994E-05 9.994E-05 9.994E-05 9.994E-05 9.994E-05 9.994E-05 0.9993
9.994E-05 9.994E-05 9.994E-05 9.994E-05 9.994E-05 9.994E-05 9.994E-05 0.9993
9.994E-05 9.994E-05 9.994E-05 9.994E-05 9.994E-05 9.994E-05 9.994E-05 0.9993
9.9946E-05 9.9946E-05 9.9946E-05 9.9946E-05 9.9946E-05 9.9946E-05 0.00907729 0.990323
0.00331541 0.0533582 9.9964E-05 9.9964E-05 0.0110764 9.9964E-05 9.9964E-05 0.93185
9.9973E-05 0.0308449 0.0067406 0.00419164 9.9973E-05 9.9973E-05 0.0237966 0.934126
0.389885 9.9973E-05 0.374505 9.9973E-05 9.9973E-05 0.0327317 0.0119774 0.190601
0.389625 0.0872651 0.148584 0.0485423 0.0473412 0.0249896 0.0371639 0.216488
0.659647 9.9964E-05 0.143983 0.00784695 9.9964E-05 9.9964E-05 9.9964E-05 0.188123
0.895972 0.0511295 0.0149127 9.9964E-05 9.9964E-05 0.0375864 9.9964E-05 9.9964E-05
0.916802 0.065844 9.9964E-05 9.9964E-05 9.9964E-05 0.0157356 0.00121827 9.9964E-05
0.905792 9.9964E-05 9.9964E-05 0.00293383 9.9964E-05 0.0591133 9.9964E-05 0.0317606
0.766037 0.107627 0.0161763 9.9973E-05 0.0856616 9.9973E-05 0.0241978 9.9973E-05
0.864833 0.0885046 9.9982E-05 0.0152278 0.00711899 0.0176538 0.00646197 9.9982E-05
0.913992 0.0315313 9.9964E-05 9.9964E-05 0.0141655 9.9964E-05 0.0399115 9.9964E-05
0.882097 9.9973E-05 0.0729536 0.0123905 9.9973E-05 0.0234198 0.00883908 9.9973E-05
0.632117 0.0112031 0.212138 9.9973E-05 9.9973E-05 0.0717057 0.0725358 9.9973E-05
0.712753 0.0270979 0.0575942 9.9973E-05 0.0874661 0.114789 9.9973E-05 9.9973E-05
0.925742 9.9964E-05 0.0152115 9.9964E-05 0.0431422 9.9964E-05 0.0155041 9.9964E-05
0.725867 0.00866579 0.131317 0.00949257 0.0319536 0.039754 0.00861818 0.0443319
0.957387 9.9946E-05 9.9946E-05 9.9946E-05 9.9946E-05 9.9946E-05 9.9946E-05 0.0420138
0.928545 0.0291305 9.9964E-05 9.9964E-05 9.9964E-05 0.0221569 9.9964E-05 0.0197675
0.787371 0.0140731 0.0690592 0.0150278 9.9982E-05 0.0620896 0.0521799 9.9982E-05
0.753363 9.9982E-05 0.10734 0.0159243 0.0734565 0.0183991 0.0313177 9.9982E-05
0.645045 9.9991E-05 0.0825036 0.0156038 0.0644016 0.019791 0.13586 0.0366946
0.823127 0.102014 9.9964E-05 9.9964E-05 0.0699354 9.9964E-05 0.00452386 9.9964E-05
0.954284 9.9964E-05 0.022963 9.9964E-05 9.9964E-05 0.00458523 9.9964E-05 0.0177683
0.505502 9.9955E-05 0.484441 9.9955E-05 0.00955696 9.9955E-05 9.9955E-05 9.9955E-05
0.552694 0.0474336 0.270901 9.9982E-05 0.0245581 0.0756642 0.0285497 9.9982E-05
0.539142 0.0223962 0.260937 0.0389828 0.0379173 0.0984452 0.00207913 9.9991E-05
0.620402 0.0402438 0.25254 0.00721826 9.9982E-05 0.0381733 0.0412227 9.9982E-05
0.0590846 9.9982E-05 0.839001 0.0398564 0.029417 0.00111974 0.0313216 9.9982E-05
0.0689715 9.9991E-05 0.805781 0.0372587 0.0243637 0.0438359 0.0161204 0.00356836
0.148708 9.9982E-05 0.660451 0.0378287 0.0828959 9.9982E-05 0.0134216 0.0564946
0.0880756 9.9964E-05 0.896135 9.9964E-05 0.0120391 9.9964E-05 0.00335033 9.9964E-05
0.204598 9.9973E-05 0.664756 9.9973E-05 0.0682935 0.0272257 0.0348275 9.9973E-05
0.000448151 9.9946E-05 0.998952 9.9946E-05 9.9946E-05 9.9946E-05 9.9946E-05 9.9946E-05
0.0399592 9.9946E-05 0.959441 9.9946E-05 9.9946E-05 9.9946E-05 9.9946E-05 9.9946E-05
0.399851 0.0213325 0.495378 9.9982E-05 0.0487849 0.0252817 0.009172 9.9982E-05
0.117173 0.000677758 0.663917 9.9991E-05 0.0306535 0.080561 0.0464872 0.0604314
0.31578 9.9982E-05 0.497616 0.0237584 0.00677744 9.9982E-05 0.0723728 0.0834955
0.257377 9.9991E-05 0.570682 0.0182099 0.0551822 0.0674979 0.00600744 0.024943
0.203206 0.00334584 0.742317 9.9982E-05 0.02269 0.0248244 0.00341718 9.9982E-05
0.11307 9.9964E-05 0.858464 9.9964E-05 9.9964E-05 0.0193896 9.9964E-05 0.00867602
0.197984 0.0784045 0.627956 0.00959905 9.9991E-05 0.0460097 0.00185854 0.0380883
0.18526 0.0195861 0.612295 0.049168 0.0375566 9.9991E-05 0.052804 0.0432307
0.12588 9.9982E-05 0.710613 0.0155723 0.0973669 0.00383206 0.0465361 9.9982E-05
0.188761 9.9982E-05 0.533653 9.9982E-05 0.108297 0.0632976 0.0461197 0.0596719
0.208846 0.0034824 0.657315 0.00767551 9.9982E-05 0.108641 0.0138403 9.9982E-05
9.99461E-05 9.99461E-05 0.968721 9.99461E-05 9.99461E-05 9.99461E-05 9.99461E-05 0.0306796
0.167937 9.9973E-05 0.615083 0.0364183 9.9973E-05 0.12622 9.9973E-05 0.0540406
0.196318 0.0130948 0.655632 9.9991E-05 0.0145857 0.0530727 0.0481315 0.0190658
0.0243163 0.0203749 0.897669 0.0180929 9.9982E-05 9.9982E-05 0.0223059 0.0170412
0.100644 9.9991E-05 0.775213 0.0190513 0.0513815 0.0281665 0.0135417 0.011902
9.99551E-05 0.0706556 0.919633 9.99551E-05 9.99551E-05 9.99551E-05 9.99551E-05 0.00921143
0.0734404 9.9964E-05 0.838171 9.9964E-05 9.9964E-05 0.0491291 9.9964E-05 0.0388597
9.9955E-05 0.0458413 0.907129 9.9955E-05 0.0465302 9.9955E-05 9.9955E-05 9.9955E-05
9.9946E-05 9.9946E-05 0.991398 0.0080027 9.9946E-05 9.9946E-05 9.9946E-05 9.9946E-05
9.9964E-05 0.115156 0.853443 9.9964E-05 0.0271154 9.9964E-05 9.9964E-05 0.00388545
0.276578 9.9982E-05 0.654927 0.016101 9.9982E-05 0.0355057 0.00958325 0.00710449
9.99551E-05 0.00460173 0.945542 9.99551E-05 0.0493563 9.99551E-05 9.99551E-05 9.99551E-05
0.0845152 9.9973E-05 0.807814 0.03183 0.0301747 9.9973E-05 9.9973E-05 0.0453659
0.0528017 0.0370955 0.788094 0.0120354 0.0505855 0.0261936 0.0330947 9.9991E-05
9.9946E-05 9.9946E-05 0.924921 9.9946E-05 9.9946E-05 9.9946E-05 9.9946E-05 0.0744792
9.9955E-05 9.9955E-05 0.947622 9.9955E-05 9.9955E-05 0.00822552 9.9955E-05 0.0436524
9.9973E-05 0.0299188 0.858138 9.9973E-05 0.0205118 9.9973E-05 0.0418322 0.0492996
0.00649848 9.9964E-05 0.919488 9.9964E-05 9.9964E-05 0.0546211 9.9964E-05 0.0189928
9.9955E-05 0.0124642 0.958549 0.0284875 9.9955E-05 9.9955E-05 9.9955E-05 9.9955E-05
0.00765386 0.0924668 0.802726 0.0892837 9.9973E-05 9.9973E-05 9.9973E-05 0.00756947
9.9982E-05 0.0317161 0.707136 0.0955087 0.0689659 0.0624373 0.0340363 9.9982E-05
9.9982E-05 0.0613236 0.788752 0.0991064 0.00185533 0.0231912 0.0255715 9.9982E-05
9.9973E-05 0.0439735 0.828621 9.9973E-05 0.0595867 9.9973E-05 0.0670067 0.000512419
9.9973E-05 0.0203417 0.797918 0.134529 9.9973E-05 0.0143656 0.0325455 9.9973E-05
9.9973E-05 0.0600654 0.801165 0.0813421 0.0170886 9.9973E-05 0.0400389 9.9973E-05
0.163368 9.9973E-05 0.49438 0.150452 9.9973E-05 0.0818717 0.109628 9.9973E-05
0.0237461 0.00962909 0.627722 0.16462 0.0432685 0.0397782 0.0647301 0.0265064
0.0453719 0.024045 0.588033 0.16986 0.0718445 0.0235819 0.0630256 0.0142381
0.146041 0.00775525 0.526121 0.0723339 0.0561689 0.034625 0.107356 0.049599
0.101395 9.9973E-05 0.597382 0.101303 9.9973E-05 0.0899156 0.109704 9.9973E-05
9.9973E-05 0.0758519 0.702676 0.140802 9.9973E-05 0.0527652 0.0276046 9.9973E-05
0.0402736 0.00695777 0.493002 0.110734 0.0790161 0.131639 0.123527 0.0148517
0.0783054 0.196715 0.521715 0.0880094 0.0171593 9.9991E-05 0.0575484 0.0404474
0.0497468 0.165056 0.577829 0.0401022 0.041924 9.9991E-05 0.0918005 0.033441
0.0233271 0.0203256 0.39252 0.204691 0.0821849 0.178377 0.0694797 0.0290953
9.994E-05 9.994E-05 9.994E-05 0.9993 9.994E-05 9.994E-05 9.994E-05 9.994E-05
0.00852733 0.0549692 0.000874776 0.926126 9.9982E-05 9.9982E-05 0.00708999 0.00221292
0.0133789 0.0755489 0.0580371 0.852458 9.9973E-05 0.000277035 9.9973E-05 9.9973E-05
9.994E-05 9.994E-05 9.994E-05 0.9993 9.994E-05 9.994E-05 9.994E-05 9.994E-05
9.994E-05 9.994E-05 9.994E-05 0.9993 9.994E-05 9.994E-05 9.994E-05 9.994E-05
9.994E-05 9.994E-05 9.994E-05 0.9993 9.994E-05 9.994E-05 9.994E-05 9.994E-05
9.9946E-05 9.9946E-05 9.9946E-05 0.977101 9.9946E-05 9.9946E-05 0.0222998 9.9946E-05
0.0951015 9.9955E-05 9.9955E-05 0.893449 0.0109495 9.9955E-05 9.9955E-05 9.9955E-05
9.9955E-05 9.9955E-05 9.9955E-05 0.974058 9.9955E-05 0.00144512 9.9955E-05 0.0239975
9.994E-05 9.994E-05 9.994E-05 0.9993 9.994E-05 9.994E-05 9.994E-05 9.994E-05
0.0515673 0.0704177 0.301079 0.0906914 0.0987577 0.104905 0.282482 9.9991E-05
9.9964E-05 0.0393517 0.0857046 0.859837 9.9964E-05 0.0147071 9.9964E-05 9.9964E-05
9.994E-05 9.994E-05 9.994E-05 0.9993 9.994E-05 9.994E-05 9.994E-05 9.994E-05
9.9955E-05 0.020813 9.9955E-05 0.968284 9.9955E-05 0.0104037 9.9955E-05 9.9955E-05
9.9982E-05 0.0637019 0.451218 0.108239 0.0477967 0.115794 0.21305 9.9982E-05
9.9982E-05 0.092021 0.502788 0.108259 0.0431071 0.0589668 0.194658 9.9982E-05
0.00222238 0.131793 0.508203 0.0910755 0.0129083 0.0608254 0.189134 0.00383793
9.9982E-05 0.0824584 0.493392 0.146995 0.036512 0.0607091 0.179733 9.9982E-05
9.9982E-05 0.136196 0.431984 0.11396 0.0332646 0.0513566 0.233039 9.9982E-05
0.101932 0.198346 0.394499 0.0553027 0.0299704 0.0617273 0.158123 9.9991E-05
0.0405433 0.128985 0.514561 0.133249 0.00295737 0.0383326 0.141272 9.9991E-05
9.9973E-05 0.15898 0.527274 0.0990854 9.9973E-05 0.0182528 0.196107 9.9973E-05
9.9982E-05 0.127863 0.405703 0.201491 0.0646908 0.0581621 0.141891 9.9982E-05
0.018592 0.155078 0.39682 0.193621 0.057577 0.0473611 0.13085 9.9991E-05
0.053474 0.123861 0.483781 0.103908 0.0259757 0.0737085 0.135191 9.9991E-05
0.0356618 0.191661 0.358596 0.177176 0.0348667 0.0743049 0.127634 9.9991E-05
9.9991E-05 0.155697 0.525589 0.0544853 0.0419382 0.0439226 0.174272 0.00399574
0.000870428 0.0738089 0.535392 0.118015 0.032597 0.0523124 0.186904 9.9991E-05
0.0225824 9.9964E-05 0.0114757 9.9964E-05 9.9964E-05 0.027488 0.938054 9.9964E-05
0.0534764 0.0478424 9.9982E-05 0.02661 9.9982E-05 0.0593864 0.787135 0.0253502
9.994E-05 9.994E-05 9.994E-05 9.994E-05 9.994E-05 9.994E-05 0.9993 9.994E-05
0.0048057 9.9955E-05 9.9955E-05 9.9955E-05 9.9955E-05 0.00798156 0.986713 9.9955E-05
9.9946E-05 9.9946E-05 9.9946E-05 9.9946E-05 9.9946E-05 0.0167196 0.982681 9.9946E-05
9.9946E-05 9.9946E-05 9.9946E-05 0.003381 9.9946E-05 9.9946E-05 0.996019 9.9946E-05
9.994E-05 9.994E-05 9.994E-05 9.994E-05 9.994E-05 9.994E-05 0.9993 9.994E-05
9.9973E-05 0.123287 9.9973E-05 9.9973E-05 0.0208206 0.0272416 0.780031 0.0483196
9.994E-05 9.994E-05 9.994E-05 9.994E-05 9.994E-05 9.994E-05 0.9993 9.994E-05
9.994E-05 9.994E-05 9.994E-05 9.994E-05 9.994E-05 9.994E-05 0.9993 9.994E-05
9.9973E-05 0.0548935 9.9973E-05 0.0680798 0.000775044 9.9973E-05 0.866453 0.00949819
9.9946E-05 9.9946E-05 9.9946E-05 9.9946E-05 9.9946E-05 0.020587 0.978813 9.9946E-05
9.9964E-05 0.0431371 0.199867 9.9964E-05 0.0619214 9.9964E-05 0.694675 9.9964E-05
9.994E-05 9.994E-05 9.994E-05 9.994E-05 0.9993 9.994E-05 9.994E-05 9.994E-05
9.9982E-05 0.0941067 0.432508 0.175516 0.088073 0.0544144 0.155182 9.9982E-05
9.994E-05 9.994E-05 9.994E-05 9.994E-05 0.9993 9.994E-05 9.994E-05 9.994E-05
9.994E-05 9.994E-05 9.994E-05 9.994E-05 0.9993 9.994E-05 9.994E-05 9.994E-05
9.99551E-05 0.0627151 9.99551E-05 0.0110176 0.925768 9.99551E-05 9.99551E-05 9.99551E-05
0.0548754 9.9982E-05 0.00996843 0.0276584 0.803176 9.9982E-05 0.0757058 0.0284165
9.994E-05 9.994E-05 9.994E-05 9.994E-05 0.9993 9.994E-05 9.994E-05 9.994E-05
0.0188403 0.0280873 0.026266 9.9973E-05 0.853707 9.9973E-05 0.0727996 9.9973E-05
9.9955E-05 0.0195439 9.9955E-05 0.01455 0.965406 9.9955E-05 9.9955E-05 9.9955E-05
0.00243318 9.9955E-05 9.9955E-05 9.9955E-05 0.941011 9.9955E-05 0.0560561 9.9955E-05
9.994E-05 9.994E-05 9.994E-05 9.994E-05 0.9993 9.994E-05 9.994E-05 9.994E-05
9.9946E-05 9.9946E-05 0.0490596 9.9946E-05 0.950341 9.9946E-05 9.9946E-05 9.9946E-05
9.9955E-05 9.9955E-05 9.9955E-05 0.00244501 0.955318 9.9955E-05 0.0417373 9.9955E-05
0.00376159 9.9982E-05 0.0403153 0.0285295 0.81286 0.0659731 0.0483607 9.9982E-05
9.9955E-05 0.0118753 9.9955E-05 9.9955E-05 0.954007 0.033618 9.9955E-05 9.9955E-05
9.9991E-05 0.0313756 0.0334919 0.0184627 0.850453 0.0211305 0.0203877 0.0245991
9.9991E-05 0.062115 0.0404792 0.0215367 0.822294 0.000790888 0.0482168 0.00446687
9.9973E-05 0.0171548 0.0241501 9.9973E-05 0.8738 0.0662823 9.9973E-05 0.0183131
9.9964E-05 9.9964E-05 0.0466537 0.0122195 0.924007 9.9964E-05 0.0167202 9.9964E-05
9.9991E-05 0.10236 0.409587 0.0894405 0.0396881 0.29104 0.0379371 0.0298472
9.9991E-05 0.116999 0.42299 0.0587817 0.0449093 0.309135 0.020533 0.0265516
9.9982E-05 0.135167 0.428671 0.0959622 0.0560128 0.255782 9.9982E-05 0.0282046
9.9982E-05 0.109421 0.480122 0.0652533 0.0596704 0.251578 9.9982E-05 0.0337551
9.9955E-05 0.951183 9.9955E-05 9.9955E-05 0.0016546 9.9955E-05 0.0466629 9.9955E-05
9.994E-05 0.9993 9.994E-05 9.994E-05 9.994E-05 9.994E-05 9.994E-05 9.994E-05
0.000533782 0.956119 9.9964E-05 9.9964E-05 0.0104116 0.0325357 9.9964E-05 9.9964E-05
9.994E-05 0.9993 9.994E-05 9.994E-05 9.994E-05 9.994E-05 9.994E-05 9.994E-05
9.9955E-05 0.985681 9.9955E-05 0.00854251 9.9955E-05 0.00527689 9.9955E-05 9.9955E-05
9.9955E-05 0.961647 0.00130002 9.9955E-05 9.9955E-05 0.0365534 9.9955E-05 9.9955E-05
9.9982E-05 0.948683 0.0105445 0.00371361 0.0171452 0.0183455 0.0013683 9.9982E-05
0.136867 0.75106 9.9964E-05 9.9964E-05 9.9964E-05 0.0690053 0.0426679 9.9964E-05
0.0411531 0.885116 0.0695804 9.9973E-05 0.00104991 9.9973E-05 9.9973E-05 0.00280052
9.9946E-05 9.9946E-05 9.9946E-05 9.9946E-05 9.9946E-05 0.994172 0.00522855 9.9946E-05
9.994E-05 9.994E-05 9.994E-05 9.994E-05 9.994E-05 0.9993 9.994E-05 9.994E-05
9.994E-05 9.994E-05 9.994E-05 9.994E-05 9.994E-05 0.9993 9.994E-05 9.994E-05
9.994E-05 9.994E-05 9.994E-05 9.994E-05 9.994E-05 0.9993 9.994E-05 9.994E-05
9.994E-05 9.994E-05 9.994E-05 9.994E-05 9.994E-05 0.9993 9.994E-05 9.994E-05
9.9955E-05 0.0148732 0.0866871 9.9955E-05 9.9955E-05 0.89794 9.9955E-05 9.9955E-05
9.994E-05 9.994E-05 9.994E-05 9.994E-05 9.994E-05 0.9993 9.994E-05 9.994E-05
9.994E-05 9.994E-05 9.994E-05 9.994E-05 9.994E-05 0.9993 9.994E-05 9.994E-05
9.994E-05 9.994E-05 9.994E-05 9.994E-05 9.994E-05 0.9993 9.994E-05 9.994E-05
9.9955E-05 9.9955E-05 9.9955E-05 0.0167744 9.9955E-05 0.934028 0.0486983 9.9955E-05
9.994E-05 9.994E-05 9.994E-05 9.994E-05 9.994E-05 0.9993 9.994E-05 9.994E-05
9.994E-05 9.994E-05 9.994E-05 9.994E-05 9.994E-05 0.9993 9.994E-05 9.994E-05
