9.994E-05 9.994E-05 0.9993 9.994E-05 9.994E-05 9.994E-05 9.994E-05 9.994E-05
9.9964E-05 0.0744139 0.252269 0.0777611 9.9964E-05 9.9964E-05 0.595156 9.9964E-05
9.9964E-05 0.113784 0.255313 0.051256 9.9964E-05 9.9964E-05 0.579247 9.9964E-05
9.99551E-05 9.99551E-05 0.213464 9.99551E-05 9.99551E-05 0.198423 0.587613 9.99551E-05
0.0533914 9.9973E-05 0.127262 9.9973E-05 9.9973E-05 0.116371 0.631104 0.0715724
9.9964E-05 0.0215337 0.18632 9.9964E-05 9.9964E-05 0.204971 0.586775 9.9964E-05
9.9946E-05 9.9946E-05 0.263275 9.9946E-05 9.9946E-05 9.9946E-05 0.736125 9.9946E-05
9.9982E-05 0.0895694 0.296791 0.00689885 0.00851519 0.0770872 0.520939 9.9982E-05
9.9982E-05 0.0534546 0.198244 0.0302155 9.9982E-05 0.00184679 0.681291 0.0347486
9.994E-05 9.994E-05 0.9993 9.994E-05 9.994E-05 9.994E-05 9.994E-05 9.994E-05
9.994E-05 9.994E-05 0.9993 9.994E-05 9.994E-05 9.994E-05 9.994E-05 9.994E-05
9.994E-05 9.994E-05 0.9993 9.994E-05 9.994E-05 9.994E-05 9.994E-05 9.994E-05
9.9955E-05 9.9955E-05 0.983572 0.010981 0.00494732 9.9955E-05 9.9955E-05 9.9955E-05
0.0559664 9.9955E-05 0.920051 9.9955E-05 9.9955E-05 9.9955E-05 0.0234828 9.9955E-05
0.0206036 9.9955E-05 0.965648 9.9955E-05 0.0132488 9.9955E-05 9.9955E-05 9.9955E-05
0.009576 0.033611 0.195803 9.9982E-05 9.9982E-05 0.329962 0.425684 0.00516396
0.0799801 0.0145546 0.210389 0.0150534 0.00712874 0.291416 0.316453 0.0650243
9.9964E-05 9.9964E-05 0.204891 0.000507564 9.9964E-05 0.162731 0.631471 9.9964E-05
0.0470174 9.9964E-05 9.9964E-05 9.9964E-05 9.9964E-05 0.0287546 0.900651 0.0231769
0.0463842 9.9973E-05 9.9973E-05 9.9973E-05 0.023816 0.0475367 0.855778 0.0261849
9.9964E-05 9.9964E-05 0.0356901 0.00559405 9.9964E-05 9.9964E-05 0.901901 0.0564151
0.0879796 0.0683457 9.9973E-05 0.028236 0.0271907 9.9973E-05 0.787948 9.9973E-05
0.0939112 0.04843 9.9964E-05 9.9964E-05 9.9964E-05 9.9964E-05 0.852614 0.00464505
0.00531447 0.0214199 0.00390766 0.0091264 0.0375508 9.9982E-05 0.922481 9.9982E-05
9.9964E-05 9.9964E-05 9.9964E-05 9.9964E-05 0.0468406 0.0351156 0.899017 0.0186267
0.00778159 9.9973E-05 9.9973E-05 9.9973E-05 0.073505 0.268325 0.62005 0.0300382
0.0380502 0.0715763 9.9973E-05 9.9973E-05 9.9973E-05 0.0686344 0.719883 0.101556
9.9946E-05 0.0323763 9.9946E-05 9.9946E-05 9.9946E-05 9.9946E-05 0.967024 9.9946E-05
0.0523103 0.0142791 0.0385217 9.9991E-05 0.0350037 0.121882 0.719629 0.018274
9.9973E-05 9.9973E-05 0.0438499 0.00102024 0.0216333 0.0471662 0.88603 9.9973E-05
0.043928 9.9973E-05 0.0155245 9.9973E-05 0.00197491 9.9973E-05 0.920426 0.0178463
9.9982E-05 0.0180488 9.9982E-05 0.0271775 0.0328558 0.101822 0.773847 0.0460495
0.0281653 0.0477316 9.9991E-05 0.0114186 0.0359741 0.0450701 0.80218 0.0293606
0.0137821 0.0936289 0.0371466 9.9991E-05 0.0923998 0.15932 0.597198 0.00642448
0.128614 0.0544215 9.9955E-05 9.9955E-05 9.9955E-05 9.9955E-05 0.816464 9.9955E-05
9.9964E-05 9.9964E-05 0.0337115 9.9964E-05 9.9964E-05 0.0377411 0.920629 0.0075182
0.0167738 0.0185877 9.9973E-05 9.9973E-05 9.9973E-05 0.529937 0.433839 0.000562953
0.0768345 0.0167595 0.000698781 0.00236851 9.9991E-05 0.288659 0.551173 0.0634063
9.9982E-05 0.0322715 9.9982E-05 0.0841957 0.00841419 0.255175 0.555734 0.0640099
0.0615411 9.9982E-05 9.9982E-05 0.00695309 0.0421723 0.298434 0.547659 0.0430402
9.9973E-05 0.0476479 9.9973E-05 0.0303299 0.0258157 0.872843 0.0230638 9.9973E-05
0.0296607 0.0753391 0.0352034 0.0172266 0.00440924 0.81167 9.9991E-05 0.0263912
9.9982E-05 0.0620812 0.0557093 0.0194117 0.0358198 0.641775 0.185002 9.9982E-05
9.9964E-05 0.0186959 9.9964E-05 0.0115442 9.9964E-05 0.938425 0.0309354 9.9964E-05
9.9973E-05 0.0641832 9.9973E-05 9.9973E-05 0.0193588 0.637832 0.205099 0.0732271
9.9946E-05 9.9946E-05 9.9946E-05 9.9946E-05 9.9946E-05 0.976142 0.0232585 9.9946E-05
9.9946E-05 9.9946E-05 0.00716312 9.9946E-05 9.9946E-05 0.992237 9.9946E-05 9.9946E-05
0.0113889 0.0383955 9.9982E-05 9.9982E-05 0.0298531 0.530209 0.387991 0.00196315
9.9982E-05 0.034547 0.0806613 9.9982E-05 0.0303607 0.656746 0.154362 0.0431224
9.999E-05 0.0183996 0.0741136 0.00161603 0.0508506 0.446199 0.394564 0.0141564
9.9982E-05 0.0208242 0.0344421 0.00497931 9.9982E-05 0.613404 0.244982 0.0811678
0.0354168 0.0395421 9.9964E-05 9.9964E-05 9.9964E-05 0.74108 0.183561 9.9964E-05
9.9955E-05 9.9955E-05 0.0264207 9.9955E-05 9.9955E-05 0.876578 0.0965017 9.9955E-05
0.0787169 9.9991E-05 0.0614276 0.00543603 0.0198057 0.570073 0.190603 0.073838
0.0457364 0.00473254 0.0481228 0.0413778 0.0652782 0.587933 0.199168 0.00765086
9.9973E-05 0.116268 9.9973E-05 0.0446005 0.0758015 0.618145 0.144885 9.9973E-05
0.0423425 0.0877726 0.0800369 9.9991E-05 0.00866807 0.537903 0.169613 0.0735644
0.0172686 9.9973E-05 9.9973E-05 0.0686768 9.9973E-05 0.666077 0.176625 0.0710531
9.99461E-05 9.99461E-05 0.00391217 9.99461E-05 9.99461E-05 0.995488 9.99461E-05 9.99461E-05
0.00642499 0.0276373 0.0250568 0.0142255 9.9991E-05 0.589282 0.227507 0.109767
0.0303732 9.9973E-05 9.9973E-05 9.9973E-05 0.0729217 0.631526 0.223385 0.041494
9.9982E-05 9.9982E-05 0.0369977 0.016293 0.08313 0.817205 0.0230899 0.0230846
0.00283141 0.0772872 0.0281835 0.0216732 0.000406992 0.774547 0.0463639 0.0487073
0.0789056 0.0232815 9.9964E-05 9.9964E-05 9.9964E-05 0.835239 9.9964E-05 0.0621735
9.9973E-05 9.9973E-05 0.0221382 9.9973E-05 0.0368833 0.832084 0.0827895 0.0258055
0.0676639 0.0442589 9.9955E-05 9.9955E-05 9.9955E-05 0.887578 9.9955E-05 9.9955E-05
9.9946E-05 9.9946E-05 9.9946E-05 0.0101511 9.9946E-05 0.989249 9.9946E-05 9.9946E-05
0.109882 0.0147631 9.9964E-05 9.9964E-05 0.0395379 0.835417 9.9964E-05 9.9964E-05
0.00138373 0.00854124 9.9982E-05 0.00361078 9.9982E-05 0.677707 0.2979 0.0106577
0.0442619 9.99551E-05 9.99551E-05 9.99551E-05 0.0130898 0.942148 9.99551E-05 9.99551E-05
9.9982E-05 0.0141522 0.0615086 0.0646637 0.013993 0.781021 0.0644618 9.9982E-05
9.9982E-05 0.0527749 9.9982E-05 0.0356281 0.0364382 0.821768 0.0429378 0.0102535
9.9964E-05 9.9964E-05 0.0969141 9.9964E-05 9.9964E-05 0.885632 0.012187 0.00486685
9.9946E-05 9.9946E-05 0.0744535 9.9946E-05 9.9946E-05 0.924947 9.9946E-05 9.9946E-05
0.0399832 0.00864608 0.0586311 9.9982E-05 0.0998597 0.781338 9.9982E-05 0.0113418
0.0126471 9.9964E-05 0.0179746 9.9964E-05 9.9964E-05 0.890961 9.9964E-05 0.0780179
9.9955E-05 0.00377806 9.9955E-05 0.00638254 9.9955E-05 0.98934 9.9955E-05 9.9955E-05
0.0852761 9.9973E-05 0.0072157 0.106576 9.9973E-05 0.754105 0.0465279 9.9973E-05
0.103353 0.0758551 9.9991E-05 0.0552264 0.0476675 0.660213 0.0089699 0.0486146
0.0790423 9.9973E-05 9.9973E-05 0.11675 0.0626984 0.71091 9.9973E-05 0.0302986
9.9964E-05 0.0415349 9.9964E-05 0.0509304 0.046644 0.860491 9.9964E-05 9.9964E-05
0.0320723 0.0224233 9.9982E-05 0.110704 0.0335449 0.773788 9.9982E-05 0.0272677
0.0701694 0.0167048 9.9982E-05 0.0919489 0.0366258 0.758519 9.9982E-05 0.0258321
9.9982E-05 0.0291658 9.9982E-05 0.152803 0.0721354 0.534475 0.163174 0.0480468
0.000590903 0.0730173 0.0153606 0.181319 0.0681422 0.56982 0.0333748 0.058375
9.9991E-05 0.0914794 0.0155527 0.179622 0.0827944 0.575719 0.0166473 0.0380851
0.0173122 0.0559554 0.0222148 0.0727226 0.108746 0.56623 0.104467 0.0523524
9.9973E-05 9.9973E-05 9.9973E-05 0.123467 0.111195 0.547769 0.160057 0.0572128
0.0664661 0.0287013 9.9991E-05 0.0828549 0.0927918 0.683474 0.0228273 0.0227849
0.0244574 0.100372 0.00966315 0.0950129 0.107554 0.528299 0.0190504 0.115591
0.228312 0.0480898 0.0583894 0.0534481 0.0615847 0.549976 9.9982E-05 9.9982E-05
0.178823 0.0707055 0.0303009 0.0680934 0.0588012 0.593076 9.9982E-05 9.9982E-05
0.00451708 0.0636548 0.0273969 0.159046 0.0815886 0.439567 0.0112009 0.213029
9.9955E-05 0.00181607 9.9955E-05 0.991641 0.00604291 9.9955E-05 9.9955E-05 9.9955E-05
9.9973E-05 0.00941397 0.0237331 0.945677 9.9973E-05 0.0146841 0.0061921 9.9973E-05
0.0713059 9.9964E-05 0.0558512 0.860297 9.9964E-05 9.9964E-05 9.9964E-05 0.0121457
9.994E-05 9.994E-05 9.994E-05 0.9993 9.994E-05 9.994E-05 9.994E-05 9.994E-05
9.994E-05 9.994E-05 9.994E-05 0.9993 9.994E-05 9.994E-05 9.994E-05 9.994E-05
9.9946E-05 0.00773347 9.9946E-05 0.991667 9.9946E-05 9.9946E-05 9.9946E-05 9.9946E-05
0.00194746 9.9955E-05 9.9955E-05 0.983254 9.9955E-05 9.9955E-05 0.0142984 9.9955E-05
9.9964E-05 9.9964E-05 9.9964E-05 0.923442 0.00686733 0.0143494 0.0549416 9.9964E-05
9.994E-05 9.994E-05 9.994E-05 0.9993 9.994E-05 9.994E-05 9.994E-05 9.994E-05
9.9955E-05 9.9955E-05 0.00119977 0.99747 9.9955E-05 9.9955E-05 9.9955E-05 0.000830848
0.094735 0.0778603 9.9991E-05 0.0830363 0.299092 0.286959 0.0913898 0.0668284
0.02349 0.0154268 9.9982E-05 0.880998 0.00985484 0.0489925 9.9982E-05 0.0210382
9.994E-05 9.994E-05 9.994E-05 0.9993 9.994E-05 9.994E-05 9.994E-05 9.994E-05
9.9946E-05 9.9946E-05 0.00184575 0.997555 9.9946E-05 9.9946E-05 9.9946E-05 9.9946E-05
0.119577 0.0283811 0.00151681 0.0641102 0.181233 0.519651 0.00648254 0.0790485
0.0791075 0.065259 9.9982E-05 0.111339 0.183371 0.47113 9.9982E-05 0.0895943
0.124935 0.0844666 9.9982E-05 0.121525 0.131479 0.457665 9.9982E-05 0.0797281
0.089838 0.0902559 9.9991E-05 0.178549 0.162186 0.396298 0.00408965 0.0786832
0.103636 0.0171247 9.9982E-05 0.130733 0.223102 0.468507 9.9982E-05 0.0566971
0.130014 9.9982E-05 9.9982E-05 0.124359 0.209445 0.321917 0.16471 0.0493557
0.103722 0.0593085 9.9982E-05 0.162882 0.120127 0.474691 9.9982E-05 0.0790701
0.144712 9.9973E-05 9.9973E-05 0.126941 0.190506 0.507333 9.9973E-05 0.0302071
0.152379 0.0750186 9.9991E-05 0.176405 0.0892927 0.439175 0.00897963 0.0586499
0.149932 0.064502 0.00977205 0.212984 0.124444 0.370711 9.9991E-05 0.0675545
0.0898858 0.0262777 9.9991E-05 0.113654 0.127559 0.545415 0.0195074 0.0776006
0.18732 0.0412929 0.00610463 0.17606 0.0642271 0.479969 9.9991E-05 0.0449266
0.088913 0.0674806 9.9982E-05 0.0770986 0.149476 0.548589 9.9982E-05 0.0682428
0.0422573 0.0448577 0.00873454 0.134337 0.178493 0.535681 9.9991E-05 0.0555395
9.99551E-05 9.99551E-05 9.99551E-05 9.99551E-05 0.956443 9.99551E-05 0.0216418 0.0214158
0.0220106 9.9982E-05 0.00281426 0.00677123 0.880219 9.9982E-05 0.0426174 0.0453679
9.994E-05 9.994E-05 9.994E-05 9.994E-05 0.9993 9.994E-05 9.994E-05 9.994E-05
9.9964E-05 9.9964E-05 9.9964E-05 9.9964E-05 0.974114 0.0055915 0.00905623 0.0108388
9.9955E-05 0.013474 9.9955E-05 0.000177271 0.985849 9.9955E-05 9.9955E-05 9.9955E-05
9.994E-05 9.994E-05 9.994E-05 9.994E-05 0.9993 9.994E-05 9.994E-05 9.994E-05
9.994E-05 9.994E-05 9.994E-05 9.994E-05 0.9993 9.994E-05 9.994E-05 9.994E-05
0.10354 9.9973E-05 0.0391144 9.9973E-05 0.778531 0.0683702 0.0101447 9.9973E-05
9.9946E-05 0.0297243 9.9946E-05 9.9946E-05 0.969676 9.9946E-05 9.9946E-05 9.9946E-05
0.0111869 9.9946E-05 9.9946E-05 9.9946E-05 0.988213 9.9946E-05 9.9946E-05 9.9946E-05
0.0948917 0.0335534 0.0306579 0.0267345 0.813863 9.9973E-05 9.9973E-05 9.9973E-05
9.9946E-05 9.9946E-05 9.9946E-05 9.9946E-05 0.996474 9.9946E-05 9.9946E-05 0.00292657
0.0257651 0.108697 9.9973E-05 9.9973E-05 0.74841 0.106887 9.9973E-05 0.0099415
9.994E-05 0.9993 9.994E-05 9.994E-05 9.994E-05 9.994E-05 9.994E-05 9.994E-05
0.0654772 0.0716199 9.9982E-05 0.163283 0.149388 0.516612 9.9982E-05 0.0334193
9.994E-05 0.9993 9.994E-05 9.994E-05 9.994E-05 9.994E-05 9.994E-05 9.994E-05
9.994E-05 0.9993 9.994E-05 9.994E-05 9.994E-05 9.994E-05 9.994E-05 9.994E-05
0.0563407 0.928854 9.99551E-05 0.0143057 9.99551E-05 9.99551E-05 9.99551E-05 9.99551E-05
9.9964E-05 0.725738 9.9964E-05 9.9964E-05 0.025611 0.147744 0.100507 9.9964E-05
9.994E-05 0.9993 9.994E-05 9.994E-05 9.994E-05 9.994E-05 9.994E-05 9.994E-05
0.0452679 0.856975 0.0189946 9.9964E-05 0.0783631 9.9964E-05 9.9964E-05 9.9964E-05
0.0145649 0.958934 0.00116793 0.0219245 9.9973E-05 0.00310851 9.9973E-05 9.9973E-05
9.9955E-05 0.970406 0.00464954 9.9955E-05 0.0244444 9.9955E-05 9.9955E-05 9.9955E-05
9.994E-05 0.9993 9.994E-05 9.994E-05 9.994E-05 9.994E-05 9.994E-05 9.994E-05
9.9964E-05 0.963877 9.9964E-05 9.9964E-05 0.0100058 0.0254137 9.9964E-05 0.000303374
0.0185832 0.968058 9.9955E-05 0.0128586 9.9955E-05 9.9955E-05 9.9955E-05 9.9955E-05
0.0452448 0.77436 9.9991E-05 0.0228551 0.0780443 0.02642 0.00482973 0.0481461
0.034819 0.928805 9.9955E-05 9.9955E-05 9.9955E-05 0.035876 9.9955E-05 9.9955E-05
9.9964E-05 0.845861 9.9964E-05 0.0366564 0.0405891 0.0764939 9.9964E-05 9.9964E-05
0.0313556 0.841767 9.9973E-05 9.9973E-05 0.0259758 0.0275424 9.9973E-05 0.0730596
9.99551E-05 0.887538 0.0300525 9.99551E-05 9.99551E-05 9.99551E-05 9.99551E-05 0.0819101
9.9964E-05 0.948797 9.9964E-05 0.00979499 0.0263154 0.0146931 9.9964E-05 9.9964E-05
0.113148 0.0429385 0.0400873 0.0661264 0.043663 0.415014 9.9991E-05 0.278922
0.137202 0.0553617 0.0121893 0.051969 0.0441988 0.412841 0.0325562 0.253682
0.147493 0.0382471 0.0592707 0.0750516 9.9982E-05 0.406198 9.9982E-05 0.273539
0.138543 0.0512951 0.0435166 0.0413685 0.0277528 0.455129 9.9991E-05 0.242296
0.922262 9.9982E-05 0.00585058 0.0099781 0.0526031 9.9982E-05 0.00800431 0.00110228
0.9993 9.994E-05 9.994E-05 9.994E-05 9.994E-05 9.994E-05 9.994E-05 9.994E-05
0.949759 0.0335877 9.9955E-05 9.9955E-05 9.9955E-05 9.9955E-05 9.9955E-05 0.0161532
0.9993 9.994E-05 9.994E-05 9.994E-05 9.994E-05 9.994E-05 9.994E-05 9.994E-05
0.962152 0.0119728 9.9973E-05 9.9973E-05 0.0112618 9.9973E-05 0.00471542 0.00959847
0.944167 0.0136705 9.9973E-05 0.00424672 9.9973E-05 0.0313792 9.9973E-05 0.00623671
0.97558 0.0063113 9.9964E-05 0.00693023 9.9964E-05 9.9964E-05 9.9964E-05 0.0107789
0.762826 0.000246615 0.0352731 9.9991E-05 0.0640111 0.017736 0.0782752 0.0415321
0.866483 9.9973E-05 0.0041332 9.9973E-05 0.00150604 0.0770903 0.0504874 9.9973E-05
9.9955E-05 9.9955E-05 9.9955E-05 0.00565603 9.9955E-05 0.0264257 9.9955E-05 0.967419
9.994E-05 9.994E-05 9.994E-05 9.994E-05 9.994E-05 9.994E-05 9.994E-05 0.9993
9.994E-05 9.994E-05 9.994E-05 9.994E-05 9.994E-05 9.994E-05 9.994E-05 0.9993
9.994E-05 9.994E-05 9.994E-05 9.994E-05 9.994E-05 9.994E-05 9.994E-05 0.9993
9.99461E-05 9.99461E-05 9.99461E-05 0.00191335 9.99461E-05 9.99461E-05 9.99461E-05 0.997487
0.00937407 0.067731 9.9964E-05 9.9964E-05 9.9964E-05 9.9964E-05 0.0357984 0.886697
9.994E-05 9.994E-05 9.994E-05 9.994E-05 9.994E-05 9.994E-05 9.994E-05 0.9993
9.994E-05 9.994E-05 9.994E-05 9.994E-05 9.994E-05 9.994E-05 9.994E-05 0.9993
9.994E-05 9.994E-05 9.994E-05 9.994E-05 9.994E-05 9.994E-05 9.994E-05 0.9993
9.9982E-05 0.00411184 0.0143742 0.00546323 0.0136792 0.017772 9.9982E-05 0.9444
9.994E-05 9.994E-05 9.994E-05 9.994E-05 9.994E-05 9.994E-05 9.994E-05 0.9993
0.0126474 9.9946E-05 9.9946E-05 9.9946E-05 9.9946E-05 9.9946E-05 9.9946E-05 0.986753
