9.995E-05 9.995E-05 9.995E-05 9.995E-05 0.9994 9.995E-05 9.995E-05
9.9955E-05 9.9955E-05 9.9955E-05 0.131188 0.868313 9.9955E-05 9.9955E-05
9.9955E-05 9.9955E-05 0.190331 9.9955E-05 0.809169 9.9955E-05 9.9955E-05
0.115467 0.210761 9.9989E-05 9.9989E-05 0.542763 0.0287001 0.102108
9.9982E-05 0.00959973 9.9982E-05 0.0727505 0.785402 0.0930135 0.0390348
0.0423588 9.9955E-05 9.9955E-05 9.9955E-05 0.957141 9.9955E-05 9.9955E-05
9.9973E-05 9.9973E-05 0.0308139 0.0389465 0.817676 0.112264 9.9973E-05
0.194789 9.9964E-05 9.9964E-05 9.9964E-05 0.730998 0.0738124 9.9964E-05
0.0685558 9.9964E-05 0.370742 9.9964E-05 0.560302 9.9964E-05 9.9964E-05
0.101242 0.0811783 0.0454734 0.157174 0.566677 0.0481547 9.9991E-05
9.9964E-05 0.0486765 9.9964E-05 9.9964E-05 9.9964E-05 0.0129923 0.937931
9.9955E-05 0.00350276 9.9955E-05 9.9955E-05 9.9955E-05 9.9955E-05 0.995997
9.9955E-05 9.9955E-05 9.9955E-05 9.9955E-05 0.0793587 9.9955E-05 0.920142
0.691291 9.9982E-05 9.9982E-05 0.126087 0.0213903 0.0295698 0.131461
0.0105003 0.102137 9.9982E-05 0.0266476 0.0590667 9.9982E-05 0.801448
0.335052 9.9955E-05 9.9955E-05 9.9955E-05 9.9955E-05 9.9955E-05 0.664448
0.537931 9.9964E-05 0.0137418 9.9964E-05 9.9964E-05 9.9964E-05 0.447927
0.682742 0.0905244 0.108409 0.0995464 9.9982E-05 9.9982E-05 0.0185782
0.0888229 9.9964E-05 0.179322 9.9964E-05 9.9964E-05 9.9964E-05 0.731455
0.9994 9.995E-05 9.995E-05 9.995E-05 9.995E-05 9.995E-05 9.995E-05
0.792838 0.0283287 9.9982E-05 0.0910926 0.0290925 9.9982E-05 0.0584481
0.149015 0.152915 9.9973E-05 9.9973E-05 0.283409 9.9973E-05 0.414362
0.060434 9.9955E-05 9.9955E-05 9.9955E-05 9.9955E-05 9.9955E-05 0.939066
0.9994 9.995E-05 9.995E-05 9.995E-05 9.995E-05 9.995E-05 9.995E-05
0.185495 0.0911183 9.9973E-05 0.146187 9.9973E-05 9.9973E-05 0.5769
0.240943 9.9991E-05 0.0382056 0.145581 0.0288497 0.0497427 0.496579
9.9982E-05 0.146861 0.190897 0.0526561 9.9982E-05 0.0567562 0.552629
9.9982E-05 0.169364 9.9982E-05 0.264834 0.00603986 0.0296897 0.529873
9.9973E-05 0.0878469 0.185055 0.142808 9.9973E-05 9.9973E-05 0.58399
9.9973E-05 9.9973E-05 0.0683556 0.146155 9.9973E-05 0.026046 0.759143
9.9955E-05 9.9955E-05 0.934172 0.0653283 9.9955E-05 9.9955E-05 9.9955E-05
9.9964E-05 9.9964E-05 0.917743 9.9964E-05 0.0200869 9.9964E-05 0.06177
9.9964E-05 0.867491 0.0276551 0.104454 9.9964E-05 9.9964E-05 9.9964E-05
9.9955E-05 0.952499 9.9955E-05 9.9955E-05 9.9955E-05 0.0470015 9.9955E-05
9.9964E-05 0.747798 0.0607303 9.9964E-05 9.9964E-05 9.9964E-05 0.191072
9.9955E-05 0.23387 0.76563 9.9955E-05 9.9955E-05 9.9955E-05 9.9955E-05
0.0540732 0.807897 9.9964E-05 9.9964E-05 0.13763 9.9964E-05 9.9964E-05
9.9955E-05 9.9955E-05 0.942415 9.9955E-05 9.9955E-05 9.9955E-05 0.0570855
9.9964E-05 0.923175 0.0577499 9.9964E-05 9.9964E-05 0.018675 9.9964E-05
9.9973E-05 0.552239 9.9973E-05 0.295167 9.9973E-05 0.0733234 0.0789701
0.00543623 0.121845 0.872319 9.9964E-05 9.9964E-05 9.9964E-05 9.9964E-05
9.999E-05 0.263965 0.113177 0.279235 0.074721 0.104751 0.164051
9.9955E-05 0.953318 9.9955E-05 0.046182 9.9955E-05 9.9955E-05 9.9955E-05
9.9973E-05 0.900708 9.9973E-05 0.033699 9.9973E-05 0.0289032 0.0363901
9.9982E-05 0.0712662 0.132316 0.16563 9.9982E-05 0.572822 0.0577659
9.9982E-05 0.0170428 0.115602 0.111196 9.9982E-05 0.644479 0.111481
0.0205042 0.232253 9.9973E-05 0.0682343 9.9973E-05 0.678708 9.9973E-05
9.9964E-05 9.9964E-05 0.0325365 0.0911678 9.9964E-05 0.875896 9.9964E-05
9.9973E-05 0.334466 9.9973E-05 9.9973E-05 0.0363565 0.496695 0.132183
9.9991E-05 0.245202 0.0248358 0.207622 0.0663373 0.440308 0.0155943
0.0754111 9.9964E-05 9.9964E-05 0.00485236 9.9964E-05 0.919337 9.9964E-05
0.0584476 9.9955E-05 9.9955E-05 9.9955E-05 9.9955E-05 0.941053 9.9955E-05
9.9955E-05 9.9955E-05 9.9955E-05 0.104663 9.9955E-05 0.894837 9.9955E-05
0.0566508 0.0917417 9.9964E-05 9.9964E-05 9.9964E-05 0.851208 9.9964E-05
9.9964E-05 0.0186409 0.186364 9.9964E-05 9.9964E-05 0.794595 9.9964E-05
9.9964E-05 9.9964E-05 9.9964E-05 0.0900272 9.9964E-05 0.878651 0.0309223
0.0360399 0.0216446 0.0843387 0.740579 0.0255885 0.0284449 0.0633648
9.9982E-05 0.049562 0.108177 0.58214 9.9982E-05 0.0957052 0.164216
0.0518999 0.0095872 0.167604 0.528901 0.0436263 0.174267 0.0241146
9.9991E-05 0.17156 0.0464178 0.526641 0.104273 0.0472258 0.103783
0.0620901 9.9973E-05 0.12229 0.639937 9.9973E-05 0.175383 9.9973E-05
9.9973E-05 0.00127189 0.568159 0.412915 0.0173535 9.9973E-05 9.9973E-05
9.9991E-05 0.0902331 0.0714974 0.682413 0.0157047 0.129642 0.0104108
9.995E-05 9.995E-05 9.995E-05 0.9994 9.995E-05 9.995E-05 9.995E-05
9.9964E-05 0.0878812 0.0111821 0.900537 9.9964E-05 9.9964E-05 9.9964E-05
9.9964E-05 9.9964E-05 9.9964E-05 0.965795 9.9964E-05 0.0306185 0.00318684
9.9973E-05 0.026716 9.9973E-05 0.927507 9.9973E-05 0.0389619 0.00651496
0.000597927 9.9982E-05 0.0214407 0.924305 9.9982E-05 0.0119473 0.0415087
0.0136245 0.0640519 9.9964E-05 0.921924 9.9964E-05 9.9964E-05 9.9964E-05
9.9964E-05 9.9964E-05 9.9964E-05 0.909857 0.0112827 0.0784606 9.9964E-05
0.00668834 0.0452087 9.9964E-05 0.947703 9.9964E-05 9.9964E-05 9.9964E-05
9.9973E-05 9.9973E-05 0.311274 0.63113 0.0494958 0.00780082 9.9973E-05
9.9964E-05 9.9964E-05 9.9964E-05 0.882759 0.0153896 0.101452 9.9964E-05
9.9982E-05 0.0671999 0.0744922 0.663984 0.0294143 0.164709 9.9982E-05
9.9955E-05 9.9955E-05 9.9955E-05 0.975715 0.0237852 9.9955E-05 9.9955E-05
9.995E-05 9.995E-05 9.995E-05 0.9994 9.995E-05 9.995E-05 9.995E-05
9.9982E-05 0.225588 9.9982E-05 0.606619 0.00531703 0.0542893 0.107986
