9.99011E-05 9.99011E-05 9.99011E-05 9.99011E-05 9.99011E-05 9.99011E-05 0.998901 9.99011E-05 9.99011E-05 9.99011E-05 9.99011E-05 9.99011E-05
9.9955E-05 0.0157525 0.0254282 0.10636 9.9955E-05 0.0552755 0.737887 9.9955E-05 9.9955E-05 0.0191831 0.0396139 9.9955E-05
9.99011E-05 9.99011E-05 9.99011E-05 0.998901 9.99011E-05 9.99011E-05 9.99011E-05 9.99011E-05 9.99011E-05 9.99011E-05 9.99011E-05 9.99011E-05
0.0529401 9.9928E-05 9.9928E-05 0.902659 0.0167075 9.9928E-05 9.9928E-05 9.9928E-05 9.9928E-05 9.9928E-05 0.0268939 9.9928E-05
9.9946E-05 9.9946E-05 0.0348011 0.0246396 9.9946E-05 0.0328171 0.788736 9.9946E-05 9.9946E-05 0.000862589 9.9946E-05 0.117544
9.9919E-05 9.9919E-05 0.0938504 9.9919E-05 9.9919E-05 9.9919E-05 0.867687 9.9919E-05 9.9919E-05 9.9919E-05 0.037563 9.9919E-05
9.99191E-05 9.99191E-05 9.99191E-05 9.99191E-05 9.99191E-05 9.99191E-05 0.836099 9.99191E-05 0.128934 9.99191E-05 9.99191E-05 0.0340677
0.0320248 9.9937E-05 9.9937E-05 9.9937E-05 0.0064623 9.9937E-05 0.835796 9.9937E-05 0.11256 9.9937E-05 0.0124568 9.9937E-05
9.9946E-05 0.345678 0.0159546 0.0741094 9.9946E-05 9.9946E-05 0.531748 9.9946E-05 0.0144807 9.9946E-05 9.9946E-05 0.0174302
9.9955E-05 9.9955E-05 9.9955E-05 0.32307 9.9955E-05 0.0865317 0.319563 0.141355 0.0756441 0.0373126 9.9955E-05 0.0160236
0.0142413 9.99191E-05 0.977793 9.99191E-05 9.99191E-05 9.99191E-05 9.99191E-05 9.99191E-05 9.99191E-05 0.00706672 9.99191E-05 9.99191E-05
9.99101E-05 9.99101E-05 0.83963 9.99101E-05 9.99101E-05 9.99101E-05 9.99101E-05 9.99101E-05 0.159371 9.99101E-05 9.99101E-05 9.99101E-05
9.99191E-05 9.99191E-05 0.913289 0.0457911 9.99191E-05 9.99191E-05 0.0400202 9.99191E-05 9.99191E-05 9.99191E-05 9.99191E-05 9.99191E-05
9.9901E-05 9.9901E-05 9.9901E-05 9.9901E-05 9.9901E-05 9.9901E-05 9.9901E-05 9.9901E-05 0.998901 9.9901E-05 9.9901E-05 9.9901E-05
9.9946E-05 9.9946E-05 0.720193 0.0439557 9.9946E-05 9.9946E-05 9.9946E-05 0.147231 0.0122888 0.0358845 0.0398476 9.9946E-05
9.9919E-05 9.9919E-05 0.290326 9.9919E-05 0.0252207 9.9919E-05 9.9919E-05 9.9919E-05 9.9919E-05 9.9919E-05 0.683554 9.9919E-05
9.99101E-05 9.99101E-05 0.118253 9.99101E-05 0.880747 9.99101E-05 9.99101E-05 9.99101E-05 9.99101E-05 9.99101E-05 9.99101E-05 9.99101E-05
9.9937E-05 0.0239518 9.9937E-05 9.9937E-05 9.9937E-05 0.139017 9.9937E-05 0.0126035 0.00899181 9.9937E-05 0.814737 9.9937E-05
9.9964E-05 0.0122066 0.370447 0.00801017 0.0102606 9.9964E-05 9.9964E-05 0.0949362 0.479195 0.006543 9.9964E-05 0.0180013
9.99011E-05 9.99011E-05 9.99011E-05 9.99011E-05 9.99011E-05 9.99011E-05 9.99011E-05 9.99011E-05 9.99011E-05 9.99011E-05 0.998901 9.99011E-05
9.995E-05 9.995E-05 0.0694932 0.0406785 0.132184 0.072128 9.995E-05 9.995E-05 0.240237 9.995E-05 0.426415 0.0183652
9.9937E-05 9.9937E-05 9.9937E-05 9.9937E-05 0.026408 0.051737 0.246069 0.0045809 9.9937E-05 9.9937E-05 0.670506 9.9937E-05
0.00622598 9.9937E-05 0.00479265 0.0217348 0.96297 9.9937E-05 9.9937E-05 9.9937E-05 0.00357712 9.9937E-05 9.9937E-05 9.9937E-05
9.99191E-05 9.99191E-05 9.99191E-05 9.99191E-05 0.951352 9.99191E-05 9.99191E-05 9.99191E-05 0.037683 9.99191E-05 9.99191E-05 0.0100654
9.9937E-05 9.9937E-05 0.610103 9.9937E-05 9.9937E-05 0.0352266 9.9937E-05 0.107555 0.169508 9.9937E-05 0.0769083 9.9937E-05
9.991E-05 0.0671288 9.991E-05 9.991E-05 9.991E-05 9.991E-05 9.991E-05 9.991E-05 0.931872 9.991E-05 9.991E-05 9.991E-05
0.0867025 0.191347 0.577157 9.9937E-05 9.9937E-05 9.9937E-05 9.9937E-05 0.143675 9.9937E-05 9.9937E-05 0.000418087 9.9937E-05
0.0622097 9.9964E-05 0.404213 0.12236 0.00259703 0.337953 9.9964E-05 9.9964E-05 9.9964E-05 0.00912548 0.0258157 0.0353268
9.9955E-05 0.00077663 0.493515 9.9955E-05 9.9955E-05 0.317673 0.0306681 0.0786272 0.0655687 9.9955E-05 0.0126718 9.9955E-05
9.9919E-05 0.128686 0.729797 9.9919E-05 9.9919E-05 0.140618 9.9919E-05 9.9919E-05 9.9919E-05 9.9919E-05 9.9919E-05 9.9919E-05
9.9901E-05 0.998901 9.9901E-05 9.9901E-05 9.9901E-05 9.9901E-05 9.9901E-05 9.9901E-05 9.9901E-05 9.9901E-05 9.9901E-05 9.9901E-05
9.991E-05 0.997937 9.991E-05 9.991E-05 9.991E-05 9.991E-05 0.00106393 9.991E-05 9.991E-05 9.991E-05 9.991E-05 9.991E-05
9.9946E-05 9.9946E-05 0.0233606 0.0316537 9.9946E-05 0.0403189 9.9946E-05 0.664482 9.9946E-05 9.9946E-05 0.0243692 0.215215
0.0758108 9.9928E-05 9.9928E-05 9.9928E-05 0.0438062 9.9928E-05 9.9928E-05 0.754671 9.9928E-05 9.9928E-05 9.9928E-05 0.124912
9.9937E-05 0.0883164 0.0654637 9.9937E-05 9.9937E-05 9.9937E-05 9.9937E-05 0.709119 0.0755284 9.9937E-05 0.0608731 9.9937E-05
9.99101E-05 9.99101E-05 9.99101E-05 9.99101E-05 9.99101E-05 9.99101E-05 0.0095642 0.989437 9.99101E-05 9.99101E-05 9.99101E-05 9.99101E-05
9.9928E-05 9.9928E-05 9.9928E-05 9.9928E-05 9.9928E-05 9.9928E-05 0.198009 0.582281 9.9928E-05 9.9928E-05 0.154686 0.0642239
9.9928E-05 0.0283864 9.9928E-05 9.9928E-05 0.134165 0.00479157 9.9928E-05 0.831858 9.9928E-05 9.9928E-05 9.9928E-05 9.9928E-05
0.0318936 9.99101E-05 9.99101E-05 9.99101E-05 9.99101E-05 9.99101E-05 9.99101E-05 0.967107 9.99101E-05 9.99101E-05 9.99101E-05 9.99101E-05
0.0751554 9.995E-05 0.0813085 0.00706466 9.995E-05 0.226127 9.995E-05 0.518934 9.995E-05 0.0165293 0.0743814 9.995E-05
9.99191E-05 0.211102 9.99191E-05 9.99191E-05 9.99191E-05 0.0258729 9.99191E-05 0.762126 9.99191E-05 9.99191E-05 9.99191E-05 9.99191E-05
9.9964E-05 0.0190258 9.9964E-05 0.0946999 9.9964E-05 0.269564 0.0118124 0.275759 0.104469 9.9964E-05 0.0329222 0.191348
9.9946E-05 0.0761968 0.00272756 0.00959473 0.00230677 0.0807851 9.9946E-05 0.827789 9.9946E-05 9.9946E-05 9.9946E-05 9.9946E-05
0.0177189 9.9946E-05 9.9946E-05 9.9946E-05 0.0692425 0.0198818 9.9946E-05 0.74267 9.9946E-05 0.00707965 9.9946E-05 0.142808
0.668674 0.216378 0.0733116 9.99281E-05 9.99281E-05 0.0408373 9.99281E-05 9.99281E-05 9.99281E-05 9.99281E-05 9.99281E-05 9.99281E-05
9.9955E-05 0.0611053 0.0574299 9.9955E-05 0.00903915 9.9955E-05 0.0164574 0.0319243 0.0263327 9.9955E-05 9.9955E-05 0.797211
9.99371E-05 9.99371E-05 9.99371E-05 9.99371E-05 9.99371E-05 0.00331552 0.0337032 0.0421355 9.99371E-05 0.0249285 9.99371E-05 0.895218
0.0556944 0.00688629 9.9928E-05 9.9928E-05 9.9928E-05 0.0115976 9.9928E-05 9.9928E-05 9.9928E-05 9.9928E-05 9.9928E-05 0.925022
0.167654 9.9964E-05 0.0040181 0.10618 9.9964E-05 9.9964E-05 0.0470946 0.0664243 0.0946478 9.9964E-05 0.0651322 0.44845
0.0582294 0.0221956 0.0620467 0.0576244 9.9964E-05 0.0336524 0.0237226 0.242664 9.9964E-05 9.9964E-05 9.9964E-05 0.499465
0.71923 0.0138625 9.9937E-05 9.9937E-05 9.9937E-05 0.113988 9.9937E-05 9.9937E-05 9.9937E-05 9.9937E-05 0.0517771 0.100443
0.823747 9.9919E-05 9.9919E-05 9.9919E-05 9.9919E-05 9.9919E-05 9.9919E-05 9.9919E-05 0.0138087 9.9919E-05 9.9919E-05 0.161545
0.957433 9.99191E-05 9.99191E-05 9.99191E-05 9.99191E-05 0.0409841 9.99191E-05 9.99191E-05 9.99191E-05 0.000683215 9.99191E-05 9.99191E-05
0.87563 9.9928E-05 9.9928E-05 9.9928E-05 0.0151844 0.0253416 9.9928E-05 0.0830446 9.9928E-05 9.9928E-05 9.9928E-05 9.9928E-05
9.99011E-05 9.99011E-05 9.99011E-05 9.99011E-05 9.99011E-05 9.99011E-05 9.99011E-05 9.99011E-05 9.99011E-05 9.99011E-05 9.99011E-05 0.998901
9.99191E-05 9.99191E-05 9.99191E-05 0.00518977 9.99191E-05 9.99191E-05 9.99191E-05 9.99191E-05 9.99191E-05 0.077834 9.99191E-05 0.916077
9.9955E-05 0.00973968 0.0229172 0.00570321 9.9955E-05 0.734725 9.9955E-05 9.9955E-05 9.9955E-05 0.000653598 0.0615662 0.164196
9.9937E-05 0.0588042 9.9937E-05 9.9937E-05 0.186301 0.403787 0.00239996 9.9937E-05 9.9937E-05 9.9937E-05 9.9937E-05 0.348008
9.9946E-05 0.0165565 0.00943229 0.0357447 9.9946E-05 0.699264 0.0387206 9.9946E-05 9.9946E-05 9.9946E-05 9.9946E-05 0.199682
9.9937E-05 0.0587404 0.0516525 9.9937E-05 9.9937E-05 0.682964 0.141008 0.0649359 9.9937E-05 9.9937E-05 9.9937E-05 9.9937E-05
0.141915 0.000781367 9.9946E-05 9.9946E-05 0.0425893 0.769334 9.9946E-05 9.9946E-05 0.0438421 9.9946E-05 0.000938987 9.9946E-05
9.9946E-05 9.9946E-05 0.00835582 0.0405449 9.9946E-05 0.374418 0.0180319 0.463609 9.9946E-05 0.0944406 9.9946E-05 9.9946E-05
9.9946E-05 9.9946E-05 0.000516781 0.0100851 0.0230645 0.86044 9.9946E-05 0.0812542 9.9946E-05 9.9946E-05 9.9946E-05 0.0240401
9.99191E-05 9.99191E-05 9.99191E-05 9.99191E-05 9.99191E-05 0.917782 9.99191E-05 9.99191E-05 9.99191E-05 0.0178829 9.99191E-05 0.0634354
0.013437 9.9946E-05 9.9946E-05 9.9946E-05 9.9946E-05 0.876961 9.9946E-05 0.0682757 0.00522556 0.00133569 0.0341654 9.9946E-05
9.99191E-05 9.99191E-05 0.0202837 9.99191E-05 0.0234828 0.955334 9.99191E-05 9.99191E-05 9.99191E-05 9.99191E-05 9.99191E-05 9.99191E-05
9.99011E-05 9.99011E-05 9.99011E-05 9.99011E-05 9.99011E-05 0.998901 9.99011E-05 9.99011E-05 9.99011E-05 9.99011E-05 9.99011E-05 9.99011E-05
0.0792445 0.0113538 9.9937E-05 9.9937E-05 9.9937E-05 0.866378 9.9937E-05 9.9937E-05 9.9937E-05 0.00444927 0.0378744 9.9937E-05
9.99101E-05 9.99101E-05 9.99101E-05 9.99101E-05 9.99101E-05 0.990324 9.99101E-05 9.99101E-05 9.99101E-05 0.00867647 9.99101E-05 9.99101E-05
9.9928E-05 0.0135056 9.9928E-05 0.0312863 9.9928E-05 0.953351 9.9928E-05 9.9928E-05 0.00105741 9.9928E-05 9.9928E-05 9.9928E-05
9.99101E-05 0.0952498 9.99101E-05 9.99101E-05 9.99101E-05 0.903751 9.99101E-05 9.99101E-05 9.99101E-05 9.99101E-05 9.99101E-05 9.99101E-05
9.99461E-05 0.0505316 9.99461E-05 9.99461E-05 9.99461E-05 0.652884 0.0500957 0.0372225 0.197405 0.0112615 9.99461E-05 9.99461E-05
9.99191E-05 9.99191E-05 9.99191E-05 0.0205121 9.99191E-05 0.896859 9.99191E-05 9.99191E-05 9.99191E-05 9.99191E-05 9.99191E-05 0.0817297
0.100165 9.9946E-05 9.9946E-05 9.9946E-05 9.9946E-05 0.654212 0.0165925 0.113571 0.0510346 0.0638244 9.9946E-05 9.9946E-05
0.0570311 9.9955E-05 9.9955E-05 9.9955E-05 9.9955E-05 0.266483 0.00447332 9.9955E-05 0.0252289 0.544729 0.0706933 0.0308617
9.9901E-05 9.9901E-05 9.9901E-05 9.9901E-05 9.9901E-05 9.9901E-05 9.9901E-05 9.9901E-05 9.9901E-05 0.998901 9.9901E-05 9.9901E-05
0.0402512 9.99703E-05 0.010407 0.0100562 0.000107214 0.673626 0.00957747 0.213656 9.99703E-05 0.0419187 9.99703E-05 9.99703E-05
