9.998E-05 0.9997 9.998E-05 9.998E-05
9.9982E-05 0.916966 9.9982E-05 0.0828337
0.0446735 0.913706 9.9991E-05 0.0415207
0.0838875 0.580811 0.248332 0.086969
0.102943 0.831952 0.00480265 0.0603028
9.9982E-05 0.849511 0.150289 9.9982E-05
0.0908608 0.867273 0.0399764 0.00188925
0.0125973 0.87282 0.0835783 0.0310041
0.239729 0.760071 9.9982E-05 9.9982E-05
9.999E-05 0.552233 0.0317584 0.415909
9.998E-05 9.998E-05 0.9997 9.998E-05
9.9982E-05 9.9982E-05 0.993456 0.00634361
9.9982E-05 0.179493 0.820307 9.9982E-05
0.040632 0.0348624 0.850385 0.0741211
9.999E-05 0.0827218 0.81496 0.102218
9.9982E-05 0.0238355 0.975964 9.9982E-05
9.998E-05 9.998E-05 0.9997 9.998E-05
0.145633 0.0102382 0.704923 0.139206
0.093641 9.9991E-05 0.838355 0.0679039
9.9982E-05 0.0128726 0.986927 9.9982E-05
0.0289565 0.104415 0.704652 0.161976
0.0624547 0.283429 0.595693 0.058423
9.9982E-05 0.0472191 0.952581 9.9982E-05
0.00032348 9.9991E-05 0.926963 0.0726135
9.9982E-05 9.9982E-05 0.839838 0.159962
0.0376183 0.0997133 0.694486 0.168182
0.377161 9.9991E-05 0.561836 0.0609027
0.110412 0.0705246 0.491698 0.327365
0.155678 0.0429141 0.533684 0.267724
0.0104112 9.9991E-05 0.6607 0.328789
0.699251 0.0990471 9.9991E-05 0.201602
0.659372 0.245228 9.9991E-05 0.0953
0.825665 0.024068 0.0964063 0.053861
0.886978 9.9982E-05 0.112822 9.9982E-05
0.605254 9.9991E-05 0.389647 0.00499895
0.798128 0.127763 0.0177083 0.0564008
0.533482 0.279992 0.176779 0.00974706
0.647008 0.0509301 0.181043 0.121019
0.893055 9.9982E-05 0.106746 9.9982E-05
0.448015 0.0749335 0.10305 0.374002
0.910495 0.0584236 9.9991E-05 0.0309815
0.437502 0.0844185 0.148607 0.329472
0.626974 0.00656941 0.21028 0.156176
0.771729 9.9982E-05 0.228071 9.9982E-05
0.909851 9.9991E-05 0.0151055 0.0749438
0.857056 0.00176649 0.0253613 0.115816
0.896469 9.9982E-05 9.9982E-05 0.103331
0.879631 9.9982E-05 9.9982E-05 0.120169
0.754334 0.0933235 0.0645439 0.0877987
0.859406 0.0743789 0.0189126 0.0473021
0.83134 9.9982E-05 9.9982E-05 0.168461
0.9997 9.998E-05 9.998E-05 9.998E-05
0.646702 0.0162714 0.0019274 0.335099
0.958388 9.9982E-05 9.9982E-05 0.0414121
0.979635 9.9982E-05 9.9982E-05 0.0201653
0.733196 0.0225177 9.9991E-05 0.244186
0.0647332 0.0954789 9.9991E-05 0.839688
0.209439 0.0244452 0.0555788 0.710537
0.256514 0.100947 9.9991E-05 0.642439
0.134718 0.119622 0.0217113 0.72395
0.154929 0.0073447 0.0425691 0.795157
0.27104 0.0954221 9.9991E-05 0.633438
0.140297 0.0121598 0.0457725 0.801771
9.998E-05 9.998E-05 9.998E-05 0.9997
0.0878553 9.9991E-05 0.0257844 0.88626
9.998E-05 9.998E-05 9.998E-05 0.9997
0.00955424 9.9982E-05 9.9982E-05 0.990246
9.9982E-05 9.9982E-05 0.0160922 0.983708
9.998E-05 9.998E-05 9.998E-05 0.9997
0.0130427 9.9982E-05 9.9982E-05 0.986757
9.998E-05 9.998E-05 9.998E-05 0.9997
0.228479 0.0936322 9.9991E-05 0.677789
0.0319599 0.0210695 9.9991E-05 0.946871
0.26725 9.9991E-05 0.0367702 0.69588
9.9982E-05 9.9982E-05 0.0301033 0.969697
9.998E-05 9.998E-05 9.998E-05 0.9997
0.161105 0.0368699 0.0432606 0.758764
