9.99101E-05 0.999001 9.99101E-05 9.99101E-05 9.99101E-05 9.99101E-05 9.99101E-05 9.99101E-05 9.99101E-05 9.99101E-05 9.99101E-05
9.9955E-05 0.0335081 0.0185265 9.9955E-05 9.9955E-05 9.9955E-05 0.785926 0.111732 0.0290524 0.0207555 9.9955E-05
9.99101E-05 9.99101E-05 9.99101E-05 9.99101E-05 9.99101E-05 9.99101E-05 9.99101E-05 0.999001 9.99101E-05 9.99101E-05 9.99101E-05
9.9928E-05 9.9928E-05 9.9928E-05 9.9928E-05 0.0296467 9.9928E-05 9.9928E-05 0.886071 9.9928E-05 0.083483 9.9928E-05
9.9964E-05 0.591739 0.000933315 0.073337 0.0746538 9.9964E-05 0.0853259 0.0207869 0.152824 9.9964E-05 9.9964E-05
0.0917696 0.857583 9.9946E-05 9.9946E-05 9.9946E-05 0.000195097 9.9946E-05 0.020118 9.9946E-05 0.029735 9.9946E-05
9.9937E-05 0.0284663 0.00194536 9.9937E-05 0.00239043 9.9937E-05 0.966498 9.9937E-05 9.9937E-05 9.9937E-05 9.9937E-05
0.0390818 9.9919E-05 9.9919E-05 9.9919E-05 9.9919E-05 9.9919E-05 0.960019 9.9919E-05 9.9919E-05 9.9919E-05 9.9919E-05
9.9946E-05 0.202606 9.9946E-05 9.9946E-05 9.9946E-05 9.9946E-05 0.212787 0.108513 0.00597536 9.9946E-05 0.469519
0.097236 0.105229 0.0650447 0.00607304 0.0361652 0.152269 0.322383 0.2153 9.9973E-05 9.9973E-05 9.9973E-05
9.9955E-05 9.9955E-05 0.0435322 9.9955E-05 0.0196636 0.0101938 9.9955E-05 0.00539009 0.226902 0.693819 9.9955E-05
0.498602 9.9946E-05 9.9946E-05 9.9946E-05 9.9946E-05 0.0420582 0.0312242 9.9946E-05 0.423377 0.0041385 9.9946E-05
0.472991 0.132191 9.9946E-05 9.9946E-05 9.9946E-05 9.9946E-05 9.9946E-05 0.0259661 0.198219 0.170034 9.9946E-05
0.824025 9.9946E-05 0.0533308 0.0261026 0.0135051 9.9946E-05 9.9946E-05 0.0824366 9.9946E-05 9.9946E-05 9.9946E-05
9.9946E-05 0.00777102 0.047784 9.9946E-05 9.9946E-05 9.9946E-05 9.9946E-05 0.118124 0.719202 0.106519 9.9946E-05
0.0622922 0.0142173 9.9937E-05 9.9937E-05 9.9937E-05 9.9937E-05 9.9937E-05 9.9937E-05 0.0746447 0.848146 9.9937E-05
0.912037 9.9937E-05 9.9937E-05 9.9937E-05 9.9937E-05 9.9937E-05 9.9937E-05 9.9937E-05 0.0265936 0.0573789 0.00329108
0.372866 9.9973E-05 0.00129526 0.107748 9.9973E-05 0.0656741 9.9973E-05 0.0207354 0.0137008 0.273975 0.143705
0.396534 9.9955E-05 0.0256129 9.9955E-05 0.0359926 9.9955E-05 9.9955E-05 0.079359 0.427525 9.9955E-05 0.0344761
0.158903 9.9946E-05 9.9946E-05 9.9946E-05 9.9946E-05 0.0303156 9.9946E-05 0.0722508 9.9946E-05 0.700379 0.0375511
0.727422 0.0693684 0.000239339 0.050848 9.9973E-05 0.120595 9.9973E-05 0.0108513 0.0021252 0.0182506 9.9973E-05
9.9937E-05 0.0164743 9.9937E-05 9.9937E-05 9.9937E-05 0.0555848 0.184074 9.9937E-05 9.9937E-05 0.743168 9.9937E-05
9.99101E-05 9.99101E-05 9.99101E-05 9.99101E-05 9.99101E-05 9.99101E-05 9.99101E-05 9.99101E-05 9.99101E-05 0.999001 9.99101E-05
0.999001 9.99101E-05 9.99101E-05 9.99101E-05 9.99101E-05 9.99101E-05 9.99101E-05 9.99101E-05 9.99101E-05 9.99101E-05 9.99101E-05
0.361226 0.00603198 9.9946E-05 0.0729807 9.9946E-05 9.9946E-05 9.9946E-05 0.0476218 0.51154 9.9946E-05 9.9946E-05
0.54221 9.9946E-05 9.9946E-05 0.0473826 9.9946E-05 0.0202982 0.202032 9.9946E-05 0.187478 9.9946E-05 9.9946E-05
9.9928E-05 9.9928E-05 9.9928E-05 9.9928E-05 0.0642813 9.9928E-05 9.9928E-05 9.9928E-05 0.826795 9.9928E-05 0.108124
9.9946E-05 9.9946E-05 0.00548933 0.246649 9.9946E-05 9.9946E-05 9.9946E-05 0.0409189 0.56265 0.143693 9.9946E-05
0.0622386 9.9946E-05 9.9946E-05 0.0864815 9.9946E-05 0.139719 0.0210636 9.9946E-05 0.689897 9.9946E-05 9.9946E-05
9.99101E-05 9.99101E-05 9.99101E-05 9.99101E-05 9.99101E-05 9.99101E-05 9.99101E-05 9.99101E-05 0.999001 9.99101E-05 9.99101E-05
9.9928E-05 9.9928E-05 9.9928E-05 0.110539 9.9928E-05 9.9928E-05 9.9928E-05 0.0411946 9.9928E-05 9.9928E-05 0.847467
9.9937E-05 0.00612115 9.9937E-05 9.9937E-05 9.9937E-05 9.9937E-05 9.9937E-05 9.9937E-05 0.0688739 0.0469943 0.877311
9.9937E-05 9.9937E-05 9.9937E-05 0.130032 9.9937E-05 0.843857 9.9937E-05 0.0017164 0.0236944 9.9937E-05 9.9937E-05
9.99191E-05 9.99191E-05 9.99191E-05 9.99191E-05 0.0547154 0.944385 9.99191E-05 9.99191E-05 9.99191E-05 9.99191E-05 9.99191E-05
9.9928E-05 9.9928E-05 9.9928E-05 9.9928E-05 9.9928E-05 0.763471 9.9928E-05 9.9928E-05 0.173884 0.0618451 9.9928E-05
9.99191E-05 9.99191E-05 9.99191E-05 9.99191E-05 9.99191E-05 0.268315 9.99191E-05 9.99191E-05 9.99191E-05 9.99191E-05 0.730785
9.9937E-05 0.0540505 9.9937E-05 9.9937E-05 9.9937E-05 0.785366 0.106977 9.9937E-05 9.9937E-05 0.0529064 9.9937E-05
9.9946E-05 9.9946E-05 9.9946E-05 0.027848 9.9946E-05 0.00253763 9.9946E-05 9.9946E-05 0.0835221 0.0383064 0.847186
9.9937E-05 9.9937E-05 0.0254131 9.9937E-05 0.0359601 0.810196 9.9937E-05 9.9937E-05 9.9937E-05 9.9937E-05 0.127732
9.9982E-05 0.0487985 0.0348338 0.249701 0.0389917 0.462195 9.9982E-05 0.0115136 0.131383 0.00382557 0.0185585
0.0439 9.9928E-05 9.9928E-05 9.9928E-05 9.9928E-05 0.137068 9.9928E-05 9.9928E-05 9.9928E-05 9.9928E-05 0.818232
0.0514492 0.0182985 9.9982E-05 0.352011 0.0547142 0.246945 0.00620148 0.083728 0.0682661 9.9982E-05 0.118186
9.9928E-05 9.9928E-05 9.9928E-05 0.137627 9.9928E-05 0.85988 9.9928E-05 0.00169396 9.9928E-05 9.9928E-05 9.9928E-05
0.0036968 9.9955E-05 0.0274559 0.00831369 0.0415601 0.887989 9.9955E-05 9.9955E-05 9.9955E-05 0.0304851 9.9955E-05
9.9955E-05 9.9955E-05 9.9955E-05 0.12435 0.539996 0.0281546 9.9955E-05 0.0689631 9.9955E-05 0.107427 0.13061
0.0118133 9.9973E-05 0.0337765 0.0170854 0.676945 0.0154231 0.0587055 9.9973E-05 0.0850188 9.9973E-05 0.100933
0.0418974 9.9946E-05 0.0498106 0.0290885 0.670452 0.208152 9.9946E-05 9.9946E-05 9.9946E-05 9.9946E-05 9.9946E-05
9.9919E-05 9.9919E-05 9.9919E-05 0.207745 0.791355 9.9919E-05 9.9919E-05 9.9919E-05 9.9919E-05 9.9919E-05 9.9919E-05
9.9946E-05 9.9946E-05 9.9946E-05 9.9946E-05 0.440083 0.289579 0.00921362 0.10398 0.156545 9.9946E-05 9.9946E-05
0.0316034 0.0612075 9.9946E-05 0.165998 0.367615 0.372977 9.9946E-05 9.9946E-05 9.9946E-05 9.9946E-05 9.9946E-05
9.9946E-05 9.9946E-05 9.9946E-05 0.0409929 0.873813 0.0104379 9.9946E-05 9.9946E-05 9.9946E-05 0.0643025 0.00985448
9.9919E-05 0.0388777 9.9919E-05 9.9919E-05 0.960223 9.9919E-05 9.9919E-05 9.9919E-05 9.9919E-05 9.9919E-05 9.9919E-05
9.9946E-05 0.00287849 9.9946E-05 0.131276 0.840886 9.9946E-05 0.00893614 9.9946E-05 9.9946E-05 0.0154235 9.9946E-05
9.994E-05 9.994E-05 9.994E-05 0.0449483 0.760872 0.0981424 9.994E-05 9.994E-05 9.994E-05 0.0926847 0.00275312
0.0614317 9.9937E-05 9.9937E-05 9.9937E-05 0.782635 0.0651577 9.9937E-05 9.9937E-05 9.9937E-05 9.9937E-05 0.0900758
9.9946E-05 9.9946E-05 0.0524234 9.9946E-05 0.89863 9.9946E-05 0.0110911 0.0196329 0.0176234 9.9946E-05 9.9946E-05
0.076791 9.9955E-05 0.00612064 0.739601 0.0918653 9.9955E-05 9.9955E-05 0.0489007 0.0362214 9.9955E-05 9.9955E-05
9.9964E-05 9.9964E-05 9.9964E-05 0.64926 0.00286932 0.220096 0.0563098 0.00766034 0.0600276 0.00337734 9.9964E-05
9.9964E-05 0.0181042 9.9964E-05 0.671046 0.166848 9.9964E-05 9.9964E-05 0.0388386 0.0234452 0.0143929 0.0669251
9.9937E-05 9.9937E-05 9.9937E-05 0.572281 9.9937E-05 0.167397 0.195265 9.9937E-05 0.0643574 9.9937E-05 9.9937E-05
0.0105574 9.9955E-05 9.9955E-05 0.755291 0.148251 9.9955E-05 0.0234124 9.9955E-05 9.9955E-05 0.0211049 0.0408829
9.9946E-05 9.9946E-05 0.122274 0.324723 9.9946E-05 0.0253086 0.113695 9.9946E-05 9.9946E-05 9.9946E-05 0.4134
9.9946E-05 0.0722428 9.9946E-05 0.800411 9.9946E-05 0.0475455 9.9946E-05 9.9946E-05 9.9946E-05 0.0695091 0.009692
9.99281E-05 9.99281E-05 0.0292036 0.96126 9.99281E-05 9.99281E-05 0.00873692 9.99281E-05 9.99281E-05 9.99281E-05 9.99281E-05
0.00813029 9.9928E-05 9.9928E-05 0.895387 9.9928E-05 0.0956829 9.9928E-05 9.9928E-05 9.9928E-05 9.9928E-05 9.9928E-05
9.99191E-05 9.99191E-05 9.99191E-05 0.964135 9.99191E-05 9.99191E-05 9.99191E-05 9.99191E-05 0.0349658 9.99191E-05 9.99191E-05
9.99101E-05 9.99101E-05 9.99101E-05 0.999001 9.99101E-05 9.99101E-05 9.99101E-05 9.99101E-05 9.99101E-05 9.99101E-05 9.99101E-05
9.9919E-05 9.9919E-05 9.9919E-05 0.953068 9.9919E-05 9.9919E-05 9.9919E-05 9.9919E-05 0.0460324 9.9919E-05 9.9919E-05
9.9928E-05 0.0170009 0.011321 0.970879 9.9928E-05 9.9928E-05 9.9928E-05 9.9928E-05 9.9928E-05 9.9928E-05 9.9928E-05
9.9928E-05 9.9928E-05 9.9928E-05 0.99183 0.0049082 9.9928E-05 9.9928E-05 0.00246221 9.9928E-05 9.9928E-05 9.9928E-05
9.99281E-05 9.99281E-05 9.99281E-05 0.972852 9.99281E-05 9.99281E-05 9.99281E-05 9.99281E-05 9.99281E-05 0.00601501 0.0203336
9.99371E-05 9.99371E-05 0.0384341 0.59402 9.99371E-05 9.99371E-05 0.233808 9.99371E-05 9.99371E-05 9.99371E-05 0.133038
9.9937E-05 9.9937E-05 0.00974538 0.906054 0.0331048 9.9937E-05 0.0503964 9.9937E-05 9.9937E-05 9.9937E-05 9.9937E-05
0.00517487 0.050752 0.0467407 0.634102 0.121894 0.0939216 9.9964E-05 9.9964E-05 9.9964E-05 9.9964E-05 0.0470146
0.00367168 9.9946E-05 0.597206 0.313174 9.9946E-05 0.0191585 9.9946E-05 9.9946E-05 9.9946E-05 0.0661902 9.9946E-05
9.99101E-05 9.99101E-05 0.999001 9.99101E-05 9.99101E-05 9.99101E-05 9.99101E-05 9.99101E-05 9.99101E-05 9.99101E-05 9.99101E-05
9.9964E-05 0.0189549 0.0660103 0.574017 0.0232825 0.198109 9.9964E-05 0.0290534 0.0901733 9.9964E-05 9.9964E-05
