9.998E-05 0.9997 9.998E-05 9.998E-05
0.214807 0.542578 0.145775 0.0968399
0.21607 0.553112 0.135367 0.0954513
0.479754 0.520046 9.9982E-05 9.9982E-05
0.620546 0.379254 9.9982E-05 9.9982E-05
0.438696 0.445348 0.115856 9.9991E-05
0.29416 0.644093 0.0616476 9.9991E-05
0.286308 0.554289 0.117836 0.0415677
0.406476 0.501055 0.0848307 0.00763808
9.998E-05 0.9997 9.998E-05 9.998E-05
9.998E-05 0.9997 9.998E-05 9.998E-05
9.998E-05 0.9997 9.998E-05 9.998E-05
9.998E-05 0.9997 9.998E-05 9.998E-05
0.00168534 0.992274 0.00594063 9.9991E-05
9.998E-05 0.9997 9.998E-05 9.998E-05
0.551697 0.376979 0.0712244 9.9991E-05
0.517303 0.357189 0.0860313 0.0394765
0.487528 0.485819 0.0265528 9.9991E-05
0.752227 0.247573 9.9982E-05 9.9982E-05
0.761855 0.237945 9.9982E-05 9.9982E-05
0.588458 0.409583 9.9991E-05 0.00185952
0.655099 0.213713 0.103313 0.0278752
0.67881 0.26799 0.0530996 9.9991E-05
0.658841 0.340959 9.9982E-05 9.9982E-05
0.718932 0.280868 9.9982E-05 9.9982E-05
0.804031 0.188312 0.00755666 9.9991E-05
0.702506 0.220466 0.0769289 9.9991E-05
0.558996 0.352962 0.0879429 9.9991E-05
0.674897 0.299085 0.0259177 9.9991E-05
0.594942 0.400021 0.00493705 9.9991E-05
0.683967 0.315833 9.9982E-05 9.9982E-05
0.718 0.251639 0.0214025 0.00895885
0.639759 0.272871 0.0825999 0.00476991
0.666024 0.268757 0.0651193 9.9991E-05
0.647921 0.254944 0.0970345 9.9991E-05
0.595514 0.404286 9.9982E-05 9.9982E-05
0.787968 0.1716 0.0403318 9.9991E-05
0.764323 0.193131 0.0424469 9.9991E-05
0.732928 0.192423 0.0617185 0.0129306
0.796777 0.203023 9.9982E-05 9.9982E-05
0.787497 0.0487692 0.0925984 0.0711358
0.836151 0.0541284 0.0812022 0.028518
0.644352 0.190158 0.122802 0.0426878
0.844716 0.0778225 0.0618328 0.015629
0.870304 0.036787 0.0928088 9.9991E-05
0.84334 0.0860314 0.0705283 9.9991E-05
0.863804 0.0885093 0.0475864 9.9991E-05
0.805615 0.116732 0.0775527 9.9991E-05
0.741108 0.13422 0.124572 9.9991E-05
0.637374 0.268315 0.0546041 0.0397072
0.720219 0.163425 0.0678894 0.0484669
0.806159 0.0938892 0.0998515 9.9991E-05
0.889025 0.0933755 0.0174999 9.9991E-05
0.865596 0.116911 9.9991E-05 0.017393
0.807983 0.122048 0.0203537 0.0496154
0.80538 0.0850484 0.109472 9.9991E-05
0.737601 0.182976 0.0793232 9.9991E-05
0.868406 0.0754417 0.0360524 0.0200997
0.800724 0.106582 0.0925941 9.9991E-05
0.790979 0.132435 0.0749285 0.00165833
0.907644 0.0910426 0.00121333 9.9991E-05
0.868214 0.103807 9.9991E-05 0.0278791
0.751495 0.119008 0.0503524 0.0791453
0.908177 0.0402401 0.0514826 9.9991E-05
0.887904 0.111896 9.9982E-05 9.9982E-05
0.829376 0.0557348 0.114789 9.9991E-05
0.8807 0.0211314 0.0177363 0.0804319
0.817835 0.0575647 0.0843041 0.040296
0.82754 0.123506 0.0488544 9.9991E-05
0.84933 0.0509926 0.0995778 9.9991E-05
0.672479 0.132748 0.127522 0.0672504
0.827709 0.0362878 0.0675342 0.0684691
0.808051 0.157166 0.0346829 9.9991E-05
0.888114 0.104251 0.00753429 9.9991E-05
0.894799 0.077174 0.0275935 0.00043333
0.942508 0.041187 0.0162054 9.9991E-05
0.843665 0.0160465 0.0941125 0.0461755
0.700151 0.0900222 0.0630604 0.146766
0.813261 9.9991E-05 0.0621467 0.124492
0.85491 9.9991E-05 0.0278675 0.117122
0.861359 9.9991E-05 0.0741032 0.064438
0.809877 9.9991E-05 0.0565488 0.133474
0.876045 9.9991E-05 0.0526226 0.071232
0.842515 0.0229144 0.0330679 0.101502
0.70836 0.0283093 0.0307328 0.232598
0.663753 0.0403802 0.123296 0.172571
0.673949 0.106148 0.131488 0.0884141
0.830133 0.0496004 9.9991E-05 0.120167
0.768526 0.0186812 0.0653776 0.147416
0.751679 0.0366921 0.0726094 0.139019
0.710764 0.0799182 0.0924024 0.116915
0.745106 0.0557744 0.0933462 0.105773
0.687981 0.0146122 0.0815566 0.21585
9.998E-05 9.998E-05 9.998E-05 0.9997
0.00412239 0.0273121 9.9991E-05 0.968466
0.105868 0.0107672 9.9991E-05 0.883265
9.9982E-05 9.9982E-05 0.00937503 0.990425
9.998E-05 9.998E-05 9.998E-05 0.9997
9.998E-05 9.998E-05 9.998E-05 0.9997
9.998E-05 9.998E-05 9.998E-05 0.9997
0.0400678 0.0200955 0.0028896 0.936947
9.998E-05 9.998E-05 9.998E-05 0.9997
9.998E-05 9.998E-05 9.998E-05 0.9997
0.842888 9.9991E-05 0.0834767 0.0735349
0.0932508 9.9982E-05 9.9982E-05 0.906549
9.998E-05 9.998E-05 9.998E-05 0.9997
9.998E-05 9.998E-05 9.998E-05 0.9997
0.864234 9.9991E-05 0.0111972 0.124469
0.804921 9.9991E-05 0.0588047 0.136174
0.776106 0.0532612 0.0251596 0.145473
0.751947 9.9991E-05 0.0498648 0.198089
0.823422 9.9991E-05 0.0598714 0.116607
0.87309 9.9991E-05 0.00948439 0.117326
0.795258 9.9991E-05 0.0848427 0.1198
0.842712 9.9991E-05 0.0105051 0.146683
0.685719 9.9991E-05 0.0741849 0.239996
0.715304 9.9991E-05 0.0657763 0.218819
0.816619 9.9991E-05 0.0501081 0.133173
0.758311 9.9991E-05 0.046591 0.194998
0.850131 9.9991E-05 0.0765914 0.0731772
0.810066 9.9991E-05 0.0421428 0.147691
0.851334 9.9991E-05 0.0584886 0.0900775
0.924564 9.9982E-05 9.9982E-05 0.0752357
0.962455 9.9982E-05 9.9982E-05 0.0373454
0.997828 9.9982E-05 9.9982E-05 0.00197199
0.968153 9.9982E-05 9.9982E-05 0.0316471
0.951788 9.9982E-05 9.9982E-05 0.0480115
0.995112 9.9982E-05 9.9982E-05 0.00468806
0.947777 9.9982E-05 9.9982E-05 0.0520235
0.967751 9.9991E-05 0.00127814 0.0308711
0.991182 9.9982E-05 0.00861847 9.9982E-05
0.865309 9.9982E-05 9.9982E-05 0.134491
0.930326 9.9982E-05 9.9982E-05 0.0694743
0.870303 9.9991E-05 0.0875802 0.0420165
9.998E-05 9.998E-05 0.9997 9.998E-05
0.69134 9.9991E-05 0.113463 0.195097
9.998E-05 9.998E-05 0.9997 9.998E-05
9.998E-05 9.998E-05 0.9997 9.998E-05
0.00426611 0.00438159 0.929758 0.0615945
0.205249 9.9991E-05 0.77501 0.0196412
9.9982E-05 0.0035909 0.996209 9.9982E-05
0.107913 9.9982E-05 0.891887 9.9982E-05
9.9982E-05 9.9982E-05 0.987717 0.0120829
0.0545467 9.9982E-05 0.945253 9.9982E-05
9.998E-05 9.998E-05 0.9997 9.998E-05
0.00208 0.00622679 0.989125 0.00256851
0.0343866 9.9982E-05 0.965413 9.9982E-05
0.116619 9.9991E-05 0.83242 0.0508609
0.066918 0.000569341 0.932413 9.9991E-05
0.0957309 9.9991E-05 0.833315 0.070854
0.128976 9.9982E-05 0.870824 9.9982E-05
0.0678361 0.0194984 0.912566 9.9991E-05
0.0516127 9.9991E-05 0.937817 0.0104701
0.860271 0.0418055 0.0306497 0.0672734
0.886446 0.016304 0.00733852 0.0899117
0.766247 0.0271907 0.0797363 0.126826
0.767645 0.0388577 0.0779792 0.115518
0.837158 9.9991E-05 0.0126779 0.150064
0.824605 9.9991E-05 0.0102881 0.165007
0.781713 9.9991E-05 0.0518202 0.166367
0.789723 9.9991E-05 0.0215866 0.188591
0.796786 9.9991E-05 0.0418149 0.161299
0.774387 9.9991E-05 0.0556877 0.169826
0.784839 9.9991E-05 0.0320938 0.182967
0.74662 0.0419644 0.0435056 0.16791
0.803623 9.9991E-05 0.0596176 0.13666
0.9997 9.998E-05 9.998E-05 9.998E-05
0.9997 9.998E-05 9.998E-05 9.998E-05
0.9997 9.998E-05 9.998E-05 9.998E-05
0.9997 9.998E-05 9.998E-05 9.998E-05
0.9997 9.998E-05 9.998E-05 9.998E-05
0.9997 9.998E-05 9.998E-05 9.998E-05
0.9997 9.998E-05 9.998E-05 9.998E-05
0.9997 9.998E-05 9.998E-05 9.998E-05
0.9997 9.998E-05 9.998E-05 9.998E-05
0.9997 9.998E-05 9.998E-05 9.998E-05
0.989637 0.0101635 9.9982E-05 9.9982E-05
0.9997 9.998E-05 9.998E-05 9.998E-05
