0.9997 9.998E-05 9.998E-05 9.998E-05
0.545531 0.12923 0.190984 0.134256
0.582726 0.11753 0.158548 0.141197
0.521153 9.9982E-05 0.478647 9.9982E-05
0.405549 9.9991E-05 0.567819 0.0265322
0.468226 0.0155698 0.446438 0.0697662
0.59341 9.9991E-05 0.331799 0.0746909
0.536432 0.0259014 0.32512 0.112546
0.50556 0.0287394 0.387841 0.0778593
0.9997 9.998E-05 9.998E-05 9.998E-05
0.9997 9.998E-05 9.998E-05 9.998E-05
0.9997 9.998E-05 9.998E-05 9.998E-05
0.9997 9.998E-05 9.998E-05 9.998E-05
0.994151 9.9982E-05 0.00564886 9.9982E-05
0.9997 9.998E-05 9.998E-05 9.998E-05
0.432924 9.9991E-05 0.546772 0.0202038
0.355915 0.0488695 0.53432 0.0608957
0.481892 9.9991E-05 0.5048 0.0132087
0.267625 9.9982E-05 0.732175 9.9982E-05
0.246909 9.9982E-05 0.752891 9.9982E-05
0.399486 0.00338588 0.597028 9.9991E-05
0.258472 0.0252697 0.641578 0.07468
0.297256 9.9991E-05 0.661234 0.04141
0.337395 9.9991E-05 0.62891 0.0335948
0.290236 9.9991E-05 0.70067 0.00899365
0.194592 9.9991E-05 0.7951 0.0102077
0.242998 9.9991E-05 0.687633 0.0692689
0.312645 9.9991E-05 0.633725 0.0535295
0.290795 9.9991E-05 0.69606 0.013045
0.404652 9.9982E-05 0.595148 9.9982E-05
0.358554 0.0239962 0.617349 9.9991E-05
0.253326 9.9991E-05 0.703808 0.0427653
0.241946 0.000187281 0.696774 0.0610928
0.256522 9.9991E-05 0.666455 0.0769229
0.277163 9.9991E-05 0.652941 0.0697962
0.39665 9.9982E-05 0.60315 9.9982E-05
0.167383 9.9991E-05 0.802844 0.0296728
0.190917 9.9991E-05 0.78288 0.0261027
0.219696 0.0572833 0.644014 0.0790071
0.185447 0.0139835 0.80047 9.9991E-05
0.0576846 0.0577166 0.818734 0.0658649
0.0957862 0.00424247 0.850963 0.049008
0.194747 0.0445265 0.621924 0.138802
0.0782566 0.00466409 0.852574 0.0645057
0.0829693 9.9991E-05 0.829761 0.0871693
0.109819 9.9991E-05 0.793044 0.097037
0.0805372 9.9991E-05 0.850935 0.0684273
0.120442 9.9991E-05 0.807248 0.0722095
0.138735 9.9991E-05 0.819682 0.041483
0.248882 0.0591485 0.5972 0.09477
0.169629 0.027668 0.715304 0.0873986
0.0957007 9.9991E-05 0.842057 0.0621424
0.125075 9.9991E-05 0.80925 0.0655753
0.111794 0.00171945 0.865124 0.021363
0.122099 0.0393682 0.808657 0.0298757
0.088281 9.9991E-05 0.783667 0.127952
0.186589 0.00955012 0.731427 0.0724338
0.106281 9.9991E-05 0.888879 0.00473991
0.11779 9.9991E-05 0.798849 0.0832616
0.12253 0.0065647 0.842574 0.0283313
0.110876 9.9991E-05 0.888265 0.000759377
0.0707049 0.00604516 0.92315 9.9991E-05
0.0645176 0.0390269 0.808262 0.0881933
0.0155763 0.0274016 0.881437 0.0755851
0.074713 9.9982E-05 0.925087 9.9982E-05
0.0589589 0.000609953 0.824669 0.115762
0.0256235 0.0598623 0.907455 0.00705944
0.092548 0.0577296 0.730835 0.118887
0.13582 9.9991E-05 0.798976 0.0651046
0.037016 0.0289816 0.801226 0.132777
0.134499 0.0624433 0.708509 0.0945482
0.0239497 0.0288675 0.875141 0.0720422
0.148041 9.9991E-05 0.817739 0.0341201
0.113227 9.9991E-05 0.839022 0.0476512
0.0855788 9.9991E-05 0.835078 0.0792436
0.0305699 0.0192704 0.918965 0.0311951
9.9991E-05 0.0171463 0.896509 0.0862448
0.0711878 0.131625 0.744111 0.0530767
9.9991E-05 0.0674191 0.831288 0.101193
9.9991E-05 0.109437 0.844993 0.0454698
9.9991E-05 0.055603 0.872796 0.0715009
9.9991E-05 0.104012 0.821514 0.0743748
9.9991E-05 0.0920509 0.840041 0.0678084
0.058719 0.144278 0.775717 0.0212859
0.0302087 0.179622 0.716896 0.073273
0.00933206 0.177132 0.685403 0.128133
0.134208 0.0656873 0.736361 0.063744
0.0457056 0.139094 0.8151 9.9991E-05
0.0188996 0.155653 0.766786 0.0586617
0.0114958 0.115301 0.791625 0.0815776
0.0757456 0.179 0.679151 0.0661031
0.0547919 0.142133 0.704055 0.09902
0.0340032 0.185247 0.698842 0.0819071
9.998E-05 0.9997 9.998E-05 9.998E-05
0.0364889 0.945989 9.9991E-05 0.0174217
0.0193223 0.881628 0.0989498 9.9991E-05
9.998E-05 0.9997 9.998E-05 9.998E-05
9.998E-05 0.9997 9.998E-05 9.998E-05
9.998E-05 0.9997 9.998E-05 9.998E-05
9.998E-05 0.9997 9.998E-05 9.998E-05
0.0486018 0.916616 0.0346826 9.9991E-05
9.998E-05 0.9997 9.998E-05 9.998E-05
9.998E-05 0.9997 9.998E-05 9.998E-05
9.9991E-05 0.0844569 0.827618 0.0878255
9.9982E-05 0.910421 0.0893788 9.9982E-05
9.998E-05 0.9997 9.998E-05 9.998E-05
0.00720782 0.963221 0.0294707 9.9991E-05
9.9991E-05 0.113961 0.870754 0.0151842
9.9991E-05 0.119568 0.828966 0.0513663
9.9991E-05 0.0865407 0.842439 0.0709207
9.9991E-05 0.143864 0.810444 0.0455912
9.9991E-05 0.14932 0.82591 0.0246701
0.0156877 0.0967627 0.88745 9.9991E-05
9.9991E-05 0.126824 0.82433 0.0487458
9.9982E-05 0.0973012 0.902499 9.9982E-05
9.9991E-05 0.259066 0.669838 0.0709964
9.9991E-05 0.209847 0.723441 0.0666124
9.9991E-05 0.140562 0.804774 0.0545642
9.9991E-05 0.203661 0.749917 0.0463212
9.9991E-05 0.0692116 0.852923 0.0777658
9.9991E-05 0.127311 0.870249 0.00234
9.9991E-05 0.00910354 0.981192 0.00960409
9.9991E-05 0.0392786 0.956198 0.00442292
9.9982E-05 0.00909304 0.990707 9.9982E-05
9.9982E-05 0.0100647 0.989735 9.9982E-05
9.9982E-05 0.0276887 0.972111 9.9982E-05
9.9991E-05 0.0501286 0.937495 0.0122764
9.9982E-05 0.00791522 0.991885 9.9982E-05
0.0100216 0.0187368 0.971142 9.9991E-05
9.9982E-05 9.9982E-05 0.988005 0.0117948
9.9982E-05 0.0168751 0.982925 9.9982E-05
9.9991E-05 0.0942731 0.902986 0.00264049
9.9982E-05 0.0381026 0.961697 9.9982E-05
9.9991E-05 0.0584516 0.866381 0.0750672
9.998E-05 9.998E-05 9.998E-05 0.9997
9.9991E-05 0.164059 0.764479 0.0713618
9.998E-05 9.998E-05 9.998E-05 0.9997
9.998E-05 9.998E-05 9.998E-05 0.9997
9.9982E-05 0.0369682 9.9982E-05 0.962832
0.00188675 9.9991E-05 0.159755 0.838258
9.998E-05 9.998E-05 9.998E-05 0.9997
9.9982E-05 9.9982E-05 0.0985784 0.901222
9.998E-05 9.998E-05 9.998E-05 0.9997
9.9991E-05 0.00430146 0.028844 0.966755
9.998E-05 9.998E-05 9.998E-05 0.9997
9.9982E-05 9.9982E-05 0.0531382 0.946662
9.998E-05 9.998E-05 9.998E-05 0.9997
9.9991E-05 0.0504473 0.191132 0.758321
0.0186881 9.9991E-05 0.0456554 0.935557
9.9991E-05 0.0325481 0.0626968 0.904655
0.00123502 9.9991E-05 0.115431 0.883234
0.041795 9.9991E-05 0.0649751 0.89313
9.9982E-05 0.0419813 9.9982E-05 0.957819
0.0287025 0.0647186 0.860804 0.0457748
0.0385937 0.0968278 0.848127 0.0164518
0.045956 0.0947316 0.798972 0.0603402
0.0450299 0.0423849 0.822038 0.0905466
9.9991E-05 0.176366 0.79885 0.0246841
9.9991E-05 0.172269 0.825017 0.00261464
9.9991E-05 0.19742 0.783853 0.0186269
9.9991E-05 0.185349 0.804715 0.00983551
9.9991E-05 0.185412 0.792372 0.0221157
9.9991E-05 0.159177 0.818545 0.0221774
9.9991E-05 0.183025 0.796184 0.0206909
0.0332964 0.116936 0.748538 0.101229
0.0171925 0.159196 0.760787 0.0628248
9.998E-05 9.998E-05 0.9997 9.998E-05
9.998E-05 9.998E-05 0.9997 9.998E-05
9.998E-05 9.998E-05 0.9997 9.998E-05
0.0012811 9.9982E-05 0.998519 9.9982E-05
9.998E-05 9.998E-05 0.9997 9.998E-05
9.998E-05 9.998E-05 0.9997 9.998E-05
9.998E-05 9.998E-05 0.9997 9.998E-05
9.998E-05 9.998E-05 0.9997 9.998E-05
9.998E-05 9.998E-05 0.9997 9.998E-05
9.998E-05 9.998E-05 0.9997 9.998E-05
9.998E-05 9.998E-05 0.9997 9.998E-05
9.998E-05 9.998E-05 0.9997 9.998E-05
