0.9997 9.998E-05 9.998E-05 9.998E-05
0.512703 0.158485 0.236331 0.0924811
0.546467 0.167638 0.193321 0.0925742
0.493311 0.00476303 0.501826 9.9991E-05
0.306608 0.0672278 0.626065 9.9991E-05
0.403306 0.0877583 0.495584 0.0133512
0.650733 0.0416632 0.307503 9.9991E-05
0.523933 0.107395 0.368572 9.9991E-05
0.478739 0.0701278 0.428656 0.022478
0.9997 9.998E-05 9.998E-05 9.998E-05
0.9997 9.998E-05 9.998E-05 9.998E-05
0.9997 9.998E-05 9.998E-05 9.998E-05
0.9997 9.998E-05 9.998E-05 9.998E-05
0.9997 9.998E-05 9.998E-05 9.998E-05
0.9997 9.998E-05 9.998E-05 9.998E-05
0.425515 0.0239112 0.550474 9.9991E-05
0.342751 0.109353 0.527219 0.0206769
0.4547 0.0102172 0.511765 0.0233182
0.252041 9.9982E-05 0.747759 9.9982E-05
0.20204 0.0221282 0.775732 9.9991E-05
0.361504 9.9991E-05 0.63533 0.00306611
0.2274 0.0749827 0.687879 0.00973809
0.258348 0.0451832 0.696369 9.9991E-05
0.325139 0.016723 0.658038 9.9991E-05
0.290296 9.9982E-05 0.709504 9.9982E-05
0.199146 9.9982E-05 0.800654 9.9982E-05
0.236043 0.0605535 0.703303 9.9991E-05
0.284403 0.0506688 0.664828 9.9991E-05
0.281927 0.0355515 0.682421 9.9991E-05
0.392332 9.9982E-05 0.607468 9.9982E-05
0.32064 9.9982E-05 0.67916 9.9982E-05
0.253204 0.0458197 0.695193 0.00578321
0.248186 0.0219251 0.729789 9.9991E-05
0.240906 0.071239 0.687755 9.9991E-05
0.213474 0.0305656 0.755861 9.9991E-05
0.382544 9.9982E-05 0.617256 9.9982E-05
0.145571 0.0147524 0.839577 9.9991E-05
0.151446 0.0357587 0.812696 9.9991E-05
0.208017 0.0812362 0.682187 0.02856
0.184492 9.9991E-05 0.807171 0.00823654
0.0563525 0.0830714 0.814019 0.0465571
0.0553092 0.0706957 0.873895 9.9991E-05
0.156759 0.111238 0.681917 0.0500867
0.0555799 0.0548427 0.889477 9.9991E-05
0.0443088 0.0992892 0.856302 9.9991E-05
0.0988087 0.103481 0.79761 9.9991E-05
0.0661621 0.0883156 0.845422 9.9991E-05
0.101983 0.061001 0.836916 9.9991E-05
0.117878 0.110532 0.77149 9.9991E-05
0.240765 0.0428363 0.686481 0.0299182
0.15101 0.0785328 0.770357 9.9991E-05
0.0910645 0.0760816 0.832754 9.9991E-05
0.126137 0.0587231 0.81504 9.9991E-05
0.129847 9.9991E-05 0.842138 0.0279147
0.137214 0.0583546 0.769206 0.0352257
0.0738404 0.161206 0.759123 0.00583095
0.130226 0.12243 0.747244 9.9991E-05
0.0956849 0.00800524 0.893423 0.00288692
0.129062 0.120803 0.750035 9.9991E-05
0.151897 0.0128055 0.827339 0.00795842
0.100576 0.0177128 0.881611 9.9991E-05
0.131079 0.0021438 0.866677 9.9991E-05
0.0911653 0.0873514 0.777304 0.0441789
0.0138238 0.0726362 0.896292 0.0172482
0.0994251 9.9982E-05 0.900375 9.9982E-05
0.0428409 0.0854943 0.850695 0.0209695
0.0500277 0.0623944 0.814983 0.0725947
0.0536556 0.0980307 0.822603 0.025711
0.128927 0.0522033 0.81877 9.9991E-05
0.0268523 0.131541 0.841168 0.000439325
0.13616 0.164775 0.609235 0.08983
0.0360703 0.0877332 0.843934 0.0322621
0.145704 0.0495647 0.804631 9.9991E-05
0.118913 0.0378342 0.843153 9.9991E-05
0.0765449 0.0380967 0.885258 9.9991E-05
0.0537294 0.0129068 0.933264 9.9991E-05
0.0140385 0.111132 0.83772 0.0371096
0.074073 0.0524997 0.74712 0.126307
9.9991E-05 0.0554287 0.839973 0.104498
9.9991E-05 0.0496772 0.816966 0.133257
0.0140496 0.0533894 0.837239 0.0953216
9.9991E-05 0.0558057 0.805833 0.138261
9.9991E-05 0.0652135 0.84122 0.0934663
0.0620852 0.0282309 0.762461 0.147223
0.0615376 0.0684305 0.673459 0.196573
0.0227969 0.143435 0.659326 0.174442
0.099993 0.061097 0.767705 0.0712055
0.0490296 0.0267172 0.78159 0.142663
0.0208718 0.109699 0.728957 0.140472
0.0310966 0.125848 0.738576 0.10448
0.0835809 0.0817598 0.701442 0.133217
0.0533838 0.0963404 0.717751 0.132524
0.0553587 0.10654 0.668486 0.169616
9.998E-05 9.998E-05 9.998E-05 0.9997
0.00852701 0.0155112 0.0149778 0.960984
0.0276441 9.9991E-05 0.116667 0.855589
9.9982E-05 0.00188419 9.9982E-05 0.997916
9.998E-05 9.998E-05 9.998E-05 0.9997
9.998E-05 9.998E-05 9.998E-05 0.9997
9.998E-05 9.998E-05 9.998E-05 0.9997
0.0141079 0.0186391 0.0463793 0.920874
9.998E-05 9.998E-05 9.998E-05 0.9997
9.998E-05 9.998E-05 9.998E-05 0.9997
9.9991E-05 0.0293639 0.83179 0.138746
9.9991E-05 0.0304011 0.0669507 0.902548
9.998E-05 9.998E-05 9.998E-05 0.9997
0.00884492 9.9982E-05 9.9982E-05 0.990955
9.9991E-05 0.0381786 0.852318 0.109403
9.9991E-05 0.0322584 0.844671 0.122971
9.9991E-05 0.0539566 0.813455 0.132488
9.9991E-05 0.0534937 0.781478 0.164928
9.9991E-05 0.0507774 0.824076 0.125047
9.9991E-05 0.0170869 0.914921 0.0678925
9.9991E-05 0.0560824 0.758457 0.18536
9.9982E-05 9.9982E-05 0.846806 0.152994
9.9991E-05 0.0841602 0.684107 0.231633
9.9991E-05 0.0501537 0.725059 0.224687
9.9991E-05 0.0457673 0.836635 0.117497
9.9991E-05 0.0429796 0.771196 0.185724
9.9991E-05 0.0759499 0.856177 0.0677734
9.9991E-05 0.0764179 0.80239 0.121092
9.9991E-05 0.0153937 0.959133 0.0253728
9.9982E-05 9.9982E-05 0.941168 0.0586318
9.998E-05 9.998E-05 0.9997 9.998E-05
9.998E-05 9.998E-05 0.9997 9.998E-05
9.9982E-05 9.9982E-05 0.997741 0.00205891
9.9982E-05 9.9982E-05 0.968664 0.0311363
9.9982E-05 9.9982E-05 0.959396 0.0404041
9.9982E-05 9.9982E-05 0.981504 0.0182963
9.9982E-05 0.00723514 0.992565 9.9982E-05
9.9991E-05 0.0032543 0.987074 0.00957154
9.9991E-05 0.00573824 0.902839 0.0913229
9.9982E-05 9.9982E-05 0.97804 0.0217597
9.9991E-05 0.0449731 0.891929 0.0629981
9.998E-05 0.9997 9.998E-05 9.998E-05
9.9991E-05 0.106663 0.709761 0.183476
9.998E-05 0.9997 9.998E-05 9.998E-05
9.998E-05 0.9997 9.998E-05 9.998E-05
9.9982E-05 0.948385 9.9982E-05 0.0514146
0.0186547 0.806486 0.17476 9.9991E-05
9.998E-05 0.9997 9.998E-05 9.998E-05
9.9982E-05 0.903267 0.0965332 9.9982E-05
9.9982E-05 0.983548 9.9982E-05 0.0162521
9.9982E-05 0.978141 0.0216593 9.9982E-05
0.0136661 0.984708 0.00152627 9.9991E-05
9.998E-05 0.9997 9.998E-05 9.998E-05
0.0023391 0.955818 0.0374905 0.00435239
9.9991E-05 0.846936 0.128186 0.0247787
9.9982E-05 0.930674 0.0691261 9.9982E-05
0.0045185 0.913712 0.0757861 0.00598378
9.9982E-05 0.887649 0.112151 9.9982E-05
0.0300726 0.881626 0.0880657 0.000235767
9.9991E-05 0.989787 0.00911024 0.00100244
0.0193503 0.0383796 0.870199 0.0720712
0.0378782 0.0634474 0.823679 0.0749957
0.0197784 0.0748834 0.818527 0.0868114
0.0403841 0.0690094 0.807048 0.0835582
9.9991E-05 0.0324572 0.82732 0.140123
9.99821E-05 9.99821E-05 0.819306 0.180494
9.9991E-05 0.0101688 0.80836 0.181372
9.9991E-05 0.0173328 0.811714 0.170853
9.9991E-05 0.0130204 0.801954 0.184925
9.9991E-05 0.018833 0.805653 0.175414
9.9982E-05 9.9982E-05 0.794125 0.205675
9.9991E-05 0.0533191 0.807763 0.138817
9.9991E-05 0.0441102 0.819822 0.135967
9.998E-05 9.998E-05 0.9997 9.998E-05
9.998E-05 9.998E-05 0.9997 9.998E-05
9.998E-05 9.998E-05 0.9997 9.998E-05
9.998E-05 9.998E-05 0.9997 9.998E-05
9.998E-05 9.998E-05 0.9997 9.998E-05
9.998E-05 9.998E-05 0.9997 9.998E-05
9.998E-05 9.998E-05 0.9997 9.998E-05
9.998E-05 9.998E-05 0.9997 9.998E-05
9.998E-05 9.998E-05 0.9997 9.998E-05
9.998E-05 9.998E-05 0.9997 9.998E-05
9.998E-05 9.998E-05 0.9997 9.998E-05
9.998E-05 9.998E-05 0.9997 9.998E-05
