9.998E-05 9.998E-05 0.9997 9.998E-05
0.135721 0.153363 0.586624 0.124292
0.203666 0.072024 0.612197 0.112114
0.0109446 0.433328 0.555627 9.9991E-05
9.9982E-05 0.625592 0.374208 9.9982E-05
0.0779449 0.473255 0.422297 0.026503
0.0509608 0.312277 0.636662 9.9991E-05
0.117535 0.327362 0.531948 0.0231546
0.0627696 0.42035 0.493849 0.0230317
9.998E-05 9.998E-05 0.9997 9.998E-05
9.998E-05 9.998E-05 0.9997 9.998E-05
9.998E-05 9.998E-05 0.9997 9.998E-05
9.998E-05 9.998E-05 0.9997 9.998E-05
9.998E-05 9.998E-05 0.9997 9.998E-05
9.998E-05 9.998E-05 0.9997 9.998E-05
0.0238225 0.568612 0.407466 9.9991E-05
0.0818503 0.423561 0.417203 0.0773852
0.028962 0.47689 0.494048 9.9991E-05
9.9991E-05 0.717542 0.255086 0.0272729
9.9982E-05 0.764454 0.235346 9.9982E-05
9.9991E-05 0.597536 0.402158 0.000205811
0.0596476 0.708583 0.231669 9.9991E-05
0.0392434 0.683813 0.276844 9.9991E-05
0.0375584 0.605099 0.357242 9.9991E-05
9.9982E-05 0.707987 0.291813 9.9982E-05
0.0177618 0.798346 0.183793 9.9991E-05
0.0529352 0.715207 0.231758 9.9991E-05
0.0628566 0.592244 0.344799 9.9991E-05
0.0145467 0.672852 0.312502 9.9991E-05
9.9982E-05 0.615296 0.384504 9.9982E-05
9.9991E-05 0.621249 0.351368 0.0272826
0.0251356 0.753128 0.221636 9.9991E-05
0.0630681 0.69845 0.238382 9.9991E-05
0.116951 0.631607 0.251342 9.9991E-05
0.0532012 0.687172 0.259527 9.9991E-05
9.9982E-05 0.599207 0.400593 9.9982E-05
0.0116006 0.822048 0.166251 9.9991E-05
0.0347325 0.78504 0.180127 9.9991E-05
0.0565737 0.713786 0.202711 0.02693
9.9991E-05 0.784754 0.210157 0.00498887
0.0849578 0.806236 0.0553777 0.0534289
0.131197 0.817543 0.0511601 9.9991E-05
0.130702 0.625555 0.164528 0.0792156
0.0733188 0.820808 0.105773 9.9991E-05
0.0863433 0.86535 0.0482072 9.9991E-05
0.0470063 0.838085 0.114809 9.9991E-05
0.0578528 0.86719 0.0748571 9.9991E-05
0.0900683 0.79773 0.112102 9.9991E-05
0.0698523 0.833013 0.0970351 9.9991E-05
0.0733875 0.655433 0.251268 0.0199113
0.0778463 0.755901 0.153934 0.0123192
0.056153 0.850848 0.0928995 9.9991E-05
0.0597038 0.858255 0.0819408 9.9991E-05
9.9991E-05 0.866696 0.114653 0.0185512
0.0171001 0.830217 0.124 0.0286832
0.144737 0.790746 0.043943 0.0205742
0.0925559 0.714818 0.167517 0.0251089
0.00966946 0.88302 0.0869821 0.0203287
0.0881274 0.818585 0.0931874 9.9991E-05
9.9982E-05 0.848545 0.151255 9.9982E-05
0.0304691 0.885558 0.0838728 9.9991E-05
0.018858 0.842486 0.076068 0.062588
0.100821 0.776271 0.0987564 0.0241519
0.0719417 0.842387 0.0292242 0.0564468
9.9991E-05 0.860194 0.107232 0.0324739
0.156178 0.788724 0.0549976 9.9991E-05
0.0339076 0.869825 0.0381278 0.0581391
0.11098 0.742466 0.0580758 0.0884777
0.0239361 0.845276 0.130688 9.9991E-05
0.118875 0.849691 0.0313344 9.9991E-05
0.1255 0.651236 0.15328 0.0699844
0.0745009 0.845686 0.0547574 0.0250556
0.0427879 0.817444 0.139668 9.9991E-05
0.00650726 0.871623 0.12177 9.9991E-05
0.0187639 0.885381 0.0957555 9.9991E-05
9.9982E-05 0.949992 0.0498079 9.9982E-05
0.157473 0.780178 0.0211614 0.0411869
0.020041 0.800484 0.0964972 0.0829776
0.038205 0.835776 0.00181195 0.124207
0.0398476 0.82311 9.9991E-05 0.136943
0.0902095 0.842196 9.9991E-05 0.0674942
0.0241627 0.857313 9.9991E-05 0.118425
0.0313614 0.87514 9.9991E-05 0.0933982
0.040164 0.803477 0.0408796 0.115479
0.0840226 0.647193 0.0386425 0.230142
0.131674 0.636834 0.0610019 0.17049
0.0967269 0.725235 0.103052 0.0749861
9.9991E-05 0.838361 0.0482077 0.113331
0.09666 0.707347 0.0510315 0.144962
0.0705923 0.777863 0.0305798 0.120965
0.0950391 0.667642 0.0843153 0.153004
0.0763964 0.744333 0.0691797 0.110091
0.093822 0.632782 0.0364127 0.236983
9.998E-05 9.998E-05 9.998E-05 0.9997
9.9991E-05 0.010029 0.0447693 0.945102
0.0299817 0.0793246 0.00806227 0.882631
9.998E-05 9.998E-05 9.998E-05 0.9997
9.998E-05 9.998E-05 9.998E-05 0.9997
9.998E-05 9.998E-05 9.998E-05 0.9997
9.998E-05 9.998E-05 9.998E-05 0.9997
0.0498911 0.00820584 0.0221955 0.919707
9.998E-05 9.998E-05 9.998E-05 0.9997
9.998E-05 9.998E-05 9.998E-05 0.9997
0.0682653 0.836266 9.9991E-05 0.0953691
9.9982E-05 0.0586496 9.9982E-05 0.94115
9.998E-05 9.998E-05 9.998E-05 0.9997
9.998E-05 9.998E-05 9.998E-05 0.9997
0.0468611 0.825545 9.9991E-05 0.127494
0.053006 0.847775 9.9991E-05 0.0991191
0.0498632 0.839523 0.000767467 0.109846
0.0283434 0.777888 9.9991E-05 0.193669
0.0414201 0.826217 9.9991E-05 0.132263
0.0348748 0.858122 9.9991E-05 0.106904
0.0384188 0.795701 9.9991E-05 0.165781
0.0177641 0.827632 9.9991E-05 0.154504
0.0651558 0.702108 9.9991E-05 0.232636
0.0668604 0.726144 9.9991E-05 0.206896
0.0340617 0.83182 9.9991E-05 0.134018
0.0819844 0.734487 9.9991E-05 0.183429
0.0619963 0.868157 9.9991E-05 0.0697467
0.0595371 0.790291 9.9991E-05 0.150072
0.018998 0.939387 9.9991E-05 0.0415148
0.00250749 0.922378 9.9991E-05 0.0750143
9.9982E-05 0.989681 9.9982E-05 0.0101189
9.998E-05 0.9997 9.998E-05 9.998E-05
9.9982E-05 0.954904 9.9982E-05 0.0448961
9.9982E-05 0.952602 9.9982E-05 0.047198
9.9982E-05 0.983837 9.9982E-05 0.0159628
9.9982E-05 0.949445 9.9982E-05 0.0503554
0.0589223 0.916139 9.9991E-05 0.0248391
9.9982E-05 0.983002 9.9982E-05 0.016798
0.00561682 0.869006 9.9991E-05 0.125277
9.9982E-05 0.94759 9.9982E-05 0.0522103
0.100744 0.869865 9.9991E-05 0.0292906
0.9997 9.998E-05 9.998E-05 9.998E-05
0.0958994 0.693573 9.9991E-05 0.210427
0.9997 9.998E-05 9.998E-05 9.998E-05
0.9997 9.998E-05 9.998E-05 9.998E-05
0.938013 9.9991E-05 0.00582788 0.0560594
0.786958 0.200877 9.9991E-05 0.0120646
0.9997 9.998E-05 9.998E-05 9.998E-05
0.894924 0.104876 9.9982E-05 9.9982E-05
0.9997 9.998E-05 9.998E-05 9.998E-05
0.920093 0.0797075 9.9982E-05 9.9982E-05
0.9997 9.998E-05 9.998E-05 9.998E-05
0.971414 0.024946 9.9991E-05 0.00354001
0.983225 9.9982E-05 9.9982E-05 0.0165754
0.834932 0.133041 9.9991E-05 0.0319271
0.938226 0.0430778 0.0185964 9.9991E-05
0.919698 0.0703124 9.9991E-05 0.00989011
0.874437 0.103351 9.9991E-05 0.0221118
0.902888 0.0810402 0.010932 0.00513944
0.92165 0.0492602 9.9991E-05 0.0289893
0.0285704 0.841134 0.0389953 0.0913
0.00984979 0.845131 0.046113 0.0989065
0.0497546 0.796405 0.0506122 0.103229
0.0374258 0.844072 0.0552367 0.0632653
0.0125164 0.83214 9.9991E-05 0.155243
0.0445672 0.795061 9.9991E-05 0.160272
0.025352 0.796909 9.9991E-05 0.177639
0.0406874 0.797005 9.9991E-05 0.162208
0.0411347 0.78456 9.9991E-05 0.174206
0.0512922 0.746227 9.9991E-05 0.202381
0.0258108 0.787468 9.9991E-05 0.186621
0.0689742 0.791739 0.00339749 0.135889
0.0564593 0.807452 0.0104065 0.125682
9.998E-05 0.9997 9.998E-05 9.998E-05
9.998E-05 0.9997 9.998E-05 9.998E-05
9.998E-05 0.9997 9.998E-05 9.998E-05
9.998E-05 0.9997 9.998E-05 9.998E-05
9.998E-05 0.9997 9.998E-05 9.998E-05
9.9982E-05 0.974041 0.0257593 9.9982E-05
9.998E-05 0.9997 9.998E-05 9.998E-05
9.998E-05 0.9997 9.998E-05 9.998E-05
9.998E-05 0.9997 9.998E-05 9.998E-05
9.998E-05 0.9997 9.998E-05 9.998E-05
9.998E-05 0.9997 9.998E-05 9.998E-05
9.998E-05 0.9997 9.998E-05 9.998E-05
