9.998E-05 9.998E-05 9.998E-05 0.9997
9.9982E-05 0.159394 9.9982E-05 0.840406
9.9982E-05 9.9982E-05 0.0406719 0.959128
0.174314 0.15001 0.0426221 0.633053
9.999E-05 0.03571 0.10756 0.85663
0.0632503 9.9982E-05 9.9982E-05 0.93655
9.9982E-05 9.9982E-05 0.145944 0.853856
0.0712556 0.0504182 0.0236093 0.854717
0.0472911 9.9991E-05 0.283952 0.668657
0.0269511 0.272779 0.118124 0.582146
0.958809 0.0409913 9.9982E-05 9.9982E-05
0.9997 9.998E-05 9.998E-05 9.998E-05
0.813869 9.9982E-05 9.9982E-05 0.185931
0.79836 0.153431 9.9991E-05 0.0481093
0.737271 0.0918053 0.115251 0.0556724
0.971505 9.9982E-05 9.9982E-05 0.0282953
0.9997 9.998E-05 9.998E-05 9.998E-05
0.767531 0.152162 0.0802069 9.9991E-05
0.800369 0.110666 0.0888644 9.9991E-05
0.941115 9.9982E-05 9.9982E-05 0.0586848
0.847954 0.105275 9.9991E-05 0.0466712
0.580287 0.0112544 9.9991E-05 0.408359
0.9997 9.998E-05 9.998E-05 9.998E-05
0.926892 0.0436317 0.0293764 9.9991E-05
0.837471 0.162329 9.9982E-05 9.9982E-05
0.676976 0.243125 0.0233456 0.0565536
0.567128 0.0264635 0.406309 9.9991E-05
0.520953 0.372259 0.0605742 0.0462137
0.57606 0.281836 0.0943452 0.0477587
0.660911 0.289728 0.0492612 9.9991E-05
9.9991E-05 0.235466 0.753388 0.0110462
0.0267866 0.0965158 0.656074 0.220624
0.127838 0.116439 0.755623 9.9991E-05
0.0645828 9.9982E-05 0.935217 9.9982E-05
0.322323 0.0287143 0.648863 9.9991E-05
0.0258203 0.0446234 0.867856 0.0617006
0.0527757 9.9991E-05 0.66525 0.281875
0.211908 0.0686959 0.638553 0.0808434
0.0963388 9.9982E-05 0.903461 9.9982E-05
0.102379 0.308194 0.566988 0.0224382
9.9991E-05 0.0315045 0.883367 0.0850288
0.137937 0.297878 0.466575 0.0976096
0.156663 0.119368 0.681619 0.0423502
0.197534 9.9982E-05 0.802266 9.9982E-05
0.00690512 0.129312 0.863683 9.9991E-05
0.0608261 0.0767352 0.862339 9.9991E-05
9.9982E-05 0.0725608 0.927239 9.9982E-05
9.998E-05 9.998E-05 0.9997 9.998E-05
0.0466318 9.9991E-05 0.815513 0.137755
0.0342929 0.12388 0.719231 0.122597
9.9982E-05 0.150284 0.849516 9.9982E-05
9.998E-05 9.998E-05 0.9997 9.998E-05
9.9982E-05 0.208556 0.791244 9.9982E-05
0.0212203 0.0696445 0.909035 9.9991E-05
9.9982E-05 0.0694036 0.930396 9.9982E-05
9.9991E-05 0.205823 0.751255 0.0428223
0.0381016 0.84435 0.0711732 0.0463757
0.0823122 0.547492 0.298835 0.0713613
9.9991E-05 0.758751 0.119226 0.121923
9.9991E-05 0.613538 0.21891 0.167452
0.0154551 0.790867 0.193578 9.9991E-05
9.9991E-05 0.633703 0.296742 0.0694543
0.0302799 0.670869 0.289898 0.00895279
9.998E-05 0.9997 9.998E-05 9.998E-05
0.078721 0.856087 0.0650923 9.9991E-05
9.998E-05 0.9997 9.998E-05 9.998E-05
9.998E-05 0.9997 9.998E-05 9.998E-05
0.0621839 0.937616 9.9982E-05 9.9982E-05
9.9991E-05 0.933931 0.058182 0.00778708
9.9982E-05 0.978978 0.0208225 9.9982E-05
9.9982E-05 0.917078 0.0827223 9.9982E-05
9.9991E-05 0.686895 0.21956 0.0934454
9.9991E-05 0.963784 0.00989643 0.0262194
0.0491233 0.667889 0.282888 9.9991E-05
9.998E-05 0.9997 9.998E-05 9.998E-05
9.998E-05 0.9997 9.998E-05 9.998E-05
0.0728223 0.69028 0.193061 0.0438373
