9.998E-05 9.998E-05 9.998E-05 0.9997
0.0950849 0.101049 0.252639 0.551227
0.143915 0.0677743 0.212601 0.57571
0.027556 9.9991E-05 0.40503 0.567314
9.9982E-05 9.9982E-05 0.594158 0.405642
0.080363 0.010523 0.493882 0.415232
0.0258752 9.9991E-05 0.315559 0.658466
0.0869823 0.00101289 0.391163 0.520842
0.0849964 0.0162347 0.416727 0.482042
9.998E-05 9.998E-05 9.998E-05 0.9997
9.998E-05 9.998E-05 9.998E-05 0.9997
9.998E-05 9.998E-05 9.998E-05 0.9997
9.998E-05 9.998E-05 9.998E-05 0.9997
9.998E-05 9.998E-05 9.998E-05 0.9997
9.998E-05 9.998E-05 9.998E-05 0.9997
0.0556907 9.9991E-05 0.555544 0.388665
0.0942335 0.0271826 0.477236 0.401348
0.03989 9.9991E-05 0.435106 0.524904
9.9982E-05 9.9982E-05 0.741858 0.257942
9.9982E-05 9.9982E-05 0.814902 0.184898
9.9991E-05 0.00236702 0.605926 0.391607
0.0822807 0.0114009 0.658773 0.247546
0.0191223 9.9991E-05 0.733935 0.246843
0.0379072 9.9991E-05 0.644886 0.317107
9.9982E-05 9.9982E-05 0.69819 0.30161
9.9982E-05 9.9982E-05 0.800449 0.199351
0.0782369 9.9991E-05 0.691428 0.230235
0.0309524 9.9991E-05 0.639074 0.329873
0.00447046 9.9991E-05 0.695128 0.300302
9.9982E-05 9.9982E-05 0.613565 0.386235
9.9982E-05 9.9982E-05 0.646602 0.353198
0.0309048 9.9991E-05 0.742207 0.226789
0.0672938 0.0138178 0.676633 0.242255
0.053139 9.9991E-05 0.705715 0.241046
0.0837075 9.9991E-05 0.686929 0.229264
9.9982E-05 9.9982E-05 0.619795 0.380005
0.00593867 9.9991E-05 0.816866 0.177095
0.0365553 9.9991E-05 0.770476 0.192869
0.0779177 0.0260235 0.715601 0.180458
9.9982E-05 9.9982E-05 0.805816 0.193984
0.0754134 0.0503042 0.805226 0.0690568
0.0591853 0.00383198 0.87188 0.0651024
0.106575 0.0539597 0.626055 0.21341
0.101978 9.9991E-05 0.80147 0.0964522
0.0976924 9.9991E-05 0.827628 0.0745796
0.07622 9.9991E-05 0.816337 0.107343
0.0523664 9.9991E-05 0.844083 0.10345
0.0945547 9.9991E-05 0.799135 0.10621
0.0319009 9.9991E-05 0.783556 0.184443
0.0570978 0.0212113 0.64801 0.273681
0.0513501 0.011253 0.76253 0.174867
0.0849518 9.9991E-05 0.787837 0.127111
0.052992 9.9991E-05 0.858706 0.0882018
0.0173351 9.9991E-05 0.854501 0.128064
9.9991E-05 0.0245842 0.86286 0.112456
0.157419 0.0368019 0.728787 0.076992
0.0817051 9.9991E-05 0.755713 0.162482
0.00619871 0.0194351 0.891101 0.083265
0.0529903 9.9991E-05 0.818099 0.12881
0.0369128 0.0184337 0.823183 0.12147
0.0261774 9.9991E-05 0.875771 0.0979516
0.00193988 0.0345331 0.858815 0.104712
0.0595147 0.0686772 0.76012 0.111688
0.099446 0.0325554 0.82988 0.0381182
9.9982E-05 9.9982E-05 0.886248 0.113552
0.116124 0.0336474 0.770087 0.0801422
0.0107119 0.0577019 0.914608 0.0169781
0.105795 0.0243687 0.774785 0.0950513
0.0444517 9.9991E-05 0.832581 0.122867
0.10298 0.0297821 0.82316 0.044078
0.0802457 0.073678 0.710448 0.135629
0.0648564 0.0477031 0.856501 0.03094
0.0585536 0.010233 0.770866 0.160348
0.0432852 9.9991E-05 0.822701 0.133914
0.041363 9.9991E-05 0.881465 0.077072
0.0221134 9.9991E-05 0.91839 0.059397
0.0973801 0.0188185 0.882485 0.00131653
0.0288782 0.141211 0.73397 0.0959411
0.0994564 0.124463 0.769148 0.00693213
0.0226043 0.116084 0.861212 9.9991E-05
0.0617671 0.0639514 0.855063 0.0192185
0.105942 0.10718 0.786778 9.9991E-05
0.0742891 0.0652492 0.860362 9.9991E-05
0.0119347 0.13441 0.812483 0.0411722
0.0701791 0.215199 0.654388 0.0602344
0.0921205 0.20171 0.67463 0.0315399
0.0945155 0.0592982 0.724528 0.121658
9.9991E-05 0.0985784 0.848283 0.0530384
0.0485243 0.138324 0.779331 0.0338208
0.127152 0.132694 0.692941 0.047213
0.064184 0.13215 0.720611 0.0830555
0.0824239 0.144993 0.716091 0.0564922
0.0963969 0.179494 0.714091 0.0100177
9.998E-05 0.9997 9.998E-05 9.998E-05
9.9991E-05 0.938642 0.0427979 0.0184602
0.0133485 0.907768 0.0787833 9.9991E-05
0.021892 0.960912 9.9991E-05 0.0170965
9.998E-05 0.9997 9.998E-05 9.998E-05
9.998E-05 0.9997 9.998E-05 9.998E-05
9.998E-05 0.9997 9.998E-05 9.998E-05
0.0247485 0.909192 0.0507624 0.015297
9.998E-05 0.9997 9.998E-05 9.998E-05
9.998E-05 0.9997 9.998E-05 9.998E-05
0.0676642 0.0935522 0.838684 9.9991E-05
9.9982E-05 0.943355 0.0564448 9.9982E-05
9.998E-05 0.9997 9.998E-05 9.998E-05
9.9982E-05 0.990009 0.00979096 9.9982E-05
9.9982E-05 0.12446 0.875341 9.9982E-05
0.060144 0.108476 0.83128 9.9991E-05
0.0806682 0.129026 0.790205 9.9991E-05
0.042882 0.156762 0.800256 9.9991E-05
0.0446705 0.130809 0.824421 9.9991E-05
9.9982E-05 0.0868988 0.912901 9.9982E-05
0.0299959 0.196153 0.770835 0.00301602
9.9982E-05 0.134184 0.865616 9.9982E-05
0.0776181 0.253499 0.668782 9.9991E-05
0.0475213 0.239107 0.713272 9.9991E-05
0.045845 0.124172 0.829883 9.9991E-05
0.0394894 0.172733 0.785363 0.00241471
0.0735665 0.0654128 0.860921 9.9991E-05
0.0372119 0.120018 0.84267 9.9991E-05
0.9997 9.998E-05 9.998E-05 9.998E-05
0.084667 0.196247 0.718986 9.9991E-05
0.9997 9.998E-05 9.998E-05 9.998E-05
0.9997 9.998E-05 9.998E-05 9.998E-05
0.945268 0.0504395 9.9991E-05 0.00419281
0.777632 9.9991E-05 0.21702 0.00524788
0.9997 9.998E-05 9.998E-05 9.998E-05
0.906532 0.0216531 0.071715 9.9991E-05
0.9997 9.998E-05 9.998E-05 9.998E-05
0.971631 9.9982E-05 0.0281686 9.9982E-05
0.970812 9.9991E-05 0.0179372 0.0111506
0.996785 9.9982E-05 0.00301478 9.9982E-05
0.969703 0.0109114 0.0192859 9.9991E-05
0.82387 0.0327191 0.143311 9.9991E-05
0.954318 0.00488333 0.0342633 0.00653492
0.843518 0.0402097 0.0994939 0.0167783
0.875648 9.9991E-05 0.123655 0.000596556
0.851208 9.9991E-05 0.13572 0.0129714
0.934635 0.0104524 0.0548126 9.9991E-05
9.9982E-05 0.0297935 0.970007 9.9982E-05
9.9982E-05 0.0560658 0.943734 9.9982E-05
9.9982E-05 0.0379367 0.961863 9.9982E-05
9.998E-05 9.998E-05 0.9997 9.998E-05
9.9982E-05 0.028875 0.970925 9.9982E-05
9.9982E-05 0.0364638 0.963336 9.9982E-05
9.998E-05 9.998E-05 0.9997 9.998E-05
9.9982E-05 0.0290075 0.970793 9.9982E-05
0.0348724 9.9982E-05 0.964928 9.9982E-05
9.9982E-05 0.0170311 0.982769 9.9982E-05
9.9982E-05 0.0751065 0.924694 9.9982E-05
9.9982E-05 0.0429143 0.956886 9.9982E-05
0.0841585 0.0547717 0.86097 9.9991E-05
0.0556045 0.0882246 0.829283 0.0268878
0.0463002 0.0644259 0.857603 0.031671
0.0888525 0.124807 0.754484 0.0318567
0.0762909 0.0541721 0.843172 0.0263654
0.00118179 0.163963 0.834755 9.9991E-05
0.0210812 0.183605 0.795214 9.9991E-05
0.0452008 0.182316 0.772384 9.9991E-05
0.0182247 0.188681 0.792995 9.9991E-05
0.0382289 0.177874 0.783797 9.9991E-05
0.0722178 0.170252 0.75743 9.9991E-05
0.0581769 0.196896 0.744827 9.9991E-05
0.102178 0.120586 0.74489 0.032346
0.0288371 0.158923 0.81214 9.9991E-05
9.998E-05 9.998E-05 0.9997 9.998E-05
9.998E-05 9.998E-05 0.9997 9.998E-05
9.998E-05 9.998E-05 0.9997 9.998E-05
9.998E-05 9.998E-05 0.9997 9.998E-05
9.998E-05 9.998E-05 0.9997 9.998E-05
9.9982E-05 9.9982E-05 0.99538 0.00442037
9.998E-05 9.998E-05 0.9997 9.998E-05
9.998E-05 9.998E-05 0.9997 9.998E-05
9.998E-05 9.998E-05 0.9997 9.998E-05
9.998E-05 9.998E-05 0.9997 9.998E-05
9.998E-05 9.998E-05 0.9997 9.998E-05
9.998E-05 9.998E-05 0.9997 9.998E-05
