9.998E-05 0.9997 9.998E-05 9.998E-05
0.0775853 0.599146 0.229403 0.0938658
0.145679 0.60039 0.157118 0.0968141
9.9982E-05 0.555258 0.444542 9.9982E-05
9.9982E-05 0.389097 0.610703 9.9982E-05
0.0785618 0.457931 0.450857 0.0126502
0.0371286 0.659105 0.303666 9.9991E-05
0.111787 0.567688 0.320425 9.9991E-05
0.063914 0.513952 0.412567 0.00956751
9.998E-05 0.9997 9.998E-05 9.998E-05
9.998E-05 0.9997 9.998E-05 9.998E-05
9.998E-05 0.9997 9.998E-05 9.998E-05
9.998E-05 0.9997 9.998E-05 9.998E-05
9.9991E-05 0.979952 0.0192528 0.000695375
9.998E-05 0.9997 9.998E-05 9.998E-05
0.0694419 0.403384 0.527074 9.9991E-05
0.083961 0.403351 0.495817 0.0168707
0.00221062 0.504135 0.48019 0.0134644
9.9982E-05 0.288747 0.711053 9.9982E-05
9.9982E-05 0.226019 0.773781 9.9982E-05
9.9991E-05 0.378856 0.617017 0.00402745
0.069537 0.283607 0.64221 0.00464542
0.0443599 0.266635 0.688905 9.9991E-05
0.0254314 0.348886 0.625582 9.9991E-05
9.9982E-05 0.31896 0.68084 9.9982E-05
9.9982E-05 0.216464 0.783336 9.9982E-05
0.0680709 0.232448 0.699381 9.9991E-05
0.041331 0.35073 0.607839 9.9991E-05
0.00974684 0.30586 0.684293 9.9991E-05
0.0116825 0.411505 0.576713 9.9991E-05
9.9982E-05 0.375025 0.624775 9.9982E-05
0.0409863 0.261496 0.697418 9.9991E-05
0.0410473 0.272008 0.686844 9.9991E-05
0.0653733 0.267836 0.66669 9.9991E-05
0.0827294 0.254727 0.662444 9.9991E-05
9.9982E-05 0.411097 0.588703 9.9982E-05
0.0449266 0.178013 0.77696 9.9991E-05
0.0392577 0.204892 0.75575 9.9991E-05
0.0424818 0.175663 0.76316 0.0186952
9.9991E-05 0.214023 0.785177 0.00069993
0.0934719 0.0581225 0.814919 0.0334868
0.0543341 0.107658 0.837908 9.9991E-05
0.11563 0.195042 0.633646 0.0556826
0.0876092 0.0738299 0.7981 0.0404608
0.0998227 0.063267 0.83681 9.9991E-05
0.0431895 0.0878695 0.868841 9.9991E-05
0.0883406 0.0847208 0.826839 9.9991E-05
0.0771394 0.129961 0.7928 9.9991E-05
0.0420539 0.14556 0.812286 9.9991E-05
0.0509553 0.28429 0.650703 0.0140523
0.0520832 0.161026 0.743801 0.0430905
0.0778001 0.105244 0.816855 9.9991E-05
0.0747482 0.129404 0.795748 9.9991E-05
0.00545279 0.107775 0.858933 0.0278391
0.0306175 0.139918 0.772657 0.0568074
0.139223 0.0865513 0.774126 9.9991E-05
0.0779201 0.168302 0.753678 9.9991E-05
9.9991E-05 0.0777459 0.88934 0.0328145
0.0699213 0.0898108 0.840168 9.9991E-05
0.0160478 0.201693 0.765603 0.0166569
9.9982E-05 0.0845243 0.915276 9.9982E-05
9.9991E-05 0.114788 0.860906 0.0242056
0.0955135 0.0729907 0.78924 0.0422561
0.103027 0.0104886 0.826361 0.0601234
9.9982E-05 0.129233 0.870567 9.9982E-05
0.118405 0.0686105 0.791311 0.0216735
0.0171288 0.0254305 0.894342 0.0630983
0.0486699 0.0613571 0.835045 0.0549282
0.0578997 0.16444 0.774198 0.00346305
0.146842 0.0363724 0.816686 9.9991E-05
0.103207 0.176674 0.62263 0.0974887
0.0380958 0.0481893 0.869278 0.0444367
0.0771158 0.132477 0.790307 9.9991E-05
0.0480833 0.122812 0.829004 9.9991E-05
0.0574528 0.0813693 0.861078 9.9991E-05
0.00890308 0.0427791 0.948218 9.9991E-05
0.0804031 0.0463196 0.824626 0.0486511
0.0352249 0.0646592 0.749165 0.150951
0.0411326 9.9991E-05 0.859065 0.0997027
0.0142666 9.9991E-05 0.858146 0.127488
0.0348766 9.9991E-05 0.833658 0.131365
0.0345904 9.9991E-05 0.826462 0.138848
0.0673977 9.9991E-05 0.832749 0.0997528
9.9991E-05 0.0437385 0.830852 0.12531
0.0866044 0.0359912 0.688025 0.189379
0.111044 0.0703332 0.660697 0.157925
0.0693514 0.0984094 0.768772 0.0634671
9.9991E-05 0.0580685 0.813414 0.128418
0.0383724 0.0497105 0.750764 0.161154
0.0885613 0.0305576 0.785283 0.0955978
0.0984526 0.0749758 0.675663 0.150908
0.113978 0.0624616 0.73391 0.0896505
0.0670919 0.0453311 0.718971 0.168606
9.998E-05 9.998E-05 9.998E-05 0.9997
0.0279446 0.028009 9.9991E-05 0.943946
0.00563811 0.0165085 0.0882777 0.889576
9.998E-05 9.998E-05 9.998E-05 0.9997
9.998E-05 9.998E-05 9.998E-05 0.9997
9.998E-05 9.998E-05 9.998E-05 0.9997
9.998E-05 9.998E-05 9.998E-05 0.9997
9.9991E-05 0.00348168 0.099625 0.896793
9.998E-05 9.998E-05 9.998E-05 0.9997
9.998E-05 9.998E-05 9.998E-05 0.9997
0.0344401 9.9991E-05 0.837635 0.127825
0.0193808 9.9991E-05 0.0640205 0.916499
9.998E-05 9.998E-05 9.998E-05 0.9997
9.998E-05 9.998E-05 9.998E-05 0.9997
0.0469822 9.9991E-05 0.843531 0.109387
0.0449789 9.9991E-05 0.846583 0.108338
0.0392328 9.9991E-05 0.833465 0.127203
0.0441348 9.9991E-05 0.793772 0.161993
0.0227983 9.9991E-05 0.84188 0.135222
9.9991E-05 0.0237819 0.89513 0.0809879
0.0168987 9.9991E-05 0.824315 0.158687
9.9982E-05 9.9982E-05 0.86657 0.13323
0.0953803 9.9991E-05 0.707321 0.197199
0.049673 9.9991E-05 0.747376 0.202851
0.0611958 0.00302614 0.804874 0.130904
0.0539468 9.9991E-05 0.749387 0.196566
0.0820824 9.9991E-05 0.848307 0.0695108
0.0487635 9.9991E-05 0.815681 0.135456
9.9982E-05 9.9982E-05 0.997989 0.00181085
9.9982E-05 9.9982E-05 0.947724 0.0520759
9.9982E-05 9.9982E-05 0.99485 0.00495026
9.9982E-05 9.9982E-05 0.970126 0.0296739
9.9982E-05 9.9982E-05 0.950336 0.0494645
9.9982E-05 9.9982E-05 0.964551 0.035249
9.9982E-05 9.9982E-05 0.991701 0.00809882
9.9982E-05 9.9982E-05 0.98161 0.0181902
0.0225041 9.9991E-05 0.971154 0.00624231
9.9982E-05 9.9982E-05 0.989211 0.0105885
0.0199862 9.9991E-05 0.891574 0.0883396
9.9982E-05 9.9982E-05 0.946915 0.0528852
0.0615733 9.9991E-05 0.875838 0.0624886
0.9997 9.998E-05 9.998E-05 9.998E-05
0.0890763 9.9991E-05 0.722742 0.188081
0.9997 9.998E-05 9.998E-05 9.998E-05
0.9997 9.998E-05 9.998E-05 9.998E-05
0.969891 9.9982E-05 9.9982E-05 0.0299091
0.752669 0.0317593 0.201109 0.0144622
0.9997 9.998E-05 9.998E-05 9.998E-05
0.89561 0.00193776 0.0998264 0.00262599
0.987251 0.00421665 9.9991E-05 0.00843202
0.956645 9.9982E-05 0.0431551 9.9982E-05
0.9997 9.998E-05 9.998E-05 9.998E-05
0.984987 9.9982E-05 0.0148129 9.9982E-05
0.959909 0.00267181 0.0373197 9.9991E-05
0.829178 9.9991E-05 0.143566 0.0271559
0.988051 9.9982E-05 0.0117493 9.9982E-05
0.895009 9.9991E-05 0.0568032 0.0480876
0.894311 0.00475454 0.0953554 0.00557936
0.907363 0.0231795 0.069358 9.9991E-05
0.957443 0.000970043 0.00689966 0.0346871
0.0582521 0.0202432 0.857515 0.0639902
0.0701567 0.0318706 0.824567 0.0734059
0.0678837 0.0318341 0.78724 0.113042
0.0428632 0.0703959 0.807408 0.0793329
0.036452 9.9991E-05 0.793234 0.170214
0.0375465 9.9991E-05 0.80359 0.158764
0.017254 9.9991E-05 0.821656 0.16099
0.024757 9.9991E-05 0.783835 0.191308
0.0210236 9.9991E-05 0.78199 0.196887
0.032515 9.9991E-05 0.799558 0.167827
0.0487659 9.9991E-05 0.76752 0.183614
0.0715903 0.00609858 0.780173 0.142138
0.0292823 0.0253263 0.784798 0.160593
9.998E-05 9.998E-05 0.9997 9.998E-05
9.998E-05 9.998E-05 0.9997 9.998E-05
9.998E-05 9.998E-05 0.9997 9.998E-05
9.998E-05 9.998E-05 0.9997 9.998E-05
9.998E-05 9.998E-05 0.9997 9.998E-05
9.998E-05 9.998E-05 0.9997 9.998E-05
9.998E-05 9.998E-05 0.9997 9.998E-05
9.998E-05 9.998E-05 0.9997 9.998E-05
9.998E-05 9.998E-05 0.9997 9.998E-05
9.998E-05 9.998E-05 0.9997 9.998E-05
9.998E-05 9.998E-05 0.9997 9.998E-05
9.998E-05 9.998E-05 0.9997 9.998E-05
