9.99101E-05 0.999001 9.99101E-05 9.99101E-05 9.99101E-05 9.99101E-05 9.99101E-05 9.99101E-05 9.99101E-05 9.99101E-05 9.99101E-05
0.0336429 0.537639 9.9955E-05 9.9955E-05 0.246367 9.9955E-05 0.0370628 0.100468 9.9955E-05 9.9955E-05 0.0443213
9.99101E-05 9.99101E-05 9.99101E-05 9.99101E-05 9.99101E-05 9.99101E-05 9.99101E-05 9.99101E-05 9.99101E-05 9.99101E-05 0.999001
9.9928E-05 9.9928E-05 9.9928E-05 0.0679002 9.9928E-05 9.9928E-05 0.00333078 9.9928E-05 9.9928E-05 9.9928E-05 0.92797
9.9928E-05 9.9928E-05 0.031588 9.9928E-05 0.927801 9.9928E-05 9.9928E-05 9.9928E-05 9.9928E-05 9.9928E-05 0.0398116
9.9928E-05 0.941274 0.0191731 9.9928E-05 9.9928E-05 9.9928E-05 9.9928E-05 9.9928E-05 0.0387534 9.9928E-05 9.9928E-05
9.9928E-05 0.884808 9.9928E-05 9.9928E-05 9.9928E-05 0.0961173 9.9928E-05 0.0182755 9.9928E-05 9.9928E-05 9.9928E-05
9.99101E-05 9.99101E-05 9.99101E-05 9.99101E-05 0.999001 9.99101E-05 9.99101E-05 9.99101E-05 9.99101E-05 9.99101E-05 9.99101E-05
9.9955E-05 0.335246 9.9955E-05 0.0644851 0.136743 0.276951 9.9955E-05 9.9955E-05 0.0136789 9.9955E-05 0.172397
9.9955E-05 9.9955E-05 9.9955E-05 9.9955E-05 0.665923 0.139432 0.0595915 0.0468607 0.0520307 9.9955E-05 0.0356632
0.834678 9.9946E-05 0.0143814 9.9946E-05 9.9946E-05 0.0960311 0.00538244 9.9946E-05 9.9946E-05 9.9946E-05 0.0489273
9.99101E-05 9.99101E-05 0.999001 9.99101E-05 9.99101E-05 9.99101E-05 9.99101E-05 9.99101E-05 9.99101E-05 9.99101E-05 9.99101E-05
0.120618 0.0842947 0.691509 9.9946E-05 0.0817272 9.9946E-05 9.9946E-05 9.9946E-05 9.9946E-05 9.9946E-05 0.0212522
9.996E-05 9.996E-05 0.0850983 0.0084025 0.035858 9.996E-05 0.0451255 0.0483741 0.685198 9.996E-05 0.0915441
0.05974 0.0247908 0.725272 9.9964E-05 9.9964E-05 9.9964E-05 0.0527886 9.9964E-05 0.0626301 0.0482902 0.0260885
0.115533 0.0103494 0.217943 0.0395079 9.9955E-05 9.9955E-05 0.00324778 9.9955E-05 0.612919 9.9955E-05 9.9955E-05
0.845126 9.9937E-05 9.9937E-05 0.00458144 9.9937E-05 9.9937E-05 9.9937E-05 9.9937E-05 0.130767 0.0188259 9.9937E-05
0.0470098 9.9946E-05 9.9946E-05 9.9946E-05 9.9946E-05 0.0342031 9.9946E-05 0.116924 0.693557 0.107707 9.9946E-05
0.0268533 9.9946E-05 0.638718 9.9946E-05 9.9946E-05 0.0545427 9.9946E-05 9.9946E-05 0.217972 0.0613145 9.9946E-05
9.9919E-05 9.9919E-05 9.9919E-05 9.9919E-05 9.9919E-05 9.9919E-05 9.9919E-05 9.9919E-05 0.975504 9.9919E-05 0.0235966
9.9946E-05 0.070391 0.0290013 9.9946E-05 9.9946E-05 0.0251907 9.9946E-05 0.0633003 0.811517 9.9946E-05 9.9946E-05
0.349945 0.0070192 9.9964E-05 0.0566811 0.287625 9.9964E-05 9.9964E-05 9.9964E-05 0.210778 0.078335 0.00921708
0.999001 9.99101E-05 9.99101E-05 9.99101E-05 9.99101E-05 9.99101E-05 9.99101E-05 9.99101E-05 9.99101E-05 9.99101E-05 9.99101E-05
0.136643 9.99281E-05 9.99281E-05 9.99281E-05 9.99281E-05 9.99281E-05 9.99281E-05 0.0272762 0.835281 9.99281E-05 9.99281E-05
9.9937E-05 9.9937E-05 0.497386 9.9937E-05 9.9937E-05 9.9937E-05 9.9937E-05 0.146005 0.350958 0.0049511 9.9937E-05
9.9955E-05 0.0783347 0.311106 9.9955E-05 9.9955E-05 0.0529968 9.9955E-05 0.160839 0.373227 0.0229959 9.9955E-05
9.9928E-05 9.9928E-05 0.705814 0.237673 9.9928E-05 9.9928E-05 9.9928E-05 9.9928E-05 9.9928E-05 0.0557132 9.9928E-05
9.9946E-05 9.9946E-05 0.598921 0.125913 0.00519148 9.9946E-05 9.9946E-05 0.206466 9.9946E-05 9.9946E-05 0.0629079
9.9937E-05 0.0516664 0.668466 9.9937E-05 9.9937E-05 9.9937E-05 9.9937E-05 0.142463 9.9937E-05 0.136705 9.9937E-05
9.99191E-05 9.99191E-05 0.902468 9.99191E-05 9.99191E-05 9.99191E-05 9.99191E-05 0.0966331 9.99191E-05 9.99191E-05 9.99191E-05
9.9937E-05 9.9937E-05 9.9937E-05 9.9937E-05 9.9937E-05 0.547861 9.9937E-05 0.0863689 9.9937E-05 0.303305 0.0617659
9.9937E-05 0.0511124 0.0303056 9.9937E-05 9.9937E-05 0.845527 9.9937E-05 9.9937E-05 9.9937E-05 9.9937E-05 0.0723551
9.9937E-05 9.9937E-05 0.0359523 9.9937E-05 9.9937E-05 9.9937E-05 9.9937E-05 0.077706 9.9937E-05 0.88105 0.00459259
0.0176704 9.9946E-05 9.9946E-05 0.150229 9.9946E-05 0.0202843 9.9946E-05 9.9946E-05 0.00382808 0.807388 9.9946E-05
0.00603974 9.9946E-05 0.276005 9.9946E-05 9.9946E-05 9.9946E-05 9.9946E-05 9.9946E-05 0.0372935 0.668297 0.0117653
9.99191E-05 0.0146264 9.99191E-05 9.99191E-05 9.99191E-05 9.99191E-05 9.99191E-05 9.99191E-05 9.99191E-05 0.984474 9.99191E-05
9.9946E-05 0.0306918 9.9946E-05 9.9946E-05 0.20753 9.9946E-05 0.00146625 9.9946E-05 0.071549 0.688164 9.9946E-05
0.0799354 9.99281E-05 9.99281E-05 9.99281E-05 9.99281E-05 9.99281E-05 9.99281E-05 0.0609553 9.99281E-05 0.85831 9.99281E-05
9.9937E-05 9.9937E-05 9.9937E-05 9.9937E-05 9.9937E-05 0.0590484 0.0271564 9.9937E-05 0.00716399 0.905932 9.9937E-05
9.9955E-05 0.0549518 0.127793 0.0215347 9.9955E-05 9.9955E-05 0.0384293 0.195804 9.9955E-05 0.560987 9.9955E-05
9.99191E-05 9.99191E-05 9.99191E-05 9.99191E-05 9.99191E-05 0.217657 9.99191E-05 9.99191E-05 9.99191E-05 0.781443 9.99191E-05
0.00970263 0.0359668 0.16135 0.118725 9.9982E-05 0.113951 9.9982E-05 0.238092 0.000237772 0.263852 0.0579223
9.9955E-05 9.9955E-05 0.0967699 9.9955E-05 0.0100387 0.0281005 9.9955E-05 0.0526556 9.9955E-05 0.763116 0.0488192
0.0263887 9.9955E-05 0.0216225 0.15971 9.9955E-05 9.9955E-05 0.0352931 0.00967349 9.9955E-05 0.746812 9.9955E-05
0.0672585 9.99191E-05 9.99191E-05 9.99191E-05 9.99191E-05 0.931842 9.99191E-05 9.99191E-05 9.99191E-05 9.99191E-05 9.99191E-05
9.9964E-05 9.9964E-05 0.127107 0.298279 0.0162254 0.517534 0.00110557 0.0243687 0.0149808 9.9964E-05 9.9964E-05
0.0136623 9.9955E-05 9.9955E-05 0.0725033 9.9955E-05 0.769683 0.0385049 9.9955E-05 0.0845202 0.0206264 9.9955E-05
9.993E-05 9.993E-05 9.993E-05 0.235992 9.993E-05 0.684235 9.993E-05 0.0696766 9.993E-05 0.00939674 9.993E-05
9.9964E-05 9.9964E-05 0.207235 0.393048 0.0334924 9.9964E-05 0.00632371 0.00109515 9.9964E-05 0.264737 0.0936685
0.000830268 9.9955E-05 9.9955E-05 9.9955E-05 0.112791 0.468241 9.9955E-05 0.0905025 9.9955E-05 0.321254 0.00588093
9.9928E-05 9.9928E-05 9.9928E-05 0.860936 9.9928E-05 0.0618687 9.9928E-05 0.0763956 9.9928E-05 9.9928E-05 9.9928E-05
9.9928E-05 9.9928E-05 9.9928E-05 0.974624 0.00570578 0.0188707 9.9928E-05 9.9928E-05 9.9928E-05 9.9928E-05 9.9928E-05
9.99371E-05 9.99371E-05 9.99371E-05 0.888507 9.99371E-05 9.99371E-05 0.0155959 0.0819803 9.99371E-05 9.99371E-05 0.0132174
0.0438793 9.9928E-05 9.9928E-05 0.930209 9.9928E-05 9.9928E-05 9.9928E-05 0.0251119 9.9928E-05 9.9928E-05 9.9928E-05
9.9937E-05 9.9937E-05 9.9937E-05 0.0683434 9.9937E-05 0.832269 9.9937E-05 9.9937E-05 0.0107512 0.087937 9.9937E-05
9.9919E-05 9.9919E-05 9.9919E-05 9.9919E-05 9.9919E-05 0.945973 0.0531278 9.9919E-05 9.9919E-05 9.9919E-05 9.9919E-05
9.9946E-05 9.9946E-05 0.166957 9.9946E-05 9.9946E-05 0.0307895 0.0158143 0.770378 9.9946E-05 9.9946E-05 0.0154617
0.0400436 9.9973E-05 0.0640831 0.0280802 0.141718 0.0790167 9.9973E-05 0.575171 9.9973E-05 0.0588095 0.0127777
0.0214132 9.9955E-05 0.00767938 0.0773011 0.066102 0.0574244 9.9955E-05 0.76958 9.9955E-05 9.9955E-05 9.9955E-05
0.0364599 0.00922462 0.0576278 9.9955E-05 0.150242 9.9955E-05 9.9955E-05 0.642949 9.9955E-05 0.102996 9.9955E-05
9.9964E-05 9.9964E-05 0.0153417 0.0904618 0.0313068 0.0831505 9.9964E-05 0.652729 0.108337 0.0182731 9.9964E-05
9.9955E-05 0.0226101 9.9955E-05 9.9955E-05 0.00822037 0.0134759 0.123698 0.464511 9.9955E-05 0.366985 9.9955E-05
9.9955E-05 0.0158067 9.9955E-05 9.9955E-05 0.0715915 0.0305677 9.9955E-05 0.841823 9.9955E-05 0.0334522 0.00625894
9.99191E-05 9.99191E-05 9.99191E-05 9.99191E-05 9.99191E-05 9.99191E-05 0.0341651 0.964936 9.99191E-05 9.99191E-05 9.99191E-05
9.9928E-05 9.9928E-05 9.9928E-05 9.9928E-05 9.9928E-05 9.9928E-05 9.9928E-05 0.885994 0.0142302 0.098976 9.9928E-05
9.99191E-05 9.99191E-05 0.000167486 9.99191E-05 9.99191E-05 9.99191E-05 9.99191E-05 0.998933 9.99191E-05 9.99191E-05 9.99191E-05
9.99101E-05 9.99101E-05 9.99101E-05 9.99101E-05 9.99101E-05 9.99101E-05 9.99101E-05 0.999001 9.99101E-05 9.99101E-05 9.99101E-05
9.9946E-05 9.9946E-05 0.0333819 0.00799392 9.9946E-05 9.9946E-05 9.9946E-05 0.900736 0.0214773 9.9946E-05 0.0358111
9.9919E-05 9.9919E-05 9.9919E-05 9.9919E-05 9.9919E-05 9.9919E-05 9.9919E-05 0.978069 9.9919E-05 9.9919E-05 0.0210314
9.9937E-05 9.9937E-05 9.9937E-05 0.00523643 9.9937E-05 0.021695 9.9937E-05 0.971039 9.9937E-05 9.9937E-05 0.00132985
9.9955E-05 9.9955E-05 9.9955E-05 0.0154801 9.9955E-05 0.0884865 0.0229523 0.85553 0.0143867 0.00266454 9.9955E-05
9.996E-05 0.0208966 9.996E-05 9.996E-05 0.0942551 0.0106517 0.0259135 0.607882 0.0600357 0.179965 9.996E-05
9.9937E-05 9.9937E-05 9.9937E-05 9.9937E-05 9.9937E-05 0.122213 0.00251553 0.870693 9.9937E-05 9.9937E-05 0.00387915
9.9955E-05 0.0337153 9.9955E-05 0.195411 9.9955E-05 9.9955E-05 0.0759179 0.515368 0.0299625 0.149126 9.9955E-05
0.0325302 9.9973E-05 0.036005 9.9973E-05 9.9973E-05 0.0437715 0.597195 0.229368 0.0122204 0.0290349 0.019575
9.99101E-05 9.99101E-05 9.99101E-05 9.99101E-05 9.99101E-05 9.99101E-05 0.999001 9.99101E-05 9.99101E-05 9.99101E-05 9.99101E-05
9.9964E-05 0.0253706 0.0583858 0.0949196 0.0159042 9.9964E-05 0.0715928 0.506648 9.9964E-05 0.226779 9.9964E-05
