9.994E-05 9.994E-05 0.9993 9.994E-05 9.994E-05 9.994E-05 9.994E-05 9.994E-05
0.128445 9.9982E-05 0.162069 0.094483 9.9982E-05 0.0231911 0.560162 0.0314497
9.994E-05 9.994E-05 9.994E-05 0.9993 9.994E-05 9.994E-05 9.994E-05 9.994E-05
0.0794617 9.9964E-05 9.9964E-05 0.81245 0.089157 9.9964E-05 9.9964E-05 0.0185311
0.229735 9.9955E-05 9.9955E-05 0.208201 9.9955E-05 9.9955E-05 0.561565 9.9955E-05
0.069107 9.9973E-05 0.047239 0.000339653 0.0679701 9.9973E-05 0.815044 9.9973E-05
9.9955E-05 9.9955E-05 0.0467037 9.9955E-05 9.9955E-05 9.9955E-05 0.944475 0.00832167
9.9955E-05 9.9955E-05 9.9955E-05 9.9955E-05 0.00110884 9.9955E-05 0.994504 0.0038872
9.996E-05 0.134342 9.996E-05 0.269105 9.996E-05 0.0898577 0.506296 9.996E-05
9.9973E-05 9.9973E-05 0.0966538 0.294979 9.9973E-05 0.308785 0.256009 0.0432736
0.51184 9.9955E-05 9.9955E-05 9.9955E-05 0.485762 9.9955E-05 9.9955E-05 0.00189826
0.45365 9.9946E-05 9.9946E-05 9.9946E-05 0.54575 9.9946E-05 9.9946E-05 9.9946E-05
0.00761022 9.9964E-05 9.9964E-05 0.149841 0.739197 9.9964E-05 0.102952 9.9964E-05
9.997E-05 0.069338 9.997E-05 9.997E-05 0.816692 0.0259575 0.040417 0.0472956
0.702347 9.9973E-05 0.000111427 0.0454699 0.204872 9.9973E-05 9.9973E-05 0.0469
0.25901 9.9964E-05 0.0172395 9.9964E-05 0.713791 9.9964E-05 9.9964E-05 0.00955964
9.994E-05 9.994E-05 9.994E-05 9.994E-05 0.9993 9.994E-05 9.994E-05 9.994E-05
0.0385799 0.132973 9.9973E-05 0.085704 0.543299 0.199144 9.9973E-05 9.9973E-05
0.0937142 0.0619781 9.9973E-05 9.9973E-05 0.719748 0.122488 9.9973E-05 0.00177185
9.9955E-05 0.0228459 9.9955E-05 0.0766798 0.899974 9.9955E-05 9.9955E-05 9.9955E-05
9.9982E-05 0.110771 0.0817501 0.0114716 0.664057 0.130995 9.9982E-05 0.000755224
0.792224 9.9955E-05 0.0393519 9.9955E-05 9.9955E-05 9.9955E-05 0.167925 9.9955E-05
0.0606015 9.9964E-05 0.105143 9.9964E-05 0.805471 9.9964E-05 9.9964E-05 0.0283848
9.9946E-05 9.9946E-05 9.9946E-05 9.9946E-05 0.874123 0.125277 9.9946E-05 9.9946E-05
0.337212 9.9973E-05 0.00989101 9.9973E-05 0.520578 0.127937 9.9973E-05 0.00408234
0.0561135 0.0325928 0.0884695 9.9991E-05 0.62436 0.158331 0.0289685 0.0110643
0.7542 0.221515 9.9955E-05 9.9955E-05 9.9955E-05 0.0237852 9.9955E-05 9.9955E-05
0.786999 9.996E-05 9.996E-05 0.0135289 9.996E-05 0.196599 9.996E-05 0.00247308
0.799992 9.9955E-05 9.9955E-05 9.9955E-05 9.9955E-05 0.177929 0.0215792 9.9955E-05
0.9993 9.994E-05 9.994E-05 9.994E-05 9.994E-05 9.994E-05 9.994E-05 9.994E-05
9.995E-05 0.54206 9.995E-05 0.187358 9.995E-05 0.270083 9.995E-05 9.995E-05
0.06078 0.522026 0.01567 0.254303 9.9973E-05 0.146921 9.9973E-05 9.9973E-05
0.453324 0.42121 9.9964E-05 0.0105405 9.9964E-05 0.114525 9.9964E-05 9.9964E-05
0.192239 0.776032 9.9955E-05 9.9955E-05 9.9955E-05 9.9955E-05 0.0312291 9.9955E-05
0.534867 0.410859 9.9973E-05 0.0158107 0.0331324 9.9973E-05 9.9973E-05 0.00503088
0.0565969 0.67106 0.0691055 0.0722314 0.0313292 0.0994775 9.9982E-05 9.9982E-05
0.346009 0.339855 0.0646599 9.999E-05 0.0167878 0.05035 0.150009 0.0322298
0.147433 0.456108 0.0771033 0.00538702 0.107572 0.206196 9.9982E-05 9.9982E-05
0.216002 0.748143 9.9964E-05 0.0296372 9.9964E-05 9.9964E-05 9.9964E-05 0.00581802
0.307267 0.276722 0.0538305 0.00524032 9.9982E-05 0.320888 9.9982E-05 0.0358524
9.9964E-05 0.733527 9.9964E-05 0.031866 9.9964E-05 0.131726 0.102481 9.9964E-05
0.177402 0.354308 0.0989299 9.9973E-05 0.022516 0.346544 9.9973E-05 9.9973E-05
0.353264 0.353865 9.9973E-05 0.0629436 9.9973E-05 0.2096 9.9973E-05 0.0200281
0.328559 0.632265 0.00852069 9.9964E-05 9.9964E-05 9.9964E-05 9.9964E-05 0.0302561
9.996E-05 0.820901 9.996E-05 9.996E-05 0.0556738 0.119346 9.996E-05 0.00367911
0.0594196 0.723893 9.996E-05 9.996E-05 9.996E-05 0.130191 0.0860965 9.996E-05
9.9955E-05 0.808588 9.9955E-05 9.9955E-05 9.9955E-05 0.178532 9.9955E-05 0.0123798
9.994E-05 0.744599 9.994E-05 9.994E-05 9.994E-05 0.254801 9.994E-05 9.994E-05
0.254952 0.567323 9.9982E-05 0.0684554 9.9982E-05 0.0680138 0.0199025 0.0211531
0.0384331 0.668227 9.9982E-05 0.0600368 0.0369085 0.184196 0.0119984 9.9982E-05
9.9946E-05 0.774029 9.9946E-05 9.9946E-05 9.9946E-05 0.225372 9.9946E-05 9.9946E-05
9.9946E-05 0.937502 0.0618979 9.9946E-05 9.9946E-05 9.9946E-05 9.9946E-05 9.9946E-05
9.9973E-05 0.606916 0.0330484 9.9973E-05 9.9973E-05 0.331807 0.0149023 0.0130259
9.9964E-05 0.855096 0.0191212 9.9964E-05 9.9964E-05 0.11459 9.9964E-05 0.0107928
9.9946E-05 0.846941 9.9946E-05 9.9946E-05 9.9946E-05 0.152459 9.9946E-05 9.9946E-05
9.9964E-05 0.561641 9.9964E-05 0.0958237 9.9964E-05 0.276102 9.9964E-05 0.0660329
0.0783568 0.0653706 9.9973E-05 0.0111339 9.9973E-05 0.813861 0.0309781 9.9973E-05
0.106163 0.134469 9.9973E-05 9.9973E-05 0.0641112 0.641607 0.0533505 9.9973E-05
9.996E-05 0.0279054 9.996E-05 0.112143 9.996E-05 0.818821 0.0407303 9.996E-05
0.157202 0.0304211 0.0204789 9.9973E-05 9.9973E-05 0.660185 0.131413 9.9973E-05
9.9964E-05 0.0936458 9.9964E-05 9.9964E-05 0.0277602 0.876277 0.00191727 9.9964E-05
0.0381327 0.192469 0.0220008 0.100914 9.9982E-05 0.573669 9.9982E-05 0.0726139
9.997E-05 0.0392615 0.01255 0.0322086 0.0370912 0.878589 9.997E-05 9.997E-05
9.99461E-05 9.99461E-05 9.99461E-05 9.99461E-05 9.99461E-05 0.979588 9.99461E-05 0.0198126
0.122357 9.9955E-05 9.9955E-05 9.9955E-05 9.9955E-05 0.862992 9.9955E-05 0.0141516
9.9946E-05 9.9946E-05 0.00748109 9.9946E-05 9.9946E-05 0.991919 9.9946E-05 9.9946E-05
9.994E-05 9.994E-05 9.994E-05 9.994E-05 9.994E-05 0.9993 9.994E-05 9.994E-05
0.0606738 9.9946E-05 9.9946E-05 9.9946E-05 9.9946E-05 0.938727 9.9946E-05 9.9946E-05
9.9955E-05 9.9955E-05 0.0467053 9.9955E-05 9.9955E-05 0.942057 9.9955E-05 0.0107379
9.9946E-05 9.9946E-05 9.9946E-05 0.056432 9.9946E-05 0.942968 9.9946E-05 9.9946E-05
9.99461E-05 0.0313015 9.99461E-05 9.99461E-05 9.99461E-05 0.968099 9.99461E-05 9.99461E-05
9.9964E-05 0.125059 9.9964E-05 9.9964E-05 9.9964E-05 0.719969 0.146487 0.00808527
9.9946E-05 9.9946E-05 9.9946E-05 0.0327043 9.9946E-05 0.966696 9.9946E-05 9.9946E-05
0.0225466 0.150503 0.0437422 9.998E-05 0.0014944 0.719904 9.998E-05 0.0616099
9.9973E-05 0.0859222 9.9973E-05 0.0199517 0.0516479 0.308282 9.9973E-05 0.533896
9.994E-05 9.994E-05 9.994E-05 9.994E-05 9.994E-05 9.994E-05 9.994E-05 0.9993
0.0847473 0.133946 0.047266 0.0161797 9.998E-05 0.657622 9.998E-05 0.0600385
