9.995E-05 9.995E-05 9.995E-05 9.995E-05 9.995E-05 0.9994 9.995E-05
0.0889022 0.416118 9.9973E-05 0.0945886 9.9973E-05 0.400091 9.9973E-05
0.0568757 0.420043 9.9973E-05 0.140621 9.9973E-05 0.38216 9.9973E-05
9.99551E-05 0.694882 9.99551E-05 9.99551E-05 9.99551E-05 0.304618 9.99551E-05
9.9973E-05 0.741826 0.0217496 9.9973E-05 9.9973E-05 0.202674 0.0334508
9.9964E-05 0.722567 9.9964E-05 0.0145641 9.9964E-05 0.262469 9.9964E-05
9.99551E-05 0.646105 9.99551E-05 9.99551E-05 9.99551E-05 0.353395 9.99551E-05
0.0362567 0.532918 9.9973E-05 0.0637477 9.9973E-05 0.366777 9.9973E-05
0.0355616 0.635432 9.9982E-05 0.0447291 9.9982E-05 0.273342 0.0107356
9.995E-05 9.995E-05 9.995E-05 9.995E-05 9.995E-05 0.9994 9.995E-05
9.995E-05 9.995E-05 9.995E-05 9.995E-05 9.995E-05 0.9994 9.995E-05
9.995E-05 9.995E-05 9.995E-05 9.995E-05 9.995E-05 0.9994 9.995E-05
9.995E-05 9.995E-05 9.995E-05 9.995E-05 9.995E-05 0.9994 9.995E-05
9.9973E-05 0.0128144 0.0285711 9.9973E-05 9.9973E-05 0.945943 0.0123719
0.0061722 9.9973E-05 0.0136417 9.9973E-05 0.00530772 0.974578 9.9973E-05
9.9982E-05 0.734114 9.9982E-05 0.0196834 0.0022089 0.226065 0.0177291
0.0380577 0.468389 0.0782067 0.0749027 0.00820078 0.296599 0.0356436
9.9955E-05 0.71932 9.9955E-05 9.9955E-05 9.9955E-05 0.28018 9.9955E-05
9.99641E-05 0.966995 0.0268576 9.99641E-05 9.99641E-05 0.0057473 9.99641E-05
9.995E-05 0.9994 9.995E-05 9.995E-05 9.995E-05 9.995E-05 9.995E-05
0.00782514 0.892356 9.9964E-05 9.9964E-05 9.9964E-05 0.0994185 9.9964E-05
9.9973E-05 0.87891 0.0581519 0.0332129 9.9973E-05 0.0294253 9.9973E-05
9.9964E-05 0.881438 0.0549012 9.9964E-05 9.9964E-05 0.0632613 9.9964E-05
9.9955E-05 0.91509 9.9955E-05 9.9955E-05 9.9955E-05 0.0844107 9.9955E-05
9.99551E-05 0.948252 9.99551E-05 9.99551E-05 9.99551E-05 0.0512478 9.99551E-05
9.9973E-05 0.907654 9.9973E-05 9.9973E-05 0.0352169 0.0379489 0.0188807
9.9982E-05 0.840766 0.0184745 0.0373212 9.9982E-05 0.0435926 0.0596461
9.99551E-05 0.939401 9.99551E-05 9.99551E-05 9.99551E-05 0.0600994 9.99551E-05
9.9973E-05 0.847644 0.0362798 9.9973E-05 0.00714199 0.108635 9.9973E-05
9.9955E-05 0.840011 9.9955E-05 9.9955E-05 9.9955E-05 0.15949 9.9955E-05
9.99641E-05 0.845447 0.0379852 9.99641E-05 9.99641E-05 0.116168 9.99641E-05
9.99641E-05 0.94105 9.99641E-05 9.99641E-05 9.99641E-05 0.0235731 0.0349766
0.00615049 0.935855 0.0066878 0.0148449 9.9982E-05 0.0362615 9.9982E-05
0.0284762 0.730885 9.9991E-05 0.0502873 0.0614482 0.100344 0.0284602
9.9964E-05 0.819267 0.115498 9.9964E-05 9.9964E-05 0.0648349 9.9964E-05
9.9955E-05 0.849304 9.9955E-05 9.9955E-05 9.9955E-05 0.150196 9.9955E-05
9.9964E-05 0.957798 0.036845 0.00495763 9.9964E-05 9.9964E-05 9.9964E-05
0.0110284 0.810292 0.0581537 0.023247 9.9991E-05 0.0247633 0.0724153
0.0497399 0.795443 9.9982E-05 0.0543902 9.9982E-05 0.0282108 0.0720165
0.0303001 0.922134 9.9982E-05 9.9982E-05 0.00197232 0.0129188 0.0324744
0.0957291 0.672959 9.9982E-05 0.0829897 0.131966 9.9982E-05 0.0161565
0.0460201 0.699065 9.9982E-05 0.0695639 0.113642 9.9982E-05 0.0715095
0.0566939 0.692158 9.9982E-05 0.100406 0.0985847 0.0519581 9.9982E-05
0.0719814 0.710166 9.9982E-05 0.0740812 0.122411 9.9982E-05 0.0211609
9.9982E-05 0.76117 0.0120148 0.0898495 0.0951804 9.9982E-05 0.0415849
9.9964E-05 0.925478 9.9964E-05 0.027747 9.9964E-05 9.9964E-05 0.0463751
9.9973E-05 0.899028 9.9973E-05 0.0164716 0.0296356 9.9973E-05 0.0545646
9.9982E-05 0.897155 0.00722143 0.0610625 0.0181768 9.9982E-05 0.0161843
9.9991E-05 0.682162 0.0136479 0.0239596 0.123695 0.0425566 0.11388
0.0357638 0.756313 9.9991E-05 0.029999 0.0482663 0.0939519 0.0356063
0.0363562 0.811908 9.9991E-05 0.0444787 0.0151498 0.0345635 0.0574438
9.9982E-05 0.829548 0.040395 0.0669781 0.027081 9.9982E-05 0.0357976
9.9982E-05 0.881846 0.0166425 0.0366327 0.0430205 9.9982E-05 0.0216582
0.0281203 0.66516 0.0916403 9.9991E-05 0.0820586 0.0494931 0.083428
0.0773079 0.608824 0.0748416 0.0474108 0.0945129 0.0572907 0.0398123
0.0543171 0.752913 0.00526412 0.10079 0.0851125 9.9991E-05 0.00150306
0.0248131 0.652738 0.0190021 0.0960859 0.0580849 0.0754552 0.0738209
0.0565693 0.758513 0.0179748 0.0265167 0.0338893 9.9991E-05 0.106437
9.9964E-05 0.90111 9.9964E-05 0.0574654 9.9964E-05 9.9964E-05 0.0410249
0.0341657 0.815792 9.9991E-05 0.0466067 0.0163377 0.0297279 0.0572697
9.9982E-05 0.79382 0.0182228 0.00722666 0.090209 9.9982E-05 0.0903218
0.0776969 0.814179 9.9973E-05 9.9973E-05 0.102025 9.9973E-05 0.0057989
0.067752 0.629496 0.0395445 0.127808 0.0593732 9.9991E-05 0.0759259
0.00142786 0.679264 0.0714789 0.101071 0.127511 9.9991E-05 0.0191469
0.045399 0.804106 0.00344795 9.9982E-05 0.0875855 9.9982E-05 0.0592614
0.0409752 0.66633 0.0489614 0.117522 0.0833552 9.9991E-05 0.0427563
0.108358 0.689267 9.9982E-05 0.0236737 0.101044 9.9982E-05 0.0774584
0.0461725 0.583552 0.102804 0.113642 0.135629 9.9991E-05 0.0181008
0.0406756 0.800423 0.00669161 0.0380077 0.0534298 9.9991E-05 0.0606718
0.0133296 0.621234 0.0554711 0.100993 0.208772 9.9982E-05 9.9982E-05
0.0942263 0.760031 9.9973E-05 0.0974172 0.0480255 9.9973E-05 9.9973E-05
0.0621315 0.676867 0.0607062 0.0779416 0.0922577 9.9991E-05 0.0299957
0.00735712 0.784309 0.034348 0.0301782 0.00296918 0.045641 0.0951975
9.9982E-05 0.785201 9.9982E-05 0.0102026 0.066915 0.00549441 0.131987
0.0194805 0.576441 0.0345851 0.0540643 0.218689 0.005649 0.0910904
0.0402124 0.712463 0.0589786 0.0160423 0.059088 9.9991E-05 0.113116
0.0677789 0.733619 0.0238657 0.0934302 0.068103 9.9991E-05 0.0131034
0.151354 0.549953 0.150937 0.0367956 0.102303 0.00855782 9.9991E-05
0.132979 0.401919 0.0752648 0.101708 0.178416 9.9991E-05 0.109614
0.174345 0.420898 0.127491 0.0364782 0.118541 9.9991E-05 0.122146
0.0755436 0.462661 0.0872902 0.0963103 0.150942 9.9991E-05 0.127152
0.1907 0.416661 0.11679 0.0543563 0.168055 9.9991E-05 0.0533374
0.176304 0.426465 0.0997469 0.0484632 0.144465 9.9991E-05 0.104455
0.195277 0.487201 0.00774567 0.0128277 0.211802 9.9991E-05 0.0850464
0.224229 0.512028 0.049215 0.0484888 0.148896 9.9991E-05 0.0170434
0.186581 0.490562 0.0563607 0.111082 0.108074 9.9991E-05 0.0472407
0.0960605 0.515946 0.0366509 0.0925401 0.138383 0.0434781 0.0769416
0.141691 0.60014 9.9982E-05 0.00134979 0.192235 9.9982E-05 0.0643841
0.191624 0.447803 0.084547 0.0662894 0.0963736 9.9991E-05 0.113263
0.137821 0.424434 0.0198652 0.100712 0.160349 9.9991E-05 0.156719
0.113498 0.508282 0.210011 0.0588231 0.0796636 0.0296217 9.9991E-05
0.10726 0.471713 0.159688 0.0839871 0.154355 0.0228961 9.9991E-05
0.247735 0.349103 0.0164793 0.112918 0.0808167 0.00868574 0.184262
0.9994 9.995E-05 9.995E-05 9.995E-05 9.995E-05 9.995E-05 9.995E-05
0.944615 9.9964E-05 9.9964E-05 9.9964E-05 0.0286506 0.0263348 9.9964E-05
0.862858 0.0159003 0.0796382 9.9982E-05 9.9982E-05 0.0265408 0.0148625
0.9994 9.995E-05 9.995E-05 9.995E-05 9.995E-05 9.995E-05 9.995E-05
0.9994 9.995E-05 9.995E-05 9.995E-05 9.995E-05 9.995E-05 9.995E-05
0.996138 9.9955E-05 0.00336237 9.9955E-05 9.9955E-05 9.9955E-05 9.9955E-05
0.990386 9.9955E-05 0.00911457 9.9955E-05 9.9955E-05 9.9955E-05 9.9955E-05
0.899395 0.0582211 9.9973E-05 0.0152919 9.9973E-05 9.9973E-05 0.0267922
0.9994 9.995E-05 9.995E-05 9.995E-05 9.995E-05 9.995E-05 9.995E-05
0.9994 9.995E-05 9.995E-05 9.995E-05 9.995E-05 9.995E-05 9.995E-05
0.130795 0.292628 0.11283 0.0712745 0.296841 9.9991E-05 0.0955316
0.894562 0.0149088 0.058859 9.9982E-05 9.9982E-05 0.0037445 0.0277257
0.9994 9.995E-05 9.995E-05 9.995E-05 9.995E-05 9.995E-05 9.995E-05
0.9994 9.995E-05 9.995E-05 9.995E-05 9.995E-05 9.995E-05 9.995E-05
0.143177 0.256607 0.127485 0.0451492 0.282842 9.9991E-05 0.144639
0.139986 0.235923 0.161914 0.0985486 0.252038 9.9991E-05 0.11149
0.130922 0.278408 0.172147 0.0585531 0.271697 9.9991E-05 0.0881718
0.173187 0.270471 0.164195 0.0344365 0.253676 9.9991E-05 0.103934
0.15615 0.30998 0.0820538 0.0645638 0.265736 9.9991E-05 0.121417
0.0884462 0.384333 0.191764 0.0427556 0.226129 9.9991E-05 0.0664728
0.127428 0.390778 0.192811 0.0617017 0.170308 9.9991E-05 0.0568724
0.15457 0.322309 0.19807 9.9982E-05 0.236644 9.9982E-05 0.0882063
0.233531 0.246986 0.169463 0.073444 0.16312 9.9991E-05 0.113357
0.221681 0.294104 0.137406 0.0859813 0.200989 9.9991E-05 0.0597388
0.131041 0.376845 0.154661 0.0822789 0.176721 9.9991E-05 0.0783534
0.192981 0.306837 0.207766 0.079691 0.138716 9.9991E-05 0.0739085
0.114877 0.302684 0.110317 0.0871221 0.237141 0.00704587 0.140813
0.15301 0.350221 0.0987693 0.0603382 0.254995 9.9991E-05 0.0825654
9.995E-05 9.995E-05 9.995E-05 0.9994 9.995E-05 9.995E-05 9.995E-05
0.241045 0.269219 0.088641 0.131321 0.204726 0.000368039 0.06468
9.995E-05 9.995E-05 9.995E-05 0.9994 9.995E-05 9.995E-05 9.995E-05
9.995E-05 9.995E-05 9.995E-05 0.9994 9.995E-05 9.995E-05 9.995E-05
0.032541 9.9982E-05 0.0610564 0.903048 0.00251198 0.000642114 9.9982E-05
0.00674263 0.12534 0.00415438 0.798578 0.0241863 0.00898951 0.032009
9.995E-05 9.995E-05 9.995E-05 0.9994 9.995E-05 9.995E-05 9.995E-05
9.9973E-05 0.0551469 0.0282451 0.902757 0.013551 9.9973E-05 9.9973E-05
0.03496 9.9973E-05 0.0122226 0.950914 9.9973E-05 9.9973E-05 0.00160379
9.9955E-05 9.9955E-05 9.9955E-05 0.967196 0.0323041 9.9955E-05 9.9955E-05
9.9955E-05 9.9955E-05 9.9955E-05 0.994496 9.9955E-05 0.00500463 9.9955E-05
9.9982E-05 0.000490226 0.0109897 0.944404 0.0278135 9.9982E-05 0.0161023
9.9955E-05 9.9955E-05 9.9955E-05 0.981917 9.9955E-05 9.9955E-05 0.0175828
0.0403783 9.9973E-05 9.9973E-05 0.849329 0.0417511 9.9973E-05 0.0682416
9.9982E-05 0.0278952 9.9982E-05 0.929817 0.0149569 0.0100813 0.0170495
0.00409664 9.9982E-05 0.0427038 0.903459 0.0406367 0.00890404 9.9982E-05
0.0113178 9.9982E-05 0.0314827 0.888759 0.0204389 9.9982E-05 0.0478018
0.00795881 0.022176 9.9982E-05 0.913752 9.9982E-05 0.0221432 0.0337697
9.9964E-05 9.9964E-05 0.00248475 0.985385 0.0117306 9.9964E-05 9.9964E-05
0.00198289 0.0158098 0.0193715 0.0342646 0.928371 9.9982E-05 9.9982E-05
0.00513374 9.9982E-05 0.0331481 9.9982E-05 0.907762 0.0167454 0.0370106
9.995E-05 9.995E-05 9.995E-05 9.995E-05 0.9994 9.995E-05 9.995E-05
9.9955E-05 9.9955E-05 9.9955E-05 9.9955E-05 0.998453 9.9955E-05 0.00104687
9.995E-05 9.995E-05 9.995E-05 9.995E-05 0.9994 9.995E-05 9.995E-05
9.995E-05 9.995E-05 9.995E-05 9.995E-05 0.9994 9.995E-05 9.995E-05
9.995E-05 9.995E-05 9.995E-05 9.995E-05 0.9994 9.995E-05 9.995E-05
9.9973E-05 0.0124641 0.109297 9.9973E-05 0.806726 0.0712131 9.9973E-05
9.995E-05 9.995E-05 9.995E-05 9.995E-05 0.9994 9.995E-05 9.995E-05
9.995E-05 9.995E-05 9.995E-05 9.995E-05 0.9994 9.995E-05 9.995E-05
0.0485199 9.9973E-05 0.102606 9.9973E-05 0.828815 0.0197584 9.9973E-05
9.995E-05 9.995E-05 9.995E-05 9.995E-05 0.9994 9.995E-05 9.995E-05
9.9982E-05 0.0335698 0.0617404 0.0855032 0.768372 9.9982E-05 0.0506146
0.111283 0.278502 0.157629 0.0752208 0.08621 0.00849468 0.282661
0.0563311 0.356398 0.130685 0.0809783 0.11379 9.9991E-05 0.261717
0.120799 0.257164 0.148981 0.073861 0.0833106 0.0228729 0.293012
0.0975583 0.355124 0.10848 0.0532681 0.0925697 0.0271136 0.265886
9.9973E-05 0.0430774 0.871173 9.9973E-05 0.0497256 9.9973E-05 0.0357242
9.995E-05 9.995E-05 0.9994 9.995E-05 9.995E-05 9.995E-05 9.995E-05
9.9955E-05 9.9955E-05 0.999292 9.9955E-05 9.9955E-05 9.9955E-05 0.000208073
9.995E-05 9.995E-05 0.9994 9.995E-05 9.995E-05 9.995E-05 9.995E-05
9.9955E-05 9.9955E-05 0.993346 9.9955E-05 9.9955E-05 9.9955E-05 0.00615414
0.00186054 9.9973E-05 0.969907 0.0142987 9.9973E-05 9.9973E-05 0.0136342
0.00114212 9.9973E-05 0.984794 0.00994708 9.9973E-05 9.9973E-05 0.0038169
0.035648 0.0846344 0.691965 0.0500803 0.0698006 0.0662381 0.0016331
9.9982E-05 0.107413 0.864046 0.00372675 9.9982E-05 0.00791559 0.0166987
9.9973E-05 0.00646322 9.9973E-05 9.9973E-05 0.028952 0.0288815 0.935403
9.995E-05 9.995E-05 9.995E-05 9.995E-05 9.995E-05 9.995E-05 0.9994
9.995E-05 9.995E-05 9.995E-05 9.995E-05 9.995E-05 9.995E-05 0.9994
9.995E-05 9.995E-05 9.995E-05 9.995E-05 9.995E-05 9.995E-05 0.9994
9.995E-05 9.995E-05 9.995E-05 9.995E-05 9.995E-05 9.995E-05 0.9994
0.0127813 0.0198299 0.0243587 0.0072544 9.9991E-05 0.0210691 0.914607
9.995E-05 9.995E-05 9.995E-05 9.995E-05 9.995E-05 9.995E-05 0.9994
9.995E-05 9.995E-05 9.995E-05 9.995E-05 9.995E-05 9.995E-05 0.9994
9.9955E-05 9.9955E-05 9.9955E-05 9.9955E-05 9.9955E-05 0.0136003 0.9859
0.000522669 0.0072046 9.9982E-05 9.9982E-05 0.00694095 0.00874497 0.976387
9.995E-05 9.995E-05 9.995E-05 9.995E-05 9.995E-05 9.995E-05 0.9994
9.9955E-05 9.9955E-05 0.0032745 9.9955E-05 9.9955E-05 9.9955E-05 0.996226
