9.995E-05 9.995E-05 9.995E-05 9.995E-05 9.995E-05 9.995E-05 0.9994
9.9973E-05 9.9973E-05 0.0662242 0.0798004 0.609145 9.9973E-05 0.24453
9.9973E-05 9.9973E-05 0.0410119 0.0963189 0.600909 9.9973E-05 0.26146
0.0742079 9.9973E-05 9.9973E-05 0.0253721 0.688381 9.9973E-05 0.211739
0.0473323 0.137662 9.9973E-05 9.9973E-05 0.709025 9.9973E-05 0.105681
0.181595 9.9973E-05 9.9973E-05 0.0525367 0.602402 9.9973E-05 0.163166
9.9955E-05 9.9955E-05 9.9955E-05 9.9955E-05 0.73571 9.9955E-05 0.26379
0.107543 0.019501 0.00277577 0.0843083 0.489187 9.9991E-05 0.296586
9.9982E-05 0.0264439 0.038594 0.0438089 0.693757 9.9982E-05 0.197197
9.995E-05 9.995E-05 9.995E-05 9.995E-05 9.995E-05 9.995E-05 0.9994
9.995E-05 9.995E-05 9.995E-05 9.995E-05 9.995E-05 9.995E-05 0.9994
9.995E-05 9.995E-05 9.995E-05 9.995E-05 9.995E-05 9.995E-05 0.9994
9.9973E-05 0.00252255 0.0151056 9.9973E-05 9.9973E-05 0.000746751 0.981325
0.00731451 0.0432283 9.9982E-05 0.0383307 0.0299868 9.9982E-05 0.88094
0.0245721 9.9964E-05 9.9964E-05 0.0336822 9.9964E-05 9.9964E-05 0.941346
0.232686 0.0455 9.9982E-05 0.0683409 0.489107 9.9982E-05 0.164166
0.203175 0.0709606 0.0407047 0.0885876 0.338902 0.047578 0.210092
0.0896493 9.9982E-05 0.0248286 9.9982E-05 0.690016 0.00370419 0.191602
0.0204652 0.0865963 0.0117799 9.9973E-05 0.880859 9.9973E-05 9.9973E-05
0.030389 0.0200804 9.9982E-05 0.00683102 0.929023 0.0134764 9.9982E-05
9.9973E-05 0.0260584 0.0357084 9.9973E-05 0.905916 9.9973E-05 0.0320173
0.0993761 0.0092033 0.0179392 0.0326503 0.793728 0.0470032 9.9991E-05
9.9973E-05 0.0735929 9.9973E-05 0.0182335 0.883436 0.0244377 9.9973E-05
9.9964E-05 9.9964E-05 9.9964E-05 9.9964E-05 0.969424 0.0265402 0.00363594
0.000743753 0.000922919 0.014102 9.9982E-05 0.972374 0.0116575 9.9982E-05
0.238845 0.0401539 9.9973E-05 9.9973E-05 0.660438 0.0602638 9.9973E-05
0.0966136 0.121141 9.9973E-05 0.0876525 0.694293 9.9973E-05 9.9973E-05
9.9964E-05 9.9964E-05 9.9964E-05 0.0133193 0.961854 0.0244266 9.9964E-05
0.0750571 0.0262319 0.00267322 9.9991E-05 0.776872 0.0857776 0.0332877
9.9955E-05 9.9955E-05 9.9955E-05 9.9955E-05 0.976658 9.9955E-05 0.0228423
9.9973E-05 0.0405948 9.9973E-05 9.9973E-05 0.881171 0.0514045 0.0265297
0.15907 0.0256932 0.011462 9.9982E-05 0.741823 0.0617524 9.9982E-05
0.11291 0.0363259 0.0241051 0.0785941 0.741084 0.00688141 9.9991E-05
0.096645 0.0098987 0.0243613 0.0563107 0.630845 0.147019 0.0349198
0.0245035 0.0869029 9.9982E-05 0.0579352 0.801997 0.0284618 9.9982E-05
0.0027613 9.9964E-05 9.9964E-05 9.9964E-05 0.969249 9.9964E-05 0.0275896
0.478768 0.00524312 9.9964E-05 9.9964E-05 0.515589 9.9964E-05 9.9964E-05
0.236381 0.0975431 0.00763997 0.0281688 0.615484 0.0146833 9.9991E-05
0.201968 0.0952837 0.051757 0.0468045 0.592102 0.00349099 0.00859427
0.360369 0.0271856 0.0127043 9.9982E-05 0.580393 0.0191483 9.9982E-05
0.85459 9.9982E-05 0.0356962 0.0411405 0.0433664 0.0250067 9.9982E-05
0.772227 0.044695 9.9982E-05 0.0597333 0.122529 0.000615665 9.9982E-05
0.531152 9.9991E-05 0.042492 0.0777316 0.211265 0.0799038 0.0573552
0.889593 9.9973E-05 9.9973E-05 0.0019893 0.0948648 0.0132531 9.9973E-05
0.714743 0.0179639 9.9982E-05 0.00694624 0.223919 0.0362273 9.9982E-05
0.979403 9.9955E-05 9.9955E-05 9.9955E-05 9.9955E-05 9.9955E-05 0.0200972
0.98662 9.9955E-05 9.9955E-05 9.9955E-05 9.9955E-05 9.9955E-05 0.0128807
0.467386 0.0408472 9.9982E-05 0.0438596 0.429607 0.0181001 9.9982E-05
0.53671 0.0462173 9.9991E-05 0.0834997 0.148197 0.0747312 0.110545
0.375 9.9991E-05 0.0420215 0.0595623 0.379464 0.0603796 0.0834724
0.709005 0.00063977 9.9982E-05 0.0259084 0.231396 9.9982E-05 0.0328504
0.819035 9.9964E-05 9.9964E-05 0.0424739 0.138091 9.9964E-05 9.9964E-05
0.930033 9.9964E-05 9.9964E-05 9.9964E-05 0.0421245 9.9964E-05 0.0274426
0.731225 0.0703155 9.9982E-05 9.9982E-05 0.152584 0.0156241 0.0300515
0.696483 0.0318438 0.04952 9.9991E-05 0.147693 0.0239503 0.0504098
0.716889 9.9982E-05 9.9982E-05 0.0907336 0.163195 0.0196688 0.00931374
0.540414 0.0829229 9.9991E-05 0.0661632 0.214353 0.0324166 0.0636305
0.66218 0.110959 0.0108439 9.9982E-05 0.203587 0.01223 9.9982E-05
0.963406 9.9973E-05 9.9973E-05 0.00641355 0.0124662 9.9973E-05 0.0174148
0.634746 0.10669 9.9973E-05 9.9973E-05 0.228284 9.9973E-05 0.0299797
0.655935 0.109337 9.9982E-05 9.9982E-05 0.184595 0.0351605 0.0147734
0.815059 9.9982E-05 0.0196513 9.9982E-05 0.0655348 0.0693098 0.030245
0.693992 0.0399249 0.0404522 0.045454 0.179977 9.9982E-05 9.9982E-05
0.968271 0.0312288 9.99551E-05 9.99551E-05 9.99551E-05 9.99551E-05 9.99551E-05
0.760671 0.00241366 9.9982E-05 9.9982E-05 0.184066 0.0211776 0.0314715
0.977257 9.9964E-05 9.9964E-05 0.0218772 9.9964E-05 9.9964E-05 0.000465477
0.969292 9.9955E-05 0.0302081 9.9955E-05 9.9955E-05 9.9955E-05 9.9955E-05
0.941406 9.9973E-05 0.00828464 9.9973E-05 9.9973E-05 0.0429776 0.0070322
0.614263 0.0406617 0.00530841 0.00207819 0.317472 0.0201167 9.9991E-05
0.96993 9.99551E-05 9.99551E-05 0.0295704 9.99551E-05 9.99551E-05 9.99551E-05
0.787085 9.9982E-05 0.0220526 0.0401141 0.0834401 9.9982E-05 0.0671087
0.795832 0.0698931 0.00700176 0.0328565 0.0681359 0.0261806 9.9991E-05
0.913054 9.9955E-05 9.9955E-05 9.9955E-05 9.9955E-05 9.9955E-05 0.086446
0.943975 9.9964E-05 9.9964E-05 0.00447233 9.9964E-05 9.9964E-05 0.0511529
0.870503 9.9991E-05 0.0148583 0.00131981 0.0137491 0.0445035 0.0549664
0.925469 0.0591255 9.9964E-05 9.9964E-05 9.9964E-05 9.9964E-05 0.0150052
0.9913 9.9964E-05 0.00708804 0.00121248 9.9964E-05 9.9964E-05 9.9964E-05
0.748107 0.00312834 0.125017 0.049781 9.9991E-05 0.0332129 0.0406531
0.650567 0.0238796 0.134424 0.0347486 0.0891458 0.0671347 9.9991E-05
0.749216 0.0701606 0.142609 9.9973E-05 9.9973E-05 0.037715 9.9973E-05
0.754609 0.0273783 0.0994 0.014381 9.9991E-05 0.080188 0.0239434
0.852268 0.0150849 0.0999614 0.00955992 9.9982E-05 0.0229262 9.9982E-05
0.806371 0.0530755 0.0818431 0.0234887 9.9982E-05 0.0350218 9.9982E-05
0.5199 0.0361037 0.128325 0.0264423 0.128721 0.160408 9.9991E-05
0.642897 9.9991E-05 0.185352 0.0513026 0.0210876 0.0921211 0.00713964
0.583334 0.032434 0.186849 0.10652 0.0323639 0.0488716 0.00962707
0.477047 0.0649991 0.0614903 0.0504626 0.193767 0.13252 0.0197138
0.607681 0.0544688 0.129198 9.9982E-05 0.100091 0.108361 9.9982E-05
0.572108 0.122917 0.157872 0.0472566 9.9982E-05 0.0996474 9.9982E-05
0.485743 0.10943 0.121005 0.0815241 0.0623923 0.128456 0.0114491
0.700902 0.019342 0.136154 0.0486755 0.00313265 0.038321 0.0534728
0.724026 9.9991E-05 0.0995177 0.0445378 0.00396052 0.0813375 0.046521
0.446541 0.174998 0.18548 0.0915607 0.0264148 0.0653523 0.00965265
9.995E-05 9.995E-05 0.9994 9.995E-05 9.995E-05 9.995E-05 9.995E-05
0.0233006 9.9964E-05 0.948314 9.9964E-05 9.9964E-05 9.9964E-05 0.0279855
0.0444881 0.0483006 0.86671 9.9982E-05 0.0366961 0.00360559 9.9982E-05
9.995E-05 9.995E-05 0.9994 9.995E-05 9.995E-05 9.995E-05 9.995E-05
9.9955E-05 9.9955E-05 0.989955 9.9955E-05 0.00954534 9.9955E-05 9.9955E-05
9.995E-05 9.995E-05 0.9994 9.995E-05 9.995E-05 9.995E-05 9.995E-05
9.995E-05 9.995E-05 0.9994 9.995E-05 9.995E-05 9.995E-05 9.995E-05
9.9982E-05 0.0510173 0.857637 0.000972796 0.0651967 0.0249759 9.9982E-05
9.995E-05 9.995E-05 0.9994 9.995E-05 9.995E-05 9.995E-05 9.995E-05
9.995E-05 9.995E-05 0.9994 9.995E-05 9.995E-05 9.995E-05 9.995E-05
0.304828 0.141289 0.0988857 0.0676816 0.109977 0.277238 9.9991E-05
0.0917082 0.00533755 0.894855 0.00779914 9.9973E-05 9.9973E-05 9.9973E-05
9.995E-05 9.995E-05 0.9994 9.995E-05 9.995E-05 9.995E-05 9.995E-05
9.9964E-05 0.00086376 0.996989 9.9964E-05 9.9964E-05 9.9964E-05 0.00174701
0.572422 0.130385 0.0922663 9.9973E-05 9.9973E-05 0.204627 9.9973E-05
0.679815 0.0725454 0.12552 9.9973E-05 9.9973E-05 0.121819 9.9973E-05
0.612352 0.101082 0.111063 0.048342 9.9982E-05 0.126961 9.9982E-05
0.587664 0.0745771 0.165062 0.0210167 9.9982E-05 0.15148 9.9982E-05
0.533917 0.0903357 0.12008 0.0510077 9.9982E-05 0.204459 9.9982E-05
0.411859 0.0844252 0.116703 0.0308195 0.178353 0.17774 9.9991E-05
0.52436 0.115667 0.129707 0.0103881 0.0830046 0.136773 9.9991E-05
0.625385 0.0676449 0.132559 9.9973E-05 9.9973E-05 0.174111 9.9973E-05
0.541965 0.0876465 0.226413 0.0508 9.9982E-05 0.0929758 9.9982E-05
0.584117 0.0745025 0.180665 0.0209994 9.9982E-05 0.139516 9.9982E-05
0.594545 0.119105 0.0982678 0.0548427 0.034941 0.0981985 9.9991E-05
0.595477 0.121719 0.215196 9.9973E-05 9.9973E-05 0.0673075 9.9973E-05
0.586104 0.140635 0.0318587 0.0663279 9.9982E-05 0.174874 9.9982E-05
0.589816 0.0740203 0.128895 0.0407572 0.00150419 0.164907 9.9991E-05
9.9973E-05 0.00694735 9.9973E-05 0.0320742 0.0217313 0.938947 9.9973E-05
9.9982E-05 0.0795996 0.0478381 9.9982E-05 0.0388863 0.826965 0.00651109
9.995E-05 9.995E-05 9.995E-05 9.995E-05 9.995E-05 0.9994 9.995E-05
0.0202786 0.0166008 9.9964E-05 9.9964E-05 9.9964E-05 0.962721 9.9964E-05
9.995E-05 9.995E-05 9.995E-05 9.995E-05 9.995E-05 0.9994 9.995E-05
9.9955E-05 9.9955E-05 9.9955E-05 9.9955E-05 9.9955E-05 0.99326 0.00624068
9.995E-05 9.995E-05 9.995E-05 9.995E-05 9.995E-05 0.9994 9.995E-05
0.215882 0.0178896 0.00107463 0.0304908 9.9991E-05 0.681709 0.0528545
9.9964E-05 0.0124711 9.9964E-05 0.00485619 9.9964E-05 0.982273 9.9964E-05
9.995E-05 9.995E-05 9.995E-05 9.995E-05 9.995E-05 0.9994 9.995E-05
9.9973E-05 9.9973E-05 0.0528287 0.0349734 9.9973E-05 0.884147 0.027751
9.995E-05 9.995E-05 9.995E-05 9.995E-05 9.995E-05 0.9994 9.995E-05
0.00448464 0.0640137 0.0575225 0.0936784 9.9982E-05 0.780101 9.9982E-05
9.995E-05 9.995E-05 9.995E-05 0.9994 9.995E-05 9.995E-05 9.995E-05
0.428503 0.11188 0.19632 0.135045 9.9982E-05 0.128052 9.9982E-05
9.995E-05 9.995E-05 9.995E-05 0.9994 9.995E-05 9.995E-05 9.995E-05
9.995E-05 9.995E-05 9.995E-05 0.9994 9.995E-05 9.995E-05 9.995E-05
9.99551E-05 9.99551E-05 0.0134818 0.986018 9.99551E-05 9.99551E-05 9.99551E-05
0.0999886 0.00728434 0.01756 0.788908 0.0812375 0.00492166 9.9991E-05
9.995E-05 9.995E-05 9.995E-05 0.9994 9.995E-05 9.995E-05 9.995E-05
0.0491605 9.9964E-05 9.9964E-05 0.92416 0.0262796 9.9964E-05 9.9964E-05
9.9955E-05 9.9955E-05 9.9955E-05 0.995075 0.00442495 9.9955E-05 9.9955E-05
9.9973E-05 0.0425429 9.9973E-05 0.905041 0.00786209 0.0442544 9.9973E-05
9.995E-05 9.995E-05 9.995E-05 0.9994 9.995E-05 9.995E-05 9.995E-05
0.00967308 9.9964E-05 9.9964E-05 0.986179 0.00374792 9.9964E-05 9.9964E-05
9.9955E-05 9.9955E-05 9.9955E-05 0.974477 9.9955E-05 0.0250235 9.9955E-05
0.0416894 0.0396518 0.0472095 0.831111 9.9982E-05 0.040138 9.9982E-05
0.0148532 0.00979111 9.9982E-05 0.927098 0.00357807 9.9982E-05 0.0444796
0.083747 9.9964E-05 9.9964E-05 0.889129 9.9964E-05 0.0267241 9.9964E-05
0.0510464 0.0523468 9.9973E-05 0.871088 9.9973E-05 0.0252185 9.9973E-05
0.0591504 0.0268776 0.00886388 0.852636 0.0322871 9.9991E-05 0.0200851
9.9955E-05 9.9955E-05 9.9955E-05 0.977319 9.9955E-05 0.0221817 9.9955E-05
0.414168 0.343361 0.0692262 0.0547886 9.9991E-05 0.0800051 0.0383514
0.482119 0.330637 0.0576652 0.0340235 0.0283226 0.0513674 0.0158656
0.473587 0.351641 0.0611284 0.064216 9.9991E-05 0.0176759 0.0316523
0.462407 0.338807 0.0674889 0.0444691 9.9991E-05 0.0368062 0.0499221
0.196982 0.443862 0.186584 0.0796344 0.0490057 0.043832 9.9991E-05
0.0191575 0.571313 0.276689 0.119488 9.99821E-05 0.0131529 9.99821E-05
0.183012 0.471147 0.220091 0.0950481 0.0154445 0.0151571 9.9991E-05
0.169052 0.517776 0.224271 0.0886015 9.99731E-05 9.99731E-05 9.99731E-05
0.177558 0.486013 0.23039 0.0889906 9.9982E-05 0.0168477 9.9982E-05
0.209701 0.474689 0.225358 0.0758612 9.9982E-05 0.0141907 9.9982E-05
0.227385 0.470602 0.209136 0.0737816 0.0188954 9.9982E-05 9.9982E-05
0.101296 0.378047 0.172674 0.13872 0.128999 0.0801637 9.9991E-05
0.300403 0.401533 0.152891 0.0682546 0.0767186 9.9982E-05 9.9982E-05
9.995E-05 0.9994 9.995E-05 9.995E-05 9.995E-05 9.995E-05 9.995E-05
9.995E-05 0.9994 9.995E-05 9.995E-05 9.995E-05 9.995E-05 9.995E-05
9.995E-05 0.9994 9.995E-05 9.995E-05 9.995E-05 9.995E-05 9.995E-05
9.995E-05 0.9994 9.995E-05 9.995E-05 9.995E-05 9.995E-05 9.995E-05
9.995E-05 0.9994 9.995E-05 9.995E-05 9.995E-05 9.995E-05 9.995E-05
0.0560064 0.936434 9.9964E-05 9.9964E-05 9.9964E-05 9.9964E-05 0.00715982
9.995E-05 0.9994 9.995E-05 9.995E-05 9.995E-05 9.995E-05 9.995E-05
9.995E-05 0.9994 9.995E-05 9.995E-05 9.995E-05 9.995E-05 9.995E-05
9.995E-05 0.9994 9.995E-05 9.995E-05 9.995E-05 9.995E-05 9.995E-05
9.9955E-05 0.983956 9.9955E-05 9.9955E-05 9.9955E-05 0.0155438 9.9955E-05
9.995E-05 0.9994 9.995E-05 9.995E-05 9.995E-05 9.995E-05 9.995E-05
9.995E-05 0.9994 9.995E-05 9.995E-05 9.995E-05 9.995E-05 9.995E-05
