9.995E-05 9.995E-05 9.995E-05 9.995E-05 9.995E-05 9.995E-05 0.9994
0.577388 0.0747557 9.9973E-05 9.9973E-05 0.0886908 9.9973E-05 0.258866
0.575894 0.0901696 9.9973E-05 9.9973E-05 0.0751618 9.9973E-05 0.258474
0.701607 9.9973E-05 9.9973E-05 9.9973E-05 0.00147111 0.0589327 0.237689
0.556414 9.9982E-05 0.0424932 0.129354 9.9982E-05 0.183042 0.0884968
0.631454 0.038405 9.9982E-05 9.9982E-05 0.0211989 0.150257 0.158485
0.716901 9.9955E-05 9.9955E-05 9.9955E-05 9.9955E-05 9.9955E-05 0.2826
0.553324 0.0344145 0.0189133 9.9991E-05 0.0103961 0.094633 0.288219
0.717974 0.0728999 0.0390572 9.9982E-05 0.018231 9.9982E-05 0.151638
9.995E-05 9.995E-05 9.995E-05 9.995E-05 9.995E-05 9.995E-05 0.9994
9.995E-05 9.995E-05 9.995E-05 9.995E-05 9.995E-05 9.995E-05 0.9994
9.995E-05 9.995E-05 9.995E-05 9.995E-05 9.995E-05 9.995E-05 0.9994
9.9955E-05 9.9955E-05 9.9955E-05 9.9955E-05 0.0170033 9.9955E-05 0.982497
9.9964E-05 0.0144079 9.9964E-05 0.0384672 9.9964E-05 9.9964E-05 0.946725
9.999E-05 0.0134998 0.0186153 0.0105109 0.00307661 0.0337692 0.920428
0.441676 0.0170867 9.9982E-05 9.9982E-05 0.000664106 0.354734 0.18564
0.450323 9.9982E-05 9.9982E-05 0.117931 0.0663401 0.186992 0.178214
0.60234 9.9973E-05 9.9973E-05 9.9973E-05 0.0110741 0.195453 0.190834
0.928756 9.9964E-05 0.00646607 0.0643777 9.9964E-05 9.9964E-05 9.9964E-05
0.932907 9.9955E-05 9.9955E-05 0.0665931 9.9955E-05 9.9955E-05 9.9955E-05
0.91857 9.9973E-05 0.0268726 9.9973E-05 0.0301254 9.9973E-05 0.0241319
0.796755 0.0689217 0.00645849 0.100485 0.0158785 0.0114006 9.9991E-05
0.841809 0.025024 0.0184032 0.114464 9.9973E-05 9.9973E-05 9.9973E-05
0.956718 0.00982248 9.9982E-05 0.0294004 0.00290104 9.9982E-05 0.000958403
0.978106 9.9964E-05 0.00502486 9.9964E-05 9.9964E-05 0.0164691 9.9964E-05
0.652017 0.00140356 0.0786636 0.0287325 9.9982E-05 0.238984 9.9982E-05
0.722978 0.0878556 0.0727181 0.0692757 9.9982E-05 0.046973 9.9982E-05
0.927304 0.0279479 9.9964E-05 9.9964E-05 9.9964E-05 0.0443479 9.9964E-05
0.736776 0.00999248 0.0947984 0.0439811 9.9991E-05 0.0893273 0.0250243
0.88677 9.9964E-05 9.9964E-05 9.9964E-05 9.9964E-05 0.082946 0.0298839
0.937722 9.9964E-05 9.9964E-05 0.0531733 9.9964E-05 9.9964E-05 0.00870493
0.80702 0.0588295 0.101861 0.00731794 0.0247713 9.9982E-05 9.9982E-05
0.743742 0.0498641 0.0427926 0.010666 9.9982E-05 0.152736 9.9982E-05
0.627855 0.0614837 0.0877824 9.9991E-05 0.0144743 0.16684 0.0414639
0.797843 0.0189467 0.0444073 0.138503 9.9973E-05 9.9973E-05 9.9973E-05
0.859905 9.9964E-05 9.9964E-05 9.9964E-05 9.9964E-05 0.0865548 0.0531408
0.471165 9.9964E-05 9.9964E-05 0.0348678 9.9964E-05 0.493567 9.9964E-05
0.541089 9.9982E-05 0.0691209 0.0869015 0.0104455 0.292243 9.9982E-05
0.582481 0.0382252 0.0781207 0.0235455 0.0405152 0.237012 9.9991E-05
0.535498 9.9982E-05 0.0144117 0.0254508 0.0137914 0.410648 9.9982E-05
9.9964E-05 9.9964E-05 0.0138688 9.9964E-05 0.0545302 0.931201 9.9964E-05
9.9982E-05 0.00325329 0.0718311 9.9982E-05 0.00682531 0.906062 0.0118278
0.180276 0.0808033 9.9982E-05 9.9982E-05 0.0211253 0.667796 0.049799
0.0253942 9.9964E-05 0.000402213 9.9964E-05 9.9964E-05 0.973804 9.9964E-05
0.217285 0.0334148 0.037336 9.9973E-05 9.9973E-05 0.711664 9.9973E-05
0.057442 9.9955E-05 9.9955E-05 9.9955E-05 9.9955E-05 0.942058 9.9955E-05
9.995E-05 9.995E-05 9.995E-05 9.995E-05 9.995E-05 0.9994 9.995E-05
0.371397 0.0388055 0.0212536 0.024016 9.9982E-05 0.544328 9.9982E-05
0.16504 0.0282397 0.0859205 0.0199842 9.9991E-05 0.625026 0.0756892
0.363441 0.0202121 0.072757 9.9991E-05 0.0448843 0.416248 0.0823574
0.24353 0.0461948 0.0316229 9.9991E-05 0.0172873 0.629375 0.0318901
0.149155 0.0172055 9.9982E-05 0.0312155 9.9982E-05 0.782517 0.0197068
0.0468375 9.9964E-05 9.9964E-05 9.9964E-05 9.9964E-05 0.919145 0.0336174
0.142699 9.9982E-05 0.0665808 0.0984575 9.9982E-05 0.633387 0.0586757
0.153914 0.000752096 0.0532071 0.0664632 0.0223315 0.659175 0.0441578
0.188954 0.106977 0.0789506 9.9982E-05 0.0256024 0.599316 9.9982E-05
0.183852 0.0668075 0.076084 0.0315196 9.9991E-05 0.577431 0.0642067
0.188686 9.9982E-05 0.0313349 0.0466138 0.0276074 0.705558 9.9982E-05
0.00380528 9.9964E-05 9.9964E-05 9.9964E-05 9.9964E-05 0.958463 0.0373317
0.235681 0.0531048 0.0854927 9.9991E-05 0.0299283 0.538959 0.0567349
0.19054 9.9982E-05 0.104336 0.0224387 9.9982E-05 0.681176 0.00130966
0.0159506 9.9982E-05 0.134069 9.9982E-05 0.00772607 0.812085 0.0299693
0.0858105 0.0249785 0.0149772 0.00877352 0.0279125 0.831015 0.00653319
9.9973E-05 0.0282863 9.9973E-05 0.0483865 9.9973E-05 0.908546 0.0144814
0.120725 9.9973E-05 0.063989 9.9973E-05 9.9973E-05 0.774751 0.0402347
9.9964E-05 0.0136904 9.9964E-05 0.0508386 9.9964E-05 0.935071 9.9964E-05
9.9955E-05 9.9955E-05 9.9955E-05 9.9955E-05 0.0124537 0.987047 9.9955E-05
9.99641E-05 9.99641E-05 9.99641E-05 0.0971558 0.0468736 0.855571 9.99641E-05
0.277855 0.0046105 0.025645 9.9973E-05 9.9973E-05 0.69159 9.9973E-05
9.9964E-05 0.0134256 9.9964E-05 0.0205022 9.9964E-05 0.965672 9.9964E-05
0.0845756 0.0244039 9.9982E-05 9.9982E-05 0.0434144 0.797526 0.04988
0.0507839 0.018299 0.0286331 0.0137314 0.0175774 0.870875 9.9991E-05
9.9955E-05 9.9955E-05 9.9955E-05 9.9955E-05 9.9955E-05 0.901214 0.0982862
0.0179917 9.9973E-05 0.0252436 9.9973E-05 9.9973E-05 0.917163 0.0393022
0.00530669 9.9982E-05 0.0507579 0.038075 9.9982E-05 0.871386 0.0342746
9.9973E-05 9.9973E-05 0.0467982 0.0495564 9.9973E-05 0.888342 0.0150033
9.9973E-05 0.035558 9.9973E-05 0.01299 0.00101035 0.950142 9.9973E-05
9.9982E-05 9.9982E-05 0.0261166 0.104626 0.0942812 0.750858 0.0239187
0.00134919 0.00272647 0.0551654 0.106916 0.134287 0.699455 9.9991E-05
9.9973E-05 9.9973E-05 0.0738877 0.0521746 0.0825438 0.791094 9.9973E-05
9.9982E-05 0.0184303 0.117929 0.0519548 0.0447269 0.766759 9.9982E-05
9.9982E-05 0.00391321 0.0219331 0.091372 0.10919 0.773392 9.9982E-05
9.9982E-05 0.0145547 0.051933 0.0534606 0.115093 0.764758 9.9982E-05
0.188067 9.9982E-05 0.15451 0.0324778 0.0938155 0.53093 9.9982E-05
0.0629614 0.00503581 0.0825084 0.0387839 0.222718 0.563481 0.0245112
0.0688168 0.0855464 0.0953218 0.0191538 0.161476 0.545012 0.0246726
0.120291 0.0610161 0.140248 0.0361429 0.0773767 0.51841 0.0465153
0.096711 9.9973E-05 0.165755 9.9973E-05 0.125937 0.611297 9.9973E-05
9.9991E-05 0.0307008 0.0634272 0.102107 0.129397 0.65407 0.0201982
0.0371607 0.0732678 0.200753 0.0112548 0.0802662 0.579328 0.0179703
0.0318562 0.0579508 9.9991E-05 0.246431 0.105477 0.509361 0.0488241
0.0251113 0.0458638 9.9991E-05 0.247748 0.0707365 0.579429 0.0310117
0.0535799 0.0952411 0.199522 0.0157082 0.187902 0.422035 0.0260123
9.995E-05 9.995E-05 9.995E-05 9.995E-05 0.9994 9.995E-05 9.995E-05
0.00483462 0.0515128 9.9973E-05 9.9973E-05 0.940656 9.9973E-05 0.00269711
0.0101002 9.9991E-05 0.00222764 0.0645632 0.855083 0.0484623 0.0194634
9.9955E-05 0.00381623 9.9955E-05 9.9955E-05 0.995684 9.9955E-05 9.9955E-05
9.995E-05 9.995E-05 9.995E-05 9.995E-05 0.9994 9.995E-05 9.995E-05
9.995E-05 9.995E-05 9.995E-05 9.995E-05 0.9994 9.995E-05 9.995E-05
9.995E-05 9.995E-05 9.995E-05 9.995E-05 0.9994 9.995E-05 9.995E-05
0.0502473 0.00734585 9.99739E-05 9.99739E-05 0.933662 9.99739E-05 0.00844458
0.00164383 9.9955E-05 9.9955E-05 9.9955E-05 0.997856 9.9955E-05 9.9955E-05
9.995E-05 9.995E-05 9.995E-05 9.995E-05 0.9994 9.995E-05 9.995E-05
0.0625282 0.103864 0.364026 0.0741974 0.141387 0.253898 9.9991E-05
9.9964E-05 9.9964E-05 9.9964E-05 0.0293086 0.86057 0.109722 9.9964E-05
9.9955E-05 9.9955E-05 9.9955E-05 9.9955E-05 0.993944 9.9955E-05 0.00555619
9.9973E-05 9.9973E-05 0.0143327 0.000108636 0.983124 9.9973E-05 0.00213456
9.9982E-05 0.0215804 0.293696 0.0808921 0.11124 0.492392 9.9982E-05
9.9982E-05 0.0632991 0.20029 0.0743524 0.126408 0.535451 9.9982E-05
9.9982E-05 0.0387587 0.197814 0.117232 0.122394 0.523601 9.9982E-05
9.9982E-05 0.0664172 0.191604 0.0847412 0.162216 0.494822 9.9982E-05
9.9982E-05 0.0686097 0.26975 0.0673983 0.133906 0.460136 9.9982E-05
0.124508 0.0214386 0.170996 0.191171 0.0799692 0.411818 9.9991E-05
0.0632168 0.0278585 0.108065 0.11757 0.186539 0.493355 0.003396
9.9973E-05 9.9973E-05 0.212554 0.151138 0.134812 0.501196 9.9973E-05
9.9982E-05 0.0639494 0.135033 0.165173 0.213563 0.422082 9.9982E-05
9.9982E-05 0.064008 0.141324 0.144326 0.210901 0.439241 9.9982E-05
0.013259 0.0362255 0.205292 0.098189 0.112358 0.534577 9.9991E-05
0.0223975 0.0178752 0.117761 0.204852 0.150117 0.475181 0.0118164
9.9982E-05 0.0577925 0.176685 0.0924644 0.07374 0.599118 9.9982E-05
0.00925319 0.0427137 0.23778 0.0658927 0.142473 0.501788 9.9991E-05
9.9973E-05 0.0145701 0.861593 9.9973E-05 0.0359208 0.0876165 9.9973E-05
0.0083526 0.0326038 0.864406 0.00190748 0.0923943 9.9991E-05 0.000235767
9.9964E-05 0.0389661 0.9033 9.9964E-05 0.057334 9.9964E-05 9.9964E-05
9.9973E-05 0.00954175 0.904811 9.9973E-05 0.030851 0.0544967 9.9973E-05
9.9973E-05 0.00532524 0.899258 9.9973E-05 0.0373503 0.0577667 9.9973E-05
9.9964E-05 0.0500805 0.869437 9.9964E-05 0.0800828 9.9964E-05 9.9964E-05
9.9973E-05 0.0202776 0.834333 9.9973E-05 0.0471299 0.0979593 9.9973E-05
9.9991E-05 0.0401834 0.672988 0.0843634 0.0290343 0.157496 0.0158349
9.9973E-05 0.0445376 0.877198 9.9973E-05 0.0131546 0.0648102 9.9973E-05
9.9973E-05 0.0043064 0.867089 9.9973E-05 0.0515737 0.0767308 9.9973E-05
9.9982E-05 0.0127396 0.73497 0.073303 0.158295 0.0204923 9.9982E-05
9.9973E-05 0.00835665 0.842175 9.9973E-05 0.095437 0.0537318 9.9973E-05
9.9973E-05 0.11046 0.707689 9.9973E-05 0.00455213 0.176999 9.9973E-05
9.995E-05 0.9994 9.995E-05 9.995E-05 9.995E-05 9.995E-05 9.995E-05
9.9982E-05 0.0833806 0.137146 0.081695 0.186279 0.511299 9.9982E-05
9.995E-05 0.9994 9.995E-05 9.995E-05 9.995E-05 9.995E-05 9.995E-05
9.995E-05 0.9994 9.995E-05 9.995E-05 9.995E-05 9.995E-05 9.995E-05
9.9964E-05 0.92896 9.9964E-05 0.0497849 0.0208554 9.9964E-05 9.9964E-05
0.0223992 0.78233 0.0628875 9.9973E-05 9.9973E-05 0.132084 9.9973E-05
9.9955E-05 0.998972 9.9955E-05 9.9955E-05 9.9955E-05 9.9955E-05 0.000527942
9.9973E-05 0.881157 9.9973E-05 0.0789299 9.9973E-05 0.0348418 0.00477108
0.00123943 0.998261 9.9955E-05 9.9955E-05 9.9955E-05 9.9955E-05 9.9955E-05
0.0181709 0.940292 0.0116189 9.9973E-05 9.9973E-05 0.0296185 9.9973E-05
9.995E-05 0.9994 9.995E-05 9.995E-05 9.995E-05 9.995E-05 9.995E-05
0.0139078 0.90518 0.0222503 0.00267245 9.9982E-05 0.0557898 9.9982E-05
9.995E-05 0.9994 9.995E-05 9.995E-05 9.995E-05 9.995E-05 9.995E-05
0.0760644 0.771718 0.0591073 9.9982E-05 0.0798112 0.0130989 9.9982E-05
9.9973E-05 0.957237 0.0193397 0.00317536 9.9973E-05 9.9973E-05 0.0199479
9.9982E-05 0.8875 9.9982E-05 0.0212744 0.000878276 0.0893158 0.000831418
9.9991E-05 0.883467 0.0425148 0.0432695 0.00997924 0.0193702 0.00129926
0.00892011 0.905149 0.0307178 0.0200352 9.9991E-05 0.00811571 0.0269622
9.9973E-05 0.928445 9.9973E-05 0.0291065 0.0148664 0.0272826 9.9973E-05
9.9991E-05 0.0245974 0.308618 0.171372 0.0688341 0.378382 0.0480966
9.9991E-05 0.0325822 0.290995 0.169473 0.115778 0.35869 0.0323816
0.00580079 0.0538742 0.2576 0.146885 0.0590777 0.377769 0.0989936
9.9991E-05 0.0232075 0.289698 0.153307 0.0411972 0.429483 0.0630074
0.0200761 9.99755E-05 0.0139285 0.954084 9.99755E-05 0.0116114 9.99755E-05
9.995E-05 9.995E-05 9.995E-05 0.9994 9.995E-05 9.995E-05 9.995E-05
0.015252 0.0105367 0.0295063 0.941856 9.9982E-05 0.00264878 9.9982E-05
9.995E-05 9.995E-05 9.995E-05 0.9994 9.995E-05 9.995E-05 9.995E-05
9.99513E-05 9.99513E-05 9.99513E-05 0.9994 9.99513E-05 9.99513E-05 9.99513E-05
9.9973E-05 0.0366697 0.00244252 0.939097 0.0214905 9.9973E-05 9.9973E-05
9.9955E-05 9.9955E-05 9.9955E-05 0.996286 9.9955E-05 0.00321418 9.9955E-05
0.0900089 0.0585065 0.0892765 0.753362 9.9982E-05 9.9982E-05 0.00864635
0.0609207 0.00395357 9.9982E-05 0.82965 9.9982E-05 0.101381 0.00389478
0.0478371 9.9973E-05 0.911208 0.024063 9.9973E-05 9.9973E-05 0.0165921
9.9964E-05 9.9964E-05 0.941471 0.0386896 9.9964E-05 9.9964E-05 0.0194397
0.0114993 9.9973E-05 0.952636 0.0237028 9.9973E-05 9.9973E-05 0.0118622
0.0238163 9.9973E-05 0.946114 0.00770525 9.9973E-05 9.9973E-05 0.0220641
9.9964E-05 9.9964E-05 0.955976 0.0313012 9.9964E-05 9.9964E-05 0.0123232
0.089387 0.00289353 0.823829 0.0657293 9.9982E-05 9.9982E-05 0.0179607
0.0484053 9.9973E-05 0.900206 0.0243871 9.9973E-05 9.9973E-05 0.0267016
0.0294317 9.9964E-05 0.944247 9.9964E-05 9.9964E-05 9.9964E-05 0.0259217
0.00812409 9.9973E-05 0.940923 0.0086759 9.9973E-05 9.9973E-05 0.0419776
0.0547783 9.9973E-05 0.875146 0.0491299 9.9973E-05 9.9973E-05 0.0206459
0.00054975 9.9973E-05 0.918737 0.0344605 9.9973E-05 9.9973E-05 0.0459524
0.0789427 9.9973E-05 0.906878 0.00683383 9.9973E-05 9.9973E-05 0.00704561
