9.995E-05 9.995E-05 0.9994 9.995E-05 9.995E-05 9.995E-05 9.995E-05
0.0210985 0.113509 0.749382 9.9973E-05 9.9973E-05 9.9973E-05 0.11571
9.995E-05 0.9994 9.995E-05 9.995E-05 9.995E-05 9.995E-05 9.995E-05
0.0160161 0.915439 9.9964E-05 0.0681448 9.9964E-05 9.9964E-05 9.9964E-05
0.00563966 0.0523025 0.760789 9.9982E-05 9.9982E-05 0.129923 0.0511463
9.9955E-05 9.9955E-05 0.910874 0.0886262 9.9955E-05 9.9955E-05 9.9955E-05
0.000713202 9.9973E-05 0.920099 9.9973E-05 0.0538282 0.0250594 9.9973E-05
9.9964E-05 9.9964E-05 0.910242 0.0404243 0.0489337 9.9964E-05 9.9964E-05
9.9973E-05 0.307351 0.51549 9.9973E-05 0.0557886 0.12107 9.9973E-05
0.0438944 0.376225 0.314843 9.9982E-05 0.0338414 9.9982E-05 0.230997
0.0342678 0.0639701 9.9973E-05 0.886457 9.9973E-05 0.0150056 9.9973E-05
0.00277636 9.9973E-05 0.0277838 0.884234 0.084906 9.9973E-05 9.9973E-05
9.9964E-05 0.167199 0.131657 0.700744 9.9964E-05 9.9964E-05 9.9964E-05
0.0128658 0.0560537 0.0506107 0.655841 0.205264 9.9991E-05 0.0192652
0.0584542 0.116438 9.9982E-05 0.661557 0.136027 9.9982E-05 0.0273235
0.0109403 0.0184658 9.9973E-05 0.923058 9.9973E-05 0.0472355 9.9973E-05
9.995E-05 9.995E-05 9.995E-05 0.9994 9.995E-05 9.995E-05 9.995E-05
9.9973E-05 0.0154212 9.9973E-05 0.658771 0.181179 9.9973E-05 0.144328
0.00560842 9.9973E-05 9.9973E-05 0.752966 0.174543 9.9973E-05 0.0665821
9.9973E-05 0.0496876 9.9973E-05 0.907052 0.0420747 0.000885492 9.9973E-05
9.9973E-05 0.0824313 0.0841813 0.648572 9.9973E-05 9.9973E-05 0.184516
9.9964E-05 9.9964E-05 0.267278 0.564711 0.167611 9.9964E-05 9.9964E-05
0.00386697 9.9964E-05 0.0288139 0.966919 9.9964E-05 9.9964E-05 9.9964E-05
9.9964E-05 9.9964E-05 0.00765473 0.892052 9.9964E-05 9.9964E-05 0.0998938
0.000599539 0.0371471 9.998E-05 0.692693 0.0919144 9.998E-05 0.177446
0.00552971 9.9991E-05 0.103361 0.505893 0.114609 0.043293 0.227215
9.9973E-05 9.9973E-05 9.9973E-05 0.55826 0.181427 0.217126 0.0428873
9.999E-05 0.0539774 0.0395127 0.438587 0.0583658 0.0217679 0.38769
9.9973E-05 9.9973E-05 0.125316 0.376286 0.282775 9.9973E-05 0.215323
9.9973E-05 0.0373578 9.9973E-05 0.562257 9.9973E-05 0.00757246 0.392513
9.9973E-05 0.205883 9.9973E-05 9.9973E-05 0.297414 0.263094 0.233309
9.999E-05 0.235849 0.00286588 0.0226009 0.110719 0.501314 0.126551
9.9955E-05 9.9955E-05 9.9955E-05 9.9955E-05 0.959163 9.9955E-05 0.0403377
9.9964E-05 9.9964E-05 9.9964E-05 0.0116959 0.756227 0.231677 9.9964E-05
0.0101165 9.9964E-05 9.9964E-05 0.208854 0.78063 9.9964E-05 9.9964E-05
9.9964E-05 0.0190203 0.00489585 9.9964E-05 0.975684 9.9964E-05 9.9964E-05
9.9982E-05 9.9982E-05 0.223403 0.0393244 0.733788 0.00312992 0.00015404
9.9964E-05 9.9964E-05 9.9964E-05 0.0729343 0.907526 9.9964E-05 0.0191394
0.0121769 0.0566164 9.9964E-05 9.9964E-05 0.930807 9.9964E-05 9.9964E-05
0.0240635 0.0467828 9.9991E-05 0.101608 0.545832 0.0168165 0.264796
0.00748525 9.9964E-05 0.0033726 9.9964E-05 0.988742 9.9964E-05 9.9964E-05
9.999E-05 0.0438183 0.0633668 0.0790178 0.378968 0.121675 0.313054
0.003262 0.0292134 9.9982E-05 0.00776516 0.913333 9.9982E-05 0.0462262
0.030769 9.9991E-05 0.0375199 0.0243248 0.772397 0.134311 0.000578803
9.9973E-05 0.0608554 9.9973E-05 9.9973E-05 0.121304 0.780753 0.0367878
0.0115193 9.9991E-05 0.0737637 0.00776906 0.00220564 0.835324 0.0693181
0.0288222 9.9973E-05 9.9973E-05 9.9973E-05 0.0550416 0.838119 0.0777169
9.9964E-05 9.9964E-05 9.9964E-05 9.9964E-05 0.00149699 0.893803 0.1043
0.0225599 0.0726933 0.0755593 0.0252122 0.479867 0.320857 0.00325163
9.9991E-05 0.036601 0.0583129 0.00230854 0.21795 0.504174 0.180553
9.9973E-05 0.0235957 9.9973E-05 0.0220544 9.9973E-05 0.912545 0.041505
0.0129618 9.9964E-05 0.0104522 9.9964E-05 9.9964E-05 0.976186 9.9964E-05
0.00868273 9.9973E-05 9.9973E-05 0.0818864 9.9973E-05 0.782317 0.126814
9.9973E-05 9.9973E-05 9.9973E-05 0.0638189 0.00836898 0.884321 0.043191
9.9964E-05 9.9964E-05 0.00529572 9.9964E-05 0.0672666 0.927038 9.9964E-05
0.0608376 0.0502474 9.9973E-05 9.9973E-05 9.9973E-05 0.869158 0.0194575
0.0231874 0.0736041 9.9991E-05 0.0919418 0.00318099 0.0233395 0.784646
9.9982E-05 9.9982E-05 0.0664022 0.0315557 0.198237 0.126525 0.57708
9.9982E-05 0.0340205 0.0944318 0.0254871 9.9982E-05 0.191824 0.654036
9.9982E-05 9.9982E-05 0.155319 0.0053902 0.110155 0.0662329 0.662702
9.9982E-05 9.9982E-05 0.0325609 0.0244844 0.0819394 0.130012 0.730804
0.0978327 0.0375034 0.0161834 9.9982E-05 0.288248 9.9982E-05 0.560032
9.9982E-05 0.0146638 0.00725382 9.9982E-05 0.10967 0.0439468 0.824265
0.0263175 9.99551E-05 9.99551E-05 9.99551E-05 9.99551E-05 9.99551E-05 0.973183
0.00455286 9.9973E-05 9.9973E-05 0.00773457 0.0725312 9.9973E-05 0.914881
9.995E-05 9.995E-05 9.995E-05 9.995E-05 9.995E-05 9.995E-05 0.9994
9.995E-05 9.995E-05 9.995E-05 9.995E-05 9.995E-05 9.995E-05 0.9994
9.9964E-05 0.0106667 9.9964E-05 0.0339332 9.9964E-05 9.9964E-05 0.955
9.995E-05 9.995E-05 9.995E-05 9.995E-05 9.995E-05 9.995E-05 0.9994
9.9955E-05 0.000606997 9.9955E-05 9.9955E-05 9.9955E-05 9.9955E-05 0.998893
9.995E-05 9.995E-05 9.995E-05 9.995E-05 9.995E-05 9.995E-05 0.9994
0.0214859 9.9973E-05 0.103227 9.9973E-05 0.36417 9.9973E-05 0.510817
0.00228971 0.0328413 9.9973E-05 9.9973E-05 9.9973E-05 0.0075981 0.956971
0.0572263 9.9982E-05 0.02477 9.9982E-05 0.255519 0.002747 0.659537
0.569982 0.0264955 9.9991E-05 0.0545616 0.0472047 0.0433416 0.258315
0.9994 9.995E-05 9.995E-05 9.995E-05 9.995E-05 9.995E-05 9.995E-05
0.0779489 9.9991E-05 0.0269532 0.0255335 0.239064 0.0618563 0.568544
