9.995E-05 9.995E-05 9.995E-05 0.9994 9.995E-05 9.995E-05 9.995E-05
9.9973E-05 0.0878863 0.453173 0.379882 0.0787585 9.9973E-05 9.9973E-05
9.9973E-05 0.0729924 0.436179 0.367962 0.122567 9.9973E-05 9.9973E-05
9.99551E-05 9.99551E-05 0.702075 0.297425 9.99551E-05 9.99551E-05 9.99551E-05
0.00675979 9.9982E-05 0.72623 0.152326 9.9982E-05 0.0192629 0.0952207
9.9964E-05 9.9964E-05 0.765073 0.23344 0.00108737 9.9964E-05 9.9964E-05
9.99551E-05 9.99551E-05 0.624168 0.375332 9.99551E-05 9.99551E-05 9.99551E-05
9.9964E-05 9.9964E-05 0.567287 0.372747 0.0595662 9.9964E-05 9.9964E-05
9.9973E-05 9.9973E-05 0.66883 0.273119 0.0374616 0.0202891 9.9973E-05
9.995E-05 9.995E-05 9.995E-05 0.9994 9.995E-05 9.995E-05 9.995E-05
9.995E-05 9.995E-05 9.995E-05 0.9994 9.995E-05 9.995E-05 9.995E-05
9.995E-05 9.995E-05 9.995E-05 0.9994 9.995E-05 9.995E-05 9.995E-05
9.995E-05 9.995E-05 9.995E-05 0.9994 9.995E-05 9.995E-05 9.995E-05
9.9964E-05 9.9964E-05 9.9964E-05 0.924093 0.00613014 9.9964E-05 0.0693775
9.995E-05 9.995E-05 9.995E-05 0.9994 9.995E-05 9.995E-05 9.995E-05
9.9982E-05 0.00750138 0.714675 0.226617 0.0252798 0.0257268 9.9982E-05
0.0106914 0.0488204 0.532394 0.279817 0.0457472 0.00948023 0.0730494
9.99551E-05 9.99551E-05 0.738257 0.261243 9.99551E-05 9.99551E-05 9.99551E-05
9.9964E-05 9.9964E-05 0.924998 0.0289715 9.9964E-05 9.9964E-05 0.0456311
9.99551E-05 9.99551E-05 0.97748 9.99551E-05 9.99551E-05 9.99551E-05 0.0220199
9.9955E-05 9.9955E-05 0.859725 0.139775 9.9955E-05 9.9955E-05 9.9955E-05
9.9973E-05 9.9973E-05 0.793166 0.0739004 0.0260827 9.9973E-05 0.106551
9.9964E-05 9.9964E-05 0.881386 0.0521555 9.9964E-05 9.9964E-05 0.0660582
9.9964E-05 9.9964E-05 0.915671 0.0745916 9.9964E-05 9.9964E-05 0.00933718
9.99551E-05 9.99551E-05 0.945197 0.0543034 9.99551E-05 9.99551E-05 9.99551E-05
0.0286702 9.9982E-05 0.869906 0.0366943 9.9982E-05 0.0430153 0.021514
9.9982E-05 9.9982E-05 0.863128 0.0327701 0.0498384 0.027641 0.0264229
9.99551E-05 9.99551E-05 0.937001 0.062499 9.99551E-05 9.99551E-05 9.99551E-05
9.9964E-05 9.9964E-05 0.844541 0.13168 9.9964E-05 9.9964E-05 0.0233795
9.9955E-05 9.9955E-05 0.892548 0.106952 9.9955E-05 9.9955E-05 9.9955E-05
9.9964E-05 9.9964E-05 0.845655 0.12109 9.9964E-05 9.9964E-05 0.032855
0.0409294 9.99641E-05 0.947094 9.99641E-05 9.99641E-05 9.99641E-05 0.011577
9.9991E-05 0.00684141 0.866106 0.0468049 0.0350562 0.00930075 0.0357903
0.0610517 0.00769171 0.801219 0.0944929 0.0353449 9.9982E-05 9.9982E-05
9.9973E-05 9.9973E-05 0.815806 0.040856 0.00377015 9.9973E-05 0.139268
9.9955E-05 9.9955E-05 0.875436 0.124064 9.9955E-05 9.9955E-05 9.9955E-05
9.9964E-05 9.9964E-05 0.969334 9.9964E-05 0.00340146 9.9964E-05 0.0268645
9.9982E-05 9.9982E-05 0.86733 0.0144869 0.00568384 0.031843 0.0804565
9.9991E-05 0.0352929 0.748444 0.0411754 0.0467412 0.100985 0.0272618
9.9982E-05 0.0587685 0.830327 0.00507421 9.9982E-05 0.0552495 0.0503806
0.119622 0.0819509 0.676535 9.9982E-05 0.0432787 0.0784133 9.9982E-05
0.0340663 0.0848079 0.720971 9.9982E-05 0.0579282 0.102027 9.9982E-05
0.0922718 0.0492636 0.741967 0.0264949 0.089803 9.9982E-05 9.9982E-05
0.0905277 0.0580928 0.759553 9.9982E-05 0.0588324 0.0327941 9.9982E-05
0.0631271 9.9973E-05 0.783484 9.9973E-05 0.0836577 0.0694314 9.9973E-05
9.9964E-05 9.9964E-05 0.923509 9.9964E-05 0.0299866 0.0461043 9.9964E-05
0.0245108 9.9973E-05 0.899784 9.9973E-05 0.038183 0.0372227 9.9973E-05
0.0392712 9.9982E-05 0.853028 9.9982E-05 0.0426542 0.0399513 0.0248958
0.131994 9.9991E-05 0.628651 0.0559974 0.0790059 0.0958519 0.00840009
0.087844 0.0128916 0.745556 0.111724 0.0223927 0.0194915 9.9991E-05
0.0169675 0.0380394 0.779101 0.0219691 0.060927 0.0828956 9.9991E-05
0.050188 9.9982E-05 0.807693 9.9982E-05 0.0684932 0.0525095 0.0209162
0.0310769 9.9973E-05 0.854762 9.9973E-05 0.0283368 0.085524 9.9973E-05
0.0794703 0.0409112 0.715399 0.0188055 0.00858897 0.0518352 0.0849903
0.134797 0.0772408 0.644493 0.0498322 0.0204726 0.0195233 0.0536419
0.110157 0.0286341 0.743353 9.9982E-05 0.0976734 0.0199829 9.9982E-05
0.0503167 0.0259698 0.557602 0.0701001 0.148803 0.116865 0.0303438
0.0237314 0.0208811 0.833458 9.9991E-05 0.00153557 0.102415 0.0178789
9.9964E-05 9.9964E-05 0.875111 9.9964E-05 0.0659999 0.0584893 9.9964E-05
9.9973E-05 0.0580354 0.802507 0.0351493 9.9973E-05 0.104008 9.9973E-05
0.114472 9.9982E-05 0.725889 9.9982E-05 0.0271069 0.110846 0.0214865
0.125291 0.0591068 0.787649 9.9982E-05 0.0151244 0.0126287 9.9982E-05
0.0235594 0.0833656 0.675594 9.9991E-05 0.114578 0.0832147 0.0195882
0.103155 0.0699913 0.583168 9.9991E-05 0.106676 0.0541468 0.0827632
0.116482 9.9964E-05 0.822837 9.9964E-05 9.9964E-05 0.0602812 9.9964E-05
0.0425222 0.0224662 0.624124 9.9991E-05 0.123029 0.0532809 0.134478
0.0869768 0.0909403 0.750424 9.9982E-05 0.0274975 0.0439614 9.9982E-05
0.0958031 0.0461568 0.547713 0.0200378 0.0970538 9.9991E-05 0.193135
0.0102529 0.050662 0.786359 9.9982E-05 0.0592974 0.093229 9.9982E-05
0.112303 9.9973E-05 0.657659 9.9973E-05 0.115124 9.9973E-05 0.114614
0.0907664 0.0864687 0.716172 0.0210074 0.0853858 9.9982E-05 9.9982E-05
0.108453 0.0623821 0.662172 9.9991E-05 0.0936061 0.0608555 0.0124312
0.0416339 9.9982E-05 0.807903 0.0318787 0.0373227 0.0810613 9.9982E-05
0.0441385 0.00574025 0.800678 0.0104339 0.0275794 0.11133 9.9991E-05
0.19129 0.0323462 0.606451 0.0111568 0.0427346 0.0653534 0.0506676
0.0306152 0.0602599 0.719726 9.9991E-05 0.0267624 0.135824 0.0267126
0.0324317 0.0839343 0.732017 9.9991E-05 0.107358 0.0106166 0.0335423
0.0632493 0.137264 0.588518 9.9982E-05 0.0541953 9.9982E-05 0.156573
0.178028 0.163286 0.379715 9.9991E-05 0.0942643 0.100748 0.0838592
0.179102 0.127287 0.415604 9.9991E-05 0.0597414 0.0998964 0.118269
0.196535 0.11342 0.418715 0.00554506 0.0887641 0.0695173 0.107505
0.134596 0.179339 0.440808 9.9991E-05 0.0446565 0.0728762 0.127624
0.172915 0.127014 0.446046 9.9991E-05 0.0845038 0.0795172 0.0899045
0.199781 0.133452 0.62703 9.9991E-05 0.00255259 0.0346015 0.00248263
0.0880684 0.258751 0.448841 0.0620495 0.0225813 0.0675134 0.0521946
0.100365 0.207435 0.429689 9.9991E-05 0.160519 0.0850403 0.0168511
0.122929 0.125043 0.530649 0.0426258 0.0869803 0.0655929 0.0261795
0.176256 0.193015 0.531593 9.9973E-05 9.9973E-05 0.0988364 9.9973E-05
0.153745 0.208321 0.427201 9.9991E-05 0.0328395 0.0888217 0.0889714
0.197465 0.135091 0.393647 0.00718305 0.120779 0.112195 0.0336394
0.104492 0.122229 0.451573 0.0338733 0.0646206 9.9991E-05 0.223113
0.133558 0.0697861 0.51114 0.0285752 0.0608453 9.9991E-05 0.195996
0.135062 0.191576 0.344199 0.0181568 0.0947746 0.188041 0.028191
9.995E-05 0.9994 9.995E-05 9.995E-05 9.995E-05 9.995E-05 9.995E-05
9.9955E-05 0.963994 9.9955E-05 0.0355058 9.9955E-05 9.9955E-05 9.9955E-05
9.9973E-05 0.907519 0.0788602 0.00537805 9.9973E-05 9.9973E-05 0.00794319
9.995E-05 0.9994 9.995E-05 9.995E-05 9.995E-05 9.995E-05 9.995E-05
9.995E-05 0.9994 9.995E-05 9.995E-05 9.995E-05 9.995E-05 9.995E-05
9.995E-05 0.9994 9.995E-05 9.995E-05 9.995E-05 9.995E-05 9.995E-05
9.995E-05 0.9994 9.995E-05 9.995E-05 9.995E-05 9.995E-05 9.995E-05
9.9982E-05 0.911223 0.0574714 9.9982E-05 0.0175663 0.00142301 0.0121167
9.995E-05 0.9994 9.995E-05 9.995E-05 9.995E-05 9.995E-05 9.995E-05
9.995E-05 0.9994 9.995E-05 9.995E-05 9.995E-05 9.995E-05 9.995E-05
0.347392 0.0863606 0.243834 0.00100332 0.1288 0.12175 0.0708599
9.9973E-05 0.906667 0.0375509 9.9973E-05 9.9973E-05 0.030341 0.0251407
9.995E-05 0.9994 9.995E-05 9.995E-05 9.995E-05 9.995E-05 9.995E-05
9.995E-05 0.9994 9.995E-05 9.995E-05 9.995E-05 9.995E-05 9.995E-05
0.288946 0.135533 0.294188 9.9991E-05 0.057092 0.0894913 0.13465
0.266926 0.139075 0.301279 9.9991E-05 0.0775536 0.0740452 0.141022
0.239296 0.136504 0.265718 9.9991E-05 0.0923452 0.0911702 0.174867
0.267454 0.192761 0.255375 9.9991E-05 0.082994 0.0870912 0.114224
0.287736 0.157318 0.225548 9.9991E-05 0.108889 0.0736892 0.146719
0.189145 0.133737 0.407524 9.9991E-05 0.0298522 0.0560073 0.183635
0.176239 0.159978 0.403553 0.00314609 0.0352968 0.0336643 0.188122
0.288527 0.150731 0.311917 9.9991E-05 0.0287184 0.0515722 0.168435
0.15809 0.264083 0.247284 9.9991E-05 0.0933132 0.0674637 0.169667
0.170504 0.234665 0.249443 0.000779392 0.098951 0.0592746 0.186383
0.180891 0.148882 0.356352 9.9991E-05 0.0575629 0.103161 0.15305
0.0959547 0.217303 0.352108 9.9991E-05 0.0748512 0.0412237 0.21846
0.276869 0.0837396 0.300235 0.00538709 0.0532211 0.122957 0.157591
0.233784 0.158267 0.363448 9.9991E-05 0.0443685 0.105948 0.0940843
0.966407 9.9964E-05 9.9964E-05 9.9964E-05 0.00219614 9.9964E-05 0.0309975
0.906713 9.9964E-05 9.9964E-05 9.9964E-05 9.9964E-05 0.0748504 0.0180369
0.9994 9.995E-05 9.995E-05 9.995E-05 9.995E-05 9.995E-05 9.995E-05
0.985099 9.9955E-05 9.9955E-05 9.9955E-05 9.9955E-05 0.0144012 9.9955E-05
0.9994 9.995E-05 9.995E-05 9.995E-05 9.995E-05 9.995E-05 9.995E-05
0.9994 9.995E-05 9.995E-05 9.995E-05 9.995E-05 9.995E-05 9.995E-05
0.9994 9.995E-05 9.995E-05 9.995E-05 9.995E-05 9.995E-05 9.995E-05
0.847299 9.9973E-05 0.0401306 0.0312901 9.9973E-05 9.9973E-05 0.0809808
0.9994 9.995E-05 9.995E-05 9.995E-05 9.995E-05 9.995E-05 9.995E-05
0.9994 9.995E-05 9.995E-05 9.995E-05 9.995E-05 9.995E-05 9.995E-05
0.833581 0.0341439 9.9973E-05 0.0235381 9.9973E-05 9.9973E-05 0.108437
0.985744 9.9964E-05 9.9964E-05 9.9964E-05 9.9964E-05 0.00451839 0.00933799
0.752169 0.0476097 0.0439621 9.9982E-05 0.0910418 9.9982E-05 0.065017
9.995E-05 9.995E-05 9.995E-05 9.995E-05 0.9994 9.995E-05 9.995E-05
0.212756 0.19678 0.291644 9.9991E-05 0.124048 0.0921176 0.0825546
9.995E-05 9.995E-05 9.995E-05 9.995E-05 0.9994 9.995E-05 9.995E-05
9.995E-05 9.995E-05 9.995E-05 9.995E-05 0.9994 9.995E-05 9.995E-05
9.9964E-05 0.0193242 9.9964E-05 9.9964E-05 0.925525 9.9964E-05 0.0547506
0.0522173 9.9973E-05 0.135713 9.9973E-05 0.768992 0.0427785 9.9973E-05
9.995E-05 9.995E-05 9.995E-05 9.995E-05 0.9994 9.995E-05 9.995E-05
0.0278135 9.9973E-05 0.00857412 9.9973E-05 0.871181 9.9973E-05 0.0921313
9.9964E-05 9.9964E-05 9.9964E-05 9.9964E-05 0.968049 0.00232012 0.0292312
0.0129524 9.9964E-05 9.9964E-05 9.9964E-05 0.970545 0.0161029 9.9964E-05
9.995E-05 9.995E-05 9.995E-05 9.995E-05 0.9994 9.995E-05 9.995E-05
9.9955E-05 9.9955E-05 9.9955E-05 9.9955E-05 0.999136 0.00036425 9.9955E-05
0.0118358 0.00523476 9.9964E-05 9.9964E-05 0.98253 9.9964E-05 9.9964E-05
0.0434982 0.0458222 0.000668637 9.9991E-05 0.834072 0.0553566 0.0204822
9.9982E-05 0.00527202 0.00014199 9.9982E-05 0.96316 0.00477722 0.0264485
0.017382 0.0417776 0.0571322 0.00568485 0.843869 9.9991E-05 0.0340543
0.00246269 0.00821175 0.0491351 9.9991E-05 0.8602 0.0305709 0.0493192
9.9991E-05 0.00430863 0.00889459 0.023402 0.861251 0.0664998 0.0355438
0.0248344 0.0249297 0.0165682 9.9991E-05 0.930819 0.00131448 0.00143452
0.0754913 0.0946519 0.261799 0.0148049 0.063151 0.335825 0.154277
0.0642132 0.0709265 0.309598 0.04232 0.0606304 0.328679 0.123633
0.0378312 0.109203 0.269353 0.0237226 0.0717423 0.318821 0.169327
0.0687819 0.122312 0.241774 0.0316148 0.083595 0.302709 0.149213
0.0190971 9.9964E-05 0.0565211 9.9964E-05 9.9964E-05 9.9964E-05 0.923982
9.995E-05 9.995E-05 9.995E-05 9.995E-05 9.995E-05 9.995E-05 0.9994
9.9955E-05 9.9955E-05 9.9955E-05 9.9955E-05 9.9955E-05 0.00309496 0.996405
9.995E-05 9.995E-05 9.995E-05 9.995E-05 9.995E-05 9.995E-05 0.9994
9.9955E-05 9.9955E-05 9.9955E-05 9.9955E-05 9.9955E-05 0.0246453 0.974855
9.9973E-05 0.0068292 9.9973E-05 9.9973E-05 0.00443593 0.0214137 0.967021
9.9964E-05 0.0086098 9.9964E-05 9.9964E-05 0.0199104 9.9964E-05 0.97108
0.0235035 9.9991E-05 0.122096 0.00582515 0.0228904 0.00322108 0.822364
9.9973E-05 9.9973E-05 0.10501 0.0114192 0.00724138 9.9973E-05 0.87603
9.9964E-05 9.9964E-05 0.0202998 0.00400975 9.9964E-05 0.975291 9.9964E-05
9.9964E-05 0.00904814 9.9964E-05 9.9964E-05 9.9964E-05 0.980335 0.010217
9.995E-05 9.995E-05 9.995E-05 9.995E-05 9.995E-05 0.9994 9.995E-05
9.995E-05 9.995E-05 9.995E-05 9.995E-05 9.995E-05 0.9994 9.995E-05
9.995E-05 9.995E-05 9.995E-05 9.995E-05 9.995E-05 0.9994 9.995E-05
9.9973E-05 0.0505553 0.0447452 9.9973E-05 9.9973E-05 0.877559 0.0268407
9.995E-05 9.995E-05 9.995E-05 9.995E-05 9.995E-05 0.9994 9.995E-05
9.995E-05 9.995E-05 9.995E-05 9.995E-05 9.995E-05 0.9994 9.995E-05
9.9955E-05 0.0231197 9.9955E-05 9.9955E-05 9.9955E-05 0.976381 9.9955E-05
0.0154144 0.00773519 9.9973E-05 9.9973E-05 0.0239649 0.952586 9.9973E-05
9.995E-05 9.995E-05 9.995E-05 9.995E-05 9.995E-05 0.9994 9.995E-05
9.995E-05 9.995E-05 9.995E-05 9.995E-05 9.995E-05 0.9994 9.995E-05
