9.995E-05 9.995E-05 0.9994 9.995E-05 9.995E-05 9.995E-05 9.995E-05
9.9973E-05 0.457666 0.387703 0.0633553 9.9973E-05 0.0909756 9.9973E-05
9.9973E-05 0.405884 0.401367 0.11633 9.9973E-05 0.0761189 9.9973E-05
9.99551E-05 0.690832 0.308668 9.99551E-05 9.99551E-05 9.99551E-05 9.99551E-05
9.9964E-05 0.719047 0.205534 9.9964E-05 9.9964E-05 9.9964E-05 0.0750186
9.99551E-05 0.756967 0.242534 9.99551E-05 9.99551E-05 9.99551E-05 9.99551E-05
9.9955E-05 0.613878 0.385622 9.9955E-05 9.9955E-05 9.9955E-05 9.9955E-05
9.9973E-05 0.558944 0.362464 0.0558236 9.9973E-05 0.0224679 9.9973E-05
9.99819E-05 0.65314 0.283633 0.0464972 0.0164291 9.99819E-05 9.99819E-05
9.995E-05 9.995E-05 0.9994 9.995E-05 9.995E-05 9.995E-05 9.995E-05
9.995E-05 9.995E-05 0.9994 9.995E-05 9.995E-05 9.995E-05 9.995E-05
9.995E-05 9.995E-05 0.9994 9.995E-05 9.995E-05 9.995E-05 9.995E-05
9.9955E-05 9.9955E-05 0.99643 9.9955E-05 9.9955E-05 0.00306977 9.9955E-05
9.9955E-05 9.9955E-05 0.925635 9.9955E-05 9.9955E-05 9.9955E-05 0.073865
0.00830606 9.9982E-05 0.961918 0.00803197 0.00110033 9.9982E-05 0.0204436
0.0102425 0.715154 0.247834 9.9973E-05 0.0264699 9.9973E-05 9.9973E-05
0.0234742 0.472856 0.24896 0.0755304 0.0229289 0.050453 0.105797
9.9964E-05 0.708082 0.285794 9.9964E-05 9.9964E-05 0.00572483 9.9964E-05
9.9964E-05 0.914571 0.0221438 9.9964E-05 9.9964E-05 9.9964E-05 0.062885
9.99551E-05 0.965865 9.99551E-05 9.99551E-05 9.99551E-05 9.99551E-05 0.0336349
9.9964E-05 0.813901 0.14559 9.9964E-05 0.0401091 9.9964E-05 9.9964E-05
9.9973E-05 0.854793 0.0358367 0.0313698 9.9973E-05 9.9973E-05 0.0777006
9.9964E-05 0.89073 0.0433438 9.9964E-05 9.9964E-05 9.9964E-05 0.0655263
9.9964E-05 0.906659 0.0883173 9.9964E-05 9.9964E-05 9.9964E-05 0.00462385
9.99551E-05 0.959534 0.0399664 9.99551E-05 9.99551E-05 9.99551E-05 9.99551E-05
0.0209938 0.903506 0.0173069 9.9982E-05 0.0411036 9.9982E-05 0.0168901
9.9982E-05 0.826902 0.0411008 0.0431769 0.0634849 9.9982E-05 0.0251351
9.9964E-05 0.919474 0.0647856 0.015341 9.9964E-05 9.9964E-05 9.9964E-05
0.00569116 0.848392 0.109494 9.9982E-05 0.00239104 9.9982E-05 0.0338312
9.9955E-05 0.85652 0.14298 9.9955E-05 9.9955E-05 9.9955E-05 9.9955E-05
9.9964E-05 0.832285 0.126366 9.9964E-05 9.9964E-05 9.9964E-05 0.0409488
9.9982E-05 0.877232 0.0283358 0.0312868 0.0284809 0.034465 9.9982E-05
9.9973E-05 0.883755 0.0748545 0.0276231 9.9973E-05 9.9973E-05 0.0134675
0.0617417 0.710031 0.0945554 0.092262 0.00456915 0.00234245 0.0344978
9.9973E-05 0.797969 0.0462242 0.0103523 9.9973E-05 9.9973E-05 0.145155
9.9955E-05 0.875629 0.123871 9.9955E-05 9.9955E-05 9.9955E-05 9.9955E-05
9.9964E-05 0.94016 9.9964E-05 0.0120286 9.9964E-05 9.9964E-05 0.0474119
9.9973E-05 0.832574 0.0317267 9.9973E-05 0.044325 9.9973E-05 0.091074
9.9982E-05 0.785333 0.0270965 0.0514379 0.0643122 0.0716207 9.9982E-05
0.0157563 0.871161 0.0200205 9.9991E-05 0.0432146 0.0100992 0.0396487
0.127642 0.699822 9.9982E-05 0.0764126 0.0332139 0.0627103 9.9982E-05
0.117688 0.682002 0.0226938 0.0396112 0.0572328 0.0400496 0.0407226
0.10153 0.706468 0.057351 0.0780694 9.9982E-05 0.0563816 9.9982E-05
0.0788306 0.773523 9.9982E-05 0.0615448 0.0249478 0.0609542 9.9982E-05
0.0635498 0.76265 9.9982E-05 0.0816863 0.0835075 0.00840637 9.9982E-05
9.9964E-05 0.950517 9.9964E-05 0.0353118 0.0137715 9.9964E-05 9.9964E-05
0.0300855 0.905146 9.9973E-05 0.0418411 0.0226274 9.9973E-05 9.9973E-05
0.0525667 0.835688 9.9982E-05 0.0710989 0.0150536 9.9982E-05 0.0253926
0.09835 0.721247 0.062587 0.0274438 0.090172 9.9982E-05 9.9982E-05
0.085463 0.768527 0.107749 0.0175873 9.9991E-05 0.0153202 0.00525371
9.9982E-05 0.831186 0.0187772 0.0401514 0.0674827 0.0422026 9.9982E-05
0.0505351 0.835492 9.9982E-05 0.0636667 0.0131395 9.9982E-05 0.0369667
0.0196856 0.865413 0.00142453 0.0506603 0.0626164 9.9982E-05 9.9982E-05
0.0569751 0.689846 0.0517355 0.0303498 0.0510831 0.0104631 0.109547
0.0755933 0.690464 0.0459008 0.0106118 0.0431688 0.0626419 0.0716193
0.121849 0.711903 9.9973E-05 0.12891 9.9973E-05 0.0370378 9.9973E-05
0.0889839 0.592266 0.08919 0.116886 0.109116 0.00292497 0.000633617
0.0674114 0.753731 9.9982E-05 9.9982E-05 0.0998469 0.0482578 0.0305525
9.9964E-05 0.908672 9.9964E-05 0.0460952 0.0448325 9.9964E-05 9.9964E-05
0.0565447 0.755257 0.0223944 0.0478335 0.0847642 0.0331066 9.9991E-05
0.0893162 0.78903 9.9973E-05 9.9973E-05 0.0820068 9.9973E-05 0.0393467
0.173998 0.686154 0.0291759 0.0202979 0.0307141 0.0293467 0.0303133
0.0609439 0.726837 9.9991E-05 0.0592114 0.0380498 0.0747583 0.0400991
0.0664752 0.594731 9.9991E-05 0.0946157 0.0447883 0.0645817 0.134708
0.116768 0.825228 9.9973E-05 9.9973E-05 0.0469119 0.0107917 9.9973E-05
0.109739 0.648167 9.9991E-05 0.101591 0.0442245 0.0267618 0.0694163
0.122482 0.718219 9.9991E-05 0.00456241 0.0546682 0.0954869 0.00448099
0.103645 0.55803 0.0179219 0.10859 0.0169046 0.0629488 0.13196
0.0326407 0.840848 9.9991E-05 0.0365493 0.0491515 0.0219281 0.0187829
0.144989 0.632674 9.9991E-05 0.0725782 0.0201893 0.000620378 0.12885
0.0698123 0.708526 0.032645 0.0816353 9.9982E-05 0.107181 9.9982E-05
0.13294 0.715343 9.9991E-05 0.0410549 0.0385712 0.0590066 0.0129838
0.0273961 0.762634 0.0443851 0.0545533 0.0764103 0.00354239 0.0310786
0.0239514 0.81935 0.0119551 0.016008 0.128536 9.9982E-05 9.9982E-05
0.203632 0.613544 0.027055 0.0463197 0.0477035 0.0162491 0.0454967
0.0682094 0.714153 9.9991E-05 0.0128828 0.134842 0.0150546 0.0547584
0.0676398 0.745311 9.9991E-05 0.0508548 0.0189135 0.0688811 0.0482997
0.0682595 0.592773 0.0336885 0.0242794 9.9991E-05 0.122528 0.158371
0.137307 0.384927 9.9991E-05 0.0839603 0.105495 0.124266 0.163944
0.169172 0.412761 9.9991E-05 0.0446041 0.0857695 0.179314 0.108279
0.171455 0.496314 9.9991E-05 0.0870522 0.0743381 0.106642 0.0640992
0.111278 0.446594 9.9991E-05 0.0656825 0.0814636 0.15911 0.135772
0.129789 0.45092 9.9991E-05 0.0596651 0.0643585 0.141473 0.153695
0.180419 0.544991 9.9982E-05 9.9982E-05 0.0785031 0.144806 0.0510809
0.14013 0.510977 0.0050153 0.0622888 0.0584597 0.211744 0.0113851
0.170208 0.403605 0.0138758 0.118093 0.0580568 0.215272 0.0208905
0.157742 0.531549 0.0312477 0.0723819 0.0819165 0.0894615 0.0357011
0.164106 0.558653 9.9973E-05 9.9973E-05 0.123238 0.153703 9.9973E-05
0.170624 0.374066 0.00765656 0.117375 0.0628724 0.177948 0.0894575
0.161638 0.356983 9.9991E-05 0.162296 0.154582 0.132021 0.0323797
0.13611 0.413202 0.0517718 0.0977503 9.9991E-05 0.0790028 0.222063
0.131589 0.411435 0.0452442 0.0748084 9.9991E-05 0.141291 0.195532
0.177095 0.326061 0.0147894 0.0597146 0.189959 0.195748 0.0366338
9.9964E-05 9.9964E-05 0.00230264 9.9964E-05 9.9964E-05 0.992249 0.00504898
0.00608466 0.0158762 0.0210617 9.9973E-05 9.9973E-05 0.956678 9.9973E-05
9.9982E-05 0.0752789 0.0040553 0.0167215 9.9982E-05 0.874287 0.0294577
9.995E-05 9.995E-05 9.995E-05 9.995E-05 9.995E-05 0.9994 9.995E-05
9.995E-05 9.995E-05 9.995E-05 9.995E-05 9.995E-05 0.9994 9.995E-05
9.995E-05 9.995E-05 9.995E-05 9.995E-05 9.995E-05 0.9994 9.995E-05
9.9955E-05 9.9955E-05 9.9955E-05 9.9955E-05 0.00991498 0.989585 9.9955E-05
9.9973E-05 0.0931601 0.00510738 0.0193161 9.9973E-05 0.882116 9.9973E-05
9.995E-05 9.995E-05 9.995E-05 9.995E-05 9.995E-05 0.9994 9.995E-05
9.995E-05 9.995E-05 9.995E-05 9.995E-05 9.995E-05 0.9994 9.995E-05
0.314929 0.33419 9.9991E-05 0.0469901 0.123264 0.12191 0.0586177
0.00603009 0.0278979 0.000547803 0.000743528 0.023627 0.940255 0.000899201
9.995E-05 9.995E-05 9.995E-05 9.995E-05 9.995E-05 0.9994 9.995E-05
9.995E-05 9.995E-05 9.995E-05 9.995E-05 9.995E-05 0.9994 9.995E-05
0.276923 0.30015 9.9991E-05 0.0678326 0.11613 0.106537 0.132328
0.268412 0.271998 9.9991E-05 0.0964724 0.12585 0.149853 0.0873145
0.206551 0.236687 9.9991E-05 0.0821684 0.147786 0.14086 0.185847
0.263096 0.257703 9.9991E-05 0.11083 0.1073 0.17903 0.0819416
0.317249 0.289478 9.9991E-05 0.0626356 0.0661133 0.106957 0.157467
0.204946 0.395235 9.9991E-05 0.0203066 0.0609045 0.0846391 0.233869
0.225064 0.283481 9.9991E-05 0.0788789 0.0852797 0.161266 0.16593
0.263959 0.342115 9.9991E-05 0.0147689 0.0540971 0.138376 0.186583
0.169345 0.337147 9.9991E-05 0.0972082 0.0821936 0.18634 0.127667
0.202229 0.265102 9.9991E-05 0.0803363 0.0881243 0.218307 0.145801
0.185549 0.410535 9.9991E-05 0.0423661 0.107271 0.136962 0.117217
0.125821 0.343714 9.9991E-05 0.0690434 0.062398 0.177001 0.221922
0.212414 0.313351 9.9991E-05 0.127608 0.114961 0.103128 0.128437
0.26965 0.353828 9.9991E-05 0.0453107 0.0966649 0.162681 0.0717645
0.968972 9.9955E-05 9.9955E-05 0.0305286 9.9955E-05 9.9955E-05 9.9955E-05
0.891389 9.9982E-05 0.00938145 9.9982E-05 0.0554865 0.0107824 0.0327604
0.9994 9.995E-05 9.995E-05 9.995E-05 9.995E-05 9.995E-05 9.995E-05
0.9994 9.995E-05 9.995E-05 9.995E-05 9.995E-05 9.995E-05 9.995E-05
0.9994 9.995E-05 9.995E-05 9.995E-05 9.995E-05 9.995E-05 9.995E-05
0.9994 9.995E-05 9.995E-05 9.995E-05 9.995E-05 9.995E-05 9.995E-05
0.9994 9.995E-05 9.995E-05 9.995E-05 9.995E-05 9.995E-05 9.995E-05
0.803956 9.9982E-05 0.0655502 9.9982E-05 0.00478705 0.00934931 0.116158
0.9994 9.995E-05 9.995E-05 9.995E-05 9.995E-05 9.995E-05 9.995E-05
0.9994 9.995E-05 9.995E-05 9.995E-05 9.995E-05 9.995E-05 9.995E-05
0.858643 9.9982E-05 0.00448276 0.0110287 9.9982E-05 0.0642663 0.0613793
0.99073 9.9955E-05 9.9955E-05 9.9955E-05 0.00877012 9.9955E-05 9.9955E-05
0.758767 0.0218125 0.000719136 0.137434 0.0289048 9.9991E-05 0.0522626
9.995E-05 9.995E-05 9.995E-05 0.9994 9.995E-05 9.995E-05 9.995E-05
0.205716 0.320089 9.9991E-05 0.0930637 0.0996965 0.188501 0.0928332
9.995E-05 9.995E-05 9.995E-05 0.9994 9.995E-05 9.995E-05 9.995E-05
9.995E-05 9.995E-05 9.995E-05 0.9994 9.995E-05 9.995E-05 9.995E-05
9.9973E-05 9.9973E-05 0.00294657 0.914653 9.9973E-05 0.0185042 0.0635962
0.0391139 0.185017 0.00884513 0.739706 0.0271179 9.9982E-05 9.9982E-05
9.995E-05 9.995E-05 9.995E-05 0.9994 9.995E-05 9.995E-05 9.995E-05
0.021218 0.0599757 0.00511774 0.841677 0.0104638 9.9991E-05 0.0614483
9.9973E-05 9.9973E-05 9.9973E-05 0.942512 0.00903186 0.0404898 0.0076665
0.0311075 9.9964E-05 9.9964E-05 0.966545 9.9964E-05 0.00194781 9.9964E-05
9.9964E-05 9.9964E-05 0.00925212 0.982444 9.9964E-05 9.9964E-05 0.00790377
9.9955E-05 0.0346187 9.9955E-05 0.964882 9.9955E-05 9.9955E-05 9.9955E-05
0.0148037 9.9964E-05 9.9964E-05 0.980115 9.9964E-05 0.00468107 9.9964E-05
0.0747839 9.9982E-05 9.9982E-05 0.788138 0.0591332 0.0570632 0.0206817
9.9973E-05 9.9973E-05 0.000768535 0.942045 0.00970219 9.9973E-05 0.0471844
0.0531285 0.0593725 9.9982E-05 0.846931 0.0139997 9.9982E-05 0.026368
0.0240482 9.9973E-05 9.9973E-05 0.84932 0.0964639 9.9973E-05 0.0298675
9.9982E-05 0.0401423 0.0136536 0.877998 0.04768 9.9982E-05 0.0203263
0.0217142 9.9982E-05 0.0203568 0.93756 0.00588672 9.9982E-05 0.0142824
0.0784374 0.292451 0.0180452 0.086479 0.307753 0.0949348 0.1219
0.0884297 0.339988 9.9991E-05 0.0921954 0.261191 0.0555834 0.162513
0.0237809 0.230292 0.0392711 0.0839701 0.322832 0.158258 0.141597
0.0513301 0.299608 0.0261197 0.0818233 0.304768 0.109972 0.12638
0.00366576 0.0295287 9.9973E-05 9.9973E-05 0.00675397 9.9973E-05 0.959752
9.995E-05 9.995E-05 9.995E-05 9.995E-05 9.995E-05 9.995E-05 0.9994
0.0169285 9.9982E-05 9.9982E-05 0.00124042 0.0205807 0.012206 0.948844
9.995E-05 9.995E-05 9.995E-05 9.995E-05 9.995E-05 9.995E-05 0.9994
0.0109351 9.9973E-05 9.9973E-05 0.00549271 0.00706178 9.9973E-05 0.97621
9.9955E-05 9.9955E-05 9.9955E-05 9.9955E-05 9.9955E-05 0.0020948 0.997405
9.9955E-05 9.9955E-05 9.9955E-05 9.9955E-05 0.0265373 9.9955E-05 0.972963
0.0284212 0.102931 0.0260978 0.0586732 0.0203233 9.9991E-05 0.763453
9.9973E-05 0.100272 0.0291839 9.9973E-05 0.0102424 9.9973E-05 0.860002
9.9955E-05 9.9955E-05 9.9955E-05 9.9955E-05 0.977007 9.9955E-05 0.0224936
9.995E-05 9.995E-05 9.995E-05 9.995E-05 0.9994 9.995E-05 9.995E-05
9.995E-05 9.995E-05 9.995E-05 9.995E-05 0.9994 9.995E-05 9.995E-05
9.995E-05 9.995E-05 9.995E-05 9.995E-05 0.9994 9.995E-05 9.995E-05
9.995E-05 9.995E-05 9.995E-05 9.995E-05 0.9994 9.995E-05 9.995E-05
9.9982E-05 0.00361745 0.0179801 9.9982E-05 0.918621 0.0231088 0.0364724
9.9955E-05 9.9955E-05 9.9955E-05 0.000711151 0.998789 9.9955E-05 9.9955E-05
9.995E-05 9.995E-05 9.995E-05 9.995E-05 0.9994 9.995E-05 9.995E-05
9.995E-05 9.995E-05 9.995E-05 9.995E-05 0.9994 9.995E-05 9.995E-05
0.0229387 9.9973E-05 9.9973E-05 0.00858614 0.951296 0.0168797 9.9973E-05
9.995E-05 9.995E-05 9.995E-05 9.995E-05 0.9994 9.995E-05 9.995E-05
9.9964E-05 0.000860383 9.9964E-05 9.9964E-05 0.994472 0.00426772 9.9964E-05
