9.995E-05 9.995E-05 9.995E-05 9.995E-05 9.995E-05 9.995E-05 0.9994
0.0745727 9.9982E-05 9.9982E-05 0.0807166 0.579264 0.00552248 0.259725
0.0499248 9.9973E-05 9.9973E-05 0.129911 0.589329 9.9973E-05 0.230535
9.9964E-05 0.121086 9.9964E-05 9.9964E-05 0.664794 9.9964E-05 0.21372
9.9982E-05 0.135051 0.0182704 9.9982E-05 0.702338 0.0323109 0.111829
9.9973E-05 0.182531 9.9973E-05 0.0447543 0.597189 9.9973E-05 0.175226
9.9964E-05 9.9964E-05 9.9964E-05 0.0279135 0.700126 9.9964E-05 0.27156
0.0109263 0.0860455 9.9982E-05 0.0692219 0.55599 9.9982E-05 0.277617
0.0313367 9.9982E-05 9.9982E-05 0.0634672 0.702563 0.03513 0.167303
9.995E-05 9.995E-05 9.995E-05 9.995E-05 9.995E-05 9.995E-05 0.9994
9.995E-05 9.995E-05 9.995E-05 9.995E-05 9.995E-05 9.995E-05 0.9994
9.995E-05 9.995E-05 9.995E-05 9.995E-05 9.995E-05 9.995E-05 0.9994
0.00392178 9.9955E-05 9.9955E-05 9.9955E-05 9.9955E-05 9.9955E-05 0.995578
9.9964E-05 9.9964E-05 9.9964E-05 9.9964E-05 0.0466044 0.0309274 0.922068
0.0297747 9.9964E-05 0.0194661 9.9964E-05 9.9964E-05 9.9964E-05 0.950359
9.9982E-05 0.318869 0.0157155 0.0491888 0.432318 9.9982E-05 0.183708
0.085969 0.127493 0.0301825 0.0784445 0.351631 0.105824 0.220456
0.0245454 0.101345 9.9973E-05 9.9973E-05 0.683049 9.9973E-05 0.190761
9.9964E-05 0.0146128 9.9964E-05 9.9964E-05 0.914999 0.0699887 9.9964E-05
9.9964E-05 9.9964E-05 0.0173734 9.9964E-05 0.940596 0.0416307 9.9964E-05
9.9973E-05 0.00265771 9.9973E-05 9.9973E-05 0.916894 0.039853 0.0402955
0.0397555 0.0274171 0.0242396 0.0797379 0.828267 0.000483163 9.9991E-05
0.0335618 9.9982E-05 0.0148028 0.024647 0.879859 0.0469293 9.9982E-05
0.00586819 9.9973E-05 0.0332613 0.0314221 0.929148 9.9973E-05 9.9973E-05
9.9973E-05 0.0474018 0.0266493 9.9973E-05 0.906799 0.0188495 9.9973E-05
9.9973E-05 0.223432 0.0698165 9.9973E-05 0.623142 0.0833096 9.9973E-05
9.9973E-05 0.0462969 9.9973E-05 0.0834827 0.740095 0.129825 9.9973E-05
9.9973E-05 0.0354876 0.0188444 0.00119216 0.944176 9.9973E-05 9.9973E-05
9.999E-05 0.173173 0.0054735 0.0286156 0.725433 0.0225206 0.0446846
9.9955E-05 9.9955E-05 9.9955E-05 9.9955E-05 0.985285 9.9955E-05 0.0142157
0.00673689 9.9973E-05 9.9973E-05 9.9973E-05 0.956653 0.0146238 0.0216863
9.9973E-05 0.073976 0.0621362 9.9973E-05 0.796833 0.066755 9.9973E-05
9.9982E-05 0.123246 0.0270168 0.0427444 0.762711 0.0440812 9.9982E-05
0.00926284 0.0975762 0.128883 0.0552115 0.676117 9.9991E-05 0.0328491
0.00109329 9.9982E-05 0.0730568 0.0647385 0.819242 0.0416696 9.9982E-05
9.9964E-05 0.0273647 9.9964E-05 9.9964E-05 0.957021 9.9964E-05 0.0152143
9.9955E-05 0.455186 9.9955E-05 9.9955E-05 0.544315 9.9955E-05 9.9955E-05
9.9982E-05 0.253514 0.0203131 0.0483191 0.59447 0.0831847 9.9982E-05
0.06535 0.257157 9.9982E-05 0.0205066 0.575571 0.0812157 9.9982E-05
9.9973E-05 0.315079 0.0348575 9.9973E-05 0.579591 0.0701726 9.9973E-05
0.0249438 0.894947 0.0147463 0.0631522 0.00201055 9.9982E-05 9.9982E-05
9.999E-05 0.751005 0.0757253 0.059114 0.0334201 0.060207 0.0204291
0.0135389 0.655936 0.0276492 0.0854613 0.155851 9.9991E-05 0.0614635
9.9964E-05 0.846697 9.9964E-05 0.0438 0.109103 9.9964E-05 9.9964E-05
9.9973E-05 0.721231 9.9973E-05 0.0543093 0.198564 0.0255955 9.9973E-05
9.9955E-05 0.983636 9.9955E-05 9.9955E-05 0.0158643 9.9955E-05 9.9955E-05
9.9955E-05 0.986662 9.9955E-05 9.9955E-05 9.9955E-05 9.9955E-05 0.0128379
9.9982E-05 0.478388 0.0353377 0.0638851 0.410417 0.0117719 9.9982E-05
9.9991E-05 0.749472 0.0259667 0.0209999 0.0821489 0.0469356 0.0743767
0.0250884 0.502982 0.0527434 0.00835089 0.322483 9.9991E-05 0.0882513
9.9982E-05 0.68685 9.9982E-05 0.0379787 0.204789 0.0225136 0.0476682
9.9982E-05 0.751511 9.9982E-05 0.0321736 0.17431 0.0279793 0.0138263
9.9973E-05 0.92815 9.9973E-05 9.9973E-05 0.0372941 0.02135 0.012906
0.0542422 0.59089 0.0320935 9.9991E-05 0.161439 0.0811303 0.0801053
0.0344597 0.665137 0.0696521 0.000514452 0.168612 0.00395909 0.0576655
9.9982E-05 0.758056 0.047282 0.0794825 0.0894819 9.9982E-05 0.0254979
9.9991E-05 0.593845 0.0163292 0.0766582 0.180218 0.0557891 0.07706
0.0156407 0.586045 0.00992079 0.00304843 0.296556 0.0886889 9.9991E-05
9.9964E-05 0.965221 9.9964E-05 0.00835121 9.9964E-05 9.9964E-05 0.0260278
9.9973E-05 0.807263 9.9973E-05 9.9973E-05 0.0678399 0.0664285 0.0581691
9.9973E-05 0.674059 0.0242175 9.9973E-05 0.218851 0.0825726 9.9973E-05
0.0106898 0.938049 0.0508609 9.99641E-05 9.99641E-05 9.99641E-05 9.99641E-05
0.0151317 0.840978 9.9991E-05 0.0544825 0.0721449 0.015627 0.00153569
0.00939491 0.963614 9.9973E-05 0.0060329 9.9973E-05 0.0206579 9.9973E-05
9.9973E-05 0.884881 9.9973E-05 9.9973E-05 0.10325 0.00330469 0.00826377
9.9964E-05 0.954457 9.9964E-05 0.0268332 9.9964E-05 0.0183098 9.9964E-05
0.0121328 0.987367 9.9955E-05 9.9955E-05 9.9955E-05 9.9955E-05 9.9955E-05
0.0263138 0.869169 9.9973E-05 0.0791756 9.9973E-05 9.9973E-05 0.0250417
0.0022054 0.695402 0.0135572 0.0150799 0.23122 0.0276414 0.0148943
9.99551E-05 0.982878 9.99551E-05 0.0166221 9.99551E-05 9.99551E-05 9.99551E-05
0.0453529 0.746858 0.00594261 0.0548693 0.0996091 9.9991E-05 0.0472676
0.0135781 0.92189 9.9982E-05 0.0372636 0.0131241 0.0139446 9.9982E-05
9.9955E-05 0.913637 9.9955E-05 9.9955E-05 9.9955E-05 9.9955E-05 0.0858631
9.9964E-05 0.947367 9.9964E-05 9.9964E-05 9.9964E-05 0.0044656 0.0477671
9.9982E-05 0.863567 0.0606607 0.017433 9.9982E-05 0.0106186 0.0475207
9.9964E-05 0.94773 9.9964E-05 9.9964E-05 9.9964E-05 0.0509609 0.000909467
0.0412936 0.958207 9.9955E-05 9.9955E-05 9.9955E-05 9.9955E-05 9.9955E-05
0.123726 0.860423 9.9973E-05 9.9973E-05 0.0118544 9.9973E-05 0.00369671
0.0501812 0.73323 0.0610332 0.0657327 9.9982E-05 0.0896231 9.9982E-05
0.130467 0.754477 0.0551959 9.9973E-05 9.9973E-05 0.0595601 9.9973E-05
0.0177239 0.826472 0.0656084 0.0293677 9.9982E-05 0.0606276 9.9982E-05
0.141433 0.758925 0.0562963 0.00531024 9.9982E-05 0.0378352 9.9982E-05
0.0968429 0.805824 0.0409443 0.020536 9.9982E-05 0.0356533 9.9982E-05
0.113217 0.520592 0.115803 0.01443 0.162653 0.0732049 9.9991E-05
0.169159 0.649298 0.0332234 0.00221349 0.0528944 0.0809682 0.0122439
0.155462 0.681295 0.026205 0.0795933 0.0442357 0.00617295 0.00703636
0.0818004 0.491375 0.116354 0.0859432 0.17586 0.015586 0.0330815
0.08163 0.616226 0.141702 9.9982E-05 0.0990261 0.0612155 9.9982E-05
0.19774 0.677832 0.0496262 0.0087389 9.9982E-05 0.065863 9.9982E-05
0.0909523 0.579038 0.10722 0.0873825 0.00933963 0.118423 0.00764474
0.125678 0.672679 0.0722114 0.0606308 0.0107952 0.0263917 0.0316146
0.0983535 0.618282 0.134711 0.051605 0.0704706 9.9991E-05 0.0264782
0.187737 0.495172 0.0388758 0.0641001 0.00389096 0.179277 0.0309467
0.9994 9.995E-05 9.995E-05 9.995E-05 9.995E-05 9.995E-05 9.995E-05
0.94337 9.9964E-05 0.0270583 9.9964E-05 9.9964E-05 9.9964E-05 0.0291716
0.886907 0.0570348 9.9982E-05 0.0153968 0.0112338 9.9982E-05 0.0292271
0.9994 9.995E-05 9.995E-05 9.995E-05 9.995E-05 9.995E-05 9.995E-05
0.9994 9.995E-05 9.995E-05 9.995E-05 9.995E-05 9.995E-05 9.995E-05
0.9994 9.995E-05 9.995E-05 9.995E-05 9.995E-05 9.995E-05 9.995E-05
0.990555 9.9955E-05 0.00894532 9.9955E-05 9.9955E-05 9.9955E-05 9.9955E-05
0.925494 9.9964E-05 9.9964E-05 0.0227797 0.0513263 9.9964E-05 9.9964E-05
0.9994 9.995E-05 9.995E-05 9.995E-05 9.995E-05 9.995E-05 9.995E-05
0.9994 9.995E-05 9.995E-05 9.995E-05 9.995E-05 9.995E-05 9.995E-05
0.0965524 0.33452 0.277841 0.0997733 0.0479321 0.143281 9.9991E-05
0.942045 0.0487995 0.00875585 9.9964E-05 9.9964E-05 9.9964E-05 9.9964E-05
0.9994 9.995E-05 9.995E-05 9.995E-05 9.995E-05 9.995E-05 9.995E-05
0.9994 9.995E-05 9.995E-05 9.995E-05 9.995E-05 9.995E-05 9.995E-05
0.124489 0.596471 0.202764 9.9973E-05 9.9973E-05 0.0759764 9.9973E-05
0.11561 0.606871 0.173265 0.0398788 9.9982E-05 0.0641753 9.9982E-05
0.111053 0.580627 0.203231 0.0165123 9.9991E-05 0.0823201 0.00615665
0.142977 0.595761 0.166715 0.0228556 9.9982E-05 0.071492 9.9982E-05
0.143039 0.545723 0.21711 0.0312911 9.9982E-05 0.0626364 9.9982E-05
0.0933254 0.509833 0.153286 9.9982E-05 0.13845 0.104906 9.9982E-05
0.166668 0.578182 0.127405 0.0128473 0.0447708 0.0700263 9.9991E-05
0.140566 0.638859 0.153667 9.9982E-05 0.000557359 0.0661503 9.9982E-05
0.221135 0.491866 0.106052 0.0850556 0.00177872 0.094013 9.9991E-05
0.198032 0.556356 0.112716 0.060771 0.00903562 0.06299 9.9991E-05
0.122749 0.53033 0.176944 0.0227966 0.077318 0.0697617 9.9991E-05
0.218775 0.56932 0.0736651 0.0244665 0.0110194 0.102654 9.9991E-05
0.0636641 0.599623 0.171147 0.0544712 9.9982E-05 0.110894 9.9982E-05
0.142633 0.597201 0.167256 0.028068 9.9982E-05 0.0646421 9.9982E-05
9.9955E-05 9.9955E-05 0.948234 9.9955E-05 0.0512666 9.9955E-05 9.9955E-05
0.0239709 9.9982E-05 0.83835 9.9982E-05 0.0352013 0.0790999 0.0231781
9.995E-05 9.995E-05 0.9994 9.995E-05 9.995E-05 9.995E-05 9.995E-05
9.995E-05 9.995E-05 0.9994 9.995E-05 9.995E-05 9.995E-05 9.995E-05
9.995E-05 9.995E-05 0.9994 9.995E-05 9.995E-05 9.995E-05 9.995E-05
9.995E-05 9.995E-05 0.9994 9.995E-05 9.995E-05 9.995E-05 9.995E-05
9.995E-05 9.995E-05 0.9994 9.995E-05 9.995E-05 9.995E-05 9.995E-05
0.0268508 0.0599599 0.763729 9.9991E-05 0.0505002 0.0440216 0.0548389
9.995E-05 9.995E-05 0.9994 9.995E-05 9.995E-05 9.995E-05 9.995E-05
9.995E-05 9.995E-05 0.9994 9.995E-05 9.995E-05 9.995E-05 9.995E-05
0.0428206 9.9982E-05 0.885058 0.00942497 0.0446696 9.9982E-05 0.0178269
9.9964E-05 9.9964E-05 0.985409 9.9964E-05 9.9964E-05 0.00214271 0.0120489
0.039872 0.141764 0.704087 0.102227 9.9982E-05 0.0118496 9.9982E-05
9.995E-05 9.995E-05 9.995E-05 0.9994 9.995E-05 9.995E-05 9.995E-05
0.204659 0.448474 0.154925 0.108789 0.00354014 0.0795125 9.9991E-05
9.995E-05 9.995E-05 9.995E-05 0.9994 9.995E-05 9.995E-05 9.995E-05
9.995E-05 9.995E-05 9.995E-05 0.9994 9.995E-05 9.995E-05 9.995E-05
0.0395153 9.9973E-05 0.000413587 0.950866 9.9973E-05 9.9973E-05 0.00890511
0.0178886 0.127068 0.0298473 0.779727 0.0300958 0.0152739 9.9991E-05
9.995E-05 9.995E-05 9.995E-05 0.9994 9.995E-05 9.995E-05 9.995E-05
0.0153996 0.00345281 0.0340855 0.908823 9.9991E-05 0.0232172 0.014922
9.9955E-05 9.9955E-05 9.9955E-05 0.960715 0.0387855 9.9955E-05 9.9955E-05
9.9973E-05 0.0491834 0.00769647 0.93266 9.9973E-05 0.0101598 9.9973E-05
9.995E-05 9.995E-05 9.995E-05 0.9994 9.995E-05 9.995E-05 9.995E-05
9.9964E-05 0.0201567 0.0373291 0.942114 9.9964E-05 9.9964E-05 9.9964E-05
0.00622333 9.9964E-05 0.0250303 0.968347 9.9964E-05 9.9964E-05 9.9964E-05
0.0230564 0.0748696 0.0443471 0.806595 9.9982E-05 0.0509322 9.9982E-05
9.9964E-05 0.0770598 9.9964E-05 0.906385 9.9964E-05 9.9964E-05 0.0161552
0.0324486 0.0025359 0.0257765 0.925507 9.9991E-05 0.00879971 0.00483272
9.9973E-05 0.114487 0.0134336 0.84196 9.9973E-05 0.0298189 9.9973E-05
9.9982E-05 0.0528289 9.9982E-05 0.869357 0.0209976 0.0407006 0.0159163
9.9964E-05 0.0448251 0.0165261 0.938249 9.9964E-05 9.9964E-05 9.9964E-05
0.102184 0.451626 0.0287111 0.0519161 9.9991E-05 0.334028 0.0314344
0.118107 0.397604 0.0431848 0.0409389 0.0363423 0.327343 0.0364801
0.105085 0.459884 0.0308387 0.0587826 9.9991E-05 0.31703 0.0282794
0.0684153 0.471002 0.0222168 0.0517861 9.9991E-05 0.343787 0.0426927
0.217859 0.0965305 0.0632195 0.10781 0.0982579 0.416223 9.9991E-05
0.249031 9.99821E-05 0.0440922 0.10195 0.0234922 0.581235 9.99821E-05
0.236681 0.0144322 0.0795205 0.111265 0.118013 0.439988 9.9991E-05
0.311602 0.00302974 0.0373371 0.104039 0.0394748 0.504418 9.9991E-05
0.241298 0.081756 0.086936 0.0888019 0.0334406 0.467668 9.9991E-05
0.224959 0.128359 0.0392117 0.0750478 0.0596873 0.472635 9.9991E-05
0.219332 0.105774 0.0604906 0.103027 0.0791069 0.43217 9.9991E-05
0.196495 0.130317 0.0800197 0.176363 0.0861715 0.31117 0.0194636
0.179683 0.162624 0.0262078 0.0999559 0.181907 0.349522 9.9991E-05
9.995E-05 9.995E-05 9.995E-05 9.995E-05 9.995E-05 0.9994 9.995E-05
9.995E-05 9.995E-05 9.995E-05 9.995E-05 9.995E-05 0.9994 9.995E-05
9.995E-05 9.995E-05 9.995E-05 9.995E-05 9.995E-05 0.9994 9.995E-05
9.995E-05 9.995E-05 9.995E-05 9.995E-05 9.995E-05 0.9994 9.995E-05
9.995E-05 9.995E-05 9.995E-05 9.995E-05 9.995E-05 0.9994 9.995E-05
9.9964E-05 0.0465879 9.9964E-05 9.9964E-05 9.9964E-05 0.947187 0.00582522
9.995E-05 9.995E-05 9.995E-05 9.995E-05 9.995E-05 0.9994 9.995E-05
9.995E-05 9.995E-05 9.995E-05 9.995E-05 9.995E-05 0.9994 9.995E-05
9.995E-05 9.995E-05 9.995E-05 9.995E-05 9.995E-05 0.9994 9.995E-05
9.9973E-05 0.00921831 0.0463535 9.9973E-05 9.9973E-05 0.936501 0.00762707
9.995E-05 9.995E-05 9.995E-05 9.995E-05 9.995E-05 0.9994 9.995E-05
9.995E-05 9.995E-05 9.995E-05 9.995E-05 9.995E-05 0.9994 9.995E-05
