9.99011E-05 9.99011E-05 9.99011E-05 9.99011E-05 9.99011E-05 9.99011E-05 9.99011E-05 9.99011E-05 9.99011E-05 9.99011E-05 0.998901 9.99011E-05
9.9946E-05 9.9946E-05 9.9946E-05 0.0446457 0.224331 0.0704047 9.9946E-05 9.9946E-05 0.0313682 9.9946E-05 0.619121 0.0095296
9.99011E-05 9.99011E-05 9.99011E-05 0.998901 9.99011E-05 9.99011E-05 9.99011E-05 9.99011E-05 9.99011E-05 9.99011E-05 9.99011E-05 9.99011E-05
9.9937E-05 9.9937E-05 0.0632502 0.880159 9.9937E-05 9.9937E-05 9.9937E-05 0.0174643 9.9937E-05 0.00516069 9.9937E-05 0.0332665
9.9928E-05 9.9928E-05 9.9928E-05 9.9928E-05 0.0530859 0.0751446 0.857538 9.9928E-05 9.9928E-05 9.9928E-05 0.0134321 9.9928E-05
9.9937E-05 9.9937E-05 0.0449067 0.00480233 9.9937E-05 0.0834857 0.135076 9.9937E-05 9.9937E-05 9.9937E-05 0.73103 9.9937E-05
9.9928E-05 0.0336549 9.9928E-05 9.9928E-05 9.9928E-05 9.9928E-05 9.9928E-05 9.9928E-05 0.0624393 9.9928E-05 0.897746 0.00536018
9.99011E-05 9.99011E-05 9.99011E-05 9.99011E-05 0.998901 9.99011E-05 9.99011E-05 9.99011E-05 9.99011E-05 9.99011E-05 9.99011E-05 9.99011E-05
9.99011E-05 9.99011E-05 9.99011E-05 9.99011E-05 9.99011E-05 9.99011E-05 0.998901 9.99011E-05 9.99011E-05 9.99011E-05 9.99011E-05 9.99011E-05
0.00882121 9.9937E-05 9.9937E-05 0.0138961 0.866828 9.9937E-05 9.9937E-05 9.9937E-05 0.104122 9.9937E-05 9.9937E-05 0.00563374
9.99011E-05 9.99011E-05 9.99011E-05 9.99011E-05 9.99011E-05 0.998901 9.99011E-05 9.99011E-05 9.99011E-05 9.99011E-05 9.99011E-05 9.99011E-05
9.99281E-05 0.827647 9.99281E-05 9.99281E-05 9.99281E-05 0.0350869 0.0976292 0.0388376 9.99281E-05 9.99281E-05 9.99281E-05 9.99281E-05
9.9919E-05 0.037793 9.9919E-05 9.9919E-05 0.0186549 0.942653 9.9919E-05 9.9919E-05 9.9919E-05 9.9919E-05 9.9919E-05 9.9919E-05
9.9928E-05 0.947705 9.9928E-05 0.0109101 9.9928E-05 9.9928E-05 9.9928E-05 9.9928E-05 9.9928E-05 0.00984058 9.9928E-05 0.0307451
0.0523356 0.325279 9.9955E-05 0.0980945 9.9955E-05 0.23167 9.9955E-05 0.202855 9.9955E-05 9.9955E-05 0.0188379 0.0704288
9.9937E-05 0.513953 0.075662 9.9937E-05 9.9937E-05 0.137213 9.9937E-05 0.232891 9.9937E-05 9.9937E-05 0.0395816 9.9937E-05
9.9919E-05 9.9919E-05 0.814265 9.9919E-05 9.9919E-05 0.096572 9.9919E-05 0.0882641 9.9919E-05 9.9919E-05 9.9919E-05 9.9919E-05
0.0106127 0.350008 0.0543044 9.9955E-05 9.9955E-05 9.9955E-05 9.9955E-05 0.432215 0.0743813 0.0767095 9.9955E-05 0.00126896
0.0357019 0.702853 9.9937E-05 9.9937E-05 9.9937E-05 0.129768 9.9937E-05 9.9937E-05 0.0473239 0.0836539 9.9937E-05 9.9937E-05
9.99191E-05 0.982866 9.99191E-05 0.0121857 9.99191E-05 9.99191E-05 0.00404868 9.99191E-05 9.99191E-05 9.99191E-05 9.99191E-05 9.99191E-05
9.9946E-05 0.671318 0.0597421 9.9946E-05 0.142659 9.9946E-05 0.00564889 0.0121986 0.107833 9.9946E-05 9.9946E-05 9.9946E-05
9.991E-05 9.991E-05 9.991E-05 9.991E-05 0.169195 9.991E-05 9.991E-05 0.829806 9.991E-05 9.991E-05 9.991E-05 9.991E-05
9.9937E-05 0.0156821 0.28865 9.9937E-05 9.9937E-05 0.181413 9.9937E-05 0.456089 9.9937E-05 9.9937E-05 0.0574671 9.9937E-05
9.9901E-05 9.9901E-05 0.998901 9.9901E-05 9.9901E-05 9.9901E-05 9.9901E-05 9.9901E-05 9.9901E-05 9.9901E-05 9.9901E-05 9.9901E-05
0.0186036 0.430371 9.9946E-05 0.0236402 9.9946E-05 0.181857 9.9946E-05 0.214586 0.130342 9.9946E-05 9.9946E-05 9.9946E-05
9.9919E-05 0.757869 9.9919E-05 9.9919E-05 9.9919E-05 9.9919E-05 9.9919E-05 9.9919E-05 0.139567 9.9919E-05 0.101665 9.9919E-05
0.20028 0.100444 9.9937E-05 9.9937E-05 9.9937E-05 9.9937E-05 0.0362011 0.589832 9.9937E-05 0.0725431 9.9937E-05 9.9937E-05
0.0729649 0.0863665 9.9955E-05 0.0489451 9.9955E-05 9.9955E-05 0.0587857 0.500505 0.226164 0.00576842 9.9955E-05 9.9955E-05
0.086836 0.174738 9.9937E-05 9.9937E-05 9.9937E-05 9.9937E-05 9.9937E-05 0.54943 0.145481 9.9937E-05 0.0428157 9.9937E-05
9.9901E-05 9.9901E-05 9.9901E-05 9.9901E-05 9.9901E-05 9.9901E-05 9.9901E-05 0.998901 9.9901E-05 9.9901E-05 9.9901E-05 9.9901E-05
0.469346 9.9937E-05 9.9937E-05 0.222655 9.9937E-05 9.9937E-05 9.9937E-05 0.0056582 0.254881 0.0467606 9.9937E-05 9.9937E-05
0.245336 0.0369578 9.9964E-05 0.16922 9.9964E-05 9.9964E-05 0.0203523 0.0655508 0.198979 0.184754 0.0784505 9.9964E-05
0.783262 0.0159149 9.9937E-05 9.9937E-05 9.9937E-05 9.9937E-05 9.9937E-05 0.0771159 0.11617 0.00683736 9.9937E-05 9.9937E-05
0.896578 9.9919E-05 0.0851754 9.9919E-05 9.9919E-05 9.9919E-05 9.9919E-05 9.9919E-05 9.9919E-05 0.0173475 9.9919E-05 9.9919E-05
0.710328 0.122803 9.9946E-05 0.00136139 9.9946E-05 0.042156 9.9946E-05 0.109417 9.9946E-05 9.9946E-05 9.9946E-05 0.0133352
0.82027 9.9937E-05 9.9937E-05 9.9937E-05 9.9937E-05 0.0228544 0.0732785 9.9937E-05 0.0732071 9.9937E-05 9.9937E-05 0.00969082
0.582914 0.126592 9.9937E-05 9.9937E-05 0.0477969 9.9937E-05 9.9937E-05 9.9937E-05 9.9937E-05 0.0688459 0.173151 9.9937E-05
0.719509 9.9946E-05 0.0246905 9.9946E-05 0.0330408 9.9946E-05 9.9946E-05 0.0643316 0.147036 9.9946E-05 0.0107925 9.9946E-05
0.905781 9.9928E-05 9.9928E-05 9.9928E-05 9.9928E-05 0.0258031 9.9928E-05 9.9928E-05 9.9928E-05 0.0484351 9.9928E-05 0.0191809
0.428531 9.9964E-05 9.9964E-05 0.00769824 9.9964E-05 0.0462162 9.9964E-05 0.189381 0.212073 0.0849175 0.011642 0.0191414
0.916242 9.99101E-05 9.99101E-05 9.99101E-05 0.0827591 9.99101E-05 9.99101E-05 9.99101E-05 9.99101E-05 9.99101E-05 9.99101E-05 9.99101E-05
0.374056 0.188723 9.9937E-05 9.9937E-05 9.9937E-05 9.9937E-05 0.0763668 9.9937E-05 0.192588 0.167567 9.9937E-05 9.9937E-05
0.846322 9.9937E-05 9.9937E-05 0.0374848 9.9937E-05 9.9937E-05 0.00294889 0.0293741 0.0831707 9.9937E-05 9.9937E-05 9.9937E-05
0.799773 9.9946E-05 0.0835587 9.9946E-05 0.0082825 9.9946E-05 9.9946E-05 9.9946E-05 0.0115658 0.0717605 9.9946E-05 0.0244601
0.177281 9.99281E-05 9.99281E-05 9.99281E-05 9.99281E-05 0.188754 9.99281E-05 9.99281E-05 0.0381437 0.595022 9.99281E-05 9.99281E-05
0.140513 0.0843517 9.9955E-05 9.9955E-05 0.0399079 9.9955E-05 9.9955E-05 0.0166769 0.127231 0.575922 0.0148966 9.9955E-05
0.273493 9.9946E-05 9.9946E-05 9.9946E-05 9.9946E-05 0.000401252 0.0205348 9.9946E-05 0.175166 0.485941 9.9946E-05 0.0438649
0.0496625 9.9928E-05 9.9928E-05 9.9928E-05 0.00407601 9.9928E-05 9.9928E-05 9.9928E-05 0.159373 0.786089 9.9928E-05 9.9928E-05
0.213286 0.0920934 9.9937E-05 0.200141 9.9937E-05 9.9937E-05 9.9937E-05 0.0134736 9.9937E-05 0.480306 9.9937E-05 9.9937E-05
0.520938 9.9946E-05 9.9946E-05 0.0327031 9.9946E-05 0.0559916 9.9946E-05 9.9946E-05 0.0936835 0.257796 0.0382884 9.9946E-05
0.0101448 9.9937E-05 0.0154362 9.9937E-05 9.9937E-05 9.9937E-05 0.0332343 9.9937E-05 0.127046 0.813439 9.9937E-05 9.9937E-05
9.99011E-05 9.99011E-05 9.99011E-05 9.99011E-05 9.99011E-05 9.99011E-05 9.99011E-05 9.99011E-05 9.99011E-05 0.998901 9.99011E-05 9.99011E-05
9.9955E-05 9.9955E-05 0.0317634 9.9955E-05 9.9955E-05 0.012361 9.9955E-05 0.00912548 0.111304 0.817661 0.00873195 0.00855317
0.0261311 9.9946E-05 0.0591787 9.9946E-05 9.9946E-05 9.9946E-05 9.9946E-05 0.0810113 0.0370366 0.795365 9.9946E-05 0.000677613
0.318192 9.9919E-05 9.9919E-05 9.9919E-05 9.9919E-05 9.9919E-05 9.9919E-05 9.9919E-05 0.00355157 0.677357 9.9919E-05 9.9919E-05
9.99191E-05 9.99191E-05 9.99191E-05 9.99191E-05 9.99191E-05 9.99191E-05 9.99191E-05 9.99191E-05 0.0794134 0.882822 9.99191E-05 0.0368658
9.9955E-05 0.0310218 9.9955E-05 0.0142532 0.00875287 9.9955E-05 9.9955E-05 0.0136278 0.757797 0.147111 9.9955E-05 0.026936
0.108003 9.9973E-05 9.9973E-05 0.00741664 0.0111962 9.9973E-05 0.0584052 0.197942 0.575288 0.0254063 0.00145555 0.0145868
9.993E-05 9.993E-05 9.993E-05 0.0790298 9.993E-05 9.993E-05 0.049857 0.0669934 0.696975 0.106445 9.993E-05 9.993E-05
0.0917489 9.9955E-05 9.9955E-05 9.9955E-05 0.0117075 9.9955E-05 9.9955E-05 0.165828 0.592238 0.0368171 0.094367 0.00679328
0.038389 9.9937E-05 0.029352 9.9937E-05 0.0536557 9.9937E-05 9.9937E-05 9.9937E-05 0.767005 0.110898 9.9937E-05 9.9937E-05
0.361509 9.99281E-05 9.99281E-05 9.99281E-05 9.99281E-05 9.99281E-05 9.99281E-05 9.99281E-05 0.499016 9.99281E-05 0.0464341 0.092241
0.116456 9.9928E-05 0.0198651 9.9928E-05 9.9928E-05 9.9928E-05 0.100983 9.9928E-05 0.761896 9.9928E-05 9.9928E-05 9.9928E-05
9.99102E-05 9.99102E-05 9.99102E-05 9.99102E-05 9.99102E-05 9.99102E-05 9.99102E-05 9.99102E-05 0.975271 9.99102E-05 9.99102E-05 0.0237298
0.0502152 0.11048 9.9928E-05 9.9928E-05 9.9928E-05 9.9928E-05 9.9928E-05 0.00287774 0.835627 9.9928E-05 9.9928E-05 9.9928E-05
9.99011E-05 9.99011E-05 9.99011E-05 9.99011E-05 9.99011E-05 9.99011E-05 9.99011E-05 9.99011E-05 0.998901 9.99011E-05 9.99011E-05 9.99011E-05
9.99101E-05 9.99101E-05 9.99101E-05 9.99101E-05 9.99101E-05 0.0215083 9.99101E-05 9.99101E-05 0.977493 9.99101E-05 9.99101E-05 9.99101E-05
9.9919E-05 9.9919E-05 9.9919E-05 9.9919E-05 9.9919E-05 9.9919E-05 0.00814912 0.0828853 0.908066 9.9919E-05 9.9919E-05 9.9919E-05
9.99101E-05 9.99101E-05 0.00590194 9.99101E-05 9.99101E-05 9.99101E-05 9.99101E-05 9.99101E-05 0.993099 9.99101E-05 9.99101E-05 9.99101E-05
9.9928E-05 9.9928E-05 0.0174657 0.00942783 9.9928E-05 9.9928E-05 9.9928E-05 9.9928E-05 0.9606 0.0117074 9.9928E-05 9.9928E-05
9.99012E-05 9.99012E-05 9.99012E-05 9.99012E-05 9.99012E-05 9.99012E-05 9.99012E-05 9.99012E-05 0.998901 9.99012E-05 9.99012E-05 9.99012E-05
0.249638 0.0611965 9.99461E-05 9.99461E-05 0.0219648 9.99461E-05 9.99461E-05 9.99461E-05 0.570075 9.99461E-05 0.0909552 0.00557123
9.99281E-05 9.99281E-05 9.99281E-05 0.0438712 9.99281E-05 9.99281E-05 9.99281E-05 9.99281E-05 0.939275 0.0131148 9.99281E-05 0.00293995
0.129269 0.00961448 0.0243102 9.9973E-05 0.0130074 9.9973E-05 9.9973E-05 0.00323301 0.685389 0.0805679 0.0129683 0.0413409
9.9955E-05 0.0221106 0.0134842 0.0482183 9.9955E-05 9.9955E-05 9.9955E-05 9.9955E-05 0.257163 0.0760591 0.00703105 0.575434
9.9901E-05 9.9901E-05 9.9901E-05 9.9901E-05 9.9901E-05 9.9901E-05 9.9901E-05 9.9901E-05 9.9901E-05 9.9901E-05 9.9901E-05 0.998901
0.180084 9.9955E-05 9.9955E-05 9.9955E-05 0.0908845 0.0804522 9.9955E-05 0.025046 0.553674 0.0114503 9.9955E-05 0.0579093
