9.98741E-05 9.98741E-05 9.98741E-05 9.98741E-05 9.98741E-05 9.98741E-05 9.98741E-05 9.98741E-05 9.98741E-05 9.98741E-05 9.98741E-05 0.998602 9.98741E-05 9.98741E-05 9.98741E-05
0.144099 9.9937E-05 0.0291908 0.297624 0.00187595 9.9937E-05 9.9937E-05 0.26831 9.9937E-05 9.9937E-05 0.033731 0.148197 9.9937E-05 9.9937E-05 0.0762733
9.98741E-05 9.98741E-05 9.98741E-05 9.98741E-05 9.98741E-05 9.98741E-05 9.98741E-05 9.98741E-05 9.98741E-05 9.98741E-05 9.98741E-05 9.98741E-05 9.98741E-05 9.98741E-05 0.998602
9.991E-05 9.991E-05 9.991E-05 9.991E-05 0.0151373 0.0567757 0.0224395 9.991E-05 0.0769645 9.991E-05 9.991E-05 9.991E-05 9.991E-05 9.991E-05 0.827684
9.9901E-05 0.0566072 9.9901E-05 0.869953 9.9901E-05 9.9901E-05 9.9901E-05 0.0240297 9.9901E-05 9.9901E-05 9.9901E-05 9.9901E-05 9.9901E-05 0.0483113 9.9901E-05
9.99101E-05 9.99101E-05 9.99101E-05 9.99101E-05 9.99101E-05 0.0282731 0.0134722 0.863684 9.99101E-05 9.99101E-05 9.99101E-05 0.0223231 9.99101E-05 9.99101E-05 0.071249
9.98831E-05 9.98831E-05 9.98831E-05 9.98831E-05 0.00535255 9.98831E-05 9.98831E-05 0.993349 9.98831E-05 9.98831E-05 9.98831E-05 9.98831E-05 9.98831E-05 9.98831E-05 9.98831E-05
9.98741E-05 9.98741E-05 9.98741E-05 0.998602 9.98741E-05 9.98741E-05 9.98741E-05 9.98741E-05 9.98741E-05 9.98741E-05 9.98741E-05 9.98741E-05 9.98741E-05 9.98741E-05 9.98741E-05
9.99101E-05 9.99101E-05 0.273617 0.532585 9.99101E-05 9.99101E-05 9.99101E-05 9.99101E-05 9.99101E-05 9.99101E-05 9.99101E-05 0.0420539 0.112201 9.99101E-05 0.0385431
9.9937E-05 0.0166952 9.9937E-05 0.182807 0.0347052 9.9937E-05 0.0402397 9.9937E-05 9.9937E-05 9.9937E-05 0.173643 0.167654 9.9937E-05 0.0976862 0.285871
9.98921E-05 0.997249 9.98921E-05 0.000655434 0.000896797 9.98921E-05 9.98921E-05 9.98921E-05 9.98921E-05 9.98921E-05 9.98921E-05 9.98921E-05 9.98921E-05 9.98921E-05 9.98921E-05
9.98741E-05 9.98741E-05 9.98741E-05 9.98741E-05 9.98741E-05 9.98741E-05 9.98741E-05 9.98741E-05 9.98741E-05 9.98741E-05 9.98741E-05 9.98741E-05 0.998602 9.98741E-05 9.98741E-05
9.98831E-05 0.951287 9.98831E-05 9.98831E-05 9.98831E-05 9.98831E-05 9.98831E-05 9.98831E-05 9.98831E-05 9.98831E-05 9.98831E-05 0.0474144 9.98831E-05 9.98831E-05 9.98831E-05
9.9928E-05 9.9928E-05 9.9928E-05 0.0337556 0.0488207 0.138837 0.0229443 9.9928E-05 0.0631304 9.9928E-05 9.9928E-05 9.9928E-05 0.659153 9.9928E-05 0.0325605
0.110602 0.361562 9.9937E-05 9.9937E-05 0.0513905 9.9937E-05 9.9937E-05 0.0521571 0.0270212 0.0185465 9.9937E-05 9.9937E-05 0.335492 9.9937E-05 0.042529
0.52497 0.101742 9.9946E-05 9.9946E-05 0.00586721 0.072712 0.131617 0.0103382 0.00280988 9.9946E-05 9.9946E-05 0.0105857 0.138758 9.9946E-05 9.9946E-05
9.98921E-05 0.126249 9.98921E-05 9.98921E-05 9.98921E-05 0.783856 0.0886963 9.98921E-05 9.98921E-05 9.98921E-05 9.98921E-05 9.98921E-05 9.98921E-05 9.98921E-05 9.98921E-05
0.0294885 9.9928E-05 0.0678567 9.9928E-05 0.0217795 0.000993934 0.77676 9.9928E-05 9.9928E-05 9.9928E-05 0.084859 9.9928E-05 9.9928E-05 0.0174627 9.9928E-05
0.0610103 0.100831 9.9937E-05 9.9937E-05 9.9937E-05 0.000386665 9.9937E-05 9.9937E-05 0.0729656 9.9937E-05 0.02058 0.000449002 0.742756 0.000321207 9.9937E-05
0.998602 9.9874E-05 9.9874E-05 9.9874E-05 9.9874E-05 9.9874E-05 9.9874E-05 9.9874E-05 9.9874E-05 9.9874E-05 9.9874E-05 9.9874E-05 9.9874E-05 9.9874E-05 9.9874E-05
0.174896 0.0128927 9.9946E-05 9.9946E-05 9.9946E-05 0.0616648 0.273658 9.9946E-05 9.9946E-05 0.020161 0.0850379 0.0585485 0.303596 9.9946E-05 0.00894522
9.98831E-05 9.98831E-05 9.98831E-05 0.0412976 9.98831E-05 9.98831E-05 0.957404 9.98831E-05 9.98831E-05 9.98831E-05 9.98831E-05 9.98831E-05 9.98831E-05 9.98831E-05 9.98831E-05
9.99101E-05 0.202025 9.99101E-05 9.99101E-05 9.99101E-05 0.0298971 0.753928 0.00526179 9.99101E-05 9.99101E-05 9.99101E-05 0.00788887 9.99101E-05 9.99101E-05 9.99101E-05
9.98741E-05 9.98741E-05 9.98741E-05 9.98741E-05 9.98741E-05 0.998602 9.98741E-05 9.98741E-05 9.98741E-05 9.98741E-05 9.98741E-05 9.98741E-05 9.98741E-05 9.98741E-05 9.98741E-05
0.0884298 0.266901 9.9928E-05 9.9928E-05 9.9928E-05 0.0350306 0.00765089 9.9928E-05 9.9928E-05 9.9928E-05 0.13778 9.9928E-05 0.417291 9.9928E-05 0.0461173
0.0161061 9.9937E-05 0.0264045 9.9937E-05 9.9937E-05 0.039201 9.9937E-05 0.061549 9.9937E-05 9.9937E-05 0.0573777 0.0406283 0.737914 0.0201197 9.9937E-05
9.9919E-05 9.9919E-05 0.127227 9.9919E-05 9.9919E-05 0.0462464 9.9919E-05 9.9919E-05 0.144323 0.0587798 0.000844092 9.9919E-05 0.621681 9.9919E-05 9.9919E-05
9.9928E-05 0.0419804 9.9928E-05 0.0125634 9.9928E-05 9.9928E-05 0.0685894 9.9928E-05 0.0181421 9.9928E-05 0.33346 9.9928E-05 0.44764 9.9928E-05 0.0768247
9.9901E-05 9.9901E-05 9.9901E-05 9.9901E-05 9.9901E-05 9.9901E-05 0.0241293 9.9901E-05 9.9901E-05 9.9901E-05 0.236956 0.0259111 0.711904 9.9901E-05 9.9901E-05
9.99011E-05 0.604581 9.99011E-05 9.99011E-05 9.99011E-05 9.99011E-05 0.0479049 9.99011E-05 9.99011E-05 9.99011E-05 0.224946 9.99011E-05 0.121469 9.99011E-05 9.99011E-05
9.98741E-05 9.98741E-05 0.998602 9.98741E-05 9.98741E-05 9.98741E-05 9.98741E-05 9.98741E-05 9.98741E-05 9.98741E-05 9.98741E-05 9.98741E-05 9.98741E-05 9.98741E-05 9.98741E-05
0.00896483 9.9892E-05 0.95357 9.9892E-05 9.9892E-05 9.9892E-05 9.9892E-05 9.9892E-05 9.9892E-05 9.9892E-05 9.9892E-05 0.0362668 9.9892E-05 9.9892E-05 9.9892E-05
9.9928E-05 9.9928E-05 9.9928E-05 9.9928E-05 9.9928E-05 9.9928E-05 0.0237034 9.9928E-05 0.0268284 0.690919 0.080549 9.9928E-05 0.103429 0.0410954 0.0326771
9.98921E-05 9.98921E-05 9.98921E-05 9.98921E-05 9.98921E-05 0.120974 9.98921E-05 9.98921E-05 9.98921E-05 0.543984 9.98921E-05 9.98921E-05 9.98921E-05 0.333843 9.98921E-05
0.0176266 9.9919E-05 0.10739 9.9919E-05 0.00782309 9.9919E-05 0.0310696 9.9919E-05 9.9919E-05 0.560047 9.9919E-05 9.9919E-05 0.275144 9.9919E-05 9.9919E-05
9.99011E-05 9.99011E-05 9.99011E-05 9.99011E-05 0.0100025 9.99011E-05 9.99011E-05 0.00455998 9.99011E-05 0.958301 9.99011E-05 0.0260377 9.99011E-05 9.99011E-05 9.99011E-05
0.0948023 9.9919E-05 9.9919E-05 0.208502 0.00164903 9.9919E-05 9.9919E-05 9.9919E-05 0.0539463 0.601366 9.9919E-05 0.0388345 9.9919E-05 9.9919E-05 9.9919E-05
0.0853637 9.9919E-05 0.0400811 9.9919E-05 9.9919E-05 0.0121576 9.9919E-05 9.9919E-05 9.9919E-05 0.744181 0.112902 0.00441545 9.9919E-05 9.9919E-05 9.9919E-05
9.9892E-05 0.0574003 9.9892E-05 9.9892E-05 9.9892E-05 9.9892E-05 9.9892E-05 9.9892E-05 0.178385 0.763016 9.9892E-05 9.9892E-05 9.9892E-05 9.9892E-05 9.9892E-05
9.9937E-05 0.100785 9.9937E-05 9.9937E-05 0.0046844 9.9937E-05 0.0123067 9.9937E-05 0.0393059 0.604868 0.185203 0.0128634 9.9937E-05 9.9937E-05 0.0392848
9.99101E-05 9.99101E-05 0.150186 9.99101E-05 9.99101E-05 0.0525095 9.99101E-05 0.00519922 9.99101E-05 0.722067 9.99101E-05 9.99101E-05 9.99101E-05 0.0690396 9.99101E-05
9.9928E-05 9.9928E-05 0.0394077 0.00223244 9.9928E-05 9.9928E-05 9.9928E-05 9.9928E-05 9.9928E-05 0.124985 0.273806 0.0987411 0.341219 0.11881 9.9928E-05
9.9928E-05 9.9928E-05 0.0676109 9.9928E-05 0.00491171 9.9928E-05 9.9928E-05 9.9928E-05 9.9928E-05 0.490078 0.0614082 9.9928E-05 0.230477 0.111692 0.0330233
9.9928E-05 0.0593381 9.9928E-05 9.9928E-05 0.00816141 0.0969379 9.9928E-05 0.0169923 9.9928E-05 0.460706 9.9928E-05 9.9928E-05 0.052042 0.305023 9.9928E-05
9.99101E-05 0.162355 0.123981 9.99101E-05 9.99101E-05 9.99101E-05 9.99101E-05 9.99101E-05 0.660496 9.99101E-05 0.0401741 9.99101E-05 9.99101E-05 0.0119937 9.99101E-05
9.9928E-05 9.9928E-05 0.129916 9.9928E-05 0.0175226 9.9928E-05 9.9928E-05 0.0104222 0.368377 9.9928E-05 0.00166096 9.9928E-05 0.144028 0.327275 9.9928E-05
9.99011E-05 9.99011E-05 0.000593761 9.99011E-05 0.0168043 9.99011E-05 0.0279664 9.99011E-05 9.99011E-05 9.99011E-05 9.99011E-05 9.99011E-05 9.99011E-05 0.953537 9.99011E-05
9.9892E-05 9.9892E-05 9.9892E-05 9.9892E-05 9.9892E-05 9.9892E-05 9.9892E-05 9.9892E-05 0.0358504 9.9892E-05 0.072115 9.9892E-05 9.9892E-05 0.890836 9.9892E-05
9.9919E-05 9.9919E-05 0.0783828 0.0762624 9.9919E-05 9.9919E-05 9.9919E-05 9.9919E-05 0.148737 9.9919E-05 9.9919E-05 9.9919E-05 0.270937 0.315737 0.109045
9.9928E-05 0.0844169 9.9928E-05 0.00221065 9.9928E-05 9.9928E-05 9.9928E-05 9.9928E-05 9.9928E-05 0.279288 0.0234056 0.0533196 9.9928E-05 0.532549 0.0240103
9.991E-05 9.991E-05 0.0965951 9.991E-05 9.991E-05 9.991E-05 0.0332135 9.991E-05 0.671102 9.991E-05 0.182713 9.991E-05 9.991E-05 0.0153765 9.991E-05
9.98831E-05 9.98831E-05 9.98831E-05 0.00469396 9.98831E-05 9.98831E-05 9.98831E-05 9.98831E-05 0.994008 9.98831E-05 9.98831E-05 9.98831E-05 9.98831E-05 9.98831E-05 9.98831E-05
9.99201E-05 9.99201E-05 9.99201E-05 9.99201E-05 0.00942571 0.0012856 9.99201E-05 0.0517002 0.642958 9.99201E-05 0.186615 0.0189012 9.99201E-05 0.0883148 9.99201E-05
9.9901E-05 9.9901E-05 9.9901E-05 9.9901E-05 9.9901E-05 9.9901E-05 0.0406065 9.9901E-05 0.807246 0.0871347 0.0639142 9.9901E-05 9.9901E-05 9.9901E-05 9.9901E-05
0.0348714 9.98831E-05 9.98831E-05 9.98831E-05 9.98831E-05 9.98831E-05 9.98831E-05 9.98831E-05 9.98831E-05 9.98831E-05 9.98831E-05 9.98831E-05 9.98831E-05 0.96383 9.98831E-05
9.99011E-05 9.99011E-05 9.99011E-05 9.99011E-05 0.0434815 9.99011E-05 9.99011E-05 9.99011E-05 0.191546 9.99011E-05 0.0194748 9.99011E-05 9.99011E-05 0.744399 9.99011E-05
9.99371E-05 9.99371E-05 9.99371E-05 0.0840342 0.00656382 9.99371E-05 0.0816501 9.99371E-05 0.00438749 9.99371E-05 0.76437 9.99371E-05 0.0187992 0.0307229 0.00877267
0.0349053 9.9928E-05 0.0386589 9.9928E-05 9.9928E-05 0.028287 0.104203 9.9928E-05 0.032476 9.9928E-05 0.44938 9.9928E-05 9.9928E-05 0.31129 9.9928E-05
9.9937E-05 0.0527233 0.0620026 0.0187933 9.9937E-05 0.0144562 9.9937E-05 0.0051906 9.9937E-05 9.9937E-05 0.655372 9.9937E-05 9.9937E-05 0.162514 0.0282487
9.9946E-05 0.0181138 0.0272813 0.00772638 9.9946E-05 9.9946E-05 9.9946E-05 0.133377 0.00947845 0.105599 0.658758 0.018693 0.0203728 9.9946E-05 9.9946E-05
0.027955 9.9937E-05 0.0578614 0.021444 9.9937E-05 0.0360753 9.9937E-05 0.00111304 0.071537 9.9937E-05 0.732498 9.9937E-05 9.9937E-05 0.0508169 9.9937E-05
9.98921E-05 9.98921E-05 9.98921E-05 9.98921E-05 0.0961296 9.98921E-05 9.98921E-05 9.98921E-05 9.98921E-05 0.465419 0.437252 9.98921E-05 9.98921E-05 9.98921E-05 9.98921E-05
9.9928E-05 9.9928E-05 9.9928E-05 9.9928E-05 9.9928E-05 0.0140106 0.0159273 9.9928E-05 9.9928E-05 0.123122 0.719215 0.027845 9.9928E-05 0.0510892 0.0479913
9.98832E-05 9.98832E-05 9.98832E-05 9.98832E-05 0.0148289 9.98832E-05 9.98832E-05 9.98832E-05 9.98832E-05 9.98832E-05 0.983873 9.98832E-05 9.98832E-05 9.98832E-05 9.98832E-05
0.0312378 9.9919E-05 9.9919E-05 9.9919E-05 0.012043 0.00168355 0.0138607 9.9919E-05 9.9919E-05 0.110274 0.830002 9.9919E-05 9.9919E-05 9.9919E-05 9.9919E-05
9.98832E-05 9.98832E-05 9.98832E-05 9.98832E-05 9.98832E-05 9.98832E-05 9.98832E-05 9.98832E-05 9.98832E-05 9.98832E-05 0.99435 9.98832E-05 0.00435128 9.98832E-05 9.98832E-05
9.98921E-05 0.0584619 9.98921E-05 9.98921E-05 9.98921E-05 9.98921E-05 9.98921E-05 9.98921E-05 9.98921E-05 9.98921E-05 0.895515 9.98921E-05 0.0448242 9.98921E-05 9.98921E-05
9.99056E-05 9.99056E-05 9.99056E-05 9.99056E-05 9.99056E-05 9.99056E-05 0.0241022 9.99056E-05 9.99056E-05 9.99056E-05 0.95666 9.99056E-05 0.0148841 9.99056E-05 0.00325494
9.98831E-05 9.98831E-05 9.98831E-05 9.98831E-05 9.98831E-05 9.98831E-05 0.0116683 9.98831E-05 9.98831E-05 9.98831E-05 0.987033 9.98831E-05 9.98831E-05 9.98831E-05 9.98831E-05
9.98831E-05 9.98831E-05 9.98831E-05 9.98831E-05 9.98831E-05 9.98831E-05 9.98831E-05 9.98831E-05 9.98831E-05 9.98831E-05 0.993959 9.98831E-05 9.98831E-05 0.00474277 9.98831E-05
9.98832E-05 9.98832E-05 9.98832E-05 9.98832E-05 9.98832E-05 9.98832E-05 9.98832E-05 9.98832E-05 9.98832E-05 0.00686472 0.991837 9.98832E-05 9.98832E-05 9.98832E-05 9.98832E-05
9.99191E-05 9.99191E-05 0.0894488 0.0128597 0.00609985 9.99191E-05 9.99191E-05 0.14087 9.99191E-05 0.211498 0.538324 9.99191E-05 9.99191E-05 9.99191E-05 9.99191E-05
9.99011E-05 9.99011E-05 9.99011E-05 9.99011E-05 0.00655002 9.99011E-05 9.99011E-05 9.99011E-05 9.99011E-05 9.99011E-05 0.84001 9.99011E-05 9.99011E-05 0.141395 0.0109453
9.993E-05 9.993E-05 9.993E-05 9.993E-05 0.0404826 0.000163765 0.0146907 9.993E-05 0.179068 0.125622 0.605859 0.0242091 0.00920505 9.993E-05 9.993E-05
0.0444114 9.9928E-05 0.0253285 9.9928E-05 0.54395 9.9928E-05 0.0384348 9.9928E-05 0.0342809 0.0184868 0.294308 9.9928E-05 9.9928E-05 9.9928E-05 9.9928E-05
9.98741E-05 9.98741E-05 9.98741E-05 9.98741E-05 0.998602 9.98741E-05 9.98741E-05 9.98741E-05 9.98741E-05 9.98741E-05 9.98741E-05 9.98741E-05 9.98741E-05 9.98741E-05 9.98741E-05
9.9946E-05 0.0328319 9.9946E-05 9.9946E-05 0.0489107 0.0177663 9.9946E-05 9.9946E-05 0.0552355 0.122903 0.60762 0.0299281 0.0129979 9.9946E-05 0.0712074
