0.9995 9.996E-05 9.996E-05 9.996E-05 9.996E-05 9.996E-05
0.526506 0.214854 0.126039 0.108266 0.0211129 0.00322263
0.551335 0.186074 0.108291 0.154101 9.9982E-05 9.9982E-05
0.518556 0.47558 9.9973E-05 0.00556355 9.9973E-05 9.9973E-05
0.353503 0.513143 9.9991E-05 0.0139771 0.0308203 0.0884563
0.425731 0.455815 9.9982E-05 0.070699 0.047555 9.9982E-05
0.608491 0.337471 9.9973E-05 0.0537381 9.9973E-05 9.9973E-05
0.505178 0.354167 0.0422195 0.0941595 9.9991E-05 0.00417592
0.427466 0.422262 0.0181361 0.0953224 9.9991E-05 0.0367137
0.9995 9.996E-05 9.996E-05 9.996E-05 9.996E-05 9.996E-05
0.9995 9.996E-05 9.996E-05 9.996E-05 9.996E-05 9.996E-05
0.9995 9.996E-05 9.996E-05 9.996E-05 9.996E-05 9.996E-05
0.9995 9.996E-05 9.996E-05 9.996E-05 9.996E-05 9.996E-05
0.982683 9.9964E-05 9.9964E-05 9.9964E-05 0.0169175 9.9964E-05
0.983613 9.9964E-05 9.9964E-05 9.9964E-05 0.0159868 9.9964E-05
0.374212 0.499354 0.0348544 0.0332932 9.9991E-05 0.0581866
0.315264 0.478082 0.0439973 0.0390995 0.0553769 0.0681802
0.449757 0.474418 9.9982E-05 0.0488582 9.9982E-05 0.0267674
0.216906 0.65841 9.9982E-05 9.9982E-05 0.0786614 0.0458226
0.20782 0.724443 9.9973E-05 9.9973E-05 0.0674374 9.9973E-05
0.341368 0.585299 0.0104289 9.9982E-05 9.9982E-05 0.0627037
0.191865 0.597848 9.9991E-05 0.0581249 0.140813 0.0112485
0.201647 0.612389 0.012693 0.0218555 0.125192 0.0262227
0.291076 0.683426 9.9973E-05 9.9973E-05 0.0251973 9.9973E-05
0.247626 0.751974 9.99641E-05 9.99641E-05 9.99641E-05 9.99641E-05
0.153997 0.790963 9.9982E-05 9.9982E-05 0.023602 0.0312379
0.193673 0.656779 9.9991E-05 0.0288773 0.0193296 0.10124
0.258637 0.728051 9.9973E-05 0.0130122 9.9973E-05 9.9973E-05
0.259244 0.684136 9.9982E-05 9.9982E-05 0.0194146 0.0370057
0.343913 0.635653 9.9973E-05 9.9973E-05 0.0201342 9.9973E-05
0.311622 0.592956 9.9973E-05 9.9973E-05 0.0951228 9.9973E-05
0.195808 0.750115 9.9982E-05 9.9982E-05 0.0272919 0.0265853
0.222221 0.615691 0.0146289 0.0750961 0.0579693 0.0143934
0.238508 0.642481 9.9991E-05 0.0769091 0.0132453 0.0287572
0.201831 0.576456 9.9982E-05 0.0247642 0.196748 9.9982E-05
0.362962 0.636639 9.9964E-05 9.9964E-05 9.9964E-05 9.9964E-05
0.131069 0.823888 9.9973E-05 9.9973E-05 0.0447427 9.9973E-05
0.169308 0.656589 9.9991E-05 0.023735 0.0634748 0.0867935
0.186354 0.649964 0.0362688 0.0543217 0.00776967 0.065322
0.135013 0.754977 9.9982E-05 9.9982E-05 0.0444963 0.0653135
0.00906037 0.815466 0.0781405 0.0521219 9.9991E-05 0.0451113
0.0519902 0.731487 0.0147318 0.0989903 0.0542717 0.0485286
0.130191 0.735168 0.0248747 0.109566 9.9982E-05 9.9982E-05
0.0302475 0.859478 0.013987 0.0583156 9.9991E-05 0.0378717
0.0448675 0.799788 9.9982E-05 0.0778212 9.9982E-05 0.0773233
0.0496154 0.876518 9.9982E-05 0.0446227 9.9982E-05 0.0290437
0.0565329 0.893855 9.9982E-05 0.0454772 9.9982E-05 0.00393502
0.0810015 0.850189 9.9991E-05 0.0211594 0.0365495 0.0110008
0.125629 0.73857 9.9982E-05 0.0398657 9.9982E-05 0.0957352
0.229632 0.711983 0.0111475 0.0470373 9.9982E-05 9.9982E-05
0.10245 0.801447 0.00673789 0.0457106 9.9991E-05 0.0435543
0.0893292 0.783454 9.9991E-05 0.067075 0.00938069 0.0506609
0.0696685 0.8564 9.9982E-05 0.0479181 9.9982E-05 0.0258138
0.104907 0.716374 9.9982E-05 9.9982E-05 0.0749706 0.103549
0.104328 0.773801 0.0553076 9.9991E-05 0.0389296 0.0275339
0.0785796 0.837734 9.9973E-05 0.0833865 9.9973E-05 9.9973E-05
0.139792 0.679222 9.9982E-05 0.0952099 9.9982E-05 0.0855764
0.0688227 0.832318 9.9982E-05 9.9982E-05 0.00742959 0.0912296
0.0656976 0.909346 9.9973E-05 0.0246568 9.9973E-05 9.9973E-05
0.12611 0.777153 9.9973E-05 9.9973E-05 9.9973E-05 0.0964373
0.0592109 0.801083 0.00325964 0.0105905 9.9991E-05 0.125756
0.0640606 0.90656 0.0151192 9.9982E-05 9.9982E-05 0.0140601
0.0707237 0.720282 0.046413 0.0749621 0.0230862 0.0645334
0.0309057 0.762684 9.9991E-05 0.0678206 0.0977289 0.040761
0.0715405 0.903009 9.9982E-05 9.9982E-05 0.000989537 0.0242608
0.0327992 0.781316 9.9991E-05 0.0751274 0.102352 0.00830593
0.0181844 0.896153 0.0435013 0.0150834 9.9991E-05 0.0269783
0.0637596 0.761387 0.00634781 0.0685748 0.0998303 9.9991E-05
0.100064 0.773579 0.00429322 0.0909755 9.9991E-05 0.0309888
0.0285913 0.803116 9.9982E-05 0.102738 0.0653543 9.9982E-05
0.0733842 0.766166 0.0524964 0.107753 9.9982E-05 9.9982E-05
0.0123765 0.835439 0.0326031 0.0504074 0.022883 0.0462909
0.120358 0.806385 9.9982E-05 0.0283006 9.9982E-05 0.0447565
0.0892638 0.781756 9.9982E-05 0.0225434 9.9982E-05 0.106237
0.0780883 0.846955 9.9991E-05 0.0231326 0.0357748 0.0159488
0.0187778 0.831689 9.9982E-05 9.9982E-05 0.0270296 0.122304
9.9973E-05 0.843869 0.0310919 0.124739 9.9973E-05 9.9973E-05
0.0206859 0.692713 0.122333 0.0447904 0.119377 9.9991E-05
9.9991E-05 0.689584 0.142836 0.0334222 0.0376238 0.0964335
9.9991E-05 0.767166 0.0958113 0.00928767 0.0816722 0.0459631
9.9991E-05 0.827863 0.035821 0.0555163 0.0390168 0.0416833
9.9991E-05 0.749578 0.090598 0.0220167 0.105565 0.0321423
9.9991E-05 0.790062 0.110445 0.0251274 0.0295956 0.0446703
0.0585541 0.773291 0.117695 0.0434666 9.9991E-05 0.00689331
0.0321778 0.699497 0.196471 0.0121331 0.0233871 0.0363336
0.017331 0.675368 0.170913 0.125002 9.9991E-05 0.0112871
0.0792931 0.747476 0.073672 0.0662998 0.00673 0.0265295
0.0348154 0.760168 0.127174 0.0214499 9.9991E-05 0.0562933
0.0295389 0.64883 0.127245 0.021735 0.0693508 0.103301
9.9991E-05 0.622661 0.0941565 0.124009 0.0252541 0.133819
0.0735284 0.571152 0.136272 0.0472269 0.17172 9.9991E-05
0.0468351 0.64919 0.107961 0.034696 0.161218 9.9991E-05
0.0219496 0.505121 0.199903 0.0830871 9.9991E-05 0.18984
9.996E-05 9.996E-05 0.9995 9.996E-05 9.996E-05 9.996E-05
0.0414975 0.032858 0.905087 0.00658764 0.01387 9.9991E-05
0.00601763 0.0678575 0.873806 9.9991E-05 0.0488595 0.00335906
9.996E-05 9.996E-05 0.9995 9.996E-05 9.996E-05 9.996E-05
9.996E-05 9.996E-05 0.9995 9.996E-05 9.996E-05 9.996E-05
9.996E-05 9.996E-05 0.9995 9.996E-05 9.996E-05 9.996E-05
9.996E-05 9.996E-05 0.9995 9.996E-05 9.996E-05 9.996E-05
0.0266221 0.0655677 0.863596 0.0115404 0.0124703 0.0202033
9.9964E-05 9.9964E-05 0.998801 9.9964E-05 9.9964E-05 0.000799549
0.00272031 9.9973E-05 0.992808 9.9973E-05 9.9973E-05 0.0041719
9.9991E-05 0.661226 0.118727 0.0469528 0.105114 0.0678805
9.9982E-05 0.0675677 0.90907 9.9982E-05 0.0210228 0.00213948
9.9964E-05 9.9964E-05 0.998934 9.9964E-05 9.9964E-05 0.00066568
9.9982E-05 0.00381835 0.955125 0.02725 9.9982E-05 0.0136064
9.9991E-05 0.703645 0.131531 0.00459283 0.0715713 0.0885593
9.9991E-05 0.704776 0.091689 0.04678 0.0969526 0.0597021
9.9991E-05 0.64587 0.0977822 0.0479643 0.122441 0.0858419
9.9991E-05 0.656133 0.133598 0.0491817 0.108108 0.0528794
9.9982E-05 0.781494 0.121218 9.9982E-05 0.0770607 0.0200269
9.9982E-05 0.750875 0.0681955 9.9982E-05 0.119043 0.0616859
0.00219689 0.649802 0.144084 0.00242182 0.169542 0.0319527
9.9991E-05 0.678091 0.122068 0.00527732 0.166632 0.0278318
9.9991E-05 0.604157 0.168058 0.0363882 0.125316 0.0659808
9.9991E-05 0.63953 0.170012 0.0395418 0.138405 0.0124109
9.9991E-05 0.698749 0.0702234 0.0647819 0.0626219 0.103524
0.00222931 0.55521 0.14644 0.053083 0.209792 0.0332457
0.00362328 0.647056 0.0530879 0.0668514 0.117067 0.112314
9.9991E-05 0.687266 0.139379 0.0281801 0.0601156 0.0849599
9.996E-05 9.996E-05 9.996E-05 0.9995 9.996E-05 9.996E-05
9.9991E-05 0.609653 0.178407 0.104659 0.0600018 0.047179
0.0030033 0.00945458 9.9973E-05 0.987242 9.9973E-05 9.9973E-05
9.996E-05 9.996E-05 9.996E-05 0.9995 9.996E-05 9.996E-05
0.020723 0.0423851 9.9991E-05 0.912192 0.0196049 0.00499505
0.00816194 0.14253 0.0150934 0.786831 9.9991E-05 0.0472834
9.996E-05 9.996E-05 9.996E-05 0.9995 9.996E-05 9.996E-05
9.9973E-05 0.137973 9.9973E-05 0.813604 0.0481232 9.9973E-05
9.9964E-05 9.9964E-05 9.9964E-05 0.980211 0.0193888 9.9964E-05
9.9973E-05 0.017463 0.0103044 0.971933 9.9973E-05 9.9973E-05
9.996E-05 9.996E-05 9.996E-05 0.9995 9.996E-05 9.996E-05
9.9973E-05 9.9973E-05 0.00253723 0.984856 9.9973E-05 0.0123065
9.9982E-05 0.0263053 0.00626744 0.95625 9.9982E-05 0.0109775
9.9982E-05 0.086434 0.0894928 0.803493 9.9982E-05 0.0203801
0.0189374 0.017779 9.9982E-05 0.945638 0.0174455 9.9982E-05
9.9991E-05 0.0637432 0.0145202 0.887903 0.0267879 0.0069457
9.9982E-05 0.0155204 9.9982E-05 0.907143 0.0406083 0.0365281
0.0359263 0.0516824 0.00477891 0.867864 0.00972306 0.0300253
9.9964E-05 9.9964E-05 9.9964E-05 0.997932 9.9964E-05 0.00166807
9.9973E-05 0.973827 0.018463 9.9973E-05 9.9973E-05 0.00740993
9.9982E-05 0.866024 0.0637463 9.9982E-05 0.0279546 0.0420747
9.9964E-05 0.989112 0.0104877 9.9964E-05 9.9964E-05 9.9964E-05
9.9964E-05 0.987536 0.0120645 9.9964E-05 9.9964E-05 9.9964E-05
9.9964E-05 0.970462 0.0291384 9.9964E-05 9.9964E-05 9.9964E-05
9.9964E-05 0.975579 0.024021 9.9964E-05 9.9964E-05 9.9964E-05
9.9964E-05 0.988301 0.0112995 9.9964E-05 9.9964E-05 9.9964E-05
9.9964E-05 0.933673 9.9964E-05 9.9964E-05 0.0659273 9.9964E-05
9.996E-05 0.9995 9.996E-05 9.996E-05 9.996E-05 9.996E-05
9.9964E-05 0.974923 0.0246774 9.9964E-05 9.9964E-05 9.9964E-05
9.9973E-05 0.845633 0.0884626 9.9973E-05 0.0656042 9.9973E-05
9.9964E-05 0.974784 0.0248162 9.9964E-05 9.9964E-05 9.9964E-05
9.9982E-05 0.870433 0.0339861 0.0664046 0.0289767 9.9982E-05
0.0677 0.370484 0.0748351 0.0573257 0.115407 0.314248
0.0150602 0.419361 0.0696132 0.0539542 0.153021 0.288991
0.0397408 0.385478 0.0921198 0.0920495 0.116255 0.274356
0.0474957 0.367816 0.0604458 0.0969196 0.141347 0.285976
0.0106578 0.0696445 0.00128933 9.9982E-05 0.918208 9.9982E-05
9.996E-05 9.996E-05 9.996E-05 9.996E-05 0.9995 9.996E-05
9.9964E-05 9.9964E-05 9.9964E-05 9.9964E-05 0.981348 0.0182522
9.996E-05 9.996E-05 9.996E-05 9.996E-05 0.9995 9.996E-05
9.9982E-05 9.9982E-05 0.00327738 0.00356126 0.99138 0.00158176
9.9973E-05 9.9973E-05 0.0121196 9.9973E-05 0.977642 0.00993849
9.9964E-05 9.9964E-05 0.046804 9.9964E-05 0.952796 9.9964E-05
0.0252445 0.137813 9.9991E-05 0.0369917 0.777645 0.0222055
0.0018484 0.0864609 9.9991E-05 0.012801 0.891927 0.00686307
9.9964E-05 0.0213442 9.9964E-05 9.9964E-05 9.9964E-05 0.978256
9.996E-05 9.996E-05 9.996E-05 9.996E-05 9.996E-05 0.9995
9.996E-05 9.996E-05 9.996E-05 9.996E-05 9.996E-05 0.9995
9.996E-05 9.996E-05 9.996E-05 9.996E-05 9.996E-05 0.9995
9.996E-05 9.996E-05 9.996E-05 9.996E-05 9.996E-05 0.9995
0.00321095 0.0856799 9.9982E-05 9.9982E-05 0.0437244 0.867185
9.996E-05 9.996E-05 9.996E-05 9.996E-05 9.996E-05 0.9995
9.996E-05 9.996E-05 9.996E-05 9.996E-05 9.996E-05 0.9995
9.996E-05 9.996E-05 9.996E-05 9.996E-05 9.996E-05 0.9995
9.9982E-05 0.00634595 0.0151892 0.00601195 9.9982E-05 0.972253
9.9964E-05 9.9964E-05 9.9964E-05 9.9964E-05 0.00785041 0.99175
9.9964E-05 9.9964E-05 9.9964E-05 0.00511769 9.9964E-05 0.994482
