9.996E-05 0.9995 9.996E-05 9.996E-05 9.996E-05 9.996E-05
0.481619 0.354612 0.0566591 0.10691 9.9982E-05 9.9982E-05
0.480112 0.34915 0.0805967 0.0899413 9.9982E-05 9.9982E-05
0.716342 0.283258 9.9964E-05 9.9964E-05 9.9964E-05 9.9964E-05
0.739479 0.163575 9.9973E-05 9.9973E-05 0.0966456 9.9973E-05
0.752926 0.209775 0.0126827 0.0244164 9.9982E-05 9.9982E-05
0.662643 0.336958 9.9964E-05 9.9964E-05 9.9964E-05 9.9964E-05
0.554012 0.355007 0.0906812 9.9973E-05 9.9973E-05 9.9973E-05
0.670788 0.253237 0.0756752 9.9973E-05 9.9973E-05 9.9973E-05
9.996E-05 0.9995 9.996E-05 9.996E-05 9.996E-05 9.996E-05
9.996E-05 0.9995 9.996E-05 9.996E-05 9.996E-05 9.996E-05
9.996E-05 0.9995 9.996E-05 9.996E-05 9.996E-05 9.996E-05
9.996E-05 0.9995 9.996E-05 9.996E-05 9.996E-05 9.996E-05
0.0307306 0.910814 0.0171661 9.9982E-05 0.0410891 9.9982E-05
9.9973E-05 0.92099 0.0350603 9.9973E-05 9.9973E-05 0.0436495
0.777026 0.1916 9.9973E-05 9.9973E-05 0.0310746 9.9973E-05
0.448589 0.269813 0.0713413 0.0770695 0.126129 0.00705772
0.743323 0.256277 9.9964E-05 9.9964E-05 9.9964E-05 9.9964E-05
0.9995 9.996E-05 9.996E-05 9.996E-05 9.996E-05 9.996E-05
0.9995 9.996E-05 9.996E-05 9.996E-05 9.996E-05 9.996E-05
0.889572 0.110028 9.9964E-05 9.9964E-05 9.9964E-05 9.9964E-05
0.913411 0.0200364 0.0662531 9.9973E-05 9.9973E-05 9.9973E-05
0.930423 0.0328241 9.9973E-05 9.9973E-05 0.0364529 9.9973E-05
0.913844 0.0857561 9.9964E-05 9.9964E-05 9.9964E-05 9.9964E-05
0.944516 0.055084 9.9964E-05 9.9964E-05 9.9964E-05 9.9964E-05
0.902469 0.0147607 9.9982E-05 9.9982E-05 0.048164 0.034406
0.800118 0.0517968 0.0170766 9.9982E-05 0.130809 9.9982E-05
0.968167 0.0314328 9.99641E-05 9.99641E-05 9.99641E-05 9.99641E-05
0.878015 0.10605 9.9982E-05 0.00174831 9.9982E-05 0.0139864
0.894646 0.104954 9.9964E-05 9.9964E-05 9.9964E-05 9.9964E-05
0.859807 0.126823 9.9973E-05 9.9973E-05 0.0130708 9.9973E-05
0.910683 0.0323983 0.0178717 9.9991E-05 0.0198481 0.0190989
0.927597 0.0233734 0.0244142 9.9982E-05 0.0244158 9.9982E-05
0.793632 0.0819491 0.0472065 0.0021207 9.9991E-05 0.0749919
0.94037 0.024282 0.00207509 9.9982E-05 0.0330729 9.9982E-05
0.861641 0.137959 9.9964E-05 9.9964E-05 9.9964E-05 9.9964E-05
0.980296 9.9973E-05 0.012683 9.9973E-05 0.00672131 9.9973E-05
0.83009 0.0192437 0.0334799 0.0193577 0.0850036 0.0128251
0.83815 0.0314783 0.0247302 0.0339925 0.071549 9.9991E-05
0.868361 0.0129677 9.9991E-05 0.0519193 0.0595125 0.00713957
0.63444 9.9991E-05 0.0766428 0.107808 0.033175 0.147835
0.659134 0.00861917 0.103678 0.0396744 0.0854557 0.103439
0.656275 0.042869 0.142245 0.0427933 9.9991E-05 0.115717
0.756222 9.9991E-05 0.0611867 0.0344694 0.0620508 0.0859713
0.777784 9.9982E-05 0.0717095 9.9982E-05 0.0789763 0.0713304
0.895142 9.9973E-05 0.0598941 9.9973E-05 0.0446644 9.9973E-05
0.918039 9.9982E-05 0.0309782 9.9982E-05 0.0489207 0.00186227
0.869026 9.9991E-05 0.0443332 0.00490998 0.0545962 0.0270351
0.623818 0.0719021 0.0697352 9.9991E-05 0.105665 0.12878
0.744116 0.117009 0.00117539 0.035641 9.9991E-05 0.10196
0.743692 0.0511623 0.0908014 0.056145 0.0384978 0.019702
0.816075 9.9982E-05 0.0622778 9.9982E-05 0.0718781 0.0495689
0.828784 9.9982E-05 0.023074 9.9982E-05 0.0791338 0.0688079
0.669732 0.0271489 9.9991E-05 0.0555687 0.128571 0.11888
0.752988 0.0375727 0.0197805 0.0593315 0.0354141 0.0949133
0.679159 9.9991E-05 0.1332 0.048662 0.0132844 0.125594
0.643764 0.0617185 0.0758744 9.9991E-05 0.127854 0.0906898
0.718168 9.9982E-05 9.9982E-05 0.0617862 0.152519 0.0673266
0.904528 9.9973E-05 0.0788736 9.9973E-05 0.0162986 9.9973E-05
0.714276 0.0300737 0.0415778 0.0353959 0.116106 0.0625705
0.756127 0.00362435 0.000702344 9.9991E-05 0.150519 0.0889275
0.754641 9.9982E-05 9.9982E-05 0.0329323 0.0328503 0.179377
0.705324 9.9991E-05 0.0827084 0.0388061 0.0805874 0.0924745
0.626521 9.9991E-05 0.11153 0.0389081 0.121672 0.101268
0.810051 0.00943007 9.9982E-05 9.9982E-05 0.0710305 0.109289
0.711802 9.9991E-05 0.117857 0.0528696 0.0451579 0.0722132
0.712939 9.9991E-05 0.0330311 0.07633 0.0520769 0.125523
0.614936 0.00535233 0.0823443 0.0721857 0.0783814 0.1468
0.825444 9.9991E-05 0.0199436 0.0517887 0.0416364 0.0610867
0.697095 9.9982E-05 0.0952698 0.0676839 9.9982E-05 0.139751
0.753512 0.0198817 0.0659019 0.0589739 9.9991E-05 0.101631
0.65705 9.9991E-05 0.0698639 0.0973285 0.0411128 0.134545
0.754652 0.0571574 0.0623892 9.9991E-05 0.0851878 0.0405138
0.813553 9.9982E-05 0.0229296 9.9982E-05 0.0916887 0.0716287
0.625249 0.00318776 0.0525341 0.0514012 0.0590344 0.208594
0.705125 9.9991E-05 0.00980033 0.0310478 0.163785 0.0901418
0.673842 9.9991E-05 0.082928 0.0494334 0.0922443 0.101452
0.632662 9.9991E-05 0.0384892 0.171833 0.0137941 0.143121
0.516907 9.9991E-05 0.0533183 0.102523 0.128931 0.198221
0.443096 9.9991E-05 0.0634283 0.151483 0.143819 0.198074
0.370715 9.9991E-05 0.113971 0.133194 0.12517 0.25685
0.424471 9.9991E-05 0.0900667 0.208348 0.120753 0.156262
0.454287 9.9991E-05 0.0881894 0.154213 0.102739 0.200472
0.56126 9.9991E-05 0.0463323 0.148379 0.0734077 0.170522
0.448282 9.9991E-05 0.0619316 0.224309 0.138127 0.127251
0.455445 0.00760354 0.124594 0.205889 0.0727782 0.13369
0.449814 0.0611498 0.106336 0.141324 0.0979699 0.143407
0.564412 0.00324207 9.9991E-05 0.149154 0.0837121 0.19938
0.433397 9.9991E-05 0.0631154 0.189073 0.142196 0.172119
0.383361 9.9991E-05 0.12015 0.134428 0.165649 0.196311
0.423805 0.021792 0.0932069 0.231679 0.105295 0.124222
0.569956 0.0140909 0.0690551 0.170038 9.9991E-05 0.17676
0.365687 0.017018 0.0820054 0.224805 0.194722 0.115762
9.996E-05 9.996E-05 9.996E-05 0.9995 9.996E-05 9.996E-05
0.0131236 0.0124005 0.0335577 0.940718 9.9982E-05 9.9982E-05
0.0572431 9.9973E-05 9.9973E-05 0.902554 0.0399025 9.9973E-05
9.996E-05 9.996E-05 9.996E-05 0.9995 9.996E-05 9.996E-05
9.996E-05 9.996E-05 9.996E-05 0.9995 9.996E-05 9.996E-05
9.996E-05 9.996E-05 9.996E-05 0.9995 9.996E-05 9.996E-05
9.996E-05 9.996E-05 9.996E-05 0.9995 9.996E-05 9.996E-05
0.061439 9.9973E-05 0.00329328 0.934968 9.9973E-05 9.9973E-05
9.996E-05 9.996E-05 9.996E-05 0.9995 9.996E-05 9.996E-05
9.996E-05 9.996E-05 9.996E-05 0.9995 9.996E-05 9.996E-05
0.244146 9.9991E-05 0.0976595 0.132198 0.166049 0.359847
0.0175139 0.00563027 0.00367414 0.953304 0.0104002 0.00947712
9.996E-05 9.996E-05 9.996E-05 0.9995 9.996E-05 9.996E-05
9.9964E-05 9.9964E-05 9.9964E-05 0.986014 9.9964E-05 0.0135859
0.19938 0.017631 0.055764 0.175747 0.215684 0.335793
0.295747 9.9991E-05 0.0858468 0.148831 0.166677 0.302799
0.191051 9.9991E-05 0.132562 0.230609 0.156768 0.28891
0.283379 9.9991E-05 0.0752874 0.195908 0.175346 0.26998
0.248663 9.9991E-05 0.101911 0.165776 0.156281 0.327269
0.351262 9.9991E-05 0.0420531 0.140053 0.180572 0.28596
0.346797 9.9991E-05 0.0535306 0.208606 0.149447 0.24152
0.307142 9.9991E-05 0.0364212 0.184778 0.157638 0.31392
0.275917 9.9991E-05 0.0928762 0.307979 0.134936 0.188192
0.30158 9.9991E-05 0.0896047 0.281401 0.109364 0.217951
0.424257 9.9991E-05 0.0640298 0.155445 0.143844 0.212324
0.321327 9.9991E-05 0.104818 0.258573 0.183638 0.131545
0.281624 0.0180991 0.131509 0.11071 0.185327 0.272732
0.354878 9.9991E-05 0.0748783 0.166634 0.120641 0.282869
0.0210084 9.9973E-05 9.9973E-05 0.0140139 9.9973E-05 0.964678
9.9982E-05 0.0149748 9.9982E-05 0.0149375 0.0730028 0.896885
9.996E-05 9.996E-05 9.996E-05 9.996E-05 9.996E-05 0.9995
9.996E-05 9.996E-05 9.996E-05 9.996E-05 9.996E-05 0.9995
9.996E-05 9.996E-05 9.996E-05 9.996E-05 9.996E-05 0.9995
9.996E-05 9.996E-05 9.996E-05 9.996E-05 9.996E-05 0.9995
9.996E-05 9.996E-05 9.996E-05 9.996E-05 9.996E-05 0.9995
0.151671 0.0225916 9.9982E-05 9.9982E-05 0.0209735 0.804564
9.996E-05 9.996E-05 9.996E-05 9.996E-05 9.996E-05 0.9995
9.996E-05 9.996E-05 9.996E-05 9.996E-05 9.996E-05 0.9995
9.9973E-05 0.040356 9.9973E-05 0.0550684 9.9973E-05 0.904276
9.996E-05 9.996E-05 9.996E-05 9.996E-05 9.996E-05 0.9995
0.0415812 9.9991E-05 0.102002 0.00294816 0.0598917 0.793477
9.996E-05 9.996E-05 0.9995 9.996E-05 9.996E-05 9.996E-05
0.292846 9.9991E-05 0.100418 0.212444 0.122515 0.271677
9.996E-05 9.996E-05 0.9995 9.996E-05 9.996E-05 9.996E-05
9.996E-05 9.996E-05 0.9995 9.996E-05 9.996E-05 9.996E-05
9.9973E-05 0.0104949 0.946288 0.0429176 9.9973E-05 9.9973E-05
0.046552 0.0616839 0.813675 9.9991E-05 0.0457135 0.0322757
9.996E-05 9.996E-05 0.9995 9.996E-05 9.996E-05 9.996E-05
0.106946 9.9973E-05 0.890935 9.9973E-05 9.9973E-05 0.00181899
9.9973E-05 9.9973E-05 0.981902 0.0157303 0.00206756 9.9973E-05
9.9964E-05 9.9964E-05 0.973 9.9964E-05 9.9964E-05 0.0266002
0.0446988 9.9964E-05 0.954901 9.9964E-05 9.9964E-05 9.9964E-05
9.996E-05 9.996E-05 0.9995 9.996E-05 9.996E-05 9.996E-05
9.9964E-05 9.9964E-05 0.990499 9.9964E-05 9.9964E-05 0.00910116
9.9982E-05 9.9982E-05 0.814533 0.0292795 0.0814302 0.0745574
0.0201085 0.00494078 0.936019 9.9982E-05 0.0387321 9.9982E-05
0.0441657 0.0137297 0.881204 0.0254422 0.0149057 0.0205525
0.00254499 0.0213359 0.859266 9.9991E-05 0.0829983 0.0337552
0.0251288 0.0173565 0.891367 0.00262605 0.0498333 0.0136882
0.00149948 9.9982E-05 0.96959 0.00974665 9.9982E-05 0.0189636
0.242099 0.0325268 0.0903935 0.106704 0.417871 0.110405
0.2574 0.00350615 0.161706 0.0755719 0.354196 0.14762
0.273582 0.0201409 0.109812 0.140134 0.379083 0.0772487
0.286713 0.0439602 0.0727099 0.112489 0.393479 0.0906488
0.155697 0.0327904 0.0728543 0.221197 0.483575 0.0338861
0.015452 9.9991E-05 0.0948577 0.251264 0.628185 0.0101415
0.0691633 9.9991E-05 0.109651 0.24794 0.555708 0.0174377
0.0400413 9.9982E-05 0.102678 0.259649 0.597431 9.9982E-05
0.0630979 0.000236979 0.11881 0.261687 0.54573 0.0104379
0.0851267 9.9991E-05 0.104069 0.290599 0.504668 0.0154377
0.114819 9.9982E-05 0.0975085 0.235749 0.551723 9.9982E-05
0.249731 0.0471383 0.0499793 0.191568 0.408624 0.0529596
0.222214 0.014059 0.090554 0.233126 0.409791 0.0302554
9.996E-05 9.996E-05 9.996E-05 9.996E-05 0.9995 9.996E-05
9.996E-05 9.996E-05 9.996E-05 9.996E-05 0.9995 9.996E-05
9.996E-05 9.996E-05 9.996E-05 9.996E-05 0.9995 9.996E-05
9.996E-05 9.996E-05 9.996E-05 9.996E-05 0.9995 9.996E-05
9.996E-05 9.996E-05 9.996E-05 9.996E-05 0.9995 9.996E-05
0.0067116 0.000894023 9.9973E-05 9.9973E-05 0.992094 9.9973E-05
9.996E-05 9.996E-05 9.996E-05 9.996E-05 0.9995 9.996E-05
9.996E-05 9.996E-05 9.996E-05 9.996E-05 0.9995 9.996E-05
9.996E-05 9.996E-05 9.996E-05 9.996E-05 0.9995 9.996E-05
9.9964E-05 0.0078154 9.9964E-05 9.9964E-05 0.991785 9.9964E-05
9.996E-05 9.996E-05 9.996E-05 9.996E-05 0.9995 9.996E-05
9.996E-05 9.996E-05 9.996E-05 9.996E-05 0.9995 9.996E-05
