9.996E-05 0.9995 9.996E-05 9.996E-05 9.996E-05 9.996E-05
9.9982E-05 0.392244 0.0762267 9.9982E-05 0.471642 0.0596872
9.9982E-05 0.37723 0.0250423 9.9982E-05 0.479805 0.117723
9.99641E-05 0.291295 9.99641E-05 9.99641E-05 0.708305 9.99641E-05
9.9973E-05 0.140339 9.9973E-05 0.0454252 0.813936 9.9973E-05
9.9973E-05 0.19335 9.9973E-05 9.9973E-05 0.8045 0.00185021
9.9964E-05 0.346384 9.9964E-05 9.9964E-05 0.653216 9.9964E-05
9.9982E-05 0.334135 0.00204647 9.9982E-05 0.588683 0.0749353
9.9973E-05 0.249056 9.9973E-05 9.9973E-05 0.734925 0.0157189
9.996E-05 0.9995 9.996E-05 9.996E-05 9.996E-05 9.996E-05
9.996E-05 0.9995 9.996E-05 9.996E-05 9.996E-05 9.996E-05
9.996E-05 0.9995 9.996E-05 9.996E-05 9.996E-05 9.996E-05
9.996E-05 0.9995 9.996E-05 9.996E-05 9.996E-05 9.996E-05
9.9982E-05 0.961917 9.9982E-05 0.0230186 0.00524548 0.00961874
0.00528624 0.97189 9.9973E-05 0.0225238 9.9973E-05 9.9973E-05
0.0620868 0.214041 9.9991E-05 0.0215682 0.692101 0.0101031
9.999E-05 0.237228 0.0185499 0.10561 0.570941 0.0675709
9.9964E-05 0.239404 9.9964E-05 9.9964E-05 0.760196 9.9964E-05
9.99641E-05 0.0124771 9.99641E-05 9.99641E-05 0.987123 9.99641E-05
9.996E-05 9.996E-05 9.996E-05 9.996E-05 0.9995 9.996E-05
9.9973E-05 0.120517 9.9973E-05 0.0316942 0.847489 9.9973E-05
9.9982E-05 0.0284181 0.00681845 9.9982E-05 0.938939 0.0256245
9.9964E-05 0.0596003 9.9964E-05 9.9964E-05 0.94 9.9964E-05
9.9964E-05 0.0965781 9.9964E-05 9.9964E-05 0.903022 9.9964E-05
9.99641E-05 0.0665434 9.99641E-05 9.99641E-05 0.933057 9.99641E-05
0.0480917 0.0696472 9.9982E-05 0.0481188 0.833942 9.9982E-05
9.9982E-05 0.0353325 9.9982E-05 0.0577002 0.857655 0.0491124
9.99641E-05 0.0462833 9.99641E-05 9.99641E-05 0.953317 9.99641E-05
9.9973E-05 0.122898 9.9973E-05 0.0035961 0.873206 9.9973E-05
9.9964E-05 0.130716 9.9964E-05 9.9964E-05 0.868885 9.9964E-05
9.99641E-05 0.146494 9.99641E-05 9.99641E-05 0.853106 9.99641E-05
0.00381819 0.0175027 0.00801051 0.0542218 0.916347 9.9991E-05
9.9982E-05 0.0453311 0.0119866 9.9982E-05 0.938145 0.00433696
0.0754633 0.0943115 9.9982E-05 9.9982E-05 0.794902 0.0351236
9.9973E-05 0.0541348 9.9973E-05 9.9973E-05 0.918486 0.0270789
9.9964E-05 0.115593 9.9964E-05 9.9964E-05 0.884007 9.9964E-05
9.9973E-05 9.9973E-05 0.00208545 0.00186074 0.995754 9.9973E-05
9.9991E-05 0.0216495 0.0204068 0.0942381 0.835332 0.0282734
9.9991E-05 0.0463343 0.0453966 0.0521047 0.831093 0.0249716
0.0370412 0.0296559 0.0202691 0.0584501 0.854484 9.9991E-05
0.125736 9.9991E-05 0.0500647 0.027107 0.698243 0.0987491
0.117542 9.9991E-05 0.0441174 0.0753253 0.672642 0.0902732
0.0946188 0.0424538 0.0360499 9.9991E-05 0.729922 0.096855
0.0982 9.9991E-05 0.0323736 0.0209357 0.775772 0.0726184
0.0394737 9.9982E-05 9.9982E-05 0.0541978 0.841829 0.0642996
9.9973E-05 9.9973E-05 9.9973E-05 0.016576 0.976084 0.00704046
0.0179146 9.9982E-05 9.9982E-05 0.012697 0.94484 0.024348
0.031862 9.9982E-05 9.9982E-05 0.0490884 0.889568 0.0292816
0.0986328 0.0524328 9.9991E-05 0.0758872 0.710604 0.0623428
0.0573976 0.113135 0.0202016 9.9991E-05 0.802856 0.00631013
0.0130377 0.0409442 0.0398456 0.0710116 0.798096 0.0370645
0.0723724 0.00411828 9.9991E-05 0.0573178 0.802749 0.0633423
0.0315041 9.9982E-05 9.9982E-05 0.038594 0.893161 0.0365406
0.092992 0.0393023 0.0613514 0.107149 0.699106 9.9991E-05
0.0986969 0.0575385 0.0667567 0.0502106 0.722156 0.00464125
0.105542 9.9982E-05 0.0343317 9.9982E-05 0.778473 0.0814539
0.0794638 0.064649 9.9991E-05 0.0920348 0.681162 0.0825901
0.0365003 9.9991E-05 0.0365226 0.0900375 0.828129 0.00871111
9.9973E-05 9.9973E-05 9.9973E-05 0.0111153 0.951558 0.0370267
0.0133606 0.0346861 0.0312711 0.0923235 0.795729 0.0326301
0.0557842 9.9973E-05 9.9973E-05 0.0763417 0.867574 9.9973E-05
0.181241 9.9982E-05 0.0120656 0.049045 0.757448 9.9982E-05
0.0590555 9.9991E-05 0.0688809 0.060017 0.715978 0.0959688
0.0779943 9.9991E-05 0.082786 0.119962 0.649231 0.0699268
0.123883 9.9982E-05 0.00677209 0.0629561 0.806189 9.9982E-05
0.0648953 9.9991E-05 0.0744204 0.0130151 0.77295 0.0746187
0.103187 9.9991E-05 0.0775616 0.0402383 0.754277 0.0246367
0.0892489 0.00158781 0.0828654 0.0330118 0.692227 0.10106
0.00926272 9.9991E-05 0.0199841 0.0574982 0.885547 0.0276079
0.113073 9.9982E-05 0.0542495 9.9982E-05 0.770348 0.0621296
0.0446259 0.0233317 0.0964962 9.9991E-05 0.753995 0.0814514
0.15502 9.9991E-05 0.0452806 0.0929157 0.648418 0.0582656
0.0119591 0.0597786 9.9991E-05 0.067248 0.823149 0.0377658
0.0341381 0.00705949 9.9991E-05 0.128493 0.816037 0.0141717
0.177569 0.0230934 0.0161646 0.0962707 0.629576 0.0573271
0.0677473 9.9982E-05 9.9982E-05 0.14764 0.78072 0.00369309
0.0553085 9.9991E-05 0.0553145 0.0333506 0.800412 0.055514
0.120416 9.9991E-05 0.173968 0.0481642 0.615652 0.0416996
0.169274 9.9991E-05 0.176341 0.112742 0.459557 0.0819854
0.177756 9.9991E-05 0.177191 0.131652 0.466984 0.0463164
0.175327 9.9991E-05 0.124317 0.137643 0.476723 0.0858905
0.154948 9.9991E-05 0.174673 0.129737 0.487934 0.052609
0.170892 9.9991E-05 0.13405 0.114898 0.520397 0.059663
0.176753 0.0298201 0.150108 0.0696361 0.556469 0.0172129
0.173838 0.0466949 0.197196 0.101694 0.3907 0.0898767
0.095745 0.00759019 0.220643 0.0327637 0.546642 0.0966156
0.136685 0.0289325 0.0815208 0.0960555 0.54602 0.110786
0.190681 9.9982E-05 0.134125 0.0911905 0.583803 9.9982E-05
0.124409 9.9991E-05 0.197951 0.10736 0.486533 0.0836464
0.177703 9.9991E-05 0.151541 0.153271 0.39452 0.122865
0.0920796 0.0273789 0.186125 0.0869375 0.502232 0.105247
0.186181 0.0165767 0.136737 0.00642004 0.558531 0.0955543
0.131632 9.9991E-05 0.190162 0.187292 0.394761 0.0960533
9.996E-05 9.996E-05 0.9995 9.996E-05 9.996E-05 9.996E-05
9.9964E-05 0.0306884 0.968912 9.9964E-05 9.9964E-05 9.9964E-05
9.9973E-05 0.022334 0.931137 9.9973E-05 0.0462293 9.9973E-05
9.996E-05 9.996E-05 0.9995 9.996E-05 9.996E-05 9.996E-05
9.996E-05 9.996E-05 0.9995 9.996E-05 9.996E-05 9.996E-05
9.996E-05 9.996E-05 0.9995 9.996E-05 9.996E-05 9.996E-05
9.996E-05 9.996E-05 0.9995 9.996E-05 9.996E-05 9.996E-05
9.9982E-05 0.0294062 0.885238 9.9982E-05 0.0370076 0.048148
9.996E-05 9.996E-05 0.9995 9.996E-05 9.996E-05 9.996E-05
9.996E-05 9.996E-05 0.9995 9.996E-05 9.996E-05 9.996E-05
0.349472 9.9991E-05 0.10568 0.194036 0.262969 0.0877436
9.9982E-05 9.9982E-05 0.947839 0.023855 0.0268312 0.00127458
9.996E-05 9.996E-05 0.9995 9.996E-05 9.996E-05 9.996E-05
9.996E-05 9.996E-05 0.9995 9.996E-05 9.996E-05 9.996E-05
0.320783 0.00208825 0.150005 0.161248 0.31734 0.0485359
0.289825 9.9991E-05 0.16494 0.141775 0.310453 0.0929074
0.286379 9.9991E-05 0.153398 0.144679 0.335717 0.0797271
0.273896 9.9991E-05 0.212392 0.145438 0.278287 0.0898863
0.290297 9.9991E-05 0.194441 0.101242 0.374418 0.0395023
0.243144 9.9991E-05 0.142055 0.102755 0.502085 0.00986162
0.222766 9.9991E-05 0.192128 0.0976722 0.418054 0.0692798
0.325583 9.9991E-05 0.190103 0.111965 0.357923 0.0143258
0.200742 9.9991E-05 0.232975 0.0919275 0.369502 0.104753
0.186276 9.9991E-05 0.288643 0.124682 0.314697 0.0856027
0.213524 9.9991E-05 0.138456 0.144759 0.439483 0.0636791
0.168629 9.9991E-05 0.257156 0.163268 0.337485 0.0733626
0.274146 9.9991E-05 0.103257 0.131924 0.392514 0.0980593
0.258501 9.9991E-05 0.158223 0.121607 0.376209 0.08536
0.983937 9.9982E-05 0.000348585 0.0152396 9.9982E-05 0.000274385
0.876961 0.0277317 0.00204785 0.0682576 9.9991E-05 0.0249023
0.9995 9.996E-05 9.996E-05 9.996E-05 9.996E-05 9.996E-05
0.991802 9.9964E-05 9.9964E-05 0.00779857 9.9964E-05 9.9964E-05
0.9995 9.996E-05 9.996E-05 9.996E-05 9.996E-05 9.996E-05
0.9995 9.996E-05 9.996E-05 9.996E-05 9.996E-05 9.996E-05
0.9995 9.996E-05 9.996E-05 9.996E-05 9.996E-05 9.996E-05
0.847853 0.0378222 9.9982E-05 0.0333587 0.0807659 9.9982E-05
0.9995 9.996E-05 9.996E-05 9.996E-05 9.996E-05 9.996E-05
0.9995 9.996E-05 9.996E-05 9.996E-05 9.996E-05 9.996E-05
0.919964 0.00886443 0.0708712 9.9973E-05 9.9973E-05 9.9973E-05
0.9995 9.996E-05 9.996E-05 9.996E-05 9.996E-05 9.996E-05
0.775572 9.9991E-05 0.0165245 0.0369861 0.0448309 0.125987
9.996E-05 9.996E-05 9.996E-05 9.996E-05 9.996E-05 0.9995
0.225929 9.9991E-05 0.21877 0.0888885 0.364435 0.101878
9.996E-05 9.996E-05 9.996E-05 9.996E-05 9.996E-05 0.9995
9.996E-05 9.996E-05 9.996E-05 9.996E-05 9.996E-05 0.9995
0.00344268 0.0196949 0.015748 9.9982E-05 9.9982E-05 0.960914
0.0575914 0.0230241 9.9991E-05 0.0149581 0.0732749 0.831052
9.996E-05 9.996E-05 9.996E-05 9.996E-05 9.996E-05 0.9995
0.0142618 9.9973E-05 9.9973E-05 9.9973E-05 0.0401123 0.945326
9.9964E-05 9.9964E-05 9.9964E-05 9.9964E-05 0.00622891 0.993371
0.00103182 9.9973E-05 9.9973E-05 9.9973E-05 0.0175497 0.981119
9.9964E-05 9.9964E-05 9.9964E-05 9.9964E-05 0.017981 0.981619
0.0170248 9.9973E-05 9.9973E-05 0.028992 9.9973E-05 0.953683
0.0221355 9.9973E-05 9.9973E-05 0.0047 9.9973E-05 0.972865
0.0384878 9.9991E-05 0.0850121 0.0463628 0.00270219 0.827335
9.9973E-05 0.018243 9.9973E-05 9.9973E-05 0.0397871 0.94167
0.0636414 0.0110958 0.0349491 0.0224066 9.9991E-05 0.867807
0.0247752 0.00956788 0.0053659 0.0434042 9.9991E-05 0.916787
9.9991E-05 0.0115923 0.0127022 0.0355021 0.00875288 0.93135
0.0377913 9.9973E-05 9.9973E-05 0.00701819 9.9973E-05 0.954891
0.126138 0.0176139 0.115733 0.390732 0.267075 0.0827077
0.139167 0.0330059 0.08902 0.363358 0.307339 0.0681109
0.0772578 0.029103 0.123293 0.378428 0.272807 0.119111
0.0872849 0.0192725 0.104622 0.374029 0.304724 0.110067
0.0601059 9.9991E-05 0.236616 0.34251 0.234847 0.125821
0.0108313 9.9991E-05 0.280531 0.54736 0.0421076 0.11907
0.0123905 9.9991E-05 0.26215 0.410769 0.174242 0.140349
0.00230972 9.9991E-05 0.280338 0.461756 0.123986 0.13151
0.001842 0.000811407 0.290343 0.426395 0.174403 0.106205
0.0376262 9.9991E-05 0.271455 0.418363 0.179151 0.0933039
0.0553075 9.9991E-05 0.274703 0.420697 0.131695 0.117497
0.0736848 0.0387154 0.15079 0.363542 0.292531 0.0807372
0.023954 9.9991E-05 0.23783 0.391931 0.237061 0.109123
9.9964E-05 0.00266601 9.9964E-05 0.996934 9.9964E-05 9.9964E-05
9.996E-05 9.996E-05 9.996E-05 0.9995 9.996E-05 9.996E-05
9.996E-05 9.996E-05 9.996E-05 0.9995 9.996E-05 9.996E-05
9.996E-05 9.996E-05 9.996E-05 0.9995 9.996E-05 9.996E-05
9.996E-05 9.996E-05 9.996E-05 0.9995 9.996E-05 9.996E-05
9.9973E-05 9.9973E-05 9.9973E-05 0.949437 0.0110383 0.0392247
9.996E-05 9.996E-05 9.996E-05 0.9995 9.996E-05 9.996E-05
9.996E-05 9.996E-05 9.996E-05 0.9995 9.996E-05 9.996E-05
9.996E-05 9.996E-05 9.996E-05 0.9995 9.996E-05 9.996E-05
0.00244856 0.00680167 9.9973E-05 0.99045 9.9973E-05 9.9973E-05
9.996E-05 9.996E-05 9.996E-05 0.9995 9.996E-05 9.996E-05
9.996E-05 9.996E-05 9.996E-05 0.9995 9.996E-05 9.996E-05
