9.996E-05 9.996E-05 9.996E-05 9.996E-05 9.996E-05 0.9995
0.0251624 0.0832245 9.9982E-05 0.0589959 9.9982E-05 0.832417
9.996E-05 9.996E-05 9.996E-05 0.9995 9.996E-05 9.996E-05
0.0317477 9.9982E-05 0.0223387 0.888626 0.0570874 9.9982E-05
9.9973E-05 0.139642 9.9973E-05 0.191503 9.9973E-05 0.668555
9.9973E-05 9.9973E-05 9.9973E-05 0.0109594 0.0863876 0.902353
0.00316325 9.9973E-05 0.121317 9.9973E-05 9.9973E-05 0.87522
0.00659026 0.0693548 0.0353932 9.9991E-05 0.052951 0.835611
9.9982E-05 0.0621656 0.0717998 0.739103 9.9982E-05 0.126732
0.040802 0.232743 0.0385061 0.167385 0.0740869 0.446477
0.0275394 9.9973E-05 9.9973E-05 0.0793319 0.892829 9.9973E-05
9.996E-05 9.996E-05 9.996E-05 9.996E-05 0.9995 9.996E-05
9.9964E-05 9.9964E-05 9.9964E-05 9.9964E-05 0.791849 0.207751
0.0364087 0.0583472 9.9991E-05 0.101144 0.795728 0.00827171
0.0764779 0.0720297 0.0324545 0.094001 0.724937 9.9991E-05
9.9973E-05 9.9973E-05 9.9973E-05 0.00544171 0.963823 0.0304352
9.996E-05 9.996E-05 9.996E-05 9.996E-05 0.9995 9.996E-05
9.9982E-05 0.178678 0.0983648 0.0441366 0.67862 9.9982E-05
0.00251267 0.0766159 0.129923 9.9982E-05 0.790748 9.9982E-05
9.9982E-05 9.9982E-05 0.0443682 0.0513315 0.863258 0.0408425
9.9982E-05 0.124781 9.9982E-05 0.0559003 0.770994 0.0481256
9.9991E-05 0.0300691 0.0752591 0.0409166 0.519021 0.334634
9.9973E-05 0.00593714 9.9973E-05 9.9973E-05 0.955081 0.0386823
9.9982E-05 0.0436202 0.0442637 9.9982E-05 0.887194 0.0247217
0.0112978 0.158109 9.9982E-05 9.9982E-05 0.826108 0.00428478
9.9982E-05 0.184194 0.0703663 9.9982E-05 0.610887 0.134352
9.9973E-05 0.000312252 0.509896 9.9973E-05 0.489492 9.9973E-05
0.0111463 0.396353 9.9982E-05 0.129714 0.462587 9.9982E-05
9.9982E-05 0.397729 0.0141176 9.9982E-05 0.509756 0.0781976
0.00904879 0.353561 0.0257314 0.0927585 0.5188 9.9991E-05
9.9973E-05 0.341636 0.45545 0.202613 9.9973E-05 9.9973E-05
9.999E-05 0.133747 0.573788 0.19243 0.0287601 0.0711744
9.9982E-05 0.180611 0.661303 0.05174 0.106146 9.9982E-05
9.9973E-05 9.9973E-05 0.875606 9.9973E-05 0.104206 0.0198883
0.000975244 0.0454999 0.489576 0.141806 0.322042 9.9991E-05
0.0169083 0.0708987 0.713279 0.119807 9.9991E-05 0.0790071
0.0104645 0.0194057 0.573286 0.116697 0.072351 0.207796
9.9982E-05 0.21337 0.481743 9.9982E-05 0.248659 0.0560281
0.0345024 9.9982E-05 0.846018 0.0788748 0.040405 9.9982E-05
0.0486987 0.294711 0.451325 0.0282279 0.149018 0.02802
9.9982E-05 0.0081315 0.870647 9.9982E-05 0.0111598 0.109861
9.9991E-05 0.395685 0.29878 0.147083 0.134896 0.0234562
9.9982E-05 0.187922 0.535649 0.158493 0.117736 9.9982E-05
0.0265898 0.0095465 0.724802 9.9982E-05 0.238862 9.9982E-05
0.00526356 0.167529 0.718819 0.108188 9.9982E-05 9.9982E-05
0.0050325 0.129029 0.78366 9.9991E-05 0.0221825 0.0599954
0.0573745 0.0833084 0.859017 9.9973E-05 9.9973E-05 9.9973E-05
9.9964E-05 0.200751 0.798849 9.9964E-05 9.9964E-05 9.9964E-05
0.00930384 0.00792143 0.80416 0.0901915 0.0325842 0.0558394
9.9991E-05 0.131148 0.718323 0.0866686 0.00755161 0.0562089
9.9964E-05 0.282304 0.717296 9.9964E-05 9.9964E-05 9.9964E-05
9.9964E-05 9.9964E-05 0.992246 9.9964E-05 9.9964E-05 0.00735459
9.9964E-05 0.317992 0.681608 9.9964E-05 9.9964E-05 9.9964E-05
9.9964E-05 0.262846 0.736754 9.9964E-05 9.9964E-05 9.9964E-05
0.00128738 0.0954571 0.902956 9.9973E-05 9.9973E-05 9.9973E-05
0.0155752 0.216757 0.767368 9.9973E-05 9.9973E-05 9.9973E-05
0.0102594 0.87646 0.0541779 9.9982E-05 0.0589029 9.9982E-05
9.9991E-05 0.772573 0.105343 0.00266777 0.07239 0.0469258
0.0230593 0.7066 0.167205 0.0475445 9.9991E-05 0.0554913
0.0015943 0.676341 0.155089 9.9982E-05 9.9982E-05 0.166776
9.9982E-05 0.884477 0.0671914 9.9982E-05 0.0271208 0.0210113
0.087576 0.609898 0.191064 0.0900808 9.9991E-05 0.021281
9.9982E-05 0.896135 0.0346684 0.0057008 9.9982E-05 0.0632963
0.0281341 0.971466 9.9964E-05 9.9964E-05 9.9964E-05 9.9964E-05
9.9973E-05 0.993778 0.00405101 9.9973E-05 0.00187128 9.9973E-05
9.996E-05 0.9995 9.996E-05 9.996E-05 9.996E-05 9.996E-05
9.996E-05 0.9995 9.996E-05 9.996E-05 9.996E-05 9.996E-05
9.9964E-05 0.936629 9.9964E-05 0.0629712 9.9964E-05 9.9964E-05
0.0090237 0.944451 9.9973E-05 0.046225 9.9973E-05 9.9973E-05
9.9964E-05 0.973532 9.9964E-05 0.0260679 9.9964E-05 9.9964E-05
9.996E-05 0.9995 9.996E-05 9.996E-05 9.996E-05 9.996E-05
0.00827765 0.767853 0.0697588 9.9982E-05 9.9982E-05 0.153911
9.9964E-05 0.968601 9.9964E-05 0.0309995 9.9964E-05 9.9964E-05
0.0574682 0.720482 0.0901024 9.9991E-05 0.084165 0.0476825
0.551005 0.271983 0.0318458 0.0177451 0.112396 0.0150248
0.9995 9.996E-05 9.996E-05 9.996E-05 9.996E-05 9.996E-05
0.0539017 0.654541 0.180243 0.0713742 0.0275402 0.0123999
