9.996E-05 9.996E-05 9.996E-05 9.996E-05 9.996E-05 0.9995
0.0898512 0.133055 0.0386358 0.0858274 0.0445251 0.608105
0.0241114 0.151675 0.0230231 0.124727 0.0273533 0.64911
0.196189 0.016969 0.0500011 0.0271249 0.0483028 0.661413
0.324732 0.00891032 0.148947 9.9991E-05 0.0706553 0.446655
0.266793 0.0534961 0.0745103 0.0929282 9.9991E-05 0.512173
0.24176 0.00426271 9.9982E-05 0.0400804 9.9982E-05 0.713697
0.146462 0.0820895 0.0301473 0.0925055 0.0229557 0.62584
0.265658 0.0873739 0.0151065 0.114091 0.000275554 0.517495
9.996E-05 9.996E-05 9.996E-05 9.996E-05 9.996E-05 0.9995
9.996E-05 9.996E-05 9.996E-05 9.996E-05 9.996E-05 0.9995
9.996E-05 9.996E-05 9.996E-05 9.996E-05 9.996E-05 0.9995
9.996E-05 9.996E-05 9.996E-05 9.996E-05 9.996E-05 0.9995
9.9964E-05 9.9964E-05 0.0296016 9.9964E-05 9.9964E-05 0.969999
9.996E-05 9.996E-05 9.996E-05 9.996E-05 9.996E-05 0.9995
0.287933 9.9991E-05 0.0245647 0.08931 0.101391 0.496701
0.176187 0.0763042 0.101258 0.117486 0.103848 0.424916
0.187692 0.0318957 0.0512622 0.0370072 0.0664305 0.625713
0.437195 0.00552742 0.160462 0.0126277 0.0628097 0.321378
0.381715 9.9991E-05 0.200206 0.027881 0.0729848 0.317112
0.357586 0.0605551 0.0918867 9.9991E-05 0.0419568 0.447916
0.277271 0.0126003 0.198405 0.123393 0.096911 0.29142
0.314778 0.0206215 0.280631 0.0758138 9.9991E-05 0.308055
0.241856 9.9991E-05 0.191635 0.0664042 0.076317 0.423688
0.437349 0.0244172 0.119662 9.9991E-05 0.0647025 0.353769
0.470659 9.9991E-05 0.0924807 0.0829143 0.0972503 0.256595
0.386316 9.9991E-05 0.187836 0.14456 0.00492042 0.276268
0.228356 0.00447152 0.129614 0.0997653 0.110884 0.426908
0.258872 0.0444348 0.136269 0.0755786 0.101832 0.383014
0.360764 0.0249248 0.0691562 0.0535269 0.0196054 0.472023
0.298238 0.00616742 0.170812 0.00284549 0.0962148 0.425722
0.427707 0.0183647 0.0963292 0.0902174 0.0775177 0.289864
0.377081 0.0116528 0.188183 0.097465 0.0335782 0.29204
0.237879 0.0144288 0.103428 0.148031 0.156511 0.339722
0.254267 9.9991E-05 0.377984 0.0714226 0.00220874 0.294017
0.343037 0.0302827 0.0811109 0.00185205 0.040256 0.503461
0.473757 9.9991E-05 0.179491 0.0886944 0.0585816 0.199376
0.414385 0.0210261 0.179282 0.0775648 0.0752408 0.232501
0.424942 0.0870291 0.101627 0.113178 0.0505909 0.222633
0.397424 0.0962641 0.150026 9.9991E-05 0.0850025 0.271183
0.387048 0.102302 9.9991E-05 0.126587 0.241236 0.142727
0.362272 0.012586 0.121526 0.168593 0.238602 0.0964207
0.19032 0.0748156 0.0493454 0.165738 0.242936 0.276846
0.3909 0.0912754 0.0119351 0.132108 0.236559 0.137222
0.522301 9.9991E-05 0.0681204 0.182654 0.144025 0.0827985
0.638706 9.9991E-05 0.00503581 0.166708 0.0664308 0.123019
0.622044 9.9982E-05 9.9982E-05 0.148447 0.13907 0.0902387
0.460845 0.0046948 0.109147 0.13803 0.135075 0.152207
0.372892 9.9991E-05 0.0884492 0.154278 0.170702 0.213579
0.282373 0.105606 0.0244618 0.103316 0.169645 0.314598
0.45756 0.0662852 0.030548 0.145481 0.102717 0.197409
0.408055 9.9991E-05 0.117287 0.159914 0.152966 0.161677
0.572401 9.9991E-05 0.04237 0.145392 0.122298 0.117439
0.393646 0.0689547 0.166476 0.0609185 0.155796 0.154208
0.336176 0.0549079 0.141654 0.0724016 0.204743 0.190117
0.34411 0.0629485 0.0597012 0.192249 0.217098 0.123894
0.383097 0.0159314 0.070771 0.128954 0.149705 0.251541
0.454861 0.102855 0.0966005 0.0651954 0.146199 0.134289
0.635453 9.9991E-05 0.0201203 0.152715 0.0627097 0.128902
0.492183 0.0715772 0.070947 0.112315 0.0754888 0.17749
0.531447 0.027983 0.0305551 0.0986768 0.1779 0.133438
0.367974 0.110313 0.0234482 0.092151 0.265194 0.14092
0.419089 0.0842907 0.0931203 0.135739 0.137887 0.129874
0.308547 0.061323 0.200182 0.136408 0.188155 0.105385
0.480352 0.0524553 0.0277707 0.0499062 0.24524 0.144275
0.367177 0.0238792 0.159388 0.177913 0.180728 0.0909145
0.419731 0.117765 0.0755852 0.104647 0.211477 0.0707947
0.342143 0.0603307 0.164005 0.116831 0.205314 0.111376
0.406004 0.0408181 0.0980023 0.126487 0.11381 0.214879
0.347414 0.0480999 0.148551 0.170538 0.205313 0.0800849
0.31775 0.0798244 0.0412789 0.157532 0.216496 0.187119
0.419497 0.097571 0.0534921 0.17181 0.195492 0.0621375
0.469608 0.0245707 0.0939402 0.103256 0.110317 0.198308
0.527931 0.0336388 0.0383949 0.128126 0.125155 0.146754
0.319465 0.0186417 0.139748 0.127558 0.265657 0.128931
0.555401 0.0599712 0.0738039 0.0836726 0.133223 0.0939277
0.420198 0.0731855 0.0420648 0.175502 0.204641 0.0844091
0.195285 0.175652 0.221143 0.102977 0.171842 0.133101
0.365595 0.155832 0.151225 0.126055 0.197197 0.00409573
0.390161 0.200442 0.13191 0.105817 0.171571 9.9991E-05
0.40369 0.0974219 0.126421 0.119653 0.188212 0.0646019
0.387453 0.20056 0.127898 0.101352 0.167941 0.0147968
0.340404 0.139655 0.193663 0.132417 0.193761 9.9991E-05
0.394071 0.167007 0.0915884 0.0915716 0.20964 0.0461215
0.275171 0.222267 0.0743398 0.0911562 0.27235 0.0647157
0.273669 0.230486 0.0430018 0.184384 0.195806 0.0726523
0.365887 0.123282 0.0409191 0.140645 0.170161 0.159106
0.453775 0.164943 0.0323316 0.0465207 0.233592 0.0688385
0.267166 0.190801 0.176511 0.115776 0.170781 0.0789646
0.373206 0.132812 0.0513461 0.145981 0.254098 0.042558
0.144666 0.154232 0.273811 0.118356 0.179377 0.129559
0.117393 0.142708 0.245972 0.118528 0.248297 0.127102
0.444066 0.218494 0.0200864 0.143862 0.140557 0.0329341
9.996E-05 0.9995 9.996E-05 9.996E-05 9.996E-05 9.996E-05
9.9982E-05 0.976793 9.9982E-05 0.00198513 0.00632491 0.0146973
0.0652377 0.898573 0.0207218 9.9982E-05 9.9982E-05 0.015267
9.996E-05 0.9995 9.996E-05 9.996E-05 9.996E-05 9.996E-05
9.996E-05 0.9995 9.996E-05 9.996E-05 9.996E-05 9.996E-05
9.996E-05 0.9995 9.996E-05 9.996E-05 9.996E-05 9.996E-05
9.9964E-05 0.99368 0.00591995 9.9964E-05 9.9964E-05 9.9964E-05
0.051138 0.886367 9.9982E-05 0.0403078 9.9982E-05 0.0219876
9.9964E-05 0.99895 9.9964E-05 0.000650156 9.9964E-05 9.9964E-05
9.996E-05 0.9995 9.996E-05 9.996E-05 9.996E-05 9.996E-05
0.320864 0.115545 0.133836 0.109762 0.303158 0.0168342
0.0430252 0.923816 0.017466 9.9982E-05 0.0154925 9.9982E-05
9.996E-05 0.9995 9.996E-05 9.996E-05 9.996E-05 9.996E-05
9.9964E-05 0.992643 0.00695715 9.9964E-05 9.9964E-05 9.9964E-05
0.284389 0.163094 0.175123 0.0638516 0.286215 0.0273266
0.255989 0.129053 0.180042 0.129073 0.305742 9.9991E-05
0.248679 0.129765 0.265923 0.0972359 0.255916 0.0024815
0.252241 0.193845 0.192258 0.079886 0.28167 9.9991E-05
0.257591 0.143573 0.175572 0.088134 0.323272 0.011858
0.298845 0.0987518 0.26644 0.0485741 0.244625 0.0427645
0.280956 0.172433 0.256662 0.0649044 0.212867 0.0121773
0.251349 0.164379 0.206761 0.0864372 0.290973 9.9991E-05
0.202192 0.269625 0.236269 0.104035 0.180095 0.00778502
0.192613 0.221144 0.247267 0.108062 0.207563 0.0233508
0.300908 0.147374 0.189096 0.117422 0.220914 0.0242862
0.231424 0.230083 0.298266 0.0287036 0.17432 0.0372041
0.30455 0.105023 0.203216 0.112101 0.254968 0.0201429
0.294618 0.150913 0.15277 0.105893 0.282106 0.0136995
9.9964E-05 0.00692884 9.9964E-05 9.9964E-05 0.992671 9.9964E-05
9.9982E-05 0.00725877 0.0321254 9.9982E-05 0.953191 0.00722517
9.996E-05 9.996E-05 9.996E-05 9.996E-05 0.9995 9.996E-05
9.996E-05 9.996E-05 9.996E-05 9.996E-05 0.9995 9.996E-05
9.996E-05 9.996E-05 9.996E-05 9.996E-05 0.9995 9.996E-05
9.996E-05 9.996E-05 9.996E-05 9.996E-05 0.9995 9.996E-05
9.996E-05 9.996E-05 9.996E-05 9.996E-05 0.9995 9.996E-05
9.9973E-05 9.9973E-05 0.108428 9.9973E-05 0.844468 0.0468043
9.996E-05 9.996E-05 9.996E-05 9.996E-05 0.9995 9.996E-05
9.996E-05 9.996E-05 9.996E-05 9.996E-05 0.9995 9.996E-05
9.9973E-05 0.03295 0.0809747 9.9973E-05 0.885775 9.9973E-05
9.996E-05 9.996E-05 9.996E-05 9.996E-05 0.9995 9.996E-05
0.0366265 9.9982E-05 0.110746 0.0748862 0.777541 9.9982E-05
9.996E-05 9.996E-05 9.996E-05 0.9995 9.996E-05 9.996E-05
0.211143 0.219378 0.13906 0.131257 0.271477 0.0276831
9.996E-05 9.996E-05 9.996E-05 0.9995 9.996E-05 9.996E-05
9.996E-05 9.996E-05 9.996E-05 0.9995 9.996E-05 9.996E-05
9.9964E-05 9.9964E-05 0.0579862 0.941614 9.9964E-05 9.9964E-05
0.0278628 9.9991E-05 0.0538358 0.788755 0.0807967 0.0486493
9.996E-05 9.996E-05 9.996E-05 0.9995 9.996E-05 9.996E-05
0.0285254 9.9982E-05 0.0891223 0.836042 0.0461104 9.9982E-05
9.9964E-05 0.00847683 9.9964E-05 0.991123 9.9964E-05 9.9964E-05
9.9964E-05 0.0085732 9.9964E-05 0.991027 9.9964E-05 9.9964E-05
9.996E-05 9.996E-05 9.996E-05 0.9995 9.996E-05 9.996E-05
9.996E-05 9.996E-05 9.996E-05 0.9995 9.996E-05 9.996E-05
9.996E-05 9.996E-05 9.996E-05 0.9995 9.996E-05 9.996E-05
0.0815118 0.0456632 9.9982E-05 0.826051 0.046574 9.9982E-05
0.046135 0.0166431 0.0417204 0.881985 0.00790756 0.00560862
9.9991E-05 0.0177523 0.0455512 0.903208 0.0188418 0.0145469
0.0566941 0.0141404 0.0436523 0.885313 9.9982E-05 9.9982E-05
0.116109 9.9982E-05 0.00876028 0.862799 9.9982E-05 0.0121324
9.9982E-05 0.00913857 0.000642182 0.958142 0.0318772 9.9982E-05
0.515549 0.121438 0.169511 0.0908747 0.0850312 0.0175955
0.511019 0.148658 0.161026 0.083317 0.0679574 0.0280229
0.525298 0.128065 0.151379 0.0819423 0.0645367 0.0487787
0.507161 0.105597 0.183944 0.110417 0.0552426 0.0376384
0.000667515 9.9973E-05 0.962791 9.9973E-05 0.0362413 9.9973E-05
9.996E-05 9.996E-05 0.9995 9.996E-05 9.996E-05 9.996E-05
9.996E-05 9.996E-05 0.9995 9.996E-05 9.996E-05 9.996E-05
9.996E-05 9.996E-05 0.9995 9.996E-05 9.996E-05 9.996E-05
9.996E-05 9.996E-05 0.9995 9.996E-05 9.996E-05 9.996E-05
9.996E-05 9.996E-05 0.9995 9.996E-05 9.996E-05 9.996E-05
9.996E-05 9.996E-05 0.9995 9.996E-05 9.996E-05 9.996E-05
0.0724789 9.9991E-05 0.824562 0.0330157 0.0298717 0.0399718
0.0210311 9.9982E-05 0.922314 0.0402094 9.9982E-05 0.0162456
0.9995 9.996E-05 9.996E-05 9.996E-05 9.996E-05 9.996E-05
0.9995 9.996E-05 9.996E-05 9.996E-05 9.996E-05 9.996E-05
0.9995 9.996E-05 9.996E-05 9.996E-05 9.996E-05 9.996E-05
0.9995 9.996E-05 9.996E-05 9.996E-05 9.996E-05 9.996E-05
0.9995 9.996E-05 9.996E-05 9.996E-05 9.996E-05 9.996E-05
0.9995 9.996E-05 9.996E-05 9.996E-05 9.996E-05 9.996E-05
0.9995 9.996E-05 9.996E-05 9.996E-05 9.996E-05 9.996E-05
0.9995 9.996E-05 9.996E-05 9.996E-05 9.996E-05 9.996E-05
0.9995 9.996E-05 9.996E-05 9.996E-05 9.996E-05 9.996E-05
0.9995 9.996E-05 9.996E-05 9.996E-05 9.996E-05 9.996E-05
0.9995 9.996E-05 9.996E-05 9.996E-05 9.996E-05 9.996E-05
0.9995 9.996E-05 9.996E-05 9.996E-05 9.996E-05 9.996E-05
