9.996E-05 9.996E-05 9.996E-05 9.996E-05 9.996E-05 0.9995
0.053111 0.105131 9.9991E-05 0.440035 0.00344377 0.39818
0.0940795 0.0562977 9.9982E-05 0.430586 9.9982E-05 0.418837
9.99641E-05 9.99641E-05 9.99641E-05 0.728577 9.99641E-05 0.271023
9.9973E-05 9.9973E-05 9.9973E-05 0.791521 0.0358271 0.172352
9.9964E-05 9.9964E-05 9.9964E-05 0.781207 9.9964E-05 0.218393
9.9964E-05 9.9964E-05 9.9964E-05 0.617969 9.9964E-05 0.381631
0.0403328 0.0473937 0.00396836 0.53231 9.9991E-05 0.375896
0.0635497 0.0124429 9.9991E-05 0.619586 0.0155913 0.28873
9.996E-05 9.996E-05 9.996E-05 9.996E-05 9.996E-05 0.9995
9.996E-05 9.996E-05 9.996E-05 9.996E-05 9.996E-05 0.9995
9.996E-05 9.996E-05 9.996E-05 9.996E-05 9.996E-05 0.9995
9.996E-05 9.996E-05 9.996E-05 9.996E-05 9.996E-05 0.9995
9.9973E-05 9.9973E-05 9.9973E-05 0.0257087 0.0658065 0.908185
9.9964E-05 9.9964E-05 0.00654014 9.9964E-05 9.9964E-05 0.99306
0.0192168 9.9982E-05 9.9982E-05 0.664422 0.0676208 0.248541
0.0337881 0.0648216 0.00411876 0.548283 0.0944453 0.254543
9.9964E-05 9.9964E-05 9.9964E-05 0.755175 9.9964E-05 0.244425
9.9973E-05 9.9973E-05 9.9973E-05 0.981349 0.00278765 0.0155632
9.996E-05 9.996E-05 9.996E-05 0.9995 9.996E-05 9.996E-05
9.9964E-05 9.9964E-05 9.9964E-05 0.862311 9.9964E-05 0.137289
0.0568721 9.9973E-05 9.9973E-05 0.864414 9.9973E-05 0.0784137
9.9973E-05 9.9973E-05 9.9973E-05 0.923399 0.00553394 0.0707669
9.9964E-05 9.9964E-05 9.9964E-05 0.913075 9.9964E-05 0.0865255
9.99641E-05 9.99641E-05 9.99641E-05 0.968743 9.99641E-05 0.0308569
9.9982E-05 9.9982E-05 0.00399015 0.933197 0.026565 0.0360482
0.0660715 9.9982E-05 9.9982E-05 0.842466 0.0458484 0.0454138
9.9964E-05 9.9964E-05 9.9964E-05 0.916521 9.9964E-05 0.0830791
9.9964E-05 9.9964E-05 9.9964E-05 0.887069 9.9964E-05 0.112532
9.9964E-05 9.9964E-05 9.9964E-05 0.809468 9.9964E-05 0.190132
9.9973E-05 0.00354503 9.9973E-05 0.8492 9.9973E-05 0.146955
9.9982E-05 0.000505171 9.9982E-05 0.944664 0.00366519 0.0509652
0.0376319 0.0195422 9.9982E-05 0.881343 9.9982E-05 0.0612833
0.0660712 9.9982E-05 0.0591468 0.762207 9.9982E-05 0.112375
9.9964E-05 9.9964E-05 9.9964E-05 0.969985 9.9964E-05 0.029615
9.9964E-05 9.9964E-05 9.9964E-05 0.804504 9.9964E-05 0.195096
9.9964E-05 9.9964E-05 9.9964E-05 0.959243 0.0403573 9.9964E-05
0.0363587 9.9982E-05 9.9982E-05 0.815403 0.10316 0.0448786
0.0158165 0.041873 9.9991E-05 0.842907 0.0711557 0.0281475
9.9991E-05 0.00781888 0.00439175 0.936793 0.0153922 0.0355039
0.0830085 0.0436868 0.104874 0.71111 0.0572199 9.9991E-05
0.0634789 0.0410713 0.0659563 0.806754 0.0226395 9.9991E-05
0.0910346 0.0511047 0.0517878 0.734188 9.9991E-05 0.0717845
0.0532369 0.047692 0.0701957 0.791621 0.0371542 9.9991E-05
0.0772346 9.9982E-05 0.0565118 0.810403 0.0556501 9.9982E-05
0.0443936 9.9964E-05 9.9964E-05 0.955207 9.9964E-05 9.9964E-05
0.0275438 9.9982E-05 0.00410937 0.94479 0.0233568 9.9982E-05
0.0210465 9.9982E-05 0.00965053 0.91439 0.0547134 9.9982E-05
0.0366833 9.9991E-05 0.109539 0.707534 0.109226 0.0369171
0.0120292 0.0357184 0.0703984 0.779625 0.00233238 0.0998971
0.0624505 0.0214998 0.00387185 0.845474 0.048216 0.0184878
0.0641262 9.9982E-05 0.0184958 0.869978 0.0472005 9.9982E-05
0.0474291 9.9991E-05 0.0351997 0.900459 0.014991 0.00182078
9.9991E-05 0.0566961 0.080968 0.743828 0.0878097 0.0305985
0.00841816 0.0736888 0.0862315 0.717412 0.0738 0.0404492
0.108583 0.0110546 0.101562 0.765598 0.0131029 9.9991E-05
0.0664507 0.0480745 0.0834141 0.694078 0.0376609 0.0703216
9.9982E-05 0.0119758 0.014033 0.859627 0.114164 9.9982E-05
0.0832064 9.9973E-05 9.9973E-05 0.908434 0.00805952 9.9973E-05
0.00432134 0.0176853 9.9991E-05 0.864078 0.0942801 0.0195353
9.9973E-05 9.9973E-05 0.0480765 0.825223 0.126401 9.9973E-05
0.0078026 0.00898871 0.103578 0.874454 9.9991E-05 0.00507704
0.0917292 0.0690483 0.0379599 0.727977 0.0665907 0.00669491
0.105808 0.0349982 0.104962 0.704196 0.0499357 9.9991E-05
9.9973E-05 9.9973E-05 0.100087 0.826062 0.0735511 9.9973E-05
0.0843211 0.0273209 0.0831427 0.738879 0.0662363 9.9991E-05
0.00206887 0.0933942 0.100167 0.759557 0.0447124 9.9991E-05
0.0956238 0.0783128 0.11389 0.638057 0.0740162 9.9991E-05
0.0324098 0.0469469 0.0112638 0.863346 0.0370411 0.00899242
0.106211 0.0121263 0.127619 0.733927 0.0200157 9.9991E-05
0.0863293 0.0927319 0.0744576 0.726947 9.9991E-05 0.0194347
0.0778651 0.0803328 0.0830132 0.727575 0.0311139 9.9991E-05
0.0225911 0.0290029 0.00999269 0.843959 0.0461389 0.0483152
0.0316321 9.9991E-05 0.0171808 0.862133 0.0703846 0.018569
0.0514187 0.0382282 0.161796 0.640288 0.0974227 0.0108461
9.9982E-05 0.0341983 0.0283455 0.828596 0.10866 9.9982E-05
0.0881074 0.0940636 0.0140126 0.787292 0.0164244 9.9991E-05
0.0479815 0.151856 0.154607 0.645355 9.9982E-05 9.9982E-05
0.057042 0.142652 0.157402 0.478695 0.164109 9.9991E-05
0.103681 0.173221 0.160084 0.450411 0.112504 9.9991E-05
0.0646949 0.122555 0.145245 0.556757 0.110649 9.9991E-05
0.0570941 0.197367 0.159195 0.469966 0.116278 9.9991E-05
0.0569335 0.126198 0.164913 0.512177 0.139678 9.9991E-05
0.029633 0.194579 0.17722 0.503441 0.0649028 0.0302249
0.0703885 0.255681 0.140766 0.498093 0.0349717 9.9991E-05
0.102813 0.193294 0.124127 0.528793 0.050873 9.9991E-05
0.0817767 0.128322 0.125163 0.533586 0.0707155 0.0604366
9.9982E-05 0.182418 0.157253 0.594718 0.0654105 9.9982E-05
0.0440325 0.195144 0.100602 0.547318 0.0910418 0.0218626
0.113353 0.119017 0.199214 0.426258 0.142058 9.9991E-05
0.0534857 0.157884 0.147256 0.582575 0.043343 0.0154554
0.0932744 0.15844 0.140432 0.563434 0.0252413 0.019178
0.0980984 0.236654 0.0579487 0.40304 0.184932 0.0193269
9.996E-05 0.9995 9.996E-05 9.996E-05 9.996E-05 9.996E-05
9.9964E-05 0.970931 9.9964E-05 9.9964E-05 9.9964E-05 0.0286694
9.9973E-05 0.919357 9.9973E-05 0.0650523 9.9973E-05 0.0152911
9.996E-05 0.9995 9.996E-05 9.996E-05 9.996E-05 9.996E-05
9.996E-05 0.9995 9.996E-05 9.996E-05 9.996E-05 9.996E-05
9.996E-05 0.9995 9.996E-05 9.996E-05 9.996E-05 9.996E-05
9.996E-05 0.9995 9.996E-05 9.996E-05 9.996E-05 9.996E-05
9.9973E-05 0.941288 0.00653712 0.0518754 9.9973E-05 9.9973E-05
9.996E-05 0.9995 9.996E-05 9.996E-05 9.996E-05 9.996E-05
9.996E-05 0.9995 9.996E-05 9.996E-05 9.996E-05 9.996E-05
0.0912115 0.114413 0.320011 0.308016 0.166248 9.9991E-05
0.0435333 0.950355 0.004791 0.00112065 9.9982E-05 9.9982E-05
9.996E-05 0.9995 9.996E-05 9.996E-05 9.996E-05 9.996E-05
9.9964E-05 0.991798 9.9964E-05 9.9964E-05 9.9964E-05 0.00780234
0.0269477 0.139983 0.261802 0.346502 0.224666 9.9991E-05
0.0612018 0.175151 0.25832 0.362922 0.142306 9.9991E-05
0.0625833 0.195807 0.215947 0.369673 0.15589 9.9991E-05
0.0589799 0.226824 0.23757 0.341974 0.134552 9.9991E-05
0.074854 0.150664 0.310758 0.361421 0.102202 9.9991E-05
9.9982E-05 0.162763 0.207853 0.523234 0.10595 9.9982E-05
0.0102566 0.200239 0.195918 0.470669 0.122818 9.9991E-05
0.0162041 0.211061 0.248245 0.394999 0.129391 9.9991E-05
0.10896 0.251016 0.164395 0.331545 0.143985 9.9991E-05
0.0580931 0.264077 0.169905 0.374492 0.133334 9.9991E-05
0.0800551 0.127716 0.162416 0.46304 0.166673 9.9991E-05
0.0498486 0.252306 0.154683 0.41727 0.125792 9.9991E-05
0.111793 0.123965 0.209345 0.381588 0.17321 9.9991E-05
0.0593618 0.175942 0.27696 0.369473 0.118163 9.9991E-05
0.0316487 9.9973E-05 0.952116 9.9973E-05 0.0159356 9.9973E-05
9.9982E-05 0.0108317 0.909093 9.9982E-05 0.0619838 0.0178918
9.996E-05 9.996E-05 0.9995 9.996E-05 9.996E-05 9.996E-05
9.9964E-05 9.9964E-05 0.98362 9.9964E-05 0.0159798 9.9964E-05
9.996E-05 9.996E-05 0.9995 9.996E-05 9.996E-05 9.996E-05
9.996E-05 9.996E-05 0.9995 9.996E-05 9.996E-05 9.996E-05
9.996E-05 9.996E-05 0.9995 9.996E-05 9.996E-05 9.996E-05
0.0106392 0.0430365 0.826491 0.0762488 0.00369899 0.0398859
9.996E-05 9.996E-05 0.9995 9.996E-05 9.996E-05 9.996E-05
9.996E-05 9.996E-05 0.9995 9.996E-05 9.996E-05 9.996E-05
0.0088834 0.0544038 0.912807 9.9982E-05 9.9982E-05 0.0237056
9.996E-05 9.996E-05 0.9995 9.996E-05 9.996E-05 9.996E-05
0.0816508 9.9982E-05 0.793957 0.0839938 0.0401982 9.9982E-05
0.9995 9.996E-05 9.996E-05 9.996E-05 9.996E-05 9.996E-05
0.118356 0.23417 0.212192 0.312586 0.122597 9.9991E-05
0.9995 9.996E-05 9.996E-05 9.996E-05 9.996E-05 9.996E-05
0.9995 9.996E-05 9.996E-05 9.996E-05 9.996E-05 9.996E-05
0.995369 0.00423138 9.9964E-05 9.9964E-05 9.9964E-05 9.9964E-05
0.731162 9.9982E-05 0.0804103 0.140798 0.0474301 9.9982E-05
0.983411 9.9964E-05 9.9964E-05 9.9964E-05 9.9964E-05 0.0161888
0.910613 0.0313463 0.0195253 9.9991E-05 0.0373041 0.001111
0.9995 9.996E-05 9.996E-05 9.996E-05 9.996E-05 9.996E-05
0.943039 9.9973E-05 0.0176497 0.0390117 9.9973E-05 9.9973E-05
0.9995 9.996E-05 9.996E-05 9.996E-05 9.996E-05 9.996E-05
0.977793 9.9973E-05 0.0147295 9.9973E-05 0.00717767 9.9973E-05
0.986958 0.00674237 0.00599978 9.9973E-05 9.9973E-05 9.9973E-05
0.778856 0.0637495 0.0713669 0.0448086 0.0411193 9.9991E-05
0.925404 9.9973E-05 9.9973E-05 0.0635462 9.9973E-05 0.0107503
0.906895 0.00411434 0.0548136 0.0131128 0.00400518 0.0170587
0.847665 0.0206586 0.0150817 0.0693137 0.0471808 9.9991E-05
0.901347 0.0238393 9.9991E-05 0.0295649 0.030976 0.0141728
0.930307 9.9991E-05 0.0222459 0.0248361 0.0152424 0.00726877
0.0720149 0.0782097 0.117663 0.343987 0.348228 0.039897
0.0792647 0.091077 0.122266 0.363922 0.328972 0.0144988
0.0814937 0.121515 0.0321128 0.357039 0.380149 0.0276904
0.116871 0.095977 0.0601261 0.352694 0.339117 0.0352142
0.0871318 0.256203 0.101218 0.150268 0.40508 9.9991E-05
0.0987505 0.288248 0.0347708 9.99821E-05 0.578031 9.99821E-05
0.0966729 0.249664 0.0732744 0.145364 0.434924 9.9991E-05
0.103329 0.274277 0.0198869 0.0766095 0.525798 9.9991E-05
0.106407 0.291387 0.0465425 0.0776723 0.477891 9.9991E-05
0.140034 0.241817 0.0385356 0.0992662 0.480246 9.9991E-05
0.0800689 0.276287 0.0297198 0.131531 0.482293 9.9991E-05
0.108776 0.204339 0.0360616 0.203261 0.397373 0.0501891
0.0934453 0.221479 0.0123289 0.299059 0.373588 9.9991E-05
9.996E-05 9.996E-05 9.996E-05 9.996E-05 0.9995 9.996E-05
9.996E-05 9.996E-05 9.996E-05 9.996E-05 0.9995 9.996E-05
9.996E-05 9.996E-05 9.996E-05 9.996E-05 0.9995 9.996E-05
9.996E-05 9.996E-05 9.996E-05 9.996E-05 0.9995 9.996E-05
9.996E-05 9.996E-05 9.996E-05 9.996E-05 0.9995 9.996E-05
9.9991E-05 0.00363492 0.00213978 0.0542917 0.917909 0.0219248
9.996E-05 9.996E-05 9.996E-05 9.996E-05 0.9995 9.996E-05
9.996E-05 9.996E-05 9.996E-05 9.996E-05 0.9995 9.996E-05
9.996E-05 9.996E-05 9.996E-05 9.996E-05 0.9995 9.996E-05
9.9964E-05 9.9964E-05 0.00124154 9.9964E-05 0.998359 9.9964E-05
9.996E-05 9.996E-05 9.996E-05 9.996E-05 0.9995 9.996E-05
9.996E-05 9.996E-05 9.996E-05 9.996E-05 0.9995 9.996E-05
