9.996E-05 9.996E-05 9.996E-05 9.996E-05 0.9995 9.996E-05
0.083151 0.0475444 9.9982E-05 9.9982E-05 0.367317 0.501787
0.059749 0.111928 9.9982E-05 9.9982E-05 0.36851 0.459613
9.9964E-05 9.9964E-05 9.9964E-05 9.9964E-05 0.2958 0.7038
9.9982E-05 9.9982E-05 0.0419671 0.000441644 0.183461 0.77393
9.9964E-05 9.9964E-05 9.9964E-05 9.9964E-05 0.196211 0.803389
9.9964E-05 9.9964E-05 9.9964E-05 9.9964E-05 0.357865 0.641735
0.00559274 0.0711007 9.9982E-05 9.9982E-05 0.370583 0.552523
0.0266727 0.0528659 9.9982E-05 9.9982E-05 0.276049 0.644212
9.996E-05 9.996E-05 9.996E-05 9.996E-05 0.9995 9.996E-05
9.996E-05 9.996E-05 9.996E-05 9.996E-05 0.9995 9.996E-05
9.996E-05 9.996E-05 9.996E-05 9.996E-05 0.9995 9.996E-05
9.996E-05 9.996E-05 9.996E-05 9.996E-05 0.9995 9.996E-05
9.9964E-05 9.9964E-05 0.0787331 9.9964E-05 0.920867 9.9964E-05
9.9964E-05 9.9964E-05 0.0219365 9.9964E-05 0.977664 9.9964E-05
9.9982E-05 0.0155081 9.9982E-05 0.00596985 0.20595 0.772372
0.100388 9.9982E-05 0.105291 9.9982E-05 0.261175 0.532946
9.9973E-05 0.00411449 9.9973E-05 9.9973E-05 0.240587 0.754998
9.9973E-05 9.9973E-05 0.0103869 9.9973E-05 0.0058286 0.983485
9.99641E-05 9.99641E-05 0.00417965 9.99641E-05 9.99641E-05 0.99542
9.9964E-05 9.9964E-05 9.9964E-05 9.9964E-05 0.0939204 0.90568
9.9982E-05 0.00348507 0.07514 9.9982E-05 0.0293374 0.891838
9.9973E-05 9.9973E-05 0.0406346 9.9973E-05 0.0361506 0.922915
9.9973E-05 9.9973E-05 0.00791477 9.9973E-05 0.0608816 0.930904
9.9964E-05 9.9964E-05 9.9964E-05 9.9964E-05 0.0501345 0.949466
9.9973E-05 9.9973E-05 9.9973E-05 0.0324556 0.0227033 0.944541
9.999E-05 0.0372055 0.0271228 0.0283386 0.052135 0.855098
9.9964E-05 9.9964E-05 9.9964E-05 9.9964E-05 0.0476846 0.951916
9.9982E-05 9.9982E-05 0.000389706 0.0331175 0.0844776 0.881815
9.9964E-05 9.9964E-05 9.9964E-05 9.9964E-05 0.0978609 0.901739
9.9973E-05 9.9973E-05 0.0313971 9.9973E-05 0.0996233 0.86868
0.00533545 9.9991E-05 0.0131669 0.0385684 0.0544824 0.888347
0.0236279 0.0118671 0.00268849 0.02883 0.0365954 0.896391
9.9982E-05 0.0406294 9.9982E-05 0.0472246 0.0913753 0.820571
9.9973E-05 9.9973E-05 0.0966085 9.9973E-05 0.0223431 0.880748
9.9964E-05 9.9964E-05 9.9964E-05 9.9964E-05 0.106235 0.893365
9.9964E-05 9.9964E-05 0.00840028 9.9964E-05 9.9964E-05 0.9912
9.9991E-05 0.0248048 0.0872718 0.0374645 0.0209729 0.829386
0.0355559 0.0340457 0.0263249 0.0460314 0.0171097 0.840932
0.0018197 9.9991E-05 0.0285338 0.0611765 0.0235818 0.884788
0.0714357 0.0448432 9.9982E-05 0.165618 9.9982E-05 0.717903
9.9982E-05 0.0495466 0.0136457 0.150033 9.9982E-05 0.786575
0.0393009 0.0700675 9.9991E-05 0.0407204 0.029386 0.820425
0.0195237 0.0384838 9.9982E-05 0.148937 9.9982E-05 0.792855
9.9973E-05 0.0712274 9.9973E-05 0.112606 9.9973E-05 0.815867
9.9973E-05 0.047932 9.9973E-05 0.0434031 9.9973E-05 0.908365
9.9973E-05 0.0445763 9.9973E-05 0.0969092 9.9973E-05 0.858215
9.9982E-05 0.0372497 0.0111005 0.0721774 9.9982E-05 0.879273
9.9991E-05 0.0962481 0.00173 0.204204 0.0577928 0.639925
0.031462 0.0194816 9.9991E-05 0.0652621 0.105458 0.778236
0.0462741 0.0440878 9.9991E-05 0.0964144 0.0524042 0.76072
9.9982E-05 0.0615312 0.0282011 0.0757167 9.9982E-05 0.834351
9.9973E-05 0.0376787 9.9973E-05 0.0754631 9.9973E-05 0.886558
0.0482227 9.9991E-05 0.0772799 0.0846899 0.0217989 0.767909
0.0354717 0.027154 0.0444099 0.126858 0.0198308 0.746276
0.0260446 0.11252 9.9982E-05 0.132067 9.9982E-05 0.729168
0.00457128 0.0875906 9.9991E-05 0.176602 0.0683088 0.662827
0.0261533 9.9973E-05 9.9973E-05 0.192173 9.9973E-05 0.781374
9.9982E-05 0.02505 0.0138082 0.118961 9.9982E-05 0.841981
0.077454 0.042557 0.0310276 0.152639 0.0188772 0.677445
0.00885335 9.9982E-05 0.0459895 0.191446 9.9982E-05 0.753511
0.0364133 0.0202506 0.0151867 0.144671 9.9991E-05 0.783378
0.0305817 0.0983467 0.0386024 0.0433571 9.9991E-05 0.789012
0.0243328 0.0655782 0.1558 0.113952 9.9991E-05 0.640236
0.0123085 9.9973E-05 9.9973E-05 0.180961 9.9973E-05 0.806431
0.022588 0.0919725 0.105689 0.0628309 9.9991E-05 0.71682
0.0984569 0.0313185 9.9982E-05 0.138238 9.9982E-05 0.731787
0.0486729 0.0666379 0.135756 0.0846313 9.9991E-05 0.664202
0.0317566 0.0342295 0.00832805 0.0469071 9.9991E-05 0.878679
0.0308363 0.0794325 0.0749849 0.0662585 9.9991E-05 0.748388
0.0929782 0.0838523 9.9991E-05 0.0531647 0.032556 0.737349
0.0425401 0.0658627 0.0209525 0.184543 9.9991E-05 0.686001
0.0115759 0.0569389 0.0670444 0.0807759 0.0356158 0.748049
9.9982E-05 0.0233446 9.9982E-05 0.169057 0.0201269 0.787271
0.0176172 0.0599455 0.0773791 0.191925 0.0150909 0.638042
0.0136718 0.0154914 0.0431926 0.19263 9.9991E-05 0.734915
0.105888 0.0711427 0.00887643 0.0718303 9.9991E-05 0.742162
0.0993866 0.0345443 0.176525 0.0556518 9.9991E-05 0.633792
0.158975 0.0773787 0.0761373 0.233867 9.9991E-05 0.453543
0.132464 0.0784515 0.064632 0.249316 9.9991E-05 0.475037
0.122995 0.0997441 0.073565 0.264479 9.9991E-05 0.439117
0.18113 0.0309526 0.0828892 0.244836 9.9991E-05 0.460093
0.163167 0.0457697 0.0580129 0.201659 9.9991E-05 0.531292
0.10859 0.027882 0.023275 0.206494 0.0429608 0.590798
0.194611 0.13466 0.0595253 0.166791 9.9991E-05 0.444313
0.200138 0.152194 0.0119257 0.201476 9.9991E-05 0.434167
0.0977503 0.0802106 0.0152918 0.173532 0.0317546 0.60146
0.137481 9.9973E-05 9.9973E-05 0.286723 9.9973E-05 0.575496
0.173457 0.107417 0.0718302 0.245909 9.9991E-05 0.401287
0.131768 0.110812 0.0256554 0.343116 0.0120977 0.376551
0.119629 0.0930673 0.226262 0.0470574 0.0266942 0.48729
0.0926528 0.075114 0.208732 0.0897149 0.00697604 0.52681
0.17979 0.0865539 0.0617292 0.26983 0.0240639 0.378033
0.9995 9.996E-05 9.996E-05 9.996E-05 9.996E-05 9.996E-05
0.953338 0.00119581 9.9973E-05 9.9973E-05 0.0451666 9.9973E-05
0.865592 9.9982E-05 0.0610503 9.9982E-05 0.0213533 0.0518048
0.9995 9.996E-05 9.996E-05 9.996E-05 9.996E-05 9.996E-05
0.9995 9.996E-05 9.996E-05 9.996E-05 9.996E-05 9.996E-05
0.9995 9.996E-05 9.996E-05 9.996E-05 9.996E-05 9.996E-05
0.9995 9.996E-05 9.996E-05 9.996E-05 9.996E-05 9.996E-05
0.87328 0.0174317 0.0485328 0.00811876 9.9991E-05 0.0525369
0.9995 9.996E-05 9.996E-05 9.996E-05 9.996E-05 9.996E-05
0.9995 9.996E-05 9.996E-05 9.996E-05 9.996E-05 9.996E-05
0.162024 0.0748072 0.0840959 0.434443 9.9991E-05 0.244531
0.888829 0.0147022 0.0657828 9.9982E-05 9.9982E-05 0.0304858
0.9995 9.996E-05 9.996E-05 9.996E-05 9.996E-05 9.996E-05
0.9995 9.996E-05 9.996E-05 9.996E-05 9.996E-05 9.996E-05
0.144937 0.0490108 0.0959242 0.440138 9.9991E-05 0.26989
0.137062 0.0997136 0.0895616 0.381339 9.9991E-05 0.292224
0.153903 0.117337 0.12111 0.37893 0.00375571 0.224965
0.205021 0.115148 0.0843167 0.347492 9.9991E-05 0.247922
0.160114 0.050745 0.103683 0.400042 9.9991E-05 0.285316
0.10797 0.0356233 0.156751 0.245379 9.9991E-05 0.454178
0.190842 0.0388168 0.136661 0.255763 9.9991E-05 0.377817
0.141025 0.00770949 0.128667 0.398562 9.9991E-05 0.323937
0.238855 0.0735577 0.168598 0.228627 9.9991E-05 0.290263
0.228392 0.0852219 0.165745 0.228113 9.9991E-05 0.292429
0.151475 0.054071 0.103577 0.262848 9.9991E-05 0.427929
0.240439 0.0376316 0.181419 0.196842 9.9991E-05 0.343568
0.0927012 0.0951868 0.118444 0.338266 9.9991E-05 0.355302
0.165169 0.0630281 0.0531037 0.329102 9.9991E-05 0.389497
0.047859 0.0439002 9.9973E-05 0.907941 9.9973E-05 9.9973E-05
0.0430796 0.0433172 9.9973E-05 0.913303 9.9973E-05 9.9973E-05
9.996E-05 9.996E-05 9.996E-05 0.9995 9.996E-05 9.996E-05
0.0212434 9.9964E-05 9.9964E-05 0.978357 9.9964E-05 9.9964E-05
0.0413554 9.9964E-05 9.9964E-05 0.958245 9.9964E-05 9.9964E-05
0.0454235 0.0238191 9.9973E-05 0.930457 9.9973E-05 9.9973E-05
0.032902 0.0109045 9.9973E-05 0.955894 9.9973E-05 9.9973E-05
0.0255796 0.0436804 0.117813 0.674331 9.9991E-05 0.138496
9.9964E-05 0.0577596 9.9964E-05 0.941841 9.9964E-05 9.9964E-05
9.9964E-05 0.0113966 9.9964E-05 0.988204 9.9964E-05 9.9964E-05
0.0780013 0.0215876 0.0882668 0.811944 9.9982E-05 9.9982E-05
0.0228094 9.9964E-05 9.9964E-05 0.976791 9.9964E-05 9.9964E-05
0.0606921 0.0881513 0.0340392 0.7463 9.9991E-05 0.0707171
9.996E-05 0.9995 9.996E-05 9.996E-05 9.996E-05 9.996E-05
0.171213 0.162986 0.0752836 0.317196 9.9991E-05 0.273221
9.996E-05 0.9995 9.996E-05 9.996E-05 9.996E-05 9.996E-05
9.996E-05 0.9995 9.996E-05 9.996E-05 9.996E-05 9.996E-05
9.9964E-05 0.93849 0.0611097 9.9964E-05 9.9964E-05 9.9964E-05
0.0221358 0.727523 9.9991E-05 0.106733 0.00743082 0.136077
9.996E-05 0.9995 9.996E-05 9.996E-05 9.996E-05 9.996E-05
9.9973E-05 0.877691 0.0905354 9.9973E-05 9.9973E-05 0.0314733
9.996E-05 0.9995 9.996E-05 9.996E-05 9.996E-05 9.996E-05
9.9964E-05 0.962206 9.9964E-05 0.0373946 9.9964E-05 9.9964E-05
9.9964E-05 0.985987 9.9964E-05 9.9964E-05 0.0136135 9.9964E-05
0.0119887 0.985343 0.00236868 9.9973E-05 9.9973E-05 9.9973E-05
9.9964E-05 0.914169 9.9964E-05 0.0854311 9.9964E-05 9.9964E-05
0.0474572 0.8341 9.9973E-05 0.118142 9.9973E-05 9.9973E-05
9.9991E-05 0.910318 0.0394327 0.0198552 0.0226201 0.00767403
0.0189367 0.851525 0.0531777 9.9991E-05 0.0102932 0.0659675
9.9982E-05 0.852502 0.0292834 0.063144 9.9982E-05 0.0548704
0.0150296 0.860941 9.9991E-05 0.0599103 0.0180655 0.0459534
0.0121099 0.95494 9.9982E-05 0.0294703 0.00328009 9.9982E-05
0.0960218 0.045156 0.162735 0.4063 0.0297046 0.260082
0.0468666 0.033497 0.13413 0.360664 9.9991E-05 0.424742
0.109034 0.0459053 0.168067 0.34784 0.0497265 0.279427
0.0578577 0.0713272 0.187637 0.354236 0.0321388 0.296804
9.9973E-05 0.0386233 0.939524 0.0215531 9.9973E-05 9.9973E-05
9.996E-05 9.996E-05 0.9995 9.996E-05 9.996E-05 9.996E-05
9.9964E-05 0.00260121 0.996999 9.9964E-05 9.9964E-05 9.9964E-05
9.996E-05 9.996E-05 0.9995 9.996E-05 9.996E-05 9.996E-05
0.00229052 0.00292151 0.970565 0.0106949 0.0104277 0.00310023
9.9964E-05 9.9964E-05 0.976479 0.023121 9.9964E-05 9.9964E-05
0.0180835 9.9973E-05 0.96799 9.9973E-05 0.0136263 9.9973E-05
0.0195073 0.00723927 0.767618 0.106759 0.0283121 0.0705644
9.9982E-05 0.0401114 0.83256 9.9982E-05 0.00414645 0.122982
9.9973E-05 9.9973E-05 0.0306077 0.899457 0.0696354 9.9973E-05
9.9973E-05 9.9973E-05 0.0310271 0.934575 0.0340975 9.9973E-05
9.9973E-05 9.9973E-05 0.0219795 0.926185 0.0515355 9.9973E-05
9.9973E-05 9.9973E-05 0.0134803 0.921447 0.0647729 9.9973E-05
9.9973E-05 9.9973E-05 0.0146319 0.960363 0.024705 9.9973E-05
0.00738579 9.9991E-05 0.0672562 0.769141 0.0543845 0.101732
9.9973E-05 9.9973E-05 0.0308864 0.922134 0.0466796 9.9973E-05
9.9973E-05 9.9973E-05 0.0433586 0.90826 0.0480812 9.9973E-05
9.9982E-05 9.9982E-05 0.03182 0.875968 0.0635429 0.0284691
9.9973E-05 9.9973E-05 0.0545987 0.896514 0.0485871 9.9973E-05
9.9973E-05 9.9973E-05 0.0275788 0.927705 0.0444164 9.9973E-05
9.9973E-05 9.9973E-05 0.0486402 0.90407 0.0469895 9.9973E-05
