9.999E-05 0.9998 9.999E-05
0.071036 0.686508 0.242456
0.163695 0.692168 0.144137
0.0212251 0.711132 0.267643
9.9991E-05 0.567104 0.432796
0.0715693 0.553745 0.374686
0.0526673 0.82662 0.120713
0.113281 0.646169 0.240551
0.0703186 0.61243 0.317252
9.999E-05 0.9998 9.999E-05
9.999E-05 0.9998 9.999E-05
9.999E-05 0.9998 9.999E-05
9.999E-05 0.9998 9.999E-05
9.999E-05 0.9998 9.999E-05
9.999E-05 0.9998 9.999E-05
0.0413246 0.558423 0.400252
0.110345 0.459365 0.43029
0.0477277 0.64785 0.304422
9.9991E-05 0.417365 0.582535
0.030727 0.366767 0.602506
9.9991E-05 0.550642 0.449258
0.0850824 0.383314 0.531604
0.0510371 0.42119 0.527773
0.0586885 0.518342 0.42297
9.9991E-05 0.478486 0.521414
0.0498314 0.330196 0.619972
0.100159 0.378786 0.521055
0.0671108 0.530089 0.402801
0.0412424 0.453567 0.50519
0.00354936 0.580294 0.416157
9.9991E-05 0.524969 0.474931
0.0492402 0.396919 0.553841
0.0860859 0.383047 0.530867
0.118905 0.394972 0.486123
0.108159 0.368558 0.523284
9.9991E-05 0.576956 0.422944
0.0644364 0.302131 0.633433
0.0586929 0.30208 0.639227
0.0940475 0.320391 0.585561
9.9991E-05 0.35416 0.64574
0.0708271 0.147343 0.78183
0.065418 0.167344 0.767238
0.150557 0.271831 0.577612
0.077753 0.204788 0.717459
0.129264 0.175615 0.695121
0.148072 0.271998 0.57993
0.149617 0.252293 0.59809
0.0984418 0.274618 0.62694
0.130703 0.23245 0.636847
0.101949 0.361156 0.536895
0.117663 0.294189 0.588148
0.153102 0.217223 0.629675
0.123575 0.215639 0.660786
0.0181098 0.232107 0.749783
0.0611703 0.227664 0.711166
0.189897 0.152288 0.657815
0.0794429 0.268196 0.652361
0.0491803 0.224476 0.726344
0.171816 0.26941 0.558775
0.0359656 0.292773 0.671262
0.0661756 0.232926 0.700899
0.0489553 0.182773 0.768272
0.142152 0.162923 0.694924
0.144644 0.12242 0.732936
9.9991E-05 0.22245 0.77745
0.139956 0.136551 0.723493
0.0551915 0.108418 0.83639
0.073665 0.131886 0.794449
0.0755832 0.265295 0.659122
0.153298 0.0845781 0.762124
0.144149 0.240103 0.615748
0.121075 0.128575 0.75035
0.0971395 0.284911 0.617949
0.076511 0.281127 0.642362
0.0796181 0.15599 0.764392
0.00355331 0.16431 0.832136
0.147358 0.133478 0.719164
0.102937 0.171442 0.725621
0.0813273 0.0724641 0.846209
0.0508033 9.9991E-05 0.949097
0.0614876 0.0556212 0.882891
0.0387536 0.0255896 0.935657
0.0830201 0.0207119 0.896268
0.027886 0.114123 0.85799
0.0479882 0.0710149 0.880997
0.105161 0.0787386 0.8161
0.0878868 0.180733 0.73138
0.012036 0.106488 0.881476
0.0914345 0.0480121 0.860553
0.0956756 0.0767437 0.827581
0.110206 0.117027 0.772767
0.113922 0.115378 0.770699
0.105443 0.0707179 0.823839
9.999E-05 9.999E-05 0.9998
9.999E-05 9.999E-05 0.9998
9.999E-05 9.999E-05 0.9998
0.00390442 9.9991E-05 0.995996
9.999E-05 9.999E-05 0.9998
9.999E-05 9.999E-05 0.9998
9.999E-05 9.999E-05 0.9998
9.999E-05 9.999E-05 0.9998
9.999E-05 9.999E-05 0.9998
9.999E-05 9.999E-05 0.9998
0.0603705 0.0324591 0.90717
9.999E-05 9.999E-05 0.9998
9.999E-05 9.999E-05 0.9998
9.999E-05 9.999E-05 0.9998
0.0356545 9.9991E-05 0.964245
0.0610958 9.9991E-05 0.938804
0.0443585 9.9991E-05 0.955541
0.0533781 9.9991E-05 0.946522
0.0212963 9.9991E-05 0.978604
0.00993858 0.0612689 0.928792
0.00215849 0.03881 0.959032
0.000980347 9.9991E-05 0.99892
0.0658935 0.00319211 0.930914
0.0491732 0.0272339 0.923593
0.0443069 0.010679 0.945014
0.0526088 0.0251712 0.92222
0.0956636 0.0316481 0.872688
0.0596978 0.0128087 0.927494
0.0208703 9.9991E-05 0.97903
9.999E-05 9.999E-05 0.9998
9.999E-05 9.999E-05 0.9998
9.999E-05 9.999E-05 0.9998
9.999E-05 9.999E-05 0.9998
9.999E-05 9.999E-05 0.9998
0.00996215 9.9991E-05 0.989938
9.9991E-05 0.0160342 0.983866
0.044339 9.9991E-05 0.955561
9.999E-05 9.999E-05 0.9998
0.0122692 9.9991E-05 0.987631
9.999E-05 9.999E-05 0.9998
0.092185 9.9991E-05 0.907715
0.9998 9.999E-05 9.999E-05
0.132412 9.9991E-05 0.867488
0.9998 9.999E-05 9.999E-05
0.9998 9.999E-05 9.999E-05
0.991906 9.9991E-05 0.00799443
0.806698 0.00750158 0.185801
0.9998 9.999E-05 9.999E-05
0.878712 9.9991E-05 0.121188
0.999313 0.000587245 9.9991E-05
0.928924 9.9991E-05 0.0709759
0.9998 9.999E-05 9.999E-05
0.9995 9.9991E-05 0.000400047
0.9998 9.999E-05 9.999E-05
0.823466 9.9991E-05 0.176434
0.92416 0.0272226 0.0486177
0.906605 9.9991E-05 0.093295
0.919365 9.9991E-05 0.0805351
0.935551 0.04 0.0244494
0.913713 9.9991E-05 0.0861871
0.0449896 0.0767092 0.878301
0.0529941 0.0908041 0.856202
0.0600419 0.0950351 0.844923
0.0663474 0.0999588 0.833694
0.0323549 9.9991E-05 0.967545
0.0287328 9.9991E-05 0.971167
0.0159868 9.9991E-05 0.983913
0.0040248 9.9991E-05 0.995875
0.0342134 9.9991E-05 0.965687
0.0349648 9.9991E-05 0.964935
0.0101955 9.9991E-05 0.989705
0.0680613 0.0673402 0.864598
0.046578 0.0531036 0.900318
9.9991E-05 0.0253162 0.974584
9.9991E-05 0.0209785 0.978922
9.9991E-05 0.0370746 0.962825
9.9991E-05 0.054825 0.945075
9.9991E-05 0.0104986 0.989401
9.9991E-05 0.0485483 0.951352
9.9991E-05 0.0298638 0.970036
9.9991E-05 0.034419 0.965481
9.9991E-05 0.0601551 0.939745
9.9991E-05 0.0334194 0.966481
9.9991E-05 0.0273047 0.972595
9.999E-05 9.999E-05 0.9998
