0.9998 9.999E-05 9.999E-05
0.582128 0.274102 0.14377
0.603693 0.271944 0.124363
0.605506 0.382608 0.0118857
0.410959 0.588941 9.9991E-05
0.418669 0.567597 0.0137341
0.687449 0.312451 9.9991E-05
0.54429 0.448691 0.00701943
0.497494 0.487369 0.0151373
0.9998 9.999E-05 9.999E-05
0.9998 9.999E-05 9.999E-05
0.9998 9.999E-05 9.999E-05
0.9998 9.999E-05 9.999E-05
0.9998 9.999E-05 9.999E-05
0.9998 9.999E-05 9.999E-05
0.411916 0.587984 9.9991E-05
0.379978 0.601938 0.0180847
0.54975 0.45015 9.9991E-05
0.306275 0.675648 0.0180767
0.254146 0.745754 9.9991E-05
0.438768 0.530703 0.0305287
0.283309 0.673923 0.042768
0.272141 0.727759 9.9991E-05
0.36974 0.63016 9.9991E-05
0.370333 0.629567 9.9991E-05
0.228148 0.771752 9.9991E-05
0.261465 0.738435 9.9991E-05
0.390046 0.609854 9.9991E-05
0.338394 0.661506 9.9991E-05
0.440945 0.558955 9.9991E-05
0.406949 0.586448 0.00660308
0.267205 0.732695 9.9991E-05
0.291489 0.658933 0.0495781
0.279743 0.703234 0.0170228
0.312362 0.687538 9.9991E-05
0.433722 0.566178 9.9991E-05
0.213773 0.786127 9.9991E-05
0.194892 0.805008 9.9991E-05
0.221274 0.716166 0.06256
0.239292 0.730354 0.0303537
0.0794141 0.865798 0.0547876
0.0868284 0.881339 0.031833
0.200652 0.711146 0.0882016
0.102184 0.864323 0.0334925
0.0726325 0.927268 9.9991E-05
0.118457 0.881443 9.9991E-05
0.107479 0.892421 9.9991E-05
0.12818 0.87172 9.9991E-05
0.17654 0.82336 9.9991E-05
0.282798 0.69575 0.0214517
0.18086 0.793035 0.026105
0.120514 0.879386 9.9991E-05
0.11405 0.88585 9.9991E-05
0.15609 0.834831 0.00907924
0.150757 0.800848 0.0483943
0.101712 0.878846 0.019442
0.177562 0.811322 0.011116
0.127384 0.847208 0.0254076
0.12664 0.87326 9.9991E-05
0.183048 0.794457 0.0224946
0.1081 0.8918 9.9991E-05
0.12574 0.79244 0.0818198
0.108151 0.79547 0.0963786
0.0405738 0.927495 0.0319316
0.151659 0.833563 0.0147776
0.0640881 0.89982 0.0360917
0.0336342 0.882783 0.0835829
0.0655401 0.846805 0.0876549
0.147121 0.840455 0.0124238
0.0485101 0.935062 0.0164274
0.162831 0.758474 0.0786948
0.0290662 0.91219 0.0587435
0.18459 0.812783 0.00262743
0.147104 0.852796 9.9991E-05
0.0694761 0.930424 9.9991E-05
0.0657353 0.928925 0.00533956
0.0272869 0.946969 0.0257443
0.142578 0.691992 0.16543
9.9991E-05 0.897768 0.102132
9.9991E-05 0.889487 0.110413
0.00829178 0.92059 0.0711185
0.023569 0.844321 0.13211
9.9991E-05 0.907234 0.0926657
0.0902453 0.774352 0.135403
0.0210837 0.725337 0.253579
0.0317944 0.778084 0.190121
0.135813 0.776889 0.0872985
0.0648552 0.815454 0.11969
0.0405842 0.8212 0.138216
0.0104198 0.861108 0.128472
0.0894805 0.753453 0.157067
0.0871985 0.781011 0.131791
0.016653 0.781662 0.201685
9.999E-05 9.999E-05 0.9998
0.0558983 9.9991E-05 0.944002
0.0297175 0.0425009 0.927782
9.999E-05 9.999E-05 0.9998
9.999E-05 9.999E-05 0.9998
9.999E-05 9.999E-05 0.9998
9.999E-05 9.999E-05 0.9998
0.0341842 0.0493693 0.916447
9.999E-05 9.999E-05 0.9998
9.999E-05 9.999E-05 0.9998
9.9991E-05 0.897327 0.102573
9.9991E-05 0.0410326 0.958867
9.999E-05 9.999E-05 0.9998
9.9991E-05 0.0151562 0.984744
9.9991E-05 0.887895 0.112005
9.9991E-05 0.865896 0.134004
9.9991E-05 0.863522 0.136378
9.9991E-05 0.836748 0.163152
9.9991E-05 0.868681 0.131219
9.9991E-05 0.878562 0.121338
0.0194072 0.818454 0.162139
9.9991E-05 0.855833 0.144067
9.9991E-05 0.754382 0.245518
0.00336287 0.757416 0.239221
0.0158152 0.854733 0.129452
0.0131198 0.762546 0.224334
9.9991E-05 0.932122 0.0677782
9.9991E-05 0.875386 0.124514
9.999E-05 0.9998 9.999E-05
9.9991E-05 0.794635 0.205265
9.999E-05 0.9998 9.999E-05
9.999E-05 0.9998 9.999E-05
9.9991E-05 0.983906 0.0159937
9.999E-05 0.9998 9.999E-05
9.999E-05 0.9998 9.999E-05
9.999E-05 0.9998 9.999E-05
9.999E-05 0.9998 9.999E-05
9.999E-05 0.9998 9.999E-05
9.999E-05 0.9998 9.999E-05
9.999E-05 0.9998 9.999E-05
9.999E-05 0.9998 9.999E-05
9.9991E-05 0.983548 0.0163515
9.999E-05 0.9998 9.999E-05
9.999E-05 0.9998 9.999E-05
9.999E-05 0.9998 9.999E-05
9.999E-05 0.9998 9.999E-05
9.999E-05 0.9998 9.999E-05
9.9991E-05 0.973064 0.0268361
9.9991E-05 0.922278 0.0776221
9.9991E-05 0.926319 0.0735814
9.9991E-05 0.981683 0.0182172
9.9991E-05 0.935406 0.0644938
9.9991E-05 0.940787 0.0591131
9.9991E-05 0.98014 0.0197597
9.9991E-05 0.957603 0.0422975
9.9991E-05 0.989353 0.0105465
9.9991E-05 0.968359 0.0315408
9.9991E-05 0.8633 0.1366
9.9991E-05 0.93537 0.0645301
9.9991E-05 0.974937 0.0249626
0.0387953 0.876161 0.085044
0.023232 0.924435 0.0523329
0.0503323 0.865638 0.0840296
0.047586 0.880472 0.0719419
0.00287098 0.822874 0.174255
9.9991E-05 0.799773 0.200127
9.9991E-05 0.833761 0.166139
9.9991E-05 0.79429 0.20561
9.9991E-05 0.810745 0.189155
9.9991E-05 0.818933 0.180967
9.9991E-05 0.817861 0.182039
0.0515143 0.82671 0.121775
0.0193493 0.872899 0.107751
9.999E-05 0.9998 9.999E-05
0.0141878 0.985712 9.9991E-05
9.999E-05 0.9998 9.999E-05
0.00491778 0.994982 9.9991E-05
9.999E-05 0.9998 9.999E-05
0.0200395 0.972011 0.00794981
0.00691101 0.992989 9.9991E-05
0.0192752 0.980625 9.9991E-05
9.999E-05 0.9998 9.999E-05
9.999E-05 0.9998 9.999E-05
9.999E-05 0.9998 9.999E-05
0.00314359 0.996756 9.9991E-05
