9.999E-05 9.999E-05 0.9998
0.107938 0.26233 0.629732
0.130329 0.209225 0.660447
0.0228872 0.310518 0.666595
0.00126994 0.513516 0.485214
0.0806305 0.310924 0.608445
0.0654403 0.175662 0.758898
0.12737 0.209817 0.662813
0.1107 0.271695 0.617605
9.999E-05 9.999E-05 0.9998
9.999E-05 9.999E-05 0.9998
9.999E-05 9.999E-05 0.9998
9.999E-05 9.999E-05 0.9998
9.999E-05 9.999E-05 0.9998
9.999E-05 9.999E-05 0.9998
0.0152686 0.451354 0.533377
0.139014 0.409378 0.451608
0.044271 0.367115 0.588614
0.00940882 0.557942 0.432649
0.03535 0.55687 0.40778
9.9991E-05 0.462131 0.537769
0.113325 0.487317 0.399357
0.0456068 0.528216 0.426178
0.0736878 0.433596 0.492716
0.00859176 0.579956 0.411452
0.0541803 0.624746 0.321074
0.139002 0.48597 0.375028
0.0725674 0.466234 0.461199
0.0447201 0.549408 0.405872
0.0019405 0.456912 0.541148
9.9991E-05 0.493455 0.506445
0.0860778 0.541367 0.372555
0.104908 0.53088 0.364213
0.114364 0.515914 0.369722
0.111053 0.502857 0.386089
9.9991E-05 0.423053 0.576847
0.0551883 0.643307 0.301505
0.0722159 0.633187 0.294597
0.115433 0.585052 0.299514
9.9991E-05 0.679896 0.320004
0.0759325 0.793137 0.13093
0.0847185 0.736111 0.179171
0.155655 0.577448 0.266897
0.073323 0.738907 0.18777
0.105527 0.712603 0.18187
0.137655 0.59929 0.263054
0.101239 0.670375 0.228386
0.11286 0.656249 0.230891
0.0696404 0.679174 0.251185
0.0668203 0.585085 0.348095
0.128244 0.626267 0.24549
0.133052 0.679232 0.187717
0.100098 0.671248 0.228654
0.0871725 0.719771 0.193057
0.0643996 0.739188 0.196413
0.157262 0.645005 0.197733
0.109834 0.618319 0.271847
0.0525887 0.725762 0.221649
0.162825 0.600682 0.236493
0.037222 0.676947 0.285831
0.0922824 0.711827 0.19589
0.0289962 0.73182 0.239184
0.0939858 0.709212 0.196802
0.109819 0.777747 0.112434
9.9991E-05 0.792134 0.207766
0.13384 0.714364 0.151796
0.0161937 0.889564 0.0942423
0.111372 0.746369 0.142259
0.0786345 0.660362 0.261003
0.15421 0.75588 0.0899102
0.141044 0.648858 0.210097
0.0654373 0.815835 0.118727
0.073366 0.662093 0.264541
0.0829352 0.695192 0.221872
0.109856 0.726791 0.163353
0.0438302 0.814361 0.141809
0.107219 0.77638 0.116401
0.121753 0.799371 0.0788762
0.0654082 0.893207 0.0413849
0.0647064 0.93278 0.0025138
0.0491482 0.921536 0.0293158
0.0471951 0.932444 0.0203606
0.0999812 0.89347 0.00654918
0.0415863 0.817272 0.141142
0.0656296 0.897897 0.0364732
0.125571 0.779519 0.0949107
0.0725979 0.734799 0.192603
0.0325862 0.882994 0.0844199
0.0521614 0.884804 0.0630344
0.123972 0.81926 0.0567683
0.0834028 0.801598 0.114999
0.121434 0.793404 0.085162
0.076921 0.844172 0.0789073
9.999E-05 0.9998 9.999E-05
0.01193 0.98797 9.9991E-05
9.999E-05 0.9998 9.999E-05
9.999E-05 0.9998 9.999E-05
9.999E-05 0.9998 9.999E-05
9.999E-05 0.9998 9.999E-05
9.999E-05 0.9998 9.999E-05
9.999E-05 0.9998 9.999E-05
9.999E-05 0.9998 9.999E-05
9.999E-05 0.9998 9.999E-05
0.0808479 0.868597 0.0505551
9.999E-05 0.9998 9.999E-05
9.999E-05 0.9998 9.999E-05
9.999E-05 0.9998 9.999E-05
0.0325519 0.967348 9.9991E-05
0.078163 0.921737 9.9991E-05
0.0626497 0.93725 9.9991E-05
0.0550224 0.944878 9.9991E-05
0.0415369 0.958363 9.9991E-05
9.9991E-05 0.942185 0.0577152
0.0503853 0.929096 0.0205189
0.0142169 0.985683 9.9991E-05
0.0576319 0.942268 9.9991E-05
0.0800285 0.911748 0.00822358
0.0678312 0.903297 0.0288719
0.055496 0.944404 9.9991E-05
0.0848634 0.882272 0.0328648
0.051975 0.944962 0.00306312
0.0488816 0.951018 9.9991E-05
9.999E-05 0.9998 9.999E-05
9.999E-05 0.9998 9.999E-05
9.999E-05 0.9998 9.999E-05
0.00184515 0.998055 9.9991E-05
9.999E-05 0.9998 9.999E-05
9.999E-05 0.9998 9.999E-05
9.9991E-05 0.982162 0.0177384
0.0187721 0.981128 9.9991E-05
9.999E-05 0.9998 9.999E-05
9.999E-05 0.9998 9.999E-05
9.999E-05 0.9998 9.999E-05
0.101278 0.898622 9.9991E-05
0.9998 9.999E-05 9.999E-05
0.0952063 0.901577 0.00321631
0.9998 9.999E-05 9.999E-05
0.9998 9.999E-05 9.999E-05
0.964623 0.0266119 0.00876526
0.806876 0.161702 0.0314225
0.9998 9.999E-05 9.999E-05
0.901949 0.0979509 9.9991E-05
0.9998 9.999E-05 9.999E-05
0.969316 0.0305839 9.9991E-05
0.9998 9.999E-05 9.999E-05
0.974542 0.0253583 9.9991E-05
0.986053 0.0138467 9.9991E-05
0.789953 0.209947 9.9991E-05
0.973023 0.0108693 0.0161079
0.922658 0.0772423 9.9991E-05
0.889586 0.095794 0.0146204
0.879073 0.0658574 0.0550693
0.970955 0.028945 9.9991E-05
0.0585761 0.872463 0.0689607
0.0105599 0.888348 0.101092
0.0987865 0.822304 0.0789095
0.11446 0.787724 0.0978161
9.9991E-05 0.998481 0.00141866
9.999E-05 0.9998 9.999E-05
0.000998353 0.998902 9.9991E-05
0.0206106 0.979289 9.9991E-05
0.0427839 0.957116 9.9991E-05
9.999E-05 0.9998 9.999E-05
0.00216454 0.979464 0.0183715
0.0593802 0.897383 0.0432365
0.047401 0.948877 0.00372153
9.9991E-05 0.956792 0.0431083
9.9991E-05 0.966267 0.0336328
9.9991E-05 0.952782 0.0471179
9.9991E-05 0.946744 0.0531556
9.999E-05 0.9998 9.999E-05
9.9991E-05 0.912568 0.0873325
9.9991E-05 0.966902 0.0329985
9.9991E-05 0.95406 0.0458399
9.9991E-05 0.952596 0.047304
9.9991E-05 0.993943 0.00595672
9.9991E-05 0.966367 0.0335327
9.9991E-05 0.961245 0.0386555
