9.999E-05 0.9998 9.999E-05
0.0790776 0.67862 0.242303
0.158501 0.659309 0.182191
0.00703912 0.670514 0.322447
9.9991E-05 0.532359 0.467541
0.0912774 0.593169 0.315553
0.043797 0.795433 0.16077
0.105052 0.672574 0.222374
0.115012 0.626146 0.258842
9.999E-05 0.9998 9.999E-05
9.999E-05 0.9998 9.999E-05
9.999E-05 0.9998 9.999E-05
9.999E-05 0.9998 9.999E-05
9.999E-05 0.9998 9.999E-05
9.999E-05 0.9998 9.999E-05
0.0828555 0.489484 0.427661
0.0726823 0.477782 0.449536
0.0444466 0.61525 0.340303
0.00563102 0.430627 0.563742
0.0060466 0.417117 0.576836
9.9991E-05 0.508561 0.491339
0.0862304 0.384135 0.529635
0.0609552 0.382945 0.5561
0.0708317 0.499929 0.429239
9.9991E-05 0.505107 0.494793
0.0280694 0.385691 0.58624
0.102036 0.360108 0.537856
0.0847109 0.508348 0.406941
0.0396906 0.450024 0.510286
9.9991E-05 0.563047 0.436853
9.9991E-05 0.525528 0.474372
0.0438531 0.396621 0.559526
0.0669135 0.422293 0.510793
0.105012 0.381399 0.513589
0.0816979 0.359801 0.558501
0.000566809 0.585375 0.414058
0.0562819 0.336818 0.606901
0.0297594 0.293664 0.676576
0.087177 0.332224 0.580599
0.0134041 0.32068 0.665916
0.132424 0.139259 0.728317
0.114866 0.136008 0.749126
0.162104 0.280229 0.557667
0.132716 0.150025 0.717259
0.153954 0.181556 0.66449
0.118997 0.237642 0.643361
0.136622 0.246 0.617378
0.098059 0.264572 0.637369
0.101707 0.273657 0.624636
0.0643792 0.390247 0.545374
0.0812357 0.269772 0.648992
0.151923 0.221291 0.626786
0.182866 0.212233 0.604901
0.0196815 0.233561 0.746757
0.0246373 0.2346 0.740763
0.160128 0.182687 0.657185
0.120383 0.247504 0.632113
0.0100228 0.156682 0.833295
0.124892 0.219255 0.655853
0.103462 0.274726 0.621811
0.0355184 0.200777 0.763705
0.0508987 0.227008 0.722093
0.118074 0.21055 0.671376
0.138761 0.0906863 0.770553
9.9991E-05 0.246037 0.753863
0.145112 0.147109 0.707779
0.0406172 0.0927631 0.86662
0.0760632 0.120192 0.803745
0.0756077 0.246361 0.678031
0.125906 0.111969 0.762125
0.119804 0.214162 0.666034
0.0954201 0.104934 0.799646
0.0881118 0.249486 0.662402
0.0732426 0.249392 0.677365
0.0691471 0.171139 0.759714
0.0355627 0.149871 0.814566
0.113978 0.101592 0.78443
0.0447677 0.0911545 0.864078
0.0762972 0.0489397 0.874763
0.0245967 0.0264405 0.948963
0.0288326 0.0283934 0.942774
0.0320277 0.0153461 0.952626
0.0763073 0.0174693 0.906223
9.9991E-05 0.0850852 0.914815
0.0553949 0.0746784 0.869927
0.119929 0.0485219 0.831549
0.0964278 0.16158 0.741992
0.0261515 0.113108 0.86074
0.091037 0.058097 0.850866
0.106348 0.0662954 0.827356
0.116051 0.125601 0.758348
0.125037 0.156144 0.718819
0.0934108 0.0671675 0.839422
9.999E-05 9.999E-05 0.9998
9.999E-05 9.999E-05 0.9998
9.999E-05 9.999E-05 0.9998
9.999E-05 9.999E-05 0.9998
9.999E-05 9.999E-05 0.9998
9.999E-05 9.999E-05 0.9998
9.999E-05 9.999E-05 0.9998
9.999E-05 9.999E-05 0.9998
9.999E-05 9.999E-05 0.9998
9.999E-05 9.999E-05 0.9998
0.0998686 0.00774774 0.892384
9.999E-05 9.999E-05 0.9998
9.999E-05 9.999E-05 0.9998
9.999E-05 9.999E-05 0.9998
0.00665312 9.9991E-05 0.993247
0.0641231 9.9991E-05 0.935777
0.0258556 0.0100731 0.964071
0.0517015 9.9991E-05 0.948198
0.0741827 9.9991E-05 0.925717
0.0197002 0.0745891 0.905711
0.0505557 0.0106961 0.938748
9.999E-05 9.999E-05 0.9998
0.112345 9.9991E-05 0.887555
0.0682348 9.9991E-05 0.931665
0.0633323 0.0399707 0.896697
0.0479115 9.9991E-05 0.951989
0.0893182 0.0346239 0.876058
0.0415362 0.0136462 0.944818
9.999E-05 9.999E-05 0.9998
0.0111063 9.9991E-05 0.988794
9.999E-05 9.999E-05 0.9998
0.0134667 9.9991E-05 0.986433
0.00283679 9.9991E-05 0.997063
9.999E-05 9.999E-05 0.9998
9.999E-05 9.999E-05 0.9998
9.9991E-05 0.0448617 0.955038
0.0258045 9.9991E-05 0.974095
0.00588884 9.9991E-05 0.994011
0.0209197 9.9991E-05 0.97898
0.00271643 9.9991E-05 0.997184
0.10264 9.9991E-05 0.89726
0.9998 9.999E-05 9.999E-05
0.106599 9.9991E-05 0.893301
0.9998 9.999E-05 9.999E-05
0.9998 9.999E-05 9.999E-05
0.981943 0.0179569 9.9991E-05
0.809891 0.032812 0.157297
0.9998 9.999E-05 9.999E-05
0.92444 9.9991E-05 0.0754602
0.9998 9.999E-05 9.999E-05
0.975536 9.9991E-05 0.0243643
0.9998 9.999E-05 9.999E-05
0.9998 9.999E-05 9.999E-05
0.999457 9.9991E-05 0.000443334
0.850149 9.9991E-05 0.149751
0.969739 0.00075626 0.0295051
0.901548 9.9991E-05 0.0983524
0.907145 9.9991E-05 0.092755
0.895639 0.0401373 0.0642235
0.966036 9.9991E-05 0.0338638
0.0345784 0.0762603 0.889161
0.0608891 0.096244 0.842867
0.0477566 0.0688619 0.883381
0.0593788 0.1129 0.827721
0.0157181 0.0182849 0.965997
9.999E-05 9.999E-05 0.9998
0.00594435 9.9991E-05 0.993956
9.999E-05 9.999E-05 0.9998
9.999E-05 9.999E-05 0.9998
0.0134551 9.9991E-05 0.986445
0.00476693 9.9991E-05 0.995133
9.9991E-05 0.0449028 0.954997
9.9991E-05 0.026444 0.973456
9.9991E-05 0.0528386 0.947061
9.9991E-05 0.0408896 0.95901
9.9991E-05 0.0334696 0.96643
9.9991E-05 0.028945 0.970955
9.9991E-05 0.0470317 0.952868
9.9991E-05 0.0698444 0.930056
9.9991E-05 0.048126 0.951774
9.9991E-05 0.03993 0.95997
9.9991E-05 0.0403155 0.959585
9.9991E-05 0.0364541 0.963446
9.9991E-05 0.0495828 0.950317
9.9991E-05 0.0453653 0.954535
