9.999E-05 9.999E-05 0.9998
0.352007 0.100711 0.547282
0.302529 0.107433 0.590038
0.407232 9.9991E-05 0.592668
0.537345 0.0267982 0.435857
0.509276 9.9991E-05 0.490624
0.317493 9.9991E-05 0.682407
0.418604 0.0105777 0.570819
0.403019 0.0530661 0.543915
9.999E-05 9.999E-05 0.9998
9.999E-05 9.999E-05 0.9998
9.999E-05 9.999E-05 0.9998
9.999E-05 9.999E-05 0.9998
9.999E-05 9.999E-05 0.9998
9.999E-05 9.999E-05 0.9998
0.588433 9.9991E-05 0.411467
0.536761 0.0339785 0.429261
0.430655 0.0110291 0.558316
0.665263 0.014481 0.320256
0.682136 9.9991E-05 0.317764
0.497869 0.0240489 0.478082
0.734244 9.9991E-05 0.265656
0.634451 0.0143573 0.351192
0.578857 9.9991E-05 0.421043
0.601157 0.0345229 0.36432
0.759 9.9991E-05 0.2409
0.717695 9.9991E-05 0.282205
0.587048 0.00493328 0.408019
0.652572 9.9991E-05 0.347328
0.55582 9.9991E-05 0.44408
0.596445 9.9991E-05 0.403455
0.688625 9.9991E-05 0.311275
0.698514 0.00487576 0.296611
0.683084 0.0125593 0.304357
0.695799 0.00403578 0.300165
0.522709 9.9991E-05 0.477191
0.807644 9.9991E-05 0.192256
0.754825 0.0130533 0.232122
0.740426 0.0325117 0.227062
0.710316 0.0143592 0.275325
0.849511 0.0629848 0.087504
0.887527 0.0333417 0.0791317
0.70049 0.0777688 0.221741
0.866243 0.0485968 0.0851598
0.921138 9.9991E-05 0.0787617
0.910538 9.9991E-05 0.0893619
0.892218 9.9991E-05 0.107682
0.83358 9.9991E-05 0.16632
0.83165 9.9991E-05 0.16825
0.612375 0.0682225 0.319403
0.77345 0.0213303 0.20522
0.874748 9.9991E-05 0.125152
0.857573 9.9991E-05 0.142327
0.850228 0.00727787 0.142494
0.722863 0.101886 0.175251
0.887838 9.99917E-05 0.112062
0.810834 9.9991E-05 0.189066
0.835162 0.0567305 0.108108
0.898496 9.9991E-05 0.101404
0.801519 0.00558876 0.192892
0.856659 0.0196869 0.123654
0.805886 0.0779923 0.116122
0.79511 0.0580056 0.146884
0.895379 0.0638741 0.0407474
0.840279 9.9991E-05 0.159621
0.915273 9.9991E-05 0.0846272
0.850907 0.0833671 0.0657261
0.896243 0.0437349 0.0600226
0.844151 9.9991E-05 0.155749
0.931804 0.00744726 0.0607492
0.766743 0.0777593 0.155498
0.900862 0.0273373 0.0718007
0.79363 9.9991E-05 0.20627
0.855631 9.9991E-05 0.144269
0.888205 9.9991E-05 0.111695
0.924795 9.9991E-05 0.0751049
0.917925 0.055098 0.0269767
0.760582 0.156184 0.083234
0.830933 0.137137 0.0319302
0.878304 0.121596 9.9991E-05
0.917024 0.0828764 9.9991E-05
0.852694 0.147206 9.9991E-05
0.897856 0.102044 9.9991E-05
0.7559 0.136856 0.107244
0.684288 0.260905 0.0548068
0.767426 0.180429 0.0521444
0.76713 0.0973222 0.135548
0.769514 0.140637 0.0898494
0.850446 0.118393 0.0311612
0.820145 0.122821 0.0570349
0.769339 0.151282 0.0793784
0.760812 0.145701 0.0934866
0.766375 0.205202 0.0284224
9.999E-05 0.9998 9.999E-05
0.0252176 0.959973 0.0148098
0.112346 0.887554 9.9991E-05
9.999E-05 0.9998 9.999E-05
9.999E-05 0.9998 9.999E-05
9.999E-05 0.9998 9.999E-05
9.999E-05 0.9998 9.999E-05
0.0197994 0.956751 0.0234492
9.999E-05 0.9998 9.999E-05
9.999E-05 0.9998 9.999E-05
0.889985 0.0834115 0.0266037
0.08397 0.91593 9.9991E-05
9.999E-05 0.9998 9.999E-05
9.999E-05 0.9998 9.999E-05
0.872691 0.127209 9.9991E-05
0.871412 0.128488 9.9991E-05
0.850917 0.141766 0.00731739
0.813851 0.186049 9.9991E-05
0.868402 0.131498 9.9991E-05
0.874463 0.113897 0.0116403
0.820031 0.151167 0.0288022
0.815433 0.184467 9.9991E-05
0.768959 0.230941 9.9991E-05
0.777779 0.222121 9.9991E-05
0.868341 0.125959 0.00569976
0.73368 0.265131 0.00118921
0.931985 0.0679154 9.9991E-05
0.846827 0.147157 0.00601523
0.972884 0.027016 9.9991E-05
0.882786 0.117114 9.9991E-05
0.957497 0.0424026 9.9991E-05
0.973961 0.0259388 9.9991E-05
0.970765 0.0291351 9.9991E-05
0.938439 0.0614612 9.9991E-05
0.979956 0.019944 9.9991E-05
0.948659 0.0512415 9.9991E-05
0.99062 0.00928001 9.9991E-05
0.948785 0.0511147 9.9991E-05
0.894327 0.105573 9.9991E-05
0.924201 0.0756987 9.9991E-05
0.969264 0.0306363 9.9991E-05
0.9998 9.999E-05 9.999E-05
0.783348 0.216552 9.9991E-05
0.9998 9.999E-05 9.999E-05
0.9998 9.999E-05 9.999E-05
0.980526 0.019374 9.9991E-05
0.999258 9.9991E-05 0.000642028
0.9998 9.999E-05 9.999E-05
0.9998 9.999E-05 9.999E-05
0.9998 9.999E-05 9.999E-05
0.9998 9.999E-05 9.999E-05
0.9998 9.999E-05 9.999E-05
0.9998 9.999E-05 9.999E-05
0.9998 9.999E-05 9.999E-05
0.999723 0.000177484 9.9991E-05
0.9998 9.999E-05 9.999E-05
0.9998 9.999E-05 9.999E-05
0.9998 9.999E-05 9.999E-05
0.9998 9.999E-05 9.999E-05
0.9998 9.999E-05 9.999E-05
0.89391 0.0653354 0.0407549
0.889994 0.0447338 0.0652724
0.852362 0.125236 0.0224024
0.86991 0.0743796 0.0557108
0.84186 0.15804 9.9991E-05
0.800162 0.199738 9.9991E-05
0.824574 0.175326 9.9991E-05
0.803831 0.196069 9.9991E-05
0.835455 0.164445 9.9991E-05
0.791815 0.208085 9.9991E-05
0.818616 0.181284 9.9991E-05
0.791011 0.150241 0.058748
0.881789 0.118111 9.9991E-05
0.988093 9.9991E-05 0.0118066
0.9998 9.999E-05 9.999E-05
0.9998 9.999E-05 9.999E-05
0.990453 9.9991E-05 0.009447
0.995212 9.9991E-05 0.00468799
0.948074 9.9991E-05 0.0518257
0.9998 9.999E-05 9.999E-05
0.9998 9.999E-05 9.999E-05
0.966774 9.9991E-05 0.0331265
0.9998 9.999E-05 9.999E-05
0.968925 9.9991E-05 0.0309747
0.9998 9.999E-05 9.999E-05
