0.9998 9.999E-05 9.999E-05
0.653405 0.250137 0.0964582
0.654993 0.171686 0.173321
0.645172 0.32242 0.0324088
0.525285 0.474615 9.9991E-05
0.552627 0.354184 0.0931892
0.806759 0.137804 0.0554379
0.654671 0.234194 0.111135
0.584107 0.337487 0.0784065
0.9998 9.999E-05 9.999E-05
0.9998 9.999E-05 9.999E-05
0.9998 9.999E-05 9.999E-05
0.9998 9.999E-05 9.999E-05
0.9998 9.999E-05 9.999E-05
0.9998 9.999E-05 9.999E-05
0.499329 0.387803 0.112869
0.485147 0.421275 0.0935775
0.599147 0.365767 0.0350856
0.432063 0.567837 9.9991E-05
0.38914 0.563245 0.0476151
0.5399 0.46 9.9991E-05
0.35983 0.529488 0.110682
0.426244 0.501994 0.0717623
0.494958 0.449749 0.0552932
0.493698 0.506202 9.9991E-05
0.354837 0.63378 0.0113833
0.393548 0.504904 0.101548
0.458362 0.427506 0.114132
0.396775 0.547602 0.0556233
0.571303 0.401849 0.026848
0.499451 0.500449 9.9991E-05
0.367277 0.581001 0.0517214
0.345889 0.585944 0.0681667
0.375494 0.534517 0.0899886
0.393492 0.511626 0.0948821
0.555671 0.444229 9.9991E-05
0.336485 0.617096 0.0464189
0.299024 0.649744 0.0512316
0.32497 0.581792 0.0932382
0.355048 0.644852 9.9991E-05
0.151359 0.751888 0.0967535
0.137475 0.735289 0.127236
0.258936 0.611741 0.129322
0.171331 0.722728 0.105941
0.151331 0.697485 0.151185
0.237759 0.6207 0.141541
0.197415 0.706935 0.0956504
0.239524 0.655354 0.105122
0.248067 0.645827 0.106106
0.35645 0.563061 0.080489
0.272044 0.607715 0.120241
0.215624 0.67504 0.109336
0.236996 0.627596 0.135409
0.216471 0.763859 0.0196693
0.238447 0.717203 0.0443503
0.17426 0.655242 0.170499
0.256515 0.611937 0.131548
0.211044 0.728484 0.0604719
0.231773 0.646437 0.12179
0.264383 0.665842 0.0697745
0.194443 0.779481 0.026076
0.22058 0.729037 0.050383
0.158586 0.706455 0.134959
0.10752 0.805399 0.0870801
0.217093 0.782807 9.9991E-05
0.11418 0.743573 0.142248
0.086045 0.846415 0.0675396
0.119779 0.722214 0.158007
0.242629 0.673424 0.0839467
0.0976039 0.749654 0.152742
0.219631 0.643608 0.136761
0.117216 0.787496 0.0952884
0.234519 0.686613 0.0788683
0.219936 0.691583 0.0884809
0.133141 0.785792 0.0810668
0.160885 0.786078 0.053037
0.105339 0.780755 0.113906
0.113804 0.838193 0.0480035
0.0612604 0.868726 0.070014
9.9991E-05 0.928315 0.0715845
0.0463651 0.869395 0.0842396
0.0105495 0.941383 0.0480671
0.0302534 0.883938 0.0858088
0.128348 0.822903 0.0487498
0.0888951 0.841182 0.0699231
0.0698967 0.812766 0.117337
0.170139 0.748792 0.0810694
0.118343 0.868493 0.0131636
0.0964355 0.8195 0.0840648
0.070201 0.816494 0.113305
0.127935 0.76376 0.108305
0.103072 0.777518 0.11941
0.0810213 0.810991 0.107988
9.999E-05 0.9998 9.999E-05
9.999E-05 0.9998 9.999E-05
9.999E-05 0.9998 9.999E-05
9.999E-05 0.9998 9.999E-05
9.999E-05 0.9998 9.999E-05
9.999E-05 0.9998 9.999E-05
9.999E-05 0.9998 9.999E-05
9.999E-05 0.9998 9.999E-05
9.999E-05 0.9998 9.999E-05
9.999E-05 0.9998 9.999E-05
0.0259695 0.919604 0.0544265
9.999E-05 0.9998 9.999E-05
9.999E-05 0.9998 9.999E-05
9.999E-05 0.9998 9.999E-05
9.9991E-05 0.980428 0.0194717
9.9991E-05 0.975 0.0248996
0.00781774 0.970835 0.0213471
9.9991E-05 0.944512 0.0553876
9.9991E-05 0.907705 0.0921948
0.0353789 0.963821 0.000799958
0.0372574 0.947916 0.0148264
9.999E-05 0.9998 9.999E-05
9.9991E-05 0.964262 0.0356379
9.9991E-05 0.951824 0.0480755
0.0280737 0.925108 0.0468185
0.014098 0.952112 0.0337903
0.0377026 0.885972 0.0763257
0.0248352 0.911965 0.0631995
9.9991E-05 0.996693 0.00320673
9.999E-05 0.9998 9.999E-05
9.999E-05 0.9998 9.999E-05
9.999E-05 0.9998 9.999E-05
9.999E-05 0.9998 9.999E-05
9.999E-05 0.9998 9.999E-05
9.999E-05 0.9998 9.999E-05
0.018906 0.980994 9.9991E-05
9.9991E-05 0.985773 0.0141272
9.9991E-05 0.994006 0.00589394
9.9991E-05 0.974866 0.025034
9.999E-05 0.9998 9.999E-05
9.9991E-05 0.954515 0.0453854
9.999E-05 9.999E-05 0.9998
9.9991E-05 0.859715 0.140185
9.999E-05 9.999E-05 0.9998
9.999E-05 9.999E-05 0.9998
9.9991E-05 0.0129968 0.986903
0.0350941 0.12537 0.839535
9.999E-05 9.999E-05 0.9998
9.9991E-05 0.0989437 0.900956
9.999E-05 9.999E-05 0.9998
9.9991E-05 0.0135773 0.986323
9.999E-05 9.999E-05 0.9998
9.999E-05 9.999E-05 0.9998
0.000873986 0.0207149 0.978411
9.9991E-05 0.175645 0.824255
0.00184427 9.9991E-05 0.998056
0.00393629 0.0464963 0.949567
9.9991E-05 0.0951739 0.904726
0.0528801 0.0785643 0.868556
9.999E-05 9.999E-05 0.9998
0.0581689 0.904456 0.0373747
0.0702143 0.912027 0.0177586
0.069557 0.887684 0.0427591
0.0881468 0.878455 0.0333979
9.9991E-05 0.971882 0.028018
9.999E-05 0.9998 9.999E-05
9.9991E-05 0.993009 0.00689052
9.999E-05 0.9998 9.999E-05
9.9991E-05 0.93956 0.0603396
9.999E-05 0.9998 9.999E-05
9.999E-05 0.9998 9.999E-05
0.060962 0.887926 0.0511125
0.0181757 0.955703 0.0261217
0.0598842 0.940016 9.9991E-05
0.0287507 0.971149 9.9991E-05
0.0334441 0.966456 9.9991E-05
0.0523357 0.947564 9.9991E-05
0.00430728 0.995593 9.9991E-05
0.0638917 0.936008 9.9991E-05
0.0487513 0.951149 9.9991E-05
0.0428444 0.957056 9.9991E-05
0.0221441 0.977756 9.9991E-05
0.0495034 0.950397 9.9991E-05
0.029212 0.970688 9.9991E-05
0.0461666 0.953733 9.9991E-05
