9.999E-05 9.999E-05 0.9998
9.999E-05 0.128657 0.871243
0.10647 9.9991E-05 0.89343
0.132471 0.033429 0.8341
0.1708 9.9991E-05 0.8291
9.999E-05 9.999E-05 0.9998
0.118237 0.0167396 0.865023
0.104584 9.9991E-05 0.895316
0.385756 9.9991E-05 0.614144
0.0979037 0.289843 0.612253
0.0271488 0.196563 0.776288
0.0149138 0.136055 0.849032
0.0165994 0.0494854 0.933915
0.0766147 0.200743 0.722643
0.174142 0.141529 0.684329
9.9991E-05 0.10112 0.89878
9.9991E-05 0.151242 0.848658
0.0820091 0.311074 0.606917
0.0480972 0.300872 0.651031
0.109275 9.9991E-05 0.890625
0.0904565 0.146367 0.763176
0.0404521 0.0502628 0.909285
9.9991E-05 0.110911 0.888989
9.9991E-05 0.235561 0.764339
9.9991E-05 0.337347 0.662553
0.0627325 0.303147 0.63412
0.393778 0.184921 0.421301
0.0783085 0.446741 0.47495
0.0556561 0.437805 0.506539
0.00916262 0.530723 0.460114
0.701486 0.298414 9.9991E-05
0.595967 0.107034 0.296999
0.775641 0.13055 0.0938093
0.965823 9.9991E-05 0.0340767
0.59163 0.14702 0.261349
0.840624 0.0335997 0.125776
0.668341 9.9991E-05 0.331559
0.636195 0.129468 0.234338
0.958764 9.9991E-05 0.0411363
0.604249 0.276205 0.119546
0.861957 0.0180437 0.119999
0.438277 0.33777 0.223953
0.657973 0.144989 0.197037
0.828639 0.0374578 0.133903
0.802163 0.133375 0.0644616
0.81667 0.15584 0.0274904
0.893052 0.106848 9.9991E-05
0.9998 9.999E-05 9.999E-05
0.81605 0.00660494 0.177345
0.752614 0.116116 0.13127
0.825808 0.174092 9.9991E-05
0.9998 9.999E-05 9.999E-05
0.753841 0.246059 9.9991E-05
0.955011 0.0448893 9.9991E-05
0.953515 0.0463851 9.9991E-05
0.970809 0.0290913 9.9991E-05
0.13388 0.860749 0.0053705
0.137847 0.71144 0.150712
0.32951 0.657105 0.0133851
0.208877 0.630321 0.160802
0.156953 0.842947 9.99934E-05
0.364181 0.594167 0.0416519
0.170709 0.802353 0.0269377
9.999E-05 0.9998 9.999E-05
0.112706 0.881902 0.00539268
9.999E-05 0.9998 9.999E-05
9.999E-05 0.9998 9.999E-05
0.00620797 0.993692 9.9991E-05
9.999E-05 0.9998 9.999E-05
9.999E-05 0.9998 9.999E-05
9.999E-05 0.9998 9.999E-05
0.26839 0.656217 0.0753925
0.0846312 0.915269 9.9991E-05
0.128549 0.844014 0.0274375
9.999E-05 0.9998 9.999E-05
9.999E-05 0.9998 9.999E-05
0.242132 0.736819 0.02105
