0.9995 9.996E-05 9.996E-05 9.996E-05 9.996E-05 9.996E-05
0.348445 0.5315 0.00101036 0.0510665 0.0678773 9.9991E-05
0.319222 0.496586 9.9982E-05 0.10285 0.0811425 9.9982E-05
0.277176 0.722424 9.99641E-05 9.99641E-05 9.99641E-05 9.99641E-05
0.178917 0.741594 0.0791894 9.9973E-05 9.9973E-05 9.9973E-05
0.192698 0.795987 9.9973E-05 0.0110152 9.9973E-05 9.9973E-05
0.32259 0.67701 9.9964E-05 9.9964E-05 9.9964E-05 9.9964E-05
0.346745 0.582734 9.9973E-05 0.070221 9.9973E-05 9.9973E-05
0.25779 0.678057 9.9982E-05 0.0610349 0.00291868 9.9982E-05
0.9995 9.996E-05 9.996E-05 9.996E-05 9.996E-05 9.996E-05
0.9995 9.996E-05 9.996E-05 9.996E-05 9.996E-05 9.996E-05
0.9995 9.996E-05 9.996E-05 9.996E-05 9.996E-05 9.996E-05
0.9995 9.996E-05 9.996E-05 9.996E-05 9.996E-05 9.996E-05
0.932735 0.00127084 0.0656938 9.9973E-05 9.9973E-05 9.9973E-05
0.953016 9.9982E-05 9.9982E-05 0.0103972 0.00329977 0.0330872
0.238483 0.747749 0.00211015 0.00349492 9.9991E-05 0.00806318
0.261923 0.47706 0.0542616 0.102808 0.0229718 0.0809755
0.262086 0.737514 9.9964E-05 9.9964E-05 9.9964E-05 9.9964E-05
9.99641E-05 0.98918 0.0104198 9.99641E-05 9.99641E-05 9.99641E-05
9.996E-05 0.9995 9.996E-05 9.996E-05 9.996E-05 9.996E-05
0.109188 0.890412 9.9964E-05 9.9964E-05 9.9964E-05 9.9964E-05
0.0211954 0.920287 9.9982E-05 0.050018 0.00830008 9.9982E-05
0.0205559 0.979044 9.9964E-05 9.9964E-05 9.9964E-05 9.9964E-05
0.0869807 0.912619 9.9964E-05 9.9964E-05 9.9964E-05 9.9964E-05
0.0611287 0.938471 9.99641E-05 9.99641E-05 9.99641E-05 9.99641E-05
0.0194009 0.895887 0.0631078 9.9982E-05 9.9982E-05 0.0214038
0.0351227 0.838625 0.0842847 0.0417672 9.9982E-05 9.9982E-05
0.0462462 0.953354 9.99641E-05 9.99641E-05 9.99641E-05 9.99641E-05
0.0828095 0.916669 9.9973E-05 0.000221533 9.9973E-05 9.9973E-05
0.107529 0.892071 9.9964E-05 9.9964E-05 9.9964E-05 9.9964E-05
0.115046 0.864651 0.0200033 9.9973E-05 9.9973E-05 9.9973E-05
0.0438877 0.885389 0.0358663 9.9982E-05 0.0346568 9.9982E-05
0.0369957 0.900674 0.0154053 0.0467246 9.9982E-05 9.9982E-05
0.0939078 0.737983 0.014856 0.0670443 0.00813073 0.0780783
0.0215925 0.902618 0.048952 0.0260685 0.000669013 9.9991E-05
0.10868 0.89092 9.9964E-05 9.9964E-05 9.9964E-05 9.9964E-05
9.9964E-05 0.971563 0.0280376 9.9964E-05 9.9964E-05 9.9964E-05
0.00920773 0.845388 0.0900793 0.037409 0.0114035 0.00651202
0.0132868 0.801676 0.102184 0.0548868 0.0278661 9.9991E-05
0.0227668 0.870303 0.0681535 9.9991E-05 0.030022 0.00865488
9.9991E-05 0.694444 0.0054598 0.10118 0.0506749 0.148142
9.9982E-05 0.651076 0.125163 0.0808212 9.9982E-05 0.14274
0.0335756 0.713457 9.9991E-05 0.088831 0.0686647 0.0953721
9.9991E-05 0.769866 0.035015 0.0521717 0.0308993 0.111948
9.9991E-05 0.743335 0.0926124 0.0737471 0.00162307 0.0885828
9.9973E-05 0.887938 0.045395 0.0663669 9.9973E-05 9.9973E-05
9.9982E-05 0.893269 0.0164748 0.0473587 9.9982E-05 0.0426973
9.9982E-05 0.866566 0.0461768 0.0550691 9.9982E-05 0.0319878
0.056984 0.654299 0.108813 0.0564043 9.9991E-05 0.1234
0.0993644 0.800956 0.00426494 0.02361 0.0187624 0.053042
0.0122375 0.83281 0.0279855 0.0656926 0.0246848 0.0365893
9.9982E-05 0.786549 0.0658415 0.0633822 9.9982E-05 0.0840278
9.9982E-05 0.869915 0.0152768 0.0190894 9.9982E-05 0.0955186
0.0202105 0.70607 0.124583 0.020031 0.0351101 0.0939956
0.0365195 0.720715 0.04341 0.0176188 0.0769929 0.104744
9.9982E-05 0.71023 9.9982E-05 0.109971 0.0399025 0.139696
0.0831569 0.600624 0.0797845 0.124974 9.9991E-05 0.11136
9.9991E-05 0.708508 0.0943741 0.00129978 0.0717942 0.123924
9.9973E-05 0.916644 0.014743 0.0683132 9.9973E-05 9.9973E-05
0.0218701 0.755903 0.0821767 0.0445209 0.038363 0.0571666
9.9982E-05 0.726043 0.152381 0.000385961 9.9982E-05 0.12099
9.9973E-05 0.75428 9.9973E-05 9.9973E-05 0.0889357 0.156484
9.9991E-05 0.692189 0.102323 0.086497 0.0736993 0.0451914
9.9991E-05 0.581337 0.0845446 0.130214 0.0665284 0.137276
9.9982E-05 0.841771 0.0445098 9.9982E-05 0.0145087 0.0990104
9.9991E-05 0.65342 0.049173 0.103064 0.07207 0.122173
9.9991E-05 0.702853 0.0581529 0.0101229 0.10164 0.127131
0.0216599 0.555111 0.0200725 0.0816615 0.12262 0.198875
9.9991E-05 0.818577 0.0880715 0.0340744 0.0182189 0.0409584
9.9991E-05 0.663118 0.00946552 0.0928128 0.0499775 0.184526
0.0229163 0.707936 9.9991E-05 0.0707456 0.101389 0.0969134
9.9991E-05 0.638647 0.069639 0.0835175 0.0922448 0.115852
0.0703378 0.727543 0.0850129 0.0688839 9.9991E-05 0.0481222
0.00988682 0.800994 0.119064 0.0377719 0.00856493 0.0237188
0.032571 0.58665 0.0877631 0.0597332 0.0371244 0.196158
9.9991E-05 0.719719 0.179197 0.00793636 0.015222 0.0778256
9.9991E-05 0.76902 0.0419911 0.0540297 0.0591949 0.0756642
9.9991E-05 0.616317 0.0486346 0.045249 0.166883 0.122817
9.9991E-05 0.453395 0.133965 0.0854696 0.16078 0.16629
9.9991E-05 0.439862 0.124719 0.0569103 0.186168 0.192241
9.9991E-05 0.43649 0.123258 0.101448 0.123673 0.215031
9.9991E-05 0.500326 0.105901 0.0512912 0.19839 0.143991
9.9991E-05 0.481504 0.10361 0.102447 0.123191 0.189148
9.9982E-05 0.537343 0.0494426 9.9982E-05 0.21066 0.202355
9.9991E-05 0.480581 0.0842683 0.0281222 0.282095 0.124833
9.9991E-05 0.435955 0.121496 0.127317 0.197397 0.117735
0.0259776 0.577878 0.0652058 0.0970776 0.104192 0.129669
0.00200007 0.562156 0.0718002 0.00392435 0.152621 0.207499
9.9991E-05 0.385516 0.118603 0.0800642 0.207468 0.208249
0.0111231 0.359738 0.177817 0.125212 0.117627 0.208483
0.018893 0.47142 0.0824912 0.11154 0.165296 0.150361
0.0237162 0.485057 0.049259 0.0763059 0.142518 0.223144
0.000397148 0.341879 0.183197 0.12204 0.223241 0.129245
9.996E-05 9.996E-05 9.996E-05 9.996E-05 0.9995 9.996E-05
0.0179441 9.9973E-05 9.9973E-05 0.00992623 0.97183 9.9973E-05
0.00946448 0.0669089 0.0502957 9.9991E-05 0.867672 0.0055592
9.996E-05 9.996E-05 9.996E-05 9.996E-05 0.9995 9.996E-05
9.996E-05 9.996E-05 9.996E-05 9.996E-05 0.9995 9.996E-05
9.996E-05 9.996E-05 9.996E-05 9.996E-05 0.9995 9.996E-05
9.996E-05 9.996E-05 9.996E-05 9.996E-05 0.9995 9.996E-05
9.9973E-05 0.0873694 9.9973E-05 0.0500815 0.862249 9.9973E-05
9.9964E-05 9.9964E-05 9.9964E-05 9.9964E-05 0.983652 0.0159483
9.996E-05 9.996E-05 9.996E-05 9.996E-05 0.9995 9.996E-05
0.00361512 0.22824 0.228167 0.0819403 0.107546 0.350491
9.9982E-05 9.9982E-05 0.0520672 0.0258018 0.883767 0.0381644
9.996E-05 9.996E-05 9.996E-05 9.996E-05 0.9995 9.996E-05
9.9964E-05 9.9964E-05 0.0117017 9.9964E-05 0.987898 9.9964E-05
0.00109328 0.284426 0.166604 0.0993546 0.14624 0.302282
9.9991E-05 0.30981 0.144477 0.0924539 0.180512 0.272647
9.9991E-05 0.293418 0.179187 0.0918292 0.161702 0.273763
9.9991E-05 0.267429 0.157557 0.0668693 0.20369 0.304355
9.9991E-05 0.279158 0.155278 0.0796072 0.178238 0.307619
9.9991E-05 0.398689 0.132342 0.0855677 0.162977 0.220324
9.9991E-05 0.402007 0.108219 0.051561 0.213686 0.224426
9.9991E-05 0.325545 0.125918 0.0396627 0.184978 0.323796
9.9991E-05 0.313438 0.125577 0.0951825 0.263142 0.20256
9.9991E-05 0.314047 0.122245 0.102125 0.256394 0.205089
9.9991E-05 0.395249 0.145292 0.105641 0.159546 0.194171
9.9991E-05 0.407273 0.155369 0.0525752 0.219071 0.165611
0.0069936 0.33606 0.152405 0.104103 0.124629 0.27581
9.9991E-05 0.329376 0.109777 0.0811565 0.187343 0.292248
9.996E-05 9.996E-05 9.996E-05 0.9995 9.996E-05 9.996E-05
9.9991E-05 0.315337 0.105896 0.108385 0.222911 0.247371
9.996E-05 9.996E-05 9.996E-05 0.9995 9.996E-05 9.996E-05
9.996E-05 9.996E-05 9.996E-05 0.9995 9.996E-05 9.996E-05
0.0259233 9.9991E-05 0.00935031 0.941326 0.00357093 0.0197298
0.0162333 0.120348 9.9991E-05 0.794695 0.0120502 0.0565736
9.996E-05 9.996E-05 9.996E-05 0.9995 9.996E-05 9.996E-05
9.9982E-05 0.00789495 0.0286824 0.926348 9.9982E-05 0.0368746
9.9964E-05 9.9964E-05 9.9964E-05 0.9862 0.0133999 9.9964E-05
9.9964E-05 9.9964E-05 9.9964E-05 0.984117 9.9964E-05 0.0154829
9.996E-05 9.996E-05 9.996E-05 0.9995 9.996E-05 9.996E-05
9.9964E-05 9.9964E-05 9.9964E-05 0.972921 9.9964E-05 0.0266788
9.9964E-05 9.9964E-05 9.9964E-05 0.986764 9.9964E-05 0.0128356
9.9982E-05 9.9982E-05 0.104508 0.798075 0.0406056 0.0566107
0.0163677 0.0462134 9.9973E-05 0.937119 9.9973E-05 9.9973E-05
0.0114095 0.0151208 0.0233587 0.862685 0.0428584 0.0445674
0.00631047 0.0276813 0.0414362 0.898474 9.9991E-05 0.0259984
0.0174292 0.0406078 0.0711819 0.848052 0.0226294 9.9991E-05
9.9973E-05 9.9973E-05 9.9973E-05 0.968961 0.00444785 0.0262913
9.9982E-05 0.00552914 0.036686 0.0134803 9.9982E-05 0.944105
0.0286291 9.9982E-05 0.0594924 9.9982E-05 0.020187 0.891491
9.996E-05 9.996E-05 9.996E-05 9.996E-05 9.996E-05 0.9995
9.9964E-05 9.9964E-05 0.0223188 9.9964E-05 9.9964E-05 0.977281
9.996E-05 9.996E-05 9.996E-05 9.996E-05 9.996E-05 0.9995
9.996E-05 9.996E-05 9.996E-05 9.996E-05 9.996E-05 0.9995
9.996E-05 9.996E-05 9.996E-05 9.996E-05 9.996E-05 0.9995
0.0505635 9.9991E-05 0.0583009 0.0147577 0.0273051 0.848973
9.996E-05 9.996E-05 9.996E-05 9.996E-05 9.996E-05 0.9995
9.996E-05 9.996E-05 9.996E-05 9.996E-05 9.996E-05 0.9995
0.0319696 9.9982E-05 9.9982E-05 0.0530815 0.0624975 0.852251
9.9964E-05 9.9964E-05 9.9964E-05 9.9964E-05 0.00398833 0.995612
9.9982E-05 0.0234318 0.0745765 0.096008 9.9982E-05 0.805784
0.0251397 0.250355 0.39299 0.0897381 0.0988651 0.142912
0.00213917 0.322744 0.37663 0.044892 0.117116 0.13648
0.0384464 0.21554 0.415464 0.0940152 0.104175 0.13236
0.0305854 0.296862 0.383814 0.105857 0.1128 0.0700819
9.9991E-05 0.255164 0.392919 0.0860096 0.205296 0.0605113
9.99821E-05 0.00384738 0.606095 0.117249 0.272609 9.99821E-05
9.9991E-05 0.11915 0.456997 0.125769 0.26103 0.036954
9.9982E-05 0.0692993 0.520793 0.118173 0.291535 9.9982E-05
9.9991E-05 0.102372 0.466179 0.114381 0.259702 0.057267
9.9991E-05 0.128996 0.504319 0.110568 0.243755 0.0122617
9.9982E-05 0.184279 0.450445 0.121792 0.243284 9.9982E-05
0.0245282 0.269305 0.409953 0.121785 0.159237 0.0151926
9.9982E-05 0.26128 0.413181 0.140049 0.185291 9.9982E-05
9.996E-05 9.996E-05 0.9995 9.996E-05 9.996E-05 9.996E-05
9.996E-05 9.996E-05 0.9995 9.996E-05 9.996E-05 9.996E-05
9.996E-05 9.996E-05 0.9995 9.996E-05 9.996E-05 9.996E-05
9.996E-05 9.996E-05 0.9995 9.996E-05 9.996E-05 9.996E-05
9.996E-05 9.996E-05 0.9995 9.996E-05 9.996E-05 9.996E-05
9.9964E-05 0.0434642 0.956136 9.9964E-05 9.9964E-05 9.9964E-05
9.996E-05 9.996E-05 0.9995 9.996E-05 9.996E-05 9.996E-05
9.996E-05 9.996E-05 0.9995 9.996E-05 9.996E-05 9.996E-05
9.996E-05 9.996E-05 0.9995 9.996E-05 9.996E-05 9.996E-05
9.9964E-05 9.9964E-05 0.984247 9.9964E-05 9.9964E-05 0.0153528
9.996E-05 9.996E-05 0.9995 9.996E-05 9.996E-05 9.996E-05
9.996E-05 9.996E-05 0.9995 9.996E-05 9.996E-05 9.996E-05
