9.996E-05 9.996E-05 9.996E-05 0.9995 9.996E-05 9.996E-05
9.9973E-05 9.9973E-05 0.084485 0.889652 0.0255627 9.9973E-05
0.139835 9.9973E-05 0.0145578 0.845307 9.9973E-05 9.9973E-05
0.135508 0.104394 9.9991E-05 0.595935 0.0332808 0.130782
9.9982E-05 0.0881104 0.0638736 0.842176 0.0056397 9.9982E-05
9.9964E-05 9.9964E-05 9.9964E-05 0.871414 9.9964E-05 0.128186
9.9982E-05 0.0991993 9.9982E-05 0.876433 0.0141167 0.0100511
9.9973E-05 0.0594904 9.9973E-05 0.85362 9.9973E-05 0.0865893
0.077667 0.301484 9.9982E-05 0.592451 9.9982E-05 0.0281983
0.194435 9.9982E-05 0.138541 0.590339 0.0764851 9.9982E-05
9.9973E-05 0.0587653 9.9973E-05 9.9973E-05 0.0332339 0.907701
0.0304396 0.0144266 0.0155058 9.9991E-05 0.00615344 0.933375
9.9973E-05 0.00533305 9.9973E-05 0.182517 9.9973E-05 0.81185
0.187765 0.0275223 0.00744484 0.0753242 0.0249668 0.676977
0.0631764 9.9991E-05 0.0928674 0.0621955 0.0449168 0.736744
9.9964E-05 9.9964E-05 9.9964E-05 9.9964E-05 0.0220198 0.97758
9.996E-05 9.996E-05 9.996E-05 9.996E-05 9.996E-05 0.9995
0.247333 9.9982E-05 0.0883459 9.9982E-05 0.0170209 0.6471
0.15243 0.0905339 0.0479675 9.9982E-05 9.9982E-05 0.708868
0.0927652 9.9973E-05 9.9973E-05 0.0793606 9.9973E-05 0.827574
0.157048 9.9982E-05 0.0312109 0.106884 9.9982E-05 0.704658
0.00447409 0.0102029 0.0316556 0.325159 0.00677755 0.621731
9.9973E-05 9.9973E-05 9.9973E-05 0.00817535 0.0157595 0.975765
0.197035 9.9973E-05 0.0332228 9.9973E-05 9.9973E-05 0.769443
0.0970591 9.9973E-05 0.17145 9.9973E-05 9.9973E-05 0.731191
0.0460302 0.0885134 0.194827 0.130639 9.9991E-05 0.53989
0.0186197 0.29935 0.048695 9.9982E-05 9.9982E-05 0.633136
0.0130887 0.0296715 0.414664 0.0552568 9.9991E-05 0.487219
0.204204 9.9982E-05 0.283322 0.0282725 9.9982E-05 0.484002
9.9964E-05 9.9964E-05 0.371192 9.9964E-05 9.9964E-05 0.628408
0.251519 0.622869 0.0861369 0.0392756 9.9982E-05 9.9982E-05
0.0562251 0.499236 0.187307 0.186146 9.9991E-05 0.0709857
0.9995 9.996E-05 9.996E-05 9.996E-05 9.996E-05 9.996E-05
0.88505 0.11455 9.9964E-05 9.9964E-05 9.9964E-05 9.9964E-05
0.798807 9.9964E-05 9.9964E-05 9.9964E-05 9.9964E-05 0.200793
0.984186 9.9964E-05 0.0154141 9.9964E-05 9.9964E-05 9.9964E-05
0.829294 9.9973E-05 9.9973E-05 0.16225 9.9973E-05 0.00815566
0.89759 9.9973E-05 9.9973E-05 0.00597925 9.9973E-05 0.0961313
0.9995 9.996E-05 9.996E-05 9.996E-05 9.996E-05 9.996E-05
0.604445 9.9982E-05 0.242218 9.9982E-05 0.0447569 0.10838
0.93362 0.0252504 0.0408292 9.9973E-05 9.9973E-05 9.9973E-05
0.334342 0.192046 0.306788 0.0564783 9.9991E-05 0.110245
0.762732 0.0113791 0.16374 0.00905137 9.9991E-05 0.0529976
0.801853 0.0470362 0.0807358 9.9991E-05 0.00754289 0.0627319
9.9982E-05 0.73693 0.114349 9.9982E-05 0.00180935 0.146711
0.0102234 0.816024 0.0796947 0.0514076 0.00901639 0.0336337
0.258065 0.639541 0.0488766 9.9982E-05 0.0533184 9.9982E-05
9.9964E-05 0.943565 0.0560355 9.9964E-05 9.9964E-05 9.9964E-05
0.354474 0.469595 0.0243879 0.0878786 0.00014352 0.0635219
0.192207 0.520115 0.192888 0.0945898 9.9982E-05 9.9982E-05
0.106237 0.852807 0.0234051 9.9982E-05 0.0173517 9.9982E-05
9.996E-05 0.9995 9.996E-05 9.996E-05 9.996E-05 9.996E-05
9.9973E-05 0.893852 0.0924467 9.9973E-05 9.9973E-05 0.0134012
0.130522 0.806378 0.0323926 9.9991E-05 0.00698325 0.023624
0.0802521 0.919348 9.9964E-05 9.9964E-05 9.9964E-05 9.9964E-05
9.9973E-05 0.88369 0.0768115 9.9973E-05 0.0391982 9.9973E-05
0.0169731 0.121549 0.743073 0.0247007 0.000398109 0.0933063
0.0591671 0.197856 0.564534 0.0229624 9.9991E-05 0.155381
9.9982E-05 0.260408 0.724827 9.9982E-05 0.00525629 0.00930848
0.0611286 0.105219 0.678524 0.14898 9.9991E-05 0.00604886
0.0524121 0.109885 0.836981 9.9982E-05 9.9982E-05 0.000522292
0.399344 9.9982E-05 0.49645 0.0452702 0.0587361 9.9982E-05
0.259204 0.0455594 0.668545 0.0264916 9.9982E-05 9.9982E-05
9.9964E-05 9.9964E-05 0.991108 9.9964E-05 0.00849178 9.9964E-05
0.158077 9.9973E-05 0.835325 9.9973E-05 0.00629752 9.9973E-05
9.996E-05 9.996E-05 0.9995 9.996E-05 9.996E-05 9.996E-05
9.996E-05 9.996E-05 0.9995 9.996E-05 9.996E-05 9.996E-05
9.9964E-05 9.9964E-05 0.979848 9.9964E-05 9.9964E-05 0.0197526
9.9973E-05 9.9973E-05 0.986188 0.00600545 0.00750661 9.9973E-05
9.9964E-05 0.0354111 0.964189 9.9964E-05 9.9964E-05 9.9964E-05
0.00163151 9.9964E-05 0.997969 9.9964E-05 9.9964E-05 9.9964E-05
0.224427 0.0379072 0.64397 0.0888448 0.00475163 9.9991E-05
9.996E-05 9.996E-05 0.9995 9.996E-05 9.996E-05 9.996E-05
0.261564 0.0933828 0.573063 9.9991E-05 0.0451519 0.0267385
0.0379388 9.9982E-05 0.321008 9.9982E-05 0.54623 0.0946228
9.996E-05 9.996E-05 9.996E-05 9.996E-05 0.9995 9.996E-05
0.292534 9.9982E-05 0.624845 0.026686 0.0557347 9.9982E-05
