9.996E-05 0.9995 9.996E-05 9.996E-05 9.996E-05 9.996E-05
0.0747328 0.371802 0.0729451 9.9982E-05 0.48032 9.9982E-05
0.078154 0.363912 0.0485289 9.9982E-05 0.509205 9.9982E-05
9.9964E-05 0.288547 9.9964E-05 9.9964E-05 0.711053 9.9964E-05
9.9973E-05 0.191582 9.9973E-05 9.9973E-05 0.717947 0.0901711
0.0206716 0.232753 9.9973E-05 9.9973E-05 0.746275 9.9973E-05
9.9964E-05 0.362765 9.9964E-05 9.9964E-05 0.636835 9.9964E-05
0.0472037 0.374766 0.0300548 9.9982E-05 0.547776 9.9982E-05
0.0412582 0.24541 9.9973E-05 9.9973E-05 0.713032 9.9973E-05
9.996E-05 0.9995 9.996E-05 9.996E-05 9.996E-05 9.996E-05
9.996E-05 0.9995 9.996E-05 9.996E-05 9.996E-05 9.996E-05
9.996E-05 0.9995 9.996E-05 9.996E-05 9.996E-05 9.996E-05
9.9964E-05 0.999054 0.000546325 9.9964E-05 9.9964E-05 9.9964E-05
9.9973E-05 0.905582 9.9973E-05 9.9973E-05 0.0522214 0.0418969
0.0125206 0.977044 9.9973E-05 0.0101357 9.9973E-05 9.9973E-05
0.000605788 0.207733 9.9973E-05 9.9973E-05 0.791361 9.9973E-05
0.115107 0.229724 0.0829377 0.0454529 0.493605 0.0331735
9.9964E-05 0.264932 9.9964E-05 9.9964E-05 0.734668 9.9964E-05
9.9964E-05 0.015684 9.9964E-05 9.9964E-05 0.983916 9.9964E-05
9.996E-05 9.996E-05 9.996E-05 9.996E-05 0.9995 9.996E-05
9.9964E-05 0.13603 9.9964E-05 9.9964E-05 0.86357 9.9964E-05
0.0341711 0.045954 9.9973E-05 9.9973E-05 0.919575 9.9973E-05
9.9973E-05 0.051925 9.9973E-05 9.9973E-05 0.945743 0.00203196
9.9964E-05 0.0716196 9.9964E-05 9.9964E-05 0.927981 9.9964E-05
9.9964E-05 0.0461432 9.9964E-05 9.9964E-05 0.953457 9.9964E-05
9.9982E-05 0.0290485 9.9982E-05 0.0357065 0.91357 0.0214755
0.0468922 0.0621475 9.9982E-05 9.9982E-05 0.802942 0.0878185
9.9964E-05 0.0413769 9.9964E-05 9.9964E-05 0.958223 9.9964E-05
9.9964E-05 0.0961233 9.9964E-05 9.9964E-05 0.903477 9.9964E-05
9.9964E-05 0.152412 9.9964E-05 9.9964E-05 0.847188 9.9964E-05
9.9973E-05 0.137309 9.9973E-05 9.9973E-05 0.848135 0.0142555
9.99641E-05 0.0295351 9.99641E-05 9.99641E-05 0.970065 9.99641E-05
0.0172054 0.0382693 0.000403088 9.9982E-05 0.943922 9.9982E-05
0.0587707 0.100684 0.00825124 0.0833155 0.748879 9.9991E-05
0.0251701 0.0454624 9.9973E-05 9.9973E-05 0.929068 9.9973E-05
9.9964E-05 0.154412 9.9964E-05 9.9964E-05 0.845188 9.9964E-05
9.9964E-05 9.9964E-05 9.9964E-05 9.9964E-05 0.974147 0.0254528
0.0278333 0.0166566 0.00532999 0.00125333 0.777624 0.171302
0.0381606 0.0296838 0.0454167 9.9991E-05 0.80973 0.0769086
9.9982E-05 0.0505733 0.0117718 9.9982E-05 0.887549 0.049906
0.0736991 9.9991E-05 0.101987 0.110205 0.697983 0.0160263
0.0980336 9.9991E-05 0.0747875 0.0748731 0.68105 0.0711559
0.112619 0.0353216 0.100692 0.0384406 0.712826 9.9991E-05
0.0708852 9.9991E-05 0.0394565 0.0553057 0.776855 0.0573974
0.0736609 9.9982E-05 9.9982E-05 0.0517233 0.787682 0.0867337
0.0362723 9.9973E-05 9.9973E-05 9.9973E-05 0.920783 0.0426453
0.0317485 9.9982E-05 9.9982E-05 0.00718191 0.91512 0.0457497
0.0270935 9.9982E-05 9.9982E-05 0.0194122 0.88964 0.0636545
0.0413557 0.0683723 9.9991E-05 0.134291 0.661034 0.0948471
0.035017 0.114041 0.0324954 0.07475 0.743597 9.9991E-05
0.0591833 0.0198058 0.0465788 0.00430137 0.811237 0.0588936
0.0822372 9.9982E-05 9.9982E-05 0.0667951 0.834273 0.016495
0.0784454 0.000774845 9.9991E-05 0.0337198 0.791848 0.0951116
9.9991E-05 0.015419 0.0116225 0.117736 0.761087 0.0940355
9.9991E-05 0.0399642 0.0605393 0.137514 0.713698 0.0481843
0.11218 9.9991E-05 0.0206201 0.107034 0.758025 0.00204068
0.115396 0.0616094 0.00850091 0.0779008 0.625213 0.11138
9.9982E-05 9.9982E-05 0.0468102 0.0274597 0.823462 0.102068
0.0694775 9.9973E-05 9.9973E-05 9.9973E-05 0.862273 0.06795
0.0480429 0.0484955 0.00462775 9.9991E-05 0.695694 0.20304
9.9982E-05 9.9982E-05 0.00998528 0.100898 0.777447 0.11147
9.9982E-05 9.9982E-05 0.0336205 0.179583 0.718232 0.0683646
0.0871695 9.9991E-05 0.0573208 0.0925688 0.730571 0.0322702
0.110659 9.9991E-05 0.0649562 0.0919294 0.612842 0.119514
9.9982E-05 9.9982E-05 0.0183883 0.138495 0.801748 0.0411686
0.0826524 9.9991E-05 0.0424936 0.0799023 0.711393 0.083459
0.0323244 9.9991E-05 0.124964 0.0960973 0.702916 0.0435982
0.0942225 0.00285986 0.0497236 0.123457 0.639042 0.0906951
0.0347162 9.9991E-05 0.0361421 0.033341 0.828755 0.0669455
0.0944704 9.9991E-05 0.0491527 0.112527 0.737579 0.0061706
0.0604296 0.00910655 0.110514 0.0541959 0.765654 9.9991E-05
0.124399 9.9991E-05 0.0779593 0.100811 0.615526 0.0812057
0.0546992 0.0504003 9.9991E-05 0.0271257 0.756714 0.110961
0.041812 9.9982E-05 9.9982E-05 0.0721979 0.77886 0.10693
0.075129 0.0297428 0.0365116 0.157148 0.600826 0.100642
9.9982E-05 9.9982E-05 0.031386 0.0795563 0.711293 0.177564
0.0712253 9.9991E-05 0.0807679 0.0429334 0.75009 0.0548836
0.0617591 9.9991E-05 0.159569 0.115774 0.588309 0.074489
0.0576983 9.9991E-05 0.165117 0.159696 0.464386 0.153004
0.0525933 9.9991E-05 0.174718 0.180865 0.422226 0.169498
0.0958009 0.00725431 0.115285 0.190603 0.438363 0.152694
0.0779882 9.9991E-05 0.183783 0.139922 0.48332 0.114886
0.0940805 9.9991E-05 0.124539 0.162056 0.497627 0.121597
9.9982E-05 9.9982E-05 0.13117 0.176574 0.572777 0.119278
0.0713332 9.9991E-05 0.23663 0.141102 0.4419 0.108935
0.140422 9.9991E-05 0.210076 0.135657 0.450872 0.0628721
0.0997503 0.0324321 0.100507 0.124499 0.526951 0.115861
9.9982E-05 9.9982E-05 0.151703 0.192696 0.582069 0.0733319
0.102051 9.9991E-05 0.179089 0.117185 0.464562 0.137013
0.0943408 9.9991E-05 0.108181 0.169893 0.43106 0.196425
0.0922498 0.0121575 0.165291 0.0896268 0.547563 0.0931117
0.0884799 9.9991E-05 0.138183 0.1137 0.58125 0.0782874
0.150478 0.0220781 0.231859 0.0961612 0.289404 0.210018
9.996E-05 9.996E-05 0.9995 9.996E-05 9.996E-05 9.996E-05
9.9973E-05 0.0225566 0.936707 0.0404366 9.9973E-05 9.9973E-05
9.9982E-05 9.9982E-05 0.907179 0.0416432 0.0176293 0.0333485
9.996E-05 9.996E-05 0.9995 9.996E-05 9.996E-05 9.996E-05
9.996E-05 9.996E-05 0.9995 9.996E-05 9.996E-05 9.996E-05
9.996E-05 9.996E-05 0.9995 9.996E-05 9.996E-05 9.996E-05
9.996E-05 9.996E-05 0.9995 9.996E-05 9.996E-05 9.996E-05
0.0313973 0.0407566 0.900026 9.9982E-05 0.0276205 9.9982E-05
9.996E-05 9.996E-05 0.9995 9.996E-05 9.996E-05 9.996E-05
9.996E-05 9.996E-05 0.9995 9.996E-05 9.996E-05 9.996E-05
0.0963269 9.9991E-05 0.133207 0.331527 0.264788 0.174051
9.9991E-05 0.000151682 0.917321 0.0502861 0.0315796 0.000561798
9.996E-05 9.996E-05 0.9995 9.996E-05 9.996E-05 9.996E-05
9.996E-05 9.996E-05 0.9995 9.996E-05 9.996E-05 9.996E-05
0.0395746 9.9991E-05 0.16464 0.245849 0.290039 0.259798
0.0707639 9.9991E-05 0.133193 0.269905 0.330469 0.19557
0.0471773 9.9991E-05 0.178522 0.254283 0.336389 0.183529
0.0495827 9.9991E-05 0.215265 0.242009 0.294918 0.198125
0.0872012 9.9991E-05 0.140943 0.258879 0.314083 0.198794
0.0232359 9.9991E-05 0.116508 0.225429 0.441783 0.192944
0.0778141 9.9991E-05 0.22759 0.177273 0.374484 0.142739
0.00232979 9.9991E-05 0.174428 0.315952 0.34371 0.16348
0.12731 9.9991E-05 0.327842 0.136991 0.279994 0.127763
0.0777362 9.9991E-05 0.273992 0.168463 0.304564 0.175144
0.0824429 9.9991E-05 0.153476 0.165027 0.433068 0.165886
0.0670115 9.9991E-05 0.260479 0.146551 0.336101 0.189758
0.115101 0.00439663 0.111152 0.243057 0.316076 0.210218
0.0761623 9.9991E-05 0.153819 0.278902 0.363118 0.127899
0.0197527 9.9973E-05 9.9973E-05 0.952972 9.9973E-05 0.0269752
9.9982E-05 0.0113479 0.0216552 0.904657 9.9982E-05 0.0621402
9.996E-05 9.996E-05 9.996E-05 0.9995 9.996E-05 9.996E-05
9.996E-05 9.996E-05 9.996E-05 0.9995 9.996E-05 9.996E-05
9.996E-05 9.996E-05 9.996E-05 0.9995 9.996E-05 9.996E-05
9.996E-05 9.996E-05 9.996E-05 0.9995 9.996E-05 9.996E-05
9.996E-05 9.996E-05 9.996E-05 0.9995 9.996E-05 9.996E-05
9.9991E-05 0.0269745 0.0123105 0.789633 0.0795622 0.0914202
0.00226287 9.9964E-05 9.9964E-05 0.997337 9.9964E-05 9.9964E-05
9.996E-05 9.996E-05 9.996E-05 0.9995 9.996E-05 9.996E-05
9.9973E-05 0.0381187 0.0297901 0.931791 9.9973E-05 9.9973E-05
9.996E-05 9.996E-05 9.996E-05 0.9995 9.996E-05 9.996E-05
0.0926804 9.9982E-05 9.9982E-05 0.729576 0.102018 0.0755257
0.9995 9.996E-05 9.996E-05 9.996E-05 9.996E-05 9.996E-05
0.105546 9.9991E-05 0.18425 0.226894 0.296961 0.186249
0.9995 9.996E-05 9.996E-05 9.996E-05 9.996E-05 9.996E-05
0.9995 9.996E-05 9.996E-05 9.996E-05 9.996E-05 9.996E-05
0.964441 0.0132311 0.0220275 9.9973E-05 9.9973E-05 9.9973E-05
0.785904 9.9982E-05 0.0113499 0.0437662 0.15878 9.9982E-05
0.9995 9.996E-05 9.996E-05 9.996E-05 9.996E-05 9.996E-05
0.871736 9.9982E-05 9.9982E-05 0.0672248 0.0273683 0.0334712
0.998095 0.00150514 9.9964E-05 9.9964E-05 9.9964E-05 9.9964E-05
0.9995 9.996E-05 9.996E-05 9.996E-05 9.996E-05 9.996E-05
0.9995 9.996E-05 9.996E-05 9.996E-05 9.996E-05 9.996E-05
0.994252 9.9964E-05 9.9964E-05 0.00534846 9.9964E-05 9.9964E-05
0.972885 9.9973E-05 9.9973E-05 0.022323 0.00449192 9.9973E-05
0.779136 9.9991E-05 0.012606 0.0815223 0.0401114 0.0865243
0.935803 0.00116873 9.9991E-05 0.0134396 0.0330446 0.0164445
0.879025 9.9973E-05 0.0582816 9.9973E-05 0.0623935 9.9973E-05
0.882046 9.9991E-05 0.00136058 0.0375587 0.00199903 0.0769356
0.847804 0.0163221 0.0176303 9.9991E-05 0.0340187 0.0841245
0.939961 9.9982E-05 0.00493743 0.0417519 9.9982E-05 0.0131501
0.104642 0.0371491 0.0983518 0.102515 0.230459 0.426882
0.0939506 0.00578102 0.0906354 0.0947737 0.341125 0.373734
0.115043 0.0185604 0.134377 0.0532228 0.270443 0.408354
0.0764733 0.0175677 0.108861 0.0707583 0.347592 0.378748
0.0548657 9.9991E-05 0.182601 0.0473088 0.122664 0.59246
0.0668109 9.99731E-05 0.215464 9.99731E-05 9.99731E-05 0.717425
0.104934 9.9991E-05 0.181445 0.00739522 0.0486501 0.657475
0.0750239 9.9982E-05 0.220005 9.9982E-05 0.0109306 0.69384
0.115245 9.9982E-05 0.207001 9.9982E-05 0.0465136 0.631041
0.100561 9.9982E-05 0.233312 9.9982E-05 0.0422932 0.623633
0.0932294 9.9991E-05 0.19682 0.00709302 0.104446 0.598311
0.0722659 0.00572857 0.148449 0.0338238 0.169076 0.570657
0.0658181 0.00426613 0.137995 0.00511071 0.239667 0.547142
9.996E-05 9.996E-05 9.996E-05 9.996E-05 9.996E-05 0.9995
9.996E-05 9.996E-05 9.996E-05 9.996E-05 9.996E-05 0.9995
9.9964E-05 9.9964E-05 9.9964E-05 0.0102554 9.9964E-05 0.989345
9.996E-05 9.996E-05 9.996E-05 9.996E-05 9.996E-05 0.9995
9.996E-05 9.996E-05 9.996E-05 9.996E-05 9.996E-05 0.9995
0.0319596 0.0484507 9.9973E-05 9.9973E-05 9.9973E-05 0.91929
9.996E-05 9.996E-05 9.996E-05 9.996E-05 9.996E-05 0.9995
9.996E-05 9.996E-05 9.996E-05 9.996E-05 9.996E-05 0.9995
9.996E-05 9.996E-05 9.996E-05 9.996E-05 9.996E-05 0.9995
9.9973E-05 0.00533113 9.9973E-05 0.0207303 9.9973E-05 0.973639
9.996E-05 9.996E-05 9.996E-05 9.996E-05 9.996E-05 0.9995
9.996E-05 9.996E-05 9.996E-05 9.996E-05 9.996E-05 0.9995
