9.996E-05 0.9995 9.996E-05 9.996E-05 9.996E-05 9.996E-05
0.483919 0.39751 0.0584257 9.9982E-05 0.0599454 9.9982E-05
0.427086 0.400351 0.102535 9.9982E-05 0.0698275 9.9982E-05
0.672865 0.326735 9.99641E-05 9.99641E-05 9.99641E-05 9.99641E-05
0.766618 0.183243 9.9973E-05 9.9973E-05 9.9973E-05 0.0498397
0.752093 0.216032 0.0314867 9.9982E-05 0.000187575 9.9982E-05
0.620717 0.378883 9.9964E-05 9.9964E-05 9.9964E-05 9.9964E-05
0.553061 0.362802 0.0838376 9.9973E-05 9.9973E-05 9.9973E-05
0.687432 0.273292 0.031864 9.9982E-05 0.00721278 9.9982E-05
9.996E-05 0.9995 9.996E-05 9.996E-05 9.996E-05 9.996E-05
9.996E-05 0.9995 9.996E-05 9.996E-05 9.996E-05 9.996E-05
9.996E-05 0.9995 9.996E-05 9.996E-05 9.996E-05 9.996E-05
9.996E-05 0.9995 9.996E-05 9.996E-05 9.996E-05 9.996E-05
9.9973E-05 0.949274 0.00290504 9.9973E-05 9.9973E-05 0.0475208
9.9982E-05 0.954183 0.0274365 0.00543827 0.012742 9.9982E-05
0.750561 0.222947 0.0261927 9.9973E-05 9.9973E-05 9.9973E-05
0.528646 0.265191 0.0400909 0.0434294 0.0187428 0.1039
0.725903 0.273697 9.9964E-05 9.9964E-05 9.9964E-05 9.9964E-05
0.976255 0.000214987 9.9973E-05 9.9973E-05 9.9973E-05 0.0232306
0.986507 0.0130935 9.99641E-05 9.99641E-05 9.99641E-05 9.99641E-05
0.860859 0.132695 9.9973E-05 9.9973E-05 9.9973E-05 0.00614556
0.949926 0.0349164 0.0148573 9.9973E-05 9.9973E-05 9.9973E-05
0.931565 0.0520058 0.00608601 9.9982E-05 9.9982E-05 0.0101435
0.914782 0.0848178 9.9964E-05 9.9964E-05 9.9964E-05 9.9964E-05
0.938203 0.0613971 9.9964E-05 9.9964E-05 9.9964E-05 9.9964E-05
0.9365 0.0279968 9.9973E-05 0.0352028 9.9973E-05 9.9973E-05
0.825972 0.0407818 0.0424952 9.9982E-05 9.9982E-05 0.0905515
0.968056 0.0315441 9.99641E-05 9.99641E-05 9.99641E-05 9.99641E-05
0.891134 0.108466 9.9964E-05 9.9964E-05 9.9964E-05 9.9964E-05
0.846147 0.153453 9.9964E-05 9.9964E-05 9.9964E-05 9.9964E-05
0.887832 0.111768 9.99641E-05 9.99641E-05 9.99641E-05 9.99641E-05
0.936813 0.0397354 9.9982E-05 9.9982E-05 0.0112344 0.0120169
0.913526 0.0491983 9.9973E-05 9.9973E-05 9.9973E-05 0.0369753
0.754499 0.107429 0.080106 0.0555828 0.00228297 9.9991E-05
0.887669 0.0753232 0.0254469 9.9982E-05 9.9982E-05 0.0113608
0.833516 0.166084 9.9964E-05 9.9964E-05 9.9964E-05 9.9964E-05
0.997667 9.9964E-05 9.9964E-05 9.9964E-05 9.9964E-05 0.00193321
0.827413 0.031183 0.00427282 9.9991E-05 0.051211 0.0858204
0.80382 0.0201379 0.0617109 9.9991E-05 0.0215447 0.092686
0.879449 0.019905 9.9991E-05 0.0341779 0.0222345 0.0441335
0.737877 9.9982E-05 0.0852232 0.120295 0.0564053 9.9982E-05
0.682237 9.9991E-05 0.0801648 0.0956106 0.066957 0.0749311
0.690418 0.0379347 0.0719664 0.147436 0.0521446 9.9991E-05
0.766489 9.9991E-05 0.0854591 0.0820883 0.0554042 0.0104593
0.759914 9.9982E-05 0.105868 0.0859876 9.9982E-05 0.0480295
0.954592 9.9973E-05 0.0204018 9.9973E-05 9.9973E-05 0.0247067
0.953804 9.9982E-05 0.00339432 0.00363192 9.9982E-05 0.0389696
0.897668 9.9982E-05 0.0500955 0.0325731 9.9982E-05 0.0194633
0.693879 0.0598083 0.0521867 0.103577 9.9991E-05 0.0904488
0.774542 0.112764 0.00190152 0.051171 0.0435545 0.0160673
0.759869 0.0777969 0.0411922 0.00224967 0.0434626 0.0754297
0.844564 9.9982E-05 0.0657199 0.0432886 9.9982E-05 0.0462274
0.867199 9.9982E-05 0.0777207 0.0438195 9.9982E-05 0.0110609
0.718071 0.0239933 0.0229891 0.0466807 0.0211268 0.167139
0.758154 0.0491203 9.9991E-05 0.0768962 0.0442231 0.0715062
0.760313 0.000214629 0.103795 0.0947933 0.0407835 9.9991E-05
0.648879 0.065763 0.071915 0.0970825 0.00947442 0.106886
0.804003 9.9982E-05 9.9982E-05 0.0537333 0.0568997 0.0851636
0.902453 9.9973E-05 0.0680772 9.9973E-05 9.9973E-05 0.0291698
0.767771 0.0536138 0.0077 0.00132902 0.0400128 0.129573
0.794664 9.9973E-05 9.9973E-05 0.0481436 9.9973E-05 0.156892
0.782667 9.9982E-05 9.9982E-05 0.0932139 0.0725063 0.0514131
0.770184 9.9991E-05 0.0524331 0.0642065 0.0637792 0.049297
0.625394 9.9991E-05 0.0852551 0.0946908 0.0502601 0.1443
0.81136 9.9982E-05 9.9982E-05 0.0697018 0.0278625 0.0908762
0.719122 9.9991E-05 0.134285 0.0738576 0.0321621 0.0404741
0.714478 9.9991E-05 0.0378216 0.0726438 0.109026 0.0659305
0.689837 9.9991E-05 0.107121 0.112247 0.0241246 0.0665709
0.873477 9.9991E-05 0.000773791 0.0734009 0.0294061 0.0228419
0.728365 9.9991E-05 0.0935769 0.100934 0.0202765 0.0567475
0.688208 0.0190546 0.117609 0.0729653 0.102063 9.9991E-05
0.684137 9.9991E-05 0.0872556 0.115513 0.0656675 0.0473271
0.836851 0.0366397 0.0263481 0.0151787 0.00488108 0.0801013
0.850863 0.0161979 0.0363636 0.00878888 9.9991E-05 0.0876867
0.669747 9.9991E-05 0.0397151 0.159068 0.00772322 0.123647
0.775576 9.9991E-05 0.00600061 0.0484293 0.0216778 0.148216
0.814524 9.9982E-05 0.0946403 0.0443064 0.0463293 9.9982E-05
0.635583 9.9991E-05 0.0513832 0.0855558 0.152927 0.0744511
0.5434 9.9991E-05 0.0548175 0.12213 0.137358 0.142195
0.464249 9.9991E-05 0.0475738 0.165595 0.185665 0.136817
0.481718 9.9991E-05 0.0677204 0.199406 0.143185 0.107871
0.456344 9.9991E-05 0.0578578 0.148406 0.191797 0.145494
0.496887 9.9991E-05 0.0675782 0.14789 0.145553 0.141991
0.589763 9.9991E-05 0.0549181 0.174702 0.110781 0.0697363
0.529007 0.0256274 0.0641466 0.0957306 0.184297 0.10119
0.495629 9.9991E-05 0.0889598 0.131262 0.192902 0.0911472
0.523266 0.0390178 0.079298 0.114962 0.131965 0.111491
0.588499 9.9982E-05 9.9982E-05 0.160074 0.135508 0.11572
0.480007 9.9991E-05 0.021562 0.220807 0.149742 0.127783
0.425623 9.9991E-05 0.0874331 0.170283 0.138906 0.177655
0.51061 0.0217197 0.0708535 0.106423 0.158833 0.131561
0.629032 0.0296658 0.0522771 0.107701 0.161754 0.0195702
0.367014 0.0186267 0.0944975 0.0512738 0.237232 0.231356
9.9964E-05 9.9964E-05 0.00487409 9.9964E-05 0.994726 9.9964E-05
0.0109589 0.00895056 9.9982E-05 0.010672 0.969219 9.9982E-05
0.0892839 0.00795677 9.9982E-05 9.9982E-05 0.898214 0.00434585
9.996E-05 9.996E-05 9.996E-05 9.996E-05 0.9995 9.996E-05
9.996E-05 9.996E-05 9.996E-05 9.996E-05 0.9995 9.996E-05
9.996E-05 9.996E-05 9.996E-05 9.996E-05 0.9995 9.996E-05
9.9964E-05 9.9964E-05 0.00441236 9.9964E-05 0.995188 9.9964E-05
0.0226888 0.00456679 0.0103328 9.9982E-05 0.962212 9.9982E-05
9.996E-05 9.996E-05 9.996E-05 9.996E-05 0.9995 9.996E-05
9.996E-05 9.996E-05 9.996E-05 9.996E-05 0.9995 9.996E-05
0.306172 9.9991E-05 0.0869634 0.320836 0.131188 0.154741
9.9982E-05 9.9982E-05 0.0132673 0.0302712 0.915041 0.041221
9.996E-05 9.996E-05 9.996E-05 9.996E-05 0.9995 9.996E-05
9.9964E-05 0.0054678 9.9964E-05 9.9964E-05 0.994132 9.9964E-05
0.288393 9.9991E-05 0.0444702 0.287357 0.146901 0.232779
0.28941 9.9991E-05 0.0860003 0.279863 0.151008 0.193619
0.336993 9.9991E-05 0.0679927 0.22045 0.158109 0.216355
0.339344 9.9991E-05 0.0715778 0.238369 0.218686 0.131923
0.36241 9.9991E-05 0.0603625 0.251827 0.15994 0.16536
0.499268 9.9982E-05 9.9982E-05 0.225312 0.102097 0.173124
0.349766 9.9991E-05 0.0259975 0.246981 0.18446 0.192695
0.372489 9.9991E-05 0.00905564 0.275786 0.170312 0.172257
0.306156 9.9991E-05 0.0976606 0.131272 0.257628 0.207183
0.333187 9.9991E-05 0.064363 0.157667 0.267346 0.177336
0.393019 9.9991E-05 0.0689355 0.185175 0.151375 0.201395
0.409922 9.9991E-05 0.0592785 0.110461 0.207329 0.212909
0.390355 9.9991E-05 0.104456 0.227665 0.0773512 0.200072
0.407978 9.9991E-05 0.0577492 0.252994 0.156109 0.12507
9.9973E-05 9.9973E-05 0.0617125 0.903327 0.0346602 9.9973E-05
9.9982E-05 0.0206694 9.9982E-05 0.880996 0.0122481 0.0858868
9.996E-05 9.996E-05 9.996E-05 0.9995 9.996E-05 9.996E-05
9.996E-05 9.996E-05 9.996E-05 0.9995 9.996E-05 9.996E-05
9.996E-05 9.996E-05 9.996E-05 0.9995 9.996E-05 9.996E-05
9.996E-05 9.996E-05 9.996E-05 0.9995 9.996E-05 9.996E-05
9.9964E-05 9.9964E-05 9.9964E-05 0.997039 0.00256163 9.9964E-05
0.0287374 0.0586726 9.9982E-05 0.832816 9.9982E-05 0.079574
9.996E-05 9.996E-05 9.996E-05 0.9995 9.996E-05 9.996E-05
9.996E-05 9.996E-05 9.996E-05 0.9995 9.996E-05 9.996E-05
9.9982E-05 0.0475134 9.9982E-05 0.868545 0.0540642 0.0296777
9.996E-05 9.996E-05 9.996E-05 0.9995 9.996E-05 9.996E-05
0.0638049 9.9991E-05 0.100334 0.780084 0.0132349 0.0424426
9.996E-05 9.996E-05 0.9995 9.996E-05 9.996E-05 9.996E-05
0.337556 9.9991E-05 0.0847833 0.234514 0.213293 0.129755
9.996E-05 9.996E-05 0.9995 9.996E-05 9.996E-05 9.996E-05
9.996E-05 9.996E-05 0.9995 9.996E-05 9.996E-05 9.996E-05
0.0143317 9.9982E-05 0.922377 9.9982E-05 0.0507402 0.0123508
0.159581 9.9982E-05 0.771046 0.0666731 0.00249962 9.9982E-05
9.996E-05 9.996E-05 0.9995 9.996E-05 9.996E-05 9.996E-05
0.0632642 9.9991E-05 0.897243 0.0326641 0.00248197 0.0042467
9.996E-05 9.996E-05 0.9995 9.996E-05 9.996E-05 9.996E-05
0.0314914 9.9973E-05 0.948794 0.0194143 9.9973E-05 9.9973E-05
9.9964E-05 0.0232367 0.976363 9.9964E-05 9.9964E-05 9.9964E-05
9.9982E-05 0.003438 0.960882 0.01403 9.9982E-05 0.0214498
0.00787201 9.9973E-05 0.973833 0.0179948 9.9973E-05 9.9973E-05
9.9982E-05 9.9982E-05 0.81759 0.0953178 0.0138769 0.0730153
0.0123017 9.9991E-05 0.955736 0.00291861 0.0174516 0.0114924
0.0561945 9.9991E-05 0.869481 0.0156432 0.0260187 0.0325625
0.0187751 0.0117731 0.869985 0.0126257 9.9991E-05 0.0867412
0.0640458 0.0285415 0.842321 0.00587835 0.0101375 0.0490756
0.0117693 0.01376 0.930617 0.0436533 9.9982E-05 9.9982E-05
0.310812 0.0128739 0.0917342 0.0691191 0.0817489 0.433712
0.330808 0.00732249 0.0655454 0.0928663 0.0832011 0.420256
0.343101 0.00282619 0.0880161 0.0518593 0.1053 0.408897
0.349058 0.0231319 0.0878607 0.0433473 0.0763845 0.420218
0.077126 9.9991E-05 0.0743046 0.0898984 0.163106 0.595465
9.99731E-05 9.99731E-05 0.0850723 9.99731E-05 0.190594 0.724034
0.0666078 9.9991E-05 0.107222 0.0019231 0.191587 0.632561
9.99731E-05 9.99731E-05 0.0968328 9.99731E-05 0.204059 0.698809
0.0692279 0.000976833 0.0947933 0.0376614 0.207972 0.589368
0.0360326 9.9991E-05 0.093313 0.0220567 0.217146 0.631352
0.07995 9.9991E-05 0.105954 0.00936059 0.20515 0.599485
0.263655 9.9991E-05 0.0949682 0.00813591 0.161245 0.471895
0.202851 0.0175997 0.0770405 0.00656291 0.157668 0.538277
9.996E-05 9.996E-05 9.996E-05 9.996E-05 9.996E-05 0.9995
9.996E-05 9.996E-05 9.996E-05 9.996E-05 9.996E-05 0.9995
9.996E-05 9.996E-05 9.996E-05 9.996E-05 9.996E-05 0.9995
9.9964E-05 9.9964E-05 9.9964E-05 0.00124718 9.9964E-05 0.998353
9.996E-05 9.996E-05 9.996E-05 9.996E-05 9.996E-05 0.9995
0.0407132 9.9973E-05 0.00531166 9.9973E-05 9.9973E-05 0.953675
9.996E-05 9.996E-05 9.996E-05 9.996E-05 9.996E-05 0.9995
9.996E-05 9.996E-05 9.996E-05 9.996E-05 9.996E-05 0.9995
9.996E-05 9.996E-05 9.996E-05 9.996E-05 9.996E-05 0.9995
9.9964E-05 9.9964E-05 9.9964E-05 0.0479539 9.9964E-05 0.951646
9.996E-05 9.996E-05 9.996E-05 9.996E-05 9.996E-05 0.9995
9.996E-05 9.996E-05 9.996E-05 9.996E-05 9.996E-05 0.9995
