9.996E-05 9.996E-05 9.996E-05 9.996E-05 0.9995 9.996E-05
0.0630443 9.9991E-05 0.462223 0.0140256 0.395401 0.065206
0.11317 9.9982E-05 0.429737 9.9982E-05 0.40318 0.0537128
9.99641E-05 9.99641E-05 0.682833 9.99641E-05 0.316767 9.99641E-05
9.9973E-05 9.9973E-05 0.850145 0.00257343 0.146981 9.9973E-05
0.0108365 9.9973E-05 0.77166 9.9973E-05 0.217203 9.9973E-05
9.9964E-05 9.9964E-05 0.624127 9.9964E-05 0.375473 9.9964E-05
0.0524485 9.9982E-05 0.5401 9.9982E-05 0.367154 0.0400984
0.0146141 9.9991E-05 0.698115 0.00140306 0.26862 0.0171479
9.996E-05 9.996E-05 9.996E-05 9.996E-05 0.9995 9.996E-05
9.996E-05 9.996E-05 9.996E-05 9.996E-05 0.9995 9.996E-05
9.996E-05 9.996E-05 9.996E-05 9.996E-05 0.9995 9.996E-05
9.9964E-05 0.00478778 9.9964E-05 9.9964E-05 0.994812 9.9964E-05
9.9964E-05 9.9964E-05 9.9964E-05 0.05262 0.94698 9.9964E-05
0.0178568 9.99793E-05 9.99793E-05 0.00374396 0.978099 9.99793E-05
0.0217338 9.9982E-05 0.711587 0.00845932 0.258019 9.9982E-05
0.0225484 0.0509985 0.570708 0.0542035 0.281057 0.0204852
9.9964E-05 9.9964E-05 0.722534 9.9964E-05 0.277067 9.9964E-05
9.99641E-05 9.99641E-05 0.98468 9.99641E-05 0.0149198 9.99641E-05
9.996E-05 9.996E-05 0.9995 9.996E-05 9.996E-05 9.996E-05
9.9973E-05 9.9973E-05 0.839512 0.0146373 0.145551 9.9973E-05
0.0816627 9.9973E-05 0.860776 9.9973E-05 0.0572613 9.9973E-05
9.9964E-05 9.9964E-05 0.958923 9.9964E-05 0.0406767 9.9964E-05
9.9964E-05 9.9964E-05 0.899821 9.9964E-05 0.0997795 9.9964E-05
9.9964E-05 9.9964E-05 0.93523 9.9964E-05 0.0643705 9.9964E-05
9.9982E-05 0.0173724 0.945574 0.0249085 0.0119452 9.9982E-05
0.0526678 9.9982E-05 0.79731 0.0919535 0.0578686 9.9982E-05
9.9964E-05 9.9964E-05 0.954353 9.9964E-05 0.0452468 9.9964E-05
9.9973E-05 9.9973E-05 0.866425 0.0115464 0.121728 9.9973E-05
9.9964E-05 9.9964E-05 0.891189 9.9964E-05 0.108411 9.9964E-05
9.99641E-05 9.99641E-05 0.868216 9.99641E-05 0.131384 9.99641E-05
9.999E-05 0.0226641 0.920238 0.0232884 0.0280529 0.00565662
0.0281866 9.9982E-05 0.913925 0.00426403 0.0534249 9.9982E-05
0.0513397 0.0957059 0.723854 0.0357804 0.0932197 9.9991E-05
9.9964E-05 9.9964E-05 0.962932 9.9964E-05 0.0366679 9.9964E-05
9.9964E-05 9.9964E-05 0.893824 9.9964E-05 0.105776 9.9964E-05
9.9964E-05 9.9964E-05 0.991228 0.00837165 9.9964E-05 9.9964E-05
0.0199381 0.00831673 0.840584 0.103423 0.0153749 0.0123635
0.00582282 9.9991E-05 0.810987 0.0809565 0.0535683 0.048565
9.9982E-05 9.9982E-05 0.95628 0.0183815 0.0221951 0.00294362
0.0184284 0.137706 0.81275 9.9982E-05 9.9982E-05 0.0309152
0.0743794 0.0961178 0.728869 0.0670054 9.9991E-05 0.0335288
0.0814994 0.117048 0.698923 9.9991E-05 0.0570083 0.0454214
0.0755386 0.0602094 0.821032 9.9982E-05 9.9982E-05 0.0430199
0.0759291 0.0528376 0.827666 0.0433671 9.9982E-05 9.9982E-05
0.0541937 9.9973E-05 0.929631 0.0158752 9.9973E-05 9.9973E-05
0.055438 0.00547543 0.929534 0.00935312 9.9982E-05 9.9982E-05
0.0632105 0.0328542 0.893217 0.0105182 9.9982E-05 9.9982E-05
0.0734473 0.127044 0.697333 0.0567983 0.0452772 9.9991E-05
9.9982E-05 0.0808835 0.78254 9.9982E-05 0.107582 0.0287944
0.0656534 0.0129993 0.82858 0.0203681 0.0384001 0.0339988
0.0753494 0.0407681 0.845262 0.0384208 9.9982E-05 9.9982E-05
0.00703678 0.0807763 0.87163 0.0403573 9.9982E-05 9.9982E-05
9.9991E-05 0.0965175 0.783804 0.0777993 0.0138843 0.027895
0.0129569 0.101726 0.758475 0.0564261 0.0221822 0.0482332
0.0781831 0.0942824 0.790975 0.0157882 9.9991E-05 0.0206712
0.0924833 0.110482 0.633674 0.0627075 0.0815775 0.0190752
9.9982E-05 0.0457945 0.84707 0.0934718 9.9982E-05 0.0134636
0.0475076 9.9973E-05 0.913846 0.0383465 9.9973E-05 9.9973E-05
0.0349157 0.0501282 0.734084 0.108485 0.0529555 0.0194311
0.01829 0.053959 0.799739 0.127812 9.9982E-05 9.9982E-05
9.9991E-05 0.101316 0.803408 0.0452785 0.0133416 0.0365561
0.129354 0.0342572 0.651396 0.0691698 9.9991E-05 0.115724
0.0855004 0.0956318 0.712993 0.028481 9.9991E-05 0.0772938
9.9991E-05 0.0702222 0.859573 0.0615535 0.00252416 0.00602677
0.128564 0.0553896 0.772925 0.0228248 9.9991E-05 0.020197
0.0657079 0.0629788 0.71577 0.0237121 9.9991E-05 0.131731
0.108759 0.101027 0.686288 0.0465326 9.9991E-05 0.0572931
0.0184942 0.0358459 0.853019 0.0450562 0.0108475 0.0367377
0.123438 0.145416 0.711259 0.00196311 9.9991E-05 0.0178235
0.0704362 0.0745116 0.760666 9.9991E-05 0.0250425 0.0692436
0.089596 0.100238 0.690027 0.0628851 9.9991E-05 0.0571536
0.0415564 0.0538836 0.743618 0.114358 0.0464835 9.9991E-05
0.0482723 0.0564367 0.745112 0.110162 0.0314359 0.00858098
0.0506052 0.227789 0.600922 0.0657965 0.0223882 0.0324989
0.0206236 0.0573971 0.750499 0.157565 9.9991E-05 0.0138155
0.0775379 0.0358061 0.796777 0.0107329 9.9991E-05 0.0790465
0.0815008 0.121346 0.613738 0.0123301 9.9991E-05 0.170985
0.0591354 0.0930849 0.521082 0.139477 9.9991E-05 0.187122
0.0490087 0.174058 0.476874 0.121761 9.9991E-05 0.178198
0.0701384 0.184689 0.492237 0.131804 0.00148647 0.119645
0.0491268 0.157289 0.472702 0.106756 9.9991E-05 0.214027
0.0403049 0.128522 0.545494 0.121098 9.9991E-05 0.164482
0.00360843 0.128332 0.637837 0.058773 9.9991E-05 0.17135
0.0391445 0.112802 0.507875 0.110226 0.00189362 0.228059
0.101636 0.114495 0.501579 0.0706334 9.9991E-05 0.211557
0.112566 0.068701 0.58499 0.0904867 0.0401504 0.103106
9.9982E-05 0.166372 0.633421 0.0396726 9.9982E-05 0.160334
0.0765294 0.100169 0.511452 0.152404 9.9991E-05 0.159345
0.119492 0.18672 0.428526 0.160621 9.9991E-05 0.104542
0.0872111 0.113171 0.542234 0.0201536 0.0300339 0.207197
0.0721886 0.183899 0.577864 0.0169121 0.0166559 0.13248
0.0957342 0.148944 0.435189 0.120575 0.019034 0.180524
9.996E-05 9.996E-05 9.996E-05 9.996E-05 9.996E-05 0.9995
9.9964E-05 9.9964E-05 9.9964E-05 9.9964E-05 0.0292807 0.970319
0.0165821 9.9991E-05 0.0229236 0.0487505 0.018648 0.892996
9.996E-05 9.996E-05 9.996E-05 9.996E-05 9.996E-05 0.9995
9.996E-05 9.996E-05 9.996E-05 9.996E-05 9.996E-05 0.9995
9.996E-05 9.996E-05 9.996E-05 9.996E-05 9.996E-05 0.9995
9.996E-05 9.996E-05 9.996E-05 9.996E-05 9.996E-05 0.9995
0.00056484 9.9982E-05 0.0483922 0.0204701 9.9982E-05 0.930373
9.996E-05 9.996E-05 9.996E-05 9.996E-05 9.996E-05 0.9995
9.996E-05 9.996E-05 9.996E-05 9.996E-05 9.996E-05 0.9995
0.112187 0.333585 0.31117 0.138313 9.9991E-05 0.104646
0.00262305 0.0138068 0.0636393 9.9982E-05 9.9982E-05 0.919731
9.996E-05 9.996E-05 9.996E-05 9.996E-05 9.996E-05 0.9995
9.9964E-05 0.00808934 9.9964E-05 9.9964E-05 9.9964E-05 0.991511
0.0722108 0.311801 0.298612 0.173221 9.9991E-05 0.144055
0.0839876 0.269377 0.363934 0.14357 9.9991E-05 0.139032
0.110665 0.27865 0.290602 0.151898 9.9991E-05 0.168085
0.0778536 0.237778 0.303384 0.17141 9.9991E-05 0.209474
0.0665577 0.263041 0.339343 0.163013 9.9991E-05 0.167945
0.0433039 0.292228 0.387467 0.151995 9.9991E-05 0.124906
0.0519133 0.210627 0.430477 0.111698 9.9991E-05 0.195185
0.0228049 0.30464 0.377546 0.132713 9.9991E-05 0.162197
0.100686 0.151363 0.35304 0.10726 9.9991E-05 0.287551
0.0592664 0.19189 0.38352 0.111337 9.9991E-05 0.253887
0.0882178 0.16976 0.421253 0.155167 9.9991E-05 0.165502
0.077656 0.164827 0.341493 0.151528 9.9991E-05 0.264396
0.0929225 0.258278 0.358577 0.157268 9.9991E-05 0.132855
0.071137 0.284401 0.384113 0.089049 9.9991E-05 0.1712
0.0213627 0.914461 0.0372563 0.0267196 9.9982E-05 9.9982E-05
9.9982E-05 0.860307 9.9982E-05 0.0912822 0.0209165 0.0272939
9.996E-05 0.9995 9.996E-05 9.996E-05 9.996E-05 9.996E-05
9.996E-05 0.9995 9.996E-05 9.996E-05 9.996E-05 9.996E-05
9.996E-05 0.9995 9.996E-05 9.996E-05 9.996E-05 9.996E-05
9.996E-05 0.9995 9.996E-05 9.996E-05 9.996E-05 9.996E-05
0.0115376 0.948717 9.9991E-05 0.0194756 0.00486729 0.0153027
9.9991E-05 0.793881 0.071193 0.0700739 0.0253519 0.0394
9.996E-05 0.9995 9.996E-05 9.996E-05 9.996E-05 9.996E-05
9.996E-05 0.9995 9.996E-05 9.996E-05 9.996E-05 9.996E-05
9.9973E-05 0.92904 9.9973E-05 9.9973E-05 0.0474499 0.0232101
9.996E-05 0.9995 9.996E-05 9.996E-05 9.996E-05 9.996E-05
0.0668992 0.790196 0.0461022 0.0214636 9.9991E-05 0.0752386
0.9995 9.996E-05 9.996E-05 9.996E-05 9.996E-05 9.996E-05
0.115945 0.190938 0.356428 0.107826 9.9991E-05 0.228764
0.9995 9.996E-05 9.996E-05 9.996E-05 9.996E-05 9.996E-05
0.9995 9.996E-05 9.996E-05 9.996E-05 9.996E-05 9.996E-05
0.980604 9.9964E-05 9.9964E-05 9.9964E-05 9.9964E-05 0.0189957
0.74508 0.0791494 0.125953 0.0284564 9.9991E-05 0.0212612
0.9995 9.996E-05 9.996E-05 9.996E-05 9.996E-05 9.996E-05
0.889343 0.0344681 0.0720899 0.003899 9.9982E-05 9.9982E-05
0.998734 9.9964E-05 9.9964E-05 9.9964E-05 9.9964E-05 0.000865984
0.976342 0.0232577 9.9964E-05 9.9964E-05 9.9964E-05 9.9964E-05
0.9995 9.996E-05 9.996E-05 9.996E-05 9.996E-05 9.996E-05
0.995544 9.9964E-05 9.9964E-05 9.9964E-05 9.9964E-05 0.00405608
0.969272 0.0239448 0.00648336 9.9973E-05 9.9973E-05 9.9973E-05
0.764682 0.114922 0.0474333 0.0356482 9.9991E-05 0.0372138
0.971957 9.9973E-05 9.9973E-05 0.0094694 0.018274 9.9973E-05
0.944711 0.0123879 0.0114898 0.00254901 9.9991E-05 0.0287623
0.919479 0.0245034 0.00592946 0.0397688 0.0102194 9.9991E-05
0.863738 9.9982E-05 0.08188 0.0248912 0.0292907 9.9982E-05
0.925945 0.0344849 9.9982E-05 9.9982E-05 0.00221468 0.0371551
0.0771299 0.11214 0.337869 0.365183 0.0185006 0.0891783
0.0786955 0.10104 0.340316 0.377661 0.0151796 0.0871079
0.0370612 0.106097 0.298048 0.40082 0.027073 0.1309
0.0494977 0.104566 0.36117 0.324703 0.0268437 0.133219
0.103285 0.0709286 0.159031 0.434151 9.9991E-05 0.232504
0.103375 9.99821E-05 0.08018 0.564761 9.99821E-05 0.251484
0.10209 0.0510331 0.143301 0.460139 9.9991E-05 0.243336
0.0907278 0.0180855 0.125744 0.519597 9.9991E-05 0.245746
0.0765468 0.014784 0.158331 0.481232 9.9991E-05 0.269006
0.0979848 0.0203298 0.161002 0.472796 9.9991E-05 0.247787
0.0979251 0.0288364 0.186461 0.464636 9.9991E-05 0.222041
0.173328 0.115878 0.233467 0.341091 0.0310293 0.105206
0.106267 0.0603307 0.25851 0.384561 9.9991E-05 0.190232
9.996E-05 9.996E-05 9.996E-05 0.9995 9.996E-05 9.996E-05
9.996E-05 9.996E-05 9.996E-05 0.9995 9.996E-05 9.996E-05
9.996E-05 9.996E-05 9.996E-05 0.9995 9.996E-05 9.996E-05
9.996E-05 9.996E-05 9.996E-05 0.9995 9.996E-05 9.996E-05
9.996E-05 9.996E-05 9.996E-05 0.9995 9.996E-05 9.996E-05
9.9991E-05 0.00249133 0.0289656 0.93341 0.0331201 0.0019129
9.996E-05 9.996E-05 9.996E-05 0.9995 9.996E-05 9.996E-05
9.996E-05 9.996E-05 9.996E-05 0.9995 9.996E-05 9.996E-05
9.9964E-05 9.9964E-05 9.9964E-05 0.988538 0.011062 9.9964E-05
9.9964E-05 0.00595754 9.9964E-05 0.993643 9.9964E-05 9.9964E-05
0.0162932 9.9964E-05 9.9964E-05 0.983307 9.9964E-05 9.9964E-05
9.996E-05 9.996E-05 9.996E-05 0.9995 9.996E-05 9.996E-05
