9.996E-05 0.9995 9.996E-05 9.996E-05 9.996E-05 9.996E-05
9.9991E-05 0.374721 0.457336 0.0700395 0.0114125 0.0863916
9.9982E-05 0.371415 0.459839 0.119711 9.9982E-05 0.0488345
9.9964E-05 0.286138 0.713462 9.9964E-05 9.9964E-05 9.9964E-05
9.9973E-05 0.166152 0.793221 9.9973E-05 0.0403271 9.9973E-05
9.9973E-05 0.246427 0.711357 0.0419166 9.9973E-05 9.9973E-05
9.9964E-05 0.369837 0.629763 9.9964E-05 9.9964E-05 9.9964E-05
0.00653134 0.364116 0.583846 0.0417273 0.00367967 9.9991E-05
9.9973E-05 0.260917 0.699605 0.039178 9.9973E-05 9.9973E-05
9.996E-05 0.9995 9.996E-05 9.996E-05 9.996E-05 9.996E-05
9.996E-05 0.9995 9.996E-05 9.996E-05 9.996E-05 9.996E-05
9.996E-05 0.9995 9.996E-05 9.996E-05 9.996E-05 9.996E-05
9.996E-05 0.9995 9.996E-05 9.996E-05 9.996E-05 9.996E-05
9.9973E-05 0.945363 0.0378664 9.9973E-05 0.0164705 9.9973E-05
0.0213433 0.969954 9.9973E-05 9.9973E-05 0.00840279 9.9973E-05
9.9982E-05 0.20825 0.736399 0.0389347 0.016216 9.9982E-05
0.0363769 0.227923 0.592349 0.0530838 0.0640881 0.026179
9.9964E-05 0.266517 0.733083 9.9964E-05 9.9964E-05 9.9964E-05
9.99641E-05 0.00876092 0.990839 9.99641E-05 9.99641E-05 9.99641E-05
9.996E-05 9.996E-05 0.9995 9.996E-05 9.996E-05 9.996E-05
9.9964E-05 0.110502 0.889098 9.9964E-05 9.9964E-05 9.9964E-05
9.9973E-05 0.0304858 0.934222 0.0349926 9.9973E-05 9.9973E-05
9.9973E-05 0.0550777 0.935584 9.9973E-05 0.00903819 9.9973E-05
9.9964E-05 0.0882517 0.911348 9.9964E-05 9.9964E-05 9.9964E-05
9.9964E-05 0.0408527 0.958747 9.9964E-05 9.9964E-05 9.9964E-05
0.0164615 0.03223 0.896372 9.9982E-05 0.054737 9.9982E-05
9.9982E-05 0.0195804 0.870582 0.0445598 0.0650776 9.9982E-05
9.9964E-05 0.0388312 0.960769 9.9964E-05 9.9964E-05 9.9964E-05
9.9973E-05 0.0822817 0.914303 9.9973E-05 0.00311513 9.9973E-05
9.9964E-05 0.149247 0.850353 9.9964E-05 9.9964E-05 9.9964E-05
9.99641E-05 0.121583 0.878017 9.99641E-05 9.99641E-05 9.99641E-05
0.00900707 0.0338057 0.956724 0.000263229 9.9982E-05 9.9982E-05
9.9982E-05 0.0432884 0.924877 0.0162755 9.9982E-05 0.015359
0.0483893 0.0901715 0.826707 0.0345319 9.9982E-05 9.9982E-05
0.011556 0.0254076 0.900374 0.0346775 0.0278846 9.9991E-05
9.9964E-05 0.134044 0.865556 9.9964E-05 9.9964E-05 9.9964E-05
9.9964E-05 9.9964E-05 0.968547 9.9964E-05 0.0310534 9.9964E-05
0.00931503 0.026315 0.826649 0.0174538 0.105827 0.0144405
9.9991E-05 0.0241361 0.817855 0.0283212 0.0911535 0.0384346
0.00700685 0.017238 0.898726 9.9991E-05 0.0487775 0.0281519
0.142 9.9982E-05 0.718673 0.0382648 9.9982E-05 0.100862
0.16055 0.0124704 0.667991 0.103058 0.0453334 0.0105981
0.133656 0.0531195 0.656601 0.0912908 9.9991E-05 0.0652327
0.0894134 9.9991E-05 0.764441 0.0711849 0.0366676 0.038193
0.0839571 9.9982E-05 0.734368 0.0752258 0.106249 9.9982E-05
9.9973E-05 9.9973E-05 0.924407 0.0338762 0.0414167 9.9973E-05
0.0392978 9.9982E-05 0.905215 0.0333348 0.021952 9.9982E-05
0.00325474 9.9982E-05 0.89852 0.0393612 0.0586643 9.9982E-05
0.0803232 0.0402203 0.726146 0.094136 0.0590742 9.9991E-05
0.0626727 0.121409 0.740645 0.0414231 9.9991E-05 0.0337495
0.0373466 0.00676818 0.750769 0.0725969 0.0989323 0.0335868
0.0589477 9.9982E-05 0.812764 0.0774108 0.0506776 9.9982E-05
0.0166061 9.9982E-05 0.860063 0.0758742 0.0472563 9.9982E-05
0.0918319 0.0283099 0.711557 0.00750982 0.0975966 0.0631944
0.123503 0.0284621 0.652047 0.0104097 0.110076 0.0755021
0.134643 9.9991E-05 0.690884 0.11576 0.0321171 0.0264957
0.0860469 0.0467191 0.636354 0.0813514 0.127416 0.0221125
0.0678934 9.9982E-05 0.767309 9.9982E-05 0.127665 0.036933
9.9964E-05 9.9964E-05 0.937187 0.0624127 9.9964E-05 9.9964E-05
0.0155025 9.9991E-05 0.743912 0.0603442 0.152519 0.0276219
0.136273 9.9982E-05 0.73518 9.9982E-05 0.107616 0.0207319
0.219113 9.9982E-05 0.72263 9.9982E-05 0.016742 0.0413144
0.083493 9.9991E-05 0.684355 0.0733148 0.0793858 0.079351
0.131266 9.9991E-05 0.656419 0.0896497 0.0792919 0.0432736
0.103996 9.9982E-05 0.828869 9.9982E-05 0.0509624 0.0159724
0.057316 9.9991E-05 0.746344 0.0991357 0.0603078 0.0367966
0.124336 9.9991E-05 0.702042 0.0236736 0.0505501 0.099298
0.137051 9.9991E-05 0.615809 0.0644582 0.0804687 0.102113
0.0442595 9.9991E-05 0.844209 0.0175055 0.0613273 0.0325989
0.143908 9.9991E-05 0.695592 0.116074 0.00883464 0.0354923
0.0615244 0.0192982 0.744057 0.0857965 9.9991E-05 0.0892236
0.12331 9.9991E-05 0.653242 0.0750529 0.0624633 0.0858324
0.0230556 0.0428174 0.783859 0.0657231 0.0517794 0.0327656
0.0588024 0.032329 0.736621 0.0906149 0.0815321 9.9991E-05
0.173621 0.0154647 0.689723 0.0386241 0.050829 0.0317381
0.0766236 9.9991E-05 0.710948 0.00821915 0.172401 0.0317086
0.096262 9.9991E-05 0.712122 0.0647753 0.0707284 0.0560118
0.0730498 9.9982E-05 0.694821 0.0323939 9.9982E-05 0.199535
0.139656 9.9991E-05 0.472899 0.0873774 0.167363 0.132604
0.169056 9.9991E-05 0.458553 0.0832354 0.108896 0.180161
0.183036 9.9991E-05 0.451295 0.0828448 0.161121 0.121604
0.176791 9.9991E-05 0.402492 0.0852073 0.134535 0.200874
0.161123 9.9991E-05 0.504721 0.113972 0.0713996 0.148684
0.198139 9.9991E-05 0.512614 0.0317524 0.129382 0.128013
0.130472 9.9991E-05 0.452768 0.060656 0.0767508 0.279253
0.121009 9.9991E-05 0.475124 0.138137 0.0628684 0.202762
0.137353 0.0289896 0.547711 0.0834117 0.0847366 0.117798
0.213663 9.9991E-05 0.533733 0.000409382 0.0677245 0.184371
0.13846 9.9991E-05 0.499585 0.0630319 0.132671 0.166152
0.189154 0.00943106 0.417109 0.0956473 0.165819 0.122839
0.106726 9.9991E-05 0.55137 0.0978069 0.0673407 0.176657
0.159855 0.00544648 0.545805 0.109244 0.0213886 0.15826
0.123012 0.0131471 0.367075 0.108678 0.180449 0.20764
9.996E-05 9.996E-05 9.996E-05 9.996E-05 9.996E-05 0.9995
0.0202611 0.0364408 9.9973E-05 9.9973E-05 9.9973E-05 0.942998
9.9982E-05 0.00845013 0.0493514 0.013063 9.9982E-05 0.928935
9.996E-05 9.996E-05 9.996E-05 9.996E-05 9.996E-05 0.9995
9.996E-05 9.996E-05 9.996E-05 9.996E-05 9.996E-05 0.9995
9.996E-05 9.996E-05 9.996E-05 9.996E-05 9.996E-05 0.9995
9.996E-05 9.996E-05 9.996E-05 9.996E-05 9.996E-05 0.9995
9.9964E-05 9.9964E-05 0.0528005 9.9964E-05 9.9964E-05 0.9468
9.996E-05 9.996E-05 9.996E-05 9.996E-05 9.996E-05 0.9995
9.996E-05 9.996E-05 9.996E-05 9.996E-05 9.996E-05 0.9995
0.326823 9.9991E-05 0.26321 0.0866907 0.188402 0.134775
0.0370024 9.9982E-05 9.9982E-05 0.0209175 0.0165829 0.925297
9.996E-05 9.996E-05 9.996E-05 9.996E-05 9.996E-05 0.9995
9.9964E-05 9.9964E-05 9.9964E-05 9.9964E-05 0.0281031 0.971497
0.291606 9.9991E-05 0.286684 0.060954 0.183563 0.177093
0.28476 9.9991E-05 0.328759 0.0973212 0.132144 0.156916
0.280492 0.0071387 0.269636 0.109379 0.1748 0.158554
0.282573 9.9991E-05 0.287061 0.113097 0.143825 0.173345
0.288314 9.9991E-05 0.300349 0.0610296 0.166847 0.18336
0.212449 9.9991E-05 0.485665 0.0190779 0.117677 0.165031
0.21482 9.9991E-05 0.403569 0.0429677 0.122853 0.21569
0.311336 9.9991E-05 0.364793 0.00155452 0.153875 0.168341
0.188381 9.9991E-05 0.329017 0.0872486 0.133394 0.261859
0.187849 9.9991E-05 0.330545 0.102552 0.12661 0.252344
0.206413 9.9991E-05 0.381292 0.079478 0.166415 0.166303
0.148085 9.9991E-05 0.34351 0.0737287 0.182308 0.252268
0.260306 9.9991E-05 0.397632 0.0868021 0.142669 0.112492
0.267759 9.9991E-05 0.362105 0.0537142 0.137382 0.17894
0.981063 9.9973E-05 9.9973E-05 0.00327835 0.0153592 9.9973E-05
0.863625 0.00273442 0.0347612 9.9991E-05 0.0569791 0.0418007
0.9995 9.996E-05 9.996E-05 9.996E-05 9.996E-05 9.996E-05
0.9995 9.996E-05 9.996E-05 9.996E-05 9.996E-05 9.996E-05
0.9995 9.996E-05 9.996E-05 9.996E-05 9.996E-05 9.996E-05
0.9995 9.996E-05 9.996E-05 9.996E-05 9.996E-05 9.996E-05
0.9995 9.996E-05 9.996E-05 9.996E-05 9.996E-05 9.996E-05
0.808524 0.0195557 0.0663884 9.9991E-05 0.0745662 0.0308661
0.9995 9.996E-05 9.996E-05 9.996E-05 9.996E-05 9.996E-05
0.9995 9.996E-05 9.996E-05 9.996E-05 9.996E-05 9.996E-05
0.886329 0.0210474 9.9991E-05 0.010478 0.00568471 0.076361
0.9995 9.996E-05 9.996E-05 9.996E-05 9.996E-05 9.996E-05
0.779654 9.9982E-05 0.0441633 0.115971 0.060012 9.9982E-05
9.996E-05 9.996E-05 9.996E-05 0.9995 9.996E-05 9.996E-05
0.217367 9.9991E-05 0.338962 0.115855 0.0988769 0.22884
9.996E-05 9.996E-05 9.996E-05 0.9995 9.996E-05 9.996E-05
9.996E-05 9.996E-05 9.996E-05 0.9995 9.996E-05 9.996E-05
9.9973E-05 0.00714266 9.9973E-05 0.971896 9.9973E-05 0.0206611
0.0890339 0.00803467 0.101454 0.778139 0.0163939 0.00694411
9.996E-05 9.996E-05 9.996E-05 0.9995 9.996E-05 9.996E-05
0.0323866 9.9973E-05 0.101707 0.865607 9.9973E-05 9.9973E-05
9.9964E-05 9.9964E-05 9.9964E-05 0.987558 9.9964E-05 0.0120425
0.0262353 9.9982E-05 0.0446205 0.921735 0.00720881 9.9982E-05
9.996E-05 9.996E-05 9.996E-05 0.9995 9.996E-05 9.996E-05
9.9973E-05 9.9973E-05 0.03057 0.957103 0.0120268 9.9973E-05
0.000655322 0.029836 0.00862498 0.960684 9.9982E-05 9.9982E-05
0.0497178 9.9982E-05 9.9982E-05 0.829271 0.0871873 0.0336236
0.00762937 0.00652098 0.0392198 0.94643 9.9982E-05 9.9982E-05
0.00883092 0.00438267 0.0347712 0.892595 0.0205505 0.0388693
9.9982E-05 9.9982E-05 0.0141049 0.90098 0.0807129 0.00400199
9.9982E-05 0.0136619 0.0317018 0.896543 0.0578937 9.9982E-05
0.0457252 9.9964E-05 9.9964E-05 0.953875 9.9964E-05 9.9964E-05
0.103424 0.0287143 0.27364 0.0626195 0.402188 0.129415
0.106277 0.0219655 0.257134 0.0422592 0.416559 0.155806
0.0703381 0.0155891 0.26179 0.0857531 0.405053 0.161477
0.0576718 0.00976333 0.307873 0.122678 0.365466 0.136549
0.0772155 0.000597033 0.10835 0.140746 0.468326 0.204766
0.00684838 9.9991E-05 0.0262702 0.0806605 0.633266 0.252855
0.0649849 9.9991E-05 0.115013 0.113703 0.49807 0.208129
0.010232 9.9991E-05 0.0895132 0.0922879 0.567413 0.240454
0.0214644 9.9991E-05 0.095731 0.109163 0.537557 0.235985
0.0260536 9.9991E-05 0.115875 0.121404 0.496382 0.240186
0.00521721 9.9991E-05 0.113008 0.0946761 0.531694 0.255304
0.0580166 0.0091769 0.22485 0.129379 0.436077 0.142501
0.0192042 9.9991E-05 0.275798 0.103763 0.417821 0.183314
9.996E-05 9.996E-05 9.996E-05 9.996E-05 0.9995 9.996E-05
9.996E-05 9.996E-05 9.996E-05 9.996E-05 0.9995 9.996E-05
9.996E-05 9.996E-05 9.996E-05 9.996E-05 0.9995 9.996E-05
9.996E-05 9.996E-05 9.996E-05 9.996E-05 0.9995 9.996E-05
9.996E-05 9.996E-05 9.996E-05 9.996E-05 0.9995 9.996E-05
9.9973E-05 0.00923549 0.0463732 9.9973E-05 0.944091 9.9973E-05
9.996E-05 9.996E-05 9.996E-05 9.996E-05 0.9995 9.996E-05
9.996E-05 9.996E-05 9.996E-05 9.996E-05 0.9995 9.996E-05
9.996E-05 9.996E-05 9.996E-05 9.996E-05 0.9995 9.996E-05
0.00714631 0.00541926 9.9973E-05 9.9973E-05 0.987135 9.9973E-05
9.996E-05 9.996E-05 9.996E-05 9.996E-05 0.9995 9.996E-05
9.996E-05 9.996E-05 9.996E-05 9.996E-05 0.9995 9.996E-05
