9.996E-05 9.996E-05 9.996E-05 0.9995 9.996E-05 9.996E-05
0.095832 0.494317 9.9982E-05 0.35782 9.9982E-05 0.051831
0.0534032 0.530127 9.9982E-05 0.347853 9.9982E-05 0.0684166
9.9964E-05 0.712294 9.9964E-05 0.287306 9.9964E-05 9.9964E-05
9.9973E-05 0.807374 9.9973E-05 0.171064 0.0212617 9.9973E-05
9.9964E-05 0.796847 9.9964E-05 0.202753 9.9964E-05 9.9964E-05
9.9964E-05 0.624536 9.9964E-05 0.375064 9.9964E-05 9.9964E-05
9.9982E-05 0.606248 0.00510842 0.343975 9.9982E-05 0.044469
9.9973E-05 0.678177 9.9973E-05 0.269163 9.9973E-05 0.0523605
9.996E-05 9.996E-05 9.996E-05 0.9995 9.996E-05 9.996E-05
9.996E-05 9.996E-05 9.996E-05 0.9995 9.996E-05 9.996E-05
9.996E-05 9.996E-05 9.996E-05 0.9995 9.996E-05 9.996E-05
0.0206403 9.9964E-05 9.9964E-05 0.97896 9.9964E-05 9.9964E-05
9.9973E-05 9.9973E-05 0.000855797 0.946013 0.052831 9.9973E-05
9.9973E-05 9.9973E-05 0.00157189 0.981842 9.9973E-05 0.0162858
9.9982E-05 0.737901 0.0223384 0.23551 9.9982E-05 0.00405051
0.0295185 0.584582 9.9991E-05 0.224623 0.0879133 0.0732628
9.9964E-05 0.74244 9.9964E-05 0.25716 9.9964E-05 9.9964E-05
9.996E-05 0.9995 9.996E-05 9.996E-05 9.996E-05 9.996E-05
9.996E-05 0.9995 9.996E-05 9.996E-05 9.996E-05 9.996E-05
9.99666E-05 0.854746 9.99666E-05 0.144854 9.99666E-05 9.99666E-05
9.9973E-05 0.931389 9.9973E-05 0.0276752 9.9973E-05 0.0406357
9.9973E-05 0.947613 9.9973E-05 0.0331469 0.0189403 9.9973E-05
9.9964E-05 0.9501 9.9964E-05 0.0495006 9.9964E-05 9.9964E-05
9.9964E-05 0.96995 9.9964E-05 0.0296506 9.9964E-05 9.9964E-05
9.9982E-05 0.926767 0.0176084 0.028444 0.0269803 9.9982E-05
9.9982E-05 0.80263 9.9982E-05 0.0470698 0.085136 0.0649639
9.9964E-05 0.977678 9.9964E-05 0.0219225 9.9964E-05 9.9964E-05
9.9973E-05 0.890098 9.9973E-05 0.0933385 0.0162634 9.9973E-05
9.9964E-05 0.850156 9.9964E-05 0.149444 9.9964E-05 9.9964E-05
9.9964E-05 0.886526 9.9964E-05 0.113075 9.9964E-05 9.9964E-05
9.9982E-05 0.95722 0.00429066 0.0356649 0.00262406 9.9982E-05
9.9982E-05 0.889719 9.9982E-05 0.0492582 0.031122 0.029701
9.9982E-05 0.794259 0.0616734 0.0962978 9.9982E-05 0.0475698
9.9982E-05 0.924607 9.9982E-05 0.0435484 0.0075842 0.0240602
9.9964E-05 0.875704 9.9964E-05 0.123896 9.9964E-05 9.9964E-05
9.996E-05 0.9995 9.996E-05 9.996E-05 9.996E-05 9.996E-05
0.0284272 0.829107 9.9991E-05 0.0110492 0.0991981 0.0321188
0.0581367 0.764437 9.9991E-05 0.0488312 0.0791661 0.0493288
0.0358475 0.86609 0.0140615 0.0334495 0.0504517 9.9991E-05
0.117048 0.694497 0.0929448 9.9991E-05 0.0169872 0.0784229
0.0356117 0.674768 0.154989 9.9991E-05 0.0409093 0.0936219
0.0306647 0.721196 0.079644 0.0633508 9.9991E-05 0.105045
0.0475477 0.751424 0.0988539 9.9991E-05 0.0390353 0.0630389
9.9982E-05 0.763224 0.0797918 9.9982E-05 0.0671952 0.089589
9.9982E-05 0.902725 0.00965823 9.9982E-05 0.0384712 0.0489451
9.9982E-05 0.887928 0.00489998 9.9982E-05 0.0688889 0.0380831
9.9982E-05 0.887054 0.0252833 9.9982E-05 0.0404823 0.0469807
9.9991E-05 0.672333 0.103114 0.0592953 0.107991 0.0571666
0.0456956 0.779563 0.0492114 0.107776 9.9991E-05 0.0176537
0.0394451 0.80141 0.00169144 0.0162964 0.0927128 0.0484438
9.9982E-05 0.790076 0.0342891 9.9982E-05 0.058966 0.116469
9.9982E-05 0.851586 0.0615057 9.9982E-05 0.0621208 0.0245877
0.0577106 0.747233 0.0658426 0.0320789 0.0970352 9.9991E-05
0.0762962 0.718418 0.110349 0.0247858 0.0650434 0.00510727
0.0275717 0.7015 0.0995276 9.9991E-05 0.033938 0.137363
0.0210592 0.617541 0.0599755 0.0720989 0.122216 0.10711
0.0296975 0.79697 0.0249967 9.9991E-05 0.147331 0.000904588
9.9973E-05 0.884757 9.9973E-05 9.9973E-05 0.0731432 0.0417999
0.0238484 0.691463 0.0348392 0.0336194 0.207834 0.00839574
9.9982E-05 0.703132 0.150559 9.9982E-05 0.123543 0.0225659
0.0424858 0.763389 0.127252 9.9991E-05 0.048564 0.0182098
0.0890689 0.666314 0.0667697 0.000475645 0.0973835 0.0799881
0.0567299 0.708045 0.108913 9.9991E-05 0.090885 0.0353263
0.00914488 0.856852 0.0952957 9.9982E-05 0.0385072 9.9982E-05
0.01435 0.753074 0.0778948 9.9991E-05 0.0664534 0.088128
0.0991945 0.754374 0.0675906 9.9991E-05 0.0691044 0.00963621
0.0826976 0.65685 0.110135 9.9991E-05 0.0652393 0.0849775
9.9991E-05 0.840446 0.00447826 0.00174125 0.0976333 0.0556009
0.0346867 0.744361 0.0873028 9.9991E-05 0.030983 0.102566
0.0732078 0.774656 0.0812273 0.00550016 9.9991E-05 0.0653085
0.084617 0.688372 0.132179 9.9991E-05 0.0383426 0.0563902
9.9991E-05 0.818176 0.0276571 0.047301 0.0516617 0.0551041
9.9991E-05 0.843874 0.0542596 0.00558363 0.0889444 0.00723844
0.00538776 0.680107 0.182288 0.0193117 0.0705653 0.0423408
0.0274906 0.780563 0.0366851 9.9982E-05 0.155061 9.9982E-05
0.0778507 0.756307 0.0416128 9.9991E-05 0.0322763 0.0918529
0.164021 0.672812 0.0861607 9.9991E-05 0.00358115 0.0733253
0.098942 0.488172 0.190995 9.9991E-05 0.113804 0.107987
0.173105 0.458648 0.170943 9.9991E-05 0.13484 0.0623642
0.149084 0.451544 0.186098 9.9991E-05 0.143976 0.0691989
0.201341 0.491341 0.144347 9.9991E-05 0.101702 0.0611689
0.128219 0.488232 0.194335 9.9991E-05 0.115954 0.0731596
0.161217 0.602883 0.152602 9.9982E-05 0.0830978 9.9982E-05
0.240595 0.404557 0.147391 0.0231385 0.102475 0.0818436
0.203522 0.479867 0.122796 9.9991E-05 0.0406752 0.153039
0.117427 0.530379 0.134779 0.0294359 0.0855882 0.10239
0.164164 0.575303 0.18487 9.9982E-05 0.0754629 9.9982E-05
0.137187 0.567468 0.143099 9.9991E-05 0.0796276 0.072518
0.144519 0.376367 0.188026 9.9991E-05 0.173743 0.117245
0.155159 0.571131 0.0969931 0.0253434 0.0542989 0.0970742
0.163279 0.558267 0.148256 0.0188121 0.00508154 0.106304
0.218062 0.339294 0.101136 0.0163126 0.211103 0.114093
0.9995 9.996E-05 9.996E-05 9.996E-05 9.996E-05 9.996E-05
0.973115 9.9964E-05 9.9964E-05 0.0264854 9.9964E-05 9.9964E-05
0.897518 0.089208 9.9973E-05 9.9973E-05 0.0129741 9.9973E-05
0.9995 9.996E-05 9.996E-05 9.996E-05 9.996E-05 9.996E-05
0.9995 9.996E-05 9.996E-05 9.996E-05 9.996E-05 9.996E-05
0.9995 9.996E-05 9.996E-05 9.996E-05 9.996E-05 9.996E-05
0.9995 9.996E-05 9.996E-05 9.996E-05 9.996E-05 9.996E-05
0.914452 0.0692757 9.9973E-05 9.9973E-05 0.015972 9.9973E-05
0.9995 9.996E-05 9.996E-05 9.996E-05 9.996E-05 9.996E-05
0.9995 9.996E-05 9.996E-05 9.996E-05 9.996E-05 9.996E-05
0.118947 0.295677 0.330577 0.00279075 0.189911 0.0620964
0.911615 0.0349706 9.9982E-05 9.9982E-05 0.04476 0.00845447
0.983515 9.9982E-05 9.9982E-05 0.00557943 0.00620195 0.00450316
0.9995 9.996E-05 9.996E-05 9.996E-05 9.996E-05 9.996E-05
0.166452 0.301593 0.279009 9.9991E-05 0.175051 0.0777956
0.165383 0.339272 0.2692 9.9991E-05 0.149602 0.0764429
0.157863 0.337035 0.29702 0.00838737 0.153746 0.0459484
0.17676 0.359191 0.281212 9.9991E-05 0.152572 0.0301656
0.177093 0.29294 0.303349 9.9991E-05 0.138882 0.0876353
0.122963 0.488799 0.223492 9.9991E-05 0.134847 0.0297994
0.178643 0.448099 0.179237 0.00612655 0.10808 0.0798143
0.186974 0.385316 0.280294 9.9991E-05 0.127723 0.0195932
0.26669 0.322322 0.149195 9.9991E-05 0.154162 0.107532
0.252453 0.28982 0.204903 9.9991E-05 0.163998 0.0887257
0.169074 0.379812 0.196674 9.9991E-05 0.180905 0.0734352
0.234661 0.337988 0.15385 9.9991E-05 0.190605 0.0827961
0.124706 0.365174 0.266875 9.9991E-05 0.159457 0.0836865
0.189118 0.343043 0.249808 9.9991E-05 0.138658 0.0792733
9.9964E-05 9.9964E-05 0.954168 9.9964E-05 9.9964E-05 0.0454326
0.00817745 9.9982E-05 0.903981 0.0236497 0.0639924 9.9982E-05
9.996E-05 9.996E-05 0.9995 9.996E-05 9.996E-05 9.996E-05
9.996E-05 9.996E-05 0.9995 9.996E-05 9.996E-05 9.996E-05
9.996E-05 9.996E-05 0.9995 9.996E-05 9.996E-05 9.996E-05
9.996E-05 9.996E-05 0.9995 9.996E-05 9.996E-05 9.996E-05
9.9964E-05 9.9964E-05 0.985071 9.9964E-05 0.0145288 9.9964E-05
0.0102095 0.0969645 0.783974 0.0583952 0.0503569 9.9991E-05
9.996E-05 9.996E-05 0.9995 9.996E-05 9.996E-05 9.996E-05
9.996E-05 9.996E-05 0.9995 9.996E-05 9.996E-05 9.996E-05
0.0352707 9.9973E-05 0.9255 0.0389291 9.9973E-05 9.9973E-05
9.996E-05 9.996E-05 0.9995 9.996E-05 9.996E-05 9.996E-05
0.0689152 0.0252497 0.755383 9.9991E-05 0.0151051 0.135247
9.996E-05 9.996E-05 9.996E-05 9.996E-05 9.996E-05 0.9995
0.230058 0.379462 0.207752 9.9991E-05 0.0688506 0.113777
9.996E-05 9.996E-05 9.996E-05 9.996E-05 9.996E-05 0.9995
9.996E-05 9.996E-05 9.996E-05 9.996E-05 9.996E-05 0.9995
0.0446905 9.9973E-05 9.9973E-05 0.00206227 9.9973E-05 0.952947
9.9991E-05 0.120726 0.0173433 0.00455909 0.0216759 0.835596
9.996E-05 9.996E-05 9.996E-05 9.996E-05 9.996E-05 0.9995
9.9964E-05 0.0510078 9.9964E-05 9.9964E-05 9.9964E-05 0.948592
0.00730803 9.9964E-05 9.9964E-05 9.9964E-05 9.9964E-05 0.992292
9.9964E-05 9.9964E-05 0.0211724 9.9964E-05 9.9964E-05 0.978428
9.9964E-05 9.9964E-05 9.9964E-05 0.00416548 9.9964E-05 0.995435
9.9964E-05 0.0300743 9.9964E-05 9.9964E-05 9.9964E-05 0.969526
9.9982E-05 0.0315512 0.0101755 0.0185019 9.9982E-05 0.939571
0.0350899 0.0116062 0.0840087 9.9991E-05 0.0411366 0.828059
9.9991E-05 0.0314421 0.00535429 0.0169948 0.0308286 0.91528
0.0296896 0.0227341 0.0150427 0.0247333 0.00122138 0.906579
0.00919986 0.0463706 0.0307756 0.0170745 0.0386993 0.85788
0.0418551 0.0220542 9.9991E-05 0.0293921 0.041536 0.865063
0.00137951 0.0138573 0.0388456 9.9982E-05 9.9982E-05 0.945718
0.101985 0.281256 0.0973732 0.0269076 0.404657 0.0878202
0.085714 0.372269 0.0911636 0.0137074 0.396772 0.0403732
0.140316 0.280041 0.079908 0.031316 0.382553 0.0858665
0.0969509 0.328901 0.104169 0.0330771 0.354502 0.0823992
0.17476 0.243404 0.103149 9.9991E-05 0.434552 0.0440347
0.215145 0.0621832 0.0290742 9.9991E-05 0.594708 0.0987898
0.251857 0.113169 0.0359519 9.9991E-05 0.503637 0.0952859
0.246976 0.0884906 0.0360505 9.9991E-05 0.519636 0.108747
0.251563 0.121719 0.0422128 9.9991E-05 0.464051 0.120354
0.229874 0.192246 0.0464316 9.9991E-05 0.450876 0.0804721
0.229031 0.17532 0.0242827 9.9991E-05 0.470946 0.10032
0.177421 0.283085 0.0668763 0.0306218 0.330681 0.111315
0.201183 0.258667 0.0477299 9.9991E-05 0.37746 0.11486
9.996E-05 9.996E-05 9.996E-05 9.996E-05 0.9995 9.996E-05
9.996E-05 9.996E-05 9.996E-05 9.996E-05 0.9995 9.996E-05
9.996E-05 9.996E-05 9.996E-05 9.996E-05 0.9995 9.996E-05
9.996E-05 9.996E-05 9.996E-05 9.996E-05 0.9995 9.996E-05
9.996E-05 9.996E-05 9.996E-05 9.996E-05 0.9995 9.996E-05
9.9973E-05 9.9973E-05 9.9973E-05 0.0120978 0.97363 0.0139727
9.996E-05 9.996E-05 9.996E-05 9.996E-05 0.9995 9.996E-05
9.996E-05 9.996E-05 9.996E-05 9.996E-05 0.9995 9.996E-05
9.996E-05 9.996E-05 9.996E-05 9.996E-05 0.9995 9.996E-05
9.9964E-05 9.9964E-05 0.00959083 9.9964E-05 0.990009 9.9964E-05
9.996E-05 9.996E-05 9.996E-05 9.996E-05 0.9995 9.996E-05
9.996E-05 9.996E-05 9.996E-05 9.996E-05 0.9995 9.996E-05
