9.98831E-05 9.98831E-05 9.98831E-05 9.98831E-05 0.998702 9.98831E-05 9.98831E-05 9.98831E-05 9.98831E-05 9.98831E-05 9.98831E-05 9.98831E-05 9.98831E-05 9.98831E-05
0.0706916 9.9955E-05 0.33557 0.0163248 0.164798 0.0142477 9.9955E-05 9.9955E-05 0.108997 0.176759 9.9955E-05 0.0220426 0.0900697 9.9955E-05
0.991725 9.98921E-05 9.98921E-05 9.98921E-05 0.00707669 9.98921E-05 9.98921E-05 9.98921E-05 9.98921E-05 9.98921E-05 9.98921E-05 9.98921E-05 9.98921E-05 9.98921E-05
0.86337 9.991E-05 9.991E-05 9.991E-05 9.991E-05 9.991E-05 9.991E-05 9.991E-05 9.991E-05 9.991E-05 0.040586 0.0474206 9.991E-05 0.0476247
0.00128833 9.991E-05 0.888121 9.991E-05 9.991E-05 9.991E-05 9.991E-05 9.991E-05 9.991E-05 0.020878 9.991E-05 0.0887138 9.991E-05 9.991E-05
9.9883E-05 9.9883E-05 9.9883E-05 9.9883E-05 9.9883E-05 9.9883E-05 9.9883E-05 9.9883E-05 9.9883E-05 0.998702 9.9883E-05 9.9883E-05 9.9883E-05 9.9883E-05
9.98831E-05 9.98831E-05 9.98831E-05 9.98831E-05 9.98831E-05 9.98831E-05 9.98831E-05 9.98831E-05 9.98831E-05 9.98831E-05 9.98831E-05 9.98831E-05 0.998702 9.98831E-05
9.98831E-05 9.98831E-05 0.998702 9.98831E-05 9.98831E-05 9.98831E-05 9.98831E-05 9.98831E-05 9.98831E-05 9.98831E-05 9.98831E-05 9.98831E-05 9.98831E-05 9.98831E-05
0.227495 0.0456691 0.178511 9.9946E-05 0.00766063 0.271631 9.9946E-05 9.9946E-05 9.9946E-05 0.187536 9.9946E-05 0.0338565 0.0470407 9.9946E-05
0.0840478 0.101323 0.597331 0.0287788 0.0362952 9.9937E-05 9.9937E-05 0.049635 0.10189 9.9937E-05 9.9937E-05 9.9937E-05 9.9937E-05 9.9937E-05
0.00595073 9.99281E-05 9.99281E-05 0.00388831 9.99281E-05 9.99281E-05 9.99281E-05 0.0406162 9.99281E-05 0.0540847 9.99281E-05 0.69774 9.99281E-05 0.19692
9.98831E-05 9.98831E-05 9.98831E-05 9.98831E-05 9.98831E-05 9.98831E-05 9.98831E-05 0.998702 9.98831E-05 9.98831E-05 9.98831E-05 9.98831E-05 9.98831E-05 9.98831E-05
9.99011E-05 9.99011E-05 0.0109483 9.99011E-05 9.99011E-05 9.99011E-05 9.99011E-05 0.844878 9.99011E-05 0.143075 9.99011E-05 9.99011E-05 9.99011E-05 9.99011E-05
0.0127032 9.9937E-05 9.9937E-05 0.0371876 9.9937E-05 9.9937E-05 0.0794082 0.5955 0.0337944 9.9937E-05 9.9937E-05 9.9937E-05 0.0260318 0.214675
0.0352668 9.9937E-05 9.9937E-05 0.0317756 9.9937E-05 9.9937E-05 0.114826 0.449319 9.9937E-05 0.0155135 9.9937E-05 0.347381 0.00521894 9.9937E-05
0.0025481 9.9937E-05 9.9937E-05 9.9937E-05 0.0390606 9.9937E-05 9.9937E-05 0.402851 0.00155016 9.9937E-05 0.0149985 0.0645947 9.9937E-05 0.473697
9.98921E-05 0.0511379 9.98921E-05 9.98921E-05 9.98921E-05 9.98921E-05 9.98921E-05 9.98921E-05 9.98921E-05 9.98921E-05 9.98921E-05 9.98921E-05 9.98921E-05 0.947663
0.0600072 9.9928E-05 9.9928E-05 9.9928E-05 9.9928E-05 0.153067 0.0393493 9.9928E-05 0.105593 9.9928E-05 9.9928E-05 0.0059365 9.9928E-05 0.635247
0.0429008 0.129823 9.9955E-05 0.016549 9.9955E-05 0.021141 9.9955E-05 0.460929 0.0396271 9.9955E-05 0.0639903 0.158241 9.9955E-05 0.0662979
0.0121228 9.99191E-05 0.050222 9.99191E-05 9.99191E-05 9.99191E-05 0.156914 0.0599194 9.99191E-05 9.99191E-05 9.99191E-05 9.99191E-05 9.99191E-05 0.719923
9.993E-05 9.993E-05 9.993E-05 0.00240253 9.993E-05 0.0197427 0.162695 0.140677 0.057382 0.159129 9.993E-05 9.993E-05 9.993E-05 0.457273
9.9928E-05 9.9928E-05 0.243349 9.9928E-05 0.010977 9.9928E-05 9.9928E-05 9.9928E-05 9.9928E-05 0.015924 9.9928E-05 0.337141 0.0200371 0.371773
9.9937E-05 9.9937E-05 9.9937E-05 0.018545 0.0347724 9.9937E-05 9.9937E-05 0.0781573 0.00291181 9.9937E-05 9.9937E-05 0.0386322 0.0144628 0.811819
9.99011E-05 0.0327253 9.99011E-05 9.99011E-05 9.99011E-05 9.99011E-05 9.99011E-05 9.99011E-05 0.0531606 9.99011E-05 9.99011E-05 9.99011E-05 9.99011E-05 0.913015
9.9919E-05 9.9919E-05 9.9919E-05 9.9919E-05 9.9919E-05 9.9919E-05 0.120331 0.677878 0.0998004 0.00578297 9.9919E-05 0.0953084 9.9919E-05 9.9919E-05
9.9919E-05 9.9919E-05 9.9919E-05 9.9919E-05 0.0147697 0.0523867 9.9919E-05 0.741176 0.108569 9.9919E-05 9.9919E-05 9.9919E-05 0.0821994 9.9919E-05
9.99101E-05 0.0298166 9.99101E-05 9.99101E-05 9.99101E-05 0.103623 9.99101E-05 9.99101E-05 9.99101E-05 9.99101E-05 0.0350742 0.830487 9.99101E-05 9.99101E-05
0.0391177 9.9955E-05 0.0212985 0.0122194 0.00796509 9.9955E-05 0.0390346 0.0310838 0.203894 9.9955E-05 0.0179339 0.626953 9.9955E-05 9.9955E-05
9.9937E-05 0.0282529 9.9937E-05 9.9937E-05 9.9937E-05 0.0488232 0.123751 0.0694522 0.0605531 9.9937E-05 9.9937E-05 0.639685 0.0287825 9.9937E-05
9.98831E-05 9.98831E-05 9.98831E-05 9.98831E-05 9.98831E-05 9.98831E-05 9.98831E-05 9.98831E-05 9.98831E-05 9.98831E-05 9.98831E-05 0.998702 9.98831E-05 9.98831E-05
9.9883E-05 9.9883E-05 9.9883E-05 9.9883E-05 9.9883E-05 0.998702 9.9883E-05 9.9883E-05 9.9883E-05 9.9883E-05 9.9883E-05 9.9883E-05 9.9883E-05 9.9883E-05
9.9892E-05 9.9892E-05 9.9892E-05 9.9892E-05 9.9892E-05 0.974489 9.9892E-05 9.9892E-05 9.9892E-05 9.9892E-05 9.9892E-05 9.9892E-05 0.0243118 9.9892E-05
9.99011E-05 0.044441 9.99011E-05 9.99011E-05 9.99011E-05 9.99011E-05 0.843005 9.99011E-05 0.111456 9.99011E-05 9.99011E-05 9.99011E-05 9.99011E-05 9.99011E-05
9.991E-05 0.788478 9.991E-05 9.991E-05 9.991E-05 9.991E-05 0.0942327 9.991E-05 9.991E-05 0.0115327 0.104758 9.991E-05 9.991E-05 9.991E-05
9.9919E-05 9.9919E-05 9.9919E-05 9.9919E-05 9.9919E-05 0.018181 0.872982 0.0227674 9.9919E-05 0.00524648 9.9919E-05 0.0799237 9.9919E-05 9.9919E-05
0.0144511 0.892456 9.99191E-05 9.99191E-05 0.00131963 9.99191E-05 0.0728652 9.99191E-05 9.99191E-05 9.99191E-05 9.99191E-05 9.99191E-05 0.0180087 9.99191E-05
9.9901E-05 9.9901E-05 0.180933 9.9901E-05 0.0354421 9.9901E-05 0.782526 9.9901E-05 9.9901E-05 9.9901E-05 9.9901E-05 9.9901E-05 9.9901E-05 9.9901E-05
9.99011E-05 0.944991 9.99011E-05 9.99011E-05 9.99011E-05 9.99011E-05 9.99011E-05 9.99011E-05 9.99011E-05 9.99011E-05 9.99011E-05 0.0333002 9.99011E-05 0.0206097
9.98921E-05 9.98921E-05 9.98921E-05 9.98921E-05 9.98921E-05 9.98921E-05 0.945422 9.98921E-05 9.98921E-05 9.98921E-05 0.0533794 9.98921E-05 9.98921E-05 9.98921E-05
9.9946E-05 0.0994589 9.9946E-05 0.0232955 0.0467033 9.9946E-05 0.39461 9.9946E-05 0.225123 9.9946E-05 0.079748 0.130193 9.9946E-05 0.000267846
9.9919E-05 0.63913 0.0387532 9.9919E-05 9.9919E-05 0.163789 0.13725 9.9919E-05 9.9919E-05 9.9919E-05 9.9919E-05 9.9919E-05 0.0201789 9.9919E-05
0.0489424 0.212457 9.9946E-05 9.9946E-05 0.0687249 0.0507888 9.9946E-05 0.131347 0.35775 9.9946E-05 0.103712 0.0256786 9.9946E-05 9.9946E-05
9.9928E-05 0.0688964 9.9928E-05 0.00221423 9.9928E-05 0.0290127 0.785957 9.9928E-05 0.104814 9.9928E-05 9.9928E-05 0.00830589 9.9928E-05 9.9928E-05
9.9937E-05 0.842924 9.9937E-05 0.010153 9.9937E-05 9.9937E-05 9.9937E-05 0.0169375 9.9937E-05 0.00228258 0.0433112 0.0771942 9.9937E-05 0.00649833
9.99281E-05 9.99281E-05 0.095705 9.99281E-05 0.00311514 0.472608 9.99281E-05 9.99281E-05 0.119842 9.99281E-05 0.304732 9.99281E-05 9.99281E-05 0.00319834
9.9928E-05 9.9928E-05 0.00563927 9.9928E-05 9.9928E-05 0.0743103 0.14492 0.121982 9.9928E-05 9.9928E-05 0.624754 9.9928E-05 0.0275956 9.9928E-05
9.99281E-05 9.99281E-05 0.0057439 0.0396221 9.99281E-05 9.99281E-05 0.225864 9.99281E-05 0.0293982 9.99281E-05 0.669792 9.99281E-05 0.0287809 9.99281E-05
9.99011E-05 9.99011E-05 9.99011E-05 9.99011E-05 9.99011E-05 0.0217504 9.99011E-05 9.99011E-05 0.165927 9.99011E-05 0.811223 9.99011E-05 9.99011E-05 9.99011E-05
0.088306 9.9946E-05 0.0329543 9.9946E-05 9.9946E-05 9.9946E-05 0.28646 0.146233 0.0360782 9.9946E-05 0.382486 0.010246 0.0166368 9.9946E-05
9.9946E-05 0.00158272 0.0375811 9.9946E-05 0.0617434 0.0557156 0.386382 0.0501555 0.106406 9.9946E-05 0.299833 9.9946E-05 9.9946E-05 9.9946E-05
0.0492371 9.9928E-05 9.9928E-05 0.00650835 9.9928E-05 0.0282291 9.9928E-05 9.9928E-05 0.154072 9.9928E-05 0.706302 9.9928E-05 0.0548524 9.9928E-05
9.98921E-05 9.98921E-05 9.98921E-05 9.98921E-05 0.0562505 9.98921E-05 9.98921E-05 9.98921E-05 9.98921E-05 9.98921E-05 0.942551 9.98921E-05 9.98921E-05 9.98921E-05
9.99191E-05 9.99191E-05 9.99191E-05 0.0156797 0.0433673 9.99191E-05 9.99191E-05 9.99191E-05 0.200584 9.99191E-05 0.690424 0.0490466 9.99191E-05 9.99191E-05
9.9919E-05 0.084701 9.9919E-05 9.9919E-05 9.9919E-05 9.9919E-05 9.9919E-05 9.9919E-05 0.0217853 9.9919E-05 0.803826 0.050866 9.9919E-05 0.037922
9.99011E-05 0.0735585 9.99011E-05 9.99011E-05 9.99011E-05 0.0300786 9.99011E-05 9.99011E-05 9.99011E-05 9.99011E-05 0.895264 9.99011E-05 9.99011E-05 9.99011E-05
0.0635575 9.99191E-05 9.99191E-05 0.0553907 9.99191E-05 9.99191E-05 9.99191E-05 9.99191E-05 0.0938729 9.99191E-05 0.733697 9.99191E-05 0.0525831 9.99191E-05
0.00274206 9.9937E-05 9.9937E-05 0.0324823 9.9937E-05 0.0914221 9.9937E-05 0.0637745 0.769771 0.015701 9.9937E-05 9.9937E-05 9.9937E-05 0.0234074
9.9937E-05 0.00388268 9.9937E-05 9.9937E-05 9.9937E-05 0.138535 9.9937E-05 9.9937E-05 0.565501 9.9937E-05 0.0334103 0.183673 0.035571 0.0387281
9.9928E-05 9.9928E-05 9.9928E-05 9.9928E-05 9.9928E-05 0.0549287 9.9928E-05 9.9928E-05 0.657344 0.0952523 0.140393 0.029166 9.9928E-05 0.0221167
9.9964E-05 0.0169834 0.116283 0.0132774 0.0188749 0.0356216 0.0651937 9.9964E-05 0.549535 9.9964E-05 0.00623343 0.117324 0.0602737 9.9964E-05
9.9928E-05 9.9928E-05 9.9928E-05 9.9928E-05 9.9928E-05 0.0996806 9.9928E-05 9.9928E-05 0.780436 9.9928E-05 0.0559095 0.0143618 0.014216 0.0345966
0.038824 0.595464 9.99101E-05 0.0760068 9.99101E-05 9.99101E-05 9.99101E-05 9.99101E-05 0.288707 9.99101E-05 9.99101E-05 9.99101E-05 9.99101E-05 9.99101E-05
9.99101E-05 0.116526 0.040425 9.99101E-05 9.99101E-05 9.99101E-05 9.99101E-05 9.99101E-05 0.829061 9.99101E-05 0.0129894 9.99101E-05 9.99101E-05 9.99101E-05
9.98922E-05 9.98922E-05 9.98922E-05 0.0277982 9.98922E-05 9.98922E-05 9.98922E-05 9.98922E-05 0.971003 9.98922E-05 9.98922E-05 9.98922E-05 9.98922E-05 9.98922E-05
9.9928E-05 9.9928E-05 0.0123551 0.00327308 9.9928E-05 9.9928E-05 0.107765 0.0304817 0.843833 9.9928E-05 9.9928E-05 9.9928E-05 9.9928E-05 0.00149297
9.99011E-05 9.99011E-05 9.99011E-05 9.99011E-05 0.0373789 9.99011E-05 9.99011E-05 9.99011E-05 0.953999 9.99011E-05 9.99011E-05 9.99011E-05 0.00752315 9.99011E-05
9.99011E-05 9.99011E-05 9.99011E-05 0.0105695 9.99011E-05 9.99011E-05 9.99011E-05 0.0198923 0.968439 9.99011E-05 9.99011E-05 9.99011E-05 9.99011E-05 9.99011E-05
0.0294609 9.99191E-05 0.00972022 9.99191E-05 9.99191E-05 0.0051138 9.99191E-05 9.99191E-05 0.948377 9.99191E-05 9.99191E-05 0.00642884 9.99191E-05 9.99191E-05
0.00196722 9.99101E-05 9.99101E-05 9.99101E-05 0.0197434 9.99101E-05 0.0360201 9.99101E-05 0.94127 9.99101E-05 9.99101E-05 9.99101E-05 9.99101E-05 9.99101E-05
9.98921E-05 9.98921E-05 9.98921E-05 9.98921E-05 9.98921E-05 9.98921E-05 0.0337892 9.98921E-05 0.965012 9.98921E-05 9.98921E-05 9.98921E-05 9.98921E-05 9.98921E-05
9.99011E-05 9.99011E-05 9.99011E-05 0.00398418 9.99011E-05 9.99011E-05 0.114129 9.99011E-05 0.880788 9.99011E-05 9.99011E-05 9.99011E-05 9.99011E-05 9.99011E-05
9.99371E-05 0.035034 0.0505316 0.00756578 9.99371E-05 0.0169489 0.153899 9.99371E-05 0.639288 9.99371E-05 9.99371E-05 9.99371E-05 0.0960328 9.99371E-05
0.0502693 9.99191E-05 0.0254214 9.99191E-05 9.99191E-05 9.99191E-05 9.99191E-05 9.99191E-05 0.909148 9.99191E-05 0.00672663 9.99191E-05 0.0075353 9.99191E-05
9.9937E-05 0.107708 9.9937E-05 0.0720028 0.0487755 0.129282 0.0268075 9.9937E-05 0.607173 9.9937E-05 0.00755158 9.9937E-05 9.9937E-05 9.9937E-05
0.0238858 0.0495782 0.0105646 0.56218 9.9964E-05 0.00131063 9.9964E-05 0.0270429 0.247288 9.9964E-05 0.00943525 0.0449755 0.0233385 9.9964E-05
9.98831E-05 9.98831E-05 9.98831E-05 0.998702 9.98831E-05 9.98831E-05 9.98831E-05 9.98831E-05 9.98831E-05 9.98831E-05 9.98831E-05 9.98831E-05 9.98831E-05 9.98831E-05
9.9928E-05 0.242682 9.9928E-05 0.0521785 0.0119103 9.9928E-05 9.9928E-05 9.9928E-05 0.521127 9.9928E-05 0.00589676 0.165406 9.9928E-05 9.9928E-05
