9.98921E-05 9.98921E-05 9.98921E-05 9.98921E-05 9.98921E-05 9.98921E-05 9.98921E-05 9.98921E-05 9.98921E-05 9.98921E-05 9.98921E-05 9.98921E-05 0.998801
9.9928E-05 9.9928E-05 0.817144 0.0563004 9.9928E-05 9.9928E-05 9.9928E-05 0.00187004 9.9928E-05 0.0379251 9.9928E-05 0.085961 9.9928E-05
9.99011E-05 9.99011E-05 9.99011E-05 9.99011E-05 9.99011E-05 9.99011E-05 9.99011E-05 9.99011E-05 9.99011E-05 0.99258 9.99011E-05 9.99011E-05 0.00632123
9.9919E-05 9.9919E-05 9.9919E-05 9.9919E-05 9.9919E-05 9.9919E-05 9.9919E-05 0.0153345 0.0587699 0.908947 0.0160491 9.9919E-05 9.9919E-05
9.9919E-05 9.9919E-05 9.9919E-05 0.956783 9.9919E-05 0.0284252 0.0132741 0.000618226 9.9919E-05 9.9919E-05 9.9919E-05 9.9919E-05 9.9919E-05
9.98921E-05 9.98921E-05 0.998801 9.98921E-05 9.98921E-05 9.98921E-05 9.98921E-05 9.98921E-05 9.98921E-05 9.98921E-05 9.98921E-05 9.98921E-05 9.98921E-05
9.99101E-05 9.99101E-05 0.957731 9.99101E-05 9.99101E-05 9.99101E-05 0.0335155 0.007754 9.99101E-05 9.99101E-05 9.99101E-05 9.99101E-05 9.99101E-05
9.98921E-05 9.98921E-05 9.98921E-05 0.998801 9.98921E-05 9.98921E-05 9.98921E-05 9.98921E-05 9.98921E-05 9.98921E-05 9.98921E-05 9.98921E-05 9.98921E-05
0.0018621 0.359251 0.159197 0.322376 9.9955E-05 0.0141991 9.9955E-05 9.9955E-05 9.9955E-05 0.100179 0.0104217 9.9955E-05 0.0320149
9.9955E-05 0.0935387 9.9955E-05 0.238754 0.0525548 9.9955E-05 0.0242802 0.0421985 9.9955E-05 0.319432 9.9955E-05 0.106068 0.122674
9.9937E-05 9.9937E-05 9.9937E-05 0.0164547 9.9937E-05 0.659169 9.9937E-05 0.018897 0.270494 0.00154062 0.0327451 9.9937E-05 9.9937E-05
9.99101E-05 9.99101E-05 9.99101E-05 9.99101E-05 0.0122223 0.967796 0.0189828 9.99101E-05 9.99101E-05 9.99101E-05 9.99101E-05 9.99101E-05 9.99101E-05
9.99281E-05 9.99281E-05 0.157687 0.0205116 9.99281E-05 0.812617 9.99281E-05 9.99281E-05 9.99281E-05 0.0073101 9.99281E-05 9.99281E-05 0.00107527
9.99011E-05 9.99011E-05 9.99011E-05 9.99011E-05 0.994263 9.99011E-05 9.99011E-05 0.00463784 9.99011E-05 9.99011E-05 9.99011E-05 9.99011E-05 9.99011E-05
0.0517739 9.9946E-05 0.0114698 9.9946E-05 0.00590937 0.810337 9.9946E-05 0.0321025 9.9946E-05 0.086496 9.9946E-05 9.9946E-05 0.001312
9.9919E-05 9.9919E-05 9.9919E-05 9.9919E-05 0.0838381 0.631499 9.9919E-05 9.9919E-05 0.275781 9.9919E-05 9.9919E-05 9.9919E-05 0.00798239
9.98921E-05 9.98921E-05 9.98921E-05 9.98921E-05 9.98921E-05 9.98921E-05 9.98921E-05 9.98921E-05 0.998801 9.98921E-05 9.98921E-05 9.98921E-05 9.98921E-05
9.99191E-05 0.0974789 9.99191E-05 9.99191E-05 0.611876 9.99191E-05 9.99191E-05 9.99191E-05 0.0973473 9.99191E-05 9.99191E-05 0.192398 9.99191E-05
0.00214249 9.9928E-05 9.9928E-05 9.9928E-05 0.260055 0.664239 0.062585 0.0101788 9.9928E-05 9.9928E-05 9.9928E-05 9.9928E-05 9.9928E-05
9.99011E-05 9.99011E-05 9.99011E-05 9.99011E-05 0.992035 9.99011E-05 9.99011E-05 9.99011E-05 9.99011E-05 0.00686632 9.99011E-05 9.99011E-05 9.99011E-05
9.9937E-05 9.9937E-05 9.9937E-05 9.9937E-05 0.468713 9.9937E-05 0.00284082 9.9937E-05 0.267709 0.0718725 9.9937E-05 0.139848 0.0483179
0.0649672 0.0163953 0.000284664 0.308286 9.9955E-05 0.292891 9.9955E-05 9.9955E-05 0.282747 9.9955E-05 9.9955E-05 0.0109988 0.0229306
9.9928E-05 9.9928E-05 0.0404658 9.9928E-05 9.9928E-05 0.0635596 9.9928E-05 0.00599854 0.829337 9.9928E-05 9.9928E-05 9.9928E-05 0.0598394
0.0239358 9.99011E-05 9.99011E-05 9.99011E-05 9.99011E-05 9.99011E-05 9.99011E-05 9.99011E-05 0.974965 9.99011E-05 9.99011E-05 9.99011E-05 9.99011E-05
9.9928E-05 9.9928E-05 9.9928E-05 9.9928E-05 0.4712 0.443 9.9928E-05 0.00197625 9.9928E-05 9.9928E-05 9.9928E-05 0.0766194 0.0064054
9.9937E-05 0.0132227 0.0378139 9.9937E-05 0.468848 0.342474 9.9937E-05 9.9937E-05 9.9937E-05 9.9937E-05 9.9937E-05 0.106217 0.0307254
9.99101E-05 0.290369 9.99101E-05 9.99101E-05 9.99101E-05 0.586418 9.99101E-05 9.99101E-05 9.99101E-05 9.99101E-05 0.122214 9.99101E-05 9.99101E-05
0.069309 9.9946E-05 9.9946E-05 9.9946E-05 9.9946E-05 0.570684 0.0482011 0.00943883 9.9946E-05 0.0864566 0.0189407 0.19637 9.9946E-05
0.0117896 0.0910301 0.00859279 9.9937E-05 9.9937E-05 0.71861 9.9937E-05 9.9937E-05 9.9937E-05 9.9937E-05 9.9937E-05 0.154875 0.0144027
9.99101E-05 0.0568347 9.99101E-05 9.99101E-05 9.99101E-05 0.751417 9.99101E-05 9.99101E-05 9.99101E-05 9.99101E-05 9.99101E-05 0.190749 9.99101E-05
9.9892E-05 0.998801 9.9892E-05 9.9892E-05 9.9892E-05 9.9892E-05 9.9892E-05 9.9892E-05 9.9892E-05 9.9892E-05 9.9892E-05 9.9892E-05 9.9892E-05
9.9901E-05 0.979478 9.9901E-05 9.9901E-05 9.9901E-05 9.9901E-05 9.9901E-05 9.9901E-05 9.9901E-05 9.9901E-05 9.9901E-05 9.9901E-05 0.0194231
0.654586 9.9919E-05 9.9919E-05 9.9919E-05 9.9919E-05 0.129499 0.142817 9.9919E-05 9.9919E-05 9.9919E-05 9.9919E-05 0.0721984 9.9919E-05
0.796417 9.9919E-05 9.9919E-05 9.9919E-05 9.9919E-05 9.9919E-05 0.0767199 9.9919E-05 0.067794 9.9919E-05 0.0581701 9.9919E-05 9.9919E-05
0.722968 0.0922269 9.9919E-05 9.9919E-05 0.0187699 0.165136 9.9919E-05 9.9919E-05 9.9919E-05 9.9919E-05 9.9919E-05 9.9919E-05 9.9919E-05
0.967646 0.0217258 9.99101E-05 9.99101E-05 9.99101E-05 9.99101E-05 9.99101E-05 9.99101E-05 9.99101E-05 0.00962902 9.99101E-05 9.99101E-05 9.99101E-05
0.745048 9.99201E-05 0.0411337 0.1351 0.0480235 9.99201E-05 9.99201E-05 9.99201E-05 9.99201E-05 9.99201E-05 9.99201E-05 9.99201E-05 0.029896
0.577984 0.224467 9.9937E-05 9.9937E-05 9.9937E-05 9.9937E-05 9.9937E-05 9.9937E-05 0.0822362 9.9937E-05 0.0280825 0.0359863 0.0505444
0.981515 9.99101E-05 9.99101E-05 9.99101E-05 9.99101E-05 9.99101E-05 9.99101E-05 0.00975149 9.99101E-05 9.99101E-05 0.00773491 9.99101E-05 9.99101E-05
0.612337 9.9937E-05 9.9937E-05 9.9937E-05 9.9937E-05 0.12604 9.9937E-05 0.0405898 9.9937E-05 9.9937E-05 0.0263174 0.162017 0.031999
0.494264 0.418994 0.0404393 9.9937E-05 9.9937E-05 9.9937E-05 0.026666 0.00552142 9.9937E-05 9.9937E-05 9.9937E-05 0.0134152 9.9937E-05
0.293783 9.9955E-05 9.9955E-05 9.9955E-05 0.0378576 0.128633 0.138953 0.0119515 9.9955E-05 0.0488606 9.9955E-05 0.25876 0.0807007
0.870905 0.0583041 9.9928E-05 9.9928E-05 9.9928E-05 0.0513874 0.0169113 0.00169309 9.9928E-05 9.9928E-05 9.9928E-05 9.9928E-05 9.9928E-05
0.746701 9.9946E-05 9.9946E-05 0.00875655 9.9946E-05 0.0817734 0.0321815 0.0302355 0.0680329 9.9946E-05 0.0317194 9.9946E-05 9.9946E-05
0.0214187 0.0296855 9.99191E-05 9.99191E-05 9.99191E-05 9.99191E-05 9.99191E-05 9.99191E-05 9.99191E-05 0.0370697 0.910927 9.99191E-05 9.99191E-05
9.9919E-05 9.9919E-05 9.9919E-05 9.9919E-05 9.9919E-05 0.128295 0.86231 0.00458408 9.9919E-05 9.9919E-05 9.9919E-05 9.9919E-05 0.00391111
9.99101E-05 9.99101E-05 9.99101E-05 9.99101E-05 9.99101E-05 9.99101E-05 0.92174 0.033666 0.0435951 9.99101E-05 9.99101E-05 9.99101E-05 9.99101E-05
9.9919E-05 0.0515451 9.9919E-05 9.9919E-05 9.9919E-05 9.9919E-05 0.8535 9.9919E-05 9.9919E-05 9.9919E-05 0.0202961 0.0737595 9.9919E-05
0.155339 9.9946E-05 9.9946E-05 0.0773079 0.0417909 0.126517 0.552714 9.9946E-05 9.9946E-05 0.0203131 0.0254174 9.9946E-05 9.9946E-05
0.4199 9.9928E-05 9.9928E-05 0.0353884 0.0311127 9.9928E-05 0.509183 9.9928E-05 9.9928E-05 9.9928E-05 9.9928E-05 0.0036164 9.9928E-05
9.9928E-05 0.0524255 9.9928E-05 9.9928E-05 0.00726724 9.9928E-05 0.0333419 9.9928E-05 9.9928E-05 9.9928E-05 0.857014 0.0491523 9.9928E-05
9.99101E-05 9.99101E-05 9.99101E-05 9.99101E-05 9.99101E-05 9.99101E-05 0.16096 9.99101E-05 9.99101E-05 9.99101E-05 0.809838 9.99101E-05 0.0282032
9.99101E-05 9.99101E-05 9.99101E-05 9.99101E-05 9.99101E-05 0.0137139 9.99101E-05 9.99101E-05 9.99101E-05 9.99101E-05 0.918253 0.0670341 9.99101E-05
0.0776637 9.9919E-05 9.9919E-05 9.9919E-05 9.9919E-05 9.9919E-05 9.9919E-05 9.9919E-05 0.0237654 9.9919E-05 0.874484 0.0231875 9.9919E-05
0.0161376 0.010963 9.9919E-05 9.9919E-05 9.9919E-05 9.9919E-05 0.946091 9.9919E-05 9.9919E-05 0.0259091 9.9919E-05 9.9919E-05 9.9919E-05
9.9937E-05 9.9937E-05 9.9937E-05 9.9937E-05 9.9937E-05 9.9937E-05 0.789627 0.0332561 9.9937E-05 0.0386301 0.0755123 0.0591894 0.00308552
9.9964E-05 0.00343032 0.0159706 0.0240388 9.9964E-05 0.0662855 0.0148907 0.00756843 9.9964E-05 0.0387934 0.0105436 0.818079 9.9964E-05
9.9937E-05 0.106132 0.0114007 0.0692076 9.9937E-05 0.1077 0.202063 9.9937E-05 9.9937E-05 9.9937E-05 9.9937E-05 0.502797 9.9937E-05
9.9937E-05 0.0533553 0.0998749 9.9937E-05 9.9937E-05 9.9937E-05 0.159413 0.014167 9.9937E-05 0.0209712 9.9937E-05 0.651519 9.9937E-05
0.0533779 0.0394064 0.040192 0.110759 9.9964E-05 0.0816037 0.0276356 9.9964E-05 9.9964E-05 9.9964E-05 0.00534903 0.611297 0.0299802
9.9937E-05 0.0740907 0.0269004 9.9937E-05 0.0450569 9.9937E-05 0.0482035 9.9937E-05 9.9937E-05 9.9937E-05 0.117419 0.68763 9.9937E-05
0.366468 0.0139365 9.99281E-05 9.99281E-05 9.99281E-05 9.99281E-05 9.99281E-05 0.0803827 9.99281E-05 0.0961496 9.99281E-05 0.442264 9.99281E-05
0.0734621 9.9937E-05 9.9937E-05 0.0169404 9.9937E-05 9.9937E-05 9.9937E-05 9.9937E-05 0.0408999 9.9937E-05 0.0520618 0.766406 0.04953
9.99012E-05 9.99012E-05 9.99012E-05 9.99012E-05 9.99012E-05 9.99012E-05 9.99012E-05 0.0154933 9.99012E-05 9.99012E-05 9.99012E-05 0.983408 9.99012E-05
0.197421 9.9919E-05 9.9919E-05 9.9919E-05 0.046122 9.9919E-05 9.9919E-05 0.00383244 9.9919E-05 9.9919E-05 9.9919E-05 0.751725 9.9919E-05
9.98922E-05 9.98922E-05 9.98922E-05 9.98922E-05 9.98922E-05 9.98922E-05 9.98922E-05 9.98922E-05 9.98922E-05 9.98922E-05 9.98922E-05 0.998801 9.98922E-05
9.98921E-05 9.98921E-05 9.98921E-05 9.98921E-05 9.98921E-05 9.98921E-05 9.98921E-05 9.98921E-05 9.98921E-05 9.98921E-05 9.98921E-05 0.998801 9.98921E-05
9.9919E-05 0.0170593 9.9919E-05 9.9919E-05 9.9919E-05 0.0134562 9.9919E-05 9.9919E-05 9.9919E-05 0.00295209 9.9919E-05 0.965633 9.9919E-05
9.99011E-05 9.99011E-05 9.99011E-05 9.99011E-05 9.99011E-05 9.99011E-05 9.99011E-05 9.99011E-05 9.99011E-05 9.99011E-05 9.99011E-05 0.98839 0.0105114
9.99101E-05 9.99101E-05 9.99101E-05 9.99101E-05 9.99101E-05 9.99101E-05 0.0268692 9.99101E-05 9.99101E-05 0.0119644 9.99101E-05 0.960167 9.99101E-05
0.0100791 9.99101E-05 9.99101E-05 9.99101E-05 9.99101E-05 9.99101E-05 9.99101E-05 9.99101E-05 0.0602144 9.99101E-05 9.99101E-05 0.928707 9.99101E-05
0.0568011 0.144368 0.0699322 9.99461E-05 0.0974444 9.99461E-05 0.0573889 0.0103362 9.99461E-05 9.99461E-05 9.99461E-05 0.563129 9.99461E-05
9.99281E-05 9.99281E-05 9.99281E-05 0.0253535 9.99281E-05 9.99281E-05 0.0238168 0.00521555 9.99281E-05 0.0134776 9.99281E-05 0.931337 9.99281E-05
0.0196151 0.0255304 9.9946E-05 9.9946E-05 0.0696864 9.9946E-05 9.9946E-05 0.0670203 9.9946E-05 9.9946E-05 0.205748 0.57987 0.0319301
9.998E-05 9.998E-05 0.00897904 0.00456324 0.0714635 0.00278651 0.0343857 0.533626 0.00879034 0.0193608 0.0895524 0.223209 0.00308341
9.9892E-05 9.9892E-05 9.9892E-05 9.9892E-05 9.9892E-05 9.9892E-05 9.9892E-05 0.998801 9.9892E-05 9.9892E-05 9.9892E-05 9.9892E-05 9.9892E-05
0.148252 9.9946E-05 9.9946E-05 9.9946E-05 9.9946E-05 0.0989206 9.9946E-05 0.0547153 9.9946E-05 0.00343457 0.0814531 0.545288 0.0673368
