9.99281E-05 9.99281E-05 9.99281E-05 9.99281E-05 9.99281E-05 9.99281E-05 9.99281E-05 9.99281E-05 0.969614 0.0295871
0.0375845 0.0276419 0.0568561 9.9964E-05 9.9964E-05 0.209745 0.0341316 9.9964E-05 0.633641 9.9964E-05
9.9928E-05 9.9928E-05 9.9928E-05 9.9928E-05 9.9928E-05 9.9928E-05 9.9928E-05 0.253198 0.746003 9.9928E-05
0.0537918 9.9982E-05 0.00454748 0.162952 9.9982E-05 0.0556498 0.104643 0.0223128 0.409548 0.186355
9.9937E-05 9.9937E-05 9.9937E-05 9.9937E-05 0.0300413 0.951194 9.9937E-05 9.9937E-05 0.0180654 9.9937E-05
9.9946E-05 9.9946E-05 9.9946E-05 0.0148868 0.0500561 9.9946E-05 0.0110448 9.9946E-05 0.923413 9.9946E-05
9.9946E-05 0.193958 9.9946E-05 0.0802602 9.9946E-05 0.0423475 9.9946E-05 9.9946E-05 0.682835 9.9946E-05
9.99201E-05 9.99201E-05 9.99201E-05 9.99201E-05 9.99201E-05 0.999101 9.99201E-05 9.99201E-05 9.99201E-05 9.99201E-05
9.9973E-05 0.000594501 0.0162637 9.9973E-05 9.9973E-05 0.132596 0.0438522 0.285597 0.511134 0.00966274
0.031633 0.00864489 0.0335608 0.0255472 9.9964E-05 0.75319 9.9964E-05 0.147025 9.9964E-05 9.9964E-05
0.0408561 9.9946E-05 9.9946E-05 9.9946E-05 0.0659115 9.9946E-05 0.866931 9.9946E-05 9.9946E-05 0.0257018
9.99371E-05 9.99371E-05 9.99371E-05 0.261368 0.657796 9.99371E-05 0.080136 9.99371E-05 9.99371E-05 9.99371E-05
9.9964E-05 0.0196234 9.9964E-05 0.314459 0.16568 0.0190849 0.300897 9.9964E-05 0.179856 9.9964E-05
0.0041467 9.9946E-05 9.9946E-05 0.972708 9.9946E-05 0.00825341 9.9946E-05 9.9946E-05 9.9946E-05 0.0142921
0.068768 9.9955E-05 9.9955E-05 0.480561 0.325238 9.9955E-05 0.05765 9.9955E-05 0.0672831 9.9955E-05
0.0038955 9.9955E-05 9.9955E-05 0.460915 9.9955E-05 9.9955E-05 0.43188 9.9955E-05 0.035714 0.0670953
9.99201E-05 9.99201E-05 9.99201E-05 9.99201E-05 9.99201E-05 9.99201E-05 0.999101 9.99201E-05 9.99201E-05 9.99201E-05
9.995E-05 9.995E-05 0.173745 0.586035 9.995E-05 9.995E-05 0.108921 0.0457031 9.995E-05 0.0850967
0.00332312 0.0248386 9.9973E-05 0.691898 0.135439 9.9973E-05 0.0578266 0.064516 9.9973E-05 0.0218587
9.99281E-05 9.99281E-05 9.99281E-05 0.979777 9.99281E-05 9.99281E-05 9.99281E-05 9.99281E-05 9.99281E-05 0.0194233
9.9955E-05 9.9955E-05 0.127254 0.705831 9.9955E-05 9.9955E-05 0.0879439 9.9955E-05 0.0546969 0.0237743
9.9955E-05 9.9955E-05 9.9955E-05 9.9955E-05 0.258788 0.0543569 0.432926 9.9955E-05 0.201021 0.0524094
9.9928E-05 9.9928E-05 9.9928E-05 9.9928E-05 9.9928E-05 9.9928E-05 0.993321 9.9928E-05 0.00587971 9.9928E-05
9.9955E-05 0.0218251 0.0599013 0.335432 9.9955E-05 0.0623835 0.519958 9.9955E-05 9.9955E-05 9.9955E-05
0.000623877 9.9955E-05 0.156332 0.777752 0.0556841 0.00910844 9.9955E-05 9.9955E-05 9.9955E-05 9.9955E-05
9.9946E-05 0.0223784 0.168054 0.797614 9.9946E-05 9.9946E-05 9.9946E-05 0.0113535 9.9946E-05 9.9946E-05
9.9937E-05 9.9937E-05 9.9937E-05 9.9937E-05 0.893762 9.9937E-05 0.00611941 9.9937E-05 9.9937E-05 0.0994192
0.00936084 9.9973E-05 0.148722 0.0219054 0.676119 9.9973E-05 0.0336104 9.9973E-05 0.0358781 0.0741039
9.9946E-05 9.9946E-05 0.197035 0.00814532 0.755725 9.9946E-05 9.9946E-05 9.9946E-05 0.0384953 9.9946E-05
9.99281E-05 9.99281E-05 9.99281E-05 9.99281E-05 0.949184 9.99281E-05 0.0500165 9.99281E-05 9.99281E-05 9.99281E-05
9.9928E-05 9.9928E-05 0.151475 9.9928E-05 9.9928E-05 9.9928E-05 9.9928E-05 0.847726 9.9928E-05 9.9928E-05
9.9964E-05 0.113857 0.0624867 9.9964E-05 0.0530332 0.00416421 9.9964E-05 0.69815 0.0679094 9.9964E-05
9.9955E-05 0.163924 0.148136 9.9955E-05 0.345705 9.9955E-05 9.9955E-05 0.28384 9.9955E-05 0.0578958
9.9946E-05 0.261521 9.9946E-05 9.9946E-05 0.399889 9.9946E-05 9.9946E-05 0.219604 9.9946E-05 0.118387
9.9946E-05 9.9946E-05 9.9946E-05 0.0200603 0.608376 9.9946E-05 9.9946E-05 0.350218 9.9946E-05 0.0207456
9.9928E-05 9.9928E-05 9.9928E-05 9.9928E-05 9.9928E-05 9.9928E-05 9.9928E-05 0.979933 9.9928E-05 0.019268
9.9964E-05 9.9964E-05 9.9964E-05 0.0675375 0.307689 0.160824 9.9964E-05 0.268283 0.0465121 0.148755
9.9937E-05 9.9937E-05 9.9937E-05 9.9937E-05 9.9937E-05 9.9937E-05 0.101914 0.823726 9.9937E-05 0.0736604
0.0273801 9.9955E-05 9.9955E-05 0.0617319 0.0610878 9.9955E-05 9.9955E-05 0.589081 9.9955E-05 0.26022
0.0276956 0.0185868 0.255535 9.9982E-05 0.157539 9.9982E-05 0.0714285 0.281634 0.0134365 0.173945
9.9946E-05 0.11691 9.9946E-05 9.9946E-05 0.0153152 0.0419187 9.9946E-05 0.825257 9.9946E-05 9.9946E-05
9.998E-05 0.201262 0.319555 0.133622 0.0467908 0.0186126 0.0412782 0.176155 0.0625246 9.998E-05
0.00235669 0.0436771 0.0984989 9.9955E-05 0.711288 9.9955E-05 9.9955E-05 0.143679 9.9955E-05 9.9955E-05
0.0422287 0.330039 0.0299479 9.9973E-05 0.462019 0.0400684 9.9973E-05 0.0568795 9.9973E-05 0.0385183
0.00910352 9.9973E-05 0.260146 0.0291636 0.0279876 0.0466243 9.9973E-05 0.0960235 9.9973E-05 0.530652
0.0178649 0.780648 0.00131482 0.040187 0.0721877 0.0225402 9.9991E-05 0.00407285 0.0184772 0.0426077
0.0231905 0.86449 0.0165214 0.0190811 9.9955E-05 9.9955E-05 0.0762176 9.9955E-05 9.9955E-05 9.9955E-05
9.9946E-05 0.945565 0.0501875 9.9946E-05 9.9946E-05 9.9946E-05 9.9946E-05 0.00241078 9.9946E-05 0.00123697
9.9955E-05 0.410698 9.9955E-05 0.0590437 0.374211 0.0540453 9.9955E-05 9.9955E-05 9.9955E-05 0.101502
9.9964E-05 0.444173 0.0829111 9.9964E-05 0.216573 0.0963017 9.9964E-05 0.158471 0.00117027 9.9964E-05
9.9937E-05 0.229924 0.119674 9.9937E-05 9.9937E-05 9.9937E-05 9.9937E-05 9.9937E-05 9.9937E-05 0.649703
9.99201E-05 9.99201E-05 9.99201E-05 9.99201E-05 9.99201E-05 9.99201E-05 9.99201E-05 9.99201E-05 9.99201E-05 0.999101
0.00279076 0.216424 0.146261 9.9946E-05 9.9946E-05 9.9946E-05 9.9946E-05 9.9946E-05 9.9946E-05 0.633924
9.9937E-05 9.9937E-05 9.9937E-05 9.9937E-05 0.0728369 9.9937E-05 9.9937E-05 0.0159691 9.9937E-05 0.910494
9.99201E-05 0.999101 9.99201E-05 9.99201E-05 9.99201E-05 9.99201E-05 9.99201E-05 9.99201E-05 9.99201E-05 9.99201E-05
0.0500575 0.928972 9.9937E-05 9.9937E-05 9.9937E-05 9.9937E-05 0.0202707 9.9937E-05 9.9937E-05 9.9937E-05
0.0207907 0.0481303 0.760512 0.0228713 0.028515 9.9964E-05 9.9964E-05 0.118781 9.9964E-05 9.9964E-05
9.9946E-05 0.157664 0.590991 9.9946E-05 0.225057 9.9946E-05 0.0256885 9.9946E-05 9.9946E-05 9.9946E-05
9.9973E-05 0.0907285 0.763738 9.9973E-05 0.0347367 0.0168046 0.0147371 0.0100548 0.0689007 9.9973E-05
9.9964E-05 9.9964E-05 0.675398 9.9964E-05 0.184593 0.100291 0.000789742 0.00814981 0.0303781 9.9964E-05
9.9964E-05 0.0342277 0.770645 0.0542015 9.9964E-05 0.00154363 0.0129132 9.9964E-05 9.9964E-05 0.12607
0.103607 9.9946E-05 0.332783 9.9946E-05 9.9946E-05 9.9946E-05 9.9946E-05 0.534049 9.9946E-05 0.0289623
9.9946E-05 9.9946E-05 0.799421 9.9946E-05 9.9946E-05 0.056118 0.0220056 9.9946E-05 9.9946E-05 0.121856
0.0214087 0.0210525 0.956839 9.99371E-05 9.99371E-05 9.99371E-05 9.99371E-05 9.99371E-05 9.99371E-05 9.99371E-05
0.0117449 9.9955E-05 0.871335 0.0509381 9.9955E-05 9.9955E-05 9.9955E-05 0.0248668 9.9955E-05 0.0406152
9.99281E-05 9.99281E-05 0.99356 9.99281E-05 9.99281E-05 9.99281E-05 9.99281E-05 9.99281E-05 9.99281E-05 0.00564013
0.00298256 9.9928E-05 0.996218 9.9928E-05 9.9928E-05 9.9928E-05 9.9928E-05 9.9928E-05 9.9928E-05 9.9928E-05
9.9946E-05 9.9946E-05 0.952099 0.0262142 9.9946E-05 9.9946E-05 0.0192149 9.9946E-05 9.9946E-05 0.00187204
9.99201E-05 9.99201E-05 0.999101 9.99201E-05 9.99201E-05 9.99201E-05 9.99201E-05 9.99201E-05 9.99201E-05 9.99201E-05
9.9928E-05 0.00621011 0.99299 9.9928E-05 9.9928E-05 9.9928E-05 9.9928E-05 9.9928E-05 9.9928E-05 9.9928E-05
9.99281E-05 9.99281E-05 0.97345 0.0257503 9.99281E-05 9.99281E-05 9.99281E-05 9.99281E-05 9.99281E-05 9.99281E-05
0.00975075 0.00407696 0.725166 0.0613256 9.9973E-05 0.0421259 9.9973E-05 0.149907 0.00734776 9.9973E-05
0.00171073 0.00230035 0.98312 9.99461E-05 9.99461E-05 0.012269 9.99461E-05 9.99461E-05 9.99461E-05 9.99461E-05
0.0490689 9.9964E-05 0.591299 0.0292801 0.046003 9.9964E-05 9.9964E-05 0.0535494 9.9964E-05 0.2304
0.508777 0.0473234 0.336477 0.0663448 0.00386622 0.00695576 0.00655692 9.9982E-05 9.9982E-05 0.0234995
0.999101 9.99201E-05 9.99201E-05 9.99201E-05 9.99201E-05 9.99201E-05 9.99201E-05 9.99201E-05 9.99201E-05 9.99201E-05
0.0667503 9.9973E-05 0.541955 9.9973E-05 0.151762 0.018745 0.0236682 9.9973E-05 0.0218286 0.174991
