9.99201E-05 9.99201E-05 9.99201E-05 9.99201E-05 9.99201E-05 9.99201E-05 9.99201E-05 0.999101 9.99201E-05 9.99201E-05
0.0766518 9.9946E-05 9.9946E-05 9.9946E-05 9.9946E-05 9.9946E-05 9.9946E-05 0.233345 0.0547128 0.634691
0.071348 9.9946E-05 9.9946E-05 9.9946E-05 9.9946E-05 9.9946E-05 9.9946E-05 0.204436 0.0904215 0.633195
0.00400594 0.0628007 9.99551E-05 9.99551E-05 9.99551E-05 0.0203991 9.99551E-05 0.208432 9.99551E-05 0.703862
9.9973E-05 0.051496 9.9973E-05 0.0495048 0.00134553 0.0650568 0.0581109 0.121401 9.9973E-05 0.652785
9.9964E-05 0.152549 0.0343561 0.0176806 9.9964E-05 9.9964E-05 9.9964E-05 0.143149 0.049435 0.602431
9.99281E-05 9.99281E-05 9.99281E-05 9.99281E-05 9.99281E-05 9.99281E-05 9.99281E-05 0.278332 9.99281E-05 0.720868
0.0254926 0.149492 9.9973E-05 9.9973E-05 0.00252681 0.00609792 9.9973E-05 0.29644 0.0614841 0.458167
0.0186603 0.017496 0.0381534 9.9973E-05 9.9973E-05 9.9973E-05 0.0653012 0.156473 0.0840221 0.619594
9.99201E-05 9.99201E-05 9.99201E-05 9.99201E-05 9.99201E-05 9.99201E-05 9.99201E-05 0.999101 9.99201E-05 9.99201E-05
9.99201E-05 9.99201E-05 9.99201E-05 9.99201E-05 9.99201E-05 9.99201E-05 9.99201E-05 0.999101 9.99201E-05 9.99201E-05
9.99201E-05 9.99201E-05 9.99201E-05 9.99201E-05 9.99201E-05 9.99201E-05 9.99201E-05 0.999101 9.99201E-05 9.99201E-05
0.000148221 9.9928E-05 9.9928E-05 9.9928E-05 9.9928E-05 9.9928E-05 9.9928E-05 0.999052 9.9928E-05 9.9928E-05
9.9937E-05 0.0229461 9.9937E-05 0.0600416 9.9937E-05 9.9937E-05 9.9937E-05 0.916313 9.9937E-05 9.9937E-05
0.00213044 0.0173228 0.00457263 0.0200748 0.0202759 9.9973E-05 0.00689323 0.92843 9.9973E-05 9.9973E-05
9.9964E-05 0.144396 9.9964E-05 9.9964E-05 0.0350268 9.9964E-05 0.0780095 0.159903 0.034887 0.547378
0.00952949 0.208847 9.9991E-05 0.0663025 0.0134917 0.104869 0.114356 0.215604 0.0251417 0.241758
9.9955E-05 0.0172508 9.9955E-05 9.9955E-05 0.00394194 0.043158 9.9955E-05 0.180863 9.9955E-05 0.754287
0.0194751 0.0661776 9.9955E-05 0.0127856 9.9955E-05 9.9955E-05 0.0693612 9.9955E-05 9.9955E-05 0.831701
9.9946E-05 9.9946E-05 9.9946E-05 0.0346392 0.011213 0.0880241 9.9946E-05 9.9946E-05 9.9946E-05 0.865524
0.0345507 9.9955E-05 9.9955E-05 9.9955E-05 9.9955E-05 0.0642142 0.0381199 0.0215234 9.9955E-05 0.841092
0.00121909 0.0430643 0.074087 0.0868331 0.00585027 9.9973E-05 9.9973E-05 9.9973E-05 0.0654875 0.723159
9.9946E-05 9.9946E-05 9.9946E-05 0.0844555 9.9946E-05 0.0272439 9.9946E-05 9.9946E-05 0.0371394 0.850561
0.00188068 9.9955E-05 0.025788 0.0266466 0.0200372 9.9955E-05 9.9955E-05 9.9955E-05 9.9955E-05 0.925148
9.9964E-05 0.0669354 0.0335508 9.9964E-05 0.0259469 0.0120773 0.00767847 9.9964E-05 9.9964E-05 0.853411
9.9955E-05 0.109923 0.125622 9.9955E-05 0.06652 9.9955E-05 0.0651619 9.9955E-05 9.9955E-05 0.632273
9.9973E-05 0.0689049 0.0267343 0.0244471 9.9973E-05 0.0864735 0.090246 9.9973E-05 0.0601644 0.64273
9.9955E-05 0.070236 0.00474758 9.9955E-05 0.0207219 9.9955E-05 9.9955E-05 9.9955E-05 0.0200371 0.883758
0.000274266 0.0422647 0.0494776 0.0298161 0.0569489 9.9991E-05 0.0717669 0.0170116 0.0141075 0.718232
9.9937E-05 9.9937E-05 0.13295 9.9937E-05 9.9937E-05 9.9937E-05 9.9937E-05 0.0380894 9.9937E-05 0.828261
9.9955E-05 9.9955E-05 9.9955E-05 0.0151664 0.00641607 0.0783871 0.0367128 9.9955E-05 9.9955E-05 0.862818
9.9982E-05 0.0393808 0.00571051 0.0263557 0.0591236 0.0149187 0.0596817 9.9982E-05 0.0219197 0.772709
9.9973E-05 0.00835004 0.110513 0.0258754 9.9973E-05 0.0911809 0.0282515 9.9973E-05 0.0433554 0.692174
9.9982E-05 0.00821628 0.102326 9.9982E-05 0.124135 0.0207055 0.0313259 0.0285003 0.0748262 0.609765
9.9955E-05 9.9955E-05 9.9955E-05 0.0921652 0.0789737 0.0716311 9.9955E-05 9.9955E-05 0.0141697 0.742561
9.9937E-05 9.9937E-05 0.0967817 9.9937E-05 9.9937E-05 9.9937E-05 9.9937E-05 0.0344839 9.9937E-05 0.868035
9.9955E-05 0.35733 0.0724091 0.0184308 9.9955E-05 0.11844 9.9955E-05 9.9955E-05 9.9955E-05 0.43289
9.9982E-05 0.0550297 0.115366 0.0464165 0.0464626 0.110056 0.0623658 9.9982E-05 0.0345786 0.529525
0.0202521 0.0986459 0.0382327 9.9973E-05 9.9973E-05 0.195625 0.0774858 9.9973E-05 0.0483088 0.521149
9.9964E-05 0.159213 0.0338177 9.9964E-05 0.00755022 0.278062 0.0227425 9.9964E-05 9.9964E-05 0.498216
0.0875576 0.644129 0.00410242 9.9982E-05 0.0935559 0.044511 0.0315225 9.9982E-05 0.0471688 0.0472524
0.0439641 0.705742 0.00402716 0.00294098 0.0172555 9.9991E-05 0.0790508 0.0187477 0.0516775 0.0764949
0.055211 0.573621 9.9964E-05 9.9964E-05 0.0685182 9.9964E-05 9.9964E-05 0.0310509 0.0431186 0.228081
0.032953 0.655471 0.0469896 9.9982E-05 0.0624182 0.0509635 0.0220783 9.9982E-05 0.0304405 0.0984857
9.9973E-05 0.443468 0.123742 9.9973E-05 0.0749614 0.0542956 0.085811 9.9973E-05 0.0509774 0.166445
9.99201E-05 0.999101 9.99201E-05 9.99201E-05 9.99201E-05 9.99201E-05 9.99201E-05 9.99201E-05 9.99201E-05 9.99201E-05
9.99201E-05 0.999101 9.99201E-05 9.99201E-05 9.99201E-05 9.99201E-05 9.99201E-05 9.99201E-05 9.99201E-05 9.99201E-05
0.0113093 0.462703 0.0271842 0.0273742 0.0391297 9.9982E-05 0.0284315 9.9982E-05 0.0491141 0.354553
9.9982E-05 0.396046 0.11813 9.9982E-05 0.0370571 0.0732532 0.103619 0.0374983 0.00930429 0.224892
0.0749317 0.262804 0.0737159 0.00213368 0.101713 9.9991E-05 0.00429053 0.0917657 0.0238876 0.364657
9.9964E-05 0.344426 9.9964E-05 9.9964E-05 9.9964E-05 0.284897 0.064845 0.038735 0.0365772 0.23012
9.9973E-05 0.604192 0.081379 0.00657457 0.0309416 9.9973E-05 0.0314942 9.9973E-05 0.103978 0.141141
9.9946E-05 0.898362 9.9946E-05 9.9946E-05 9.9946E-05 9.9946E-05 0.0377368 9.9946E-05 0.00611245 0.0571889
9.9973E-05 0.320636 0.104031 0.0349688 9.9973E-05 0.238863 0.0414057 0.0677497 9.9973E-05 0.192045
0.0434929 0.324377 0.118831 0.0361575 0.0395803 0.230818 0.0177348 0.0492435 0.00985604 0.129909
0.0279146 0.578528 0.00613912 9.9982E-05 0.0776323 0.124066 0.00674106 9.9982E-05 0.0657827 0.112996
9.9982E-05 0.412595 0.036348 9.9982E-05 0.0424705 0.192721 0.0542055 0.0637758 0.0332314 0.164453
0.0246553 0.472028 0.0479974 9.9973E-05 0.0392352 0.0807072 0.12469 9.9973E-05 9.9973E-05 0.210387
9.99281E-05 0.994988 9.99281E-05 9.99281E-05 9.99281E-05 9.99281E-05 9.99281E-05 0.00421305 9.99281E-05 9.99281E-05
9.9964E-05 0.373065 9.9964E-05 9.9964E-05 9.9964E-05 0.305562 0.0913847 0.0543036 0.0234162 0.151868
9.9964E-05 0.570419 9.9964E-05 0.0351686 0.0565458 0.00759792 0.118821 9.9964E-05 9.9964E-05 0.211049
0.0446501 0.567452 0.041752 0.033053 0.121426 0.0443594 9.9982E-05 0.00258682 9.9982E-05 0.144521
0.0590199 0.462159 0.153535 0.00292854 0.0132403 0.0101898 0.0424999 0.0153296 0.0450449 0.196053
0.0380157 0.889833 9.9955E-05 0.0467549 0.0154419 9.9955E-05 9.9955E-05 9.9955E-05 0.00945471 9.9955E-05
9.9955E-05 0.653891 9.9955E-05 9.9955E-05 0.0757029 0.100487 0.0229655 9.9955E-05 9.9955E-05 0.146453
9.9928E-05 0.934949 9.9928E-05 0.0642518 9.9928E-05 9.9928E-05 9.9928E-05 9.9928E-05 9.9928E-05 9.9928E-05
0.0632599 0.625636 0.0769161 9.9964E-05 0.0103875 0.21045 9.9964E-05 9.9964E-05 0.0129507 9.9964E-05
0.0163678 0.852424 9.99461E-05 0.0877951 0.0428135 9.99461E-05 9.99461E-05 9.99461E-05 9.99461E-05 9.99461E-05
0.0376879 0.441359 0.112921 9.9973E-05 0.0197478 9.9973E-05 0.0743171 9.9973E-05 0.00681006 0.306857
9.99371E-05 0.966379 9.99371E-05 0.0280791 9.99371E-05 9.99371E-05 9.99371E-05 9.99371E-05 0.00484217 9.99371E-05
0.0790115 0.665033 0.0782389 9.9973E-05 0.0335848 9.9973E-05 9.9973E-05 0.0326831 0.0321331 0.0790158
0.0158844 0.5647 0.0575824 0.0184594 0.0573978 0.184925 0.0241664 9.9991E-05 0.0554298 0.0213546
9.9973E-05 0.77588 0.0279672 9.9973E-05 0.00377306 9.9973E-05 0.0672097 0.0817658 0.037165 0.00593939
9.9946E-05 0.771322 0.0977612 9.9946E-05 9.9946E-05 9.9946E-05 0.0794723 0.0508449 9.9946E-05 9.9946E-05
9.999E-05 0.440106 0.140061 0.0219318 0.11485 0.185591 0.0354386 0.0426356 0.00906544 0.0102211
9.9955E-05 0.688214 0.0884577 0.0378426 9.9955E-05 0.0824909 0.102495 9.9955E-05 9.9955E-05 9.9955E-05
0.0110045 0.777723 0.0276137 9.9955E-05 9.9955E-05 0.128263 9.9955E-05 9.9955E-05 0.054896 9.9955E-05
0.141591 0.498312 0.0833053 0.10966 0.0655513 0.062707 9.9991E-05 0.0265619 0.00074764 0.0114643
9.9937E-05 9.9937E-05 0.956749 9.9937E-05 0.00131383 9.9937E-05 9.9937E-05 9.9937E-05 0.0412374 9.9937E-05
9.99201E-05 9.99201E-05 0.999101 9.99201E-05 9.99201E-05 9.99201E-05 9.99201E-05 9.99201E-05 9.99201E-05 9.99201E-05
9.99201E-05 9.99201E-05 0.999101 9.99201E-05 9.99201E-05 9.99201E-05 9.99201E-05 9.99201E-05 9.99201E-05 9.99201E-05
9.99201E-05 9.99201E-05 0.999101 9.99201E-05 9.99201E-05 9.99201E-05 9.99201E-05 9.99201E-05 9.99201E-05 9.99201E-05
9.99201E-05 9.99201E-05 0.999101 9.99201E-05 9.99201E-05 9.99201E-05 9.99201E-05 9.99201E-05 9.99201E-05 9.99201E-05
0.096829 0.0492293 0.240083 0.0231637 0.161806 0.1793 0.069035 9.9982E-05 9.9982E-05 0.180353
0.134077 0.153313 0.264362 0.0264494 0.0195066 0.245662 0.0374133 0.0214597 0.0481045 0.0496518
0.117286 0.224086 0.251325 9.99941E-05 0.0202037 0.239762 0.0108554 0.00789808 0.0691795 0.0593037
0.0631233 0.186603 0.157798 9.9991E-05 0.0602569 0.241182 0.0457514 0.048164 0.0860962 0.110925
0.0931284 0.13018 0.256233 9.9982E-05 0.107816 0.184773 0.08388 9.9982E-05 0.00457303 0.139216
0.124939 0.268331 0.173528 0.0373657 0.0149163 0.17037 0.085552 0.00605417 0.0917229 0.0272208
0.0743559 0.2141 0.158568 9.9991E-05 0.12322 0.147635 0.13951 0.0175969 0.0821043 0.0428091
0.0904327 0.287335 9.9982E-05 0.177497 0.0396084 0.310886 9.9982E-05 0.024039 0.018678 0.0513251
0.0217309 0.320122 9.9982E-05 0.163883 0.044399 0.335178 9.9982E-05 0.0290684 0.0413437 0.0440754
0.148372 0.219606 0.0351351 9.99853E-05 0.0461073 0.286549 0.153946 0.0204002 0.0896839 9.99853E-05
0.990005 9.9937E-05 9.9937E-05 0.00691695 9.9937E-05 9.9937E-05 0.00237869 9.9937E-05 9.9937E-05 9.9937E-05
0.889476 0.00575668 0.0368103 9.9955E-05 0.0226895 9.9955E-05 9.9955E-05 0.0447676 9.9955E-05 9.9955E-05
0.867483 9.9964E-05 9.9964E-05 0.0486085 0.0111524 0.0437687 9.9964E-05 0.00344308 9.9964E-05 0.0251448
0.996992 9.99281E-05 9.99281E-05 9.99281E-05 0.00220843 9.99281E-05 9.99281E-05 9.99281E-05 9.99281E-05 9.99281E-05
0.999101 9.99201E-05 9.99201E-05 9.99201E-05 9.99201E-05 9.99201E-05 9.99201E-05 9.99201E-05 9.99201E-05 9.99201E-05
0.999101 9.99201E-05 9.99201E-05 9.99201E-05 9.99201E-05 9.99201E-05 9.99201E-05 9.99201E-05 9.99201E-05 9.99201E-05
0.99404 9.99281E-05 9.99281E-05 9.99281E-05 9.99281E-05 9.99281E-05 9.99281E-05 9.99281E-05 0.00516069 9.99281E-05
0.916371 9.99461E-05 0.0579471 9.99461E-05 9.99461E-05 9.99461E-05 9.99461E-05 9.99461E-05 0.0101166 0.0149654
0.947406 9.99281E-05 9.99281E-05 9.99281E-05 9.99281E-05 9.99281E-05 0.0517941 9.99281E-05 9.99281E-05 9.99281E-05
0.996298 9.99281E-05 9.99281E-05 9.99281E-05 9.99281E-05 9.99281E-05 9.99281E-05 9.99281E-05 0.00290236 9.99281E-05
0.0628864 0.0392933 0.0879145 0.0357805 0.251699 0.287337 0.0888465 0.0114431 0.0650954 0.0697036
0.896155 0.0631819 9.9955E-05 0.0218549 0.00695479 9.9955E-05 9.9955E-05 9.9955E-05 0.0113538 9.9955E-05
0.991852 9.99281E-05 0.00734815 9.99281E-05 9.99281E-05 9.99281E-05 9.99281E-05 9.99281E-05 9.99281E-05 9.99281E-05
0.943678 9.9937E-05 9.9937E-05 0.0156562 9.9937E-05 0.0399666 9.9937E-05 9.9937E-05 9.9937E-05 9.9937E-05
9.99201E-05 9.99201E-05 9.99201E-05 9.99201E-05 9.99201E-05 0.999101 9.99201E-05 9.99201E-05 9.99201E-05 9.99201E-05
9.99201E-05 9.99201E-05 9.99201E-05 9.99201E-05 9.99201E-05 0.999101 9.99201E-05 9.99201E-05 9.99201E-05 9.99201E-05
9.99201E-05 9.99201E-05 9.99201E-05 9.99201E-05 9.99201E-05 0.999101 9.99201E-05 9.99201E-05 9.99201E-05 9.99201E-05
9.99201E-05 9.99201E-05 9.99201E-05 9.99201E-05 9.99201E-05 0.999101 9.99201E-05 9.99201E-05 9.99201E-05 9.99201E-05
0.00288073 0.0281026 0.0811908 0.0551067 0.133625 0.654704 0.04409 9.9973E-05 9.9973E-05 9.9973E-05
0.0156122 9.9973E-05 0.0259089 0.0809845 0.0798811 0.666182 0.000422324 9.9973E-05 9.9973E-05 0.130709
0.00919605 0.0354807 0.067679 0.0736529 0.0856999 0.646271 0.0135857 9.9982E-05 9.9982E-05 0.0682349
9.9964E-05 0.0277043 0.0963051 0.0356581 0.0570753 0.772153 0.0107041 9.9964E-05 9.9964E-05 9.9964E-05
0.115346 9.9955E-05 0.0492468 0.037693 9.9955E-05 0.765448 9.9955E-05 9.9955E-05 0.0317666 9.9955E-05
0.0750986 9.9973E-05 0.0384065 0.0547458 0.00218386 0.791832 9.9973E-05 0.00769522 0.0297386 9.9973E-05
0.0364097 0.0486742 0.164019 0.0239552 0.0613839 0.50119 0.0684536 9.9991E-05 0.00749138 0.0883234
0.0729986 0.0371378 9.9955E-05 0.105253 9.9955E-05 0.77098 9.9955E-05 9.9955E-05 9.9955E-05 0.0131313
9.9982E-05 0.121829 0.141602 0.0463576 0.0716191 0.50727 0.0373682 0.0259743 0.0477798 9.9982E-05
0.0448944 0.0946942 0.0993384 0.0501662 0.121965 0.464063 0.0296284 9.9991E-05 0.0409951 0.0541557
9.99461E-05 9.99461E-05 0.00560433 9.99461E-05 0.942302 9.99461E-05 0.0465854 9.99461E-05 9.99461E-05 0.00490813
0.0381626 9.9973E-05 9.9973E-05 0.0244838 0.887367 9.9973E-05 0.0308567 0.00684711 0.00246626 0.0095167
9.99201E-05 9.99201E-05 9.99201E-05 9.99201E-05 0.999101 9.99201E-05 9.99201E-05 9.99201E-05 9.99201E-05 9.99201E-05
9.99281E-05 0.0108704 9.99281E-05 9.99281E-05 0.98833 9.99281E-05 9.99281E-05 9.99281E-05 9.99281E-05 9.99281E-05
9.99201E-05 9.99201E-05 9.99201E-05 9.99201E-05 0.999101 9.99201E-05 9.99201E-05 9.99201E-05 9.99201E-05 9.99201E-05
9.99201E-05 9.99201E-05 9.99201E-05 9.99201E-05 0.999101 9.99201E-05 9.99201E-05 9.99201E-05 9.99201E-05 9.99201E-05
9.99281E-05 9.99281E-05 9.99281E-05 9.99281E-05 0.991218 9.99281E-05 9.99281E-05 9.99281E-05 9.99281E-05 0.00798292
9.9964E-05 0.0180346 0.0161279 0.147318 0.748148 9.9964E-05 0.0173983 0.0525731 9.9964E-05 9.9964E-05
9.99281E-05 9.99281E-05 9.99281E-05 9.99281E-05 0.995343 9.99281E-05 9.99281E-05 9.99281E-05 0.00385804 9.99281E-05
9.99201E-05 9.99201E-05 9.99201E-05 9.99201E-05 0.999101 9.99201E-05 9.99201E-05 9.99201E-05 9.99201E-05 9.99201E-05
0.0454916 9.9964E-05 9.9964E-05 0.0848338 0.805228 0.00366426 9.9964E-05 0.0540994 9.9964E-05 0.00628265
0.0122416 9.9946E-05 9.9946E-05 9.9946E-05 0.946335 0.0175401 0.0232832 9.9946E-05 9.9946E-05 9.9946E-05
0.0259994 0.0700263 0.0251344 0.0501322 0.723473 0.00335217 0.0304532 9.9982E-05 0.0712289 9.9982E-05
9.99201E-05 9.99201E-05 9.99201E-05 9.99201E-05 9.99201E-05 9.99201E-05 9.99201E-05 9.99201E-05 0.999101 9.99201E-05
0.128363 0.101799 0.125982 0.050556 0.171187 0.324628 0.0362342 0.00818056 0.0412537 0.0118166
9.99281E-05 9.99281E-05 9.99281E-05 9.99281E-05 9.99281E-05 0.00823108 9.99281E-05 9.99281E-05 0.990969 9.99281E-05
9.99201E-05 9.99201E-05 9.99201E-05 9.99201E-05 9.99201E-05 9.99201E-05 9.99201E-05 9.99201E-05 0.999101 9.99201E-05
0.0266189 9.99371E-05 9.99371E-05 0.036918 9.99371E-05 9.99371E-05 9.99371E-05 9.99371E-05 0.935764 9.99371E-05
9.9973E-05 0.0462437 0.0138655 0.010639 0.0616287 0.0492491 9.9973E-05 9.9973E-05 0.779919 0.038155
9.99201E-05 9.99201E-05 9.99201E-05 9.99201E-05 9.99201E-05 9.99201E-05 9.99201E-05 9.99201E-05 0.999101 9.99201E-05
9.9955E-05 0.0175659 0.041945 0.0606538 0.00262115 9.9955E-05 9.9955E-05 9.9955E-05 0.876714 9.9955E-05
0.00845533 9.9964E-05 0.00555784 0.00111532 9.9964E-05 9.9964E-05 9.9964E-05 0.0017204 0.96388 0.0188711
9.99461E-05 9.99461E-05 0.0019643 9.99461E-05 0.0132255 9.99461E-05 9.99461E-05 9.99461E-05 0.977117 0.00709325
9.99281E-05 9.99281E-05 9.99281E-05 9.99281E-05 9.99281E-05 9.99281E-05 9.99281E-05 9.99281E-05 0.991817 0.00738333
9.99281E-05 9.99281E-05 9.99281E-05 9.99281E-05 0.0232738 9.99281E-05 9.99281E-05 9.99281E-05 0.975927 9.99281E-05
0.00393843 9.99281E-05 9.99281E-05 9.99281E-05 9.99281E-05 9.99281E-05 9.99281E-05 9.99281E-05 0.995262 9.99281E-05
0.0118041 0.0168552 9.9973E-05 0.0220745 0.0564872 0.0613748 0.0366257 9.9973E-05 0.794479 9.9973E-05
9.9955E-05 0.00946124 9.9955E-05 0.00920213 9.9955E-05 0.0744234 9.9955E-05 0.0126062 0.893807 9.9955E-05
0.0268372 0.0352209 0.0300435 9.9964E-05 0.0548772 9.9964E-05 9.9964E-05 0.0186594 0.833962 9.9964E-05
9.9982E-05 0.0231484 0.0149542 0.0225581 0.0181287 0.0275163 0.0261907 0.00271469 0.864589 9.9982E-05
9.9964E-05 0.111697 0.00892573 9.9964E-05 9.9964E-05 0.0363105 0.0375215 9.9964E-05 0.792676 0.0124688
0.0118218 0.00913455 0.0102097 9.9955E-05 0.0524301 9.9955E-05 9.9955E-05 9.9955E-05 0.915904 9.9955E-05
0.0644568 0.130053 0.29932 0.11159 0.0431345 0.0099987 0.255511 0.0354124 0.0504242 9.9991E-05
0.0784105 0.169725 0.29039 0.11963 9.9982E-05 0.0378763 0.273764 0.0112902 0.0187144 9.9982E-05
0.0690405 0.147717 0.274296 0.107572 0.00472457 0.0192995 0.27379 0.0345564 0.068903 9.9991E-05
0.0419178 0.175994 0.275993 0.108613 0.0586932 9.9982E-05 0.24136 0.0294474 0.0677816 9.9982E-05
9.9937E-05 9.9937E-05 9.9937E-05 0.941217 0.0354165 9.9937E-05 9.9937E-05 9.9937E-05 9.9937E-05 0.0226666
9.99201E-05 9.99201E-05 9.99201E-05 0.999101 9.99201E-05 9.99201E-05 9.99201E-05 9.99201E-05 9.99201E-05 9.99201E-05
9.9946E-05 0.00424672 9.9946E-05 0.97634 9.9946E-05 0.0153702 9.9946E-05 9.9946E-05 0.00344374 9.9946E-05
9.99201E-05 9.99201E-05 9.99201E-05 0.999101 9.99201E-05 9.99201E-05 9.99201E-05 9.99201E-05 9.99201E-05 9.99201E-05
0.0129134 9.9946E-05 9.9946E-05 0.975233 0.00539287 0.0058613 9.9946E-05 9.9946E-05 9.9946E-05 9.9946E-05
0.00732324 9.9955E-05 0.0133123 0.95308 9.9955E-05 0.00984656 0.0159381 9.9955E-05 9.9955E-05 9.9955E-05
0.00702082 0.00581759 0.024557 0.893766 9.9964E-05 0.0433983 0.02504 9.9964E-05 9.9964E-05 9.9964E-05
9.9982E-05 0.0351183 9.9982E-05 0.659034 0.0249458 0.0583569 0.0250696 0.0390359 0.0603232 0.097916
9.9964E-05 0.0815871 0.00989694 0.818762 9.9964E-05 9.9964E-05 9.9964E-05 0.0285454 0.0288654 0.0319435
9.9937E-05 9.9937E-05 9.9937E-05 0.000302612 0.00652838 9.9937E-05 0.992469 9.9937E-05 9.9937E-05 9.9937E-05
9.99201E-05 9.99201E-05 9.99201E-05 9.99201E-05 9.99201E-05 9.99201E-05 0.999101 9.99201E-05 9.99201E-05 9.99201E-05
9.99201E-05 9.99201E-05 9.99201E-05 9.99201E-05 9.99201E-05 9.99201E-05 0.999101 9.99201E-05 9.99201E-05 9.99201E-05
9.99201E-05 9.99201E-05 9.99201E-05 9.99201E-05 9.99201E-05 9.99201E-05 0.999101 9.99201E-05 9.99201E-05 9.99201E-05
0.00826634 9.99371E-05 9.99371E-05 0.00768342 9.99371E-05 9.99371E-05 0.983351 9.99371E-05 9.99371E-05 9.99371E-05
9.9964E-05 9.9964E-05 0.026203 0.0132129 9.9964E-05 0.0682043 0.86079 9.9964E-05 0.0101084 0.021082
9.99201E-05 9.99201E-05 9.99201E-05 9.99201E-05 9.99201E-05 9.99201E-05 0.999101 9.99201E-05 9.99201E-05 9.99201E-05
9.99201E-05 9.99201E-05 9.99201E-05 9.99201E-05 9.99201E-05 9.99201E-05 0.999101 9.99201E-05 9.99201E-05 9.99201E-05
9.99281E-05 9.99281E-05 9.99281E-05 9.99281E-05 9.99281E-05 9.99281E-05 0.974313 9.99281E-05 0.0248875 9.99281E-05
0.0116019 0.00213231 9.9946E-05 9.9946E-05 0.01771 9.9946E-05 0.967956 9.9946E-05 9.9946E-05 9.9946E-05
9.99201E-05 9.99201E-05 9.99201E-05 9.99201E-05 9.99201E-05 9.99201E-05 0.999101 9.99201E-05 9.99201E-05 9.99201E-05
9.9946E-05 9.9946E-05 9.9946E-05 0.0132336 0.0141276 0.00409747 0.967942 9.9946E-05 9.9946E-05 9.9946E-05
