9.99201E-05 9.99201E-05 9.99201E-05 9.99201E-05 9.99201E-05 9.99201E-05 9.99201E-05 9.99201E-05 9.99201E-05 0.999101
0.0921387 0.00722595 0.067135 9.9955E-05 9.9955E-05 0.548739 9.9955E-05 9.9955E-05 9.9955E-05 0.284261
0.0540549 9.9946E-05 0.0945349 9.9946E-05 9.9946E-05 0.589753 9.9946E-05 9.9946E-05 9.9946E-05 0.261057
9.99371E-05 9.99371E-05 9.99371E-05 0.201831 9.99371E-05 0.559123 9.99371E-05 9.99371E-05 9.99371E-05 0.238347
9.9973E-05 0.0693454 9.9973E-05 0.0234811 9.9973E-05 0.641532 0.0177537 0.0965984 0.0505243 0.100465
9.9973E-05 9.9973E-05 0.0350682 0.155415 0.0119435 0.585661 0.0286348 9.9973E-05 0.00982626 0.173152
9.99281E-05 9.99281E-05 9.99281E-05 9.99281E-05 9.99281E-05 0.741909 9.99281E-05 9.99281E-05 9.99281E-05 0.257292
0.00125714 9.9964E-05 0.0724443 0.0976509 9.9964E-05 0.52926 0.0140477 9.9964E-05 9.9964E-05 0.28494
0.0259269 0.0492013 0.0639511 0.0408818 9.9973E-05 0.672063 0.00360458 9.9973E-05 9.9973E-05 0.144072
9.9928E-05 9.9928E-05 9.9928E-05 9.9928E-05 9.9928E-05 9.9928E-05 0.00794086 9.9928E-05 9.9928E-05 0.99126
9.99201E-05 9.99201E-05 9.99201E-05 9.99201E-05 9.99201E-05 9.99201E-05 9.99201E-05 9.99201E-05 9.99201E-05 0.999101
9.99201E-05 9.99201E-05 9.99201E-05 9.99201E-05 9.99201E-05 9.99201E-05 9.99201E-05 9.99201E-05 9.99201E-05 0.999101
9.99201E-05 9.99201E-05 9.99201E-05 9.99201E-05 9.99201E-05 9.99201E-05 9.99201E-05 9.99201E-05 9.99201E-05 0.999101
9.9946E-05 9.9946E-05 9.9946E-05 9.9946E-05 9.9946E-05 0.0175814 0.0281017 9.9946E-05 0.0153008 0.938417
9.9946E-05 9.9946E-05 9.9946E-05 9.9946E-05 9.9946E-05 9.9946E-05 0.00730184 0.0235618 0.00395502 0.964582
9.9955E-05 0.0126491 0.0280162 0.35602 9.9955E-05 0.442645 9.9955E-05 9.9955E-05 9.9955E-05 0.16017
0.108899 9.9991E-05 0.0415527 0.017595 0.0211159 0.347985 0.0662455 0.0252203 0.139601 0.231686
9.9964E-05 0.017093 9.9964E-05 0.143941 0.0327875 0.621294 9.9964E-05 9.9964E-05 0.0026342 0.18185
9.99371E-05 0.0335515 9.99371E-05 9.99371E-05 9.99371E-05 0.902897 9.99371E-05 9.99371E-05 0.0628518 9.99371E-05
9.9946E-05 9.9946E-05 9.9946E-05 9.9946E-05 0.0131873 0.946634 9.9946E-05 0.00968241 0.0298961 9.9946E-05
0.0261205 0.023161 9.9955E-05 9.9955E-05 0.0139269 0.908601 9.9955E-05 9.9955E-05 9.9955E-05 0.0276904
0.0263504 9.9973E-05 0.0518182 0.0419393 9.9973E-05 0.766083 0.020677 0.0239647 0.0688679 9.9973E-05
0.0121615 9.9955E-05 0.0312628 9.9955E-05 9.9955E-05 0.79362 0.0335522 9.9955E-05 0.128904 9.9955E-05
9.9946E-05 9.9946E-05 9.9946E-05 9.9946E-05 9.9946E-05 0.928422 9.9946E-05 0.0369879 0.0198404 0.01415
0.0101681 0.00173672 9.9964E-05 9.9964E-05 9.9964E-05 0.878847 0.0792469 0.000517886 0.0290833 9.9964E-05
9.9955E-05 0.0276929 9.9955E-05 0.139531 0.102905 0.675792 9.9955E-05 0.0535799 9.9955E-05 9.9955E-05
9.9964E-05 0.06513 0.0607902 0.0512286 0.00710938 0.787683 9.9964E-05 9.9964E-05 0.0276593 9.9964E-05
0.0241096 9.9955E-05 0.000674942 0.0704458 9.9955E-05 0.890876 9.9955E-05 0.0133936 9.9955E-05 9.9955E-05
9.999E-05 0.0231303 0.000387068 0.0446188 0.0910511 0.71819 0.0140078 0.0365983 0.0285453 0.0433715
9.9937E-05 9.9937E-05 9.9937E-05 9.9937E-05 0.0691701 0.874948 9.9937E-05 9.9937E-05 9.9937E-05 0.0551825
0.00120705 0.0203159 9.9964E-05 9.9964E-05 9.9964E-05 0.929816 9.9964E-05 0.000267964 0.0314931 0.0165004
0.0332548 0.0556307 9.9964E-05 9.9964E-05 9.9964E-05 0.764251 0.0952367 0.0416409 0.00958571 9.9964E-05
0.0443917 0.00292219 0.0326225 9.9964E-05 0.148429 0.76191 0.00932533 9.9964E-05 9.9964E-05 9.9964E-05
9.9982E-05 9.9982E-05 0.0727101 0.0131889 0.123025 0.599446 0.00361776 0.11445 0.00880293 0.0645595
9.9955E-05 9.9955E-05 0.0891458 9.9955E-05 9.9955E-05 0.741015 0.024308 0.0163013 0.12873 9.9955E-05
9.9946E-05 9.9946E-05 9.9946E-05 0.00710804 9.9946E-05 0.943235 9.9946E-05 9.9946E-05 0.00953524 0.0395219
9.9955E-05 0.0272909 9.9955E-05 0.109847 0.160261 0.53605 0.166051 9.9955E-05 9.9955E-05 9.9955E-05
9.9973E-05 0.0827927 0.0176664 0.0336163 0.249312 0.578115 0.00192213 9.9973E-05 0.036275 9.9973E-05
0.0245973 0.070977 0.06227 0.0182772 0.237486 0.541203 0.0448897 9.9973E-05 9.9973E-05 9.9973E-05
9.9973E-05 0.0197948 9.9973E-05 0.0465822 0.29574 0.550379 0.0450247 9.9973E-05 0.0353575 0.00682109
0.0408582 0.0121151 0.00674862 0.770087 0.0391285 0.0733223 9.9973E-05 0.0574401 9.9973E-05 9.9973E-05
9.9964E-05 0.115027 0.0065185 0.758028 0.0192975 0.070903 9.9964E-05 0.0298258 9.9964E-05 9.9964E-05
0.0265355 9.9964E-05 0.054673 0.563209 9.9964E-05 0.23168 9.9964E-05 0.0774934 9.9964E-05 0.0460092
0.0106141 0.0259147 0.00377432 0.791693 0.00194183 0.128511 9.9973E-05 0.0372514 9.9973E-05 9.9973E-05
9.9982E-05 0.0440688 0.0986043 0.228806 0.14356 0.240122 0.159815 0.0797779 0.00504689 9.9982E-05
9.99201E-05 9.99201E-05 9.99201E-05 9.99201E-05 9.99201E-05 9.99201E-05 0.999101 9.99201E-05 9.99201E-05 9.99201E-05
9.99201E-05 9.99201E-05 9.99201E-05 9.99201E-05 9.99201E-05 9.99201E-05 0.999101 9.99201E-05 9.99201E-05 9.99201E-05
9.9982E-05 0.0413565 0.025644 0.3339 0.0183542 0.392992 0.0971865 0.0505298 0.0398372 9.9982E-05
9.9982E-05 0.0701 0.0614284 0.242226 0.0849898 0.185211 0.143831 0.123224 9.9982E-05 0.0887893
0.0206632 0.0521836 0.0347138 0.204007 0.0456415 0.40553 0.0750602 0.0983472 0.00493907 0.0589146
0.0364649 0.0463143 0.0904686 0.078166 0.233062 0.288604 0.199585 9.9982E-05 9.9982E-05 0.0271346
9.9982E-05 0.0328314 0.064963 0.357584 0.0921492 0.206304 0.172171 0.0351714 0.0386264 9.9982E-05
9.9964E-05 0.0209731 9.9964E-05 9.9964E-05 0.0538067 9.9964E-05 0.840483 0.0399696 0.0152286 0.0291388
9.9973E-05 0.0610437 9.9973E-05 0.0500725 0.39131 0.218383 0.1159 9.9973E-05 0.109617 0.0533739
0.00292066 0.0388007 0.0267298 0.0198186 0.35781 0.236882 0.179875 0.045501 0.0484044 0.0432582
0.045085 9.9973E-05 0.0880941 0.391272 0.0827675 0.176658 0.138881 0.0769423 9.9973E-05 9.9973E-05
0.000878196 0.0605648 0.0858477 0.0785648 0.234644 0.176011 0.18365 0.0808057 9.9991E-05 0.0989334
0.0378174 0.0790954 9.9982E-05 0.319733 0.102855 0.256128 0.0878576 0.0640607 0.052253 9.9982E-05
9.99201E-05 9.99201E-05 9.99201E-05 9.99201E-05 9.99201E-05 9.99201E-05 0.999101 9.99201E-05 9.99201E-05 9.99201E-05
0.0199107 0.108581 0.0954639 0.0413478 0.200192 0.296917 0.176662 0.00539822 9.9991E-05 0.0554265
0.0209368 0.0789869 0.00177096 0.0307132 9.9982E-05 0.223822 0.511638 0.085499 0.0464333 9.9982E-05
0.0255008 0.0315857 9.9973E-05 0.374346 0.0731402 0.157382 0.243758 0.0939876 9.9973E-05 9.9973E-05
0.0232115 0.0356234 0.0500635 0.44581 0.132996 0.163772 0.0684921 0.0264141 0.0366317 0.016985
0.00873505 9.9946E-05 9.9946E-05 0.918501 9.9946E-05 9.9946E-05 9.9946E-05 0.000262235 0.071902 9.9946E-05
9.9973E-05 0.0524783 9.9973E-05 0.338102 0.134934 0.176172 0.225653 0.0571449 9.9973E-05 0.015217
9.99201E-05 9.99201E-05 9.99201E-05 0.999101 9.99201E-05 9.99201E-05 9.99201E-05 9.99201E-05 9.99201E-05 9.99201E-05
0.0177895 9.9946E-05 9.9946E-05 0.58109 0.350235 9.9946E-05 0.0502859 9.9946E-05 9.9946E-05 9.9946E-05
9.9928E-05 9.9928E-05 9.9928E-05 0.949399 9.9928E-05 9.9928E-05 9.9928E-05 9.9928E-05 0.0498014 9.9928E-05
9.9973E-05 0.0631926 0.0100687 0.430802 0.126427 0.278605 0.0477376 0.0428671 9.9973E-05 9.9973E-05
9.99201E-05 9.99201E-05 9.99201E-05 0.999101 9.99201E-05 9.99201E-05 9.99201E-05 9.99201E-05 9.99201E-05 9.99201E-05
0.0713194 9.9982E-05 0.0469116 0.433863 0.0922455 0.139077 0.155686 0.0247004 9.9982E-05 0.0359976
0.0277998 0.0280044 0.00622568 0.387616 0.264339 0.0833701 0.102318 0.0583155 0.0419114 9.9991E-05
9.9955E-05 0.0560371 9.9955E-05 0.729874 9.9955E-05 0.0480806 0.0779562 9.9955E-05 9.9955E-05 0.0875523
9.9964E-05 0.0537427 9.9964E-05 0.699594 0.0753965 0.039488 0.0857177 9.9964E-05 9.9964E-05 0.0456607
9.999E-05 0.0179656 0.0132439 0.380833 0.336087 0.0189867 0.0971591 0.0739721 0.0202194 0.0414327
0.00355516 0.0772531 9.9973E-05 0.535091 0.134334 0.0916318 0.114765 9.9973E-05 0.0430701 9.9973E-05
0.0264772 0.0137856 0.0309274 0.617525 0.170133 0.00900262 0.131849 9.9973E-05 9.9973E-05 9.9973E-05
0.116086 9.9982E-05 9.9982E-05 0.484227 0.181673 0.0441585 0.0373386 0.0138417 0.088228 0.0342469
9.9955E-05 0.0237013 0.0763151 9.9955E-05 0.869711 9.9955E-05 9.9955E-05 0.012392 0.0173808 9.9955E-05
9.9928E-05 9.9928E-05 9.9928E-05 0.00856886 0.990632 9.9928E-05 9.9928E-05 9.9928E-05 9.9928E-05 9.9928E-05
9.99461E-05 9.99461E-05 0.0325006 9.99461E-05 0.950158 9.99461E-05 0.00671477 9.99461E-05 9.99461E-05 0.0100271
9.9937E-05 9.9937E-05 9.9937E-05 0.0283617 0.961591 9.9937E-05 0.0093482 9.9937E-05 9.9937E-05 9.9937E-05
9.9946E-05 9.9946E-05 0.00478749 0.0243107 0.962202 0.00810066 9.9946E-05 9.9946E-05 9.9946E-05 9.9946E-05
0.0712168 0.0101253 9.9982E-05 0.048581 0.47302 0.266069 0.0162235 0.108801 9.9982E-05 0.00576334
0.179551 0.0574857 9.9982E-05 0.166142 0.518435 0.0196377 0.0177671 0.0262863 9.9982E-05 0.0144948
0.136295 0.0166297 0.0787916 0.137112 0.527508 0.0552406 0.031634 9.9982E-05 9.9982E-05 0.0165895
0.0324349 0.0399754 0.086448 0.0941391 0.471291 0.174194 0.0245477 0.0323336 0.00686386 0.0377725
0.0782874 0.0371755 9.9973E-05 0.118726 0.477159 0.168963 9.9973E-05 0.110827 9.9973E-05 0.00856086
0.0950282 0.0802336 0.00982341 0.185802 0.50463 0.0210703 0.0288524 0.0614699 0.00196102 0.0111293
0.0904807 0.109108 0.133783 0.145431 0.310105 0.0208675 0.023858 0.149181 0.0105612 0.00662588
0.0520125 9.9991E-05 0.0487029 0.102169 0.307575 0.0716338 0.128533 0.0732213 0.186862 0.0291907
0.0347762 9.9991E-05 0.0573999 0.111597 0.279608 0.0551189 0.143322 0.12137 0.167205 0.0295029
0.166279 0.143844 0.0791862 0.0453579 0.389096 0.0344485 0.0890847 0.0282193 9.9991E-05 0.0243842
0.982805 0.00589974 0.0105957 9.99371E-05 9.99371E-05 9.99371E-05 9.99371E-05 9.99371E-05 9.99371E-05 9.99371E-05
0.874277 9.9955E-05 9.9955E-05 9.9955E-05 0.0497623 0.0214124 9.9955E-05 0.0236441 9.9955E-05 0.0304047
0.865253 0.0273728 0.0175251 0.0104736 0.0168673 0.00436083 0.0128495 9.9991E-05 0.0396689 0.00552883
0.999101 9.99201E-05 9.99201E-05 9.99201E-05 9.99201E-05 9.99201E-05 9.99201E-05 9.99201E-05 9.99201E-05 9.99201E-05
0.999101 9.99201E-05 9.99201E-05 9.99201E-05 9.99201E-05 9.99201E-05 9.99201E-05 9.99201E-05 9.99201E-05 9.99201E-05
0.999101 9.99201E-05 9.99201E-05 9.99201E-05 9.99201E-05 9.99201E-05 9.99201E-05 9.99201E-05 9.99201E-05 9.99201E-05
0.986318 9.99281E-05 9.99281E-05 9.99281E-05 9.99281E-05 0.0128823 9.99281E-05 9.99281E-05 9.99281E-05 9.99281E-05
0.868449 9.9946E-05 9.9946E-05 0.0139704 9.9946E-05 0.067691 0.0492902 9.9946E-05 9.9946E-05 9.9946E-05
0.992184 9.99281E-05 9.99281E-05 9.99281E-05 9.99281E-05 9.99281E-05 9.99281E-05 0.00701623 9.99281E-05 9.99281E-05
0.999101 9.99201E-05 9.99201E-05 9.99201E-05 9.99201E-05 9.99201E-05 9.99201E-05 9.99201E-05 9.99201E-05 9.99201E-05
0.0834729 0.0437965 0.072428 0.0463837 0.368564 0.0545855 0.0100143 0.264102 0.0565526 9.9991E-05
0.938745 0.00437809 9.9964E-05 0.00191484 0.0361061 9.9964E-05 0.0165029 9.9964E-05 9.9964E-05 0.00195326
0.934099 9.9946E-05 0.0249469 9.9946E-05 0.0362214 9.9946E-05 9.9946E-05 9.9946E-05 0.00413295 9.9946E-05
0.970996 0.00710527 9.9937E-05 9.9937E-05 9.9937E-05 9.9937E-05 9.9937E-05 9.9937E-05 0.0211996 9.9937E-05
9.99281E-05 9.99281E-05 9.99281E-05 9.99281E-05 0.991144 9.99281E-05 9.99281E-05 0.00805658 9.99281E-05 9.99281E-05
9.99201E-05 9.99201E-05 9.99201E-05 9.99201E-05 0.999101 9.99201E-05 9.99201E-05 9.99201E-05 9.99201E-05 9.99201E-05
9.99201E-05 9.99201E-05 9.99201E-05 9.99201E-05 0.999101 9.99201E-05 9.99201E-05 9.99201E-05 9.99201E-05 9.99201E-05
9.99201E-05 9.99201E-05 9.99201E-05 9.99201E-05 0.999101 9.99201E-05 9.99201E-05 9.99201E-05 9.99201E-05 9.99201E-05
0.00926643 0.0409433 0.0278196 9.9973E-05 0.795637 9.9973E-05 0.00522213 0.0862526 0.0345594 9.9973E-05
9.9955E-05 0.00371394 9.9955E-05 9.9955E-05 0.723776 0.091239 9.9955E-05 0.0665381 0.114234 9.9955E-05
0.0468252 9.9964E-05 9.9964E-05 9.9964E-05 0.860687 0.00241469 0.0227127 0.0103753 0.0565854 9.9964E-05
0.0113156 9.9955E-05 9.9955E-05 9.9955E-05 0.839228 9.9955E-05 0.00158382 0.0973296 0.0500428 9.9955E-05
0.0763965 9.9946E-05 0.0729623 9.9946E-05 0.822729 9.9946E-05 9.9946E-05 9.9946E-05 0.027313 9.9946E-05
0.0574713 9.9955E-05 0.0228757 9.9955E-05 0.891137 9.9955E-05 9.9955E-05 0.00451521 0.0235014 9.9955E-05
0.0138184 0.0488502 0.0278209 0.00807319 0.785646 0.0677174 9.9982E-05 0.0164423 0.0314318 9.9982E-05
0.0668346 0.0194011 0.0209518 9.9964E-05 0.782079 0.0130388 9.9964E-05 9.9964E-05 0.0972947 9.9964E-05
9.9982E-05 0.0224811 0.0369407 0.0250484 0.748197 9.9982E-05 0.0353147 0.0678966 0.0434162 0.0205053
0.0332876 0.00809993 0.0257147 0.0375341 0.748512 0.0286622 0.00863546 0.0883412 0.0211128 9.9991E-05
9.9955E-05 9.9955E-05 0.0320841 9.9955E-05 0.0124037 0.00154124 9.9955E-05 0.941207 0.0122644 9.9955E-05
0.0187813 0.0530985 9.9964E-05 9.9964E-05 9.9964E-05 0.0144282 9.9964E-05 0.87358 0.0307276 0.00898471
9.9928E-05 9.9928E-05 9.9928E-05 9.9928E-05 0.0248183 9.9928E-05 9.9928E-05 0.974382 9.9928E-05 9.9928E-05
9.99281E-05 0.00940699 9.99281E-05 9.99281E-05 9.99281E-05 9.99281E-05 9.99281E-05 0.989794 9.99281E-05 9.99281E-05
9.9928E-05 0.0043076 9.9928E-05 9.9928E-05 9.9928E-05 9.9928E-05 9.9928E-05 0.994893 9.9928E-05 9.9928E-05
0.00710416 9.9937E-05 9.9937E-05 9.9937E-05 9.9937E-05 0.0142128 9.9937E-05 0.977983 9.9937E-05 9.9937E-05
9.99281E-05 9.99281E-05 9.99281E-05 9.99281E-05 9.99281E-05 9.99281E-05 0.00326139 0.995939 9.99281E-05 9.99281E-05
9.9964E-05 0.0242542 9.9964E-05 0.0465005 9.9964E-05 9.9964E-05 0.00256134 0.771677 0.129743 0.0248642
9.99281E-05 9.99281E-05 0.0187491 9.99281E-05 9.99281E-05 9.99281E-05 9.99281E-05 0.980451 9.99281E-05 9.99281E-05
9.99201E-05 9.99201E-05 9.99201E-05 9.99201E-05 9.99201E-05 9.99201E-05 9.99201E-05 0.999101 9.99201E-05 9.99201E-05
0.0461048 9.9964E-05 0.00142135 0.0140676 9.9964E-05 9.9964E-05 9.9964E-05 0.832192 0.0412104 0.0646039
9.99371E-05 0.00426677 9.99371E-05 9.99371E-05 0.0126239 9.99371E-05 9.99371E-05 0.98241 9.99371E-05 9.99371E-05
9.9973E-05 0.0395373 0.0661085 0.0753441 0.0615483 9.9973E-05 9.9973E-05 0.73668 0.0190473 0.00143432
9.99201E-05 9.99201E-05 0.999101 9.99201E-05 9.99201E-05 9.99201E-05 9.99201E-05 9.99201E-05 9.99201E-05 9.99201E-05
0.105598 0.0649568 0.0712416 0.0177759 0.529562 9.9982E-05 0.0628641 0.116612 0.0311892 9.9982E-05
9.99201E-05 9.99201E-05 0.999101 9.99201E-05 9.99201E-05 9.99201E-05 9.99201E-05 9.99201E-05 9.99201E-05 9.99201E-05
9.99201E-05 9.99201E-05 0.999101 9.99201E-05 9.99201E-05 9.99201E-05 9.99201E-05 9.99201E-05 9.99201E-05 9.99201E-05
9.99371E-05 9.99371E-05 0.94226 9.99371E-05 9.99371E-05 9.99371E-05 0.000275538 9.99371E-05 0.0567647 9.99371E-05
0.0308561 0.0359033 0.773629 9.9991E-05 0.0263479 0.0145202 0.0103156 0.0841077 0.0111796 0.0130405
9.99201E-05 9.99201E-05 0.999101 9.99201E-05 9.99201E-05 9.99201E-05 9.99201E-05 9.99201E-05 9.99201E-05 9.99201E-05
9.9946E-05 9.9946E-05 0.83529 9.9946E-05 0.0950347 9.9946E-05 9.9946E-05 0.0260175 0.0430577 9.9946E-05
0.00691124 9.99371E-05 0.988186 9.99371E-05 9.99371E-05 9.99371E-05 9.99371E-05 9.99371E-05 0.00420352 9.99371E-05
9.9946E-05 9.9946E-05 0.913133 9.9946E-05 9.9946E-05 0.032709 0.00210952 0.051449 9.9946E-05 9.9946E-05
0.00609961 9.9937E-05 0.992339 9.9937E-05 9.9937E-05 9.9937E-05 9.9937E-05 9.9937E-05 9.9937E-05 0.000861684
9.9964E-05 0.0247155 0.938693 0.00226562 0.012056 9.9964E-05 0.0135102 0.00835942 9.9964E-05 9.9964E-05
0.00208175 9.9937E-05 0.969625 9.9937E-05 9.9937E-05 9.9937E-05 9.9937E-05 0.027594 9.9937E-05 9.9937E-05
0.0351599 0.0556298 0.820238 0.00496963 0.0101032 9.9973E-05 0.0126046 0.0609952 9.9973E-05 9.9973E-05
9.9964E-05 0.0146605 0.920633 0.0390432 0.0129008 9.9964E-05 0.00367287 9.9964E-05 0.00869016 9.9964E-05
9.9982E-05 9.9982E-05 0.855068 0.041611 0.0129171 0.00455799 0.00753968 0.0244277 0.0514571 0.00222183
0.00477276 0.05214 0.853819 0.0552357 9.9973E-05 9.9973E-05 9.9973E-05 0.0038909 0.0287154 0.00112618
0.0092412 0.0411505 0.86541 0.0510633 9.9973E-05 9.9973E-05 0.000601477 9.9973E-05 0.00252581 0.0297078
0.0235784 0.00143482 0.923153 0.0123589 9.9973E-05 9.9973E-05 9.9973E-05 0.0227575 0.015748 0.000669063
0.0363134 0.273437 0.0330554 0.200968 0.279718 9.9982E-05 9.9982E-05 0.0456363 0.0867263 0.0439467
0.0584902 0.239382 0.047628 0.185581 0.318881 9.9973E-05 9.9973E-05 0.0658819 0.0838555 9.9973E-05
0.083806 0.266778 0.0672618 0.240556 0.19175 9.9973E-05 9.9973E-05 9.9973E-05 0.083519 0.0660283
0.0462789 0.254472 0.0644572 0.202474 0.252855 9.9982E-05 9.9982E-05 0.00936071 0.113839 0.0560631
0.0105414 9.9964E-05 0.00243279 0.0202769 9.9964E-05 0.00366967 9.9964E-05 0.0285387 0.934141 9.9964E-05
9.99201E-05 9.99201E-05 9.99201E-05 9.99201E-05 9.99201E-05 9.99201E-05 9.99201E-05 9.99201E-05 0.999101 9.99201E-05
0.00283819 0.0520869 0.00729788 9.9955E-05 0.020432 9.9955E-05 9.9955E-05 9.9955E-05 0.916845 9.9955E-05
9.99201E-05 9.99201E-05 9.99201E-05 9.99201E-05 9.99201E-05 9.99201E-05 9.99201E-05 9.99201E-05 0.999101 9.99201E-05
0.00206681 9.9946E-05 9.9946E-05 9.9946E-05 0.038693 9.9946E-05 9.9946E-05 9.9946E-05 0.946859 0.0117819
0.0114887 9.9946E-05 9.9946E-05 9.9946E-05 0.00763577 9.9946E-05 0.00928168 9.9946E-05 0.970994 9.9946E-05
0.0147486 0.00222915 9.9964E-05 9.9964E-05 0.0109176 9.9964E-05 0.00822491 0.00514161 0.958338 9.9964E-05
9.9991E-05 0.0202036 0.00696751 0.0338977 0.0467954 0.0506718 0.00722777 0.0469537 0.755184 0.0319984
9.9982E-05 0.0248129 0.016779 0.0256967 0.0680826 0.0527462 0.027192 9.9982E-05 0.783227 0.00126354
9.99281E-05 0.987503 9.99281E-05 9.99281E-05 9.99281E-05 9.99281E-05 0.0116976 9.99281E-05 9.99281E-05 9.99281E-05
9.99281E-05 0.985128 9.99281E-05 9.99281E-05 9.99281E-05 9.99281E-05 9.99281E-05 9.99281E-05 0.0140724 9.99281E-05
9.99201E-05 0.999101 9.99201E-05 9.99201E-05 9.99201E-05 9.99201E-05 9.99201E-05 9.99201E-05 9.99201E-05 9.99201E-05
9.99201E-05 0.999101 9.99201E-05 9.99201E-05 9.99201E-05 9.99201E-05 9.99201E-05 9.99201E-05 9.99201E-05 9.99201E-05
9.99201E-05 0.999101 9.99201E-05 9.99201E-05 9.99201E-05 9.99201E-05 9.99201E-05 9.99201E-05 9.99201E-05 9.99201E-05
9.9964E-05 0.832479 9.9964E-05 0.00703229 0.104706 0.0492049 0.00552343 9.9964E-05 9.9964E-05 0.000654464
9.99201E-05 0.999101 9.99201E-05 9.99201E-05 9.99201E-05 9.99201E-05 9.99201E-05 9.99201E-05 9.99201E-05 9.99201E-05
9.99201E-05 0.999101 9.99201E-05 9.99201E-05 9.99201E-05 9.99201E-05 9.99201E-05 9.99201E-05 9.99201E-05 9.99201E-05
9.99201E-05 0.999101 9.99201E-05 9.99201E-05 9.99201E-05 9.99201E-05 9.99201E-05 9.99201E-05 9.99201E-05 9.99201E-05
0.0306797 0.937737 9.9955E-05 9.9955E-05 0.00488562 9.9955E-05 0.0137749 0.012423 9.9955E-05 9.9955E-05
0.000720736 0.99848 9.99281E-05 9.99281E-05 9.99281E-05 9.99281E-05 9.99281E-05 9.99281E-05 9.99281E-05 9.99281E-05
0.00324135 0.988589 9.9946E-05 9.9946E-05 9.9946E-05 9.9946E-05 0.00437573 0.00319469 9.9946E-05 9.9946E-05
