0.999101 9.99201E-05 9.99201E-05 9.99201E-05 9.99201E-05 9.99201E-05 9.99201E-05 9.99201E-05 9.99201E-05 9.99201E-05
0.0842268 9.9955E-05 0.0457176 9.9955E-05 0.0191329 9.9955E-05 0.812888 0.0375351 9.9955E-05 9.9955E-05
0.0968788 9.9946E-05 0.077792 9.9946E-05 9.9946E-05 9.9946E-05 0.787908 0.0368216 9.9946E-05 9.9946E-05
9.99201E-05 9.99201E-05 9.99201E-05 9.99201E-05 9.99201E-05 9.99201E-05 0.999101 9.99201E-05 9.99201E-05 9.99201E-05
9.997E-05 0.0114506 9.997E-05 0.0864888 0.137088 0.0655848 0.602089 9.997E-05 0.0829693 0.0140293
0.0532773 9.9973E-05 0.0036525 0.00315287 0.142907 0.221727 0.525078 9.9973E-05 9.9973E-05 0.0499055
0.155748 9.9937E-05 9.9937E-05 9.9937E-05 0.28507 9.9937E-05 0.558483 9.9937E-05 9.9937E-05 9.9937E-05
0.172386 0.00768089 0.0569324 0.0131134 0.170212 0.0754715 0.501082 0.00292193 9.9982E-05 9.9982E-05
0.0634172 0.00743954 0.0583831 9.9982E-05 0.183671 0.0316612 0.610717 0.0202088 0.0243025 9.9982E-05
0.999101 9.99201E-05 9.99201E-05 9.99201E-05 9.99201E-05 9.99201E-05 9.99201E-05 9.99201E-05 9.99201E-05 9.99201E-05
0.999101 9.99201E-05 9.99201E-05 9.99201E-05 9.99201E-05 9.99201E-05 9.99201E-05 9.99201E-05 9.99201E-05 9.99201E-05
0.999101 9.99201E-05 9.99201E-05 9.99201E-05 9.99201E-05 9.99201E-05 9.99201E-05 9.99201E-05 9.99201E-05 9.99201E-05
0.983259 0.0139952 9.9937E-05 9.9937E-05 9.9937E-05 9.9937E-05 9.9937E-05 0.00204624 9.9937E-05 9.9937E-05
0.885519 9.9946E-05 9.9946E-05 0.0568768 0.0502044 9.9946E-05 9.9946E-05 9.9946E-05 0.00680034 9.9946E-05
0.933967 9.9946E-05 0.019986 9.9946E-05 9.9946E-05 0.00359931 0.0418482 9.9946E-05 9.9946E-05 9.9946E-05
0.0876492 0.027763 0.0319921 9.9973E-05 0.12385 0.214858 0.460554 9.9973E-05 0.053034 9.9973E-05
0.140851 0.0583936 0.00455618 0.0682082 0.0549871 0.133068 0.356152 0.0103602 0.0836706 0.0897532
9.9928E-05 9.9928E-05 9.9928E-05 9.9928E-05 9.9928E-05 9.9928E-05 0.987196 9.9928E-05 9.9928E-05 0.0120048
9.996E-05 9.996E-05 9.996E-05 0.0402619 0.853468 0.00791726 0.069972 0.0051004 0.0228803 9.996E-05
9.99371E-05 9.99371E-05 9.99371E-05 0.0210044 0.973914 9.99371E-05 9.99371E-05 9.99371E-05 0.00438234 9.99371E-05
0.0702978 9.9955E-05 9.9955E-05 9.9955E-05 0.763588 9.9955E-05 0.112973 9.9955E-05 0.0102667 0.0423752
9.9973E-05 0.0192841 0.0691746 0.0820986 0.718148 0.0476082 0.0626236 0.000763273 9.9973E-05 9.9973E-05
0.0115421 9.9955E-05 0.0215263 0.0654729 0.888225 9.9955E-05 9.9955E-05 9.9955E-05 0.0127335 9.9955E-05
0.0338305 9.9946E-05 0.014419 0.0439924 0.907158 9.9946E-05 9.9946E-05 9.9946E-05 9.9946E-05 9.9946E-05
9.9946E-05 0.00993173 9.9946E-05 9.9946E-05 0.985233 0.000498955 9.9946E-05 0.00373648 9.9946E-05 9.9946E-05
0.00461656 0.0544866 9.9964E-05 9.9964E-05 0.675958 0.164941 9.9964E-05 9.9964E-05 0.0323512 0.0672468
9.9964E-05 0.0083519 0.0513531 0.0264861 0.807125 9.9964E-05 9.9964E-05 9.9964E-05 0.101942 0.00434208
9.9946E-05 9.9946E-05 0.015635 9.9946E-05 0.932157 0.00557412 0.046034 9.9946E-05 9.9946E-05 9.9946E-05
0.0517627 0.0202929 9.9964E-05 9.9964E-05 0.731246 0.0253495 0.0355805 9.9964E-05 9.9964E-05 0.135369
0.0223484 9.9946E-05 9.9946E-05 9.9946E-05 0.750706 9.9946E-05 0.17812 9.9946E-05 9.9946E-05 0.048226
0.0406046 9.99371E-05 9.99371E-05 0.0134156 0.94528 9.99371E-05 9.99371E-05 9.99371E-05 9.99371E-05 9.99371E-05
9.99461E-05 0.0728651 9.99461E-05 9.99461E-05 0.906935 9.99461E-05 9.99461E-05 0.00571301 0.0138873 9.99461E-05
0.00946497 9.9973E-05 0.0162476 0.00816667 0.784623 9.9973E-05 9.9973E-05 0.00425012 0.0471218 0.129826
0.0673397 0.0836491 0.0787865 9.996E-05 0.667952 9.996E-05 0.00827455 9.996E-05 9.996E-05 0.0935987
9.9955E-05 9.9955E-05 0.0494879 0.128108 0.767671 9.9955E-05 9.9955E-05 9.9955E-05 0.000244935 0.0539885
0.0353612 9.9937E-05 9.9937E-05 9.9937E-05 0.821353 9.9937E-05 0.142586 9.9937E-05 9.9937E-05 9.9937E-05
9.9946E-05 9.9946E-05 9.9946E-05 0.000307106 0.624585 0.289122 9.9946E-05 9.9946E-05 9.9946E-05 0.0853865
9.9973E-05 9.9973E-05 0.0298255 0.047776 0.528918 0.0435481 0.0529107 9.9973E-05 0.046103 0.250619
0.000863724 9.9982E-05 0.0553931 9.9982E-05 0.600984 0.0219482 0.0182952 0.0391699 0.0715775 0.191569
0.0235954 9.9955E-05 9.9955E-05 9.9955E-05 0.626414 0.0227269 9.9955E-05 9.9955E-05 0.0517705 0.274994
9.9964E-05 0.0772051 0.0659959 9.9964E-05 9.9964E-05 0.609371 0.123256 0.0933538 0.0304186 9.9964E-05
9.9982E-05 0.0794849 0.0409467 0.0324181 9.9982E-05 0.642007 0.138657 0.00512638 0.0560503 0.00510954
0.0122465 0.099888 0.0576511 9.9973E-05 0.0634607 0.502775 0.208329 0.055349 9.9973E-05 9.9973E-05
9.9964E-05 0.0581419 0.0278224 9.9964E-05 9.9964E-05 0.673048 0.185259 0.032611 0.0227179 9.9964E-05
9.9973E-05 0.0446618 0.0561043 9.9973E-05 0.225367 0.421975 0.0492165 9.9973E-05 0.10426 0.0981158
9.99201E-05 9.99201E-05 9.99201E-05 9.99201E-05 9.99201E-05 0.999101 9.99201E-05 9.99201E-05 9.99201E-05 9.99201E-05
9.99201E-05 9.99201E-05 9.99201E-05 9.99201E-05 9.99201E-05 0.999101 9.99201E-05 9.99201E-05 9.99201E-05 9.99201E-05
9.9991E-05 0.0595032 0.0688197 0.0282527 0.36138 0.453935 0.00456301 0.00631523 0.00841474 0.00871652
0.0854491 0.0820807 0.057019 0.00768411 0.123061 0.527537 0.0296699 9.9991E-05 0.0733384 0.0140612
0.0656465 0.0843795 9.9982E-05 9.9982E-05 0.258085 0.381316 0.1477 0.0369189 0.0241879 0.00156632
0.040824 9.9964E-05 0.02756 9.9964E-05 0.25205 0.386014 9.9964E-05 9.9964E-05 0.0829718 0.21018
0.0157606 0.0211272 0.0505698 0.0323823 0.151022 0.624467 0.0180426 9.9991E-05 0.0277722 0.0587566
0.0393922 9.9946E-05 9.9946E-05 9.9946E-05 9.9946E-05 0.909322 0.0073185 9.9946E-05 0.043368 9.9946E-05
0.0682511 0.0448746 9.9973E-05 0.0399815 0.269684 0.273199 9.9973E-05 9.9973E-05 0.0833047 0.220405
0.0658095 0.0424954 9.9973E-05 0.0386974 0.240806 0.291655 9.9973E-05 0.0400648 9.9973E-05 0.280172
9.9973E-05 0.130802 0.0809111 9.9973E-05 0.050624 0.484345 0.13762 0.0231578 9.9973E-05 0.0922408
0.0710007 0.0652386 0.0490735 0.0109183 0.15288 0.38319 9.9991E-05 0.00207685 0.0489541 0.216568
9.9982E-05 0.0431946 9.9982E-05 0.000839022 0.145314 0.492568 0.057934 0.0363918 0.0849808 0.138578
9.9928E-05 9.9928E-05 0.0149154 9.9928E-05 9.9928E-05 0.984285 9.9928E-05 9.9928E-05 9.9928E-05 9.9928E-05
0.0314539 9.9964E-05 9.9964E-05 9.9964E-05 0.273173 0.441873 9.9964E-05 0.00880589 0.115193 0.129101
0.00529589 0.0831807 9.9973E-05 0.00295917 0.185135 0.587271 9.9973E-05 0.00989366 0.125965 9.9973E-05
0.00994137 0.114552 9.9982E-05 0.0259513 0.0276401 0.666893 0.0520137 0.0144654 9.9982E-05 0.088343
0.0124428 0.0342334 0.0782241 0.0362312 0.0921277 0.523799 9.9991E-05 0.0524323 0.0431583 0.127251
9.9946E-05 0.00216507 9.9946E-05 0.1025 9.9946E-05 0.869027 9.9946E-05 9.9946E-05 0.0257077 9.9946E-05
0.01043 0.045034 9.9973E-05 9.9973E-05 0.148338 0.566317 0.0723797 9.9973E-05 0.0596164 0.0975845
9.9937E-05 0.0104444 9.9937E-05 0.101142 9.9937E-05 0.887714 9.9937E-05 9.9937E-05 9.9937E-05 9.9937E-05
9.9946E-05 9.9946E-05 9.9946E-05 9.9946E-05 9.9946E-05 0.72952 9.9946E-05 0.021833 0.00258995 0.245457
9.9946E-05 0.0394802 9.9946E-05 0.103528 9.9946E-05 0.829771 9.9946E-05 0.0266212 9.9946E-05 9.9946E-05
9.9982E-05 0.0311655 0.0184335 0.00383148 0.208971 0.519521 0.0819853 9.9982E-05 0.0530733 0.0828187
9.9937E-05 9.9937E-05 0.0050859 0.0631416 9.9937E-05 0.931073 9.9937E-05 9.9937E-05 9.9937E-05 9.9937E-05
0.0214556 0.0381362 0.0604759 9.9982E-05 0.0451496 0.612967 0.064162 0.0752523 9.9982E-05 0.0822017
9.998E-05 0.0137455 0.0248286 0.0279553 0.0148831 0.621814 0.00380734 0.0211335 9.998E-05 0.271633
0.0774649 9.9955E-05 9.9955E-05 9.9955E-05 0.0232128 0.791265 9.9955E-05 9.9955E-05 0.0477656 0.0597918
0.0430366 9.9946E-05 9.9946E-05 9.9946E-05 9.9946E-05 0.822821 9.9946E-05 9.9946E-05 0.026023 0.10752
0.0530664 0.063508 0.0147266 0.0429882 0.0184302 0.480775 9.998E-05 9.998E-05 0.00592752 0.320378
9.9946E-05 9.9946E-05 9.9946E-05 9.9946E-05 9.9946E-05 0.692953 9.9946E-05 0.0114903 0.095126 0.199831
9.996E-05 9.996E-05 0.0649834 9.996E-05 0.00856991 0.699148 0.0221604 0.0217733 9.996E-05 0.182965
0.00602237 0.00951876 9.9973E-05 0.124935 9.9973E-05 0.491819 0.0488243 0.0845408 9.9973E-05 0.234039
9.9937E-05 9.9937E-05 0.000149602 9.9937E-05 9.9937E-05 9.9937E-05 0.0803134 9.9937E-05 9.9937E-05 0.918837
9.9928E-05 9.9928E-05 9.9928E-05 9.9928E-05 9.9928E-05 0.0161213 9.9928E-05 9.9928E-05 9.9928E-05 0.983079
0.00940295 9.9937E-05 9.9937E-05 9.9937E-05 9.9937E-05 0.039328 9.9937E-05 9.9937E-05 9.9937E-05 0.95057
9.99281E-05 9.99281E-05 9.99281E-05 9.99281E-05 9.99281E-05 0.0767403 9.99281E-05 9.99281E-05 9.99281E-05 0.92246
9.99281E-05 9.99281E-05 9.99281E-05 9.99281E-05 9.99281E-05 0.0578418 9.99281E-05 9.99281E-05 9.99281E-05 0.941359
0.0134891 0.102005 9.9982E-05 9.9982E-05 0.22434 0.0847372 0.0533325 0.0506337 0.0269173 0.444345
0.00810759 0.0174856 0.00813798 0.0350806 0.0441228 0.229047 0.088555 0.114369 0.00304573 0.452048
0.0223984 0.0188715 0.0830057 9.9991E-05 0.0151883 0.136827 0.0679561 0.117452 0.034401 0.5038
0.0289927 0.0711606 0.0663028 0.00245704 0.0948318 0.10146 0.071138 0.046065 0.05809 0.459502
9.997E-05 0.0845521 9.997E-05 9.997E-05 0.155279 0.159575 0.0174318 0.0634849 0.057876 0.461502
9.9982E-05 0.0142496 0.0409687 0.0785863 9.9982E-05 0.178105 0.0658158 0.0893931 0.0677276 0.464954
0.0086908 0.0963555 0.0916899 0.030075 0.0818536 0.207673 9.9991E-05 0.0741547 0.129031 0.280377
0.0163803 0.0435623 0.0506096 0.200345 9.9982E-05 0.285101 0.103982 0.0906848 9.9982E-05 0.209135
0.0153398 0.0646482 0.048859 0.181285 9.9982E-05 0.250858 0.114899 0.0774051 9.9982E-05 0.246505
0.0324629 0.066283 0.0826144 0.00129626 0.028499 0.175775 0.00330844 0.153922 0.160175 0.295664
0.001197 9.99281E-05 9.99281E-05 9.99281E-05 9.99281E-05 9.99281E-05 9.99281E-05 0.998004 9.99281E-05 9.99281E-05
0.0247731 0.0176173 9.9946E-05 9.9946E-05 9.9946E-05 9.9946E-05 0.0132735 0.943736 9.9946E-05 9.9946E-05
0.00245928 9.9973E-05 9.9973E-05 0.0458523 0.0261657 0.041367 9.9973E-05 0.844223 0.00916618 0.0304669
9.99201E-05 9.99201E-05 9.99201E-05 9.99201E-05 9.99201E-05 9.99201E-05 9.99201E-05 0.999101 9.99201E-05 9.99201E-05
9.99281E-05 9.99281E-05 0.00526676 9.99281E-05 9.99281E-05 9.99281E-05 9.99281E-05 0.993934 9.99281E-05 9.99281E-05
9.99201E-05 9.99201E-05 9.99201E-05 9.99201E-05 9.99201E-05 9.99201E-05 9.99201E-05 0.999101 9.99201E-05 9.99201E-05
9.99201E-05 9.99201E-05 9.99201E-05 9.99201E-05 9.99201E-05 9.99201E-05 9.99201E-05 0.999101 9.99201E-05 9.99201E-05
9.997E-05 0.000883615 0.00891208 9.997E-05 9.997E-05 0.0405285 0.00865056 0.88283 0.0311088 0.0267862
9.99201E-05 9.99201E-05 9.99201E-05 9.99201E-05 9.99201E-05 9.99201E-05 9.99201E-05 0.999101 9.99201E-05 9.99201E-05
9.99201E-05 9.99201E-05 9.99201E-05 9.99201E-05 9.99201E-05 9.99201E-05 9.99201E-05 0.999101 9.99201E-05 9.99201E-05
9.9982E-05 0.220384 0.0536024 0.0125173 0.103999 0.0026726 9.9982E-05 0.0814832 0.0899991 0.435142
9.9946E-05 0.00283011 9.9946E-05 0.0130843 9.9946E-05 0.0733835 9.9946E-05 0.910102 9.9946E-05 9.9946E-05
9.99371E-05 0.00456161 9.99371E-05 9.99371E-05 9.99371E-05 9.99371E-05 9.99371E-05 0.990414 0.00432519 9.99371E-05
0.0112813 9.9955E-05 0.0162225 0.0109114 9.9955E-05 9.9955E-05 9.9955E-05 0.923668 9.9955E-05 0.037417
9.9937E-05 0.0531646 9.9937E-05 9.9937E-05 9.9937E-05 9.9937E-05 9.9937E-05 9.9937E-05 0.00968179 0.936454
9.99201E-05 9.99201E-05 9.99201E-05 9.99201E-05 9.99201E-05 9.99201E-05 9.99201E-05 9.99201E-05 9.99201E-05 0.999101
0.00759705 9.99281E-05 9.99281E-05 9.99281E-05 9.99281E-05 9.99281E-05 9.99281E-05 9.99281E-05 9.99281E-05 0.991604
9.99201E-05 9.99201E-05 9.99201E-05 9.99201E-05 9.99201E-05 9.99201E-05 9.99201E-05 9.99201E-05 9.99201E-05 0.999101
9.9955E-05 0.0731156 0.0129595 0.0143879 9.9955E-05 9.9955E-05 9.9955E-05 0.0142924 9.9955E-05 0.884745
9.995E-05 0.0992088 9.995E-05 0.0768002 0.100488 9.995E-05 0.0105761 9.995E-05 9.995E-05 0.712427
0.00145343 0.0559874 9.9982E-05 0.0478855 0.0503138 0.011823 9.9982E-05 0.0564883 0.00139395 0.774455
9.9964E-05 0.0702299 9.9964E-05 0.0287964 9.9964E-05 0.0094438 9.9964E-05 0.00670975 0.0238495 0.860571
9.994E-05 9.994E-05 0.0271424 0.0377862 9.994E-05 9.994E-05 9.994E-05 0.0636123 9.994E-05 0.870859
9.9937E-05 9.9937E-05 9.9937E-05 0.0334325 9.9937E-05 9.9937E-05 9.9937E-05 0.0269245 9.9937E-05 0.938943
9.9991E-05 0.0586368 0.0672404 0.039179 0.0622758 0.00159342 0.0189732 0.0144306 0.0447301 0.692841
9.9946E-05 9.9946E-05 9.9946E-05 0.103793 9.9946E-05 9.9946E-05 9.9946E-05 0.0202546 0.0125417 0.862811
0.0364047 0.0722873 0.0447993 0.0245788 0.0138231 0.0389902 9.998E-05 9.998E-05 0.0447097 0.724207
9.997E-05 0.127952 0.026671 0.0103157 9.997E-05 9.997E-05 0.0615373 0.0476145 0.0103986 0.715211
9.9964E-05 0.938453 0.0284242 0.00406476 0.0151609 9.9964E-05 9.9964E-05 0.000477376 9.9964E-05 0.0130197
0.00354077 0.90901 9.997E-05 0.0118861 0.0103009 9.997E-05 0.00439856 0.0191636 0.0414003 9.997E-05
9.99201E-05 0.999101 9.99201E-05 9.99201E-05 9.99201E-05 9.99201E-05 9.99201E-05 9.99201E-05 9.99201E-05 9.99201E-05
9.9937E-05 0.947848 9.9937E-05 9.9937E-05 0.0333503 9.9937E-05 9.9937E-05 9.9937E-05 0.018102 9.9937E-05
9.99201E-05 0.999101 9.99201E-05 9.99201E-05 9.99201E-05 9.99201E-05 9.99201E-05 9.99201E-05 9.99201E-05 9.99201E-05
9.99201E-05 0.999101 9.99201E-05 9.99201E-05 9.99201E-05 9.99201E-05 9.99201E-05 9.99201E-05 9.99201E-05 9.99201E-05
9.99201E-05 0.999101 9.99201E-05 9.99201E-05 9.99201E-05 9.99201E-05 9.99201E-05 9.99201E-05 9.99201E-05 9.99201E-05
0.039583 0.751857 0.00464805 0.125345 9.9964E-05 0.0768775 9.9964E-05 9.9964E-05 0.00128958 9.9964E-05
9.99281E-05 0.981123 0.0180781 9.99281E-05 9.99281E-05 9.99281E-05 9.99281E-05 9.99281E-05 9.99281E-05 9.99281E-05
9.9928E-05 0.99653 9.9928E-05 9.9928E-05 9.9928E-05 9.9928E-05 9.9928E-05 9.9928E-05 0.00267015 9.9928E-05
0.0129091 0.865153 9.995E-05 0.0553586 9.995E-05 9.995E-05 0.022208 0.0438714 9.995E-05 9.995E-05
9.9937E-05 0.979204 9.9937E-05 9.9937E-05 9.9937E-05 9.9937E-05 9.9937E-05 9.9937E-05 0.0126718 0.00742422
9.9964E-05 0.713254 0.078238 0.0296548 9.9964E-05 0.155177 0.00716372 0.0161129 9.9964E-05 9.9964E-05
9.99281E-05 9.99281E-05 0.991298 9.99281E-05 9.99281E-05 9.99281E-05 0.00790219 9.99281E-05 9.99281E-05 9.99281E-05
9.998E-05 0.0790778 0.0453535 0.0436175 9.998E-05 0.0573724 0.0926836 0.126727 0.0288498 0.526118
9.99201E-05 9.99201E-05 0.999101 9.99201E-05 9.99201E-05 9.99201E-05 9.99201E-05 9.99201E-05 9.99201E-05 9.99201E-05
9.99201E-05 9.99201E-05 0.999101 9.99201E-05 9.99201E-05 9.99201E-05 9.99201E-05 9.99201E-05 9.99201E-05 9.99201E-05
0.0106052 9.99551E-05 0.943304 0.0362201 9.99551E-05 0.00196808 9.99551E-05 0.0074032 9.99551E-05 9.99551E-05
9.9973E-05 0.0695839 0.744206 0.0355029 0.0755637 0.0365273 9.9973E-05 0.00950248 0.028814 9.9973E-05
9.99201E-05 9.99201E-05 0.999101 9.99201E-05 9.99201E-05 9.99201E-05 9.99201E-05 9.99201E-05 9.99201E-05 9.99201E-05
9.9946E-05 0.0124459 0.817748 9.9946E-05 9.9946E-05 0.118402 9.9946E-05 9.9946E-05 9.9946E-05 0.0508039
9.99201E-05 9.99201E-05 0.999101 9.99201E-05 9.99201E-05 9.99201E-05 9.99201E-05 9.99201E-05 9.99201E-05 9.99201E-05
9.9946E-05 0.0212474 0.946595 9.9946E-05 0.00677908 9.9946E-05 9.9946E-05 0.0247792 9.9946E-05 9.9946E-05
9.99201E-05 9.99201E-05 0.999101 9.99201E-05 9.99201E-05 9.99201E-05 9.99201E-05 9.99201E-05 9.99201E-05 9.99201E-05
0.0166549 9.99281E-05 0.982546 9.99281E-05 9.99281E-05 9.99281E-05 9.99281E-05 9.99281E-05 9.99281E-05 9.99281E-05
9.9955E-05 0.00511308 0.956294 9.9955E-05 0.00865724 0.0180793 9.9955E-05 9.9955E-05 0.0113564 9.9955E-05
9.9982E-05 0.0541614 0.806683 0.00944764 9.9982E-05 0.0148964 0.0400949 0.0166825 0.0407334 0.0171009
0.00794364 0.000436601 0.951658 0.00490744 9.9964E-05 9.9964E-05 9.9964E-05 9.9964E-05 0.0256108 0.00904369
0.0159216 0.0366225 0.866298 0.0118113 9.9964E-05 9.9964E-05 9.9964E-05 0.025196 9.9964E-05 0.0437506
0.0105851 0.0233236 0.850788 0.0473745 9.9982E-05 0.00472264 0.000807678 9.9982E-05 0.0187986 0.0433998
0.0149393 9.997E-05 0.870066 0.0593149 9.997E-05 0.00687452 0.0101153 0.0172931 0.0210968 9.997E-05
9.9937E-05 0.0119431 0.939277 9.9937E-05 9.9937E-05 9.9937E-05 9.9937E-05 9.9937E-05 9.9937E-05 0.0480804
0.0352572 0.0361853 0.0426792 0.148633 9.9982E-05 0.149952 9.9982E-05 0.0399089 0.2251 0.322085
0.0228382 0.0158029 0.0154693 0.0728749 0.01891 0.285358 9.999E-05 0.0405335 0.271084 0.257029
0.0374893 9.9973E-05 0.0665351 0.124114 9.9973E-05 0.191686 9.9973E-05 0.0876005 0.279464 0.212811
0.0407065 9.997E-05 0.0564619 0.101776 9.997E-05 0.270211 9.997E-05 0.019097 0.253069 0.258379
9.9946E-05 0.0499202 0.0183684 0.919472 9.9946E-05 9.9946E-05 9.9946E-05 9.9946E-05 0.0116401 9.9946E-05
9.99201E-05 9.99201E-05 9.99201E-05 0.999101 9.99201E-05 9.99201E-05 9.99201E-05 9.99201E-05 9.99201E-05 9.99201E-05
9.9937E-05 0.0032984 9.9937E-05 0.987588 9.9937E-05 0.00841404 9.9937E-05 9.9937E-05 9.9937E-05 9.9937E-05
9.99201E-05 9.99201E-05 9.99201E-05 0.999101 9.99201E-05 9.99201E-05 9.99201E-05 9.99201E-05 9.99201E-05 9.99201E-05
9.9928E-05 9.9928E-05 9.9928E-05 0.969871 9.9928E-05 9.9928E-05 9.9928E-05 9.9928E-05 0.0293297 9.9928E-05
9.9946E-05 9.9946E-05 9.9946E-05 0.952701 0.0221076 9.9946E-05 9.9946E-05 0.0175295 0.00706174 9.9946E-05
9.9946E-05 9.9946E-05 0.0107175 0.954257 9.9946E-05 9.9946E-05 9.9946E-05 0.0287385 9.9946E-05 0.0056873
0.0452718 9.997E-05 0.0212826 0.754206 0.02292 9.997E-05 0.0182531 9.997E-05 0.0345935 0.103173
0.00879068 9.995E-05 9.995E-05 0.864817 0.0334298 0.0179021 9.995E-05 9.995E-05 9.995E-05 0.0745602
9.9928E-05 9.9928E-05 9.9928E-05 9.9928E-05 9.9928E-05 9.9928E-05 9.9928E-05 9.9928E-05 0.995056 0.00414465
9.99201E-05 9.99201E-05 9.99201E-05 9.99201E-05 9.99201E-05 9.99201E-05 9.99201E-05 9.99201E-05 0.999101 9.99201E-05
9.99201E-05 9.99201E-05 9.99201E-05 9.99201E-05 9.99201E-05 9.99201E-05 9.99201E-05 9.99201E-05 0.999101 9.99201E-05
0.0150301 9.99371E-05 0.0185744 9.99371E-05 9.99371E-05 9.99371E-05 9.99371E-05 9.99371E-05 0.965696 9.99371E-05
9.99201E-05 9.99201E-05 9.99201E-05 9.99201E-05 9.99201E-05 9.99201E-05 9.99201E-05 9.99201E-05 0.999101 9.99201E-05
9.995E-05 9.995E-05 9.995E-05 0.00790172 0.0163718 0.0788916 9.995E-05 9.995E-05 0.887471 0.00886389
9.99201E-05 9.99201E-05 9.99201E-05 9.99201E-05 9.99201E-05 9.99201E-05 9.99201E-05 9.99201E-05 0.999101 9.99201E-05
9.99201E-05 9.99201E-05 9.99201E-05 9.99201E-05 9.99201E-05 9.99201E-05 9.99201E-05 9.99201E-05 0.999101 9.99201E-05
0.0029519 9.99371E-05 0.00797678 9.99371E-05 9.99371E-05 9.99371E-05 9.99371E-05 9.99371E-05 0.988372 9.99371E-05
0.00748366 0.0193188 9.995E-05 9.995E-05 9.995E-05 0.0422102 9.995E-05 0.00495963 0.925528 9.995E-05
9.99201E-05 9.99201E-05 9.99201E-05 9.99201E-05 9.99201E-05 9.99201E-05 9.99201E-05 9.99201E-05 0.999101 9.99201E-05
9.99281E-05 9.99281E-05 9.99281E-05 9.99281E-05 9.99281E-05 9.99281E-05 9.99281E-05 0.00151842 0.997682 9.99281E-05
