9.99201E-05 9.99201E-05 9.99201E-05 9.99201E-05 9.99201E-05 9.99201E-05 9.99201E-05 9.99201E-05 9.99201E-05 0.999101
9.9946E-05 0.0759264 9.9946E-05 9.9946E-05 0.0789159 0.604668 9.9946E-05 9.9946E-05 9.9946E-05 0.23989
9.9946E-05 0.0968791 9.9946E-05 9.9946E-05 0.069403 0.603131 9.9946E-05 9.9946E-05 9.9946E-05 0.229987
0.0196137 9.99461E-05 9.99461E-05 9.99461E-05 9.99461E-05 0.77928 0.0197346 9.99461E-05 9.99461E-05 0.180772
0.0503057 9.9964E-05 9.9964E-05 0.0413003 9.9964E-05 0.725849 9.9964E-05 0.0911841 0.00699051 0.0839702
9.9955E-05 0.048959 0.0426571 9.9955E-05 9.9955E-05 0.650107 0.121434 9.9955E-05 9.9955E-05 0.136343
9.99281E-05 9.99281E-05 9.99281E-05 9.99281E-05 9.99281E-05 0.743063 9.99281E-05 9.99281E-05 9.99281E-05 0.256138
9.9955E-05 0.0773165 9.9955E-05 9.9955E-05 0.0256846 0.504336 0.114848 9.9955E-05 9.9955E-05 0.277315
9.9973E-05 0.0659192 0.0722202 9.9973E-05 0.0229554 0.648121 0.00844634 0.0298613 9.9973E-05 0.152177
0.00962404 9.9937E-05 9.9937E-05 0.00819858 9.9937E-05 9.9937E-05 9.9937E-05 9.9937E-05 9.9937E-05 0.981478
9.99201E-05 9.99201E-05 9.99201E-05 9.99201E-05 9.99201E-05 9.99201E-05 9.99201E-05 9.99201E-05 9.99201E-05 0.999101
9.99201E-05 9.99201E-05 9.99201E-05 9.99201E-05 9.99201E-05 9.99201E-05 9.99201E-05 9.99201E-05 9.99201E-05 0.999101
9.9928E-05 9.9928E-05 9.9928E-05 9.9928E-05 0.00918801 9.9928E-05 9.9928E-05 9.9928E-05 9.9928E-05 0.990013
9.9946E-05 9.9946E-05 9.9946E-05 0.0440503 9.9946E-05 0.023639 9.9946E-05 0.0072683 9.9946E-05 0.924443
9.9946E-05 0.0329181 9.9946E-05 9.9946E-05 0.00596212 9.9946E-05 9.9946E-05 9.9946E-05 0.0102556 0.950264
9.9964E-05 9.9964E-05 0.0195232 9.9964E-05 9.9964E-05 0.443907 0.236716 0.0797503 0.0535085 0.166196
0.209731 0.0984669 9.9982E-05 0.0578491 0.00817233 0.286191 0.107145 0.046672 9.9982E-05 0.185572
0.0398613 9.9946E-05 9.9946E-05 9.9946E-05 0.00995782 0.8184 9.9946E-05 9.9946E-05 9.9946E-05 0.131181
0.0371629 9.9955E-05 9.9955E-05 0.0659738 9.9955E-05 0.865851 0.0184291 0.012083 9.9955E-05 9.9955E-05
0.0744545 9.9937E-05 9.9937E-05 0.0714348 9.9937E-05 0.853411 9.9937E-05 9.9937E-05 9.9937E-05 9.9937E-05
0.134128 9.9946E-05 9.9946E-05 9.9946E-05 0.00091878 0.835504 9.9946E-05 9.9946E-05 9.9946E-05 0.0288494
0.0442091 0.0258983 0.0293154 0.0905518 9.9964E-05 0.7819 0.027726 9.9964E-05 9.9964E-05 9.9964E-05
0.0488751 0.0439234 9.9946E-05 0.103597 9.9946E-05 0.803005 9.9946E-05 9.9946E-05 9.9946E-05 9.9946E-05
9.9964E-05 0.0176418 0.00982069 0.0474391 9.9964E-05 0.864252 9.9964E-05 9.9964E-05 0.0458306 0.0146158
9.9955E-05 9.9955E-05 0.0551417 9.9955E-05 0.0157666 0.881315 9.9955E-05 0.0333127 0.0139641 9.9955E-05
9.9973E-05 0.00323043 0.163266 0.00114595 9.9973E-05 0.6521 0.0767248 0.0314599 0.0717724 9.9973E-05
0.0454992 0.0586061 0.0739536 0.00689813 9.9973E-05 0.667262 0.0443814 0.1031 9.9973E-05 9.9973E-05
9.9937E-05 0.00983748 9.9937E-05 9.9937E-05 9.9937E-05 0.870969 0.118494 9.9937E-05 9.9937E-05 9.9937E-05
0.0967007 9.9973E-05 0.042632 0.0399647 9.9973E-05 0.704123 0.0495331 9.9973E-05 0.0238901 0.0428561
9.9946E-05 9.9946E-05 0.101757 9.9946E-05 9.9946E-05 0.880376 9.9946E-05 9.9946E-05 0.00863412 0.00863272
0.0461251 9.9964E-05 9.9964E-05 0.0364643 9.9964E-05 0.849178 9.9964E-05 0.0375543 0.00597393 0.0243049
0.00896858 0.0143547 0.00582031 9.9982E-05 0.0081511 0.736692 0.0644877 0.0804883 0.080837 9.9982E-05
0.112082 0.0519926 0.0575871 0.00432435 0.0181827 0.717388 9.9982E-05 0.0284721 0.0097713 9.9982E-05
0.0324477 0.0709807 0.138129 0.0508961 9.9982E-05 0.506267 0.0433486 9.9982E-05 0.0947362 0.062995
0.054499 0.00359567 9.9955E-05 0.150526 9.9955E-05 0.776865 9.9955E-05 9.9955E-05 0.0140141 9.9955E-05
9.9937E-05 9.9937E-05 0.0949641 9.9937E-05 9.9937E-05 0.876438 9.9937E-05 9.9937E-05 9.9937E-05 0.0278981
0.0929953 9.9964E-05 0.0177857 0.0467792 9.9964E-05 0.476012 0.346654 0.0193744 9.9964E-05 9.9964E-05
0.25372 0.0696124 0.0636384 0.046381 0.0135983 0.503641 0.025399 0.0238103 9.9982E-05 9.9982E-05
0.203191 0.0840914 0.0420045 0.00139146 0.0131636 0.549723 0.0432088 0.0630254 9.9982E-05 9.9982E-05
0.350296 9.9955E-05 0.0546183 9.9955E-05 9.9955E-05 0.503203 0.0715452 0.0198376 9.9955E-05 9.9955E-05
9.9973E-05 0.0470067 0.0926775 9.9973E-05 0.0790563 0.0941758 0.563628 0.0214362 0.10172 9.9973E-05
0.0612642 0.0255158 0.110829 9.9991E-05 0.0383679 0.0904889 0.545523 0.0636062 0.060949 0.00335595
9.9973E-05 0.105509 0.0430467 9.9973E-05 0.0435251 0.205401 0.439718 9.9973E-05 0.124259 0.0382414
9.9973E-05 0.0374111 0.130345 9.9973E-05 0.0241863 0.105448 0.56185 0.0315385 0.108922 9.9973E-05
0.0494024 0.0437735 0.140552 9.9973E-05 9.9973E-05 0.232858 0.434845 0.0585177 0.0397515 9.9973E-05
9.99201E-05 9.99201E-05 9.99201E-05 9.99201E-05 9.99201E-05 9.99201E-05 0.999101 9.99201E-05 9.99201E-05 9.99201E-05
9.99201E-05 9.99201E-05 9.99201E-05 9.99201E-05 9.99201E-05 9.99201E-05 0.999101 9.99201E-05 9.99201E-05 9.99201E-05
0.00498944 0.0415867 9.9982E-05 0.0572941 0.00302771 0.371299 0.370292 0.0395786 0.111733 9.9982E-05
0.071285 0.0222643 0.0713658 0.0134134 9.9991E-05 0.18757 0.429519 0.0584156 0.0826637 0.0634037
9.9982E-05 0.036468 0.0755418 0.00654599 0.0357652 0.377105 0.304496 9.9982E-05 0.07505 0.0888282
0.244091 0.0371238 9.9973E-05 9.9973E-05 0.00433927 0.229601 0.418654 0.0457657 9.9973E-05 0.0201244
9.9973E-05 0.0545461 0.0951635 0.0249728 9.9973E-05 0.270132 0.52538 0.0136153 0.0158893 9.9973E-05
9.9946E-05 9.9946E-05 0.0101193 9.9946E-05 9.9946E-05 9.9946E-05 0.893186 0.06647 9.9946E-05 0.0296247
0.23363 9.9982E-05 0.161701 0.0810017 9.9982E-05 0.137745 0.249444 0.0482417 0.0425466 0.0454904
0.331105 9.9982E-05 0.118958 0.00536487 0.0151083 0.200555 0.218285 9.9982E-05 0.0462152 0.0642085
0.0230047 0.119125 0.0406894 9.9973E-05 0.0112303 0.176513 0.518163 9.9973E-05 0.110974 9.9973E-05
0.175596 0.110455 9.9982E-05 9.9982E-05 0.0210534 0.19346 0.321186 0.102051 0.0160369 0.0599616
0.0844739 0.0193359 0.0195017 0.00168143 0.0318946 0.266739 0.41165 0.0904213 0.0742015 9.9991E-05
9.9928E-05 9.9928E-05 9.9928E-05 9.9928E-05 9.9928E-05 9.9928E-05 0.97164 0.0275608 9.9928E-05 9.9928E-05
0.213748 0.0321675 9.9973E-05 9.9973E-05 9.9973E-05 0.204338 0.398887 0.0813124 0.035519 0.0337285
9.9955E-05 9.9955E-05 9.9955E-05 0.015272 9.9955E-05 0.192862 0.578821 0.112272 0.100273 9.9955E-05
0.174479 9.99461E-05 9.99461E-05 9.99461E-05 9.99461E-05 0.0657453 0.665154 9.99461E-05 0.0940226 9.99461E-05
0.0300192 0.0775037 0.126428 0.00461092 0.0396521 0.070507 0.556116 0.0610923 0.01799 0.016081
9.9937E-05 9.9937E-05 9.9937E-05 0.077344 9.9937E-05 9.9937E-05 0.847054 9.9937E-05 0.0749027 9.9937E-05
0.17556 9.9964E-05 9.9964E-05 9.9964E-05 9.9964E-05 0.140846 0.596032 0.0422064 0.0263253 0.0186297
9.9946E-05 0.000559572 9.9946E-05 0.0785638 9.9946E-05 9.9946E-05 0.904516 9.9946E-05 0.0157613 9.9946E-05
0.214978 9.9955E-05 0.125967 9.9955E-05 0.0370985 9.9955E-05 0.607606 9.9955E-05 0.0138509 9.9955E-05
9.9946E-05 9.9946E-05 9.9946E-05 0.104374 0.0275224 9.9946E-05 0.823275 9.9946E-05 0.0442285 9.9946E-05
9.9982E-05 0.0367244 0.101024 0.0344773 0.00332155 0.291173 0.438465 0.0544291 0.0401857 9.9982E-05
9.99281E-05 9.99281E-05 9.99281E-05 0.0527557 9.99281E-05 9.99281E-05 0.946445 9.99281E-05 9.99281E-05 9.99281E-05
0.00650334 0.04962 0.0722494 9.9982E-05 0.0433427 0.127243 0.611537 9.9982E-05 0.0497131 0.0395908
0.238759 0.0430324 0.156662 0.00102133 0.00718842 0.0554388 0.455625 0.0296279 0.0125452 9.9991E-05
9.9973E-05 9.9973E-05 0.0585574 0.00266213 0.00874798 0.00308794 0.796736 0.0504582 9.9973E-05 0.0794507
0.0249885 9.9955E-05 0.0863186 9.9955E-05 9.9955E-05 9.9955E-05 0.789689 0.0495107 9.9955E-05 0.0489938
0.238762 0.0357658 0.132469 0.00912866 9.9991E-05 0.0112605 0.422669 0.00435561 0.0838331 0.0616562
0.109025 9.9973E-05 0.109699 0.0284744 0.0167695 9.9973E-05 0.650452 0.0811998 9.9973E-05 0.00408105
0.103239 0.0802381 0.0358516 0.00897031 0.028187 9.9964E-05 0.743114 9.9964E-05 9.9964E-05 9.9964E-05
0.117746 0.022796 0.0736089 0.124344 0.105137 0.0246894 0.480539 9.9991E-05 0.0296016 0.0214383
9.9937E-05 9.9937E-05 0.915569 0.018072 9.9937E-05 0.0656595 9.9937E-05 9.9937E-05 9.9937E-05 9.9937E-05
9.99201E-05 9.99201E-05 0.999101 9.99201E-05 9.99201E-05 9.99201E-05 9.99201E-05 9.99201E-05 9.99201E-05 9.99201E-05
9.99201E-05 9.99201E-05 0.999101 9.99201E-05 9.99201E-05 9.99201E-05 9.99201E-05 9.99201E-05 9.99201E-05 9.99201E-05
9.99201E-05 9.99201E-05 0.999101 9.99201E-05 9.99201E-05 9.99201E-05 9.99201E-05 9.99201E-05 9.99201E-05 9.99201E-05
9.99201E-05 9.99201E-05 0.999101 9.99201E-05 9.99201E-05 9.99201E-05 9.99201E-05 9.99201E-05 9.99201E-05 9.99201E-05
0.168833 0.0118614 0.361834 9.9991E-05 0.0321829 0.146398 0.115769 0.0396116 0.109709 0.0137006
0.396213 0.00267516 0.159137 0.0226294 0.157999 0.0690836 0.153858 0.0256833 0.00106555 0.0116561
0.299376 0.084393 0.181716 0.0129173 0.123246 0.0861623 0.116275 0.0418441 0.037248 0.0168226
0.272692 0.0560832 0.165735 0.0136683 0.0307584 0.151737 0.148801 0.0729357 0.050324 0.0372662
0.158875 9.9982E-05 0.327425 9.9982E-05 0.0678273 0.11621 0.136082 0.0558701 0.130743 0.00676738
0.210747 0.0639 0.184618 0.06408 0.0429189 0.123317 0.193851 0.0424765 0.073991 9.999E-05
0.204592 0.0873662 0.166066 9.9991E-05 0.0746637 0.0514824 0.141692 0.127277 0.136413 0.0103486
0.288758 0.0377664 9.9982E-05 0.196898 0.0719581 0.0429726 0.267252 9.9982E-05 0.0730167 0.0211783
0.365897 0.0309659 9.9982E-05 0.15824 0.0138953 0.0325391 0.260618 9.9982E-05 0.107773 0.029872
0.342094 0.0723391 0.0244378 9.9991E-05 0.156295 0.0148774 0.14472 0.166801 0.0328855 0.0454497
9.99281E-05 0.00390107 9.99281E-05 9.99281E-05 0.9953 9.99281E-05 9.99281E-05 9.99281E-05 9.99281E-05 9.99281E-05
0.00525691 9.9964E-05 9.9964E-05 9.9964E-05 0.891714 0.00766549 0.0105406 9.9964E-05 0.030333 0.0540903
0.0160025 9.9964E-05 9.9964E-05 0.0641657 0.824021 0.0507423 0.0425187 9.9964E-05 9.9964E-05 0.00214966
9.99281E-05 0.0410639 9.99281E-05 9.99281E-05 0.958137 9.99281E-05 9.99281E-05 9.99281E-05 9.99281E-05 9.99281E-05
9.99201E-05 9.99201E-05 9.99201E-05 9.99201E-05 0.999101 9.99201E-05 9.99201E-05 9.99201E-05 9.99201E-05 9.99201E-05
9.99201E-05 9.99201E-05 9.99201E-05 9.99201E-05 0.999101 9.99201E-05 9.99201E-05 9.99201E-05 9.99201E-05 9.99201E-05
9.99201E-05 9.99201E-05 9.99201E-05 9.99201E-05 0.999101 9.99201E-05 9.99201E-05 9.99201E-05 9.99201E-05 9.99201E-05
9.9955E-05 9.9955E-05 0.0093144 9.9955E-05 0.927076 0.057371 9.9955E-05 0.000460255 0.0052785 9.9955E-05
0.00215175 9.9937E-05 9.9937E-05 0.0350733 0.962075 9.9937E-05 9.9937E-05 9.9937E-05 9.9937E-05 9.9937E-05
9.99201E-05 9.99201E-05 9.99201E-05 9.99201E-05 0.999101 9.99201E-05 9.99201E-05 9.99201E-05 9.99201E-05 9.99201E-05
0.344362 0.0671965 0.0787629 0.0633782 0.0446543 0.0435514 0.0248813 0.0916448 0.227134 0.014435
0.00896206 9.9946E-05 9.9946E-05 0.0502616 0.836271 9.9946E-05 0.103906 9.9946E-05 9.9946E-05 9.9946E-05
9.99281E-05 9.99281E-05 0.0131669 9.99281E-05 0.986034 9.99281E-05 9.99281E-05 9.99281E-05 9.99281E-05 9.99281E-05
0.0287458 9.99281E-05 9.99281E-05 9.99281E-05 0.970455 9.99281E-05 9.99281E-05 9.99281E-05 9.99281E-05 9.99281E-05
0.999101 9.99201E-05 9.99201E-05 9.99201E-05 9.99201E-05 9.99201E-05 9.99201E-05 9.99201E-05 9.99201E-05 9.99201E-05
0.999101 9.99201E-05 9.99201E-05 9.99201E-05 9.99201E-05 9.99201E-05 9.99201E-05 9.99201E-05 9.99201E-05 9.99201E-05
0.999101 9.99201E-05 9.99201E-05 9.99201E-05 9.99201E-05 9.99201E-05 9.99201E-05 9.99201E-05 9.99201E-05 9.99201E-05
0.999101 9.99201E-05 9.99201E-05 9.99201E-05 9.99201E-05 9.99201E-05 9.99201E-05 9.99201E-05 9.99201E-05 9.99201E-05
0.731238 0.0254916 0.0568765 0.0112893 0.0295345 9.9982E-05 0.0434079 0.0128062 0.0891565 9.9982E-05
0.700732 9.9964E-05 0.0111049 0.0723225 9.9964E-05 0.0967678 9.9964E-05 0.0381301 0.0805429 9.9964E-05
0.726941 0.000102536 0.060382 0.0543444 0.0440221 0.00159246 0.0405023 0.0354138 0.0365997 9.9991E-05
0.780659 9.9955E-05 0.0543231 0.0635275 9.9955E-05 9.9955E-05 0.0260021 9.9955E-05 0.0749882 9.9955E-05
0.826376 0.0207094 0.0225857 0.0563967 0.0725615 9.9964E-05 9.9964E-05 0.000970826 9.9964E-05 9.9964E-05
0.904075 0.0154179 0.0104118 0.0348729 0.0347229 9.9955E-05 9.9955E-05 9.9955E-05 9.9955E-05 9.9955E-05
0.59807 0.044993 0.131002 0.044937 9.9973E-05 0.0792385 9.9973E-05 0.047041 0.0544193 9.9973E-05
0.827783 9.9955E-05 9.9955E-05 0.0901649 0.0616285 0.00326339 9.9955E-05 0.0166606 9.9955E-05 9.9955E-05
0.515119 0.0614702 0.117214 0.0611758 9.9982E-05 9.9982E-05 0.112922 0.0302603 0.0918716 0.00976683
0.539515 0.0647843 0.0730716 0.0314099 0.0429316 9.9991E-05 0.070319 0.0608467 0.11397 0.00305187
9.99201E-05 0.999101 9.99201E-05 9.99201E-05 9.99201E-05 9.99201E-05 9.99201E-05 9.99201E-05 9.99201E-05 9.99201E-05
0.453521 0.0828952 0.12528 0.0196854 0.0974339 9.9982E-05 0.0902743 0.0329008 0.0978105 9.9982E-05
9.99201E-05 0.999101 9.99201E-05 9.99201E-05 9.99201E-05 9.99201E-05 9.99201E-05 9.99201E-05 9.99201E-05 9.99201E-05
9.99201E-05 0.999101 9.99201E-05 9.99201E-05 9.99201E-05 9.99201E-05 9.99201E-05 9.99201E-05 9.99201E-05 9.99201E-05
9.99371E-05 0.924411 9.99371E-05 0.0653389 0.00955008 9.99371E-05 9.99371E-05 9.99371E-05 9.99371E-05 9.99371E-05
0.0649683 0.780149 9.9982E-05 0.000857993 9.9982E-05 0.0372741 0.0237944 0.0427213 0.0388445 0.0111909
9.99201E-05 0.999101 9.99201E-05 9.99201E-05 9.99201E-05 9.99201E-05 9.99201E-05 9.99201E-05 9.99201E-05 9.99201E-05
0.00786751 0.831484 0.0839165 0.0439733 9.9973E-05 9.9973E-05 0.00433855 9.9973E-05 0.0116789 0.0164411
0.00518275 0.960336 9.9955E-05 0.0287253 0.00302141 9.9955E-05 9.9955E-05 9.9955E-05 9.9955E-05 0.00223455
0.0201845 0.923772 0.0115868 9.9964E-05 0.0123329 9.9964E-05 0.00492112 9.9964E-05 0.0268029 9.9964E-05
9.9946E-05 0.986255 9.9946E-05 0.000366411 9.9946E-05 9.9946E-05 0.00908582 0.00369297 9.9946E-05 9.9946E-05
9.99281E-05 0.992897 9.99281E-05 9.99281E-05 9.99281E-05 0.00630363 9.99281E-05 9.99281E-05 9.99281E-05 9.99281E-05
9.99371E-05 0.965052 9.99371E-05 9.99371E-05 0.0204534 9.99371E-05 9.99371E-05 9.99371E-05 0.0137951 9.99371E-05
9.9955E-05 0.82863 9.9955E-05 9.9955E-05 0.0489395 9.9955E-05 0.0526071 0.0267959 0.0425276 9.9955E-05
9.9937E-05 0.930919 9.9937E-05 9.9937E-05 9.9937E-05 0.0488009 0.0195809 9.9937E-05 9.9937E-05 9.9937E-05
9.9964E-05 0.880223 0.0128003 0.0388573 0.0131213 9.9964E-05 0.0178574 9.9964E-05 0.0367412 9.9964E-05
0.00332465 0.878274 9.9973E-05 0.0198395 9.9973E-05 9.9973E-05 0.0350663 0.0495135 0.0040575 0.00962503
0.0294845 0.844095 0.0208917 0.00891066 0.00134312 9.9991E-05 0.0101396 0.0481771 0.0129338 0.0239245
0.00349386 0.976909 9.9946E-05 9.9946E-05 0.0141544 9.9946E-05 9.9946E-05 9.9946E-05 0.00484334 9.9946E-05
9.9946E-05 0.00754263 0.0221095 0.0144445 9.9946E-05 9.9946E-05 9.9946E-05 9.9946E-05 0.955304 9.9946E-05
9.9955E-05 9.9955E-05 9.9955E-05 0.034711 0.0283586 0.019189 9.9955E-05 0.0647958 0.852446 9.9955E-05
9.99201E-05 9.99201E-05 9.99201E-05 9.99201E-05 9.99201E-05 9.99201E-05 9.99201E-05 9.99201E-05 0.999101 9.99201E-05
0.0104308 9.9955E-05 0.0031217 9.9955E-05 9.9955E-05 9.9955E-05 0.00270299 0.021599 0.961646 9.9955E-05
9.99201E-05 9.99201E-05 9.99201E-05 9.99201E-05 9.99201E-05 9.99201E-05 9.99201E-05 9.99201E-05 0.999101 9.99201E-05
0.0127622 9.9937E-05 9.9937E-05 9.9937E-05 0.00953634 9.9937E-05 9.9937E-05 9.9937E-05 0.977002 9.9937E-05
9.99281E-05 9.99281E-05 0.020512 9.99281E-05 9.99281E-05 9.99281E-05 9.99281E-05 9.99281E-05 0.978689 9.99281E-05
9.99461E-05 9.99461E-05 9.99461E-05 0.107308 9.99461E-05 9.99461E-05 0.0214886 9.99461E-05 0.840642 0.029962
0.00221275 0.0115218 9.9946E-05 9.9946E-05 9.9946E-05 9.9946E-05 9.9946E-05 9.9946E-05 0.978762 0.00690385
9.9937E-05 0.00137501 9.9937E-05 9.9937E-05 9.9937E-05 9.9937E-05 9.9937E-05 0.00574952 0.992176 9.9937E-05
9.9955E-05 0.015461 9.9955E-05 0.0573706 0.0291612 9.9955E-05 9.9955E-05 9.9955E-05 0.875341 0.0221662
0.0437556 9.9955E-05 0.00228958 0.00608176 9.9955E-05 9.9955E-05 9.9955E-05 0.0217234 0.92565 9.9955E-05
0.0132285 0.132995 0.0171932 0.0239154 9.9982E-05 9.9982E-05 0.0546918 0.00298738 0.74154 0.0132489
0.0710765 0.0420976 0.217985 0.118876 0.0738878 9.9991E-05 0.105526 0.272083 0.0545727 0.0437952
0.0291565 0.0233205 0.219582 0.177502 0.0184467 0.0621371 0.145203 0.226509 0.0794099 0.0187323
0.0380594 0.0495386 0.193439 0.155739 0.115896 9.9991E-05 0.1663 0.222904 0.0199297 0.0380933
0.0295692 0.0434057 0.25319 0.143576 0.0767668 9.9991E-05 0.147427 0.227704 0.018714 0.0595476
0.0248386 9.9964E-05 0.0128777 0.889423 9.9964E-05 0.0223442 0.0167833 9.9964E-05 0.0333334 9.9964E-05
9.99201E-05 9.99201E-05 9.99201E-05 0.999101 9.99201E-05 9.99201E-05 9.99201E-05 9.99201E-05 9.99201E-05 9.99201E-05
0.0215836 0.0179117 0.00413401 0.937034 0.018809 9.9964E-05 9.9964E-05 9.9964E-05 0.000127883 9.9964E-05
9.99201E-05 9.99201E-05 9.99201E-05 0.999101 9.99201E-05 9.99201E-05 9.99201E-05 9.99201E-05 9.99201E-05 9.99201E-05
0.00235145 9.9946E-05 9.9946E-05 0.9798 0.00301922 9.9946E-05 9.9946E-05 0.01423 9.9946E-05 9.9946E-05
0.0463116 0.00918563 0.0107846 0.922114 0.0111039 9.9955E-05 9.9955E-05 9.9955E-05 9.9955E-05 9.9955E-05
0.00274336 9.9973E-05 0.030109 0.91053 0.0141083 9.9973E-05 0.0177198 0.0113109 0.0131785 9.9973E-05
0.0500817 0.0114827 9.9982E-05 0.783227 0.00121613 0.046158 9.9982E-05 0.0553186 0.0261506 0.0261654
9.9973E-05 0.0256645 9.9973E-05 0.826359 9.9973E-05 0.064985 0.0250618 0.0174769 0.022533 0.0176197
0.0224746 9.9928E-05 9.9928E-05 9.9928E-05 9.9928E-05 9.9928E-05 9.9928E-05 0.976726 9.9928E-05 9.9928E-05
9.99201E-05 9.99201E-05 9.99201E-05 9.99201E-05 9.99201E-05 9.99201E-05 9.99201E-05 0.999101 9.99201E-05 9.99201E-05
9.99201E-05 9.99201E-05 9.99201E-05 9.99201E-05 9.99201E-05 9.99201E-05 9.99201E-05 0.999101 9.99201E-05 9.99201E-05
9.99201E-05 9.99201E-05 9.99201E-05 9.99201E-05 9.99201E-05 9.99201E-05 9.99201E-05 0.999101 9.99201E-05 9.99201E-05
9.99201E-05 9.99201E-05 9.99201E-05 9.99201E-05 9.99201E-05 9.99201E-05 9.99201E-05 0.999101 9.99201E-05 9.99201E-05
0.0516695 0.0092859 0.0138568 0.00694235 9.9982E-05 0.0408789 0.0273543 0.845544 9.9982E-05 0.00426813
9.99201E-05 9.99201E-05 9.99201E-05 9.99201E-05 9.99201E-05 9.99201E-05 9.99201E-05 0.999101 9.99201E-05 9.99201E-05
9.99201E-05 9.99201E-05 9.99201E-05 9.99201E-05 9.99201E-05 9.99201E-05 9.99201E-05 0.999101 9.99201E-05 9.99201E-05
9.9955E-05 0.00765715 0.0103971 0.00709405 9.9955E-05 9.9955E-05 9.9955E-05 0.960883 9.9955E-05 0.013469
9.9946E-05 0.00942934 9.9946E-05 9.9946E-05 9.9946E-05 9.9946E-05 0.0255935 0.91055 0.0538277 9.9946E-05
9.99281E-05 0.000749348 9.99281E-05 9.99281E-05 9.99281E-05 9.99281E-05 9.99281E-05 0.998451 9.99281E-05 9.99281E-05
9.99281E-05 9.99281E-05 9.99281E-05 9.99281E-05 0.0183273 9.99281E-05 9.99281E-05 0.980873 9.99281E-05 9.99281E-05
