9.99201E-05 9.99201E-05 9.99201E-05 0.999101 9.99201E-05 9.99201E-05 9.99201E-05 9.99201E-05 9.99201E-05 9.99201E-05
9.9955E-05 9.9955E-05 0.0192623 0.28686 9.9955E-05 9.9955E-05 9.9955E-05 0.0890915 0.535247 0.0690388
9.9946E-05 9.9946E-05 9.9946E-05 0.23697 9.9946E-05 9.9946E-05 9.9946E-05 0.0763249 0.578366 0.107739
0.0314652 9.9964E-05 9.9964E-05 0.226319 0.00373739 0.0304339 9.9964E-05 9.9964E-05 0.7063 0.00134452
0.0350533 0.0133972 0.0404894 0.0606483 0.0422495 0.057362 0.00898955 0.0113632 0.730348 9.9991E-05
0.00870943 9.9964E-05 9.9964E-05 0.188889 0.111998 0.0244723 9.9964E-05 9.9964E-05 0.605887 0.0596447
9.99281E-05 9.99281E-05 9.99281E-05 0.260061 9.99281E-05 9.99281E-05 9.99281E-05 9.99281E-05 0.73914 9.99281E-05
0.00897323 9.9973E-05 9.9973E-05 0.299685 0.0937207 9.9973E-05 0.000674162 0.0204931 0.508004 0.0681496
0.00798908 9.9973E-05 0.0515533 0.191089 0.0328637 9.9973E-05 9.9973E-05 0.0166596 0.615977 0.0835685
9.99201E-05 9.99201E-05 9.99201E-05 0.999101 9.99201E-05 9.99201E-05 9.99201E-05 9.99201E-05 9.99201E-05 9.99201E-05
9.99201E-05 9.99201E-05 9.99201E-05 0.999101 9.99201E-05 9.99201E-05 9.99201E-05 9.99201E-05 9.99201E-05 9.99201E-05
9.99201E-05 9.99201E-05 9.99201E-05 0.999101 9.99201E-05 9.99201E-05 9.99201E-05 9.99201E-05 9.99201E-05 9.99201E-05
9.99201E-05 9.99201E-05 9.99201E-05 0.999101 9.99201E-05 9.99201E-05 9.99201E-05 9.99201E-05 9.99201E-05 9.99201E-05
0.00804707 0.0723793 0.00334518 0.915629 9.9946E-05 9.9946E-05 9.9946E-05 9.9946E-05 9.9946E-05 9.9946E-05
0.00532705 9.9955E-05 9.9955E-05 0.968751 0.00280115 9.9955E-05 9.9955E-05 0.0224047 9.9955E-05 0.000216547
0.0389762 9.9982E-05 0.0887553 0.194297 0.0460273 9.9982E-05 0.0402163 0.00929918 0.499461 0.0827675
0.110112 0.0326526 0.0526413 0.22324 9.9991E-05 0.0208672 0.0482127 0.0368488 0.437933 0.0373934
0.01136 9.9955E-05 0.00758339 0.187406 9.9955E-05 0.0483014 9.9955E-05 9.9955E-05 0.74485 9.9955E-05
9.9955E-05 0.0853472 0.0166887 9.9955E-05 0.029815 9.9955E-05 9.9955E-05 0.0173914 0.850258 9.9955E-05
9.9955E-05 0.0738347 0.0019731 9.9955E-05 0.050226 9.9955E-05 0.00457389 9.9955E-05 0.868893 9.9955E-05
9.995E-05 9.995E-05 0.0530447 0.0253886 9.995E-05 0.0777665 9.995E-05 0.0126682 0.830632 9.995E-05
0.00641744 0.0946353 9.9973E-05 9.9973E-05 9.9973E-05 0.00804879 0.0316769 0.0317558 0.744075 0.0830909
0.0506817 0.0840216 9.9946E-05 9.9946E-05 9.9946E-05 9.9946E-05 9.9946E-05 0.0179466 0.84675 9.9946E-05
9.9937E-05 0.04252 9.9937E-05 9.9937E-05 9.9937E-05 9.9937E-05 0.0264622 9.9937E-05 0.930318 9.9937E-05
0.0793426 9.9955E-05 0.0235204 9.9955E-05 9.9955E-05 9.9955E-05 0.0279801 0.0252239 0.843433 9.9955E-05
9.996E-05 0.0153706 0.0411547 9.996E-05 0.0698852 0.117035 0.0537329 9.996E-05 0.702422 9.996E-05
0.000464341 0.0243314 0.0735262 9.9973E-05 9.9973E-05 0.146921 0.00163453 9.9973E-05 0.703852 0.0489706
9.9946E-05 9.9946E-05 9.9946E-05 9.9946E-05 0.0408586 9.9946E-05 0.01519 9.9946E-05 0.915366 0.027986
9.998E-05 0.0118421 0.0188787 0.0250159 0.096494 0.0449592 0.0239308 9.998E-05 0.764466 0.0142128
9.9937E-05 9.9937E-05 9.9937E-05 0.0314926 9.9937E-05 0.0918798 9.9937E-05 9.9937E-05 0.875928 9.9937E-05
9.9964E-05 0.063076 0.0125991 0.0181593 9.9964E-05 9.9964E-05 0.00899035 0.00455354 0.892222 9.9964E-05
0.0619361 9.9973E-05 0.060132 9.9973E-05 0.0179075 9.9973E-05 0.0735113 0.0351368 0.725171 0.0259053
9.997E-05 0.00944066 0.0240315 9.997E-05 9.997E-05 0.161295 0.0246327 0.00799103 0.746783 0.0255262
0.0291146 0.00731943 0.0422857 0.0453185 9.998E-05 0.121554 0.0690388 9.998E-05 0.603971 0.081198
9.9946E-05 0.176316 9.9946E-05 9.9946E-05 9.9946E-05 9.9946E-05 0.00699293 9.9946E-05 0.799598 0.0164934
9.9964E-05 0.0125377 0.000912086 0.0442514 0.0145396 0.0524295 9.9964E-05 9.9964E-05 0.87493 9.9964E-05
0.200211 0.0208377 9.9964E-05 9.9964E-05 0.0532123 0.141024 9.9964E-05 9.9964E-05 0.526961 0.0573543
9.9955E-05 0.0309687 0.0909526 9.9955E-05 9.9955E-05 0.303522 9.9955E-05 9.9955E-05 0.54324 0.0308165
0.0374101 9.9964E-05 0.0640173 9.9964E-05 9.9964E-05 0.249771 9.9964E-05 0.0281728 0.555828 0.0644005
0.0429032 0.0236043 0.0163883 9.9955E-05 9.9955E-05 0.346105 9.9955E-05 9.9955E-05 0.570499 9.9955E-05
0.170823 9.9982E-05 0.0388451 9.9982E-05 0.234935 0.139954 0.133048 0.0500615 0.16443 0.0677023
0.165989 9.9991E-05 0.0760369 0.00902583 0.206401 0.191196 0.145107 0.0159294 0.107573 0.0826413
0.103106 9.9982E-05 9.9982E-05 0.0457487 0.299282 0.0763867 0.0946313 0.0571536 0.238345 0.085148
0.176529 9.9973E-05 0.0442514 9.9973E-05 0.2298 0.223565 0.0813318 9.9973E-05 0.197441 0.0467823
0.208909 9.997E-05 0.0861591 9.997E-05 0.0817153 0.205248 0.089912 9.997E-05 0.233485 0.094272
0.999101 9.99201E-05 9.99201E-05 9.99201E-05 9.99201E-05 9.99201E-05 9.99201E-05 9.99201E-05 9.99201E-05 9.99201E-05
0.999101 9.99201E-05 9.99201E-05 9.99201E-05 9.99201E-05 9.99201E-05 9.99201E-05 9.99201E-05 9.99201E-05 9.99201E-05
0.178206 0.0167466 0.0491883 9.9982E-05 0.100663 0.103357 0.0640371 9.9982E-05 0.456755 0.0308471
0.216575 9.9982E-05 0.074344 0.0518732 0.0727349 0.209797 0.075801 9.9982E-05 0.218265 0.0804096
0.148869 9.9991E-05 0.00441325 0.0881909 0.0876094 0.0948411 0.0936491 0.0281033 0.426622 0.0276021
0.364502 9.9964E-05 0.00391937 0.0591281 9.9964E-05 0.331459 9.9964E-05 9.9964E-05 0.172703 0.0678885
0.259088 0.0377567 0.0582297 9.9982E-05 0.17376 0.206889 0.0445613 9.9982E-05 0.183734 0.035781
0.949467 0.0156112 0.0075802 0.0180665 9.9955E-05 0.00877546 9.9955E-05 9.9955E-05 9.9955E-05 9.9955E-05
0.128222 0.0458313 0.065341 0.0360346 0.040497 0.444855 9.9973E-05 9.9973E-05 0.238918 9.9973E-05
0.172974 0.0467278 0.0103763 0.0438365 0.00452429 0.412903 0.0466163 9.9991E-05 0.236351 0.0255905
0.234411 0.00285121 0.0166173 9.999E-05 0.186821 0.121665 0.0960812 0.0385802 0.225358 0.0775154
0.240414 9.9991E-05 0.075157 0.0664946 0.0330153 0.245465 0.0406358 0.045514 0.189738 0.0634662
0.219362 0.0185171 0.0770955 9.9991E-05 0.122246 0.136142 0.0764215 0.0124478 0.298107 0.0395617
0.999101 9.99201E-05 9.99201E-05 9.99201E-05 9.99201E-05 9.99201E-05 9.99201E-05 9.99201E-05 9.99201E-05 9.99201E-05
0.297696 9.9973E-05 0.0539571 0.0157426 9.9973E-05 0.341104 9.9973E-05 0.00101109 0.268894 0.0212954
0.553798 0.0233604 0.0567713 9.9982E-05 0.022594 0.0469206 0.119138 0.0184436 0.158774 9.9982E-05
0.298867 9.9982E-05 0.00860438 0.00474781 0.154333 0.215294 0.0844175 0.0600565 0.17348 9.9982E-05
0.164821 9.9991E-05 0.0537665 0.000444726 0.201443 0.270128 0.0288609 0.0378472 0.185556 0.057032
0.00183179 0.00211308 0.0135085 9.9946E-05 0.981947 9.9946E-05 9.9946E-05 9.9946E-05 9.9946E-05 9.9946E-05
0.301779 9.9973E-05 0.0813032 9.9973E-05 0.144813 0.191043 0.0698134 0.0210673 0.189882 9.9973E-05
9.99201E-05 9.99201E-05 9.99201E-05 9.99201E-05 0.999101 9.99201E-05 9.99201E-05 9.99201E-05 9.99201E-05 9.99201E-05
0.194962 9.9946E-05 9.9946E-05 9.9946E-05 0.297732 0.482448 9.9946E-05 0.0242586 9.9946E-05 9.9946E-05
9.9937E-05 0.0492544 9.9937E-05 9.9937E-05 0.942479 9.9937E-05 0.00756718 9.9937E-05 9.9937E-05 9.9937E-05
0.0405845 9.9982E-05 0.0313439 9.9982E-05 0.252082 0.179704 0.0260266 0.00899719 0.41359 0.0474719
9.99201E-05 9.99201E-05 9.99201E-05 9.99201E-05 0.999101 9.99201E-05 9.99201E-05 9.99201E-05 9.99201E-05 9.99201E-05
0.191995 9.9982E-05 9.9982E-05 0.0370721 0.276774 0.155557 0.045787 0.0716673 0.167909 0.0530382
0.183364 0.0432991 0.0170948 9.9982E-05 0.138427 0.335625 0.103964 9.9982E-05 0.116821 0.0612061
0.149756 0.00608909 0.06741 0.0531288 0.489547 0.152414 9.9982E-05 9.9982E-05 0.0690579 0.0123968
0.14554 9.9973E-05 0.0862941 0.0416632 0.466701 0.181702 9.9973E-05 9.9973E-05 0.0740747 0.00372437
0.0995758 0.00782281 0.0494994 0.0336561 0.175625 0.450766 0.0840314 9.9991E-05 0.0795094 0.0194132
0.199573 0.0167626 0.107784 9.9982E-05 0.256749 0.259781 0.00838652 9.9982E-05 0.136622 0.0141419
0.212444 0.00589473 9.9964E-05 9.9964E-05 0.391478 0.249879 9.9964E-05 9.9964E-05 0.10533 0.0345746
0.131944 0.0650056 9.998E-05 0.0102588 0.322091 0.30914 0.0282119 0.0727565 0.0603911 9.998E-05
9.99461E-05 0.0133582 9.99461E-05 9.99461E-05 9.99461E-05 0.952563 9.99461E-05 9.99461E-05 0.0132845 0.0201942
9.99201E-05 9.99201E-05 9.99201E-05 9.99201E-05 9.99201E-05 0.999101 9.99201E-05 9.99201E-05 9.99201E-05 9.99201E-05
0.0128709 9.99371E-05 9.99371E-05 0.00223167 9.99371E-05 0.984198 9.99371E-05 9.99371E-05 9.99371E-05 9.99371E-05
9.99281E-05 9.99281E-05 9.99281E-05 9.99281E-05 0.00211043 0.99709 9.99281E-05 9.99281E-05 9.99281E-05 9.99281E-05
9.99201E-05 9.99201E-05 9.99201E-05 9.99201E-05 9.99201E-05 0.999101 9.99201E-05 9.99201E-05 9.99201E-05 9.99201E-05
9.9964E-05 9.9964E-05 0.0785203 9.9964E-05 0.0389138 0.47677 0.0649264 0.0878512 0.252619 9.9964E-05
0.0421755 9.9982E-05 0.0229814 0.0216042 9.9982E-05 0.528679 0.0519646 0.137347 0.0996411 0.0954078
0.0805842 0.0013921 9.9982E-05 9.9982E-05 0.0100376 0.579812 0.00486721 0.101538 0.106226 0.115344
0.0314504 9.9991E-05 0.0505829 0.0337458 0.086253 0.513246 0.0506004 0.0527971 0.149188 0.0320362
0.00977583 9.9982E-05 0.0435476 0.0125921 0.0518007 0.562956 0.0953355 0.0663345 0.157458 9.9982E-05
9.9982E-05 0.0556525 0.0204607 9.9982E-05 0.0339185 0.550118 0.0197771 0.0916342 0.136997 0.0912418
0.0369711 0.000627361 0.131662 0.0071147 0.106555 0.340955 0.12197 0.0831259 0.0803063 0.0907124
0.183493 0.181389 9.9991E-05 0.0282273 0.0840137 0.292111 0.0490326 0.097016 0.0378671 0.0467503
0.243256 0.177835 9.9991E-05 0.0498304 0.00763765 0.30541 0.0648845 0.0770754 0.0429019 0.0310692
0.11087 9.9991E-05 0.174699 0.0210391 0.00110227 0.345743 0.0486529 0.157243 0.0483698 0.0921813
9.99201E-05 9.99201E-05 9.99201E-05 9.99201E-05 9.99201E-05 9.99201E-05 9.99201E-05 0.999101 9.99201E-05 9.99201E-05
0.0165453 9.9964E-05 9.9964E-05 0.0288659 0.000537874 9.9964E-05 0.0299506 0.915071 0.00862947 9.9964E-05
0.0307194 0.0717672 0.0129873 0.00609541 9.9973E-05 0.00506983 9.9973E-05 0.85722 0.0158409 9.9973E-05
9.99371E-05 9.99371E-05 9.99371E-05 9.99371E-05 0.00243769 9.99371E-05 9.99371E-05 0.985356 9.99371E-05 0.0115068
9.99201E-05 9.99201E-05 9.99201E-05 9.99201E-05 9.99201E-05 9.99201E-05 9.99201E-05 0.999101 9.99201E-05 9.99201E-05
9.99371E-05 9.99371E-05 0.0024428 0.00489564 9.99371E-05 9.99371E-05 9.99371E-05 0.991962 9.99371E-05 9.99371E-05
9.99281E-05 9.99281E-05 9.99281E-05 9.99281E-05 9.99281E-05 9.99281E-05 9.99281E-05 0.988354 9.99281E-05 0.0108466
0.0312161 9.9964E-05 9.9964E-05 9.9964E-05 0.0277274 9.9964E-05 0.00981173 0.859331 0.0544813 0.0170324
9.99281E-05 9.99281E-05 9.99281E-05 9.99281E-05 0.00921401 9.99281E-05 9.99281E-05 0.989987 9.99281E-05 9.99281E-05
9.99201E-05 9.99201E-05 9.99201E-05 9.99201E-05 9.99201E-05 9.99201E-05 9.99201E-05 0.999101 9.99201E-05 9.99201E-05
9.997E-05 0.0330606 0.0948579 9.997E-05 9.997E-05 0.442396 0.204053 0.0550175 0.106743 0.0635724
0.0367476 0.0468664 0.00306481 9.9964E-05 0.0360932 9.9964E-05 0.00674723 0.870081 9.9964E-05 9.9964E-05
9.99371E-05 0.00916452 0.00627439 9.99371E-05 9.99371E-05 9.99371E-05 9.99371E-05 0.983862 9.99371E-05 9.99371E-05
9.9937E-05 9.9937E-05 0.00935366 9.9937E-05 9.9937E-05 0.0152178 9.9937E-05 0.974729 9.9937E-05 9.9937E-05
9.9937E-05 0.0169089 0.0079229 9.9937E-05 9.9937E-05 0.974469 9.9937E-05 9.9937E-05 9.9937E-05 9.9937E-05
9.99201E-05 9.99201E-05 9.99201E-05 9.99201E-05 9.99201E-05 0.999101 9.99201E-05 9.99201E-05 9.99201E-05 9.99201E-05
9.99201E-05 9.99201E-05 9.99201E-05 9.99201E-05 9.99201E-05 0.999101 9.99201E-05 9.99201E-05 9.99201E-05 9.99201E-05
9.99201E-05 9.99201E-05 9.99201E-05 9.99201E-05 9.99201E-05 0.999101 9.99201E-05 9.99201E-05 9.99201E-05 9.99201E-05
9.9955E-05 0.0769536 0.00653997 9.9955E-05 9.9955E-05 0.822041 0.0822087 9.9955E-05 9.9955E-05 0.0117567
9.9946E-05 0.113732 9.9946E-05 9.9946E-05 9.9946E-05 0.690172 0.0632808 9.9946E-05 0.132215 9.9946E-05
9.9964E-05 0.0925708 9.9964E-05 9.9964E-05 9.9964E-05 0.827867 0.0291665 0.0318046 0.017917 0.000274641
9.9946E-05 0.0538037 9.9946E-05 9.9946E-05 9.9946E-05 0.834974 0.0851613 0.025461 9.9946E-05 9.9946E-05
9.9946E-05 0.0505421 9.9946E-05 9.9946E-05 9.9946E-05 0.835657 9.9946E-05 0.0913259 9.9946E-05 0.0218753
9.9946E-05 0.0621534 9.9946E-05 9.9946E-05 9.9946E-05 0.883571 9.9946E-05 0.0407543 9.9946E-05 0.012922
9.9973E-05 0.0497044 0.0265739 9.9973E-05 9.9973E-05 0.751569 0.0446057 0.0194171 0.0876644 0.0201652
9.9946E-05 0.140428 9.9946E-05 9.9946E-05 9.9946E-05 0.8042 9.9946E-05 0.0474628 9.9946E-05 0.00730881
9.997E-05 0.0269154 0.0210545 0.00831462 0.018869 0.796268 0.0744675 9.997E-05 9.997E-05 0.0538109
9.9973E-05 0.0106269 0.0269509 9.9973E-05 9.9973E-05 0.739787 0.113649 0.0349116 0.0294792 0.0442956
9.9964E-05 0.011629 9.9964E-05 9.9964E-05 0.00235832 0.045419 0.9093 0.0166448 9.9964E-05 0.0142488
0.00262078 0.00886883 0.0324347 0.0229441 9.9964E-05 9.9964E-05 0.906447 0.0262849 9.9964E-05 9.9964E-05
9.99201E-05 9.99201E-05 9.99201E-05 9.99201E-05 9.99201E-05 9.99201E-05 0.999101 9.99201E-05 9.99201E-05 9.99201E-05
0.00506007 9.9946E-05 0.0294611 9.9946E-05 9.9946E-05 0.0164146 0.948465 9.9946E-05 9.9946E-05 9.9946E-05
9.99201E-05 9.99201E-05 9.99201E-05 9.99201E-05 9.99201E-05 9.99201E-05 0.999101 9.99201E-05 9.99201E-05 9.99201E-05
9.99201E-05 9.99201E-05 9.99201E-05 9.99201E-05 9.99201E-05 9.99201E-05 0.999101 9.99201E-05 9.99201E-05 9.99201E-05
0.0270561 0.00367547 9.9946E-05 9.9946E-05 0.00270949 9.9946E-05 0.965959 9.9946E-05 9.9946E-05 9.9946E-05
0.0426993 0.0688065 0.0437944 0.04249 0.0397127 9.9964E-05 0.762097 9.9964E-05 9.9964E-05 9.9964E-05
9.99281E-05 9.99281E-05 9.99281E-05 9.99281E-05 9.99281E-05 9.99281E-05 0.982731 9.99281E-05 9.99281E-05 0.0164692
9.99201E-05 9.99201E-05 9.99201E-05 9.99201E-05 9.99201E-05 9.99201E-05 0.999101 9.99201E-05 9.99201E-05 9.99201E-05
9.99461E-05 0.0590049 9.99461E-05 0.05042 9.99461E-05 9.99461E-05 0.87402 0.0159551 9.99461E-05 9.99461E-05
9.9937E-05 9.9937E-05 9.9937E-05 9.9937E-05 9.9937E-05 0.00426308 0.978361 0.0166759 9.9937E-05 9.9937E-05
0.00386662 0.0477606 0.00312239 0.0276843 0.0774507 0.040294 0.708356 0.00376324 9.999E-05 0.0876019
9.99201E-05 9.99201E-05 9.99201E-05 9.99201E-05 9.99201E-05 9.99201E-05 9.99201E-05 9.99201E-05 9.99201E-05 0.999101
0.0277614 0.00121838 0.0366909 0.00149421 0.0242342 0.602769 0.128863 0.0994088 9.9991E-05 0.0774592
9.99201E-05 9.99201E-05 9.99201E-05 9.99201E-05 9.99201E-05 9.99201E-05 9.99201E-05 9.99201E-05 9.99201E-05 0.999101
9.99201E-05 9.99201E-05 9.99201E-05 9.99201E-05 9.99201E-05 9.99201E-05 9.99201E-05 9.99201E-05 9.99201E-05 0.999101
9.99371E-05 0.104909 9.99371E-05 9.99371E-05 9.99371E-05 9.99371E-05 9.99371E-05 0.0250542 9.99371E-05 0.869337
0.0556098 9.996E-05 0.0378209 0.00302749 9.996E-05 0.0794049 9.996E-05 9.996E-05 0.0276714 0.796066
9.99201E-05 9.99201E-05 9.99201E-05 9.99201E-05 9.99201E-05 9.99201E-05 9.99201E-05 9.99201E-05 9.99201E-05 0.999101
0.0208135 0.0186463 9.996E-05 9.996E-05 9.996E-05 0.0744265 0.0142611 0.0148228 9.996E-05 0.85663
9.9955E-05 0.0303608 0.00166733 9.9955E-05 9.9955E-05 9.9955E-05 9.9955E-05 0.00787676 0.0040531 0.955542
9.99371E-05 9.99371E-05 9.99371E-05 9.99371E-05 9.99371E-05 9.99371E-05 0.0431708 9.99371E-05 0.0235349 0.932595
9.99281E-05 9.99281E-05 9.99281E-05 9.99281E-05 0.0103238 9.99281E-05 9.99281E-05 9.99281E-05 9.99281E-05 0.988877
9.9955E-05 9.9955E-05 0.00185936 0.00362875 9.9955E-05 0.00189861 0.0159175 9.9955E-05 9.9955E-05 0.976196
9.99371E-05 9.99371E-05 9.99371E-05 9.99371E-05 9.99371E-05 0.0138175 0.00833127 9.99371E-05 9.99371E-05 0.977152
9.9973E-05 0.0473485 0.0274029 9.9973E-05 0.0189888 9.9973E-05 0.0599165 0.0129574 0.0437166 0.789369
9.995E-05 9.995E-05 0.00622547 0.0224038 9.995E-05 9.995E-05 0.0136335 0.0114953 9.995E-05 0.945742
0.0208222 0.0146141 9.997E-05 0.00957032 0.0409219 9.997E-05 0.0457307 0.00307401 9.997E-05 0.864967
9.9955E-05 0.0548787 0.0338136 9.9955E-05 0.0211441 0.0547739 9.9955E-05 9.9955E-05 9.9955E-05 0.83489
9.9955E-05 9.9955E-05 0.0381637 0.0408008 9.9955E-05 0.0422532 9.9955E-05 0.00925485 9.9955E-05 0.869028
9.9946E-05 9.9946E-05 0.0234532 9.9946E-05 0.029094 0.0410484 9.9946E-05 9.9946E-05 9.9946E-05 0.905805
0.0170714 0.061236 0.281578 0.0473171 0.0673391 0.418448 0.0234832 0.0327866 9.9991E-05 0.0506402
9.999E-05 0.0752726 0.304961 0.0291964 0.0706846 0.331281 0.0646498 0.0381613 0.0330025 0.0526909
9.9991E-05 0.0877349 0.271604 0.0310537 0.128308 0.353001 0.00460086 0.0397226 0.0124871 0.0713883
9.9991E-05 0.0941341 0.249765 0.0526278 0.117359 0.367775 0.0104905 0.0305596 0.0130876 0.0641009
9.994E-05 0.899629 9.994E-05 9.994E-05 0.0409873 9.994E-05 0.0579091 9.994E-05 0.000875495 9.994E-05
9.99201E-05 0.999101 9.99201E-05 9.99201E-05 9.99201E-05 9.99201E-05 9.99201E-05 9.99201E-05 9.99201E-05 9.99201E-05
9.9937E-05 0.994898 9.9937E-05 9.9937E-05 9.9937E-05 9.9937E-05 0.00376881 9.9937E-05 9.9937E-05 0.000633407
9.99201E-05 0.999101 9.99201E-05 9.99201E-05 9.99201E-05 9.99201E-05 9.99201E-05 9.99201E-05 9.99201E-05 9.99201E-05
0.000935468 0.998265 9.9928E-05 9.9928E-05 9.9928E-05 9.9928E-05 9.9928E-05 9.9928E-05 9.9928E-05 9.9928E-05
9.9955E-05 0.938466 0.0422455 9.9955E-05 9.9955E-05 0.00217938 9.9955E-05 0.0117288 9.9955E-05 0.00488099
0.0391264 0.897944 0.00882775 9.9973E-05 0.0228435 9.9973E-05 0.00490976 0.02296 9.9973E-05 0.00308913
9.9955E-05 0.728846 0.0606898 0.033302 9.9955E-05 0.121818 9.9955E-05 9.9955E-05 0.0548444 9.9955E-05
9.9964E-05 0.839545 0.0338351 0.00615872 9.9964E-05 0.0927152 9.9964E-05 9.9964E-05 0.0198952 0.00745059
9.99281E-05 9.99281E-05 0.986595 9.99281E-05 9.99281E-05 0.0126054 9.99281E-05 9.99281E-05 9.99281E-05 9.99281E-05
9.99281E-05 0.000472565 0.998728 9.99281E-05 9.99281E-05 9.99281E-05 9.99281E-05 9.99281E-05 9.99281E-05 9.99281E-05
9.99201E-05 9.99201E-05 0.999101 9.99201E-05 9.99201E-05 9.99201E-05 9.99201E-05 9.99201E-05 9.99201E-05 9.99201E-05
9.99281E-05 0.00358111 0.995619 9.99281E-05 9.99281E-05 9.99281E-05 9.99281E-05 9.99281E-05 9.99281E-05 9.99281E-05
9.99201E-05 9.99201E-05 0.999101 9.99201E-05 9.99201E-05 9.99201E-05 9.99201E-05 9.99201E-05 9.99201E-05 9.99201E-05
9.994E-05 0.0394692 0.829906 9.994E-05 0.0190861 0.110939 9.994E-05 9.994E-05 9.994E-05 9.994E-05
9.99201E-05 9.99201E-05 0.999101 9.99201E-05 9.99201E-05 9.99201E-05 9.99201E-05 9.99201E-05 9.99201E-05 9.99201E-05
9.99201E-05 9.99201E-05 0.999101 9.99201E-05 9.99201E-05 9.99201E-05 9.99201E-05 9.99201E-05 9.99201E-05 9.99201E-05
9.99371E-05 9.99371E-05 0.992572 0.00135663 9.99371E-05 9.99371E-05 9.99371E-05 0.00537132 9.99371E-05 9.99371E-05
9.9946E-05 9.9946E-05 0.941031 9.9946E-05 9.9946E-05 9.9946E-05 0.0277595 0.0174826 9.9946E-05 0.0131271
9.99201E-05 9.99201E-05 0.999101 9.99201E-05 9.99201E-05 9.99201E-05 9.99201E-05 9.99201E-05 9.99201E-05 9.99201E-05
9.9964E-05 0.0237054 0.967125 0.000864326 9.9964E-05 9.9964E-05 0.00278085 0.00246972 0.00265531 9.9964E-05
