9.99201E-05 9.99201E-05 9.99201E-05 9.99201E-05 9.99201E-05 0.999101 9.99201E-05 9.99201E-05 9.99201E-05 9.99201E-05
9.9973E-05 9.9973E-05 0.570102 0.0548588 0.00619466 0.239863 9.9973E-05 0.00934188 0.109584 0.00975547
9.9946E-05 9.9946E-05 0.628631 0.0829083 9.9946E-05 0.216205 9.9946E-05 9.9946E-05 0.0716564 9.9946E-05
9.9955E-05 0.00438145 0.740276 9.9955E-05 9.9955E-05 0.151709 0.0962786 9.9955E-05 0.0068548 9.9955E-05
0.00674781 9.9964E-05 0.712754 9.9964E-05 9.9964E-05 0.0414196 0.14047 0.0382597 9.9964E-05 0.0599491
9.9973E-05 0.0166713 0.619357 0.0373169 0.0752685 0.169296 0.0789552 0.00283467 9.9973E-05 9.9973E-05
9.99281E-05 9.99281E-05 0.730221 9.99281E-05 9.99281E-05 0.26898 9.99281E-05 9.99281E-05 9.99281E-05 9.99281E-05
9.9955E-05 0.00676429 0.536646 0.0950757 9.9955E-05 0.264655 0.0963593 9.9955E-05 9.9955E-05 9.9955E-05
9.9973E-05 9.9973E-05 0.646963 0.0498205 0.0515547 0.15203 0.0664554 9.9973E-05 0.0108537 0.0220228
9.99201E-05 9.99201E-05 9.99201E-05 9.99201E-05 9.99201E-05 0.999101 9.99201E-05 9.99201E-05 9.99201E-05 9.99201E-05
9.99201E-05 9.99201E-05 9.99201E-05 9.99201E-05 9.99201E-05 0.999101 9.99201E-05 9.99201E-05 9.99201E-05 9.99201E-05
9.99201E-05 9.99201E-05 9.99201E-05 9.99201E-05 9.99201E-05 0.999101 9.99201E-05 9.99201E-05 9.99201E-05 9.99201E-05
9.99201E-05 9.99201E-05 9.99201E-05 9.99201E-05 9.99201E-05 0.999101 9.99201E-05 9.99201E-05 9.99201E-05 9.99201E-05
9.9955E-05 9.9955E-05 0.0325229 9.9955E-05 9.9955E-05 0.91 0.0118662 0.0327557 9.9955E-05 0.0123558
0.0222594 9.9946E-05 9.9946E-05 9.9946E-05 9.9946E-05 0.957724 0.0128865 9.9946E-05 9.9946E-05 0.00653017
0.0262464 9.9964E-05 0.493405 0.0414185 9.9964E-05 0.150398 0.227537 9.9964E-05 9.9964E-05 0.0605956
9.9982E-05 0.0733682 0.421776 0.0467353 9.9982E-05 0.170586 0.135233 0.0850141 0.0197497 0.0473383
0.0159356 0.0530485 0.657906 0.0109584 9.9982E-05 0.170787 0.0628638 9.9982E-05 0.0169938 0.011307
9.9955E-05 0.0788188 0.837038 9.9955E-05 9.9955E-05 9.9955E-05 9.9955E-05 0.0262875 0.0214917 0.0358639
0.0172853 0.103379 0.853703 9.9946E-05 9.9946E-05 9.9946E-05 9.9946E-05 0.0250337 9.9946E-05 9.9946E-05
9.9955E-05 0.0788844 0.850207 9.9955E-05 9.9955E-05 0.0242512 9.9955E-05 9.9955E-05 0.0115358 0.0346223
0.04165 0.0297062 0.740258 0.0719036 0.0482423 9.9964E-05 9.9964E-05 0.06784 9.9964E-05 9.9964E-05
9.9955E-05 0.0721576 0.804167 0.0287786 9.9955E-05 9.9955E-05 9.9955E-05 0.0827919 9.9955E-05 0.0116048
0.048647 9.9937E-05 0.916821 9.9937E-05 9.9937E-05 9.9937E-05 9.9937E-05 0.0338324 9.9937E-05 9.9937E-05
0.0156996 0.00809584 0.900615 9.9973E-05 0.0419405 9.9973E-05 0.0236121 9.9973E-05 0.000180279 0.0095567
0.0567116 9.9955E-05 0.605557 9.9955E-05 0.178408 9.9955E-05 0.0868132 9.9955E-05 9.9955E-05 0.0720107
9.9964E-05 0.11892 0.66339 0.0486613 9.9964E-05 9.9964E-05 0.0427966 0.0318476 9.9964E-05 0.0939838
9.9937E-05 9.9937E-05 0.898232 0.00579983 9.9937E-05 9.9937E-05 0.0952686 9.9937E-05 9.9937E-05 9.9937E-05
0.0165456 0.0631644 0.691655 9.9982E-05 0.0524208 0.0454707 0.0972843 0.00915992 9.9982E-05 0.0240994
9.9937E-05 9.9937E-05 0.80865 9.9937E-05 0.157949 0.0327011 9.9937E-05 9.9937E-05 9.9937E-05 9.9937E-05
0.0182363 0.0497202 0.841892 9.9964E-05 9.9964E-05 0.0273599 9.9964E-05 0.043226 9.9964E-05 0.0191653
0.0587644 0.0266346 0.767617 0.00702561 9.9973E-05 9.9973E-05 0.0491068 9.9973E-05 0.0213119 0.0692395
0.0145476 0.0327375 0.721436 0.0613484 0.119675 0.000977263 9.9982E-05 0.028733 9.9982E-05 0.0203453
0.123572 0.0418273 0.639053 0.0386722 0.0568071 0.0103733 0.0412379 0.0471225 0.00123472 9.9991E-05
9.9946E-05 0.086435 0.753069 0.0601952 9.9946E-05 9.9946E-05 9.9946E-05 0.0997015 9.9946E-05 9.9946E-05
9.9937E-05 9.9937E-05 0.801174 9.9937E-05 0.167887 0.030239 9.9937E-05 9.9937E-05 9.9937E-05 9.9937E-05
9.9955E-05 0.0517326 0.484495 9.9955E-05 0.0908432 9.9955E-05 0.330039 0.0423905 9.9955E-05 9.9955E-05
9.9973E-05 0.159651 0.51717 0.0131076 0.0941494 9.9973E-05 0.0574808 0.0676389 9.9973E-05 0.0905019
9.9982E-05 0.157827 0.500614 0.0526313 0.0433551 0.02446 0.0933622 9.9982E-05 0.0296304 0.0979202
0.00680189 0.283547 0.565724 9.9973E-05 0.0496835 9.9973E-05 0.0425698 9.9973E-05 0.00961429 0.0417598
0.0542918 0.0246916 9.9973E-05 0.0119232 0.09906 9.9973E-05 0.673985 9.9973E-05 0.0834671 0.0522818
0.0700376 9.9991E-05 0.0873558 0.052556 0.127925 0.000824671 0.607713 0.00655882 0.0415754 0.0053543
0.0811325 9.9973E-05 0.210812 0.0679586 0.0441791 0.0394903 0.507529 9.9973E-05 0.0485984 9.9973E-05
0.0327577 9.9973E-05 0.0882151 0.0255954 0.0954958 9.9973E-05 0.671282 9.9973E-05 0.0531496 0.0332047
0.0404584 0.0774856 0.197003 0.0783441 0.0961943 9.9973E-05 0.440888 9.9973E-05 9.9973E-05 0.0693268
9.99201E-05 9.99201E-05 9.99201E-05 9.99201E-05 9.99201E-05 9.99201E-05 0.999101 9.99201E-05 9.99201E-05 9.99201E-05
9.99201E-05 9.99201E-05 9.99201E-05 9.99201E-05 9.99201E-05 9.99201E-05 0.999101 9.99201E-05 9.99201E-05 9.99201E-05
0.0802611 9.9973E-05 0.350094 0.0555614 0.000597834 9.9973E-05 0.466991 0.0286383 9.9973E-05 0.0175557
0.0556999 0.0753804 0.15518 0.0628163 0.0824695 0.0566715 0.467077 0.0125426 9.9991E-05 0.0320625
0.054189 0.0310207 0.344521 0.0392095 0.0605356 0.0856819 0.352469 9.9982E-05 0.0321726 9.9982E-05
9.9964E-05 0.244275 0.214979 0.0201467 9.9964E-05 0.046671 0.422123 9.9964E-05 9.9964E-05 0.051405
0.0421562 9.9973E-05 0.19428 0.0443604 0.0635562 9.9973E-05 0.625186 0.0214439 9.9973E-05 0.00871701
9.9937E-05 9.9937E-05 9.9937E-05 9.9937E-05 9.9937E-05 9.9937E-05 0.934439 0.0385235 9.9937E-05 0.0263379
0.0571264 0.185973 0.175205 9.9982E-05 0.109016 0.0302724 0.341581 0.0601866 9.9982E-05 0.0404385
0.0445451 0.153618 0.20503 9.9991E-05 0.103006 0.0448829 0.33188 0.0398706 0.0454451 0.0316236
0.0766217 0.0939701 0.1215 0.0845197 9.9973E-05 9.9973E-05 0.607683 9.9973E-05 0.0135591 0.00184684
0.00547115 0.186752 0.152301 0.0742497 0.0110799 0.0956093 0.334885 0.00451981 9.9991E-05 0.135033
9.9973E-05 0.108646 0.192191 9.9973E-05 0.0416896 9.9973E-05 0.508013 0.0185291 0.0218295 0.108801
9.99201E-05 9.99201E-05 9.99201E-05 9.99201E-05 9.99201E-05 9.99201E-05 0.999101 9.99201E-05 9.99201E-05 9.99201E-05
0.00667646 0.186679 0.212236 0.00713034 0.0196711 0.0644423 0.413807 9.9991E-05 0.0136971 0.0755605
0.0785349 0.0228263 0.151726 9.9964E-05 9.9964E-05 9.9964E-05 0.627515 0.0371198 9.9964E-05 0.0818784
0.124732 0.126829 0.0439955 0.0149495 9.9982E-05 0.0430598 0.620075 9.9982E-05 0.0085552 0.0176045
0.0176445 9.9991E-05 0.0973223 0.036192 0.177874 0.0108531 0.551192 0.0178606 0.0444294 0.0465322
0.00888268 9.9964E-05 9.9964E-05 0.0304544 9.9964E-05 9.9964E-05 0.861347 0.0568479 0.0350047 0.00706373
0.124615 0.108524 0.0795345 9.9964E-05 9.9964E-05 0.0209739 0.656664 9.9964E-05 9.9964E-05 0.00928845
0.00355916 9.9955E-05 9.9955E-05 0.00791961 9.9955E-05 9.9955E-05 0.907429 0.0555264 0.0250658 9.9955E-05
9.9946E-05 0.148817 9.9946E-05 9.9946E-05 0.100245 9.9946E-05 0.707172 9.9946E-05 0.0431675 9.9946E-05
0.0374739 9.99461E-05 9.99461E-05 9.99461E-05 9.99461E-05 9.99461E-05 0.789908 0.16254 0.00947758 9.99461E-05
0.00158055 0.0274131 0.300189 0.0168803 0.0960404 9.99887E-05 0.520992 0.0159015 9.99887E-05 0.0208024
0.0192144 9.9946E-05 9.9946E-05 0.0093145 9.9946E-05 9.9946E-05 0.933946 0.0369252 9.9946E-05 9.9946E-05
0.0495292 9.9973E-05 0.0914384 0.0451798 0.0449022 0.0353439 0.661684 9.9973E-05 0.0716229 9.9973E-05
0.0373918 0.149632 0.0593324 0.0286738 0.0729199 9.9991E-05 0.584128 0.0254535 0.0303077 0.0120609
9.9946E-05 0.0229559 9.9946E-05 9.9946E-05 0.0616504 0.0690852 0.845709 9.9946E-05 9.9946E-05 9.9946E-05
9.9946E-05 9.9946E-05 9.9946E-05 9.9946E-05 0.081314 0.0418137 0.833538 9.9946E-05 9.9946E-05 0.0427341
0.0482465 0.139829 9.9973E-05 0.0516825 0.12741 0.0412539 0.544404 0.0468747 9.9973E-05 9.9973E-05
0.00400431 0.105276 0.00507852 9.9991E-05 0.0963795 0.00504148 0.684996 0.0133632 0.00108173 0.0846793
0.000166436 0.0991714 9.9973E-05 0.0309948 0.0383064 9.9973E-05 0.787615 0.0159872 0.0274589 9.9973E-05
0.0162913 0.126577 0.0652848 9.9973E-05 0.0741185 9.9973E-05 0.509906 0.11107 0.0964533 9.9973E-05
0.0220343 9.9937E-05 9.9937E-05 9.9937E-05 0.977046 9.9937E-05 9.9937E-05 9.9937E-05 9.9937E-05 0.000220031
9.99201E-05 9.99201E-05 9.99201E-05 9.99201E-05 0.999101 9.99201E-05 9.99201E-05 9.99201E-05 9.99201E-05 9.99201E-05
9.99201E-05 9.99201E-05 9.99201E-05 9.99201E-05 0.999101 9.99201E-05 9.99201E-05 9.99201E-05 9.99201E-05 9.99201E-05
9.9928E-05 9.9928E-05 9.9928E-05 9.9928E-05 0.988806 9.9928E-05 9.9928E-05 9.9928E-05 0.010395 9.9928E-05
9.99201E-05 9.99201E-05 9.99201E-05 9.99201E-05 0.999101 9.99201E-05 9.99201E-05 9.99201E-05 9.99201E-05 9.99201E-05
0.0677736 0.235845 0.15987 9.9982E-05 0.29564 0.0294148 0.145112 9.9982E-05 0.0544454 0.0116991
0.0993896 0.180914 0.0635806 0.0231837 0.190949 0.0146574 0.25786 0.00874502 0.140425 0.0202958
9.9982E-05 0.266381 0.0502079 0.0741476 0.250479 9.9982E-05 0.220156 0.00746844 0.0980604 0.0329
0.0611412 0.231638 0.180696 0.07197 0.202098 0.0210333 0.150454 9.9991E-05 0.0557899 0.0250793
0.107732 0.150296 0.127962 9.9982E-05 0.324018 0.0149098 0.136512 9.9982E-05 0.0933919 0.0449778
0.0654201 0.22154 9.9991E-05 0.0582901 0.164934 0.0168582 0.221056 0.0291189 0.117557 0.105125
0.108475 0.155252 0.0160915 0.0817309 0.185392 0.018288 0.219275 0.0322976 0.0691144 0.114083
0.0425506 0.211772 0.0974615 0.0522842 9.9982E-05 0.0393696 0.337373 0.138593 0.0803966 9.9982E-05
0.0685045 0.235469 0.0337229 0.0388696 9.9982E-05 0.0349001 0.394455 0.164047 0.0298308 9.9982E-05
0.0364454 0.237528 0.0214025 0.0732029 0.0152797 0.0365752 0.229097 9.9991E-05 0.177595 0.172775
9.99281E-05 9.99281E-05 9.99281E-05 0.00752643 9.99281E-05 9.99281E-05 9.99281E-05 9.99281E-05 0.991674 9.99281E-05
9.9946E-05 9.9946E-05 0.0165767 9.9946E-05 9.9946E-05 0.00599666 0.0473134 9.9946E-05 0.929514 9.9946E-05
9.9946E-05 0.0943947 9.9946E-05 0.00581022 9.9946E-05 9.9946E-05 9.9946E-05 0.0633481 0.835847 9.9946E-05
9.99201E-05 9.99201E-05 9.99201E-05 9.99201E-05 9.99201E-05 9.99201E-05 9.99201E-05 9.99201E-05 0.999101 9.99201E-05
9.99201E-05 9.99201E-05 9.99201E-05 9.99201E-05 9.99201E-05 9.99201E-05 9.99201E-05 9.99201E-05 0.999101 9.99201E-05
9.99201E-05 9.99201E-05 9.99201E-05 9.99201E-05 9.99201E-05 9.99201E-05 9.99201E-05 9.99201E-05 0.999101 9.99201E-05
0.013511 0.0181887 9.9946E-05 0.00944686 9.9946E-05 9.9946E-05 9.9946E-05 9.9946E-05 0.958254 9.9946E-05
0.0111358 9.9964E-05 0.0740924 0.0150863 0.0198502 0.00808924 9.9964E-05 9.9964E-05 0.871346 9.9964E-05
0.00136414 9.9946E-05 9.9946E-05 0.013447 9.9946E-05 9.9946E-05 9.9946E-05 9.9946E-05 0.955005 0.0295837
9.99201E-05 9.99201E-05 9.99201E-05 9.99201E-05 9.99201E-05 9.99201E-05 9.99201E-05 9.99201E-05 0.999101 9.99201E-05
0.245193 0.28309 0.0811638 0.0488253 0.0845288 9.9991E-05 0.0371457 0.0916638 0.054812 0.0734772
9.9955E-05 9.9955E-05 9.9955E-05 0.0166069 9.9955E-05 9.9955E-05 0.0842091 0.0305181 0.864812 0.00335455
9.99371E-05 9.99371E-05 9.99371E-05 9.99371E-05 0.0253956 9.99371E-05 9.99371E-05 9.99371E-05 0.967817 0.00608799
0.00075169 0.015401 9.9955E-05 9.9955E-05 9.9955E-05 9.9955E-05 0.00201275 0.00346838 0.977866 9.9955E-05
9.99201E-05 0.999101 9.99201E-05 9.99201E-05 9.99201E-05 9.99201E-05 9.99201E-05 9.99201E-05 9.99201E-05 9.99201E-05
9.99201E-05 0.999101 9.99201E-05 9.99201E-05 9.99201E-05 9.99201E-05 9.99201E-05 9.99201E-05 9.99201E-05 9.99201E-05
9.99201E-05 0.999101 9.99201E-05 9.99201E-05 9.99201E-05 9.99201E-05 9.99201E-05 9.99201E-05 9.99201E-05 9.99201E-05
9.99201E-05 0.999101 9.99201E-05 9.99201E-05 9.99201E-05 9.99201E-05 9.99201E-05 9.99201E-05 9.99201E-05 9.99201E-05
0.114407 0.658783 9.9982E-05 0.0383866 0.0606488 9.9982E-05 0.0585665 0.0250039 0.00290827 0.0410966
0.0692205 0.659087 0.118478 9.9955E-05 0.0396285 9.9955E-05 9.9955E-05 0.113086 9.9955E-05 9.9955E-05
0.0452427 0.64644 9.9991E-05 0.0227699 0.0832292 0.00523065 0.0499316 0.0546117 0.065261 0.027183
0.0873537 0.694109 9.9973E-05 9.9973E-05 0.0665456 9.9973E-05 0.0442912 0.0518394 0.0173718 0.0381895
9.9955E-05 0.795086 9.9955E-05 0.0110198 0.066378 9.9955E-05 9.9955E-05 0.0397874 0.0872286 9.9955E-05
9.9955E-05 0.824028 9.9955E-05 0.00933301 0.0443768 9.9955E-05 9.9955E-05 0.0569841 0.0647778 9.9955E-05
0.034561 0.456749 0.085732 0.0545362 0.185872 9.9982E-05 9.9982E-05 0.0717699 0.00256521 0.108015
9.9973E-05 0.718043 9.9973E-05 9.9973E-05 0.0266084 0.000496771 0.0185998 0.133362 0.0951022 0.00748819
0.0918812 0.455614 9.9982E-05 0.0518597 0.202758 0.00721439 0.0634356 0.0643581 9.9982E-05 0.0626787
0.141548 0.473968 0.0388554 0.0452302 0.113525 9.9991E-05 0.0619928 0.0188566 0.0647011 0.0412233
0.849139 9.9964E-05 9.9964E-05 0.0120942 0.0462342 9.9964E-05 0.0424726 0.00175016 9.9964E-05 0.0479098
0.873565 9.9964E-05 0.0184622 9.9964E-05 9.9964E-05 0.00825319 9.9964E-05 0.0424966 0.0102695 0.0465538
0.970703 0.0284974 9.9928E-05 9.9928E-05 9.9928E-05 9.9928E-05 9.9928E-05 9.9928E-05 9.9928E-05 9.9928E-05
0.977634 9.9937E-05 9.9937E-05 0.0153988 9.9937E-05 9.9937E-05 0.00626718 9.9937E-05 9.9937E-05 9.9937E-05
0.991276 9.9937E-05 9.9937E-05 9.9937E-05 0.00387794 9.9937E-05 9.9937E-05 9.9937E-05 9.9937E-05 0.00414677
0.999101 9.99201E-05 9.99201E-05 9.99201E-05 9.99201E-05 9.99201E-05 9.99201E-05 9.99201E-05 9.99201E-05 9.99201E-05
0.999101 9.99201E-05 9.99201E-05 9.99201E-05 9.99201E-05 9.99201E-05 9.99201E-05 9.99201E-05 9.99201E-05 9.99201E-05
0.77351 9.9964E-05 0.012016 9.9964E-05 9.9964E-05 0.0599934 0.0471164 0.106359 0.00060508 9.9964E-05
0.997987 0.00121405 9.99281E-05 9.99281E-05 9.99281E-05 9.99281E-05 9.99281E-05 9.99281E-05 9.99281E-05 9.99281E-05
0.999101 9.99201E-05 9.99201E-05 9.99201E-05 9.99201E-05 9.99201E-05 9.99201E-05 9.99201E-05 9.99201E-05 9.99201E-05
0.85503 9.99461E-05 9.99461E-05 9.99461E-05 9.99461E-05 0.0200139 9.99461E-05 0.108799 0.0155581 9.99461E-05
0.999101 9.99201E-05 9.99201E-05 9.99201E-05 9.99201E-05 9.99201E-05 9.99201E-05 9.99201E-05 9.99201E-05 9.99201E-05
0.742508 9.9982E-05 9.9982E-05 0.101833 0.0281551 0.0104027 0.0316206 0.0218241 0.0301694 0.0332872
9.99201E-05 9.99201E-05 9.99201E-05 0.999101 9.99201E-05 9.99201E-05 9.99201E-05 9.99201E-05 9.99201E-05 9.99201E-05
0.107206 0.306679 9.9982E-05 0.0654403 0.165246 9.9982E-05 0.11111 0.0731866 0.133058 0.0378726
9.99281E-05 9.99281E-05 9.99281E-05 0.990041 9.99281E-05 9.99281E-05 9.99281E-05 9.99281E-05 9.99281E-05 0.00915913
9.99201E-05 9.99201E-05 9.99201E-05 0.999101 9.99201E-05 9.99201E-05 9.99201E-05 9.99201E-05 9.99201E-05 9.99201E-05
9.99371E-05 9.99371E-05 9.99371E-05 0.946929 9.99371E-05 9.99371E-05 9.99371E-05 0.0435055 0.00886628 9.99371E-05
0.00878947 0.00580006 0.013667 0.788394 0.0627626 0.000795515 0.0798488 9.99878E-05 9.99878E-05 0.0397424
9.99201E-05 9.99201E-05 9.99201E-05 0.999101 9.99201E-05 9.99201E-05 9.99201E-05 9.99201E-05 9.99201E-05 9.99201E-05
0.00645026 0.0045439 9.996E-05 0.878028 0.048964 9.996E-05 9.996E-05 0.0311398 9.996E-05 0.0304739
9.9955E-05 0.0154279 0.0115161 0.952654 9.9955E-05 9.9955E-05 9.9955E-05 0.0106176 0.00928499 9.9955E-05
0.0243455 9.9955E-05 0.00164761 0.956839 9.9955E-05 9.9955E-05 0.0124235 9.9955E-05 9.9955E-05 0.00424507
9.9937E-05 9.9937E-05 0.00887652 0.98177 9.9937E-05 0.00865408 9.9937E-05 9.9937E-05 9.9937E-05 9.9937E-05
9.99371E-05 9.99371E-05 9.99371E-05 0.971728 9.99371E-05 9.99371E-05 0.0225372 9.99371E-05 9.99371E-05 0.00503489
0.0198247 9.99371E-05 9.99371E-05 0.948661 9.99371E-05 9.99371E-05 9.99371E-05 9.99371E-05 0.030815 9.99371E-05
0.0220128 0.063641 9.9964E-05 0.81983 9.9964E-05 9.9964E-05 0.0128066 9.9964E-05 0.0358239 0.0454863
9.9946E-05 0.0258656 9.9946E-05 0.964811 9.9946E-05 0.00604206 9.9946E-05 0.00268139 9.9946E-05 9.9946E-05
9.9955E-05 9.9955E-05 9.9955E-05 0.86078 0.0123926 9.9955E-05 0.0834028 0.0338416 0.00908327 9.9955E-05
0.0314746 0.0149197 9.9982E-05 0.901329 0.00885829 0.0023607 9.9982E-05 0.0254171 0.00808758 0.00735332
9.9964E-05 0.0248138 9.9964E-05 0.86859 0.00779056 0.0153078 9.9964E-05 0.00896717 9.9964E-05 0.0741306
9.9946E-05 0.0653405 9.9946E-05 0.923628 9.9946E-05 0.00241014 0.00802154 9.9946E-05 9.9946E-05 9.9946E-05
0.0269863 0.0172646 9.9991E-05 0.028041 0.317386 0.0462695 0.100839 0.163423 0.0533686 0.246321
0.0180333 0.0345908 0.0264714 0.050601 0.260004 0.0290645 0.181648 0.156216 0.0296186 0.213753
0.000878829 9.9982E-05 9.9982E-05 0.0674828 0.232922 0.023986 0.202871 0.137993 0.0778592 0.255807
0.0108998 0.00263068 9.9991E-05 0.0479802 0.313424 0.0962491 0.186863 0.136743 0.00715185 0.197959
0.0352664 9.9946E-05 9.9946E-05 0.00510445 9.9946E-05 9.9946E-05 9.9946E-05 0.935403 0.023626 9.9946E-05
9.99201E-05 9.99201E-05 9.99201E-05 9.99201E-05 9.99201E-05 9.99201E-05 9.99201E-05 0.999101 9.99201E-05 9.99201E-05
9.9928E-05 9.9928E-05 9.9928E-05 9.9928E-05 9.9928E-05 9.9928E-05 9.9928E-05 0.987969 0.0112318 9.9928E-05
9.99201E-05 9.99201E-05 9.99201E-05 9.99201E-05 9.99201E-05 9.99201E-05 9.99201E-05 0.999101 9.99201E-05 9.99201E-05
9.9937E-05 9.9937E-05 9.9937E-05 9.9937E-05 9.9937E-05 9.9937E-05 9.9937E-05 0.970695 0.0137629 0.0148424
0.00289538 9.9964E-05 9.9964E-05 0.0179881 9.9964E-05 0.00737194 9.9964E-05 0.951006 0.00565578 0.0146828
9.9946E-05 0.0466018 9.9946E-05 9.9946E-05 9.9946E-05 9.9946E-05 9.9946E-05 0.940289 0.0109486 0.00156077
0.032664 0.069275 0.0669226 0.0106216 9.9973E-05 0.0499024 0.0424096 0.727905 9.9973E-05 9.9973E-05
9.9973E-05 0.0310976 0.0526564 9.9973E-05 0.00493372 0.0116983 0.0254003 0.86192 9.9973E-05 0.0119933
0.00496711 9.9955E-05 9.9955E-05 0.0315118 0.0115484 9.9955E-05 0.0172845 9.9955E-05 9.9955E-05 0.934188
0.00729945 9.99371E-05 9.99371E-05 9.99371E-05 9.99371E-05 9.99371E-05 9.99371E-05 0.000439448 9.99371E-05 0.991562
9.99201E-05 9.99201E-05 9.99201E-05 9.99201E-05 9.99201E-05 9.99201E-05 9.99201E-05 9.99201E-05 9.99201E-05 0.999101
9.99201E-05 9.99201E-05 9.99201E-05 9.99201E-05 9.99201E-05 9.99201E-05 9.99201E-05 9.99201E-05 9.99201E-05 0.999101
9.99201E-05 9.99201E-05 9.99201E-05 9.99201E-05 9.99201E-05 9.99201E-05 9.99201E-05 9.99201E-05 9.99201E-05 0.999101
9.9964E-05 0.017787 9.9964E-05 0.057173 0.0413519 9.9964E-05 0.00577182 0.000746739 9.9964E-05 0.87677
9.99201E-05 9.99201E-05 9.99201E-05 9.99201E-05 9.99201E-05 9.99201E-05 9.99201E-05 9.99201E-05 9.99201E-05 0.999101
9.99201E-05 9.99201E-05 9.99201E-05 9.99201E-05 9.99201E-05 9.99201E-05 9.99201E-05 9.99201E-05 9.99201E-05 0.999101
9.9946E-05 9.9946E-05 0.0133159 0.0133223 9.9946E-05 9.9946E-05 0.011909 9.9946E-05 9.9946E-05 0.960853
0.0330484 0.00135715 9.9946E-05 9.9946E-05 9.9946E-05 0.000708327 9.9946E-05 9.9946E-05 9.9946E-05 0.964286
0.00673735 9.9937E-05 0.00960143 9.9937E-05 9.9937E-05 9.9937E-05 9.9937E-05 9.9937E-05 9.9937E-05 0.982962
0.012785 9.9955E-05 0.033549 9.9955E-05 9.9955E-05 9.9955E-05 0.0134915 0.00034132 9.9955E-05 0.939333
