9.99101E-05 9.99101E-05 0.999001 9.99101E-05 9.99101E-05 9.99101E-05 9.99101E-05 9.99101E-05 9.99101E-05 9.99101E-05 9.99101E-05
0.036554 0.0262084 0.3727 0.480044 9.9955E-05 0.0222504 0.0617436 9.9955E-05 9.9955E-05 9.9955E-05 9.9955E-05
0.999001 9.99101E-05 9.99101E-05 9.99101E-05 9.99101E-05 9.99101E-05 9.99101E-05 9.99101E-05 9.99101E-05 9.99101E-05 9.99101E-05
0.855991 0.0217767 9.9937E-05 9.9937E-05 9.9937E-05 9.9937E-05 0.07059 9.9937E-05 9.9937E-05 9.9937E-05 0.0509431
0.0340313 9.9937E-05 9.9937E-05 0.901811 0.02508 9.9937E-05 0.0383783 9.9937E-05 9.9937E-05 9.9937E-05 9.9937E-05
9.9946E-05 9.9946E-05 0.864028 9.9946E-05 9.9946E-05 9.9946E-05 0.0225327 0.00306751 0.0168727 9.9946E-05 0.0928997
9.9928E-05 9.9928E-05 0.90053 9.9928E-05 0.0861957 0.0124747 9.9928E-05 9.9928E-05 9.9928E-05 9.9928E-05 9.9928E-05
9.99101E-05 9.99101E-05 9.99101E-05 0.999001 9.99101E-05 9.99101E-05 9.99101E-05 9.99101E-05 9.99101E-05 9.99101E-05 9.99101E-05
0.199535 9.9955E-05 0.0812093 0.341352 9.9955E-05 9.9955E-05 9.9955E-05 9.9955E-05 0.0313834 0.275248 0.0707726
0.0537803 0.0576401 0.0392186 0.524096 9.9964E-05 0.175672 9.9964E-05 0.0838266 0.0653672 9.9964E-05 9.9964E-05
9.99101E-05 9.99101E-05 9.99101E-05 9.99101E-05 9.99101E-05 9.99101E-05 0.999001 9.99101E-05 9.99101E-05 9.99101E-05 9.99101E-05
9.99101E-05 9.99101E-05 9.99101E-05 9.99101E-05 9.99101E-05 9.99101E-05 9.99101E-05 0.999001 9.99101E-05 9.99101E-05 9.99101E-05
9.9937E-05 9.9937E-05 0.0471495 0.110397 9.9937E-05 9.9937E-05 0.0251676 0.816586 9.9937E-05 9.9937E-05 9.9937E-05
0.0160418 0.0129851 9.9964E-05 0.00584485 9.9964E-05 0.0178021 9.9964E-05 0.838522 0.10368 9.9964E-05 0.00472422
0.0208097 0.0710648 0.0336314 9.9955E-05 9.9955E-05 9.9955E-05 0.242873 0.605253 0.0258688 9.9955E-05 9.9955E-05
9.9937E-05 9.9937E-05 9.9937E-05 9.9937E-05 9.9937E-05 9.9937E-05 0.523179 0.430503 9.9937E-05 0.00380213 0.0418157
9.9928E-05 9.9928E-05 9.9928E-05 9.9928E-05 9.9928E-05 9.9928E-05 0.0960165 0.0164697 9.9928E-05 9.9928E-05 0.886714
0.0492107 9.9964E-05 9.9964E-05 9.9964E-05 9.9964E-05 0.0799478 0.0327597 0.561213 0.0203815 0.210177 0.0459104
9.9937E-05 0.00797482 9.9937E-05 9.9937E-05 0.137256 9.9937E-05 9.9937E-05 0.84825 9.9937E-05 9.9937E-05 0.00581973
0.1471 9.9937E-05 9.9937E-05 9.9937E-05 9.9937E-05 9.9937E-05 9.9937E-05 0.658737 9.9937E-05 0.00772591 0.185737
0.0105613 9.9964E-05 0.0860539 9.9964E-05 9.9964E-05 0.0938931 9.9964E-05 0.527945 0.00253686 0.0851961 0.193414
9.9937E-05 9.9937E-05 0.0274868 0.149421 9.9937E-05 9.9937E-05 0.815062 9.9937E-05 0.00733051 9.9937E-05 9.9937E-05
9.99191E-05 9.99191E-05 9.99191E-05 9.99191E-05 9.99191E-05 9.99191E-05 0.938206 9.99191E-05 9.99191E-05 9.99191E-05 0.0608945
9.99101E-05 9.99101E-05 9.99101E-05 9.99101E-05 9.99101E-05 9.99101E-05 9.99101E-05 9.99101E-05 9.99101E-05 9.99101E-05 0.999001
9.9955E-05 0.0195805 9.9955E-05 9.9955E-05 9.9955E-05 0.166423 0.110479 0.668786 0.0103169 9.9955E-05 0.0239148
9.9937E-05 9.9937E-05 0.106274 9.9937E-05 9.9937E-05 0.182539 9.9937E-05 0.675819 9.9937E-05 0.0346679 9.9937E-05
9.9955E-05 9.9955E-05 9.9955E-05 9.9955E-05 0.0148354 9.9955E-05 0.309648 0.094592 0.0726347 0.446828 0.0609627
0.0633534 0.0215028 9.9964E-05 0.00278402 9.9964E-05 0.316835 0.417533 0.106988 0.0706039 9.9964E-05 9.9964E-05
9.9955E-05 9.9955E-05 0.00942487 9.9955E-05 9.9955E-05 0.200369 0.16979 0.315475 0.216776 0.0876657 9.9955E-05
9.99281E-05 9.99281E-05 9.99281E-05 9.99281E-05 9.99281E-05 0.207831 0.672064 9.99281E-05 9.99281E-05 0.119305 9.99281E-05
9.99101E-05 9.99101E-05 9.99101E-05 9.99101E-05 9.99101E-05 9.99101E-05 9.99101E-05 9.99101E-05 9.99101E-05 0.999001 9.99101E-05
9.9919E-05 9.9919E-05 0.0202528 9.9919E-05 9.9919E-05 9.9919E-05 9.9919E-05 9.9919E-05 9.9919E-05 0.978848 9.9919E-05
0.0418327 9.9946E-05 9.9946E-05 9.9946E-05 0.0285471 0.0940658 9.9946E-05 0.0161739 0.818781 9.9946E-05 9.9946E-05
9.9928E-05 9.9928E-05 9.9928E-05 9.9928E-05 0.0629044 9.9928E-05 9.9928E-05 9.9928E-05 0.866035 9.9928E-05 0.0702612
0.0497335 9.9946E-05 9.9946E-05 9.9946E-05 9.9946E-05 9.9946E-05 0.136825 0.0305532 0.675799 0.106489 9.9946E-05
9.99281E-05 9.99281E-05 0.0706549 9.99281E-05 9.99281E-05 9.99281E-05 9.99281E-05 9.99281E-05 0.906319 0.0222267 9.99281E-05
0.0465682 9.9973E-05 0.065698 0.150086 0.00838754 0.0584557 0.0535434 0.0449676 0.571994 9.9973E-05 9.9973E-05
9.9946E-05 9.9946E-05 9.9946E-05 9.9946E-05 9.9946E-05 0.0802381 0.0229453 9.9946E-05 0.753519 0.0670985 0.0755993
9.9937E-05 0.00243058 9.9937E-05 9.9937E-05 0.123634 9.9937E-05 0.0234595 9.9937E-05 0.849776 9.9937E-05 9.9937E-05
0.0165577 0.0331591 0.0220605 9.9964E-05 0.0753614 0.236043 0.182477 9.9964E-05 0.433941 9.9964E-05 9.9964E-05
9.99191E-05 9.99191E-05 9.99191E-05 9.99191E-05 9.99191E-05 9.99191E-05 9.99191E-05 9.99191E-05 0.756767 0.242334 9.99191E-05
0.0608268 0.0137443 0.0579014 9.9973E-05 0.0198747 0.308792 9.9973E-05 0.0893086 0.41868 0.0305722 9.9973E-05
0.0521245 0.0135353 9.9955E-05 9.9955E-05 9.9955E-05 0.168302 9.9955E-05 0.0195477 0.706383 0.0396073 9.9955E-05
9.9937E-05 0.0311387 9.9937E-05 9.9937E-05 0.0590589 9.9937E-05 0.021832 9.9937E-05 0.887271 9.9937E-05 9.9937E-05
9.99461E-05 9.99461E-05 9.99461E-05 9.99461E-05 0.365878 0.0202457 0.00763589 9.99461E-05 9.99461E-05 0.601745 0.00389549
9.9937E-05 9.9937E-05 9.9937E-05 0.0990466 0.700914 9.9937E-05 9.9937E-05 0.0683417 9.9937E-05 0.130998 9.9937E-05
9.99461E-05 0.0200626 9.99461E-05 9.99461E-05 0.830392 0.0868393 9.99461E-05 9.99461E-05 0.0243157 9.99461E-05 0.0377903
9.9928E-05 9.9928E-05 9.9928E-05 9.9928E-05 0.858818 0.0874471 9.9928E-05 9.9928E-05 9.9928E-05 0.0529351 9.9928E-05
0.239122 9.9946E-05 9.9946E-05 9.9946E-05 0.567926 0.0716292 9.9946E-05 0.0913021 0.0294211 9.9946E-05 9.9946E-05
0.0242624 9.9964E-05 9.9964E-05 0.102502 0.33431 0.206931 9.9964E-05 0.069242 0.221372 0.0409824 9.9964E-05
0.015682 9.9937E-05 9.9937E-05 9.9937E-05 0.821127 0.161836 9.9937E-05 9.9937E-05 9.9937E-05 0.000655415 9.9937E-05
9.99101E-05 9.99101E-05 9.99101E-05 9.99101E-05 0.999001 9.99101E-05 9.99101E-05 9.99101E-05 9.99101E-05 9.99101E-05 9.99101E-05
9.9955E-05 0.00156164 0.0261989 9.9955E-05 0.72899 0.210978 0.0312243 9.9955E-05 9.9955E-05 9.9955E-05 0.000547305
9.9946E-05 9.9946E-05 9.9946E-05 9.9946E-05 0.783006 0.0445265 0.0857973 9.9946E-05 0.0638406 9.9946E-05 0.0222303
9.9946E-05 9.9946E-05 9.9946E-05 9.9946E-05 0.88796 0.0485507 9.9946E-05 0.0263608 0.0165855 0.0199436 9.9946E-05
0.0103609 0.0320194 9.99461E-05 9.99461E-05 0.765013 0.150329 9.99461E-05 9.99461E-05 9.99461E-05 0.0416779 9.99461E-05
0.0903761 9.99281E-05 9.99281E-05 0.0188235 9.99281E-05 0.890001 9.99281E-05 9.99281E-05 9.99281E-05 9.99281E-05 9.99281E-05
9.9955E-05 9.9955E-05 9.9955E-05 0.100264 0.029341 0.63353 0.0576734 9.9955E-05 0.156843 0.0218483 9.9955E-05
9.9964E-05 9.9964E-05 0.00919313 0.00788148 0.0824477 0.703594 0.0272537 9.9964E-05 9.9964E-05 0.156454 0.0127759
9.9964E-05 9.9964E-05 0.0152822 0.102513 0.0131034 0.730829 0.103919 9.9964E-05 0.016719 0.0172347 9.9964E-05
9.9955E-05 9.9955E-05 0.0284986 9.9955E-05 0.0606981 0.860846 9.9955E-05 0.0256373 9.9955E-05 0.000737523 0.0230828
0.015667 0.0685634 9.9964E-05 0.0266433 0.0788097 0.406998 9.9964E-05 9.9964E-05 0.339571 0.0633474 9.9964E-05
9.9955E-05 9.9955E-05 9.9955E-05 0.0384442 0.0670609 0.752387 0.0673443 9.9955E-05 0.068748 9.9955E-05 0.00551611
9.99191E-05 0.0193736 9.99191E-05 9.99191E-05 9.99191E-05 0.979727 9.99191E-05 9.99191E-05 9.99191E-05 9.99191E-05 9.99191E-05
9.9946E-05 0.0103987 9.9946E-05 9.9946E-05 9.9946E-05 0.836522 0.000307306 0.0340172 0.118155 9.9946E-05 9.9946E-05
9.99191E-05 9.99191E-05 9.99191E-05 9.99191E-05 9.99191E-05 0.995794 9.99191E-05 9.99191E-05 9.99191E-05 9.99191E-05 0.0033065
9.99191E-05 0.00304775 9.99191E-05 9.99191E-05 9.99191E-05 0.996053 9.99191E-05 9.99191E-05 9.99191E-05 9.99191E-05 9.99191E-05
0.00221865 9.9937E-05 9.9937E-05 9.9937E-05 9.9937E-05 0.993631 0.00146501 9.9937E-05 9.9937E-05 0.00198623 9.9937E-05
0.00703139 0.0200177 9.9928E-05 9.9928E-05 9.9928E-05 0.972152 9.9928E-05 9.9928E-05 9.9928E-05 9.9928E-05 9.9928E-05
9.9919E-05 9.9919E-05 9.9919E-05 9.9919E-05 0.0232609 0.97584 9.9919E-05 9.9919E-05 9.9919E-05 9.9919E-05 9.9919E-05
9.99371E-05 0.00114763 9.99371E-05 9.99371E-05 9.99371E-05 0.961796 9.99371E-05 9.99371E-05 9.99371E-05 0.0261935 0.010163
9.99461E-05 0.0379654 9.99461E-05 0.12453 9.99461E-05 0.552473 9.99461E-05 0.0528628 0.231569 9.99461E-05 9.99461E-05
0.00287727 9.99281E-05 9.99281E-05 0.0486228 9.99281E-05 0.947701 9.99281E-05 9.99281E-05 9.99281E-05 9.99281E-05 9.99281E-05
9.9982E-05 0.0706889 0.0471381 9.9982E-05 0.0597146 0.629746 0.0139551 0.0350141 0.098764 0.0373591 0.00742053
0.00671729 0.524339 0.00366092 9.9991E-05 0.0382501 0.307629 0.0350319 0.0498617 0.0135942 0.000783773 0.0200314
9.99101E-05 0.999001 9.99101E-05 9.99101E-05 9.99101E-05 9.99101E-05 9.99101E-05 9.99101E-05 9.99101E-05 9.99101E-05 9.99101E-05
9.9955E-05 0.0639139 0.0797147 9.9955E-05 0.0288466 0.666872 9.9955E-05 9.9955E-05 0.121675 9.9955E-05 0.0384773
