9.99201E-05 9.99201E-05 0.999101 9.99201E-05 9.99201E-05 9.99201E-05 9.99201E-05 9.99201E-05 9.99201E-05 9.99201E-05
9.9955E-05 9.9955E-05 0.104457 0.0352813 9.9955E-05 0.0398702 9.9955E-05 0.795101 0.0247899 9.9955E-05
9.9955E-05 9.9955E-05 0.0531801 0.0463366 9.9955E-05 0.0235645 9.9955E-05 0.825102 0.0513169 9.9955E-05
9.99201E-05 9.99201E-05 9.99201E-05 9.99201E-05 9.99201E-05 9.99201E-05 9.99201E-05 0.999101 9.99201E-05 9.99201E-05
0.0205927 0.0337247 9.9973E-05 0.105118 0.107902 9.9973E-05 0.0707826 0.629896 9.9973E-05 0.0316842
9.997E-05 0.118388 0.0463837 0.155202 0.00704406 9.997E-05 0.0786558 0.583345 0.0106829 9.997E-05
9.9937E-05 9.9937E-05 0.174769 0.320754 9.9937E-05 9.9937E-05 9.9937E-05 0.503777 9.9937E-05 9.9937E-05
9.9964E-05 0.0499855 0.185011 0.185257 9.9964E-05 0.0286603 9.9964E-05 0.480343 0.0703432 9.9964E-05
9.9973E-05 0.103098 0.0805721 0.208747 0.00125355 9.9973E-05 9.9973E-05 0.491133 0.0573571 0.0575386
9.99201E-05 9.99201E-05 0.999101 9.99201E-05 9.99201E-05 9.99201E-05 9.99201E-05 9.99201E-05 9.99201E-05 9.99201E-05
9.99201E-05 9.99201E-05 0.999101 9.99201E-05 9.99201E-05 9.99201E-05 9.99201E-05 9.99201E-05 9.99201E-05 9.99201E-05
9.99201E-05 9.99201E-05 0.999101 9.99201E-05 9.99201E-05 9.99201E-05 9.99201E-05 9.99201E-05 9.99201E-05 9.99201E-05
9.99281E-05 9.99281E-05 0.983075 9.99281E-05 9.99281E-05 0.0161259 9.99281E-05 9.99281E-05 9.99281E-05 9.99281E-05
0.00166915 0.0107748 0.870519 0.0739069 0.0426302 9.9955E-05 9.9955E-05 9.9955E-05 9.9955E-05 9.9955E-05
0.00108523 0.0174452 0.93521 9.9955E-05 0.0135682 9.9955E-05 9.9955E-05 0.0321917 9.9955E-05 9.9955E-05
0.0246015 0.313153 0.0573092 0.0714999 9.9955E-05 9.9955E-05 9.9955E-05 0.532936 9.9955E-05 9.9955E-05
0.0285941 0.0955104 0.135305 0.0213119 0.0593886 9.9991E-05 0.0255433 0.444962 0.077276 0.112009
9.9928E-05 9.9928E-05 9.9928E-05 9.9928E-05 9.9928E-05 9.9928E-05 0.0101713 0.989029 9.9928E-05 9.9928E-05
9.9955E-05 0.00572285 9.9955E-05 0.881963 0.0334647 9.9955E-05 9.9955E-05 0.0492798 9.9955E-05 0.02907
0.0174175 0.0205688 9.9955E-05 0.900767 0.0329967 9.9955E-05 0.0277506 9.9955E-05 9.9955E-05 9.9955E-05
9.9955E-05 9.9955E-05 0.0364039 0.774203 9.9955E-05 9.9955E-05 0.0421466 0.133907 9.9955E-05 0.0128396
0.0148276 9.9964E-05 9.9964E-05 0.760458 0.0611693 9.9964E-05 0.0296823 0.0696877 0.063775 9.9964E-05
9.9955E-05 9.9955E-05 9.9955E-05 0.884159 0.0604802 9.9955E-05 9.9955E-05 0.00171263 0.0476055 0.00554275
0.0254226 9.99398E-05 0.00739378 0.966484 9.99398E-05 9.99398E-05 9.99398E-05 9.99398E-05 9.99398E-05 9.99398E-05
9.99371E-05 0.0335617 9.99371E-05 0.944512 9.99371E-05 0.0212268 9.99371E-05 9.99371E-05 9.99371E-05 9.99371E-05
0.0539972 0.0750999 9.9964E-05 0.727566 9.9964E-05 9.9964E-05 0.109162 9.9964E-05 0.00107247 0.0327019
9.9964E-05 9.9964E-05 0.0191018 0.754646 0.0225137 9.9964E-05 0.0388598 9.9964E-05 0.0743235 0.0901555
9.9946E-05 0.00453234 9.9946E-05 0.923725 9.9946E-05 9.9946E-05 9.9946E-05 0.025834 0.0453089 9.9946E-05
0.0270035 9.9973E-05 0.0548558 0.780642 0.00742515 9.9973E-05 0.074144 0.0458169 9.9973E-05 0.00981319
9.9937E-05 9.9937E-05 0.0485754 0.879023 9.9937E-05 9.9937E-05 9.9937E-05 0.0717018 9.9937E-05 9.9937E-05
9.99371E-05 9.99371E-05 0.0355588 0.927936 0.0358058 9.99371E-05 9.99371E-05 9.99371E-05 9.99371E-05 9.99371E-05
0.0423751 9.99551E-05 9.99551E-05 0.850574 9.99551E-05 0.0139806 9.99551E-05 9.99551E-05 0.0270907 0.0654798
9.9964E-05 9.9964E-05 0.00339202 0.733542 9.9964E-05 0.0147313 0.151082 9.9964E-05 0.0449373 0.0519163
0.0799123 9.9964E-05 0.0566092 0.653342 9.9964E-05 0.0172607 0.0996029 9.9964E-05 0.0928732 9.9964E-05
0.0232559 9.9955E-05 9.9955E-05 0.819974 0.0923982 9.9955E-05 9.9955E-05 0.0589422 0.00493026 9.9955E-05
9.9955E-05 0.0088304 0.0373598 0.908245 9.9955E-05 9.9955E-05 9.9955E-05 0.0369313 9.9955E-05 0.00813352
9.9946E-05 0.280697 9.9946E-05 0.509661 0.0269798 9.9946E-05 0.182063 9.9946E-05 9.9946E-05 9.9946E-05
9.9973E-05 0.0207958 9.9973E-05 0.527464 0.0291663 9.9973E-05 0.298698 0.034331 0.0256236 0.0636214
9.9982E-05 0.0433142 0.00630398 0.580579 9.9982E-05 0.0210201 0.23464 0.00695429 0.0513915 0.0555971
0.0218419 0.0739311 0.00266871 0.639677 9.9964E-05 9.9964E-05 0.226009 9.9964E-05 9.9964E-05 0.0354729
0.105449 0.601933 9.9955E-05 9.9955E-05 9.9955E-05 0.0876064 9.9955E-05 0.184062 0.0204485 9.9955E-05
0.0454359 0.560295 9.9973E-05 9.9973E-05 0.0499825 9.9973E-05 0.177966 0.110768 0.0498664 0.00538692
0.0578202 0.512637 0.00408241 0.0761195 9.9973E-05 0.0583812 9.9973E-05 0.210685 0.0799755 9.9973E-05
0.052906 0.590563 9.9973E-05 9.9973E-05 9.9973E-05 0.0278109 0.0660858 0.160862 0.0417757 0.0596968
0.00661864 0.465177 9.997E-05 0.212848 9.997E-05 9.997E-05 0.17042 0.0124649 0.067811 0.0643608
9.99201E-05 0.999101 9.99201E-05 9.99201E-05 9.99201E-05 9.99201E-05 9.99201E-05 9.99201E-05 9.99201E-05 9.99201E-05
9.99201E-05 0.999101 9.99201E-05 9.99201E-05 9.99201E-05 9.99201E-05 9.99201E-05 9.99201E-05 9.99201E-05 9.99201E-05
0.0364022 0.392717 9.9973E-05 0.382219 0.0191606 9.9973E-05 0.0688342 9.9973E-05 0.0352203 0.0651466
0.0837437 0.452856 0.0512713 0.113207 9.9982E-05 9.9982E-05 0.080243 0.0806423 0.0460017 0.0918349
0.0764804 0.36798 0.0649455 0.200399 9.9982E-05 0.0483075 0.00440875 0.185619 0.0516601 9.9982E-05
9.9973E-05 0.404978 0.0222294 0.232835 9.9973E-05 9.9973E-05 0.21613 0.0239295 0.0347295 0.0648687
0.0237559 0.660748 9.9982E-05 0.145296 0.00577659 9.9982E-05 0.0561873 0.0242022 0.0602114 0.0236231
0.0129071 0.929754 0.0362979 9.9946E-05 9.9946E-05 9.9946E-05 9.9946E-05 9.9946E-05 9.9946E-05 0.0204415
0.0197818 0.349639 0.0412997 0.212283 0.0496809 9.9973E-05 0.274771 9.9973E-05 9.9973E-05 0.0522442
0.0418377 0.303978 0.0648911 0.211916 0.0103849 9.9973E-05 0.360314 9.9973E-05 9.9973E-05 0.00637864
0.118836 0.553992 9.9973E-05 0.00849886 9.9973E-05 0.0144436 0.053745 0.16757 0.0826141 9.9973E-05
0.0641101 0.289363 0.0639319 0.203382 9.9991E-05 0.00703333 0.168537 0.0182453 0.0828587 0.102438
0.00942417 0.476834 9.9973E-05 0.158774 9.9973E-05 0.0423229 0.227056 0.0390701 9.9973E-05 0.046219
9.9928E-05 0.98429 9.9928E-05 9.9928E-05 9.9928E-05 9.9928E-05 9.9928E-05 9.9928E-05 9.9928E-05 0.0149106
9.9982E-05 0.402596 0.0214421 0.209145 0.000527103 9.9982E-05 0.232195 0.0295717 0.0320169 0.0723068
0.103698 0.6041 9.9955E-05 0.188211 0.0256373 9.9955E-05 9.9955E-05 9.9955E-05 9.9955E-05 0.077855
0.0934402 0.688349 0.00978041 9.9973E-05 0.00621656 0.0154401 0.128406 0.0580674 9.9973E-05 9.9973E-05
0.0229082 0.451086 0.00356389 0.151043 0.022969 0.0291273 0.210037 0.025174 0.0533389 0.0307525
0.0495974 0.782702 9.9955E-05 9.9955E-05 0.0979856 0.0619708 9.9955E-05 9.9955E-05 0.00724422 9.9955E-05
0.0862359 0.65834 9.9973E-05 0.0405482 0.0165398 9.9973E-05 0.0960326 0.0524633 9.9973E-05 0.04954
0.0162458 0.923458 9.9955E-05 9.9955E-05 0.0533422 0.00326363 9.9955E-05 9.9955E-05 0.00319055 9.9955E-05
9.9946E-05 0.565515 9.9946E-05 9.9946E-05 9.9946E-05 0.0111048 0.419394 9.9946E-05 9.9946E-05 0.00338628
0.0497483 0.789258 0.0167288 9.9964E-05 0.117216 0.00510651 9.9964E-05 9.9964E-05 0.0215424 9.9964E-05
0.0257909 0.509453 9.9982E-05 0.167238 9.9982E-05 0.0421058 0.100991 0.0947076 0.00444082 0.0550735
0.0263016 0.89208 9.99371E-05 9.99371E-05 0.0809189 9.99371E-05 9.99371E-05 9.99371E-05 9.99371E-05 9.99371E-05
0.0456933 0.664521 0.0207413 0.0222169 9.9982E-05 0.0615135 0.0718511 0.0844378 0.0288255 9.9982E-05
0.0792588 0.486917 9.9973E-05 0.0730171 9.9973E-05 0.0435636 0.21524 9.9973E-05 0.05645 0.0452537
9.9964E-05 0.691621 0.102857 0.0247163 9.9964E-05 9.9964E-05 0.149779 9.9964E-05 0.0125497 0.0180767
9.9964E-05 0.743627 0.0198278 0.00513188 9.9964E-05 9.9964E-05 0.162402 9.9964E-05 0.0264373 0.0421736
0.0806295 0.527478 0.0711195 0.000836467 0.0148035 9.9973E-05 0.268738 9.9973E-05 0.0360946 9.9973E-05
9.9955E-05 0.632502 9.9955E-05 0.0198029 0.0297423 9.9955E-05 0.238951 9.9955E-05 9.9955E-05 0.0785024
0.00725182 0.774091 9.9973E-05 9.9973E-05 0.00112251 0.0387477 0.112839 0.0226722 0.0429764 9.9973E-05
0.0584366 0.462987 0.00376572 9.9973E-05 0.135968 0.123891 0.131969 0.0826832 9.9973E-05 9.9973E-05
9.9937E-05 9.9937E-05 9.9937E-05 9.9937E-05 0.0215024 9.9937E-05 0.959415 0.018383 9.9937E-05 9.9937E-05
9.99201E-05 9.99201E-05 9.99201E-05 9.99201E-05 9.99201E-05 9.99201E-05 0.999101 9.99201E-05 9.99201E-05 9.99201E-05
9.99201E-05 9.99201E-05 9.99201E-05 9.99201E-05 9.99201E-05 9.99201E-05 0.999101 9.99201E-05 9.99201E-05 9.99201E-05
9.99371E-05 0.00607512 0.000879344 9.99371E-05 9.99371E-05 9.99371E-05 0.992346 9.99371E-05 9.99371E-05 9.99371E-05
9.99281E-05 9.99281E-05 9.99281E-05 9.99281E-05 9.99281E-05 9.99281E-05 0.996658 9.99281E-05 0.00254287 9.99281E-05
0.0976737 0.103251 0.00172695 0.168184 9.9982E-05 0.0940612 0.48186 0.0195908 9.9982E-05 0.0334519
0.0190267 0.162102 9.9973E-05 9.9973E-05 0.0213494 0.116476 0.511827 0.0998319 9.9973E-05 0.0690871
0.000715277 0.0751235 0.0261245 0.0222767 9.9982E-05 0.103201 0.611546 0.0513098 0.109503 9.9982E-05
0.0433561 0.167427 0.0378668 0.141341 0.00467763 0.0275628 0.419313 0.055418 0.0637624 0.039275
0.0755066 0.170685 9.9973E-05 0.16289 9.9973E-05 0.0864249 0.476222 0.00027181 9.9973E-05 0.0276993
9.9973E-05 0.209097 9.9973E-05 9.9973E-05 0.0692316 0.0922544 0.491233 0.0272884 0.0937296 0.0168668
0.129143 0.128427 0.00705016 0.1097 0.00647634 0.0672747 0.325516 9.9991E-05 0.0956009 0.130712
0.0614029 0.258062 9.99756E-05 9.99756E-05 0.205128 0.0759953 0.226567 0.142194 0.0303521 9.99756E-05
0.0668375 0.255759 9.9973E-05 9.9973E-05 0.182033 0.0680929 0.274302 0.131802 0.0208737 9.9973E-05
0.0322347 0.180861 0.0527547 9.9973E-05 9.9973E-05 0.147622 0.300802 9.9973E-05 0.124231 0.161194
9.9937E-05 9.9937E-05 9.9937E-05 9.9937E-05 9.9937E-05 0.991124 0.00118704 9.9937E-05 0.00698987 9.9937E-05
0.0233286 0.00838232 0.0117206 9.9955E-05 9.9955E-05 0.930302 9.9955E-05 0.0257665 9.9955E-05 9.9955E-05
9.9955E-05 0.0723731 0.00577932 9.9955E-05 0.0542248 0.858463 0.00866023 9.9955E-05 9.9955E-05 9.9955E-05
9.99281E-05 9.99281E-05 9.99281E-05 9.99281E-05 9.99281E-05 0.982068 9.99281E-05 9.99281E-05 0.0171321 9.99281E-05
9.99201E-05 9.99201E-05 9.99201E-05 9.99201E-05 9.99201E-05 0.999101 9.99201E-05 9.99201E-05 9.99201E-05 9.99201E-05
9.99201E-05 9.99201E-05 9.99201E-05 9.99201E-05 9.99201E-05 0.999101 9.99201E-05 9.99201E-05 9.99201E-05 9.99201E-05
9.99201E-05 9.99201E-05 9.99201E-05 9.99201E-05 9.99201E-05 0.999101 9.99201E-05 9.99201E-05 9.99201E-05 9.99201E-05
9.9955E-05 9.9955E-05 9.9955E-05 0.0485329 0.0385109 0.85312 9.9955E-05 0.0564203 0.00291628 9.9955E-05
9.99281E-05 9.99281E-05 9.99281E-05 9.99281E-05 9.99281E-05 0.996364 9.99281E-05 9.99281E-05 9.99281E-05 0.0028366
9.99201E-05 9.99201E-05 9.99201E-05 9.99201E-05 9.99201E-05 0.999101 9.99201E-05 9.99201E-05 9.99201E-05 9.99201E-05
0.262481 9.9982E-05 0.00112877 0.0841777 0.0615567 0.0544198 0.341806 9.9982E-05 0.098174 0.0960563
0.021623 0.0269142 0.014874 0.00364315 0.022323 0.881648 0.00193156 9.9982E-05 9.9982E-05 0.0268427
9.99281E-05 9.99281E-05 9.99281E-05 9.99281E-05 9.99281E-05 0.979084 0.0201166 9.99281E-05 9.99281E-05 9.99281E-05
9.99281E-05 9.99281E-05 9.99281E-05 9.99281E-05 9.99281E-05 0.982749 0.0164512 9.99281E-05 9.99281E-05 9.99281E-05
9.99201E-05 9.99201E-05 9.99201E-05 9.99201E-05 9.99201E-05 9.99201E-05 0.999101 9.99201E-05 9.99201E-05 9.99201E-05
9.99201E-05 9.99201E-05 9.99201E-05 9.99201E-05 9.99201E-05 9.99201E-05 0.999101 9.99201E-05 9.99201E-05 9.99201E-05
9.99201E-05 9.99201E-05 9.99201E-05 9.99201E-05 9.99201E-05 9.99201E-05 0.999101 9.99201E-05 9.99201E-05 9.99201E-05
9.99201E-05 9.99201E-05 9.99201E-05 9.99201E-05 9.99201E-05 9.99201E-05 0.999101 9.99201E-05 9.99201E-05 9.99201E-05
0.0760907 9.9955E-05 9.9955E-05 9.9955E-05 0.0207002 0.00116639 0.858096 9.9955E-05 9.9955E-05 0.0434465
0.0428102 9.9964E-05 9.9964E-05 0.111291 0.0988876 0.0152718 0.70822 9.9964E-05 9.9964E-05 0.0231189
0.0435526 9.9982E-05 0.00188297 0.0974611 0.0842828 0.0627706 0.685722 9.9982E-05 0.00300909 0.0211189
0.0788445 0.020084 9.9964E-05 0.00274869 0.0488048 0.00391062 0.845208 9.9964E-05 9.9964E-05 9.9964E-05
9.9946E-05 9.9946E-05 9.9946E-05 9.9946E-05 0.0628576 0.0951504 0.798956 9.9946E-05 0.0424368 9.9946E-05
9.9946E-05 9.9946E-05 9.9946E-05 9.9946E-05 0.0258267 0.0718021 0.887335 9.9946E-05 9.9946E-05 0.0144361
0.0380693 9.9982E-05 9.9982E-05 0.0493876 0.0422201 0.00994068 0.762193 0.0162072 0.0464904 0.0352922
9.9982E-05 9.9982E-05 0.0218944 0.0414394 0.0814991 0.108232 0.701592 0.00131941 0.00591257 0.0379111
0.0907935 0.0164991 0.0244388 9.997E-05 0.0506011 9.997E-05 0.687171 9.997E-05 0.0763478 0.0538485
0.121261 9.997E-05 9.997E-05 9.997E-05 0.0234454 0.0301592 0.680918 0.0527229 0.0459698 0.0452231
0.902447 9.9955E-05 9.9955E-05 9.9955E-05 0.00693674 0.0107781 0.0519233 9.9955E-05 9.9955E-05 0.0274153
0.866623 9.9955E-05 0.000637605 0.0561885 9.9955E-05 0.0473864 9.9955E-05 9.9955E-05 9.9955E-05 0.028665
0.999101 9.99201E-05 9.99201E-05 9.99201E-05 9.99201E-05 9.99201E-05 9.99201E-05 9.99201E-05 9.99201E-05 9.99201E-05
0.994372 0.00157295 9.9946E-05 0.00182289 9.9946E-05 0.00163288 9.9946E-05 9.9946E-05 9.9946E-05 9.9946E-05
0.999101 9.99201E-05 9.99201E-05 9.99201E-05 9.99201E-05 9.99201E-05 9.99201E-05 9.99201E-05 9.99201E-05 9.99201E-05
0.999101 9.99201E-05 9.99201E-05 9.99201E-05 9.99201E-05 9.99201E-05 9.99201E-05 9.99201E-05 9.99201E-05 9.99201E-05
0.966176 9.99371E-05 9.99371E-05 0.0303653 0.00275874 9.99371E-05 9.99371E-05 9.99371E-05 9.99371E-05 9.99371E-05
0.760292 0.0611885 0.0158308 9.9964E-05 0.114583 9.9964E-05 0.0084944 0.0392114 9.9964E-05 9.9964E-05
0.974351 9.99281E-05 9.99281E-05 9.99281E-05 9.99281E-05 9.99281E-05 9.99281E-05 9.99281E-05 0.0248495 9.99281E-05
0.999101 9.99201E-05 9.99201E-05 9.99201E-05 9.99201E-05 9.99201E-05 9.99201E-05 9.99201E-05 9.99201E-05 9.99201E-05
0.901016 9.99551E-05 0.00496149 9.99551E-05 0.0567897 0.00821237 9.99551E-05 0.0285208 9.99551E-05 9.99551E-05
0.999101 9.99201E-05 9.99201E-05 9.99201E-05 9.99201E-05 9.99201E-05 9.99201E-05 9.99201E-05 9.99201E-05 9.99201E-05
0.648773 0.0679 9.998E-05 9.998E-05 0.0219865 0.0120659 0.104701 0.00985108 0.091826 0.0426968
9.99201E-05 9.99201E-05 9.99201E-05 9.99201E-05 9.99201E-05 9.99201E-05 9.99201E-05 9.99201E-05 0.999101 9.99201E-05
0.116336 0.0699795 9.9982E-05 9.9982E-05 0.0569145 0.0968051 0.515286 0.0528099 0.0537857 0.0378842
9.99201E-05 9.99201E-05 9.99201E-05 9.99201E-05 9.99201E-05 9.99201E-05 9.99201E-05 9.99201E-05 0.999101 9.99201E-05
9.99201E-05 9.99201E-05 9.99201E-05 9.99201E-05 9.99201E-05 9.99201E-05 9.99201E-05 9.99201E-05 0.999101 9.99201E-05
9.99371E-05 9.99371E-05 9.99371E-05 9.99371E-05 0.0518025 0.024357 9.99371E-05 9.99371E-05 0.923141 9.99371E-05
0.0386703 0.00794485 9.9973E-05 0.0809575 9.9973E-05 0.0129535 0.0341882 9.9973E-05 0.788108 0.0368779
9.99201E-05 9.99201E-05 9.99201E-05 9.99201E-05 9.99201E-05 9.99201E-05 9.99201E-05 9.99201E-05 0.999101 9.99201E-05
9.99551E-05 0.0646897 0.0054817 9.99551E-05 0.0397602 9.99551E-05 0.0186691 9.99551E-05 0.870899 9.99551E-05
9.99281E-05 9.99281E-05 9.99281E-05 9.99281E-05 9.99281E-05 9.99281E-05 9.99281E-05 0.0113153 0.987885 9.99281E-05
9.99371E-05 0.00651187 9.99371E-05 0.00790184 9.99371E-05 9.99371E-05 9.99371E-05 9.99371E-05 0.984887 9.99371E-05
9.99201E-05 9.99201E-05 9.99201E-05 9.99201E-05 9.99201E-05 9.99201E-05 9.99201E-05 9.99201E-05 0.999101 9.99201E-05
9.99281E-05 9.99281E-05 9.99281E-05 9.99281E-05 9.99281E-05 9.99281E-05 9.99281E-05 9.99281E-05 0.997743 0.00145804
0.0160622 9.9946E-05 9.9946E-05 9.9946E-05 9.9946E-05 9.9946E-05 0.0108752 9.9946E-05 0.958098 0.0143648
0.0489534 9.99461E-05 9.99461E-05 9.99461E-05 9.99461E-05 9.99461E-05 9.99461E-05 0.0589968 0.796603 0.0948469
9.9946E-05 9.9946E-05 9.9946E-05 0.0207939 0.013745 9.9946E-05 0.0382107 9.9946E-05 0.926651 9.9946E-05
0.0192484 0.0446431 9.9955E-05 9.9955E-05 0.054252 0.0184727 9.9955E-05 9.9955E-05 0.862884 9.9955E-05
0.0259891 9.9982E-05 0.00384996 9.9982E-05 0.0233164 0.00632265 0.00456263 0.0185643 0.879702 0.0374926
9.9955E-05 0.0973045 0.0238986 0.0182974 9.9955E-05 9.9955E-05 9.9955E-05 9.9955E-05 0.828885 0.0311147
0.0229142 9.996E-05 0.000527933 9.996E-05 0.00979082 0.0091015 0.0149962 9.996E-05 0.94227 9.996E-05
0.0441823 0.13851 0.037652 9.998E-05 0.0811436 0.0454634 0.361506 9.998E-05 0.0600473 0.231296
0.0864545 0.11103 0.00630722 0.117945 0.0758072 0.0127116 0.256108 9.999E-05 0.0640215 0.269516
9.997E-05 0.161482 0.0653806 9.997E-05 0.135349 0.0771809 0.259311 9.997E-05 0.0605201 0.240476
0.0170676 0.168327 0.0524164 9.998E-05 0.0904124 0.0470359 0.353186 9.998E-05 0.0206355 0.250719
0.011483 9.9955E-05 9.9955E-05 0.00675234 0.957555 0.00145551 9.9955E-05 0.0222543 9.9955E-05 9.9955E-05
9.99201E-05 9.99201E-05 9.99201E-05 9.99201E-05 0.999101 9.99201E-05 9.99201E-05 9.99201E-05 9.99201E-05 9.99201E-05
9.9946E-05 9.9946E-05 0.00873392 9.9946E-05 0.961108 9.9946E-05 0.00209457 9.9946E-05 0.027464 9.9946E-05
9.99201E-05 9.99201E-05 9.99201E-05 9.99201E-05 0.999101 9.99201E-05 9.99201E-05 9.99201E-05 9.99201E-05 9.99201E-05
9.9955E-05 0.0235995 9.9955E-05 9.9955E-05 0.963943 0.00185356 0.000884207 9.9955E-05 9.9955E-05 0.00921988
9.9955E-05 9.9955E-05 0.00477393 9.9955E-05 0.925228 9.9955E-05 0.0380119 9.9955E-05 0.0304128 0.00107328
0.00148126 9.9964E-05 9.9964E-05 9.9964E-05 0.900302 0.0178375 0.0349254 9.9964E-05 0.0185189 0.0265352
0.075699 9.9991E-05 0.00488757 0.0470312 0.701273 0.0175783 0.0747984 0.0251743 0.0233654 0.0300924
0.0277028 0.0566435 0.00607204 0.0454179 0.795916 9.997E-05 0.0445895 9.997E-05 9.997E-05 0.0233579
9.99281E-05 9.99281E-05 9.99281E-05 9.99281E-05 9.99281E-05 0.0199194 9.99281E-05 9.99281E-05 9.99281E-05 0.979281
9.99281E-05 9.99281E-05 9.99281E-05 9.99281E-05 0.00481766 9.99281E-05 9.99281E-05 9.99281E-05 9.99281E-05 0.994383
0.026776 9.9937E-05 9.9937E-05 9.9937E-05 9.9937E-05 9.9937E-05 0.0253886 9.9937E-05 9.9937E-05 0.947136
9.99201E-05 9.99201E-05 9.99201E-05 9.99201E-05 9.99201E-05 9.99201E-05 9.99201E-05 9.99201E-05 9.99201E-05 0.999101
9.99201E-05 9.99201E-05 9.99201E-05 9.99201E-05 9.99201E-05 9.99201E-05 9.99201E-05 9.99201E-05 9.99201E-05 0.999101
9.9973E-05 9.9973E-05 0.000738816 0.011776 0.0127329 0.0111091 0.0909616 9.9973E-05 0.00940333 0.862978
9.9946E-05 9.9946E-05 0.00501791 9.9946E-05 9.9946E-05 9.9946E-05 0.00384725 0.00900903 9.9946E-05 0.981526
9.99201E-05 9.99201E-05 9.99201E-05 9.99201E-05 9.99201E-05 9.99201E-05 9.99201E-05 9.99201E-05 9.99201E-05 0.999101
9.99281E-05 9.99281E-05 9.99281E-05 9.99281E-05 9.99281E-05 9.99281E-05 9.99281E-05 9.99281E-05 0.00126547 0.997935
0.0897576 0.0155701 0.000298247 9.9964E-05 0.00198824 9.9964E-05 9.9964E-05 9.9964E-05 0.0374126 0.854573
9.99201E-05 9.99201E-05 9.99201E-05 9.99201E-05 9.99201E-05 9.99201E-05 9.99201E-05 9.99201E-05 9.99201E-05 0.999101
9.9937E-05 9.9937E-05 9.9937E-05 9.9937E-05 0.0132292 9.9937E-05 9.9937E-05 0.0015913 9.9937E-05 0.98448
