9.99201E-05 0.999101 9.99201E-05 9.99201E-05 9.99201E-05 9.99201E-05 9.99201E-05 9.99201E-05 9.99201E-05 9.99201E-05
0.0965678 0.295633 9.9964E-05 9.9964E-05 0.493817 0.0190968 0.0146727 9.9964E-05 0.0798127 9.9964E-05
0.071424 0.259986 9.9946E-05 9.9946E-05 0.551631 9.9946E-05 9.9946E-05 9.9946E-05 0.116359 9.9946E-05
9.99371E-05 0.210383 0.246721 9.99371E-05 0.542196 9.99371E-05 9.99371E-05 9.99371E-05 9.99371E-05 9.99371E-05
9.9955E-05 0.126267 0.166379 9.9955E-05 0.580222 0.0242475 0.102384 9.9955E-05 9.9955E-05 9.9955E-05
0.000396408 0.163694 0.0167886 9.9982E-05 0.597659 9.9982E-05 0.0148053 0.0211561 0.0612614 0.124039
9.9937E-05 0.276465 0.0102639 9.9937E-05 0.712572 9.9937E-05 9.9937E-05 9.9937E-05 9.9937E-05 9.9937E-05
0.0113901 0.287431 0.0163731 9.9964E-05 0.48471 9.9964E-05 9.9964E-05 9.9964E-05 0.0816264 0.11807
0.0355286 0.186416 9.9964E-05 9.9964E-05 0.627947 0.0320377 9.9964E-05 9.9964E-05 0.0566004 0.0610706
9.99201E-05 0.999101 9.99201E-05 9.99201E-05 9.99201E-05 9.99201E-05 9.99201E-05 9.99201E-05 9.99201E-05 9.99201E-05
9.99201E-05 0.999101 9.99201E-05 9.99201E-05 9.99201E-05 9.99201E-05 9.99201E-05 9.99201E-05 9.99201E-05 9.99201E-05
9.99201E-05 0.999101 9.99201E-05 9.99201E-05 9.99201E-05 9.99201E-05 9.99201E-05 9.99201E-05 9.99201E-05 9.99201E-05
9.99201E-05 0.999101 9.99201E-05 9.99201E-05 9.99201E-05 9.99201E-05 9.99201E-05 9.99201E-05 9.99201E-05 9.99201E-05
9.9946E-05 0.922275 9.9946E-05 9.9946E-05 0.0242777 9.9946E-05 0.0321985 9.9946E-05 9.9946E-05 0.0206492
0.00280236 0.975998 9.99371E-05 0.0204998 9.99371E-05 9.99371E-05 9.99371E-05 9.99371E-05 9.99371E-05 9.99371E-05
0.00616155 0.15325 0.190059 0.0343625 0.40272 0.0303929 9.9982E-05 9.9982E-05 0.0607855 0.122068
0.0387621 0.269479 0.224098 0.0548842 0.179642 0.0438716 0.125388 9.9991E-05 0.0412131 0.0225621
0.0283618 0.198646 0.213708 0.00382415 0.55496 9.9955E-05 9.9955E-05 9.9955E-05 9.9955E-05 9.9955E-05
9.9946E-05 9.9946E-05 9.9946E-05 9.9946E-05 0.916618 0.016077 0.0411384 9.9946E-05 9.9946E-05 0.0255665
9.9955E-05 9.9955E-05 9.9955E-05 0.012134 0.934977 9.9955E-05 0.00645804 0.0144533 9.9955E-05 0.0314783
0.0172344 0.0422673 9.9955E-05 9.9955E-05 0.824473 0.0187006 9.9955E-05 0.0968252 9.9955E-05 9.9955E-05
0.00703594 9.9964E-05 9.9964E-05 0.0392201 0.777544 9.9964E-05 0.0629023 9.9964E-05 0.093343 0.0195546
9.9964E-05 9.9964E-05 0.029777 9.9964E-05 0.78086 0.0209634 0.106643 0.0166315 0.0447252 9.9964E-05
9.9955E-05 0.00538941 9.9955E-05 0.0313695 0.944797 9.9955E-05 0.00793344 9.9955E-05 0.0100107 9.9955E-05
0.00699813 9.9955E-05 0.0599621 0.0288253 0.860609 0.043106 9.9955E-05 9.9955E-05 9.9955E-05 9.9955E-05
9.9964E-05 9.9964E-05 0.0404377 0.0405445 0.619896 0.064206 9.9964E-05 0.166477 9.9964E-05 0.0680391
9.9973E-05 9.9973E-05 0.00566358 9.9973E-05 0.686986 0.107657 0.0204032 0.087348 0.0757416 0.0159001
9.9946E-05 9.9946E-05 9.9946E-05 0.00823802 0.891416 9.9946E-05 9.9946E-05 9.9946E-05 0.00734264 0.0924041
0.00635313 0.0154743 0.0235579 0.0364709 0.746523 0.0275127 9.9982E-05 0.0936146 9.9982E-05 0.0502936
9.9937E-05 0.0429231 9.9937E-05 9.9937E-05 0.898291 9.9937E-05 9.9937E-05 0.0580868 9.9937E-05 9.9937E-05
0.00372661 0.0201058 9.9955E-05 0.0112264 0.927144 9.9955E-05 0.0372972 9.9955E-05 9.9955E-05 9.9955E-05
0.0136265 9.9973E-05 9.9973E-05 0.0494989 0.761701 0.0600711 9.9973E-05 0.0142877 0.0178495 0.0826655
9.9946E-05 0.0186686 9.9946E-05 9.9946E-05 0.73418 9.9946E-05 9.9946E-05 0.2155 0.0310524 9.9946E-05
9.9964E-05 0.0350556 9.9964E-05 0.0959828 0.708328 9.9964E-05 9.9964E-05 0.0910577 0.0578542 0.0113218
9.9955E-05 9.9955E-05 0.00356263 9.9955E-05 0.785301 0.0526002 0.144757 0.0132797 9.9955E-05 9.9955E-05
9.9946E-05 0.0307275 9.9946E-05 9.9946E-05 0.921611 9.9946E-05 9.9946E-05 0.026808 9.9946E-05 0.0202543
9.9955E-05 9.9955E-05 0.352685 9.9955E-05 0.447242 0.00360803 0.00994321 0.186022 9.9955E-05 9.9955E-05
9.9973E-05 0.00168839 0.0734319 9.9973E-05 0.554133 0.07893 0.0504428 0.215023 0.0260517 9.9973E-05
0.0464705 9.9964E-05 0.0601131 9.9964E-05 0.562191 0.0915063 9.9964E-05 0.196986 0.0423334 9.9964E-05
9.9955E-05 9.9955E-05 0.0718077 9.9955E-05 0.551715 0.0222997 9.9955E-05 0.352708 9.9955E-05 0.000969061
0.0909454 9.9973E-05 0.707425 0.0704977 9.9973E-05 0.0631009 9.9973E-05 0.0240643 0.0258028 0.0178636
0.0334519 0.00468091 0.79595 0.0193806 0.000161381 0.0385724 0.0470567 0.0497961 0.0108501 9.9991E-05
0.0612397 0.0696998 0.53738 0.103902 0.0861172 9.9973E-05 9.9973E-05 9.9973E-05 0.060064 0.0812971
0.0378063 9.9973E-05 0.839466 0.0410794 9.9973E-05 0.0243813 0.00665912 0.0291549 0.021153 9.9973E-05
9.9973E-05 9.9973E-05 0.420662 0.0293826 0.167752 0.0788228 9.9973E-05 0.203581 0.0690865 0.0304137
9.99201E-05 9.99201E-05 0.999101 9.99201E-05 9.99201E-05 9.99201E-05 9.99201E-05 9.99201E-05 9.99201E-05 9.99201E-05
9.99201E-05 9.99201E-05 0.999101 9.99201E-05 9.99201E-05 9.99201E-05 9.99201E-05 9.99201E-05 9.99201E-05 9.99201E-05
9.9973E-05 9.9973E-05 0.400216 0.0288764 0.350995 0.0609069 9.9973E-05 0.0662858 0.0237209 0.0686989
9.999E-05 0.0420713 0.524422 0.0734775 0.0964941 0.0694379 0.0233719 0.0814866 0.0549531 0.0341859
0.0408437 0.0895515 0.301045 0.0952134 0.389051 0.000798393 9.9991E-05 0.015254 0.0371485 0.0309943
0.03574 0.0307239 0.54857 9.9973E-05 0.140716 0.0573939 9.9973E-05 0.156421 0.0301356 9.9973E-05
9.9982E-05 9.9982E-05 0.550489 0.0257167 0.132626 0.00849462 0.0612672 0.0841854 0.0656519 0.0713691
9.9937E-05 9.9937E-05 0.968431 9.9937E-05 9.9937E-05 0.0168184 9.9937E-05 9.9937E-05 0.0140508 9.9937E-05
9.9982E-05 0.0562609 0.300113 0.0125594 0.154496 0.0402092 0.075388 0.347448 9.9982E-05 0.0133252
9.9973E-05 0.0583044 0.299858 0.0456528 0.115316 0.0502349 0.0443527 0.385981 9.9973E-05 9.9973E-05
0.0374716 9.9982E-05 0.589103 0.0917619 0.0736469 0.00966007 9.9982E-05 0.019556 0.107874 0.0707262
9.999E-05 0.0592634 0.404162 0.0287209 0.194625 0.0634184 0.0205284 0.172836 0.038173 0.0181731
0.0411837 9.9973E-05 0.39523 0.0736003 0.208646 0.0810832 9.9973E-05 0.108907 9.9973E-05 0.0910494
9.99201E-05 9.99201E-05 0.999101 9.99201E-05 9.99201E-05 9.99201E-05 9.99201E-05 9.99201E-05 9.99201E-05 9.99201E-05
0.0248658 0.0492331 0.458401 9.9973E-05 0.116821 0.0906941 9.9973E-05 0.196299 0.0633858 9.9973E-05
9.9964E-05 9.9964E-05 0.647045 0.0924813 0.114193 0.0723393 0.0717762 9.9964E-05 9.9964E-05 0.0017651
0.0390133 0.0163063 0.74649 0.121367 0.00187427 9.9973E-05 0.0243788 0.0502703 9.9973E-05 9.9973E-05
0.0531378 9.9991E-05 0.434574 0.0607599 0.155558 0.0150185 0.0415985 0.125762 0.0299434 0.0835487
0.0141337 9.9955E-05 9.9955E-05 9.9955E-05 9.9955E-05 0.0298916 0.0212046 9.9955E-05 0.014843 0.919427
9.9964E-05 9.9964E-05 0.72144 0.0751467 0.0672904 0.018849 0.0106319 0.106242 9.9964E-05 9.9964E-05
9.99201E-05 9.99201E-05 9.99201E-05 9.99201E-05 9.99201E-05 9.99201E-05 9.99201E-05 9.99201E-05 9.99201E-05 0.999101
0.0410159 9.9946E-05 0.476092 9.9946E-05 9.9946E-05 9.9946E-05 9.9946E-05 0.305676 9.9946E-05 0.176616
9.9937E-05 0.00411829 9.9937E-05 9.9937E-05 9.9937E-05 9.9937E-05 0.0140899 9.9937E-05 9.9937E-05 0.981092
9.9973E-05 9.9973E-05 0.237185 0.0148488 0.27273 0.0484439 9.9973E-05 0.192494 0.0294162 0.204581
9.99201E-05 9.99201E-05 9.99201E-05 9.99201E-05 9.99201E-05 9.99201E-05 9.99201E-05 9.99201E-05 9.99201E-05 0.999101
0.0741709 0.0417268 0.45442 0.0204987 0.0830927 9.9982E-05 9.9982E-05 0.0571175 0.0654402 0.203333
0.0204682 9.9991E-05 0.536286 0.0314602 0.0329975 0.00517813 0.0744676 0.233989 0.0451803 0.0198739
9.9955E-05 0.0698103 0.483805 9.9955E-05 9.9955E-05 0.0111757 9.9955E-05 0.134394 9.9955E-05 0.300315
9.9955E-05 0.0350247 0.526653 9.9955E-05 9.9955E-05 0.102073 9.9955E-05 0.140496 9.9955E-05 0.195253
9.9982E-05 0.0386976 0.401069 0.0803743 9.9982E-05 0.00345182 0.020878 0.316881 0.013178 0.125271
0.00855753 9.9973E-05 0.586518 0.004294 9.9973E-05 0.113553 0.011748 0.176723 9.9973E-05 0.0983062
0.00504027 9.9955E-05 0.487271 9.9955E-05 9.9955E-05 9.9955E-05 9.9955E-05 0.21701 0.0166111 0.273568
0.101173 0.0051775 0.305363 9.9982E-05 0.0256694 9.9982E-05 0.102066 0.189687 0.025703 0.244961
9.99371E-05 9.99371E-05 9.99371E-05 9.99371E-05 9.99371E-05 9.99371E-05 9.99371E-05 0.933473 0.0539652 0.0118618
9.99281E-05 9.99281E-05 9.99281E-05 9.99281E-05 9.99281E-05 9.99281E-05 9.99281E-05 0.970869 9.99281E-05 0.0283316
9.9946E-05 0.0185719 9.9946E-05 9.9946E-05 9.9946E-05 9.9946E-05 9.9946E-05 0.9655 0.0135039 0.00182404
0.00682938 9.99281E-05 9.99281E-05 9.99281E-05 9.99281E-05 9.99281E-05 9.99281E-05 0.992371 9.99281E-05 9.99281E-05
9.99201E-05 9.99201E-05 9.99201E-05 9.99201E-05 9.99201E-05 9.99201E-05 9.99201E-05 0.999101 9.99201E-05 9.99201E-05
0.0552857 9.9973E-05 0.088089 0.119151 0.185377 0.0245172 9.9973E-05 0.496761 9.9973E-05 0.0305196
0.17253 9.9982E-05 0.268912 0.0312442 0.0213646 0.0515121 0.0332476 0.351927 0.069062 9.9982E-05
0.125071 0.01499 0.219666 0.0424087 0.0180892 0.00886338 9.9982E-05 0.475649 0.0950635 9.9982E-05
0.035094 0.0312752 0.110419 0.0544199 0.178434 0.0338889 9.9991E-05 0.421356 0.0786257 0.0563876
0.0978542 9.9973E-05 0.157455 0.101537 0.149858 0.0468961 9.9973E-05 0.4425 0.00360066 9.9973E-05
0.0781887 0.0234592 0.287941 0.0620578 0.00590678 0.0132387 0.0688315 0.424243 0.0360331 9.9991E-05
0.0763852 9.9982E-05 0.175768 0.138536 0.0698036 0.117212 9.9982E-05 0.300625 0.0805027 0.040968
0.102829 0.0217461 0.446141 0.0418119 9.9973E-05 9.9973E-05 0.214971 0.124213 0.0479883 9.9973E-05
0.0623651 0.0284754 0.439363 0.0928345 9.9973E-05 9.9973E-05 0.16773 0.155507 0.0534253 9.9973E-05
0.184015 0.0356763 0.198024 0.0374172 0.00288299 0.166347 9.9982E-05 0.259695 0.115742 9.9982E-05
0.990168 9.9937E-05 9.9937E-05 9.9937E-05 9.9937E-05 9.9937E-05 9.9937E-05 0.00697815 9.9937E-05 0.00215445
0.887544 0.00871746 9.9955E-05 0.0129009 9.9955E-05 9.9955E-05 9.9955E-05 0.0616699 9.9955E-05 0.0286677
0.834821 0.0228097 0.0412634 9.9973E-05 9.9973E-05 0.00704074 0.0419151 0.0252137 0.0266366 9.9973E-05
0.999101 9.99201E-05 9.99201E-05 9.99201E-05 9.99201E-05 9.99201E-05 9.99201E-05 9.99201E-05 9.99201E-05 9.99201E-05
0.999101 9.99201E-05 9.99201E-05 9.99201E-05 9.99201E-05 9.99201E-05 9.99201E-05 9.99201E-05 9.99201E-05 9.99201E-05
0.999101 9.99201E-05 9.99201E-05 9.99201E-05 9.99201E-05 9.99201E-05 9.99201E-05 9.99201E-05 9.99201E-05 9.99201E-05
0.998365 9.9928E-05 9.9928E-05 0.000835154 9.9928E-05 9.9928E-05 9.9928E-05 9.9928E-05 9.9928E-05 9.9928E-05
0.892713 9.99371E-05 9.99371E-05 9.99371E-05 0.097574 9.99371E-05 0.00901296 9.99371E-05 9.99371E-05 9.99371E-05
0.973773 9.99281E-05 9.99281E-05 9.99281E-05 9.99281E-05 0.025428 9.99281E-05 9.99281E-05 9.99281E-05 9.99281E-05
0.999101 9.99201E-05 9.99201E-05 9.99201E-05 9.99201E-05 9.99201E-05 9.99201E-05 9.99201E-05 9.99201E-05 9.99201E-05
0.0558113 9.9991E-05 0.00207677 0.228938 0.106692 0.0914612 0.0457623 0.394844 0.0640583 0.0102559
0.880261 0.000284581 0.0123125 0.0130973 9.9973E-05 9.9973E-05 0.0359229 9.9973E-05 0.00822062 0.0496007
0.999101 9.99201E-05 9.99201E-05 9.99201E-05 9.99201E-05 9.99201E-05 9.99201E-05 9.99201E-05 9.99201E-05 9.99201E-05
0.924836 9.9955E-05 9.9955E-05 0.00527418 9.9955E-05 0.0205644 0.0215543 0.0272716 9.9955E-05 9.9955E-05
9.99281E-05 9.99281E-05 9.99281E-05 0.0240376 9.99281E-05 9.99281E-05 9.99281E-05 0.975163 9.99281E-05 9.99281E-05
9.99201E-05 9.99201E-05 9.99201E-05 9.99201E-05 9.99201E-05 9.99201E-05 9.99201E-05 0.999101 9.99201E-05 9.99201E-05
9.99281E-05 0.0115159 9.99281E-05 9.99281E-05 9.99281E-05 9.99281E-05 9.99281E-05 0.987685 9.99281E-05 9.99281E-05
9.99281E-05 9.99281E-05 9.99281E-05 9.99281E-05 9.99281E-05 9.99281E-05 9.99281E-05 0.971314 0.0278869 9.99281E-05
0.0559662 9.9964E-05 9.9964E-05 0.0945273 9.9964E-05 0.0050013 0.0313415 0.769407 0.0433569 9.9964E-05
9.9946E-05 9.9946E-05 9.9946E-05 0.0730764 0.128003 9.9946E-05 0.111647 0.686673 9.9946E-05 9.9946E-05
0.0447231 0.00430408 0.0268009 0.0603125 0.00485241 9.9991E-05 0.102173 0.739397 0.0132131 0.00412438
0.0281887 9.9964E-05 9.9964E-05 0.104141 9.9964E-05 0.0174426 0.07056 0.779126 9.9964E-05 0.000142858
0.0889288 9.9946E-05 9.9946E-05 9.9946E-05 9.9946E-05 9.9946E-05 0.0443371 0.840333 0.0258018 9.9946E-05
0.0719778 9.9946E-05 9.9946E-05 9.9946E-05 9.9946E-05 9.9946E-05 0.0431755 0.870277 0.0139703 9.9946E-05
0.0162099 9.9973E-05 9.9973E-05 0.0850226 0.0689006 0.0467888 0.0663513 0.670095 0.0463317 9.9973E-05
0.0769276 0.00233623 0.0117459 9.9973E-05 9.9973E-05 0.00461263 0.083472 0.803169 0.017437 9.9973E-05
9.9982E-05 0.00256234 0.0347267 0.0765242 9.9982E-05 0.0359332 0.0337767 0.691116 0.053778 0.0713831
0.0702557 0.0128162 0.020288 0.119902 0.0334304 0.0697425 0.0140037 0.617346 0.0228979 0.019317
9.9955E-05 9.9955E-05 9.9955E-05 0.924182 9.9955E-05 0.0258121 0.00265439 0.042606 9.9955E-05 0.00424617
0.0252358 0.000624755 9.9973E-05 0.828738 0.0598293 0.0378925 0.0226606 9.9973E-05 9.9973E-05 0.0247194
9.99201E-05 9.99201E-05 9.99201E-05 0.999101 9.99201E-05 9.99201E-05 9.99201E-05 9.99201E-05 9.99201E-05 9.99201E-05
9.99201E-05 9.99201E-05 9.99201E-05 0.999101 9.99201E-05 9.99201E-05 9.99201E-05 9.99201E-05 9.99201E-05 9.99201E-05
9.9928E-05 9.9928E-05 9.9928E-05 0.988437 9.9928E-05 0.0107631 9.9928E-05 9.9928E-05 9.9928E-05 9.9928E-05
9.9928E-05 9.9928E-05 9.9928E-05 0.954717 9.9928E-05 9.9928E-05 9.9928E-05 0.0444834 9.9928E-05 9.9928E-05
0.00394251 9.99281E-05 9.99281E-05 0.995258 9.99281E-05 9.99281E-05 9.99281E-05 9.99281E-05 9.99281E-05 9.99281E-05
9.9955E-05 0.0211505 0.0647706 0.763241 9.9955E-05 9.9955E-05 0.128832 9.9955E-05 9.9955E-05 0.0215062
9.99201E-05 9.99201E-05 9.99201E-05 0.999101 9.99201E-05 9.99201E-05 9.99201E-05 9.99201E-05 9.99201E-05 9.99201E-05
9.99201E-05 9.99201E-05 9.99201E-05 0.999101 9.99201E-05 9.99201E-05 9.99201E-05 9.99201E-05 9.99201E-05 9.99201E-05
0.0152464 0.0530922 9.99461E-05 0.865029 9.99461E-05 9.99461E-05 0.0660323 9.99461E-05 9.99461E-05 9.99461E-05
9.99281E-05 9.99281E-05 9.99281E-05 0.995343 9.99281E-05 0.00385765 9.99281E-05 9.99281E-05 9.99281E-05 9.99281E-05
0.00505657 0.0174224 0.0447589 0.772345 9.9964E-05 9.9964E-05 0.0397427 9.9964E-05 0.120275 9.9964E-05
9.99201E-05 9.99201E-05 9.99201E-05 9.99201E-05 9.99201E-05 9.99201E-05 9.99201E-05 9.99201E-05 0.999101 9.99201E-05
0.12255 0.00106234 0.114042 0.109529 9.9991E-05 0.027017 0.0399231 0.445672 0.08364 0.056465
9.99201E-05 9.99201E-05 9.99201E-05 9.99201E-05 9.99201E-05 9.99201E-05 9.99201E-05 9.99201E-05 0.999101 9.99201E-05
9.99201E-05 9.99201E-05 9.99201E-05 9.99201E-05 9.99201E-05 9.99201E-05 9.99201E-05 9.99201E-05 0.999101 9.99201E-05
0.0355216 9.99371E-05 9.99371E-05 9.99371E-05 9.99371E-05 9.99371E-05 0.030283 9.99371E-05 0.933496 9.99371E-05
9.9982E-05 9.9982E-05 0.0531022 0.0892169 0.0340627 0.00169922 0.0122795 0.0431096 0.757538 0.00879234
9.99201E-05 9.99201E-05 9.99201E-05 9.99201E-05 9.99201E-05 9.99201E-05 9.99201E-05 9.99201E-05 0.999101 9.99201E-05
9.99461E-05 9.99461E-05 0.0440664 9.99461E-05 9.99461E-05 9.99461E-05 0.0372909 0.0610541 0.856989 9.99461E-05
9.99281E-05 9.99281E-05 9.99281E-05 9.99281E-05 9.99281E-05 9.99281E-05 0.0095079 9.99281E-05 0.989693 9.99281E-05
9.9955E-05 9.9955E-05 0.00597255 0.0145095 9.9955E-05 0.00104356 9.9955E-05 0.00489569 0.973079 9.9955E-05
9.99201E-05 9.99201E-05 9.99201E-05 9.99201E-05 9.99201E-05 9.99201E-05 9.99201E-05 9.99201E-05 0.999101 9.99201E-05
9.9955E-05 0.0115276 0.0252071 9.9955E-05 9.9955E-05 0.0194317 9.9955E-05 0.00038031 0.942953 9.9955E-05
0.00168783 0.0014181 0.00634297 0.0311538 9.9964E-05 9.9964E-05 9.9964E-05 9.9964E-05 0.938301 0.0206969
0.0375755 9.99551E-05 0.0313003 0.0412341 9.99551E-05 0.0913852 9.99551E-05 9.99551E-05 0.798005 9.99551E-05
9.9973E-05 0.00359769 9.9973E-05 9.9973E-05 0.00848288 0.00248973 0.0535866 0.0055906 0.909753 0.0161999
0.0349003 0.0311425 0.00429662 0.0110777 9.9982E-05 9.9982E-05 0.0453884 0.00745353 0.855446 0.0100945
9.9964E-05 9.9964E-05 0.00464822 0.0326484 9.9964E-05 0.0123244 0.0476306 9.9964E-05 0.852724 0.0496248
9.9973E-05 0.0153617 0.00651371 9.9973E-05 0.0383105 0.0295326 9.9973E-05 0.0154187 0.880526 0.0140366
9.9937E-05 9.9937E-05 9.9937E-05 0.0152192 9.9937E-05 0.0220591 9.9937E-05 9.9937E-05 0.962022 9.9937E-05
0.066145 0.0274888 0.211991 0.0320324 9.9982E-05 0.272586 0.0921452 0.259675 0.0377364 9.9982E-05
0.0247354 0.02258 0.153269 0.0375666 0.0071124 0.248832 0.086022 0.361591 0.0405845 0.0177063
0.0604197 0.0340228 0.0969146 0.0115424 9.9991E-05 0.254043 0.148144 0.249478 0.0569201 0.0884157
0.0317571 0.027898 0.176094 9.9982E-05 9.9982E-05 0.263477 0.127421 0.275883 0.0786327 0.0186378
9.9946E-05 9.9946E-05 9.9946E-05 0.0181671 0.00558033 9.9946E-05 0.942997 9.9946E-05 9.9946E-05 0.0326563
9.99201E-05 9.99201E-05 9.99201E-05 9.99201E-05 9.99201E-05 9.99201E-05 0.999101 9.99201E-05 9.99201E-05 9.99201E-05
9.9964E-05 9.9964E-05 0.0123286 9.9964E-05 0.000665481 0.00075789 0.968481 0.012381 0.00498655 9.9964E-05
9.99201E-05 9.99201E-05 9.99201E-05 9.99201E-05 9.99201E-05 9.99201E-05 0.999101 9.99201E-05 9.99201E-05 9.99201E-05
9.9928E-05 9.9928E-05 9.9928E-05 9.9928E-05 9.9928E-05 0.0197997 0.979401 9.9928E-05 9.9928E-05 9.9928E-05
0.0122416 9.9937E-05 9.9937E-05 9.9937E-05 9.9937E-05 9.9937E-05 0.952962 0.0340967 9.9937E-05 9.9937E-05
0.0162827 0.00452365 9.9955E-05 9.9955E-05 9.9955E-05 0.0168006 0.948675 9.9955E-05 0.0132187 9.9955E-05
0.0034057 0.00507125 9.9991E-05 0.0159288 0.1158 0.0251437 0.770389 0.0280893 0.00117549 0.0348966
9.9964E-05 9.9964E-05 9.9964E-05 9.9964E-05 0.0738795 0.0195547 0.745834 0.089477 0.0280858 0.0427693
9.9928E-05 9.9928E-05 9.9928E-05 9.9928E-05 9.9928E-05 0.990995 9.9928E-05 9.9928E-05 9.9928E-05 0.00820512
9.99201E-05 9.99201E-05 9.99201E-05 9.99201E-05 9.99201E-05 0.999101 9.99201E-05 9.99201E-05 9.99201E-05 9.99201E-05
9.99371E-05 9.99371E-05 0.00672446 9.99371E-05 9.99371E-05 0.974656 9.99371E-05 0.0179197 9.99371E-05 9.99371E-05
9.99201E-05 9.99201E-05 9.99201E-05 9.99201E-05 9.99201E-05 0.999101 9.99201E-05 9.99201E-05 9.99201E-05 9.99201E-05
9.99201E-05 9.99201E-05 9.99201E-05 9.99201E-05 9.99201E-05 0.999101 9.99201E-05 9.99201E-05 9.99201E-05 9.99201E-05
9.9955E-05 9.9955E-05 9.9955E-05 9.9955E-05 0.0809776 0.860443 0.0180178 0.0153817 9.9955E-05 0.0246801
9.99201E-05 9.99201E-05 9.99201E-05 9.99201E-05 9.99201E-05 0.999101 9.99201E-05 9.99201E-05 9.99201E-05 9.99201E-05
9.99201E-05 9.99201E-05 9.99201E-05 9.99201E-05 9.99201E-05 0.999101 9.99201E-05 9.99201E-05 9.99201E-05 9.99201E-05
9.99201E-05 9.99201E-05 9.99201E-05 9.99201E-05 9.99201E-05 0.999101 9.99201E-05 9.99201E-05 9.99201E-05 9.99201E-05
0.00800739 9.9955E-05 0.0238638 0.0108322 9.9955E-05 0.944637 9.9955E-05 9.9955E-05 0.0121598 9.9955E-05
9.9937E-05 9.9937E-05 9.9937E-05 0.00357771 9.9937E-05 0.973928 0.0217944 9.9937E-05 9.9937E-05 9.9937E-05
9.99281E-05 9.99281E-05 9.99281E-05 9.99281E-05 0.0250837 0.974117 9.99281E-05 9.99281E-05 9.99281E-05 9.99281E-05
