9.99281E-05 0.00634585 9.99281E-05 9.99281E-05 0.992855 9.99281E-05 9.99281E-05 9.99281E-05 9.99281E-05 9.99281E-05
9.9946E-05 9.9946E-05 0.0385081 9.9946E-05 0.830363 9.9946E-05 0.110222 9.9946E-05 9.9946E-05 0.0203072
9.99201E-05 9.99201E-05 0.999101 9.99201E-05 9.99201E-05 9.99201E-05 9.99201E-05 9.99201E-05 9.99201E-05 9.99201E-05
9.9937E-05 0.153373 0.828036 9.9937E-05 9.9937E-05 9.9937E-05 9.9937E-05 9.9937E-05 0.0178911 9.9937E-05
0.0904834 9.9964E-05 0.00427694 9.9964E-05 0.762345 0.095399 0.035467 9.9964E-05 9.9964E-05 0.0116285
9.9955E-05 0.0350633 0.00431754 0.0730931 0.86684 9.9955E-05 9.9955E-05 9.9955E-05 0.0201866 9.9955E-05
0.00167639 9.9955E-05 9.9955E-05 9.9955E-05 0.882338 0.0340691 9.9955E-05 0.0663213 9.9955E-05 0.0150955
9.9937E-05 9.9937E-05 9.9937E-05 0.0365227 0.853279 9.9937E-05 9.9937E-05 9.9937E-05 0.109499 9.9937E-05
9.996E-05 9.996E-05 0.302493 0.143947 0.355053 0.0806834 0.101928 0.0154955 9.996E-05 9.996E-05
0.0867448 9.9982E-05 0.0192395 0.00350721 0.53359 0.0991283 0.0146865 0.167077 9.9982E-05 0.075827
0.797094 0.15311 9.9946E-05 9.9946E-05 9.9946E-05 0.0270596 9.9946E-05 9.9946E-05 9.9946E-05 0.022136
0.957033 9.9928E-05 9.9928E-05 0.0421675 9.9928E-05 9.9928E-05 9.9928E-05 9.9928E-05 9.9928E-05 9.9928E-05
0.766625 0.119165 9.9937E-05 9.9937E-05 0.11351 9.9937E-05 9.9937E-05 9.9937E-05 9.9937E-05 9.9937E-05
0.480043 9.9973E-05 0.100544 0.326626 9.9973E-05 0.0205193 9.9973E-05 0.0251294 0.00197965 0.0448581
0.660733 0.0217091 0.0538475 9.9982E-05 0.0358764 9.9982E-05 0.0372686 0.019651 0.124351 0.0463631
0.126783 0.0614024 9.9955E-05 0.014946 9.9955E-05 9.9955E-05 9.9955E-05 9.9955E-05 0.792706 0.00366204
9.9928E-05 0.920697 9.9928E-05 0.0785033 9.9928E-05 9.9928E-05 9.9928E-05 9.9928E-05 9.9928E-05 9.9928E-05
9.9955E-05 0.0140419 9.9955E-05 9.9955E-05 9.9955E-05 9.9955E-05 0.116449 0.0873489 0.777598 0.00406192
0.751912 0.0018263 9.9964E-05 9.9964E-05 9.9964E-05 0.0568812 0.0181238 0.118303 0.0525532 9.9964E-05
9.99201E-05 9.99201E-05 9.99201E-05 9.99201E-05 9.99201E-05 9.99201E-05 9.99201E-05 9.99201E-05 0.999101 9.99201E-05
0.281417 9.9982E-05 0.0345599 0.316444 0.0526114 9.9982E-05 0.0773829 0.0323007 0.203594 0.00149006
9.9946E-05 0.0497152 0.000540235 9.9946E-05 0.170456 9.9946E-05 9.9946E-05 9.9946E-05 0.778689 9.9946E-05
9.99201E-05 0.999101 9.99201E-05 9.99201E-05 9.99201E-05 9.99201E-05 9.99201E-05 9.99201E-05 9.99201E-05 9.99201E-05
9.99201E-05 9.99201E-05 9.99201E-05 0.999101 9.99201E-05 9.99201E-05 9.99201E-05 9.99201E-05 9.99201E-05 9.99201E-05
0.579458 9.9955E-05 9.9955E-05 0.0379345 9.9955E-05 9.9955E-05 0.106182 0.0782186 0.197707 9.9955E-05
0.568116 9.9964E-05 9.9964E-05 0.145164 0.0852844 9.9964E-05 0.11783 0.080104 9.9964E-05 0.00310119
0.515608 9.9955E-05 9.9955E-05 9.9955E-05 9.9955E-05 0.136227 0.000963842 0.170468 0.176234 9.9955E-05
0.567516 9.9964E-05 0.0356796 9.9964E-05 9.9964E-05 0.0427369 0.302484 9.9964E-05 0.0507819 0.000402357
0.605273 9.9946E-05 9.9946E-05 9.9946E-05 0.0408047 9.9946E-05 0.189956 0.163366 9.9946E-05 9.9946E-05
0.83829 9.9928E-05 9.9928E-05 9.9928E-05 9.9928E-05 9.9928E-05 0.16091 9.9928E-05 9.9928E-05 9.9928E-05
9.9946E-05 9.9946E-05 0.188751 9.9946E-05 9.9946E-05 0.221076 0.279703 0.309871 9.9946E-05 9.9946E-05
0.128291 9.9973E-05 0.141823 9.9973E-05 0.0434254 0.222446 0.260841 0.161623 0.0412507 9.9973E-05
0.0119233 9.9955E-05 0.0108162 9.9955E-05 9.9955E-05 9.9955E-05 0.0794042 0.847788 0.0495681 9.9955E-05
9.9955E-05 9.9955E-05 9.9955E-05 0.0667798 0.0159887 0.053131 9.9955E-05 0.848555 9.9955E-05 0.0150459
0.23571 9.9937E-05 9.9937E-05 9.9937E-05 9.9937E-05 9.9937E-05 9.9937E-05 0.740739 0.0228509 9.9937E-05
9.9946E-05 0.0261858 9.9946E-05 9.9946E-05 0.00834379 9.9946E-05 0.020997 0.943874 9.9946E-05 9.9946E-05
9.9955E-05 9.9955E-05 0.0586386 9.9955E-05 0.0997646 0.0606068 9.9955E-05 0.73796 0.0425299 9.9955E-05
9.9937E-05 0.222044 9.9937E-05 9.9937E-05 9.9937E-05 9.9937E-05 0.0542808 0.722976 9.9937E-05 9.9937E-05
9.99364E-05 9.99364E-05 9.99364E-05 9.99364E-05 9.99364E-05 0.0130896 9.99364E-05 0.986111 9.99364E-05 9.99364E-05
0.0790618 9.9982E-05 0.0123192 9.9982E-05 0.00565541 0.0359995 0.189134 0.56837 0.0661922 0.0430677
9.99371E-05 9.99371E-05 9.99371E-05 9.99371E-05 0.0079102 9.99371E-05 0.0317198 0.95967 9.99371E-05 9.99371E-05
0.0388745 0.0539256 0.0240589 9.9982E-05 0.0463783 0.18453 0.3117 0.300216 0.0401166 9.9982E-05
0.131351 9.9955E-05 0.0120602 0.0343735 9.9955E-05 9.9955E-05 0.126341 0.695375 9.9955E-05 9.9955E-05
0.0268591 9.9955E-05 9.9955E-05 0.089006 9.9955E-05 0.118099 9.9955E-05 0.738488 9.9955E-05 0.027048
0.056895 9.9973E-05 0.00663031 9.9973E-05 9.9973E-05 0.682932 0.147077 0.0435962 0.0579468 0.00462331
0.121413 9.9946E-05 9.9946E-05 0.0180567 0.0493823 0.810548 9.9946E-05 9.9946E-05 9.9946E-05 9.9946E-05
9.9946E-05 9.9946E-05 9.9946E-05 0.0808681 9.9946E-05 0.733274 9.9946E-05 0.116261 9.9946E-05 0.0689971
9.9928E-05 9.9928E-05 9.9928E-05 9.9928E-05 9.9928E-05 0.901132 0.0980681 9.9928E-05 9.9928E-05 9.9928E-05
0.134535 9.9973E-05 0.101772 9.9973E-05 9.9973E-05 0.471439 0.0419851 0.205109 0.0423365 0.00252284
0.0710283 9.9973E-05 0.0432602 0.0118971 0.0171597 0.499905 0.129772 0.226678 9.9973E-05 9.9973E-05
9.9964E-05 0.00056558 0.0285784 0.0194669 9.9964E-05 0.776007 0.134479 9.9964E-05 0.0405028 9.9964E-05
9.9928E-05 0.0308471 9.9928E-05 9.9928E-05 9.9928E-05 0.968353 9.9928E-05 9.9928E-05 9.9928E-05 9.9928E-05
9.99371E-05 0.0601818 9.99371E-05 9.99371E-05 9.99371E-05 0.738417 0.200701 9.99371E-05 9.99371E-05 9.99371E-05
9.9964E-05 0.0737396 9.9964E-05 0.00855 9.9964E-05 0.685342 0.0744406 0.132599 0.0249289 9.9964E-05
9.9937E-05 9.9937E-05 0.0100069 9.9937E-05 9.9937E-05 0.966713 9.9937E-05 0.0225801 9.9937E-05 9.9937E-05
0.00132887 9.9955E-05 0.0104127 9.9955E-05 9.9955E-05 0.916715 0.0132366 9.9955E-05 9.9955E-05 0.057807
0.114676 0.00586032 0.027701 9.9964E-05 9.9964E-05 0.0264589 0.781136 9.9964E-05 0.0437681 9.9964E-05
0.187436 9.9955E-05 9.9955E-05 0.0255475 0.0142943 0.160369 0.611854 9.9955E-05 9.9955E-05 9.9955E-05
9.9964E-05 0.00491746 0.0196504 9.9964E-05 0.0837017 0.191552 0.6948 9.9964E-05 0.00497828 9.9964E-05
0.0818833 9.9955E-05 9.9955E-05 9.9955E-05 0.12893 0.0493961 0.685325 0.0539656 9.9955E-05 9.9955E-05
9.9964E-05 0.0146304 9.9964E-05 0.0236026 0.0145936 0.0597782 0.858217 9.9964E-05 0.0287786 9.9964E-05
9.9955E-05 9.9955E-05 0.00631906 9.9955E-05 0.0259497 9.9955E-05 0.505761 0.386429 9.9955E-05 0.075041
9.9964E-05 9.9964E-05 0.00503165 0.0357318 0.0313025 0.0466581 0.834063 0.0468132 9.9964E-05 9.9964E-05
9.99281E-05 9.99281E-05 9.99281E-05 9.99281E-05 9.99281E-05 9.99281E-05 0.996991 9.99281E-05 9.99281E-05 0.00220909
9.9937E-05 9.9937E-05 9.9937E-05 9.9937E-05 9.9937E-05 9.9937E-05 0.879303 0.0564086 0.0635883 9.9937E-05
0.000883826 0.00145231 9.99371E-05 9.99371E-05 9.99371E-05 9.99371E-05 0.996964 9.99371E-05 9.99371E-05 9.99371E-05
9.9937E-05 9.9937E-05 9.9937E-05 9.9937E-05 9.9937E-05 9.9937E-05 0.948122 0.0393767 9.9937E-05 0.0118018
0.0155876 9.9937E-05 0.0178187 9.9937E-05 9.9937E-05 9.9937E-05 0.965894 9.9937E-05 9.9937E-05 9.9937E-05
9.99312E-05 9.99312E-05 9.99312E-05 9.99312E-05 9.99312E-05 9.99312E-05 0.952136 9.99312E-05 0.0470646 9.99312E-05
9.9928E-05 9.9928E-05 9.9928E-05 0.00111566 9.9928E-05 9.9928E-05 0.998085 9.9928E-05 9.9928E-05 9.9928E-05
9.99461E-05 9.99461E-05 9.99461E-05 0.00790681 9.99461E-05 9.99461E-05 0.936826 0.0521805 9.99461E-05 0.00248748
9.99371E-05 9.99371E-05 9.99371E-05 9.99371E-05 0.0929169 9.99371E-05 0.742939 0.163444 9.99371E-05 9.99371E-05
9.9946E-05 9.9946E-05 0.0164452 9.9946E-05 9.9946E-05 0.0327566 0.93549 9.9946E-05 9.9946E-05 0.0147082
9.9973E-05 0.00464788 9.9973E-05 9.9973E-05 0.000895591 0.0564196 0.661788 0.180513 0.0396518 0.0557845
9.998E-05 0.0472242 0.0271935 0.00335722 0.0021757 0.0121953 0.324545 9.998E-05 0.0437716 0.539338
9.99201E-05 9.99201E-05 9.99201E-05 9.99201E-05 9.99201E-05 9.99201E-05 9.99201E-05 9.99201E-05 9.99201E-05 0.999101
0.0652202 0.00542256 9.9982E-05 0.00354277 0.00894143 0.0131684 0.641086 0.195388 9.9982E-05 0.0670306
