9.99201E-05 9.99201E-05 9.99201E-05 9.99201E-05 9.99201E-05 9.99201E-05 9.99201E-05 9.99201E-05 0.999101 9.99201E-05
0.00671922 9.9955E-05 9.9955E-05 0.559759 9.9955E-05 0.0791896 0.0855368 9.9955E-05 0.268295 9.9955E-05
9.9946E-05 9.9946E-05 9.9946E-05 0.60082 9.9946E-05 0.0893273 0.0648317 9.9946E-05 0.244421 9.9946E-05
9.99461E-05 9.99461E-05 9.99461E-05 0.700869 0.0548764 9.99461E-05 9.99461E-05 9.99461E-05 0.18674 0.0569151
0.0928097 0.0855221 9.9982E-05 0.580251 0.0217543 0.00742559 9.9982E-05 0.0226871 0.0869937 0.102357
9.9973E-05 9.9973E-05 0.104352 0.613069 0.110564 0.00887203 0.00168976 9.9973E-05 0.143926 0.0172265
9.99281E-05 9.99281E-05 9.99281E-05 0.726223 9.99281E-05 9.99281E-05 9.99281E-05 9.99281E-05 0.272978 9.99281E-05
9.9973E-05 9.9973E-05 9.9973E-05 0.507397 0.095034 0.0466441 0.0263388 0.0277112 0.286003 0.0105726
9.9964E-05 9.9964E-05 0.0226811 0.610317 0.119477 0.0487968 0.0222135 9.9964E-05 0.176115 9.9964E-05
9.99201E-05 9.99201E-05 9.99201E-05 9.99201E-05 9.99201E-05 9.99201E-05 9.99201E-05 9.99201E-05 0.999101 9.99201E-05
9.99201E-05 9.99201E-05 9.99201E-05 9.99201E-05 9.99201E-05 9.99201E-05 9.99201E-05 9.99201E-05 0.999101 9.99201E-05
9.9928E-05 9.9928E-05 9.9928E-05 9.9928E-05 9.9928E-05 9.9928E-05 0.00150368 9.9928E-05 0.997697 9.9928E-05
0.00192418 9.9937E-05 9.9937E-05 9.9937E-05 9.9937E-05 9.9937E-05 0.0266139 9.9937E-05 0.970762 9.9937E-05
9.9937E-05 0.0474544 9.9937E-05 0.0208472 9.9937E-05 9.9937E-05 9.9937E-05 9.9937E-05 0.930999 9.9937E-05
9.9946E-05 0.0104266 9.9946E-05 9.9946E-05 0.0210609 9.9946E-05 9.9946E-05 0.00469408 0.963219 9.9946E-05
0.043553 9.9973E-05 9.9973E-05 0.400848 0.240084 0.0855747 9.9973E-05 0.00398722 0.205181 0.0204725
0.0637593 0.0527935 9.9991E-05 0.346844 0.120414 0.0580221 0.0403707 0.0246563 0.183033 0.110007
9.9982E-05 9.9982E-05 0.0353778 0.621166 0.0778546 0.0356383 0.0106222 0.00906416 0.169394 0.0406833
0.0293912 0.0466813 9.9946E-05 0.888415 9.9946E-05 9.9946E-05 9.9946E-05 9.9946E-05 9.9946E-05 0.0349126
0.0147455 0.0339085 9.9955E-05 0.872381 9.9955E-05 9.9955E-05 9.9955E-05 0.00716292 9.9955E-05 0.0713024
0.0250498 9.9946E-05 9.9946E-05 0.811882 9.9946E-05 9.9946E-05 9.9946E-05 9.9946E-05 0.0516435 0.110825
9.9973E-05 0.090755 0.0224599 0.762163 0.021546 0.0670526 0.0105638 0.0251601 9.9973E-05 9.9973E-05
0.0113547 0.0814517 9.9955E-05 0.783624 9.9955E-05 0.0101214 9.9955E-05 9.9955E-05 9.9955E-05 0.112949
9.9955E-05 0.025809 9.9955E-05 0.889935 9.9955E-05 0.0136804 0.0112011 0.0588751 9.9955E-05 9.9955E-05
9.9955E-05 9.9955E-05 0.0211416 0.88135 0.062719 9.9955E-05 0.0134713 0.020818 9.9955E-05 9.9955E-05
0.0443021 0.00961846 0.121036 0.580077 0.184148 0.00263894 9.9973E-05 0.0578786 9.9973E-05 9.9973E-05
0.0910299 0.0346349 9.9964E-05 0.577474 0.107708 0.0633569 9.9964E-05 9.9964E-05 9.9964E-05 0.125396
9.9946E-05 9.9946E-05 9.9946E-05 0.899061 0.0643263 0.0270115 9.9946E-05 0.00900138 9.9946E-05 9.9946E-05
0.0404099 0.0348984 0.0381524 0.727043 0.0184553 0.00879591 9.9991E-05 0.032388 0.027869 0.0718886
9.9937E-05 9.9937E-05 0.182812 0.751367 9.9937E-05 9.9937E-05 9.9937E-05 9.9937E-05 0.0651219 9.9937E-05
0.00362463 0.0823287 9.9973E-05 0.805225 9.9973E-05 9.9973E-05 0.0241076 0.00253525 0.0393874 0.042492
0.0530068 0.00502053 0.024192 0.776888 0.0553688 0.00116015 0.00586347 0.0736161 9.9991E-05 0.0047837
0.0154256 0.0384009 0.0926898 0.728789 0.000199298 0.0384762 9.9973E-05 9.9973E-05 9.9973E-05 0.085719
9.9991E-05 0.00943111 0.142575 0.581542 0.00769079 0.0508291 0.0090345 0.107666 0.0487185 0.0424126
0.00318692 0.143823 9.9964E-05 0.760732 9.9964E-05 0.0395153 9.9964E-05 0.0424867 9.9964E-05 0.00985601
9.9937E-05 9.9937E-05 0.154332 0.79984 9.9937E-05 9.9937E-05 9.9937E-05 9.9937E-05 0.0451285 9.9937E-05
9.9955E-05 0.0208567 0.0281935 0.473023 0.307069 9.9955E-05 9.9955E-05 9.9955E-05 9.9955E-05 0.170358
0.0826471 0.0568728 0.0258283 0.521664 9.9973E-05 0.00745443 9.9973E-05 0.00121831 9.9973E-05 0.304015
0.104864 9.9982E-05 0.0445357 0.505139 0.0868943 0.0473873 0.0028143 9.9982E-05 0.00478734 0.203378
0.0504739 0.0115207 0.0046115 0.593239 0.0588968 9.9964E-05 9.9964E-05 9.9964E-05 9.9964E-05 0.280858
9.9964E-05 9.9964E-05 9.9964E-05 0.0761501 0.705069 0.00544107 0.0850782 0.125876 9.9964E-05 0.00198495
0.0620374 0.0495074 0.0472557 0.0537842 0.622827 0.043174 0.0177124 0.103502 9.9982E-05 9.9982E-05
9.9964E-05 9.9964E-05 9.9964E-05 0.191927 0.559604 0.0726508 0.054444 0.0785589 0.042416 9.9964E-05
0.0265927 9.9973E-05 0.058704 0.0542657 0.734376 0.0191833 0.0411478 0.0654301 9.9973E-05 9.9973E-05
0.07323 9.9973E-05 0.122338 0.180624 0.430011 0.0591874 9.9973E-05 0.0547276 9.9973E-05 0.0795819
9.99201E-05 9.99201E-05 9.99201E-05 9.99201E-05 0.999101 9.99201E-05 9.99201E-05 9.99201E-05 9.99201E-05 9.99201E-05
9.99201E-05 9.99201E-05 9.99201E-05 9.99201E-05 0.999101 9.99201E-05 9.99201E-05 9.99201E-05 9.99201E-05 9.99201E-05
0.0392136 0.0281354 9.9973E-05 0.368905 0.461331 0.0414096 9.9973E-05 0.0316089 9.9973E-05 0.0290964
0.0873512 0.0517505 0.0502755 0.11784 0.511291 0.0353494 9.9982E-05 0.0803977 0.0655446 9.9982E-05
0.00203589 9.9991E-05 0.0239387 0.364967 0.384101 0.0104677 0.0419884 0.0755469 0.0911965 0.00565745
0.0792675 9.9964E-05 9.9964E-05 0.2323 0.38701 0.0147117 9.9964E-05 9.9964E-05 0.024362 0.261949
0.0303032 0.0316075 0.0590966 0.151987 0.616601 0.0616304 9.9973E-05 0.0484742 9.9973E-05 9.9973E-05
0.0256129 0.00812281 0.0139108 9.9973E-05 0.922802 0.0130116 9.9973E-05 0.00981574 0.00642393 9.9973E-05
0.0656652 0.0662956 0.092266 0.113415 0.348012 9.9982E-05 9.9982E-05 0.0305203 0.0531544 0.230472
0.0158745 0.0424193 0.124815 0.157803 0.313584 9.9982E-05 9.9982E-05 0.0669671 0.0537145 0.224622
0.017084 9.9982E-05 0.0458823 0.141316 0.571763 0.103787 0.0273862 0.0769567 9.9982E-05 0.0156244
0.116313 0.0174182 9.9982E-05 0.151497 0.337833 0.0649482 9.9982E-05 0.0369162 0.0878035 0.187071
0.0785747 9.9973E-05 0.0382711 0.235272 0.45279 9.9973E-05 0.0636091 0.0276316 9.9973E-05 0.103551
9.9928E-05 9.9928E-05 9.9928E-05 9.9928E-05 0.988988 9.9928E-05 9.9928E-05 9.9928E-05 0.0102128 9.9928E-05
0.100493 9.9973E-05 9.9973E-05 0.218417 0.352385 0.0643117 9.9973E-05 0.00078391 0.0171022 0.246207
0.134261 0.024009 9.9964E-05 0.128184 0.561774 9.9964E-05 9.9964E-05 0.0996452 9.9964E-05 0.0517261
9.99551E-05 9.99551E-05 9.99551E-05 0.112884 0.624919 9.99551E-05 9.99551E-05 0.0354423 0.00419807 0.222057
0.0177944 0.0522045 0.134058 0.130947 0.538967 0.0722152 0.0122202 0.00238567 0.0340985 0.00510951
0.0277047 0.0464849 0.000281267 9.9973E-05 0.834402 0.0101225 0.0520572 0.0286479 9.9973E-05 9.9973E-05
0.0105358 9.9964E-05 9.9964E-05 0.0969652 0.572435 9.9964E-05 9.9964E-05 0.0470676 0.0283227 0.244273
9.9937E-05 0.0708096 9.9937E-05 9.9937E-05 0.922868 0.00562234 9.9937E-05 9.9937E-05 9.9937E-05 9.9937E-05
0.00399117 9.9955E-05 0.152855 9.9955E-05 0.704819 9.9955E-05 0.0231995 9.9955E-05 9.9955E-05 0.114635
9.99461E-05 0.119645 9.99461E-05 9.99461E-05 0.822518 0.0399959 9.99461E-05 0.0172406 9.99461E-05 9.99461E-05
0.022778 0.00177581 0.0884349 0.266914 0.510271 0.0356703 0.0219061 0.0287874 9.9991E-05 0.023362
9.9946E-05 0.0348012 9.9946E-05 9.9946E-05 0.931611 0.0187081 0.01428 9.9946E-05 9.9946E-05 9.9946E-05
9.9982E-05 9.9982E-05 0.0577176 0.127245 0.628661 0.0356962 0.0695768 0.0468405 0.0128152 0.0212478
0.0252817 0.0336542 0.0961387 0.00811591 0.549489 0.00911271 9.9982E-05 0.0640153 9.9982E-05 0.213992
0.0144043 9.9964E-05 0.00690316 0.0207372 0.809824 9.9964E-05 9.9964E-05 9.9964E-05 0.0697617 0.0779702
0.0708112 9.9955E-05 0.0650245 9.9955E-05 0.804061 9.9955E-05 9.9955E-05 9.9955E-05 0.0219869 0.037617
0.0260975 0.0236789 0.148592 9.9982E-05 0.49032 0.00288533 9.9982E-05 0.0864861 0.0654131 0.156327
0.130707 0.0379695 0.0522328 9.9955E-05 0.662123 9.9955E-05 9.9955E-05 9.9955E-05 9.9955E-05 0.116468
0.000588906 9.9973E-05 0.0488436 0.0169007 0.744031 0.0170057 0.0414342 9.9973E-05 9.9973E-05 0.130896
9.9991E-05 0.0768235 0.0911522 0.0451167 0.496528 0.0103079 0.086347 0.0222694 0.00317508 0.168181
9.99371E-05 9.99371E-05 0.982282 9.99371E-05 9.99371E-05 0.00203315 9.99371E-05 0.0149855 9.99371E-05 9.99371E-05
9.9928E-05 9.9928E-05 0.995902 9.9928E-05 9.9928E-05 9.9928E-05 0.00329906 9.9928E-05 9.9928E-05 9.9928E-05
9.99201E-05 9.99201E-05 0.999101 9.99201E-05 9.99201E-05 9.99201E-05 9.99201E-05 9.99201E-05 9.99201E-05 9.99201E-05
9.99201E-05 9.99201E-05 0.999101 9.99201E-05 9.99201E-05 9.99201E-05 9.99201E-05 9.99201E-05 9.99201E-05 9.99201E-05
9.99201E-05 9.99201E-05 0.999101 9.99201E-05 9.99201E-05 9.99201E-05 9.99201E-05 9.99201E-05 9.99201E-05 9.99201E-05
0.0683601 9.9982E-05 0.215523 0.209538 0.139771 9.9982E-05 0.0568253 0.108454 0.00657397 0.194754
0.042996 0.0118934 0.201369 0.0581275 0.214999 0.00323921 0.158793 0.0226401 0.0258818 0.260061
0.00357992 9.9991E-05 0.19151 0.0372527 0.227676 0.111342 0.125491 0.0210355 0.00483248 0.277179
0.0232424 0.032276 0.1823 0.152947 0.123933 0.0710302 0.0324104 0.0577451 0.0656152 0.258501
0.0513422 9.9982E-05 0.243413 0.124109 0.189307 9.9982E-05 0.0869718 0.112682 0.00190422 0.19007
0.0566809 0.0543702 0.199421 0.0404544 0.236417 0.0548692 0.0935551 0.0482422 9.9991E-05 0.21589
0.0841599 0.0402435 0.0934955 0.0363313 0.182591 0.07398 0.0671576 0.151252 9.9991E-05 0.27069
9.9973E-05 0.137737 9.9973E-05 0.00893785 0.292063 0.0458812 0.0679651 9.9973E-05 0.0414344 0.405682
9.9982E-05 0.134457 9.9982E-05 0.0183775 0.279247 0.0505804 0.0481803 0.0459014 0.0293977 0.393659
0.196439 9.9991E-05 0.0312725 0.0108452 0.174064 0.0552694 0.144527 0.0176295 0.0416589 0.328194
9.99201E-05 9.99201E-05 9.99201E-05 9.99201E-05 9.99201E-05 9.99201E-05 0.999101 9.99201E-05 9.99201E-05 9.99201E-05
9.9964E-05 9.9964E-05 0.0190269 0.0242193 9.9964E-05 0.00832242 0.930186 0.00775792 0.0100877 9.9964E-05
0.00994881 0.0549417 9.9964E-05 9.9964E-05 0.0487082 9.9964E-05 0.825477 9.9964E-05 0.00482847 0.0556961
9.99201E-05 9.99201E-05 9.99201E-05 9.99201E-05 9.99201E-05 9.99201E-05 0.999101 9.99201E-05 9.99201E-05 9.99201E-05
9.99201E-05 9.99201E-05 9.99201E-05 9.99201E-05 9.99201E-05 9.99201E-05 0.999101 9.99201E-05 9.99201E-05 9.99201E-05
9.99201E-05 9.99201E-05 9.99201E-05 9.99201E-05 9.99201E-05 9.99201E-05 0.999101 9.99201E-05 9.99201E-05 9.99201E-05
9.99201E-05 9.99201E-05 9.99201E-05 9.99201E-05 9.99201E-05 9.99201E-05 0.999101 9.99201E-05 9.99201E-05 9.99201E-05
0.021319 0.0222292 9.9955E-05 0.0761642 9.9955E-05 0.012574 0.867214 9.9955E-05 9.9955E-05 9.9955E-05
9.99281E-05 9.99281E-05 9.99281E-05 0.00230949 9.99281E-05 9.99281E-05 0.996891 9.99281E-05 9.99281E-05 9.99281E-05
9.99201E-05 9.99201E-05 9.99201E-05 9.99201E-05 9.99201E-05 9.99201E-05 0.999101 9.99201E-05 9.99201E-05 9.99201E-05
0.0800538 0.0818385 0.0419219 0.0705554 0.0460817 0.043199 0.0310352 0.246154 0.00378831 0.355372
0.019925 0.0277789 9.9964E-05 9.9964E-05 0.0442263 0.00824861 0.877134 0.0222872 9.9964E-05 9.9964E-05
9.9946E-05 0.00230264 0.0379245 9.9946E-05 9.9946E-05 0.00198029 0.957193 9.9946E-05 9.9946E-05 9.9946E-05
9.9937E-05 0.00265897 9.9937E-05 9.9937E-05 9.9937E-05 9.9937E-05 0.97782 9.9937E-05 9.9937E-05 0.0188216
9.99201E-05 9.99201E-05 9.99201E-05 9.99201E-05 9.99201E-05 9.99201E-05 9.99201E-05 9.99201E-05 9.99201E-05 0.999101
9.99201E-05 9.99201E-05 9.99201E-05 9.99201E-05 9.99201E-05 9.99201E-05 9.99201E-05 9.99201E-05 9.99201E-05 0.999101
9.99201E-05 9.99201E-05 9.99201E-05 9.99201E-05 9.99201E-05 9.99201E-05 9.99201E-05 9.99201E-05 9.99201E-05 0.999101
9.99201E-05 9.99201E-05 9.99201E-05 9.99201E-05 9.99201E-05 9.99201E-05 9.99201E-05 9.99201E-05 9.99201E-05 0.999101
0.0164821 0.0355078 0.148323 9.9964E-05 9.9964E-05 0.0267156 9.9964E-05 0.100945 9.9964E-05 0.671626
0.0197708 0.0786035 0.0179526 0.10936 9.9964E-05 9.9964E-05 9.9964E-05 0.0824684 9.9964E-05 0.691445
9.9982E-05 0.0280215 0.0825873 0.0586776 0.0364992 9.9982E-05 0.0543643 0.026862 0.0193314 0.693457
0.00641546 0.0690977 0.100046 9.9973E-05 0.0032358 9.9973E-05 0.00604798 0.0932839 9.9973E-05 0.721573
9.9955E-05 0.026857 0.0243872 9.9955E-05 9.9955E-05 0.0493176 0.0623391 9.9955E-05 9.9955E-05 0.836599
9.9946E-05 0.00329508 9.9946E-05 9.9946E-05 9.9946E-05 0.00536486 0.0536544 9.9946E-05 9.9946E-05 0.937086
0.094943 0.0865528 0.161477 0.0564263 9.998E-05 0.0419126 0.00783576 0.0462695 9.998E-05 0.504383
9.9946E-05 0.0687823 9.9946E-05 9.9946E-05 9.9946E-05 0.0224354 0.0483352 9.9946E-05 9.9946E-05 0.859847
0.0608564 0.0477488 0.183955 9.9982E-05 0.0643786 0.0691422 9.9982E-05 0.076768 0.004778 0.492173
0.0445536 0.0125456 0.135727 0.00391738 0.0579103 0.0345079 0.0495778 0.117056 9.9991E-05 0.544105
0.00838992 9.9946E-05 0.043851 9.9946E-05 9.9946E-05 0.0233202 9.9946E-05 0.923839 9.9946E-05 9.9946E-05
0.0606687 0.0194753 9.9955E-05 9.9955E-05 9.9955E-05 9.9955E-05 0.0223141 0.879203 0.0178393 9.9955E-05
9.9928E-05 9.9928E-05 0.0163655 9.9928E-05 9.9928E-05 9.9928E-05 9.9928E-05 0.982835 9.9928E-05 9.9928E-05
9.99201E-05 9.99201E-05 9.99201E-05 9.99201E-05 9.99201E-05 9.99201E-05 9.99201E-05 0.999101 9.99201E-05 9.99201E-05
0.00789112 9.9928E-05 9.9928E-05 9.9928E-05 9.9928E-05 9.9928E-05 9.9928E-05 0.991309 9.9928E-05 9.9928E-05
9.99201E-05 9.99201E-05 9.99201E-05 9.99201E-05 9.99201E-05 9.99201E-05 9.99201E-05 0.999101 9.99201E-05 9.99201E-05
9.99371E-05 9.99371E-05 9.99371E-05 0.00592754 9.99371E-05 9.99371E-05 0.0341776 0.959195 9.99371E-05 9.99371E-05
9.9964E-05 0.103189 0.0415098 0.00130489 0.0532377 9.9964E-05 9.9964E-05 0.763369 0.0369903 9.9964E-05
9.99281E-05 9.99281E-05 9.99281E-05 9.99281E-05 9.99281E-05 0.00528448 9.99281E-05 0.993916 9.99281E-05 9.99281E-05
9.99201E-05 9.99201E-05 9.99201E-05 9.99201E-05 9.99201E-05 9.99201E-05 9.99201E-05 0.999101 9.99201E-05 9.99201E-05
9.99461E-05 0.0421074 9.99461E-05 9.99461E-05 9.99461E-05 9.99461E-05 0.0625221 0.862636 0.0321348 9.99461E-05
9.99281E-05 9.99281E-05 9.99281E-05 9.99281E-05 9.99281E-05 9.99281E-05 9.99281E-05 0.980173 9.99281E-05 0.0190276
0.00408667 0.0455281 0.1015 9.9973E-05 0.0339592 0.0998744 9.9973E-05 0.682716 0.0320361 9.9973E-05
9.99201E-05 9.99201E-05 9.99201E-05 9.99201E-05 9.99201E-05 0.999101 9.99201E-05 9.99201E-05 9.99201E-05 9.99201E-05
9.9973E-05 0.0262377 0.181235 9.9973E-05 0.117231 0.0818903 0.0967888 0.0664437 9.9973E-05 0.429874
9.99201E-05 9.99201E-05 9.99201E-05 9.99201E-05 9.99201E-05 0.999101 9.99201E-05 9.99201E-05 9.99201E-05 9.99201E-05
9.99201E-05 9.99201E-05 9.99201E-05 9.99201E-05 9.99201E-05 0.999101 9.99201E-05 9.99201E-05 9.99201E-05 9.99201E-05
9.99371E-05 0.0744552 9.99371E-05 9.99371E-05 9.99371E-05 0.918019 0.0068262 9.99371E-05 9.99371E-05 9.99371E-05
9.9973E-05 9.9973E-05 0.0247443 0.103651 0.08886 0.730442 0.00100323 0.00951644 9.9973E-05 0.041483
9.99201E-05 9.99201E-05 9.99201E-05 9.99201E-05 9.99201E-05 0.999101 9.99201E-05 9.99201E-05 9.99201E-05 9.99201E-05
9.9964E-05 0.0184197 0.0352323 9.9964E-05 0.0232796 0.891355 9.9964E-05 0.0284566 9.9964E-05 0.00285729
9.99371E-05 0.00812938 9.99371E-05 9.99371E-05 9.99371E-05 0.983774 0.00739693 9.99371E-05 9.99371E-05 9.99371E-05
0.00260035 9.99551E-05 9.99551E-05 9.99551E-05 0.0106973 0.965911 9.99551E-05 0.00793976 0.0123522 9.99551E-05
9.9937E-05 9.9937E-05 9.9937E-05 0.00194918 9.9937E-05 0.99554 9.9937E-05 9.9937E-05 0.00181166 9.9937E-05
9.99281E-05 9.99281E-05 9.99281E-05 9.99281E-05 9.99281E-05 0.944832 9.99281E-05 9.99281E-05 9.99281E-05 0.0543685
9.9946E-05 9.9946E-05 9.9946E-05 0.0489233 9.9946E-05 0.935172 0.00830573 0.00699949 9.9946E-05 9.9946E-05
0.052459 9.9973E-05 0.00588749 9.9973E-05 0.0167121 0.808276 0.023222 0.0676427 9.9973E-05 0.0255012
9.9955E-05 0.0573871 9.9955E-05 0.00188376 9.9955E-05 0.898123 9.9955E-05 9.9955E-05 0.00486444 0.0372424
9.9964E-05 0.0372342 0.0423053 9.9964E-05 0.00204557 0.896258 0.0191828 0.00257382 9.9964E-05 9.9964E-05
0.062431 0.0014882 9.9973E-05 9.9973E-05 0.0427822 0.861857 9.9973E-05 0.0182836 0.010286 0.00257242
0.0513978 0.0210153 0.0340507 9.9973E-05 0.0369206 0.82641 0.0145844 9.9973E-05 0.0153215 9.9973E-05
0.040131 9.9946E-05 9.9946E-05 9.9946E-05 0.005073 0.9387 9.9946E-05 0.0154961 9.9946E-05 9.9946E-05
0.309902 0.112474 0.132749 9.9991E-05 0.1717 0.0321951 0.0764368 0.0227404 0.0529149 0.0887873
0.258653 0.143772 0.147241 9.9991E-05 0.202011 0.016703 0.0592367 0.06812 0.0499543 0.0542096
0.306625 0.132456 0.113109 9.9991E-05 0.205357 0.0456824 0.120044 0.0254439 0.0355669 0.0156164
0.241185 0.155463 0.178638 9.9991E-05 0.212917 0.0675409 0.0564813 0.00343407 0.0566333 0.0276083
9.9964E-05 0.90482 0.0134076 0.0315428 9.9964E-05 0.024915 9.9964E-05 0.00846962 9.9964E-05 0.0164447
9.99201E-05 0.999101 9.99201E-05 9.99201E-05 9.99201E-05 9.99201E-05 9.99201E-05 9.99201E-05 9.99201E-05 9.99201E-05
9.9928E-05 0.991566 9.9928E-05 9.9928E-05 9.9928E-05 0.00763502 9.9928E-05 9.9928E-05 9.9928E-05 9.9928E-05
9.99201E-05 0.999101 9.99201E-05 9.99201E-05 9.99201E-05 9.99201E-05 9.99201E-05 9.99201E-05 9.99201E-05 9.99201E-05
0.0335158 0.904666 0.0186615 9.9955E-05 9.9955E-05 0.00238671 0.0402699 9.9955E-05 9.9955E-05 9.9955E-05
9.9946E-05 0.942376 0.0299038 9.9946E-05 0.00529228 9.9946E-05 9.9946E-05 9.9946E-05 9.9946E-05 0.0218285
0.00790878 0.950746 0.016276 9.9964E-05 9.9964E-05 9.9964E-05 0.00610166 9.9964E-05 0.0113738 0.00719337
0.0334498 0.720261 9.9973E-05 0.0367029 9.9973E-05 0.0355634 9.9973E-05 0.0708676 0.0319888 0.0708665
0.0146149 0.843381 9.9964E-05 0.0916858 9.9964E-05 0.0296893 9.9964E-05 0.00419154 0.0160374 9.9964E-05
0.999101 9.99201E-05 9.99201E-05 9.99201E-05 9.99201E-05 9.99201E-05 9.99201E-05 9.99201E-05 9.99201E-05 9.99201E-05
0.971524 0.00815068 9.9946E-05 0.0122252 9.9946E-05 9.9946E-05 9.9946E-05 9.9946E-05 0.00750034 9.9946E-05
0.99775 9.99281E-05 9.99281E-05 9.99281E-05 9.99281E-05 0.0014504 9.99281E-05 9.99281E-05 9.99281E-05 9.99281E-05
0.999101 9.99201E-05 9.99201E-05 9.99201E-05 9.99201E-05 9.99201E-05 9.99201E-05 9.99201E-05 9.99201E-05 9.99201E-05
0.999101 9.99201E-05 9.99201E-05 9.99201E-05 9.99201E-05 9.99201E-05 9.99201E-05 9.99201E-05 9.99201E-05 9.99201E-05
0.844812 0.0324953 0.0175994 9.9955E-05 0.0791199 9.9955E-05 9.9955E-05 9.9955E-05 9.9955E-05 0.0254741
0.999101 9.99201E-05 9.99201E-05 9.99201E-05 9.99201E-05 9.99201E-05 9.99201E-05 9.99201E-05 9.99201E-05 9.99201E-05
0.983753 0.0066698 9.9937E-05 9.9937E-05 9.9937E-05 9.9937E-05 9.9937E-05 9.9937E-05 9.9937E-05 0.00887804
0.951206 0.00106423 9.9946E-05 0.0118527 9.9946E-05 0.0352771 9.9946E-05 9.9946E-05 9.9946E-05 9.9946E-05
0.970803 9.99281E-05 9.99281E-05 9.99281E-05 9.99281E-05 9.99281E-05 9.99281E-05 0.0283977 9.99281E-05 9.99281E-05
0.999101 9.99201E-05 9.99201E-05 9.99201E-05 9.99201E-05 9.99201E-05 9.99201E-05 9.99201E-05 9.99201E-05 9.99201E-05
0.998488 9.99281E-05 9.99281E-05 9.99281E-05 9.99281E-05 9.99281E-05 9.99281E-05 9.99281E-05 0.000712622 9.99281E-05
