9.99201E-05 9.99201E-05 9.99201E-05 9.99201E-05 9.99201E-05 9.99201E-05 9.99201E-05 0.999101 9.99201E-05 9.99201E-05
0.0585925 9.9964E-05 9.9964E-05 0.66698 9.9964E-05 0.0109967 0.0745204 0.122166 0.0663446 9.9964E-05
0.0602491 9.9955E-05 9.9955E-05 0.704441 9.9955E-05 9.9955E-05 0.0597008 0.0976203 0.0774886 9.9955E-05
9.99201E-05 9.99201E-05 9.99201E-05 0.999101 9.99201E-05 9.99201E-05 9.99201E-05 9.99201E-05 9.99201E-05 9.99201E-05
9.9982E-05 0.00124387 0.0726082 0.610718 0.0420061 0.0771141 0.185595 9.9982E-05 0.00182987 0.00868494
9.9964E-05 0.0517494 0.132504 0.488741 9.9964E-05 9.9964E-05 0.218551 0.0697936 0.038261 9.9964E-05
9.9946E-05 9.9946E-05 0.0108105 0.477073 9.9946E-05 9.9946E-05 0.314426 0.197091 9.9946E-05 9.9946E-05
0.0335613 0.0261655 0.0474224 0.45037 9.9973E-05 9.9973E-05 0.185362 0.192517 0.0643018 9.9973E-05
0.0290533 9.9973E-05 0.060546 0.456744 0.033975 9.9973E-05 0.278444 0.0925665 0.0483715 9.9973E-05
9.99201E-05 9.99201E-05 9.99201E-05 9.99201E-05 9.99201E-05 9.99201E-05 9.99201E-05 0.999101 9.99201E-05 9.99201E-05
9.99201E-05 9.99201E-05 9.99201E-05 9.99201E-05 9.99201E-05 9.99201E-05 9.99201E-05 0.999101 9.99201E-05 9.99201E-05
9.99371E-05 9.99371E-05 9.99371E-05 0.000350367 0.000916411 9.99371E-05 9.99371E-05 0.998034 9.99371E-05 9.99371E-05
0.0339584 9.9937E-05 9.9937E-05 9.9937E-05 9.9937E-05 9.9937E-05 9.9937E-05 0.965153 9.9937E-05 0.000189155
9.9946E-05 9.9946E-05 9.9946E-05 9.9946E-05 0.0051663 0.0292248 0.0793273 0.885682 9.9946E-05 9.9946E-05
9.9964E-05 9.9964E-05 0.0150746 0.0256142 9.9964E-05 0.0030772 9.9964E-05 0.940122 0.00693864 0.00877399
9.9973E-05 0.0503243 0.248119 0.567765 0.0195142 9.9973E-05 0.0496178 0.0616961 0.00266369 9.9973E-05
0.0311537 9.9991E-05 0.117903 0.340313 0.0875158 0.0539796 0.132444 0.17061 0.0347882 0.0311935
9.99201E-05 9.99201E-05 9.99201E-05 0.999101 9.99201E-05 9.99201E-05 9.99201E-05 9.99201E-05 9.99201E-05 9.99201E-05
9.99461E-05 9.99461E-05 9.99461E-05 0.0589639 0.0235195 0.0527406 0.864176 9.99461E-05 9.99461E-05 9.99461E-05
0.00743904 0.000298308 9.9964E-05 9.9964E-05 9.9964E-05 0.0598632 0.923791 9.9964E-05 0.00787524 0.00033381
9.9955E-05 0.0216493 9.9955E-05 0.162794 0.0370014 9.9955E-05 0.744056 0.0339993 9.9955E-05 9.9955E-05
9.9973E-05 9.9973E-05 0.0174063 0.065568 0.00281652 0.0793153 0.707251 9.9973E-05 0.0871403 0.0402031
0.00399505 9.9964E-05 9.9964E-05 0.0273843 0.00653014 0.095659 0.86042 9.9964E-05 0.0056121 9.9964E-05
9.9955E-05 9.9955E-05 9.9955E-05 9.9955E-05 9.9955E-05 0.0309827 0.923206 0.0194873 0.0136867 0.0121371
9.9937E-05 9.9937E-05 9.9937E-05 9.9937E-05 9.9937E-05 9.9937E-05 0.971069 0.00431723 9.9937E-05 0.023914
9.9982E-05 0.0984846 0.129314 9.9982E-05 0.0245604 0.00307578 0.667494 0.00874066 0.00413438 0.0639963
9.9964E-05 0.0188696 9.9964E-05 9.9964E-05 0.0998082 0.0229411 0.777425 0.00297827 0.0775778 9.9964E-05
9.99371E-05 9.99371E-05 9.99371E-05 0.0730586 9.99371E-05 9.99371E-05 0.884514 9.99371E-05 0.0417283 9.99371E-05
0.00376606 0.104832 0.000449466 0.0361433 0.00999754 9.9991E-05 0.731791 0.0792025 0.00446472 0.0292529
9.9955E-05 9.9955E-05 9.9955E-05 0.043347 0.00604769 9.9955E-05 0.907561 0.0320036 0.0105409 9.9955E-05
9.99371E-05 9.99371E-05 9.99371E-05 9.99371E-05 9.99371E-05 0.0403137 0.906078 0.0529083 9.99371E-05 9.99371E-05
9.99461E-05 9.99461E-05 9.99461E-05 9.99461E-05 0.0669072 9.99461E-05 0.837028 9.99461E-05 0.0215868 0.0738782
9.9955E-05 0.179926 9.9955E-05 9.9955E-05 9.9955E-05 0.0226808 0.722595 0.0213812 0.0529168 9.9955E-05
9.9964E-05 0.186135 9.9964E-05 9.9964E-05 0.0192121 9.9964E-05 0.604308 0.0472381 0.0500023 0.0927048
9.9946E-05 9.9946E-05 9.9946E-05 0.0554554 9.9946E-05 0.155669 0.756691 9.9946E-05 0.0315847 9.9946E-05
0.013107 0.0122424 0.000919925 0.0423564 9.9973E-05 9.9973E-05 0.886676 0.0425382 9.9973E-05 0.00186049
9.9946E-05 0.126252 0.3238 9.9946E-05 9.9946E-05 0.0333704 0.515978 9.9946E-05 9.9946E-05 9.9946E-05
9.9973E-05 0.272411 0.0372773 0.0531351 0.0411528 0.0551271 0.521222 9.9973E-05 0.019375 9.9973E-05
0.0115403 0.210311 9.9973E-05 0.0516999 0.0952211 9.9973E-05 0.547213 0.0043486 0.0793657 9.9973E-05
9.9955E-05 0.242532 0.026251 9.9955E-05 0.0320715 9.9955E-05 0.689868 0.00877811 9.9955E-05 9.9955E-05
0.0521948 0.0969498 0.487121 0.207537 0.0178514 9.9973E-05 9.9973E-05 9.9973E-05 0.0263258 0.11172
0.0133879 0.165598 0.474856 0.222687 0.0370775 0.0185812 0.00500081 9.9982E-05 9.9982E-05 0.0626127
0.0536116 9.9982E-05 0.459925 0.247446 9.9982E-05 0.0134161 0.0292386 0.00228767 0.0585554 0.135319
0.0100662 0.115847 0.503192 0.22483 0.0211017 9.9973E-05 9.9973E-05 9.9973E-05 0.0309963 0.0936675
9.9973E-05 0.209037 0.400504 0.037982 0.0271678 9.9973E-05 0.215731 9.9973E-05 0.0664833 0.042795
9.99201E-05 9.99201E-05 0.999101 9.99201E-05 9.99201E-05 9.99201E-05 9.99201E-05 9.99201E-05 9.99201E-05 9.99201E-05
9.99201E-05 9.99201E-05 0.999101 9.99201E-05 9.99201E-05 9.99201E-05 9.99201E-05 9.99201E-05 9.99201E-05 9.99201E-05
9.9973E-05 9.9973E-05 0.427385 0.0112451 0.0160234 0.0374996 0.42231 9.9973E-05 0.0414706 0.0437666
9.999E-05 0.111119 0.400504 0.0822007 0.0520485 0.0188783 0.108726 0.065402 0.0561462 0.104876
0.0394939 0.0110394 0.300932 0.132181 0.0155761 9.9991E-05 0.318481 0.0667342 0.020741 0.0947204
9.9973E-05 0.230186 0.397431 0.049987 0.0297866 9.9973E-05 0.222626 0.0453707 0.0243126 9.9973E-05
9.9982E-05 0.071593 0.618216 0.0286311 0.0213101 0.0351775 0.173372 9.9982E-05 0.0434948 0.00800492
9.9964E-05 0.0122149 0.895072 9.9964E-05 0.0283923 9.9964E-05 0.027419 0.0231945 0.0133078 9.9964E-05
9.9973E-05 0.303969 0.292075 9.9973E-05 0.030467 0.064803 0.217487 0.0356377 9.9973E-05 0.0552616
9.9973E-05 0.336531 0.28373 9.9973E-05 0.00588861 0.029173 0.241361 0.0552323 9.9973E-05 0.0477835
0.0209031 0.0780686 0.528261 0.202228 9.9982E-05 0.00903966 0.0259466 9.9982E-05 0.0669888 0.0683635
9.9982E-05 0.223063 0.321485 0.0441946 0.0592187 9.9982E-05 0.137785 0.0957882 0.0955641 0.0227015
0.019471 0.110544 0.499205 0.0637855 0.113661 0.0151286 0.164515 9.9982E-05 9.9982E-05 0.01349
9.9928E-05 9.9928E-05 0.968636 9.9928E-05 0.0305646 9.9928E-05 9.9928E-05 9.9928E-05 9.9928E-05 9.9928E-05
0.0174419 0.198464 0.394686 0.050915 0.0606239 9.9982E-05 0.212922 0.0596291 9.9982E-05 0.00511934
0.0367201 9.9964E-05 0.569998 9.9964E-05 0.104389 9.9964E-05 0.204239 0.00366089 9.9964E-05 0.0805937
0.0520899 0.0617812 0.629489 0.0827893 9.9982E-05 0.0296493 0.0322533 0.00657533 9.9982E-05 0.105173
0.0560147 0.225086 0.42638 9.9991E-05 0.0452933 0.0288124 0.0870046 0.00817118 0.080812 0.0423255
0.0125534 9.9955E-05 0.935137 9.9955E-05 9.9955E-05 0.0367084 9.9955E-05 9.9955E-05 0.00822145 0.00687976
9.9973E-05 0.0992085 0.658283 0.0719258 0.0318658 9.9973E-05 0.107365 0.00703026 9.9973E-05 0.0240217
9.9937E-05 9.9937E-05 0.910527 9.9937E-05 9.9937E-05 0.0695784 9.9937E-05 9.9937E-05 0.0191948 9.9937E-05
0.0299813 0.334195 0.622981 9.9955E-05 0.00842022 0.00392207 9.9955E-05 9.9955E-05 9.9955E-05 9.9955E-05
0.0130285 9.9964E-05 0.861518 9.9964E-05 0.0263553 0.0569438 9.9964E-05 9.9964E-05 0.0220553 0.0196993
0.00583825 0.119509 0.409062 0.129144 0.0673894 9.9973E-05 0.232208 9.9973E-05 9.9973E-05 0.0365494
0.0139644 9.9955E-05 0.924379 9.9955E-05 9.9955E-05 0.0390458 9.9955E-05 9.9955E-05 0.00544437 0.0166667
0.0497683 0.0673246 0.591707 0.0767279 9.9982E-05 9.9982E-05 0.0709336 0.0411534 0.0656238 0.0365615
0.0306724 0.276432 0.484104 9.9982E-05 0.0488795 0.0142794 0.0381298 9.9982E-05 0.0414598 0.0658433
9.9955E-05 0.0646467 0.832943 9.9955E-05 0.0287942 9.9955E-05 0.00106764 0.0720485 9.9955E-05 9.9955E-05
9.9946E-05 0.151924 0.758575 9.9946E-05 0.0538716 9.9946E-05 9.9946E-05 0.0350301 9.9946E-05 9.9946E-05
9.9955E-05 0.219396 0.592531 9.9955E-05 9.9955E-05 9.9955E-05 0.0598686 0.0369344 9.9955E-05 0.0907701
9.9964E-05 0.23671 0.635484 9.9964E-05 0.0619868 0.015967 0.0368408 0.0126119 9.9964E-05 9.9964E-05
0.0602866 0.150742 0.666243 0.0278001 9.9964E-05 0.0301947 9.9964E-05 9.9964E-05 0.0643334 9.9964E-05
0.0932633 0.16198 0.45909 0.0844643 9.9973E-05 0.101059 9.9973E-05 9.9973E-05 0.00651137 0.0933325
9.99281E-05 0.972406 9.99281E-05 0.0267947 9.99281E-05 9.99281E-05 9.99281E-05 9.99281E-05 9.99281E-05 9.99281E-05
9.99201E-05 0.999101 9.99201E-05 9.99201E-05 9.99201E-05 9.99201E-05 9.99201E-05 9.99201E-05 9.99201E-05 9.99201E-05
9.993E-05 0.969318 9.993E-05 9.993E-05 9.993E-05 9.993E-05 9.993E-05 0.029883 9.993E-05 9.993E-05
0.0217798 0.977421 9.99281E-05 9.99281E-05 9.99281E-05 9.99281E-05 9.99281E-05 9.99281E-05 9.99281E-05 9.99281E-05
9.99281E-05 0.98854 9.99281E-05 9.99281E-05 9.99281E-05 9.99281E-05 0.0106605 9.99281E-05 9.99281E-05 9.99281E-05
0.0313897 0.553791 0.0254093 0.0601326 0.0572877 9.9973E-05 0.170124 9.9973E-05 9.9973E-05 0.101565
0.140055 0.545218 0.0700859 0.147547 0.0188852 0.0287963 9.9982E-05 9.9982E-05 0.0143728 0.0348405
0.116788 0.574666 0.0692143 0.10291 0.0145476 9.9973E-05 9.9973E-05 9.9973E-05 0.0705788 0.0509945
0.0426544 0.475728 0.112048 0.100508 0.0304848 0.0103598 0.108574 0.0436985 0.0506449 0.0252986
0.0579568 0.564379 0.123392 0.0306668 9.9973E-05 9.9973E-05 0.135845 0.0115787 9.9973E-05 0.0758817
0.0792853 0.538539 0.162468 0.119458 0.0283741 0.056137 9.9973E-05 9.9973E-05 0.0154381 9.9973E-05
0.055357 0.336598 0.184126 9.9982E-05 0.121426 9.9982E-05 0.0811929 0.0131917 0.111514 0.0963936
0.109673 0.226051 0.201819 0.181959 9.9982E-05 0.199097 9.9982E-05 0.00134578 0.0479129 0.0319423
0.0569507 0.217221 0.244058 0.174884 9.9973E-05 0.190725 9.9973E-05 9.9973E-05 0.0357505 0.0801108
0.130896 0.345493 0.181896 0.0116803 0.078024 9.9991E-05 0.036724 0.0452572 0.0905492 0.0793801
0.974498 0.00976775 9.9937E-05 9.9937E-05 9.9937E-05 9.9937E-05 9.9937E-05 9.9937E-05 9.9937E-05 0.0150351
0.958969 0.021036 9.9955E-05 9.9955E-05 9.9955E-05 9.9955E-05 0.0136582 0.000829488 9.9955E-05 0.00500709
0.853729 0.0266033 0.0328285 9.9964E-05 9.9964E-05 0.0765759 0.00346825 0.00639508 9.9964E-05 9.9964E-05
0.999101 9.99201E-05 9.99201E-05 9.99201E-05 9.99201E-05 9.99201E-05 9.99201E-05 9.99201E-05 9.99201E-05 9.99201E-05
0.992554 9.99281E-05 9.99281E-05 9.99281E-05 9.99281E-05 9.99281E-05 9.99281E-05 9.99281E-05 0.00664694 9.99281E-05
0.999101 9.99201E-05 9.99201E-05 9.99201E-05 9.99201E-05 9.99201E-05 9.99201E-05 9.99201E-05 9.99201E-05 9.99201E-05
0.999101 9.99201E-05 9.99201E-05 9.99201E-05 9.99201E-05 9.99201E-05 9.99201E-05 9.99201E-05 9.99201E-05 9.99201E-05
0.850595 0.0627231 9.9955E-05 0.0145615 0.00546112 9.9955E-05 0.0661594 9.9955E-05 9.9955E-05 9.9955E-05
0.954687 9.99371E-05 9.99371E-05 9.99371E-05 0.00740493 9.99371E-05 9.99371E-05 9.99371E-05 0.0372087 9.99371E-05
0.999101 9.99201E-05 9.99201E-05 9.99201E-05 9.99201E-05 9.99201E-05 9.99201E-05 9.99201E-05 9.99201E-05 9.99201E-05
0.0241806 0.390119 0.0431387 9.9991E-05 0.10175 0.0439475 0.117693 0.00087061 0.0525228 0.225678
0.874189 9.9946E-05 0.0840184 9.9946E-05 9.9946E-05 0.0401876 9.9946E-05 9.9946E-05 0.00100534 9.9946E-05
0.996035 9.99281E-05 9.99281E-05 9.99281E-05 0.00316587 9.99281E-05 9.99281E-05 9.99281E-05 9.99281E-05 9.99281E-05
0.942895 9.9964E-05 0.015311 9.9964E-05 0.00956026 0.01125 9.9964E-05 0.0133812 9.9964E-05 0.00720289
9.99281E-05 0.996047 9.99281E-05 9.99281E-05 9.99281E-05 9.99281E-05 9.99281E-05 9.99281E-05 9.99281E-05 0.00315353
9.99201E-05 0.999101 9.99201E-05 9.99201E-05 9.99201E-05 9.99201E-05 9.99201E-05 9.99201E-05 9.99201E-05 9.99201E-05
9.99281E-05 0.99391 9.99281E-05 9.99281E-05 9.99281E-05 9.99281E-05 9.99281E-05 0.00529027 9.99281E-05 9.99281E-05
9.99201E-05 0.999101 9.99201E-05 9.99201E-05 9.99201E-05 9.99201E-05 9.99201E-05 9.99201E-05 9.99201E-05 9.99201E-05
0.0180897 0.77327 9.9964E-05 9.9964E-05 0.0208444 0.0330534 9.9964E-05 9.9964E-05 0.0522327 0.10211
9.9946E-05 0.684939 9.9946E-05 9.9946E-05 9.9946E-05 0.0936169 0.1336 9.9946E-05 9.9946E-05 0.0872441
0.0871616 0.735389 9.9973E-05 9.9973E-05 0.0186006 0.00887443 0.0987389 0.00427439 9.9973E-05 0.0466615
0.0187975 0.829301 9.9955E-05 9.9955E-05 9.9955E-05 0.0693609 0.000765441 9.9955E-05 9.9955E-05 0.0812754
0.0935879 0.877137 9.9946E-05 9.9946E-05 9.9946E-05 0.0221288 9.9946E-05 9.9946E-05 0.0065464 9.9946E-05
0.0544717 0.932677 9.9946E-05 9.9946E-05 9.9946E-05 0.00688442 9.9946E-05 0.00536744 9.9946E-05 9.9946E-05
0.00941349 0.760991 9.9973E-05 9.9973E-05 0.0564105 0.0213918 0.0997715 9.9973E-05 0.0240953 0.0276268
0.0684633 0.832456 9.9955E-05 9.9955E-05 9.9955E-05 0.0721137 0.00627269 9.9955E-05 0.0201945 9.9955E-05
9.9973E-05 0.754799 0.0338886 9.9973E-05 0.0490763 0.0322011 9.9973E-05 0.00703034 0.05546 0.0672445
0.0488349 0.66636 9.9973E-05 0.0447344 0.0621072 0.0287506 9.9973E-05 9.9973E-05 0.0450295 0.103883
9.9964E-05 0.0183155 9.9964E-05 0.0173353 9.9964E-05 0.0170361 0.0359605 9.9964E-05 0.0123453 0.898607
0.0365918 9.9973E-05 9.9973E-05 0.00636817 0.042146 0.0206472 0.0192349 0.00808654 9.9973E-05 0.866625
9.99201E-05 9.99201E-05 9.99201E-05 9.99201E-05 9.99201E-05 9.99201E-05 9.99201E-05 9.99201E-05 9.99201E-05 0.999101
9.99281E-05 9.99281E-05 9.99281E-05 9.99281E-05 0.0147248 9.99281E-05 9.99281E-05 9.99281E-05 9.99281E-05 0.984476
9.99201E-05 9.99201E-05 9.99201E-05 9.99201E-05 9.99201E-05 9.99201E-05 9.99201E-05 9.99201E-05 9.99201E-05 0.999101
9.9928E-05 0.0113283 9.9928E-05 9.9928E-05 9.9928E-05 9.9928E-05 9.9928E-05 9.9928E-05 9.9928E-05 0.987872
9.9955E-05 9.9955E-05 9.9955E-05 9.9955E-05 0.011398 0.0168803 0.00745187 9.9955E-05 0.0175977 0.946172
9.99461E-05 9.99461E-05 0.0637291 9.99461E-05 9.99461E-05 0.141511 9.99461E-05 0.0477051 9.99461E-05 0.746455
9.99201E-05 9.99201E-05 9.99201E-05 9.99201E-05 9.99201E-05 9.99201E-05 9.99201E-05 9.99201E-05 9.99201E-05 0.999101
9.99201E-05 9.99201E-05 9.99201E-05 9.99201E-05 9.99201E-05 9.99201E-05 9.99201E-05 9.99201E-05 9.99201E-05 0.999101
0.0286807 9.99461E-05 9.99461E-05 0.0407808 9.99461E-05 0.0658899 9.99461E-05 9.99461E-05 9.99461E-05 0.864049
0.0083015 9.99281E-05 9.99281E-05 9.99281E-05 9.99281E-05 9.99281E-05 9.99281E-05 9.99281E-05 9.99281E-05 0.990899
0.0146498 0.0462859 0.125277 0.00970002 9.9982E-05 0.0131984 9.9982E-05 0.00161587 0.0345377 0.754535
9.99201E-05 9.99201E-05 9.99201E-05 9.99201E-05 9.99201E-05 9.99201E-05 9.99201E-05 9.99201E-05 0.999101 9.99201E-05
0.113608 0.603562 0.0793304 0.0481118 0.00931426 0.017061 9.9982E-05 9.9982E-05 0.068845 0.0599675
9.99201E-05 9.99201E-05 9.99201E-05 9.99201E-05 9.99201E-05 9.99201E-05 9.99201E-05 9.99201E-05 0.999101 9.99201E-05
9.99201E-05 9.99201E-05 9.99201E-05 9.99201E-05 9.99201E-05 9.99201E-05 9.99201E-05 9.99201E-05 0.999101 9.99201E-05
9.99281E-05 9.99281E-05 9.99281E-05 9.99281E-05 9.99281E-05 0.0625504 9.99281E-05 9.99281E-05 0.93665 9.99281E-05
9.9973E-05 0.100436 9.9973E-05 9.9973E-05 0.0209124 0.00393616 0.049575 0.0394093 0.740157 0.0452747
9.99201E-05 9.99201E-05 9.99201E-05 9.99201E-05 9.99201E-05 9.99201E-05 9.99201E-05 9.99201E-05 0.999101 9.99201E-05
9.9973E-05 0.0529789 0.00715185 9.9973E-05 9.9973E-05 0.0112849 0.0090876 0.0035654 0.848691 0.0669401
0.00217624 9.9946E-05 9.9946E-05 9.9946E-05 0.00675696 0.00164555 9.9946E-05 9.9946E-05 0.988822 9.9946E-05
9.99281E-05 9.99281E-05 0.0275515 9.99281E-05 9.99281E-05 9.99281E-05 9.99281E-05 9.99281E-05 0.971649 9.99281E-05
9.9928E-05 9.9928E-05 9.9928E-05 9.9928E-05 9.9928E-05 9.9928E-05 0.0170478 9.9928E-05 0.982153 9.9928E-05
9.99371E-05 9.99371E-05 0.0137376 9.99371E-05 9.99371E-05 0.0122767 9.99371E-05 9.99371E-05 0.973286 9.99371E-05
9.9946E-05 9.9946E-05 9.9946E-05 0.017587 0.00516408 9.9946E-05 9.9946E-05 9.9946E-05 0.943297 0.033352
0.0459844 9.9964E-05 0.00726882 0.0446249 0.0592869 9.9964E-05 9.9964E-05 9.9964E-05 0.789822 0.0526131
9.9946E-05 0.0288066 9.9946E-05 9.9946E-05 9.9946E-05 0.013019 9.9946E-05 0.0170701 0.940505 9.9946E-05
9.9964E-05 0.0254018 0.00967861 9.9964E-05 9.9964E-05 0.0370973 9.9964E-05 0.000835309 0.918124 0.00846349
9.9964E-05 9.9964E-05 0.0484598 0.0027783 0.0424257 0.0112749 9.9964E-05 0.00777573 0.886886 9.9964E-05
9.9964E-05 9.9964E-05 0.0287682 0.0239087 0.0216867 0.00718912 9.9964E-05 0.0121287 0.905919 9.9964E-05
0.0230253 9.9964E-05 0.0289214 9.9964E-05 0.00280738 9.9964E-05 9.9964E-05 0.00777507 0.922955 0.0141162
9.9973E-05 0.351047 0.189061 9.9973E-05 0.238092 0.123572 9.9973E-05 0.0443047 0.0230253 0.0305985
0.00103716 0.328043 0.251457 9.9982E-05 0.242426 0.103098 9.9982E-05 0.0255725 0.0369121 0.0112556
0.0649352 0.20452 0.264324 9.9973E-05 0.276688 0.12542 9.9973E-05 0.0420069 0.0218064 9.9973E-05
0.0124837 0.285065 0.256149 9.9982E-05 0.235961 0.113682 9.9982E-05 0.0504273 0.0218412 0.0241916
0.0163206 0.0204215 9.9955E-05 9.9955E-05 9.9955E-05 0.932472 0.013159 9.9955E-05 0.0171273 9.9955E-05
9.99201E-05 9.99201E-05 9.99201E-05 9.99201E-05 9.99201E-05 0.999101 9.99201E-05 9.99201E-05 9.99201E-05 9.99201E-05
0.00122305 9.9955E-05 0.00205272 9.9955E-05 9.9955E-05 0.970377 9.9955E-05 9.9955E-05 0.0171331 0.0087144
9.99201E-05 9.99201E-05 9.99201E-05 9.99201E-05 9.99201E-05 0.999101 9.99201E-05 9.99201E-05 9.99201E-05 9.99201E-05
0.00605572 9.9937E-05 9.9937E-05 9.9937E-05 0.0240334 0.969211 9.9937E-05 9.9937E-05 9.9937E-05 9.9937E-05
0.0195279 0.000682151 9.9973E-05 9.9973E-05 0.00927286 0.928827 9.9973E-05 0.00782126 0.00103334 0.0325355
9.9964E-05 0.0402652 0.00635103 0.00204142 0.0411307 0.901809 9.9964E-05 9.9964E-05 0.00800262 9.9964E-05
9.9982E-05 0.0768054 9.9982E-05 0.071405 0.0288639 0.67058 0.00724619 0.026948 0.0508461 0.0671049
0.00769595 0.0150226 0.0602545 9.9991E-05 0.036896 0.802786 0.040975 0.00614902 0.00497829 0.0251427
9.9937E-05 0.00120624 9.9937E-05 9.9937E-05 0.997627 9.9937E-05 9.9937E-05 9.9937E-05 9.9937E-05 0.000467597
9.99201E-05 9.99201E-05 9.99201E-05 9.99201E-05 0.999101 9.99201E-05 9.99201E-05 9.99201E-05 9.99201E-05 9.99201E-05
9.99201E-05 9.99201E-05 9.99201E-05 9.99201E-05 0.999101 9.99201E-05 9.99201E-05 9.99201E-05 9.99201E-05 9.99201E-05
9.99201E-05 9.99201E-05 9.99201E-05 9.99201E-05 0.999101 9.99201E-05 9.99201E-05 9.99201E-05 9.99201E-05 9.99201E-05
9.99201E-05 9.99201E-05 9.99201E-05 9.99201E-05 0.999101 9.99201E-05 9.99201E-05 9.99201E-05 9.99201E-05 9.99201E-05
0.0200402 0.0602627 9.9964E-05 9.9964E-05 0.805699 0.000805575 0.0891592 0.0236337 9.9964E-05 9.9964E-05
0.000953947 9.99281E-05 9.99281E-05 9.99281E-05 0.998247 9.99281E-05 9.99281E-05 9.99281E-05 9.99281E-05 9.99281E-05
9.99201E-05 9.99201E-05 9.99201E-05 9.99201E-05 0.999101 9.99201E-05 9.99201E-05 9.99201E-05 9.99201E-05 9.99201E-05
9.99281E-05 9.99281E-05 9.99281E-05 9.99281E-05 0.998021 9.99281E-05 9.99281E-05 0.00117996 9.99281E-05 9.99281E-05
9.9955E-05 9.9955E-05 0.00396289 0.00151686 0.957919 9.9955E-05 9.9955E-05 9.9955E-05 0.00565439 0.0304473
0.0326611 9.9946E-05 9.9946E-05 9.9946E-05 0.924832 0.018178 9.9946E-05 9.9946E-05 0.0237293 9.9946E-05
9.9946E-05 9.9946E-05 9.9946E-05 0.0195709 0.952725 0.0091119 9.9946E-05 9.9946E-05 9.9946E-05 0.0179925
