9.99201E-05 9.99201E-05 9.99201E-05 9.99201E-05 9.99201E-05 9.99201E-05 0.999101 9.99201E-05 9.99201E-05 9.99201E-05
9.9955E-05 9.9955E-05 9.9955E-05 9.9955E-05 0.0583386 0.0540615 0.121367 0.663894 9.9955E-05 0.101839
9.9955E-05 9.9955E-05 9.9955E-05 9.9955E-05 0.0467446 0.113403 0.0748395 0.662954 9.9955E-05 0.101559
9.99201E-05 9.99201E-05 9.99201E-05 9.99201E-05 9.99201E-05 9.99201E-05 9.99201E-05 0.999101 9.99201E-05 9.99201E-05
0.0191622 0.00661301 9.9964E-05 0.0575435 9.9964E-05 9.9964E-05 9.9964E-05 0.661785 0.00855488 0.245942
9.9973E-05 0.0862137 9.9973E-05 0.000813934 9.9973E-05 0.0533248 0.0492446 0.571019 0.0840102 0.155074
9.9937E-05 9.9937E-05 9.9937E-05 9.9937E-05 9.9937E-05 9.9937E-05 0.176047 0.427385 9.9937E-05 0.395868
9.9967E-05 9.9967E-05 9.9967E-05 0.0206436 9.9967E-05 0.0873842 0.186294 0.43415 0.066387 0.204741
0.0397388 9.9982E-05 0.00444843 9.9982E-05 0.0160732 0.0619578 0.134037 0.439525 0.0134695 0.29055
9.99201E-05 9.99201E-05 9.99201E-05 9.99201E-05 9.99201E-05 9.99201E-05 0.999101 9.99201E-05 9.99201E-05 9.99201E-05
9.99201E-05 9.99201E-05 9.99201E-05 9.99201E-05 9.99201E-05 9.99201E-05 0.999101 9.99201E-05 9.99201E-05 9.99201E-05
9.99201E-05 9.99201E-05 9.99201E-05 9.99201E-05 9.99201E-05 9.99201E-05 0.999101 9.99201E-05 9.99201E-05 9.99201E-05
9.9937E-05 9.9937E-05 0.00438717 9.9937E-05 0.0016135 9.9937E-05 0.9933 9.9937E-05 9.9937E-05 9.9937E-05
9.9946E-05 9.9946E-05 9.9946E-05 0.0465355 9.9946E-05 9.9946E-05 0.917785 9.9946E-05 0.0336484 0.0014315
9.9955E-05 9.9955E-05 9.9955E-05 0.0227472 0.00443444 0.0221738 0.91672 9.9955E-05 0.0334251 9.9955E-05
0.0565625 9.9973E-05 0.016254 9.9973E-05 9.9973E-05 0.0201268 0.110828 0.534378 0.179186 0.0823651
0.0349639 0.0889926 0.0454787 0.108403 0.0256443 0.0161122 0.154088 0.392604 0.109236 0.0244785
9.99201E-05 9.99201E-05 9.99201E-05 9.99201E-05 9.99201E-05 9.99201E-05 9.99201E-05 0.999101 9.99201E-05 9.99201E-05
0.0295883 9.9964E-05 9.9964E-05 0.0105883 0.0248901 9.9964E-05 9.9964E-05 0.0092621 0.0460611 0.87921
9.99371E-05 9.99371E-05 0.0111737 0.0355905 9.99371E-05 9.99371E-05 9.99371E-05 9.99371E-05 9.99371E-05 0.952536
9.9946E-05 0.0513636 9.9946E-05 9.9946E-05 9.9946E-05 9.9946E-05 0.0596139 0.0397545 9.9946E-05 0.848668
9.9964E-05 9.9964E-05 0.0252654 0.0938322 9.9964E-05 0.0512534 9.9964E-05 0.0513227 0.0775141 0.700412
0.00236042 9.9955E-05 9.9955E-05 0.082404 9.9955E-05 0.0287649 9.9955E-05 0.0341574 9.9955E-05 0.851813
9.9946E-05 9.9946E-05 0.0306059 9.9946E-05 9.9946E-05 0.0117502 0.0482475 9.9946E-05 9.9946E-05 0.908797
9.99371E-05 9.99371E-05 9.99371E-05 9.99371E-05 0.00203333 9.99371E-05 9.99371E-05 9.99371E-05 0.0824051 0.914862
0.0364732 0.0954998 0.0638321 9.9973E-05 9.9973E-05 0.0194505 0.0137223 9.9973E-05 0.0871994 0.683523
0.110142 9.9964E-05 0.00400823 0.0208383 9.9964E-05 0.0504338 9.9964E-05 9.9964E-05 0.0225195 0.791658
9.9946E-05 9.9946E-05 9.9946E-05 9.9946E-05 9.9946E-05 0.0304735 9.9946E-05 0.0469243 0.0445052 0.877497
0.0264691 0.0947935 0.0135424 0.00272449 9.9991E-05 0.0257817 0.0614584 0.0312796 0.0444612 0.69939
9.9946E-05 0.00693903 9.9946E-05 9.9946E-05 9.9946E-05 9.9946E-05 0.0311 0.0963577 9.9946E-05 0.865004
9.99371E-05 9.99371E-05 9.99371E-05 0.0393883 9.99371E-05 9.99371E-05 0.0438686 9.99371E-05 9.99371E-05 0.916044
0.0191084 9.9964E-05 0.0279445 9.9964E-05 0.0471382 9.9964E-05 0.0121568 9.9964E-05 0.064697 0.828555
9.9955E-05 0.1232 0.0182598 9.9955E-05 0.00275039 0.0491432 9.9955E-05 9.9955E-05 9.9955E-05 0.806147
9.9964E-05 0.172321 0.086349 9.9964E-05 9.9964E-05 0.0526051 0.078203 9.9964E-05 0.0481248 0.561997
9.9964E-05 9.9964E-05 0.0103453 0.104161 9.9964E-05 0.0459769 9.9964E-05 0.0666553 0.00570286 0.766759
0.00275568 9.9946E-05 9.9946E-05 9.9946E-05 9.9946E-05 9.9946E-05 0.0560225 0.094454 9.9946E-05 0.846168
9.9946E-05 0.144054 9.9946E-05 0.00251148 9.9946E-05 9.9946E-05 9.9946E-05 9.9946E-05 0.309073 0.543762
0.0506489 0.255204 9.9973E-05 0.0554288 9.9973E-05 0.0287318 9.9973E-05 0.0509776 0.0450193 0.513689
0.112091 0.183722 9.9973E-05 9.9973E-05 0.037551 0.0876793 9.9973E-05 0.033939 0.0407859 0.503932
0.0625669 0.220624 0.0212933 9.9955E-05 9.9955E-05 9.9955E-05 9.9955E-05 9.9955E-05 0.00647196 0.688544
0.0157725 0.125746 0.105971 9.9973E-05 0.0503346 0.0582797 9.9973E-05 0.174152 0.469444 9.9973E-05
0.037734 0.138112 0.0180169 0.0474746 0.0108729 0.00640409 9.9982E-05 0.190412 0.550774 9.9982E-05
9.9982E-05 0.0132478 0.109094 9.9982E-05 0.0719981 0.0626603 0.0084279 0.221987 0.421144 0.091241
0.0232416 0.0516933 0.0614745 0.00417782 0.0360805 0.0485946 9.9982E-05 0.231047 0.543491 9.9982E-05
0.0672608 0.191001 0.0272569 9.9973E-05 9.9973E-05 0.0596127 9.9973E-05 0.0624516 0.409511 0.182606
9.99201E-05 9.99201E-05 9.99201E-05 9.99201E-05 9.99201E-05 9.99201E-05 9.99201E-05 9.99201E-05 0.999101 9.99201E-05
9.99201E-05 9.99201E-05 9.99201E-05 9.99201E-05 9.99201E-05 9.99201E-05 9.99201E-05 9.99201E-05 0.999101 9.99201E-05
0.0324002 0.0466776 0.0505443 0.0186312 0.0299059 0.0619031 9.9991E-05 0.0288574 0.367623 0.363357
0.0878612 0.0758968 0.11882 9.9982E-05 9.9982E-05 0.0667764 0.0376846 0.118388 0.378562 0.115811
0.0141139 0.0396415 0.0751868 9.9991E-05 0.045481 0.00829453 0.0752535 0.184047 0.298201 0.259682
0.0272231 0.266983 9.9973E-05 9.9973E-05 9.9973E-05 0.0584226 0.032193 0.0446046 0.316392 0.253882
0.0408837 0.0787502 0.0332703 0.036759 9.9982E-05 0.0332835 9.9982E-05 0.0699598 0.561203 0.145691
0.00573363 9.9964E-05 0.00475651 0.0203578 9.9964E-05 9.9964E-05 9.9964E-05 0.0340728 0.930834 0.00384517
0.0279144 0.312463 9.9964E-05 0.0640176 9.9964E-05 9.9964E-05 0.0737874 9.9964E-05 0.284704 0.236715
0.0115879 0.325489 0.071065 0.00552118 0.0247674 0.00446016 0.0682948 9.9991E-05 0.254762 0.233953
9.9973E-05 0.0725534 0.112494 9.9973E-05 0.035297 0.0821976 9.9973E-05 0.143494 0.500318 0.0533454
0.0684883 0.231257 0.0279698 9.9982E-05 9.9982E-05 0.0779702 0.0668828 0.0517 0.325808 0.149723
0.0447337 0.180198 0.0609572 9.9973E-05 0.071992 9.9973E-05 9.9973E-05 0.110199 0.464755 0.066866
9.9928E-05 9.9928E-05 9.9928E-05 9.9928E-05 9.9928E-05 0.00908846 9.9928E-05 9.9928E-05 0.990112 9.9928E-05
0.12945 0.36953 9.9964E-05 9.9964E-05 9.9964E-05 9.9964E-05 0.044769 0.0610426 0.172927 0.221881
0.114261 9.9964E-05 0.0659489 0.000657734 9.9964E-05 9.9964E-05 0.00521776 9.9964E-05 0.56925 0.244264
9.9964E-05 0.0928397 0.183957 9.9964E-05 0.0145783 9.9964E-05 0.0165977 9.9964E-05 0.590609 0.101018
0.0616037 0.193216 0.0121823 0.025218 0.0256669 0.0403374 9.9991E-05 0.00929031 0.483636 0.14875
9.9955E-05 9.9955E-05 0.0444457 0.0898469 0.0249563 0.00788526 9.9955E-05 9.9955E-05 0.832366 9.9955E-05
0.0288475 0.118486 0.0858187 9.9973E-05 9.9973E-05 9.9973E-05 0.0204292 0.0860996 0.567333 0.0926859
9.9937E-05 9.9937E-05 9.9937E-05 0.0651945 9.9937E-05 0.04462 9.9937E-05 9.9937E-05 0.889486 9.9937E-05
0.0136203 0.387838 9.9946E-05 9.9946E-05 0.0160171 9.9946E-05 9.9946E-05 9.9946E-05 0.581925 9.9946E-05
9.9964E-05 9.9964E-05 0.03059 0.0790505 0.0242933 0.0193296 0.00649607 9.9964E-05 0.839841 9.9964E-05
0.0469468 0.0932465 0.0222098 0.00821352 0.0217607 0.0340003 9.9991E-05 0.129095 0.432853 0.211575
9.9946E-05 9.9946E-05 0.0382984 0.0415563 0.00291708 9.9946E-05 9.9946E-05 9.9946E-05 0.916629 9.9946E-05
9.9982E-05 0.113034 0.0463587 9.9982E-05 0.0849769 0.0585923 0.0414554 0.0913953 0.535764 0.0282235
0.00828459 0.313016 0.0132159 0.0188023 0.0167037 0.0517875 9.9991E-05 0.0441625 0.518981 0.0149458
0.0140318 0.0859673 9.9946E-05 9.9946E-05 9.9946E-05 9.9946E-05 0.0873104 9.9946E-05 0.812091 9.9946E-05
0.0267466 0.17275 9.9946E-05 9.9946E-05 9.9946E-05 9.9946E-05 0.0535156 9.9946E-05 0.746388 9.9946E-05
0.0600418 0.28403 0.076395 0.0145242 9.9982E-05 0.0104306 0.0848078 9.9982E-05 0.468732 0.00083918
0.0707455 0.245663 9.9973E-05 0.0102962 0.00155546 9.9973E-05 0.00215595 9.9973E-05 0.642228 0.0270559
0.0360547 0.180552 0.000447313 9.9964E-05 0.0379066 9.9964E-05 9.9964E-05 0.015314 0.729325 9.9964E-05
9.9982E-05 0.262096 0.0169508 0.107002 0.0838118 0.0274839 0.0373493 0.0298842 0.435223 9.9982E-05
0.0243966 0.920888 9.99461E-05 9.99461E-05 9.99461E-05 0.024404 9.99461E-05 0.029712 9.99461E-05 9.99461E-05
9.99201E-05 0.999101 9.99201E-05 9.99201E-05 9.99201E-05 9.99201E-05 9.99201E-05 9.99201E-05 9.99201E-05 9.99201E-05
9.99371E-05 0.983219 9.99371E-05 9.99371E-05 9.99371E-05 9.99371E-05 0.00230289 9.99371E-05 0.0137784 9.99371E-05
9.99281E-05 0.957628 9.99281E-05 9.99281E-05 9.99281E-05 9.99281E-05 9.99281E-05 9.99281E-05 0.0415722 9.99281E-05
9.99371E-05 0.991229 9.99371E-05 9.99371E-05 9.99371E-05 0.00757302 9.99371E-05 9.99371E-05 0.000498428 9.99371E-05
0.0720675 0.485724 0.104457 9.9973E-05 0.0399351 9.9973E-05 9.9973E-05 0.0811622 0.127069 0.0892846
9.9982E-05 0.452965 0.0184922 0.091995 0.111973 0.048705 0.00246585 0.107609 0.165595 9.9982E-05
0.0738112 0.562788 0.00551966 0.00224485 0.0835274 0.0673888 9.9991E-05 0.0964957 0.0954788 0.0126455
0.0348369 0.49117 0.0579889 9.9991E-05 0.0377488 0.0580754 0.0236986 0.105144 0.110941 0.0802968
0.039404 0.50871 0.102747 9.9982E-05 0.0643239 9.9982E-05 0.00910036 0.090062 0.13709 0.0483619
0.0805709 0.492783 0.0741187 0.0650583 0.0606665 0.0915206 9.9982E-05 0.102097 0.0329855 9.9982E-05
0.140491 0.38356 0.0979934 0.0122388 0.0576718 0.0740124 0.00657102 9.9991E-05 0.139195 0.0881671
9.9982E-05 0.277306 0.0465439 0.189923 0.0758057 0.0407975 0.00438603 0.1518 0.213237 9.9982E-05
9.9973E-05 0.246341 0.115104 0.149189 0.0574927 0.0349446 9.9973E-05 0.184417 0.212212 9.9973E-05
0.151261 0.324543 0.0440887 9.9991E-05 0.162209 0.0897296 0.0097458 0.0448061 0.169996 0.00351997
9.99201E-05 9.99201E-05 9.99201E-05 9.99201E-05 0.999101 9.99201E-05 9.99201E-05 9.99201E-05 9.99201E-05 9.99201E-05
9.9955E-05 9.9955E-05 0.00437791 0.00327915 0.966221 0.00574321 0.0198786 9.9955E-05 9.9955E-05 9.9955E-05
9.9955E-05 0.0311029 9.9955E-05 0.0487939 0.834836 9.9955E-05 9.9955E-05 9.9955E-05 0.0763128 0.0084543
9.99201E-05 9.99201E-05 9.99201E-05 9.99201E-05 0.999101 9.99201E-05 9.99201E-05 9.99201E-05 9.99201E-05 9.99201E-05
9.99201E-05 9.99201E-05 9.99201E-05 9.99201E-05 0.999101 9.99201E-05 9.99201E-05 9.99201E-05 9.99201E-05 9.99201E-05
9.99201E-05 9.99201E-05 9.99201E-05 9.99201E-05 0.999101 9.99201E-05 9.99201E-05 9.99201E-05 9.99201E-05 9.99201E-05
9.99281E-05 9.99281E-05 9.99281E-05 9.99281E-05 0.998914 0.000286468 9.99281E-05 9.99281E-05 9.99281E-05 9.99281E-05
9.9955E-05 0.0473913 9.9955E-05 0.0429585 0.868408 0.000156206 9.9955E-05 0.0405859 9.9955E-05 9.9955E-05
0.0136963 9.99461E-05 9.99461E-05 9.99461E-05 0.962409 9.99461E-05 9.99461E-05 0.00655154 0.0167435 9.99461E-05
9.99201E-05 9.99201E-05 9.99201E-05 9.99201E-05 0.999101 9.99201E-05 9.99201E-05 9.99201E-05 9.99201E-05 9.99201E-05
0.100534 0.409716 0.21645 0.0500958 0.0777757 0.0527053 0.00633643 9.9991E-05 0.00637495 0.079912
0.0709907 9.9946E-05 9.9946E-05 0.0467459 0.821788 9.9946E-05 9.9946E-05 9.9946E-05 0.0598756 9.9946E-05
9.99201E-05 9.99201E-05 9.99201E-05 9.99201E-05 0.999101 9.99201E-05 9.99201E-05 9.99201E-05 9.99201E-05 9.99201E-05
0.0124024 9.9955E-05 9.9955E-05 0.043861 0.931524 9.9955E-05 0.00240347 9.9955E-05 0.00930899 9.9955E-05
9.99201E-05 0.999101 9.99201E-05 9.99201E-05 9.99201E-05 9.99201E-05 9.99201E-05 9.99201E-05 9.99201E-05 9.99201E-05
9.99201E-05 0.999101 9.99201E-05 9.99201E-05 9.99201E-05 9.99201E-05 9.99201E-05 9.99201E-05 9.99201E-05 9.99201E-05
9.99201E-05 0.999101 9.99201E-05 9.99201E-05 9.99201E-05 9.99201E-05 9.99201E-05 9.99201E-05 9.99201E-05 9.99201E-05
9.99201E-05 0.999101 9.99201E-05 9.99201E-05 9.99201E-05 9.99201E-05 9.99201E-05 9.99201E-05 9.99201E-05 9.99201E-05
0.00558851 0.863003 0.068255 0.0309032 0.0124985 0.00541935 9.9973E-05 9.9973E-05 9.9973E-05 0.0140328
0.0197603 0.712402 0.0605818 0.0952058 9.9973E-05 0.005828 9.9973E-05 0.014373 9.9973E-05 0.0915495
9.9973E-05 0.750604 0.023335 0.0394653 0.0672436 9.9973E-05 0.0019271 9.9973E-05 0.0493636 0.0677615
9.9955E-05 0.834616 0.0730741 0.0424085 0.0289678 9.9955E-05 9.9955E-05 9.9955E-05 0.0204338 9.9955E-05
0.0059126 0.903862 0.00150008 0.0267732 0.0614528 9.9955E-05 9.9955E-05 9.9955E-05 9.9955E-05 9.9955E-05
9.9955E-05 0.883878 0.0258773 0.0497717 0.03476 0.00521338 9.9955E-05 9.9955E-05 9.9955E-05 9.9955E-05
0.0302785 0.766807 0.0447839 0.027859 0.0280042 0.0275869 9.9982E-05 0.0117382 9.9982E-05 0.0627419
0.0354519 0.813325 9.9973E-05 0.0759626 0.056063 0.000928393 0.0109885 0.00698085 9.9973E-05 9.9973E-05
0.0656587 0.693376 0.0735636 0.0386263 9.9973E-05 0.0410509 9.9973E-05 0.0212244 0.0662003 9.9973E-05
0.00857605 0.705356 0.113827 0.015426 0.0505931 0.0235618 9.9982E-05 0.0561808 0.0262785 9.9982E-05
9.99201E-05 9.99201E-05 9.99201E-05 9.99201E-05 9.99201E-05 0.999101 9.99201E-05 9.99201E-05 9.99201E-05 9.99201E-05
0.0032293 0.572489 0.128691 0.0123336 0.100119 0.0581875 9.9982E-05 0.0541587 0.0705917 9.9982E-05
9.99201E-05 9.99201E-05 9.99201E-05 9.99201E-05 9.99201E-05 0.999101 9.99201E-05 9.99201E-05 9.99201E-05 9.99201E-05
9.99201E-05 9.99201E-05 9.99201E-05 9.99201E-05 9.99201E-05 0.999101 9.99201E-05 9.99201E-05 9.99201E-05 9.99201E-05
9.99461E-05 9.99461E-05 9.99461E-05 0.043381 9.99461E-05 0.929095 0.013769 9.99461E-05 9.99461E-05 0.0131556
0.0440442 9.9982E-05 0.0380915 0.00917025 0.0163892 0.780629 0.0140065 9.9982E-05 0.0151648 0.0823049
9.99201E-05 9.99201E-05 9.99201E-05 9.99201E-05 9.99201E-05 0.999101 9.99201E-05 9.99201E-05 9.99201E-05 9.99201E-05
9.99371E-05 0.0704894 9.99371E-05 0.028946 9.99371E-05 0.899865 9.99371E-05 9.99371E-05 9.99371E-05 9.99371E-05
9.99371E-05 9.99371E-05 9.99371E-05 0.00236812 0.0067807 0.990152 9.99371E-05 9.99371E-05 9.99371E-05 9.99371E-05
9.99461E-05 0.0067796 0.00778702 9.99461E-05 0.00375479 0.981079 9.99461E-05 9.99461E-05 9.99461E-05 9.99461E-05
9.99201E-05 9.99201E-05 9.99201E-05 9.99201E-05 9.99201E-05 0.999101 9.99201E-05 9.99201E-05 9.99201E-05 9.99201E-05
0.00863109 9.9955E-05 9.9955E-05 0.00495965 9.9955E-05 0.981131 9.9955E-05 0.0017573 0.00302108 9.9955E-05
9.9946E-05 9.9946E-05 0.0145333 9.9946E-05 0.00442053 0.958647 9.9946E-05 9.9946E-05 9.9946E-05 0.0217992
0.00420672 0.0569176 0.0927952 9.9973E-05 0.00875375 0.788937 9.9973E-05 0.0275122 0.0205774 9.9973E-05
0.00313507 0.034215 9.9964E-05 0.00780233 9.9964E-05 0.935735 0.0146629 9.9964E-05 0.00404953 9.9964E-05
9.9955E-05 9.9955E-05 0.0575199 0.00903903 0.0158277 0.872252 9.9955E-05 9.9955E-05 0.0448621 9.9955E-05
0.0260507 0.0402842 9.9964E-05 9.9964E-05 0.0207728 0.902975 0.00595837 9.9964E-05 0.00355864 9.9964E-05
0.0597043 0.00363837 9.9964E-05 9.9964E-05 9.9964E-05 0.874628 0.0212579 0.0166629 0.0237089 9.9964E-05
9.9955E-05 0.000843594 0.0193345 9.9955E-05 9.9955E-05 0.955867 0.0129414 9.9955E-05 9.9955E-05 0.0105134
0.0377803 0.0073271 0.864572 0.0373694 0.0146019 0.00199036 9.9982E-05 0.0248205 9.9982E-05 0.0113388
0.0323676 9.9964E-05 0.870607 0.0359092 0.0241625 9.9964E-05 0.0117938 9.9964E-05 9.9964E-05 0.0247603
9.99201E-05 9.99201E-05 0.999101 9.99201E-05 9.99201E-05 9.99201E-05 9.99201E-05 9.99201E-05 9.99201E-05 9.99201E-05
0.00637201 9.9937E-05 0.986294 9.9937E-05 0.00663479 9.9937E-05 9.9937E-05 9.9937E-05 9.9937E-05 9.9937E-05
9.99201E-05 9.99201E-05 0.999101 9.99201E-05 9.99201E-05 9.99201E-05 9.99201E-05 9.99201E-05 9.99201E-05 9.99201E-05
9.9928E-05 0.027776 0.971425 9.9928E-05 9.9928E-05 9.9928E-05 9.9928E-05 9.9928E-05 9.9928E-05 9.9928E-05
9.99201E-05 9.99201E-05 0.999101 9.99201E-05 9.99201E-05 9.99201E-05 9.99201E-05 9.99201E-05 9.99201E-05 9.99201E-05
0.0111025 9.99461E-05 0.820102 0.12791 9.99461E-05 9.99461E-05 0.0402863 9.99461E-05 9.99461E-05 9.99461E-05
9.99201E-05 9.99201E-05 0.999101 9.99201E-05 9.99201E-05 9.99201E-05 9.99201E-05 9.99201E-05 9.99201E-05 9.99201E-05
9.99201E-05 9.99201E-05 0.999101 9.99201E-05 9.99201E-05 9.99201E-05 9.99201E-05 9.99201E-05 9.99201E-05 9.99201E-05
9.996E-05 9.996E-05 0.820069 0.0695868 0.0353813 0.0233453 0.021983 0.0292349 9.996E-05 9.996E-05
0.030755 9.99281E-05 0.968446 9.99281E-05 9.99281E-05 9.99281E-05 9.99281E-05 9.99281E-05 9.99281E-05 9.99281E-05
9.9955E-05 0.0776704 0.702254 0.0463138 9.9955E-05 0.0979262 9.9955E-05 9.9955E-05 0.0753362 9.9955E-05
0.260318 0.302085 0.0541528 0.0951912 0.0479651 0.0476398 0.0502135 9.9982E-05 0.142235 9.9982E-05
0.282902 0.279588 0.0508219 0.108519 0.0725273 9.9982E-05 0.0246689 9.9982E-05 0.125498 0.0552743
0.285941 0.263695 0.037271 0.105766 0.0634332 0.0452136 0.0500682 9.9991E-05 0.143012 0.00549915
0.251448 0.280037 9.9982E-05 0.115689 0.0761882 0.0557494 0.0429225 9.9982E-05 0.152773 0.0249918
0.00727703 9.9955E-05 0.0564699 0.888431 9.9955E-05 9.9955E-05 9.9955E-05 9.9955E-05 0.0230283 0.0242938
9.99201E-05 9.99201E-05 9.99201E-05 0.999101 9.99201E-05 9.99201E-05 9.99201E-05 9.99201E-05 9.99201E-05 9.99201E-05
9.9955E-05 9.9955E-05 0.0403165 0.910548 0.0364527 0.00809635 0.00408629 9.9955E-05 9.9955E-05 9.9955E-05
9.99201E-05 9.99201E-05 9.99201E-05 0.999101 9.99201E-05 9.99201E-05 9.99201E-05 9.99201E-05 9.99201E-05 9.99201E-05
0.0158771 0.0218011 9.9955E-05 0.924163 0.0156836 9.9955E-05 9.9955E-05 9.9955E-05 0.021975 9.9955E-05
0.0291491 9.9946E-05 9.9946E-05 0.919704 0.025337 0.0252105 9.9946E-05 9.9946E-05 9.9946E-05 9.9946E-05
9.9946E-05 0.0482513 9.9946E-05 0.934539 9.9946E-05 0.00283699 9.9946E-05 9.9946E-05 9.9946E-05 0.0137732
0.0858128 0.109156 9.99745E-05 0.688491 9.99745E-05 0.0082602 0.0106456 0.0287277 9.99745E-05 0.0686064
9.9973E-05 0.0155533 9.9973E-05 0.854145 9.9973E-05 0.0223759 0.00534924 0.0211414 0.0121921 0.0689435
0.979184 0.000695486 0.0178934 9.9946E-05 9.9946E-05 9.9946E-05 9.9946E-05 9.9946E-05 0.0016279 9.9946E-05
0.999101 9.99201E-05 9.99201E-05 9.99201E-05 9.99201E-05 9.99201E-05 9.99201E-05 9.99201E-05 9.99201E-05 9.99201E-05
0.999101 9.99201E-05 9.99201E-05 9.99201E-05 9.99201E-05 9.99201E-05 9.99201E-05 9.99201E-05 9.99201E-05 9.99201E-05
0.999101 9.99201E-05 9.99201E-05 9.99201E-05 9.99201E-05 9.99201E-05 9.99201E-05 9.99201E-05 9.99201E-05 9.99201E-05
0.999101 9.99201E-05 9.99201E-05 9.99201E-05 9.99201E-05 9.99201E-05 9.99201E-05 9.99201E-05 9.99201E-05 9.99201E-05
0.856126 0.0374707 9.9955E-05 0.079382 0.0210402 9.9955E-05 9.9955E-05 0.00548102 9.9955E-05 9.9955E-05
0.999101 9.99201E-05 9.99201E-05 9.99201E-05 9.99201E-05 9.99201E-05 9.99201E-05 9.99201E-05 9.99201E-05 9.99201E-05
0.999101 9.99201E-05 9.99201E-05 9.99201E-05 9.99201E-05 9.99201E-05 9.99201E-05 9.99201E-05 9.99201E-05 9.99201E-05
0.992665 9.99281E-05 9.99281E-05 9.99281E-05 9.99281E-05 9.99281E-05 9.99281E-05 0.00653547 9.99281E-05 9.99281E-05
0.956969 9.9955E-05 0.00181707 0.0013561 0.0390617 9.9955E-05 0.00029648 9.9955E-05 9.9955E-05 9.9955E-05
0.990903 9.9928E-05 0.00829769 9.9928E-05 9.9928E-05 9.9928E-05 9.9928E-05 9.9928E-05 9.9928E-05 9.9928E-05
0.988305 9.99281E-05 9.99281E-05 9.99281E-05 9.99281E-05 9.99281E-05 9.99281E-05 0.0108956 9.99281E-05 9.99281E-05
