0.999101 9.99201E-05 9.99201E-05 9.99201E-05 9.99201E-05 9.99201E-05 9.99201E-05 9.99201E-05 9.99201E-05 9.99201E-05
0.0201935 0.979007 9.9928E-05 9.9928E-05 9.9928E-05 9.9928E-05 9.9928E-05 9.9928E-05 9.9928E-05 9.9928E-05
9.9928E-05 0.99487 9.9928E-05 9.9928E-05 9.9928E-05 9.9928E-05 9.9928E-05 9.9928E-05 9.9928E-05 0.00433085
9.99201E-05 9.99201E-05 9.99201E-05 9.99201E-05 9.99201E-05 9.99201E-05 9.99201E-05 9.99201E-05 0.999101 9.99201E-05
0.0116606 0.0224158 9.9982E-05 0.311014 0.0440202 0.0292114 0.0562146 0.0133693 0.511894 9.9982E-05
9.9964E-05 0.617802 9.9964E-05 0.0256222 0.0254926 9.9964E-05 9.9964E-05 0.25259 0.0729938 0.0050991
0.133108 0.490693 9.9946E-05 0.231566 9.9946E-05 9.9946E-05 9.9946E-05 9.9946E-05 0.144033 9.9946E-05
0.145343 0.493521 9.9982E-05 0.0925908 9.9982E-05 0.00446019 0.00343428 0.0824158 0.110335 0.067701
9.9964E-05 0.790972 9.9964E-05 0.027038 9.9964E-05 0.0173162 9.9964E-05 0.0948451 0.0613555 0.00807386
0.999101 9.99201E-05 9.99201E-05 9.99201E-05 9.99201E-05 9.99201E-05 9.99201E-05 9.99201E-05 9.99201E-05 9.99201E-05
0.999101 9.99201E-05 9.99201E-05 9.99201E-05 9.99201E-05 9.99201E-05 9.99201E-05 9.99201E-05 9.99201E-05 9.99201E-05
0.963384 0.0358166 9.99281E-05 9.99281E-05 9.99281E-05 9.99281E-05 9.99281E-05 9.99281E-05 9.99281E-05 9.99281E-05
0.969846 9.9946E-05 0.00114569 0.0136248 9.9946E-05 9.9946E-05 0.014784 9.9946E-05 9.9946E-05 9.9946E-05
0.920055 9.99371E-05 9.99371E-05 0.052436 0.0268096 9.99371E-05 9.99371E-05 9.99371E-05 9.99371E-05 9.99371E-05
0.910738 0.0253935 9.9973E-05 0.00830278 9.9973E-05 9.9973E-05 0.00791232 0.0078886 0.0287173 0.0107474
0.0625602 0.341156 9.9982E-05 0.0649364 9.9982E-05 0.0486623 0.0112915 0.187546 0.268387 0.0152604
0.125213 0.190775 0.0376072 0.0390949 0.0860707 0.0407956 0.0575091 0.139748 0.23605 0.0471363
9.99201E-05 9.99201E-05 9.99201E-05 9.99201E-05 9.99201E-05 9.99201E-05 9.99201E-05 9.99201E-05 0.999101 9.99201E-05
9.99461E-05 0.0666634 9.99461E-05 0.878452 0.0283528 0.0259319 9.99461E-05 9.99461E-05 9.99461E-05 9.99461E-05
9.99461E-05 0.00637248 9.99461E-05 0.961308 9.99461E-05 0.0177284 0.0139917 9.99461E-05 9.99461E-05 9.99461E-05
0.0340896 0.0945707 9.9955E-05 0.788205 9.9955E-05 0.0154125 9.9955E-05 9.9955E-05 0.0672228 9.9955E-05
9.9946E-05 9.9946E-05 9.9946E-05 0.786216 0.0643813 9.9946E-05 9.9946E-05 9.9946E-05 0.0825735 0.0662294
9.9955E-05 9.9955E-05 0.0289345 0.854014 0.0651483 9.9955E-05 9.9955E-05 9.9955E-05 0.0481559 0.00324808
0.0205029 0.0689085 9.9946E-05 0.907394 9.9946E-05 9.9946E-05 9.9946E-05 9.9946E-05 9.9946E-05 0.00259441
0.0304864 9.99281E-05 9.99281E-05 0.968714 9.99281E-05 9.99281E-05 9.99281E-05 9.99281E-05 9.99281E-05 9.99281E-05
9.9955E-05 9.9955E-05 9.9955E-05 0.732319 9.9955E-05 0.0745236 0.0323598 0.159466 0.000831875 9.9955E-05
9.9937E-05 9.9937E-05 9.9937E-05 0.871441 9.9937E-05 0.0735362 9.9937E-05 9.9937E-05 9.9937E-05 0.0543236
9.99371E-05 0.0512403 9.99371E-05 0.931585 9.99371E-05 9.99371E-05 9.99371E-05 9.99371E-05 0.0164749 9.99371E-05
0.0529998 0.0106692 9.9991E-05 0.794769 0.0159425 0.00833248 0.038403 0.0353925 0.0326562 0.0107356
9.9928E-05 0.611872 9.9928E-05 0.387329 9.9928E-05 9.9928E-05 9.9928E-05 9.9928E-05 9.9928E-05 9.9928E-05
0.0607813 0.0456598 9.99461E-05 0.891737 0.00122201 9.99461E-05 9.99461E-05 9.99461E-05 9.99461E-05 9.99461E-05
0.00937554 9.9973E-05 0.00444762 0.858658 9.9973E-05 0.0556502 0.0430274 0.0273669 9.9973E-05 0.00117394
0.0240679 9.9982E-05 0.0197653 0.854731 0.018269 0.0394089 0.0189774 0.0161284 9.9982E-05 0.00845216
0.0516771 0.0280041 0.0354648 0.664692 9.9973E-05 9.9973E-05 0.0961031 0.0358078 9.9973E-05 0.0879513
9.9946E-05 9.9946E-05 9.9946E-05 0.8114 0.0863533 9.9946E-05 9.9946E-05 9.9946E-05 0.086975 0.0146716
9.9937E-05 0.599106 9.9937E-05 0.372823 9.9937E-05 9.9937E-05 9.9937E-05 0.0273709 9.9937E-05 9.9937E-05
9.9937E-05 9.9937E-05 9.9937E-05 0.58777 0.00957904 9.9937E-05 9.9937E-05 0.401951 9.9937E-05 9.9937E-05
9.999E-05 0.0609796 0.00278752 0.561175 0.0646612 0.078447 0.00521963 0.17307 0.0217436 0.0318167
9.9964E-05 0.0258989 0.0514852 0.604719 9.9964E-05 0.0849961 9.9964E-05 0.175454 9.9964E-05 0.0570474
0.00752272 9.9964E-05 0.0281198 0.724559 9.9964E-05 0.0768917 0.0270329 0.135474 9.9964E-05 9.9964E-05
9.9955E-05 9.9955E-05 0.0544475 9.9955E-05 9.9955E-05 9.9955E-05 0.0754826 0.604133 0.244757 0.0206805
9.9964E-05 9.9964E-05 0.0285289 9.9964E-05 9.9964E-05 0.0485456 0.0128894 0.658635 0.192924 0.0580774
0.0239367 0.074787 0.00965968 0.0328862 9.9982E-05 9.9982E-05 0.0527688 0.541076 0.18276 0.0819259
9.9955E-05 9.9955E-05 0.0209571 9.9955E-05 9.9955E-05 0.0142634 9.9955E-05 0.691632 0.233156 0.0394919
9.9973E-05 0.00170613 9.9973E-05 0.204254 9.9973E-05 0.0582631 0.0327036 0.542267 0.0784303 0.0820752
9.99201E-05 9.99201E-05 9.99201E-05 9.99201E-05 9.99201E-05 9.99201E-05 9.99201E-05 0.999101 9.99201E-05 9.99201E-05
0.00328697 9.9928E-05 9.9928E-05 9.9928E-05 9.9928E-05 9.9928E-05 9.9928E-05 0.995914 9.9928E-05 9.9928E-05
9.9973E-05 9.9973E-05 0.0062652 0.411418 9.9973E-05 0.0323247 0.0213052 0.430686 0.0635962 0.0341046
0.0644425 9.9982E-05 9.9982E-05 0.0846569 0.00665406 0.0720181 0.0973084 0.477808 0.144458 0.0524544
0.0495531 0.22524 0.0082306 0.183262 0.0162606 9.9982E-05 0.075991 0.390306 0.0509567 9.9982E-05
0.055039 9.9982E-05 0.0473403 0.279844 9.9982E-05 0.0800637 0.0401762 0.368793 0.0784019 0.0501422
0.0102234 9.9973E-05 9.9973E-05 0.145358 0.0297265 0.0243577 9.9973E-05 0.657025 0.0704974 0.0625121
0.0235656 9.9946E-05 9.9946E-05 0.0355387 9.9946E-05 9.9946E-05 9.9946E-05 0.937019 9.9946E-05 0.00327672
0.0360534 9.9973E-05 9.9973E-05 0.265015 0.0870116 0.0617063 0.0298604 0.475824 9.9973E-05 0.0442288
0.0518832 9.9973E-05 0.0346347 0.248309 0.0439632 0.0420121 0.0503087 0.52859 9.9973E-05 9.9973E-05
9.9973E-05 0.102929 0.0150271 0.0491956 9.9973E-05 9.9973E-05 0.0635618 0.628046 0.0628122 0.0781286
0.0606831 0.0236766 9.9982E-05 0.216783 9.9982E-05 0.0749811 0.0740106 0.440001 0.0341834 0.0754812
0.00350139 9.9982E-05 0.0568906 0.220566 9.9982E-05 0.120985 0.01473 0.510561 0.0657055 0.00686029
0.00245414 9.99281E-05 9.99281E-05 9.99281E-05 9.99281E-05 9.99281E-05 9.99281E-05 0.996746 9.99281E-05 9.99281E-05
0.0418769 9.9982E-05 0.0379386 0.298284 9.9982E-05 0.0889756 0.00590129 0.389841 0.110409 0.0265733
0.0131685 0.00840553 9.9973E-05 0.211327 0.014006 0.0794118 0.0727614 0.60062 9.9973E-05 9.9973E-05
0.0109754 9.9964E-05 0.00620355 0.0591028 9.9964E-05 9.9964E-05 0.0443177 0.783575 0.0954259 9.9964E-05
0.000997692 0.0591421 0.0227428 0.0808435 0.0128669 0.0367695 0.0585186 0.685147 9.9991E-05 0.0428718
9.99461E-05 9.99461E-05 9.99461E-05 9.99461E-05 0.0287853 0.0612268 9.99461E-05 0.904059 9.99461E-05 0.00532886
9.9955E-05 9.9955E-05 9.9955E-05 0.0798962 9.9955E-05 0.0218322 0.0315333 0.742085 0.124154 9.9955E-05
0.00306788 9.9946E-05 9.9946E-05 9.9946E-05 0.0290635 9.9946E-05 9.9946E-05 0.893837 9.9946E-05 0.0734315
9.9946E-05 9.9946E-05 0.0185484 9.9946E-05 9.9946E-05 0.0103476 0.00646447 0.96404 9.9946E-05 9.9946E-05
0.0195497 9.99461E-05 9.99461E-05 9.99461E-05 0.0280939 9.99461E-05 0.0347084 0.917048 9.99461E-05 9.99461E-05
9.9973E-05 0.0683528 0.00165983 0.192346 9.9973E-05 0.0370785 9.9973E-05 0.616389 0.074216 0.00965776
9.99371E-05 9.99371E-05 9.99371E-05 9.99371E-05 0.00539916 9.99371E-05 9.99371E-05 0.975741 9.99371E-05 0.0181603
0.0253638 0.0878039 0.0410925 0.0115188 9.9982E-05 9.9982E-05 0.0302061 0.717244 0.0327355 0.0538357
9.9973E-05 9.9973E-05 0.032992 0.0429362 9.9973E-05 0.0345535 0.0568574 0.770235 0.0145119 0.0476137
0.0835107 9.99371E-05 9.99371E-05 9.99371E-05 9.99371E-05 0.00151437 9.99371E-05 0.914275 9.99371E-05 9.99371E-05
0.0659636 9.9937E-05 9.9937E-05 9.9937E-05 9.9937E-05 0.0139335 9.9937E-05 0.919403 9.9937E-05 9.9937E-05
0.0395063 0.00179118 0.00806669 9.9973E-05 0.0391101 0.0118181 0.0977839 0.801624 9.9973E-05 9.9973E-05
0.00901712 9.9937E-05 9.9937E-05 9.9937E-05 9.9937E-05 0.0897245 9.9937E-05 0.900559 9.9937E-05 9.9937E-05
9.9946E-05 9.9946E-05 0.0336939 9.9946E-05 9.9946E-05 9.9946E-05 9.9946E-05 0.929395 0.00699113 0.0293205
9.99551E-05 0.045618 0.113475 9.99551E-05 0.0747702 9.99551E-05 9.99551E-05 0.749339 0.0162979 9.99551E-05
9.9973E-05 0.106246 0.0888194 9.9973E-05 0.0972335 0.0172838 0.107338 0.575187 9.9973E-05 0.00759275
9.9964E-05 0.00366631 0.100715 9.9964E-05 0.12917 9.9964E-05 0.0515061 0.697609 9.9964E-05 0.0169333
9.9964E-05 0.0227836 0.0487507 9.9964E-05 0.0630419 0.0380139 0.0673793 0.759631 9.9964E-05 9.9964E-05
9.9973E-05 0.00429979 0.0963073 9.9973E-05 0.103569 0.00411232 0.0242937 0.759529 9.9973E-05 0.0075892
9.9973E-05 0.0223222 0.0894186 9.9973E-05 0.0559661 0.0414977 0.0414985 0.718391 9.9973E-05 0.0306059
9.999E-05 0.0692601 0.0795471 0.165438 0.00537011 0.0447238 0.131107 0.476231 0.0107118 0.0175111
9.9982E-05 0.0752916 0.182242 9.9982E-05 0.0153523 0.0134308 0.082055 0.560184 0.022005 0.0492387
9.9982E-05 0.0537872 0.183522 9.9982E-05 0.00747926 0.0177823 0.0928468 0.516879 0.0148798 0.112624
0.00435024 0.189164 0.0686429 0.0204516 0.00701241 0.09091 0.0885762 0.428699 9.9991E-05 0.102094
9.9964E-05 0.0544625 0.136256 0.129074 9.9964E-05 0.0721246 0.119586 0.488098 9.9964E-05 9.9964E-05
9.9982E-05 0.0525607 0.130528 9.9982E-05 0.120289 0.029077 0.0711435 0.473757 0.0794714 0.0429745
0.0207441 9.9973E-05 0.100793 0.0771667 9.9973E-05 0.17833 0.130032 0.400934 9.9973E-05 0.0916994
9.9973E-05 0.0131492 0.0868553 9.9973E-05 0.206089 9.9973E-05 0.0638425 0.429619 0.147294 0.0528514
9.9982E-05 0.0262592 0.066449 0.011123 0.190798 9.9982E-05 0.102133 0.427278 0.128934 0.0468263
0.0165849 9.99919E-05 0.183699 0.0635806 0.0169946 0.219468 0.049036 0.306719 0.0420512 0.101767
9.99201E-05 9.99201E-05 0.999101 9.99201E-05 9.99201E-05 9.99201E-05 9.99201E-05 9.99201E-05 9.99201E-05 9.99201E-05
0.00904168 0.00652257 0.909307 0.0017391 0.0186837 9.9982E-05 0.0244709 0.0251464 0.0048887 9.9982E-05
9.9955E-05 0.0499614 0.843072 0.00129692 0.0790636 9.9955E-05 9.9955E-05 9.9955E-05 0.0261061 9.9955E-05
9.99201E-05 9.99201E-05 0.999101 9.99201E-05 9.99201E-05 9.99201E-05 9.99201E-05 9.99201E-05 9.99201E-05 9.99201E-05
9.99201E-05 9.99201E-05 0.999101 9.99201E-05 9.99201E-05 9.99201E-05 9.99201E-05 9.99201E-05 9.99201E-05 9.99201E-05
9.99201E-05 9.99201E-05 0.999101 9.99201E-05 9.99201E-05 9.99201E-05 9.99201E-05 9.99201E-05 9.99201E-05 9.99201E-05
9.9946E-05 0.0142766 0.983099 9.9946E-05 0.00178226 9.9946E-05 9.9946E-05 9.9946E-05 0.00024287 9.9946E-05
0.032519 0.0458692 0.869009 9.9955E-05 9.9955E-05 9.9955E-05 0.0369945 0.0151085 9.9955E-05 9.9955E-05
9.9946E-05 9.9946E-05 0.968749 9.9946E-05 0.00451013 0.0136989 0.0124428 9.9946E-05 9.9946E-05 9.9946E-05
9.99201E-05 9.99201E-05 0.999101 9.99201E-05 9.99201E-05 9.99201E-05 9.99201E-05 9.99201E-05 9.99201E-05 9.99201E-05
9.9973E-05 9.9973E-05 0.0901427 0.185191 0.123332 0.0682682 0.295788 0.171495 9.9973E-05 0.065484
0.00293094 9.9973E-05 0.880248 0.0130468 0.0117371 0.0322372 0.0235198 0.0359805 9.9973E-05 9.9973E-05
9.99281E-05 9.99281E-05 0.973808 9.99281E-05 9.99281E-05 0.0253927 9.99281E-05 9.99281E-05 9.99281E-05 9.99281E-05
0.00567483 9.9946E-05 0.982387 9.9946E-05 9.9946E-05 0.00552521 0.00581323 9.9946E-05 9.9946E-05 9.9946E-05
9.9973E-05 9.9973E-05 0.111448 0.0604802 0.098901 0.110796 0.222557 0.352512 9.9973E-05 0.0430067
9.9973E-05 9.9973E-05 0.10022 0.0521568 0.0966568 0.104892 0.223383 0.364687 9.9973E-05 0.0577043
9.9973E-05 9.9973E-05 0.116927 0.0794852 0.136824 0.0806373 0.176411 0.325916 9.9973E-05 0.0834996
9.9973E-05 9.9973E-05 0.160312 0.0962971 0.0879942 0.0772 0.214109 0.312129 9.9973E-05 0.0516588
9.9973E-05 9.9973E-05 0.16017 0.0946897 0.109475 0.119081 0.218096 0.270997 9.9973E-05 0.0271915
9.9982E-05 9.9982E-05 0.0675918 0.286321 0.166844 0.103511 0.189653 0.165194 0.00549202 0.0151926
0.000310689 9.9982E-05 0.152435 0.12809 0.117517 0.094274 0.165411 0.308189 9.9982E-05 0.0335741
9.9964E-05 9.9964E-05 0.143314 0.0862602 0.126317 0.0433677 0.210583 0.389758 9.9964E-05 9.9964E-05
9.9973E-05 9.9973E-05 0.217279 0.0982946 0.189017 0.0762622 0.126672 0.235442 9.9973E-05 0.0567332
9.9973E-05 9.9973E-05 0.17683 0.147911 0.186136 0.047274 0.0991249 0.259459 9.9973E-05 0.0829655
9.9982E-05 9.9982E-05 0.127931 0.134614 0.109906 0.0773937 0.164874 0.354035 0.0117443 0.0193022
9.9973E-05 9.9973E-05 0.17407 0.116557 0.205287 0.0486106 0.0980481 0.301803 9.9973E-05 0.0553241
9.9973E-05 9.9973E-05 0.0469761 0.0518911 0.118856 0.082184 0.157688 0.460626 9.9973E-05 0.0814792
9.9982E-05 9.9982E-05 0.114996 0.0314346 0.0691492 0.072214 0.22085 0.378693 0.0477053 0.0647575
9.9955E-05 9.9955E-05 9.9955E-05 9.9955E-05 0.0228361 9.9955E-05 0.912222 0.0319434 0.0244018 0.00809688
0.000125751 9.9973E-05 0.00610843 0.00272497 0.0356967 0.0655833 0.851737 9.9973E-05 0.0377236 9.9973E-05
9.9928E-05 9.9928E-05 9.9928E-05 9.9928E-05 9.9928E-05 9.9928E-05 0.997253 9.9928E-05 9.9928E-05 0.00194769
9.9928E-05 9.9928E-05 9.9928E-05 9.9928E-05 9.9928E-05 0.000857692 0.998343 9.9928E-05 9.9928E-05 9.9928E-05
9.99201E-05 9.99201E-05 9.99201E-05 9.99201E-05 9.99201E-05 9.99201E-05 0.999101 9.99201E-05 9.99201E-05 9.99201E-05
9.99201E-05 9.99201E-05 9.99201E-05 9.99201E-05 9.99201E-05 9.99201E-05 0.999101 9.99201E-05 9.99201E-05 9.99201E-05
9.99281E-05 9.99281E-05 9.99281E-05 9.99281E-05 9.99281E-05 9.99281E-05 0.988858 0.0103427 9.99281E-05 9.99281E-05
0.0626715 0.0136199 9.9955E-05 9.9955E-05 0.0510887 9.9955E-05 0.811484 0.0606363 9.9955E-05 9.9955E-05
9.99201E-05 9.99201E-05 9.99201E-05 9.99201E-05 9.99201E-05 9.99201E-05 0.999101 9.99201E-05 9.99201E-05 9.99201E-05
9.99201E-05 9.99201E-05 9.99201E-05 9.99201E-05 9.99201E-05 9.99201E-05 0.999101 9.99201E-05 9.99201E-05 9.99201E-05
0.0178336 9.9955E-05 0.0105526 9.9955E-05 0.102952 9.9955E-05 0.840786 9.9955E-05 0.0273757 9.9955E-05
9.99281E-05 9.99281E-05 9.99281E-05 9.99281E-05 9.99281E-05 0.0129734 0.986227 9.99281E-05 9.99281E-05 9.99281E-05
9.9955E-05 0.00638998 9.9955E-05 9.9955E-05 0.0628673 9.9955E-05 0.750845 0.100904 9.9955E-05 0.0784935
9.99201E-05 9.99201E-05 9.99201E-05 9.99201E-05 9.99201E-05 9.99201E-05 9.99201E-05 9.99201E-05 9.99201E-05 0.999101
9.9973E-05 9.9973E-05 0.167943 9.9973E-05 0.0883192 0.0507621 0.211891 0.37417 0.0428455 0.0637691
9.99201E-05 9.99201E-05 9.99201E-05 9.99201E-05 9.99201E-05 9.99201E-05 9.99201E-05 9.99201E-05 9.99201E-05 0.999101
9.99201E-05 9.99201E-05 9.99201E-05 9.99201E-05 9.99201E-05 9.99201E-05 9.99201E-05 9.99201E-05 9.99201E-05 0.999101
9.99371E-05 9.99371E-05 0.0218492 9.99371E-05 0.0670433 9.99371E-05 9.99371E-05 9.99371E-05 9.99371E-05 0.910408
9.9964E-05 9.9964E-05 0.0124977 0.0612989 0.0253472 0.0118741 9.9964E-05 0.135303 9.9964E-05 0.753279
9.99201E-05 9.99201E-05 9.99201E-05 9.99201E-05 9.99201E-05 9.99201E-05 9.99201E-05 9.99201E-05 9.99201E-05 0.999101
9.99371E-05 9.99371E-05 9.99371E-05 9.99371E-05 0.0353803 9.99371E-05 9.99371E-05 0.119535 9.99371E-05 0.844385
9.9946E-05 0.00186286 0.0134418 9.9946E-05 9.9946E-05 9.9946E-05 9.9946E-05 9.9946E-05 0.00961363 0.974482
9.99371E-05 9.99371E-05 9.99371E-05 0.0372763 9.99371E-05 9.99371E-05 0.0115522 9.99371E-05 9.99371E-05 0.950472
0.00965897 0.0072321 9.9937E-05 9.9937E-05 9.9937E-05 9.9937E-05 9.9937E-05 9.9937E-05 9.9937E-05 0.982409
0.00992774 9.9955E-05 0.000108543 9.9955E-05 9.9955E-05 0.0200228 0.0246655 9.9955E-05 9.9955E-05 0.944776
9.99371E-05 9.99371E-05 9.99371E-05 9.99371E-05 9.99371E-05 9.99371E-05 0.0150674 0.0198233 9.99371E-05 0.96441
9.99551E-05 0.0279974 0.0278217 9.99551E-05 9.99551E-05 0.0744267 0.059244 9.99551E-05 9.99551E-05 0.81001
0.00945756 9.9964E-05 9.9964E-05 0.0161381 0.0108433 9.9964E-05 0.00285625 0.0375414 9.9964E-05 0.922764
9.9955E-05 9.9955E-05 0.0204699 9.9955E-05 0.0137206 9.9955E-05 0.0393915 0.0573581 9.9955E-05 0.86856
0.00704477 9.9964E-05 9.9964E-05 9.9964E-05 0.0452373 0.0318482 0.0325378 9.9964E-05 0.0214306 0.861502
0.0288827 9.9964E-05 0.0113778 9.9964E-05 0.0300597 0.0515514 9.9964E-05 0.0367677 9.9964E-05 0.840961
0.002345 9.9946E-05 9.9946E-05 9.9946E-05 9.9946E-05 9.9946E-05 0.0226549 0.0403213 9.9946E-05 0.934079
0.0266454 9.9973E-05 0.0600884 9.9973E-05 0.137695 0.31767 0.0140439 0.401378 9.9973E-05 0.0421789
0.0219123 9.9982E-05 0.0388175 0.0344179 0.164863 0.271984 0.0717182 0.377856 9.9982E-05 0.0182309
0.0277102 9.9982E-05 0.0588282 0.00760401 0.137804 0.287523 0.0205099 0.414326 9.9982E-05 0.0454955
0.0361028 9.9973E-05 0.0456512 9.9973E-05 0.159278 0.252889 0.0127238 0.447051 9.9973E-05 0.0460037
9.9946E-05 0.00254283 9.9946E-05 9.9946E-05 0.957968 9.9946E-05 0.0129714 0.0259179 9.9946E-05 9.9946E-05
9.99201E-05 9.99201E-05 9.99201E-05 9.99201E-05 0.999101 9.99201E-05 9.99201E-05 9.99201E-05 9.99201E-05 9.99201E-05
9.9928E-05 9.9928E-05 9.9928E-05 9.9928E-05 0.992907 0.00629316 9.9928E-05 9.9928E-05 9.9928E-05 9.9928E-05
9.99201E-05 9.99201E-05 9.99201E-05 9.99201E-05 0.999101 9.99201E-05 9.99201E-05 9.99201E-05 9.99201E-05 9.99201E-05
9.9928E-05 9.9928E-05 0.000504196 9.9928E-05 0.998696 9.9928E-05 9.9928E-05 9.9928E-05 9.9928E-05 9.9928E-05
9.9937E-05 9.9937E-05 0.00779255 9.9937E-05 0.987964 9.9937E-05 9.9937E-05 9.9937E-05 0.00354376 9.9937E-05
9.9937E-05 9.9937E-05 0.00660677 9.9937E-05 0.980303 9.9937E-05 9.9937E-05 0.012391 9.9937E-05 9.9937E-05
0.0389535 0.00056287 9.9973E-05 0.0786339 0.730804 0.0310993 9.9973E-05 9.9973E-05 0.0324044 0.0872419
0.00739 9.9964E-05 9.9964E-05 0.0840286 0.868578 9.9964E-05 0.00415585 0.0297293 0.00571817 9.9964E-05
9.9937E-05 0.00165554 9.9937E-05 9.9937E-05 9.9937E-05 0.995811 0.00183372 9.9937E-05 9.9937E-05 9.9937E-05
9.99201E-05 9.99201E-05 9.99201E-05 9.99201E-05 9.99201E-05 0.999101 9.99201E-05 9.99201E-05 9.99201E-05 9.99201E-05
9.99201E-05 9.99201E-05 9.99201E-05 9.99201E-05 9.99201E-05 0.999101 9.99201E-05 9.99201E-05 9.99201E-05 9.99201E-05
9.9937E-05 9.9937E-05 9.9937E-05 9.9937E-05 9.9937E-05 0.975327 9.9937E-05 9.9937E-05 0.0100176 0.0139554
9.99201E-05 9.99201E-05 9.99201E-05 9.99201E-05 9.99201E-05 0.999101 9.99201E-05 9.99201E-05 9.99201E-05 9.99201E-05
0.00791237 0.029003 0.0277828 0.0476913 9.9973E-05 0.852093 9.9973E-05 0.0350897 9.9973E-05 0.000128128
9.99201E-05 9.99201E-05 9.99201E-05 9.99201E-05 9.99201E-05 0.999101 9.99201E-05 9.99201E-05 9.99201E-05 9.99201E-05
9.99201E-05 9.99201E-05 9.99201E-05 9.99201E-05 9.99201E-05 0.999101 9.99201E-05 9.99201E-05 9.99201E-05 9.99201E-05
9.99281E-05 9.99281E-05 0.00478214 9.99281E-05 9.99281E-05 0.994418 9.99281E-05 9.99281E-05 9.99281E-05 9.99281E-05
9.9946E-05 9.9946E-05 9.9946E-05 9.9946E-05 9.9946E-05 0.942255 0.0347415 0.0182693 9.9946E-05 0.00413491
9.99281E-05 9.99281E-05 0.000982564 9.99281E-05 9.99281E-05 0.998218 9.99281E-05 9.99281E-05 9.99281E-05 9.99281E-05
9.99281E-05 9.99281E-05 9.99281E-05 9.99281E-05 9.99281E-05 0.994705 9.99281E-05 9.99281E-05 0.00449516 9.99281E-05
