9.99201E-05 9.99201E-05 9.99201E-05 9.99201E-05 9.99201E-05 9.99201E-05 9.99201E-05 0.999101 9.99201E-05 9.99201E-05
0.0274981 9.9946E-05 0.871195 9.9946E-05 9.9946E-05 9.9946E-05 9.9946E-05 0.0360592 9.9946E-05 0.0646482
9.99201E-05 9.99201E-05 9.99201E-05 9.99201E-05 9.99201E-05 9.99201E-05 9.99201E-05 9.99201E-05 9.99201E-05 0.999101
9.9937E-05 0.0404381 9.9937E-05 9.9937E-05 9.9937E-05 9.9937E-05 9.9937E-05 9.9937E-05 0.0405462 0.918316
0.000205803 9.9964E-05 0.815462 9.9964E-05 0.0163214 9.9964E-05 0.0521534 9.9964E-05 0.0598084 0.0556492
9.9946E-05 0.0508932 0.776934 9.9946E-05 9.9946E-05 9.9946E-05 9.9946E-05 0.079516 9.9946E-05 0.0920575
0.0360622 9.9946E-05 0.848534 9.9946E-05 0.0216663 9.9946E-05 9.9946E-05 0.0931382 9.9946E-05 9.9946E-05
9.99201E-05 9.99201E-05 0.999101 9.99201E-05 9.99201E-05 9.99201E-05 9.99201E-05 9.99201E-05 9.99201E-05 9.99201E-05
9.9955E-05 9.9955E-05 0.559283 9.9955E-05 9.9955E-05 0.322986 9.9955E-05 0.029768 0.0283574 0.0591064
0.0739303 0.00371403 0.275476 0.0738057 0.13991 9.9991E-05 0.032419 0.0598807 0.0341069 0.306658
0.0426593 0.700043 0.00291369 9.9964E-05 9.9964E-05 0.0287548 0.19365 9.9964E-05 9.9964E-05 0.031579
9.9937E-05 0.0827832 0.0336957 9.9937E-05 9.9937E-05 9.9937E-05 0.882822 9.9937E-05 9.9937E-05 9.9937E-05
9.9955E-05 0.514116 0.011231 9.9955E-05 9.9955E-05 9.9955E-05 0.26746 0.0429253 9.9955E-05 0.163769
0.0187656 0.42828 0.0646931 9.9982E-05 0.0339516 9.9982E-05 0.315546 0.00775909 0.062852 0.0679528
0.0351283 0.057808 9.9946E-05 9.9946E-05 9.9946E-05 9.9946E-05 0.725356 9.9946E-05 9.9946E-05 0.181108
9.9946E-05 0.765917 0.0372479 9.9946E-05 9.9946E-05 9.9946E-05 0.187608 0.0086272 9.9946E-05 9.9946E-05
9.9928E-05 0.987127 9.9928E-05 9.9928E-05 0.0120736 9.9928E-05 9.9928E-05 9.9928E-05 9.9928E-05 9.9928E-05
0.00794264 0.635285 9.9973E-05 0.0648052 0.207463 0.0544064 9.9973E-05 9.9973E-05 0.0152805 0.0145175
0.0170638 0.150962 9.9946E-05 0.0679474 9.9946E-05 9.9946E-05 0.763427 9.9946E-05 9.9946E-05 9.9946E-05
9.9946E-05 0.870358 9.9946E-05 0.0350544 9.9946E-05 0.0524139 9.9946E-05 9.9946E-05 9.9946E-05 0.0415738
9.9955E-05 0.70067 9.9955E-05 0.0453942 0.135862 9.9955E-05 9.9955E-05 0.0135882 9.9955E-05 0.103986
9.9973E-05 0.488606 0.39947 0.0127117 0.0658838 0.0253806 9.9973E-05 0.00381964 0.00382883 9.9973E-05
0.00707029 0.918623 9.9937E-05 9.9937E-05 9.9937E-05 9.9937E-05 9.9937E-05 0.0736071 9.9937E-05 9.9937E-05
9.9937E-05 0.880204 9.9937E-05 0.0846478 0.0344485 9.9937E-05 9.9937E-05 9.9937E-05 9.9937E-05 9.9937E-05
9.9955E-05 0.120801 9.9955E-05 9.9955E-05 0.0623535 9.9955E-05 0.793008 0.00617103 9.9955E-05 0.0171671
9.9955E-05 0.298596 9.9955E-05 9.9955E-05 0.112264 0.0794178 0.447729 0.0614939 9.9955E-05 9.9955E-05
9.9937E-05 9.9937E-05 9.9937E-05 9.9937E-05 9.9937E-05 0.239831 0.701292 9.9937E-05 0.0581777 9.9937E-05
0.0294146 0.0263716 9.9964E-05 9.9964E-05 0.251784 9.9964E-05 0.626789 9.9964E-05 0.000724249 0.0645167
9.9955E-05 9.9955E-05 9.9955E-05 0.0512784 0.0874439 0.0380586 0.809114 0.0136056 9.9955E-05 9.9955E-05
9.9937E-05 9.9937E-05 9.9937E-05 9.9937E-05 0.0735904 0.00799667 0.917713 9.9937E-05 9.9937E-05 9.9937E-05
9.99201E-05 9.99201E-05 9.99201E-05 9.99201E-05 9.99201E-05 0.999101 9.99201E-05 9.99201E-05 9.99201E-05 9.99201E-05
9.9928E-05 9.9928E-05 9.9928E-05 9.9928E-05 9.9928E-05 0.978953 9.9928E-05 0.0202478 9.9928E-05 9.9928E-05
9.994E-05 9.994E-05 9.994E-05 0.807343 0.139439 9.994E-05 0.0496089 9.994E-05 9.994E-05 0.00300918
9.9928E-05 9.9928E-05 9.9928E-05 0.941758 9.9928E-05 9.9928E-05 9.9928E-05 9.9928E-05 0.0574428 9.9928E-05
9.9946E-05 0.0109634 9.9946E-05 0.461199 9.9946E-05 0.130344 0.396894 9.9946E-05 9.9946E-05 9.9946E-05
9.9937E-05 9.9937E-05 9.9937E-05 0.956074 9.9937E-05 9.9937E-05 9.9937E-05 0.0338479 9.9937E-05 0.00937809
9.9955E-05 0.0570391 0.20808 0.704788 9.9955E-05 9.9955E-05 9.9955E-05 0.000192686 9.9955E-05 0.0294
9.9955E-05 0.0880482 9.9955E-05 0.576965 0.136058 0.168854 9.9955E-05 0.0295753 9.9955E-05 9.9955E-05
0.00902117 9.9937E-05 9.9937E-05 0.958213 9.9937E-05 9.9937E-05 9.9937E-05 9.9937E-05 0.0320667 9.9937E-05
0.0494697 0.0234454 9.9973E-05 0.463343 0.23016 9.9973E-05 0.119233 0.0597984 0.0542502 9.9973E-05
9.9946E-05 9.9946E-05 0.0357297 0.652218 0.0382898 0.273162 9.9946E-05 9.9946E-05 9.9946E-05 9.9946E-05
9.9964E-05 9.9964E-05 9.9964E-05 0.293836 0.328314 9.9964E-05 0.13249 0.0776194 0.0956441 0.0716973
9.9955E-05 9.9955E-05 0.0293466 0.525844 0.150209 0.136106 0.157994 9.9955E-05 9.9955E-05 9.9955E-05
0.0183445 9.9946E-05 9.9946E-05 0.801972 9.9946E-05 9.9946E-05 0.119839 9.9946E-05 0.0592448 9.9946E-05
9.99461E-05 0.137121 9.99461E-05 9.99461E-05 0.146275 0.390905 9.99461E-05 9.99461E-05 0.325099 9.99461E-05
9.997E-05 9.997E-05 0.0195981 0.0409732 0.022332 0.0948438 0.158214 0.00692316 0.656815 9.997E-05
0.065194 9.9955E-05 9.9955E-05 0.261163 0.11797 0.000227505 9.9955E-05 9.9955E-05 0.554946 9.9955E-05
9.9928E-05 9.9928E-05 9.9928E-05 9.9928E-05 0.153494 9.9928E-05 9.9928E-05 9.9928E-05 0.845707 9.9928E-05
9.9955E-05 9.9955E-05 0.00275554 0.0511082 9.9955E-05 9.9955E-05 0.371435 9.9955E-05 0.49777 0.0764311
9.9973E-05 9.9973E-05 0.0433989 0.355583 0.173289 0.0541844 9.9973E-05 0.000128654 0.342861 0.0302561
0.00787332 0.0618605 9.9955E-05 9.9955E-05 0.105158 0.0477051 9.9955E-05 9.9955E-05 0.776904 9.9955E-05
9.9928E-05 9.9928E-05 9.9928E-05 9.9928E-05 9.9928E-05 9.9928E-05 9.9928E-05 0.0564546 0.942746 9.9928E-05
9.99371E-05 9.99371E-05 9.99371E-05 9.99371E-05 0.10192 9.99371E-05 9.99371E-05 0.0240807 0.8733 9.99371E-05
9.9973E-05 0.0844832 9.9973E-05 0.106169 0.0296483 0.0161732 9.9973E-05 0.0083371 0.743227 0.0116624
9.9955E-05 9.9955E-05 9.9955E-05 0.0867561 0.0283707 0.0371185 9.9955E-05 9.9955E-05 0.833025 0.0142304
0.0332519 9.9937E-05 9.9937E-05 9.9937E-05 9.9937E-05 9.9937E-05 9.9937E-05 9.9937E-05 0.922152 0.0438963
9.9964E-05 0.0466487 9.9964E-05 9.9964E-05 0.792922 0.0179012 0.0774304 9.9964E-05 0.00892668 0.0557708
9.9955E-05 9.9955E-05 0.262149 9.9955E-05 0.609553 0.0130068 0.000581444 9.9955E-05 0.114209 9.9955E-05
9.9955E-05 0.070737 0.0691922 9.9955E-05 0.641248 0.0588849 9.9955E-05 9.9955E-05 0.159438 9.9955E-05
9.9955E-05 9.9955E-05 0.185912 0.10682 0.620893 0.0211144 0.0647605 9.9955E-05 9.9955E-05 9.9955E-05
9.9964E-05 0.0290707 9.9964E-05 0.0159964 0.789599 0.042515 9.9964E-05 0.00386338 0.118556 9.9964E-05
0.10782 9.9955E-05 9.9955E-05 0.523605 0.324356 9.9955E-05 9.9955E-05 0.00165473 9.9955E-05 0.0420645
9.9955E-05 9.9955E-05 9.9955E-05 0.096843 0.76866 9.9955E-05 9.9955E-05 0.0607675 0.0407808 0.0324487
0.0398548 9.99281E-05 9.99281E-05 9.99281E-05 0.959346 9.99281E-05 9.99281E-05 9.99281E-05 9.99281E-05 9.99281E-05
0.00722772 9.9937E-05 9.9937E-05 0.100106 0.891967 9.9937E-05 9.9937E-05 9.9937E-05 9.9937E-05 9.9937E-05
9.99281E-05 9.99281E-05 9.99281E-05 9.99281E-05 0.992124 9.99281E-05 9.99281E-05 0.00707672 9.99281E-05 9.99281E-05
9.99281E-05 9.99281E-05 9.99281E-05 9.99281E-05 0.973614 9.99281E-05 0.0255866 9.99281E-05 9.99281E-05 9.99281E-05
9.9937E-05 9.9937E-05 9.9937E-05 9.9937E-05 0.934026 9.9937E-05 0.0531064 9.9937E-05 0.012168 9.9937E-05
9.9937E-05 9.9937E-05 9.9937E-05 9.9937E-05 0.992371 9.9937E-05 9.9937E-05 0.00323044 9.9937E-05 0.00369864
9.993E-05 9.993E-05 9.993E-05 9.993E-05 0.967628 9.993E-05 9.993E-05 9.993E-05 0.0214703 0.0102019
9.99371E-05 0.0258494 9.99371E-05 0.00624501 0.967206 9.99371E-05 9.99371E-05 9.99371E-05 9.99371E-05 9.99371E-05
0.0170679 9.9955E-05 0.133574 0.160939 0.610146 0.0777727 9.9955E-05 9.9955E-05 9.9955E-05 9.9955E-05
0.00389263 9.9955E-05 0.0264171 9.9955E-05 0.940942 9.9955E-05 9.9955E-05 9.9955E-05 0.0183391 0.00990987
0.0733832 9.9973E-05 9.9973E-05 0.0822848 0.593012 0.0235204 0.0617144 0.0489081 0.116877 9.9973E-05
0.605267 0.066441 0.0265352 0.0183988 0.241923 9.9964E-05 9.9964E-05 9.9964E-05 0.0410349 9.9964E-05
0.999101 9.99201E-05 9.99201E-05 9.99201E-05 9.99201E-05 9.99201E-05 9.99201E-05 9.99201E-05 9.99201E-05 9.99201E-05
0.0786791 9.9973E-05 9.9973E-05 0.163868 0.575393 9.9973E-05 0.0925993 0.0427895 0.00588866 0.0404828
