9.9892E-05 9.9892E-05 0.998801 9.9892E-05 9.9892E-05 9.9892E-05 9.9892E-05 9.9892E-05 9.9892E-05 9.9892E-05 9.9892E-05 9.9892E-05 9.9892E-05
0.998801 9.9892E-05 9.9892E-05 9.9892E-05 9.9892E-05 9.9892E-05 9.9892E-05 9.9892E-05 9.9892E-05 9.9892E-05 9.9892E-05 9.9892E-05 9.9892E-05
9.98921E-05 9.98921E-05 9.98921E-05 9.98921E-05 9.98921E-05 9.98921E-05 0.998801 9.98921E-05 9.98921E-05 9.98921E-05 9.98921E-05 9.98921E-05 9.98921E-05
9.9928E-05 9.9928E-05 9.9928E-05 0.0385846 0.0249729 9.9928E-05 0.843405 9.9928E-05 9.9928E-05 9.9928E-05 9.9928E-05 0.0727813 0.0194569
9.99101E-05 9.99101E-05 9.99101E-05 9.99101E-05 9.99101E-05 9.99101E-05 0.0686128 9.99101E-05 0.91688 9.99101E-05 9.99101E-05 9.99101E-05 0.0135085
9.9919E-05 9.9919E-05 0.0886212 9.9919E-05 9.9919E-05 9.9919E-05 0.0423653 9.9919E-05 0.79518 9.9919E-05 0.0729341 9.9919E-05 9.9919E-05
0.0234982 9.9946E-05 0.0961881 9.9946E-05 0.000967601 0.0566505 9.9946E-05 0.0224722 0.776176 9.9946E-05 9.9946E-05 9.9946E-05 0.0234478
9.99101E-05 9.99101E-05 9.99101E-05 9.99101E-05 0.0143805 9.99101E-05 9.99101E-05 9.99101E-05 0.981867 9.99101E-05 9.99101E-05 0.00275352 9.99101E-05
9.9919E-05 9.9919E-05 0.100879 9.9919E-05 9.9919E-05 0.444335 0.159203 9.9919E-05 0.294684 9.9919E-05 9.9919E-05 9.9919E-05 9.9919E-05
0.0769266 0.0273711 0.0935285 0.0593454 9.9964E-05 9.9964E-05 0.168388 0.215727 0.281434 9.9964E-05 9.9964E-05 0.0542107 0.0226696
0.201756 9.9928E-05 9.9928E-05 9.9928E-05 0.0193656 9.9928E-05 9.9928E-05 9.9928E-05 9.9928E-05 9.9928E-05 0.562597 0.19031 0.0251725
9.99101E-05 9.99101E-05 9.99101E-05 9.99101E-05 0.00670625 9.99101E-05 9.99101E-05 9.99101E-05 0.0115853 9.99101E-05 0.980709 9.99101E-05 9.99101E-05
9.99011E-05 9.99011E-05 9.99011E-05 9.99011E-05 9.99011E-05 9.99011E-05 9.99011E-05 9.99011E-05 0.17417 9.99011E-05 0.824731 9.99011E-05 9.99011E-05
9.9937E-05 9.9937E-05 9.9937E-05 0.13683 9.9937E-05 9.9937E-05 0.0534726 9.9937E-05 0.0106873 9.9937E-05 0.643192 0.130457 0.0246609
0.0714884 0.0438215 0.000190707 9.9937E-05 9.9937E-05 9.9937E-05 0.0255542 9.9937E-05 9.9937E-05 9.9937E-05 0.82052 9.9937E-05 0.0377257
0.00422241 9.9946E-05 0.00309593 9.9946E-05 0.259153 9.9946E-05 9.9946E-05 9.9946E-05 0.00259933 9.9946E-05 0.477405 0.251348 0.00157727
9.98921E-05 9.98921E-05 9.98921E-05 9.98921E-05 9.98921E-05 9.98921E-05 9.98921E-05 9.98921E-05 9.98921E-05 9.98921E-05 9.98921E-05 0.998801 9.98921E-05
9.9946E-05 0.0563116 9.9946E-05 9.9946E-05 0.304174 0.134688 9.9946E-05 9.9946E-05 9.9946E-05 0.160775 0.0968327 0.233159 0.0134602
9.9928E-05 0.00900548 9.9928E-05 0.0274169 9.9928E-05 9.9928E-05 9.9928E-05 0.0652237 9.9928E-05 9.9928E-05 0.855513 0.0420411 9.9928E-05
0.0287572 9.9937E-05 9.9937E-05 9.9937E-05 0.0247031 0.0115689 0.0890446 9.9937E-05 9.9937E-05 9.9937E-05 0.258328 0.586899 9.9937E-05
0.000566077 0.0445135 0.0578916 9.9955E-05 9.9955E-05 0.00320681 0.0247333 9.9955E-05 9.9955E-05 0.148445 0.204717 0.515427 9.9955E-05
9.9892E-05 9.9892E-05 9.9892E-05 9.9892E-05 0.998801 9.9892E-05 9.9892E-05 9.9892E-05 9.9892E-05 9.9892E-05 9.9892E-05 9.9892E-05 9.9892E-05
0.000920709 9.9928E-05 0.0793673 9.9928E-05 0.0913659 9.9928E-05 9.9928E-05 9.9928E-05 9.9928E-05 9.9928E-05 0.1294 0.698147 9.9928E-05
9.99011E-05 9.99011E-05 9.99011E-05 9.99011E-05 9.99011E-05 9.99011E-05 9.99011E-05 9.99011E-05 9.99011E-05 0.0206364 9.99011E-05 0.978265 9.99011E-05
9.9919E-05 9.9919E-05 0.0135959 9.9919E-05 9.9919E-05 9.9919E-05 0.0302757 9.9919E-05 9.9919E-05 0.166569 0.788661 9.9919E-05 9.9919E-05
9.9928E-05 9.9928E-05 0.0662005 9.9928E-05 9.9928E-05 0.202747 9.9928E-05 9.9928E-05 9.9928E-05 0.0746773 0.573004 0.0825718 9.9928E-05
9.9955E-05 0.119095 9.9955E-05 0.0460995 0.0991181 0.314792 9.9955E-05 9.9955E-05 9.9955E-05 0.0227516 0.384719 0.0124509 0.000474529
0.117098 9.9946E-05 9.9946E-05 0.0430937 0.0701437 9.9946E-05 0.0138818 0.0180853 9.9946E-05 0.327884 0.409213 9.9946E-05 9.9946E-05
9.9937E-05 0.0362348 9.9937E-05 9.9937E-05 0.068058 0.0601419 9.9937E-05 0.250124 9.9937E-05 0.0101841 0.574557 9.9937E-05 9.9937E-05
9.99191E-05 9.99191E-05 9.99191E-05 9.99191E-05 0.0212182 0.071325 9.99191E-05 9.99191E-05 9.99191E-05 0.172719 0.733839 9.99191E-05 9.99191E-05
9.9901E-05 9.9901E-05 9.9901E-05 9.9901E-05 9.9901E-05 0.986202 9.9901E-05 0.0126994 9.9901E-05 9.9901E-05 9.9901E-05 9.9901E-05 9.9901E-05
9.9892E-05 9.9892E-05 9.9892E-05 9.9892E-05 9.9892E-05 0.998801 9.9892E-05 9.9892E-05 9.9892E-05 9.9892E-05 9.9892E-05 9.9892E-05 9.9892E-05
9.9928E-05 0.66428 9.9928E-05 0.0709345 0.103428 9.9928E-05 9.9928E-05 9.9928E-05 9.9928E-05 0.148578 0.01198 9.9928E-05 9.9928E-05
0.00921528 0.930703 9.99101E-05 9.99101E-05 9.99101E-05 9.99101E-05 9.99101E-05 9.99101E-05 9.99101E-05 9.99101E-05 9.99101E-05 0.059083 9.99101E-05
9.991E-05 0.702116 9.991E-05 9.991E-05 9.991E-05 0.0966982 9.991E-05 9.991E-05 9.991E-05 9.991E-05 0.200187 9.991E-05 9.991E-05
9.99191E-05 0.913592 0.0685536 9.99191E-05 9.99191E-05 9.99191E-05 0.0081512 0.00880381 9.99191E-05 9.99191E-05 9.99191E-05 9.99191E-05 9.99191E-05
9.9937E-05 0.550132 9.9937E-05 0.0878002 0.115673 9.9937E-05 0.00483412 9.9937E-05 0.223992 0.0168683 9.9937E-05 9.9937E-05 9.9937E-05
9.9928E-05 0.652979 0.0205453 9.9928E-05 9.9928E-05 0.0577734 9.9928E-05 0.205304 9.9928E-05 9.9928E-05 9.9928E-05 0.0625987 9.9928E-05
9.9928E-05 0.840825 9.9928E-05 0.109338 0.0125907 9.9928E-05 0.00679059 9.9928E-05 9.9928E-05 9.9928E-05 9.9928E-05 9.9928E-05 0.0296561
0.0401642 0.373877 0.0153166 0.0705012 0.0494909 9.9964E-05 0.0352053 9.9964E-05 9.9964E-05 0.349488 0.0613163 9.9964E-05 0.0042415
0.058935 0.552019 9.99101E-05 9.99101E-05 9.99101E-05 0.388047 9.99101E-05 9.99101E-05 9.99101E-05 9.99101E-05 9.99101E-05 9.99101E-05 9.99101E-05
9.9946E-05 0.33809 0.1025 0.159345 9.9946E-05 9.9946E-05 0.0276375 0.149734 9.9946E-05 0.12398 0.0981136 9.9946E-05 9.9946E-05
9.9928E-05 0.772406 9.9928E-05 9.9928E-05 9.9928E-05 9.9928E-05 0.00812388 9.9928E-05 9.9928E-05 0.135074 0.0776679 9.9928E-05 0.0059287
0.0254382 0.777488 9.9955E-05 0.0169508 9.9955E-05 9.9955E-05 9.9955E-05 9.9955E-05 0.0191084 0.115237 0.0100325 0.0184862 0.0167591
9.99371E-05 0.339991 9.99371E-05 0.246571 9.99371E-05 0.0591124 0.017399 0.299017 9.99371E-05 9.99371E-05 0.0372104 9.99371E-05 9.99371E-05
9.9919E-05 9.9919E-05 0.0237037 0.771061 9.9919E-05 0.156779 9.9919E-05 9.9919E-05 9.9919E-05 9.9919E-05 0.0475567 9.9919E-05 9.9919E-05
9.99191E-05 0.265727 9.99191E-05 0.637792 9.99191E-05 9.99191E-05 9.99191E-05 0.0249739 9.99191E-05 9.99191E-05 9.99191E-05 9.99191E-05 0.0706077
9.991E-05 9.991E-05 9.991E-05 0.739574 9.991E-05 0.0671571 9.991E-05 9.991E-05 9.991E-05 0.19227 9.991E-05 9.991E-05 9.991E-05
9.9946E-05 0.100395 9.9946E-05 0.589068 0.0428172 0.00120458 0.106968 9.9946E-05 0.0116797 9.9946E-05 0.147268 9.9946E-05 9.9946E-05
9.9955E-05 0.448854 9.9955E-05 0.209147 9.9955E-05 0.110025 0.00324375 0.0941092 0.0578031 0.0725815 0.0037373 9.9955E-05 9.9955E-05
9.9919E-05 9.9919E-05 9.9919E-05 0.775389 0.0651599 9.9919E-05 9.9919E-05 0.153972 9.9919E-05 9.9919E-05 9.9919E-05 0.00457976 9.9919E-05
9.99011E-05 9.99011E-05 0.0468398 0.952061 9.99011E-05 9.99011E-05 9.99011E-05 9.99011E-05 9.99011E-05 9.99011E-05 9.99011E-05 9.99011E-05 9.99011E-05
9.99281E-05 9.99281E-05 0.00273507 0.720308 9.99281E-05 9.99281E-05 9.99281E-05 9.99281E-05 9.99281E-05 0.194747 9.99281E-05 0.0732576 0.00815256
9.9919E-05 0.128707 9.9919E-05 0.706543 0.0691817 9.9919E-05 9.9919E-05 9.9919E-05 9.9919E-05 0.0946694 9.9919E-05 9.9919E-05 9.9919E-05
9.9928E-05 0.132847 9.9928E-05 0.778424 9.9928E-05 0.0345565 9.9928E-05 0.013694 9.9928E-05 9.9928E-05 0.0396785 9.9928E-05 9.9928E-05
9.99281E-05 9.99281E-05 9.99281E-05 0.865204 9.99281E-05 9.99281E-05 0.001518 0.0628259 9.99281E-05 0.0438261 9.99281E-05 9.99281E-05 0.0258269
9.9955E-05 9.9955E-05 9.9955E-05 0.0463604 9.9955E-05 0.088978 0.0173879 0.0327149 0.0314317 0.734514 0.0401532 9.9955E-05 0.00796044
9.9928E-05 9.9928E-05 9.9928E-05 0.0794568 9.9928E-05 0.116166 9.9928E-05 9.9928E-05 0.0906744 0.599465 9.9928E-05 0.113439 9.9928E-05
9.993E-05 9.993E-05 9.993E-05 0.147292 9.993E-05 0.207041 0.0127569 0.492694 9.993E-05 0.124744 9.993E-05 0.0147731 9.993E-05
9.9937E-05 0.0527847 0.0181929 9.9937E-05 0.0862603 0.0842596 9.9937E-05 9.9937E-05 0.128681 0.629122 9.9937E-05 9.9937E-05 9.9937E-05
9.9937E-05 9.9937E-05 9.9937E-05 0.0803358 9.9937E-05 0.0544611 9.9937E-05 0.368209 0.00745869 0.441899 9.9937E-05 0.0469376 9.9937E-05
0.052086 0.31268 9.9937E-05 9.9937E-05 9.9937E-05 9.9937E-05 0.011086 0.494554 9.9937E-05 0.032977 9.9937E-05 9.9937E-05 0.0959174
9.9919E-05 9.9919E-05 0.0104672 9.9919E-05 0.0356589 9.9919E-05 9.9919E-05 0.951698 9.9919E-05 9.9919E-05 9.9919E-05 0.00127691 9.9919E-05
9.98921E-05 9.98921E-05 9.98921E-05 9.98921E-05 9.98921E-05 9.98921E-05 9.98921E-05 0.998801 9.98921E-05 9.98921E-05 9.98921E-05 9.98921E-05 9.98921E-05
9.9955E-05 0.0439637 9.9955E-05 0.0256865 0.0432899 9.9955E-05 9.9955E-05 0.196088 9.9955E-05 0.638944 0.0171771 0.00211661 0.0322344
0.0219178 9.99191E-05 9.99191E-05 9.99191E-05 9.99191E-05 9.99191E-05 9.99191E-05 0.148436 9.99191E-05 0.818348 0.0103989 9.99191E-05 9.99191E-05
9.99011E-05 9.99011E-05 9.99011E-05 9.99011E-05 9.99011E-05 9.99011E-05 9.99011E-05 9.99011E-05 9.99011E-05 0.996336 0.00256557 9.99011E-05 9.99011E-05
9.99001E-05 9.99001E-05 9.99001E-05 9.99001E-05 0.0102783 9.99001E-05 0.00375263 9.99001E-05 9.99001E-05 0.98497 9.99001E-05 9.99001E-05 9.99001E-05
9.99011E-05 9.99011E-05 9.99011E-05 9.99011E-05 9.99011E-05 9.99011E-05 9.99011E-05 9.99011E-05 9.99011E-05 0.99211 9.99011E-05 9.99011E-05 0.00679142
9.991E-05 9.991E-05 9.991E-05 9.991E-05 9.991E-05 9.991E-05 0.0476124 0.160143 9.991E-05 0.791246 9.991E-05 9.991E-05 9.991E-05
9.98922E-05 9.98922E-05 9.98922E-05 9.98922E-05 9.98922E-05 9.98922E-05 9.98922E-05 9.98922E-05 9.98922E-05 0.998801 9.98922E-05 9.98922E-05 9.98922E-05
9.9928E-05 0.155114 9.9928E-05 9.9928E-05 9.9928E-05 0.063137 9.9928E-05 0.71978 0.0608083 9.9928E-05 9.9928E-05 9.9928E-05 0.000361355
9.991E-05 9.991E-05 9.991E-05 9.991E-05 9.991E-05 9.991E-05 0.0201472 0.77121 9.991E-05 0.207644 9.991E-05 9.991E-05 9.991E-05
9.9946E-05 0.111964 0.0579105 0.076236 0.00663295 9.9946E-05 9.9946E-05 0.368275 9.9946E-05 0.304081 9.9946E-05 9.9946E-05 0.0743018
0.0264118 0.0198965 9.9964E-05 0.0948681 0.0113812 9.9964E-05 0.00219239 0.0914106 9.9964E-05 0.12785 9.9964E-05 0.0240862 0.601504
9.98921E-05 9.98921E-05 9.98921E-05 9.98921E-05 9.98921E-05 9.98921E-05 9.98921E-05 9.98921E-05 9.98921E-05 9.98921E-05 9.98921E-05 9.98921E-05 0.998801
0.00290673 0.148529 0.0626847 9.9946E-05 9.9946E-05 9.9946E-05 9.9946E-05 9.9946E-05 0.00221164 0.686088 0.0397464 9.9946E-05 0.0572344
