9.98741E-05 9.98741E-05 9.98741E-05 9.98741E-05 9.98741E-05 0.998602 9.98741E-05 9.98741E-05 9.98741E-05 9.98741E-05 9.98741E-05 9.98741E-05 9.98741E-05 9.98741E-05 9.98741E-05
9.9919E-05 0.672914 9.9919E-05 9.9919E-05 0.0126401 0.105641 9.9919E-05 9.9919E-05 0.00337465 0.168982 9.9919E-05 0.0355495 9.9919E-05 9.9919E-05 9.9919E-05
9.98741E-05 9.98741E-05 9.98741E-05 9.98741E-05 9.98741E-05 9.98741E-05 9.98741E-05 9.98741E-05 9.98741E-05 9.98741E-05 9.98741E-05 0.998602 9.98741E-05 9.98741E-05 9.98741E-05
9.9919E-05 9.9919E-05 9.9919E-05 9.9919E-05 0.0126403 9.9919E-05 0.0760468 9.9919E-05 0.0149935 9.9919E-05 0.0681355 0.77595 9.9919E-05 0.0513351 9.9919E-05
9.98921E-05 0.925112 9.98921E-05 9.98921E-05 9.98921E-05 9.98921E-05 9.98921E-05 9.98921E-05 9.98921E-05 9.98921E-05 0.00508461 9.98921E-05 9.98921E-05 0.068605 9.98921E-05
9.99011E-05 0.853419 9.99011E-05 9.99011E-05 9.99011E-05 0.0374742 0.0740443 9.99011E-05 9.99011E-05 9.99011E-05 9.99011E-05 0.0339632 9.99011E-05 9.99011E-05 9.99011E-05
9.98921E-05 0.81658 9.98921E-05 0.128168 9.98921E-05 0.0540535 9.98921E-05 9.98921E-05 9.98921E-05 9.98921E-05 9.98921E-05 9.98921E-05 9.98921E-05 9.98921E-05 9.98921E-05
9.99101E-05 0.914824 0.011697 9.99101E-05 0.0705316 9.99101E-05 9.99101E-05 9.99101E-05 0.00122343 9.99101E-05 9.99101E-05 9.99101E-05 0.000725297 9.99101E-05 9.99101E-05
9.99101E-05 0.404038 9.99101E-05 0.138433 9.99101E-05 9.99101E-05 9.99101E-05 0.209242 9.99101E-05 9.99101E-05 0.109729 0.137558 9.99101E-05 9.99101E-05 9.99101E-05
0.174979 0.190409 0.0998185 0.0641414 9.9955E-05 0.14773 9.9955E-05 9.9955E-05 0.0444143 0.0252747 9.9955E-05 0.122756 0.0276798 9.9955E-05 0.102297
9.99191E-05 9.99191E-05 9.99191E-05 9.99191E-05 0.00799185 9.99191E-05 0.153667 9.99191E-05 0.0112017 9.99191E-05 0.801421 0.0167186 0.00810075 9.99191E-05 9.99191E-05
0.000537923 9.99101E-05 0.67192 9.99101E-05 0.00586714 9.99101E-05 9.99101E-05 9.99101E-05 0.00762282 9.99101E-05 0.313053 9.99101E-05 9.99101E-05 9.99101E-05 9.99101E-05
9.9919E-05 0.162179 0.208443 9.9919E-05 9.9919E-05 0.0072172 0.159254 9.9919E-05 9.9919E-05 9.9919E-05 0.44818 9.9919E-05 0.0138271 9.9919E-05 9.9919E-05
9.98921E-05 9.98921E-05 0.891027 0.0961971 9.98921E-05 9.98921E-05 9.98921E-05 9.98921E-05 0.0115776 9.98921E-05 9.98921E-05 9.98921E-05 9.98921E-05 9.98921E-05 9.98921E-05
0.0291113 0.0433458 0.25581 9.9937E-05 9.9937E-05 9.9937E-05 0.0254054 9.9937E-05 0.0276399 9.9937E-05 0.550961 0.0416451 0.0253816 9.9937E-05 9.9937E-05
9.9928E-05 9.9928E-05 0.525383 9.9928E-05 0.223361 9.9928E-05 0.160275 0.00182293 0.00655324 9.9928E-05 0.072242 9.9928E-05 0.00956329 9.9928E-05 9.9928E-05
9.98831E-05 9.98831E-05 9.98831E-05 9.98831E-05 9.98831E-05 9.98831E-05 0.974026 9.98831E-05 9.98831E-05 9.98831E-05 0.024675 9.98831E-05 9.98831E-05 9.98831E-05 9.98831E-05
9.99101E-05 9.99101E-05 0.58184 9.99101E-05 0.113565 9.99101E-05 0.0411535 0.109384 9.99101E-05 9.99101E-05 9.99101E-05 9.99101E-05 9.99101E-05 9.99101E-05 0.153058
9.991E-05 9.991E-05 0.580864 0.0879748 9.991E-05 0.0112077 9.991E-05 9.991E-05 9.991E-05 9.991E-05 0.289128 9.991E-05 9.991E-05 0.0298264 9.991E-05
9.98831E-05 9.98831E-05 0.964271 9.98831E-05 9.98831E-05 9.98831E-05 9.98831E-05 0.0344304 9.98831E-05 9.98831E-05 9.98831E-05 9.98831E-05 9.98831E-05 9.98831E-05 9.98831E-05
0.00646607 9.9928E-05 0.602245 9.9928E-05 9.9928E-05 0.0424985 0.128329 9.9928E-05 9.9928E-05 0.171022 9.9928E-05 0.0438883 0.00475144 9.9928E-05 9.9928E-05
9.98741E-05 9.98741E-05 9.98741E-05 9.98741E-05 0.998602 9.98741E-05 9.98741E-05 9.98741E-05 9.98741E-05 9.98741E-05 9.98741E-05 9.98741E-05 9.98741E-05 9.98741E-05 9.98741E-05
9.99101E-05 9.99101E-05 9.99101E-05 9.99101E-05 0.0366819 0.0387488 0.8955 9.99101E-05 0.017932 9.99101E-05 9.99101E-05 0.0101385 9.99101E-05 9.99101E-05 9.99101E-05
0.106612 9.99101E-05 0.00366248 9.99101E-05 9.99101E-05 9.99101E-05 0.8366 9.99101E-05 9.99101E-05 9.99101E-05 9.99101E-05 9.99101E-05 0.0135956 9.99101E-05 0.0385308
9.99011E-05 9.99011E-05 0.739148 9.99011E-05 9.99011E-05 9.99011E-05 9.99011E-05 9.99011E-05 9.99011E-05 9.99011E-05 0.0629098 9.99011E-05 0.0361219 9.99011E-05 0.160721
9.991E-05 9.991E-05 0.697985 9.991E-05 9.991E-05 0.0903182 9.991E-05 0.0787083 9.991E-05 0.130891 9.991E-05 9.991E-05 0.00109791 9.991E-05 9.991E-05
0.0374151 9.99101E-05 9.99101E-05 0.019455 9.99101E-05 9.99101E-05 9.99101E-05 0.0683747 9.99101E-05 9.99101E-05 0.825077 9.99101E-05 9.99101E-05 0.0486792 9.99101E-05
0.0776751 9.9937E-05 0.0432126 9.9937E-05 0.0651004 0.00394804 9.9937E-05 9.9937E-05 0.00405714 9.9937E-05 0.49275 0.0636986 9.9937E-05 9.9937E-05 0.248859
0.19658 9.9937E-05 0.152303 0.000246802 9.9937E-05 0.0294136 0.00372114 0.0691149 9.9937E-05 0.124271 0.42365 9.9937E-05 9.9937E-05 9.9937E-05 9.9937E-05
9.98741E-05 9.98741E-05 9.98741E-05 9.98741E-05 9.98741E-05 9.98741E-05 9.98741E-05 9.98741E-05 9.98741E-05 9.98741E-05 0.998602 9.98741E-05 9.98741E-05 9.98741E-05 9.98741E-05
9.98741E-05 9.98741E-05 9.98741E-05 9.98741E-05 9.98741E-05 9.98741E-05 9.98741E-05 0.998602 9.98741E-05 9.98741E-05 9.98741E-05 9.98741E-05 9.98741E-05 9.98741E-05 9.98741E-05
9.98831E-05 9.98831E-05 9.98831E-05 9.98831E-05 9.98831E-05 0.0252094 9.98831E-05 0.973492 9.98831E-05 9.98831E-05 9.98831E-05 9.98831E-05 9.98831E-05 9.98831E-05 9.98831E-05
0.89722 9.98921E-05 9.98921E-05 9.98921E-05 0.0131252 9.98921E-05 9.98921E-05 9.98921E-05 9.98921E-05 9.98921E-05 9.98921E-05 9.98921E-05 9.98921E-05 9.98921E-05 0.0884561
0.909833 9.99101E-05 9.99101E-05 9.99101E-05 9.99101E-05 9.99101E-05 0.0143046 9.99101E-05 9.99101E-05 0.0217985 9.99101E-05 9.99101E-05 0.00179278 0.0512719 9.99101E-05
0.705028 9.9901E-05 0.0342911 9.9901E-05 9.9901E-05 9.9901E-05 9.9901E-05 0.0931783 9.9901E-05 9.9901E-05 0.166404 9.9901E-05 9.9901E-05 9.9901E-05 9.9901E-05
9.98831E-05 9.98831E-05 9.98831E-05 0.994932 9.98831E-05 9.98831E-05 9.98831E-05 9.98831E-05 9.98831E-05 9.98831E-05 9.98831E-05 9.98831E-05 0.00376943 9.98831E-05 9.98831E-05
0.84544 0.120283 9.991E-05 9.991E-05 9.991E-05 0.0207646 9.991E-05 9.991E-05 9.991E-05 0.000863698 9.991E-05 0.0116494 9.991E-05 9.991E-05 9.991E-05
9.9901E-05 9.9901E-05 9.9901E-05 0.871531 9.9901E-05 0.00658526 0.118225 9.9901E-05 9.9901E-05 9.9901E-05 0.00256002 9.9901E-05 9.9901E-05 9.9901E-05 9.9901E-05
0.720861 9.99101E-05 9.99101E-05 0.21161 0.0264238 9.99101E-05 9.99101E-05 0.0106822 9.99101E-05 9.99101E-05 9.99101E-05 9.99101E-05 0.0294239 9.99101E-05 9.99101E-05
0.495829 9.9919E-05 9.9919E-05 0.0579506 0.0636377 9.9919E-05 9.9919E-05 9.9919E-05 0.0318971 9.9919E-05 0.0421773 9.9919E-05 9.9919E-05 9.9919E-05 0.307609
0.266642 9.98921E-05 9.98921E-05 0.563351 9.98921E-05 9.98921E-05 9.98921E-05 0.168808 9.98921E-05 9.98921E-05 9.98921E-05 9.98921E-05 9.98921E-05 9.98921E-05 9.98921E-05
0.232488 9.9946E-05 0.0664477 0.125324 9.9946E-05 0.0719575 9.9946E-05 9.9946E-05 9.9946E-05 9.9946E-05 0.0333794 0.00703495 0.0525836 0.149856 0.260329
0.689029 9.9928E-05 9.9928E-05 9.9928E-05 0.00543192 9.9928E-05 9.9928E-05 0.0230273 9.9928E-05 9.9928E-05 0.0608987 0.0633325 0.0215015 9.9928E-05 0.135979
0.858528 9.99101E-05 9.99101E-05 0.0298997 9.99101E-05 9.99101E-05 0.00812591 9.99101E-05 0.0289881 9.99101E-05 9.99101E-05 9.99101E-05 0.0734589 9.99101E-05 9.99101E-05
9.98741E-05 9.98741E-05 9.98741E-05 9.98741E-05 9.98741E-05 9.98741E-05 9.98741E-05 9.98741E-05 9.98741E-05 9.98741E-05 9.98741E-05 9.98741E-05 0.998602 9.98741E-05 9.98741E-05
0.0699029 9.9928E-05 0.0756726 9.9928E-05 9.9928E-05 0.0186817 9.9928E-05 0.108511 9.9928E-05 0.0777893 0.00296401 9.9928E-05 9.9928E-05 0.645679 9.9928E-05
0.191368 9.99011E-05 9.99011E-05 9.99011E-05 9.99011E-05 9.99011E-05 9.99011E-05 0.00612971 0.0269632 9.99011E-05 9.99011E-05 9.99011E-05 9.99011E-05 0.77444 9.99011E-05
9.9901E-05 9.9901E-05 9.9901E-05 9.9901E-05 9.9901E-05 9.9901E-05 9.9901E-05 0.037457 9.9901E-05 0.0967996 9.9901E-05 9.9901E-05 9.9901E-05 0.830966 0.0336788
0.428987 0.00728121 0.118753 9.9928E-05 9.9928E-05 9.9928E-05 9.9928E-05 0.0289587 9.9928E-05 0.00228385 9.9928E-05 0.101973 9.9928E-05 0.310965 9.9928E-05
0.260393 0.0380082 0.0363455 9.9955E-05 9.9955E-05 0.0231577 9.9955E-05 0.0892083 9.9955E-05 0.0813805 9.9955E-05 0.0206117 0.122064 0.288806 0.039525
0.07532 9.9964E-05 0.00687373 0.0264188 9.9964E-05 9.9964E-05 0.0325767 0.0492824 0.00470541 0.00683547 9.9964E-05 0.0325633 0.00911248 0.624335 0.131577
9.98831E-05 9.98831E-05 9.98831E-05 9.98831E-05 9.98831E-05 0.0109116 9.98831E-05 9.98831E-05 9.98831E-05 9.98831E-05 9.98831E-05 9.98831E-05 9.98831E-05 0.98779 9.98831E-05
9.99101E-05 9.99101E-05 9.99101E-05 9.99101E-05 0.0893678 0.0128999 9.99101E-05 9.99101E-05 9.99101E-05 9.99101E-05 0.00718257 9.99101E-05 0.0707632 0.660856 0.158031
0.0446596 9.9928E-05 9.9928E-05 9.9928E-05 0.0205448 9.9928E-05 0.0305159 9.9928E-05 9.9928E-05 9.9928E-05 0.0820138 9.9928E-05 0.066961 0.658999 0.0955059
0.0903144 9.9919E-05 0.00328473 0.0119704 9.9919E-05 9.9919E-05 9.9919E-05 0.113303 9.9919E-05 9.9919E-05 9.9919E-05 9.9919E-05 0.0042503 0.775978 9.9919E-05
9.99011E-05 9.99011E-05 9.99011E-05 9.99011E-05 9.99011E-05 9.99011E-05 9.99011E-05 9.99011E-05 0.023192 0.115081 9.99011E-05 0.0118094 9.99011E-05 0.848819 9.99011E-05
0.0372147 0.121738 0.0416427 9.9937E-05 0.0320664 9.9937E-05 0.00227212 0.03972 0.00472595 9.9937E-05 9.9937E-05 9.9937E-05 9.9937E-05 9.9937E-05 0.71992
0.0250953 0.0473111 9.9946E-05 9.9946E-05 0.00449414 0.00266115 0.0949605 0.0549466 9.9946E-05 9.9946E-05 0.0993942 9.9946E-05 9.9946E-05 0.0872466 0.583291
9.9937E-05 9.9937E-05 9.9937E-05 9.9937E-05 0.0937887 9.9937E-05 0.00634232 9.9937E-05 9.9937E-05 0.714695 0.0603304 0.0172501 0.0128408 0.0455919 0.0484614
0.153045 0.104682 9.9955E-05 9.9955E-05 0.0821143 0.00448146 9.9955E-05 0.0396788 0.000355308 0.0630081 0.00420053 9.9955E-05 9.9955E-05 0.00496483 0.54297
9.9928E-05 9.9928E-05 9.9928E-05 0.0468288 9.9928E-05 9.9928E-05 0.066378 0.0327803 9.9928E-05 0.210123 9.9928E-05 9.9928E-05 0.0260174 0.0191512 0.597922
9.991E-05 9.991E-05 9.991E-05 0.546436 9.991E-05 9.991E-05 9.991E-05 9.991E-05 0.0540214 0.283032 9.991E-05 0.0238952 9.991E-05 9.991E-05 0.0916165
0.140692 9.9937E-05 9.9937E-05 0.0836039 9.9937E-05 0.0133956 0.0288207 9.9937E-05 9.9937E-05 0.241845 9.9937E-05 9.9937E-05 0.034624 0.0435273 0.412792
9.98741E-05 9.98741E-05 9.98741E-05 9.98741E-05 9.98741E-05 9.98741E-05 9.98741E-05 9.98741E-05 9.98741E-05 0.998602 9.98741E-05 9.98741E-05 9.98741E-05 9.98741E-05 9.98741E-05
0.0771252 9.991E-05 9.991E-05 0.02428 0.0200258 9.991E-05 9.991E-05 9.991E-05 9.991E-05 0.0742975 9.991E-05 9.991E-05 9.991E-05 9.991E-05 0.803272
9.98921E-05 9.98921E-05 9.98921E-05 9.98921E-05 9.98921E-05 0.0149758 9.98921E-05 9.98921E-05 9.98921E-05 9.98921E-05 0.00687892 9.98921E-05 9.98921E-05 9.98921E-05 0.976947
9.98831E-05 9.98831E-05 9.98831E-05 9.98831E-05 9.98831E-05 9.98831E-05 9.98831E-05 9.98831E-05 9.98831E-05 9.98831E-05 9.98831E-05 9.98831E-05 0.0338031 9.98831E-05 0.964898
9.99101E-05 9.99101E-05 9.99101E-05 9.99101E-05 0.0197165 9.99101E-05 9.99101E-05 0.0031294 9.99101E-05 9.99101E-05 0.00798387 0.00833157 9.99101E-05 9.99101E-05 0.95984
9.98831E-05 9.98831E-05 9.98831E-05 9.98831E-05 0.00922342 9.98831E-05 9.98831E-05 9.98831E-05 9.98831E-05 9.98831E-05 9.98831E-05 9.98831E-05 9.98831E-05 9.98831E-05 0.989478
9.98921E-05 9.98921E-05 9.98921E-05 9.98921E-05 9.98921E-05 9.98921E-05 9.98921E-05 0.0345213 9.98921E-05 0.125159 9.98921E-05 9.98921E-05 9.98921E-05 9.98921E-05 0.839121
9.98832E-05 9.98832E-05 9.98832E-05 9.98832E-05 9.98832E-05 9.98832E-05 9.98832E-05 9.98832E-05 9.98832E-05 9.98832E-05 9.98832E-05 9.98832E-05 0.0086049 9.98832E-05 0.990097
9.99191E-05 0.0989633 9.99191E-05 0.418526 9.99191E-05 9.99191E-05 9.99191E-05 0.049414 0.012082 0.0192884 9.99191E-05 9.99191E-05 9.99191E-05 9.99191E-05 0.400827
9.9919E-05 9.9919E-05 9.9919E-05 9.9919E-05 9.9919E-05 9.9919E-05 9.9919E-05 9.9919E-05 0.0108247 0.590522 9.9919E-05 0.00323937 0.053315 0.010133 0.331067
0.0828575 9.9937E-05 0.0744583 0.0398031 9.9937E-05 0.0542818 9.9937E-05 9.9937E-05 0.0560687 9.9937E-05 9.9937E-05 9.9937E-05 0.0227444 0.0346933 0.634393
9.997E-05 9.997E-05 0.0885622 0.0230002 0.019861 0.00196791 0.00128007 0.0152866 0.546432 0.0844895 0.00876993 0.00861185 9.997E-05 0.0185395 0.1829
9.98741E-05 9.98741E-05 9.98741E-05 9.98741E-05 9.98741E-05 9.98741E-05 9.98741E-05 9.98741E-05 0.998602 9.98741E-05 9.98741E-05 9.98741E-05 9.98741E-05 9.98741E-05 9.98741E-05
0.165545 9.9928E-05 9.9928E-05 9.9928E-05 9.9928E-05 0.0211324 9.9928E-05 9.9928E-05 0.0624658 9.9928E-05 0.0149476 0.0254127 0.000507665 9.9928E-05 0.70919
