9.994E-05 9.994E-05 9.994E-05 9.994E-05 9.994E-05 9.994E-05 9.994E-05 0.9993
9.997E-05 0.0216181 9.997E-05 0.0408127 0.0869457 0.0407596 9.997E-05 0.809564
0.118858 9.9964E-05 0.00461279 9.9964E-05 0.0120787 9.9964E-05 9.9964E-05 0.86405
0.185226 0.0696342 0.126988 0.00855619 9.9991E-05 0.0502016 0.0552099 0.504084
9.997E-05 0.00150672 0.082063 0.232669 0.0273409 9.997E-05 9.997E-05 0.656121
9.9955E-05 9.9955E-05 9.9955E-05 0.0319327 9.9955E-05 9.9955E-05 0.204657 0.76291
0.113846 0.0144693 9.9964E-05 9.9964E-05 0.0497672 9.9964E-05 9.9964E-05 0.821517
9.997E-05 0.00238471 9.997E-05 9.997E-05 0.00626909 0.115819 0.0697396 0.805488
9.9982E-05 9.9982E-05 0.149231 0.0140644 0.104075 0.0307458 0.0190392 0.682645
9.9973E-05 0.026662 0.179007 9.9973E-05 0.171 0.107541 9.9973E-05 0.51549
9.994E-05 9.994E-05 9.994E-05 0.9993 9.994E-05 9.994E-05 9.994E-05 9.994E-05
0.950833 9.9955E-05 9.9955E-05 0.00578022 9.9955E-05 9.9955E-05 0.042887 9.9955E-05
0.658339 9.9964E-05 9.9964E-05 0.176036 9.9964E-05 9.9964E-05 0.0625833 0.102643
9.9955E-05 0.0181368 0.0104305 9.9955E-05 9.9955E-05 0.970933 9.9955E-05 9.9955E-05
0.775282 0.0631647 9.9973E-05 0.0294299 9.9973E-05 0.0909473 9.9973E-05 0.040876
0.217873 9.9964E-05 9.9964E-05 0.102632 9.9964E-05 0.26014 0.418956 9.9964E-05
9.9946E-05 9.9946E-05 9.9946E-05 0.00239136 9.9946E-05 9.9946E-05 0.997009 9.9946E-05
9.997E-05 0.00936276 0.0171315 9.997E-05 0.204734 0.592058 0.176414 9.997E-05
0.728519 9.9964E-05 0.0606104 0.0130134 9.9964E-05 0.197457 9.9964E-05 9.9964E-05
9.9946E-05 9.9946E-05 9.9946E-05 0.0137455 9.9946E-05 0.985655 9.9946E-05 9.9946E-05
9.9964E-05 9.9964E-05 9.9964E-05 0.018844 0.0751174 0.897186 0.0084525 9.9964E-05
0.0308328 9.9973E-05 0.0462482 9.9973E-05 0.060483 9.9973E-05 0.694704 0.167432
0.0827739 0.00755536 9.9955E-05 9.9955E-05 9.9955E-05 9.9955E-05 0.909171 9.9955E-05
9.9946E-05 9.9946E-05 9.9946E-05 9.9946E-05 0.0241993 9.9946E-05 0.975201 9.9946E-05
0.509203 9.9973E-05 9.9973E-05 0.0861529 0.120787 0.260598 0.0229594 9.9973E-05
0.484001 9.9964E-05 9.9964E-05 9.9964E-05 0.124225 0.376835 9.9964E-05 0.0145398
0.766417 9.9946E-05 0.232983 9.9946E-05 9.9946E-05 9.9946E-05 9.9946E-05 9.9946E-05
0.501685 0.0139193 0.0841967 0.0382329 0.266571 9.999E-05 0.0467706 0.0485246
0.76193 9.9955E-05 0.0345786 9.9955E-05 0.202992 9.9955E-05 9.9955E-05 9.9955E-05
0.878103 9.9946E-05 9.9946E-05 9.9946E-05 0.121298 9.9946E-05 9.9946E-05 9.9946E-05
0.0747438 9.9964E-05 0.537677 9.9964E-05 0.302582 9.9964E-05 9.9964E-05 0.0845972
0.066757 9.9973E-05 0.437576 9.9973E-05 0.241157 0.0503081 9.9973E-05 0.203902
0.109539 9.9973E-05 0.710884 0.000820969 0.0798328 0.0986234 9.9973E-05 9.9973E-05
0.0101922 9.9955E-05 0.858101 9.9955E-05 9.9955E-05 9.9955E-05 0.131207 9.9955E-05
0.286124 0.00665337 0.500033 0.0174608 9.9973E-05 0.189429 9.9973E-05 9.9973E-05
0.0118455 0.00621742 0.636661 9.9991E-05 0.129023 0.0535362 0.0806876 0.0819293
9.9955E-05 9.9955E-05 0.581258 9.9955E-05 9.9955E-05 0.263961 9.9955E-05 0.154281
0.073646 9.9973E-05 0.539523 9.9973E-05 0.194856 9.9973E-05 0.161284 0.0303905
9.996E-05 0.0291424 0.827697 0.0657838 9.996E-05 0.0769765 9.996E-05 9.996E-05
0.0972699 0.0332759 0.487632 0.0264405 0.293573 9.9982E-05 0.0616083 9.9982E-05
9.996E-05 9.996E-05 0.767153 9.996E-05 0.0548942 9.996E-05 0.0753998 0.102153
0.173482 9.9973E-05 0.313158 9.9973E-05 0.347243 0.0910805 9.9973E-05 0.0747367
0.274084 9.9964E-05 0.622338 9.9964E-05 0.0981586 9.9964E-05 9.9964E-05 0.00501925
0.124759 0.0173858 0.740085 9.9964E-05 9.9964E-05 9.9964E-05 0.117371 9.9964E-05
9.995E-05 9.995E-05 0.753599 0.127312 0.11859 9.995E-05 9.995E-05 9.995E-05
0.11565 9.9955E-05 0.658991 9.9955E-05 0.224859 9.9955E-05 9.9955E-05 9.9955E-05
9.9973E-05 0.0517115 0.715878 0.0713226 0.155823 9.9973E-05 0.00496442 9.9973E-05
9.994E-05 9.994E-05 0.819423 9.994E-05 0.179978 9.994E-05 9.994E-05 9.994E-05
0.256958 9.9955E-05 0.678964 9.9955E-05 9.9955E-05 9.9955E-05 9.9955E-05 0.0635781
0.0469071 9.9973E-05 0.758472 0.0148732 0.124992 9.9973E-05 9.9973E-05 0.0544558
9.9955E-05 9.9955E-05 0.713969 9.9955E-05 0.22109 0.0644419 9.9955E-05 9.9955E-05
9.9955E-05 9.9955E-05 0.911798 0.0820568 9.9955E-05 0.00564578 9.9955E-05 9.9955E-05
9.9964E-05 0.0185319 0.700431 9.9964E-05 0.24683 9.9964E-05 0.033808 9.9964E-05
9.997E-05 0.00575354 0.799273 0.0377498 0.105487 9.997E-05 0.0514369 9.997E-05
9.994E-05 9.994E-05 0.9993 9.994E-05 9.994E-05 9.994E-05 9.994E-05 9.994E-05
9.99551E-05 0.078459 0.737416 9.99551E-05 0.183625 9.99551E-05 9.99551E-05 9.99551E-05
0.0289136 0.0132465 0.197233 9.9982E-05 0.717844 0.0115382 0.0310244 9.9982E-05
0.109082 9.9973E-05 0.202136 9.9973E-05 0.624018 9.9973E-05 0.0629719 0.0014926
9.997E-05 0.0360065 0.0620572 0.0562249 0.760507 9.997E-05 9.997E-05 0.0849047
0.101441 9.9973E-05 0.119938 9.9973E-05 0.662926 9.9973E-05 0.0247538 0.0906411
9.997E-05 9.997E-05 0.118526 0.00645319 0.815851 0.0573089 9.997E-05 0.00156106
0.0162784 0.110257 0.428577 9.9973E-05 0.419096 9.9973E-05 9.9973E-05 0.0254913
9.997E-05 9.997E-05 0.0955988 0.0439949 0.807444 9.997E-05 0.0514959 0.00116662
9.99461E-05 0.0229242 9.99461E-05 9.99461E-05 0.976476 9.99461E-05 9.99461E-05 9.99461E-05
9.9973E-05 0.00625693 0.0025619 0.0117897 0.909365 0.0697269 9.9973E-05 9.9973E-05
0.0188532 9.9946E-05 9.9946E-05 9.9946E-05 0.980547 9.9946E-05 9.9946E-05 9.9946E-05
0.00960419 0.00453141 9.996E-05 0.00849512 0.976969 9.996E-05 9.996E-05 9.996E-05
0.0318567 9.995E-05 9.995E-05 9.995E-05 0.951787 0.0158561 9.995E-05 9.995E-05
9.994E-05 9.994E-05 9.994E-05 9.994E-05 0.9993 9.994E-05 9.994E-05 9.994E-05
9.9946E-05 9.9946E-05 9.9946E-05 9.9946E-05 0.994316 0.00508438 9.9946E-05 9.9946E-05
9.994E-05 9.994E-05 9.994E-05 9.994E-05 0.9993 9.994E-05 9.994E-05 9.994E-05
9.996E-05 9.996E-05 0.170213 9.996E-05 0.678937 0.0580256 9.996E-05 0.0924251
9.9964E-05 0.0154346 0.0459027 9.9964E-05 0.914899 9.9964E-05 9.9964E-05 0.0233639
0.06672 0.0300299 0.117598 9.998E-05 0.732672 0.040857 9.998E-05 0.0119231
9.998E-05 0.598141 0.10683 0.0099712 0.191913 0.0270272 0.0659179 9.998E-05
9.994E-05 0.9993 9.994E-05 9.994E-05 9.994E-05 9.994E-05 9.994E-05 9.994E-05
0.130493 0.0573453 0.12047 0.00918307 0.646594 9.9982E-05 9.9982E-05 0.0357146
