9.98921E-05 9.98921E-05 9.98921E-05 9.98921E-05 9.98921E-05 9.98921E-05 9.98921E-05 9.98921E-05 9.98921E-05 9.98921E-05 0.998801 9.98921E-05 9.98921E-05
9.9928E-05 9.9928E-05 9.9928E-05 9.9928E-05 0.0375533 9.9928E-05 0.118582 9.9928E-05 0.0762273 0.030825 0.736013 9.9928E-05 9.9928E-05
9.98921E-05 0.998801 9.98921E-05 9.98921E-05 9.98921E-05 9.98921E-05 9.98921E-05 9.98921E-05 9.98921E-05 9.98921E-05 9.98921E-05 9.98921E-05 9.98921E-05
9.9928E-05 0.838568 9.9928E-05 9.9928E-05 9.9928E-05 0.111264 0.0198111 9.9928E-05 9.9928E-05 0.00268569 9.9928E-05 9.9928E-05 0.0268718
9.9928E-05 0.0589602 9.9928E-05 0.0374467 0.845231 9.9928E-05 0.0437802 9.9928E-05 9.9928E-05 9.9928E-05 9.9928E-05 9.9928E-05 0.0137825
9.9928E-05 0.00170302 9.9928E-05 9.9928E-05 0.0301605 9.9928E-05 9.9928E-05 0.0725294 9.9928E-05 9.9928E-05 0.80767 0.0871378 9.9928E-05
9.9919E-05 9.9919E-05 9.9919E-05 0.091167 9.9919E-05 9.9919E-05 9.9919E-05 9.9919E-05 0.0583109 0.0189984 0.830624 9.9919E-05 9.9919E-05
9.98921E-05 9.98921E-05 9.98921E-05 9.98921E-05 0.998801 9.98921E-05 9.98921E-05 9.98921E-05 9.98921E-05 9.98921E-05 9.98921E-05 9.98921E-05 9.98921E-05
9.9937E-05 0.0899106 0.342306 9.9937E-05 0.176107 0.0301527 9.9937E-05 0.0440499 9.9937E-05 9.9937E-05 0.316775 9.9937E-05 9.9937E-05
0.082048 0.120985 9.9946E-05 9.9946E-05 0.30711 9.9946E-05 9.9946E-05 0.128418 0.135784 0.0618407 0.163215 9.9946E-05 9.9946E-05
9.9892E-05 9.9892E-05 9.9892E-05 9.9892E-05 9.9892E-05 9.9892E-05 0.998801 9.9892E-05 9.9892E-05 9.9892E-05 9.9892E-05 9.9892E-05 9.9892E-05
9.9919E-05 9.9919E-05 9.9919E-05 9.9919E-05 9.9919E-05 9.9919E-05 0.027065 0.100473 9.9919E-05 9.9919E-05 9.9919E-05 0.0507591 0.820804
9.9901E-05 9.9901E-05 9.9901E-05 9.9901E-05 0.0824907 9.9901E-05 9.9901E-05 9.9901E-05 9.9901E-05 9.9901E-05 9.9901E-05 0.91641 9.9901E-05
9.9946E-05 0.0956087 9.9946E-05 0.0277575 0.00544235 9.9946E-05 9.9946E-05 0.738691 0.0217026 0.0457491 9.9946E-05 0.0644487 9.9946E-05
0.104231 0.0657939 9.9937E-05 9.9937E-05 9.9937E-05 9.9937E-05 9.9937E-05 0.0167058 9.9937E-05 0.0524895 9.9937E-05 0.663959 0.0961219
9.9928E-05 9.9928E-05 9.9928E-05 9.9928E-05 9.9928E-05 9.9928E-05 0.15853 0.539455 9.9928E-05 9.9928E-05 0.0287522 0.155401 0.117063
9.9919E-05 9.9919E-05 9.9919E-05 9.9919E-05 9.9919E-05 9.9919E-05 0.0637669 0.589937 9.9919E-05 9.9919E-05 9.9919E-05 0.30422 0.041177
9.99276E-05 9.99276E-05 0.0960168 9.99276E-05 9.99276E-05 9.99276E-05 9.99276E-05 0.666397 0.154266 9.99276E-05 9.99276E-05 9.99276E-05 0.0824213
0.0349059 9.9955E-05 9.9955E-05 0.0473988 9.9955E-05 0.0760511 0.0327552 0.180245 9.9955E-05 0.0147331 9.9955E-05 0.534033 0.0793783
9.99101E-05 0.0469924 0.0453743 9.99101E-05 9.99101E-05 9.99101E-05 9.99101E-05 0.906634 9.99101E-05 9.99101E-05 9.99101E-05 9.99101E-05 9.99101E-05
0.00259628 0.0226462 0.0358953 9.9964E-05 9.9964E-05 9.9964E-05 0.019815 0.794475 0.0761181 0.0135974 0.0293839 0.00507324 9.9964E-05
9.9937E-05 9.9937E-05 9.9937E-05 9.9937E-05 0.130661 0.0215374 0.139392 0.202712 9.9937E-05 9.9937E-05 0.217193 9.9937E-05 0.287805
9.98921E-05 9.98921E-05 9.98921E-05 9.98921E-05 9.98921E-05 9.98921E-05 9.98921E-05 9.98921E-05 9.98921E-05 9.98921E-05 9.98921E-05 0.998801 9.98921E-05
9.98921E-05 9.98921E-05 9.98921E-05 9.98921E-05 9.98921E-05 9.98921E-05 9.98921E-05 0.998801 9.98921E-05 9.98921E-05 9.98921E-05 9.98921E-05 9.98921E-05
9.9928E-05 0.0550029 9.9928E-05 9.9928E-05 9.9928E-05 9.9928E-05 9.9928E-05 0.342334 0.113957 9.9928E-05 9.9928E-05 0.27215 0.215755
9.9946E-05 9.9946E-05 0.0828586 0.00378397 9.9946E-05 9.9946E-05 9.9946E-05 0.390595 0.124942 9.9946E-05 0.0591946 0.195661 0.142365
9.9919E-05 9.9919E-05 0.0643488 9.9919E-05 9.9919E-05 0.0342487 0.0324362 9.9919E-05 9.9919E-05 9.9919E-05 9.9919E-05 9.9919E-05 0.868067
9.9955E-05 0.037931 9.9955E-05 9.9955E-05 9.9955E-05 0.0230032 0.0489069 9.9955E-05 0.269293 0.0270621 0.00770909 0.176121 0.409473
9.9919E-05 9.9919E-05 0.0561398 9.9919E-05 9.9919E-05 9.9919E-05 9.9919E-05 9.9919E-05 0.130238 9.9919E-05 9.9919E-05 0.166882 0.645841
9.9919E-05 9.9919E-05 0.125312 9.9919E-05 9.9919E-05 9.9919E-05 9.9919E-05 9.9919E-05 0.142628 9.9919E-05 9.9919E-05 0.501586 0.229573
9.9901E-05 9.9901E-05 0.943041 9.9901E-05 9.9901E-05 9.9901E-05 9.9901E-05 9.9901E-05 0.0558598 9.9901E-05 9.9901E-05 9.9901E-05 9.9901E-05
9.9892E-05 9.9892E-05 0.998801 9.9892E-05 9.9892E-05 9.9892E-05 9.9892E-05 9.9892E-05 9.9892E-05 9.9892E-05 9.9892E-05 9.9892E-05 9.9892E-05
0.552274 9.9928E-05 9.9928E-05 0.0445023 9.9928E-05 9.9928E-05 9.9928E-05 9.9928E-05 0.145965 0.00329773 9.9928E-05 9.9928E-05 0.253162
0.368612 9.991E-05 9.991E-05 9.991E-05 9.991E-05 0.324433 9.991E-05 9.991E-05 9.991E-05 9.991E-05 9.991E-05 9.991E-05 0.305955
0.168927 9.9919E-05 0.179918 9.9919E-05 9.9919E-05 9.9919E-05 0.0190616 9.9919E-05 9.9919E-05 9.9919E-05 9.9919E-05 9.9919E-05 0.631194
0.998801 9.98921E-05 9.98921E-05 9.98921E-05 9.98921E-05 9.98921E-05 9.98921E-05 9.98921E-05 9.98921E-05 9.98921E-05 9.98921E-05 9.98921E-05 9.98921E-05
0.487925 9.9955E-05 9.9955E-05 0.0120038 0.141092 0.0237522 9.9955E-05 0.0612172 0.00508646 9.9955E-05 0.0777895 9.9955E-05 0.190634
0.730556 9.9928E-05 0.07812 9.9928E-05 9.9928E-05 0.0115979 9.9928E-05 9.9928E-05 0.0292341 9.9928E-05 9.9928E-05 0.149693 9.9928E-05
0.928126 9.9919E-05 9.9919E-05 9.9919E-05 9.9919E-05 0.0132385 0.0408378 0.0168984 9.9919E-05 9.9919E-05 9.9919E-05 9.9919E-05 9.9919E-05
0.472364 0.00374813 9.9964E-05 9.9964E-05 9.9964E-05 0.0412777 0.0533864 9.9964E-05 0.289285 0.0144069 0.0228664 0.0906738 0.0115918
0.615087 9.99191E-05 0.208052 0.170321 0.00563974 9.99191E-05 9.99191E-05 9.99191E-05 9.99191E-05 9.99191E-05 9.99191E-05 9.99191E-05 9.99191E-05
0.165611 0.0848106 9.9937E-05 9.9937E-05 9.9937E-05 0.0315018 9.9937E-05 9.9937E-05 0.297757 9.9937E-05 0.104778 9.9937E-05 0.314843
0.11185 0.00229603 0.0670392 0.0651594 9.9937E-05 9.9937E-05 9.9937E-05 9.9937E-05 0.124931 9.9937E-05 9.9937E-05 9.9937E-05 0.628025
0.212271 9.9937E-05 9.9937E-05 0.00381225 9.9937E-05 0.242722 9.9937E-05 9.9937E-05 0.0212746 0.0358598 9.9937E-05 9.9937E-05 0.483362
9.99371E-05 0.00634986 0.275988 9.99371E-05 9.99371E-05 0.559374 0.0511379 9.99371E-05 0.104809 9.99371E-05 9.99371E-05 0.00164204 9.99371E-05
9.995E-05 9.995E-05 0.0649048 0.638961 9.995E-05 0.0379205 9.995E-05 9.995E-05 0.0641855 0.00630392 0.0353485 0.0496552 0.10222
0.166366 9.9937E-05 0.0737222 0.669713 9.9937E-05 9.9937E-05 0.012086 0.0578846 9.9937E-05 0.0195283 9.9937E-05 9.9937E-05 9.9937E-05
9.9901E-05 9.9901E-05 9.9901E-05 0.874448 9.9901E-05 9.9901E-05 9.9901E-05 9.9901E-05 0.124453 9.9901E-05 9.9901E-05 9.9901E-05 9.9901E-05
9.99279E-05 0.127491 9.99279E-05 0.409728 0.00711873 9.99279E-05 9.99279E-05 9.99279E-05 9.99279E-05 9.99279E-05 9.99279E-05 9.99279E-05 0.454763
0.207558 0.001446 9.9937E-05 0.460676 0.134339 9.9937E-05 0.0332837 9.9937E-05 0.161998 9.9937E-05 9.9937E-05 9.9937E-05 9.9937E-05
9.9919E-05 9.9919E-05 0.0290631 0.141029 9.9919E-05 0.738391 9.9919E-05 9.9919E-05 0.0906176 9.9919E-05 9.9919E-05 9.9919E-05 9.9919E-05
9.99101E-05 9.99101E-05 9.99101E-05 0.0873399 0.0131809 0.89848 9.99101E-05 9.99101E-05 9.99101E-05 9.99101E-05 9.99101E-05 9.99101E-05 9.99101E-05
9.99191E-05 9.99191E-05 9.99191E-05 0.115351 9.99191E-05 0.795723 9.99191E-05 9.99191E-05 0.0752457 9.99191E-05 9.99191E-05 0.0127802 9.99191E-05
9.991E-05 9.991E-05 9.991E-05 9.991E-05 9.991E-05 0.981421 9.991E-05 9.991E-05 0.00484374 9.991E-05 9.991E-05 9.991E-05 0.0127361
0.0152152 0.00478169 0.00175472 0.941291 9.9937E-05 0.000728244 9.9937E-05 0.0355297 9.9937E-05 9.9937E-05 9.9937E-05 9.9937E-05 9.9937E-05
9.99011E-05 9.99011E-05 9.99011E-05 0.951775 9.99011E-05 9.99011E-05 9.99011E-05 9.99011E-05 9.99011E-05 0.0471259 9.99011E-05 9.99011E-05 9.99011E-05
9.9973E-05 0.0167577 0.0343392 0.0607043 0.00896889 0.0341846 0.0223991 0.016695 0.729528 0.00793218 9.9973E-05 9.9973E-05 0.0681913
9.9955E-05 0.0440844 0.0384027 0.107718 0.0293479 9.9955E-05 0.0611937 0.0263182 0.659018 9.9955E-05 9.9955E-05 9.9955E-05 0.0334168
9.9964E-05 0.0725025 9.9964E-05 0.142592 0.0168055 0.00792278 0.0617864 9.9964E-05 0.635734 9.9964E-05 0.0235807 0.0137973 0.0248784
0.0211635 9.9946E-05 0.0131446 9.9946E-05 0.123932 9.9946E-05 0.0119552 9.9946E-05 0.618296 9.9946E-05 0.0311102 9.9946E-05 0.179799
9.9928E-05 9.9928E-05 0.0754966 0.0360323 9.9928E-05 0.150238 9.9928E-05 0.0338276 0.703606 9.9928E-05 9.9928E-05 9.9928E-05 9.9928E-05
0.49545 0.0133371 9.9928E-05 9.9928E-05 9.9928E-05 9.9928E-05 9.9928E-05 9.9928E-05 0.388219 0.0982694 0.00392498 9.9928E-05 9.9928E-05
0.035343 0.00329945 0.000131997 9.9955E-05 0.00220223 0.130562 0.0246706 9.9955E-05 0.745956 9.9955E-05 0.0573356 9.9955E-05 9.9955E-05
9.99191E-05 9.99191E-05 9.99191E-05 0.0189674 9.99191E-05 9.99191E-05 0.0146269 9.99191E-05 0.938762 0.0267447 9.99191E-05 9.99191E-05 9.99191E-05
0.00840285 0.00292906 9.9937E-05 9.9937E-05 9.9937E-05 0.0292873 9.9937E-05 0.0250745 0.887508 9.9937E-05 9.9937E-05 9.9937E-05 0.0460984
9.99011E-05 9.99011E-05 9.99011E-05 9.99011E-05 9.99011E-05 9.99011E-05 9.99011E-05 9.99011E-05 0.972324 9.99011E-05 9.99011E-05 0.0265771 9.99011E-05
0.0334567 0.0113725 9.99101E-05 9.99101E-05 9.99101E-05 9.99101E-05 9.99101E-05 9.99101E-05 0.954172 9.99101E-05 9.99101E-05 9.99101E-05 9.99101E-05
9.9928E-05 0.00623626 0.00260021 9.9928E-05 9.9928E-05 9.9928E-05 9.9928E-05 9.9928E-05 0.953385 9.9928E-05 9.9928E-05 0.0283436 0.00863503
9.98921E-05 9.98921E-05 9.98921E-05 9.98921E-05 9.98921E-05 9.98921E-05 9.98921E-05 9.98921E-05 0.998801 9.98921E-05 9.98921E-05 9.98921E-05 9.98921E-05
9.99011E-05 9.99011E-05 9.99011E-05 0.0341682 9.99011E-05 9.99011E-05 9.99011E-05 9.99011E-05 0.964733 9.99011E-05 9.99011E-05 9.99011E-05 9.99011E-05
9.99191E-05 9.99191E-05 0.0164345 9.99191E-05 9.99191E-05 9.99191E-05 9.99191E-05 0.00324244 0.965001 0.0144233 9.99191E-05 9.99191E-05 9.99191E-05
0.246844 9.9946E-05 0.0297729 9.9946E-05 0.0451934 9.9946E-05 9.9946E-05 0.0122428 0.565472 0.0346915 0.0651843 9.9946E-05 9.9946E-05
9.99101E-05 9.99101E-05 9.99101E-05 0.0260648 0.0657309 9.99101E-05 9.99101E-05 9.99101E-05 0.907205 9.99101E-05 9.99101E-05 9.99101E-05 9.99101E-05
9.9937E-05 9.9937E-05 0.0522314 9.9937E-05 9.9937E-05 0.208906 9.9937E-05 9.9937E-05 0.594717 0.0582639 0.0202723 9.9937E-05 0.0649099
9.9964E-05 0.0095209 9.9964E-05 9.9964E-05 9.9964E-05 0.0425327 0.0143223 0.0193667 0.281364 0.568201 0.00612517 0.034583 0.0235846
9.9892E-05 9.9892E-05 9.9892E-05 9.9892E-05 9.9892E-05 9.9892E-05 9.9892E-05 9.9892E-05 9.9892E-05 0.998801 9.9892E-05 9.9892E-05 9.9892E-05
0.0332941 0.0212703 9.9946E-05 9.9946E-05 9.9946E-05 0.130045 9.9946E-05 9.9946E-05 0.543519 0.0686259 9.9946E-05 0.128007 0.0746394
