9.995E-05 0.9994 9.995E-05 9.995E-05 9.995E-05 9.995E-05 9.995E-05
0.0849198 0.369383 9.9973E-05 0.0903337 9.9973E-05 9.9973E-05 0.455064
0.126283 0.36169 9.9973E-05 0.0671084 9.9973E-05 9.9973E-05 0.444619
9.99551E-05 0.308512 9.99551E-05 9.99551E-05 9.99551E-05 9.99551E-05 0.690988
9.9973E-05 0.128451 0.117031 9.9973E-05 0.0339273 9.9973E-05 0.720291
0.0411535 0.209348 9.9982E-05 0.000614444 0.00177461 9.9982E-05 0.74691
9.9955E-05 0.371871 9.9955E-05 9.9955E-05 9.9955E-05 9.9955E-05 0.627629
0.0566361 0.359263 0.00328784 9.9973E-05 9.9973E-05 9.9973E-05 0.580513
0.0366108 0.273761 0.0378977 9.9973E-05 9.9973E-05 9.9973E-05 0.65143
9.995E-05 0.9994 9.995E-05 9.995E-05 9.995E-05 9.995E-05 9.995E-05
9.995E-05 0.9994 9.995E-05 9.995E-05 9.995E-05 9.995E-05 9.995E-05
9.995E-05 0.9994 9.995E-05 9.995E-05 9.995E-05 9.995E-05 9.995E-05
9.9955E-05 0.992275 9.9955E-05 0.00722512 9.9955E-05 9.9955E-05 9.9955E-05
9.9955E-05 0.945646 9.9955E-05 9.9955E-05 0.0538544 9.9955E-05 9.9955E-05
0.0455442 0.914982 9.9991E-05 0.0146919 0.0134417 0.0066271 0.00461331
0.0798108 0.192358 0.0427936 9.9973E-05 9.9973E-05 9.9973E-05 0.684738
0.12794 0.277514 0.000548519 0.0562374 0.104326 0.0251443 0.40829
9.99551E-05 0.280297 9.99551E-05 9.99551E-05 9.99551E-05 9.99551E-05 0.719203
9.99641E-05 0.0110962 9.99641E-05 9.99641E-05 0.00331767 9.99641E-05 0.985186
9.99551E-05 9.99551E-05 9.99551E-05 9.99551E-05 0.0530461 9.99551E-05 0.946454
9.9964E-05 0.115644 0.0179723 9.9964E-05 9.9964E-05 9.9964E-05 0.865984
0.0393041 0.0382285 9.9982E-05 0.000132779 0.0838303 9.9982E-05 0.838304
9.9964E-05 0.0343533 9.9964E-05 9.9964E-05 0.0684231 9.9964E-05 0.896824
9.9964E-05 0.0818363 9.9964E-05 9.9964E-05 0.0012484 9.9964E-05 0.916515
9.99551E-05 0.0596793 9.99551E-05 9.99551E-05 9.99551E-05 9.99551E-05 0.939821
9.9982E-05 0.00457556 0.0324551 9.9982E-05 0.0306796 0.0230226 0.909067
0.0418495 0.0299394 0.072168 9.9982E-05 0.0197613 9.9982E-05 0.836082
9.99551E-05 0.0625868 9.99551E-05 9.99551E-05 9.99551E-05 9.99551E-05 0.936913
9.9973E-05 0.0957285 9.9973E-05 9.9973E-05 0.0429255 0.0148407 0.846205
9.9955E-05 0.0923736 9.9955E-05 9.9955E-05 9.9955E-05 9.9955E-05 0.907127
9.99641E-05 0.103075 9.99641E-05 9.99641E-05 0.0217698 9.99641E-05 0.874755
9.9973E-05 0.028115 9.9973E-05 9.9973E-05 0.0142821 0.0402031 0.9171
0.0710821 0.0266779 9.9973E-05 9.9973E-05 0.0293444 9.9973E-05 0.872596
0.0647772 0.0858842 9.9982E-05 9.9982E-05 0.0102794 0.0709713 0.767888
9.9964E-05 0.0547978 9.9964E-05 9.9964E-05 0.1135 9.9964E-05 0.831302
9.9955E-05 0.131972 9.9955E-05 9.9955E-05 9.9955E-05 9.9955E-05 0.867528
9.9964E-05 9.9964E-05 0.005657 9.9964E-05 0.0197601 9.9964E-05 0.974183
0.0174134 0.0212098 0.049944 0.0112858 0.064897 0.0164607 0.818789
0.0442895 0.0406592 0.091291 0.0620814 9.9982E-05 9.9982E-05 0.761479
9.9982E-05 0.00881343 0.0240718 0.062598 0.0175749 9.9982E-05 0.886742
0.0756539 9.9982E-05 0.0500232 0.0888163 9.9982E-05 0.135682 0.649625
0.0998535 9.9991E-05 0.0841931 0.0299116 0.0253702 0.0930003 0.667571
0.104635 0.0539855 9.9982E-05 0.0408327 9.9982E-05 0.103683 0.696664
0.0580051 9.9982E-05 0.065368 0.0545795 9.9982E-05 0.0856868 0.736161
0.0948386 9.9982E-05 0.0840272 0.000986599 9.9982E-05 0.0785501 0.741397
0.062162 9.9964E-05 0.0281135 9.9964E-05 9.9964E-05 9.9964E-05 0.909325
0.0554584 9.9973E-05 0.038651 9.9973E-05 9.9973E-05 0.0148867 0.890704
0.0307185 9.9991E-05 0.0138163 0.0048306 0.0618782 0.0370639 0.851593
0.0657364 0.0613372 0.104514 9.9982E-05 9.9982E-05 0.139621 0.628591
0.0113228 0.119842 9.9982E-05 0.037446 9.9982E-05 0.0884925 0.742697
0.0773563 0.0411649 0.0633819 0.0511154 9.9991E-05 0.032186 0.734696
0.0637049 9.9982E-05 0.00276048 9.9982E-05 0.052254 0.0562878 0.824793
0.0526255 0.0175021 0.0506967 9.9991E-05 0.0130729 0.0543749 0.811628
0.00248832 0.0499909 0.049798 0.0185212 0.111242 0.094012 0.673947
0.0169912 0.0382234 0.0478411 0.045765 0.0719012 0.0927917 0.686487
0.136444 9.9982E-05 0.0498622 0.0177461 9.9982E-05 0.10811 0.687638
0.110768 0.0563532 0.143203 9.9991E-05 0.010048 0.110257 0.56927
0.0411258 9.9982E-05 0.0863016 0.0334154 9.9982E-05 0.116489 0.722468
0.0747347 9.9973E-05 0.0433603 9.9973E-05 9.9973E-05 0.00595152 0.875654
0.0662126 0.0250954 0.104911 0.0533883 0.00132292 0.0247307 0.724339
0.00868642 0.00249824 0.102852 9.9991E-05 0.0233056 0.11103 0.751528
9.9982E-05 9.9982E-05 0.0515703 0.0761221 0.0374205 0.173044 0.661644
0.0613841 9.9991E-05 0.0734009 0.0714281 0.00577544 0.0671044 0.720807
0.115738 9.9991E-05 0.0666728 0.0026151 0.0733014 0.166616 0.574957
9.9973E-05 9.9973E-05 0.0596467 0.030496 9.9973E-05 0.120307 0.789251
0.0946467 9.9982E-05 0.0285688 9.9982E-05 0.109897 0.106744 0.659943
0.0247884 9.9982E-05 0.0571385 0.0867872 9.9982E-05 0.131316 0.69977
0.107105 0.0259565 9.9991E-05 0.0432988 0.132968 0.159832 0.53074
0.0391089 0.00170784 0.0237334 0.0139243 0.0398933 0.0577488 0.823884
0.10372 9.9982E-05 9.9982E-05 0.0192923 0.0916707 0.128691 0.656426
0.0711357 0.00863324 9.9982E-05 0.0946353 9.9982E-05 0.0898957 0.7355
0.123937 9.9991E-05 0.0843645 0.07717 0.0681804 0.110789 0.535459
0.0471238 0.0477377 0.0703875 9.9991E-05 0.0448264 0.0590995 0.730725
0.0354233 0.0287353 0.0912702 9.9991E-05 0.0121682 0.0726003 0.759703
0.0388818 0.0100635 0.0375937 0.0417367 0.0757752 0.17122 0.624729
0.0120643 9.9991E-05 0.11877 0.00561997 0.0628523 0.106301 0.694293
0.0922878 9.9982E-05 0.0355524 0.0742894 9.9982E-05 0.0870458 0.710625
0.0680351 9.9982E-05 9.9982E-05 0.145895 0.155786 0.0713095 0.558774
0.126289 9.9991E-05 0.127435 0.12159 0.0710104 0.143235 0.41034
0.0669801 9.9991E-05 0.0899446 0.14858 0.107202 0.165749 0.421444
0.100631 9.9991E-05 0.0792577 0.106275 0.0808789 0.237314 0.395543
0.0711695 9.9991E-05 0.122691 0.213266 0.0942444 0.119884 0.378645
0.0820131 9.9991E-05 0.110894 0.137041 0.0786174 0.15474 0.436595
0.0611412 9.9982E-05 0.0620006 0.127041 9.9982E-05 0.182608 0.567009
0.0891769 9.9991E-05 0.103824 0.203902 0.0573155 0.100474 0.445208
0.150008 9.9991E-05 0.0422782 0.221115 0.0447024 0.127723 0.414074
0.117911 0.0424176 0.0787339 0.095714 0.0265707 0.161353 0.4773
9.9973E-05 9.9973E-05 0.0849052 0.158482 9.9973E-05 0.213958 0.542355
0.144677 0.01747 0.141884 0.119131 0.125429 0.124969 0.32644
0.111068 9.9991E-05 0.145428 0.143334 0.0312423 0.201178 0.367649
0.094258 0.0338494 0.0152809 0.128635 0.191011 0.131339 0.405627
0.0795843 0.0126971 9.9991E-05 0.103348 0.18612 0.180243 0.437908
0.0827654 0.00838033 0.211744 0.242536 0.00124494 0.141965 0.311365
9.995E-05 9.995E-05 9.995E-05 0.9994 9.995E-05 9.995E-05 9.995E-05
9.9964E-05 0.0274419 9.9964E-05 0.929076 9.9964E-05 9.9964E-05 0.0430825
9.9973E-05 0.00435035 9.9973E-05 0.891957 0.0373388 9.9973E-05 0.0660538
0.000705325 9.9955E-05 9.9955E-05 0.998795 9.9955E-05 9.9955E-05 9.9955E-05
9.995E-05 9.995E-05 9.995E-05 0.9994 9.995E-05 9.995E-05 9.995E-05
9.995E-05 9.995E-05 9.995E-05 0.9994 9.995E-05 9.995E-05 9.995E-05
9.995E-05 9.995E-05 9.995E-05 0.9994 9.995E-05 9.995E-05 9.995E-05
0.0326063 9.9973E-05 9.9973E-05 0.896582 9.9973E-05 0.00262356 0.0678884
9.995E-05 9.995E-05 9.995E-05 0.9994 9.995E-05 9.995E-05 9.995E-05
9.995E-05 9.995E-05 9.995E-05 0.9994 9.995E-05 9.995E-05 9.995E-05
0.0975741 9.9991E-05 0.160824 0.109413 0.0631245 0.309314 0.25965
9.9964E-05 9.9964E-05 0.0376891 0.91293 0.0489814 9.9964E-05 9.9964E-05
9.9955E-05 9.9955E-05 0.00536934 0.994131 9.9955E-05 9.9955E-05 9.9955E-05
9.9955E-05 9.9955E-05 0.0196684 0.979832 9.9955E-05 9.9955E-05 9.9955E-05
0.0399787 9.9991E-05 0.148551 0.143566 0.0803491 0.312243 0.275212
0.0877038 9.9991E-05 0.1257 0.124799 0.0753394 0.267898 0.31846
0.0971294 9.9991E-05 0.163572 0.154074 0.0934495 0.241089 0.250586
0.0561601 9.9991E-05 0.144585 0.199094 0.0702121 0.255017 0.274831
0.0779912 9.9991E-05 0.105376 0.176119 0.104954 0.30138 0.23408
0.0237867 9.9991E-05 0.057499 0.109401 0.146001 0.253759 0.409452
0.0695728 9.9991E-05 0.0537728 0.212062 0.130637 0.213916 0.31994
0.0115967 9.9991E-05 0.097821 0.152072 0.128308 0.300981 0.309122
0.0966053 9.9991E-05 0.0779196 0.294251 0.149505 0.175369 0.20625
0.0860385 9.9991E-05 0.0617034 0.217727 0.156534 0.232163 0.245733
0.0575362 9.9991E-05 0.122603 0.133093 0.0933319 0.222523 0.370813
0.0571568 9.9991E-05 0.105316 0.214783 0.183801 0.122845 0.315998
0.118501 0.0268898 0.155751 0.0637559 0.119158 0.25978 0.256164
0.0665408 9.9991E-05 0.0984878 0.163742 0.0615981 0.267369 0.342162
0.0183286 9.9964E-05 9.9964E-05 9.9964E-05 0.0333869 0.947885 9.9964E-05
9.9973E-05 0.0141641 0.0431374 9.9973E-05 0.0302854 0.912113 9.9973E-05
9.995E-05 9.995E-05 9.995E-05 9.995E-05 9.995E-05 0.9994 9.995E-05
9.995E-05 9.995E-05 9.995E-05 9.995E-05 9.995E-05 0.9994 9.995E-05
9.995E-05 9.995E-05 9.995E-05 9.995E-05 9.995E-05 0.9994 9.995E-05
9.995E-05 9.995E-05 9.995E-05 9.995E-05 9.995E-05 0.9994 9.995E-05
9.995E-05 9.995E-05 9.995E-05 9.995E-05 9.995E-05 0.9994 9.995E-05
9.9973E-05 0.0269855 9.9973E-05 9.9973E-05 0.116022 0.762756 0.0939362
9.995E-05 9.995E-05 9.995E-05 9.995E-05 9.995E-05 0.9994 9.995E-05
9.995E-05 9.995E-05 9.995E-05 9.995E-05 9.995E-05 0.9994 9.995E-05
9.9973E-05 0.00654263 9.9973E-05 0.0293043 0.0884928 0.87536 9.9973E-05
9.995E-05 9.995E-05 9.995E-05 9.995E-05 9.995E-05 0.9994 9.995E-05
0.0487795 0.00353858 0.0403436 9.9991E-05 0.00292384 0.80196 0.102355
0.9994 9.995E-05 9.995E-05 9.995E-05 9.995E-05 9.995E-05 9.995E-05
0.108635 9.9991E-05 0.100562 0.227092 0.0910347 0.229641 0.242935
0.9994 9.995E-05 9.995E-05 9.995E-05 9.995E-05 9.995E-05 9.995E-05
0.9994 9.995E-05 9.995E-05 9.995E-05 9.995E-05 9.995E-05 9.995E-05
0.935883 9.9964E-05 9.9964E-05 0.0157129 0.0480042 9.9964E-05 9.9964E-05
0.791274 9.9982E-05 0.00725299 9.9982E-05 0.01881 0.0717395 0.110723
0.9994 9.995E-05 9.995E-05 9.995E-05 9.995E-05 9.995E-05 9.995E-05
0.918772 9.9964E-05 9.9964E-05 9.9964E-05 0.0126394 9.9964E-05 0.0681891
0.961772 0.0152852 9.9964E-05 9.9964E-05 0.0225431 9.9964E-05 9.9964E-05
0.9994 9.995E-05 9.995E-05 9.995E-05 9.995E-05 9.995E-05 9.995E-05
0.978041 9.9964E-05 0.00980899 9.9964E-05 9.9964E-05 9.9964E-05 0.0117503
0.9994 9.995E-05 9.995E-05 9.995E-05 9.995E-05 9.995E-05 9.995E-05
0.947321 0.00534232 9.9973E-05 0.0106412 9.9973E-05 0.0363956 9.9973E-05
0.809446 9.9991E-05 0.0847892 0.038458 0.00396014 0.0573846 0.00586185
0.950745 9.9982E-05 0.0114442 0.00814364 0.0125316 9.9982E-05 0.0169352
0.897163 9.99909E-05 0.00625517 0.0346376 0.032431 0.0226715 0.0067413
0.877505 0.00639666 0.0490603 9.9982E-05 0.0508006 9.9982E-05 0.0160376
0.882532 0.0266106 0.0396213 9.9991E-05 0.0274008 0.00785573 0.0158791
0.943399 0.00983768 9.9982E-05 0.00713075 0.00382048 0.0356117 9.9982E-05
0.0741663 0.0283259 0.32442 0.124115 0.118383 0.137019 0.193572
0.0931029 0.0227422 0.267518 0.114036 0.103013 0.106162 0.293426
0.0745558 0.0344582 0.326473 0.150166 0.12 0.106978 0.187368
0.0916043 0.0492917 0.269939 0.100903 0.135573 0.154376 0.198313
0.00010985 9.9973E-05 9.9973E-05 9.9973E-05 0.937389 0.00302948 0.0591713
9.995E-05 9.995E-05 9.995E-05 9.995E-05 0.9994 9.995E-05 9.995E-05
9.9955E-05 9.9955E-05 0.0310497 9.9955E-05 0.968451 9.9955E-05 9.9955E-05
9.995E-05 9.995E-05 9.995E-05 9.995E-05 0.9994 9.995E-05 9.995E-05
0.0045725 9.9964E-05 0.00713439 9.9964E-05 0.987893 9.9964E-05 9.9964E-05
9.9964E-05 9.9964E-05 0.0333863 0.0181428 0.948071 9.9964E-05 9.9964E-05
9.9955E-05 9.9955E-05 0.0143202 9.9955E-05 0.98518 9.9955E-05 9.9955E-05
0.0131524 0.0259112 0.00307413 9.9991E-05 0.789995 0.0217589 0.146008
0.0203931 0.00739005 9.9973E-05 9.9973E-05 0.828496 9.9973E-05 0.143421
9.995E-05 9.995E-05 0.9994 9.995E-05 9.995E-05 9.995E-05 9.995E-05
9.995E-05 9.995E-05 0.9994 9.995E-05 9.995E-05 9.995E-05 9.995E-05
9.995E-05 9.995E-05 0.9994 9.995E-05 9.995E-05 9.995E-05 9.995E-05
9.995E-05 9.995E-05 0.9994 9.995E-05 9.995E-05 9.995E-05 9.995E-05
9.995E-05 9.995E-05 0.9994 9.995E-05 9.995E-05 9.995E-05 9.995E-05
9.9973E-05 0.00435784 0.926893 9.9973E-05 0.0230557 9.9973E-05 0.0453938
9.995E-05 9.995E-05 0.9994 9.995E-05 9.995E-05 9.995E-05 9.995E-05
9.995E-05 9.995E-05 0.9994 9.995E-05 9.995E-05 9.995E-05 9.995E-05
9.9955E-05 9.9955E-05 0.998387 0.00111312 9.9955E-05 9.9955E-05 9.9955E-05
0.0418106 9.9955E-05 0.95769 9.9955E-05 9.9955E-05 9.9955E-05 9.9955E-05
9.995E-05 9.995E-05 0.9994 9.995E-05 9.995E-05 9.995E-05 9.995E-05
0.00829501 9.9964E-05 0.971334 0.0199711 9.9964E-05 9.9964E-05 9.9964E-05
