9.995E-05 0.9994 9.995E-05 9.995E-05 9.995E-05 9.995E-05 9.995E-05
9.9973E-05 0.354729 0.526637 0.0451353 0.0731997 9.9973E-05 9.9973E-05
9.9973E-05 0.379383 0.473827 0.0875954 0.058895 9.9973E-05 9.9973E-05
9.99551E-05 0.272005 0.727495 9.99551E-05 9.99551E-05 9.99551E-05 9.99551E-05
0.00396734 0.1533 0.809176 0.00726136 9.9982E-05 0.0260952 9.9982E-05
0.0145371 0.19186 0.779056 0.00166501 0.0126824 9.9982E-05 9.9982E-05
9.9955E-05 0.356981 0.642519 9.9955E-05 9.9955E-05 9.9955E-05 9.9955E-05
9.9964E-05 0.358373 0.547849 0.0933776 9.9964E-05 9.9964E-05 9.9964E-05
9.9973E-05 0.294632 0.640441 0.0190301 0.0455965 9.9973E-05 9.9973E-05
9.995E-05 0.9994 9.995E-05 9.995E-05 9.995E-05 9.995E-05 9.995E-05
9.995E-05 0.9994 9.995E-05 9.995E-05 9.995E-05 9.995E-05 9.995E-05
9.995E-05 0.9994 9.995E-05 9.995E-05 9.995E-05 9.995E-05 9.995E-05
9.995E-05 0.9994 9.995E-05 9.995E-05 9.995E-05 9.995E-05 9.995E-05
0.0391603 0.916807 0.00384677 9.9973E-05 9.9973E-05 0.0398865 9.9973E-05
0.0276088 0.971891 9.9955E-05 9.9955E-05 9.9955E-05 9.9955E-05 9.9955E-05
9.999E-05 0.211553 0.705776 0.043658 0.00382065 0.00158882 0.0335037
0.0822884 0.224506 0.491733 0.0910349 0.066417 0.0439211 9.9991E-05
9.99551E-05 0.238656 0.760844 9.99551E-05 9.99551E-05 9.99551E-05 9.99551E-05
0.0498014 0.00201904 0.94778 9.99641E-05 9.99641E-05 9.99641E-05 9.99641E-05
0.0134464 9.99551E-05 0.986054 9.99551E-05 9.99551E-05 9.99551E-05 9.99551E-05
9.9964E-05 0.0956359 0.887567 9.9964E-05 9.9964E-05 0.0163969 9.9964E-05
0.0722638 0.0282814 0.899055 9.9964E-05 9.9964E-05 9.9964E-05 9.9964E-05
0.0363837 0.0196553 0.943561 9.9964E-05 9.9964E-05 9.9964E-05 9.9964E-05
0.0157935 0.0498811 0.933926 9.9964E-05 9.9964E-05 9.9964E-05 9.9964E-05
9.99551E-05 0.0305782 0.968922 9.99551E-05 9.99551E-05 9.99551E-05 9.99551E-05
9.9973E-05 0.0203908 0.899168 9.9973E-05 9.9973E-05 0.0486337 0.0315078
0.0171544 0.0247145 0.826461 0.060659 9.9982E-05 0.0708117 9.9982E-05
9.99551E-05 0.0363536 0.963147 9.99551E-05 9.99551E-05 9.99551E-05 9.99551E-05
0.0188386 0.0869929 0.845663 0.0189076 0.00153935 9.9991E-05 0.0279589
9.9955E-05 0.0957701 0.90373 9.9955E-05 9.9955E-05 9.9955E-05 9.9955E-05
0.0283578 0.0814373 0.889805 9.99641E-05 9.99641E-05 9.99641E-05 9.99641E-05
9.9973E-05 0.042817 0.909976 9.9973E-05 9.9973E-05 0.014275 0.0326323
0.00984547 0.0309363 0.906077 0.00308376 0.0071243 0.0428332 9.9991E-05
9.9973E-05 0.0967897 0.809477 0.0421767 9.9973E-05 9.9973E-05 0.0512572
0.0712648 0.0221453 0.891679 0.0146108 9.9973E-05 9.9973E-05 9.9973E-05
9.9955E-05 0.111029 0.888471 9.9955E-05 9.9955E-05 9.9955E-05 9.9955E-05
0.0248585 9.9955E-05 0.974642 9.9955E-05 9.9955E-05 9.9955E-05 9.9955E-05
0.0742529 0.0082157 0.829129 0.012011 9.9982E-05 0.0761916 9.9982E-05
0.00418797 0.0188975 0.796845 0.0511384 0.0592196 0.0696114 9.9991E-05
0.0462737 0.00795687 0.869135 9.9991E-05 0.00412945 0.056111 0.0162939
9.9982E-05 9.9982E-05 0.724814 0.076985 0.0531403 0.0197326 0.125128
0.0601827 9.9991E-05 0.665024 0.093864 0.0268679 0.0390569 0.114905
9.9982E-05 0.0362939 0.727046 0.0815735 0.0524804 9.9982E-05 0.102406
9.9982E-05 9.9982E-05 0.744004 0.0445647 0.0477663 0.0591818 0.104283
0.00172857 9.9991E-05 0.757614 0.0802927 0.0012418 0.114768 0.0442547
9.9964E-05 9.9964E-05 0.904174 0.0364111 9.9964E-05 0.0590152 9.9964E-05
9.9973E-05 9.9973E-05 0.833339 0.0572671 9.9973E-05 0.0668151 0.0422792
0.0548879 9.9991E-05 0.861818 0.0319142 0.000467588 0.00758408 0.0432287
0.0273156 0.0536133 0.639356 0.0645392 9.9991E-05 0.0883015 0.126775
9.9982E-05 0.112915 0.760121 0.0254911 0.032297 9.9982E-05 0.068976
9.9991E-05 0.0164697 0.806511 0.0393459 0.0346348 0.0759134 0.0270252
0.0498443 9.9982E-05 0.809281 0.0634067 9.9982E-05 0.00440548 0.0728627
0.00891909 9.9982E-05 0.876622 0.0134184 9.9982E-05 0.0537763 0.0470638
0.0941487 0.0360578 0.68712 0.0121776 0.039154 0.0672141 0.0641273
0.0369847 0.0338418 0.691352 0.032948 0.0676066 0.0597161 0.0775505
9.9982E-05 9.9982E-05 0.713869 0.102442 0.0367091 0.0142648 0.132516
0.0224044 0.0645112 0.641037 0.0605536 0.0183399 0.117686 0.0754682
0.00716453 9.9982E-05 0.759661 9.9982E-05 0.0640284 0.0930638 0.0758826
0.0320535 9.9982E-05 0.86715 0.0287853 9.9982E-05 0.0490326 0.0227789
9.9991E-05 0.0560495 0.6264 0.0335265 0.0787675 0.172432 0.0327248
0.0381318 9.9982E-05 0.722783 9.9982E-05 0.02985 0.0822332 0.126803
0.028671 9.9973E-05 0.765181 9.9973E-05 0.0309218 9.9973E-05 0.174926
0.0226754 9.9991E-05 0.702247 0.0819555 0.0970856 0.0495766 0.0463601
0.0759568 9.9991E-05 0.600809 0.0852593 0.0750091 0.0345012 0.128365
0.0275666 9.9973E-05 0.792772 9.9973E-05 9.9973E-05 0.0617611 0.117601
0.0827113 9.9991E-05 0.65009 0.10061 0.0362491 0.0289256 0.101315
9.9982E-05 9.9982E-05 0.696198 0.0516269 0.0865205 0.0540908 0.111364
0.171426 9.9991E-05 0.533711 0.0888686 0.0514175 0.00799677 0.14648
9.9982E-05 9.9982E-05 0.828718 0.0689958 0.0210338 0.0337144 0.047338
0.0695143 9.9982E-05 0.681416 0.0999344 0.0219697 9.9982E-05 0.126966
9.9982E-05 0.038287 0.682393 0.0815918 0.0715335 9.9982E-05 0.125995
0.0512175 9.9991E-05 0.68566 0.053731 0.0441366 0.0208431 0.144312
0.0374694 0.0455146 0.733895 0.0664106 0.0257173 0.0485481 0.0424452
9.9991E-05 0.0171296 0.77269 0.0625051 0.00189714 0.116933 0.0287451
0.0823102 0.0272908 0.64605 0.0413686 0.0235066 0.015192 0.164281
0.0514605 9.9991E-05 0.704446 0.0243693 0.0312234 0.120267 0.0681339
0.0294756 9.9991E-05 0.731502 0.0628527 0.0852786 0.0573207 0.0334707
0.19555 9.9982E-05 0.533027 0.0430132 0.115912 9.9982E-05 0.112297
0.105688 9.9991E-05 0.43086 0.0671237 0.165701 0.125723 0.104804
0.0890363 9.9991E-05 0.46246 0.0600533 0.145794 0.127836 0.114721
0.0865202 9.9991E-05 0.494254 0.0844762 0.110039 0.0955912 0.129019
0.123993 9.9991E-05 0.406971 0.0619505 0.180839 0.0844621 0.141685
0.092135 9.9991E-05 0.513861 0.0501487 0.146046 0.0427175 0.154992
9.9982E-05 9.9982E-05 0.592758 0.0155892 0.155002 0.0755763 0.160874
0.0652108 0.00273398 0.385346 0.105613 0.242016 0.079607 0.119473
0.0512493 0.000720949 0.407986 0.131329 0.21787 0.091128 0.0997168
0.0233548 0.0288017 0.559896 0.0793018 0.116944 0.0688892 0.122812
9.9982E-05 9.9982E-05 0.559574 0.000257984 0.15285 0.0986247 0.188493
0.0507693 9.9991E-05 0.475793 0.101035 0.134587 0.145619 0.0920965
0.0312534 9.9991E-05 0.38349 0.10901 0.127135 0.148891 0.200121
0.292409 0.0262311 0.421515 0.0891742 0.101 9.9991E-05 0.0695707
0.262907 0.0265317 0.454965 0.0666611 0.0816382 0.00410923 0.103188
0.0313593 0.00565036 0.359445 0.0848431 0.214104 0.215291 0.0893068
9.995E-05 9.995E-05 9.995E-05 9.995E-05 0.9994 9.995E-05 9.995E-05
9.9982E-05 0.0413728 0.0055059 0.00787916 0.928733 9.9982E-05 0.0163094
0.0628651 0.0250326 0.0693309 9.9973E-05 0.842472 9.9973E-05 9.9973E-05
9.995E-05 9.995E-05 9.995E-05 9.995E-05 0.9994 9.995E-05 9.995E-05
9.995E-05 9.995E-05 9.995E-05 9.995E-05 0.9994 9.995E-05 9.995E-05
9.995E-05 9.995E-05 9.995E-05 9.995E-05 0.9994 9.995E-05 9.995E-05
9.995E-05 9.995E-05 9.995E-05 9.995E-05 0.9994 9.995E-05 9.995E-05
0.0112922 9.9973E-05 0.0497545 9.9973E-05 0.895501 0.043152 9.9973E-05
9.995E-05 9.995E-05 9.995E-05 9.995E-05 0.9994 9.995E-05 9.995E-05
9.995E-05 9.995E-05 9.995E-05 9.995E-05 0.9994 9.995E-05 9.995E-05
0.147898 9.9991E-05 0.226749 0.123581 0.112897 0.102731 0.286044
0.0531867 0.00485967 0.0615132 0.000188058 0.865696 0.0144567 9.9991E-05
9.995E-05 9.995E-05 9.995E-05 9.995E-05 0.9994 9.995E-05 9.995E-05
9.995E-05 9.995E-05 9.995E-05 9.995E-05 0.9994 9.995E-05 9.995E-05
0.131945 9.9991E-05 0.269842 0.045437 0.131978 0.150879 0.26982
0.111003 9.9991E-05 0.292893 0.0826076 0.140511 0.104953 0.267933
0.17369 0.0185496 0.243724 0.0899211 0.145656 0.0907693 0.23769
0.122536 9.9991E-05 0.247072 0.0969014 0.181127 0.103497 0.248767
0.117792 9.9991E-05 0.26352 0.050662 0.163655 0.122599 0.281672
0.165347 9.9982E-05 0.390019 9.9982E-05 0.0990698 0.102175 0.243189
0.153671 9.9991E-05 0.350338 0.0500507 0.162922 0.0686949 0.214223
0.161637 9.9991E-05 0.317171 0.018821 0.127738 0.0904992 0.284033
0.153894 9.9991E-05 0.212055 0.0888127 0.21774 0.142118 0.18528
0.14594 9.9991E-05 0.25762 0.0932675 0.18929 0.123136 0.190647
0.0920317 9.9991E-05 0.420983 0.0522151 0.160915 0.101015 0.172741
0.194582 9.9991E-05 0.328395 0.0543573 0.209286 0.122744 0.0905359
0.194352 9.9991E-05 0.301987 0.104323 0.0779988 0.107786 0.213454
0.0723013 9.9991E-05 0.385211 0.0649149 0.154738 0.0651845 0.25755
0.0443174 9.9964E-05 0.0325341 9.9964E-05 9.9964E-05 9.9964E-05 0.922749
0.0508717 0.0138498 9.9982E-05 9.9982E-05 0.00932447 0.0453856 0.880369
9.995E-05 9.995E-05 9.995E-05 9.995E-05 9.995E-05 9.995E-05 0.9994
9.995E-05 9.995E-05 9.995E-05 9.995E-05 9.995E-05 9.995E-05 0.9994
9.9964E-05 9.9964E-05 9.9964E-05 9.9964E-05 0.0136082 0.0202429 0.965749
9.995E-05 9.995E-05 9.995E-05 9.995E-05 9.995E-05 9.995E-05 0.9994
9.995E-05 9.995E-05 9.995E-05 9.995E-05 9.995E-05 9.995E-05 0.9994
0.117316 0.0571589 0.0250903 9.9982E-05 9.9982E-05 0.0116749 0.78856
9.995E-05 9.995E-05 9.995E-05 9.995E-05 9.995E-05 9.995E-05 0.9994
9.995E-05 9.995E-05 9.995E-05 9.995E-05 9.995E-05 9.995E-05 0.9994
0.098697 0.025435 9.9964E-05 9.9964E-05 9.9964E-05 9.9964E-05 0.875468
9.9955E-05 9.9955E-05 9.9955E-05 9.9955E-05 9.9955E-05 0.0131923 0.986308
0.0330701 9.9991E-05 0.108642 0.095752 0.0160909 0.0247261 0.721619
9.995E-05 9.995E-05 9.995E-05 0.9994 9.995E-05 9.995E-05 9.995E-05
0.0831973 9.9991E-05 0.268779 0.142973 0.168405 0.0906766 0.245869
9.995E-05 9.995E-05 9.995E-05 0.9994 9.995E-05 9.995E-05 9.995E-05
9.995E-05 9.995E-05 9.995E-05 0.9994 9.995E-05 9.995E-05 9.995E-05
0.061383 9.99551E-05 9.99551E-05 0.938117 9.99551E-05 9.99551E-05 9.99551E-05
9.9982E-05 9.9982E-05 0.144407 0.75623 0.0615636 0.00545752 0.032142
9.995E-05 9.995E-05 9.995E-05 0.9994 9.995E-05 9.995E-05 9.995E-05
0.0554655 9.9973E-05 9.9973E-05 0.876517 9.9973E-05 0.0325914 0.0351262
9.995E-05 9.995E-05 9.995E-05 0.9994 9.995E-05 9.995E-05 9.995E-05
9.9955E-05 9.9955E-05 9.9955E-05 0.956845 9.9955E-05 9.9955E-05 0.0426554
9.9955E-05 0.0070783 9.9955E-05 0.992422 9.9955E-05 9.9955E-05 9.9955E-05
9.9964E-05 9.9964E-05 9.9964E-05 0.97526 0.0109473 9.9964E-05 0.0133929
9.9973E-05 9.9973E-05 0.0270955 0.91816 9.9973E-05 0.0253654 0.0290792
0.0146612 9.9991E-05 0.0217435 0.814376 0.0478222 0.0532619 0.0480354
0.0431677 0.00173713 0.0197008 0.899607 0.0171007 0.0185869 9.9991E-05
0.0275697 0.0203716 0.0381613 0.867867 0.0358373 9.9991E-05 0.0100927
0.0359203 0.00479782 0.0069015 0.88615 9.9991E-05 0.0598965 0.00623432
9.9973E-05 0.0421734 0.0612191 0.84081 9.9973E-05 0.0554979 9.9973E-05
0.00366983 9.9964E-05 9.9964E-05 0.969363 9.9964E-05 9.9964E-05 0.0265676
0.151718 0.0150275 0.247745 0.0548221 0.118933 0.326779 0.0849759
0.114834 0.0320179 0.276066 0.0727043 0.137245 0.310717 0.0564158
0.152264 0.0301108 0.303539 0.0755599 0.120954 0.293099 0.024473
0.168183 0.0130509 0.328529 0.0933015 0.0702239 0.276684 0.0500283
0.910355 9.9973E-05 0.0400397 0.0119685 9.9973E-05 9.9973E-05 0.0373369
0.9994 9.995E-05 9.995E-05 9.995E-05 9.995E-05 9.995E-05 9.995E-05
0.9994 9.995E-05 9.995E-05 9.995E-05 9.995E-05 9.995E-05 9.995E-05
0.9994 9.995E-05 9.995E-05 9.995E-05 9.995E-05 9.995E-05 9.995E-05
0.96303 0.00107715 9.9964E-05 9.9964E-05 9.9964E-05 0.0354934 9.9964E-05
0.994743 9.9955E-05 9.9955E-05 9.9955E-05 9.9955E-05 0.00475685 9.9955E-05
0.969186 9.9964E-05 9.9964E-05 9.9964E-05 0.0101087 0.0203049 9.9964E-05
0.80831 0.0109154 0.11924 0.0328841 0.00513981 0.00124425 0.0222664
0.797044 0.0187766 0.134918 0.0393225 0.00353491 0.00630421 9.9991E-05
9.9973E-05 0.00045403 0.0122984 9.9973E-05 0.0121583 0.974789 9.9973E-05
9.995E-05 9.995E-05 9.995E-05 9.995E-05 9.995E-05 0.9994 9.995E-05
9.9955E-05 9.9955E-05 9.9955E-05 9.9955E-05 9.9955E-05 0.997387 0.00211323
9.9955E-05 0.00740509 9.9955E-05 9.9955E-05 9.9955E-05 0.992095 9.9955E-05
9.995E-05 9.995E-05 9.995E-05 9.995E-05 9.995E-05 0.9994 9.995E-05
0.000995231 0.00573798 0.0684861 9.9973E-05 9.9973E-05 0.924481 9.9973E-05
9.995E-05 9.995E-05 9.995E-05 9.995E-05 9.995E-05 0.9994 9.995E-05
9.995E-05 9.995E-05 9.995E-05 9.995E-05 9.995E-05 0.9994 9.995E-05
0.00207953 9.9964E-05 9.9964E-05 0.0084156 9.9964E-05 0.989105 9.9964E-05
0.0100418 9.9973E-05 9.9973E-05 9.9973E-05 0.00342087 0.962483 0.0237547
9.995E-05 9.995E-05 9.995E-05 9.995E-05 9.995E-05 0.9994 9.995E-05
9.9955E-05 9.9955E-05 9.9955E-05 9.9955E-05 9.9955E-05 0.996388 0.00311269
