9.995E-05 9.995E-05 0.9994 9.995E-05 9.995E-05 9.995E-05 9.995E-05
0.0807369 9.9973E-05 0.38586 9.9973E-05 9.9973E-05 0.491637 0.041466
0.0796583 9.9973E-05 0.395373 9.9973E-05 9.9973E-05 0.436948 0.087721
9.99551E-05 9.99551E-05 0.321537 9.99551E-05 9.99551E-05 0.677963 9.99551E-05
9.9973E-05 0.0110627 0.203059 9.9973E-05 0.0101308 0.775448 9.9973E-05
9.9964E-05 9.9964E-05 0.221909 9.9964E-05 9.9964E-05 0.763093 0.0145984
9.9955E-05 9.9955E-05 0.384934 9.9955E-05 9.9955E-05 0.614566 9.9955E-05
0.00982905 9.9973E-05 0.375522 9.9973E-05 9.9973E-05 0.571424 0.0429257
9.9973E-05 9.9973E-05 0.258905 9.9973E-05 0.0140301 0.706092 0.020673
9.995E-05 9.995E-05 0.9994 9.995E-05 9.995E-05 9.995E-05 9.995E-05
9.995E-05 9.995E-05 0.9994 9.995E-05 9.995E-05 9.995E-05 9.995E-05
9.995E-05 9.995E-05 0.9994 9.995E-05 9.995E-05 9.995E-05 9.995E-05
0.0052283 9.9955E-05 0.994272 9.9955E-05 9.9955E-05 9.9955E-05 9.9955E-05
9.9964E-05 0.0283966 0.936155 9.9964E-05 0.0350487 9.9964E-05 9.9964E-05
9.9964E-05 0.0132388 0.952698 9.9964E-05 9.9964E-05 9.9964E-05 0.0336631
9.9964E-05 9.9964E-05 0.254755 9.9964E-05 9.9964E-05 0.73058 0.0142647
0.0387905 0.0590989 0.285312 0.0692303 0.0381467 0.47022 0.0392011
9.99551E-05 9.99551E-05 0.293458 9.99551E-05 9.99551E-05 0.706042 9.99551E-05
9.9964E-05 0.00337014 0.00227695 9.9964E-05 9.9964E-05 0.993953 9.9964E-05
9.99551E-05 0.0155876 9.99551E-05 9.99551E-05 9.99551E-05 0.983913 9.99551E-05
9.99551E-05 9.99551E-05 0.111462 9.99551E-05 9.99551E-05 0.888038 9.99551E-05
9.9973E-05 0.045784 0.0478391 9.9973E-05 9.9973E-05 0.904123 0.00195444
9.9973E-05 0.0305814 0.0472329 9.9973E-05 0.00301587 0.91887 9.9973E-05
9.9955E-05 9.9955E-05 0.0873786 9.9955E-05 9.9955E-05 0.912122 9.9955E-05
9.99551E-05 9.99551E-05 0.0388658 9.99551E-05 9.99551E-05 0.960634 9.99551E-05
9.9982E-05 0.0106755 0.0298052 0.0319808 0.0441982 0.88314 9.9982E-05
9.9982E-05 0.0172534 0.041138 9.9982E-05 0.0485168 0.853112 0.0397798
9.99551E-05 9.99551E-05 0.0541164 9.99551E-05 9.99551E-05 0.945384 9.99551E-05
9.9973E-05 0.0265878 0.125481 9.9973E-05 0.00262184 0.845009 9.9973E-05
9.9955E-05 9.9955E-05 0.131568 9.9955E-05 9.9955E-05 0.867932 9.9955E-05
9.9964E-05 0.0553106 0.127887 9.9964E-05 9.9964E-05 0.816403 9.9964E-05
9.9964E-05 9.9964E-05 0.0435254 9.9964E-05 0.0318481 0.924227 9.9964E-05
9.9982E-05 0.0353118 0.0439415 9.9982E-05 0.00536645 0.907973 0.00720744
9.9973E-05 9.9973E-05 0.107899 0.0877633 9.9973E-05 0.762802 0.041236
9.9964E-05 0.128718 0.0535808 9.9964E-05 9.9964E-05 0.817302 9.9964E-05
9.9955E-05 9.9955E-05 0.144032 9.9955E-05 9.9955E-05 0.855469 9.9955E-05
9.9964E-05 0.0436858 9.9964E-05 9.9964E-05 9.9964E-05 0.953945 0.00196919
0.0352868 0.0750179 0.036835 0.00652026 0.0578509 0.753883 0.0346061
0.0623427 9.9982E-05 0.0335217 9.9982E-05 0.112101 0.72896 0.0628752
0.0192981 0.0126473 0.0120522 0.00872873 0.0691603 0.878013 9.9991E-05
0.0582004 9.9973E-05 9.9973E-05 0.133603 9.9973E-05 0.752737 0.0551603
9.9982E-05 0.0406026 9.9982E-05 0.15774 0.00996403 0.738382 0.053111
0.0519759 9.9982E-05 0.0645502 0.0837962 9.9982E-05 0.711087 0.0883909
0.0367571 9.9982E-05 9.9982E-05 0.0948621 0.053345 0.731265 0.0835708
9.9973E-05 9.9973E-05 9.9973E-05 0.0440041 0.0644789 0.810181 0.0810365
9.9964E-05 9.9964E-05 9.9964E-05 9.9964E-05 0.0370285 0.927659 0.0349126
9.9964E-05 9.9964E-05 9.9964E-05 0.0308968 0.0265387 0.942165 9.9964E-05
9.9982E-05 0.012986 9.9982E-05 0.0404019 0.0485415 0.850337 0.0475332
9.9991E-05 0.0231308 0.0443802 0.108637 0.0837788 0.698359 0.0416143
0.0317144 9.9982E-05 0.0931921 0.05365 9.9982E-05 0.782703 0.0385404
0.039364 9.9982E-05 0.0173752 9.9982E-05 0.0929793 0.785979 0.0641028
9.9982E-05 0.0526845 9.9982E-05 0.00992447 0.0584784 0.842511 0.0362011
9.9982E-05 0.00890294 9.9982E-05 0.0437853 0.0548591 0.86175 0.0305032
0.0107581 0.104729 0.0280089 0.0900747 0.0228498 0.74348 9.9991E-05
0.0454619 0.0976518 0.0655492 0.0569429 0.0339686 0.700326 9.9991E-05
0.0126077 0.0026764 9.9982E-05 0.108086 9.9982E-05 0.760507 0.115923
0.0327448 9.9991E-05 0.0735839 0.0670043 0.0883141 0.649228 0.0890246
0.0553684 0.0097479 9.9982E-05 0.0463942 0.113149 0.775141 9.9982E-05
9.9973E-05 9.9973E-05 9.9973E-05 0.00655422 0.0319978 0.91545 0.045698
0.013518 0.00608058 0.0127242 9.9991E-05 0.129578 0.755375 0.0826233
0.0362301 0.0197867 9.9991E-05 0.0961676 0.083742 0.762138 0.0018359
0.0910675 9.9982E-05 9.9982E-05 0.106108 0.0317165 0.754231 0.0166771
0.0910094 0.019542 0.0105487 0.0671122 0.0520702 0.698508 0.0612094
0.0592796 0.101415 9.9991E-05 0.0672361 0.0351037 0.66396 0.0729052
0.0280011 9.9973E-05 9.9973E-05 0.0869782 0.0573204 0.8274 9.9973E-05
0.0136835 0.107928 9.9991E-05 0.0680808 0.0316857 0.672363 0.106158
0.122531 0.0272752 9.9991E-05 0.0719311 0.0176952 0.716278 0.0441895
0.0313579 0.131625 0.0145961 0.0652945 9.9991E-05 0.66531 0.091716
0.0120041 0.0504958 0.00175134 0.00869156 0.0414062 0.83862 0.0470312
0.00777033 0.0799535 9.9982E-05 0.117035 9.9982E-05 0.704625 0.0904159
0.0687543 9.9982E-05 0.0277388 0.0711948 9.9982E-05 0.752335 0.0797773
0.0482808 0.0289508 9.9991E-05 0.117488 0.0668784 0.629297 0.109005
0.00316912 0.0181305 0.0449354 0.0319896 0.0613637 0.797847 0.0425643
0.01257 9.9991E-05 0.0153431 0.0405017 0.0980506 0.809316 0.0241185
9.9991E-05 0.044202 0.0337939 0.207556 0.0810185 0.559626 0.0737035
0.0228369 0.0368533 9.9991E-05 0.0430252 0.153827 0.728434 0.0149235
0.0808021 9.9982E-05 9.9982E-05 0.0905 0.0207431 0.708721 0.0990343
0.129328 0.105004 9.9982E-05 0.130949 9.9982E-05 0.630558 0.00396093
0.138657 0.121938 9.9991E-05 0.138902 0.102392 0.457666 0.0403448
0.143655 0.116642 9.9991E-05 0.143641 0.075594 0.474507 0.0458598
0.115425 0.100791 9.9991E-05 0.158365 0.0993805 0.454214 0.0717239
0.160702 0.102177 9.9991E-05 0.155619 0.0560941 0.498626 0.0266819
0.110834 0.107648 9.9991E-05 0.141764 0.0400785 0.538483 0.0610928
0.168677 0.0221352 9.9991E-05 0.235849 0.0649918 0.474642 0.0336055
0.212385 0.0317263 0.0301497 0.108639 0.0533836 0.505696 0.0580198
0.212647 0.0147432 0.0124945 0.112314 0.0981378 0.419528 0.130135
0.108851 0.00515997 0.0393946 0.142089 0.0845643 0.541256 0.078684
0.145952 9.9973E-05 9.9973E-05 0.212319 0.0874089 0.55402 9.9973E-05
0.221458 0.0499605 9.9991E-05 0.169834 0.0756779 0.424203 0.0587663
0.13455 0.0198182 0.000433042 0.182622 0.145619 0.38902 0.127937
0.110318 0.217078 0.0507111 0.106113 9.9991E-05 0.440757 0.0749225
0.100813 0.160566 0.0421782 0.149709 9.9991E-05 0.465038 0.081597
0.201316 9.9982E-05 9.9982E-05 0.118015 0.209585 0.365042 0.105842
0.9994 9.995E-05 9.995E-05 9.995E-05 9.995E-05 9.995E-05 9.995E-05
0.972289 9.9955E-05 0.0272114 9.9955E-05 9.9955E-05 9.9955E-05 9.9955E-05
0.879769 0.00922919 0.00707992 9.9973E-05 9.9973E-05 0.103622 9.9973E-05
0.9994 9.995E-05 9.995E-05 9.995E-05 9.995E-05 9.995E-05 9.995E-05
0.9994 9.995E-05 9.995E-05 9.995E-05 9.995E-05 9.995E-05 9.995E-05
0.9994 9.995E-05 9.995E-05 9.995E-05 9.995E-05 9.995E-05 9.995E-05
0.998811 0.000689597 9.9955E-05 9.9955E-05 9.9955E-05 9.9955E-05 9.9955E-05
0.961115 9.9964E-05 0.00833301 9.9964E-05 9.9964E-05 9.9964E-05 0.0301518
0.9994 9.995E-05 9.995E-05 9.995E-05 9.995E-05 9.995E-05 9.995E-05
0.9994 9.995E-05 9.995E-05 9.995E-05 9.995E-05 9.995E-05 9.995E-05
0.126083 0.0779471 9.9991E-05 0.29371 0.11559 0.310088 0.0764811
0.942231 0.0168971 0.00384392 0.00351516 0.00800942 0.0124513 0.0130519
0.9994 9.995E-05 9.995E-05 9.995E-05 9.995E-05 9.995E-05 9.995E-05
0.994987 9.9955E-05 9.9955E-05 9.9955E-05 0.00451273 9.9955E-05 9.9955E-05
0.178251 0.122728 9.9991E-05 0.25079 0.150503 0.256329 0.041298
0.126165 0.0985262 9.9991E-05 0.254245 0.0846982 0.36262 0.0736455
0.121804 0.117566 9.9991E-05 0.233406 0.0836042 0.351453 0.0920662
0.174604 0.0645229 9.9991E-05 0.243955 0.0988742 0.336514 0.0814287
0.131454 0.105697 9.9991E-05 0.299661 0.0623762 0.315033 0.0856784
0.116649 0.147893 9.9982E-05 0.213722 0.0585468 0.462988 9.9982E-05
0.175841 0.151691 9.9991E-05 0.187826 0.0462631 0.379767 0.0585121
0.167735 0.131014 9.9991E-05 0.255022 0.0561136 0.380893 0.00912423
0.238087 0.16337 9.9991E-05 0.158107 0.0759938 0.265342 0.0990008
0.236048 0.153961 9.9991E-05 0.168499 0.0818812 0.296932 0.0625783
0.122671 0.110475 9.9991E-05 0.148956 0.0998239 0.430653 0.0873199
0.213987 0.198865 0.0101508 0.109868 0.0934077 0.33073 0.0429917
0.118882 0.15133 0.00144056 0.237166 0.0861804 0.324781 0.0802199
0.140256 0.0953769 9.9991E-05 0.258851 0.0775224 0.325089 0.102804
9.9973E-05 0.0128234 9.9973E-05 0.967909 0.00682458 9.9973E-05 0.0121435
0.0242684 0.00426124 0.0144591 0.918556 0.0382548 9.9982E-05 9.9982E-05
9.995E-05 9.995E-05 9.995E-05 0.9994 9.995E-05 9.995E-05 9.995E-05
9.9955E-05 9.9955E-05 9.9955E-05 0.994391 9.9955E-05 0.00510875 9.9955E-05
9.995E-05 9.995E-05 9.995E-05 0.9994 9.995E-05 9.995E-05 9.995E-05
9.995E-05 9.995E-05 9.995E-05 0.9994 9.995E-05 9.995E-05 9.995E-05
9.995E-05 9.995E-05 9.995E-05 0.9994 9.995E-05 9.995E-05 9.995E-05
9.9973E-05 0.153012 0.0386038 0.750783 9.9973E-05 0.0573014 9.9973E-05
9.995E-05 9.995E-05 9.995E-05 0.9994 9.995E-05 9.995E-05 9.995E-05
9.995E-05 9.995E-05 9.995E-05 0.9994 9.995E-05 9.995E-05 9.995E-05
0.0481327 0.0757209 0.0252962 0.85055 9.9973E-05 9.9973E-05 9.9973E-05
0.00781543 9.9964E-05 9.9964E-05 0.984104 0.00768037 9.9964E-05 9.9964E-05
0.0214557 0.104931 9.9991E-05 0.785715 0.00928832 0.0254271 0.0530828
9.995E-05 9.995E-05 9.995E-05 9.995E-05 9.995E-05 9.995E-05 0.9994
0.213412 0.101152 9.9991E-05 0.254404 0.0770127 0.263982 0.0899373
9.995E-05 9.995E-05 9.995E-05 9.995E-05 9.995E-05 9.995E-05 0.9994
9.995E-05 9.995E-05 9.995E-05 9.995E-05 9.995E-05 9.995E-05 0.9994
0.00340057 0.0354504 9.9964E-05 9.9964E-05 9.9964E-05 9.9964E-05 0.960749
9.9991E-05 0.0241458 0.0105531 0.0467015 0.00340268 0.135609 0.779488
9.995E-05 9.995E-05 9.995E-05 9.995E-05 9.995E-05 9.995E-05 0.9994
9.9982E-05 0.0723297 9.9982E-05 0.030592 0.0302444 0.0650279 0.801606
9.9964E-05 0.0153126 9.9964E-05 9.9964E-05 0.00495048 9.9964E-05 0.979337
0.0323599 9.9955E-05 9.9955E-05 9.9955E-05 9.9955E-05 9.9955E-05 0.96714
9.9955E-05 9.9955E-05 0.0111177 9.9955E-05 9.9955E-05 9.9955E-05 0.988383
9.9955E-05 9.9955E-05 9.9955E-05 9.9955E-05 0.00707945 9.9955E-05 0.992421
9.9973E-05 9.9973E-05 0.0064342 0.0204647 9.9973E-05 0.00779701 0.965004
0.00217722 9.9991E-05 0.00976654 0.060184 0.0605222 0.0481831 0.819067
0.00610732 0.0333259 0.0168077 0.0105542 9.9991E-05 0.0855319 0.847573
0.00955816 0.0206927 9.9973E-05 0.0485717 9.9973E-05 9.9973E-05 0.920877
0.00580895 0.0446098 9.9982E-05 0.0306042 0.0267774 9.9982E-05 0.892
9.9982E-05 0.0115808 0.0260527 9.9982E-05 0.0570569 0.0309938 0.874116
0.00731809 9.9973E-05 0.00205723 0.0198944 9.9973E-05 9.9973E-05 0.97043
0.111618 0.103487 0.00953746 0.0843231 0.296023 0.328379 0.0666325
0.099816 0.107605 0.0501643 0.113035 0.290502 0.290092 0.048786
0.109719 0.153746 0.0221998 0.0536101 0.294041 0.286317 0.0803669
0.0865018 0.136867 0.0156277 0.0344505 0.327499 0.322703 0.0763511
9.9973E-05 0.94577 9.9973E-05 0.0173429 0.00223043 0.034357 9.9973E-05
9.995E-05 0.9994 9.995E-05 9.995E-05 9.995E-05 9.995E-05 9.995E-05
9.995E-05 0.9994 9.995E-05 9.995E-05 9.995E-05 9.995E-05 9.995E-05
9.995E-05 0.9994 9.995E-05 9.995E-05 9.995E-05 9.995E-05 9.995E-05
9.9964E-05 0.98249 0.0163954 9.9964E-05 9.9964E-05 0.000715003 9.9964E-05
0.00493941 0.937947 9.9982E-05 9.9982E-05 0.0248455 0.00586219 0.0262063
0.024146 0.948832 9.9973E-05 9.9973E-05 0.0091361 9.9973E-05 0.0175861
9.9991E-05 0.800286 0.0369088 0.0350299 0.0432774 0.0530177 0.0313804
9.9973E-05 0.846904 0.0283078 9.9973E-05 9.9973E-05 0.0723721 0.0521163
9.9955E-05 9.9955E-05 9.9955E-05 0.00197504 0.997525 9.9955E-05 9.9955E-05
9.995E-05 9.995E-05 9.995E-05 9.995E-05 0.9994 9.995E-05 9.995E-05
9.9964E-05 0.00439482 9.9964E-05 9.9964E-05 0.977005 0.0182008 9.9964E-05
9.995E-05 9.995E-05 9.995E-05 9.995E-05 0.9994 9.995E-05 9.995E-05
9.995E-05 9.995E-05 9.995E-05 9.995E-05 0.9994 9.995E-05 9.995E-05
0.0127673 0.0278188 0.0168265 0.00372331 0.911872 0.0252365 0.00175564
9.995E-05 9.995E-05 9.995E-05 9.995E-05 0.9994 9.995E-05 9.995E-05
9.995E-05 9.995E-05 9.995E-05 9.995E-05 0.9994 9.995E-05 9.995E-05
9.995E-05 9.995E-05 9.995E-05 9.995E-05 0.9994 9.995E-05 9.995E-05
0.0161782 9.9973E-05 9.9973E-05 0.00898979 0.923224 0.0513078 9.9973E-05
9.995E-05 9.995E-05 9.995E-05 9.995E-05 0.9994 9.995E-05 9.995E-05
9.995E-05 9.995E-05 9.995E-05 9.995E-05 0.9994 9.995E-05 9.995E-05
