9.995E-05 9.995E-05 0.9994 9.995E-05 9.995E-05 9.995E-05 9.995E-05
9.9973E-05 0.0908479 0.390047 0.0559567 0.462849 9.9973E-05 9.9973E-05
9.9973E-05 0.0525005 0.377094 0.0960855 0.47402 9.9973E-05 9.9973E-05
9.99551E-05 9.99551E-05 0.256421 9.99551E-05 0.74308 9.99551E-05 9.99551E-05
0.049692 9.9973E-05 0.160495 9.9973E-05 0.779388 9.9973E-05 0.0101254
9.99551E-05 9.99551E-05 0.193104 9.99551E-05 0.806397 9.99551E-05 9.99551E-05
9.9955E-05 9.9955E-05 0.349324 9.9955E-05 0.650176 9.9955E-05 9.9955E-05
9.9973E-05 0.0331358 0.361489 0.055848 0.549227 9.9973E-05 9.9973E-05
9.9982E-05 0.0258619 0.282336 0.0608439 0.610131 9.9982E-05 0.0206274
9.995E-05 9.995E-05 0.9994 9.995E-05 9.995E-05 9.995E-05 9.995E-05
9.995E-05 9.995E-05 0.9994 9.995E-05 9.995E-05 9.995E-05 9.995E-05
9.995E-05 9.995E-05 0.9994 9.995E-05 9.995E-05 9.995E-05 9.995E-05
9.9955E-05 0.0061569 0.993343 9.9955E-05 9.9955E-05 9.9955E-05 9.9955E-05
0.0339925 9.9964E-05 0.90714 9.9964E-05 0.058468 9.9964E-05 9.9964E-05
0.00202296 0.00882965 0.988748 9.9964E-05 9.9964E-05 9.9964E-05 9.9964E-05
9.9973E-05 9.9973E-05 0.230242 0.0438197 0.711907 9.9973E-05 0.0137311
0.111221 0.0550282 0.25453 0.0200024 0.486758 9.9991E-05 0.07236
9.99551E-05 9.99551E-05 0.232383 9.99551E-05 0.767118 9.99551E-05 9.99551E-05
0.0785433 9.9964E-05 9.9964E-05 9.9964E-05 0.916341 9.9964E-05 0.0047162
0.0179392 9.99551E-05 9.99551E-05 9.99551E-05 0.981561 9.99551E-05 9.99551E-05
9.99551E-05 9.99551E-05 0.119436 9.99551E-05 0.880064 9.99551E-05 9.99551E-05
0.0759321 9.9973E-05 0.066134 0.0749083 0.782726 9.9973E-05 9.9973E-05
0.0711365 9.9973E-05 0.0553276 0.0153588 0.857877 9.9973E-05 9.9973E-05
9.9955E-05 9.9955E-05 0.0812587 9.9955E-05 0.918242 9.9955E-05 9.9955E-05
9.99551E-05 9.99551E-05 0.025289 9.99551E-05 0.974211 9.99551E-05 9.99551E-05
9.9973E-05 9.9973E-05 0.0192735 9.9973E-05 0.925824 0.0111599 0.0434429
0.0368745 9.9982E-05 0.0362897 0.062468 0.793342 9.9982E-05 0.0708257
9.99551E-05 9.99551E-05 0.106778 9.99551E-05 0.892723 9.99551E-05 9.99551E-05
0.0578162 9.9982E-05 0.109616 0.00299108 0.809156 0.0202209 9.9982E-05
9.9955E-05 9.9955E-05 0.13658 9.9955E-05 0.86292 9.9955E-05 9.9955E-05
0.0324978 9.99641E-05 0.138248 9.99641E-05 0.828855 9.99641E-05 9.99641E-05
0.0135577 9.9973E-05 0.0315076 9.9973E-05 0.927941 9.9973E-05 0.0266937
0.0195194 0.0261907 0.0562801 0.00459527 0.893215 9.9982E-05 9.9982E-05
0.008206 0.00864267 0.102687 0.0622066 0.737244 0.0639431 0.01707
0.0828186 9.9964E-05 0.0527023 9.9964E-05 0.864079 9.9964E-05 9.9964E-05
9.9955E-05 9.9955E-05 0.132446 9.9955E-05 0.867054 9.9955E-05 9.9955E-05
0.0193757 9.9955E-05 9.9955E-05 9.9955E-05 0.980125 9.9955E-05 9.9955E-05
0.0776095 9.9982E-05 0.0193504 0.034776 0.812765 9.9982E-05 0.0552987
9.9982E-05 0.0670718 0.0255669 0.0309702 0.788097 9.9982E-05 0.0880942
0.0155604 0.00901756 0.028377 9.9991E-05 0.880993 0.0154894 0.0504627
9.9982E-05 0.0853392 9.9982E-05 0.0680234 0.70784 0.109957 0.0286396
0.0301459 0.0599153 0.000305127 0.0912398 0.674629 0.0877521 0.0560131
9.9982E-05 0.0240134 0.0495429 0.105314 0.734612 0.0863178 9.9982E-05
9.9982E-05 0.0237059 9.9982E-05 0.0724674 0.778269 0.0929716 0.0323861
9.9973E-05 9.9973E-05 9.9973E-05 0.100324 0.755107 0.0684269 0.0758419
9.9964E-05 9.9964E-05 9.9964E-05 0.0558772 0.919942 9.9964E-05 0.0237807
9.9973E-05 9.9973E-05 9.9973E-05 0.0273153 0.877409 0.0324611 0.0625145
0.0329133 9.9982E-05 9.9982E-05 0.0117959 0.864931 0.0435794 0.0465808
0.00611744 9.9991E-05 0.0679115 0.0469989 0.710208 0.0774482 0.0912157
9.9991E-05 0.0278477 0.0857861 0.048716 0.755379 0.0527251 0.0294458
9.9982E-05 0.0364731 0.0143736 0.0733044 0.827704 9.9982E-05 0.0479452
0.0402269 9.9982E-05 9.9982E-05 0.078374 0.800337 0.0358966 0.0449658
0.00131902 9.9982E-05 9.9982E-05 0.0779663 0.86126 0.0247637 0.0344912
0.116714 0.0248228 0.0226616 9.9991E-05 0.706381 0.0628332 0.066487
0.067583 0.0553205 0.0325831 0.0140703 0.67997 0.0845504 0.0659222
9.9982E-05 0.0295057 9.9982E-05 0.116763 0.704679 0.126971 0.0218802
0.0266924 0.0439377 0.0684761 0.0557729 0.632558 0.0783005 0.0942625
0.021117 0.0267587 9.9982E-05 9.9982E-05 0.784192 0.0461886 0.121544
9.9973E-05 9.9973E-05 9.9973E-05 0.0734036 0.886951 0.00605549 0.0332897
0.00788887 0.0361247 0.0581747 0.0150036 0.759549 0.0204199 0.102839
0.0485386 9.9982E-05 9.9982E-05 0.000844059 0.757566 0.0628732 0.129978
9.9964E-05 0.0700775 9.9964E-05 9.9964E-05 0.813837 0.115685 9.9964E-05
0.0583544 0.0460013 9.9991E-05 0.126793 0.647336 0.0534749 0.0679406
0.132205 0.00551288 9.9991E-05 0.0861825 0.613183 0.0974363 0.0653808
0.00122749 0.00963148 9.9982E-05 9.9982E-05 0.811434 0.116759 0.0607483
0.089054 0.00274224 9.9991E-05 0.0968589 0.671514 0.0995068 0.0402243
9.9982E-05 0.125659 9.9982E-05 0.0464416 0.707326 0.105811 0.0145622
0.19523 0.0384249 0.00776099 0.0877349 0.523207 0.100385 0.0472575
0.00938849 0.0180558 9.9991E-05 0.0425862 0.855191 0.0314918 0.0431868
0.0913005 0.0132838 9.9982E-05 0.0893946 0.680945 0.124876 9.9982E-05
9.9982E-05 0.0713959 0.0158356 0.0855385 0.748522 0.0785075 9.9982E-05
0.0264468 0.0507873 9.9991E-05 0.0618946 0.712634 0.11593 0.0322065
0.0331001 0.02144 0.0330051 0.037404 0.794113 0.0254189 0.0555186
9.9982E-05 9.9982E-05 0.00466615 0.0371473 0.826661 0.0289352 0.10239
0.100072 9.9991E-05 0.00885319 0.0821698 0.592541 0.163932 0.0523313
0.0480746 0.023011 9.9982E-05 9.9982E-05 0.78361 0.0386588 0.106446
0.0315664 0.0755813 9.9991E-05 0.0948923 0.736615 0.0389197 0.0223252
0.125506 0.141278 9.9982E-05 0.0253396 0.593123 0.114553 9.9982E-05
0.185388 0.116443 9.9991E-05 0.0163454 0.414726 0.168471 0.0985261
0.161841 0.151973 9.9991E-05 0.0336633 0.382639 0.181081 0.0887024
0.151373 0.0827447 9.9991E-05 0.0763788 0.382195 0.195096 0.112113
0.137286 0.177272 9.9991E-05 0.0695127 0.422321 0.139226 0.0542821
0.1275 0.119651 9.9991E-05 0.0720824 0.440337 0.154531 0.0857981
0.00960188 0.158048 9.9991E-05 0.0497358 0.580856 0.153397 0.0482608
0.0451235 0.230006 9.9991E-05 0.0535413 0.481021 0.151841 0.0383673
0.0264622 0.177521 9.9991E-05 0.133466 0.483969 0.121454 0.0570265
0.0472976 0.116116 0.0439477 0.0714616 0.518869 0.130924 0.0713842
9.9982E-05 0.172813 9.9982E-05 0.0104257 0.547192 0.172709 0.0966605
0.0395183 0.19167 0.0104612 0.0594527 0.473527 0.155122 0.0702486
0.0271442 0.120861 0.00530771 0.11963 0.394087 0.188142 0.144828
0.231872 0.106815 0.0276445 0.0741589 0.461981 0.097429 9.9991E-05
0.169859 0.108085 0.0234687 0.0685941 0.490826 0.139068 9.9991E-05
0.0117787 0.218272 0.00206506 0.0904475 0.409045 0.0705608 0.197831
9.995E-05 0.9994 9.995E-05 9.995E-05 9.995E-05 9.995E-05 9.995E-05
9.9964E-05 0.940992 0.0312858 9.9964E-05 9.9964E-05 0.0273228 9.9964E-05
0.0690917 0.849113 0.00334995 0.0155039 0.0281285 0.0049756 0.0298372
9.9955E-05 0.992666 9.9955E-05 0.00683434 9.9955E-05 9.9955E-05 9.9955E-05
9.995E-05 0.9994 9.995E-05 9.995E-05 9.995E-05 9.995E-05 9.995E-05
9.995E-05 0.9994 9.995E-05 9.995E-05 9.995E-05 9.995E-05 9.995E-05
9.995E-05 0.9994 9.995E-05 9.995E-05 9.995E-05 9.995E-05 9.995E-05
0.0123943 0.936426 9.9973E-05 9.9973E-05 0.0458478 0.00503167 9.9973E-05
9.995E-05 0.9994 9.995E-05 9.995E-05 9.995E-05 9.995E-05 9.995E-05
9.995E-05 0.9994 9.995E-05 9.995E-05 9.995E-05 9.995E-05 9.995E-05
0.115277 0.110986 0.000740543 0.0851849 0.251371 0.333078 0.103361
0.0131001 0.939668 9.9973E-05 9.9973E-05 0.0431254 9.9973E-05 0.00380704
9.9955E-05 0.994541 9.9955E-05 0.00495972 9.9955E-05 9.9955E-05 9.9955E-05
0.0171764 0.966263 0.0158036 0.00045724 9.9973E-05 9.9973E-05 9.9973E-05
0.14067 0.1074 9.9991E-05 0.037482 0.271666 0.315463 0.127219
0.114287 0.143946 9.9991E-05 0.070206 0.281143 0.279499 0.110818
0.17812 0.135378 9.9991E-05 0.0552679 0.2544 0.253628 0.123105
0.102064 0.180157 9.9991E-05 0.0671283 0.286381 0.259484 0.104686
0.135262 0.154385 9.9991E-05 0.0497099 0.296647 0.272602 0.0912946
0.173237 0.109603 9.9991E-05 0.00258672 0.461273 0.195047 0.0581525
0.174523 0.166657 9.9991E-05 0.0126363 0.370475 0.215984 0.0596238
0.175372 0.151193 9.9991E-05 0.0114135 0.328834 0.278356 0.0547318
0.202583 0.219951 9.9991E-05 0.0836886 0.220909 0.158546 0.114223
0.202088 0.214126 9.9991E-05 0.0623238 0.307526 0.139689 0.0741467
0.121852 0.108612 9.9991E-05 0.0682882 0.392447 0.165975 0.142726
0.22828 0.179768 9.9991E-05 0.0744023 0.360853 0.0784373 0.0781592
0.122436 0.0649076 9.9991E-05 0.0993256 0.344775 0.240976 0.127479
0.0804104 0.157953 9.9991E-05 0.0518944 0.343831 0.264288 0.101523
0.0549238 0.00161881 9.9973E-05 9.9973E-05 9.9973E-05 0.94138 0.0017773
0.0153418 9.9973E-05 0.022758 9.9973E-05 9.9973E-05 0.895377 0.0662236
9.995E-05 9.995E-05 9.995E-05 9.995E-05 9.995E-05 0.9994 9.995E-05
9.9964E-05 9.9964E-05 9.9964E-05 9.9964E-05 0.00509101 0.989138 0.00537084
9.995E-05 9.995E-05 9.995E-05 9.995E-05 9.995E-05 0.9994 9.995E-05
9.995E-05 9.995E-05 9.995E-05 9.995E-05 9.995E-05 0.9994 9.995E-05
0.00364303 9.9955E-05 9.9955E-05 9.9955E-05 9.9955E-05 0.995857 9.9955E-05
0.105534 9.9973E-05 0.0467133 9.9973E-05 0.0695445 0.777908 9.9973E-05
9.995E-05 9.995E-05 9.995E-05 9.995E-05 9.995E-05 0.9994 9.995E-05
9.995E-05 9.995E-05 9.995E-05 9.995E-05 9.995E-05 0.9994 9.995E-05
0.0724698 0.0251937 0.0475296 9.9973E-05 9.9973E-05 0.854507 9.9973E-05
9.995E-05 9.995E-05 9.995E-05 9.995E-05 9.995E-05 0.9994 9.995E-05
0.104739 9.9991E-05 0.014744 0.0686906 0.0237467 0.772313 0.0156664
9.995E-05 9.995E-05 9.995E-05 0.9994 9.995E-05 9.995E-05 9.995E-05
0.137021 0.181775 9.9991E-05 0.0847366 0.355511 0.198971 0.0418861
9.995E-05 9.995E-05 9.995E-05 0.9994 9.995E-05 9.995E-05 9.995E-05
9.995E-05 9.995E-05 9.995E-05 0.9994 9.995E-05 9.995E-05 9.995E-05
0.0249209 9.99551E-05 9.99551E-05 0.974579 9.99551E-05 9.99551E-05 9.99551E-05
9.9991E-05 0.015322 0.00285033 0.752554 0.114016 0.0386184 0.0765392
9.995E-05 9.995E-05 9.995E-05 0.9994 9.995E-05 9.995E-05 9.995E-05
0.0501029 9.9982E-05 0.00618491 0.900927 9.9982E-05 0.00597321 0.036612
9.9955E-05 0.00721506 9.9955E-05 0.992285 9.9955E-05 9.9955E-05 9.9955E-05
9.9964E-05 9.9964E-05 9.9964E-05 0.94502 0.0496686 0.00491137 9.9964E-05
9.9955E-05 9.9955E-05 0.00416176 0.995338 9.9955E-05 9.9955E-05 9.9955E-05
9.9982E-05 0.00259661 0.00880764 0.964957 0.0145279 0.00891106 9.9982E-05
9.9964E-05 0.0173433 9.9964E-05 0.952692 9.9964E-05 0.0295645 9.9964E-05
9.9973E-05 0.0615911 9.9973E-05 0.840797 9.9973E-05 0.0649054 0.0324062
0.0302024 9.9973E-05 0.00728926 0.94597 0.0162382 9.9973E-05 9.9973E-05
0.0258576 0.00263567 9.9982E-05 0.893191 0.0230883 0.0550277 9.9982E-05
9.9991E-05 0.0137392 0.00952713 0.825355 0.0733258 0.016206 0.0617468
0.0965049 0.000804377 0.00152763 0.879168 0.0133787 9.9991E-05 0.00851597
0.0207072 9.9973E-05 9.9973E-05 0.940543 9.9973E-05 0.0238617 0.0145884
0.168757 0.103089 0.0213332 0.076345 0.269244 0.104527 0.256704
0.167619 0.0291178 9.9991E-05 0.0921741 0.343705 0.124611 0.242674
0.211191 0.0925715 0.0441667 0.0538424 0.2317 0.053378 0.31315
0.205368 0.0952241 0.0335864 0.0633233 0.292552 0.0632461 0.2467
0.969625 9.9973E-05 0.0074164 9.9973E-05 0.0192468 0.0034114 9.9973E-05
0.9994 9.995E-05 9.995E-05 9.995E-05 9.995E-05 9.995E-05 9.995E-05
0.9994 9.995E-05 9.995E-05 9.995E-05 9.995E-05 9.995E-05 9.995E-05
0.9994 9.995E-05 9.995E-05 9.995E-05 9.995E-05 9.995E-05 9.995E-05
0.9994 9.995E-05 9.995E-05 9.995E-05 9.995E-05 9.995E-05 9.995E-05
0.990007 9.9964E-05 9.9964E-05 0.000803123 9.9964E-05 9.9964E-05 0.00879026
0.989538 0.00996259 9.9955E-05 9.9955E-05 9.9955E-05 9.9955E-05 9.9955E-05
0.804293 0.0170505 0.0507386 0.0266402 0.0689499 0.00819044 0.0241376
0.894466 9.9964E-05 9.9964E-05 9.9964E-05 0.0918065 9.9964E-05 0.013328
9.9955E-05 9.9955E-05 0.014729 9.9955E-05 9.9955E-05 9.9955E-05 0.984771
9.995E-05 9.995E-05 9.995E-05 9.995E-05 9.995E-05 9.995E-05 0.9994
9.995E-05 9.995E-05 9.995E-05 9.995E-05 9.995E-05 9.995E-05 0.9994
9.995E-05 9.995E-05 9.995E-05 9.995E-05 9.995E-05 9.995E-05 0.9994
9.995E-05 9.995E-05 9.995E-05 9.995E-05 9.995E-05 9.995E-05 0.9994
0.0299769 0.0216399 0.012994 0.00554673 0.0376682 9.9991E-05 0.892074
9.995E-05 9.995E-05 9.995E-05 9.995E-05 9.995E-05 9.995E-05 0.9994
0.00914316 9.9964E-05 9.9964E-05 9.9964E-05 0.00727864 9.9964E-05 0.983178
9.9955E-05 9.9955E-05 9.9955E-05 0.0117257 9.9955E-05 9.9955E-05 0.987775
9.9964E-05 0.00888468 9.9964E-05 9.9964E-05 9.9964E-05 0.0136896 0.977026
9.995E-05 9.995E-05 9.995E-05 9.995E-05 9.995E-05 9.995E-05 0.9994
0.00518335 9.9964E-05 0.00491053 9.9964E-05 9.9964E-05 9.9964E-05 0.989506
