9.995E-05 9.995E-05 0.9994 9.995E-05 9.995E-05 9.995E-05 9.995E-05
0.0658711 9.9973E-05 0.35975 0.501642 9.9973E-05 0.0724379 9.9973E-05
0.0391492 9.9973E-05 0.359566 0.477882 9.9973E-05 0.123102 9.9973E-05
9.99551E-05 9.99551E-05 0.283513 0.715987 9.99551E-05 9.99551E-05 9.99551E-05
9.9973E-05 0.0825244 0.161478 0.691708 0.063989 9.9973E-05 9.9973E-05
0.00240676 0.0178552 0.184685 0.783536 9.9982E-05 0.0113174 9.9982E-05
9.9955E-05 9.9955E-05 0.305427 0.694073 9.9955E-05 9.9955E-05 9.9955E-05
0.00458525 9.9973E-05 0.311499 0.59678 9.9973E-05 0.0868352 9.9973E-05
9.9973E-05 9.9973E-05 0.248965 0.725042 0.0065428 0.0191498 9.9973E-05
9.995E-05 9.995E-05 0.9994 9.995E-05 9.995E-05 9.995E-05 9.995E-05
9.995E-05 9.995E-05 0.9994 9.995E-05 9.995E-05 9.995E-05 9.995E-05
9.995E-05 9.995E-05 0.9994 9.995E-05 9.995E-05 9.995E-05 9.995E-05
9.995E-05 9.995E-05 0.9994 9.995E-05 9.995E-05 9.995E-05 9.995E-05
9.9964E-05 0.0369991 0.958617 9.9964E-05 0.00398369 9.9964E-05 9.9964E-05
9.9964E-05 9.9964E-05 0.963658 9.9964E-05 9.9964E-05 0.0159882 0.0199543
9.9991E-05 0.00601371 0.237179 0.648491 0.0545515 0.0392537 0.0144108
0.017651 0.115547 0.270527 0.464318 0.0263 0.0908146 0.014842
9.99551E-05 9.99551E-05 0.240065 0.759435 9.99551E-05 9.99551E-05 9.99551E-05
9.99551E-05 9.99551E-05 0.00840872 0.991092 9.99551E-05 9.99551E-05 9.99551E-05
9.99551E-05 0.0360389 9.99551E-05 0.963461 9.99551E-05 9.99551E-05 9.99551E-05
0.000583122 9.9973E-05 0.116268 0.851479 0.0313705 9.9973E-05 9.9973E-05
0.00171527 0.0652675 0.0233332 0.889185 9.9982E-05 0.0202989 9.9982E-05
9.9964E-05 0.0745719 0.0456835 0.879345 9.9964E-05 9.9964E-05 9.9964E-05
9.9955E-05 9.9955E-05 0.0888105 0.91069 9.9955E-05 9.9955E-05 9.9955E-05
9.99551E-05 9.99551E-05 0.0687356 0.930765 9.99551E-05 9.99551E-05 9.99551E-05
9.9973E-05 9.9973E-05 0.0193417 0.913524 0.0279572 9.9973E-05 0.0388774
9.9982E-05 0.0410788 0.0319022 0.787331 0.0847172 0.0547711 9.9982E-05
9.99551E-05 9.99551E-05 0.0533635 0.946137 9.99551E-05 9.99551E-05 9.99551E-05
9.9973E-05 0.0342752 0.108755 0.850274 0.0063956 9.9973E-05 9.9973E-05
9.9964E-05 0.00846253 0.138455 0.852683 9.9964E-05 9.9964E-05 9.9964E-05
9.9973E-05 0.010238 0.146162 0.83968 0.00361973 9.9973E-05 9.9973E-05
0.0122884 9.9982E-05 0.0233245 0.911116 0.0306368 9.9982E-05 0.0224345
0.00814178 0.024878 0.0276356 0.910966 9.9982E-05 0.0281785 9.9982E-05
9.9982E-05 0.0115626 0.0800139 0.785671 9.9982E-05 0.0461736 0.0763785
9.9964E-05 0.158106 0.0397036 0.801791 9.9964E-05 9.9964E-05 9.9964E-05
9.9955E-05 9.9955E-05 0.115356 0.884145 9.9955E-05 9.9955E-05 9.9955E-05
9.9964E-05 0.0669055 9.9964E-05 0.916333 0.0163618 9.9964E-05 9.9964E-05
0.0091855 0.103446 0.0191668 0.785081 0.0776366 0.0053846 9.9991E-05
0.0482427 0.0153024 0.0241309 0.798579 0.0822256 0.0314195 9.9991E-05
0.035927 0.00821161 0.0223133 0.868021 0.0226018 9.9991E-05 0.0428254
0.0573613 9.9982E-05 9.9982E-05 0.656933 0.0441828 0.111173 0.13015
0.0261454 9.9982E-05 9.9982E-05 0.69903 0.0502532 0.137774 0.0865975
0.0550641 9.9982E-05 0.0434753 0.720685 9.9982E-05 0.0901826 0.0903929
0.061385 9.9982E-05 9.9982E-05 0.758224 0.0305479 0.0666528 0.08299
9.9973E-05 9.9973E-05 9.9973E-05 0.803408 0.0791271 0.0825602 0.0346048
9.9964E-05 9.9964E-05 9.9964E-05 0.942178 0.0374497 0.0199719 9.9964E-05
9.9973E-05 9.9973E-05 9.9973E-05 0.889634 0.0345745 0.0453957 0.0300955
9.9982E-05 0.00785009 9.9982E-05 0.894071 0.0426674 0.0273549 0.0278567
9.9982E-05 9.9982E-05 0.0465464 0.666353 0.103789 0.0548641 0.128247
0.0448683 9.9982E-05 0.0850285 0.787471 9.9982E-05 0.0216781 0.0607541
0.0521882 9.9991E-05 0.0188322 0.760741 0.105574 0.0566961 0.00586936
9.9982E-05 0.0316691 9.9982E-05 0.801707 0.0396461 0.0625448 0.0642332
9.9982E-05 0.038866 9.9982E-05 0.850184 0.0235205 0.0304893 0.0567404
0.0399256 0.094559 0.0315873 0.599033 0.107804 0.0176077 0.109483
0.0407944 0.076898 0.0645875 0.689841 0.0287475 9.9991E-05 0.0990314
0.0450405 9.9982E-05 9.9982E-05 0.72675 0.0177822 0.0832867 0.126941
0.0107815 9.9991E-05 0.0541926 0.654044 0.0921628 0.0844211 0.104298
0.0982569 9.9973E-05 9.9973E-05 0.781079 0.0914658 9.9973E-05 0.0288984
9.9964E-05 9.9964E-05 9.9964E-05 0.848541 0.0731133 0.0779462 9.9964E-05
0.0468891 0.0139221 0.0245913 0.732711 0.137804 0.0439826 9.9991E-05
9.9973E-05 0.0463529 9.9973E-05 0.804478 0.0783641 9.9973E-05 0.0705053
0.0546203 0.0160323 9.9973E-05 0.74242 9.9973E-05 9.9973E-05 0.186627
0.0591465 0.0314641 9.9991E-05 0.687231 0.0745961 0.0803556 0.0671066
0.0708026 0.0979282 9.9991E-05 0.577872 0.0585855 0.081046 0.113666
0.00679348 9.9973E-05 9.9973E-05 0.820014 0.0415607 9.9973E-05 0.131332
0.00506553 0.0889842 9.9982E-05 0.733462 9.9982E-05 0.0897812 0.0825069
0.0904923 9.9982E-05 9.9982E-05 0.734193 0.0532702 0.0223005 0.0995436
0.0527142 0.125373 0.000811475 0.575373 0.0276558 0.0731301 0.144942
0.0371393 0.00866369 9.9982E-05 0.842242 0.0535794 0.0581759 9.9982E-05
0.0372992 0.0880716 9.9982E-05 0.668398 9.9982E-05 0.0723928 0.133638
0.0912317 9.9982E-05 0.0171173 0.808244 9.9982E-05 0.0563123 0.0268949
0.0482608 0.0278703 9.9991E-05 0.624888 0.124549 0.0641949 0.110136
0.0189336 0.0237183 0.0421477 0.780303 0.058988 0.0499115 0.0259977
9.9964E-05 9.9964E-05 9.9964E-05 0.849082 0.113909 9.9964E-05 0.0366094
0.0160605 0.0867131 0.0304225 0.59469 0.0489676 0.0339036 0.189243
0.0184762 0.0320666 9.9991E-05 0.715507 0.141082 0.0184925 0.0742754
0.0735628 0.0393074 9.9991E-05 0.774451 0.0175443 0.056685 0.0383498
0.114298 0.187405 0.0130593 0.568451 9.9991E-05 0.0268263 0.0898597
0.125696 0.167979 9.9991E-05 0.430067 0.0780754 0.0394123 0.158671
0.152857 0.158077 9.9991E-05 0.408504 0.0746822 0.0395512 0.166229
0.0948042 0.14274 9.9991E-05 0.483325 0.0830367 0.0675897 0.128404
0.129663 0.185043 9.9991E-05 0.401795 0.0669778 0.0832594 0.133162
0.126422 0.149005 9.9991E-05 0.429038 0.0804238 0.0626973 0.152314
0.136959 0.0170215 9.9991E-05 0.588915 0.0287608 0.0537632 0.17448
0.19936 0.0876714 9.9991E-05 0.482336 0.0429288 0.0904846 0.0971193
0.216538 0.0251094 0.00295834 0.452553 0.0901055 0.116195 0.096541
0.0995894 0.0422894 0.0375323 0.476646 0.122571 0.11287 0.108502
0.21135 9.9973E-05 9.9973E-05 0.522873 0.105209 9.9973E-05 0.160269
0.145642 0.100781 9.9991E-05 0.478554 0.0820159 0.0835723 0.109335
0.152684 0.00919083 0.0112998 0.367067 0.158259 0.120441 0.181059
0.115731 0.230787 0.0257209 0.442671 0.00835361 0.104472 0.0722647
0.0955105 0.198322 0.0101733 0.470366 9.9991E-05 0.0847978 0.140731
0.20252 9.9991E-05 0.00332039 0.355405 0.202816 0.11767 0.118169
0.996736 9.9955E-05 9.9955E-05 9.9955E-05 9.9955E-05 9.9955E-05 0.00276414
0.980039 9.9955E-05 0.0194615 9.9955E-05 9.9955E-05 9.9955E-05 9.9955E-05
0.859795 0.060846 0.0104441 0.0401448 9.9991E-05 0.01836 0.0103099
0.9994 9.995E-05 9.995E-05 9.995E-05 9.995E-05 9.995E-05 9.995E-05
0.9994 9.995E-05 9.995E-05 9.995E-05 9.995E-05 9.995E-05 9.995E-05
0.9994 9.995E-05 9.995E-05 9.995E-05 9.995E-05 9.995E-05 9.995E-05
0.9994 9.995E-05 9.995E-05 9.995E-05 9.995E-05 9.995E-05 9.995E-05
0.921669 0.0208538 9.9973E-05 0.0383709 9.9973E-05 0.0188068 9.9973E-05
0.9994 9.995E-05 9.995E-05 9.995E-05 9.995E-05 9.995E-05 9.995E-05
0.9994 9.995E-05 9.995E-05 9.995E-05 9.995E-05 9.995E-05 9.995E-05
0.109634 0.0773325 9.9991E-05 0.276716 0.13651 0.093664 0.306044
0.90666 0.0568262 9.9973E-05 0.025128 0.0110858 9.9973E-05 9.9973E-05
0.9994 9.995E-05 9.995E-05 9.995E-05 9.995E-05 9.995E-05 9.995E-05
0.9994 9.995E-05 9.995E-05 9.995E-05 9.995E-05 9.995E-05 9.995E-05
0.0918495 0.148884 9.9991E-05 0.274311 0.151658 0.0339273 0.29927
0.129225 0.141354 9.9991E-05 0.274441 0.114586 0.0741304 0.266163
0.088616 0.14509 9.9991E-05 0.29145 0.110061 0.086339 0.278344
0.144451 0.117184 9.9991E-05 0.257667 0.124969 0.0924233 0.263206
0.125462 0.182509 9.9991E-05 0.361456 0.0597421 0.0139748 0.256756
0.0696199 0.27659 9.9991E-05 0.422931 0.0396361 0.010745 0.180378
0.168735 0.153237 9.9991E-05 0.382422 0.0514871 0.0329551 0.211064
0.138501 0.168233 9.9982E-05 0.327597 0.0862973 9.9982E-05 0.279172
0.210472 0.172603 9.9991E-05 0.286579 0.0652745 0.101121 0.16385
0.229095 0.196045 9.9991E-05 0.275945 0.0552901 0.0543815 0.189143
0.0973776 0.136997 9.9991E-05 0.413566 0.0896381 0.0729307 0.189391
0.205872 0.22995 9.9991E-05 0.289407 0.0598149 0.0403097 0.174547
0.0634748 0.122492 9.9991E-05 0.345763 0.101849 0.111088 0.255233
0.133205 0.102558 9.9991E-05 0.325681 0.0967838 0.0949504 0.246722
0.0424458 9.9955E-05 9.9955E-05 9.9955E-05 9.9955E-05 9.9955E-05 0.957054
0.0266109 0.0381054 0.0168253 9.9991E-05 0.0317848 0.0122509 0.874323
9.995E-05 9.995E-05 9.995E-05 9.995E-05 9.995E-05 9.995E-05 0.9994
9.9964E-05 9.9964E-05 9.9964E-05 0.0220694 0.0019392 9.9964E-05 0.975592
9.9955E-05 9.9955E-05 9.9955E-05 9.9955E-05 9.9955E-05 0.00328662 0.996214
9.995E-05 9.995E-05 9.995E-05 9.995E-05 9.995E-05 9.995E-05 0.9994
9.995E-05 9.995E-05 9.995E-05 9.995E-05 9.995E-05 9.995E-05 0.9994
9.9964E-05 0.121647 0.0546883 9.9964E-05 9.9964E-05 9.9964E-05 0.823265
9.9955E-05 9.9955E-05 9.9955E-05 9.9955E-05 9.9955E-05 0.00546277 0.994037
9.995E-05 9.995E-05 9.995E-05 9.995E-05 9.995E-05 9.995E-05 0.9994
0.00912502 0.0565818 0.0241589 9.9973E-05 9.9973E-05 9.9973E-05 0.909834
9.995E-05 9.995E-05 9.995E-05 9.995E-05 9.995E-05 9.995E-05 0.9994
0.0164164 0.0528744 9.9991E-05 0.0873193 0.0145329 0.10086 0.727897
9.995E-05 9.995E-05 9.995E-05 9.995E-05 9.995E-05 0.9994 9.995E-05
0.201362 0.100591 9.9991E-05 0.327473 0.0388657 0.116177 0.215432
9.995E-05 9.995E-05 9.995E-05 9.995E-05 9.995E-05 0.9994 9.995E-05
9.995E-05 9.995E-05 9.995E-05 9.995E-05 9.995E-05 0.9994 9.995E-05
0.00739711 0.0481548 0.00942889 9.9973E-05 9.9973E-05 0.934719 9.9973E-05
0.0130439 9.9991E-05 0.00988519 0.133717 0.000536318 0.803066 0.0396514
9.995E-05 9.995E-05 9.995E-05 9.995E-05 9.995E-05 0.9994 9.995E-05
9.9973E-05 0.0407738 9.9973E-05 0.0287938 9.9973E-05 0.877308 0.0528247
0.00347643 0.00925029 9.9964E-05 9.9964E-05 9.9964E-05 0.986873 9.9964E-05
9.9955E-05 9.9955E-05 9.9955E-05 0.0190625 9.9955E-05 0.980438 9.9955E-05
9.995E-05 9.995E-05 9.995E-05 9.995E-05 9.995E-05 0.9994 9.995E-05
0.0132951 9.9964E-05 9.9964E-05 9.9964E-05 0.0172342 0.969071 9.9964E-05
0.00292232 0.0143125 9.9982E-05 9.9982E-05 0.0019931 0.972769 0.00780346
0.0579239 9.9982E-05 9.9982E-05 0.0357664 0.0466387 0.842778 0.016693
9.9982E-05 9.9982E-05 0.029112 0.00809227 0.0106 0.938773 0.0132226
0.0257899 0.0496174 0.00671764 0.00977753 0.00227519 0.887122 0.0187003
9.9982E-05 0.0239275 0.010842 9.9982E-05 0.0476097 0.895471 0.0219499
9.9973E-05 0.00331387 0.0169286 9.9973E-05 0.0241795 0.955278 9.9973E-05
0.0159334 9.9973E-05 9.9973E-05 9.9973E-05 0.00921088 0.951192 0.0233638
0.108231 0.151839 0.0310611 0.209414 0.340092 0.0564919 0.10287
0.148405 0.141683 0.0191867 0.189957 0.338399 0.0454222 0.116947
0.142293 0.150197 0.0160068 0.23428 0.325712 0.0924805 0.0390318
0.128797 0.133248 0.00862132 0.258138 0.30905 0.0965507 0.065595
9.9973E-05 0.952792 9.9973E-05 0.0100582 0.00894306 9.9973E-05 0.0279065
9.995E-05 0.9994 9.995E-05 9.995E-05 9.995E-05 9.995E-05 9.995E-05
9.995E-05 0.9994 9.995E-05 9.995E-05 9.995E-05 9.995E-05 9.995E-05
9.995E-05 0.9994 9.995E-05 9.995E-05 9.995E-05 9.995E-05 9.995E-05
9.995E-05 0.9994 9.995E-05 9.995E-05 9.995E-05 9.995E-05 9.995E-05
9.9955E-05 0.989108 9.9955E-05 9.9955E-05 0.0103927 9.9955E-05 9.9955E-05
9.9955E-05 0.989092 9.9955E-05 9.9955E-05 9.9955E-05 9.9955E-05 0.0104087
9.9991E-05 0.758215 0.0193491 0.0306362 0.0634427 0.0369718 0.091285
9.9982E-05 0.900183 0.00500981 0.0512816 0.0261092 9.9982E-05 0.0172167
9.9973E-05 0.0343007 0.00786581 9.9973E-05 0.95085 9.9973E-05 0.00668386
9.995E-05 9.995E-05 9.995E-05 9.995E-05 0.9994 9.995E-05 9.995E-05
9.995E-05 9.995E-05 9.995E-05 9.995E-05 0.9994 9.995E-05 9.995E-05
9.995E-05 9.995E-05 9.995E-05 9.995E-05 0.9994 9.995E-05 9.995E-05
9.995E-05 9.995E-05 9.995E-05 9.995E-05 0.9994 9.995E-05 9.995E-05
9.9973E-05 0.0222302 0.031508 9.9973E-05 0.931368 0.0145942 9.9973E-05
9.9955E-05 9.9955E-05 9.9955E-05 0.00572343 0.993777 9.9955E-05 9.9955E-05
9.995E-05 9.995E-05 9.995E-05 9.995E-05 0.9994 9.995E-05 9.995E-05
9.995E-05 9.995E-05 9.995E-05 9.995E-05 0.9994 9.995E-05 9.995E-05
0.0147511 9.9973E-05 9.9973E-05 9.9973E-05 0.969479 0.00272267 0.0127474
9.995E-05 9.995E-05 9.995E-05 9.995E-05 0.9994 9.995E-05 9.995E-05
9.9955E-05 9.9955E-05 0.0018506 9.9955E-05 0.99765 9.9955E-05 9.9955E-05
