9.995E-05 9.995E-05 9.995E-05 9.995E-05 9.995E-05 9.995E-05 0.9994
0.0212237 9.9973E-05 9.9973E-05 9.9973E-05 0.102016 0.0191622 0.857298
0.9994 9.995E-05 9.995E-05 9.995E-05 9.995E-05 9.995E-05 9.995E-05
0.807055 0.00816797 0.0386864 0.114522 9.9982E-05 0.0313681 9.9982E-05
0.0558173 9.9973E-05 0.00641977 9.9973E-05 0.145875 9.9973E-05 0.791588
9.9955E-05 9.9955E-05 9.9955E-05 0.0117991 9.9955E-05 9.9955E-05 0.987701
9.9982E-05 0.0942595 0.0272071 0.0218656 9.9982E-05 0.0323492 0.824119
9.9973E-05 9.9973E-05 0.129291 0.0301735 9.9973E-05 0.00540521 0.834831
0.143353 0.19668 0.0206849 9.9982E-05 0.151807 9.9982E-05 0.487275
0.0862828 0.00588915 0.0892308 0.0117868 0.190875 0.0417188 0.574216
0.0310932 9.9973E-05 0.00519264 0.93384 9.9973E-05 0.0295742 9.9973E-05
9.9955E-05 0.00201705 9.9955E-05 0.997483 9.9955E-05 9.9955E-05 9.9955E-05
0.0407798 9.9964E-05 9.9964E-05 0.71633 9.9964E-05 9.9964E-05 0.24249
0.119347 9.9973E-05 0.0773573 0.771047 9.9973E-05 0.0319495 9.9973E-05
0.0421527 0.155558 9.9982E-05 0.714672 0.0202403 0.0671765 9.9982E-05
9.9955E-05 9.9955E-05 9.9955E-05 0.978248 9.9955E-05 9.9955E-05 0.0212518
9.995E-05 9.995E-05 9.995E-05 0.9994 9.995E-05 9.995E-05 9.995E-05
0.0973537 0.0740064 0.0776915 0.59015 0.160598 9.9982E-05 9.9982E-05
9.9973E-05 0.0216693 0.211854 0.761547 9.9973E-05 0.00462954 9.9973E-05
0.0414438 0.0441463 0.0406854 0.827739 9.9982E-05 9.9982E-05 0.0457851
0.104706 9.9982E-05 0.0328082 0.667774 0.142127 9.9982E-05 0.0523856
0.0989052 9.99759E-05 9.99759E-05 0.485348 0.118608 9.99759E-05 0.296839
9.9964E-05 9.9964E-05 9.9964E-05 0.951764 9.9964E-05 0.00450692 0.0433296
9.9955E-05 0.156611 9.9955E-05 0.842889 9.9955E-05 9.9955E-05 9.9955E-05
0.00200245 0.0333189 9.9973E-05 0.747657 0.216721 9.9973E-05 9.9973E-05
9.9982E-05 0.0519946 0.103995 0.618117 0.130056 9.9982E-05 0.0956377
9.9973E-05 0.286906 0.164897 0.484278 0.0636196 9.9973E-05 9.9973E-05
0.104473 9.9982E-05 9.9982E-05 0.410418 0.465561 0.00183419 0.0175141
9.9973E-05 0.112024 9.9973E-05 0.517731 0.305802 9.9973E-05 0.0641433
9.9955E-05 9.9955E-05 9.9955E-05 0.595602 0.403898 9.9955E-05 9.9955E-05
0.142934 0.370813 0.261157 9.9973E-05 0.224796 9.9973E-05 9.9973E-05
0.0641918 0.413397 0.306633 0.0538061 0.0905876 9.9991E-05 0.071285
0.0131145 0.790629 9.9973E-05 0.0191026 0.176854 9.9973E-05 9.9973E-05
9.9955E-05 0.953329 0.0461715 9.9955E-05 9.9955E-05 9.9955E-05 9.9955E-05
0.0519494 0.722834 9.9982E-05 0.210901 0.00757425 0.00654225 9.9982E-05
0.00720783 0.992292 9.9955E-05 9.9955E-05 9.9955E-05 9.9955E-05 9.9955E-05
0.0581713 0.660956 0.0102509 0.0349584 0.0135002 0.0159721 0.206191
9.9964E-05 0.857509 9.9964E-05 0.0755175 0.0665735 9.9964E-05 9.9964E-05
0.0696847 0.87497 0.0479488 9.9973E-05 9.9973E-05 0.00709629 9.9973E-05
0.0553857 0.454246 0.00380804 0.0968998 0.345349 0.0442117 9.9991E-05
9.9955E-05 0.99767 9.9955E-05 9.9955E-05 9.9955E-05 9.9955E-05 0.00182989
0.078197 0.487218 0.0437641 0.0950633 0.25805 9.9991E-05 0.0376069
0.0363663 0.795935 0.0295313 0.0168784 0.116625 0.00456409 9.9991E-05
9.9982E-05 0.863077 0.0283704 0.0421671 0.031559 0.0346265 9.9982E-05
9.9973E-05 0.402681 0.508957 9.9973E-05 0.0811447 0.00691731 9.9973E-05
9.9982E-05 9.9982E-05 0.827899 0.0769095 0.0227244 0.00645202 0.0658153
9.999E-05 0.104654 0.678281 0.0355777 0.0954179 0.076338 0.00963086
9.9955E-05 9.9955E-05 0.923609 9.9955E-05 0.075891 9.9955E-05 9.9955E-05
0.0526079 0.316906 0.525312 0.0450965 9.9982E-05 9.9982E-05 0.0598785
0.0318474 0.399511 0.374942 9.9982E-05 0.117491 9.9982E-05 0.0760083
0.00687663 0.013512 0.897086 9.9973E-05 0.0822258 9.9973E-05 9.9973E-05
9.995E-05 9.995E-05 0.9994 9.995E-05 9.995E-05 9.995E-05 9.995E-05
9.9973E-05 9.9973E-05 0.863373 0.0124243 0.122717 0.00118561 9.9973E-05
9.9973E-05 0.0988346 0.77859 9.9973E-05 0.112856 0.00941992 9.9973E-05
0.00274721 0.0797814 0.861381 9.9973E-05 0.0557903 9.9973E-05 9.9973E-05
0.0511497 9.9964E-05 0.909926 9.9964E-05 9.9964E-05 0.0385248 9.9964E-05
0.036255 9.9991E-05 0.020461 0.0208988 0.876269 0.0123045 0.0337115
0.00576727 9.9982E-05 0.127968 0.123216 0.640291 9.9982E-05 0.102558
0.0402081 0.000768617 0.176382 9.9982E-05 0.694172 9.9982E-05 0.0882688
9.9973E-05 0.140001 0.0629855 9.9973E-05 0.620698 9.9973E-05 0.176016
9.9973E-05 0.00500181 0.127108 0.0233953 0.844195 9.9973E-05 9.9973E-05
0.00235433 0.377573 9.9982E-05 9.9982E-05 0.513469 0.0971419 0.00926218
9.9964E-05 0.132451 9.9964E-05 9.9964E-05 0.84009 9.9964E-05 0.0270586
9.99551E-05 9.99551E-05 9.99551E-05 9.99551E-05 0.958668 0.0408321 9.99551E-05
9.9964E-05 0.0972917 9.9964E-05 9.9964E-05 0.888212 0.0140967 9.9964E-05
9.995E-05 9.995E-05 9.995E-05 9.995E-05 0.9994 9.995E-05 9.995E-05
9.995E-05 9.995E-05 9.995E-05 9.995E-05 0.9994 9.995E-05 9.995E-05
9.995E-05 9.995E-05 9.995E-05 9.995E-05 0.9994 9.995E-05 9.995E-05
0.0326154 9.9964E-05 9.9964E-05 9.9964E-05 0.966043 0.000942054 9.9964E-05
0.0263639 9.9964E-05 0.0743331 9.9964E-05 0.898903 9.9964E-05 9.9964E-05
9.995E-05 9.995E-05 9.995E-05 9.995E-05 0.9994 9.995E-05 9.995E-05
9.9973E-05 0.289682 9.9973E-05 9.9973E-05 0.618751 0.0124702 0.0787966
0.0785952 9.9955E-05 9.9955E-05 9.9955E-05 0.920905 9.9955E-05 9.9955E-05
9.9982E-05 0.163157 0.0498699 9.9982E-05 0.718186 0.0595345 0.00905235
9.9982E-05 0.0194712 0.062659 0.0997575 0.253088 0.564825 9.9982E-05
9.995E-05 9.995E-05 9.995E-05 9.995E-05 9.995E-05 0.9994 9.995E-05
0.0709288 0.191719 0.015748 0.0306537 0.627471 0.0528481 0.0106315
