9.995E-05 9.995E-05 9.995E-05 9.995E-05 9.995E-05 9.995E-05 0.9994
9.9973E-05 0.112684 9.9973E-05 0.594802 0.0368293 9.9973E-05 0.255385
9.9973E-05 0.0385151 9.9973E-05 0.600719 0.104408 9.9973E-05 0.256058
9.9964E-05 9.9964E-05 9.9964E-05 0.705338 9.9964E-05 0.0732318 0.22103
0.0388892 9.9991E-05 0.0880315 0.635246 0.0131818 0.110111 0.11444
9.9973E-05 9.9973E-05 9.9973E-05 0.629943 0.0416301 0.158924 0.169203
9.9955E-05 9.9955E-05 9.9955E-05 0.725484 9.9955E-05 9.9955E-05 0.274017
0.0180964 0.0250939 0.0109202 0.555001 0.0867649 0.0321437 0.27198
9.9973E-05 9.9973E-05 0.0689703 0.673513 0.0822814 9.9973E-05 0.174936
9.995E-05 9.995E-05 9.995E-05 9.995E-05 9.995E-05 9.995E-05 0.9994
9.995E-05 9.995E-05 9.995E-05 9.995E-05 9.995E-05 9.995E-05 0.9994
9.995E-05 9.995E-05 9.995E-05 9.995E-05 9.995E-05 9.995E-05 0.9994
0.0203376 0.00667453 9.9973E-05 9.9973E-05 9.9973E-05 0.00100762 0.97168
9.9982E-05 9.9982E-05 0.0385596 0.00197356 0.000912068 0.022849 0.935506
0.0252294 0.00323134 9.9973E-05 9.9973E-05 9.9973E-05 0.0475962 0.923643
0.0196482 9.9991E-05 0.0596919 0.478385 0.0262854 0.236544 0.179345
0.0527411 0.00666128 0.0753439 0.320168 0.122078 0.21847 0.204538
9.9973E-05 9.9973E-05 9.9973E-05 0.694078 0.00135963 0.126113 0.178149
9.9964E-05 0.029974 0.0811869 0.888439 9.9964E-05 9.9964E-05 9.9964E-05
0.0213116 9.9973E-05 0.0261126 0.882814 9.9973E-05 0.0694621 9.9973E-05
9.9973E-05 0.0362351 0.061767 0.869061 9.9973E-05 9.9973E-05 0.0326367
0.0206596 0.0442 0.0212246 0.721502 0.0785013 0.113813 9.9991E-05
0.0738261 0.0549246 0.050192 0.793678 0.0270519 0.000227659 9.9991E-05
0.0457321 9.9973E-05 9.9973E-05 0.94574 0.00604272 9.9973E-05 0.00218562
0.00677017 9.9973E-05 0.0119815 0.898241 9.9973E-05 0.0827072 9.9973E-05
0.0565135 9.9973E-05 0.0314182 0.629545 9.9973E-05 0.282223 9.9973E-05
9.9973E-05 9.9973E-05 0.132425 0.692655 0.0676878 0.106933 9.9973E-05
0.0179855 9.9964E-05 9.9964E-05 0.962308 0.0193071 9.9964E-05 9.9964E-05
0.0248866 9.9982E-05 0.0381632 0.721225 9.9982E-05 0.192428 0.0230979
9.9973E-05 9.9973E-05 0.00358753 0.938226 9.9973E-05 0.0211941 0.0366922
0.022515 0.0355289 0.020311 0.908899 9.9982E-05 9.9982E-05 0.0125458
0.0456881 0.00711348 0.0542946 0.835669 0.0204252 0.0367101 9.9991E-05
9.9973E-05 9.9973E-05 0.0268878 0.716325 0.0640036 0.192483 9.9973E-05
0.0962499 0.00906808 0.0109663 0.663526 0.0912499 0.0842361 0.0447037
0.0371557 0.025041 0.0330981 0.834795 0.06971 9.9982E-05 9.9982E-05
0.00460345 9.9973E-05 9.9973E-05 0.948064 9.9973E-05 0.00634385 0.0406887
9.9955E-05 9.9955E-05 9.9955E-05 0.528762 9.9955E-05 0.470738 9.9955E-05
9.9973E-05 9.9973E-05 0.080011 0.567609 0.0351566 0.316924 9.9973E-05
9.999E-05 0.0368302 0.0564111 0.604825 0.0435321 0.252654 0.00564727
0.0191111 0.00594644 0.0284008 0.558524 9.9982E-05 0.387817 9.9982E-05
0.0686802 0.0523484 0.0191131 0.0681086 9.9991E-05 0.785613 0.00603704
9.999E-05 0.042174 0.0873896 0.0580985 0.0580337 0.730777 0.0234271
0.0482397 0.01831 9.9991E-05 0.233322 0.0753998 0.578144 0.0464847
0.00726578 9.9982E-05 0.0441363 0.0407706 0.0200032 0.887624 9.9982E-05
9.9973E-05 9.9973E-05 0.0281983 0.226878 0.0604852 0.684139 9.9973E-05
9.9964E-05 9.9964E-05 9.9964E-05 0.0110138 9.9964E-05 0.982122 0.00646461
9.9964E-05 9.9964E-05 9.9964E-05 0.0589673 9.9964E-05 0.927439 0.0131935
0.0203363 9.9982E-05 0.0216723 0.352865 0.00611791 0.598809 9.9982E-05
0.0525893 9.9991E-05 0.03587 0.123383 0.034835 0.686515 0.0667078
0.0484248 0.00616008 9.9982E-05 0.376129 9.9982E-05 0.464581 0.104505
9.9982E-05 9.9982E-05 0.0018928 0.128214 0.0378892 0.785848 0.0459559
9.9964E-05 9.9964E-05 9.9964E-05 0.16873 0.0514283 0.779442 9.9964E-05
9.9973E-05 9.9973E-05 9.9973E-05 0.0495348 0.00953295 0.934989 0.00564303
0.0243794 0.0236368 0.0545357 0.0954016 9.9991E-05 0.744969 0.0569775
0.0326052 0.0399957 0.0229867 0.12402 9.9991E-05 0.733041 0.0472509
0.0309935 9.9973E-05 9.9973E-05 0.18917 0.0677907 0.711746 9.9973E-05
0.0169229 9.9991E-05 0.0539189 0.179498 0.0542346 0.61473 0.0805953
9.9973E-05 0.0048165 0.0949397 0.200177 9.9973E-05 0.699767 9.9973E-05
9.9973E-05 9.9973E-05 9.9973E-05 0.0488726 0.00811044 0.936394 0.00632256
9.9982E-05 0.00491938 0.0517026 0.172389 9.9982E-05 0.723716 0.0470726
0.0450501 9.9982E-05 0.096209 0.268187 9.9982E-05 0.590242 0.00011241
0.0386154 9.9973E-05 9.9973E-05 0.0541789 9.9973E-05 0.880156 0.0267496
0.00161086 0.0250283 0.0342482 0.115542 0.0400955 0.764673 0.0188017
9.9964E-05 0.0114883 9.9964E-05 9.9964E-05 0.0287464 0.959365 9.9964E-05
0.00376963 9.9973E-05 9.9973E-05 0.0853926 9.9973E-05 0.86159 0.0489483
9.9955E-05 9.9955E-05 9.9955E-05 9.9955E-05 0.0428754 0.956625 9.9955E-05
9.995E-05 9.995E-05 9.995E-05 9.995E-05 9.995E-05 0.9994 9.995E-05
0.0411313 0.00690844 9.9982E-05 9.9982E-05 0.00914172 0.921724 0.0208947
9.9982E-05 0.00620035 0.0460609 0.281594 0.0111721 0.654773 9.9982E-05
9.99551E-05 9.99551E-05 9.99551E-05 9.99551E-05 0.0137526 0.985748 9.99551E-05
0.0171643 0.00684134 9.9991E-05 0.0884498 0.0673106 0.752607 0.0675265
0.0338408 0.0113714 0.0118566 0.0645529 0.0139542 0.864324 9.9991E-05
9.9955E-05 9.9955E-05 9.9955E-05 9.9955E-05 9.9955E-05 0.923769 0.0757313
9.9955E-05 9.9955E-05 9.9955E-05 9.9955E-05 9.9955E-05 0.927087 0.072413
0.0697713 9.9973E-05 9.9973E-05 0.00199737 9.9973E-05 0.898884 0.0290471
9.9964E-05 9.9964E-05 0.0853719 9.9964E-05 9.9964E-05 0.907949 0.00627928
9.9964E-05 0.0191206 9.9964E-05 9.9964E-05 0.00297502 0.977505 9.9964E-05
0.0416577 0.112353 9.9973E-05 9.9973E-05 9.9973E-05 0.81678 0.0289086
0.0635485 0.0819876 0.0222733 9.9982E-05 0.0210741 0.810917 9.9982E-05
0.00463183 0.0790921 0.0147338 9.9973E-05 9.9973E-05 0.901242 9.9973E-05
0.0339956 0.0514111 0.0187319 9.9982E-05 0.0100993 0.885562 9.9982E-05
0.00348287 0.0728306 0.0100157 9.9973E-05 9.9973E-05 0.913371 9.9973E-05
0.025878 0.0725829 0.0191184 9.9973E-05 9.9973E-05 0.882121 9.9973E-05
0.0939906 0.141352 0.0268985 0.185955 9.99882E-05 0.551604 9.99882E-05
0.054006 0.178183 0.0850205 0.0356303 0.0160515 0.604287 0.0268213
0.0124999 0.136236 0.021856 0.0231211 0.0693199 0.736867 9.9991E-05
0.0816604 0.0477293 0.0109742 0.164687 0.0753809 0.593998 0.0255703
0.104778 0.0940193 0.0185774 0.110543 9.9991E-05 0.668631 0.00335127
0.0878594 0.129368 0.0300205 9.9991E-05 0.0576264 0.678321 0.0167052
0.0928051 0.101772 0.0933645 0.0372295 0.094653 0.580076 9.9991E-05
0.0426484 0.131379 0.0379867 0.0192938 0.0462891 0.655249 0.0671541
0.096751 0.118084 9.9982E-05 9.9982E-05 0.0126335 0.725786 0.0465454
0.00314398 0.163433 0.184405 0.0398862 0.0502379 0.524525 0.034369
9.995E-05 0.9994 9.995E-05 9.995E-05 9.995E-05 9.995E-05 9.995E-05
9.9973E-05 0.908984 0.00531448 0.0734763 0.0119255 9.9973E-05 9.9973E-05
0.00892012 0.925143 9.9982E-05 9.9982E-05 0.0220419 0.0416201 0.00207508
9.995E-05 0.9994 9.995E-05 9.995E-05 9.995E-05 9.995E-05 9.995E-05
9.995E-05 0.9994 9.995E-05 9.995E-05 9.995E-05 9.995E-05 9.995E-05
9.995E-05 0.9994 9.995E-05 9.995E-05 9.995E-05 9.995E-05 9.995E-05
9.995E-05 0.9994 9.995E-05 9.995E-05 9.995E-05 9.995E-05 9.995E-05
0.00684771 0.882392 9.9973E-05 0.0469579 9.9973E-05 0.0635025 9.9973E-05
9.995E-05 0.9994 9.995E-05 9.995E-05 9.995E-05 9.995E-05 9.995E-05
9.9955E-05 0.997908 9.9955E-05 9.9955E-05 9.9955E-05 9.9955E-05 0.00159212
0.276733 0.120669 0.0725032 0.06582 0.0868858 0.37729 9.9991E-05
9.9955E-05 0.930175 9.9955E-05 9.9955E-05 9.9955E-05 0.0693251 9.9955E-05
9.995E-05 0.9994 9.995E-05 9.995E-05 9.995E-05 9.995E-05 9.995E-05
9.9964E-05 0.982585 9.9964E-05 0.00659718 0.0104178 9.9964E-05 9.9964E-05
0.148914 0.122462 0.0719711 9.9982E-05 0.0254252 0.631027 9.9982E-05
0.153324 0.126133 0.0553813 9.9982E-05 0.0479664 0.616995 9.9982E-05
0.144347 0.120724 0.0432907 9.9982E-05 0.0520822 0.639357 9.9982E-05
0.118962 0.157192 0.0977191 9.9982E-05 0.0536035 0.572324 9.9982E-05
0.216233 0.126521 0.0456133 9.9982E-05 0.00965058 0.601782 9.9982E-05
0.18099 0.12174 0.0715237 0.092172 0.0273817 0.506092 9.9991E-05
0.096773 0.209796 0.0645787 0.044902 0.0182385 0.565612 9.9991E-05
0.185835 0.149744 0.0452801 9.9973E-05 9.9973E-05 0.618841 9.9973E-05
0.0802646 0.212515 0.074207 9.9982E-05 0.0543812 0.578433 9.9982E-05
0.0867477 0.225312 0.0282981 9.9982E-05 0.0227835 0.636659 9.9982E-05
0.101712 0.0894478 0.0993307 0.0184194 0.0465216 0.644468 9.9991E-05
0.0502423 0.180966 0.0654482 9.9973E-05 9.9973E-05 0.703044 9.9973E-05
0.120367 0.0398693 0.105258 9.9991E-05 0.0453079 0.67132 0.0177775
0.153596 0.118652 0.0523509 9.9982E-05 0.039134 0.636067 9.9982E-05
9.995E-05 9.995E-05 9.995E-05 9.995E-05 0.9994 9.995E-05 9.995E-05
0.140603 0.146463 0.0990278 9.9982E-05 0.116704 0.497003 9.9982E-05
9.995E-05 9.995E-05 9.995E-05 9.995E-05 0.9994 9.995E-05 9.995E-05
9.995E-05 9.995E-05 9.995E-05 9.995E-05 0.9994 9.995E-05 9.995E-05
0.0225728 0.00652501 0.0208726 0.0187668 0.931063 9.9982E-05 9.9982E-05
0.019646 0.00298656 9.9991E-05 0.0414205 0.793994 0.121605 0.0202487
9.995E-05 9.995E-05 9.995E-05 9.995E-05 0.9994 9.995E-05 9.995E-05
0.0486002 9.9973E-05 9.9973E-05 9.9973E-05 0.87056 0.0706823 0.00985745
9.9955E-05 9.9955E-05 0.0158044 9.9955E-05 0.983696 9.9955E-05 9.9955E-05
0.0279224 9.9955E-05 9.9955E-05 9.9955E-05 0.971578 9.9955E-05 9.9955E-05
9.995E-05 9.995E-05 9.995E-05 9.995E-05 0.9994 9.995E-05 9.995E-05
9.9955E-05 9.9955E-05 0.00530182 9.9955E-05 0.994198 9.9955E-05 9.9955E-05
0.0151275 0.0192029 0.0155995 9.9973E-05 0.94977 9.9973E-05 9.9973E-05
0.0735823 0.0876344 0.051247 9.9973E-05 0.787236 9.9973E-05 9.9973E-05
9.9964E-05 9.9964E-05 9.9964E-05 9.9964E-05 0.959996 0.0132061 0.0263983
9.9973E-05 0.00515297 9.9973E-05 9.9973E-05 0.865002 0.122758 0.00678778
9.9973E-05 9.9973E-05 0.0510033 9.9973E-05 0.88377 0.0622383 0.00268879
0.00207919 9.9991E-05 0.0563198 0.0943457 0.820163 0.0154247 0.0115674
0.0366316 9.9964E-05 9.9964E-05 9.9964E-05 0.962122 9.9964E-05 0.000846465
0.930811 9.9964E-05 9.9964E-05 0.0481759 9.9964E-05 9.9964E-05 0.0206134
0.853658 0.0516339 0.0586476 0.0316226 9.9982E-05 9.9982E-05 0.00423777
0.9994 9.995E-05 9.995E-05 9.995E-05 9.995E-05 9.995E-05 9.995E-05
0.910916 9.9964E-05 0.0480559 9.9964E-05 9.9964E-05 0.0406284 9.9964E-05
0.9994 9.995E-05 9.995E-05 9.995E-05 9.995E-05 9.995E-05 9.995E-05
0.9994 9.995E-05 9.995E-05 9.995E-05 9.995E-05 9.995E-05 9.995E-05
0.9994 9.995E-05 9.995E-05 9.995E-05 9.995E-05 9.995E-05 9.995E-05
0.799505 9.9982E-05 0.0115198 0.0137266 9.9982E-05 0.129429 0.0456198
0.988918 9.9955E-05 9.9955E-05 9.9955E-05 0.0105818 9.9955E-05 9.9955E-05
0.995306 0.00419395 9.9955E-05 9.9955E-05 9.9955E-05 9.9955E-05 9.9955E-05
0.901081 0.0485008 9.9973E-05 9.9973E-05 0.0174091 9.9973E-05 0.0327091
0.9994 9.995E-05 9.995E-05 9.995E-05 9.995E-05 9.995E-05 9.995E-05
0.725675 0.0162615 0.0286543 9.9982E-05 0.0792912 0.149918 9.9982E-05
0.0237213 0.0583515 0.301709 9.9991E-05 0.0758631 0.493055 0.0471997
0.0656481 0.0256313 0.310719 9.9991E-05 0.0330468 0.541267 0.0235883
0.0334654 0.082951 0.240393 9.9991E-05 0.0667335 0.536983 0.0393739
9.9982E-05 0.0645038 0.29587 9.9982E-05 0.0698995 0.531196 0.0383308
0.0698381 0.228738 0.290401 0.000444631 0.0153577 0.39512 9.9991E-05
9.99731E-05 0.232818 0.458508 9.99731E-05 0.0896586 0.218715 9.99731E-05
0.0175824 0.230248 0.359371 9.9982E-05 0.0677003 0.324899 9.9982E-05
9.99731E-05 0.292542 0.419188 9.99731E-05 0.0574307 0.23054 9.99731E-05
0.0251412 0.2785 0.370326 9.9982E-05 0.0731687 0.252664 9.9982E-05
9.9973E-05 0.259647 0.35666 9.9973E-05 0.0764531 0.30694 9.9973E-05
0.0293467 0.28369 0.335714 9.9982E-05 0.060139 0.29091 9.9982E-05
0.058575 0.218093 0.306441 0.0532399 0.0473945 0.239293 0.0769633
9.9982E-05 0.218746 0.276944 0.0282316 0.0966869 0.379191 9.9982E-05
0.0278943 9.9955E-05 0.971606 9.9955E-05 9.9955E-05 9.9955E-05 9.9955E-05
9.995E-05 9.995E-05 0.9994 9.995E-05 9.995E-05 9.995E-05 9.995E-05
9.995E-05 9.995E-05 0.9994 9.995E-05 9.995E-05 9.995E-05 9.995E-05
9.995E-05 9.995E-05 0.9994 9.995E-05 9.995E-05 9.995E-05 9.995E-05
9.995E-05 9.995E-05 0.9994 9.995E-05 9.995E-05 9.995E-05 9.995E-05
9.9964E-05 9.9964E-05 0.911901 9.9964E-05 9.9964E-05 0.0746826 0.0130168
9.995E-05 9.995E-05 0.9994 9.995E-05 9.995E-05 9.995E-05 9.995E-05
9.995E-05 9.995E-05 0.9994 9.995E-05 9.995E-05 9.995E-05 9.995E-05
9.995E-05 9.995E-05 0.9994 9.995E-05 9.995E-05 9.995E-05 9.995E-05
0.0164722 9.9973E-05 0.963367 9.9973E-05 0.0124732 0.00738789 9.9973E-05
9.995E-05 9.995E-05 0.9994 9.995E-05 9.995E-05 9.995E-05 9.995E-05
9.995E-05 9.995E-05 0.9994 9.995E-05 9.995E-05 9.995E-05 9.995E-05
