9.99011E-05 9.99011E-05 9.99011E-05 9.99011E-05 9.99011E-05 9.99011E-05 9.99011E-05 9.99011E-05 0.998901 9.99011E-05 9.99011E-05 9.99011E-05
0.0347581 9.9946E-05 0.105319 9.9946E-05 0.0675709 9.9946E-05 9.9946E-05 0.176511 0.595281 9.9946E-05 9.9946E-05 0.0199598
9.99011E-05 9.99011E-05 9.99011E-05 9.99011E-05 0.998901 9.99011E-05 9.99011E-05 9.99011E-05 9.99011E-05 9.99011E-05 9.99011E-05 9.99011E-05
0.0264175 0.0173205 9.9928E-05 9.9928E-05 0.878914 9.9928E-05 9.9928E-05 9.9928E-05 9.9928E-05 0.0765481 9.9928E-05 9.9928E-05
9.9928E-05 0.0201862 9.9928E-05 9.9928E-05 0.0015819 0.0182319 9.9928E-05 0.959201 9.9928E-05 9.9928E-05 9.9928E-05 9.9928E-05
9.9937E-05 9.9937E-05 9.9937E-05 9.9937E-05 0.00316741 0.0109982 0.00250673 9.9937E-05 0.932539 0.0500894 9.9937E-05 9.9937E-05
9.9928E-05 0.0400097 0.080865 9.9928E-05 9.9928E-05 9.9928E-05 9.9928E-05 9.9928E-05 0.862111 9.9928E-05 9.9928E-05 0.0162148
9.99011E-05 9.99011E-05 9.99011E-05 9.99011E-05 9.99011E-05 9.99011E-05 9.99011E-05 0.998901 9.99011E-05 9.99011E-05 9.99011E-05 9.99011E-05
9.9928E-05 9.9928E-05 9.9928E-05 9.9928E-05 0.0532745 9.9928E-05 9.9928E-05 0.33099 0.175042 9.9928E-05 0.439894 9.9928E-05
9.995E-05 9.995E-05 0.101348 9.995E-05 0.128978 0.0306335 9.995E-05 0.628951 9.995E-05 0.029465 0.0208215 0.0593025
0.937686 0.00171957 9.9937E-05 9.9937E-05 0.0267926 9.9937E-05 9.9937E-05 9.9937E-05 9.9937E-05 9.9937E-05 0.0163906 0.0167117
9.99101E-05 9.99101E-05 9.99101E-05 9.99101E-05 9.99101E-05 9.99101E-05 0.965424 0.0335773 9.99101E-05 9.99101E-05 9.99101E-05 9.99101E-05
0.209955 9.9937E-05 9.9937E-05 9.9937E-05 0.0603202 9.9937E-05 0.65149 0.0192047 0.0583298 9.9937E-05 9.9937E-05 9.9937E-05
9.99451E-05 9.99451E-05 9.99451E-05 9.99451E-05 0.0129937 9.99451E-05 0.46534 0.0463875 9.99451E-05 0.426073 9.99451E-05 0.048506
0.0860482 9.9946E-05 9.9946E-05 0.0885362 0.127818 9.9946E-05 0.641457 9.9946E-05 0.013095 9.9946E-05 9.9946E-05 0.0424459
0.370919 9.9928E-05 9.9928E-05 9.9928E-05 9.9928E-05 9.9928E-05 0.356294 9.9928E-05 0.0936058 0.178382 9.9928E-05 9.9928E-05
0.279105 9.99191E-05 9.99191E-05 9.99191E-05 9.99191E-05 9.99191E-05 0.189665 9.99191E-05 9.99191E-05 0.530331 9.99191E-05 9.99191E-05
0.0629097 9.9955E-05 0.135769 0.0342113 9.9955E-05 0.00754177 9.9955E-05 9.9955E-05 9.9955E-05 0.631239 0.12278 0.00505002
9.9937E-05 0.0875068 9.9937E-05 0.0884384 9.9937E-05 9.9937E-05 0.677757 9.9937E-05 9.9937E-05 0.130608 9.9937E-05 0.0149906
9.99101E-05 9.99101E-05 9.99101E-05 9.99101E-05 0.0488066 9.99101E-05 9.99101E-05 9.99101E-05 9.99101E-05 0.950194 9.99101E-05 9.99101E-05
9.9973E-05 9.9973E-05 0.0241047 0.017913 0.00874004 0.00567885 0.0080819 9.9973E-05 0.0487336 0.821589 0.0522328 0.0126265
0.644399 9.9946E-05 0.00581879 0.0809814 9.9946E-05 9.9946E-05 9.9946E-05 0.170621 0.08768 9.9946E-05 0.00989977 9.9946E-05
0.998901 9.99011E-05 9.99011E-05 9.99011E-05 9.99011E-05 9.99011E-05 9.99011E-05 9.99011E-05 9.99011E-05 9.99011E-05 9.99011E-05 9.99011E-05
9.99011E-05 9.99011E-05 9.99011E-05 9.99011E-05 9.99011E-05 9.99011E-05 9.99011E-05 9.99011E-05 9.99011E-05 0.998901 9.99011E-05 9.99011E-05
9.9937E-05 9.9937E-05 0.0614768 0.0108457 9.9937E-05 9.9937E-05 0.836715 9.9937E-05 9.9937E-05 0.087886 9.9937E-05 0.00237654
9.9946E-05 9.9946E-05 0.0688046 9.9946E-05 9.9946E-05 0.00024915 0.655552 9.9946E-05 0.0851869 0.183152 0.00645566 9.9946E-05
9.9937E-05 0.0879165 0.00829122 9.9937E-05 9.9937E-05 0.0337438 0.575378 9.9937E-05 9.9937E-05 9.9937E-05 0.293971 9.9937E-05
0.13617 0.00900521 0.272182 0.030321 0.0800778 9.9964E-05 0.446532 9.9964E-05 9.9964E-05 9.9964E-05 0.000194283 0.0251186
9.9937E-05 9.9937E-05 0.178141 0.0228542 9.9937E-05 0.0293483 0.678294 9.9937E-05 9.9937E-05 9.9937E-05 0.0906625 9.9937E-05
0.000414824 9.9928E-05 0.127538 9.9928E-05 9.9928E-05 9.9928E-05 0.726847 9.9928E-05 9.9928E-05 9.9928E-05 0.1444 9.9928E-05
9.9901E-05 9.9901E-05 9.9901E-05 9.9901E-05 9.9901E-05 9.9901E-05 9.9901E-05 9.9901E-05 9.9901E-05 9.9901E-05 0.998901 9.9901E-05
9.991E-05 9.991E-05 9.991E-05 9.991E-05 9.991E-05 9.991E-05 9.991E-05 9.991E-05 0.0226888 9.991E-05 0.976312 9.991E-05
9.9928E-05 9.9928E-05 0.0963046 0.811279 9.9928E-05 0.0507949 0.0408224 9.9928E-05 9.9928E-05 9.9928E-05 9.9928E-05 9.9928E-05
9.99011E-05 9.99011E-05 9.99011E-05 9.99011E-05 9.99011E-05 0.998901 9.99011E-05 9.99011E-05 9.99011E-05 9.99011E-05 9.99011E-05 9.99011E-05
0.0613982 9.9937E-05 9.9937E-05 0.140658 9.9937E-05 0.290564 0.201742 9.9937E-05 9.9937E-05 9.9937E-05 0.304938 9.9937E-05
9.99011E-05 9.99011E-05 9.99011E-05 0.998901 9.99011E-05 9.99011E-05 9.99011E-05 9.99011E-05 9.99011E-05 9.99011E-05 9.99011E-05 9.99011E-05
0.0455842 0.0655953 9.9955E-05 0.649792 0.00833446 9.9955E-05 9.9955E-05 0.107166 0.0922083 0.0308192 9.9955E-05 9.9955E-05
0.0429147 9.9937E-05 0.0655551 0.701226 9.9937E-05 0.00275755 9.9937E-05 9.9937E-05 9.9937E-05 9.9937E-05 0.186847 9.9937E-05
9.9919E-05 0.0203248 9.9919E-05 0.975951 9.9919E-05 9.9919E-05 9.9919E-05 9.9919E-05 9.9919E-05 9.9919E-05 9.9919E-05 0.00282459
0.0565198 0.0811329 0.284316 0.478421 0.00109818 0.00419605 0.0751417 9.9973E-05 0.00620792 9.9973E-05 9.9973E-05 0.012667
9.9937E-05 0.00607884 0.0706425 0.671858 9.9937E-05 9.9937E-05 9.9937E-05 0.0149897 9.9937E-05 9.9937E-05 0.235731 9.9937E-05
9.9964E-05 0.0239261 0.377593 0.284685 0.0584857 0.117155 0.107462 9.9964E-05 0.016866 0.0134275 9.9964E-05 9.9964E-05
9.9964E-05 9.9964E-05 0.124525 0.0136884 0.0340047 0.508393 0.0574853 0.0116156 9.9964E-05 0.00928473 0.240604 9.9964E-05
0.0143264 9.9919E-05 9.9919E-05 9.9919E-05 9.9919E-05 0.967325 9.9919E-05 9.9919E-05 9.9919E-05 9.9919E-05 9.9919E-05 0.0174497
0.100593 0.355075 0.097612 9.99461E-05 9.99461E-05 0.0356245 9.99461E-05 9.99461E-05 9.99461E-05 9.99461E-05 0.409434 0.00106114
9.9946E-05 0.643013 0.0358286 0.0686849 9.9946E-05 9.9946E-05 0.148657 9.9946E-05 9.9946E-05 9.9946E-05 0.0690591 0.0341575
9.9955E-05 0.405845 0.0520894 9.9955E-05 9.9955E-05 0.37379 9.9955E-05 0.00242839 9.9955E-05 0.0207202 0.0596266 0.0850002
9.9928E-05 0.794035 0.187771 9.9928E-05 9.9928E-05 0.00419892 9.9928E-05 9.9928E-05 9.9928E-05 9.9928E-05 0.013196 9.9928E-05
9.9937E-05 0.48343 9.9937E-05 0.0247104 0.0722429 0.0775783 0.341339 9.9937E-05 9.9937E-05 9.9937E-05 9.9937E-05 9.9937E-05
9.9964E-05 0.355791 0.254063 0.0362638 0.0379083 0.194152 0.0537485 0.0537482 9.9964E-05 9.9964E-05 0.0139251 9.9964E-05
0.0375767 0.791485 0.0492598 0.0154026 9.9946E-05 9.9946E-05 9.9946E-05 9.9946E-05 9.9946E-05 0.0949397 9.9946E-05 0.0107361
9.9928E-05 0.969937 9.9928E-05 0.009495 9.9928E-05 9.9928E-05 9.9928E-05 0.000860311 0.0189078 9.9928E-05 9.9928E-05 9.9928E-05
0.0414539 0.750487 0.191431 9.99281E-05 9.99281E-05 9.99281E-05 9.99281E-05 9.99281E-05 0.015829 9.99281E-05 9.99281E-05 9.99281E-05
0.110155 0.744241 0.0364186 0.0441861 9.99532E-05 0.0300371 9.99532E-05 9.99532E-05 9.99532E-05 9.99532E-05 0.0343622 9.99532E-05
9.9937E-05 0.782796 9.9937E-05 0.045698 9.9937E-05 0.131878 9.9937E-05 9.9937E-05 9.9937E-05 0.000645855 0.0382831 9.9937E-05
9.99191E-05 0.969189 9.99191E-05 9.99191E-05 0.000524974 9.99191E-05 9.99191E-05 9.99191E-05 9.99191E-05 9.99191E-05 9.99191E-05 0.029387
0.00319289 0.0242566 0.717346 9.9955E-05 9.9955E-05 9.9955E-05 0.152912 0.00312348 9.9955E-05 9.9955E-05 0.0805885 0.0180815
9.9955E-05 0.197298 0.508846 9.9955E-05 0.0065928 9.9955E-05 0.124881 0.0473852 0.0375904 9.9955E-05 0.0769066 9.9955E-05
9.9946E-05 0.24122 0.550781 9.9946E-05 0.035244 9.9946E-05 9.9946E-05 9.9946E-05 9.9946E-05 0.0417164 0.10911 0.0213287
0.00328447 9.9955E-05 0.542066 0.128192 9.9955E-05 0.096553 0.0928088 0.0866721 0.0499239 9.9955E-05 9.9955E-05 9.9955E-05
9.9937E-05 0.0323086 0.783922 9.9937E-05 9.9937E-05 0.0234193 9.9937E-05 9.9937E-05 9.9937E-05 0.101064 0.0585868 9.9937E-05
9.9937E-05 9.9937E-05 0.348585 0.454895 0.0651715 0.0364808 9.9937E-05 9.9937E-05 9.9937E-05 9.9937E-05 9.9937E-05 0.0941684
0.0407482 0.00298051 0.816541 9.9946E-05 0.0113673 0.104715 9.9946E-05 0.0230491 9.9946E-05 9.9946E-05 9.9946E-05 9.9946E-05
9.99191E-05 9.99191E-05 0.941698 9.99191E-05 9.99191E-05 9.99191E-05 9.99191E-05 9.99191E-05 9.99191E-05 9.99191E-05 0.0127274 0.0446758
9.9937E-05 9.9937E-05 0.850382 0.0975047 9.9937E-05 0.0190654 9.9937E-05 9.9937E-05 9.9937E-05 0.0265514 9.9937E-05 0.00579683
9.99101E-05 9.99101E-05 0.981188 9.99101E-05 9.99101E-05 9.99101E-05 9.99101E-05 9.99101E-05 0.0178127 9.99101E-05 9.99101E-05 9.99101E-05
9.99101E-05 9.99101E-05 0.991937 9.99101E-05 9.99101E-05 9.99101E-05 0.00706434 9.99101E-05 9.99101E-05 9.99101E-05 9.99101E-05 9.99101E-05
9.99101E-05 9.99101E-05 0.976359 9.99101E-05 9.99101E-05 9.99101E-05 0.0226414 9.99101E-05 9.99101E-05 9.99101E-05 9.99101E-05 9.99101E-05
9.99011E-05 9.99011E-05 0.998901 9.99011E-05 9.99011E-05 9.99011E-05 9.99011E-05 9.99011E-05 9.99011E-05 9.99011E-05 9.99011E-05 9.99011E-05
9.991E-05 9.991E-05 0.953988 9.991E-05 0.0450128 9.991E-05 9.991E-05 9.991E-05 9.991E-05 9.991E-05 9.991E-05 9.991E-05
9.99191E-05 9.99191E-05 0.933099 9.99191E-05 9.99191E-05 9.99191E-05 9.99191E-05 9.99191E-05 9.99191E-05 0.034574 0.031428 9.99191E-05
9.99371E-05 9.99371E-05 0.638649 0.227373 9.99371E-05 9.99371E-05 9.99371E-05 0.0780618 9.99371E-05 9.99371E-05 0.0342518 0.0209657
9.9937E-05 9.9937E-05 0.902578 9.9937E-05 0.00117626 0.0138515 9.9937E-05 0.071169 9.9937E-05 9.9937E-05 9.9937E-05 0.0105253
0.0600516 0.0923801 0.697382 0.0240756 9.9973E-05 0.00948723 9.9973E-05 0.0319935 0.0223333 9.9973E-05 0.0158477 0.0461495
0.03938 0.00229656 0.26038 9.9946E-05 9.9946E-05 9.9946E-05 9.9946E-05 9.9946E-05 9.9946E-05 0.0528714 0.0393336 0.605139
9.9901E-05 9.9901E-05 9.9901E-05 9.9901E-05 9.9901E-05 9.9901E-05 9.9901E-05 9.9901E-05 9.9901E-05 9.9901E-05 9.9901E-05 0.998901
0.0297449 0.00981362 0.634584 0.0243876 0.0119772 0.153202 0.04595 9.9973E-05 0.027142 9.9973E-05 9.9973E-05 0.0628986
