9.99201E-05 9.99201E-05 9.99201E-05 9.99201E-05 9.99201E-05 9.99201E-05 9.99201E-05 0.999101 9.99201E-05 9.99201E-05
9.9946E-05 9.9946E-05 9.9946E-05 0.100008 0.537992 0.0985361 9.9946E-05 0.262865 9.9946E-05 9.9946E-05
9.9946E-05 9.9946E-05 9.9946E-05 0.0536128 0.578978 0.103696 9.9946E-05 0.263113 9.9946E-05 9.9946E-05
0.0396987 9.99461E-05 9.99461E-05 9.99461E-05 0.727727 9.99461E-05 9.99461E-05 0.216158 0.0158164 9.99461E-05
0.103525 0.0217415 0.00602738 0.0101493 0.678533 9.9982E-05 0.0334802 0.0853288 9.9982E-05 0.0610149
0.168737 9.9955E-05 9.9955E-05 0.0299796 0.613932 9.9955E-05 0.0332562 0.153595 9.9955E-05 9.9955E-05
9.9928E-05 9.9928E-05 9.9928E-05 9.9928E-05 0.756667 9.9928E-05 9.9928E-05 0.242534 9.9928E-05 9.9928E-05
0.0600108 9.9964E-05 0.000993285 0.0469686 0.569949 0.0409738 9.9964E-05 0.280704 9.9964E-05 9.9964E-05
0.0110058 0.0378585 9.9964E-05 0.0556163 0.714318 0.0183547 9.9964E-05 0.162447 9.9964E-05 9.9964E-05
9.99201E-05 9.99201E-05 9.99201E-05 9.99201E-05 9.99201E-05 9.99201E-05 9.99201E-05 0.999101 9.99201E-05 9.99201E-05
9.99201E-05 9.99201E-05 9.99201E-05 9.99201E-05 9.99201E-05 9.99201E-05 9.99201E-05 0.999101 9.99201E-05 9.99201E-05
9.99201E-05 9.99201E-05 9.99201E-05 9.99201E-05 9.99201E-05 9.99201E-05 9.99201E-05 0.999101 9.99201E-05 9.99201E-05
9.99201E-05 9.99201E-05 9.99201E-05 9.99201E-05 9.99201E-05 9.99201E-05 9.99201E-05 0.999101 9.99201E-05 9.99201E-05
9.9937E-05 9.9937E-05 9.9937E-05 9.9937E-05 9.9937E-05 9.9937E-05 9.9937E-05 0.921718 0.0458015 0.0317812
0.0130589 9.9946E-05 0.0225647 9.9946E-05 9.9946E-05 9.9946E-05 9.9946E-05 0.93748 9.9946E-05 0.0262963
0.118867 0.00683077 0.0547376 0.016109 0.540324 0.0285441 9.9982E-05 0.168799 0.0655892 9.9982E-05
0.0518062 0.0696693 0.0266816 0.122722 0.33034 0.0379867 9.9991E-05 0.203876 0.0975621 0.0592563
0.0171118 9.9955E-05 9.9955E-05 9.9955E-05 0.654461 0.0359477 0.0816464 0.210334 9.9955E-05 9.9955E-05
0.060149 9.9937E-05 9.9937E-05 9.9937E-05 0.894664 9.9937E-05 9.9937E-05 9.9937E-05 9.9937E-05 0.0444879
9.99371E-05 9.99371E-05 0.0150524 9.99371E-05 0.899798 9.99371E-05 9.99371E-05 9.99371E-05 9.99371E-05 0.0844497
9.9946E-05 0.044211 9.9946E-05 9.9946E-05 0.901507 9.9946E-05 0.0370974 0.0165853 9.9946E-05 9.9946E-05
0.046799 9.9973E-05 0.0323726 0.0651935 0.724043 9.9973E-05 0.0145022 9.9973E-05 0.000163371 0.116626
9.9964E-05 0.0114394 9.9964E-05 0.0396569 0.783715 9.9964E-05 0.0218664 9.9964E-05 0.0395116 0.103411
9.9964E-05 9.9964E-05 0.0236577 0.00460358 0.906797 9.9964E-05 9.9964E-05 0.0178939 0.0103245 0.0363233
9.9973E-05 0.0447628 0.0130067 9.9973E-05 0.820329 0.0159847 9.9973E-05 0.0161357 0.0816396 0.00784164
0.121585 0.0694309 0.0416038 0.00509455 0.667193 9.9964E-05 0.0946935 9.9964E-05 9.9964E-05 9.9964E-05
0.027768 0.0723709 9.9964E-05 0.0702253 0.738923 9.9964E-05 0.029306 9.9964E-05 9.9964E-05 0.0610066
0.071069 9.9946E-05 0.00375715 0.0160173 0.908557 9.9946E-05 9.9946E-05 9.9946E-05 9.9946E-05 9.9946E-05
0.0343991 0.00717977 0.0525146 9.9973E-05 0.778253 9.9973E-05 0.0729478 0.0363614 9.9973E-05 0.0180447
9.9946E-05 0.00325282 9.9946E-05 9.9946E-05 0.902344 9.9946E-05 0.0361087 0.0576948 9.9946E-05 9.9946E-05
9.9973E-05 0.0243396 0.0183282 9.9973E-05 0.853142 0.0146036 0.0281546 0.0362824 9.9973E-05 0.0248496
9.9973E-05 0.0471978 0.0827445 0.00881288 0.737935 0.0259182 9.9973E-05 9.9973E-05 0.0873206 0.00977127
9.9964E-05 9.9964E-05 0.0207393 0.0825559 0.766103 9.9964E-05 0.115563 9.9964E-05 0.0129131 0.00172497
9.9964E-05 9.9964E-05 0.101712 0.0573635 0.605846 9.9964E-05 0.162446 0.051479 0.0207538 9.9964E-05
9.9955E-05 9.9955E-05 9.9955E-05 0.0492693 0.800648 0.00199357 0.0841155 9.9955E-05 9.9955E-05 0.0634739
9.9973E-05 0.0302123 0.00381455 9.9973E-05 0.885096 0.0299544 0.0117934 0.0324294 9.9973E-05 0.00639989
0.114316 0.008739 9.9973E-05 0.00496383 0.502727 9.9973E-05 0.181151 9.9973E-05 0.15624 0.0315638
9.9955E-05 0.0696937 9.9955E-05 0.0147061 0.574981 9.9955E-05 0.305991 9.9955E-05 9.9955E-05 0.0341287
9.9964E-05 0.0914788 9.9964E-05 0.0200051 0.552207 0.013179 0.299469 9.9964E-05 0.0232604 9.9964E-05
9.99604E-05 0.0470818 9.99604E-05 9.99604E-05 0.558711 9.99604E-05 0.360223 9.99604E-05 0.0317718 0.00171225
0.576725 0.0208391 0.0811389 0.0300619 0.136323 0.0443052 0.110307 9.9973E-05 9.9973E-05 9.9973E-05
0.536695 0.0927263 0.0935343 0.0218273 0.0831393 0.0724888 9.9973E-05 9.9973E-05 0.0992891 9.9973E-05
0.555841 9.9964E-05 0.110008 0.0357493 0.219938 0.0460652 9.9964E-05 0.0319982 9.9964E-05 9.9964E-05
0.577588 0.0407052 0.0655409 0.048881 0.134048 0.0155647 0.0787476 9.9982E-05 0.038725 9.9982E-05
0.232647 0.0654689 0.0364446 0.0979408 0.195317 9.9973E-05 0.221746 9.9973E-05 0.150136 9.9973E-05
9.99201E-05 9.99201E-05 9.99201E-05 9.99201E-05 9.99201E-05 9.99201E-05 9.99201E-05 9.99201E-05 0.999101 9.99201E-05
9.99201E-05 9.99201E-05 9.99201E-05 9.99201E-05 9.99201E-05 9.99201E-05 9.99201E-05 9.99201E-05 0.999101 9.99201E-05
0.238289 0.012515 0.035544 0.052039 0.389287 9.9982E-05 0.085908 9.9982E-05 0.14513 0.0410875
0.232037 0.0835352 0.0896145 0.03898 0.185232 9.9982E-05 0.138685 0.0709928 0.160723 9.9982E-05
0.222614 0.0330398 0.0699959 0.0230992 0.406198 0.0367768 0.0771608 0.0862978 0.040071 0.00474669
0.0823206 0.053222 9.9973E-05 0.0205246 0.263209 9.9973E-05 0.343707 0.023146 0.213571 9.9973E-05
0.35839 0.0191143 0.00996259 0.06601 0.2296 9.9982E-05 0.0874193 9.9982E-05 0.199964 0.02934
9.9964E-05 0.0091508 0.0193218 0.0290907 9.9964E-05 9.9964E-05 0.0120228 9.9964E-05 0.871974 0.0580398
0.127301 0.037064 9.9973E-05 9.9973E-05 0.205248 9.9973E-05 0.362448 0.0388767 0.132466 0.0962961
0.0513699 0.0162686 0.0435153 0.0141352 0.240728 0.00111818 0.439149 0.0413982 0.132426 0.0198925
0.308065 9.9973E-05 0.0775762 0.0891966 0.272587 0.0249256 0.0831676 9.9973E-05 0.144182 9.9973E-05
0.0635435 0.0671595 0.0538249 0.0696392 0.229911 0.0188785 0.243858 0.0895457 0.163539 9.9991E-05
0.167873 0.0646034 0.0327255 9.9982E-05 0.2326 0.0549393 0.238474 9.9982E-05 0.202093 0.00649141
9.99201E-05 9.99201E-05 9.99201E-05 9.99201E-05 9.99201E-05 9.99201E-05 9.99201E-05 9.99201E-05 0.999101 9.99201E-05
0.191789 0.0778525 9.9982E-05 0.00289779 0.195389 9.9982E-05 0.254954 0.0634419 0.198958 0.0145173
0.0576065 0.0230763 0.0954566 9.9973E-05 0.231214 0.0253271 9.9973E-05 9.9973E-05 0.519405 0.0476152
0.419229 0.0184644 0.162705 0.00936763 0.107043 0.0460181 0.0698489 0.00747071 0.159753 9.9991E-05
0.35666 0.064446 0.0200076 0.0781331 0.199916 0.0543706 0.140054 9.9991E-05 0.0537575 0.0325546
0.988008 9.9937E-05 9.9937E-05 9.9937E-05 9.9937E-05 9.9937E-05 9.9937E-05 9.9937E-05 0.0101305 0.00116189
0.343 0.0557354 0.0829769 9.9973E-05 0.129049 9.9973E-05 0.10966 0.0315629 0.247716 9.9973E-05
0.999101 9.99201E-05 9.99201E-05 9.99201E-05 9.99201E-05 9.99201E-05 9.99201E-05 9.99201E-05 9.99201E-05 9.99201E-05
0.544143 9.9946E-05 9.9946E-05 9.9946E-05 9.9946E-05 0.0209621 0.413838 9.9946E-05 0.020457 9.9946E-05
0.956342 0.000788931 9.9937E-05 9.9937E-05 9.9937E-05 9.9937E-05 9.9937E-05 9.9937E-05 9.9937E-05 0.0421691
0.380617 0.0501562 0.0233674 0.0431647 0.37017 0.00186316 0.102619 9.9991E-05 0.0227009 0.00524181
0.989248 9.9928E-05 9.9928E-05 9.9928E-05 9.9928E-05 9.9928E-05 9.9928E-05 9.9928E-05 9.9928E-05 0.00995234
0.393926 9.9982E-05 0.0415422 0.0566424 0.103862 0.0544943 0.116818 0.064589 0.167927 9.9982E-05
0.353376 0.058968 0.0186551 0.0666827 0.0680379 0.000882787 0.349512 9.9982E-05 0.0836856 9.9982E-05
0.805301 0.0431076 9.9964E-05 9.9964E-05 0.0599549 9.9964E-05 0.0252295 0.0521503 0.0138573 9.9964E-05
0.768613 0.0686791 9.9964E-05 9.9964E-05 0.0424395 9.9964E-05 0.063418 0.0382098 0.018241 9.9964E-05
0.385626 0.0439491 0.0875345 0.00827958 9.9973E-05 9.9973E-05 0.357032 0.0650001 0.0522793 9.9973E-05
0.521656 0.113378 9.9964E-05 9.9964E-05 0.0929578 9.9964E-05 0.183831 0.00373929 0.0840386 9.9964E-05
0.612647 9.9973E-05 9.9973E-05 0.0530902 0.0197317 0.0232012 0.217148 9.9973E-05 0.0709441 0.00293745
0.505287 9.99896E-05 0.0502129 9.99896E-05 0.014874 0.0807981 0.209624 0.00493624 0.00834408 0.125724
0.0279868 9.99371E-05 9.99371E-05 9.99371E-05 0.0455914 9.99371E-05 0.925722 9.99371E-05 9.99371E-05 9.99371E-05
0.0026339 9.9928E-05 9.9928E-05 9.9928E-05 9.9928E-05 9.9928E-05 0.996567 9.9928E-05 9.9928E-05 9.9928E-05
9.9946E-05 9.9946E-05 9.9946E-05 0.00483112 9.9946E-05 9.9946E-05 0.919042 0.00677809 0.0687488 9.9946E-05
9.99281E-05 9.99281E-05 9.99281E-05 9.99281E-05 9.99281E-05 9.99281E-05 0.967159 9.99281E-05 0.0320419 9.99281E-05
0.0211604 9.9946E-05 9.9946E-05 0.0324464 0.00750421 9.9946E-05 0.938289 9.9946E-05 9.9946E-05 9.9946E-05
0.0509257 0.0363643 0.0296377 9.9964E-05 0.200869 0.0683965 0.613407 9.9964E-05 9.9964E-05 9.9964E-05
0.134653 0.00285749 0.0258652 0.00750944 0.0779395 0.137685 0.504731 9.9982E-05 0.10856 9.9982E-05
0.0864109 9.9973E-05 0.0490491 0.0830102 9.9973E-05 0.0717008 0.615976 0.0375951 0.0559579 9.9973E-05
0.0672328 0.0298729 0.0458214 0.0491517 0.16428 0.0496106 0.488779 0.0407686 0.0643827 9.9991E-05
0.112585 0.0158845 0.0815939 9.99653E-05 0.151771 0.0554181 0.582348 9.99653E-05 9.99653E-05 9.99653E-05
0.197526 0.0107064 0.00756658 0.0258626 9.9991E-05 0.0846479 0.558454 0.0289817 0.0180149 0.0681395
0.174233 0.150558 0.106418 0.0740838 0.0880887 0.0698731 0.321607 0.0149387 9.9982E-05 9.9982E-05
0.0450106 9.99903E-05 0.110071 0.0228754 9.99903E-05 0.135163 0.28785 0.0722354 0.148076 0.178518
0.0905431 9.9991E-05 0.0549961 0.0551601 0.0260268 0.0844961 0.309174 0.0446553 0.161285 0.173564
0.00404773 0.180858 0.0190195 0.0825357 0.006321 0.175737 0.380931 0.0216656 0.128784 9.9991E-05
9.9946E-05 9.9946E-05 0.00481843 0.00430201 9.9946E-05 0.976585 0.0136953 9.9946E-05 9.9946E-05 9.9946E-05
9.99371E-05 9.99371E-05 9.99371E-05 9.99371E-05 0.00801555 0.95421 9.99371E-05 0.0370753 9.99371E-05 9.99371E-05
0.0526976 9.9946E-05 9.9946E-05 9.9946E-05 9.9946E-05 0.874309 9.9946E-05 0.0250812 9.9946E-05 0.0473124
9.99201E-05 9.99201E-05 9.99201E-05 9.99201E-05 9.99201E-05 0.999101 9.99201E-05 9.99201E-05 9.99201E-05 9.99201E-05
9.99201E-05 9.99201E-05 9.99201E-05 9.99201E-05 9.99201E-05 0.999101 9.99201E-05 9.99201E-05 9.99201E-05 9.99201E-05
9.99201E-05 9.99201E-05 9.99201E-05 9.99201E-05 9.99201E-05 0.999101 9.99201E-05 9.99201E-05 9.99201E-05 9.99201E-05
9.99281E-05 0.00750562 9.99281E-05 9.99281E-05 9.99281E-05 0.991695 9.99281E-05 9.99281E-05 9.99281E-05 9.99281E-05
0.00387753 9.9955E-05 9.9955E-05 0.00767783 0.0398335 0.91556 0.0325515 9.9955E-05 9.9955E-05 9.9955E-05
9.99281E-05 0.00864402 9.99281E-05 9.99281E-05 9.99281E-05 0.990557 9.99281E-05 9.99281E-05 9.99281E-05 9.99281E-05
9.99281E-05 9.99281E-05 9.99281E-05 9.99281E-05 9.99281E-05 0.997493 9.99281E-05 9.99281E-05 9.99281E-05 0.0017079
0.0285849 0.0625926 0.226917 0.0882937 0.0755715 0.064096 0.377612 9.9982E-05 9.9982E-05 0.0761326
0.0280284 0.00589781 0.0198919 9.9964E-05 9.9964E-05 0.897532 9.9964E-05 9.9964E-05 0.0402842 0.00796624
9.99201E-05 9.99201E-05 9.99201E-05 9.99201E-05 9.99201E-05 0.999101 9.99201E-05 9.99201E-05 9.99201E-05 9.99201E-05
0.0032261 9.9973E-05 0.0126616 9.9973E-05 9.9973E-05 0.953978 0.00516391 0.00378964 0.00931679 0.0115639
9.9937E-05 0.0113591 0.0228346 9.9937E-05 9.9937E-05 9.9937E-05 0.965107 9.9937E-05 9.9937E-05 9.9937E-05
9.99201E-05 9.99201E-05 9.99201E-05 9.99201E-05 9.99201E-05 9.99201E-05 0.999101 9.99201E-05 9.99201E-05 9.99201E-05
9.99281E-05 9.99281E-05 9.99281E-05 9.99281E-05 9.99281E-05 9.99281E-05 0.9823 9.99281E-05 9.99281E-05 0.0169005
9.99201E-05 9.99201E-05 9.99201E-05 9.99201E-05 9.99201E-05 9.99201E-05 0.999101 9.99201E-05 9.99201E-05 9.99201E-05
9.9973E-05 0.029475 0.0876241 9.9973E-05 0.0191016 0.0113839 0.819582 9.9973E-05 0.00302557 0.0295079
9.9955E-05 9.9955E-05 0.0473373 0.0160487 0.133562 9.9955E-05 0.692744 9.9955E-05 9.9955E-05 0.109808
9.99709E-05 0.018527 0.0487811 9.99709E-05 0.0225592 0.0400038 0.822032 9.99709E-05 9.99709E-05 0.0476965
9.9955E-05 0.0311808 0.0691909 9.9955E-05 9.9955E-05 0.0270365 0.828664 9.9955E-05 9.9955E-05 0.0434283
9.9946E-05 9.9946E-05 9.9946E-05 0.0124411 9.9946E-05 0.0848111 0.85119 9.9946E-05 9.9946E-05 0.0509579
9.9955E-05 9.9955E-05 0.00246221 0.024512 9.9955E-05 0.0367963 0.890691 9.9955E-05 9.9955E-05 0.0450387
9.9973E-05 0.0446814 0.0401021 0.0362741 0.0600911 0.0110378 0.789573 9.9973E-05 9.9973E-05 0.0179408
9.9937E-05 9.9937E-05 9.9937E-05 9.9937E-05 9.9937E-05 0.0943227 0.80349 9.9937E-05 9.9937E-05 0.101488
0.0429675 0.0236391 0.0981082 0.0527487 9.9982E-05 9.9982E-05 0.707746 0.0247501 0.0107243 0.0391163
0.0206968 0.0232356 0.124768 0.0420818 9.9973E-05 0.0316021 0.736376 9.9973E-05 9.9973E-05 0.0209398
9.9955E-05 0.0336486 0.876829 0.0119309 9.9955E-05 9.9955E-05 0.0323599 9.9955E-05 9.9955E-05 0.0447314
9.9964E-05 0.0469943 0.878056 9.9964E-05 0.00672689 0.0251523 9.9964E-05 0.00903703 9.9964E-05 0.0336335
9.99201E-05 9.99201E-05 0.999101 9.99201E-05 9.99201E-05 9.99201E-05 9.99201E-05 9.99201E-05 9.99201E-05 9.99201E-05
9.9937E-05 0.0163869 0.979189 9.9937E-05 9.9937E-05 9.9937E-05 9.9937E-05 9.9937E-05 9.9937E-05 0.00372454
9.9937E-05 0.0157626 0.977925 0.0056132 9.9937E-05 9.9937E-05 9.9937E-05 9.9937E-05 9.9937E-05 9.9937E-05
9.99201E-05 9.99201E-05 0.999101 9.99201E-05 9.99201E-05 9.99201E-05 9.99201E-05 9.99201E-05 9.99201E-05 9.99201E-05
9.99281E-05 9.99281E-05 0.985588 9.99281E-05 9.99281E-05 9.99281E-05 9.99281E-05 9.99281E-05 0.013613 9.99281E-05
0.0752553 9.99461E-05 0.773523 9.99461E-05 9.99461E-05 9.99461E-05 9.99461E-05 0.0421595 9.99461E-05 0.108462
9.99201E-05 9.99201E-05 0.999101 9.99201E-05 9.99201E-05 9.99201E-05 9.99201E-05 9.99201E-05 9.99201E-05 9.99201E-05
9.99201E-05 9.99201E-05 0.999101 9.99201E-05 9.99201E-05 9.99201E-05 9.99201E-05 9.99201E-05 9.99201E-05 9.99201E-05
0.00467406 9.9955E-05 0.877674 9.9955E-05 9.9955E-05 0.0447341 9.9955E-05 0.0278874 9.9955E-05 0.0445304
9.9937E-05 0.0273942 0.944819 9.9937E-05 9.9937E-05 0.0270871 9.9937E-05 9.9937E-05 9.9937E-05 9.9937E-05
0.112117 0.00286618 0.759023 0.0674227 9.9973E-05 0.00992911 9.9973E-05 0.017756 9.9973E-05 0.0305859
9.99201E-05 9.99201E-05 9.99201E-05 0.999101 9.99201E-05 9.99201E-05 9.99201E-05 9.99201E-05 9.99201E-05 9.99201E-05
0.0419693 0.0246182 0.0629854 0.107335 9.998E-05 0.142496 0.578755 9.998E-05 0.011976 0.0296657
9.99201E-05 9.99201E-05 9.99201E-05 0.999101 9.99201E-05 9.99201E-05 9.99201E-05 9.99201E-05 9.99201E-05 9.99201E-05
9.99281E-05 9.99281E-05 9.99281E-05 0.99131 9.99281E-05 9.99281E-05 9.99281E-05 0.00789014 9.99281E-05 9.99281E-05
9.99461E-05 9.99461E-05 9.99461E-05 0.929966 9.99461E-05 0.00220008 9.99461E-05 9.99461E-05 0.00583107 0.0614035
0.00106321 0.0449709 0.00683255 0.794503 0.0767613 9.9973E-05 0.0484484 9.9973E-05 0.0271209 9.9973E-05
9.99201E-05 9.99201E-05 9.99201E-05 0.999101 9.99201E-05 9.99201E-05 9.99201E-05 9.99201E-05 9.99201E-05 9.99201E-05
9.99551E-05 0.0153863 0.0303719 0.840068 9.99551E-05 9.99551E-05 0.0680264 9.99551E-05 9.99551E-05 0.0456481
9.99281E-05 9.99281E-05 9.99281E-05 0.976022 0.0231788 9.99281E-05 9.99281E-05 9.99281E-05 9.99281E-05 9.99281E-05
9.9955E-05 0.00763608 0.0336246 0.924964 0.0306626 9.9955E-05 9.9955E-05 9.9955E-05 0.00261285 9.9955E-05
0.0183771 9.9937E-05 9.9937E-05 0.979863 9.9937E-05 9.9937E-05 9.9937E-05 9.9937E-05 0.00106024 9.9937E-05
0.0382787 9.9946E-05 9.9946E-05 0.933063 9.9946E-05 9.9946E-05 0.0119084 9.9946E-05 9.9946E-05 0.0161506
9.99281E-05 9.99281E-05 9.99281E-05 0.963923 9.99281E-05 0.0352775 9.99281E-05 9.99281E-05 9.99281E-05 9.99281E-05
9.99461E-05 0.0500767 0.0223675 0.887847 9.99461E-05 0.0391092 9.99461E-05 9.99461E-05 9.99461E-05 9.99461E-05
0.0221152 9.9964E-05 0.020361 0.918064 0.0135772 9.9964E-05 9.9964E-05 0.00300205 9.9964E-05 0.0224809
0.0578683 9.9964E-05 0.00928763 0.861237 9.9964E-05 0.0187792 0.0166647 9.9964E-05 9.9964E-05 0.0357632
0.0222146 0.0125586 0.0161551 0.853792 9.9973E-05 9.9973E-05 0.035855 0.0170699 9.9973E-05 0.042055
0.0115274 0.0360983 9.9973E-05 0.883933 0.0302207 0.0168933 9.9973E-05 0.00893741 9.9973E-05 0.0120902
9.9946E-05 9.9946E-05 0.0263858 0.906886 9.9946E-05 9.9946E-05 0.0457996 9.9946E-05 0.0203287 9.9946E-05
0.186671 0.251358 0.0584643 0.0160457 9.9982E-05 0.0392514 0.292556 0.0478323 9.9982E-05 0.107621
0.103116 0.218427 0.0736932 0.0825704 9.9982E-05 9.9982E-05 0.338891 0.0252221 0.046693 0.111188
0.210659 0.246813 0.043683 0.0486249 9.9982E-05 0.0797124 0.210924 0.0398959 9.9982E-05 0.119487
0.155684 0.22245 0.0361067 0.0644597 9.9991E-05 0.0410258 0.292158 0.0484685 0.00782072 0.131727
0.0688598 9.9955E-05 0.0384633 0.0102161 9.9955E-05 9.9955E-05 0.00983549 9.9955E-05 9.9955E-05 0.872126
9.99201E-05 9.99201E-05 9.99201E-05 9.99201E-05 9.99201E-05 9.99201E-05 9.99201E-05 9.99201E-05 9.99201E-05 0.999101
9.9946E-05 0.0194229 9.9946E-05 9.9946E-05 9.9946E-05 0.01483 0.0130167 9.9946E-05 9.9946E-05 0.952131
9.99201E-05 9.99201E-05 9.99201E-05 9.99201E-05 9.99201E-05 9.99201E-05 9.99201E-05 9.99201E-05 9.99201E-05 0.999101
9.9946E-05 0.00474978 9.9946E-05 9.9946E-05 9.9946E-05 9.9946E-05 0.0311655 0.000893341 9.9946E-05 0.962592
9.9955E-05 0.0137964 9.9955E-05 0.0119559 9.9955E-05 0.01522 0.00123001 9.9955E-05 9.9955E-05 0.957298
9.9955E-05 0.0173352 9.9955E-05 9.9955E-05 9.9955E-05 0.0205687 9.9955E-05 0.00187948 0.00170397 0.958013
0.0156669 0.0190014 0.0249397 0.0652119 0.111018 9.9982E-05 9.9982E-05 0.0132976 0.00236908 0.748295
0.0583082 9.9964E-05 0.0250845 0.0211405 0.040216 9.9964E-05 9.9964E-05 0.0117128 9.9964E-05 0.843138
9.9946E-05 0.933159 0.000438628 9.9946E-05 9.9946E-05 9.9946E-05 0.0648907 9.9946E-05 0.00091166 9.9946E-05
9.99201E-05 0.999101 9.99201E-05 9.99201E-05 9.99201E-05 9.99201E-05 9.99201E-05 9.99201E-05 9.99201E-05 9.99201E-05
9.99201E-05 0.999101 9.99201E-05 9.99201E-05 9.99201E-05 9.99201E-05 9.99201E-05 9.99201E-05 9.99201E-05 9.99201E-05
9.99281E-05 0.993013 9.99281E-05 9.99281E-05 9.99281E-05 9.99281E-05 9.99281E-05 0.00618737 9.99281E-05 9.99281E-05
9.99281E-05 0.988611 9.99281E-05 9.99281E-05 9.99281E-05 0.0105897 9.99281E-05 9.99281E-05 9.99281E-05 9.99281E-05
0.0878802 0.801563 9.9964E-05 9.9964E-05 0.035118 9.9964E-05 0.0643339 0.00437912 9.9964E-05 0.00632552
9.99201E-05 0.999101 9.99201E-05 9.99201E-05 9.99201E-05 9.99201E-05 9.99201E-05 9.99201E-05 9.99201E-05 9.99201E-05
9.99201E-05 0.999101 9.99201E-05 9.99201E-05 9.99201E-05 9.99201E-05 9.99201E-05 9.99201E-05 9.99201E-05 9.99201E-05
9.9973E-05 0.963915 0.00329024 0.00162074 0.00135214 9.9973E-05 9.9973E-05 0.014777 0.000654513 0.0140908
9.9955E-05 0.93735 0.0266481 0.00607678 9.9955E-05 0.000605143 9.9955E-05 9.9955E-05 0.0288197 9.9955E-05
9.99201E-05 0.999101 9.99201E-05 9.99201E-05 9.99201E-05 9.99201E-05 9.99201E-05 9.99201E-05 9.99201E-05 9.99201E-05
9.9955E-05 0.981017 0.00422167 9.9955E-05 9.9955E-05 0.0105589 9.9955E-05 9.9955E-05 0.0013454 0.0023568
