9.99201E-05 9.99201E-05 9.99201E-05 9.99201E-05 9.99201E-05 9.99201E-05 9.99201E-05 9.99201E-05 0.999101 9.99201E-05
0.762124 0.0229696 0.0537764 9.9964E-05 0.0178245 9.9964E-05 0.067728 9.9964E-05 0.0751781 9.9964E-05
0.806142 0.0771372 0.0281143 9.9946E-05 9.9946E-05 9.9946E-05 9.9946E-05 9.9946E-05 0.0880064 9.9946E-05
0.999101 9.99201E-05 9.99201E-05 9.99201E-05 9.99201E-05 9.99201E-05 9.99201E-05 9.99201E-05 9.99201E-05 9.99201E-05
0.627663 9.9973E-05 9.9973E-05 0.085196 0.0634204 0.0163517 0.099796 0.105383 9.9973E-05 0.00188938
0.572311 0.0209472 9.9973E-05 0.133541 9.9973E-05 9.9973E-05 0.144048 0.0215566 0.0685577 0.0387387
0.566127 9.9937E-05 9.9937E-05 9.9937E-05 9.9937E-05 9.9937E-05 0.300338 9.9937E-05 0.132836 9.9937E-05
0.538469 0.0556508 9.9973E-05 0.112252 9.9973E-05 0.0101954 0.123679 0.00593384 0.15352 9.9973E-05
0.542598 0.0128072 0.00569653 0.0396473 0.084015 0.00862387 0.258122 9.9982E-05 0.0482901 9.9982E-05
9.99201E-05 9.99201E-05 9.99201E-05 9.99201E-05 9.99201E-05 9.99201E-05 9.99201E-05 9.99201E-05 0.999101 9.99201E-05
9.99281E-05 9.99281E-05 0.00282594 9.99281E-05 9.99281E-05 9.99281E-05 9.99281E-05 9.99281E-05 0.996375 9.99281E-05
9.99281E-05 9.99281E-05 9.99281E-05 9.99281E-05 9.99281E-05 9.99281E-05 9.99281E-05 9.99281E-05 0.999014 0.000186367
9.99281E-05 9.99281E-05 0.024905 9.99281E-05 9.99281E-05 9.99281E-05 9.99281E-05 9.99281E-05 0.974296 9.99281E-05
9.9946E-05 9.9946E-05 9.9946E-05 9.9946E-05 0.0062178 9.9946E-05 0.0600832 0.0227734 0.910326 9.9946E-05
0.0532664 0.000854413 9.9946E-05 0.0295228 9.9946E-05 9.9946E-05 9.9946E-05 9.9946E-05 0.915757 9.9946E-05
0.505687 0.00705855 9.9973E-05 0.209955 0.0187252 9.9973E-05 0.0933834 9.9973E-05 0.0754536 0.0894378
0.398648 0.0648615 0.0647933 0.0947286 0.0377024 0.104896 0.0485134 0.0640905 0.116239 0.0055269
0.999101 9.99201E-05 9.99201E-05 9.99201E-05 9.99201E-05 9.99201E-05 9.99201E-05 9.99201E-05 9.99201E-05 9.99201E-05
0.0461177 9.99461E-05 9.99461E-05 9.99461E-05 0.00805892 9.99461E-05 0.910374 0.0348498 9.99461E-05 9.99461E-05
9.9955E-05 9.9955E-05 0.0111209 9.9955E-05 9.9955E-05 0.0313579 0.917178 0.0232841 9.9955E-05 0.0165595
0.134762 9.9955E-05 9.9955E-05 9.9955E-05 0.0442856 9.9955E-05 0.780936 9.9955E-05 0.0290611 0.0104562
0.0251511 0.0693276 9.9964E-05 0.0155264 9.9964E-05 0.0110785 0.797809 0.0807077 9.9964E-05 9.9964E-05
0.0802277 0.0323526 0.00630821 9.9964E-05 0.0167803 9.9964E-05 0.769138 0.0947936 9.9964E-05 9.9964E-05
9.9937E-05 9.9937E-05 9.9937E-05 9.9937E-05 9.9937E-05 9.9937E-05 0.964923 0.0106561 0.0237212 9.9937E-05
9.99371E-05 9.99371E-05 9.99371E-05 0.0477397 0.00822241 9.99371E-05 0.943338 9.99371E-05 9.99371E-05 9.99371E-05
9.9982E-05 0.000648727 9.9982E-05 0.0861996 0.0410528 0.066954 0.721183 0.00230341 0.00175928 0.0796992
9.9946E-05 0.0980707 9.9946E-05 9.9946E-05 0.086451 9.9946E-05 0.791212 9.9946E-05 0.0236669 9.9946E-05
0.0221125 0.0245508 9.99461E-05 0.0161095 9.99461E-05 9.99461E-05 0.936628 9.99461E-05 9.99461E-05 9.99461E-05
9.9973E-05 0.0242669 9.9973E-05 9.9973E-05 0.0389392 0.0374095 0.751238 0.00771796 0.0542177 0.085911
0.115015 9.9937E-05 9.9937E-05 9.9937E-05 9.9937E-05 9.9937E-05 0.857691 9.9937E-05 0.0265945 9.9937E-05
9.9955E-05 9.9955E-05 0.0117082 9.9955E-05 9.9955E-05 0.00997996 0.910961 0.0245599 0.042291 9.9955E-05
9.9964E-05 0.00245074 0.0204212 0.0443205 0.041361 0.0401707 0.850876 9.9964E-05 9.9964E-05 9.9964E-05
9.9946E-05 0.0179902 9.9946E-05 9.9946E-05 9.9946E-05 9.9946E-05 0.766158 9.9946E-05 0.0120888 0.203163
9.9964E-05 0.0700696 9.9964E-05 0.0508035 9.9964E-05 0.082757 0.654388 9.9964E-05 0.0653035 0.0762783
0.129019 0.0362213 9.9946E-05 9.9946E-05 9.9946E-05 9.9946E-05 0.708586 0.125574 9.9946E-05 9.9946E-05
0.109054 9.9946E-05 9.9946E-05 9.9946E-05 9.9946E-05 9.9946E-05 0.839155 9.9946E-05 0.0460079 0.00518329
9.9946E-05 9.9946E-05 9.9946E-05 0.279604 9.9946E-05 9.9946E-05 0.517754 0.0108201 9.9946E-05 0.191222
0.0798683 0.0251832 9.9973E-05 9.9973E-05 0.0633192 9.9973E-05 0.540737 0.0665445 0.00294397 0.221104
0.0229283 0.0587984 0.0257555 0.0388619 0.0676342 9.9982E-05 0.597824 9.9982E-05 0.00302673 0.184971
9.9955E-05 9.9955E-05 9.9955E-05 0.0462321 0.017754 9.9955E-05 0.671936 9.9955E-05 0.00790173 0.255676
0.175274 0.0332957 0.0778554 0.510196 9.9964E-05 0.13362 9.9964E-05 9.9964E-05 9.9964E-05 0.0693599
0.21106 0.0770715 9.9973E-05 0.483974 0.0394876 0.140268 9.9973E-05 0.00144256 9.9973E-05 0.046397
0.225002 0.100259 0.0573935 0.448309 9.9982E-05 0.077177 0.0801214 0.00520953 0.0063285 9.9982E-05
0.218728 0.0436742 0.0198776 0.530784 0.0535964 0.106133 9.9973E-05 9.9973E-05 9.9973E-05 0.0269068
0.0653665 0.0562275 9.9973E-05 0.409149 0.0641213 0.0391624 0.229426 9.9973E-05 9.9973E-05 0.136247
9.99201E-05 9.99201E-05 9.99201E-05 0.999101 9.99201E-05 9.99201E-05 9.99201E-05 9.99201E-05 9.99201E-05 9.99201E-05
9.99201E-05 9.99201E-05 9.99201E-05 0.999101 9.99201E-05 9.99201E-05 9.99201E-05 9.99201E-05 9.99201E-05 9.99201E-05
9.9973E-05 0.0388736 0.017935 0.422104 0.0296332 0.0609506 0.394741 0.0354629 9.9973E-05 9.9973E-05
0.0886001 0.0330854 9.9982E-05 0.416694 0.132782 0.0839912 0.0736038 9.9982E-05 0.0557171 0.115327
0.130421 0.0246924 0.0488015 0.337047 0.0269346 0.0740851 0.295483 9.9991E-05 0.0530459 0.00938934
0.0670154 0.0816207 9.9982E-05 0.370404 0.0642529 0.0275861 0.208617 9.9982E-05 0.020985 0.15932
0.00622756 0.0528404 9.9982E-05 0.614855 0.0380918 0.0649567 0.168985 0.0256078 9.9982E-05 0.0282352
9.9955E-05 9.9955E-05 9.9955E-05 0.935319 0.0158055 9.9955E-05 0.0157094 0.0200158 0.0126506 9.9955E-05
9.9982E-05 0.00539476 9.9982E-05 0.328926 0.0230659 0.0342649 0.184605 0.0478097 0.0692223 0.306512
9.999E-05 0.00110941 0.0497074 0.322766 0.0219966 0.0399862 0.170955 0.0116738 0.0627435 0.318963
0.164775 0.114339 0.0192246 0.533453 0.011583 0.0802207 0.0355287 9.9982E-05 9.9982E-05 0.0406763
0.0562042 0.0592432 0.0227496 0.313086 0.0759249 0.0441793 0.107071 9.9991E-05 0.0826007 0.238842
0.0856178 0.0218758 0.0239662 0.387771 0.048334 0.111567 0.222781 9.9982E-05 9.9982E-05 0.0978876
9.9928E-05 9.9928E-05 9.9928E-05 0.994318 9.9928E-05 9.9928E-05 9.9928E-05 9.9928E-05 0.00488235 9.9928E-05
0.0916585 0.0204718 9.9973E-05 0.398974 0.097283 9.9973E-05 0.176463 9.9973E-05 0.0366123 0.178237
9.9955E-05 9.9955E-05 9.9955E-05 0.628304 0.120114 0.0755427 0.1664 0.00913872 9.9955E-05 9.9955E-05
0.0833923 9.9982E-05 0.0336029 0.630188 0.00877914 0.0512775 0.0394499 9.9982E-05 0.00759316 0.145517
9.9982E-05 0.0858032 0.00919633 0.454737 0.0750785 0.0666551 0.168011 0.0156541 9.9982E-05 0.124665
9.9946E-05 0.0550087 0.0159115 0.859688 9.9946E-05 9.9946E-05 9.9946E-05 0.0687919 9.9946E-05 9.9946E-05
0.134029 9.9964E-05 9.9964E-05 0.546193 0.0220735 0.0386033 0.0886658 9.9964E-05 9.9964E-05 0.170035
9.9955E-05 0.0388777 0.0128805 0.86924 9.9955E-05 0.0113456 9.9955E-05 0.0671559 9.9955E-05 9.9955E-05
9.9946E-05 9.9946E-05 0.0167669 0.711058 0.0121623 9.9946E-05 9.9946E-05 9.9946E-05 9.9946E-05 0.259414
9.9955E-05 9.9955E-05 0.011495 0.796871 9.9955E-05 0.0377252 9.9955E-05 0.141239 0.0121701 9.9955E-05
0.110235 9.9982E-05 0.0225478 0.4139 0.0892007 0.0210767 0.197259 0.0231317 9.9982E-05 0.122449
9.9937E-05 9.9937E-05 9.9937E-05 0.899689 9.9937E-05 0.0281489 9.9937E-05 0.0714625 9.9937E-05 9.9937E-05
0.0820626 0.0640456 0.0768328 0.568534 9.9982E-05 0.039656 0.0601272 9.9982E-05 0.0509257 0.0576166
0.0205897 0.0334873 0.0434454 0.517124 0.0590682 0.0227381 0.0162789 0.00353966 9.9991E-05 0.283629
9.9964E-05 0.0244277 9.9964E-05 0.803342 0.00915094 9.9964E-05 0.0430093 9.9964E-05 0.0560967 0.0635736
0.00741479 9.9973E-05 0.00586456 0.729915 0.0543082 9.9973E-05 0.00215256 9.9973E-05 0.0415955 0.15845
9.9964E-05 0.00848241 9.9964E-05 0.484068 9.9964E-05 0.0819084 0.0143551 9.9964E-05 0.0719994 0.338787
9.9964E-05 9.9964E-05 0.00499744 0.652864 0.085308 9.9964E-05 9.9964E-05 0.00904492 0.00902467 0.238362
9.9955E-05 0.0514616 0.0316321 0.736898 9.9955E-05 0.020163 9.9955E-05 9.9955E-05 9.9955E-05 0.159346
0.0576808 0.0263005 0.0886054 0.406466 9.9982E-05 0.0590297 0.010973 0.144689 9.9982E-05 0.206056
0.060723 9.99654E-05 9.99654E-05 0.0122417 0.00316964 0.00189312 9.99654E-05 0.00787227 9.99654E-05 0.9137
9.99201E-05 9.99201E-05 9.99201E-05 9.99201E-05 9.99201E-05 9.99201E-05 9.99201E-05 9.99201E-05 9.99201E-05 0.999101
9.99371E-05 9.99371E-05 9.99371E-05 0.0030637 9.99371E-05 9.99371E-05 9.99371E-05 9.99371E-05 0.0363033 0.959933
9.99281E-05 9.99281E-05 9.99281E-05 0.044174 9.99281E-05 9.99281E-05 9.99281E-05 9.99281E-05 9.99281E-05 0.955027
9.9937E-05 9.9937E-05 9.9937E-05 0.0111994 0.0121833 9.9937E-05 9.9937E-05 9.9937E-05 9.9937E-05 0.975918
0.0640409 9.9991E-05 0.0498507 0.115059 0.0328325 0.0835187 0.203525 0.0257098 0.0164369 0.408927
0.119762 0.0312877 0.0925872 0.130549 0.0267296 0.0385549 9.9982E-05 0.0620088 9.9982E-05 0.498321
0.117199 0.0849017 0.0939377 0.0963048 9.9964E-05 0.0257234 9.9964E-05 9.9964E-05 9.9964E-05 0.581533
0.130172 0.0590572 0.0117692 0.112055 0.0407149 0.0970088 0.066733 9.9991E-05 0.0375625 0.444828
9.9973E-05 9.9973E-05 0.0905209 0.143903 0.0338823 0.106532 0.177407 9.9973E-05 0.00185428 0.4456
0.119127 9.9973E-05 0.0579503 0.145853 0.0552892 0.0989819 9.9973E-05 0.0166523 9.9973E-05 0.505846
9.999E-05 0.0835591 0.0660353 0.163046 0.104034 0.117245 0.103199 0.00740546 0.0180981 0.337278
0.107621 0.0588593 0.100094 0.339068 9.9982E-05 0.0738621 9.9982E-05 0.181239 0.0179284 0.121128
0.104175 0.0413818 0.0835502 0.320114 9.9973E-05 0.145742 9.9973E-05 0.156589 9.9973E-05 0.148148
0.0342326 0.0776577 0.188913 0.197363 0.148183 0.0602707 0.0221509 9.9991E-05 0.0242493 0.246879
9.9937E-05 0.00783527 0.98814 9.9937E-05 9.9937E-05 0.00332507 9.9937E-05 9.9937E-05 9.9937E-05 9.9937E-05
0.0109745 0.0112913 0.875945 0.0554165 0.000760411 0.0345038 0.00391865 9.9982E-05 0.00698995 9.9982E-05
9.9955E-05 9.9955E-05 0.834889 9.9955E-05 9.9955E-05 9.9955E-05 0.0443822 0.0582316 0.004696 0.0573017
9.99201E-05 9.99201E-05 0.999101 9.99201E-05 9.99201E-05 9.99201E-05 9.99201E-05 9.99201E-05 9.99201E-05 9.99201E-05
9.99201E-05 9.99201E-05 0.999101 9.99201E-05 9.99201E-05 9.99201E-05 9.99201E-05 9.99201E-05 9.99201E-05 9.99201E-05
9.99201E-05 9.99201E-05 0.999101 9.99201E-05 9.99201E-05 9.99201E-05 9.99201E-05 9.99201E-05 9.99201E-05 9.99201E-05
9.99201E-05 9.99201E-05 0.999101 9.99201E-05 9.99201E-05 9.99201E-05 9.99201E-05 9.99201E-05 9.99201E-05 9.99201E-05
0.0344272 0.00359631 0.920479 9.9955E-05 0.0127386 9.9955E-05 0.0282592 9.9955E-05 9.9955E-05 9.9955E-05
9.99281E-05 9.99281E-05 0.957605 9.99281E-05 0.0415959 9.99281E-05 9.99281E-05 9.99281E-05 9.99281E-05 9.99281E-05
9.99201E-05 9.99201E-05 0.999101 9.99201E-05 9.99201E-05 9.99201E-05 9.99201E-05 9.99201E-05 9.99201E-05 9.99201E-05
9.9973E-05 0.0751586 0.0490096 9.9973E-05 0.0994573 0.254868 0.12161 0.057182 9.9973E-05 0.342415
9.9946E-05 9.9946E-05 0.885463 0.0657684 0.00666864 9.9946E-05 9.9946E-05 9.9946E-05 9.9946E-05 0.0415004
9.99281E-05 0.00671264 0.992488 9.99281E-05 9.99281E-05 9.99281E-05 9.99281E-05 9.99281E-05 9.99281E-05 9.99281E-05
9.9955E-05 9.9955E-05 0.951055 0.0292545 9.9955E-05 0.000305966 9.9955E-05 0.0156166 0.00326799 9.9955E-05
9.9937E-05 9.9937E-05 9.9937E-05 9.9937E-05 0.00616789 0.00430598 9.9937E-05 9.9937E-05 9.9937E-05 0.988827
9.99201E-05 9.99201E-05 9.99201E-05 9.99201E-05 9.99201E-05 9.99201E-05 9.99201E-05 9.99201E-05 9.99201E-05 0.999101
9.99201E-05 9.99201E-05 9.99201E-05 9.99201E-05 9.99201E-05 9.99201E-05 9.99201E-05 9.99201E-05 9.99201E-05 0.999101
9.99201E-05 9.99201E-05 9.99201E-05 9.99201E-05 9.99201E-05 9.99201E-05 9.99201E-05 9.99201E-05 9.99201E-05 0.999101
9.9964E-05 0.00744327 0.0201348 9.9964E-05 0.0364401 0.0936213 9.9964E-05 0.00518857 9.9964E-05 0.836772
0.00169509 9.9955E-05 9.9955E-05 9.9955E-05 9.9955E-05 0.0527575 0.131544 0.0819939 9.9955E-05 0.73151
9.9982E-05 0.0126648 0.0738065 0.086669 9.9982E-05 0.051237 0.0563466 0.0449033 0.006349 0.667824
9.9955E-05 9.9955E-05 0.033053 0.046213 9.9955E-05 0.078481 9.9955E-05 0.04378 9.9955E-05 0.797973
9.9946E-05 0.0257822 0.0914401 9.9946E-05 9.9946E-05 9.9946E-05 9.9946E-05 0.0286838 9.9946E-05 0.853494
9.9946E-05 0.0114669 0.0614696 9.9946E-05 9.9946E-05 9.9946E-05 9.9946E-05 0.0527855 9.9946E-05 0.873678
0.0290369 0.0436267 0.0476181 9.9982E-05 0.0634306 0.0283446 0.0828778 0.0316461 9.9982E-05 0.673219
0.00210702 0.0140325 0.0865597 9.9973E-05 0.0163163 9.9973E-05 0.0205545 0.0653001 9.9973E-05 0.79483
9.9973E-05 0.0466291 9.9973E-05 0.0892346 0.0069116 0.0621492 9.9973E-05 0.0437233 0.0220732 0.728979
0.0614312 0.0333424 0.0349513 9.9973E-05 0.0261732 0.136193 9.9973E-05 0.0243712 9.9973E-05 0.683238
9.9955E-05 0.0124113 9.9955E-05 9.9955E-05 9.9955E-05 0.887476 0.00234124 0.0381075 9.9955E-05 0.0591637
0.00597837 9.9973E-05 0.0102845 9.9973E-05 0.0580686 0.895702 0.00851532 0.0165151 0.00463642 9.9973E-05
9.99201E-05 9.99201E-05 9.99201E-05 9.99201E-05 9.99201E-05 0.999101 9.99201E-05 9.99201E-05 9.99201E-05 9.99201E-05
9.99201E-05 9.99201E-05 9.99201E-05 9.99201E-05 9.99201E-05 0.999101 9.99201E-05 9.99201E-05 9.99201E-05 9.99201E-05
9.9937E-05 0.0023344 9.9937E-05 9.9937E-05 0.0223992 0.974567 9.9937E-05 9.9937E-05 9.9937E-05 9.9937E-05
9.99201E-05 9.99201E-05 9.99201E-05 9.99201E-05 9.99201E-05 0.999101 9.99201E-05 9.99201E-05 9.99201E-05 9.99201E-05
9.99371E-05 9.99371E-05 9.99371E-05 0.00165198 9.99371E-05 0.984884 9.99371E-05 0.0127643 9.99371E-05 9.99371E-05
9.9964E-05 9.9964E-05 0.00704132 0.0512413 9.9964E-05 0.71975 0.0353846 0.154992 0.0311902 9.9964E-05
9.9937E-05 0.0218755 9.9937E-05 0.00286391 9.9937E-05 0.974561 9.9937E-05 9.9937E-05 9.9937E-05 9.9937E-05
9.99201E-05 9.99201E-05 9.99201E-05 9.99201E-05 9.99201E-05 0.999101 9.99201E-05 9.99201E-05 9.99201E-05 9.99201E-05
0.0467392 9.99461E-05 0.0420003 9.99461E-05 9.99461E-05 0.850747 9.99461E-05 0.0599135 9.99461E-05 9.99461E-05
9.99201E-05 9.99201E-05 9.99201E-05 9.99201E-05 9.99201E-05 0.999101 9.99201E-05 9.99201E-05 9.99201E-05 9.99201E-05
9.9964E-05 0.0497916 9.9964E-05 0.140388 9.9964E-05 0.759419 9.9964E-05 0.0335854 0.00919369 0.00722232
9.99201E-05 0.999101 9.99201E-05 9.99201E-05 9.99201E-05 9.99201E-05 9.99201E-05 9.99201E-05 9.99201E-05 9.99201E-05
0.0662176 0.0648143 0.121876 0.071739 0.0220568 0.139513 9.9982E-05 0.0227582 9.9982E-05 0.490824
9.99201E-05 0.999101 9.99201E-05 9.99201E-05 9.99201E-05 9.99201E-05 9.99201E-05 9.99201E-05 9.99201E-05 9.99201E-05
9.99201E-05 0.999101 9.99201E-05 9.99201E-05 9.99201E-05 9.99201E-05 9.99201E-05 9.99201E-05 9.99201E-05 9.99201E-05
9.99371E-05 0.930205 0.00590323 9.99371E-05 9.99371E-05 9.99371E-05 9.99371E-05 0.0631924 9.99371E-05 9.99371E-05
9.9964E-05 0.754033 0.00942141 9.9964E-05 0.0798146 0.0435012 0.0955961 9.9964E-05 0.0172336 9.9964E-05
9.99201E-05 0.999101 9.99201E-05 9.99201E-05 9.99201E-05 9.99201E-05 9.99201E-05 9.99201E-05 9.99201E-05 9.99201E-05
9.9955E-05 0.869117 9.9955E-05 0.0167746 0.0219119 9.9955E-05 9.9955E-05 0.0606689 9.9955E-05 0.0310282
9.99201E-05 0.999101 9.99201E-05 9.99201E-05 9.99201E-05 9.99201E-05 9.99201E-05 9.99201E-05 9.99201E-05 9.99201E-05
9.9946E-05 0.930103 9.9946E-05 0.00924805 9.9946E-05 0.0203817 0.0396676 9.9946E-05 9.9946E-05 9.9946E-05
9.9928E-05 0.99703 9.9928E-05 9.9928E-05 9.9928E-05 9.9928E-05 9.9928E-05 9.9928E-05 0.0021709 9.9928E-05
9.9946E-05 0.932355 0.00800424 9.9946E-05 0.0468318 9.9946E-05 0.0122096 9.9946E-05 9.9946E-05 9.9946E-05
9.9937E-05 0.965321 0.00234512 9.9937E-05 9.9937E-05 0.0316348 9.9937E-05 9.9937E-05 9.9937E-05 9.9937E-05
0.0289969 0.795837 0.0387506 9.9973E-05 0.0461617 0.0376292 9.9973E-05 0.014391 9.9973E-05 0.0379339
9.9946E-05 0.955239 9.9946E-05 0.00568906 9.9946E-05 9.9946E-05 9.9946E-05 0.0166666 0.0218056 9.9946E-05
9.9964E-05 0.885489 0.00105728 0.0273677 9.9964E-05 0.0601788 9.9964E-05 0.0182452 0.00726234 9.9964E-05
9.9973E-05 0.863683 9.9973E-05 0.0210237 0.0332932 0.0211795 9.9973E-05 0.0283575 0.0159861 0.0161768
0.0256818 0.869066 9.9955E-05 9.9955E-05 9.9955E-05 9.9955E-05 0.0365326 0.00827616 9.9955E-05 0.0599438
9.9955E-05 0.945863 0.012284 0.0137727 9.9955E-05 0.0158054 9.9955E-05 9.9955E-05 9.9955E-05 0.0117756
9.9982E-05 0.0639296 0.051203 0.129439 0.24525 0.0285173 9.9982E-05 0.104476 0.0390908 0.337895
9.9991E-05 0.070588 0.0281062 0.122068 0.252774 0.00961574 0.0461982 0.091223 0.0124298 0.366897
9.9982E-05 0.0524561 0.0562371 0.125685 0.24819 0.020525 9.9982E-05 0.117929 0.054837 0.323941
9.9982E-05 0.0659177 0.0441294 0.176803 0.227377 0.0050502 9.9982E-05 0.116854 0.0641677 0.299501
0.00476012 9.9955E-05 9.9955E-05 0.0375528 9.9955E-05 0.0319867 9.9955E-05 0.923622 0.00157847 9.9955E-05
9.99201E-05 9.99201E-05 9.99201E-05 9.99201E-05 9.99201E-05 9.99201E-05 9.99201E-05 0.999101 9.99201E-05 9.99201E-05
9.9946E-05 0.0188865 0.0223621 9.9946E-05 9.9946E-05 9.9946E-05 9.9946E-05 0.947685 9.9946E-05 0.0104672
9.99201E-05 9.99201E-05 9.99201E-05 9.99201E-05 9.99201E-05 9.99201E-05 9.99201E-05 0.999101 9.99201E-05 9.99201E-05
9.9937E-05 0.00227896 0.0183769 9.9937E-05 9.9937E-05 9.9937E-05 9.9937E-05 0.978645 9.9937E-05 9.9937E-05
9.9964E-05 9.9964E-05 0.0140707 9.9964E-05 0.00975401 0.0108402 0.018828 0.922936 9.9964E-05 0.0231716
9.9964E-05 9.9964E-05 0.0114611 0.0134368 0.0210843 9.9964E-05 9.9964E-05 0.93021 0.000453509 0.0229544
9.9973E-05 0.0633404 9.9973E-05 0.0722553 9.9973E-05 0.0271099 0.032062 0.705173 0.0270179 0.0727414
9.9973E-05 0.0342415 9.9973E-05 0.0153094 0.0370762 9.9973E-05 0.0185598 0.805775 0.00578992 0.082948
0.0060269 9.99441E-05 9.99441E-05 9.99441E-05 0.949284 9.99441E-05 9.99441E-05 9.99441E-05 9.99441E-05 0.0439893
9.99281E-05 0.0165265 9.99281E-05 9.99281E-05 0.982674 9.99281E-05 9.99281E-05 9.99281E-05 9.99281E-05 9.99281E-05
9.99201E-05 9.99201E-05 9.99201E-05 9.99201E-05 0.999101 9.99201E-05 9.99201E-05 9.99201E-05 9.99201E-05 9.99201E-05
9.99201E-05 9.99201E-05 9.99201E-05 9.99201E-05 0.999101 9.99201E-05 9.99201E-05 9.99201E-05 9.99201E-05 9.99201E-05
9.99201E-05 9.99201E-05 9.99201E-05 9.99201E-05 0.999101 9.99201E-05 9.99201E-05 9.99201E-05 9.99201E-05 9.99201E-05
9.9955E-05 9.9955E-05 9.9955E-05 0.0315975 0.854334 9.9955E-05 9.9955E-05 0.0279443 0.0154646 0.0701594
9.99201E-05 9.99201E-05 9.99201E-05 9.99201E-05 0.999101 9.99201E-05 9.99201E-05 9.99201E-05 9.99201E-05 9.99201E-05
9.99281E-05 9.99281E-05 9.99281E-05 9.99281E-05 0.973757 0.0254432 9.99281E-05 9.99281E-05 9.99281E-05 9.99281E-05
9.99201E-05 9.99201E-05 9.99201E-05 9.99201E-05 0.999101 9.99201E-05 9.99201E-05 9.99201E-05 9.99201E-05 9.99201E-05
9.9955E-05 0.0186912 9.9955E-05 0.00194042 0.960073 0.017991 9.9955E-05 9.9955E-05 9.9955E-05 0.000804596
9.99201E-05 9.99201E-05 9.99201E-05 9.99201E-05 0.999101 9.99201E-05 9.99201E-05 9.99201E-05 9.99201E-05 9.99201E-05
9.9937E-05 9.9937E-05 9.9937E-05 0.00483472 0.991722 0.0027434 9.9937E-05 9.9937E-05 9.9937E-05 9.9937E-05
