9.99201E-05 9.99201E-05 9.99201E-05 0.999101 9.99201E-05 9.99201E-05 9.99201E-05 9.99201E-05 9.99201E-05 9.99201E-05
9.9964E-05 0.734956 0.0662068 0.0927524 9.9964E-05 0.0596133 0.0262799 9.9964E-05 9.9964E-05 0.0197915
9.9955E-05 0.772381 0.0243976 0.0834915 9.9955E-05 0.039644 0.0795856 9.9955E-05 9.9955E-05 9.9955E-05
9.99201E-05 0.999101 9.99201E-05 9.99201E-05 9.99201E-05 9.99201E-05 9.99201E-05 9.99201E-05 9.99201E-05 9.99201E-05
9.9955E-05 0.655884 9.9955E-05 9.9955E-05 0.0362051 0.17373 9.9955E-05 0.0662336 9.9955E-05 0.0674477
0.0362538 0.527113 9.9982E-05 0.0754819 9.9982E-05 0.172303 0.027303 0.0126292 0.142399 0.00631736
9.9937E-05 0.495659 9.9937E-05 0.175969 9.9937E-05 0.327673 9.9937E-05 9.9937E-05 9.9937E-05 9.9937E-05
9.9964E-05 0.482171 0.00628261 0.197229 9.9964E-05 0.182118 0.0691962 9.9964E-05 0.0626035 9.9964E-05
9.9973E-05 0.503885 0.0153603 0.0756299 9.9973E-05 0.27814 0.0326513 9.9973E-05 0.0403779 0.0536562
9.99201E-05 9.99201E-05 9.99201E-05 0.999101 9.99201E-05 9.99201E-05 9.99201E-05 9.99201E-05 9.99201E-05 9.99201E-05
9.99201E-05 9.99201E-05 9.99201E-05 0.999101 9.99201E-05 9.99201E-05 9.99201E-05 9.99201E-05 9.99201E-05 9.99201E-05
9.99281E-05 9.99281E-05 0.0024685 0.996732 9.99281E-05 9.99281E-05 9.99281E-05 9.99281E-05 9.99281E-05 9.99281E-05
9.99201E-05 9.99201E-05 9.99201E-05 0.999101 9.99201E-05 9.99201E-05 9.99201E-05 9.99201E-05 9.99201E-05 9.99201E-05
9.9946E-05 9.9946E-05 9.9946E-05 0.877136 9.9946E-05 0.0803069 9.9946E-05 0.0389462 0.00301101 9.9946E-05
9.9946E-05 0.0300622 0.00110275 0.922683 9.9946E-05 9.9946E-05 9.9946E-05 9.9946E-05 0.0455519 9.9946E-05
9.998E-05 0.542411 9.998E-05 0.0664269 0.0321092 0.112756 0.0118729 0.0199737 0.188082 0.0261683
0.00203824 0.322354 0.0364034 0.146062 0.0345491 0.0776056 0.0915257 0.099957 0.140509 0.0489954
9.99201E-05 0.999101 9.99201E-05 9.99201E-05 9.99201E-05 9.99201E-05 9.99201E-05 9.99201E-05 9.99201E-05 9.99201E-05
9.9955E-05 0.0381404 9.9955E-05 9.9955E-05 9.9955E-05 0.896713 9.9955E-05 0.0130644 0.0167764 0.0348061
9.99281E-05 9.99281E-05 9.99281E-05 9.99281E-05 9.99281E-05 0.970772 9.99281E-05 0.0284283 9.99281E-05 9.99281E-05
0.05959 0.109821 0.00162661 0.0233111 9.9964E-05 0.777359 9.9964E-05 9.9964E-05 9.9964E-05 0.0278923
9.9964E-05 0.0395991 9.9964E-05 9.9964E-05 0.0208681 0.735348 0.090111 0.093324 0.0203501 9.9964E-05
9.9955E-05 0.0568327 9.9955E-05 9.9955E-05 9.9955E-05 0.779876 0.0427444 0.112691 9.9955E-05 0.00735608
9.9955E-05 9.9955E-05 9.9955E-05 0.0359985 0.00230716 0.951 0.00307164 0.00712283 9.9955E-05 9.9955E-05
9.99281E-05 9.99281E-05 9.99281E-05 9.99281E-05 0.012853 0.986348 9.99281E-05 9.99281E-05 9.99281E-05 9.99281E-05
0.0551432 0.00317725 9.9991E-05 0.000634767 0.0345917 0.751112 0.04363 0.0131441 0.047149 0.0513175
0.0706496 9.9964E-05 9.9964E-05 9.9964E-05 9.9964E-05 0.771729 0.0689604 0.00992548 0.0013873 0.0769486
9.9946E-05 0.0660495 9.9946E-05 9.9946E-05 0.00477389 0.891385 9.9946E-05 9.9946E-05 0.0371921 9.9946E-05
0.0695758 0.0157379 9.9982E-05 0.0550129 0.0398676 0.758784 0.0103826 9.9982E-05 0.0238492 0.02659
9.9937E-05 0.0209023 9.9937E-05 0.038522 9.9937E-05 0.939876 9.9937E-05 9.9937E-05 9.9937E-05 9.9937E-05
9.99371E-05 9.99371E-05 9.99371E-05 0.0506729 9.99371E-05 0.92091 9.99371E-05 0.027718 9.99371E-05 9.99371E-05
9.99461E-05 9.99461E-05 9.99461E-05 9.99461E-05 0.0420345 0.873612 9.99461E-05 9.99461E-05 0.0390872 0.0446663
0.0487441 9.9982E-05 0.00525229 9.9982E-05 0.0408758 0.78818 0.0406176 0.0588257 0.000799045 0.0165056
0.134023 9.9982E-05 0.00147166 0.0505519 0.0925552 0.625746 0.0730708 9.9982E-05 0.0185326 0.0038489
9.9955E-05 0.0944373 9.9955E-05 9.9955E-05 0.0362201 0.690573 0.0678003 0.110469 9.9955E-05 9.9955E-05
9.9937E-05 0.0451745 9.9937E-05 0.06557 9.9937E-05 0.888556 9.9937E-05 9.9937E-05 9.9937E-05 9.9937E-05
0.182212 9.9955E-05 9.9955E-05 9.9955E-05 9.9955E-05 0.541019 0.0156997 0.0344811 0.226088 9.9955E-05
0.255545 0.0465308 9.9973E-05 9.9973E-05 9.9973E-05 0.533546 0.0387267 0.0463598 0.0227757 0.0562166
0.223721 0.0458293 0.0115506 9.9973E-05 9.9973E-05 0.545767 0.0564162 9.9973E-05 0.0383362 0.0780802
0.348322 9.9964E-05 9.9964E-05 0.00425751 0.00229039 0.596435 9.9964E-05 9.9964E-05 0.0200761 0.0282192
0.0162709 0.213318 0.0701213 9.9973E-05 0.137931 9.9973E-05 0.0450138 9.9973E-05 0.515475 0.00157036
0.0802317 0.16067 9.9973E-05 9.9973E-05 0.0826021 0.0171023 0.102015 9.9973E-05 0.554537 0.0025421
9.9973E-05 0.280238 0.0436485 0.00309292 0.112308 0.0145738 0.0705293 9.9973E-05 0.475309 9.9973E-05
0.0515212 0.247329 0.0252794 9.9973E-05 0.0929612 9.9973E-05 0.0192065 9.9973E-05 0.542535 0.0208671
0.166056 0.033868 9.9973E-05 9.9973E-05 0.0114933 0.272044 0.112557 9.9973E-05 0.336753 0.0669282
9.99201E-05 9.99201E-05 9.99201E-05 9.99201E-05 9.99201E-05 9.99201E-05 9.99201E-05 9.99201E-05 0.999101 9.99201E-05
9.99201E-05 9.99201E-05 9.99201E-05 9.99201E-05 9.99201E-05 9.99201E-05 9.99201E-05 9.99201E-05 0.999101 9.99201E-05
0.0087074 9.9982E-05 0.00710252 9.9982E-05 0.0686925 0.357758 0.0644089 0.0266307 0.429703 0.0367973
0.155166 0.0847205 9.9991E-05 0.0501665 0.0880804 0.0972514 0.0321867 0.00317047 0.405098 0.0840598
0.0367502 0.115301 0.0386211 0.0765504 0.0824547 0.304141 0.0272405 9.9991E-05 0.310036 0.00880607
0.282824 0.0190222 9.9973E-05 0.0429159 9.9973E-05 0.162079 0.0293542 9.9973E-05 0.419886 0.0436187
9.9973E-05 0.0351226 9.9973E-05 9.9973E-05 0.0451671 0.193401 0.0562232 0.0416243 0.593856 0.0343056
9.9955E-05 9.9955E-05 0.00536512 9.9955E-05 0.00484127 9.9955E-05 0.0148888 9.9955E-05 0.920258 0.0541472
0.349361 9.9973E-05 9.9973E-05 0.058325 0.0209072 0.234416 9.9973E-05 0.0487906 0.267502 0.0203986
0.308602 9.9991E-05 0.00812573 0.0515497 0.0407364 0.258804 0.00742167 0.0303837 0.289269 0.00500741
0.0390373 0.155163 0.0484579 9.9982E-05 0.0959526 0.071235 0.0835622 9.9982E-05 0.490779 0.0156136
0.202867 0.0161311 9.9991E-05 0.0621299 0.00543888 0.204147 0.0613951 0.0071681 0.339007 0.101615
0.198126 0.0989408 0.0337046 9.9982E-05 0.0276214 0.172893 9.9982E-05 0.0156345 0.385035 0.0678441
9.9928E-05 9.9928E-05 9.9928E-05 0.000577543 9.9928E-05 9.9928E-05 9.9928E-05 9.9928E-05 0.998623 9.9928E-05
0.234029 0.0260603 9.9982E-05 0.063047 0.00518603 0.173638 0.0546772 9.9982E-05 0.36164 0.0815233
9.9964E-05 0.0123966 9.9964E-05 9.9964E-05 0.110924 0.170216 9.9964E-05 0.0272424 0.608085 0.0707361
0.128185 0.0442401 0.0333486 9.9982E-05 0.0900919 0.00219459 9.9982E-05 0.0302882 0.64999 0.0214613
0.156971 9.9973E-05 9.9973E-05 9.9973E-05 0.0747224 0.182501 0.0511334 0.00990149 0.445357 0.0791135
0.00429591 9.9964E-05 0.023361 9.9964E-05 0.017416 9.9964E-05 9.9964E-05 0.0845863 0.866889 0.00305154
0.140951 0.0701443 9.9964E-05 9.9964E-05 0.0397237 0.0929165 9.9964E-05 9.9964E-05 0.617382 0.0384829
9.9946E-05 9.9946E-05 0.00390584 9.9946E-05 9.9946E-05 9.9946E-05 0.00382875 0.10094 0.890726 9.9946E-05
0.284064 9.9937E-05 0.037894 9.9937E-05 9.9937E-05 9.9937E-05 9.9937E-05 9.9937E-05 0.677343 9.9937E-05
9.9955E-05 9.9955E-05 0.0245013 9.9955E-05 0.00895628 9.9955E-05 0.0335689 0.122009 0.810464 9.9955E-05
0.111552 0.114822 0.0256425 9.9991E-05 0.0232822 0.208493 0.0256759 0.0222005 0.428242 0.0399906
9.9955E-05 9.9955E-05 0.0182695 9.9955E-05 0.0269902 9.9955E-05 0.0384439 0.0301427 0.885654 9.9955E-05
0.108267 0.0378327 0.0610794 0.045815 0.0303692 0.0495048 0.0497488 9.9982E-05 0.617183 9.9982E-05
0.295394 0.00218677 0.0375352 9.9982E-05 0.0901746 0.0278284 0.0331034 9.9982E-05 0.480099 0.0334788
0.0367252 9.9964E-05 9.9964E-05 0.0842236 9.9964E-05 0.0081835 9.9964E-05 0.0370233 0.829873 0.00357134
0.100158 9.9955E-05 9.9955E-05 0.0497367 9.9955E-05 9.9955E-05 0.0201376 9.9955E-05 0.776884 0.0525842
0.297613 9.9964E-05 9.9964E-05 0.0464398 0.0942999 9.9964E-05 9.9964E-05 0.00198728 0.539836 0.0194239
0.178236 9.9964E-05 0.0158145 0.00698084 9.9964E-05 0.0213594 9.9964E-05 9.9964E-05 0.690563 0.0866468
0.0914008 0.0821205 0.0361023 9.9964E-05 9.9964E-05 9.9964E-05 0.024123 0.00276203 0.763092 9.9964E-05
0.16739 0.0914813 0.0933978 0.0290187 0.0771037 9.9973E-05 9.9973E-05 0.142124 0.399184 9.9973E-05
0.926094 0.038017 9.9955E-05 9.9955E-05 9.9955E-05 9.9955E-05 0.0185285 9.9955E-05 0.0138141 0.00304707
0.999101 9.99201E-05 9.99201E-05 9.99201E-05 9.99201E-05 9.99201E-05 9.99201E-05 9.99201E-05 9.99201E-05 9.99201E-05
0.985173 0.00508895 9.99371E-05 0.00903878 9.99371E-05 9.99371E-05 9.99371E-05 9.99371E-05 9.99371E-05 9.99371E-05
0.982914 9.99281E-05 9.99281E-05 0.0162869 9.99281E-05 9.99281E-05 9.99281E-05 9.99281E-05 9.99281E-05 9.99281E-05
0.956221 9.9937E-05 9.9937E-05 9.9937E-05 9.9937E-05 9.9937E-05 0.0364734 9.9937E-05 0.00660622 9.9937E-05
0.556871 0.0884182 0.0132716 0.0175256 0.0784483 0.115892 0.00673485 9.9991E-05 0.0943081 0.028431
0.592552 0.0497269 0.111673 9.9973E-05 0.0406485 0.0419185 0.0452453 9.9973E-05 0.117936 9.9973E-05
0.558934 0.0788505 0.104472 9.9982E-05 0.0105747 0.022987 0.073452 0.00283453 0.147695 9.9982E-05
0.427317 0.0908746 0.0543107 0.0435499 0.085416 0.126012 0.0542753 9.9991E-05 0.107559 0.0105863
0.474627 0.0164465 0.0761212 9.99778E-05 0.0959827 0.0854758 9.99778E-05 9.99778E-05 0.191115 0.0599314
0.481559 0.0966119 0.042932 9.9982E-05 0.0737913 9.9982E-05 0.0600929 0.0781646 0.125937 0.0407112
0.320879 9.9982E-05 0.0820107 0.00669026 0.126317 0.0956916 0.0865893 9.9982E-05 0.166112 0.11551
0.244438 0.156156 0.0718803 0.00620863 0.0568586 9.9982E-05 0.0442167 0.191135 0.228906 9.9982E-05
0.267113 0.169847 0.0356239 9.9973E-05 0.0818161 9.9973E-05 0.036015 0.178097 0.231188 9.9973E-05
0.266009 9.99989E-05 0.169872 0.025233 0.0366839 0.0410733 0.0941962 0.00150326 0.214839 0.15049
0.0290151 9.9973E-05 0.930855 9.9973E-05 0.00905918 0.00385489 0.0192922 0.00636379 0.00125961 9.9973E-05
9.9946E-05 9.9946E-05 0.942158 0.0097835 9.9946E-05 0.0153729 0.0320859 9.9946E-05 9.9946E-05 9.9946E-05
0.0489378 9.9964E-05 0.828088 0.0118918 9.9964E-05 9.9964E-05 0.00383188 0.0546352 0.0522158 9.9964E-05
9.99201E-05 9.99201E-05 0.999101 9.99201E-05 9.99201E-05 9.99201E-05 9.99201E-05 9.99201E-05 9.99201E-05 9.99201E-05
9.99201E-05 9.99201E-05 0.999101 9.99201E-05 9.99201E-05 9.99201E-05 9.99201E-05 9.99201E-05 9.99201E-05 9.99201E-05
9.99201E-05 9.99201E-05 0.999101 9.99201E-05 9.99201E-05 9.99201E-05 9.99201E-05 9.99201E-05 9.99201E-05 9.99201E-05
9.99461E-05 9.99461E-05 0.968887 9.99461E-05 0.01689 9.99461E-05 9.99461E-05 0.000204727 9.99461E-05 0.0134186
0.00974879 0.0208901 0.863486 9.9964E-05 0.0511424 0.0412505 0.013082 9.9964E-05 9.9964E-05 9.9964E-05
9.99201E-05 9.99201E-05 0.999101 9.99201E-05 9.99201E-05 9.99201E-05 9.99201E-05 9.99201E-05 9.99201E-05 9.99201E-05
9.99201E-05 9.99201E-05 0.999101 9.99201E-05 9.99201E-05 9.99201E-05 9.99201E-05 9.99201E-05 9.99201E-05 9.99201E-05
0.396268 9.999E-05 0.0181383 0.0129272 0.23421 0.0738111 0.0881026 0.0389444 0.0291143 0.108384
9.9937E-05 9.9937E-05 0.888899 9.9937E-05 9.9937E-05 9.9937E-05 9.9937E-05 0.0188872 0.0915142 9.9937E-05
9.99201E-05 9.99201E-05 0.999101 9.99201E-05 9.99201E-05 9.99201E-05 9.99201E-05 9.99201E-05 9.99201E-05 9.99201E-05
9.99201E-05 9.99201E-05 0.999101 9.99201E-05 9.99201E-05 9.99201E-05 9.99201E-05 9.99201E-05 9.99201E-05 9.99201E-05
0.999101 9.99201E-05 9.99201E-05 9.99201E-05 9.99201E-05 9.99201E-05 9.99201E-05 9.99201E-05 9.99201E-05 9.99201E-05
0.998611 9.9928E-05 9.9928E-05 9.9928E-05 0.000589855 9.9928E-05 9.9928E-05 9.9928E-05 9.9928E-05 9.9928E-05
0.999101 9.99201E-05 9.99201E-05 9.99201E-05 9.99201E-05 9.99201E-05 9.99201E-05 9.99201E-05 9.99201E-05 9.99201E-05
0.998443 9.9928E-05 0.000757398 9.9928E-05 9.9928E-05 9.9928E-05 9.9928E-05 9.9928E-05 9.9928E-05 9.9928E-05
0.78875 9.997E-05 0.00994865 9.997E-05 0.096563 0.0305061 0.00465129 0.0024104 9.997E-05 0.0668707
0.683417 9.9955E-05 9.9955E-05 9.9955E-05 0.0510619 0.141321 9.9955E-05 0.109932 9.9955E-05 0.0137685
0.778115 9.9973E-05 0.0615147 0.018627 0.0708348 0.000502942 0.0140984 0.0560072 9.9973E-05 9.9973E-05
0.819997 9.9946E-05 0.0314549 9.9946E-05 0.103257 9.9946E-05 9.9946E-05 0.0446906 9.9946E-05 9.9946E-05
0.891986 9.9946E-05 0.101188 9.9946E-05 9.9946E-05 9.9946E-05 0.00433779 9.9946E-05 9.9946E-05 0.00188913
0.87641 9.9946E-05 0.0719383 9.9946E-05 9.9946E-05 9.9946E-05 0.0228842 0.0281675 9.9946E-05 9.9946E-05
0.769756 0.0503099 9.9973E-05 9.9973E-05 0.0400206 0.0381341 0.0449018 0.0236508 9.9973E-05 0.0329265
0.830425 0.0203985 0.0600825 9.9955E-05 9.9955E-05 9.9955E-05 0.00471335 0.0838806 9.9955E-05 9.9955E-05
0.7215 9.9982E-05 0.0021908 0.0311435 0.0560706 9.9982E-05 0.0881699 0.00574623 0.0472356 0.0477431
0.656458 0.0653505 0.0502159 9.9982E-05 0.12732 9.9982E-05 0.0490865 0.0125439 0.00488814 0.0339369
9.99201E-05 9.99201E-05 9.99201E-05 9.99201E-05 9.99201E-05 9.99201E-05 0.999101 9.99201E-05 9.99201E-05 9.99201E-05
0.559847 0.0523012 0.104554 9.9982E-05 0.129461 9.9982E-05 0.0656673 0.019062 0.0561875 0.0127196
9.99201E-05 9.99201E-05 9.99201E-05 9.99201E-05 9.99201E-05 9.99201E-05 0.999101 9.99201E-05 9.99201E-05 9.99201E-05
9.99201E-05 9.99201E-05 9.99201E-05 9.99201E-05 9.99201E-05 9.99201E-05 0.999101 9.99201E-05 9.99201E-05 9.99201E-05
9.99371E-05 9.99371E-05 9.99371E-05 0.007344 9.99371E-05 9.99371E-05 0.959926 0.0320304 9.99371E-05 9.99371E-05
0.0167491 9.9991E-05 0.0107133 0.0175745 0.0363727 0.0537614 0.764019 0.000334905 0.0521052 0.0482695
9.99201E-05 9.99201E-05 9.99201E-05 9.99201E-05 9.99201E-05 9.99201E-05 0.999101 9.99201E-05 9.99201E-05 9.99201E-05
0.00989114 9.9955E-05 9.9955E-05 9.9955E-05 0.0121142 0.0399849 0.883559 0.0539511 9.9955E-05 9.9955E-05
9.99371E-05 9.99371E-05 0.00398342 9.99371E-05 9.99371E-05 0.00288213 0.992435 9.99371E-05 9.99371E-05 9.99371E-05
9.994E-05 9.994E-05 0.014293 9.994E-05 0.044243 0.00179593 0.939068 9.994E-05 9.994E-05 9.994E-05
9.99201E-05 9.99201E-05 9.99201E-05 9.99201E-05 9.99201E-05 9.99201E-05 0.999101 9.99201E-05 9.99201E-05 9.99201E-05
9.99281E-05 9.99281E-05 9.99281E-05 9.99281E-05 9.99281E-05 9.99281E-05 0.966288 9.99281E-05 0.032913 9.99281E-05
9.9946E-05 0.00635895 9.9946E-05 9.9946E-05 0.00749116 0.00213781 0.983412 9.9946E-05 9.9946E-05 9.9946E-05
0.0554751 0.0393404 0.00645891 9.9964E-05 0.0213949 9.9964E-05 0.809063 9.9964E-05 9.9964E-05 0.0678675
9.9955E-05 9.9955E-05 9.9955E-05 0.00776229 9.9955E-05 0.0025215 0.960421 0.0224025 9.9955E-05 0.00639289
9.9964E-05 9.9964E-05 0.0418403 0.00745005 0.0220327 9.9964E-05 0.867304 0.0344376 0.0265353 9.9964E-05
9.9955E-05 9.9955E-05 9.9955E-05 9.9955E-05 0.0458122 9.9955E-05 0.870921 0.000334931 0.0363015 0.0461303
0.0400724 0.00458614 9.9964E-05 0.0264985 9.9964E-05 9.9964E-05 0.870705 0.0136779 9.9964E-05 0.0440599
0.0589444 9.9937E-05 9.9937E-05 9.9937E-05 0.0058755 9.9937E-05 0.934481 9.9937E-05 9.9937E-05 9.9937E-05
0.00554702 9.9955E-05 9.9955E-05 9.9955E-05 0.91986 9.9955E-05 0.0371045 0.0257472 9.9955E-05 0.0112417
9.9964E-05 0.0310626 0.000237225 0.00471574 0.888229 9.9964E-05 9.9964E-05 0.0468083 9.9964E-05 0.0285471
9.99201E-05 9.99201E-05 9.99201E-05 9.99201E-05 0.999101 9.99201E-05 9.99201E-05 9.99201E-05 9.99201E-05 9.99201E-05
9.99281E-05 9.99281E-05 9.99281E-05 9.99281E-05 0.969881 9.99281E-05 9.99281E-05 9.99281E-05 9.99281E-05 0.0293198
9.9928E-05 9.9928E-05 9.9928E-05 9.9928E-05 0.998875 9.9928E-05 9.9928E-05 9.9928E-05 9.9928E-05 0.000325886
9.99201E-05 9.99201E-05 9.99201E-05 9.99201E-05 0.999101 9.99201E-05 9.99201E-05 9.99201E-05 9.99201E-05 9.99201E-05
9.9946E-05 9.9946E-05 9.9946E-05 9.9946E-05 0.966875 0.0116789 0.0095069 9.9946E-05 0.0113394 9.9946E-05
9.99461E-05 9.99461E-05 9.99461E-05 0.0385261 0.774615 9.99461E-05 9.99461E-05 0.134576 0.0516838 9.99461E-05
9.99371E-05 0.0051971 9.99371E-05 9.99371E-05 0.980582 9.99371E-05 9.99371E-05 9.99371E-05 9.99371E-05 0.0135213
9.9928E-05 9.9928E-05 9.9928E-05 9.9928E-05 0.995963 9.9928E-05 0.00323725 9.9928E-05 9.9928E-05 9.9928E-05
9.9955E-05 0.0424137 0.0322777 9.9955E-05 0.826911 9.9955E-05 0.00133863 0.0965592 9.9955E-05 9.9955E-05
0.000893681 9.99281E-05 9.99281E-05 9.99281E-05 0.998307 9.99281E-05 9.99281E-05 9.99281E-05 9.99281E-05 9.99281E-05
0.0326098 0.0265881 0.00367967 9.997E-05 0.721765 9.997E-05 0.0753182 0.0584171 0.0813221 9.997E-05
0.357374 9.998E-05 0.0482806 0.0536324 0.025974 9.998E-05 0.0280895 0.0782743 0.112332 0.295843
0.456328 9.9964E-05 9.9964E-05 0.0120592 9.9964E-05 9.9964E-05 0.050707 0.110504 0.153005 0.216997
0.254316 9.9973E-05 0.0774983 0.0466616 9.9973E-05 9.9973E-05 0.0532193 0.132466 0.16136 0.274179
0.309361 9.999E-05 0.0414543 0.0457816 0.0146528 0.0248283 0.0939958 0.0894416 0.135163 0.245222
9.9946E-05 9.9946E-05 9.9946E-05 9.9946E-05 0.0309955 0.0169505 0.00960792 0.941846 9.9946E-05 9.9946E-05
9.99201E-05 9.99201E-05 9.99201E-05 9.99201E-05 9.99201E-05 9.99201E-05 9.99201E-05 0.999101 9.99201E-05 9.99201E-05
0.0117973 9.9946E-05 9.9946E-05 9.9946E-05 9.9946E-05 0.00236895 9.9946E-05 0.952197 9.9946E-05 0.0330371
9.99201E-05 9.99201E-05 9.99201E-05 9.99201E-05 9.99201E-05 9.99201E-05 9.99201E-05 0.999101 9.99201E-05 9.99201E-05
9.9955E-05 9.9955E-05 0.00296831 9.9955E-05 0.0354382 9.9955E-05 0.0149379 0.92853 9.9955E-05 0.0176257
0.0588176 9.9946E-05 0.0188852 9.9946E-05 9.9946E-05 9.9946E-05 9.9946E-05 0.883931 9.9946E-05 0.0377661
0.0392914 0.00346852 0.00893804 0.00455802 9.9973E-05 9.9973E-05 9.9973E-05 0.92298 0.00666449 0.0137992
0.0368269 0.0460826 0.00423535 9.998E-05 0.0263886 0.11157 0.00606029 0.724991 9.998E-05 0.043645
9.9964E-05 9.9964E-05 9.9964E-05 0.00542639 9.9964E-05 0.0863946 0.00988812 0.82074 0.0312427 0.0459087
0.023263 0.0143159 9.9955E-05 9.9955E-05 0.00827185 9.9955E-05 9.9955E-05 9.9955E-05 0.0310866 0.922563
9.99201E-05 9.99201E-05 9.99201E-05 9.99201E-05 9.99201E-05 9.99201E-05 9.99201E-05 9.99201E-05 9.99201E-05 0.999101
9.99201E-05 9.99201E-05 9.99201E-05 9.99201E-05 9.99201E-05 9.99201E-05 9.99201E-05 9.99201E-05 9.99201E-05 0.999101
9.99201E-05 9.99201E-05 9.99201E-05 9.99201E-05 9.99201E-05 9.99201E-05 9.99201E-05 9.99201E-05 9.99201E-05 0.999101
9.99201E-05 9.99201E-05 9.99201E-05 9.99201E-05 9.99201E-05 9.99201E-05 9.99201E-05 9.99201E-05 9.99201E-05 0.999101
0.0642022 9.9964E-05 9.9964E-05 0.00547233 9.9964E-05 0.0308091 9.9964E-05 0.0498175 0.0227391 0.82656
9.99201E-05 9.99201E-05 9.99201E-05 9.99201E-05 9.99201E-05 9.99201E-05 9.99201E-05 9.99201E-05 9.99201E-05 0.999101
9.99201E-05 9.99201E-05 9.99201E-05 9.99201E-05 9.99201E-05 9.99201E-05 9.99201E-05 9.99201E-05 9.99201E-05 0.999101
9.99201E-05 9.99201E-05 9.99201E-05 9.99201E-05 9.99201E-05 9.99201E-05 9.99201E-05 9.99201E-05 9.99201E-05 0.999101
0.0203926 9.9964E-05 0.00177419 9.9964E-05 0.025899 9.9964E-05 0.00901126 9.9964E-05 0.00935756 0.933166
9.99281E-05 9.99281E-05 9.99281E-05 9.99281E-05 9.99281E-05 9.99281E-05 0.0136095 9.99281E-05 9.99281E-05 0.985591
9.9946E-05 0.0135309 9.9946E-05 9.9946E-05 0.00502406 9.9946E-05 9.9946E-05 0.0178027 9.9946E-05 0.963043
