9.99201E-05 9.99201E-05 0.999101 9.99201E-05 9.99201E-05 9.99201E-05 9.99201E-05 9.99201E-05 9.99201E-05 9.99201E-05
9.9955E-05 9.9955E-05 0.239833 0.0815948 9.9955E-05 0.0636713 0.0146455 9.9955E-05 0.599755 9.9955E-05
9.9946E-05 9.9946E-05 0.251463 0.0499984 9.9946E-05 0.109078 9.9946E-05 9.9946E-05 0.588861 9.9946E-05
9.99371E-05 0.210565 0.234015 9.99371E-05 9.99371E-05 9.99371E-05 9.99371E-05 9.99371E-05 0.55472 9.99371E-05
9.9955E-05 0.156971 0.124849 9.9955E-05 9.9955E-05 9.9955E-05 0.00149147 9.9955E-05 0.632661 0.0835279
9.9973E-05 0.0966119 0.176764 9.9973E-05 0.0837035 0.015224 9.9973E-05 0.024987 0.594495 0.00791415
9.9937E-05 9.9937E-05 0.278025 9.9937E-05 9.9937E-05 9.9937E-05 9.9937E-05 0.00553046 0.715745 9.9937E-05
0.0117126 0.0924055 0.295291 0.0286083 9.9973E-05 0.0702813 9.9973E-05 0.0242689 0.477133 9.9973E-05
9.9964E-05 0.0426346 0.185008 0.0164643 9.9964E-05 0.044136 0.0534497 9.9964E-05 0.657907 9.9964E-05
9.99201E-05 9.99201E-05 0.999101 9.99201E-05 9.99201E-05 9.99201E-05 9.99201E-05 9.99201E-05 9.99201E-05 9.99201E-05
9.99201E-05 9.99201E-05 0.999101 9.99201E-05 9.99201E-05 9.99201E-05 9.99201E-05 9.99201E-05 9.99201E-05 9.99201E-05
9.99201E-05 9.99201E-05 0.999101 9.99201E-05 9.99201E-05 9.99201E-05 9.99201E-05 9.99201E-05 9.99201E-05 9.99201E-05
9.9928E-05 9.9928E-05 0.997088 9.9928E-05 9.9928E-05 9.9928E-05 9.9928E-05 0.00211213 9.9928E-05 9.9928E-05
9.9937E-05 9.9937E-05 0.930794 9.9937E-05 9.9937E-05 9.9937E-05 9.9937E-05 0.020362 9.9937E-05 0.0481443
0.0131451 0.00842829 0.966023 9.9955E-05 9.9955E-05 9.9955E-05 9.9955E-05 0.00993761 9.9955E-05 0.00196571
0.00401976 0.349935 0.189877 9.9955E-05 9.9955E-05 9.9955E-05 0.0211047 9.9955E-05 0.434564 9.9955E-05
9.999E-05 0.080074 0.186426 0.0840257 0.064482 0.0392234 0.0386674 0.0695644 0.368111 0.069326
9.9946E-05 0.147068 0.189897 9.9946E-05 0.0853964 9.9946E-05 9.9946E-05 9.9946E-05 0.577039 9.9946E-05
0.00512878 0.00460225 9.9964E-05 0.0124388 9.9964E-05 9.9964E-05 0.047697 9.9964E-05 0.910436 0.0192973
0.0277428 9.9955E-05 9.9955E-05 9.9955E-05 0.0250059 9.9955E-05 0.00661208 9.9955E-05 0.889537 0.0506024
9.9946E-05 9.9946E-05 0.0137852 9.9946E-05 0.0208881 9.9946E-05 0.0619327 9.9946E-05 0.902794 9.9946E-05
0.0404035 0.0433297 9.9982E-05 0.00226146 0.0264067 0.0504213 9.9982E-05 0.00372728 0.741183 0.0920675
9.9955E-05 9.9955E-05 9.9955E-05 9.9955E-05 0.0256016 0.0303337 9.9955E-05 0.0589591 0.837594 0.0470121
0.00595618 9.9946E-05 9.9946E-05 9.9946E-05 9.9946E-05 9.9946E-05 9.9946E-05 0.0213008 0.929482 0.0426617
0.0477772 9.9946E-05 9.9946E-05 9.9946E-05 9.9946E-05 9.9946E-05 0.00173352 0.0888444 0.861045 9.9946E-05
0.0454836 0.159697 9.9964E-05 9.9964E-05 0.09921 9.9964E-05 0.0526393 9.9964E-05 0.62664 0.0159302
0.0037209 0.129376 9.9973E-05 9.9973E-05 0.0176307 0.0822631 0.0992787 9.9973E-05 0.659047 0.00838319
0.0279933 0.0447676 9.9946E-05 9.9946E-05 9.9946E-05 9.9946E-05 9.9946E-05 0.00583382 0.920806 9.9946E-05
0.0342673 0.0388543 0.0274823 9.9991E-05 0.0596808 0.039678 0.00908198 0.00556717 0.768663 0.0166248
9.9937E-05 9.9937E-05 0.0317925 9.9937E-05 0.0357696 9.9937E-05 9.9937E-05 9.9937E-05 0.931738 9.9937E-05
0.00317504 9.9964E-05 0.0177369 9.9964E-05 0.00606507 9.9964E-05 0.011315 9.9964E-05 0.911775 0.0495331
0.0644973 9.9964E-05 9.9964E-05 0.0150286 9.9964E-05 9.9964E-05 0.0592976 0.107967 0.744486 0.00832379
9.9964E-05 9.9964E-05 9.9964E-05 9.9964E-05 0.166696 0.0562676 0.0208703 0.0139822 0.741004 0.000779387
0.11173 0.00104201 0.0532482 0.00336731 0.147324 0.0720344 9.9982E-05 0.0356405 0.575414 9.9982E-05
0.00161189 9.9973E-05 9.9973E-05 9.9973E-05 0.0270846 0.0405336 0.00451175 0.0123639 0.791707 0.121888
9.9946E-05 9.9946E-05 0.0321015 9.9946E-05 0.00516665 9.9946E-05 9.9946E-05 9.9946E-05 0.910815 0.0513168
9.9955E-05 0.149755 9.9955E-05 9.9955E-05 0.180056 9.9955E-05 9.9955E-05 0.149873 0.486694 0.0331221
9.9964E-05 0.0123777 9.9964E-05 9.9964E-05 0.311578 0.0103836 0.0982004 9.9964E-05 0.548392 0.0186693
9.9982E-05 0.069353 0.00310999 0.0329385 0.209271 0.0571902 0.0779229 0.0408346 0.50918 9.9982E-05
0.00105331 0.0270033 9.9964E-05 9.9964E-05 0.312272 9.9964E-05 0.00403195 0.0960052 0.559234 9.9964E-05
0.0491828 0.940979 9.9937E-05 9.9937E-05 9.9937E-05 0.00913908 9.9937E-05 9.9937E-05 9.9937E-05 9.9937E-05
0.018643 0.83251 0.00904594 0.0228253 9.9973E-05 0.0367455 0.035606 9.9973E-05 0.0443247 9.9973E-05
0.042663 0.714046 0.0479588 0.00925959 9.9964E-05 0.0542574 9.9964E-05 9.9964E-05 0.131416 9.9964E-05
0.0058498 0.965581 9.9946E-05 9.9946E-05 9.9946E-05 9.9946E-05 0.0193052 9.9946E-05 0.00866461 9.9946E-05
0.0310357 0.362307 9.9973E-05 9.9973E-05 0.162159 0.0521311 0.0440592 0.113963 0.234045 9.9973E-05
9.99201E-05 9.99201E-05 9.99201E-05 9.99201E-05 9.99201E-05 9.99201E-05 9.99201E-05 0.999101 9.99201E-05 9.99201E-05
9.99201E-05 9.99201E-05 9.99201E-05 9.99201E-05 9.99201E-05 9.99201E-05 9.99201E-05 0.999101 9.99201E-05 9.99201E-05
0.0647944 0.300061 9.9982E-05 9.9982E-05 0.0550463 0.0477545 0.0137241 0.131039 0.357056 0.0303247
0.11375 0.399763 0.0633844 9.9982E-05 0.0796608 0.0491829 0.0721717 0.0557832 0.166104 9.9982E-05
0.0695578 0.34818 0.102351 0.056229 9.9982E-05 0.0286777 0.0169589 0.00533047 0.372515 9.9982E-05
9.9982E-05 0.250255 0.0398134 0.0304174 0.223936 0.0446081 0.0358073 0.152731 0.222231 9.9982E-05
0.0296195 0.47304 9.9982E-05 9.9982E-05 0.0291496 0.0264139 0.0445617 0.108215 0.23605 0.0527506
0.000142599 9.9955E-05 0.0488382 9.9955E-05 9.9955E-05 0.0171385 9.9955E-05 0.885707 9.9955E-05 0.0476737
0.0214065 0.183538 0.0618701 9.9982E-05 0.332931 9.9982E-05 0.0246045 0.0825002 0.225995 0.066955
0.0595986 0.174524 0.0532349 0.0166863 0.271028 9.9982E-05 9.9982E-05 0.14508 0.222215 0.0574325
0.0691475 0.53664 9.9973E-05 0.0425656 0.0306858 0.0827755 9.9973E-05 0.0764503 0.161435 9.9973E-05
0.0336421 0.15138 0.0758195 9.9991E-05 0.232805 0.068258 0.0643662 0.190127 0.178784 0.00471883
0.0740375 0.328349 9.9973E-05 0.00842938 0.154162 9.9973E-05 0.0929232 0.167466 0.174333 9.9973E-05
9.99201E-05 9.99201E-05 9.99201E-05 9.99201E-05 9.99201E-05 9.99201E-05 9.99201E-05 0.999101 9.99201E-05 9.99201E-05
9.9982E-05 0.270816 0.0797628 0.0142394 0.200423 0.00123234 0.115421 0.115288 0.202618 9.9982E-05
0.113182 0.0363878 9.9973E-05 0.0143187 9.9973E-05 9.9973E-05 0.0725912 0.550674 0.183672 0.0288753
0.107456 0.646578 0.0202461 0.0110513 0.0872044 9.9982E-05 0.0395642 0.0742048 0.0134954 9.9982E-05
9.9982E-05 0.600622 0.00799705 0.0204472 0.0770067 0.053219 0.085222 9.9982E-05 0.128654 0.026632
9.9964E-05 0.789878 9.9964E-05 0.00543014 9.9964E-05 0.0334966 0.0305449 0.0617201 9.9964E-05 0.07853
0.0510663 0.534139 0.00603543 9.9973E-05 0.143718 9.9973E-05 0.0368571 0.122318 0.105566 9.9973E-05
9.9928E-05 0.969885 9.9928E-05 9.9928E-05 9.9928E-05 9.9928E-05 9.9928E-05 9.9928E-05 9.9928E-05 0.0293161
9.9955E-05 0.625659 9.9955E-05 0.00611145 0.260506 9.9955E-05 0.0483702 0.0588532 9.9955E-05 9.9955E-05
0.0156984 0.880743 9.9946E-05 0.0113775 9.9946E-05 9.9946E-05 9.9946E-05 9.9946E-05 9.9946E-05 0.0915815
0.0388159 0.492459 9.9973E-05 9.9973E-05 0.0473851 0.0484169 0.0472989 0.0440818 0.281242 9.9973E-05
9.9928E-05 0.97818 9.9928E-05 9.9928E-05 9.9928E-05 9.9928E-05 9.9928E-05 9.9928E-05 9.9928E-05 0.0210202
0.0541713 0.440991 0.045864 0.0730202 0.0586298 0.0604747 9.9982E-05 0.164105 0.102544 9.9982E-05
0.0410954 0.443593 9.9991E-05 0.0539825 0.146806 0.0461803 0.0402084 0.0720615 0.122305 0.0336685
9.9973E-05 0.782872 0.0571713 9.9973E-05 0.0599253 9.9973E-05 0.0112653 0.022478 0.0408754 0.0251128
9.9964E-05 0.734955 0.0515609 9.9964E-05 0.0823526 0.00733656 0.0924212 0.0309738 9.9964E-05 9.9964E-05
0.0999483 0.446268 0.0505296 9.9991E-05 0.247713 0.027693 0.0125571 0.100748 0.00263267 0.0118103
9.9964E-05 0.638356 9.9964E-05 9.9964E-05 0.153324 9.9964E-05 0.105208 0.0611345 0.0184966 0.0230809
9.9964E-05 0.7921 9.9964E-05 0.0206865 0.0718589 0.0286829 0.00225843 0.084013 9.9964E-05 9.9964E-05
0.000245659 0.556477 9.9964E-05 0.0833872 0.20763 9.9964E-05 9.9964E-05 9.9964E-05 0.037087 0.114773
0.0042083 9.9973E-05 9.9973E-05 0.00473079 0.874346 0.0130288 0.0197073 9.9973E-05 0.0535129 0.0301659
9.99281E-05 9.99281E-05 9.99281E-05 9.99281E-05 0.989176 0.010025 9.99281E-05 9.99281E-05 9.99281E-05 9.99281E-05
9.99461E-05 9.99461E-05 0.0066019 9.99461E-05 0.938878 9.99461E-05 0.00683569 0.0470845 9.99461E-05 9.99461E-05
9.9937E-05 0.0288571 9.9937E-05 9.9937E-05 0.963283 9.9937E-05 9.9937E-05 0.00716065 9.9937E-05 9.9937E-05
9.9937E-05 0.0228574 9.9937E-05 9.9937E-05 0.976209 9.9937E-05 9.9937E-05 9.9937E-05 0.00023447 9.9937E-05
0.158238 0.164503 9.9973E-05 0.0399509 0.426175 0.0194316 0.0715808 9.9973E-05 0.11982 9.9973E-05
0.0389871 0.168231 9.9982E-05 0.174462 0.406041 9.9982E-05 0.00215877 0.0917325 0.10547 0.0127176
0.000342225 0.152529 0.0165576 0.0896109 0.569967 0.0928855 0.016883 0.0305444 0.0174962 0.0131844
0.0522566 0.155332 0.0521853 0.0490335 0.483301 0.044484 0.015375 0.0217293 0.126204 9.9991E-05
0.120752 0.171132 0.00683269 0.0654998 0.409798 9.9973E-05 0.105907 9.9973E-05 0.119779 9.9973E-05
0.0074451 0.204005 0.0192341 0.064696 0.468337 0.0529053 0.0711005 0.0435657 0.0250102 0.0437014
0.130991 0.213657 0.00712699 0.0684345 0.309161 0.0967782 0.125361 9.9982E-05 0.0482902 9.9982E-05
0.00817191 0.269855 0.0260268 0.0791408 0.227918 0.0385441 9.9991E-05 0.11309 0.0396483 0.197505
0.0341922 0.268167 0.0132994 0.0868584 0.236346 0.0315407 9.9991E-05 0.109517 0.0321064 0.187874
0.0563283 0.0519606 0.020264 0.17174 0.291642 0.0918066 0.1876 0.100687 0.0278713 9.9991E-05
9.99281E-05 9.99281E-05 0.00330319 0.995897 9.99281E-05 9.99281E-05 9.99281E-05 9.99281E-05 9.99281E-05 9.99281E-05
0.035747 9.9964E-05 0.00705303 0.928894 9.9964E-05 0.00910181 9.9964E-05 0.0109366 0.00786819 9.9964E-05
9.9955E-05 9.9955E-05 0.0290781 0.813347 0.0865511 0.0261745 9.9955E-05 9.9955E-05 9.9955E-05 0.0443498
9.99201E-05 9.99201E-05 9.99201E-05 0.999101 9.99201E-05 9.99201E-05 9.99201E-05 9.99201E-05 9.99201E-05 9.99201E-05
9.99201E-05 9.99201E-05 9.99201E-05 0.999101 9.99201E-05 9.99201E-05 9.99201E-05 9.99201E-05 9.99201E-05 9.99201E-05
9.99201E-05 9.99201E-05 9.99201E-05 0.999101 9.99201E-05 9.99201E-05 9.99201E-05 9.99201E-05 9.99201E-05 9.99201E-05
9.99201E-05 9.99201E-05 9.99201E-05 0.999101 9.99201E-05 9.99201E-05 9.99201E-05 9.99201E-05 9.99201E-05 9.99201E-05
0.00777107 9.9955E-05 9.9955E-05 0.87723 9.9955E-05 0.0143148 0.0260071 9.9955E-05 0.0741771 9.9955E-05
9.99201E-05 9.99201E-05 9.99201E-05 0.999101 9.99201E-05 9.99201E-05 9.99201E-05 9.99201E-05 9.99201E-05 9.99201E-05
9.99201E-05 9.99201E-05 9.99201E-05 0.999101 9.99201E-05 9.99201E-05 9.99201E-05 9.99201E-05 9.99201E-05 9.99201E-05
0.211594 0.0432065 9.9982E-05 0.0649289 0.388791 0.0606348 0.0988366 9.9982E-05 0.0893154 0.0424929
9.9955E-05 0.053738 9.9955E-05 0.862122 0.00412193 9.9955E-05 9.9955E-05 0.01701 9.9955E-05 0.0625087
9.99201E-05 9.99201E-05 9.99201E-05 0.999101 9.99201E-05 9.99201E-05 9.99201E-05 9.99201E-05 9.99201E-05 9.99201E-05
9.99281E-05 9.99281E-05 9.99281E-05 0.968672 9.99281E-05 9.99281E-05 0.0305287 9.99281E-05 9.99281E-05 9.99281E-05
9.99201E-05 9.99201E-05 9.99201E-05 9.99201E-05 0.999101 9.99201E-05 9.99201E-05 9.99201E-05 9.99201E-05 9.99201E-05
9.99201E-05 9.99201E-05 9.99201E-05 9.99201E-05 0.999101 9.99201E-05 9.99201E-05 9.99201E-05 9.99201E-05 9.99201E-05
9.99201E-05 9.99201E-05 9.99201E-05 9.99201E-05 0.999101 9.99201E-05 9.99201E-05 9.99201E-05 9.99201E-05 9.99201E-05
9.99201E-05 9.99201E-05 9.99201E-05 9.99201E-05 0.999101 9.99201E-05 9.99201E-05 9.99201E-05 9.99201E-05 9.99201E-05
0.107433 9.9964E-05 9.9964E-05 0.010595 0.789937 0.043931 9.9964E-05 0.0215841 9.9964E-05 0.0261197
0.0286887 9.9946E-05 9.9946E-05 9.9946E-05 0.734545 9.9946E-05 9.9946E-05 9.9946E-05 0.115094 0.121073
0.0485605 9.9973E-05 9.9973E-05 0.0490801 0.806466 0.0114688 9.9973E-05 0.0289477 0.0101693 0.0450082
0.074333 9.9946E-05 9.9946E-05 9.9946E-05 0.859973 9.9946E-05 9.9946E-05 0.0168999 9.9946E-05 0.0481942
0.00725776 9.9964E-05 9.9964E-05 0.0860671 0.81825 0.035247 0.0120187 9.9964E-05 9.9964E-05 0.0407592
9.9946E-05 9.9946E-05 9.9946E-05 0.0645478 0.879918 0.0222236 9.9946E-05 9.9946E-05 9.9946E-05 0.032711
0.0279902 0.0260238 9.9982E-05 0.0330961 0.752727 0.0391021 0.017516 9.9982E-05 0.0692523 0.0340923
9.9946E-05 9.9946E-05 9.9946E-05 0.065772 0.826667 9.9946E-05 9.9946E-05 9.9946E-05 0.0170894 0.0898716
0.0765549 0.00603565 0.0108766 9.9982E-05 0.744192 0.0382774 0.0329416 0.0408583 9.9982E-05 0.0500637
0.135203 0.0390737 0.00367298 0.0430304 0.730346 0.0142343 0.0262376 9.9991E-05 0.00745343 0.000648905
0.92326 9.9946E-05 9.9946E-05 9.9946E-05 0.0353527 0.0305845 9.9946E-05 9.9946E-05 9.9946E-05 0.0102031
0.865901 9.99578E-05 0.010087 0.0114626 9.99578E-05 9.99578E-05 0.0527549 9.99578E-05 9.99578E-05 0.0592949
0.999101 9.99201E-05 9.99201E-05 9.99201E-05 9.99201E-05 9.99201E-05 9.99201E-05 9.99201E-05 9.99201E-05 9.99201E-05
0.978483 0.00396376 9.9946E-05 9.9946E-05 9.9946E-05 9.9946E-05 0.0152031 9.9946E-05 9.9946E-05 0.00175041
0.989124 9.99281E-05 9.99281E-05 9.99281E-05 9.99281E-05 9.99281E-05 0.0100767 9.99281E-05 9.99281E-05 9.99281E-05
0.978493 9.9937E-05 9.9937E-05 0.0139428 9.9937E-05 9.9937E-05 9.9937E-05 0.00686484 9.9937E-05 9.9937E-05
0.999101 9.99201E-05 9.99201E-05 9.99201E-05 9.99201E-05 9.99201E-05 9.99201E-05 9.99201E-05 9.99201E-05 9.99201E-05
0.740898 0.0864233 0.0299018 9.9955E-05 9.9955E-05 9.9955E-05 9.9955E-05 0.0241275 9.9955E-05 0.11815
0.999101 9.99201E-05 9.99201E-05 9.99201E-05 9.99201E-05 9.99201E-05 9.99201E-05 9.99201E-05 9.99201E-05 9.99201E-05
0.982015 9.9928E-05 9.9928E-05 9.9928E-05 9.9928E-05 9.9928E-05 0.0171853 9.9928E-05 9.9928E-05 9.9928E-05
0.809646 9.9955E-05 0.0407092 0.037827 9.9955E-05 0.0122503 9.9955E-05 9.9955E-05 9.9955E-05 0.0990676
0.9838 9.99281E-05 9.99281E-05 0.0154007 9.99281E-05 9.99281E-05 9.99281E-05 9.99281E-05 9.99281E-05 9.99281E-05
0.740676 0.103591 9.9973E-05 0.0103239 0.010072 0.042522 9.9973E-05 0.00232065 9.9973E-05 0.0901945
9.99201E-05 9.99201E-05 9.99201E-05 9.99201E-05 9.99201E-05 0.999101 9.99201E-05 9.99201E-05 9.99201E-05 9.99201E-05
0.125766 0.0375977 9.9982E-05 0.0957107 0.578093 0.0653132 0.0355073 0.0467179 9.9982E-05 0.0150944
9.99201E-05 9.99201E-05 9.99201E-05 9.99201E-05 9.99201E-05 0.999101 9.99201E-05 9.99201E-05 9.99201E-05 9.99201E-05
9.99201E-05 9.99201E-05 9.99201E-05 9.99201E-05 9.99201E-05 0.999101 9.99201E-05 9.99201E-05 9.99201E-05 9.99201E-05
9.99281E-05 9.99281E-05 9.99281E-05 9.99281E-05 9.99281E-05 0.936206 9.99281E-05 9.99281E-05 9.99281E-05 0.062995
0.0238713 0.0719663 0.0137089 9.9982E-05 0.0637656 0.778587 0.00559925 0.0291654 0.0131364 9.9982E-05
9.99201E-05 9.99201E-05 9.99201E-05 9.99201E-05 9.99201E-05 0.999101 9.99201E-05 9.99201E-05 9.99201E-05 9.99201E-05
9.99461E-05 9.99461E-05 0.0121388 9.99461E-05 0.0485737 0.854797 9.99461E-05 9.99461E-05 9.99461E-05 0.0838906
9.99371E-05 9.99371E-05 9.99371E-05 9.99371E-05 9.99371E-05 0.966855 0.0133252 9.99371E-05 9.99371E-05 0.0191198
0.0129846 9.99461E-05 9.99461E-05 9.99461E-05 9.99461E-05 0.944196 9.99461E-05 0.00941293 0.032807 9.99461E-05
9.99281E-05 9.99281E-05 9.99281E-05 9.99281E-05 9.99281E-05 0.996225 9.99281E-05 0.00297515 9.99281E-05 9.99281E-05
0.0047726 9.99281E-05 9.99281E-05 9.99281E-05 9.99281E-05 0.994428 9.99281E-05 9.99281E-05 9.99281E-05 9.99281E-05
0.00384682 9.9937E-05 9.9937E-05 0.0231539 9.9937E-05 0.9723 9.9937E-05 9.9937E-05 9.9937E-05 9.9937E-05
0.0620834 9.9964E-05 9.9964E-05 0.0259654 0.0232105 0.833491 0.0541365 0.000713769 9.9964E-05 9.9964E-05
9.9964E-05 0.0296324 0.0134352 9.9964E-05 0.0135281 0.899659 0.0330405 9.9964E-05 9.9964E-05 0.0103046
0.0275588 0.0555668 0.00163821 0.00624215 9.9964E-05 0.882842 9.9964E-05 9.9964E-05 9.9964E-05 0.025752
0.0197719 0.000352473 9.9973E-05 9.9973E-05 0.0229137 0.88403 0.027881 0.00421577 9.9973E-05 0.0405351
9.9964E-05 0.072673 0.0235926 0.0095277 9.9964E-05 0.863457 0.0274589 9.9964E-05 9.9964E-05 0.00289057
0.0202741 9.9946E-05 9.9946E-05 9.9946E-05 0.00338931 0.962983 9.9946E-05 0.0127536 9.9946E-05 9.9946E-05
0.0279462 0.165182 0.0363831 0.0285547 0.310758 0.0400378 0.27284 9.9982E-05 9.9982E-05 0.118098
0.0048662 0.167368 0.034223 0.0329906 0.371152 0.0491115 0.249491 9.9982E-05 9.9982E-05 0.0905975
0.0209325 0.195318 0.068947 0.0608743 0.217855 0.0549566 0.237316 9.9982E-05 9.9982E-05 0.143601
0.000172357 0.212797 0.041041 0.0304073 0.256281 0.0536726 0.288563 0.00212191 9.9991E-05 0.114844
0.0260618 0.000392866 9.9964E-05 9.9964E-05 0.00319074 9.9964E-05 9.9964E-05 0.00188157 0.0174917 0.950581
9.99201E-05 9.99201E-05 9.99201E-05 9.99201E-05 9.99201E-05 9.99201E-05 9.99201E-05 9.99201E-05 9.99201E-05 0.999101
9.9946E-05 9.9946E-05 9.9946E-05 0.00047849 0.0234607 0.0184684 9.9946E-05 9.9946E-05 9.9946E-05 0.956993
9.99201E-05 9.99201E-05 9.99201E-05 9.99201E-05 9.99201E-05 9.99201E-05 9.99201E-05 9.99201E-05 9.99201E-05 0.999101
9.9928E-05 9.9928E-05 9.9928E-05 9.9928E-05 9.9928E-05 0.0131225 9.9928E-05 9.9928E-05 9.9928E-05 0.986078
9.9946E-05 0.0181744 9.9946E-05 9.9946E-05 0.00804868 9.9946E-05 0.0143871 9.9946E-05 9.9946E-05 0.95879
0.0112096 9.9955E-05 9.9955E-05 9.9955E-05 0.00519077 9.9955E-05 0.0355122 0.0206434 9.9955E-05 0.926944
0.0202196 0.0211145 0.0328577 0.0106155 0.0321508 9.9982E-05 0.025236 9.9982E-05 0.112927 0.744679
0.0123966 9.9973E-05 0.0205488 9.9973E-05 0.0512193 0.0281584 0.0177799 9.9973E-05 0.053413 0.816184
0.00557756 9.9955E-05 9.9955E-05 9.9955E-05 0.0367684 9.9955E-05 0.953825 0.0015251 0.001804 9.9955E-05
9.99201E-05 9.99201E-05 9.99201E-05 9.99201E-05 9.99201E-05 9.99201E-05 0.999101 9.99201E-05 9.99201E-05 9.99201E-05
9.99201E-05 9.99201E-05 9.99201E-05 9.99201E-05 9.99201E-05 9.99201E-05 0.999101 9.99201E-05 9.99201E-05 9.99201E-05
9.99201E-05 9.99201E-05 9.99201E-05 9.99201E-05 9.99201E-05 9.99201E-05 0.999101 9.99201E-05 9.99201E-05 9.99201E-05
9.99281E-05 9.99281E-05 9.99281E-05 0.0041681 9.99281E-05 9.99281E-05 0.995032 9.99281E-05 9.99281E-05 9.99281E-05
9.9991E-05 0.00026193 0.0133807 0.00122695 0.0506749 0.0356782 0.832822 0.0155103 0.000939519 0.0494053
9.99201E-05 9.99201E-05 9.99201E-05 9.99201E-05 9.99201E-05 9.99201E-05 0.999101 9.99201E-05 9.99201E-05 9.99201E-05
9.99201E-05 9.99201E-05 9.99201E-05 9.99201E-05 9.99201E-05 9.99201E-05 0.999101 9.99201E-05 9.99201E-05 9.99201E-05
9.99281E-05 9.99281E-05 0.00763806 9.99281E-05 9.99281E-05 9.99281E-05 0.991563 9.99281E-05 9.99281E-05 9.99281E-05
0.0217383 0.0170795 9.9973E-05 0.00900942 0.0222957 0.003857 0.918294 9.9973E-05 9.9973E-05 0.00742612
9.99201E-05 9.99201E-05 9.99201E-05 9.99201E-05 9.99201E-05 9.99201E-05 0.999101 9.99201E-05 9.99201E-05 9.99201E-05
9.99281E-05 9.99281E-05 9.99281E-05 9.99281E-05 9.99281E-05 9.99281E-05 0.998922 0.000278705 9.99281E-05 9.99281E-05
