0.999101 9.99201E-05 9.99201E-05 9.99201E-05 9.99201E-05 9.99201E-05 9.99201E-05 9.99201E-05 9.99201E-05 9.99201E-05
0.084508 9.9955E-05 9.9955E-05 0.78393 0.0278256 9.9955E-05 0.0642069 0.0390299 9.9955E-05 9.9955E-05
0.0717176 9.9955E-05 9.9955E-05 0.73834 0.0617487 9.9955E-05 0.0246704 0.103024 9.9955E-05 9.9955E-05
9.99201E-05 9.99201E-05 9.99201E-05 0.999101 9.99201E-05 9.99201E-05 9.99201E-05 9.99201E-05 9.99201E-05 9.99201E-05
9.9955E-05 0.0849086 0.0897555 0.702153 0.0965276 0.0261554 9.9955E-05 9.9955E-05 9.9955E-05 9.9955E-05
0.0577431 0.0698058 9.9973E-05 0.590151 0.129293 9.9973E-05 9.9973E-05 0.0156875 0.130085 0.00693491
0.140192 9.9937E-05 9.9937E-05 0.532575 0.326533 9.9937E-05 9.9937E-05 9.9937E-05 9.9937E-05 9.9937E-05
0.173508 9.9982E-05 9.9982E-05 0.47624 0.124981 0.0269464 0.0105001 0.0573499 0.122682 0.00759341
0.0717441 9.9973E-05 0.0383094 0.569718 0.208515 9.9973E-05 0.00890333 0.0344639 0.0680458 9.9973E-05
0.999101 9.99201E-05 9.99201E-05 9.99201E-05 9.99201E-05 9.99201E-05 9.99201E-05 9.99201E-05 9.99201E-05 9.99201E-05
0.999101 9.99201E-05 9.99201E-05 9.99201E-05 9.99201E-05 9.99201E-05 9.99201E-05 9.99201E-05 9.99201E-05 9.99201E-05
0.999101 9.99201E-05 9.99201E-05 9.99201E-05 9.99201E-05 9.99201E-05 9.99201E-05 9.99201E-05 9.99201E-05 9.99201E-05
0.982848 9.99281E-05 9.99281E-05 9.99281E-05 9.99281E-05 0.0163525 9.99281E-05 9.99281E-05 9.99281E-05 9.99281E-05
0.901222 9.9946E-05 9.9946E-05 9.9946E-05 0.048262 9.9946E-05 9.9946E-05 0.0201291 9.9946E-05 0.0297876
0.932134 9.9946E-05 9.9946E-05 9.9946E-05 9.9946E-05 9.9946E-05 0.016733 9.9946E-05 0.0352173 0.0153159
0.0759093 0.0638253 9.9964E-05 0.546213 0.0162087 9.9964E-05 9.9964E-05 0.0315863 0.265857 9.9964E-05
0.150217 0.138242 0.0767701 0.328552 0.0952186 0.0481179 0.00846897 0.0303682 0.09687 0.0271761
9.99201E-05 9.99201E-05 9.99201E-05 0.999101 9.99201E-05 9.99201E-05 9.99201E-05 9.99201E-05 9.99201E-05 9.99201E-05
9.9955E-05 9.9955E-05 0.0250865 0.0428655 0.905599 9.9955E-05 0.00986464 9.9955E-05 9.9955E-05 0.0160841
9.99371E-05 0.00457485 9.99371E-05 9.99371E-05 0.94242 9.99371E-05 9.99371E-05 9.99371E-05 9.99371E-05 0.0523056
0.0378535 0.0151608 0.0111618 0.138033 0.787723 9.9964E-05 0.0096686 9.9964E-05 9.9964E-05 9.9964E-05
9.9964E-05 9.9964E-05 9.9964E-05 0.0573672 0.752961 0.0370794 9.9964E-05 0.0882063 0.00261286 0.0613729
9.9964E-05 9.9964E-05 0.0141611 0.0580063 0.825672 9.9964E-05 0.000850897 0.0208442 9.9964E-05 0.0800659
0.0254969 9.9955E-05 9.9955E-05 9.9955E-05 0.930545 0.0111572 9.9955E-05 0.0139805 9.9955E-05 0.0183202
9.9946E-05 9.9946E-05 9.9946E-05 9.9946E-05 0.976562 0.00645576 0.00454477 9.9946E-05 0.0118377 9.9946E-05
9.9964E-05 0.148515 0.0312862 9.9964E-05 0.718511 0.0487549 9.9964E-05 0.00889294 0.0436402 9.9964E-05
0.00534992 0.0414452 0.0852852 9.9964E-05 0.72425 9.9964E-05 9.9964E-05 0.08973 0.0535398 9.9964E-05
9.9946E-05 9.9946E-05 9.9946E-05 0.0742788 0.844721 9.9946E-05 9.9946E-05 0.0141471 0.0662532 9.9946E-05
0.0698503 0.0545128 0.0168615 0.00584828 0.740245 0.0200876 9.9991E-05 0.00809908 0.0450461 0.0393488
0.0373204 9.9937E-05 9.9937E-05 0.105366 0.856614 9.9937E-05 9.9937E-05 9.9937E-05 9.9937E-05 9.9937E-05
0.0507909 9.99281E-05 9.99281E-05 9.99281E-05 0.94841 9.99281E-05 9.99281E-05 9.99281E-05 9.99281E-05 9.99281E-05
9.9955E-05 9.9955E-05 0.0269578 9.9955E-05 0.830972 0.0607926 9.9955E-05 0.00738948 0.0733881 9.9955E-05
0.01517 0.164799 0.0409049 0.00431959 0.744676 9.9973E-05 0.00250365 0.0273277 9.9973E-05 9.9973E-05
0.0514957 0.116512 0.00935614 9.9973E-05 0.60338 0.112594 0.0203417 0.0860209 9.9973E-05 9.9973E-05
9.9964E-05 0.00577925 9.9964E-05 0.0737104 0.764078 0.0249744 9.9964E-05 0.0453902 9.9964E-05 0.0856675
0.0604295 0.010266 0.00026916 0.0798584 0.848677 9.9955E-05 9.9955E-05 9.9955E-05 9.9955E-05 9.9955E-05
9.9946E-05 0.132779 9.9946E-05 9.9946E-05 0.54775 9.9946E-05 9.9946E-05 9.9946E-05 0.306455 0.012416
9.9973E-05 0.254394 0.0645506 0.0635173 0.503853 9.9973E-05 9.9973E-05 0.0587603 0.0146928 0.0399329
0.0184928 0.19694 0.0723504 0.026758 0.583291 9.9982E-05 0.0179432 0.0566076 0.0274163 9.9982E-05
0.0158658 0.299177 9.9964E-05 9.9964E-05 0.57777 0.0205236 0.0357595 9.9964E-05 0.0505048 9.9964E-05
9.9973E-05 0.0373313 0.0284807 0.195082 9.9973E-05 0.0942216 0.0442621 0.0742955 0.526027 9.9973E-05
9.9964E-05 0.0905287 0.0859485 0.10132 9.9964E-05 0.0841179 9.9964E-05 0.127417 0.510268 9.9964E-05
9.9973E-05 0.00636701 9.9973E-05 0.273505 0.0189477 0.142746 0.0534349 0.070001 0.434698 9.9973E-05
9.9973E-05 0.137611 0.042059 0.201679 9.9973E-05 0.0655043 0.0318805 0.0443072 0.476659 9.9973E-05
9.9973E-05 0.230093 0.0349038 0.0386873 0.187255 0.0354928 9.9973E-05 0.0489129 0.424355 9.9973E-05
9.99201E-05 9.99201E-05 9.99201E-05 9.99201E-05 9.99201E-05 9.99201E-05 9.99201E-05 9.99201E-05 0.999101 9.99201E-05
9.99201E-05 9.99201E-05 9.99201E-05 9.99201E-05 9.99201E-05 9.99201E-05 9.99201E-05 9.99201E-05 0.999101 9.99201E-05
9.9973E-05 9.9973E-05 0.041742 9.9973E-05 0.403149 0.0340609 0.0326229 0.0490936 0.421629 0.0174027
0.0536282 0.116911 0.0825709 0.0979821 0.0450694 0.0763676 9.9991E-05 0.049428 0.473528 0.00441413
0.0690012 9.9991E-05 0.0145612 0.161459 0.233247 0.104329 0.0560407 0.048282 0.308066 0.00491419
0.0359744 0.21217 0.0327123 0.0234575 0.232462 9.9982E-05 0.0326506 0.013579 0.416794 9.9982E-05
9.9982E-05 0.0422769 0.0106517 0.0508667 0.182895 0.0476409 9.9982E-05 0.0330087 0.609507 0.0229537
0.0170423 9.9955E-05 0.0270607 9.9955E-05 9.9955E-05 0.0176608 9.9955E-05 0.0136959 0.924041 9.9955E-05
0.0416146 0.335825 0.0391821 9.9973E-05 0.244352 0.0384475 9.9973E-05 9.9973E-05 0.242737 0.0575412
0.0532138 0.390905 0.0013258 9.9973E-05 0.215554 0.0343785 9.9973E-05 9.9973E-05 0.277647 0.0266751
9.9973E-05 0.0933264 9.9973E-05 0.143265 0.0274636 0.0849602 0.0132383 0.0869072 0.550539 9.9973E-05
0.0669288 0.249837 0.0663032 0.0189467 0.153945 0.0155899 9.9982E-05 0.0806121 0.347637 9.9982E-05
9.9973E-05 0.183572 0.10379 0.0657735 0.184829 0.0276436 0.0320608 9.9973E-05 0.402032 9.9973E-05
9.99201E-05 9.99201E-05 9.99201E-05 9.99201E-05 9.99201E-05 9.99201E-05 9.99201E-05 9.99201E-05 0.999101 9.99201E-05
0.0252553 0.302365 0.106205 0.0116434 0.233693 9.9973E-05 9.9973E-05 0.0101743 0.310364 9.9973E-05
9.9964E-05 9.9964E-05 0.0955955 9.9964E-05 0.188559 0.063672 0.0110971 9.9964E-05 0.586588 0.0540876
0.00936289 0.257351 9.9964E-05 0.0368305 0.0319781 0.0606603 9.9964E-05 9.9964E-05 0.603417 9.9964E-05
0.0127115 0.186959 0.0344337 9.9991E-05 0.151509 0.0246276 0.0442928 0.0457881 0.49237 0.00720794
9.9946E-05 9.9946E-05 9.9946E-05 9.9946E-05 9.9946E-05 9.9946E-05 0.0187634 0.00593343 0.845639 0.129065
0.00207925 0.135261 0.0407768 0.0667785 0.0915475 0.0493365 9.9973E-05 9.9973E-05 0.613921 9.9973E-05
9.9955E-05 9.9955E-05 9.9955E-05 9.9955E-05 9.9955E-05 0.00983753 0.00657487 0.0122298 0.8928 0.0780584
9.9946E-05 0.331652 0.00779785 9.9946E-05 9.9946E-05 9.9946E-05 0.00754452 9.9946E-05 0.652406 9.9946E-05
0.0152414 9.9955E-05 9.9955E-05 9.9955E-05 9.9955E-05 0.0754409 0.00559395 9.9955E-05 0.822354 0.0808703
9.999E-05 0.144473 0.0377009 0.139573 0.221599 0.0311268 0.00715341 0.0218079 0.385385 0.0110817
9.9946E-05 9.9946E-05 9.9946E-05 9.9946E-05 9.9946E-05 0.0202651 9.9946E-05 0.00839672 0.927976 0.0427623
0.0223621 0.0613464 9.9982E-05 0.082803 0.0456124 0.0611156 0.0796939 0.0500657 0.596801 9.9982E-05
9.9982E-05 0.262229 0.0577312 9.9982E-05 0.0742199 0.0187661 0.0172008 0.0561462 0.502119 0.011388
0.0991007 0.0542765 0.0323899 9.9982E-05 0.0249862 9.9982E-05 0.0120923 0.0130007 0.741584 0.0223694
0.0871215 0.097813 0.0328467 9.9964E-05 0.0373991 9.9964E-05 9.9964E-05 0.0213477 0.723072 9.9964E-05
0.043927 0.277007 9.9973E-05 9.9973E-05 0.0294005 0.0993025 9.9973E-05 0.0190192 0.477749 0.0532952
0.0119656 0.22012 0.0841228 9.9964E-05 0.0137242 9.9964E-05 9.9964E-05 9.9964E-05 0.657269 0.0123992
9.9937E-05 0.227839 9.9937E-05 9.9937E-05 9.9937E-05 9.9937E-05 0.029999 9.9937E-05 0.741462 9.9937E-05
9.9982E-05 0.209866 9.9982E-05 0.00500538 0.0399934 0.0355618 0.0958145 0.0449864 0.421012 0.147561
9.9946E-05 0.915225 9.9946E-05 0.0389259 9.9946E-05 9.9946E-05 9.9946E-05 0.0441362 9.9946E-05 0.00111283
9.9928E-05 0.988253 9.9928E-05 9.9928E-05 9.9928E-05 9.9928E-05 9.9928E-05 9.9928E-05 9.9928E-05 0.0109475
9.99201E-05 0.999101 9.99201E-05 9.99201E-05 9.99201E-05 9.99201E-05 9.99201E-05 9.99201E-05 9.99201E-05 9.99201E-05
0.00958969 0.971886 9.99371E-05 9.99371E-05 9.99371E-05 9.99371E-05 9.99371E-05 9.99371E-05 9.99371E-05 0.0178252
9.99371E-05 0.974502 9.99371E-05 9.99371E-05 9.99371E-05 9.99371E-05 9.99371E-05 0.0113236 0.0134743 9.99371E-05
0.0396262 0.627702 0.0263191 0.0271638 0.113272 0.0396073 0.0358483 0.0142627 0.0760984 9.9991E-05
9.9973E-05 0.528766 9.9973E-05 0.144926 9.9973E-05 0.0403638 0.112688 0.00657488 0.151375 0.0150064
9.9964E-05 0.585109 9.9964E-05 0.083056 9.9964E-05 0.0336406 0.0920046 0.100179 0.105611 9.9964E-05
0.0388619 0.483324 0.0194802 0.0777722 0.121821 0.0528908 0.0277594 0.0423062 0.135684 9.9991E-05
0.0127395 0.568658 0.0411962 0.0286636 0.10271 0.0777979 0.0597104 9.9982E-05 0.108324 9.9982E-05
9.9982E-05 0.59909 0.00635918 0.122529 9.9982E-05 0.00590646 0.0722278 0.0647921 0.0638409 0.0650545
0.00865745 0.288794 0.108285 9.9991E-05 0.0624126 0.10741 0.0937142 0.0798174 0.231209 0.0196004
0.00194043 0.224014 9.9982E-05 0.115484 9.9982E-05 0.0624929 0.0692637 0.0162654 0.297013 0.213326
9.9973E-05 0.210148 9.9973E-05 0.147284 9.9973E-05 0.0707498 0.0446971 0.0228655 0.287965 0.215991
0.011737 0.316772 0.146534 9.9982E-05 0.00955706 0.0466344 0.162619 0.0900657 0.215881 9.9982E-05
9.9946E-05 9.9946E-05 9.9946E-05 9.9946E-05 0.000257626 9.9946E-05 0.952857 0.0157179 0.0305676 9.9946E-05
0.0202946 9.9964E-05 9.9964E-05 0.00644789 0.00120057 0.0174737 0.945733 0.00845047 9.9964E-05 9.9964E-05
0.029896 9.9964E-05 9.9964E-05 9.9964E-05 0.0169098 9.9964E-05 0.874781 0.00531357 0.00779092 0.064909
9.99201E-05 9.99201E-05 9.99201E-05 9.99201E-05 9.99201E-05 9.99201E-05 0.999101 9.99201E-05 9.99201E-05 9.99201E-05
9.99201E-05 9.99201E-05 9.99201E-05 9.99201E-05 9.99201E-05 9.99201E-05 0.999101 9.99201E-05 9.99201E-05 9.99201E-05
9.99201E-05 9.99201E-05 9.99201E-05 9.99201E-05 9.99201E-05 9.99201E-05 0.999101 9.99201E-05 9.99201E-05 9.99201E-05
9.9937E-05 0.0121028 9.9937E-05 0.0204174 9.9937E-05 9.9937E-05 0.96678 9.9937E-05 9.9937E-05 9.9937E-05
9.9964E-05 0.0214403 0.0427622 0.00353111 9.9964E-05 9.9964E-05 0.872691 0.0509737 9.9964E-05 0.00820229
9.9946E-05 9.9946E-05 0.000307915 9.9946E-05 0.00725463 9.9946E-05 0.990247 0.00159073 9.9946E-05 9.9946E-05
9.99201E-05 9.99201E-05 9.99201E-05 9.99201E-05 9.99201E-05 9.99201E-05 0.999101 9.99201E-05 9.99201E-05 9.99201E-05
9.9982E-05 0.425323 0.0961675 9.9982E-05 0.107834 0.206803 0.0571573 0.0475894 0.0251047 0.0338217
9.9955E-05 9.9955E-05 0.0127815 9.9955E-05 9.9955E-05 0.00118831 0.861231 9.9955E-05 0.0867541 0.0375453
9.99371E-05 0.0069473 9.99371E-05 9.99371E-05 9.99371E-05 9.99371E-05 0.986215 0.00613792 9.99371E-05 9.99371E-05
9.99281E-05 9.99281E-05 9.99281E-05 9.99281E-05 9.99281E-05 9.99281E-05 0.979049 9.99281E-05 9.99281E-05 0.0201519
9.99371E-05 0.974359 0.00539052 9.99371E-05 9.99371E-05 0.0195507 9.99371E-05 9.99371E-05 9.99371E-05 9.99371E-05
9.99201E-05 0.999101 9.99201E-05 9.99201E-05 9.99201E-05 9.99201E-05 9.99201E-05 9.99201E-05 9.99201E-05 9.99201E-05
0.0150635 0.975538 9.9937E-05 9.9937E-05 9.9937E-05 0.00869898 9.9937E-05 9.9937E-05 9.9937E-05 9.9937E-05
9.99281E-05 0.997728 9.99281E-05 9.99281E-05 9.99281E-05 9.99281E-05 0.0014725 9.99281E-05 9.99281E-05 9.99281E-05
9.9964E-05 0.824076 0.00692646 9.9964E-05 0.0237322 0.110187 9.9964E-05 9.9964E-05 0.0200124 0.0146661
9.9964E-05 0.77088 0.050751 0.0228949 0.085361 0.0146138 9.9964E-05 9.9964E-05 9.9964E-05 0.0550999
9.9973E-05 0.786547 9.9973E-05 9.9973E-05 0.0829285 0.00686325 0.0492895 0.0092119 0.02924 0.0356196
9.9955E-05 0.820081 0.0314809 9.9955E-05 9.9955E-05 0.0719243 0.0290468 9.9955E-05 9.9955E-05 0.0469667
9.9946E-05 0.846877 9.9946E-05 9.9946E-05 9.9946E-05 9.9946E-05 0.0742718 0.00122145 9.9946E-05 0.0770306
0.00547845 0.94282 9.9955E-05 9.9955E-05 9.9955E-05 0.00502241 0.0187012 9.9955E-05 9.9955E-05 0.0274782
9.9973E-05 0.769949 0.0351795 0.0199977 0.068636 0.0215111 9.9973E-05 0.0484013 9.9973E-05 0.0360251
0.0214147 0.859342 9.9946E-05 9.9946E-05 9.9946E-05 9.9946E-05 0.0286761 9.9946E-05 9.9946E-05 0.0899676
0.0185064 0.727155 0.0379262 0.00537219 9.9982E-05 0.066796 9.9982E-05 0.0473564 0.0787506 0.0179369
9.9973E-05 0.696561 0.0327204 0.0763733 9.9973E-05 0.12537 0.00110295 0.0444887 9.9973E-05 0.0230832
9.9946E-05 0.0457928 0.011224 9.9946E-05 9.9946E-05 0.913116 9.9946E-05 9.9946E-05 9.9946E-05 0.0292676
0.00140543 9.9973E-05 0.0561212 0.0222805 0.00565862 0.885116 0.02382 9.9973E-05 9.9973E-05 0.00529809
9.99201E-05 9.99201E-05 9.99201E-05 9.99201E-05 9.99201E-05 0.999101 9.99201E-05 9.99201E-05 9.99201E-05 9.99201E-05
9.99281E-05 9.99281E-05 0.0283576 9.99281E-05 9.99281E-05 0.970843 9.99281E-05 9.99281E-05 9.99281E-05 9.99281E-05
9.9937E-05 9.9937E-05 0.00611815 9.9937E-05 9.9937E-05 0.99216 9.9937E-05 0.00102244 9.9937E-05 9.9937E-05
9.99201E-05 9.99201E-05 9.99201E-05 9.99201E-05 9.99201E-05 0.999101 9.99201E-05 9.99201E-05 9.99201E-05 9.99201E-05
9.9946E-05 0.0541161 9.9946E-05 9.9946E-05 9.9946E-05 0.935018 9.9946E-05 9.9946E-05 0.00994906 0.000317539
0.0375308 9.9955E-05 9.9955E-05 0.0316429 9.9955E-05 0.734073 9.9955E-05 9.9955E-05 0.0626422 0.133611
9.99201E-05 9.99201E-05 9.99201E-05 9.99201E-05 9.99201E-05 0.999101 9.99201E-05 9.99201E-05 9.99201E-05 9.99201E-05
9.99201E-05 9.99201E-05 9.99201E-05 9.99201E-05 9.99201E-05 0.999101 9.99201E-05 9.99201E-05 9.99201E-05 9.99201E-05
0.00591517 9.99551E-05 9.99551E-05 0.0349958 9.99551E-05 0.869322 0.0302143 9.99551E-05 9.99551E-05 0.0590533
9.99201E-05 9.99201E-05 9.99201E-05 9.99201E-05 9.99201E-05 0.999101 9.99201E-05 9.99201E-05 9.99201E-05 9.99201E-05
9.9964E-05 0.0650619 9.9964E-05 9.9964E-05 9.9964E-05 0.691019 0.0163727 0.0670429 0.108288 0.0518154
9.99201E-05 9.99201E-05 9.99201E-05 9.99201E-05 9.99201E-05 9.99201E-05 9.99201E-05 0.999101 9.99201E-05 9.99201E-05
9.9982E-05 0.597276 0.0556177 0.0609971 9.9982E-05 0.0855713 0.0911497 0.061944 0.0223069 0.0249377
9.99281E-05 0.00391305 9.99281E-05 9.99281E-05 9.99281E-05 9.99281E-05 9.99281E-05 0.995288 9.99281E-05 9.99281E-05
9.99201E-05 9.99201E-05 9.99201E-05 9.99201E-05 9.99201E-05 9.99201E-05 9.99201E-05 0.999101 9.99201E-05 9.99201E-05
9.99281E-05 9.99281E-05 9.99281E-05 9.99281E-05 9.99281E-05 9.99281E-05 9.99281E-05 0.964764 9.99281E-05 0.0344369
0.00130058 9.9973E-05 0.0360548 9.9973E-05 0.078067 0.0660589 0.00218844 0.74816 0.0678708 9.9973E-05
9.99201E-05 9.99201E-05 9.99201E-05 9.99201E-05 9.99201E-05 9.99201E-05 9.99201E-05 0.999101 9.99201E-05 9.99201E-05
0.0212248 0.0835603 9.9982E-05 9.9982E-05 0.00874963 0.0153946 0.00544404 0.825047 0.0302983 0.0100814
9.9964E-05 0.0131448 9.9964E-05 0.0224286 9.9964E-05 9.9964E-05 0.0143306 0.928704 0.0127031 0.00828927
9.9946E-05 9.9946E-05 9.9946E-05 9.9946E-05 0.0325511 9.9946E-05 0.013328 0.893987 0.0595345 9.9946E-05
0.0130483 9.9946E-05 0.00110764 9.9946E-05 9.9946E-05 9.9946E-05 9.9946E-05 0.978083 9.9946E-05 0.00716162
9.99281E-05 9.99281E-05 9.99281E-05 9.99281E-05 9.99281E-05 0.00882436 9.99281E-05 0.990376 9.99281E-05 9.99281E-05
9.99281E-05 0.0472013 9.99281E-05 9.99281E-05 9.99281E-05 9.99281E-05 9.99281E-05 0.951999 9.99281E-05 9.99281E-05
9.9973E-05 0.0442914 0.0270176 0.0410922 9.9973E-05 0.0417089 0.0389711 0.804237 0.00238207 9.9973E-05
0.0101896 0.0121792 0.00615008 9.9964E-05 0.0346387 9.9964E-05 9.9964E-05 0.899256 9.9964E-05 0.0371863
0.00606026 0.0237131 9.9973E-05 9.9973E-05 9.9973E-05 0.0393522 0.018746 0.849127 0.0463246 0.0163772
0.00465511 0.0236529 0.0349072 0.00704032 9.9982E-05 0.00775666 9.9982E-05 0.888176 0.0144413 0.0191701
0.0307029 9.9964E-05 0.0452417 0.00265239 9.9964E-05 9.9964E-05 9.9964E-05 0.865104 0.0374919 0.018407
9.9937E-05 9.9937E-05 9.9937E-05 9.9937E-05 9.9937E-05 0.0568591 0.0158998 0.926542 9.9937E-05 9.9937E-05
0.031881 0.341698 0.287211 9.9982E-05 9.9982E-05 0.0290755 0.0350802 0.0563085 0.144983 0.0735623
0.0203576 0.399492 0.283484 9.9982E-05 9.9982E-05 0.0457967 0.0149958 0.0142433 0.142696 0.0787355
0.0392838 0.248016 0.29429 9.9982E-05 9.9982E-05 0.00374127 0.101293 0.0528555 0.158601 0.101719
0.0500249 0.263886 0.273462 9.9991E-05 0.0137185 0.0437399 0.0379153 0.0558575 0.139721 0.121575
9.9973E-05 0.025943 9.9973E-05 0.0116631 0.0317509 0.00518246 9.9973E-05 0.00247955 0.0208337 0.901847
9.99201E-05 9.99201E-05 9.99201E-05 9.99201E-05 9.99201E-05 9.99201E-05 9.99201E-05 9.99201E-05 9.99201E-05 0.999101
9.9946E-05 0.0141678 9.9946E-05 9.9946E-05 9.9946E-05 9.9946E-05 0.0153612 0.00831965 9.9946E-05 0.961552
9.99201E-05 9.99201E-05 9.99201E-05 9.99201E-05 9.99201E-05 9.99201E-05 9.99201E-05 9.99201E-05 9.99201E-05 0.999101
9.9946E-05 9.9946E-05 9.9946E-05 9.9946E-05 9.9946E-05 0.000181917 0.00740011 0.0132308 9.9946E-05 0.978588
9.9946E-05 9.9946E-05 0.0344082 9.9946E-05 9.9946E-05 9.9946E-05 0.0256785 0.000988017 9.9946E-05 0.938326
9.9964E-05 0.0242344 0.00420698 9.9964E-05 0.00212906 9.9964E-05 0.00657285 9.9964E-05 0.00291533 0.959542
0.0443582 0.0283359 0.02014 0.0131206 0.0664013 0.0382274 0.00335524 0.0114531 0.0250146 0.749594
0.00709739 0.0411589 9.9982E-05 0.000434986 0.0567223 0.0233966 9.9982E-05 0.0234574 0.00517618 0.842356
9.9937E-05 0.00389058 0.980553 9.9937E-05 9.9937E-05 0.0148568 9.9937E-05 9.9937E-05 9.9937E-05 9.9937E-05
9.99201E-05 9.99201E-05 0.999101 9.99201E-05 9.99201E-05 9.99201E-05 9.99201E-05 9.99201E-05 9.99201E-05 9.99201E-05
9.9946E-05 9.9946E-05 0.984961 0.00744001 0.00413239 9.9946E-05 9.9946E-05 9.9946E-05 9.9946E-05 0.00286716
9.99201E-05 9.99201E-05 0.999101 9.99201E-05 9.99201E-05 9.99201E-05 9.99201E-05 9.99201E-05 9.99201E-05 9.99201E-05
9.99201E-05 9.99201E-05 0.999101 9.99201E-05 9.99201E-05 9.99201E-05 9.99201E-05 9.99201E-05 9.99201E-05 9.99201E-05
9.99281E-05 0.0998839 0.899317 9.99281E-05 9.99281E-05 9.99281E-05 9.99281E-05 9.99281E-05 9.99281E-05 9.99281E-05
9.99281E-05 9.99281E-05 0.996815 9.99281E-05 9.99281E-05 9.99281E-05 9.99281E-05 9.99281E-05 0.0023852 9.99281E-05
9.99201E-05 9.99201E-05 0.999101 9.99201E-05 9.99201E-05 9.99201E-05 9.99201E-05 9.99201E-05 9.99201E-05 9.99201E-05
0.0130897 9.9964E-05 0.930576 9.9964E-05 0.0140987 9.9964E-05 0.00249822 9.9964E-05 0.0304103 0.00892745
9.9955E-05 0.0232585 0.923383 9.9955E-05 9.9955E-05 9.9955E-05 0.0014758 0.0206414 0.0307418 9.9955E-05
9.99201E-05 9.99201E-05 0.999101 9.99201E-05 9.99201E-05 9.99201E-05 9.99201E-05 9.99201E-05 9.99201E-05 9.99201E-05
9.99281E-05 9.99281E-05 0.998985 9.99281E-05 9.99281E-05 0.000215622 9.99281E-05 9.99281E-05 9.99281E-05 9.99281E-05
