0.0258188 9.99281E-05 9.99281E-05 9.99281E-05 9.99281E-05 0.973382 9.99281E-05 9.99281E-05 9.99281E-05 9.99281E-05
0.0866454 0.00230932 9.9964E-05 9.9964E-05 0.0188843 0.134674 0.659346 0.0977404 9.9964E-05 9.9964E-05
9.99201E-05 9.99201E-05 9.99201E-05 9.99201E-05 9.99201E-05 0.999101 9.99201E-05 9.99201E-05 9.99201E-05 9.99201E-05
9.9955E-05 0.038212 9.9955E-05 9.9955E-05 0.293006 0.581105 0.0676786 9.9955E-05 9.9955E-05 0.0194983
0.0994263 0.00047223 9.9955E-05 9.9955E-05 0.0525588 9.9955E-05 0.823887 9.9955E-05 0.0231561 9.9955E-05
0.999101 9.99201E-05 9.99201E-05 9.99201E-05 9.99201E-05 9.99201E-05 9.99201E-05 9.99201E-05 9.99201E-05 9.99201E-05
0.395756 0.00431407 9.9973E-05 0.121706 9.9973E-05 0.113439 0.273008 0.0105848 0.0808921 9.9973E-05
9.99201E-05 9.99201E-05 9.99201E-05 9.99201E-05 9.99201E-05 9.99201E-05 0.999101 9.99201E-05 9.99201E-05 9.99201E-05
0.00257897 9.9973E-05 9.9973E-05 9.9973E-05 0.0564386 0.227201 0.458178 0.0794017 0.0755707 0.100331
9.9973E-05 0.0239363 0.00832573 9.9973E-05 0.11805 0.101661 0.497663 0.054458 9.9973E-05 0.195606
0.0187122 0.0516691 0.522174 9.9964E-05 0.315581 9.9964E-05 0.0623964 9.9964E-05 0.0290674 9.9964E-05
9.99201E-05 9.99201E-05 9.99201E-05 0.999101 9.99201E-05 9.99201E-05 9.99201E-05 9.99201E-05 9.99201E-05 9.99201E-05
0.441989 9.9946E-05 0.148909 0.137864 0.270639 9.9946E-05 9.9946E-05 9.9946E-05 9.9946E-05 9.9946E-05
9.9964E-05 0.032407 0.0159946 0.878238 9.9964E-05 0.0647661 9.9964E-05 0.000596481 9.9964E-05 0.00759748
0.0640776 0.0530768 0.106754 0.0095651 0.752694 0.0134325 9.9964E-05 9.9964E-05 9.9964E-05 9.9964E-05
0.0103743 9.9946E-05 0.857025 0.107744 0.0242577 9.9946E-05 9.9946E-05 9.9946E-05 9.9946E-05 9.9946E-05
9.9928E-05 9.9928E-05 0.97192 9.9928E-05 9.9928E-05 9.9928E-05 9.9928E-05 9.9928E-05 0.0272808 9.9928E-05
9.996E-05 9.996E-05 0.579316 9.996E-05 0.127649 0.00883184 9.996E-05 0.144713 0.0044811 0.134609
9.9964E-05 0.000421638 0.0976753 0.342012 0.482479 9.9964E-05 9.9964E-05 9.9964E-05 0.0299494 0.0470629
9.9955E-05 9.9955E-05 0.849272 0.0461216 9.9955E-05 0.0302861 0.0537754 9.9955E-05 9.9955E-05 0.0200455
0.00898665 9.9973E-05 0.578941 0.0868996 0.019587 0.120895 9.9973E-05 0.11884 9.9973E-05 0.0655506
9.995E-05 9.995E-05 0.408382 9.995E-05 0.103263 9.995E-05 0.431291 0.0395855 9.995E-05 0.0169782
0.00380097 0.0284353 0.867672 0.0601627 9.9955E-05 0.0394289 9.9955E-05 9.9955E-05 9.9955E-05 9.9955E-05
9.9937E-05 9.9937E-05 0.889804 9.9937E-05 9.9937E-05 9.9937E-05 9.9937E-05 0.0208815 9.9937E-05 0.0886151
0.00405656 9.9973E-05 0.130535 0.101562 0.731152 0.00472156 9.9973E-05 0.0229764 9.9973E-05 0.00469756
0.0449611 9.9937E-05 9.9937E-05 0.826205 9.9937E-05 9.9937E-05 9.9937E-05 0.128134 9.9937E-05 9.9937E-05
9.9928E-05 9.9928E-05 9.9928E-05 9.9928E-05 0.880487 9.9928E-05 9.9928E-05 9.9928E-05 0.118713 9.9928E-05
9.9955E-05 9.9955E-05 9.9955E-05 0.00409221 0.584265 9.9955E-05 0.104779 0.302735 9.9955E-05 0.0036284
0.0321796 9.9955E-05 9.9955E-05 0.140192 0.53422 9.9955E-05 9.9955E-05 0.251027 9.9955E-05 0.0418815
9.99201E-05 9.99201E-05 9.99201E-05 9.99201E-05 0.999101 9.99201E-05 9.99201E-05 9.99201E-05 9.99201E-05 9.99201E-05
9.9955E-05 9.9955E-05 9.9955E-05 9.9955E-05 0.182106 0.120526 9.9955E-05 0.318737 0.291492 0.0866389
0.0292781 9.9973E-05 9.9973E-05 9.9973E-05 0.231856 0.204022 0.0137451 0.121907 0.378931 0.019961
9.9937E-05 9.9937E-05 9.9937E-05 9.9937E-05 0.0557552 9.9937E-05 9.9937E-05 0.13483 9.9937E-05 0.808715
0.00753473 9.9946E-05 0.00494833 9.9946E-05 9.9946E-05 9.9946E-05 9.9946E-05 9.9946E-05 0.0498043 0.937113
9.9946E-05 9.9946E-05 0.0274944 0.0339966 0.280182 9.9946E-05 9.9946E-05 9.9946E-05 9.9946E-05 0.657727
9.9937E-05 9.9937E-05 9.9937E-05 9.9937E-05 9.9937E-05 0.103621 9.9937E-05 0.0852932 9.9937E-05 0.810386
9.9964E-05 0.004897 0.0261506 0.00235358 9.9964E-05 9.9964E-05 0.345553 9.9964E-05 0.00784217 0.612804
9.995E-05 9.995E-05 0.0768033 9.995E-05 0.0254157 0.00256057 9.995E-05 0.07975 9.995E-05 0.814971
9.9946E-05 0.00612179 0.0155266 9.9946E-05 9.9946E-05 9.9946E-05 9.9946E-05 9.9946E-05 0.0311593 0.946593
9.9964E-05 0.037675 9.9964E-05 9.9964E-05 0.243239 9.9964E-05 0.00295043 0.206775 0.0885083 0.420452
9.99281E-05 9.99281E-05 9.99281E-05 9.99281E-05 9.99281E-05 9.99281E-05 0.033709 9.99281E-05 9.99281E-05 0.965492
9.995E-05 9.995E-05 9.995E-05 0.0706668 9.995E-05 0.124577 9.995E-05 0.336448 0.119162 0.348645
9.9955E-05 9.9955E-05 9.9955E-05 0.0617232 0.0386594 0.00320498 9.9955E-05 0.188054 9.9955E-05 0.707859
0.0435436 0.00922733 9.9955E-05 0.0708071 9.9955E-05 9.9955E-05 9.9955E-05 9.9955E-05 0.0360055 0.839917
9.9973E-05 9.9973E-05 0.112911 0.000157548 0.0185717 0.0402199 9.9973E-05 0.139915 0.634192 0.0537328
0.0599653 9.9955E-05 9.9955E-05 0.0880061 0.0357773 9.9955E-05 9.9955E-05 0.174651 0.6411 9.9955E-05
9.9955E-05 0.0378006 9.9955E-05 0.00758701 9.9955E-05 9.9955E-05 9.9955E-05 0.114449 0.732918 0.106747
9.9928E-05 9.9928E-05 9.9928E-05 9.9928E-05 9.9928E-05 9.9928E-05 9.9928E-05 0.0767231 0.922477 9.9928E-05
9.996E-05 9.996E-05 9.996E-05 0.126491 0.171737 0.0214466 0.040519 9.996E-05 0.541619 0.0977871
9.9973E-05 9.9973E-05 9.9973E-05 0.0503679 0.0358866 0.0456584 0.0174019 0.123395 0.397155 0.329836
9.9946E-05 9.9946E-05 0.0792192 9.9946E-05 9.9946E-05 9.9946E-05 9.9946E-05 0.143665 0.716184 0.0603321
9.9937E-05 9.9937E-05 0.00664902 9.9937E-05 9.9937E-05 9.9937E-05 9.9937E-05 9.9937E-05 0.90752 0.0851315
0.00747062 0.00501579 0.0683851 9.9955E-05 9.9955E-05 9.9955E-05 9.9955E-05 0.178228 0.740401 9.9955E-05
9.995E-05 0.00955931 0.0696235 9.995E-05 9.995E-05 9.995E-05 9.995E-05 0.124187 0.563498 0.232633
0.00381821 9.9928E-05 9.9928E-05 9.9928E-05 9.9928E-05 9.9928E-05 9.9928E-05 9.9928E-05 0.995382 9.9928E-05
9.9937E-05 0.038703 9.9937E-05 0.0280909 9.9937E-05 9.9937E-05 9.9937E-05 9.9937E-05 0.932507 9.9937E-05
9.996E-05 9.996E-05 0.0171609 9.996E-05 0.0767517 9.996E-05 0.0180318 0.777475 0.046633 0.0635473
9.9973E-05 9.9973E-05 0.0446491 0.0204287 0.0285524 9.9973E-05 0.00625943 0.733206 0.160911 0.0056932
0.0620763 9.9964E-05 9.9964E-05 9.9964E-05 0.0245485 0.00862878 0.0304272 0.783043 0.0908761 9.9964E-05
9.996E-05 9.996E-05 9.996E-05 0.038295 0.0328958 9.996E-05 0.214558 0.615042 0.0135586 0.0852506
9.994E-05 9.994E-05 0.073912 9.994E-05 9.994E-05 9.994E-05 0.0406254 0.830015 0.0548476 9.994E-05
9.9964E-05 0.0708788 9.9964E-05 0.0038032 9.9964E-05 0.015912 0.0358386 0.4672 9.9964E-05 0.405968
0.00383438 9.9955E-05 0.00884324 9.9955E-05 9.9955E-05 9.9955E-05 9.9955E-05 0.830216 0.0855841 0.0710222
9.99281E-05 0.00539391 9.99281E-05 9.99281E-05 9.99281E-05 9.99281E-05 9.99281E-05 0.993807 9.99281E-05 9.99281E-05
9.9955E-05 0.0111213 9.9955E-05 0.0215023 0.00424417 9.9955E-05 9.9955E-05 0.831822 9.9955E-05 0.13081
9.993E-05 9.993E-05 9.993E-05 0.0213846 9.993E-05 0.00531922 9.993E-05 0.972597 9.993E-05 9.993E-05
9.9937E-05 0.00903185 9.9937E-05 9.9937E-05 0.0639776 9.9937E-05 9.9937E-05 0.926291 9.9937E-05 9.9937E-05
9.9937E-05 9.9937E-05 0.00250572 9.9937E-05 0.072658 9.9937E-05 9.9937E-05 0.924137 9.9937E-05 9.9937E-05
9.9928E-05 0.017936 9.9928E-05 9.9928E-05 9.9928E-05 9.9928E-05 9.9928E-05 0.981265 9.9928E-05 9.9928E-05
9.9928E-05 9.9928E-05 9.9928E-05 9.9928E-05 9.9928E-05 9.9928E-05 9.9928E-05 0.955023 0.0441781 9.9928E-05
9.99281E-05 0.00154572 9.99281E-05 9.99281E-05 9.99281E-05 9.99281E-05 9.99281E-05 0.997655 9.99281E-05 9.99281E-05
9.99551E-05 0.00858146 9.99551E-05 0.0188387 9.99551E-05 9.99551E-05 0.1056 0.61381 9.99551E-05 0.25267
9.99371E-05 9.99371E-05 9.99371E-05 9.99371E-05 9.99371E-05 9.99371E-05 0.0113783 0.975089 0.0128334 9.99371E-05
0.00490014 0.0645168 9.9973E-05 0.0392358 0.0132762 9.9973E-05 9.9973E-05 0.728863 0.0141067 0.134801
9.999E-05 0.552936 0.0336651 0.0261642 0.0396745 0.00962828 0.0202137 0.293811 0.0063793 0.0174278
9.99201E-05 0.999101 9.99201E-05 9.99201E-05 9.99201E-05 9.99201E-05 9.99201E-05 9.99201E-05 9.99201E-05 9.99201E-05
0.0178773 0.0611799 9.9973E-05 9.9973E-05 0.0928598 0.024223 0.0143755 0.593355 9.9973E-05 0.19583
