9.99201E-05 9.99201E-05 9.99201E-05 0.999101 9.99201E-05 9.99201E-05 9.99201E-05 9.99201E-05 9.99201E-05 9.99201E-05
9.9955E-05 0.0517474 9.9955E-05 0.165632 9.9955E-05 9.9955E-05 0.136704 9.9955E-05 0.0742392 0.571178
9.9955E-05 0.102787 9.9955E-05 0.11617 9.9955E-05 9.9955E-05 0.116995 9.9955E-05 0.0259603 0.637588
9.99201E-05 9.99201E-05 9.99201E-05 9.99201E-05 9.99201E-05 9.99201E-05 9.99201E-05 9.99201E-05 9.99201E-05 0.999101
0.0354889 9.9973E-05 0.0132618 9.9973E-05 0.074502 0.0304673 0.213987 0.003172 9.9973E-05 0.628821
0.016639 0.0314853 0.131132 0.0778083 9.9973E-05 9.9973E-05 0.209585 0.0311824 9.9973E-05 0.501869
9.9946E-05 9.9946E-05 0.00177924 0.199931 9.9946E-05 9.9946E-05 0.35326 9.9946E-05 9.9946E-05 0.44443
9.9973E-05 0.0803531 0.0770556 0.208602 9.9973E-05 0.000224454 0.201542 9.9973E-05 0.0174303 0.414493
0.00144625 0.037151 0.0370969 0.106261 0.061695 9.9982E-05 0.333859 9.9982E-05 0.0313629 0.390928
9.99201E-05 9.99201E-05 9.99201E-05 0.999101 9.99201E-05 9.99201E-05 9.99201E-05 9.99201E-05 9.99201E-05 9.99201E-05
9.99201E-05 9.99201E-05 9.99201E-05 0.999101 9.99201E-05 9.99201E-05 9.99201E-05 9.99201E-05 9.99201E-05 9.99201E-05
0.00499018 9.99309E-05 9.99309E-05 0.99421 9.99309E-05 9.99309E-05 9.99309E-05 9.99309E-05 9.99309E-05 9.99309E-05
9.9937E-05 9.9937E-05 9.9937E-05 0.989189 9.9937E-05 9.9937E-05 9.9937E-05 0.00194727 0.00816393 9.9937E-05
0.0147835 9.9946E-05 0.0208461 0.899947 9.9946E-05 9.9946E-05 0.0638232 9.9946E-05 9.9946E-05 9.9946E-05
9.9946E-05 0.0159048 9.9946E-05 0.925864 9.9946E-05 9.9946E-05 9.9946E-05 9.9946E-05 0.000775809 0.0568556
9.9973E-05 0.0178849 0.232943 0.101525 0.0833961 9.9973E-05 0.113534 0.00464812 9.9973E-05 0.445769
0.114487 0.03876 0.132396 0.151317 0.0101212 0.0206019 0.0608966 0.0874227 0.0280594 0.355938
9.99201E-05 9.99201E-05 9.99201E-05 9.99201E-05 9.99201E-05 9.99201E-05 9.99201E-05 9.99201E-05 9.99201E-05 0.999101
0.0196101 9.9964E-05 0.0524582 9.9964E-05 0.0043586 9.9964E-05 0.880442 9.9964E-05 0.020883 0.0218483
0.0118236 9.99371E-05 9.99371E-05 9.99371E-05 0.0215573 9.99371E-05 0.96592 9.99371E-05 9.99371E-05 9.99371E-05
9.9955E-05 9.9955E-05 9.9955E-05 0.0507593 0.0432638 9.9955E-05 0.751333 0.0548023 9.9955E-05 0.0993419
0.102607 0.0761538 0.00499501 9.9973E-05 9.9973E-05 0.0101295 0.743965 9.9973E-05 0.00994596 0.0519047
0.0974082 0.0438268 9.9946E-05 9.9946E-05 9.9946E-05 9.9946E-05 0.779927 9.9946E-05 9.9946E-05 0.0782381
0.00601961 9.9946E-05 9.9946E-05 0.00739235 9.9946E-05 0.0164585 0.96953 9.9946E-05 9.9946E-05 9.9946E-05
9.99371E-05 9.99371E-05 0.0546666 0.0231661 9.99371E-05 9.99371E-05 0.921468 9.99371E-05 9.99371E-05 9.99371E-05
0.00489327 0.0207888 0.0681953 9.9982E-05 0.0479625 0.0591743 0.6492 0.137263 9.9982E-05 0.0123228
0.00236321 0.0723283 0.00409124 0.000225317 0.0842592 0.0271233 0.765941 0.0434681 9.9982E-05 9.9982E-05
9.9946E-05 0.00720602 9.9946E-05 9.9946E-05 9.9946E-05 0.0274122 0.889776 9.9946E-05 9.9946E-05 0.0750065
9.9964E-05 9.9964E-05 9.9964E-05 0.029374 0.048852 0.0297759 0.734381 0.101189 9.9964E-05 0.056029
9.9946E-05 9.9946E-05 9.9946E-05 0.0258968 9.9946E-05 9.9946E-05 0.872857 0.0177608 9.9946E-05 0.0828853
0.0136979 9.99371E-05 9.99371E-05 0.0743558 9.99371E-05 9.99371E-05 0.911247 9.99371E-05 9.99371E-05 9.99371E-05
9.9955E-05 9.9955E-05 0.0745625 9.9955E-05 0.0373291 0.0476211 0.822142 9.9955E-05 0.0178458 9.9955E-05
9.9964E-05 0.0447691 9.9964E-05 9.9964E-05 0.00885468 9.9964E-05 0.780659 0.140013 0.0116493 0.0136546
0.000802903 0.0543066 0.018443 0.0256272 0.0134891 0.0942215 0.688634 0.104276 9.9982E-05 9.9982E-05
0.130163 0.0143006 9.9946E-05 9.9946E-05 9.9946E-05 9.9946E-05 0.737956 9.9946E-05 9.9946E-05 0.116981
9.9946E-05 9.9946E-05 9.9946E-05 0.082857 9.9946E-05 9.9946E-05 0.806997 0.03084 9.9946E-05 0.0787064
0.00329727 9.9946E-05 0.289942 9.9946E-05 9.9946E-05 9.9946E-05 0.552591 0.15357 9.9946E-05 9.9946E-05
0.0457528 0.0194583 0.0252697 0.000959839 0.0843554 9.9982E-05 0.473905 0.285333 9.9982E-05 0.064766
9.9973E-05 0.048063 0.083358 9.9973E-05 0.0820237 9.9973E-05 0.593118 0.14933 0.0309741 0.0128337
9.9964E-05 9.9964E-05 0.00884263 9.9964E-05 0.0358768 0.0249962 0.646542 0.247703 0.0356395 9.9964E-05
9.9973E-05 0.070588 0.410101 9.9973E-05 0.0156569 0.113238 9.9973E-05 0.0483445 0.061495 0.280277
0.0475516 0.0136413 0.387719 9.9982E-05 0.102644 0.0429928 9.9982E-05 0.171737 0.0141709 0.219343
0.00824425 0.0779972 0.41997 9.9973E-05 9.9973E-05 0.108234 0.0792925 9.9973E-05 0.0404148 0.265547
9.9973E-05 0.0135077 0.487464 9.9973E-05 0.0375551 0.0788309 9.9973E-05 0.067991 0.0131394 0.301212
9.9973E-05 0.0539834 0.39299 9.9973E-05 0.0518404 0.0366315 0.211673 0.192181 9.9973E-05 0.060401
9.99201E-05 9.99201E-05 0.999101 9.99201E-05 9.99201E-05 9.99201E-05 9.99201E-05 9.99201E-05 9.99201E-05 9.99201E-05
9.99201E-05 9.99201E-05 0.999101 9.99201E-05 9.99201E-05 9.99201E-05 9.99201E-05 9.99201E-05 9.99201E-05 9.99201E-05
0.0389503 0.0407891 0.409974 9.9982E-05 0.0300712 0.0762662 0.363049 0.00163711 9.9982E-05 0.0390627
0.0113681 0.0267168 0.478038 0.0636058 0.0877785 0.0794699 0.0762146 0.0979666 9.9991E-05 0.0787415
0.00315439 0.0325888 0.301554 0.0698605 0.0130416 0.081918 0.311819 9.9991E-05 0.0464743 0.13949
9.9982E-05 0.0393654 0.397533 0.0518465 0.0666604 9.9982E-05 0.207075 0.198017 0.0151484 0.0241536
0.0353942 0.0435101 0.601036 0.0121366 9.9982E-05 0.0268236 0.19228 0.0710045 9.9982E-05 0.0176153
9.9955E-05 0.0169385 0.95769 0.00950876 0.0137832 9.9955E-05 9.9955E-05 0.00157948 9.9955E-05 9.9955E-05
0.0471222 9.9973E-05 0.324021 0.0331524 0.00129137 0.0412524 0.190666 0.362194 9.9973E-05 9.9973E-05
0.0349288 9.9982E-05 0.261285 0.054761 0.0179964 0.0485827 0.222779 0.35095 0.00851653 9.9982E-05
9.9982E-05 0.0676909 0.546908 9.9982E-05 0.00211568 0.079831 0.0481484 0.108678 0.0251316 0.121296
0.0165839 0.0558041 0.328366 0.082694 0.074653 0.0218161 0.167269 0.233677 9.9991E-05 0.0190373
0.0442065 9.9982E-05 0.483543 9.9982E-05 0.0961724 0.0352837 0.124922 0.0976656 0.0274067 0.0906003
9.99201E-05 9.99201E-05 0.999101 9.99201E-05 9.99201E-05 9.99201E-05 9.99201E-05 9.99201E-05 9.99201E-05 9.99201E-05
0.0233714 0.00825112 0.413944 0.0488737 0.0962756 9.9991E-05 0.154819 0.232836 0.00632247 0.0152067
9.9946E-05 9.9946E-05 0.604861 9.9946E-05 0.126454 0.0561241 0.211962 9.9946E-05 9.9946E-05 9.9946E-05
9.9982E-05 9.9982E-05 0.67852 0.00390009 0.0603732 0.124042 0.0478911 0.0602682 0.0171401 0.00766566
0.000108018 0.065541 0.494011 0.0244184 0.0407589 0.0416933 0.138408 0.144078 0.0436161 0.00736764
0.103822 0.0400912 0.853825 9.9946E-05 9.9946E-05 9.9946E-05 9.9946E-05 9.9946E-05 0.00166191 9.9946E-05
9.9973E-05 9.9973E-05 0.630363 9.9973E-05 0.0358997 0.0410976 0.106389 0.116152 0.0123157 0.0574836
0.10265 0.014409 0.860946 9.9955E-05 9.9955E-05 0.00381346 9.9955E-05 9.9955E-05 0.0176821 9.9955E-05
9.9937E-05 9.9937E-05 0.603881 9.9937E-05 9.9937E-05 9.9937E-05 9.9937E-05 0.364711 0.030709 9.9937E-05
0.0979818 0.0422995 0.768113 0.0182253 9.9964E-05 0.0403836 9.9964E-05 9.9964E-05 0.0325968 9.9964E-05
0.0161676 0.024532 0.405612 9.9982E-05 0.0758598 0.0539112 0.233048 0.0797377 9.9982E-05 0.110932
0.0664845 0.0145077 0.846641 9.9946E-05 9.9946E-05 0.0717668 9.9946E-05 9.9946E-05 9.9946E-05 9.9946E-05
9.998E-05 0.0729804 0.523028 0.026731 9.998E-05 0.0357602 0.0822964 0.117085 0.0634457 0.0784739
0.0163968 0.0764922 0.47228 9.9991E-05 0.0209145 0.0579268 0.0620253 0.234206 0.0511757 0.00848229
9.9946E-05 9.9946E-05 0.829057 0.0628133 9.9946E-05 9.9946E-05 0.0416606 0.0658695 9.9946E-05 9.9946E-05
9.9946E-05 9.9946E-05 0.827459 0.0503 0.0360097 9.9946E-05 9.9946E-05 0.0856316 9.9946E-05 9.9946E-05
0.0120747 0.0112625 0.408103 0.0349984 0.0259605 0.0958018 0.0349518 0.376647 9.9982E-05 9.9982E-05
0.0318772 9.9973E-05 0.6543 9.9973E-05 0.0883677 0.0150683 0.0109239 0.188172 0.0109908 9.9973E-05
0.011252 0.0416128 0.690519 9.9973E-05 9.9973E-05 0.00583325 9.9973E-05 0.200322 0.0393847 0.0107764
0.0722875 0.0168585 0.48459 0.0469134 9.998E-05 0.0505664 9.998E-05 0.16402 0.111829 0.0527344
9.99371E-05 9.99371E-05 9.99371E-05 9.99371E-05 0.0448736 9.99371E-05 9.99371E-05 0.930754 9.99371E-05 0.0236732
9.99201E-05 9.99201E-05 9.99201E-05 9.99201E-05 9.99201E-05 9.99201E-05 9.99201E-05 0.999101 9.99201E-05 9.99201E-05
9.99281E-05 0.0306453 9.99281E-05 9.99281E-05 9.99281E-05 9.99281E-05 9.99281E-05 0.968555 9.99281E-05 9.99281E-05
9.99281E-05 9.99281E-05 0.028892 9.99281E-05 9.99281E-05 9.99281E-05 9.99281E-05 0.970309 9.99281E-05 9.99281E-05
9.9937E-05 0.00880058 9.9937E-05 9.9937E-05 9.9937E-05 9.9937E-05 0.00248252 0.988017 9.9937E-05 9.9937E-05
9.9973E-05 9.9973E-05 0.0790828 9.9973E-05 0.0723951 0.0582142 0.111283 0.509169 0.0716665 0.097889
0.00182098 0.0634836 0.139398 0.00282871 0.0154966 9.9991E-05 0.0135392 0.579234 0.0921011 0.0919978
9.9973E-05 0.0853516 0.0850833 9.9973E-05 0.0125876 0.0310831 9.9973E-05 0.561056 0.104023 0.120516
0.0171666 0.0718159 0.100533 0.0408857 0.0449339 0.0475746 0.141448 0.457753 0.0207728 0.0571156
9.998E-05 9.998E-05 0.102309 0.00433505 0.0324813 0.079771 0.115775 0.512091 0.104276 0.0487624
0.0327946 0.0180747 0.114479 9.998E-05 0.0227665 0.0691109 9.998E-05 0.544638 0.119577 0.078359
9.9982E-05 0.1086 0.151924 0.00894261 0.0928772 0.126178 0.0802828 0.356207 0.0747884 9.9982E-05
0.220247 0.0590105 0.287062 0.00800624 9.9982E-05 0.0585476 9.9982E-05 0.172024 0.0932648 0.101638
0.199777 0.0581655 0.296705 0.00439182 9.9982E-05 0.0840364 9.9982E-05 0.190889 0.048304 0.117531
9.999E-05 0.0812504 0.147227 0.00740504 0.173105 0.0554471 0.0278331 0.294959 0.179087 0.0335857
9.9937E-05 0.000853752 9.9937E-05 9.9937E-05 9.9937E-05 9.9937E-05 9.9937E-05 0.0109442 0.987503 9.9937E-05
0.0171416 0.00489461 0.015089 0.0149134 9.9982E-05 0.00703995 9.9982E-05 0.0259211 0.909852 0.00494802
0.0216 9.9964E-05 0.043878 0.00838231 9.9964E-05 9.9964E-05 0.0487865 0.0616626 0.815291 9.9964E-05
9.99201E-05 9.99201E-05 9.99201E-05 9.99201E-05 9.99201E-05 9.99201E-05 9.99201E-05 9.99201E-05 0.999101 9.99201E-05
9.99201E-05 9.99201E-05 9.99201E-05 9.99201E-05 9.99201E-05 9.99201E-05 9.99201E-05 9.99201E-05 0.999101 9.99201E-05
9.99201E-05 9.99201E-05 9.99201E-05 9.99201E-05 9.99201E-05 9.99201E-05 9.99201E-05 9.99201E-05 0.999101 9.99201E-05
0.00300054 9.99281E-05 9.99281E-05 9.99281E-05 9.99281E-05 9.99281E-05 9.99281E-05 9.99281E-05 0.9962 9.99281E-05
9.9955E-05 0.036675 0.015086 9.9955E-05 9.9955E-05 9.9955E-05 0.0558429 9.9955E-05 0.866357 0.0255396
9.99371E-05 9.99371E-05 9.99371E-05 9.99371E-05 0.0324677 9.99371E-05 9.99371E-05 9.99371E-05 0.966726 0.00010685
9.99201E-05 9.99201E-05 9.99201E-05 9.99201E-05 9.99201E-05 9.99201E-05 9.99201E-05 9.99201E-05 0.999101 9.99201E-05
0.0518235 0.085164 0.00861201 9.9982E-05 0.0900567 0.235324 0.0964799 0.354709 0.077631 9.9982E-05
0.00632961 9.9946E-05 0.0739351 9.9946E-05 9.9946E-05 0.00108284 9.9946E-05 9.9946E-05 0.918053 9.9946E-05
9.9946E-05 9.9946E-05 9.9946E-05 0.00662633 0.00280483 9.9946E-05 9.9946E-05 0.00473209 0.985237 9.9946E-05
9.9955E-05 9.9955E-05 9.9955E-05 0.00630051 0.0123855 0.0285088 9.9955E-05 0.00270826 0.949597 9.9955E-05
9.99201E-05 9.99201E-05 9.99201E-05 9.99201E-05 9.99201E-05 9.99201E-05 9.99201E-05 0.999101 9.99201E-05 9.99201E-05
9.99201E-05 9.99201E-05 9.99201E-05 9.99201E-05 9.99201E-05 9.99201E-05 9.99201E-05 0.999101 9.99201E-05 9.99201E-05
9.99201E-05 9.99201E-05 9.99201E-05 9.99201E-05 9.99201E-05 9.99201E-05 9.99201E-05 0.999101 9.99201E-05 9.99201E-05
9.9937E-05 9.9937E-05 9.9937E-05 9.9937E-05 9.9937E-05 0.000230516 9.9937E-05 0.986967 0.0121027 9.9937E-05
0.0339925 0.0192201 9.9955E-05 9.9955E-05 0.0379668 0.0643782 9.9955E-05 0.843943 9.9955E-05 9.9955E-05
0.0818275 9.9955E-05 9.9955E-05 9.9955E-05 9.9955E-05 0.0626588 0.117012 0.736564 9.9955E-05 0.00143781
0.0593417 0.00134345 9.9973E-05 0.0024328 9.9973E-05 0.0315172 0.0985052 0.7232 0.0833596 9.9973E-05
0.051004 9.9964E-05 0.017379 9.9964E-05 0.0131367 0.0701609 9.9964E-05 0.836233 0.0116863 9.9964E-05
0.0165581 0.0124848 9.9955E-05 9.9955E-05 0.00779665 9.9955E-05 9.9955E-05 0.878261 0.0843998 9.9955E-05
0.036231 9.9946E-05 9.9946E-05 9.9946E-05 9.9946E-05 9.9946E-05 0.0122643 0.906627 0.0442782 9.9946E-05
0.0337787 0.0321124 9.9982E-05 9.9982E-05 0.042345 0.0442778 0.0902151 0.727543 0.0128115 0.0167165
0.0623346 0.0123329 9.9955E-05 9.9955E-05 0.0116378 9.9955E-05 9.9955E-05 0.813578 0.0996164 9.9955E-05
0.0613349 0.0562568 0.0541462 0.0194319 0.050498 0.0893133 9.9982E-05 0.666342 9.9982E-05 0.00247694
0.0226014 0.0331643 0.00440978 0.0094746 0.0349506 0.140645 9.9991E-05 0.691624 0.0239043 0.0391256
0.00299845 0.027301 0.0228352 9.9964E-05 0.0260659 0.90346 9.9964E-05 0.01694 9.9964E-05 9.9964E-05
0.0232825 9.9973E-05 0.0016979 9.9973E-05 0.0719853 0.851366 0.00983757 9.9973E-05 0.0231214 0.0184096
9.99201E-05 9.99201E-05 9.99201E-05 9.99201E-05 9.99201E-05 0.999101 9.99201E-05 9.99201E-05 9.99201E-05 9.99201E-05
9.9946E-05 9.9946E-05 0.000278491 9.9946E-05 0.00273876 0.990893 9.9946E-05 9.9946E-05 0.00548961 9.9946E-05
9.9928E-05 9.9928E-05 9.9928E-05 9.9928E-05 9.9928E-05 0.956639 9.9928E-05 0.0425616 9.9928E-05 9.9928E-05
9.9928E-05 9.9928E-05 9.9928E-05 9.9928E-05 9.9928E-05 0.982923 9.9928E-05 0.0162779 9.9928E-05 9.9928E-05
0.0259737 9.9946E-05 9.9946E-05 9.9946E-05 9.9946E-05 0.938498 0.0311603 9.9946E-05 9.9946E-05 0.00376827
0.105333 0.00333955 0.0830153 0.0515657 9.9955E-05 0.756247 9.9955E-05 9.9955E-05 9.9955E-05 9.9955E-05
9.9946E-05 0.00589639 0.0216372 9.9946E-05 0.00310109 0.968766 9.9946E-05 9.9946E-05 9.9946E-05 9.9946E-05
9.99201E-05 9.99201E-05 9.99201E-05 9.99201E-05 9.99201E-05 0.999101 9.99201E-05 9.99201E-05 9.99201E-05 9.99201E-05
0.0685458 0.0110973 9.9955E-05 9.9955E-05 9.9955E-05 0.84609 9.9955E-05 9.9955E-05 0.0353262 0.0384407
9.99281E-05 9.99281E-05 9.99281E-05 9.99281E-05 0.0268617 0.972339 9.99281E-05 9.99281E-05 9.99281E-05 9.99281E-05
0.0261712 0.105862 0.104049 0.0108477 0.00322145 0.707409 9.9973E-05 0.0421398 9.9973E-05 9.9973E-05
9.99201E-05 0.999101 9.99201E-05 9.99201E-05 9.99201E-05 9.99201E-05 9.99201E-05 9.99201E-05 9.99201E-05 9.99201E-05
0.0153831 0.0585395 0.0826729 9.998E-05 0.00751696 0.106344 9.998E-05 0.548607 0.0865095 0.0942266
9.99201E-05 0.999101 9.99201E-05 9.99201E-05 9.99201E-05 9.99201E-05 9.99201E-05 9.99201E-05 9.99201E-05 9.99201E-05
9.99201E-05 0.999101 9.99201E-05 9.99201E-05 9.99201E-05 9.99201E-05 9.99201E-05 9.99201E-05 9.99201E-05 9.99201E-05
0.0749696 0.924231 9.99281E-05 9.99281E-05 9.99281E-05 9.99281E-05 9.99281E-05 9.99281E-05 9.99281E-05 9.99281E-05
0.0444512 0.735926 0.00857402 0.00214885 0.0466089 0.0647158 0.0453734 0.0520016 9.9982E-05 9.9982E-05
9.99201E-05 0.999101 9.99201E-05 9.99201E-05 9.99201E-05 9.99201E-05 9.99201E-05 9.99201E-05 9.99201E-05 9.99201E-05
0.0662737 0.847604 9.995E-05 0.0282638 9.995E-05 0.0255288 9.995E-05 0.0318295 9.995E-05 9.995E-05
0.000413565 0.998787 9.99281E-05 9.99281E-05 9.99281E-05 9.99281E-05 9.99281E-05 9.99281E-05 9.99281E-05 9.99281E-05
9.9973E-05 0.895348 0.0115878 9.9973E-05 0.0117622 0.0313452 0.0254235 0.0120794 0.0121542 9.9973E-05
9.99201E-05 0.999101 9.99201E-05 9.99201E-05 9.99201E-05 9.99201E-05 9.99201E-05 9.99201E-05 9.99201E-05 9.99201E-05
9.99281E-05 0.990918 9.99281E-05 9.99281E-05 0.0082827 9.99281E-05 9.99281E-05 9.99281E-05 9.99281E-05 9.99281E-05
9.995E-05 0.933246 9.995E-05 9.995E-05 9.995E-05 0.041667 0.0101533 9.995E-05 0.0116211 0.0028125
0.0239677 0.789719 0.0355796 9.9973E-05 0.0629639 0.0148165 9.9973E-05 9.9973E-05 0.0418223 0.0308314
0.0106966 0.967638 0.0079329 9.9955E-05 0.00950527 9.9955E-05 9.9955E-05 0.00372796 9.9955E-05 9.9955E-05
0.0112985 0.857804 0.0328288 0.0210683 0.0110623 0.0114103 9.998E-05 0.0200395 0.0342888 9.998E-05
9.9964E-05 0.892584 0.029531 0.00467025 0.0288936 0.029731 9.9964E-05 9.9964E-05 0.0141899 9.9964E-05
0.00249745 0.869077 0.028499 0.012586 0.0598401 9.9982E-05 9.9982E-05 0.00754327 0.00178642 0.0179711
0.00400895 0.904539 0.0351468 9.996E-05 9.996E-05 0.0214638 9.996E-05 0.0289932 0.00544875 9.996E-05
0.105566 0.0532812 0.0829032 0.0393424 0.254256 0.0275669 0.0264876 0.405009 0.00548738 9.999E-05
0.112983 0.0366567 0.0278002 0.072303 0.197021 0.045897 0.0171262 0.444441 0.0456726 9.9991E-05
0.0919287 0.0536421 0.091689 0.0458719 0.262428 0.0262201 0.00130765 0.369287 0.0575256 9.999E-05
0.0821345 0.0620093 0.1183 0.0534371 0.23375 9.9973E-05 9.9973E-05 0.422994 0.0270752 9.9973E-05
0.897868 9.9955E-05 0.00329232 9.9955E-05 0.0313443 0.0412693 0.0257259 9.9955E-05 9.9955E-05 9.9955E-05
0.999101 9.99201E-05 9.99201E-05 9.99201E-05 9.99201E-05 9.99201E-05 9.99201E-05 9.99201E-05 9.99201E-05 9.99201E-05
0.955293 9.9937E-05 9.9937E-05 9.9937E-05 0.0417688 9.9937E-05 9.9937E-05 0.00223898 9.9937E-05 9.9937E-05
0.999101 9.99201E-05 9.99201E-05 9.99201E-05 9.99201E-05 9.99201E-05 9.99201E-05 9.99201E-05 9.99201E-05 9.99201E-05
0.97039 9.9955E-05 0.000782289 9.9955E-05 0.0127411 9.9955E-05 9.9955E-05 0.00651083 0.00907576 9.9955E-05
0.966386 9.994E-05 9.994E-05 9.994E-05 0.000523322 9.994E-05 9.994E-05 0.0263898 0.00610166 9.994E-05
0.935789 0.0107302 0.015639 9.9973E-05 0.00665518 0.00983026 9.9973E-05 9.9973E-05 0.0137059 0.00735052
0.740111 9.9982E-05 0.0163715 0.0143035 0.0165569 0.0583738 0.085605 0.0623982 0.00607998 9.9982E-05
0.857838 0.0324262 0.0409935 9.9955E-05 9.9955E-05 9.9955E-05 0.0412696 0.0269728 9.9955E-05 9.9955E-05
9.9955E-05 0.000145166 9.9955E-05 9.9955E-05 0.957706 9.9955E-05 0.00654892 0.0305706 9.9955E-05 0.00452958
9.99201E-05 9.99201E-05 9.99201E-05 9.99201E-05 0.999101 9.99201E-05 9.99201E-05 9.99201E-05 9.99201E-05 9.99201E-05
9.99201E-05 9.99201E-05 9.99201E-05 9.99201E-05 0.999101 9.99201E-05 9.99201E-05 9.99201E-05 9.99201E-05 9.99201E-05
0.00607766 0.00939469 9.9946E-05 9.9946E-05 0.979261 9.9946E-05 9.9946E-05 9.9946E-05 9.9946E-05 0.00466701
9.99201E-05 9.99201E-05 9.99201E-05 9.99201E-05 0.999101 9.99201E-05 9.99201E-05 9.99201E-05 9.99201E-05 9.99201E-05
9.9946E-05 9.9946E-05 0.00759803 0.0170835 0.90205 9.9946E-05 9.9946E-05 0.072669 9.9946E-05 9.9946E-05
9.99201E-05 9.99201E-05 9.99201E-05 9.99201E-05 0.999101 9.99201E-05 9.99201E-05 9.99201E-05 9.99201E-05 9.99201E-05
9.99201E-05 9.99201E-05 9.99201E-05 9.99201E-05 0.999101 9.99201E-05 9.99201E-05 9.99201E-05 9.99201E-05 9.99201E-05
9.99201E-05 9.99201E-05 9.99201E-05 9.99201E-05 0.999101 9.99201E-05 9.99201E-05 9.99201E-05 9.99201E-05 9.99201E-05
9.9964E-05 0.00110737 0.0243182 0.00358964 0.957789 0.00534279 9.9964E-05 9.9964E-05 0.00745322 9.9964E-05
9.99201E-05 9.99201E-05 9.99201E-05 9.99201E-05 0.999101 9.99201E-05 9.99201E-05 9.99201E-05 9.99201E-05 9.99201E-05
0.00492427 0.04097 9.9955E-05 9.9955E-05 0.937941 9.9955E-05 0.00382958 9.9955E-05 9.9955E-05 0.0118354
