9.99201E-05 9.99201E-05 9.99201E-05 9.99201E-05 9.99201E-05 9.99201E-05 9.99201E-05 0.999101 9.99201E-05 9.99201E-05
9.9946E-05 9.9946E-05 9.9946E-05 0.597407 9.9946E-05 9.9946E-05 0.0515846 0.243235 9.9946E-05 0.107174
9.9946E-05 9.9946E-05 9.9946E-05 0.599129 9.9946E-05 9.9946E-05 0.106595 0.229239 9.9946E-05 0.0644375
9.99461E-05 9.99461E-05 0.0771461 0.739281 9.99461E-05 9.99461E-05 9.99461E-05 0.179318 0.00365482 9.99461E-05
0.0373284 0.0106103 0.126021 0.674317 9.9967E-05 0.0651665 9.9967E-05 0.0861567 9.9967E-05 9.9967E-05
9.9973E-05 9.9973E-05 0.121807 0.651497 0.0741746 9.9973E-05 0.0102098 0.126065 0.00205378 0.0138933
9.99281E-05 9.99281E-05 9.99281E-05 0.745493 9.99281E-05 9.99281E-05 9.99281E-05 0.253708 9.99281E-05 9.99281E-05
9.9955E-05 9.9955E-05 0.108163 0.558858 9.9955E-05 9.9955E-05 0.0465486 0.266444 9.9955E-05 0.0194874
9.9973E-05 9.9973E-05 0.0443213 0.621839 0.0439253 0.0314773 0.0581781 0.177011 9.9973E-05 0.0229479
9.99201E-05 9.99201E-05 9.99201E-05 9.99201E-05 9.99201E-05 9.99201E-05 9.99201E-05 0.999101 9.99201E-05 9.99201E-05
9.99201E-05 9.99201E-05 9.99201E-05 9.99201E-05 9.99201E-05 9.99201E-05 9.99201E-05 0.999101 9.99201E-05 9.99201E-05
9.99201E-05 9.99201E-05 9.99201E-05 9.99201E-05 9.99201E-05 9.99201E-05 9.99201E-05 0.999101 9.99201E-05 9.99201E-05
9.9928E-05 9.9928E-05 9.9928E-05 9.9928E-05 9.9928E-05 9.9928E-05 9.9928E-05 0.997797 9.9928E-05 0.00140348
0.0822832 9.9946E-05 0.00384459 9.9946E-05 9.9946E-05 0.0138898 9.9946E-05 0.899383 9.9946E-05 9.9946E-05
9.9937E-05 0.014414 0.0120066 9.9937E-05 9.9937E-05 9.9937E-05 9.9937E-05 0.97288 9.9937E-05 9.9937E-05
9.9973E-05 0.00973787 0.194886 0.523948 0.00832557 0.056395 9.9973E-05 0.154608 9.9973E-05 0.0517998
0.0875418 0.012167 0.111391 0.277059 9.9991E-05 0.062995 0.0672004 0.221691 0.113959 0.0458955
9.9964E-05 9.9964E-05 0.0920532 0.732951 0.0106468 9.9964E-05 0.0295371 0.129883 9.9964E-05 0.0045284
0.0613987 9.9955E-05 9.9955E-05 0.844191 9.9955E-05 0.0456729 9.9955E-05 9.9955E-05 0.0277137 0.0205242
0.032375 0.00818847 9.9946E-05 0.918848 9.9946E-05 9.9946E-05 9.9946E-05 9.9946E-05 0.0399885 9.9946E-05
9.9955E-05 9.9955E-05 9.9955E-05 0.897365 0.00704505 0.00725955 9.9955E-05 0.00968002 0.0781505 9.9955E-05
0.115374 0.0121536 0.053618 0.740132 0.018282 9.9964E-05 0.0600403 9.9964E-05 9.9964E-05 9.9964E-05
0.0892666 9.9946E-05 9.9946E-05 0.781453 9.9946E-05 9.9946E-05 0.022492 9.9946E-05 0.106189 9.9946E-05
0.0184041 0.0625971 9.9937E-05 0.918299 9.9937E-05 9.9937E-05 9.9937E-05 9.9937E-05 9.9937E-05 9.9937E-05
9.9964E-05 0.0204397 0.128845 0.821303 0.00989051 0.0159188 9.9964E-05 9.9964E-05 9.9964E-05 0.0032032
9.9964E-05 0.0478324 0.143847 0.622451 0.105993 0.0729454 9.9964E-05 9.9964E-05 0.00653126 9.9964E-05
0.0487915 9.9964E-05 0.0852405 0.636421 9.9964E-05 0.109908 0.085783 9.9964E-05 0.0334562 9.9964E-05
9.9955E-05 0.00717328 0.0565422 0.927499 9.9955E-05 9.9955E-05 0.00734907 9.9955E-05 9.9955E-05 0.000936589
0.0221451 0.0620328 0.00540166 0.742915 0.0124009 0.0227159 0.0167474 0.0292283 0.0863127 9.9991E-05
9.9937E-05 9.9937E-05 9.9937E-05 0.822256 0.136438 9.9937E-05 9.9937E-05 0.0406064 9.9937E-05 9.9937E-05
0.0454031 9.9955E-05 9.9955E-05 0.809476 9.9955E-05 0.0140748 9.9955E-05 0.0374116 0.0931342 9.9955E-05
0.0154922 0.0835863 0.0512371 0.755337 0.00650947 0.0553026 0.00892017 9.9982E-05 9.9982E-05 0.0234156
9.9964E-05 0.00647918 9.9964E-05 0.741482 0.0682599 0.031926 0.0540342 9.9964E-05 0.0974193 9.9964E-05
0.0160846 0.140792 0.033891 0.612093 0.0423386 0.0226337 0.073631 0.0307977 0.0256617 0.00207687
0.107654 9.9946E-05 9.9946E-05 0.717796 9.9946E-05 9.9946E-05 0.0228214 9.9946E-05 0.15113 9.9946E-05
9.9946E-05 0.0072812 9.9946E-05 0.798654 0.138573 9.9946E-05 9.9946E-05 0.054892 9.9946E-05 9.9946E-05
0.0331634 9.9955E-05 0.311382 0.515308 0.048958 9.9955E-05 9.9955E-05 9.9955E-05 0.0906881 9.9955E-05
0.0678901 0.0108737 0.057949 0.54971 0.0522059 0.0630962 0.0318253 9.9982E-05 0.16625 9.9982E-05
9.9973E-05 9.9973E-05 0.107347 0.505391 0.0818582 0.0841911 0.0757667 9.9973E-05 0.136514 0.008631
0.00776469 0.0233906 0.0501249 0.602823 0.0194494 0.0475526 9.9973E-05 9.9973E-05 0.248595 9.9973E-05
9.9973E-05 0.089811 0.621249 0.112408 9.9973E-05 0.0370542 0.0317712 9.9973E-05 0.000691832 0.106715
0.0154647 0.067681 0.602693 0.0703308 0.0533752 0.0953511 0.0782545 9.9982E-05 0.0166502 9.9982E-05
9.9964E-05 0.0646401 0.509023 0.237852 9.9964E-05 9.9964E-05 0.0883432 0.0448266 9.9964E-05 0.054915
9.9973E-05 0.0658656 0.677234 0.0820314 0.0261459 0.0512758 0.0347817 9.9973E-05 9.9973E-05 0.0623661
0.0159537 0.0308207 0.475992 0.221678 0.067838 0.0578259 0.0605233 9.9982E-05 0.0691682 9.9982E-05
9.99201E-05 9.99201E-05 0.999101 9.99201E-05 9.99201E-05 9.99201E-05 9.99201E-05 9.99201E-05 9.99201E-05 9.99201E-05
9.99201E-05 9.99201E-05 0.999101 9.99201E-05 9.99201E-05 9.99201E-05 9.99201E-05 9.99201E-05 9.99201E-05 9.99201E-05
0.0217347 0.0584569 0.388671 0.40731 0.0126543 0.0603402 0.0408702 9.9982E-05 0.00976291 9.9982E-05
0.024155 0.0734131 0.448413 0.177102 0.0335177 0.0811257 0.0396203 0.0767408 0.0458132 9.9991E-05
9.999E-05 0.0555869 0.310438 0.401025 0.0476885 0.00736363 0.0182641 0.0637185 0.0773969 0.018418
9.9964E-05 9.9964E-05 0.435993 0.207311 9.9964E-05 0.0364074 0.0687481 0.0459176 0.205223 9.9964E-05
0.0216114 0.0210243 0.612744 0.157825 0.0758615 0.0343792 0.0675343 0.00882039 9.9982E-05 9.9982E-05
9.9946E-05 9.9946E-05 0.876982 9.9946E-05 0.0282031 0.0767201 0.017495 9.9946E-05 9.9946E-05 9.9946E-05
0.0986888 0.0443858 0.307756 0.186303 0.106648 0.0271837 9.9982E-05 0.031032 0.197803 9.9982E-05
0.0297646 0.027415 0.279994 0.159194 0.135377 0.0397022 0.0245326 0.0387639 0.265157 9.9991E-05
9.9982E-05 0.0782918 0.534287 0.188075 0.00318004 0.0168382 0.106987 9.9982E-05 0.0454356 0.0267053
0.0526928 0.017009 0.257582 0.243865 9.9982E-05 0.0477953 0.0453027 0.0824972 0.253056 9.9982E-05
0.0169236 0.0227255 0.452922 0.274316 0.0441791 0.0914816 9.9982E-05 9.9982E-05 0.0665832 0.0306685
9.9928E-05 9.9928E-05 0.976047 9.9928E-05 9.9928E-05 9.9928E-05 0.0231541 9.9928E-05 9.9928E-05 9.9928E-05
9.9964E-05 9.9964E-05 0.308548 0.23938 9.9964E-05 0.158445 0.00851765 0.0343697 0.250339 9.9964E-05
0.0499104 0.0760577 0.587682 0.186299 9.9955E-05 0.0995512 9.9955E-05 9.9955E-05 9.9955E-05 9.9955E-05
9.9982E-05 0.086062 0.665484 0.0192351 0.0338998 0.0113727 9.9982E-05 0.0395297 0.12786 0.0163565
0.010529 0.0107196 0.515242 0.140365 0.0788819 0.0564271 0.060719 0.00610136 0.0713295 0.0496856
0.035186 0.0485123 0.884761 9.9955E-05 9.9955E-05 9.9955E-05 0.0245478 9.9955E-05 9.9955E-05 0.00649302
9.9964E-05 0.0354073 0.640224 0.0604883 9.9964E-05 0.0573484 9.9964E-05 0.0198479 0.186285 9.9964E-05
0.0477987 0.000465359 0.944508 9.9955E-05 9.9955E-05 9.9955E-05 0.006078 9.9955E-05 9.9955E-05 0.000650388
9.9955E-05 0.0124973 0.639571 9.9955E-05 0.0953571 9.9955E-05 9.9955E-05 9.9955E-05 0.196956 0.0551187
0.100217 0.0628228 0.815761 9.9955E-05 9.9955E-05 9.9955E-05 9.9955E-05 0.00364396 9.9955E-05 0.0170549
0.0182135 0.0158459 0.482419 0.285603 0.0777506 0.0439355 0.0175955 9.9991E-05 0.0395749 0.0189623
0.06528 0.029694 0.902923 9.9946E-05 9.9946E-05 9.9946E-05 0.00150295 9.9946E-05 9.9946E-05 9.9946E-05
9.9982E-05 0.0433786 0.61601 0.10142 0.026261 9.9982E-05 0.0594966 0.0260079 0.0617909 0.0654347
9.9973E-05 0.0300066 0.538466 0.0857522 0.053157 9.9973E-05 0.0380523 9.9973E-05 0.23209 0.0221756
9.9946E-05 9.9946E-05 0.833209 9.9946E-05 9.9946E-05 0.0274357 9.9946E-05 0.0783862 0.0603696 9.9946E-05
9.9964E-05 9.9964E-05 0.80929 0.00438939 0.0406612 0.0404349 9.9964E-05 0.0453464 0.0594779 9.9964E-05
9.9973E-05 0.0890197 0.453392 9.9973E-05 0.1218 0.0208547 0.0204011 0.069815 0.224417 9.9973E-05
0.0172693 0.00268584 0.660769 9.9982E-05 0.0494973 0.10045 9.9982E-05 0.00311305 0.136043 0.0299726
0.014158 9.9973E-05 0.690205 0.0330951 0.0627807 9.9973E-05 0.024939 9.9973E-05 0.16419 0.0103319
0.0578091 0.0514453 0.503882 0.000989382 0.0284345 9.9982E-05 0.0129846 9.9982E-05 0.265351 0.0789042
0.00060785 9.9937E-05 9.9937E-05 9.9937E-05 0.98291 0.0157824 9.9937E-05 9.9937E-05 9.9937E-05 9.9937E-05
9.99201E-05 9.99201E-05 9.99201E-05 9.99201E-05 0.999101 9.99201E-05 9.99201E-05 9.99201E-05 9.99201E-05 9.99201E-05
9.9928E-05 9.9928E-05 9.9928E-05 9.9928E-05 0.985414 9.9928E-05 9.9928E-05 0.0137868 9.9928E-05 9.9928E-05
9.99201E-05 9.99201E-05 9.99201E-05 9.99201E-05 0.999101 9.99201E-05 9.99201E-05 9.99201E-05 9.99201E-05 9.99201E-05
9.9928E-05 9.9928E-05 9.9928E-05 9.9928E-05 0.98931 9.9928E-05 0.00989074 9.9928E-05 9.9928E-05 9.9928E-05
9.9982E-05 0.0640242 0.0971801 0.182383 0.246703 0.0398566 9.9982E-05 0.0385935 0.263177 0.0678824
9.9982E-05 0.0662652 0.174049 0.107471 0.239644 9.9982E-05 0.0472739 0.0140216 0.214791 0.136284
9.999E-05 0.0078304 0.135125 0.0884223 0.204922 0.0273414 0.113693 0.0167384 0.273328 0.1325
0.00321967 0.0667823 0.133393 0.195342 0.170107 0.0194313 0.0687358 0.0408974 0.260353 0.0417388
9.9982E-05 0.0851114 0.148775 0.14694 0.257957 0.0649832 9.9982E-05 0.00337683 0.20415 0.0885066
0.0195643 0.0341478 0.307272 0.0501933 0.204376 0.0359988 0.0541122 9.9991E-05 0.225724 0.0685119
0.0017463 0.137692 0.230935 0.0332645 0.163228 0.132141 0.0924711 0.0157522 0.120895 0.0718744
0.180929 0.0817998 0.337434 0.0668934 9.9982E-05 9.9982E-05 0.0438232 0.0277467 0.209798 0.0513756
0.170812 0.037891 0.308643 0.0542034 9.9982E-05 9.9982E-05 0.0632325 0.0225616 0.280121 0.0623344
9.999E-05 0.0115421 0.185738 0.06394 0.0171884 0.190188 0.0551437 0.0146932 0.29829 0.163177
9.99201E-05 9.99201E-05 9.99201E-05 9.99201E-05 9.99201E-05 9.99201E-05 9.99201E-05 9.99201E-05 9.99201E-05 0.999101
0.0255726 0.0107595 0.00361471 9.9973E-05 0.00414187 0.00412554 9.9973E-05 0.0174691 9.9973E-05 0.934017
0.0519529 0.00814001 0.00913487 9.9982E-05 9.9982E-05 0.0199046 0.00183061 0.0217172 0.058536 0.828584
9.99281E-05 9.99281E-05 9.99281E-05 9.99281E-05 9.99281E-05 9.99281E-05 0.00883148 9.99281E-05 9.99281E-05 0.990369
9.99201E-05 9.99201E-05 9.99201E-05 9.99201E-05 9.99201E-05 9.99201E-05 9.99201E-05 9.99201E-05 9.99201E-05 0.999101
9.99201E-05 9.99201E-05 9.99201E-05 9.99201E-05 9.99201E-05 9.99201E-05 9.99201E-05 9.99201E-05 9.99201E-05 0.999101
9.99371E-05 9.99371E-05 9.99371E-05 0.00398971 9.99371E-05 9.99371E-05 0.00384555 9.99371E-05 9.99371E-05 0.991465
0.00221041 9.99551E-05 9.99551E-05 0.0614604 0.0390807 9.99551E-05 0.0054854 9.99551E-05 9.99551E-05 0.891263
9.99201E-05 9.99201E-05 9.99201E-05 9.99201E-05 9.99201E-05 9.99201E-05 9.99201E-05 9.99201E-05 9.99201E-05 0.999101
9.99201E-05 9.99201E-05 9.99201E-05 9.99201E-05 9.99201E-05 9.99201E-05 9.99201E-05 9.99201E-05 9.99201E-05 0.999101
0.0486146 0.224754 0.0204679 0.0921359 0.0668194 0.068277 0.0653735 9.9991E-05 0.347186 0.0662724
0.0219843 9.9937E-05 0.0566867 9.9937E-05 9.9937E-05 9.9937E-05 9.9937E-05 9.9937E-05 9.9937E-05 0.920629
9.9955E-05 9.9955E-05 9.9955E-05 9.9955E-05 0.00750288 0.0252092 0.00197813 0.00611872 9.9955E-05 0.958691
9.9937E-05 9.9937E-05 9.9937E-05 9.9937E-05 9.9937E-05 9.9937E-05 9.9937E-05 0.00628244 0.0582571 0.934761
9.99201E-05 9.99201E-05 9.99201E-05 9.99201E-05 9.99201E-05 9.99201E-05 9.99201E-05 9.99201E-05 0.999101 9.99201E-05
9.99201E-05 9.99201E-05 9.99201E-05 9.99201E-05 9.99201E-05 9.99201E-05 9.99201E-05 9.99201E-05 0.999101 9.99201E-05
9.99201E-05 9.99201E-05 9.99201E-05 9.99201E-05 9.99201E-05 9.99201E-05 9.99201E-05 9.99201E-05 0.999101 9.99201E-05
9.99201E-05 9.99201E-05 9.99201E-05 9.99201E-05 9.99201E-05 9.99201E-05 9.99201E-05 9.99201E-05 0.999101 9.99201E-05
9.9973E-05 0.107288 0.0590336 9.9973E-05 0.0538782 0.0363985 0.0281414 9.9973E-05 0.706895 0.00806535
0.0330593 0.0503368 0.00428987 0.109377 0.0516854 0.00616318 0.0108488 9.9982E-05 0.73404 9.9982E-05
0.0533726 0.0179703 0.0607448 0.0417173 0.0546125 0.00255961 9.9991E-05 0.013736 0.726752 0.0284349
0.0826848 0.0577881 0.0169474 9.9964E-05 0.0484829 9.9964E-05 9.9964E-05 9.9964E-05 0.775343 0.0183538
0.048951 9.9964E-05 9.9964E-05 9.9964E-05 0.0867336 0.00124634 0.0512005 9.9964E-05 0.731088 0.0803811
0.018004 9.9973E-05 9.9973E-05 0.0015419 0.0460978 9.9973E-05 0.00459831 0.00750299 0.849698 0.0722569
0.0329079 0.0272273 9.9982E-05 0.0822998 0.120089 0.0879981 0.039693 9.9982E-05 0.591687 0.0178978
0.112289 9.9973E-05 9.9973E-05 0.0179191 0.011292 0.0209013 0.0337874 9.9973E-05 0.740685 0.062827
0.0291824 0.0918903 0.0350649 9.9982E-05 0.103123 0.0356052 0.100009 0.00705525 0.597869 9.9982E-05
9.9982E-05 0.129058 0.0617884 0.0139016 0.12076 0.0797095 0.0187798 9.9982E-05 0.512443 0.0633598
0.019852 0.917899 0.0245657 9.9946E-05 0.0370841 9.9946E-05 9.9946E-05 9.9946E-05 9.9946E-05 9.9946E-05
0.0419102 0.895134 9.9955E-05 9.9955E-05 9.9955E-05 0.0416108 9.9955E-05 0.0142966 9.9955E-05 0.00654886
9.99201E-05 0.999101 9.99201E-05 9.99201E-05 9.99201E-05 9.99201E-05 9.99201E-05 9.99201E-05 9.99201E-05 9.99201E-05
9.9946E-05 0.951476 0.0146996 0.00711617 9.9946E-05 0.0261083 9.9946E-05 9.9946E-05 9.9946E-05 9.9946E-05
9.9937E-05 0.995155 9.9937E-05 9.9937E-05 9.9937E-05 0.00178483 0.00236038 9.9937E-05 9.9937E-05 9.9937E-05
9.99201E-05 0.999101 9.99201E-05 9.99201E-05 9.99201E-05 9.99201E-05 9.99201E-05 9.99201E-05 9.99201E-05 9.99201E-05
0.00170232 0.989745 9.9946E-05 9.9946E-05 0.00512619 9.9946E-05 9.9946E-05 9.9946E-05 9.9946E-05 0.00282729
0.19742 0.739864 0.0211775 9.99551E-05 9.99551E-05 0.0178595 9.99551E-05 0.0231793 9.99551E-05 9.99551E-05
9.99281E-05 0.991982 9.99281E-05 9.99281E-05 9.99281E-05 9.99281E-05 0.00721855 9.99281E-05 9.99281E-05 9.99281E-05
9.99201E-05 0.999101 9.99201E-05 9.99201E-05 9.99201E-05 9.99201E-05 9.99201E-05 9.99201E-05 9.99201E-05 9.99201E-05
0.0474391 0.869585 9.99461E-05 9.99461E-05 9.99461E-05 9.99461E-05 9.99461E-05 0.0215566 9.99461E-05 0.0608197
9.99201E-05 0.999101 9.99201E-05 9.99201E-05 9.99201E-05 9.99201E-05 9.99201E-05 9.99201E-05 9.99201E-05 9.99201E-05
0.0692005 0.697724 0.0814679 9.9955E-05 0.0621994 9.9955E-05 0.088908 9.9955E-05 9.9955E-05 9.9955E-05
9.99201E-05 9.99201E-05 9.99201E-05 9.99201E-05 9.99201E-05 9.99201E-05 0.999101 9.99201E-05 9.99201E-05 9.99201E-05
0.0419324 0.105683 0.100892 9.9982E-05 0.181983 0.0213006 0.0635993 9.9982E-05 0.361498 0.122912
9.99201E-05 9.99201E-05 9.99201E-05 9.99201E-05 9.99201E-05 9.99201E-05 0.999101 9.99201E-05 9.99201E-05 9.99201E-05
9.99201E-05 9.99201E-05 9.99201E-05 9.99201E-05 9.99201E-05 9.99201E-05 0.999101 9.99201E-05 9.99201E-05 9.99201E-05
0.0238109 9.99371E-05 9.99371E-05 9.99371E-05 9.99371E-05 9.99371E-05 0.956706 9.99371E-05 9.99371E-05 0.0187836
9.9973E-05 0.023425 0.0962478 0.0610592 0.0062909 0.0518453 0.750514 9.9973E-05 0.0103179 9.9973E-05
9.99281E-05 9.99281E-05 9.99281E-05 9.99281E-05 9.99281E-05 9.99281E-05 0.998815 0.000385717 9.99281E-05 9.99281E-05
0.0106548 9.99371E-05 9.99371E-05 9.99371E-05 0.084622 9.99371E-05 0.904024 9.99371E-05 9.99371E-05 9.99371E-05
9.99201E-05 9.99201E-05 9.99201E-05 9.99201E-05 9.99201E-05 9.99201E-05 0.999101 9.99201E-05 9.99201E-05 9.99201E-05
9.9946E-05 0.0293921 0.00764237 0.0581065 9.9946E-05 9.9946E-05 0.904259 9.9946E-05 9.9946E-05 9.9946E-05
9.99281E-05 9.99281E-05 9.99281E-05 9.99281E-05 9.99281E-05 9.99281E-05 0.991012 0.00818875 9.99281E-05 9.99281E-05
9.9955E-05 0.018972 9.9955E-05 9.9955E-05 9.9955E-05 0.00780972 0.951926 0.0073711 9.9955E-05 0.013421
9.99673E-05 0.00234624 9.99673E-05 0.01284 9.99673E-05 9.99673E-05 0.95851 0.00252255 0.00297143 0.0204101
9.9964E-05 0.050348 0.0453287 9.9964E-05 9.9964E-05 0.00843259 0.787606 9.9964E-05 0.0772225 0.0306624
0.0165119 9.9955E-05 9.9955E-05 9.9955E-05 9.9955E-05 0.00720939 0.907676 0.0222168 0.0458858 9.9955E-05
0.0327194 0.0439867 0.0498758 9.9973E-05 0.0190055 9.9973E-05 0.834298 0.00888265 9.9973E-05 0.0109322
0.0228442 0.00613706 0.0668826 9.9982E-05 0.00694126 0.0444022 0.823402 0.0204096 0.0087813 9.9982E-05
0.00252409 0.00601425 9.9964E-05 0.0338783 9.9964E-05 0.0626918 0.877644 0.0168477 9.9964E-05 9.9964E-05
0.0353201 0.022606 0.0128162 9.9973E-05 0.008158 9.9973E-05 0.915444 9.9973E-05 0.00171794 0.00363769
0.0964465 0.0598475 0.201248 9.9991E-05 0.190758 0.268484 0.0260251 0.0459122 0.0514937 0.0596853
0.0895348 0.0481873 0.195376 9.9991E-05 0.139685 0.284744 0.0718281 0.0503395 0.0895577 0.0306466
0.109403 9.9982E-05 0.221213 9.9982E-05 0.166361 0.305093 0.0408865 0.0564793 0.00717454 0.0931901
0.11645 0.0331714 0.215546 9.9982E-05 0.206127 0.244838 0.0463555 0.0518076 9.9982E-05 0.0855044
0.934482 0.00769087 9.9955E-05 0.0364767 0.0198229 9.9955E-05 0.001028 9.9955E-05 9.9955E-05 9.9955E-05
0.999101 9.99201E-05 9.99201E-05 9.99201E-05 9.99201E-05 9.99201E-05 9.99201E-05 9.99201E-05 9.99201E-05 9.99201E-05
0.952436 0.00856242 9.9946E-05 9.9946E-05 0.0115405 9.9946E-05 9.9946E-05 9.9946E-05 0.0268616 9.9946E-05
0.999101 9.99201E-05 9.99201E-05 9.99201E-05 9.99201E-05 9.99201E-05 9.99201E-05 9.99201E-05 9.99201E-05 9.99201E-05
0.983408 9.9946E-05 9.9946E-05 9.9946E-05 0.00801165 0.000825888 9.9946E-05 9.9946E-05 9.9946E-05 0.00715432
0.92585 9.9955E-05 9.9955E-05 9.9955E-05 0.0221741 0.0276721 0.0160932 9.9955E-05 0.00771031 9.9955E-05
0.944082 9.9964E-05 0.0195835 9.9964E-05 0.0124338 9.9964E-05 0.00193078 0.00376634 9.9964E-05 0.0178037
0.77699 0.0558621 9.99731E-05 0.100516 9.99731E-05 0.0196416 9.99731E-05 0.0186806 0.0194953 0.00851414
0.827248 0.0548982 0.0231166 0.0493855 9.9964E-05 9.9964E-05 9.9964E-05 0.00397405 0.0409781 9.9964E-05
9.9937E-05 9.9937E-05 9.9937E-05 9.9937E-05 9.9937E-05 0.957066 0.01199 9.9937E-05 0.030244 9.9937E-05
9.99201E-05 9.99201E-05 9.99201E-05 9.99201E-05 9.99201E-05 0.999101 9.99201E-05 9.99201E-05 9.99201E-05 9.99201E-05
9.99201E-05 9.99201E-05 9.99201E-05 9.99201E-05 9.99201E-05 0.999101 9.99201E-05 9.99201E-05 9.99201E-05 9.99201E-05
9.99201E-05 9.99201E-05 9.99201E-05 9.99201E-05 9.99201E-05 0.999101 9.99201E-05 9.99201E-05 9.99201E-05 9.99201E-05
9.99201E-05 9.99201E-05 9.99201E-05 9.99201E-05 9.99201E-05 0.999101 9.99201E-05 9.99201E-05 9.99201E-05 9.99201E-05
0.0376749 0.0260002 0.0282886 0.00024922 0.0215942 0.866747 9.9982E-05 0.0118853 0.0073601 9.9982E-05
9.99281E-05 9.99281E-05 9.99281E-05 9.99281E-05 0.00690352 0.992297 9.99281E-05 9.99281E-05 9.99281E-05 9.99281E-05
9.99281E-05 9.99281E-05 0.00598398 9.99281E-05 9.99281E-05 0.993217 9.99281E-05 9.99281E-05 9.99281E-05 9.99281E-05
9.99281E-05 9.99281E-05 9.99281E-05 0.0147115 9.99281E-05 0.984489 9.99281E-05 9.99281E-05 9.99281E-05 9.99281E-05
9.9955E-05 0.00701405 0.0134838 9.9955E-05 9.9955E-05 0.964104 9.9955E-05 9.9955E-05 0.011496 0.00340253
9.99281E-05 0.00657801 9.99281E-05 9.99281E-05 9.99281E-05 0.992623 9.99281E-05 9.99281E-05 9.99281E-05 9.99281E-05
0.0190314 0.000966097 9.9937E-05 9.9937E-05 9.9937E-05 0.979303 9.9937E-05 9.9937E-05 9.9937E-05 9.9937E-05
