9.99201E-05 9.99201E-05 9.99201E-05 9.99201E-05 9.99201E-05 0.999101 9.99201E-05 9.99201E-05 9.99201E-05 9.99201E-05
9.9946E-05 9.9946E-05 9.9946E-05 9.9946E-05 9.9946E-05 0.264348 0.550545 9.9946E-05 0.0823399 0.102167
9.9946E-05 9.9946E-05 9.9946E-05 9.9946E-05 9.9946E-05 0.243732 0.568175 9.9946E-05 0.0913792 0.096114
9.99371E-05 9.99371E-05 9.99371E-05 9.99371E-05 9.99371E-05 0.22521 0.517407 0.256683 9.99371E-05 9.99371E-05
0.0496486 0.0801467 0.0752924 9.9964E-05 9.9964E-05 0.0757275 0.62049 0.0982952 9.9964E-05 9.9964E-05
9.9964E-05 9.9964E-05 0.110773 9.9964E-05 0.0613633 0.147815 0.600335 0.0356529 0.0436607 9.9964E-05
9.99281E-05 9.99281E-05 9.99281E-05 9.99281E-05 9.99281E-05 0.269091 0.730109 9.99281E-05 9.99281E-05 9.99281E-05
9.9955E-05 9.9955E-05 9.9955E-05 9.9955E-05 0.107528 0.284765 0.504093 9.9955E-05 0.0849535 0.0181611
0.0267018 9.9973E-05 9.9973E-05 9.9973E-05 0.0234762 0.167737 0.661876 0.0223655 0.0786017 0.0189421
9.99201E-05 9.99201E-05 9.99201E-05 9.99201E-05 9.99201E-05 0.999101 9.99201E-05 9.99201E-05 9.99201E-05 9.99201E-05
9.99201E-05 9.99201E-05 9.99201E-05 9.99201E-05 9.99201E-05 0.999101 9.99201E-05 9.99201E-05 9.99201E-05 9.99201E-05
9.99201E-05 9.99201E-05 9.99201E-05 9.99201E-05 9.99201E-05 0.999101 9.99201E-05 9.99201E-05 9.99201E-05 9.99201E-05
9.9928E-05 9.9928E-05 9.9928E-05 9.9928E-05 9.9928E-05 0.975837 9.9928E-05 9.9928E-05 9.9928E-05 0.0233635
9.9946E-05 0.0740754 9.9946E-05 9.9946E-05 9.9946E-05 0.908195 0.00846291 0.00866725 9.9946E-05 9.9946E-05
9.9964E-05 0.0193865 9.9964E-05 0.00158609 0.0107702 0.892018 9.9964E-05 0.0742432 0.00159669 9.9964E-05
0.0727947 9.9973E-05 9.9973E-05 9.9973E-05 0.0863819 0.190853 0.419664 0.199392 0.00315017 0.027464
0.0260545 0.166632 0.0369318 0.0192085 0.000626364 0.19791 0.320315 0.106878 0.0939564 0.031487
9.99371E-05 9.99371E-05 9.99371E-05 9.99371E-05 9.99371E-05 0.186237 0.573683 0.23938 9.99371E-05 9.99371E-05
0.0249493 0.0318715 9.9946E-05 9.9946E-05 0.0171983 9.9946E-05 0.925381 9.9946E-05 9.9946E-05 9.9946E-05
9.9946E-05 0.0722026 9.9946E-05 0.0429635 0.0408413 9.9946E-05 0.843393 9.9946E-05 9.9946E-05 9.9946E-05
0.0489659 9.9955E-05 0.00529556 9.9955E-05 0.0188326 0.0245696 0.901837 9.9955E-05 9.9955E-05 9.9955E-05
9.9964E-05 0.0578766 0.0378308 0.0411128 0.0291518 9.9964E-05 0.761878 9.9964E-05 0.0717499 9.9964E-05
0.0179688 0.11536 9.9946E-05 9.9946E-05 9.9946E-05 9.9946E-05 0.845884 9.9946E-05 0.0201869 9.9946E-05
9.9937E-05 0.0559036 9.9937E-05 0.0345238 9.9937E-05 9.9937E-05 0.908873 9.9937E-05 9.9937E-05 9.9937E-05
0.0111321 0.0108983 9.9955E-05 0.0282172 9.9955E-05 9.9955E-05 0.895603 0.0536493 9.9955E-05 9.9955E-05
0.0487739 0.0036083 0.0909927 0.0818119 0.0412983 9.9973E-05 0.649218 0.0839971 9.9973E-05 9.9973E-05
0.112475 0.00155534 0.0813002 9.9973E-05 0.0410829 9.9973E-05 0.668787 0.0213669 0.0731324 9.9973E-05
9.995E-05 9.995E-05 9.995E-05 0.0183743 0.0730658 9.995E-05 0.870918 0.0200219 0.0171204 9.995E-05
0.0180724 0.0444797 0.0289809 0.0678622 0.0466488 0.0500484 0.702299 9.9991E-05 0.0130867 0.0284216
9.993E-05 9.993E-05 0.0402291 9.993E-05 9.993E-05 0.0278143 0.931257 9.993E-05 9.993E-05 9.993E-05
0.00625314 0.0469595 9.9946E-05 9.9946E-05 9.9946E-05 9.9946E-05 0.912436 9.9946E-05 9.9946E-05 0.0337512
0.0170713 0.00141592 9.9964E-05 0.0917333 0.0609599 9.9964E-05 0.827182 9.9964E-05 9.9964E-05 0.00123793
9.995E-05 0.0067422 0.128357 9.995E-05 9.995E-05 9.995E-05 0.72099 0.0527541 0.0906573 9.995E-05
9.9973E-05 9.9973E-05 0.122497 0.107209 0.0117475 0.0289343 0.629809 0.0199744 0.0795285 9.9973E-05
9.9946E-05 0.173728 9.9946E-05 9.9946E-05 9.9946E-05 9.9946E-05 0.780137 0.00449596 0.0410401 9.9946E-05
9.9928E-05 9.9928E-05 9.9928E-05 9.9928E-05 9.9928E-05 0.0622291 0.936972 9.9928E-05 9.9928E-05 9.9928E-05
0.00948024 0.0104916 0.203135 9.9964E-05 0.00404957 9.9964E-05 0.486876 0.285568 9.9964E-05 9.9964E-05
0.0687144 0.0601898 0.254369 9.9964E-05 9.9964E-05 9.9964E-05 0.540197 0.0535183 0.0226117 9.9964E-05
0.0931638 9.9973E-05 0.215503 9.9973E-05 9.9973E-05 0.0139158 0.524293 0.0907242 0.0429711 0.0191296
0.0349697 9.99461E-05 0.345903 9.99461E-05 9.99461E-05 9.99461E-05 0.576464 0.0420637 9.99461E-05 9.99461E-05
0.0378012 9.9964E-05 0.0620323 0.0528074 9.9964E-05 9.9964E-05 9.9964E-05 0.701196 0.0381145 0.107649
0.0645579 9.9973E-05 0.0188528 0.128445 9.9973E-05 0.0211208 9.9973E-05 0.63348 0.0640828 0.0691616
9.997E-05 9.997E-05 9.997E-05 0.081125 0.10569 0.039249 0.170295 0.47864 0.0663434 0.0583577
0.0106597 9.9973E-05 0.0248029 0.0575891 9.9973E-05 9.9973E-05 0.0226256 0.798965 0.0218675 0.0631906
0.0640514 0.00364066 0.184819 0.039684 0.0667982 9.998E-05 0.154847 0.413614 0.0723456 9.998E-05
9.99201E-05 9.99201E-05 9.99201E-05 9.99201E-05 9.99201E-05 9.99201E-05 9.99201E-05 0.999101 9.99201E-05 9.99201E-05
9.99201E-05 9.99201E-05 9.99201E-05 9.99201E-05 9.99201E-05 9.99201E-05 9.99201E-05 0.999101 9.99201E-05 9.99201E-05
0.065643 0.0440978 0.0229679 0.0455848 0.0743776 9.9991E-05 0.339147 0.341479 0.0401547 0.026448
0.104119 0.00573182 0.0704913 0.105812 9.9982E-05 0.0564622 0.0949866 0.511296 0.0509021 9.9982E-05
0.0224625 9.9991E-05 0.00147116 0.101453 0.0213267 0.0756994 0.355142 0.351927 0.0207013 0.049717
0.00556082 9.9973E-05 0.234079 9.9973E-05 9.9973E-05 0.0421706 0.14809 0.527926 0.0286898 0.0131836
0.0192372 0.0389699 0.0362616 0.0295282 0.0795198 9.9982E-05 0.190291 0.55507 0.0509225 9.9982E-05
0.0482766 0.017312 9.9955E-05 9.9955E-05 0.0125593 9.9955E-05 9.9955E-05 0.902871 0.0184816 9.9955E-05
0.0151547 0.0833736 0.339333 0.039282 0.00690901 0.044594 0.159634 0.31152 9.9982E-05 9.9982E-05
0.0199388 0.0468901 0.337688 0.0333832 9.9982E-05 0.0381322 0.18904 0.321938 9.9982E-05 0.0127894
0.0220928 0.0498403 0.0125847 0.0557983 0.101278 9.999E-05 0.129141 0.458909 0.119345 0.0509113
0.0545617 0.00180284 0.274208 9.9973E-05 9.9973E-05 0.0714899 0.150804 0.373111 0.073723 9.9973E-05
0.114005 0.0013731 0.157882 0.0532844 0.0902278 9.9982E-05 0.180609 0.379481 9.9982E-05 0.0229372
9.99201E-05 9.99201E-05 9.99201E-05 9.99201E-05 9.99201E-05 9.99201E-05 9.99201E-05 0.999101 9.99201E-05 9.99201E-05
0.0643546 9.9982E-05 0.216799 0.00664202 9.9982E-05 0.0418319 0.198382 0.427236 0.0138426 0.0307122
0.122722 0.0372615 9.9955E-05 0.0616627 9.9955E-05 9.9955E-05 0.115098 0.662756 9.9955E-05 9.9955E-05
0.0107134 9.9964E-05 0.0818953 0.10618 9.9964E-05 9.9964E-05 0.118576 0.663535 9.9964E-05 0.0187
0.028377 0.0163113 0.218988 0.0331847 0.094303 0.0102637 0.0814438 0.420288 0.0591007 0.0377394
0.0171906 0.0149368 9.9955E-05 0.040259 0.926163 9.9955E-05 9.9955E-05 9.9955E-05 0.000950308 9.9955E-05
0.0351172 0.00596365 0.0702084 0.0760035 0.00147771 0.017637 0.0814281 0.711964 9.9982E-05 9.9982E-05
9.99201E-05 9.99201E-05 9.99201E-05 9.99201E-05 0.999101 9.99201E-05 9.99201E-05 9.99201E-05 9.99201E-05 9.99201E-05
9.9946E-05 9.9946E-05 0.356576 9.9946E-05 0.140628 9.9946E-05 9.9946E-05 0.488525 9.9946E-05 0.0136708
9.9928E-05 0.00902765 9.9928E-05 9.9928E-05 0.990173 9.9928E-05 9.9928E-05 9.9928E-05 9.9928E-05 9.9928E-05
0.089147 9.9973E-05 0.151157 0.0267863 0.107996 9.9973E-05 0.28849 0.301677 0.0344468 9.9973E-05
9.99201E-05 9.99201E-05 9.99201E-05 9.99201E-05 0.999101 9.99201E-05 9.99201E-05 9.99201E-05 9.99201E-05 9.99201E-05
9.998E-05 9.998E-05 0.0875624 0.0607022 0.173663 0.046894 0.117894 0.409272 0.0485561 0.0552572
0.00691988 0.0221297 0.251636 0.0593663 0.0239901 9.9991E-05 0.0553382 0.501659 0.0388024 0.0400582
0.0500671 0.000331532 0.105302 9.9964E-05 0.300346 0.0673887 9.9964E-05 0.476165 9.9964E-05 9.9964E-05
0.0393053 9.9955E-05 0.173791 9.9955E-05 0.218891 0.0352166 9.9955E-05 0.532296 9.9955E-05 9.9955E-05
9.996E-05 0.0352832 0.259727 0.0992221 0.159608 0.0396013 9.996E-05 0.406159 9.996E-05 9.996E-05
0.094426 0.0206807 0.205511 9.9964E-05 0.0906545 9.9964E-05 0.0612577 0.52707 9.9964E-05 9.9964E-05
0.0312422 9.9964E-05 0.167556 9.9964E-05 0.230362 9.9964E-05 9.9964E-05 0.533139 0.0195712 0.0177297
9.9991E-05 0.0739938 0.298581 0.0511322 0.23232 0.00338774 0.00380709 0.231978 0.00886882 0.0958312
9.994E-05 0.056545 0.857285 9.994E-05 9.994E-05 9.994E-05 0.036363 0.0492075 9.994E-05 9.994E-05
9.9946E-05 9.9946E-05 0.969496 9.9946E-05 0.0168179 9.9946E-05 0.00188368 0.011203 9.9946E-05 9.9946E-05
9.9946E-05 9.9946E-05 0.949348 9.9946E-05 0.00940452 0.0135758 9.9946E-05 9.9946E-05 0.0270721 9.9946E-05
9.9946E-05 0.0111097 0.919931 9.9946E-05 0.0448182 9.9946E-05 9.9946E-05 0.0235409 9.9946E-05 9.9946E-05
9.99371E-05 9.99371E-05 0.970174 9.99371E-05 0.0259813 0.00314478 9.99371E-05 9.99371E-05 9.99371E-05 9.99371E-05
0.0758792 9.9982E-05 0.427924 0.167245 9.9982E-05 0.006333 0.12969 0.112279 0.00888092 0.0715699
0.0102136 0.0620363 0.493895 0.00933696 9.9982E-05 9.9982E-05 0.00195706 0.273938 0.0180321 0.130391
9.998E-05 0.0132576 0.54289 0.0229829 9.998E-05 0.0267099 0.0129612 0.175484 0.0841135 0.121401
0.0473769 9.9991E-05 0.492219 0.0591543 0.0575442 0.0459219 0.151129 0.0533832 0.0716862 0.0214846
0.0581483 9.9964E-05 0.463876 0.109177 9.9964E-05 9.9964E-05 0.121822 0.150089 9.9964E-05 0.0964863
0.0426078 0.0962339 0.426357 0.0209143 0.0110314 0.0285752 9.999E-05 0.17546 0.10479 0.0939307
0.125549 9.9991E-05 0.315893 0.130893 0.0759383 0.0140876 0.0553149 0.120954 0.0909639 0.0703066
9.997E-05 0.222146 0.15114 0.0549947 9.997E-05 0.0314949 9.997E-05 0.338668 0.0703778 0.130878
9.998E-05 0.241092 0.134594 0.0951801 9.998E-05 0.0274265 0.0275185 0.352451 0.0532166 0.0683213
0.159381 9.9982E-05 0.365079 0.0430023 9.9982E-05 0.0217217 0.00164774 0.192259 0.0511733 0.165536
9.99201E-05 9.99201E-05 9.99201E-05 9.99201E-05 9.99201E-05 9.99201E-05 9.99201E-05 9.99201E-05 9.99201E-05 0.999101
9.9946E-05 9.9946E-05 0.0304129 9.9946E-05 9.9946E-05 0.0298603 9.9946E-05 0.0457924 9.9946E-05 0.893335
9.9946E-05 0.0641736 0.0639772 9.9946E-05 9.9946E-05 9.9946E-05 9.9946E-05 9.9946E-05 0.0294162 0.841833
9.99371E-05 9.99371E-05 9.99371E-05 0.0146329 9.99371E-05 9.99371E-05 9.99371E-05 9.99371E-05 0.00743222 0.977235
9.99201E-05 9.99201E-05 9.99201E-05 9.99201E-05 9.99201E-05 9.99201E-05 9.99201E-05 9.99201E-05 9.99201E-05 0.999101
9.99201E-05 9.99201E-05 9.99201E-05 9.99201E-05 9.99201E-05 9.99201E-05 9.99201E-05 9.99201E-05 9.99201E-05 0.999101
9.9937E-05 0.00412062 9.9937E-05 9.9937E-05 9.9937E-05 9.9937E-05 9.9937E-05 9.9937E-05 0.0107535 0.984426
0.0363505 0.00120222 0.0179424 9.9973E-05 0.00591856 9.9973E-05 0.039856 9.9973E-05 0.00345728 0.894973
9.99201E-05 9.99201E-05 9.99201E-05 9.99201E-05 9.99201E-05 9.99201E-05 9.99201E-05 9.99201E-05 9.99201E-05 0.999101
9.99201E-05 9.99201E-05 9.99201E-05 9.99201E-05 9.99201E-05 9.99201E-05 9.99201E-05 9.99201E-05 9.99201E-05 0.999101
0.0703474 0.0325629 0.421901 0.261589 0.0341107 9.999E-05 0.0482635 0.0111209 0.0671727 0.0528322
0.0281468 0.0296706 9.9955E-05 9.9955E-05 0.0370026 9.9955E-05 9.9955E-05 0.0271647 9.9955E-05 0.877516
0.025942 9.99281E-05 9.99281E-05 9.99281E-05 9.99281E-05 9.99281E-05 9.99281E-05 9.99281E-05 9.99281E-05 0.973259
9.9955E-05 9.9955E-05 0.01083 0.0151895 9.9955E-05 0.00892028 9.9955E-05 0.0166247 9.9955E-05 0.947936
0.0280206 9.99281E-05 0.97118 9.99281E-05 9.99281E-05 9.99281E-05 9.99281E-05 9.99281E-05 9.99281E-05 9.99281E-05
9.99201E-05 9.99201E-05 0.999101 9.99201E-05 9.99201E-05 9.99201E-05 9.99201E-05 9.99201E-05 9.99201E-05 9.99201E-05
9.99201E-05 9.99201E-05 0.999101 9.99201E-05 9.99201E-05 9.99201E-05 9.99201E-05 9.99201E-05 9.99201E-05 9.99201E-05
9.99201E-05 9.99201E-05 0.999101 9.99201E-05 9.99201E-05 9.99201E-05 9.99201E-05 9.99201E-05 9.99201E-05 9.99201E-05
0.0104164 0.0477219 0.786659 0.10014 0.00981332 9.9973E-05 9.9973E-05 9.9973E-05 0.0140201 0.0309301
9.994E-05 0.0729633 0.746432 0.0536775 9.994E-05 9.994E-05 0.126328 9.994E-05 9.994E-05 9.994E-05
9.9973E-05 0.0598912 0.798451 0.0263441 0.0385873 0.0109737 0.0181737 9.9973E-05 9.9973E-05 0.0472795
0.000822693 0.0215862 0.892139 0.0817666 9.9955E-05 9.9955E-05 0.0031857 9.9955E-05 9.9955E-05 9.9955E-05
9.9946E-05 0.0321393 0.851869 9.9946E-05 9.9946E-05 9.9946E-05 9.9946E-05 9.9946E-05 0.022428 0.0929645
9.9937E-05 0.0475879 0.888179 9.9937E-05 9.9937E-05 9.9937E-05 9.9937E-05 9.9937E-05 9.9937E-05 0.0635335
0.0176038 0.0455404 0.790933 0.0178253 9.997E-05 9.997E-05 0.077425 9.997E-05 0.0362142 0.0141589
9.9946E-05 0.103491 0.825236 9.9946E-05 9.9946E-05 9.9946E-05 9.9946E-05 9.9946E-05 0.014724 0.055949
0.084621 0.0313211 0.665892 0.0428877 0.0420095 0.0302333 9.998E-05 0.0300839 0.0727519 9.998E-05
0.0257598 9.997E-05 0.708686 0.127701 9.997E-05 9.997E-05 0.0396839 0.0144886 0.048124 0.0352566
0.0121286 9.99461E-05 9.99461E-05 0.947248 9.99461E-05 9.99461E-05 0.0256949 9.99461E-05 0.0143285 9.99461E-05
0.0612762 0.0283801 9.9964E-05 0.875849 0.00335155 0.0103713 9.9964E-05 9.9964E-05 9.9964E-05 0.0203717
9.99201E-05 9.99201E-05 9.99201E-05 0.999101 9.99201E-05 9.99201E-05 9.99201E-05 9.99201E-05 9.99201E-05 9.99201E-05
0.0136605 9.9937E-05 0.0297182 0.955922 9.9937E-05 9.9937E-05 9.9937E-05 9.9937E-05 9.9937E-05 9.9937E-05
9.99201E-05 9.99201E-05 9.99201E-05 0.999101 9.99201E-05 9.99201E-05 9.99201E-05 9.99201E-05 9.99201E-05 9.99201E-05
9.9937E-05 9.9937E-05 9.9937E-05 0.984201 9.9937E-05 0.00185631 9.9937E-05 9.9937E-05 0.0132436 9.9937E-05
9.99201E-05 9.99201E-05 9.99201E-05 0.999101 9.99201E-05 9.99201E-05 9.99201E-05 9.99201E-05 9.99201E-05 9.99201E-05
0.016552 0.14757 9.9955E-05 0.681335 0.0487576 9.9955E-05 9.9955E-05 0.105286 9.9955E-05 9.9955E-05
9.99201E-05 9.99201E-05 9.99201E-05 0.999101 9.99201E-05 9.99201E-05 9.99201E-05 9.99201E-05 9.99201E-05 9.99201E-05
9.9937E-05 9.9937E-05 0.00605474 0.992307 9.9937E-05 9.9937E-05 9.9937E-05 9.9937E-05 0.000938825 9.9937E-05
9.99461E-05 0.0691701 9.99461E-05 0.837444 9.99461E-05 0.031488 9.99461E-05 9.99461E-05 9.99461E-05 0.0612981
0.000475834 9.99281E-05 9.99281E-05 0.998725 9.99281E-05 9.99281E-05 9.99281E-05 9.99281E-05 9.99281E-05 9.99281E-05
9.997E-05 0.0355969 0.0260589 0.751442 0.015497 0.0136654 9.997E-05 0.107199 0.05024 9.997E-05
9.99201E-05 9.99201E-05 9.99201E-05 9.99201E-05 9.99201E-05 9.99201E-05 9.99201E-05 9.99201E-05 0.999101 9.99201E-05
0.0296282 0.0173512 0.620682 0.0930766 0.0458629 9.998E-05 9.998E-05 0.0365825 0.0761987 0.0804185
9.99201E-05 9.99201E-05 9.99201E-05 9.99201E-05 9.99201E-05 9.99201E-05 9.99201E-05 9.99201E-05 0.999101 9.99201E-05
9.99201E-05 9.99201E-05 9.99201E-05 9.99201E-05 9.99201E-05 9.99201E-05 9.99201E-05 9.99201E-05 0.999101 9.99201E-05
9.99551E-05 0.0436205 9.99551E-05 9.99551E-05 9.99551E-05 0.0127231 9.99551E-05 0.0148256 0.916058 0.0122733
0.0241392 9.9973E-05 0.0186336 0.0716074 9.9973E-05 0.0149422 9.9973E-05 0.0980143 0.760525 0.011838
9.99201E-05 9.99201E-05 9.99201E-05 9.99201E-05 9.99201E-05 9.99201E-05 9.99201E-05 9.99201E-05 0.999101 9.99201E-05
9.9964E-05 0.0548024 0.0410567 9.9964E-05 0.0285776 9.9964E-05 9.9964E-05 0.0264785 0.847689 0.000995703
9.9955E-05 0.0120695 9.9955E-05 9.9955E-05 0.00155923 9.9955E-05 0.00425649 0.0181596 0.963455 9.9955E-05
9.99281E-05 9.99281E-05 9.99281E-05 0.0138852 9.99281E-05 9.99281E-05 9.99281E-05 9.99281E-05 0.985315 9.99281E-05
0.00398628 9.9946E-05 9.9946E-05 9.9946E-05 0.0101048 9.9946E-05 0.0232093 9.9946E-05 0.9621 9.9946E-05
9.99201E-05 9.99201E-05 9.99201E-05 9.99201E-05 9.99201E-05 9.99201E-05 9.99201E-05 9.99201E-05 0.999101 9.99201E-05
9.99281E-05 9.99281E-05 9.99281E-05 0.0539933 9.99281E-05 9.99281E-05 9.99281E-05 9.99281E-05 0.945207 9.99281E-05
0.0501559 0.000785236 0.0680906 0.0558001 9.997E-05 9.997E-05 9.997E-05 0.0080458 0.792361 0.0244613
0.00904075 0.0461673 0.0428356 9.9946E-05 9.9946E-05 9.9946E-05 9.9946E-05 9.9946E-05 0.901357 9.9946E-05
0.0204859 0.0307492 9.9964E-05 9.9964E-05 0.0177463 9.9964E-05 9.9964E-05 0.0326835 0.866374 0.0315614
0.0623231 0.0172149 9.9964E-05 0.0219439 0.0223319 0.0110389 9.9964E-05 9.9964E-05 0.864747 9.9964E-05
0.00283227 0.0452814 9.997E-05 9.997E-05 0.00854887 0.0336592 0.0110853 9.997E-05 0.857997 0.0402963
9.9964E-05 9.9964E-05 0.0147083 0.0247582 0.0214612 0.00188695 9.9964E-05 9.9964E-05 0.922879 0.0139063
0.277773 0.0965236 0.317052 0.0199165 9.9982E-05 0.0385068 9.9982E-05 0.177258 0.0530492 0.0197215
0.284412 0.104293 0.325653 9.9973E-05 9.9973E-05 0.0206541 9.9973E-05 0.146812 0.0692501 0.0486263
0.23891 0.077118 0.348645 0.032813 0.0187423 0.043034 9.999E-05 0.129696 0.0571845 0.053757
0.224273 0.106046 0.389947 9.998E-05 0.00513214 0.0452585 9.998E-05 0.146675 0.0621551 0.0203139
9.9946E-05 0.883822 9.9946E-05 0.0295376 0.0643595 9.9946E-05 0.0216813 9.9946E-05 9.9946E-05 9.9946E-05
9.99201E-05 0.999101 9.99201E-05 9.99201E-05 9.99201E-05 9.99201E-05 9.99201E-05 9.99201E-05 9.99201E-05 9.99201E-05
0.0204457 0.975676 9.9937E-05 9.9937E-05 9.9937E-05 9.9937E-05 9.9937E-05 9.9937E-05 9.9937E-05 0.00317877
9.99201E-05 0.999101 9.99201E-05 9.99201E-05 9.99201E-05 9.99201E-05 9.99201E-05 9.99201E-05 9.99201E-05 9.99201E-05
0.0157015 0.976463 9.9937E-05 9.9937E-05 9.9937E-05 9.9937E-05 9.9937E-05 9.9937E-05 9.9937E-05 0.0071356
0.010202 0.932799 0.0154836 9.9964E-05 0.00188025 9.9964E-05 9.9964E-05 9.9964E-05 0.0205545 0.018681
9.996E-05 0.959014 0.0159259 0.00129207 9.996E-05 9.996E-05 9.996E-05 0.0112093 0.0113653 0.00079389
0.0224833 0.745013 0.118404 0.0384145 9.99729E-05 0.0184012 0.0568841 9.99729E-05 9.99729E-05 9.99729E-05
9.9946E-05 0.816057 9.9946E-05 9.9946E-05 0.0691693 9.9946E-05 0.0515371 9.9946E-05 0.0626374 9.9946E-05
0.997484 9.99371E-05 9.99371E-05 9.99371E-05 0.00100683 9.99371E-05 9.99371E-05 0.000809844 9.99371E-05 9.99371E-05
0.999101 9.99201E-05 9.99201E-05 9.99201E-05 9.99201E-05 9.99201E-05 9.99201E-05 9.99201E-05 9.99201E-05 9.99201E-05
0.999101 9.99201E-05 9.99201E-05 9.99201E-05 9.99201E-05 9.99201E-05 9.99201E-05 9.99201E-05 9.99201E-05 9.99201E-05
0.999101 9.99201E-05 9.99201E-05 9.99201E-05 9.99201E-05 9.99201E-05 9.99201E-05 9.99201E-05 9.99201E-05 9.99201E-05
0.999101 9.99201E-05 9.99201E-05 9.99201E-05 9.99201E-05 9.99201E-05 9.99201E-05 9.99201E-05 9.99201E-05 9.99201E-05
0.914115 0.00604879 0.0299049 9.995E-05 9.995E-05 9.995E-05 0.0156865 0.0337451 9.995E-05 9.995E-05
0.999101 9.99201E-05 9.99201E-05 9.99201E-05 9.99201E-05 9.99201E-05 9.99201E-05 9.99201E-05 9.99201E-05 9.99201E-05
0.999101 9.99201E-05 9.99201E-05 9.99201E-05 9.99201E-05 9.99201E-05 9.99201E-05 9.99201E-05 9.99201E-05 9.99201E-05
0.97643 0.0205845 9.99371E-05 9.99371E-05 9.99371E-05 9.99371E-05 9.99371E-05 9.99371E-05 9.99371E-05 0.0022859
0.930081 9.9955E-05 0.0128781 0.00790269 0.0422027 9.9955E-05 9.9955E-05 9.9955E-05 9.9955E-05 0.00643585
0.999101 9.99201E-05 9.99201E-05 9.99201E-05 9.99201E-05 9.99201E-05 9.99201E-05 9.99201E-05 9.99201E-05 9.99201E-05
0.967601 9.99371E-05 9.99371E-05 9.99371E-05 9.99371E-05 9.99371E-05 0.0226388 9.99371E-05 9.99371E-05 0.00906028
