9.99201E-05 9.99201E-05 0.999101 9.99201E-05 9.99201E-05 9.99201E-05 9.99201E-05 9.99201E-05 9.99201E-05 9.99201E-05
0.0827953 9.9964E-05 0.0249435 0.0191148 0.102277 0.0205235 0.749947 9.9964E-05 9.9964E-05 9.9964E-05
9.99201E-05 9.99201E-05 9.99201E-05 9.99201E-05 9.99201E-05 0.999101 9.99201E-05 9.99201E-05 9.99201E-05 9.99201E-05
9.9955E-05 9.9955E-05 9.9955E-05 0.0249357 0.0249193 0.83638 9.9955E-05 0.0285414 9.9955E-05 0.0847233
0.998603 9.9928E-05 9.9928E-05 0.000597236 9.9928E-05 9.9928E-05 9.9928E-05 9.9928E-05 9.9928E-05 9.9928E-05
9.99201E-05 9.99201E-05 9.99201E-05 9.99201E-05 9.99201E-05 9.99201E-05 0.999101 9.99201E-05 9.99201E-05 9.99201E-05
9.9928E-05 9.9928E-05 9.9928E-05 0.0109886 9.9928E-05 9.9928E-05 0.988212 9.9928E-05 9.9928E-05 9.9928E-05
0.999101 9.99201E-05 9.99201E-05 9.99201E-05 9.99201E-05 9.99201E-05 9.99201E-05 9.99201E-05 9.99201E-05 9.99201E-05
0.423934 0.231961 0.0831701 9.9964E-05 9.9964E-05 0.15585 0.0478337 0.0568515 9.9964E-05 9.9964E-05
0.49238 0.0151696 0.125645 0.000582254 0.191574 0.102532 9.9982E-05 9.9982E-05 0.0222077 0.0497094
9.9937E-05 9.9937E-05 9.9937E-05 0.0381118 9.9937E-05 0.0610195 9.9937E-05 9.9937E-05 9.9937E-05 0.900169
0.0778693 9.99371E-05 9.99371E-05 9.99371E-05 9.99371E-05 9.99371E-05 9.99371E-05 9.99371E-05 0.918935 0.00249594
0.00771381 9.9955E-05 0.00334681 9.9955E-05 9.9955E-05 9.9955E-05 0.229509 9.9955E-05 0.722196 0.0367345
0.0593008 9.9946E-05 9.9946E-05 0.0252428 9.9946E-05 0.000457966 9.9946E-05 9.9946E-05 0.914399 9.9946E-05
9.9946E-05 9.9946E-05 9.9946E-05 0.0578557 9.9946E-05 0.0781363 0.0143532 9.9946E-05 0.849055 9.9946E-05
0.0208147 9.9946E-05 9.9946E-05 9.9946E-05 9.9946E-05 0.0187418 9.9946E-05 9.9946E-05 0.371058 0.588786
9.99201E-05 9.99201E-05 9.99201E-05 9.99201E-05 9.99201E-05 9.99201E-05 9.99201E-05 9.99201E-05 9.99201E-05 0.999101
9.9964E-05 0.148215 9.9964E-05 9.9964E-05 0.140016 0.0474344 9.9964E-05 0.00525389 0.0463063 0.612375
9.9946E-05 9.9946E-05 9.9946E-05 0.00403695 0.0156469 9.9946E-05 9.9946E-05 0.0681336 0.911583 9.9946E-05
0.0858359 0.015831 9.9955E-05 9.9955E-05 9.9955E-05 0.0432828 9.9955E-05 9.9955E-05 0.541586 0.312965
9.9964E-05 9.9964E-05 0.0374213 9.9964E-05 0.161523 0.0522406 0.0098023 9.9964E-05 0.32396 0.414652
0.285204 0.00324123 9.9964E-05 9.9964E-05 0.073012 0.0260668 0.0342395 9.9964E-05 9.9964E-05 0.577836
9.9937E-05 9.9937E-05 0.0886087 0.0145375 9.9937E-05 9.9937E-05 9.9937E-05 9.9937E-05 9.9937E-05 0.896154
9.9937E-05 9.9937E-05 9.9937E-05 9.9937E-05 0.0370724 9.9937E-05 9.9937E-05 0.00739506 9.9937E-05 0.954833
9.9964E-05 0.00687151 0.00989649 9.9964E-05 0.107232 0.0158165 9.9964E-05 9.9964E-05 0.744564 0.11522
9.9964E-05 0.0166887 0.0607458 9.9964E-05 0.0850932 9.9964E-05 0.0709048 0.0418031 0.724365 9.9964E-05
9.9937E-05 0.209731 9.9937E-05 9.9937E-05 9.9937E-05 9.9937E-05 9.9937E-05 0.165454 0.624115 9.9937E-05
0.0504241 9.9973E-05 9.9973E-05 0.0339123 0.350895 0.0516938 0.0250398 9.9973E-05 0.471034 0.0167013
0.0246728 0.0743558 0.0100508 9.9955E-05 0.262787 9.9955E-05 9.9955E-05 9.9955E-05 0.627634 9.9955E-05
9.99371E-05 9.99371E-05 9.99371E-05 9.99371E-05 0.271257 9.99371E-05 9.99371E-05 0.0199202 0.708123 9.99371E-05
9.9937E-05 0.666441 9.9937E-05 9.9937E-05 0.297073 0.0357857 9.9937E-05 9.9937E-05 9.9937E-05 9.9937E-05
9.9964E-05 0.655865 0.00558003 9.9964E-05 0.138932 0.0535488 0.0539238 9.9964E-05 0.0917504 9.9964E-05
9.9964E-05 0.686916 9.9964E-05 9.9964E-05 0.160692 0.0289269 0.00990719 0.0432745 0.0698838 9.9964E-05
9.9937E-05 0.852376 9.9937E-05 9.9937E-05 9.9937E-05 9.9937E-05 9.9937E-05 0.100778 9.9937E-05 0.0461468
9.9937E-05 0.74886 9.9937E-05 9.9937E-05 9.9937E-05 9.9937E-05 9.9937E-05 9.9937E-05 0.237681 0.012759
9.9946E-05 0.914215 0.0638818 0.0102015 0.0111023 9.9946E-05 9.9946E-05 9.9946E-05 9.9946E-05 9.9946E-05
0.297319 0.578717 0.0184556 0.00364001 0.0277777 0.0267125 9.9973E-05 9.9973E-05 9.9973E-05 0.0470783
9.9955E-05 0.776193 0.0574424 9.9955E-05 0.105776 9.9955E-05 9.9955E-05 9.9955E-05 0.0220611 0.0380279
9.9955E-05 0.897579 9.9955E-05 0.0189093 9.9955E-05 0.0231117 9.9955E-05 0.0440938 9.9955E-05 0.0158059
9.9973E-05 0.400276 0.0310895 0.0353779 0.287124 0.0676234 9.9973E-05 0.0897126 9.9973E-05 0.0884958
9.99281E-05 0.959014 9.99281E-05 9.99281E-05 9.99281E-05 9.99281E-05 0.0401867 9.99281E-05 9.99281E-05 9.99281E-05
0.0127353 0.297544 0.059643 9.9973E-05 0.321276 0.0616995 9.9973E-05 0.122774 0.124028 9.9973E-05
9.9946E-05 0.804734 9.9946E-05 9.9946E-05 0.0730905 0.0148438 9.9946E-05 9.9946E-05 0.106732 9.9946E-05
9.9973E-05 0.707258 9.9973E-05 0.0286861 0.020869 9.9973E-05 0.0220907 0.102334 0.0694515 0.0490108
0.0267025 0.548979 0.0183543 9.9964E-05 0.19488 0.0139835 9.9964E-05 0.196701 9.9964E-05 9.9964E-05
9.9946E-05 9.9946E-05 9.9946E-05 9.9946E-05 0.0909728 9.9946E-05 0.0481104 0.755573 0.104744 9.9946E-05
9.9964E-05 0.166968 9.9964E-05 0.0763829 0.0246181 9.9964E-05 0.00613674 0.637057 9.9964E-05 0.0884369
9.993E-05 0.0298318 9.993E-05 9.993E-05 0.0351956 9.993E-05 9.993E-05 0.934273 9.993E-05 9.993E-05
9.9946E-05 0.121941 9.9946E-05 9.9946E-05 9.9946E-05 0.144071 9.9946E-05 0.547094 0.186294 9.9946E-05
0.0909162 0.429534 0.00285357 9.9973E-05 0.0559631 0.0163378 9.9973E-05 0.35065 0.0534454 9.9973E-05
9.9955E-05 9.9955E-05 9.9955E-05 9.9955E-05 0.249852 0.00264874 0.00201233 0.705374 9.9955E-05 0.0396131
9.9928E-05 9.9928E-05 0.0704036 9.9928E-05 9.9928E-05 9.9928E-05 9.9928E-05 0.928797 9.9928E-05 9.9928E-05
9.9955E-05 9.9955E-05 0.0320463 0.0021305 0.100736 9.9955E-05 9.9955E-05 0.816231 9.9955E-05 0.0483558
9.9964E-05 0.139214 0.0199834 0.00318077 0.254745 9.9964E-05 9.9964E-05 0.552015 9.9964E-05 0.0304624
9.9946E-05 0.085657 9.9946E-05 9.9946E-05 0.00748527 9.9946E-05 0.0109604 0.895298 9.9946E-05 9.9946E-05
9.99371E-05 9.99371E-05 9.99371E-05 0.032579 9.99371E-05 0.0117393 9.99371E-05 0.954982 9.99371E-05 9.99371E-05
9.9982E-05 0.0213902 9.9982E-05 0.00444907 0.739909 0.00729508 0.0648501 0.121933 0.0268315 0.0131426
0.00523373 9.9973E-05 9.9973E-05 9.9973E-05 0.588136 0.0914716 0.0132081 0.173616 0.0520496 0.0759852
0.0292141 9.9964E-05 9.9964E-05 9.9964E-05 0.724265 0.0136233 0.048613 0.125019 9.9964E-05 0.0588659
0.122328 0.0778053 9.9964E-05 9.9964E-05 0.662386 9.9964E-05 0.097947 0.0289316 0.0102032 9.9964E-05
9.9946E-05 9.9946E-05 0.0174531 9.9946E-05 0.843464 9.9946E-05 9.9946E-05 0.106618 9.9946E-05 0.031865
9.9955E-05 0.307057 9.9955E-05 0.10817 0.508298 0.015927 0.0600486 9.9955E-05 9.9955E-05 9.9955E-05
0.0568466 0.0808066 0.0312108 9.9946E-05 0.830536 9.9946E-05 9.9946E-05 9.9946E-05 9.9946E-05 9.9946E-05
9.99371E-05 9.99371E-05 9.99371E-05 0.0463053 0.937008 9.99371E-05 0.0159868 9.99371E-05 9.99371E-05 9.99371E-05
9.9946E-05 0.0460193 9.9946E-05 0.00925695 0.894128 9.9946E-05 9.9946E-05 9.9946E-05 9.9946E-05 0.0499957
9.99281E-05 9.99281E-05 0.00279786 9.99281E-05 0.996403 9.99281E-05 9.99281E-05 9.99281E-05 9.99281E-05 9.99281E-05
9.9928E-05 9.9928E-05 9.9928E-05 0.00330798 0.995893 9.9928E-05 9.9928E-05 9.9928E-05 9.9928E-05 9.9928E-05
9.9937E-05 9.9937E-05 9.9937E-05 9.9937E-05 0.970566 0.0161393 9.9937E-05 9.9937E-05 0.0125953 9.9937E-05
9.9955E-05 0.0117959 0.000765636 0.00592388 0.975574 0.00544097 9.9955E-05 9.9955E-05 9.9955E-05 9.9955E-05
9.9928E-05 9.9928E-05 9.9928E-05 9.9928E-05 0.95958 0.0396207 9.9928E-05 9.9928E-05 9.9928E-05 9.9928E-05
9.99201E-05 9.99201E-05 9.99201E-05 9.99201E-05 0.999101 9.99201E-05 9.99201E-05 9.99201E-05 9.99201E-05 9.99201E-05
0.0705936 0.147319 9.9955E-05 0.0198961 0.68714 9.9955E-05 0.0745517 9.9955E-05 9.9955E-05 9.9955E-05
9.9937E-05 9.9937E-05 9.9937E-05 9.9937E-05 0.870297 0.0473872 9.9937E-05 0.0816161 9.9937E-05 9.9937E-05
9.9955E-05 0.145891 0.0815217 0.0545072 0.709998 9.9955E-05 9.9955E-05 9.9955E-05 9.9955E-05 0.00758261
9.9964E-05 0.0422657 9.9964E-05 0.545024 0.290468 9.9964E-05 9.9964E-05 0.00255402 0.0898564 0.0294313
9.99201E-05 9.99201E-05 9.99201E-05 0.999101 9.99201E-05 9.99201E-05 9.99201E-05 9.99201E-05 9.99201E-05 9.99201E-05
9.9973E-05 0.0795562 0.025555 0.0341698 0.717635 0.0729344 0.00773717 9.9973E-05 0.0621128 9.9973E-05
