9.99201E-05 9.99201E-05 9.99201E-05 9.99201E-05 9.99201E-05 9.99201E-05 9.99201E-05 9.99201E-05 0.999101 9.99201E-05
9.9946E-05 9.9946E-05 9.9946E-05 9.9946E-05 9.9946E-05 0.0363178 9.9946E-05 0.0250613 0.0610396 0.876982
9.9946E-05 9.9946E-05 9.9946E-05 9.9946E-05 9.9946E-05 0.045247 9.9946E-05 0.0384762 0.0437946 0.871883
9.99201E-05 9.99201E-05 9.99201E-05 9.99201E-05 9.99201E-05 9.99201E-05 9.99201E-05 9.99201E-05 9.99201E-05 0.999101
0.0728325 0.0395209 9.9964E-05 0.12485 0.013702 9.9964E-05 0.089075 9.9964E-05 9.9964E-05 0.659619
0.0886227 9.9973E-05 0.105658 0.127545 9.9973E-05 9.9973E-05 0.025193 0.00861845 0.0268401 0.617222
9.9937E-05 9.9937E-05 9.9937E-05 0.336116 9.9937E-05 9.9937E-05 9.9937E-05 9.9937E-05 0.15362 0.509564
0.0678501 9.9982E-05 9.9982E-05 0.0893076 0.0281395 0.0121717 0.0220456 0.0623086 0.204626 0.513351
9.996E-05 0.0270457 9.996E-05 0.278818 9.996E-05 0.00935852 9.996E-05 0.0519696 0.101364 0.531045
9.99201E-05 9.99201E-05 9.99201E-05 9.99201E-05 9.99201E-05 9.99201E-05 9.99201E-05 9.99201E-05 0.999101 9.99201E-05
9.99201E-05 9.99201E-05 9.99201E-05 9.99201E-05 9.99201E-05 9.99201E-05 9.99201E-05 9.99201E-05 0.999101 9.99201E-05
9.99201E-05 9.99201E-05 9.99201E-05 9.99201E-05 9.99201E-05 9.99201E-05 9.99201E-05 9.99201E-05 0.999101 9.99201E-05
9.99281E-05 9.99281E-05 9.99281E-05 9.99281E-05 9.99281E-05 0.00396208 9.99281E-05 9.99281E-05 0.995238 9.99281E-05
0.0125288 0.0140066 9.9955E-05 0.0324466 9.9955E-05 9.9955E-05 0.0468453 9.9955E-05 0.893673 9.9955E-05
9.9946E-05 9.9946E-05 9.9946E-05 9.9946E-05 9.9946E-05 0.0257825 9.9946E-05 0.00455008 0.935086 0.0339821
0.220665 0.0469039 9.9973E-05 0.0235153 0.00700943 9.9973E-05 9.9973E-05 0.0773027 0.0360273 0.588277
0.083015 0.00796718 0.216815 0.0964262 0.0344018 0.0291464 0.0441042 0.0123011 0.135748 0.340074
9.9928E-05 9.9928E-05 9.9928E-05 9.9928E-05 0.024719 9.9928E-05 9.9928E-05 9.9928E-05 9.9928E-05 0.974482
9.9955E-05 0.0188393 9.9955E-05 0.873115 9.9955E-05 0.00112765 0.0730966 9.9955E-05 9.9955E-05 0.0333214
9.99281E-05 9.99281E-05 9.99281E-05 0.982398 9.99281E-05 9.99281E-05 0.0168028 9.99281E-05 9.99281E-05 9.99281E-05
9.9955E-05 0.033467 0.0307556 0.799393 9.9955E-05 9.9955E-05 9.9955E-05 9.9955E-05 0.026267 0.109617
9.9946E-05 9.9946E-05 9.9946E-05 0.817421 9.9946E-05 9.9946E-05 0.0809012 0.0477998 9.9946E-05 0.053278
9.9955E-05 0.0142672 9.9955E-05 0.89581 9.9955E-05 9.9955E-05 0.0530011 0.00821562 9.9955E-05 0.0282066
0.00576914 9.9955E-05 9.9955E-05 0.875473 0.0608905 9.9955E-05 9.9955E-05 0.0382137 0.019154 9.9955E-05
9.99201E-05 9.99201E-05 9.99201E-05 0.999101 9.99201E-05 9.99201E-05 9.99201E-05 9.99201E-05 9.99201E-05 9.99201E-05
0.0614186 0.069522 0.126773 0.692528 0.0260359 9.9973E-05 9.9973E-05 0.0172754 0.00614718 9.9973E-05
0.013402 0.119176 9.9964E-05 0.775351 0.00648472 9.9964E-05 0.0056513 0.0795346 9.9964E-05 9.9964E-05
0.0216453 9.9946E-05 9.9946E-05 0.866515 9.9946E-05 9.9946E-05 9.9946E-05 0.0292924 9.9946E-05 0.0819473
0.0385968 0.0024057 0.00360202 0.781544 0.034303 0.000951032 0.0274781 0.0367639 0.0538982 0.0204572
9.9946E-05 9.9946E-05 0.0384986 0.804291 9.9946E-05 9.9946E-05 9.9946E-05 9.9946E-05 0.0306913 0.125919
9.99371E-05 9.99371E-05 9.99371E-05 0.921734 9.99371E-05 9.99371E-05 0.0401536 9.99371E-05 0.0374125 9.99371E-05
0.0340711 0.0520056 9.9973E-05 0.843507 0.0464632 0.00184599 9.9973E-05 0.0141193 0.00768753 9.9973E-05
9.9955E-05 0.0325767 0.122773 0.794584 9.9955E-05 9.9955E-05 9.9955E-05 0.0405635 0.0090027 9.9955E-05
0.0168078 9.9964E-05 0.0798889 0.68816 0.101325 9.9964E-05 9.9964E-05 0.0412785 0.0721405 9.9964E-05
9.995E-05 9.995E-05 9.995E-05 0.757262 0.0148878 9.995E-05 0.126693 0.024371 9.995E-05 0.0762864
9.9946E-05 9.9946E-05 0.00350867 0.784524 9.9946E-05 9.9946E-05 9.9946E-05 9.9946E-05 0.043023 0.168344
0.265383 9.9955E-05 0.0869242 0.619867 9.9955E-05 9.9955E-05 0.0190067 0.00831905 9.9955E-05 9.9955E-05
0.0066023 0.0530382 0.283757 0.528727 9.9973E-05 9.9973E-05 0.0385678 0.0238313 9.9973E-05 0.0651764
0.0170083 0.0723471 0.188508 0.599731 9.9982E-05 0.0155032 9.9982E-05 0.0634075 0.0114846 0.0318102
0.0157563 0.0309776 0.252482 0.66838 0.0183343 9.9973E-05 0.00532332 9.9973E-05 0.0084461 9.9973E-05
0.454446 0.0588352 0.0586529 0.0274119 0.0942457 0.0600019 9.9982E-05 0.0498533 9.9982E-05 0.196353
0.5069 0.0792664 0.17858 9.9964E-05 0.0835585 0.0044358 9.9964E-05 9.9964E-05 9.9964E-05 0.146859
0.461125 9.9973E-05 0.0495416 0.081958 0.0990797 0.0471096 9.9973E-05 0.0362499 9.9973E-05 0.224636
0.533647 0.0653057 0.0810711 9.9973E-05 0.0635313 0.0244222 9.9973E-05 0.0230563 9.9973E-05 0.208666
0.366596 0.0787978 0.168314 0.209843 0.0266335 9.997E-05 9.997E-05 0.0838185 9.997E-05 0.065698
0.999101 9.99201E-05 9.99201E-05 9.99201E-05 9.99201E-05 9.99201E-05 9.99201E-05 9.99201E-05 9.99201E-05 9.99201E-05
0.999101 9.99201E-05 9.99201E-05 9.99201E-05 9.99201E-05 9.99201E-05 9.99201E-05 9.99201E-05 9.99201E-05 9.99201E-05
0.436781 0.0391466 9.9973E-05 0.355885 0.0440034 9.9973E-05 0.0835686 0.0351156 9.9973E-05 0.00520014
0.44683 0.0492606 0.104284 0.10777 0.0907831 9.9991E-05 0.0435319 0.0382524 0.0626043 0.0565834
0.285518 0.0062268 0.0778792 0.238948 0.0742828 0.0247155 9.9991E-05 0.0112309 0.0707722 0.210327
0.284162 0.0604479 0.331907 0.219261 9.9973E-05 9.9973E-05 9.9973E-05 0.00857931 0.0214794 0.0738631
0.536903 9.9973E-05 0.0948004 0.229874 0.0481035 9.9973E-05 0.0442806 0.0251694 9.9973E-05 0.0205688
0.935265 0.0266497 9.9955E-05 0.0111469 9.9955E-05 9.9955E-05 9.9955E-05 9.9955E-05 0.00689157 0.0195473
0.305428 0.0200777 0.329138 0.214432 0.0406159 0.0122456 0.0443126 9.9991E-05 0.0304657 0.00318434
0.260002 9.9982E-05 0.351081 0.24503 0.0326802 0.0224856 0.0212687 0.00415723 0.0630956 9.9982E-05
0.545346 9.9973E-05 0.0948112 0.0374195 0.0951795 0.00372596 9.9973E-05 0.0906059 9.9973E-05 0.132612
0.324248 0.0913431 0.217133 0.161433 0.0123706 9.9982E-05 9.9982E-05 0.0764512 0.0716072 0.0452129
0.459319 0.0873215 0.0868511 0.167369 0.0557941 0.0343501 0.0262571 9.9982E-05 9.9982E-05 0.0825387
0.991016 0.00581906 9.9937E-05 9.9937E-05 9.9937E-05 9.9937E-05 9.9937E-05 9.9937E-05 0.00246569 9.9937E-05
0.375777 0.119928 0.264767 0.162757 9.9964E-05 9.9964E-05 9.9964E-05 9.9964E-05 0.0439879 0.0323831
0.608637 0.0756364 9.9973E-05 0.216538 0.0634931 9.9973E-05 0.0247048 0.00248851 0.0082023 9.9973E-05
0.636522 0.00922697 0.106864 0.0876846 0.125019 0.00318713 9.9982E-05 9.9982E-05 0.0187262 0.0125694
0.395463 0.0355347 0.255246 0.182934 0.0244701 0.035926 9.9982E-05 0.0564261 0.0138003 9.9982E-05
0.882916 9.9955E-05 9.9955E-05 9.9955E-05 0.0760176 0.00303436 0.0316478 0.00588473 9.9955E-05 9.9955E-05
0.652173 0.0375092 0.110875 0.0673738 0.0758728 9.9964E-05 9.9964E-05 9.9964E-05 9.9964E-05 0.0557963
0.92285 9.9955E-05 9.9955E-05 9.9955E-05 0.00155875 0.0214656 0.0391874 0.0144383 9.9955E-05 9.9955E-05
0.628198 9.9937E-05 0.359208 9.9937E-05 9.9937E-05 0.0118941 9.9937E-05 9.9937E-05 9.9937E-05 9.9937E-05
0.846228 9.9946E-05 9.9946E-05 9.9946E-05 0.0431575 0.0342125 0.0758027 9.9946E-05 9.9946E-05 9.9946E-05
0.385661 0.0195602 0.182838 0.259505 0.0208774 9.9973E-05 9.9973E-05 0.0476603 9.9973E-05 0.083598
0.960504 9.9946E-05 9.9946E-05 9.9946E-05 0.0309607 9.9946E-05 0.00424909 0.00368617 9.9946E-05 9.9946E-05
0.587185 9.9982E-05 0.0357292 0.0580299 0.0249634 0.0973312 9.9982E-05 0.0884566 0.0232662 0.0848382
0.452333 0.00865373 0.405555 0.0690857 0.00327816 9.9973E-05 9.9973E-05 0.0256899 9.9973E-05 0.0351055
0.727214 0.0226442 0.11306 0.0256625 9.9964E-05 9.9964E-05 0.0158231 9.9964E-05 0.0951965 9.9964E-05
0.688312 0.0490472 0.203124 9.9946E-05 9.9946E-05 9.9946E-05 9.9946E-05 9.9946E-05 0.0589174 9.9946E-05
0.46055 0.0117391 0.305032 0.041417 0.0769879 9.9982E-05 0.0393701 0.0120543 0.0526502 9.9982E-05
0.606348 0.0833041 0.238705 0.0280154 9.9964E-05 9.9964E-05 0.0230165 9.9964E-05 0.0202106 9.9964E-05
0.742363 0.0110303 0.193063 9.9973E-05 9.9973E-05 0.027019 0.004753 0.020653 9.9973E-05 0.00081931
0.477562 9.999E-05 0.268852 0.0072594 0.0317511 0.0344313 0.151526 0.0103615 0.00333177 0.0148253
9.9946E-05 9.9946E-05 0.961492 9.9946E-05 9.9946E-05 0.00678028 0.0165909 9.9946E-05 9.9946E-05 0.0145372
0.0591582 9.9946E-05 0.915291 9.9946E-05 9.9946E-05 9.9946E-05 0.00501341 0.0199374 9.9946E-05 9.9946E-05
9.99281E-05 9.99281E-05 0.993756 9.99281E-05 9.99281E-05 9.99281E-05 9.99281E-05 0.00544475 9.99281E-05 9.99281E-05
0.0154662 9.99371E-05 0.973674 9.99371E-05 9.99371E-05 9.99371E-05 0.0101602 9.99371E-05 9.99371E-05 9.99371E-05
0.0155183 9.99281E-05 0.983682 9.99281E-05 9.99281E-05 9.99281E-05 9.99281E-05 9.99281E-05 9.99281E-05 9.99281E-05
0.107629 0.0622356 0.492489 0.123878 0.105888 0.0340303 9.9982E-05 9.9982E-05 0.00436514 0.0692856
0.0910376 9.9973E-05 0.541657 9.9973E-05 0.0597725 0.133009 0.027604 0.028754 9.9973E-05 0.117866
0.0913906 0.0151366 0.596571 9.9973E-05 9.9973E-05 0.106383 9.9973E-05 0.0973241 0.0221669 0.0707274
0.108768 0.0341324 0.453038 0.119661 0.0529212 0.0332152 0.0169717 0.0629758 0.0248303 0.0934864
0.1557 0.0679417 0.529755 0.0907703 0.0837013 0.046959 9.9982E-05 9.9982E-05 0.00174587 0.0232272
0.086814 0.0355554 0.572583 9.9982E-05 0.0607677 0.0692369 0.0362468 0.0334081 9.9982E-05 0.105188
0.156143 0.12255 0.342654 0.0772184 0.121089 0.0740695 9.9982E-05 0.0848267 0.0212492 9.9982E-05
0.275615 9.9982E-05 0.224767 9.9982E-05 0.0212103 0.0803929 0.20861 0.0395394 0.00179077 0.147875
0.265586 9.9973E-05 0.24295 9.9973E-05 0.0523883 0.0332411 0.203043 0.0391351 9.9973E-05 0.163356
0.16353 0.18955 0.344627 0.00253045 0.0210788 0.147953 9.9991E-05 0.0899575 0.0233421 0.0173311
9.99281E-05 9.99281E-05 9.99281E-05 9.99281E-05 0.00790566 0.991295 9.99281E-05 9.99281E-05 9.99281E-05 9.99281E-05
0.00350223 9.9973E-05 0.0138097 9.9973E-05 0.0325667 0.888092 9.9973E-05 0.00290389 0.0344947 0.0243308
0.060275 9.9964E-05 9.9964E-05 0.0453467 9.9964E-05 0.831676 0.0394322 9.9964E-05 0.0021508 0.0207191
9.99281E-05 9.99281E-05 9.99281E-05 9.99281E-05 9.99281E-05 0.989447 9.99281E-05 0.00975328 9.99281E-05 9.99281E-05
9.99201E-05 9.99201E-05 9.99201E-05 9.99201E-05 9.99201E-05 0.999101 9.99201E-05 9.99201E-05 9.99201E-05 9.99201E-05
9.99201E-05 9.99201E-05 9.99201E-05 9.99201E-05 9.99201E-05 0.999101 9.99201E-05 9.99201E-05 9.99201E-05 9.99201E-05
9.99201E-05 9.99201E-05 9.99201E-05 9.99201E-05 9.99201E-05 0.999101 9.99201E-05 9.99201E-05 9.99201E-05 9.99201E-05
9.9955E-05 9.9955E-05 0.0595911 0.0669905 0.0145996 0.852762 9.9955E-05 0.00555695 9.9955E-05 9.9955E-05
9.99281E-05 9.99281E-05 9.99281E-05 9.99281E-05 9.99281E-05 0.990968 9.99281E-05 9.99281E-05 0.0082326 9.99281E-05
9.99281E-05 9.99281E-05 9.99281E-05 9.99281E-05 9.99281E-05 0.992615 0.00658606 9.99281E-05 9.99281E-05 9.99281E-05
9.9982E-05 0.107868 0.426574 0.0801996 0.182014 0.0590164 0.0806839 0.0609297 0.00251487 9.9982E-05
0.110748 9.9946E-05 0.00543256 9.9946E-05 9.9946E-05 0.863628 0.0195918 9.9946E-05 9.9946E-05 9.9946E-05
9.99281E-05 0.0126304 9.99281E-05 9.99281E-05 9.99281E-05 0.98657 9.99281E-05 9.99281E-05 9.99281E-05 9.99281E-05
0.000968904 0.00324747 9.9946E-05 9.9946E-05 9.9946E-05 0.992446 0.00273781 9.9946E-05 9.9946E-05 9.9946E-05
9.99281E-05 0.0138652 0.985335 9.99281E-05 9.99281E-05 9.99281E-05 9.99281E-05 9.99281E-05 9.99281E-05 9.99281E-05
9.99201E-05 9.99201E-05 0.999101 9.99201E-05 9.99201E-05 9.99201E-05 9.99201E-05 9.99201E-05 9.99201E-05 9.99201E-05
9.99281E-05 9.99281E-05 0.991895 9.99281E-05 9.99281E-05 9.99281E-05 0.00730529 9.99281E-05 9.99281E-05 9.99281E-05
9.9928E-05 9.9928E-05 0.998112 9.9928E-05 9.9928E-05 9.9928E-05 9.9928E-05 0.00108843 9.9928E-05 9.9928E-05
9.9955E-05 9.9955E-05 0.768395 0.0558547 0.124619 0.0201622 9.9955E-05 0.0304693 9.9955E-05 9.9955E-05
9.9955E-05 0.0087393 0.705496 0.118061 0.0899983 9.9955E-05 0.0772054 9.9955E-05 9.9955E-05 9.9955E-05
9.9955E-05 9.9955E-05 0.716942 0.0820559 0.0540358 0.0705358 0.0759303 9.9955E-05 9.9955E-05 9.9955E-05
0.00542115 0.015589 0.809658 9.9955E-05 0.0961579 9.9955E-05 0.0726742 9.9955E-05 9.9955E-05 9.9955E-05
9.9955E-05 9.9955E-05 0.832541 9.9955E-05 0.0298696 0.0717378 0.0371784 0.0281738 9.9955E-05 9.9955E-05
9.9946E-05 9.9946E-05 0.866339 9.9946E-05 9.9946E-05 0.0533662 0.0541776 0.0255179 9.9946E-05 9.9946E-05
9.9991E-05 0.0133748 0.733799 0.07836 0.046318 0.0417861 0.052772 0.026675 0.00517356 0.00164165
9.9964E-05 0.0254228 0.805764 0.0280142 9.9964E-05 0.0602795 0.0763116 0.00380804 9.9964E-05 9.9964E-05
0.0511232 0.0285049 0.686455 9.9973E-05 0.0798601 9.9973E-05 0.0894837 0.0533078 0.0109658 9.9973E-05
0.0164167 0.0243482 0.69825 9.9973E-05 0.135311 0.0281854 9.9973E-05 0.0470186 9.9973E-05 0.0501698
9.9955E-05 9.9955E-05 9.9955E-05 0.0351981 0.942205 0.00442875 0.0167002 0.000968173 9.9955E-05 9.9955E-05
9.9973E-05 0.0520598 9.9973E-05 9.9973E-05 0.88328 0.0118857 0.0157922 0.00546528 0.00045113 0.0307659
9.99201E-05 9.99201E-05 9.99201E-05 9.99201E-05 0.999101 9.99201E-05 9.99201E-05 9.99201E-05 9.99201E-05 9.99201E-05
0.00360698 0.00207824 9.9937E-05 9.9937E-05 0.993615 9.9937E-05 9.9937E-05 9.9937E-05 9.9937E-05 9.9937E-05
9.9937E-05 0.0388905 9.9937E-05 9.9937E-05 0.95316 0.00725007 9.9937E-05 9.9937E-05 9.9937E-05 9.9937E-05
9.99201E-05 9.99201E-05 9.99201E-05 9.99201E-05 0.999101 9.99201E-05 9.99201E-05 9.99201E-05 9.99201E-05 9.99201E-05
9.99281E-05 9.99281E-05 9.99281E-05 0.043485 0.955716 9.99281E-05 9.99281E-05 9.99281E-05 9.99281E-05 9.99281E-05
0.0514369 9.9973E-05 0.0193202 9.9973E-05 0.757624 9.9973E-05 0.125865 0.000533461 0.0308472 0.0140733
9.99281E-05 9.99281E-05 9.99281E-05 9.99281E-05 0.995436 9.99281E-05 9.99281E-05 0.00376464 9.99281E-05 9.99281E-05
9.99201E-05 9.99201E-05 9.99201E-05 9.99201E-05 0.999101 9.99201E-05 9.99201E-05 9.99201E-05 9.99201E-05 9.99201E-05
9.9955E-05 9.9955E-05 9.9955E-05 9.9955E-05 0.879548 0.0255648 0.0553314 9.9955E-05 0.0231367 0.0159196
9.99281E-05 0.0192617 9.99281E-05 9.99281E-05 0.979939 9.99281E-05 9.99281E-05 9.99281E-05 9.99281E-05 9.99281E-05
0.0889765 9.997E-05 0.0259065 9.997E-05 0.692397 0.0786927 0.0136682 0.0796392 9.997E-05 0.0204204
9.99201E-05 9.99201E-05 9.99201E-05 9.99201E-05 9.99201E-05 9.99201E-05 9.99201E-05 0.999101 9.99201E-05 9.99201E-05
0.0520581 0.0450965 0.472823 9.9982E-05 0.155667 0.0737616 0.0587004 0.101368 9.9982E-05 0.0403259
9.99201E-05 9.99201E-05 9.99201E-05 9.99201E-05 9.99201E-05 9.99201E-05 9.99201E-05 0.999101 9.99201E-05 9.99201E-05
9.99201E-05 9.99201E-05 9.99201E-05 9.99201E-05 9.99201E-05 9.99201E-05 9.99201E-05 0.999101 9.99201E-05 9.99201E-05
9.99461E-05 9.99461E-05 9.99461E-05 9.99461E-05 9.99461E-05 9.99461E-05 0.0551098 0.932169 0.00358389 0.0085377
0.105383 0.00918272 9.9973E-05 0.047108 0.063114 9.9973E-05 0.0168762 0.738201 0.0198348 9.9973E-05
9.99201E-05 9.99201E-05 9.99201E-05 9.99201E-05 9.99201E-05 9.99201E-05 9.99201E-05 0.999101 9.99201E-05 9.99201E-05
0.0169916 9.9964E-05 9.9964E-05 9.9964E-05 0.0178191 9.9964E-05 0.044006 0.899655 0.00241135 0.0187176
9.99281E-05 0.00248482 9.99281E-05 9.99281E-05 9.99281E-05 9.99281E-05 9.99281E-05 0.996716 9.99281E-05 9.99281E-05
9.99371E-05 9.99371E-05 9.99371E-05 9.99371E-05 0.0376793 0.0018299 9.99371E-05 0.959791 9.99371E-05 9.99371E-05
9.99281E-05 9.99281E-05 9.99281E-05 9.99281E-05 9.99281E-05 9.99281E-05 9.99281E-05 0.994298 0.00490301 9.99281E-05
0.00424663 9.9964E-05 0.00788893 9.9964E-05 0.0199634 0.015049 0.0018232 0.950629 9.9964E-05 9.9964E-05
9.9955E-05 0.0103318 9.9955E-05 0.0130114 0.0642492 9.9955E-05 9.9955E-05 0.902812 0.0090961 9.9955E-05
0.00692533 0.00401298 0.0212156 9.9982E-05 0.0851868 0.0336198 0.0112963 0.782634 9.9982E-05 0.0549096
0.0072193 9.996E-05 0.0255932 0.00804764 9.996E-05 9.996E-05 0.0362856 0.914987 0.00746737 9.996E-05
0.112036 9.9946E-05 9.9946E-05 9.9946E-05 9.9946E-05 0.0214728 0.06352 0.802371 9.9946E-05 9.9946E-05
0.0658952 0.0303022 9.9964E-05 9.9964E-05 9.9964E-05 0.00526812 0.0614998 0.835062 0.00157256 9.9964E-05
0.0660487 0.07778 9.9955E-05 9.9955E-05 9.9955E-05 9.9955E-05 9.9955E-05 0.83407 0.010348 0.0112533
0.0144253 9.9946E-05 0.0328073 9.9946E-05 0.0364648 9.9946E-05 9.9946E-05 0.915703 9.9946E-05 9.9946E-05
0.137518 0.277602 0.321463 9.9982E-05 0.0248928 0.060011 0.0985527 0.0394657 0.0402947 9.9982E-05
0.154235 0.267503 0.266871 0.0661486 0.00660923 0.0810422 0.0637831 0.0888885 0.00481983 9.9991E-05
0.180375 0.312645 0.240876 0.0151281 9.9982E-05 0.06754 0.0844755 0.044752 0.0540091 9.9982E-05
0.165391 0.269627 0.371989 9.9973E-05 9.9973E-05 0.00398985 0.0820795 0.0565528 0.0500706 9.9973E-05
9.9973E-05 0.0148456 0.00154483 0.0686847 0.0582822 0.00260529 0.843094 0.0106437 9.9973E-05 9.9973E-05
9.99201E-05 9.99201E-05 9.99201E-05 9.99201E-05 9.99201E-05 9.99201E-05 0.999101 9.99201E-05 9.99201E-05 9.99201E-05
9.9946E-05 0.0150714 9.9946E-05 9.9946E-05 0.0130837 9.9946E-05 0.970659 0.000586555 9.9946E-05 9.9946E-05
9.99201E-05 9.99201E-05 9.99201E-05 9.99201E-05 9.99201E-05 9.99201E-05 0.999101 9.99201E-05 9.99201E-05 9.99201E-05
9.9955E-05 0.0224164 0.0178192 9.9955E-05 9.9955E-05 0.0227452 0.930628 0.00589187 9.9955E-05 9.9955E-05
9.9937E-05 0.0225603 0.0304945 9.9937E-05 9.9937E-05 9.9937E-05 0.946246 9.9937E-05 9.9937E-05 9.9937E-05
9.9955E-05 0.0105945 0.0231842 9.9955E-05 9.9955E-05 0.0210864 0.928362 9.9955E-05 0.0162729 9.9955E-05
0.00952098 0.0334009 0.0543009 0.113424 0.0382942 0.00979758 0.715063 0.0259982 9.9982E-05 9.9982E-05
0.103235 0.00983127 0.0255436 9.9973E-05 9.9973E-05 0.0164039 0.780019 0.0493667 0.0153012 9.9973E-05
0.0105417 0.96546 0.0159244 9.9946E-05 9.9946E-05 9.9946E-05 9.9946E-05 9.9946E-05 9.9946E-05 0.00747466
9.99201E-05 0.999101 9.99201E-05 9.99201E-05 9.99201E-05 9.99201E-05 9.99201E-05 9.99201E-05 9.99201E-05 9.99201E-05
9.99281E-05 0.995245 9.99281E-05 9.99281E-05 0.00395601 9.99281E-05 9.99281E-05 9.99281E-05 9.99281E-05 9.99281E-05
9.99281E-05 0.997119 9.99281E-05 9.99281E-05 9.99281E-05 9.99281E-05 9.99281E-05 0.00208197 9.99281E-05 9.99281E-05
9.99201E-05 0.999101 9.99201E-05 9.99201E-05 9.99201E-05 9.99201E-05 9.99201E-05 9.99201E-05 9.99201E-05 9.99201E-05
0.0461184 0.834479 0.0728727 9.9955E-05 9.9955E-05 9.9955E-05 0.0373814 0.0086491 9.9955E-05 9.9955E-05
9.99201E-05 0.999101 9.99201E-05 9.99201E-05 9.99201E-05 9.99201E-05 9.99201E-05 9.99201E-05 9.99201E-05 9.99201E-05
9.99201E-05 0.999101 9.99201E-05 9.99201E-05 9.99201E-05 9.99201E-05 9.99201E-05 9.99201E-05 9.99201E-05 9.99201E-05
9.99201E-05 0.999101 9.99201E-05 9.99201E-05 9.99201E-05 9.99201E-05 9.99201E-05 9.99201E-05 9.99201E-05 9.99201E-05
0.0280875 0.940344 9.9946E-05 9.9946E-05 0.0207194 9.9946E-05 9.9946E-05 0.0102493 9.9946E-05 9.9946E-05
9.99201E-05 0.999101 9.99201E-05 9.99201E-05 9.99201E-05 9.99201E-05 9.99201E-05 9.99201E-05 9.99201E-05 9.99201E-05
9.9946E-05 0.981751 9.9946E-05 0.00319742 0.000387979 9.9946E-05 0.014064 9.9946E-05 9.9946E-05 9.9946E-05
