9.99201E-05 9.99201E-05 9.99201E-05 9.99201E-05 9.99201E-05 9.99201E-05 9.99201E-05 9.99201E-05 9.99201E-05 0.999101
9.9946E-05 9.9946E-05 0.0541027 9.9946E-05 9.9946E-05 9.9946E-05 9.9946E-05 0.622949 0.0784598 0.243889
9.9946E-05 9.9946E-05 0.0242529 9.9946E-05 9.9946E-05 9.9946E-05 9.9946E-05 0.605978 0.121337 0.247832
9.99371E-05 9.99371E-05 9.99371E-05 9.99371E-05 9.99371E-05 0.0525506 9.99371E-05 0.772127 9.99371E-05 0.174623
0.107337 0.0350728 9.9982E-05 9.9982E-05 0.0472644 0.0081961 0.0102091 0.701363 0.00295818 0.0873995
9.9955E-05 0.0996402 9.9955E-05 9.9955E-05 9.9955E-05 9.9955E-05 0.0682239 0.663713 0.0525159 0.115407
9.9946E-05 9.9946E-05 9.9946E-05 9.9946E-05 9.9946E-05 0.00813902 9.9946E-05 0.758778 0.0101997 0.222283
9.9964E-05 0.0382811 0.0294085 9.9964E-05 9.9964E-05 0.0208001 9.9964E-05 0.54354 0.118986 0.248584
9.9973E-05 0.0182043 0.0253589 9.9973E-05 0.0301245 0.00954093 9.9973E-05 0.717986 0.0523356 0.14615
9.99201E-05 9.99201E-05 9.99201E-05 9.99201E-05 9.99201E-05 9.99201E-05 9.99201E-05 9.99201E-05 9.99201E-05 0.999101
9.99201E-05 9.99201E-05 9.99201E-05 9.99201E-05 9.99201E-05 9.99201E-05 9.99201E-05 9.99201E-05 9.99201E-05 0.999101
9.99201E-05 9.99201E-05 9.99201E-05 9.99201E-05 9.99201E-05 9.99201E-05 9.99201E-05 9.99201E-05 9.99201E-05 0.999101
9.99201E-05 9.99201E-05 9.99201E-05 9.99201E-05 9.99201E-05 9.99201E-05 9.99201E-05 9.99201E-05 9.99201E-05 0.999101
0.0222968 9.9946E-05 9.9946E-05 9.9946E-05 0.00990519 9.9946E-05 9.9946E-05 0.044245 9.9946E-05 0.922953
0.0148483 0.00975943 9.9955E-05 0.024421 9.9955E-05 9.9955E-05 9.9955E-05 9.9955E-05 0.00761985 0.942852
9.9973E-05 0.0601023 9.9973E-05 0.0376606 0.0126391 0.216333 9.9973E-05 0.485613 0.0359725 0.15138
0.101859 0.0259317 0.0395136 0.04712 0.024965 0.0625481 0.00708796 0.381052 0.0907913 0.219131
9.9955E-05 9.9955E-05 9.9955E-05 9.9955E-05 9.9955E-05 0.0736938 0.0360698 0.720924 0.00256384 0.166249
0.0342292 0.026233 9.9946E-05 9.9946E-05 0.0505966 9.9946E-05 9.9946E-05 0.888342 9.9946E-05 9.9946E-05
0.032261 0.0448584 9.9964E-05 0.0240208 0.020781 9.9964E-05 0.0149377 0.862741 9.9964E-05 9.9964E-05
9.9955E-05 9.9955E-05 0.00385167 9.9955E-05 0.0521232 9.9955E-05 0.108336 0.809614 9.9955E-05 0.0255756
0.0652045 0.0345474 9.9964E-05 0.0185222 9.9964E-05 9.9964E-05 0.0803822 0.755805 0.0451384 9.9964E-05
0.110911 9.9946E-05 9.9946E-05 9.9946E-05 9.9946E-05 0.0170592 9.9946E-05 0.866365 0.0050648 9.9946E-05
0.0191541 0.000833631 9.9964E-05 0.0431002 9.9964E-05 9.9964E-05 9.9964E-05 0.904251 0.0207176 0.0115437
9.9955E-05 9.9955E-05 0.00846692 0.00735797 0.012451 0.139954 9.9955E-05 0.831271 9.9955E-05 9.9955E-05
0.0038107 0.0480554 9.9982E-05 0.0783028 0.0475298 0.0555674 0.124462 0.638937 0.00313486 9.9982E-05
0.0280142 0.010796 9.9964E-05 9.9964E-05 0.0715912 9.9964E-05 0.106232 0.724925 0.0580417 9.9964E-05
9.99281E-05 0.0955857 9.99281E-05 9.99281E-05 9.99281E-05 9.99281E-05 9.99281E-05 0.903615 9.99281E-05 9.99281E-05
0.0220548 0.0244453 9.9982E-05 0.0210912 0.0409649 9.9982E-05 0.120308 0.743037 0.00206105 0.0258379
0.0183819 9.9973E-05 9.9973E-05 0.00526532 0.00585506 0.0162053 0.0605666 0.853947 9.9973E-05 0.0394791
0.0627794 9.9964E-05 9.9964E-05 0.0200752 0.0174573 9.9964E-05 0.0118742 0.837543 9.9964E-05 0.0498707
9.9964E-05 0.0877461 0.0368162 0.0279811 0.0367694 9.9964E-05 0.0525392 0.757748 9.9964E-05 9.9964E-05
0.0114649 9.9955E-05 9.9955E-05 9.9955E-05 0.0237692 9.9955E-05 0.151283 0.776355 0.036628 9.9955E-05
9.9973E-05 0.00972935 0.00249099 0.108321 9.9973E-05 9.9973E-05 0.175286 0.650523 0.0259783 0.0273707
0.113869 0.00351607 9.9973E-05 0.0436728 0.0294666 0.0314261 0.00462266 0.773127 9.9973E-05 9.9973E-05
9.9946E-05 9.9946E-05 9.9946E-05 9.9946E-05 0.0347868 9.9946E-05 0.0251261 0.910898 9.9946E-05 0.0285898
0.0609929 9.9964E-05 9.9964E-05 9.9964E-05 0.00802125 0.308704 0.128847 0.478398 0.0146369 9.9964E-05
0.0700649 9.9964E-05 9.9964E-05 9.9964E-05 0.0734037 0.039278 0.271426 0.538565 0.00686293 9.9964E-05
9.9973E-05 9.9973E-05 0.0243345 9.9973E-05 0.084108 0.0900397 0.245367 0.504417 0.0458542 0.00557901
9.9955E-05 9.9955E-05 9.9955E-05 9.9955E-05 0.0335319 0.097142 0.344122 0.522743 9.9955E-05 0.00196204
9.9964E-05 9.9964E-05 0.0640457 0.0449677 9.9964E-05 0.76934 0.0632465 0.00676124 0.0512388 9.9964E-05
0.0684319 9.9973E-05 0.019379 0.0178689 0.0729416 0.709441 0.0258553 9.9973E-05 0.0857822 9.9973E-05
9.9973E-05 0.116301 0.0605732 0.0768301 9.9973E-05 0.5105 9.9973E-05 0.130317 0.0740167 0.0311619
9.9964E-05 9.9964E-05 0.0560009 0.0423656 0.00462203 0.826943 0.051506 9.9964E-05 0.0181624 9.9964E-05
9.9973E-05 0.0744661 9.9973E-05 0.00136954 0.0634329 0.389881 0.172826 0.229006 0.0687181 9.9973E-05
9.99201E-05 9.99201E-05 9.99201E-05 9.99201E-05 9.99201E-05 0.999101 9.99201E-05 9.99201E-05 9.99201E-05 9.99201E-05
9.99201E-05 9.99201E-05 9.99201E-05 9.99201E-05 9.99201E-05 0.999101 9.99201E-05 9.99201E-05 9.99201E-05 9.99201E-05
0.0602701 0.0731565 9.9973E-05 0.0549205 0.0635812 0.354411 9.9973E-05 0.365155 0.0282061 9.9973E-05
0.0445991 0.0762685 9.9991E-05 0.0682163 0.0846249 0.444331 0.0523624 0.136945 0.0400917 0.052462
9.9982E-05 0.0539397 0.0515197 0.0866905 9.9982E-05 0.260132 0.028868 0.432589 0.031974 0.0540869
9.9973E-05 9.9973E-05 0.0512208 9.9973E-05 0.0566121 0.504964 0.11625 0.190619 0.0560961 0.0239378
0.0366613 0.170539 9.9991E-05 0.0230941 0.0518995 0.387685 0.118717 0.173825 0.0355302 0.00194888
0.0306845 9.9955E-05 9.9955E-05 9.9955E-05 0.0189043 0.931913 9.9955E-05 9.9955E-05 0.00369819 0.0143001
0.0491256 0.064598 9.9973E-05 9.9973E-05 0.033019 0.224864 0.433106 0.12338 9.9973E-05 0.0716078
0.0410829 0.0343919 0.0134938 0.0247334 0.0290297 0.263829 0.3574 0.173959 9.9991E-05 0.0619801
9.9973E-05 0.0736971 0.0453329 0.0826713 9.9973E-05 0.452665 0.0925881 0.178544 0.0742016 9.9973E-05
9.9973E-05 9.9973E-05 9.9973E-05 0.0530992 0.044975 0.36049 0.19077 0.168221 0.0957791 0.0863665
9.9973E-05 0.0945083 0.0303293 0.0416421 0.0909093 0.382276 0.110029 0.250006 9.9973E-05 9.9973E-05
9.99201E-05 9.99201E-05 9.99201E-05 9.99201E-05 9.99201E-05 0.999101 9.99201E-05 9.99201E-05 9.99201E-05 9.99201E-05
9.9973E-05 9.9973E-05 9.9973E-05 0.0166085 0.049091 0.404672 0.237558 0.176138 0.0705859 0.0450454
0.0590431 0.0218407 0.0162063 0.0593798 0.0643384 0.602576 9.9973E-05 0.176316 9.9973E-05 9.9973E-05
9.99551E-05 9.99551E-05 0.0319832 0.167927 9.99551E-05 0.677924 0.0974083 9.99551E-05 9.99551E-05 0.0242582
0.031358 0.155398 0.0546638 0.0302009 0.0319997 0.399553 0.133486 0.125192 0.0380482 9.9991E-05
0.00903497 0.949251 9.9937E-05 9.9937E-05 0.0410145 9.9937E-05 9.9937E-05 9.9937E-05 9.9937E-05 9.9937E-05
9.9964E-05 9.9964E-05 9.9964E-05 0.114525 0.0581509 0.583793 0.137943 0.0852556 9.9964E-05 0.0199331
9.99201E-05 0.999101 9.99201E-05 9.99201E-05 9.99201E-05 9.99201E-05 9.99201E-05 9.99201E-05 9.99201E-05 9.99201E-05
9.9946E-05 0.188532 0.0492308 9.9946E-05 9.9946E-05 0.447532 0.314105 9.9946E-05 9.9946E-05 9.9946E-05
0.049285 0.941878 0.00479887 0.00343873 9.9946E-05 9.9946E-05 9.9946E-05 9.9946E-05 9.9946E-05 9.9946E-05
0.0311771 0.177913 0.0414408 9.9973E-05 0.037564 0.315561 0.0768224 0.319222 9.9973E-05 9.9973E-05
9.99201E-05 0.999101 9.99201E-05 9.99201E-05 9.99201E-05 9.99201E-05 9.99201E-05 9.99201E-05 9.99201E-05 9.99201E-05
9.9982E-05 0.179922 0.08889 0.0111588 9.9982E-05 0.376344 0.11495 0.141338 0.0442759 0.0429202
0.0436226 0.0427411 0.0247792 0.0674034 0.0217586 0.526106 0.225212 0.0104867 0.0377904 9.9991E-05
9.9973E-05 0.379958 9.9973E-05 9.9973E-05 0.0401656 0.35808 0.103337 0.0170728 0.0140925 0.0869941
9.9964E-05 0.281992 9.9964E-05 9.9964E-05 0.0691126 0.452318 0.151567 9.9964E-05 0.00764139 0.0369694
0.0516274 0.108489 9.9973E-05 0.11031 9.9973E-05 0.346779 0.301132 9.9973E-05 0.0297416 0.0516204
0.0377763 0.141265 0.00349913 9.9982E-05 0.111327 0.523253 0.165327 0.00558581 9.9982E-05 0.0117668
0.0129693 0.288879 0.017912 9.9982E-05 0.00999734 0.406586 0.187257 0.0193505 0.0568486 9.9982E-05
0.135292 0.199111 0.0807133 0.0206699 9.9991E-05 0.314316 0.210318 0.026819 0.000798791 0.0118618
0.0419089 9.9946E-05 9.9946E-05 9.9946E-05 9.9946E-05 9.9946E-05 0.918575 0.0188014 0.0201147 9.9946E-05
9.9937E-05 0.0132999 9.9937E-05 9.9937E-05 0.00547256 9.9937E-05 0.980528 9.9937E-05 9.9937E-05 9.9937E-05
9.9955E-05 0.0103436 9.9955E-05 9.9955E-05 9.9955E-05 0.011049 0.967543 9.9955E-05 0.00496948 0.00559535
9.99371E-05 0.0296886 9.99371E-05 9.99371E-05 9.99371E-05 0.00239778 0.967214 9.99371E-05 9.99371E-05 9.99371E-05
9.99281E-05 0.0235998 9.99281E-05 9.99281E-05 9.99281E-05 9.99281E-05 0.975601 9.99281E-05 9.99281E-05 9.99281E-05
9.9982E-05 9.9982E-05 0.0889899 0.03053 0.0534447 0.0902417 0.435562 0.282541 0.00846834 0.0100225
0.0104234 0.0164022 0.14312 0.0631072 0.0201816 0.230783 0.512429 9.9991E-05 0.00216128 0.00129223
9.9964E-05 9.9964E-05 0.119735 9.9964E-05 0.012977 0.205006 0.490214 0.0537278 0.117941 9.9964E-05
0.00884894 0.0805161 0.0338184 0.0416348 0.0374492 0.118309 0.442259 0.107267 0.0806694 0.0492273
9.9982E-05 9.9982E-05 0.133755 0.0842252 0.0926347 0.168289 0.390127 0.116855 0.00407393 0.00984104
0.0640039 9.9973E-05 0.0807788 0.104495 0.0793059 0.269184 0.398824 9.9973E-05 9.9973E-05 0.00310836
9.999E-05 0.0357407 0.06448 0.124318 0.151287 0.175479 0.361211 0.013268 0.0587386 0.015377
0.245381 0.00739645 0.106443 0.0265563 9.9991E-05 0.315413 0.186981 0.0350305 0.0439311 0.0327677
0.209294 9.9982E-05 0.0551672 0.094044 9.9982E-05 0.329898 0.197782 0.0480624 0.0357868 0.0297648
9.9982E-05 9.9982E-05 0.137629 0.0519468 0.181917 0.177443 0.360311 0.0100251 0.0620178 0.018511
9.9946E-05 9.9946E-05 0.968705 0.000991666 9.9946E-05 9.9946E-05 0.0180634 9.9946E-05 0.0116407 9.9946E-05
9.9946E-05 0.0198863 0.947425 9.9946E-05 9.9946E-05 9.9946E-05 0.0300716 9.9946E-05 9.9946E-05 0.00201721
0.0109698 0.00189991 0.861357 9.9973E-05 9.9973E-05 0.0511779 0.0419146 0.00390689 9.9973E-05 0.028474
9.99201E-05 9.99201E-05 0.999101 9.99201E-05 9.99201E-05 9.99201E-05 9.99201E-05 9.99201E-05 9.99201E-05 9.99201E-05
9.99201E-05 9.99201E-05 0.999101 9.99201E-05 9.99201E-05 9.99201E-05 9.99201E-05 9.99201E-05 9.99201E-05 9.99201E-05
9.99201E-05 9.99201E-05 0.999101 9.99201E-05 9.99201E-05 9.99201E-05 9.99201E-05 9.99201E-05 9.99201E-05 9.99201E-05
0.00788571 9.9937E-05 0.97602 9.9937E-05 9.9937E-05 9.9937E-05 9.9937E-05 0.015395 9.9937E-05 9.9937E-05
0.00598072 9.9964E-05 0.846368 9.9964E-05 9.9964E-05 0.00473252 0.0502183 0.0616611 0.0306393 9.9964E-05
9.99281E-05 9.99281E-05 0.986457 9.99281E-05 0.0127436 9.99281E-05 9.99281E-05 9.99281E-05 9.99281E-05 9.99281E-05
9.99201E-05 9.99201E-05 0.999101 9.99201E-05 9.99201E-05 9.99201E-05 9.99201E-05 9.99201E-05 9.99201E-05 9.99201E-05
0.037417 0.0537151 0.0208091 0.213046 0.0877575 9.9991E-05 0.449254 0.0589864 0.0654543 0.0134603
0.0306178 0.0535288 0.893419 9.9955E-05 0.0188689 0.00306583 9.9955E-05 9.9955E-05 9.9955E-05 9.9955E-05
9.9946E-05 0.021262 0.961254 9.9946E-05 0.0060485 9.9946E-05 0.0108353 9.9946E-05 9.9946E-05 9.9946E-05
9.9946E-05 9.9946E-05 0.956502 0.0264626 0.0155058 9.9946E-05 9.9946E-05 9.9946E-05 9.9946E-05 0.000930244
9.99281E-05 9.99281E-05 9.99281E-05 0.00039184 9.99281E-05 9.99281E-05 0.998809 9.99281E-05 9.99281E-05 9.99281E-05
9.99201E-05 9.99201E-05 9.99201E-05 9.99201E-05 9.99201E-05 9.99201E-05 0.999101 9.99201E-05 9.99201E-05 9.99201E-05
9.99201E-05 9.99201E-05 9.99201E-05 9.99201E-05 9.99201E-05 9.99201E-05 0.999101 9.99201E-05 9.99201E-05 9.99201E-05
9.99201E-05 9.99201E-05 9.99201E-05 9.99201E-05 9.99201E-05 9.99201E-05 0.999101 9.99201E-05 9.99201E-05 9.99201E-05
0.0344048 9.9973E-05 0.0211157 0.0981332 0.0119321 9.9973E-05 0.826366 0.00259193 0.00515609 9.9973E-05
0.100381 9.9946E-05 9.9946E-05 0.09656 9.9946E-05 9.9946E-05 0.682013 0.120446 9.9946E-05 9.9946E-05
0.0798118 0.0265415 0.0503042 0.031381 9.9973E-05 9.9973E-05 0.759615 0.0422312 9.9973E-05 0.00981485
0.069005 0.0126167 9.9955E-05 0.104678 0.00675024 9.9955E-05 0.80645 9.9955E-05 9.9955E-05 9.9955E-05
0.0881113 9.9946E-05 0.0768589 9.9946E-05 9.9946E-05 9.9946E-05 0.829337 9.9946E-05 0.00509296 9.9946E-05
0.050083 9.9937E-05 0.0648 9.9937E-05 9.9937E-05 9.9937E-05 0.884417 9.9937E-05 9.9937E-05 9.9937E-05
9.9973E-05 9.9973E-05 0.00877313 0.0376842 0.0488626 0.0284981 0.764436 0.0941462 0.0172995 9.9973E-05
0.111304 9.9946E-05 0.0227242 9.9946E-05 0.0261778 9.9946E-05 0.839194 9.9946E-05 9.9946E-05 9.9946E-05
0.0328796 0.0700656 9.9973E-05 0.0455392 0.0731038 9.9973E-05 0.726401 9.9973E-05 0.0390049 0.0127062
0.0321534 0.00702021 0.0413164 0.0962784 0.0436065 0.0289489 0.692288 0.00699029 0.0512979 9.9991E-05
0.045221 0.0230882 0.00141186 0.901508 0.0282711 9.9955E-05 9.9955E-05 9.9955E-05 9.9955E-05 9.9955E-05
0.0333451 9.9973E-05 0.0234932 0.849348 0.0449451 9.9973E-05 9.9973E-05 0.00648716 0.0335955 0.00848592
9.99201E-05 9.99201E-05 9.99201E-05 0.999101 9.99201E-05 9.99201E-05 9.99201E-05 9.99201E-05 9.99201E-05 9.99201E-05
9.9937E-05 9.9937E-05 9.9937E-05 0.943413 0.0155423 0.0403449 9.9937E-05 9.9937E-05 9.9937E-05 9.9937E-05
9.9937E-05 9.9937E-05 9.9937E-05 0.967552 0.0160379 9.9937E-05 9.9937E-05 9.9937E-05 0.01571 9.9937E-05
9.99201E-05 9.99201E-05 9.99201E-05 0.999101 9.99201E-05 9.99201E-05 9.99201E-05 9.99201E-05 9.99201E-05 9.99201E-05
9.99371E-05 0.00252689 9.99371E-05 0.992583 9.99371E-05 9.99371E-05 0.00419066 9.99371E-05 9.99371E-05 9.99371E-05
0.139463 9.99461E-05 9.99461E-05 0.790653 9.99461E-05 0.0429937 9.99461E-05 9.99461E-05 9.99461E-05 0.0262903
9.99371E-05 9.99371E-05 9.99371E-05 0.969244 9.99371E-05 0.0283554 9.99371E-05 9.99371E-05 9.99371E-05 0.00170105
9.99201E-05 9.99201E-05 9.99201E-05 0.999101 9.99201E-05 9.99201E-05 9.99201E-05 9.99201E-05 9.99201E-05 9.99201E-05
0.0670392 9.99461E-05 0.0345455 0.881909 9.99461E-05 9.99461E-05 9.99461E-05 9.99461E-05 9.99461E-05 0.0159068
9.9937E-05 9.9937E-05 0.00202411 0.992927 9.9937E-05 9.9937E-05 0.00434958 9.9937E-05 9.9937E-05 9.9937E-05
0.0340783 0.0480712 9.9973E-05 0.757287 9.9973E-05 0.0468556 0.0525021 9.9973E-05 0.059047 0.00185861
9.99201E-05 9.99201E-05 9.99201E-05 9.99201E-05 9.99201E-05 9.99201E-05 9.99201E-05 9.99201E-05 0.999101 9.99201E-05
0.0391938 0.012131 0.0952435 0.0926763 0.0180351 0.0937583 0.57139 9.9982E-05 0.0773723 9.9982E-05
9.99201E-05 9.99201E-05 9.99201E-05 9.99201E-05 9.99201E-05 9.99201E-05 9.99201E-05 9.99201E-05 0.999101 9.99201E-05
9.99201E-05 9.99201E-05 9.99201E-05 9.99201E-05 9.99201E-05 9.99201E-05 9.99201E-05 9.99201E-05 0.999101 9.99201E-05
0.0472298 9.99371E-05 0.00771968 9.99371E-05 9.99371E-05 9.99371E-05 9.99371E-05 9.99371E-05 0.944351 9.99371E-05
9.9973E-05 9.9973E-05 0.0150779 0.037449 0.0139863 0.0726157 0.0145142 0.0318014 0.814256 9.9973E-05
9.99201E-05 9.99201E-05 9.99201E-05 9.99201E-05 9.99201E-05 9.99201E-05 9.99201E-05 9.99201E-05 0.999101 9.99201E-05
0.102264 9.99371E-05 9.99371E-05 9.99371E-05 9.99371E-05 0.0839779 9.99371E-05 9.99371E-05 0.813059 9.99371E-05
0.00710754 9.99281E-05 9.99281E-05 9.99281E-05 9.99281E-05 9.99281E-05 9.99281E-05 9.99281E-05 0.992093 9.99281E-05
9.99281E-05 9.99281E-05 9.99281E-05 9.99281E-05 9.99281E-05 0.00597102 9.99281E-05 9.99281E-05 0.99323 9.99281E-05
9.9937E-05 0.032132 9.9937E-05 9.9937E-05 0.0007343 9.9937E-05 9.9937E-05 9.9937E-05 0.966434 9.9937E-05
9.9946E-05 9.9946E-05 9.9946E-05 0.00433714 0.00387414 9.9946E-05 0.0140086 9.9946E-05 0.97718 9.9946E-05
9.9937E-05 9.9937E-05 0.0141072 0.0254352 9.9937E-05 9.9937E-05 9.9937E-05 9.9937E-05 0.959758 9.9937E-05
9.9973E-05 0.00949448 0.0209166 0.0340942 0.0568686 9.9973E-05 0.0411311 0.0288059 0.808389 9.9973E-05
9.9955E-05 9.9955E-05 9.9955E-05 0.00777844 0.0224233 0.0316206 9.9955E-05 9.9955E-05 0.919379 0.018299
0.0431323 0.0377843 0.0129641 9.9982E-05 0.00698603 0.0430118 0.0224435 9.9982E-05 0.811127 0.022351
0.0392029 9.9946E-05 9.9946E-05 0.0179911 0.0576041 9.9946E-05 9.9946E-05 9.9946E-05 0.884602 9.9946E-05
9.9964E-05 0.0242461 9.9964E-05 9.9964E-05 0.0330645 0.00232043 0.00274685 9.9964E-05 0.907454 0.0297681
9.9964E-05 0.00694581 0.0337036 0.0108684 0.0100548 9.9964E-05 0.00709449 9.9964E-05 0.930933 9.9964E-05
0.112702 0.0135718 0.0570167 0.033905 0.289687 0.154545 0.267795 9.9991E-05 0.0332175 0.0374599
0.0857843 0.00505344 0.0627329 0.0279798 0.234548 0.140513 0.372844 0.0358096 0.0336987 0.00103661
0.112734 0.0861254 0.0868419 0.0507478 0.272594 0.0759875 0.215939 9.9991E-05 0.0495077 0.0494231
0.10224 0.0637831 0.0360204 9.9991E-05 0.31856 0.156992 0.224542 0.00556109 0.0361885 0.0560127
0.923217 0.039881 9.9946E-05 0.0251046 9.9946E-05 9.9946E-05 9.9946E-05 0.0111981 9.9946E-05 9.9946E-05
0.999101 9.99201E-05 9.99201E-05 9.99201E-05 9.99201E-05 9.99201E-05 9.99201E-05 9.99201E-05 9.99201E-05 9.99201E-05
0.95298 9.9946E-05 0.0142229 9.9946E-05 9.9946E-05 9.9946E-05 0.0130336 9.9946E-05 0.0191637 9.9946E-05
0.999101 9.99201E-05 9.99201E-05 9.99201E-05 9.99201E-05 9.99201E-05 9.99201E-05 9.99201E-05 9.99201E-05 9.99201E-05
0.987356 9.9946E-05 9.9946E-05 9.9946E-05 9.9946E-05 9.9946E-05 0.00727112 9.9946E-05 0.0026981 0.00207485
0.962465 9.9946E-05 0.00456814 9.9946E-05 0.0136155 9.9946E-05 0.0187512 9.9946E-05 9.9946E-05 9.9946E-05
0.936292 9.9955E-05 0.00303229 0.0198784 0.023996 9.9955E-05 0.0163016 9.9955E-05 9.9955E-05 9.9955E-05
0.74572 9.9955E-05 9.9955E-05 0.0492584 9.9955E-05 9.9955E-05 0.0484215 0.120109 0.0359917 9.9955E-05
0.873666 0.0304066 9.9991E-05 0.0238807 0.00775254 0.00652288 0.0235144 0.00690638 0.00825787 0.0189929
0.0387957 9.9955E-05 9.9955E-05 0.0031728 0.931347 9.9955E-05 0.0235565 9.9955E-05 9.9955E-05 0.00262786
0.00680357 0.00662641 9.99371E-05 9.99371E-05 0.98587 9.99371E-05 9.99371E-05 9.99371E-05 9.99371E-05 9.99371E-05
9.99281E-05 9.99281E-05 9.99281E-05 0.000610986 0.99859 9.99281E-05 9.99281E-05 9.99281E-05 9.99281E-05 9.99281E-05
9.99201E-05 9.99201E-05 9.99201E-05 9.99201E-05 0.999101 9.99201E-05 9.99201E-05 9.99201E-05 9.99201E-05 9.99201E-05
9.99201E-05 9.99201E-05 9.99201E-05 9.99201E-05 0.999101 9.99201E-05 9.99201E-05 9.99201E-05 9.99201E-05 9.99201E-05
0.0148218 9.9973E-05 0.00939735 9.9973E-05 0.899799 9.9973E-05 0.034266 0.01045 0.0133853 0.0175803
9.99371E-05 9.99371E-05 0.0194632 9.99371E-05 0.977058 0.00277919 9.99371E-05 9.99371E-05 9.99371E-05 9.99371E-05
9.99201E-05 9.99201E-05 9.99201E-05 9.99201E-05 0.999101 9.99201E-05 9.99201E-05 9.99201E-05 9.99201E-05 9.99201E-05
9.99201E-05 9.99201E-05 9.99201E-05 9.99201E-05 0.999101 9.99201E-05 9.99201E-05 9.99201E-05 9.99201E-05 9.99201E-05
9.9955E-05 0.00787172 0.00599856 0.0241811 0.959938 9.9955E-05 9.9955E-05 9.9955E-05 0.00151072 9.9955E-05
9.99201E-05 9.99201E-05 9.99201E-05 9.99201E-05 0.999101 9.99201E-05 9.99201E-05 9.99201E-05 9.99201E-05 9.99201E-05
9.99281E-05 9.99281E-05 9.99281E-05 0.0151224 0.984078 9.99281E-05 9.99281E-05 9.99281E-05 9.99281E-05 9.99281E-05
