9.99201E-05 9.99201E-05 9.99201E-05 0.999101 9.99201E-05 9.99201E-05 9.99201E-05 9.99201E-05 9.99201E-05 9.99201E-05
9.9946E-05 0.548617 9.9946E-05 0.291198 0.100707 0.0588789 9.9946E-05 9.9946E-05 9.9946E-05 9.9946E-05
9.9946E-05 0.588959 9.9946E-05 0.264464 0.0691263 0.0768514 9.9946E-05 9.9946E-05 9.9946E-05 9.9946E-05
9.99461E-05 0.771282 0.0170293 0.205313 9.99461E-05 9.99461E-05 9.99461E-05 9.99461E-05 9.99461E-05 0.00577567
9.9955E-05 0.696357 0.0500405 0.11613 9.9955E-05 9.9955E-05 0.0691548 9.9955E-05 9.9955E-05 0.0678186
0.0266572 0.606582 9.9973E-05 0.153805 0.00613974 0.00763506 9.9973E-05 9.9973E-05 0.0493335 0.149548
9.9946E-05 0.721633 9.9946E-05 0.262345 9.9946E-05 0.000337197 9.9946E-05 9.9946E-05 0.0150849 9.9946E-05
9.9964E-05 0.512983 9.9964E-05 0.287559 9.9964E-05 0.0570294 9.9964E-05 0.00586991 0.0192464 0.116913
9.9964E-05 0.651783 0.043527 0.148501 0.0435152 0.094824 9.9964E-05 9.9964E-05 9.9964E-05 0.0174498
9.99201E-05 9.99201E-05 9.99201E-05 0.999101 9.99201E-05 9.99201E-05 9.99201E-05 9.99201E-05 9.99201E-05 9.99201E-05
9.99201E-05 9.99201E-05 9.99201E-05 0.999101 9.99201E-05 9.99201E-05 9.99201E-05 9.99201E-05 9.99201E-05 9.99201E-05
9.99201E-05 9.99201E-05 9.99201E-05 0.999101 9.99201E-05 9.99201E-05 9.99201E-05 9.99201E-05 9.99201E-05 9.99201E-05
9.9937E-05 9.9937E-05 9.9937E-05 0.991472 9.9937E-05 9.9937E-05 0.00287193 0.00495659 9.9937E-05 9.9937E-05
9.9946E-05 9.9946E-05 0.0433466 0.904326 9.9946E-05 9.9946E-05 0.0358822 9.9946E-05 0.015846 9.9946E-05
0.00332206 9.9955E-05 9.9955E-05 0.949382 9.9955E-05 9.9955E-05 9.9955E-05 0.0195373 0.0161644 0.0110941
9.9955E-05 0.50304 0.0486951 0.177761 9.9955E-05 0.0143278 9.9955E-05 9.9955E-05 9.9955E-05 0.255676
0.086761 0.411472 0.0725948 0.1774 0.0497048 0.0838639 0.0221619 0.0484819 0.0474591 9.9991E-05
0.0059003 0.768227 9.9964E-05 0.165629 9.9964E-05 0.0102229 9.9964E-05 9.9964E-05 0.0284318 0.0211882
9.9964E-05 0.882612 0.0505972 9.9964E-05 0.000804179 9.9964E-05 0.00854932 9.9964E-05 0.000534371 0.0565033
0.0196289 0.878149 0.0250205 9.9955E-05 9.9955E-05 9.9955E-05 0.0657746 0.010927 9.9955E-05 9.9955E-05
0.0625932 0.88388 0.0334161 0.0195107 9.9946E-05 9.9946E-05 9.9946E-05 9.9946E-05 9.9946E-05 9.9946E-05
9.9955E-05 0.793693 9.9955E-05 9.9955E-05 9.9955E-05 0.0506724 0.0927592 0.0139323 0.0484428 9.9955E-05
0.0382164 0.817462 0.0148811 9.9964E-05 9.9964E-05 0.0249426 0.0666467 9.9964E-05 0.0374518 9.9964E-05
9.9955E-05 0.920788 9.9955E-05 0.00385025 9.9955E-05 9.9955E-05 0.0588375 0.00891299 0.00711102 9.9955E-05
9.9955E-05 0.848199 0.05042 9.9955E-05 0.0342845 9.9955E-05 9.9955E-05 0.0139016 0.0526953 9.9955E-05
0.0969128 0.667583 0.0754907 9.9964E-05 9.9964E-05 9.9964E-05 0.010752 0.0610494 9.9964E-05 0.0878127
0.0878176 0.688664 0.0779238 9.9973E-05 9.9973E-05 0.0660453 0.0268281 0.000290241 9.9973E-05 0.0521311
9.9955E-05 0.946663 9.9955E-05 9.9955E-05 9.9955E-05 0.0198371 9.9955E-05 0.0162992 0.00164791 0.0150527
0.115736 0.712837 0.0246409 0.0601705 9.9964E-05 9.9964E-05 0.0681058 0.0181105 9.9964E-05 9.9964E-05
0.0391819 0.882804 9.9946E-05 0.0443865 9.9946E-05 9.9946E-05 9.9946E-05 9.9946E-05 9.9946E-05 0.0330277
9.9955E-05 0.812196 0.00631892 0.0526892 9.9955E-05 9.9955E-05 0.0740697 0.0542267 9.9955E-05 9.9955E-05
9.9955E-05 0.746 0.0680989 9.9955E-05 0.0417265 9.9955E-05 9.9955E-05 0.0439853 0.0996891 9.9955E-05
0.142302 0.762772 0.015356 9.9973E-05 9.9973E-05 0.0460656 0.00842922 0.00957145 0.0152039 9.9973E-05
0.0717432 0.635356 9.9973E-05 0.038441 9.9973E-05 0.084745 0.0147467 0.112175 0.0424931 9.9973E-05
9.9955E-05 0.84145 9.9955E-05 9.9955E-05 9.9955E-05 0.0465633 0.0979092 0.00694813 0.00662984 9.9955E-05
0.0294987 0.874682 0.00441191 0.0494508 9.9955E-05 9.9955E-05 9.9955E-05 9.9955E-05 9.9955E-05 0.0414572
0.209267 0.489375 9.9956E-05 9.9956E-05 9.9956E-05 9.9956E-05 0.0341382 9.9956E-05 0.144489 0.122231
0.248112 0.560276 0.093579 0.0022904 9.9973E-05 0.00427226 0.0618504 9.9973E-05 9.9973E-05 0.0293204
0.260642 0.529652 0.0965886 0.000968417 0.0232041 0.0404409 9.9982E-05 9.9982E-05 0.0271991 0.0211048
0.326539 0.51209 0.0780333 0.00299216 0.0158587 9.9982E-05 0.00846931 9.9982E-05 0.0397752 0.0160429
9.9964E-05 0.0561787 0.0582295 9.9964E-05 0.0265704 0.0118377 9.9964E-05 0.0677539 9.9964E-05 0.77903
0.0357728 0.100381 0.051225 0.00744854 9.9973E-05 0.00494095 9.9973E-05 0.119766 9.9973E-05 0.680166
9.9964E-05 0.162418 9.9964E-05 0.053716 0.0199601 0.0450635 9.9964E-05 0.0712538 9.9964E-05 0.647189
0.0206771 0.0755497 0.0249325 9.9973E-05 0.0319979 0.00649957 9.9973E-05 0.0309831 9.9973E-05 0.80906
0.200047 0.242337 0.0589803 9.9973E-05 9.9973E-05 0.0695019 9.9973E-05 0.0324882 0.154514 0.241833
9.99201E-05 9.99201E-05 9.99201E-05 9.99201E-05 9.99201E-05 9.99201E-05 9.99201E-05 9.99201E-05 0.999101 9.99201E-05
9.99201E-05 9.99201E-05 9.99201E-05 9.99201E-05 9.99201E-05 9.99201E-05 9.99201E-05 9.99201E-05 0.999101 9.99201E-05
0.0261994 0.342765 0.058705 9.9982E-05 9.9982E-05 0.0331331 0.0388159 0.0481335 0.140524 0.311524
0.132197 0.22541 0.0683621 0.0582467 9.9991E-05 0.0577966 0.00884488 0.0729063 0.0880393 0.288098
0.0581673 0.435767 9.9982E-05 0.0625548 0.0428309 0.063787 9.9982E-05 0.0513951 0.0747907 0.210507
0.290573 0.267851 0.0344259 0.0215346 9.9973E-05 0.059195 9.9973E-05 9.9973E-05 0.165894 0.160226
0.0832562 0.199883 0.0295627 0.0124344 9.9991E-05 0.042505 0.0413418 0.0194532 0.210083 0.36138
9.9973E-05 9.9973E-05 0.00695448 0.0231882 0.0262929 9.9973E-05 0.0109246 0.0439376 0.841801 0.0466017
0.425504 0.224027 0.0650323 0.0320995 9.9982E-05 0.00476638 0.0644749 9.9982E-05 0.113088 0.0708082
0.378962 0.220658 0.0269949 0.0576153 0.0215728 0.0075274 0.0307375 0.0366231 0.170705 0.0486041
0.114682 0.158978 9.9982E-05 0.00334172 0.00289431 0.0985987 9.9982E-05 0.0927266 0.141976 0.386603
0.247671 0.166001 0.0825203 0.099368 9.9982E-05 0.0977544 9.9982E-05 0.0364237 0.184003 0.0860597
0.142991 0.209574 0.0854795 9.9982E-05 0.027795 9.9982E-05 0.0218342 0.035029 0.140667 0.336431
9.99201E-05 9.99201E-05 9.99201E-05 9.99201E-05 9.99201E-05 9.99201E-05 9.99201E-05 9.99201E-05 0.999101 9.99201E-05
0.247432 0.284831 0.0648819 9.9973E-05 9.9973E-05 0.0138398 0.041557 9.9973E-05 0.160642 0.186517
0.0483945 0.180084 0.0909663 9.9982E-05 0.0392486 9.9982E-05 0.025775 0.0706192 0.477007 0.0677056
0.191002 0.0830952 0.00283352 0.0149223 0.00951181 9.9982E-05 9.9982E-05 0.159178 0.254676 0.284582
0.186214 0.102187 0.0613316 0.0192297 0.0307093 0.0495417 0.00522325 0.0238372 0.038779 0.482948
9.9946E-05 9.9946E-05 9.9946E-05 0.0073557 9.9946E-05 9.9946E-05 0.0671613 9.9946E-05 0.000422319 0.924461
0.172455 0.176029 0.0357064 9.9964E-05 9.9964E-05 9.9964E-05 9.9964E-05 0.06623 0.251047 0.298133
9.9928E-05 9.9928E-05 9.9928E-05 9.9928E-05 9.9928E-05 9.9928E-05 0.00961646 9.9928E-05 9.9928E-05 0.989584
0.366969 9.9955E-05 9.9955E-05 0.000741657 0.0168467 9.9955E-05 9.9955E-05 9.9955E-05 0.0585246 0.556419
9.9928E-05 9.9928E-05 9.9928E-05 9.9928E-05 9.9928E-05 9.9928E-05 0.0207364 9.9928E-05 9.9928E-05 0.978464
0.138022 0.341769 0.0346682 9.9982E-05 9.9982E-05 0.0294589 0.000548174 0.0183237 0.00286339 0.434147
9.99201E-05 9.99201E-05 9.99201E-05 9.99201E-05 9.99201E-05 9.99201E-05 9.99201E-05 9.99201E-05 9.99201E-05 0.999101
0.0818447 0.1283 9.9982E-05 0.0131265 0.0563182 0.0687113 9.9982E-05 0.0539862 0.205694 0.391819
0.332804 0.0866678 0.0116916 9.9982E-05 0.00751751 0.0360984 9.9982E-05 0.0500502 0.100568 0.374402
0.0578955 0.0765008 0.0450358 0.0552052 9.9964E-05 9.9964E-05 9.9964E-05 9.9964E-05 0.0362871 0.728676
0.10211 0.0223472 0.0857413 0.0319174 9.9964E-05 9.9964E-05 9.9964E-05 9.9964E-05 0.0488286 0.708656
0.303357 0.0060177 0.0392011 0.042857 9.9991E-05 0.00896231 0.0279857 0.0770466 0.0905221 0.40395
0.205416 0.0596941 0.0956366 9.9955E-05 9.9955E-05 9.9955E-05 9.9955E-05 9.9955E-05 0.0830382 0.555715
0.214459 0.0368112 0.00813447 9.9991E-05 0.00639968 0.077932 0.00435222 0.0216293 0.134723 0.495459
0.244823 0.00107307 9.9982E-05 0.0297238 0.0884885 9.9982E-05 0.108604 0.0207517 0.035052 0.471284
0.916857 0.0123549 0.0291057 9.9955E-05 9.9955E-05 9.9955E-05 0.0296411 0.0115414 9.9955E-05 9.9955E-05
0.951587 9.9955E-05 0.00460258 9.9955E-05 9.9955E-05 0.00490062 9.9955E-05 9.9955E-05 0.00640805 0.032002
0.955563 9.9937E-05 9.9937E-05 0.00964207 9.9937E-05 9.9937E-05 9.9937E-05 9.9937E-05 0.0340955 9.9937E-05
0.957635 9.9946E-05 9.9946E-05 9.9946E-05 0.0018042 9.9946E-05 9.9946E-05 9.9946E-05 0.0251149 0.0148459
0.984725 9.9928E-05 9.9928E-05 9.9928E-05 9.9928E-05 9.9928E-05 0.0144752 9.9928E-05 9.9928E-05 9.9928E-05
0.405198 0.215464 0.0848399 9.9973E-05 0.0507469 9.9973E-05 9.9973E-05 0.0851077 0.00598818 0.152355
0.421318 0.0286385 9.9991E-05 0.061863 0.173113 0.0529368 0.022544 0.0375282 0.050465 0.151493
0.533117 0.0414633 9.9982E-05 0.00146347 0.117257 0.0885542 9.9982E-05 0.0377631 0.0549818 0.125201
0.450853 0.164245 0.0438448 0.0562496 0.0396225 0.0650054 9.9991E-05 0.0398049 0.0449329 0.0953419
0.419417 0.214825 0.0493374 9.9964E-05 0.0539994 9.9964E-05 9.9964E-05 0.126205 9.9964E-05 0.135817
0.526018 0.0434503 0.00972672 0.0269255 0.077247 0.0302887 0.0411928 0.0488158 0.0595322 0.136803
0.363754 0.065765 0.103314 0.0161136 0.0621794 0.0783379 0.00348392 0.105364 9.9991E-05 0.201588
0.205461 0.0723872 9.9991E-05 0.0494662 0.0784614 0.0520379 0.204866 0.0886172 0.122088 0.126515
0.226201 0.0946789 9.9991E-05 0.0295437 0.0690717 0.0512618 0.171524 0.114424 0.124483 0.118712
0.351487 0.0252781 0.161566 0.00450169 0.173192 0.100456 9.9991E-05 0.0332594 0.101326 0.0488339
9.99281E-05 9.99281E-05 9.99281E-05 9.99281E-05 0.980878 0.0183229 9.99281E-05 9.99281E-05 9.99281E-05 9.99281E-05
9.9973E-05 0.000751658 9.9973E-05 0.0097624 0.932435 0.00702222 9.9973E-05 0.0201424 0.00050911 0.0290768
9.9955E-05 0.0490758 0.0397794 0.0164155 0.870114 9.9955E-05 9.9955E-05 9.9955E-05 0.0241154 9.9955E-05
9.99201E-05 9.99201E-05 9.99201E-05 9.99201E-05 0.999101 9.99201E-05 9.99201E-05 9.99201E-05 9.99201E-05 9.99201E-05
9.99201E-05 9.99201E-05 9.99201E-05 9.99201E-05 0.999101 9.99201E-05 9.99201E-05 9.99201E-05 9.99201E-05 9.99201E-05
9.99201E-05 9.99201E-05 9.99201E-05 9.99201E-05 0.999101 9.99201E-05 9.99201E-05 9.99201E-05 9.99201E-05 9.99201E-05
0.00318894 9.9946E-05 9.9946E-05 9.9946E-05 0.991052 0.00238278 0.00277708 9.9946E-05 9.9946E-05 9.9946E-05
0.0403689 0.0356444 9.9955E-05 9.9955E-05 0.894972 9.9955E-05 0.0177015 9.9955E-05 0.0108139 9.9955E-05
9.9937E-05 9.9937E-05 0.0158856 9.9937E-05 0.978582 9.9937E-05 9.9937E-05 0.00483324 9.9937E-05 9.9937E-05
9.99201E-05 9.99201E-05 9.99201E-05 9.99201E-05 0.999101 9.99201E-05 9.99201E-05 9.99201E-05 9.99201E-05 9.99201E-05
0.462294 0.0628108 0.0667823 9.9982E-05 0.0544774 0.0559559 0.0295705 0.19165 9.9982E-05 0.0762592
9.9955E-05 9.9955E-05 0.0132837 9.9955E-05 0.910408 9.9955E-05 0.0146071 9.9955E-05 0.00409012 0.0571117
9.99201E-05 9.99201E-05 9.99201E-05 9.99201E-05 0.999101 9.99201E-05 9.99201E-05 9.99201E-05 9.99201E-05 9.99201E-05
0.0137609 9.9946E-05 9.9946E-05 0.00157134 0.980149 9.9946E-05 9.9946E-05 9.9946E-05 9.9946E-05 0.0039196
0.985427 9.99281E-05 0.0137733 9.99281E-05 9.99281E-05 9.99281E-05 9.99281E-05 9.99281E-05 9.99281E-05 9.99281E-05
0.999101 9.99201E-05 9.99201E-05 9.99201E-05 9.99201E-05 9.99201E-05 9.99201E-05 9.99201E-05 9.99201E-05 9.99201E-05
0.999101 9.99201E-05 9.99201E-05 9.99201E-05 9.99201E-05 9.99201E-05 9.99201E-05 9.99201E-05 9.99201E-05 9.99201E-05
0.999101 9.99201E-05 9.99201E-05 9.99201E-05 9.99201E-05 9.99201E-05 9.99201E-05 9.99201E-05 9.99201E-05 9.99201E-05
0.779926 9.9973E-05 0.0103373 9.9973E-05 0.0050017 0.0180119 0.014474 0.133548 0.0384012 9.9973E-05
0.77486 0.101885 9.9955E-05 9.9955E-05 9.9955E-05 9.9955E-05 0.0580793 0.0420257 0.02265 9.9955E-05
0.839197 0.0260145 9.9955E-05 9.9955E-05 0.0664864 9.9955E-05 0.0465495 9.9955E-05 0.0212529 9.9955E-05
0.843835 9.9964E-05 0.00795385 9.9964E-05 0.015463 9.9964E-05 0.0372806 0.0909906 0.00407697 9.9964E-05
0.867834 9.9946E-05 9.9946E-05 9.9946E-05 0.0602509 0.028838 0.0424774 9.9946E-05 9.9946E-05 9.9946E-05
0.917546 9.9937E-05 9.9937E-05 9.9937E-05 0.0438051 9.9937E-05 0.0379493 9.9937E-05 9.9937E-05 9.9937E-05
0.742536 0.0968744 0.0653496 9.9982E-05 0.00977682 0.0234535 0.0296242 0.0201625 9.9982E-05 0.0120232
0.821468 9.9946E-05 0.0408775 9.9946E-05 0.0378229 9.9946E-05 0.099232 9.9946E-05 9.9946E-05 9.9946E-05
0.716586 9.9991E-05 0.0235073 0.0107842 0.00484815 0.0391576 0.0695397 0.0598564 0.00668849 0.068932
0.638472 0.0381427 0.0680399 0.0131515 0.0345559 0.044448 0.0296994 0.115187 9.9991E-05 0.0182035
0.010727 9.9946E-05 9.9946E-05 0.00166328 9.9946E-05 9.9946E-05 0.0577459 0.929264 9.9946E-05 9.9946E-05
9.9964E-05 0.00362309 0.0301788 0.0086198 0.0466543 9.9964E-05 0.00757937 0.902945 9.9964E-05 9.9964E-05
9.99201E-05 9.99201E-05 9.99201E-05 9.99201E-05 9.99201E-05 9.99201E-05 9.99201E-05 0.999101 9.99201E-05 9.99201E-05
0.00323351 0.0222195 9.9937E-05 9.9937E-05 9.9937E-05 9.9937E-05 9.9937E-05 0.973847 9.9937E-05 9.9937E-05
9.99201E-05 9.99201E-05 9.99201E-05 9.99201E-05 9.99201E-05 9.99201E-05 9.99201E-05 0.999101 9.99201E-05 9.99201E-05
9.99201E-05 9.99201E-05 9.99201E-05 9.99201E-05 9.99201E-05 9.99201E-05 9.99201E-05 0.999101 9.99201E-05 9.99201E-05
9.99533E-05 0.0178013 9.99533E-05 9.99533E-05 9.99533E-05 0.00196419 0.000898185 0.978737 9.99533E-05 9.99533E-05
9.9973E-05 0.00116686 0.0119189 0.0302679 9.9973E-05 9.9973E-05 0.134066 0.74109 0.0145133 0.0666774
9.99201E-05 9.99201E-05 9.99201E-05 9.99201E-05 9.99201E-05 9.99201E-05 9.99201E-05 0.999101 9.99201E-05 9.99201E-05
0.0149535 9.9928E-05 9.9928E-05 9.9928E-05 9.9928E-05 9.9928E-05 9.9928E-05 0.984247 9.9928E-05 9.9928E-05
9.9955E-05 9.9955E-05 9.9955E-05 0.0251309 0.0248604 9.9955E-05 0.0555738 0.871406 9.9955E-05 0.022529
9.9937E-05 9.9937E-05 0.0149763 9.9937E-05 0.00390949 9.9937E-05 9.9937E-05 0.980415 9.9937E-05 9.9937E-05
9.9955E-05 9.9955E-05 9.9955E-05 9.9955E-05 0.0180403 0.110104 0.0944513 0.682714 9.9955E-05 0.0941903
9.99201E-05 9.99201E-05 9.99201E-05 9.99201E-05 9.99201E-05 0.999101 9.99201E-05 9.99201E-05 9.99201E-05 9.99201E-05
0.555703 9.9982E-05 0.0283833 9.9982E-05 0.147582 0.0458183 0.0287559 0.128838 0.0409701 0.0237498
9.99201E-05 9.99201E-05 9.99201E-05 9.99201E-05 9.99201E-05 0.999101 9.99201E-05 9.99201E-05 9.99201E-05 9.99201E-05
9.99201E-05 9.99201E-05 9.99201E-05 9.99201E-05 9.99201E-05 0.999101 9.99201E-05 9.99201E-05 9.99201E-05 9.99201E-05
9.99461E-05 9.99461E-05 9.99461E-05 9.99461E-05 0.00664208 0.942479 0.0465153 9.99461E-05 0.00376416 9.99461E-05
0.0825886 0.019749 0.0172397 0.00940385 9.9991E-05 0.74181 0.0424491 0.0102074 0.0284804 0.047972
9.99201E-05 9.99201E-05 9.99201E-05 9.99201E-05 9.99201E-05 0.999101 9.99201E-05 9.99201E-05 9.99201E-05 9.99201E-05
0.138488 9.9955E-05 9.9955E-05 9.9955E-05 9.9955E-05 0.759508 0.037515 9.9955E-05 0.0133477 0.0506413
9.99371E-05 9.99371E-05 0.00522156 9.99371E-05 0.0136122 0.980467 9.99371E-05 9.99371E-05 9.99371E-05 9.99371E-05
0.000221683 0.00334705 9.9955E-05 9.9955E-05 0.0143241 0.98114 9.9955E-05 9.9955E-05 0.000467204 9.9955E-05
9.99201E-05 9.99201E-05 9.99201E-05 9.99201E-05 9.99201E-05 0.999101 9.99201E-05 9.99201E-05 9.99201E-05 9.99201E-05
9.99281E-05 9.99281E-05 9.99281E-05 0.000539219 9.99281E-05 0.998661 9.99281E-05 9.99281E-05 9.99281E-05 9.99281E-05
9.9946E-05 9.9946E-05 0.0117917 9.9946E-05 9.9946E-05 0.965384 9.9946E-05 0.0212972 0.000927505 9.9946E-05
0.0301017 0.00636094 0.0656621 9.9982E-05 0.0247684 0.776472 9.9982E-05 0.0401958 0.0228472 0.0333916
0.0404948 9.9964E-05 0.0136388 0.0302271 9.9964E-05 0.91181 0.00196616 0.00146342 9.9964E-05 9.9964E-05
9.9973E-05 9.9973E-05 9.9973E-05 0.0121439 0.0224832 0.878729 0.0320205 0.020961 0.00379797 0.0295647
9.9973E-05 9.9973E-05 0.0370626 0.00427471 9.9973E-05 0.870295 0.0557929 0.0196249 0.0120233 0.000626845
9.99461E-05 9.99461E-05 0.0465452 9.99461E-05 0.00220127 0.882116 9.99461E-05 9.99461E-05 9.99461E-05 0.0685377
0.0443391 9.9955E-05 9.9955E-05 0.003384 0.00948065 0.924647 9.9955E-05 9.9955E-05 0.0176492 9.9955E-05
0.26894 9.9982E-05 0.285337 0.0358428 0.0596365 0.0536036 0.102449 0.0192992 9.9982E-05 0.174692
0.278565 0.0398171 0.269742 0.0629539 0.00719988 0.0490735 0.091851 0.0375056 9.9991E-05 0.163192
0.169813 9.9973E-05 0.282387 0.041754 0.099149 0.0534155 0.102881 9.9973E-05 9.9973E-05 0.2503
0.220724 0.0114834 0.278399 0.0316301 0.0351909 0.0697693 0.140715 0.00653921 9.9991E-05 0.205449
9.9946E-05 9.9946E-05 0.0292856 9.9946E-05 9.9946E-05 9.9946E-05 0.879301 0.0128334 9.9946E-05 0.0779804
9.99201E-05 9.99201E-05 9.99201E-05 9.99201E-05 9.99201E-05 9.99201E-05 0.999101 9.99201E-05 9.99201E-05 9.99201E-05
9.9946E-05 9.9946E-05 0.00939618 0.00364772 9.9946E-05 0.0322418 0.954115 9.9946E-05 9.9946E-05 9.9946E-05
9.99201E-05 9.99201E-05 9.99201E-05 9.99201E-05 9.99201E-05 9.99201E-05 0.999101 9.99201E-05 9.99201E-05 9.99201E-05
0.0057622 9.9946E-05 0.0420815 9.9946E-05 9.9946E-05 0.0110986 0.940458 9.9946E-05 9.9946E-05 9.9946E-05
0.032934 9.9964E-05 0.0171458 9.9964E-05 0.0147376 9.9964E-05 0.901458 9.9964E-05 0.00132489 0.0320002
0.0321437 9.9964E-05 0.000693647 9.9964E-05 0.0291079 9.9964E-05 0.895827 0.0174663 0.0243612 9.9964E-05
0.152509 0.0691936 9.9964E-05 0.0353579 9.9964E-05 0.00708631 0.728098 9.9964E-05 9.9964E-05 0.0073557
0.0152501 0.0627471 0.0054536 0.00261641 0.000933444 0.0618591 0.80806 9.9991E-05 0.0142002 0.0287805
0.0185878 0.00177419 0.967726 9.9955E-05 9.9955E-05 9.9955E-05 9.9955E-05 0.00344755 0.00796501 9.9955E-05
9.99201E-05 9.99201E-05 0.999101 9.99201E-05 9.99201E-05 9.99201E-05 9.99201E-05 9.99201E-05 9.99201E-05 9.99201E-05
9.9955E-05 0.0267935 0.958629 0.0024134 9.9955E-05 0.00230259 9.9955E-05 9.9955E-05 0.00936182 9.9955E-05
9.99201E-05 9.99201E-05 0.999101 9.99201E-05 9.99201E-05 9.99201E-05 9.99201E-05 9.99201E-05 9.99201E-05 9.99201E-05
9.99281E-05 9.99281E-05 0.996763 9.99281E-05 0.00243714 9.99281E-05 9.99281E-05 9.99281E-05 9.99281E-05 9.99281E-05
0.057949 9.9955E-05 0.876048 0.0093412 0.0164773 9.9955E-05 0.0396848 9.9955E-05 9.9955E-05 9.9955E-05
9.99201E-05 9.99201E-05 0.999101 9.99201E-05 9.99201E-05 9.99201E-05 9.99201E-05 9.99201E-05 9.99201E-05 9.99201E-05
9.99201E-05 9.99201E-05 0.999101 9.99201E-05 9.99201E-05 9.99201E-05 9.99201E-05 9.99201E-05 9.99201E-05 9.99201E-05
9.99371E-05 9.99371E-05 0.991571 0.0040086 9.99371E-05 0.00372036 9.99371E-05 9.99371E-05 9.99371E-05 9.99371E-05
9.9946E-05 9.9946E-05 0.88656 9.9946E-05 9.9946E-05 9.9946E-05 9.9946E-05 0.0504107 0.0370127 0.0254171
9.99201E-05 9.99201E-05 0.999101 9.99201E-05 9.99201E-05 9.99201E-05 9.99201E-05 9.99201E-05 9.99201E-05 9.99201E-05
9.9937E-05 0.0119935 0.979209 9.9937E-05 9.9937E-05 9.9937E-05 9.9937E-05 9.9937E-05 0.00809817 9.9937E-05
