9.99201E-05 9.99201E-05 9.99201E-05 9.99201E-05 9.99201E-05 9.99201E-05 0.999101 9.99201E-05 9.99201E-05 9.99201E-05
9.9946E-05 0.101964 9.9946E-05 9.9946E-05 0.59019 9.9946E-05 0.266043 0.0412033 9.9946E-05 9.9946E-05
9.9946E-05 0.065406 9.9946E-05 9.9946E-05 0.567813 9.9946E-05 0.274247 0.0919344 9.9946E-05 9.9946E-05
9.99371E-05 9.99371E-05 9.99371E-05 0.252129 0.532488 9.99371E-05 0.214683 9.99371E-05 9.99371E-05 9.99371E-05
9.9964E-05 9.9964E-05 0.0655747 0.145711 0.616013 0.0446659 0.112073 0.0155626 9.9964E-05 9.9964E-05
9.9964E-05 9.9964E-05 9.9964E-05 0.172516 0.562746 9.9964E-05 0.169276 0.0190851 0.00621674 0.0697608
9.9946E-05 9.9946E-05 9.9946E-05 0.0163854 0.682087 9.9946E-05 0.291192 0.00973603 9.9946E-05 9.9946E-05
9.9973E-05 0.0172692 9.9973E-05 0.0614182 0.534706 0.00106581 0.25823 0.0675443 9.9973E-05 0.0594661
9.9964E-05 0.0291674 0.0473242 9.9964E-05 0.660937 9.9964E-05 0.148855 0.0592544 9.9964E-05 0.0540618
9.99201E-05 9.99201E-05 9.99201E-05 9.99201E-05 9.99201E-05 9.99201E-05 0.999101 9.99201E-05 9.99201E-05 9.99201E-05
9.99201E-05 9.99201E-05 9.99201E-05 9.99201E-05 9.99201E-05 9.99201E-05 0.999101 9.99201E-05 9.99201E-05 9.99201E-05
9.99201E-05 9.99201E-05 9.99201E-05 9.99201E-05 9.99201E-05 9.99201E-05 0.999101 9.99201E-05 9.99201E-05 9.99201E-05
9.9937E-05 9.9937E-05 9.9937E-05 9.9937E-05 9.9937E-05 0.0148005 0.978781 9.9937E-05 0.00571944 9.9937E-05
9.9937E-05 9.9937E-05 0.0297433 9.9937E-05 9.9937E-05 9.9937E-05 0.943411 9.9937E-05 0.0261457 9.9937E-05
9.9946E-05 9.9946E-05 9.9946E-05 0.014134 9.9946E-05 0.0665886 0.909443 9.9946E-05 9.9946E-05 0.00923455
9.9973E-05 0.0173346 0.0956043 0.236587 0.413093 9.9973E-05 0.179344 0.0483238 9.9973E-05 0.00941422
0.061706 0.0399713 0.0603501 0.164468 0.309428 9.9991E-05 0.214854 0.0618582 0.0714431 0.0158208
0.0392633 9.9955E-05 9.9955E-05 0.223986 0.529415 9.9955E-05 0.201593 0.00524274 9.9955E-05 9.9955E-05
9.9955E-05 0.0230215 0.0247113 9.9955E-05 0.894743 9.9955E-05 9.9955E-05 9.9955E-05 0.0205772 0.0364469
9.9946E-05 9.9946E-05 9.9946E-05 9.9946E-05 0.910077 0.0132752 9.9946E-05 9.9946E-05 0.0553417 0.0207062
0.0908851 0.000896315 0.0441107 9.9955E-05 0.832431 9.9955E-05 0.0311772 9.9955E-05 9.9955E-05 9.9955E-05
0.0339911 0.0184012 0.0042987 9.9982E-05 0.705141 0.0197 9.9982E-05 0.100607 0.0908119 0.0268487
9.9973E-05 0.00950763 0.00509218 0.0524774 0.798237 0.0116346 9.9973E-05 0.0389602 0.0837907 9.9973E-05
9.9946E-05 9.9946E-05 9.9946E-05 9.9946E-05 0.929816 0.0423799 9.9946E-05 0.00203133 0.0251731 9.9946E-05
0.0321999 0.00173261 0.035642 0.0481321 0.863794 9.9964E-05 9.9964E-05 9.9964E-05 9.9964E-05 0.0180994
0.111251 9.9973E-05 0.0426112 0.0722878 0.609552 0.0538175 9.9973E-05 9.9973E-05 0.0119528 0.0982276
0.0700582 9.9964E-05 0.107319 9.9964E-05 0.702926 9.9964E-05 9.9964E-05 0.0524476 0.00510177 0.0617473
9.9946E-05 9.9946E-05 9.9946E-05 9.9946E-05 0.916557 0.0111968 9.9946E-05 0.00346903 9.9946E-05 0.0681772
0.134379 9.9964E-05 0.0234093 9.9964E-05 0.748843 0.0100909 0.0380134 9.9964E-05 9.9964E-05 0.0448649
0.0727246 9.9946E-05 9.9946E-05 9.9946E-05 0.897919 0.00145692 0.0272997 9.9946E-05 9.9946E-05 9.9946E-05
0.040285 0.00170533 9.9955E-05 9.9955E-05 0.898831 9.9955E-05 0.0306104 9.9955E-05 0.0280683 9.9955E-05
0.0636367 9.9982E-05 0.0215136 0.00250749 0.813183 0.0570877 9.9982E-05 0.000423635 0.00177394 0.0396737
0.220949 9.9982E-05 0.0176781 9.9982E-05 0.685095 0.0150576 0.00893944 0.048827 0.00275982 0.000493439
0.124816 9.9982E-05 0.0261551 9.9982E-05 0.644446 0.101352 0.0422886 0.0397816 0.00237581 0.0185844
9.9955E-05 9.9955E-05 9.9955E-05 0.0771396 0.727204 0.0340526 9.9955E-05 0.000475251 0.160629 9.9955E-05
0.033284 0.0106951 9.9955E-05 9.9955E-05 0.855774 9.9955E-05 0.0650844 9.9955E-05 9.9955E-05 0.0346631
0.161469 9.9946E-05 9.9946E-05 0.309794 0.49669 9.9946E-05 9.9946E-05 9.9946E-05 0.0314476 9.9946E-05
0.29152 9.9964E-05 0.0862125 0.0331021 0.557055 9.9964E-05 9.9964E-05 0.0140797 0.0176309 9.9964E-05
0.140308 0.0370193 0.0541026 0.165828 0.545178 9.9964E-05 9.9964E-05 0.0571638 9.9964E-05 9.9964E-05
0.359886 9.9955E-05 0.0215071 0.0945571 0.520372 0.00317832 9.9955E-05 9.9955E-05 9.9955E-05 9.9955E-05
9.9955E-05 0.115816 0.0510343 0.712559 9.9955E-05 0.0725851 9.9955E-05 0.0475051 9.9955E-05 9.9955E-05
0.0684773 9.9964E-05 0.0433416 0.628492 9.9964E-05 0.0594073 9.9964E-05 0.108626 0.0912562 9.9964E-05
9.9973E-05 0.0652453 9.9973E-05 0.426512 0.201026 0.0902122 0.0206768 0.0782913 9.9973E-05 0.117736
0.059226 0.0436273 0.0542126 0.705344 0.00281253 0.0597438 9.9991E-05 0.0530425 0.0137935 0.00809827
0.205994 9.9973E-05 0.0371359 0.426496 0.197001 0.0013595 9.9973E-05 0.0712578 9.9973E-05 0.0604557
9.99201E-05 9.99201E-05 9.99201E-05 0.999101 9.99201E-05 9.99201E-05 9.99201E-05 9.99201E-05 9.99201E-05 9.99201E-05
9.99201E-05 9.99201E-05 9.99201E-05 0.999101 9.99201E-05 9.99201E-05 9.99201E-05 9.99201E-05 9.99201E-05 9.99201E-05
0.0122385 9.9982E-05 0.0199642 0.433109 0.309217 0.0414337 9.9982E-05 0.0506305 0.0102477 0.122959
0.0522823 9.9982E-05 0.0573181 0.530338 0.118829 0.0825031 0.0580619 0.0714186 0.0290486 9.9982E-05
0.0857976 0.0203364 0.00740335 0.306352 0.359951 0.064589 0.0916598 0.0109477 0.021728 0.0312347
0.215971 9.9964E-05 0.00806104 0.612192 0.0807096 9.9964E-05 0.0336358 0.0490314 9.9964E-05 9.9964E-05
0.158524 9.9964E-05 9.9964E-05 0.557156 0.11561 0.0326197 9.9964E-05 0.0553043 9.9964E-05 0.0803862
0.0221822 0.00411239 9.9964E-05 0.903851 9.9964E-05 0.0123038 9.9964E-05 0.0352873 9.9964E-05 0.0218636
0.367545 9.9973E-05 0.0097674 0.3718 0.108978 0.0269354 0.0414466 9.9973E-05 0.0732274 9.9973E-05
0.325333 0.0368175 9.9973E-05 0.382841 0.123647 0.027784 0.044163 9.9973E-05 0.0591157 9.9973E-05
0.0101371 0.0433093 0.00518905 0.572418 0.112528 0.0953124 9.9991E-05 0.0733672 0.00300486 0.084634
0.182144 9.9982E-05 0.0888679 0.385515 0.153921 0.018165 0.0710254 0.0463269 0.0538345 9.9982E-05
0.122486 0.0129206 0.0889542 0.411697 0.204547 0.0248925 9.9982E-05 9.9982E-05 0.00697474 0.127328
9.99201E-05 9.99201E-05 9.99201E-05 0.999101 9.99201E-05 9.99201E-05 9.99201E-05 9.99201E-05 9.99201E-05 9.99201E-05
0.2057 9.9964E-05 0.0675484 0.549996 0.11121 0.0269871 0.0381586 9.9964E-05 9.9964E-05 9.9964E-05
9.9964E-05 0.0171615 0.0694703 0.670442 0.131266 0.0688107 9.9964E-05 9.9964E-05 0.0424486 9.9964E-05
0.134483 0.00627875 9.9982E-05 0.668594 0.0535167 0.0813793 0.00188465 9.9982E-05 0.0186494 0.0350134
0.14887 0.0484678 0.0850383 0.342191 0.121648 0.0216951 0.000870661 0.0708909 0.00632464 0.154003
9.9946E-05 9.9946E-05 0.030812 9.9946E-05 9.9946E-05 9.9946E-05 9.9946E-05 0.000795572 0.00541433 0.962378
0.117273 0.0151578 0.0312277 0.68982 0.0384109 0.0807951 0.0255723 9.9982E-05 0.00154376 9.9982E-05
9.99201E-05 9.99201E-05 9.99201E-05 9.99201E-05 9.99201E-05 9.99201E-05 9.99201E-05 9.99201E-05 9.99201E-05 0.999101
0.353736 0.00825985 9.9946E-05 0.469523 9.9946E-05 9.9946E-05 9.9946E-05 9.9946E-05 9.9946E-05 0.167882
9.99241E-05 9.99241E-05 9.99241E-05 9.99241E-05 9.99241E-05 9.99241E-05 9.99241E-05 9.99241E-05 9.99241E-05 0.999101
0.128793 0.0028795 0.0308484 0.231087 0.293129 0.0426835 9.9982E-05 0.043508 9.9982E-05 0.226873
9.99201E-05 9.99201E-05 9.99201E-05 9.99201E-05 9.99201E-05 9.99201E-05 9.99201E-05 9.99201E-05 9.99201E-05 0.999101
0.0865511 0.066625 9.9982E-05 0.456989 0.0494178 0.0432875 0.0491645 0.0554223 9.9982E-05 0.192343
0.345642 0.0093216 0.00527248 0.429296 0.0695413 0.0365052 9.9991E-05 0.0294449 0.0387295 0.0361465
0.117733 0.00334332 0.0259636 0.4588 9.9964E-05 9.9964E-05 0.0831924 9.9964E-05 9.9964E-05 0.310568
0.149732 9.9955E-05 0.0673645 0.503476 9.9955E-05 9.9955E-05 0.0417578 9.9955E-05 9.9955E-05 0.237169
0.347074 9.9964E-05 9.9964E-05 0.323417 9.9964E-05 0.10929 0.0560812 9.9964E-05 0.0381232 0.125616
0.247923 9.9964E-05 0.0989485 0.476234 9.9964E-05 9.9964E-05 0.000197329 9.9964E-05 0.0277574 0.14854
0.180943 0.0181253 9.9964E-05 0.477218 0.00391852 9.9964E-05 9.9964E-05 0.0474525 9.9964E-05 0.271943
0.222805 0.115096 9.9991E-05 0.295589 0.033308 0.0209966 0.023914 0.00560229 0.0962617 0.186327
0.919689 0.00418683 9.99551E-05 9.99551E-05 0.0324995 0.00416571 9.99551E-05 9.99551E-05 0.0389594 9.99551E-05
0.951001 9.9937E-05 9.9937E-05 9.9937E-05 9.9937E-05 9.9937E-05 9.9937E-05 9.9937E-05 0.00255395 0.0457452
0.96066 9.9964E-05 0.00207124 0.0093202 9.9964E-05 9.9964E-05 0.00208404 0.0046069 9.9964E-05 0.0208583
0.923948 9.99371E-05 9.99371E-05 9.99371E-05 9.99371E-05 9.99371E-05 9.99371E-05 9.99371E-05 0.0152467 0.0601061
0.949952 9.99371E-05 9.99371E-05 9.99371E-05 0.0285057 9.99371E-05 9.99371E-05 9.99371E-05 9.99371E-05 0.0208424
0.598027 0.0531165 0.0263914 0.0676565 0.152187 0.0584929 9.9982E-05 9.9982E-05 0.0323776 0.0115518
0.584283 0.140431 9.9991E-05 0.224069 0.00690451 0.00308251 0.0157491 0.0116096 0.00306041 0.0107112
0.521079 0.114141 0.00410574 0.165303 0.0148942 0.0568975 9.9973E-05 0.123279 9.9973E-05 9.9973E-05
0.481388 0.0261492 0.0157159 0.105834 0.151172 0.0747398 0.0424174 0.054596 9.9991E-05 0.0478876
0.51374 0.0460163 0.0576388 0.0960891 0.152834 0.10793 0.00678338 9.9982E-05 9.9982E-05 0.0187678
0.564842 0.062225 0.0097517 0.186961 0.0268531 0.0137877 9.9982E-05 0.0529565 0.0824226 9.9982E-05
0.392869 0.0588854 0.0907511 0.105557 0.0434855 0.100006 0.00350438 0.0920222 0.0289096 0.0840098
0.119362 0.129876 9.9973E-05 0.45529 9.9973E-05 0.0212037 0.0286335 0.0371837 0.208151 9.9973E-05
0.117336 0.0892978 9.9973E-05 0.437757 9.9973E-05 0.0717519 0.0199984 0.0451371 0.218422 9.9973E-05
0.374386 0.126367 0.18844 0.206587 9.9982E-05 0.00699618 0.0323811 0.039852 9.9982E-05 0.0247908
9.99281E-05 0.998848 9.99281E-05 9.99281E-05 9.99281E-05 0.000352098 9.99281E-05 9.99281E-05 9.99281E-05 9.99281E-05
9.9955E-05 0.888298 0.0234278 9.9955E-05 9.9955E-05 9.9955E-05 0.0263733 0.028349 9.9955E-05 0.0330518
0.0317981 0.84065 0.0102961 0.0263882 9.9973E-05 9.9973E-05 0.00844288 9.9973E-05 0.0681296 0.0139955
9.99201E-05 0.999101 9.99201E-05 9.99201E-05 9.99201E-05 9.99201E-05 9.99201E-05 9.99201E-05 9.99201E-05 9.99201E-05
9.99201E-05 0.999101 9.99201E-05 9.99201E-05 9.99201E-05 9.99201E-05 9.99201E-05 9.99201E-05 9.99201E-05 9.99201E-05
9.99201E-05 0.999101 9.99201E-05 9.99201E-05 9.99201E-05 9.99201E-05 9.99201E-05 9.99201E-05 9.99201E-05 9.99201E-05
9.99201E-05 0.999101 9.99201E-05 9.99201E-05 9.99201E-05 9.99201E-05 9.99201E-05 9.99201E-05 9.99201E-05 9.99201E-05
9.9964E-05 0.857112 0.0099881 0.0850905 0.0307175 0.0105756 9.9964E-05 0.00611605 9.9964E-05 9.9964E-05
9.9946E-05 0.977954 0.0118158 9.9946E-05 9.9946E-05 0.00911785 0.000512999 9.9946E-05 9.9946E-05 9.9946E-05
9.99281E-05 0.981173 0.0180278 9.99281E-05 9.99281E-05 9.99281E-05 9.99281E-05 9.99281E-05 9.99281E-05 9.99281E-05
0.401616 0.0518173 0.0522423 0.0248267 0.0600522 0.24691 0.00635758 0.0769926 0.0477339 0.0314517
0.0298197 0.903793 0.00980569 9.9955E-05 9.9955E-05 9.9955E-05 9.9955E-05 9.9955E-05 0.0216245 0.0344577
0.00867684 0.990524 9.99281E-05 9.99281E-05 9.99281E-05 9.99281E-05 9.99281E-05 9.99281E-05 9.99281E-05 9.99281E-05
9.99371E-05 0.94724 9.99371E-05 9.99371E-05 0.0433868 9.99371E-05 9.99371E-05 0.00867366 9.99371E-05 9.99371E-05
0.978829 9.9937E-05 0.0148533 9.9937E-05 9.9937E-05 0.00561859 9.9937E-05 9.9937E-05 9.9937E-05 9.9937E-05
0.999101 9.99201E-05 9.99201E-05 9.99201E-05 9.99201E-05 9.99201E-05 9.99201E-05 9.99201E-05 9.99201E-05 9.99201E-05
0.999101 9.99201E-05 9.99201E-05 9.99201E-05 9.99201E-05 9.99201E-05 9.99201E-05 9.99201E-05 9.99201E-05 9.99201E-05
0.999101 9.99201E-05 9.99201E-05 9.99201E-05 9.99201E-05 9.99201E-05 9.99201E-05 9.99201E-05 9.99201E-05 9.99201E-05
0.853931 9.9946E-05 9.9946E-05 9.9946E-05 9.9946E-05 0.0912351 9.9946E-05 0.0217203 0.0325143 9.9946E-05
0.724462 9.9955E-05 9.9955E-05 0.000369517 0.0825001 0.0961199 9.9955E-05 9.9955E-05 0.0960486 9.9955E-05
0.796937 0.0603138 9.9964E-05 0.00383997 0.0460052 0.0423592 9.9964E-05 9.9964E-05 0.0501452 9.9964E-05
0.847799 0.0301527 9.9946E-05 9.9946E-05 9.9946E-05 0.0612198 9.9946E-05 9.9946E-05 0.060229 9.9946E-05
0.8986 0.0522958 9.99444E-05 9.99444E-05 9.99444E-05 9.99444E-05 9.99444E-05 9.99444E-05 0.0484042 9.99444E-05
0.924018 0.0495974 9.9937E-05 9.9937E-05 9.9937E-05 9.9937E-05 9.9937E-05 9.9937E-05 0.0256848 9.9937E-05
0.734536 0.00264414 0.0516072 0.0309227 0.0831065 0.0245456 9.9982E-05 0.0496413 0.0227963 9.9982E-05
0.85938 0.0273836 9.9955E-05 9.9955E-05 0.042458 9.9955E-05 0.00204287 9.9955E-05 0.0682356 9.9955E-05
0.649057 9.9982E-05 0.114691 0.0167469 9.9982E-05 0.0658778 0.0368997 0.0545592 0.018935 0.0430336
0.678007 0.0402352 0.0314699 0.0545501 0.0314776 0.122494 9.9982E-05 0.0111157 0.0304503 9.9982E-05
9.99201E-05 9.99201E-05 9.99201E-05 9.99201E-05 9.99201E-05 9.99201E-05 9.99201E-05 0.999101 9.99201E-05 9.99201E-05
0.591366 0.0875171 0.0237467 0.0855167 9.9982E-05 0.114103 9.9982E-05 0.0731727 0.00111819 0.0232598
9.99201E-05 9.99201E-05 9.99201E-05 9.99201E-05 9.99201E-05 9.99201E-05 9.99201E-05 0.999101 9.99201E-05 9.99201E-05
9.99201E-05 9.99201E-05 9.99201E-05 9.99201E-05 9.99201E-05 9.99201E-05 9.99201E-05 0.999101 9.99201E-05 9.99201E-05
9.9955E-05 0.0108001 9.9955E-05 9.9955E-05 0.0320347 9.9955E-05 0.0194854 0.901455 0.0357253 9.9955E-05
0.0849828 9.9973E-05 0.023243 9.9973E-05 0.0311191 0.00585971 0.00305965 0.813864 0.0375718 9.9973E-05
9.99201E-05 9.99201E-05 9.99201E-05 9.99201E-05 9.99201E-05 9.99201E-05 9.99201E-05 0.999101 9.99201E-05 9.99201E-05
0.0912843 0.018249 9.9964E-05 9.9964E-05 9.9964E-05 0.00346378 9.9964E-05 0.851965 0.0065044 0.0281335
0.00353205 9.99371E-05 0.0164653 9.99371E-05 9.99371E-05 9.99371E-05 9.99371E-05 0.979303 9.99371E-05 9.99371E-05
9.9955E-05 0.0081936 9.9955E-05 0.0153516 0.00257893 0.0210378 9.9955E-05 0.952338 9.9955E-05 9.9955E-05
9.99201E-05 9.99201E-05 9.99201E-05 9.99201E-05 9.99201E-05 9.99201E-05 9.99201E-05 0.999101 9.99201E-05 9.99201E-05
9.9946E-05 9.9946E-05 0.00650623 0.0147682 0.0134562 9.9946E-05 9.9946E-05 0.96467 9.9946E-05 9.9946E-05
0.00774921 0.0248315 0.0132926 9.9973E-05 0.0340572 0.015374 9.9973E-05 0.897024 9.9973E-05 0.00737194
0.0959454 0.0523964 0.00902099 9.99551E-05 9.99551E-05 0.0394754 9.99551E-05 0.802662 9.99551E-05 9.99551E-05
9.9946E-05 9.9946E-05 9.9946E-05 9.9946E-05 9.9946E-05 0.0151136 0.0107035 0.961927 0.0116562 9.9946E-05
9.9964E-05 0.0123542 9.9964E-05 0.067913 9.9964E-05 0.00745612 0.0148752 0.869388 9.9964E-05 0.0276131
9.9964E-05 9.9964E-05 0.0459885 9.9964E-05 9.9964E-05 0.00893678 0.00450095 0.89886 0.0169164 0.024398
0.112219 9.9973E-05 0.0148316 9.9973E-05 0.0277603 9.9973E-05 0.00797212 0.818056 0.0129385 0.00592247
9.9937E-05 9.9937E-05 9.9937E-05 9.9937E-05 9.9937E-05 0.0345271 9.9937E-05 0.9453 9.9937E-05 0.0194734
0.0455509 9.9973E-05 0.00176226 9.9973E-05 0.0110527 0.920413 9.9973E-05 0.00716858 0.00635269 0.0073997
9.9964E-05 0.0305633 0.0574231 9.9964E-05 9.9964E-05 0.833486 0.0187812 9.9964E-05 0.0423188 0.0170282
9.99201E-05 9.99201E-05 9.99201E-05 9.99201E-05 9.99201E-05 0.999101 9.99201E-05 9.99201E-05 9.99201E-05 9.99201E-05
0.000367688 0.0116882 0.0374725 0.0180023 9.9964E-05 0.919981 9.9964E-05 9.9964E-05 9.9964E-05 0.012088
9.99201E-05 9.99201E-05 9.99201E-05 9.99201E-05 9.99201E-05 0.999101 9.99201E-05 9.99201E-05 9.99201E-05 9.99201E-05
9.99201E-05 9.99201E-05 9.99201E-05 9.99201E-05 9.99201E-05 0.999101 9.99201E-05 9.99201E-05 9.99201E-05 9.99201E-05
9.99201E-05 9.99201E-05 9.99201E-05 9.99201E-05 9.99201E-05 0.999101 9.99201E-05 9.99201E-05 9.99201E-05 9.99201E-05
9.99461E-05 9.99461E-05 9.99461E-05 0.0376314 9.99461E-05 0.787174 0.0511411 9.99461E-05 0.123454 9.99461E-05
9.99281E-05 9.99281E-05 9.99281E-05 9.99281E-05 9.99281E-05 0.997631 9.99281E-05 0.00156975 9.99281E-05 9.99281E-05
9.99201E-05 9.99201E-05 9.99201E-05 9.99201E-05 9.99201E-05 0.999101 9.99201E-05 9.99201E-05 9.99201E-05 9.99201E-05
9.99461E-05 0.0319055 9.99461E-05 9.99461E-05 9.99461E-05 0.874958 0.0187223 9.99461E-05 0.0738144 9.99461E-05
9.99201E-05 9.99201E-05 9.99201E-05 9.99201E-05 9.99201E-05 0.999101 9.99201E-05 9.99201E-05 9.99201E-05 9.99201E-05
0.014262 0.0087295 9.9973E-05 0.0434322 9.9973E-05 0.749914 9.9973E-05 0.0966773 0.0313033 0.0553813
0.332429 0.0224749 0.289165 0.0932222 9.9991E-05 0.0451191 0.0372481 0.0371762 0.0987686 0.0442965
0.304512 0.0243791 0.277149 0.0993526 0.0404659 0.0146379 0.0199677 0.0582643 0.0810191 0.0802527
0.232593 0.0792234 0.275408 0.077124 0.00459916 0.0525989 0.0331188 0.050468 0.0765188 0.118348
0.263522 0.0409431 0.28353 0.108405 9.9991E-05 0.0144899 0.068037 0.0681864 0.0888672 0.0639196
0.0381138 9.9946E-05 9.9946E-05 9.9946E-05 9.9946E-05 0.0367687 9.9946E-05 9.9946E-05 0.89051 0.0340074
9.99201E-05 9.99201E-05 9.99201E-05 9.99201E-05 9.99201E-05 9.99201E-05 9.99201E-05 9.99201E-05 0.999101 9.99201E-05
0.0188168 9.9955E-05 0.0131044 9.9955E-05 9.9955E-05 9.9955E-05 9.9955E-05 0.0108561 0.954378 0.0023446
9.99201E-05 9.99201E-05 9.99201E-05 9.99201E-05 9.99201E-05 9.99201E-05 9.99201E-05 9.99201E-05 0.999101 9.99201E-05
9.9946E-05 0.0104514 0.00543538 9.9946E-05 9.9946E-05 9.9946E-05 0.0210015 9.9946E-05 0.962512 9.9946E-05
9.9955E-05 0.021938 0.0157106 9.9955E-05 9.9955E-05 9.9955E-05 9.9955E-05 0.00127731 0.953646 0.00692865
0.0354342 0.0207531 9.9937E-05 9.9937E-05 9.9937E-05 9.9937E-05 9.9937E-05 9.9937E-05 0.943113 9.9937E-05
0.107954 0.0296437 0.0184072 9.9982E-05 0.0472559 0.020882 0.030818 9.9982E-05 0.711053 0.033786
0.0669512 9.9973E-05 0.026588 0.0434229 9.9973E-05 0.0029061 9.9973E-05 0.00789556 0.827555 0.0243819
0.0108689 9.9928E-05 0.988332 9.9928E-05 9.9928E-05 9.9928E-05 9.9928E-05 9.9928E-05 9.9928E-05 9.9928E-05
9.99201E-05 9.99201E-05 0.999101 9.99201E-05 9.99201E-05 9.99201E-05 9.99201E-05 9.99201E-05 9.99201E-05 9.99201E-05
9.99201E-05 9.99201E-05 0.999101 9.99201E-05 9.99201E-05 9.99201E-05 9.99201E-05 9.99201E-05 9.99201E-05 9.99201E-05
9.99201E-05 9.99201E-05 0.999101 9.99201E-05 9.99201E-05 9.99201E-05 9.99201E-05 9.99201E-05 9.99201E-05 9.99201E-05
9.99201E-05 9.99201E-05 0.999101 9.99201E-05 9.99201E-05 9.99201E-05 9.99201E-05 9.99201E-05 9.99201E-05 9.99201E-05
0.0196219 9.9964E-05 0.852071 9.9964E-05 0.0186106 9.9964E-05 0.0302151 9.9964E-05 0.0433667 0.0357145
9.99201E-05 9.99201E-05 0.999101 9.99201E-05 9.99201E-05 9.99201E-05 9.99201E-05 9.99201E-05 9.99201E-05 9.99201E-05
9.99201E-05 9.99201E-05 0.999101 9.99201E-05 9.99201E-05 9.99201E-05 9.99201E-05 9.99201E-05 9.99201E-05 9.99201E-05
9.99281E-05 9.99281E-05 0.99843 9.99281E-05 9.99281E-05 0.000770202 9.99281E-05 9.99281E-05 9.99281E-05 9.99281E-05
9.9955E-05 0.00134756 0.95389 9.9955E-05 9.9955E-05 0.0229342 9.9955E-05 0.00658119 9.9955E-05 0.0147476
9.99201E-05 9.99201E-05 0.999101 9.99201E-05 9.99201E-05 9.99201E-05 9.99201E-05 9.99201E-05 9.99201E-05 9.99201E-05
9.99371E-05 9.99371E-05 0.997084 9.99371E-05 0.0012473 0.000969128 9.99371E-05 9.99371E-05 9.99371E-05 9.99371E-05
