9.98742E-05 9.98742E-05 9.98742E-05 9.98742E-05 9.98742E-05 9.98742E-05 9.98742E-05 9.98742E-05 9.98742E-05 0.998602 9.98742E-05 9.98742E-05 9.98742E-05 9.98742E-05 9.98742E-05
9.9928E-05 0.000794132 0.00423338 9.9928E-05 9.9928E-05 9.9928E-05 0.0612761 9.9928E-05 9.9928E-05 0.56832 9.9928E-05 0.156268 0.168966 0.039343 9.9928E-05
9.98741E-05 0.998602 9.98741E-05 9.98741E-05 9.98741E-05 9.98741E-05 9.98741E-05 9.98741E-05 9.98741E-05 9.98741E-05 9.98741E-05 9.98741E-05 9.98741E-05 9.98741E-05 9.98741E-05
9.991E-05 0.810372 0.00653259 9.991E-05 9.991E-05 9.991E-05 9.991E-05 0.0403892 0.107265 9.991E-05 9.991E-05 9.991E-05 9.991E-05 0.0344423 9.991E-05
9.99011E-05 0.0417216 9.99011E-05 9.99011E-05 9.99011E-05 9.99011E-05 9.99011E-05 9.99011E-05 9.99011E-05 0.00182643 0.0343988 9.99011E-05 0.920954 9.99011E-05 9.99011E-05
9.98831E-05 9.98831E-05 9.98831E-05 9.98831E-05 9.98831E-05 9.98831E-05 9.98831E-05 0.109842 9.98831E-05 0.88886 9.98831E-05 9.98831E-05 9.98831E-05 9.98831E-05 9.98831E-05
9.9928E-05 9.9928E-05 0.0130366 0.102804 9.9928E-05 0.0152671 9.9928E-05 9.9928E-05 9.9928E-05 0.787494 9.9928E-05 0.0011977 0.0220249 9.9928E-05 0.0573765
9.98741E-05 9.98741E-05 9.98741E-05 9.98741E-05 9.98741E-05 9.98741E-05 9.98741E-05 9.98741E-05 9.98741E-05 9.98741E-05 9.98741E-05 9.98741E-05 0.998602 9.98741E-05 9.98741E-05
9.9928E-05 0.131973 9.9928E-05 9.9928E-05 9.9928E-05 9.9928E-05 0.273934 9.9928E-05 0.00946366 0.221249 0.0864293 0.0363699 0.239781 9.9928E-05 9.9928E-05
9.9937E-05 0.0540709 0.024424 0.00225948 9.9937E-05 0.0975407 0.0218978 0.0701864 9.9937E-05 9.9937E-05 9.9937E-05 0.114848 0.614074 9.9937E-05 9.9937E-05
9.98921E-05 9.98921E-05 9.98921E-05 9.98921E-05 9.98921E-05 9.98921E-05 9.98921E-05 9.98921E-05 9.98921E-05 9.98921E-05 0.900138 9.98921E-05 0.0378114 0.0608516 9.98921E-05
9.98741E-05 9.98741E-05 9.98741E-05 9.98741E-05 9.98741E-05 9.98741E-05 9.98741E-05 9.98741E-05 9.98741E-05 9.98741E-05 9.98741E-05 9.98741E-05 9.98741E-05 9.98741E-05 0.998602
9.99101E-05 0.0964151 9.99101E-05 9.99101E-05 9.99101E-05 9.99101E-05 9.99101E-05 9.99101E-05 9.99101E-05 0.0491347 0.218932 9.99101E-05 0.0100205 9.99101E-05 0.624499
9.99011E-05 9.99011E-05 0.0277713 9.99011E-05 9.99011E-05 9.99011E-05 9.99011E-05 0.0125409 0.0790399 9.99011E-05 9.99011E-05 9.99011E-05 9.99011E-05 9.99011E-05 0.879549
9.9928E-05 0.0641704 0.0327953 9.9928E-05 9.9928E-05 0.169807 9.9928E-05 9.9928E-05 9.9928E-05 0.04635 0.605551 9.9928E-05 9.9928E-05 0.0305735 0.0499531
9.9919E-05 9.9919E-05 9.9919E-05 9.9919E-05 9.9919E-05 0.0343273 0.00445464 0.0298134 9.9919E-05 9.9919E-05 9.9919E-05 0.0245134 9.9919E-05 0.793399 0.112593
9.98831E-05 9.98831E-05 9.98831E-05 9.98831E-05 9.98831E-05 9.98831E-05 9.98831E-05 0.923875 9.98831E-05 9.98831E-05 0.074826 9.98831E-05 9.98831E-05 9.98831E-05 9.98831E-05
0.00333424 0.0154814 9.9919E-05 9.9919E-05 0.138587 9.9919E-05 0.170667 0.559953 9.9919E-05 9.9919E-05 9.9919E-05 9.9919E-05 9.9919E-05 0.111078 9.9919E-05
9.991E-05 0.0496876 9.991E-05 9.991E-05 9.991E-05 9.991E-05 9.991E-05 0.257785 9.991E-05 9.991E-05 0.563712 0.0788485 9.991E-05 9.991E-05 0.0489684
0.163087 0.0659669 9.99011E-05 9.99011E-05 9.99011E-05 9.99011E-05 9.99011E-05 0.666913 9.99011E-05 9.99011E-05 9.99011E-05 9.99011E-05 9.99011E-05 0.102935 9.99011E-05
0.0322061 9.9928E-05 9.9928E-05 0.0352975 0.0723159 9.9928E-05 9.9928E-05 0.639381 9.9928E-05 0.0586883 0.023065 9.9928E-05 9.9928E-05 9.9928E-05 0.138247
0.0343004 0.008618 9.99011E-05 9.99011E-05 9.99011E-05 9.99011E-05 9.99011E-05 9.99011E-05 9.99011E-05 9.99011E-05 9.99011E-05 9.99011E-05 0.181635 0.774347 9.99011E-05
9.98741E-05 9.98741E-05 9.98741E-05 9.98741E-05 9.98741E-05 9.98741E-05 9.98741E-05 9.98741E-05 9.98741E-05 9.98741E-05 9.98741E-05 9.98741E-05 9.98741E-05 0.998602 9.98741E-05
9.98741E-05 9.98741E-05 9.98741E-05 9.98741E-05 9.98741E-05 9.98741E-05 9.98741E-05 0.998602 9.98741E-05 9.98741E-05 9.98741E-05 9.98741E-05 9.98741E-05 9.98741E-05 9.98741E-05
0.190565 9.9937E-05 9.9937E-05 9.9937E-05 0.0999783 9.9937E-05 0.00857373 0.141386 9.9937E-05 0.0019201 0.13034 9.9937E-05 9.9937E-05 0.00865847 0.417879
9.9919E-05 9.9919E-05 9.9919E-05 9.9919E-05 0.133502 0.0310405 0.0430169 9.9919E-05 9.9919E-05 0.073888 9.9919E-05 9.9919E-05 9.9919E-05 0.00547667 0.712177
9.98921E-05 9.98921E-05 9.98921E-05 9.98921E-05 9.98921E-05 9.98921E-05 0.0908554 9.98921E-05 0.134905 9.98921E-05 0.773041 9.98921E-05 9.98921E-05 9.98921E-05 9.98921E-05
0.0965906 0.0403689 9.9928E-05 9.9928E-05 0.144085 9.9928E-05 9.9928E-05 9.9928E-05 9.9928E-05 9.9928E-05 0.383703 0.162717 9.9928E-05 0.156611 0.0151245
0.070433 9.99209E-05 9.99209E-05 0.0134371 9.99209E-05 9.99209E-05 9.99209E-05 9.99209E-05 9.99209E-05 9.99209E-05 0.310872 0.317593 9.99209E-05 0.0282415 0.258524
9.98831E-05 9.98831E-05 9.98831E-05 9.98831E-05 0.00189556 9.98831E-05 9.98831E-05 9.98831E-05 9.98831E-05 9.98831E-05 0.996806 9.98831E-05 9.98831E-05 9.98831E-05 9.98831E-05
9.9892E-05 9.9892E-05 9.9892E-05 9.9892E-05 0.036867 9.9892E-05 0.878825 9.9892E-05 9.9892E-05 9.9892E-05 9.9892E-05 0.0831095 9.9892E-05 9.9892E-05 9.9892E-05
9.98831E-05 9.98831E-05 9.98831E-05 9.98831E-05 9.98831E-05 9.98831E-05 0.99833 9.98831E-05 9.98831E-05 9.98831E-05 9.98831E-05 9.98831E-05 9.98831E-05 0.000371452 9.98831E-05
0.806998 0.00837407 9.99101E-05 0.119378 0.0496236 9.99101E-05 9.99101E-05 9.99101E-05 9.99101E-05 9.99101E-05 9.99101E-05 9.99101E-05 9.99101E-05 0.0146275 9.99101E-05
9.98831E-05 9.98831E-05 9.98831E-05 9.98831E-05 9.98831E-05 0.997874 9.98831E-05 9.98831E-05 0.000827501 9.98831E-05 9.98831E-05 9.98831E-05 9.98831E-05 9.98831E-05 9.98831E-05
0.718514 9.9892E-05 9.9892E-05 9.9892E-05 9.9892E-05 9.9892E-05 0.0558722 9.9892E-05 9.9892E-05 9.9892E-05 0.224415 9.9892E-05 9.9892E-05 9.9892E-05 9.9892E-05
0.658118 9.99101E-05 9.99101E-05 9.99101E-05 9.99101E-05 0.126726 0.014577 9.99101E-05 0.0588245 9.99101E-05 9.99101E-05 0.140756 9.99101E-05 9.99101E-05 9.99101E-05
0.791494 9.9892E-05 9.9892E-05 9.9892E-05 9.9892E-05 9.9892E-05 9.9892E-05 9.9892E-05 9.9892E-05 0.0688141 9.9892E-05 9.9892E-05 0.138494 9.9892E-05 9.9892E-05
0.276755 0.0202486 9.9946E-05 9.9946E-05 9.9946E-05 0.0656639 0.038621 0.0381043 9.9946E-05 0.0186884 0.00887216 0.447244 9.9946E-05 0.0852035 9.9946E-05
0.89528 9.98831E-05 9.98831E-05 9.98831E-05 9.98831E-05 9.98831E-05 9.98831E-05 9.98831E-05 0.103422 9.98831E-05 9.98831E-05 9.98831E-05 9.98831E-05 9.98831E-05 9.98831E-05
0.70243 9.991E-05 0.0224755 9.991E-05 0.202965 9.991E-05 9.991E-05 9.991E-05 0.0271279 0.0440031 9.991E-05 9.991E-05 9.991E-05 9.991E-05 9.991E-05
0.807022 9.99011E-05 9.99011E-05 9.99011E-05 9.99011E-05 9.99011E-05 0.114876 0.00688799 9.99011E-05 9.99011E-05 9.99011E-05 0.0701147 9.99011E-05 9.99011E-05 9.99011E-05
0.0713227 0.0560753 9.9955E-05 0.16404 0.0928684 0.113371 9.9955E-05 9.9955E-05 0.00511634 0.0187135 0.0691232 0.358183 9.9955E-05 9.9955E-05 0.0506869
0.716362 9.9919E-05 9.9919E-05 9.9919E-05 0.0949027 0.131551 0.0368214 9.9919E-05 9.9919E-05 9.9919E-05 0.00206823 9.9919E-05 9.9919E-05 9.9919E-05 0.017396
9.98741E-05 9.98741E-05 9.98741E-05 9.98741E-05 9.98741E-05 0.998602 9.98741E-05 9.98741E-05 9.98741E-05 9.98741E-05 9.98741E-05 9.98741E-05 9.98741E-05 9.98741E-05 9.98741E-05
9.99101E-05 9.99101E-05 9.99101E-05 9.99101E-05 0.143338 0.227409 0.283896 9.99101E-05 0.318372 9.99101E-05 9.99101E-05 9.99101E-05 9.99101E-05 9.99101E-05 0.0259864
9.9919E-05 9.9919E-05 0.00428005 0.872038 9.9919E-05 9.9919E-05 9.9919E-05 9.9919E-05 9.9919E-05 0.0663329 0.00599649 9.9919E-05 0.0163024 9.9919E-05 0.0341508
9.99191E-05 9.99191E-05 0.0209263 0.73541 0.0313599 0.123149 0.010764 0.077492 9.99191E-05 9.99191E-05 9.99191E-05 9.99191E-05 9.99191E-05 9.99191E-05 9.99191E-05
9.9901E-05 9.9901E-05 9.9901E-05 0.849023 0.0701711 9.9901E-05 0.0235883 9.9901E-05 0.0561186 9.9901E-05 9.9901E-05 9.9901E-05 9.9901E-05 9.9901E-05 9.9901E-05
0.244596 0.108135 9.99011E-05 0.561212 9.99011E-05 9.99011E-05 9.99011E-05 9.99011E-05 9.99011E-05 9.99011E-05 9.99011E-05 9.99011E-05 9.99011E-05 9.99011E-05 0.0849588
0.324335 9.9919E-05 9.9919E-05 0.383005 9.9919E-05 0.0415816 0.0951829 9.9919E-05 9.9919E-05 9.9919E-05 9.9919E-05 9.9919E-05 0.0775226 9.9919E-05 0.0774737
9.9919E-05 0.00147831 9.9919E-05 0.213407 9.9919E-05 9.9919E-05 0.0191923 9.9919E-05 0.505315 9.9919E-05 9.9919E-05 0.249482 9.9919E-05 0.0102262 9.9919E-05
9.98741E-05 9.98741E-05 9.98741E-05 9.98741E-05 9.98741E-05 9.98741E-05 9.98741E-05 9.98741E-05 0.998602 9.98741E-05 9.98741E-05 9.98741E-05 9.98741E-05 9.98741E-05 9.98741E-05
9.99011E-05 9.99011E-05 9.99011E-05 0.107235 0.290689 0.00472671 9.99011E-05 9.99011E-05 0.59625 9.99011E-05 9.99011E-05 9.99011E-05 9.99011E-05 9.99011E-05 9.99011E-05
9.991E-05 9.991E-05 9.991E-05 9.991E-05 0.0277985 9.991E-05 9.991E-05 9.991E-05 0.879292 9.991E-05 0.014667 0.0766679 9.991E-05 0.000575478 9.991E-05
9.99011E-05 9.99011E-05 9.99011E-05 0.892447 0.0073939 0.0771949 9.99011E-05 0.0218654 9.99011E-05 9.99011E-05 9.99011E-05 9.99011E-05 9.99011E-05 9.99011E-05 9.99011E-05
9.98831E-05 9.98831E-05 0.0169799 0.981722 9.98831E-05 9.98831E-05 9.98831E-05 9.98831E-05 9.98831E-05 9.98831E-05 9.98831E-05 9.98831E-05 9.98831E-05 9.98831E-05 9.98831E-05
0.0293503 0.0853912 0.0104656 0.102038 0.767175 9.99191E-05 9.99191E-05 9.99191E-05 9.99191E-05 9.99191E-05 9.99191E-05 9.99191E-05 0.00468127 9.99191E-05 9.99191E-05
0.0189089 9.99281E-05 9.99281E-05 0.0576266 0.763411 9.99281E-05 9.99281E-05 0.0475182 0.010647 0.0793219 9.99281E-05 9.99281E-05 9.99281E-05 9.99281E-05 0.0217667
9.9919E-05 0.0389799 9.9919E-05 0.178298 0.29101 9.9919E-05 0.0922977 9.9919E-05 9.9919E-05 9.9919E-05 0.0596256 0.338889 9.9919E-05 9.9919E-05 9.9919E-05
0.0428288 9.9946E-05 9.9946E-05 0.0202413 0.567095 0.0189917 0.0726705 9.9946E-05 9.9946E-05 0.0501307 9.9946E-05 0.0348213 0.105517 0.087104 9.9946E-05
9.9928E-05 9.9928E-05 9.9928E-05 0.021371 0.224398 9.9928E-05 0.0061522 0.0302091 0.0681345 9.9928E-05 9.9928E-05 0.632752 0.0161836 9.9928E-05 9.9928E-05
0.0585622 0.0248669 0.040971 9.99191E-05 9.99191E-05 0.0263815 9.99191E-05 9.99191E-05 9.99191E-05 0.00411351 9.99191E-05 0.844205 9.99191E-05 9.99191E-05 9.99191E-05
9.98921E-05 9.98921E-05 9.98921E-05 9.98921E-05 0.00938851 0.0675444 9.98921E-05 9.98921E-05 9.98921E-05 9.98921E-05 9.98921E-05 0.921868 9.98921E-05 9.98921E-05 9.98921E-05
9.98831E-05 9.98831E-05 0.0178393 9.98831E-05 9.98831E-05 9.98831E-05 9.98831E-05 9.98831E-05 9.98831E-05 9.98831E-05 9.98831E-05 0.980862 9.98831E-05 9.98831E-05 9.98831E-05
0.0912463 9.991E-05 0.00508926 9.991E-05 0.46006 9.991E-05 9.991E-05 0.020622 9.991E-05 9.991E-05 9.991E-05 0.421984 9.991E-05 9.991E-05 9.991E-05
9.98832E-05 9.98832E-05 9.98832E-05 9.98832E-05 0.976196 9.98832E-05 9.98832E-05 9.98832E-05 0.022505 9.98832E-05 9.98832E-05 9.98832E-05 9.98832E-05 9.98832E-05 9.98832E-05
9.98921E-05 9.98921E-05 0.00271732 9.98921E-05 0.979311 9.98921E-05 9.98921E-05 9.98921E-05 9.98921E-05 9.98921E-05 0.0167728 9.98921E-05 9.98921E-05 9.98921E-05 9.98921E-05
9.98921E-05 9.98921E-05 9.98921E-05 9.98921E-05 0.909483 9.98921E-05 9.98921E-05 9.98921E-05 0.000313846 9.98921E-05 9.98921E-05 9.98921E-05 9.98921E-05 0.0890048 9.98921E-05
9.98831E-05 9.98831E-05 0.0257216 9.98831E-05 0.97298 9.98831E-05 9.98831E-05 9.98831E-05 9.98831E-05 9.98831E-05 9.98831E-05 9.98831E-05 9.98831E-05 9.98831E-05 9.98831E-05
9.99011E-05 9.99011E-05 9.99011E-05 0.0151852 0.911541 9.99011E-05 0.0110558 9.99011E-05 9.99011E-05 9.99011E-05 9.99011E-05 0.061119 9.99011E-05 9.99011E-05 9.99011E-05
0.0743997 9.98922E-05 0.00423208 9.98922E-05 0.920169 9.98922E-05 9.98922E-05 9.98922E-05 9.98922E-05 9.98922E-05 9.98922E-05 9.98922E-05 9.98922E-05 9.98922E-05 9.98922E-05
0.0556082 9.99011E-05 9.99011E-05 9.99011E-05 9.99011E-05 9.99011E-05 0.122651 9.99011E-05 9.99011E-05 0.00423394 9.99011E-05 0.816408 9.99011E-05 9.99011E-05 9.99011E-05
9.99101E-05 0.0255135 9.99101E-05 0.058527 0.702353 9.99101E-05 9.99101E-05 9.99101E-05 9.99101E-05 9.99101E-05 9.99101E-05 0.132875 0.0797325 9.99101E-05 9.99101E-05
0.0502596 9.9919E-05 0.0358673 9.9919E-05 0.05951 9.9919E-05 9.9919E-05 0.0627154 0.096372 9.9919E-05 9.9919E-05 0.694376 9.9919E-05 9.9919E-05 9.9919E-05
9.9946E-05 0.0185949 0.48597 0.0414526 0.21166 0.0230666 9.9946E-05 0.0110892 9.9946E-05 9.9946E-05 9.9946E-05 0.170515 9.9946E-05 0.0349175 0.0021347
9.98702E-05 9.98702E-05 0.998602 9.98702E-05 9.98702E-05 9.98702E-05 9.98702E-05 9.98702E-05 9.98702E-05 9.98702E-05 9.98702E-05 9.98702E-05 9.98702E-05 9.98702E-05 9.98702E-05
0.0135668 9.9937E-05 0.027497 9.9937E-05 0.602688 0.176206 9.9937E-05 9.9937E-05 0.0600718 0.0140964 0.0726802 0.032494 9.9937E-05 9.9937E-05 9.9937E-05
