9.99201E-05 9.99201E-05 9.99201E-05 9.99201E-05 0.999101 9.99201E-05 9.99201E-05 9.99201E-05 9.99201E-05 9.99201E-05
0.524947 0.00177786 0.162903 9.9973E-05 0.188082 9.9973E-05 0.00377893 0.0752055 9.9973E-05 0.0430054
0.582369 9.9955E-05 0.138893 9.9955E-05 0.148105 9.9955E-05 9.9955E-05 0.102528 9.9955E-05 0.0276062
0.999101 9.99201E-05 9.99201E-05 9.99201E-05 9.99201E-05 9.99201E-05 9.99201E-05 9.99201E-05 9.99201E-05 9.99201E-05
0.655854 0.0883279 0.179901 9.9946E-05 9.9946E-05 9.9946E-05 0.0753176 9.9946E-05 9.9946E-05 9.9946E-05
0.394599 9.9982E-05 0.250304 9.9982E-05 0.103066 0.168926 0.0151097 0.032501 0.0346153 0.00067844
0.388927 9.9937E-05 0.393615 9.9937E-05 0.216759 9.9937E-05 9.9937E-05 9.9937E-05 9.9937E-05 9.9937E-05
0.336869 9.9964E-05 0.229939 9.9964E-05 0.246288 0.0862052 9.9964E-05 0.0617901 9.9964E-05 0.0385097
0.378024 0.0475967 0.364244 9.9964E-05 0.124966 0.011386 9.9964E-05 0.0733826 9.9964E-05 9.9964E-05
9.99201E-05 9.99201E-05 9.99201E-05 9.99201E-05 0.999101 9.99201E-05 9.99201E-05 9.99201E-05 9.99201E-05 9.99201E-05
9.99201E-05 9.99201E-05 9.99201E-05 9.99201E-05 0.999101 9.99201E-05 9.99201E-05 9.99201E-05 9.99201E-05 9.99201E-05
9.99201E-05 9.99201E-05 9.99201E-05 9.99201E-05 0.999101 9.99201E-05 9.99201E-05 9.99201E-05 9.99201E-05 9.99201E-05
9.9928E-05 9.9928E-05 9.9928E-05 9.9928E-05 0.98675 9.9928E-05 9.9928E-05 9.9928E-05 9.9928E-05 0.0124506
9.9937E-05 9.9937E-05 0.0565861 9.9937E-05 0.893611 9.9937E-05 0.0491037 9.9937E-05 9.9937E-05 9.9937E-05
0.0242122 9.9946E-05 9.9946E-05 9.9946E-05 0.935404 0.0172093 0.0225746 9.9946E-05 9.9946E-05 9.9946E-05
0.471595 0.0806474 0.0794707 0.0270275 0.0906851 0.200361 9.9973E-05 0.049913 9.9973E-05 9.9973E-05
0.227291 0.0579527 0.157862 0.0220822 0.170236 0.129526 0.0628251 0.123342 9.9991E-05 0.048783
0.999101 9.99201E-05 9.99201E-05 9.99201E-05 9.99201E-05 9.99201E-05 9.99201E-05 9.99201E-05 9.99201E-05 9.99201E-05
0.0593685 0.0148246 0.874823 9.9964E-05 9.9964E-05 0.00111845 0.0354601 9.9964E-05 9.9964E-05 0.0140051
9.9964E-05 0.0263591 0.871581 0.00353988 9.9964E-05 9.9964E-05 0.0361383 9.9964E-05 0.0596077 0.00237429
0.0935239 0.0423049 0.790134 9.9964E-05 0.0326118 9.9964E-05 9.9964E-05 9.9964E-05 0.0347364 0.006289
0.0803874 9.9973E-05 0.722611 0.0064399 9.9973E-05 0.00773296 0.0695341 0.0784461 9.9973E-05 0.0345488
0.00343616 9.9955E-05 0.874629 9.9955E-05 9.9955E-05 9.9955E-05 0.0671981 0.0321286 0.022108 9.9955E-05
9.9946E-05 9.9946E-05 0.979184 0.000624314 0.0180357 9.9946E-05 0.00155592 9.9946E-05 9.9946E-05 9.9946E-05
9.9946E-05 0.00294583 0.947902 9.9946E-05 9.9946E-05 0.0385433 0.0100088 9.9946E-05 9.9946E-05 9.9946E-05
9.9964E-05 0.0590998 0.631763 0.0459502 0.0129831 0.0846165 9.9964E-05 9.9964E-05 0.165188 9.9964E-05
9.9964E-05 0.0924998 0.669865 9.9964E-05 0.0193952 0.116334 9.9964E-05 0.0612359 0.0402699 9.9964E-05
0.0468638 9.9946E-05 0.883337 9.9946E-05 9.9946E-05 0.0631508 9.9946E-05 0.00604911 9.9946E-05 9.9946E-05
0.0218949 0.0217325 0.778677 0.0210729 0.0487875 0.0139591 0.0129782 0.0221081 0.0586902 9.9991E-05
0.0421448 9.9937E-05 0.922967 9.9937E-05 0.0341883 9.9937E-05 9.9937E-05 9.9937E-05 9.9937E-05 9.9937E-05
9.9946E-05 9.9946E-05 0.906136 9.9946E-05 0.057911 9.9946E-05 0.0257204 9.9946E-05 9.9946E-05 0.0096327
9.9955E-05 0.041925 0.860072 0.0404681 9.9955E-05 0.0433494 9.9955E-05 9.9955E-05 9.9955E-05 0.0136861
0.0128604 0.049945 0.721527 9.9964E-05 9.9964E-05 0.013348 9.9964E-05 0.0566958 0.145224 9.9964E-05
9.9973E-05 0.00268398 0.6652 0.0982972 0.0527311 9.9973E-05 9.9973E-05 0.0612106 0.108435 0.0111426
0.0699123 9.9964E-05 0.776399 0.00275641 9.9964E-05 0.00263082 0.129919 0.0179822 9.9964E-05 9.9964E-05
0.0273197 9.9946E-05 0.916256 9.9946E-05 0.0535085 9.9946E-05 0.00231602 9.9946E-05 9.9946E-05 9.9946E-05
9.9946E-05 9.9946E-05 0.572626 9.9946E-05 9.9946E-05 0.269632 0.0124581 9.9946E-05 0.144684 9.9946E-05
0.050219 0.0803887 0.489235 9.9982E-05 0.00137363 0.0440243 0.0733846 0.0301575 0.231018 9.9982E-05
9.9973E-05 0.106473 0.600256 9.9973E-05 0.0290496 0.0207825 9.9973E-05 0.057278 0.162112 0.0237486
9.9964E-05 0.0635022 0.599851 9.9964E-05 0.00242639 0.0491432 0.0101035 9.9964E-05 0.274574 9.9964E-05
0.24933 0.01373 9.9973E-05 0.115573 9.9973E-05 0.478169 9.9973E-05 0.0462727 0.0136378 0.0829885
0.182126 0.0554039 9.9964E-05 0.11464 9.9964E-05 0.453861 9.9964E-05 0.0800398 0.11353 9.9964E-05
0.234278 9.9973E-05 0.089841 0.0896068 0.022845 0.46442 9.9973E-05 0.0536612 9.9973E-05 0.0450473
0.245346 0.0274889 9.9973E-05 0.101726 9.9973E-05 0.486605 9.9973E-05 0.0387999 0.0629117 0.0368231
0.0491655 0.080937 0.216776 0.0682109 9.9973E-05 0.365055 9.9973E-05 0.0547775 0.164779 9.9973E-05
9.99201E-05 9.99201E-05 9.99201E-05 9.99201E-05 9.99201E-05 0.999101 9.99201E-05 9.99201E-05 9.99201E-05 9.99201E-05
9.99201E-05 9.99201E-05 9.99201E-05 9.99201E-05 9.99201E-05 0.999101 9.99201E-05 9.99201E-05 9.99201E-05 9.99201E-05
0.0409451 0.0380871 0.387506 0.0687078 9.9982E-05 0.389833 0.0102163 0.0368589 0.0276462 9.9982E-05
0.103571 0.0745708 0.0937269 0.0818375 0.0872269 0.441838 9.9982E-05 0.0328919 0.0841375 9.9982E-05
0.145748 0.0190777 0.296007 0.075527 0.0718845 0.303867 0.0193998 0.0144478 0.0409837 0.0130579
0.00255606 0.072891 0.22794 0.00215027 0.0192614 0.413168 9.9982E-05 0.0381238 0.22371 9.9982E-05
0.0324268 0.0459488 0.155332 0.00721223 0.000166429 0.558575 9.9982E-05 0.0522977 0.147842 9.9982E-05
9.9955E-05 0.0238205 9.9955E-05 0.0255809 0.0103195 0.896532 0.0432476 9.9955E-05 9.9955E-05 9.9955E-05
9.9982E-05 0.0215409 0.210345 0.0133411 0.0307329 0.209857 0.0486129 0.00319813 0.462172 9.9982E-05
9.9973E-05 0.0167675 0.191595 0.0153277 0.0627306 0.281945 0.0224543 9.9973E-05 0.40888 9.9973E-05
0.18323 0.0206082 0.00639783 0.0765838 9.9982E-05 0.502976 9.9982E-05 0.0845328 0.100856 0.0246155
0.0361653 0.0786258 0.184892 0.0243114 0.0693706 0.31601 0.0109786 0.048143 0.231403 9.9991E-05
0.0896839 0.125767 0.193038 0.0630398 9.9982E-05 0.33438 9.9982E-05 0.00419055 0.171518 0.0181827
9.9928E-05 9.9928E-05 9.9928E-05 9.9928E-05 0.00128477 0.997916 9.9928E-05 9.9928E-05 9.9928E-05 9.9928E-05
9.9973E-05 0.136032 0.197698 9.9973E-05 0.0436923 0.406599 9.9973E-05 0.0241414 0.178752 0.0127858
9.9964E-05 0.114298 0.190392 0.077723 0.0059108 0.60195 0.00932617 9.9964E-05 9.9964E-05 9.9964E-05
0.04778 0.00775012 9.9973E-05 0.0769379 0.0016513 0.652946 9.9973E-05 9.9973E-05 0.201759 0.010875
9.9982E-05 0.0470588 0.146612 0.0115621 0.00813152 0.461829 9.9982E-05 0.0677042 0.213846 0.0430565
9.9946E-05 9.9946E-05 9.9946E-05 9.9946E-05 9.9946E-05 0.873119 0.0463829 0.0455042 9.9946E-05 0.0343942
0.0913813 0.0492812 0.0353684 0.0579943 9.9964E-05 0.657411 9.9964E-05 9.9964E-05 0.108164 9.9964E-05
9.9946E-05 9.9946E-05 9.9946E-05 9.9946E-05 9.9946E-05 0.871782 0.0569371 0.0366067 9.9946E-05 0.034075
9.9955E-05 0.00269873 9.9955E-05 0.0130966 9.9955E-05 0.649831 9.9955E-05 9.9955E-05 0.276499 0.0573745
9.9964E-05 9.9964E-05 9.9964E-05 0.00956331 0.0165124 0.77542 0.14338 0.0147307 9.9964E-05 0.0399937
0.081135 0.0271731 0.240047 0.0720125 9.9982E-05 0.437552 0.00749146 9.9982E-05 0.104918 0.0294716
9.9946E-05 9.9946E-05 9.9946E-05 0.0189181 9.9946E-05 0.892356 0.0873173 9.9946E-05 9.9946E-05 0.000808425
0.0539657 9.9982E-05 0.0774484 0.0442911 0.0243672 0.603321 9.9982E-05 0.0759072 0.0603517 0.0601481
9.9973E-05 0.0401402 0.052332 0.0482487 9.9973E-05 0.539284 9.9973E-05 0.0359468 0.249222 0.0345261
9.9955E-05 0.0352668 9.9955E-05 9.9955E-05 0.0771063 0.82237 0.000278538 9.9955E-05 0.0644789 9.9955E-05
9.9955E-05 0.0405995 0.0211902 9.9955E-05 0.0285102 0.774373 9.9955E-05 9.9955E-05 0.134827 9.9955E-05
9.9973E-05 9.9973E-05 0.0277327 0.0792263 0.0413133 0.520913 0.00480375 0.00856794 0.317143 9.9973E-05
9.9964E-05 0.0736399 0.019932 9.9964E-05 0.00997843 0.674982 0.0113471 9.9964E-05 0.209721 9.9964E-05
0.0311075 9.9964E-05 9.9964E-05 9.9964E-05 9.9964E-05 0.732786 0.000333782 0.0517295 0.155232 0.0284113
0.0314978 9.9982E-05 0.0243002 9.9982E-05 0.0261189 0.389006 0.107277 0.034017 0.290871 0.0967123
0.0481535 9.99371E-05 9.99371E-05 9.99371E-05 9.99371E-05 9.99371E-05 0.00184882 9.99371E-05 0.949298 9.99371E-05
9.99201E-05 9.99201E-05 9.99201E-05 9.99201E-05 9.99201E-05 9.99201E-05 9.99201E-05 9.99201E-05 0.999101 9.99201E-05
9.99201E-05 9.99201E-05 9.99201E-05 9.99201E-05 9.99201E-05 9.99201E-05 9.99201E-05 9.99201E-05 0.999101 9.99201E-05
9.99281E-05 9.99281E-05 9.99281E-05 9.99281E-05 0.00843145 9.99281E-05 9.99281E-05 9.99281E-05 0.990769 9.99281E-05
9.99371E-05 9.99371E-05 9.99371E-05 9.99371E-05 9.99371E-05 0.00898642 9.99371E-05 0.0220358 0.968278 9.99371E-05
0.0544782 0.0442036 0.197711 0.0888673 9.9982E-05 0.065905 9.9982E-05 0.000996507 0.447602 0.100037
0.0643267 0.0172962 9.9973E-05 0.017072 9.9973E-05 0.237667 9.9973E-05 0.0216663 0.49254 0.149132
0.119317 9.9964E-05 9.9964E-05 0.0382187 9.9964E-05 0.128314 9.9964E-05 0.0876388 0.528009 0.0981025
0.0456054 0.0261613 0.159438 0.0308899 0.0236872 0.12369 9.9991E-05 0.09491 0.466339 0.0291793
0.0169675 0.0524259 0.159625 0.107612 9.9973E-05 0.0889469 9.9973E-05 9.9973E-05 0.51978 0.0543417
0.133719 0.0265629 9.9982E-05 0.0377833 9.9982E-05 0.198437 0.0587626 0.0360877 0.397026 0.111422
9.999E-05 0.117757 0.0642417 0.118692 0.00726653 0.189126 0.010888 0.0862771 0.323544 0.0821078
0.164998 9.9982E-05 9.9982E-05 0.0555582 0.00839664 0.280607 0.190676 0.0419717 0.188846 0.0687478
0.144049 9.9973E-05 9.9973E-05 0.123434 9.9973E-05 0.271056 0.166514 0.0450669 0.208784 0.0407956
0.0360584 0.153062 9.9982E-05 0.0356469 0.0389633 0.188952 9.9982E-05 0.0872463 0.262223 0.197649
9.9946E-05 9.9946E-05 9.9946E-05 0.0114335 9.9946E-05 9.9946E-05 9.9946E-05 0.00352429 0.0029714 0.981471
0.000668493 9.99461E-05 9.99461E-05 9.99461E-05 0.0254998 0.023419 9.99461E-05 9.99461E-05 9.99461E-05 0.949813
9.9973E-05 0.03807 0.0253502 9.9973E-05 0.00462347 0.00968268 0.0481354 9.9973E-05 0.0248862 0.848952
9.99398E-05 9.99398E-05 9.99398E-05 9.99398E-05 0.0023028 9.99398E-05 9.99398E-05 9.99398E-05 0.0190484 0.977949
9.99201E-05 9.99201E-05 9.99201E-05 9.99201E-05 9.99201E-05 9.99201E-05 9.99201E-05 9.99201E-05 9.99201E-05 0.999101
9.99201E-05 9.99201E-05 9.99201E-05 9.99201E-05 9.99201E-05 9.99201E-05 9.99201E-05 9.99201E-05 9.99201E-05 0.999101
9.99201E-05 9.99201E-05 9.99201E-05 9.99201E-05 9.99201E-05 9.99201E-05 9.99201E-05 9.99201E-05 9.99201E-05 0.999101
0.028894 9.9955E-05 0.0491515 0.0176395 9.9955E-05 9.9955E-05 0.00339858 9.9955E-05 9.9955E-05 0.900417
9.99281E-05 0.0292485 9.99281E-05 9.99281E-05 9.99281E-05 9.99281E-05 9.99281E-05 9.99281E-05 9.99281E-05 0.969952
9.99201E-05 9.99201E-05 9.99201E-05 9.99201E-05 9.99201E-05 9.99201E-05 9.99201E-05 9.99201E-05 9.99201E-05 0.999101
9.998E-05 0.0640714 0.070126 0.248001 9.998E-05 0.0358193 0.0450305 0.0899686 0.38765 0.0591332
9.9946E-05 0.03057 9.9946E-05 9.9946E-05 9.9946E-05 0.032557 0.0119819 9.9946E-05 9.9946E-05 0.924292
9.99371E-05 0.00301511 9.99371E-05 9.99371E-05 9.99371E-05 9.99371E-05 9.99371E-05 9.99371E-05 0.00642797 0.989857
9.9964E-05 9.9964E-05 9.9964E-05 0.0161876 0.00207763 9.9964E-05 0.0197536 0.00975168 0.00149651 0.950333
9.99281E-05 9.99281E-05 9.99281E-05 0.0525748 9.99281E-05 9.99281E-05 9.99281E-05 9.99281E-05 0.946626 9.99281E-05
9.99201E-05 9.99201E-05 9.99201E-05 9.99201E-05 9.99201E-05 9.99201E-05 9.99201E-05 9.99201E-05 0.999101 9.99201E-05
9.99201E-05 9.99201E-05 9.99201E-05 9.99201E-05 9.99201E-05 9.99201E-05 9.99201E-05 9.99201E-05 0.999101 9.99201E-05
9.99201E-05 9.99201E-05 9.99201E-05 9.99201E-05 9.99201E-05 9.99201E-05 9.99201E-05 9.99201E-05 0.999101 9.99201E-05
9.9964E-05 0.0116312 9.9964E-05 0.113673 9.9964E-05 0.0608525 0.00176692 9.9964E-05 0.800345 0.0113308
9.9955E-05 0.0151986 0.112325 0.0725449 9.9955E-05 9.9955E-05 0.0797665 9.9955E-05 0.719665 9.9955E-05
9.9955E-05 9.9955E-05 0.0679452 0.016216 9.9955E-05 9.9955E-05 0.021895 9.9955E-05 0.83035 0.0630941
9.9946E-05 9.9946E-05 9.9946E-05 0.0740891 9.9946E-05 0.026296 0.0402262 9.9946E-05 0.858789 9.9946E-05
9.99496E-05 9.99496E-05 9.99496E-05 9.99496E-05 9.99496E-05 9.99496E-05 0.034341 0.0171722 0.847171 0.100716
9.9946E-05 9.9946E-05 9.9946E-05 9.9946E-05 9.9946E-05 9.9946E-05 0.0503874 0.0166718 0.872391 0.0599506
0.026829 0.0364423 0.0615313 0.0570611 9.9982E-05 9.9982E-05 0.0113469 0.0203913 0.75058 0.0356183
0.00432357 9.9955E-05 0.0395909 9.9955E-05 9.9955E-05 9.9955E-05 0.0839328 9.9955E-05 0.778113 0.0935404
9.9973E-05 0.0528102 9.9973E-05 0.0685677 0.0347084 0.0426815 0.0358027 0.100579 0.66455 9.9973E-05
0.072588 0.0143649 9.9973E-05 0.131739 9.9973E-05 0.0328181 9.9973E-05 0.0332895 0.655027 0.0598732
0.00435338 9.9955E-05 0.0272114 0.929412 9.9955E-05 9.9955E-05 0.0248758 0.0136472 9.9955E-05 9.9955E-05
0.00596544 0.0610142 9.9955E-05 0.873931 9.9955E-05 9.9955E-05 0.0250085 9.9955E-05 9.9955E-05 0.0335814
9.9928E-05 9.9928E-05 9.9928E-05 0.987864 9.9928E-05 9.9928E-05 9.9928E-05 9.9928E-05 0.0113365 9.9928E-05
9.9928E-05 9.9928E-05 9.9928E-05 0.993107 9.9928E-05 9.9928E-05 9.9928E-05 9.9928E-05 9.9928E-05 0.00609345
9.9937E-05 0.00507885 9.9937E-05 0.987051 9.9937E-05 9.9937E-05 9.9937E-05 9.9937E-05 0.00717042 9.9937E-05
9.9928E-05 9.9928E-05 9.9928E-05 0.982759 9.9928E-05 9.9928E-05 9.9928E-05 9.9928E-05 9.9928E-05 0.0164413
9.99201E-05 9.99201E-05 9.99201E-05 0.999101 9.99201E-05 9.99201E-05 9.99201E-05 9.99201E-05 9.99201E-05 9.99201E-05
9.9955E-05 0.00403383 9.9955E-05 0.760687 0.0512893 0.0637104 0.119779 9.9955E-05 9.9955E-05 9.9955E-05
9.99281E-05 9.99281E-05 9.99281E-05 0.973946 9.99281E-05 9.99281E-05 9.99281E-05 0.0252549 9.99281E-05 9.99281E-05
9.99281E-05 0.000362469 9.99281E-05 0.998838 9.99281E-05 9.99281E-05 9.99281E-05 9.99281E-05 9.99281E-05 9.99281E-05
0.0315112 9.9955E-05 9.9955E-05 0.835601 0.0120138 9.9955E-05 0.0763093 9.9955E-05 9.9955E-05 0.044065
9.99371E-05 0.00163075 9.99371E-05 0.979594 0.0180753 9.99371E-05 9.99371E-05 9.99371E-05 9.99371E-05 9.99371E-05
9.9982E-05 9.9982E-05 0.0333579 0.607352 0.00397554 0.0993672 0.0783171 0.11475 0.0500279 0.0126527
9.99201E-05 9.99201E-05 9.99201E-05 9.99201E-05 9.99201E-05 9.99201E-05 9.99201E-05 0.999101 9.99201E-05 9.99201E-05
0.0621986 0.0132893 9.9982E-05 0.0826057 9.9982E-05 0.038567 0.028521 0.0697926 0.603852 0.100974
9.99201E-05 9.99201E-05 9.99201E-05 9.99201E-05 9.99201E-05 9.99201E-05 9.99201E-05 0.999101 9.99201E-05 9.99201E-05
9.99201E-05 9.99201E-05 9.99201E-05 9.99201E-05 9.99201E-05 9.99201E-05 9.99201E-05 0.999101 9.99201E-05 9.99201E-05
9.99281E-05 9.99281E-05 9.99281E-05 9.99281E-05 9.99281E-05 9.99281E-05 0.0427052 0.956495 9.99281E-05 9.99281E-05
9.9964E-05 0.0321261 0.132783 0.0046315 9.9964E-05 0.0452913 9.9964E-05 0.775946 0.00882269 9.9964E-05
9.99201E-05 9.99201E-05 9.99201E-05 9.99201E-05 9.99201E-05 9.99201E-05 9.99201E-05 0.999101 9.99201E-05 9.99201E-05
9.9955E-05 9.9955E-05 9.9955E-05 9.9955E-05 0.000714089 0.0285819 0.0509742 0.884439 0.034791 9.9955E-05
0.00153605 9.99281E-05 9.99281E-05 9.99281E-05 9.99281E-05 9.99281E-05 9.99281E-05 0.997665 9.99281E-05 9.99281E-05
9.99371E-05 9.99371E-05 0.0501712 0.0233176 9.99371E-05 9.99371E-05 9.99371E-05 0.925812 9.99371E-05 9.99371E-05
9.99201E-05 9.99201E-05 9.99201E-05 9.99201E-05 9.99201E-05 9.99201E-05 9.99201E-05 0.999101 9.99201E-05 9.99201E-05
9.9964E-05 0.0107853 9.9964E-05 0.0117721 9.9964E-05 0.000430576 0.00201857 0.943226 0.0313676 9.9964E-05
0.00658186 9.9937E-05 0.0384397 9.9937E-05 9.9937E-05 9.9937E-05 9.9937E-05 0.954279 9.9937E-05 9.9937E-05
0.0388503 0.0384133 9.9973E-05 0.0700917 9.9973E-05 0.00727132 9.9973E-05 0.800816 0.0232923 0.0209656
9.9964E-05 0.00157227 9.9964E-05 9.9964E-05 0.00448006 0.00701723 0.00714969 0.976279 9.9964E-05 0.00310177
9.9955E-05 0.0146932 9.9955E-05 0.0131914 9.9955E-05 0.108212 0.0090771 0.854327 9.9955E-05 9.9955E-05
0.00262568 0.0414936 9.9973E-05 0.0102514 9.9973E-05 9.9973E-05 0.0300218 0.882552 0.0238616 0.00889427
0.0169142 0.0437151 0.00195421 9.9982E-05 0.0271906 0.0149206 0.0114879 0.860591 9.9982E-05 0.0230269
9.9964E-05 0.00459635 9.9964E-05 0.0446511 9.9964E-05 0.0104344 9.9964E-05 0.924057 0.00959837 0.00626287
9.9982E-05 0.308456 9.9982E-05 0.0190921 0.0479868 0.0910506 0.0994144 0.0399461 0.363637 0.030218
9.9991E-05 0.251295 0.016323 0.074827 0.0516958 0.0689527 0.119406 0.0532134 0.336276 0.0279115
9.9973E-05 0.245736 9.9973E-05 9.9973E-05 0.0247275 0.149329 0.0717141 0.0879725 0.303232 0.116989
9.9991E-05 0.227522 0.00334012 0.0255238 0.0558364 0.166977 0.138779 0.0668703 0.279542 0.035509
0.0297209 0.00654889 0.0192934 0.00891002 9.9973E-05 9.9973E-05 0.923929 0.000999415 9.9973E-05 0.0102985
9.99201E-05 9.99201E-05 9.99201E-05 9.99201E-05 9.99201E-05 9.99201E-05 0.999101 9.99201E-05 9.99201E-05 9.99201E-05
9.9937E-05 9.9937E-05 0.00151352 0.00434468 9.9937E-05 9.9937E-05 0.993442 9.9937E-05 9.9937E-05 9.9937E-05
9.99201E-05 9.99201E-05 9.99201E-05 9.99201E-05 9.99201E-05 9.99201E-05 0.999101 9.99201E-05 9.99201E-05 9.99201E-05
9.9964E-05 0.014222 9.9964E-05 9.9964E-05 0.00820126 0.00341947 0.957472 0.00184879 0.0144362 9.9964E-05
9.9946E-05 0.0080781 9.9946E-05 9.9946E-05 9.9946E-05 9.9946E-05 0.935762 9.9946E-05 0.0484787 0.00708116
9.9973E-05 0.0152144 9.9973E-05 0.00672003 9.9973E-05 0.020734 0.856688 0.0133503 0.0691654 0.017828
0.0205325 0.0273797 0.0515247 0.0472941 0.0126855 9.9982E-05 0.731366 0.0285524 0.0804653 9.9982E-05
9.9964E-05 9.9964E-05 0.0543684 9.9964E-05 0.00307081 0.0580524 0.786696 0.0288412 0.0685711 9.9964E-05
9.99281E-05 0.988044 9.99281E-05 9.99281E-05 9.99281E-05 0.0111568 9.99281E-05 9.99281E-05 9.99281E-05 9.99281E-05
9.99238E-05 0.999101 9.99238E-05 9.99238E-05 9.99238E-05 9.99238E-05 9.99238E-05 9.99238E-05 9.99238E-05 9.99238E-05
9.99281E-05 0.99566 9.99281E-05 9.99281E-05 9.99281E-05 9.99281E-05 9.99281E-05 0.00354064 9.99281E-05 9.99281E-05
9.99281E-05 0.990357 9.99281E-05 9.99281E-05 9.99281E-05 9.99281E-05 0.00884384 9.99281E-05 9.99281E-05 9.99281E-05
9.99281E-05 0.986792 9.99281E-05 9.99281E-05 9.99281E-05 9.99281E-05 9.99281E-05 9.99281E-05 0.0124083 9.99281E-05
9.9946E-05 0.862486 9.9946E-05 9.9946E-05 0.0254137 9.9946E-05 0.0560974 9.9946E-05 0.0554035 9.9946E-05
9.99201E-05 0.999101 9.99201E-05 9.99201E-05 9.99201E-05 9.99201E-05 9.99201E-05 9.99201E-05 9.99201E-05 9.99201E-05
9.99201E-05 0.999101 9.99201E-05 9.99201E-05 9.99201E-05 9.99201E-05 9.99201E-05 9.99201E-05 9.99201E-05 9.99201E-05
9.99201E-05 0.999101 9.99201E-05 9.99201E-05 9.99201E-05 9.99201E-05 9.99201E-05 9.99201E-05 9.99201E-05 9.99201E-05
9.9955E-05 0.9718 9.9955E-05 0.00283827 0.00168294 9.9955E-05 9.9955E-05 0.00412238 9.9955E-05 0.0190565
9.99201E-05 0.999101 9.99201E-05 9.99201E-05 9.99201E-05 9.99201E-05 9.99201E-05 9.99201E-05 9.99201E-05 9.99201E-05
0.00201304 0.982427 9.9937E-05 9.9937E-05 9.9937E-05 9.9937E-05 0.0148606 9.9937E-05 9.9937E-05 9.9937E-05
