9.99201E-05 9.99201E-05 9.99201E-05 9.99201E-05 0.999101 9.99201E-05 9.99201E-05 9.99201E-05 9.99201E-05 9.99201E-05
9.9973E-05 0.0186798 0.0119199 0.0976204 0.264297 0.522081 0.0835996 9.9973E-05 9.9973E-05 0.00150224
9.9955E-05 9.9955E-05 0.00190566 0.0645853 0.237163 0.596945 0.0989019 9.9955E-05 9.9955E-05 9.9955E-05
0.124636 9.9955E-05 9.9955E-05 9.9955E-05 0.198271 0.661902 0.0135123 0.00117776 9.9955E-05 9.9955E-05
0.143958 9.9964E-05 9.9964E-05 9.9964E-05 0.100488 0.606183 9.9964E-05 0.00415565 0.0448502 0.0999642
0.133358 0.0544953 9.9964E-05 9.9964E-05 0.188594 0.565878 0.0218267 0.0354488 9.9964E-05 9.9964E-05
9.9946E-05 9.9946E-05 9.9946E-05 9.9946E-05 0.274894 0.683172 0.0121664 0.0291683 9.9946E-05 9.9946E-05
0.0617487 9.9973E-05 0.00831212 0.0236286 0.26551 0.517508 0.0910615 0.0319315 9.9973E-05 9.9973E-05
0.0276418 9.9964E-05 9.9964E-05 0.0168108 0.147447 0.69861 0.0493768 9.9964E-05 9.9964E-05 0.0597144
9.99201E-05 9.99201E-05 9.99201E-05 9.99201E-05 0.999101 9.99201E-05 9.99201E-05 9.99201E-05 9.99201E-05 9.99201E-05
9.9928E-05 9.9928E-05 9.9928E-05 9.9928E-05 0.99433 9.9928E-05 9.9928E-05 9.9928E-05 9.9928E-05 0.00487074
9.9928E-05 9.9928E-05 9.9928E-05 9.9928E-05 0.983157 9.9928E-05 9.9928E-05 9.9928E-05 9.9928E-05 0.0160434
9.9928E-05 9.9928E-05 0.00100505 9.9928E-05 0.998196 9.9928E-05 9.9928E-05 9.9928E-05 9.9928E-05 9.9928E-05
9.9946E-05 9.9946E-05 9.9946E-05 9.9946E-05 0.873998 0.055824 9.9946E-05 9.9946E-05 0.0558365 0.0137415
9.9955E-05 9.9955E-05 0.0185678 0.0217125 0.94204 9.9955E-05 9.9955E-05 0.00599544 0.0111846 9.9955E-05
0.325731 9.9964E-05 0.00871033 9.9964E-05 0.157285 0.476432 9.9964E-05 0.00546678 9.9964E-05 0.0259758
0.0286485 0.139222 9.9991E-05 0.00872605 0.192559 0.364132 0.100202 0.0256577 0.0677755 0.0729768
0.0997567 0.0512816 9.9955E-05 9.9955E-05 0.162135 0.685431 9.9955E-05 9.9955E-05 9.9955E-05 0.000895289
9.9946E-05 9.9946E-05 9.9946E-05 0.010811 9.9946E-05 0.91859 9.9946E-05 9.9946E-05 0.0412804 0.0287185
9.9955E-05 0.0446259 0.00658433 9.9955E-05 9.9955E-05 0.873046 9.9955E-05 9.9955E-05 0.060087 0.0151573
9.9946E-05 0.0800553 9.9946E-05 9.9946E-05 0.0174658 0.863798 9.9946E-05 9.9946E-05 9.9946E-05 0.0380813
0.0313585 9.9964E-05 0.0157404 9.9964E-05 9.9964E-05 0.762775 0.0861063 0.0204533 0.0831669 9.9964E-05
9.9964E-05 0.026226 9.9964E-05 9.9964E-05 9.9964E-05 0.819479 0.00124645 0.0492178 0.0908292 0.012602
9.9946E-05 9.9946E-05 0.0562206 0.0046205 9.9946E-05 0.914861 9.9946E-05 9.9946E-05 0.0236978 9.9946E-05
9.9964E-05 9.9964E-05 0.00804009 0.0036941 9.9964E-05 0.806748 9.9964E-05 0.124496 0.0267048 0.0299171
0.218091 0.0638351 0.0443135 9.9964E-05 9.9964E-05 0.61303 9.9964E-05 9.9964E-05 0.0174885 0.0428421
0.0369755 0.0604401 9.9973E-05 9.9973E-05 9.9973E-05 0.718213 0.0758944 0.0129726 0.0132479 0.0819568
0.0179594 9.99371E-05 0.0148493 9.99371E-05 9.99371E-05 0.966492 9.99371E-05 9.99371E-05 9.99371E-05 9.99371E-05
0.0707411 0.05707 0.0396163 9.9991E-05 0.0279841 0.742137 0.010225 0.0100718 0.0165021 0.0255528
0.00207419 0.0252837 9.9955E-05 9.9955E-05 0.0689013 0.888191 9.9955E-05 9.9955E-05 9.9955E-05 0.0150502
9.9964E-05 0.00278588 0.037843 9.9964E-05 0.0201797 0.865408 9.9964E-05 9.9964E-05 0.0536947 0.0196886
9.9973E-05 9.9973E-05 0.0938881 0.0299377 9.9973E-05 0.710214 0.0145521 0.11205 0.00485828 0.0342004
9.997E-05 0.140711 9.997E-05 0.0243302 9.997E-05 0.756934 0.0420299 0.0145828 0.0078678 0.0132442
9.9973E-05 0.131367 0.096343 9.9973E-05 0.0394456 0.595382 0.0738047 0.0430398 9.9973E-05 0.0203175
9.9955E-05 9.9955E-05 0.0157717 9.9955E-05 9.9955E-05 0.773809 0.00731897 0.0777759 0.124825 9.9955E-05
0.0122423 0.0487249 9.9946E-05 9.9946E-05 0.0629302 0.875503 9.9946E-05 9.9946E-05 9.9946E-05 9.9946E-05
0.154485 0.170891 9.9955E-05 9.9955E-05 9.9955E-05 0.477591 9.9955E-05 0.192945 0.00358823 9.9955E-05
0.0661969 0.262545 9.9964E-05 9.9964E-05 9.9964E-05 0.558973 0.0117212 9.9964E-05 0.0506598 0.0495044
0.0985911 0.144393 9.9973E-05 0.0364916 9.9973E-05 0.54612 0.0462205 0.0313989 9.9973E-05 0.0964852
9.9955E-05 0.323366 9.9955E-05 0.0101489 9.9955E-05 0.556293 9.9955E-05 0.0829611 9.9955E-05 0.0267307
0.924234 9.9937E-05 0.0373906 9.9937E-05 9.9937E-05 9.9937E-05 0.0376759 9.9937E-05 9.9937E-05 9.9937E-05
0.883942 0.00701931 9.9955E-05 9.9955E-05 9.9955E-05 0.0527672 0.0220616 9.9955E-05 9.9955E-05 0.0337105
0.733665 9.9973E-05 0.0330385 0.0018859 0.0180384 0.165176 0.0471258 9.9973E-05 0.000770264 9.9973E-05
0.968402 9.9937E-05 9.9937E-05 9.9937E-05 9.9937E-05 0.00789581 9.9937E-05 9.9937E-05 9.9937E-05 0.0230029
0.36902 0.167102 0.0303266 9.997E-05 9.997E-05 0.233241 0.0328498 0.141309 9.997E-05 0.0258514
9.99201E-05 9.99201E-05 9.99201E-05 9.99201E-05 9.99201E-05 9.99201E-05 9.99201E-05 0.999101 9.99201E-05 9.99201E-05
9.9928E-05 9.9928E-05 9.9928E-05 9.9928E-05 9.9928E-05 9.9928E-05 0.00122379 0.997977 9.9928E-05 9.9928E-05
0.35912 9.9973E-05 0.0397283 9.9973E-05 9.9973E-05 0.347104 0.0708763 0.121286 0.0339413 0.0276437
0.430562 0.060249 0.091229 9.9991E-05 0.0665925 0.170892 0.0588409 0.0548608 0.023285 0.043389
0.320801 0.0106425 0.0953277 0.039001 0.0993639 0.376538 0.0165384 0.0192301 9.9991E-05 0.0224578
0.235694 0.234489 9.9982E-05 0.0244686 0.0204567 0.262407 0.0474064 0.162321 9.9982E-05 0.0125567
0.520643 0.00809054 0.0264404 9.9991E-05 0.0192562 0.153354 0.0421241 0.183617 0.0428264 0.00354857
9.9964E-05 9.9964E-05 0.0188722 0.0225264 0.0181697 9.9964E-05 9.9964E-05 0.910445 0.0134196 0.0161674
0.257102 0.291372 0.0449323 9.9982E-05 0.0371834 0.147312 9.9982E-05 0.112541 0.0797969 0.0295596
0.195904 0.33774 0.0551901 0.0100295 0.0485564 0.196777 9.9982E-05 0.115519 0.0400826 9.9982E-05
0.521885 0.0525008 0.0664686 0.0210228 9.998E-05 0.152948 0.0601406 0.12108 9.998E-05 0.00375448
0.1456 0.176347 0.0160536 0.00184472 0.0586576 0.186552 0.106185 0.20466 9.9991E-05 0.104
0.359153 0.14612 0.0742829 0.0152566 9.9982E-05 0.221634 9.9982E-05 0.114045 0.0115251 0.0577833
9.99201E-05 9.99201E-05 9.99201E-05 9.99201E-05 9.99201E-05 9.99201E-05 9.99201E-05 0.999101 9.99201E-05 9.99201E-05
0.239006 0.298147 9.9973E-05 9.9973E-05 0.0307466 0.197444 0.0122028 0.155457 9.9973E-05 0.0666963
0.0635689 0.0700978 0.105108 0.0048832 9.9982E-05 0.15943 9.9982E-05 0.490964 0.0519299 0.0538177
0.531191 0.0694787 0.077556 0.0515377 0.0168227 0.0944974 9.9982E-05 0.139445 9.9982E-05 0.0192712
0.575535 0.0293305 0.0360127 0.0484851 9.9991E-05 0.144173 0.0656961 0.0108172 0.0597679 0.0300822
0.803705 9.9964E-05 0.00937549 9.9964E-05 9.9964E-05 9.9964E-05 0.00433442 0.104996 0.0425326 0.0346568
0.546708 0.107269 0.023827 9.9973E-05 0.00799496 0.148779 9.9973E-05 0.149737 9.9973E-05 0.0153841
0.949532 9.9946E-05 9.9946E-05 9.9946E-05 9.9946E-05 9.9946E-05 9.9946E-05 0.0184866 0.028148 0.00323367
0.791006 0.193809 9.9946E-05 0.00497978 9.9946E-05 9.9946E-05 9.9946E-05 0.00960511 9.9946E-05 9.9946E-05
0.861777 9.9946E-05 9.9946E-05 9.9946E-05 0.0117348 9.9946E-05 9.9946E-05 9.9946E-05 0.120667 0.00522095
0.504493 0.0666894 0.0117799 0.00262701 9.9982E-05 0.320954 0.0211587 0.0277881 9.9982E-05 0.0443104
0.948586 9.99281E-05 9.99281E-05 9.99281E-05 9.99281E-05 9.99281E-05 9.99281E-05 9.99281E-05 0.0506143 9.99281E-05
0.526166 0.0134656 0.0358187 0.0539032 0.0369728 0.137195 0.0336395 0.16264 9.9982E-05 9.9982E-05
0.527321 0.228639 0.0286545 0.00917753 9.9991E-05 0.0185607 0.07492 0.0682503 0.00707199 0.0373057
0.833305 0.0233778 9.9955E-05 9.9955E-05 0.0825452 9.9955E-05 9.9955E-05 0.00923938 9.9955E-05 0.0510326
0.928609 9.9937E-05 9.9937E-05 9.9937E-05 0.0245039 9.9937E-05 9.9937E-05 9.9937E-05 9.9937E-05 0.0461878
0.50265 0.22522 0.0991756 9.9982E-05 0.0411367 9.9982E-05 0.0187582 0.0729363 0.0287804 0.011143
0.748409 0.0605629 0.0108868 9.9973E-05 0.0156198 0.00249658 9.9973E-05 0.0692281 9.9973E-05 0.0924971
0.831071 0.0395817 9.9964E-05 0.0166118 9.9964E-05 9.9964E-05 0.0199292 0.0859039 9.9964E-05 0.00650214
0.51636 0.226529 0.00124562 0.0963686 0.00913113 0.0202929 0.0193949 9.998E-05 0.110478 9.998E-05
0.049799 0.819882 0.00282202 9.9973E-05 9.9973E-05 0.044069 0.0248409 9.9973E-05 0.0258831 0.0324038
0.0452311 0.936968 9.9946E-05 0.000470645 9.9946E-05 9.9946E-05 9.9946E-05 9.9946E-05 0.0167308 9.9946E-05
9.99371E-05 0.931994 9.99371E-05 9.99371E-05 0.0093256 9.99371E-05 9.99371E-05 0.057981 9.99371E-05 9.99371E-05
0.0581401 0.918042 9.99371E-05 9.99371E-05 9.99371E-05 9.99371E-05 9.99371E-05 0.0231184 9.99371E-05 9.99371E-05
0.0692468 0.894417 9.9964E-05 9.9964E-05 0.00262432 9.9964E-05 9.9964E-05 0.0123339 0.00712737 0.0138508
0.20249 0.406499 0.0626019 0.0873503 9.9964E-05 0.189391 9.9964E-05 9.9964E-05 9.9964E-05 0.0512675
0.290616 0.429903 0.0234167 0.136973 0.040029 0.0262636 0.00337157 0.00711128 0.0124898 0.0298257
0.248836 0.507092 9.9982E-05 0.0788273 0.00430269 0.00356341 0.0798897 0.0534723 9.9982E-05 0.0238159
0.135838 0.368725 0.0955448 0.0434905 0.0518214 0.158504 0.0815862 0.0258322 0.00416291 0.0344946
0.287845 0.372232 0.0692579 0.0560904 9.9964E-05 0.169587 9.9964E-05 9.9964E-05 9.9964E-05 0.0445878
0.344746 0.348127 0.0208489 0.133059 9.9982E-05 9.9982E-05 0.0379688 0.0135928 0.0908768 0.0105807
0.277863 0.267509 0.100448 0.0645046 9.9973E-05 0.0562479 0.106981 9.9973E-05 9.9973E-05 0.126146
0.210417 0.127333 0.0800487 0.0884903 0.0350639 0.0647813 0.0619328 0.133846 0.197986 9.9991E-05
0.232482 0.0946258 0.104439 0.106746 0.010653 0.0459059 0.0692069 0.120445 0.215398 9.9991E-05
0.149527 0.320262 0.0537844 0.163207 0.0328297 9.9982E-05 0.0731236 0.0983356 9.9982E-05 0.10873
9.99281E-05 9.99281E-05 0.00331668 0.995884 9.99281E-05 9.99281E-05 9.99281E-05 9.99281E-05 9.99281E-05 9.99281E-05
0.00852323 9.9955E-05 9.9955E-05 0.950679 0.00667199 9.9955E-05 0.0221554 0.0114701 9.9955E-05 9.9955E-05
0.00203476 9.9982E-05 9.9982E-05 0.867474 0.0111208 0.0185804 0.00848149 0.0342743 0.0522706 0.00556355
9.99201E-05 9.99201E-05 9.99201E-05 0.999101 9.99201E-05 9.99201E-05 9.99201E-05 9.99201E-05 9.99201E-05 9.99201E-05
9.99201E-05 9.99201E-05 9.99201E-05 0.999101 9.99201E-05 9.99201E-05 9.99201E-05 9.99201E-05 9.99201E-05 9.99201E-05
9.99201E-05 9.99201E-05 9.99201E-05 0.999101 9.99201E-05 9.99201E-05 9.99201E-05 9.99201E-05 9.99201E-05 9.99201E-05
9.99201E-05 9.99201E-05 9.99201E-05 0.999101 9.99201E-05 9.99201E-05 9.99201E-05 9.99201E-05 9.99201E-05 9.99201E-05
9.996E-05 9.996E-05 0.030411 0.852027 9.996E-05 0.0500402 9.996E-05 0.0112511 0.0343947 0.021476
9.99281E-05 9.99281E-05 9.99281E-05 0.986667 9.99281E-05 9.99281E-05 9.99281E-05 9.99281E-05 9.99281E-05 0.0125331
9.99281E-05 9.99281E-05 9.99281E-05 0.976218 9.99281E-05 9.99281E-05 9.99281E-05 9.99281E-05 9.99281E-05 0.0229829
0.0845303 0.351917 0.252439 0.0613463 0.00167662 0.0315716 0.0662063 0.0146698 0.0336852 0.101958
0.0175821 9.9964E-05 9.9964E-05 0.916064 9.9964E-05 9.9964E-05 0.0121166 0.0148136 0.0194479 0.0195755
9.99201E-05 9.99201E-05 9.99201E-05 0.999101 9.99201E-05 9.99201E-05 9.99201E-05 9.99201E-05 9.99201E-05 9.99201E-05
9.9955E-05 0.00776041 0.0228944 0.932 9.9955E-05 9.9955E-05 9.9955E-05 0.0139902 0.0228554 9.9955E-05
9.99201E-05 0.999101 9.99201E-05 9.99201E-05 9.99201E-05 9.99201E-05 9.99201E-05 9.99201E-05 9.99201E-05 9.99201E-05
9.99201E-05 0.999101 9.99201E-05 9.99201E-05 9.99201E-05 9.99201E-05 9.99201E-05 9.99201E-05 9.99201E-05 9.99201E-05
9.99201E-05 0.999101 9.99201E-05 9.99201E-05 9.99201E-05 9.99201E-05 9.99201E-05 9.99201E-05 9.99201E-05 9.99201E-05
9.99201E-05 0.999101 9.99201E-05 9.99201E-05 9.99201E-05 9.99201E-05 9.99201E-05 9.99201E-05 9.99201E-05 9.99201E-05
9.9964E-05 0.79943 0.128183 0.0242199 9.9964E-05 9.9964E-05 0.00787328 9.9964E-05 0.0235912 0.0163027
9.9946E-05 0.74218 0.0871125 9.9946E-05 9.9946E-05 0.0994204 9.9946E-05 9.9946E-05 0.0706872 9.9946E-05
9.9973E-05 0.787765 0.0389258 0.0306893 9.9973E-05 0.0506054 9.9973E-05 0.0524343 0.0127639 0.0265167
0.00198411 0.804896 0.0903948 0.0133074 9.9973E-05 9.9973E-05 9.9973E-05 0.0121233 0.0751505 0.0018437
9.9946E-05 0.821241 0.0416995 0.0693448 9.9946E-05 9.9946E-05 9.9946E-05 9.9946E-05 0.0671147 9.9946E-05
9.9955E-05 0.887738 9.9955E-05 0.0435794 0.00679518 9.9955E-05 0.0172053 9.9955E-05 0.0441818 9.9955E-05
0.0375824 0.698883 0.0314654 0.0241152 9.998E-05 0.0755276 0.0244029 9.998E-05 0.0417172 0.066106
9.9973E-05 0.725884 9.9973E-05 0.120226 0.00228815 0.00467158 0.0109518 0.00867434 0.127004 9.9973E-05
0.0227837 0.69948 0.0900289 9.9982E-05 0.0491922 9.9982E-05 0.0282775 0.0376781 0.0369929 0.035367
0.0950565 0.594364 0.134282 0.0350058 0.0147027 9.9982E-05 0.0410871 9.9982E-05 0.0289899 0.0563125
0.01231 0.0226999 0.881807 9.9964E-05 9.9964E-05 9.9964E-05 0.0224345 9.9964E-05 0.0597417 0.000606999
9.99461E-05 9.99461E-05 0.878877 0.0309561 9.99461E-05 0.0079752 9.99461E-05 9.99461E-05 9.99461E-05 0.0815917
9.9928E-05 0.0409808 0.95822 9.9928E-05 9.9928E-05 9.9928E-05 9.9928E-05 9.9928E-05 9.9928E-05 9.9928E-05
9.9946E-05 9.9946E-05 0.963189 9.9946E-05 9.9946E-05 9.9946E-05 9.9946E-05 0.0156287 0.0192719 0.00131102
9.99201E-05 9.99201E-05 0.999101 9.99201E-05 9.99201E-05 9.99201E-05 9.99201E-05 9.99201E-05 9.99201E-05 9.99201E-05
9.9928E-05 0.0321427 0.967058 9.9928E-05 9.9928E-05 9.9928E-05 9.9928E-05 9.9928E-05 9.9928E-05 9.9928E-05
9.99281E-05 9.99281E-05 0.990448 0.00875302 9.99281E-05 9.99281E-05 9.99281E-05 9.99281E-05 9.99281E-05 9.99281E-05
0.0108667 9.9964E-05 0.787543 9.9964E-05 0.0366383 9.9964E-05 9.9964E-05 0.0165163 0.108424 0.0396117
9.99281E-05 9.99281E-05 0.986503 9.99281E-05 9.99281E-05 9.99281E-05 0.0126977 9.99281E-05 9.99281E-05 9.99281E-05
9.99201E-05 9.99201E-05 0.999101 9.99201E-05 9.99201E-05 9.99201E-05 9.99201E-05 9.99201E-05 9.99201E-05 9.99201E-05
9.99461E-05 9.99461E-05 0.885377 0.0351911 0.0205879 9.99461E-05 9.99461E-05 9.99461E-05 0.0582438 9.99461E-05
9.99281E-05 0.0223632 0.976837 9.99281E-05 9.99281E-05 9.99281E-05 9.99281E-05 9.99281E-05 9.99281E-05 9.99281E-05
0.0995198 9.9964E-05 0.762577 9.9964E-05 0.0219353 9.9964E-05 0.0643635 9.9964E-05 0.0218636 0.0293413
9.99201E-05 9.99201E-05 9.99201E-05 9.99201E-05 9.99201E-05 9.99201E-05 0.999101 9.99201E-05 9.99201E-05 9.99201E-05
0.0477976 0.606501 0.0734592 0.114206 9.9982E-05 9.9982E-05 0.0683667 0.0465488 0.0242018 0.0187191
9.99201E-05 9.99201E-05 9.99201E-05 9.99201E-05 9.99201E-05 9.99201E-05 0.999101 9.99201E-05 9.99201E-05 9.99201E-05
9.99201E-05 9.99201E-05 9.99201E-05 9.99201E-05 9.99201E-05 9.99201E-05 0.999101 9.99201E-05 9.99201E-05 9.99201E-05
9.99461E-05 9.99461E-05 9.99461E-05 0.00937034 9.99461E-05 9.99461E-05 0.933333 0.000637577 0.0560591 9.99461E-05
0.0295077 0.0362822 0.0238016 0.0228214 0.0302166 0.00629412 0.803461 0.03607 9.9991E-05 0.0114457
9.99201E-05 9.99201E-05 9.99201E-05 9.99201E-05 9.99201E-05 9.99201E-05 0.999101 9.99201E-05 9.99201E-05 9.99201E-05
9.99461E-05 0.0378681 0.0424661 9.99461E-05 9.99461E-05 9.99461E-05 0.862858 9.99461E-05 0.0562078 9.99461E-05
0.0103601 9.99371E-05 9.99371E-05 9.99371E-05 9.99371E-05 0.015924 0.973016 9.99371E-05 9.99371E-05 9.99371E-05
9.99371E-05 9.99371E-05 0.0182355 9.99371E-05 9.99371E-05 9.99371E-05 0.972526 0.00853913 9.99371E-05 9.99371E-05
9.99201E-05 9.99201E-05 9.99201E-05 9.99201E-05 9.99201E-05 9.99201E-05 0.999101 9.99201E-05 9.99201E-05 9.99201E-05
0.00439531 0.00552513 9.9946E-05 9.9946E-05 9.9946E-05 9.9946E-05 0.98296 0.00652017 9.9946E-05 9.9946E-05
9.99281E-05 9.99281E-05 0.0119762 9.99281E-05 9.99281E-05 9.99281E-05 0.987224 9.99281E-05 9.99281E-05 9.99281E-05
9.99551E-05 0.0167229 0.0378236 0.0248765 9.99551E-05 9.99551E-05 0.849868 9.99551E-05 9.99551E-05 0.0702088
9.9964E-05 9.9964E-05 0.0272244 9.9964E-05 0.017225 0.00801789 0.915021 9.9964E-05 0.0200283 0.0120835
0.0920221 9.9982E-05 0.0178774 0.00970098 0.000967949 0.00493428 0.829882 0.00454364 0.0398721 9.9982E-05
0.0463457 9.9955E-05 0.00663021 9.9955E-05 9.9955E-05 9.9955E-05 0.875536 0.00751734 9.9955E-05 0.0634712
0.0173684 0.0364674 9.9964E-05 9.9964E-05 0.0219758 9.9964E-05 0.89056 9.9964E-05 0.00313739 0.0300908
9.9928E-05 0.0349089 9.9928E-05 9.9928E-05 9.9928E-05 9.9928E-05 0.964292 9.9928E-05 9.9928E-05 9.9928E-05
0.327134 0.123607 0.0397847 0.0506731 0.0251094 9.998E-05 0.0329306 9.998E-05 0.12942 0.271142
0.284246 0.18867 0.02935 0.0247761 0.0188381 0.0512892 0.0424553 9.999E-05 0.0744814 0.285793
0.384399 0.0417607 0.00498823 0.0770981 0.0314488 9.9982E-05 0.0483963 9.9982E-05 0.136157 0.275552
0.38047 0.0530786 0.0403283 0.0354271 0.0259172 9.9982E-05 0.0543091 9.9982E-05 0.148531 0.261738
0.0255532 9.9964E-05 0.0111576 0.00368587 9.9964E-05 0.00241917 0.000317627 9.9964E-05 0.956467 9.9964E-05
9.99201E-05 9.99201E-05 9.99201E-05 9.99201E-05 9.99201E-05 9.99201E-05 9.99201E-05 9.99201E-05 0.999101 9.99201E-05
9.9946E-05 0.0269369 9.9946E-05 9.9946E-05 9.9946E-05 9.9946E-05 0.00784289 9.9946E-05 0.954883 0.00973751
9.99201E-05 9.99201E-05 9.99201E-05 9.99201E-05 9.99201E-05 9.99201E-05 9.99201E-05 9.99201E-05 0.999101 9.99201E-05
9.9955E-05 9.9955E-05 0.00697594 9.9955E-05 9.9955E-05 0.0022766 0.0036007 9.9955E-05 0.982682 0.00396463
9.9955E-05 0.0300214 9.9955E-05 0.0121831 9.9955E-05 9.9955E-05 0.0109422 9.9955E-05 0.939489 0.00686455
9.9946E-05 0.0162784 9.9946E-05 0.00528671 9.9946E-05 9.9946E-05 9.9946E-05 0.0126022 0.965233 9.9946E-05
9.9946E-05 0.0874382 9.9946E-05 9.9946E-05 0.073952 0.0535938 9.9946E-05 9.9946E-05 0.784416 9.9946E-05
0.0137971 0.0622729 0.0195739 9.9991E-05 0.00485192 0.0152618 0.00124043 0.0244834 0.834694 0.0237247
9.99281E-05 0.0699899 9.99281E-05 9.99281E-05 9.99281E-05 9.99281E-05 9.99281E-05 9.99281E-05 9.99281E-05 0.929211
9.99201E-05 9.99201E-05 9.99201E-05 9.99201E-05 9.99201E-05 9.99201E-05 9.99201E-05 9.99201E-05 9.99201E-05 0.999101
9.99281E-05 0.0271308 9.99281E-05 9.99281E-05 9.99281E-05 9.99281E-05 9.99281E-05 9.99281E-05 9.99281E-05 0.97207
9.99201E-05 9.99201E-05 9.99201E-05 9.99201E-05 9.99201E-05 9.99201E-05 9.99201E-05 9.99201E-05 9.99201E-05 0.999101
9.99201E-05 9.99201E-05 9.99201E-05 9.99201E-05 9.99201E-05 9.99201E-05 9.99201E-05 9.99201E-05 9.99201E-05 0.999101
0.0413819 0.0251008 9.9964E-05 9.9964E-05 0.00344646 0.00522175 9.9964E-05 9.9964E-05 0.0427092 0.88174
9.99201E-05 9.99201E-05 9.99201E-05 9.99201E-05 9.99201E-05 9.99201E-05 9.99201E-05 9.99201E-05 9.99201E-05 0.999101
9.99371E-05 9.99371E-05 9.99371E-05 9.99371E-05 9.99371E-05 9.99371E-05 0.0113107 9.99371E-05 0.00273806 0.985252
9.99281E-05 9.99281E-05 9.99281E-05 9.99281E-05 0.00667008 9.99281E-05 9.99281E-05 9.99281E-05 9.99281E-05 0.99253
9.9946E-05 9.9946E-05 0.0150489 0.000303427 9.9946E-05 9.9946E-05 0.0176972 9.9946E-05 9.9946E-05 0.966351
9.99201E-05 9.99201E-05 9.99201E-05 9.99201E-05 9.99201E-05 9.99201E-05 9.99201E-05 9.99201E-05 9.99201E-05 0.999101
9.99201E-05 9.99201E-05 9.99201E-05 9.99201E-05 9.99201E-05 9.99201E-05 9.99201E-05 9.99201E-05 9.99201E-05 0.999101
