9.99201E-05 9.99201E-05 9.99201E-05 9.99201E-05 9.99201E-05 9.99201E-05 9.99201E-05 9.99201E-05 9.99201E-05 0.999101
9.9955E-05 0.495821 9.9955E-05 9.9955E-05 9.9955E-05 0.0566082 0.0342033 0.0737729 9.9955E-05 0.339094
9.99201E-05 9.99201E-05 9.99201E-05 9.99201E-05 9.99201E-05 0.999101 9.99201E-05 9.99201E-05 9.99201E-05 9.99201E-05
9.9937E-05 9.9937E-05 9.9937E-05 9.9937E-05 0.0457463 0.88391 9.9937E-05 9.9937E-05 0.0696442 9.9937E-05
9.9937E-05 0.908967 0.0148078 9.9937E-05 9.9937E-05 0.0755256 9.9937E-05 9.9937E-05 9.9937E-05 9.9937E-05
0.0726726 9.9937E-05 9.9937E-05 0.0252021 9.9937E-05 9.9937E-05 9.9937E-05 9.9937E-05 9.9937E-05 0.901426
9.9937E-05 0.143085 0.185281 9.9937E-05 9.9937E-05 9.9937E-05 9.9937E-05 9.9937E-05 9.9937E-05 0.670934
9.99201E-05 0.999101 9.99201E-05 9.99201E-05 9.99201E-05 9.99201E-05 9.99201E-05 9.99201E-05 9.99201E-05 9.99201E-05
9.9973E-05 0.20185 9.9973E-05 0.0609324 0.0338446 0.273008 9.9973E-05 0.12854 0.0283799 0.273145
0.0270922 0.520931 9.9982E-05 0.234638 9.9982E-05 0.081124 0.0257394 0.0877777 0.0160356 0.00646202
0.480444 0.0124988 9.9955E-05 9.9955E-05 0.384276 9.9955E-05 0.0255344 9.9955E-05 0.0967467 9.9955E-05
0.969006 0.030195 9.99281E-05 9.99281E-05 9.99281E-05 9.99281E-05 9.99281E-05 9.99281E-05 9.99281E-05 9.99281E-05
0.79474 9.99281E-05 9.99281E-05 9.99281E-05 9.99281E-05 9.99281E-05 9.99281E-05 9.99281E-05 9.99281E-05 0.204461
0.648205 0.156917 9.9964E-05 9.9964E-05 0.0590655 0.0210517 0.0427928 9.9964E-05 0.0715683 9.9964E-05
0.776914 9.9964E-05 9.9964E-05 0.0388234 0.00623572 0.111781 0.0363879 9.9964E-05 9.9964E-05 0.0294578
0.234444 9.9964E-05 9.9964E-05 9.9964E-05 0.678528 0.0240533 0.0234985 9.9964E-05 0.0320773 0.00699895
9.99201E-05 9.99201E-05 9.99201E-05 9.99201E-05 0.999101 9.99201E-05 9.99201E-05 9.99201E-05 9.99201E-05 9.99201E-05
0.036027 9.9964E-05 0.0514484 0.111059 0.653205 9.9964E-05 0.00590472 0.141956 9.9964E-05 9.9964E-05
0.921807 9.9946E-05 0.0460295 0.00792616 9.9946E-05 9.9946E-05 9.9946E-05 9.9946E-05 0.0236375 9.9946E-05
0.0523035 9.9937E-05 9.9937E-05 9.9937E-05 0.762598 0.184399 9.9937E-05 9.9937E-05 9.9937E-05 9.9937E-05
0.0798494 9.9955E-05 9.9955E-05 0.127879 0.572541 9.9955E-05 9.9955E-05 0.109093 9.9955E-05 0.110137
9.9955E-05 0.437571 9.9955E-05 0.00504402 0.502276 0.00295283 9.9955E-05 0.0516563 9.9955E-05 9.9955E-05
9.9937E-05 9.9937E-05 9.9937E-05 9.9937E-05 0.896715 9.9937E-05 0.00136288 9.9937E-05 9.9937E-05 0.101223
9.99281E-05 9.99281E-05 9.99281E-05 9.99281E-05 0.94193 9.99281E-05 9.99281E-05 0.057271 9.99281E-05 9.99281E-05
0.87371 9.9937E-05 9.9937E-05 0.0579771 9.9937E-05 9.9937E-05 9.9937E-05 0.0676133 9.9937E-05 9.9937E-05
0.649402 9.9955E-05 0.0543104 9.9955E-05 0.0440101 9.9955E-05 9.9955E-05 0.150825 9.9955E-05 0.100952
0.523803 9.9955E-05 9.9955E-05 0.181554 0.01897 9.9955E-05 9.9955E-05 0.0886087 0.186565 9.9955E-05
0.511232 0.0583805 9.9973E-05 0.0341781 9.9973E-05 0.0340957 0.00213054 0.300096 0.0595873 9.9973E-05
0.687417 0.0141045 0.0180531 0.0893445 9.9955E-05 9.9955E-05 9.9955E-05 0.190581 9.9955E-05 9.9955E-05
0.796522 9.9937E-05 9.9937E-05 9.9937E-05 9.9937E-05 9.9937E-05 9.9937E-05 0.180438 0.0223406 9.9937E-05
9.9946E-05 9.9946E-05 0.150179 0.458531 9.9946E-05 0.0765034 9.9946E-05 0.314188 9.9946E-05 9.9946E-05
0.0309369 9.9964E-05 0.200446 0.376301 9.9964E-05 0.130714 9.9964E-05 0.201958 9.9964E-05 0.059244
0.0964273 9.9955E-05 0.244348 0.584526 9.9955E-05 0.0675343 9.9955E-05 0.00666449 9.9955E-05 9.9955E-05
9.9946E-05 9.9946E-05 0.153879 0.777604 0.0651117 9.9946E-05 9.9946E-05 9.9946E-05 0.00280566 9.9946E-05
0.166082 9.9946E-05 9.9946E-05 0.78666 0.0262594 9.9946E-05 9.9946E-05 0.0203997 9.9946E-05 9.9946E-05
9.99281E-05 9.99281E-05 9.99281E-05 0.95582 9.99281E-05 9.99281E-05 9.99281E-05 9.99281E-05 9.99281E-05 0.0433802
9.9964E-05 0.330955 0.0175812 0.591291 0.0269975 9.9964E-05 0.000334339 9.9964E-05 0.0324417 9.9964E-05
0.0193922 9.9955E-05 9.9955E-05 0.862694 0.0643261 9.9955E-05 9.9955E-05 0.0213989 0.0316892 9.9955E-05
9.9946E-05 9.9946E-05 9.9946E-05 0.864673 0.000920339 9.9946E-05 0.0217655 9.9946E-05 0.112041 9.9946E-05
0.0888216 9.9973E-05 0.00262508 0.552271 9.9973E-05 9.9973E-05 0.0359792 0.18777 0.088185 0.0440483
9.9946E-05 0.00173918 0.00872355 0.979138 9.9946E-05 9.9946E-05 9.9946E-05 0.00979944 9.9946E-05 9.9946E-05
0.098323 0.000106088 0.10847 0.306494 9.9973E-05 0.0936023 9.9973E-05 0.310045 0.0826593 9.9973E-05
0.0601223 0.00964221 0.0332847 0.760864 9.9955E-05 9.9955E-05 9.9955E-05 0.135587 9.9955E-05 9.9955E-05
0.0848491 9.9955E-05 0.123266 0.684 0.0843085 9.9955E-05 0.0230762 9.9955E-05 9.9955E-05 9.9955E-05
0.0713994 0.0554053 0.018709 0.218728 9.9973E-05 0.000695771 9.9973E-05 0.10731 0.527453 9.9973E-05
0.0795056 0.0466962 0.781294 9.9955E-05 9.9955E-05 9.9955E-05 9.9955E-05 0.0373411 0.054663 9.9955E-05
9.99371E-05 9.99371E-05 0.926606 0.0554111 9.99371E-05 9.99371E-05 0.0172833 9.99371E-05 9.99371E-05 9.99371E-05
9.9928E-05 9.9928E-05 0.900799 9.9928E-05 9.9928E-05 9.9928E-05 9.9928E-05 0.0984018 9.9928E-05 9.9928E-05
0.229204 0.0118519 0.675217 9.9946E-05 9.9946E-05 0.0831279 9.9946E-05 9.9946E-05 9.9946E-05 9.9946E-05
0.0480895 0.0587788 0.336745 0.386119 9.9973E-05 0.0315217 9.9973E-05 0.0897226 0.0487238 9.9973E-05
9.9946E-05 9.9946E-05 0.191426 9.9946E-05 0.0207293 9.9946E-05 9.9946E-05 0.0413076 0.745938 9.9946E-05
9.9928E-05 9.9928E-05 9.9928E-05 9.9928E-05 9.9928E-05 9.9928E-05 9.9928E-05 9.9928E-05 0.993734 0.00546668
9.99281E-05 9.99281E-05 9.99281E-05 9.99281E-05 9.99281E-05 9.99281E-05 9.99281E-05 0.163786 0.835414 9.99281E-05
9.9937E-05 9.9937E-05 9.9937E-05 0.0491333 9.9937E-05 9.9937E-05 9.9937E-05 0.0198632 0.930304 9.9937E-05
9.9928E-05 9.9928E-05 0.978749 0.0204513 9.9928E-05 9.9928E-05 9.9928E-05 9.9928E-05 9.9928E-05 9.9928E-05
9.9955E-05 9.9955E-05 0.920815 9.9955E-05 9.9955E-05 0.0135345 0.0388271 0.00257885 0.0237451 9.9955E-05
0.0447803 9.9964E-05 0.159246 9.9964E-05 0.0621168 0.0810488 0.0325635 0.619845 9.9964E-05 9.9964E-05
0.0777052 9.9955E-05 0.26712 9.9955E-05 0.151275 9.9955E-05 9.9955E-05 0.49483 9.9955E-05 0.00857005
9.9964E-05 0.0556037 0.0861379 0.0477219 9.9964E-05 0.020428 9.9964E-05 0.771956 9.9964E-05 0.0177525
0.0457987 0.210927 0.0712896 0.0330567 9.9955E-05 9.9955E-05 9.9955E-05 0.638428 9.9955E-05 9.9955E-05
9.9973E-05 0.00259735 0.0110786 0.015544 0.0236865 9.9973E-05 9.9973E-05 0.780631 0.162773 0.00338966
9.9955E-05 9.9955E-05 9.9955E-05 0.455931 9.9955E-05 0.0418618 0.111288 0.386203 9.9955E-05 0.00421659
9.9964E-05 0.0386836 0.0284209 9.9964E-05 0.0321818 9.9964E-05 9.9964E-05 0.835305 0.060595 0.00441394
9.99281E-05 9.99281E-05 9.99281E-05 9.99281E-05 9.99281E-05 9.99281E-05 0.0280337 0.971167 9.99281E-05 9.99281E-05
0.0381367 9.9955E-05 9.9955E-05 0.0712369 9.9955E-05 9.9955E-05 0.0172425 0.753739 0.119146 9.9955E-05
0.0513089 9.99371E-05 9.99371E-05 9.99371E-05 9.99371E-05 9.99371E-05 9.99371E-05 0.932227 0.0157646 9.99371E-05
9.99201E-05 9.99201E-05 9.99201E-05 9.99201E-05 9.99201E-05 9.99201E-05 9.99201E-05 0.999101 9.99201E-05 9.99201E-05
9.9928E-05 9.9928E-05 9.9928E-05 9.9928E-05 0.0027262 9.9928E-05 9.9928E-05 0.996474 9.9928E-05 9.9928E-05
9.9928E-05 9.9928E-05 9.9928E-05 9.9928E-05 9.9928E-05 9.9928E-05 0.00666525 0.992535 9.9928E-05 9.9928E-05
9.9928E-05 9.9928E-05 9.9928E-05 9.9928E-05 9.9928E-05 0.0407691 9.9928E-05 0.958431 9.9928E-05 9.9928E-05
9.99281E-05 9.99281E-05 9.99281E-05 9.99281E-05 0.00297636 9.99281E-05 9.99281E-05 0.996224 9.99281E-05 9.99281E-05
9.99371E-05 0.107298 9.99371E-05 0.275691 9.99371E-05 9.99371E-05 9.99371E-05 0.616311 9.99371E-05 9.99371E-05
9.9955E-05 0.0155725 0.0262864 9.9955E-05 9.9955E-05 0.00541813 0.00463489 0.947588 9.9955E-05 9.9955E-05
9.995E-05 9.995E-05 9.995E-05 0.112421 9.995E-05 9.995E-05 0.0716435 0.610024 0.168028 0.037384
0.0203533 9.9973E-05 0.023518 0.0367489 0.0497712 9.9973E-05 0.534425 0.289368 0.0455161 9.9973E-05
9.99201E-05 9.99201E-05 9.99201E-05 9.99201E-05 9.99201E-05 9.99201E-05 0.999101 9.99201E-05 9.99201E-05 9.99201E-05
0.074818 9.9973E-05 0.0723927 0.149403 9.9973E-05 9.9973E-05 0.0747506 0.531426 0.0375651 0.0593446
