9.99201E-05 9.99201E-05 9.99201E-05 9.99201E-05 9.99201E-05 0.999101 9.99201E-05 9.99201E-05 9.99201E-05 9.99201E-05
9.9964E-05 0.0455782 0.708591 9.9964E-05 9.9964E-05 0.133528 0.0243219 0.0844539 9.9964E-05 0.00312786
9.9955E-05 0.109781 0.718213 9.9955E-05 9.9955E-05 0.0703616 0.0523047 0.0488401 9.9955E-05 9.9955E-05
9.99201E-05 9.99201E-05 0.999101 9.99201E-05 9.99201E-05 9.99201E-05 9.99201E-05 9.99201E-05 9.99201E-05 9.99201E-05
0.0201673 9.9955E-05 0.662077 0.0465086 9.9955E-05 9.9955E-05 0.191272 9.9955E-05 9.9955E-05 0.0794757
9.9964E-05 9.9964E-05 0.57016 9.9964E-05 0.063466 0.0540435 0.155815 9.9964E-05 0.144736 0.0113799
9.9937E-05 9.9937E-05 0.510497 9.9937E-05 9.9937E-05 0.175795 0.313008 9.9937E-05 9.9937E-05 9.9937E-05
9.997E-05 0.0598215 0.498468 0.00816528 9.997E-05 0.159609 0.168465 0.0148219 0.0903484 9.997E-05
0.0098644 0.069831 0.470754 0.0611052 9.9982E-05 0.0400483 0.279173 0.0253392 0.0436848 9.9982E-05
9.99201E-05 9.99201E-05 9.99201E-05 9.99201E-05 9.99201E-05 0.999101 9.99201E-05 9.99201E-05 9.99201E-05 9.99201E-05
9.9946E-05 9.9946E-05 9.9946E-05 9.9946E-05 0.00182116 0.989885 9.9946E-05 0.00609242 9.9946E-05 0.00160137
9.99201E-05 9.99201E-05 9.99201E-05 9.99201E-05 9.99201E-05 0.999101 9.99201E-05 9.99201E-05 9.99201E-05 9.99201E-05
9.99281E-05 9.99281E-05 9.99281E-05 9.99281E-05 9.99281E-05 0.990106 9.99281E-05 0.00909456 9.99281E-05 9.99281E-05
9.9964E-05 0.00348981 9.9964E-05 0.00117131 9.9964E-05 0.899917 0.0410866 9.9964E-05 0.00684531 0.0470899
0.0148074 9.9946E-05 0.00160149 9.9946E-05 9.9946E-05 0.948883 9.9946E-05 9.9946E-05 0.0341087 9.9946E-05
0.000510732 9.9973E-05 0.525043 0.0276146 0.0734218 0.0824728 0.0566433 9.9973E-05 0.233994 9.9973E-05
0.0861433 0.0792377 0.366019 9.9991E-05 0.0349869 0.168042 0.040841 0.0387347 0.113478 0.0724184
9.99201E-05 9.99201E-05 0.999101 9.99201E-05 9.99201E-05 9.99201E-05 9.99201E-05 9.99201E-05 9.99201E-05 9.99201E-05
9.9955E-05 9.9955E-05 0.0599394 0.0380033 9.9955E-05 9.9955E-05 0.813188 0.0182582 9.9955E-05 0.0701118
9.99371E-05 0.00914315 9.99371E-05 9.99371E-05 9.99371E-05 9.99371E-05 0.952624 9.99371E-05 9.99371E-05 0.0375331
9.9955E-05 9.9955E-05 0.0911888 0.0435507 0.059162 0.0112011 0.794398 9.9955E-05 9.9955E-05 9.9955E-05
0.0447791 0.0729901 0.0398283 9.9955E-05 9.9955E-05 9.9955E-05 0.764176 9.9955E-05 9.9955E-05 0.0777263
9.9964E-05 0.0271164 0.068026 0.000211375 9.9964E-05 9.9964E-05 0.836741 0.00845008 9.9964E-05 0.0590552
9.9928E-05 9.9928E-05 9.9928E-05 9.9928E-05 9.9928E-05 0.0243223 0.974878 9.9928E-05 9.9928E-05 9.9928E-05
9.99371E-05 9.99371E-05 9.99371E-05 0.00730374 9.99371E-05 9.99371E-05 0.981092 9.99371E-05 0.0109044 9.99371E-05
0.0448599 9.9955E-05 9.9955E-05 0.040202 0.117429 9.9955E-05 0.719712 9.9955E-05 0.0772966 9.9955E-05
9.9982E-05 0.0674824 9.9982E-05 0.0941676 0.014637 0.00959642 0.765144 0.00198861 0.0287963 0.0179874
9.99461E-05 0.0335406 0.0558346 9.99461E-05 9.99461E-05 9.99461E-05 0.886547 9.99461E-05 0.023478 9.99461E-05
0.0279958 9.9973E-05 0.0214439 9.9973E-05 0.115294 0.0602785 0.735 9.9973E-05 0.0119976 0.0276902
9.9946E-05 0.00757313 0.181025 9.9946E-05 9.9946E-05 0.0415629 0.76924 9.9946E-05 9.9946E-05 9.9946E-05
0.0028432 9.9955E-05 9.9955E-05 9.9955E-05 9.9955E-05 0.0461839 0.933597 0.00192457 9.9955E-05 0.0149515
0.0449737 9.9964E-05 9.9964E-05 0.0499517 0.042695 9.9964E-05 0.827086 0.0185246 0.0163695 9.9964E-05
9.9964E-05 0.0323797 0.00975602 0.016888 0.13678 0.00686839 0.796928 9.9964E-05 9.9964E-05 9.9964E-05
0.0879215 0.0785303 9.9964E-05 0.0131724 0.124962 0.0819812 0.613033 9.9964E-05 9.9964E-05 9.9964E-05
0.0239959 0.00787202 0.0423933 9.9955E-05 9.9955E-05 9.9955E-05 0.808566 9.9955E-05 9.9955E-05 0.116673
9.9946E-05 9.9946E-05 0.135283 9.9946E-05 0.000411756 0.0667822 0.796923 9.9946E-05 9.9946E-05 9.9946E-05
9.9946E-05 9.9946E-05 9.9946E-05 9.9946E-05 0.113708 9.9946E-05 0.57219 9.9946E-05 0.29199 0.0215127
9.9964E-05 0.0139367 0.0949538 0.0501836 0.295584 9.9964E-05 0.516819 9.9964E-05 9.9964E-05 0.0281235
9.9973E-05 0.0328108 0.0242746 0.0799696 0.221876 9.9973E-05 0.576925 0.0126177 0.0512261 9.9973E-05
9.9955E-05 9.9955E-05 9.9955E-05 0.0298505 0.261023 0.0235904 0.647819 9.9955E-05 0.0372176 9.9955E-05
0.128888 9.9955E-05 0.135315 9.9955E-05 0.0349246 9.9955E-05 9.9955E-05 0.0506079 0.649765 9.9955E-05
0.118575 0.043066 0.0788737 0.0796895 0.00690013 9.9973E-05 9.9973E-05 0.0499669 0.622629 9.9973E-05
0.123905 0.0573282 0.199424 9.9973E-05 9.9973E-05 0.00889091 0.0461845 0.0637995 0.500168 9.9973E-05
0.051369 0.0380366 0.157876 0.0243972 0.0806869 9.9973E-05 9.9973E-05 0.0546899 0.592644 9.9973E-05
0.0390052 0.0627502 0.0829978 0.0758778 0.129582 9.9973E-05 0.166745 9.9973E-05 0.442742 9.9973E-05
9.99201E-05 9.99201E-05 9.99201E-05 9.99201E-05 9.99201E-05 9.99201E-05 9.99201E-05 9.99201E-05 0.999101 9.99201E-05
9.99201E-05 9.99201E-05 9.99201E-05 9.99201E-05 9.99201E-05 9.99201E-05 9.99201E-05 9.99201E-05 0.999101 9.99201E-05
0.0660779 0.0350249 0.0147888 0.0531398 0.0674759 9.9982E-05 0.370269 9.9982E-05 0.377758 0.0152658
0.103567 0.0383792 0.106438 0.120263 0.0824237 0.0474786 0.0758268 9.9982E-05 0.425423 9.9982E-05
0.0734807 0.0722653 0.135999 0.00553231 0.0256764 0.0656599 0.280074 0.0328349 0.305615 0.00286268
9.9973E-05 0.0502223 0.0320894 0.0271398 0.221571 0.0368922 0.225236 9.9973E-05 0.406549 9.9973E-05
0.0622317 0.0764382 0.0289512 0.010431 0.0348274 9.9982E-05 0.248071 9.9982E-05 0.508338 0.0305117
9.9937E-05 9.9937E-05 9.9937E-05 0.00589665 9.9937E-05 0.0283626 9.9937E-05 9.9937E-05 0.965041 9.9937E-05
0.00901744 9.9973E-05 9.9973E-05 0.0433881 0.36168 0.0302707 0.241835 9.9973E-05 0.266816 0.0466929
0.0289849 9.9982E-05 9.9982E-05 0.0170312 0.413543 0.0517237 0.225431 0.0136213 0.245957 0.00350823
0.101579 0.0713137 0.106351 0.0207653 0.0775546 9.9973E-05 0.101568 9.9973E-05 0.520568 9.9973E-05
9.9982E-05 0.0764558 0.0679727 0.0415312 0.311465 0.0747698 0.149872 0.00170653 0.276027 9.9982E-05
0.0168738 9.9982E-05 0.0608931 0.0999404 0.119027 9.9982E-05 0.157996 0.059318 0.481611 0.00414027
9.9928E-05 0.0106667 9.9928E-05 9.9928E-05 9.9928E-05 9.9928E-05 9.9928E-05 9.9928E-05 0.988534 9.9928E-05
9.9964E-05 9.9964E-05 0.0817734 0.103139 0.257902 0.0449314 0.201589 9.9964E-05 0.310265 9.9964E-05
0.102208 9.9946E-05 9.9946E-05 0.0899777 9.9946E-05 9.9946E-05 0.188743 9.9946E-05 0.618471 9.9946E-05
0.142324 9.9973E-05 0.0288438 9.9973E-05 0.0676555 0.0289088 0.0508544 0.0614837 0.61963 9.9973E-05
0.0564197 0.0915042 9.9991E-05 0.0489851 0.174657 0.0299867 0.059073 0.0107144 0.467184 0.0613757
0.00932887 0.027731 9.9964E-05 0.0256171 9.9964E-05 9.9964E-05 9.9964E-05 0.0283621 0.85976 0.0488008
0.0583034 9.9982E-05 0.0551403 0.0506668 0.123791 0.016043 0.0956537 0.00131594 0.598886 9.9982E-05
0.00365235 0.0266849 9.9946E-05 9.9946E-05 9.9946E-05 9.9946E-05 9.9946E-05 9.9946E-05 0.88676 0.082303
9.9946E-05 9.9946E-05 9.9946E-05 0.0116558 0.406882 9.9946E-05 9.9946E-05 0.0101024 0.57076 9.9946E-05
0.0499236 9.9946E-05 9.9946E-05 9.9946E-05 9.9946E-05 9.9946E-05 9.9946E-05 0.036251 0.798133 0.115093
0.0369807 0.0151612 0.0832694 0.0458486 0.17721 9.9973E-05 0.212837 9.9973E-05 0.428393 9.9973E-05
0.0221372 9.9946E-05 9.9946E-05 9.9946E-05 9.9946E-05 9.9946E-05 9.9946E-05 0.0269969 0.906334 0.0439317
0.0512178 0.0365981 0.0784836 9.9982E-05 0.122867 0.0428818 0.0992477 0.079174 0.48933 9.9982E-05
0.0621458 0.0179617 0.013621 9.9982E-05 0.308571 9.9982E-05 0.0748467 0.0254028 0.481565 0.015686
9.9964E-05 9.9964E-05 9.9964E-05 0.0178775 0.106825 0.0793436 0.103816 9.9964E-05 0.666602 0.0251365
9.9955E-05 0.0579205 9.9955E-05 0.0573744 0.192964 0.066476 9.9955E-05 9.9955E-05 0.624765 9.9955E-05
0.0790188 9.9964E-05 9.9964E-05 9.9964E-05 0.316764 0.0715615 0.0538332 9.9964E-05 0.444188 0.0342345
9.9955E-05 9.9955E-05 9.9955E-05 0.076799 0.232219 9.9955E-05 0.0625456 9.9955E-05 0.627166 0.000770636
9.9964E-05 0.0440319 0.0221657 9.9964E-05 0.25969 9.9964E-05 9.9964E-05 0.00140107 0.637005 0.0353069
0.0398787 0.00949635 0.0484088 9.9991E-05 0.227103 0.0126533 0.0248037 0.0581936 0.41959 0.159772
9.9964E-05 0.0357964 0.0644783 0.0108071 0.879619 0.00220557 0.0066934 9.9964E-05 9.9964E-05 9.9964E-05
9.99201E-05 9.99201E-05 9.99201E-05 9.99201E-05 0.999101 9.99201E-05 9.99201E-05 9.99201E-05 9.99201E-05 9.99201E-05
9.9946E-05 0.0107541 0.031649 9.9946E-05 0.936398 0.0205991 9.9946E-05 9.9946E-05 9.9946E-05 9.9946E-05
9.99281E-05 9.99281E-05 9.99281E-05 9.99281E-05 0.959874 9.99281E-05 9.99281E-05 9.99281E-05 0.0393262 9.99281E-05
9.99281E-05 9.99281E-05 9.99281E-05 9.99281E-05 0.985457 9.99281E-05 9.99281E-05 9.99281E-05 0.0137431 9.99281E-05
0.0799812 9.9982E-05 0.0216153 0.0455998 0.546857 0.0154954 0.100165 0.0692401 0.120846 9.9982E-05
0.0370683 0.0378634 0.0780777 9.9964E-05 0.584141 9.9964E-05 9.9964E-05 0.151013 0.111437 9.9964E-05
0.0263507 0.0593653 0.0394274 9.9982E-05 0.640055 0.0067571 0.0433119 0.0649637 0.119569 9.9982E-05
0.0657609 0.0656896 0.0914136 0.0391663 0.487125 0.00672311 0.0729945 0.00938314 0.161644 9.9991E-05
0.0925636 9.9973E-05 0.0530761 0.056362 0.55604 9.9973E-05 0.0957775 0.0585806 0.0873005 9.9973E-05
0.0442444 0.0515947 0.114167 0.0547702 0.576431 9.998E-05 9.998E-05 0.0304683 0.0820842 0.046041
0.123366 0.0785886 9.9982E-05 0.100213 0.380937 0.00197812 0.0654329 0.0686343 0.18065 9.9982E-05
0.0412972 0.0649002 0.127496 9.9982E-05 0.26996 0.0142903 9.9982E-05 0.0637229 0.224628 0.193505
0.0527954 0.0738648 0.127521 9.9973E-05 0.327622 9.9973E-05 9.9973E-05 0.041076 0.200928 0.175893
0.0357803 0.115182 0.0335445 0.153607 0.33325 0.0166507 9.9982E-05 0.160025 0.15176 9.9982E-05
0.0113394 9.99281E-05 9.99281E-05 9.99281E-05 9.99281E-05 9.99281E-05 9.99281E-05 0.987861 9.99281E-05 9.99281E-05
0.00816654 0.0278959 0.0302463 9.99483E-05 9.99483E-05 9.99483E-05 9.99483E-05 0.933092 9.99483E-05 9.99483E-05
9.9964E-05 9.9964E-05 9.9964E-05 9.9964E-05 0.0358378 0.0182241 0.0287832 0.830005 0.0538182 0.0329316
9.99281E-05 9.99281E-05 9.99281E-05 9.99281E-05 9.99281E-05 0.00200327 9.99281E-05 0.997197 9.99281E-05 9.99281E-05
9.99201E-05 9.99201E-05 9.99201E-05 9.99201E-05 9.99201E-05 9.99201E-05 9.99201E-05 0.999101 9.99201E-05 9.99201E-05
9.99201E-05 9.99201E-05 9.99201E-05 9.99201E-05 9.99201E-05 9.99201E-05 9.99201E-05 0.999101 9.99201E-05 9.99201E-05
9.99371E-05 9.99371E-05 9.99371E-05 0.00183181 9.99371E-05 9.99371E-05 9.99371E-05 0.994972 9.99371E-05 0.0024963
9.9964E-05 0.00600431 0.00150575 9.9964E-05 9.9964E-05 9.9964E-05 0.0512212 0.896665 0.0291646 0.015039
9.99201E-05 9.99201E-05 9.99201E-05 9.99201E-05 9.99201E-05 9.99201E-05 9.99201E-05 0.999101 9.99201E-05 9.99201E-05
9.99201E-05 9.99201E-05 9.99201E-05 9.99201E-05 9.99201E-05 9.99201E-05 9.99201E-05 0.999101 9.99201E-05 9.99201E-05
0.241627 0.0697034 9.9991E-05 0.0884117 0.417031 0.00206535 0.0811857 0.0504793 0.00452613 0.0448708
0.00416136 0.0134049 9.9973E-05 9.9973E-05 0.0280894 0.00013369 9.9973E-05 0.859141 0.0716814 0.0230885
9.99201E-05 9.99201E-05 9.99201E-05 9.99201E-05 9.99201E-05 9.99201E-05 9.99201E-05 0.999101 9.99201E-05 9.99201E-05
0.0144756 0.00829982 9.9946E-05 9.9946E-05 0.0527069 9.9946E-05 9.9946E-05 0.923918 9.9946E-05 9.9946E-05
9.99201E-05 9.99201E-05 9.99201E-05 9.99201E-05 0.999101 9.99201E-05 9.99201E-05 9.99201E-05 9.99201E-05 9.99201E-05
0.00367813 9.99281E-05 9.99281E-05 9.99281E-05 0.995522 9.99281E-05 9.99281E-05 9.99281E-05 9.99281E-05 9.99281E-05
9.99201E-05 9.99201E-05 9.99201E-05 9.99201E-05 0.999101 9.99201E-05 9.99201E-05 9.99201E-05 9.99201E-05 9.99201E-05
9.99201E-05 9.99201E-05 9.99201E-05 9.99201E-05 0.999101 9.99201E-05 9.99201E-05 9.99201E-05 9.99201E-05 9.99201E-05
0.0725744 0.022277 9.9964E-05 9.9964E-05 0.872053 9.9964E-05 0.0124851 0.0188485 9.9964E-05 0.0013624
0.0533431 9.9946E-05 9.9946E-05 9.9946E-05 0.752877 9.9946E-05 0.116555 9.9946E-05 9.9946E-05 0.0766247
0.0454376 9.9955E-05 9.9955E-05 9.9955E-05 0.783966 9.9955E-05 0.072653 0.0542515 9.9955E-05 0.043192
0.078746 9.9964E-05 9.9964E-05 0.0225455 0.84556 9.9964E-05 9.9964E-05 0.0219423 0.0120171 0.0187892
9.9946E-05 0.00735467 9.9946E-05 9.9946E-05 0.894507 9.9946E-05 9.9946E-05 0.0652564 9.9946E-05 0.0322827
9.9937E-05 9.9937E-05 9.9937E-05 9.9937E-05 0.957406 9.9937E-05 9.9937E-05 0.0340171 9.9937E-05 0.00787739
0.0272377 0.0156699 9.9973E-05 0.0167136 0.839123 9.9973E-05 0.0712101 0.0153361 9.9973E-05 0.0144097
9.9973E-05 0.0109887 0.0131613 0.0290949 0.835173 0.00952009 9.9973E-05 0.0364319 9.9973E-05 0.0653301
0.0769189 0.0487089 9.9973E-05 0.038733 0.740018 0.0161869 9.9973E-05 9.9973E-05 0.0251323 0.0540023
0.105813 0.0233405 0.0469336 0.0183188 0.753732 9.9964E-05 9.9964E-05 0.0514617 9.9964E-05 9.9964E-05
0.871013 0.00461178 9.9964E-05 0.00778907 0.0656551 9.9964E-05 9.9964E-05 9.9964E-05 0.0313146 0.0192162
0.867538 9.9955E-05 0.0285811 0.066765 9.9955E-05 9.9955E-05 9.9955E-05 0.0215565 9.9955E-05 0.01506
0.999101 9.99201E-05 9.99201E-05 9.99201E-05 9.99201E-05 9.99201E-05 9.99201E-05 9.99201E-05 9.99201E-05 9.99201E-05
0.975935 9.9946E-05 0.00486694 9.9946E-05 0.00310142 9.9946E-05 0.0154972 9.9946E-05 9.9946E-05 9.9946E-05
0.999101 9.99201E-05 9.99201E-05 9.99201E-05 9.99201E-05 9.99201E-05 9.99201E-05 9.99201E-05 9.99201E-05 9.99201E-05
0.986207 9.9946E-05 9.9946E-05 0.0099218 9.9946E-05 9.9946E-05 0.00172669 9.9946E-05 9.9946E-05 0.00154519
0.977873 9.9937E-05 9.9937E-05 9.9937E-05 9.9937E-05 9.9937E-05 9.9937E-05 0.00163896 9.9937E-05 0.0197882
0.795346 9.99551E-05 9.99551E-05 0.00437668 9.99551E-05 0.0523768 9.99551E-05 9.99551E-05 0.0395146 0.107886
0.999101 9.99201E-05 9.99201E-05 9.99201E-05 9.99201E-05 9.99201E-05 9.99201E-05 9.99201E-05 9.99201E-05 9.99201E-05
0.999101 9.99201E-05 9.99201E-05 9.99201E-05 9.99201E-05 9.99201E-05 9.99201E-05 9.99201E-05 9.99201E-05 9.99201E-05
0.899667 9.9955E-05 0.0192603 9.9955E-05 9.9955E-05 0.0136058 9.9955E-05 0.00907038 9.9955E-05 0.0578966
0.98842 9.99371E-05 0.000655262 0.0102249 9.99371E-05 9.99371E-05 9.99371E-05 9.99371E-05 9.99371E-05 9.99371E-05
0.680991 0.0959863 9.9964E-05 0.0268786 0.0735407 9.9964E-05 9.9964E-05 9.9964E-05 0.0810897 0.0411141
9.99201E-05 0.999101 9.99201E-05 9.99201E-05 9.99201E-05 9.99201E-05 9.99201E-05 9.99201E-05 9.99201E-05 9.99201E-05
0.0997465 0.0558578 0.0773488 0.0426098 0.555869 9.998E-05 9.998E-05 0.113774 0.0351335 0.0194608
9.99201E-05 0.999101 9.99201E-05 9.99201E-05 9.99201E-05 9.99201E-05 9.99201E-05 9.99201E-05 9.99201E-05 9.99201E-05
9.99201E-05 0.999101 9.99201E-05 9.99201E-05 9.99201E-05 9.99201E-05 9.99201E-05 9.99201E-05 9.99201E-05 9.99201E-05
9.99371E-05 0.91882 9.99371E-05 9.99371E-05 9.99371E-05 9.99371E-05 9.99371E-05 0.0211125 9.99371E-05 0.0593683
0.0435601 0.725894 9.9982E-05 0.0118337 0.0522854 0.0293755 0.0915029 0.00136772 9.9982E-05 0.0439804
9.99201E-05 0.999101 9.99201E-05 9.99201E-05 9.99201E-05 9.99201E-05 9.99201E-05 9.99201E-05 9.99201E-05 9.99201E-05
9.9955E-05 0.82295 9.9955E-05 9.9955E-05 0.0861128 9.9955E-05 0.0349333 9.9955E-05 0.0144871 0.0410175
9.9955E-05 0.980921 0.00618299 0.00284936 9.9955E-05 9.9955E-05 0.00229105 9.9955E-05 9.9955E-05 0.00725625
0.0215068 0.939844 9.99371E-05 9.99371E-05 9.99371E-05 9.99371E-05 9.99371E-05 9.99371E-05 0.0379498 9.99371E-05
9.99201E-05 0.999101 9.99201E-05 9.99201E-05 9.99201E-05 9.99201E-05 9.99201E-05 9.99201E-05 9.99201E-05 9.99201E-05
9.9946E-05 0.981163 9.9946E-05 0.00667459 0.0102953 9.9946E-05 9.9946E-05 0.00126757 9.9946E-05 9.9946E-05
0.0333472 0.926795 9.9955E-05 0.00410734 9.9955E-05 9.9955E-05 9.9955E-05 9.9955E-05 0.0278421 0.00740891
0.0600991 0.78313 0.0588725 0.0373319 9.9955E-05 9.9955E-05 9.9955E-05 0.0600663 9.9955E-05 9.9955E-05
9.9946E-05 0.94957 9.9946E-05 9.9946E-05 9.9946E-05 0.0208854 0.0171947 9.9946E-05 9.9946E-05 0.0117506
0.0335606 0.824125 9.9973E-05 0.00947443 9.9973E-05 9.9973E-05 0.00667776 0.00712431 0.0375646 0.0811731
0.0117704 0.885851 9.9964E-05 0.0668705 0.0206558 0.00904631 9.9964E-05 9.9964E-05 0.00540644 9.9964E-05
9.9964E-05 0.824364 9.9964E-05 0.0440176 0.0342976 0.0228902 9.9964E-05 9.9964E-05 0.0498824 0.0241489
0.0216996 0.917722 9.9937E-05 9.9937E-05 0.0598789 9.9937E-05 9.9937E-05 9.9937E-05 9.9937E-05 9.9937E-05
0.016704 0.0574723 9.998E-05 0.291247 0.218146 0.0552765 9.998E-05 0.0884499 0.131056 0.141449
0.0342087 0.00658981 9.9991E-05 0.252406 0.392201 0.047083 0.0796014 0.0251695 0.0595323 0.103108
0.0371868 0.0432066 9.9982E-05 0.219221 0.330234 0.0545514 9.9982E-05 0.0610479 0.109165 0.145188
0.0296307 0.041592 9.9991E-05 0.239639 0.377681 0.0554007 0.00721196 0.0147511 0.119642 0.114352
0.0305219 9.9973E-05 0.00420835 0.0064206 9.9973E-05 0.00308862 0.0180988 9.9973E-05 0.00687956 0.930482
9.99201E-05 9.99201E-05 9.99201E-05 9.99201E-05 9.99201E-05 9.99201E-05 9.99201E-05 9.99201E-05 9.99201E-05 0.999101
0.0092048 0.00627607 9.9946E-05 9.9946E-05 0.0166724 9.9946E-05 9.9946E-05 9.9946E-05 9.9946E-05 0.967247
9.99201E-05 9.99201E-05 9.99201E-05 9.99201E-05 9.99201E-05 9.99201E-05 9.99201E-05 9.99201E-05 9.99201E-05 0.999101
9.9928E-05 9.9928E-05 9.9928E-05 0.00668758 9.9928E-05 9.9928E-05 9.9928E-05 9.9928E-05 9.9928E-05 0.992513
9.9955E-05 0.00946554 9.9955E-05 0.00755001 0.0132246 9.9955E-05 9.9955E-05 0.0294523 9.9955E-05 0.939808
9.9955E-05 0.0129517 9.9955E-05 0.0224145 0.0100587 9.9955E-05 9.9955E-05 9.9955E-05 0.0170235 0.937052
0.0523487 9.9955E-05 9.9955E-05 0.0494583 0.108386 0.0551467 9.9955E-05 9.9955E-05 9.9955E-05 0.73416
9.9973E-05 0.0209099 0.00427954 9.9973E-05 0.014707 0.00977704 0.021578 9.9973E-05 0.071575 0.856874
0.00498849 9.9928E-05 9.9928E-05 0.994212 9.9928E-05 9.9928E-05 9.9928E-05 9.9928E-05 9.9928E-05 9.9928E-05
9.99201E-05 9.99201E-05 9.99201E-05 0.999101 9.99201E-05 9.99201E-05 9.99201E-05 9.99201E-05 9.99201E-05 9.99201E-05
9.99201E-05 9.99201E-05 9.99201E-05 0.999101 9.99201E-05 9.99201E-05 9.99201E-05 9.99201E-05 9.99201E-05 9.99201E-05
9.99281E-05 9.99281E-05 9.99281E-05 0.989287 9.99281E-05 0.00991354 9.99281E-05 9.99281E-05 9.99281E-05 9.99281E-05
9.99201E-05 9.99201E-05 9.99201E-05 0.999101 9.99201E-05 9.99201E-05 9.99201E-05 9.99201E-05 9.99201E-05 9.99201E-05
9.9964E-05 9.9964E-05 0.0120869 0.855868 0.0688014 0.00421161 9.9964E-05 9.9964E-05 0.03879 0.0198427
9.9955E-05 0.00878347 9.9955E-05 0.940936 0.0251482 9.9955E-05 0.0231928 0.00143934 9.9955E-05 9.9955E-05
9.99201E-05 9.99201E-05 9.99201E-05 0.999101 9.99201E-05 9.99201E-05 9.99201E-05 9.99201E-05 9.99201E-05 9.99201E-05
9.99371E-05 0.0163684 9.99371E-05 0.978359 9.99371E-05 9.99371E-05 0.00457297 9.99371E-05 9.99371E-05 9.99371E-05
0.0337202 0.00357557 9.9955E-05 0.94203 0.0101627 9.9955E-05 9.9955E-05 9.9955E-05 0.0100116 9.9955E-05
9.99201E-05 9.99201E-05 9.99201E-05 0.999101 9.99201E-05 9.99201E-05 9.99201E-05 9.99201E-05 9.99201E-05 9.99201E-05
9.9946E-05 9.9946E-05 9.9946E-05 0.951513 9.9946E-05 9.9946E-05 9.9946E-05 0.020821 0.00567533 0.0213907
