9.99201E-05 9.99201E-05 9.99201E-05 9.99201E-05 9.99201E-05 9.99201E-05 0.999101 9.99201E-05 9.99201E-05 9.99201E-05
9.99479E-05 9.99479E-05 9.99479E-05 0.0274218 9.99479E-05 0.604869 0.287146 0.0799628 9.99479E-05 9.99479E-05
9.9946E-05 9.9946E-05 9.9946E-05 0.0953193 9.9946E-05 0.598199 0.240743 0.0651383 9.9946E-05 9.9946E-05
9.99371E-05 9.99371E-05 9.99371E-05 9.99371E-05 9.99371E-05 0.74487 0.194727 9.99371E-05 0.059703 9.99371E-05
0.0323469 0.0700235 9.9964E-05 9.9964E-05 0.0648049 0.633367 0.0890179 9.9964E-05 0.11004 9.9964E-05
0.0923739 9.9955E-05 9.9955E-05 0.0227122 9.9955E-05 0.626733 0.138878 9.9955E-05 0.118803 9.9955E-05
9.99371E-05 9.99371E-05 9.99371E-05 9.99371E-05 9.99371E-05 0.726904 0.258533 9.99371E-05 9.99371E-05 0.0138636
9.9973E-05 9.9973E-05 0.00650412 0.069152 9.9973E-05 0.45547 0.286408 0.0101925 0.122993 0.0489804
9.9973E-05 0.0188557 9.9973E-05 0.0714557 9.9973E-05 0.609976 0.199324 0.0278337 0.0620818 0.0101733
9.99201E-05 9.99201E-05 9.99201E-05 9.99201E-05 9.99201E-05 9.99201E-05 0.999101 9.99201E-05 9.99201E-05 9.99201E-05
9.99201E-05 9.99201E-05 9.99201E-05 9.99201E-05 9.99201E-05 9.99201E-05 0.999101 9.99201E-05 9.99201E-05 9.99201E-05
9.99201E-05 9.99201E-05 9.99201E-05 9.99201E-05 9.99201E-05 9.99201E-05 0.999101 9.99201E-05 9.99201E-05 9.99201E-05
9.9928E-05 9.9928E-05 9.9928E-05 9.9928E-05 9.9928E-05 9.9928E-05 0.988033 0.0111671 9.9928E-05 9.9928E-05
9.9937E-05 9.9937E-05 9.9937E-05 9.9937E-05 0.0213876 0.0573938 0.920519 9.9937E-05 9.9937E-05 9.9937E-05
9.9955E-05 9.9955E-05 0.0299815 9.9955E-05 0.00381563 9.9955E-05 0.949454 9.9955E-05 0.0158284 0.000420835
9.9982E-05 0.0583602 0.0445922 0.011754 9.9982E-05 0.410549 0.196429 0.018795 0.254415 0.004906
0.0177856 0.0476343 0.0124015 0.0879669 0.0906892 0.352343 0.183119 0.0254408 0.128937 0.0536822
0.0572444 9.9946E-05 9.9946E-05 9.9946E-05 9.9946E-05 0.719429 0.168631 9.9946E-05 0.0540959 9.9946E-05
9.9946E-05 0.0211405 9.9946E-05 9.9946E-05 0.053993 0.915804 9.9946E-05 9.9946E-05 0.00846327 9.9946E-05
0.0159561 0.0244131 0.0125012 9.9964E-05 0.0319745 0.880683 9.9964E-05 9.9964E-05 9.9964E-05 0.0340727
0.08821 0.0444765 9.9955E-05 9.9955E-05 9.9955E-05 0.833023 0.0305441 0.00324674 9.9955E-05 9.9955E-05
9.9964E-05 9.9964E-05 0.0237445 0.0475936 0.0838103 0.811471 9.9964E-05 9.9964E-05 0.0275214 0.00545884
0.0410133 0.0302624 9.9964E-05 0.0013207 0.100585 0.823717 9.9964E-05 9.9964E-05 9.9964E-05 0.00270197
9.9937E-05 9.9937E-05 0.0495675 9.9937E-05 0.0358969 0.913836 9.9937E-05 9.9937E-05 9.9937E-05 9.9937E-05
9.9955E-05 0.0164223 0.00373389 9.9955E-05 9.9955E-05 0.861123 9.9955E-05 0.0149637 9.9955E-05 0.103257
0.0819838 0.0467443 0.0532249 0.0035152 9.9964E-05 0.647182 9.9964E-05 9.9964E-05 0.166949 9.9964E-05
0.0160841 0.0941328 9.9964E-05 0.0739826 0.037772 0.705475 9.9964E-05 9.9964E-05 0.0721535 9.9964E-05
9.9946E-05 9.9946E-05 0.0161086 0.0237767 9.9946E-05 0.951342 9.9946E-05 9.9946E-05 0.00817275 9.9946E-05
0.0392991 0.0168768 0.0458079 9.9973E-05 0.00662466 0.795993 0.0234725 9.9973E-05 0.0716263 9.9973E-05
0.0166607 9.9937E-05 9.9937E-05 9.9937E-05 9.9937E-05 0.945276 0.0373632 9.9937E-05 9.9937E-05 9.9937E-05
9.9955E-05 0.00220679 9.9955E-05 9.9955E-05 0.0631162 0.891626 0.0332954 0.00925548 9.9955E-05 9.9955E-05
9.9964E-05 0.0721397 0.0770674 9.9964E-05 0.000147698 0.722652 9.9964E-05 0.0233573 9.9964E-05 0.104236
0.140733 0.0439765 0.011562 0.0398151 0.0112019 0.741301 9.9973E-05 0.0111103 9.9973E-05 9.9973E-05
0.123182 0.0144953 0.075014 0.100382 0.00547412 0.594478 0.0312224 0.00204368 0.0365832 0.0171255
0.00941238 9.9964E-05 0.0460878 0.00529203 0.174736 0.755039 9.9964E-05 0.00903231 9.9964E-05 9.9964E-05
0.0290488 9.9946E-05 9.9946E-05 9.9946E-05 9.9946E-05 0.921754 0.0330189 9.9946E-05 0.0155782 9.9946E-05
0.0949915 9.9964E-05 9.9964E-05 0.0123036 0.018627 0.494212 9.9964E-05 9.9964E-05 0.215695 0.163771
0.242323 0.127121 9.9946E-05 9.9946E-05 0.0658885 0.564068 9.9946E-05 9.9946E-05 9.9946E-05 9.9946E-05
0.193544 0.0933715 9.9964E-05 0.0426333 9.9964E-05 0.567912 9.9964E-05 0.0366457 9.9964E-05 0.0654936
0.330739 0.0269701 9.99461E-05 9.99461E-05 9.99461E-05 0.562389 9.99461E-05 9.99461E-05 9.99461E-05 0.0793024
0.0471933 0.00103288 0.0824415 0.0253734 9.9973E-05 0.0888568 9.9973E-05 0.0474311 0.707371 9.9973E-05
0.0263586 0.140797 0.045349 0.0455579 0.0154441 0.115269 9.9982E-05 0.0219674 0.589057 9.9982E-05
9.9964E-05 9.9964E-05 0.0655154 0.068842 9.9964E-05 0.186113 0.0639995 0.0206132 0.594517 9.9964E-05
0.0110385 0.0292281 0.0725808 0.0293257 9.9973E-05 0.0924198 9.9973E-05 9.9973E-05 0.746701 0.0184064
0.185491 0.0589537 0.0321573 0.10182 9.9973E-05 0.276529 9.9973E-05 9.9973E-05 0.206846 0.137904
9.99201E-05 9.99201E-05 9.99201E-05 9.99201E-05 9.99201E-05 9.99201E-05 9.99201E-05 9.99201E-05 9.99201E-05 0.999101
9.99201E-05 9.99201E-05 9.99201E-05 9.99201E-05 9.99201E-05 9.99201E-05 9.99201E-05 9.99201E-05 9.99201E-05 0.999101
0.0167092 0.0339093 0.0447805 0.063476 0.0268101 0.407598 9.9982E-05 9.9982E-05 0.280673 0.125844
0.107889 0.0692167 0.0678793 0.0796346 0.0242282 0.178478 0.0555715 9.9991E-05 0.271952 0.14505
0.00232907 0.0199066 0.0984458 0.0458563 9.9991E-05 0.420404 0.0821253 0.0422123 0.214115 0.0745062
0.309692 0.0492522 0.00283213 0.0321055 9.9991E-05 0.240788 0.0436135 0.000286798 0.112052 0.209278
0.104167 0.0435834 0.0382558 0.023415 0.0638254 0.202229 9.9982E-05 9.9982E-05 0.344076 0.180249
0.0387546 0.0208924 0.0300693 9.9982E-05 0.00980305 0.00928537 0.00706635 0.00999891 9.9982E-05 0.87393
0.42662 0.015541 9.9973E-05 9.9973E-05 0.0701777 0.153708 0.0664259 9.9973E-05 0.169161 0.0980673
0.487073 0.00484702 0.0276654 0.00130356 0.0125859 0.151248 0.0598153 0.0138858 0.0952199 0.146355
0.0470953 9.9991E-05 0.0823977 0.0994419 0.000758232 0.227516 0.00971851 0.00349835 0.424983 0.104491
0.214581 0.0805145 0.0571194 0.105655 9.9991E-05 0.195185 0.0754721 0.00453495 0.0774452 0.189393
0.0833998 0.0755716 0.0982221 9.9973E-05 9.9973E-05 0.268774 9.9973E-05 0.0285369 0.317447 0.127748
9.99201E-05 9.99201E-05 9.99201E-05 9.99201E-05 9.99201E-05 9.99201E-05 9.99201E-05 9.99201E-05 9.99201E-05 0.999101
0.305601 0.0751999 0.0106602 0.0331587 9.9991E-05 0.240794 0.0502424 0.0142591 0.0860561 0.183929
0.00604013 0.0732343 0.0924219 0.0245745 0.0453243 0.217184 9.9991E-05 0.0261775 0.0546579 0.460286
0.163466 0.0249712 0.151673 9.9973E-05 9.9973E-05 0.0999056 0.0304769 9.9973E-05 0.365028 0.164179
0.144302 0.0552823 0.0320836 0.0203139 0.00617462 0.173601 9.9991E-05 0.0153279 0.489133 0.0636812
9.9955E-05 0.0111534 9.9955E-05 9.9955E-05 0.0623433 9.9955E-05 9.9955E-05 0.0470097 0.848637 0.0303568
0.13368 0.0488971 0.0866273 9.9973E-05 9.9973E-05 0.139134 0.0477962 9.9973E-05 0.31811 0.225455
9.99201E-05 9.99201E-05 9.99201E-05 9.99201E-05 9.99201E-05 9.99201E-05 9.99201E-05 9.99201E-05 0.999101 9.99201E-05
0.382663 0.0110619 0.00497004 9.9955E-05 9.9955E-05 9.9955E-05 9.9955E-05 9.9955E-05 0.541734 0.0590711
9.9928E-05 9.9928E-05 9.9928E-05 9.9928E-05 0.0315201 9.9928E-05 9.9928E-05 9.9928E-05 0.96768 9.9928E-05
0.157951 0.0658339 0.012299 9.9964E-05 9.9964E-05 0.34852 9.9964E-05 9.9964E-05 0.375012 0.0399842
9.99201E-05 9.99201E-05 9.99201E-05 9.99201E-05 9.99201E-05 9.99201E-05 9.99201E-05 9.99201E-05 0.999101 9.99201E-05
0.103369 9.9982E-05 0.0343688 0.070197 9.9982E-05 0.197627 0.0181061 0.0541858 0.396539 0.125407
0.218683 0.0427364 0.101728 0.00535202 0.00655922 0.0890563 9.9991E-05 0.0426002 0.432438 0.0607463
0.0542913 0.0283755 9.9973E-05 0.0305322 9.9973E-05 0.0637122 0.0522523 9.9973E-05 0.765835 0.0047016
0.0894257 0.0733913 9.9955E-05 9.9955E-05 9.9955E-05 9.9955E-05 0.0400417 9.9955E-05 0.771629 0.0250122
0.371247 0.0382323 0.0668852 0.0285394 9.9973E-05 9.9973E-05 0.0636541 9.9973E-05 0.388425 0.0427172
0.234718 0.0843544 9.9964E-05 9.9964E-05 0.00128849 0.0133589 9.9964E-05 9.9964E-05 0.572164 0.0937158
0.236292 0.0139214 0.00893722 0.00584497 9.9973E-05 9.9973E-05 9.9973E-05 0.0336053 0.579659 0.12144
0.29901 9.9964E-05 9.9964E-05 9.9964E-05 0.114221 0.00474819 0.0422742 0.0468923 0.492455 9.9964E-05
0.873469 9.9964E-05 9.9964E-05 0.00281168 0.0346138 0.027088 9.9964E-05 0.0135183 0.0480991 9.9964E-05
0.979927 9.9937E-05 9.9937E-05 9.9937E-05 0.000843963 9.9937E-05 9.9937E-05 9.9937E-05 0.0185299 9.9937E-05
0.983946 9.99371E-05 9.99371E-05 9.99371E-05 9.99371E-05 9.99371E-05 0.00777273 9.99371E-05 9.99371E-05 0.00758127
0.984785 9.9946E-05 9.9946E-05 9.9946E-05 9.9946E-05 9.9946E-05 0.000814295 9.9946E-05 0.00505448 0.00874686
0.967078 9.99281E-05 9.99281E-05 9.99281E-05 9.99281E-05 9.99281E-05 9.99281E-05 9.99281E-05 0.0321221 9.99281E-05
0.546398 0.0193912 0.0729655 9.9973E-05 9.9973E-05 0.18213 0.0203985 0.0514899 0.106927 9.9973E-05
0.493195 0.0532713 9.9982E-05 0.0236915 9.9982E-05 0.0835279 0.00168503 0.149513 0.14622 0.0486963
0.504429 0.00327857 0.0415317 0.0841958 9.9991E-05 0.0355191 0.0330843 0.0996788 0.169308 0.0288746
0.452419 0.0632646 0.0358929 0.0629414 9.9991E-05 0.152524 0.0615743 0.0337926 0.0966226 0.0408693
0.453928 0.0791647 0.0734922 0.0106314 9.9982E-05 0.0920999 9.9982E-05 0.0894867 0.187326 0.0136714
0.544267 0.070734 0.00884021 0.0321127 0.0306542 9.9991E-05 0.00438068 0.0550838 0.193541 0.0602871
0.309511 0.110691 0.12375 0.0774428 9.9991E-05 0.0909379 0.00331665 0.0683304 0.21252 0.00339978
0.21977 9.9991E-05 0.041937 0.041845 0.229411 0.0612605 0.022924 0.0727304 0.178697 0.131325
0.216851 9.9991E-05 0.0785857 0.0467333 0.162161 0.0748643 0.0226019 0.0880863 0.179917 0.1301
0.301231 0.176132 0.0604377 0.0875552 9.9991E-05 0.0266162 0.0336918 0.159988 0.0768772 0.0773716
9.99201E-05 9.99201E-05 9.99201E-05 9.99201E-05 9.99201E-05 9.99201E-05 9.99201E-05 0.999101 9.99201E-05 9.99201E-05
0.0426525 9.9955E-05 0.0118481 9.9955E-05 9.9955E-05 9.9955E-05 0.0191299 0.907589 0.0182802 9.9955E-05
0.00672741 0.0330283 9.9982E-05 0.00134037 0.0401209 0.0190833 0.011686 0.846131 0.0416829 9.9982E-05
9.99281E-05 9.99281E-05 9.99281E-05 0.00099011 9.99281E-05 9.99281E-05 9.99281E-05 0.99821 9.99281E-05 9.99281E-05
9.99201E-05 9.99201E-05 9.99201E-05 9.99201E-05 9.99201E-05 9.99201E-05 9.99201E-05 0.999101 9.99201E-05 9.99201E-05
9.99201E-05 9.99201E-05 9.99201E-05 9.99201E-05 9.99201E-05 9.99201E-05 9.99201E-05 0.999101 9.99201E-05 9.99201E-05
0.00359024 9.9937E-05 9.9937E-05 9.9937E-05 0.0100008 9.9937E-05 9.9937E-05 0.985709 9.9937E-05 9.9937E-05
9.9964E-05 0.00516467 0.00410589 9.9964E-05 9.9964E-05 0.0630019 9.9964E-05 0.888404 0.00390993 0.0350137
9.99281E-05 0.0069834 9.99281E-05 9.99281E-05 9.99281E-05 9.99281E-05 9.99281E-05 0.992217 9.99281E-05 9.99281E-05
9.99281E-05 9.99281E-05 0.0080971 9.99281E-05 9.99281E-05 9.99281E-05 9.99281E-05 0.991103 9.99281E-05 9.99281E-05
0.410626 0.0576095 0.246246 0.0537245 0.0765171 0.0935972 9.9982E-05 0.028535 0.0329443 9.9982E-05
9.9955E-05 0.00454598 9.9955E-05 9.9955E-05 0.035149 9.9955E-05 9.9955E-05 0.875227 0.0569559 0.0276225
9.99281E-05 0.000596292 9.99281E-05 9.99281E-05 9.99281E-05 9.99281E-05 9.99281E-05 0.998604 9.99281E-05 9.99281E-05
0.0293195 9.9946E-05 9.9946E-05 9.9946E-05 0.0196717 9.9946E-05 0.00148451 0.948925 9.9946E-05 9.9946E-05
0.908471 0.047456 0.0433737 9.99371E-05 9.99371E-05 9.99371E-05 9.99371E-05 9.99371E-05 9.99371E-05 9.99371E-05
0.999101 9.99201E-05 9.99201E-05 9.99201E-05 9.99201E-05 9.99201E-05 9.99201E-05 9.99201E-05 9.99201E-05 9.99201E-05
0.989729 9.99281E-05 9.99281E-05 9.99281E-05 9.99281E-05 9.99281E-05 0.00947204 9.99281E-05 9.99281E-05 9.99281E-05
0.999101 9.99201E-05 9.99201E-05 9.99201E-05 9.99201E-05 9.99201E-05 9.99201E-05 9.99201E-05 9.99201E-05 9.99201E-05
0.849599 0.00338887 0.105646 0.0091578 0.0317091 9.9955E-05 9.9955E-05 9.9955E-05 9.9955E-05 9.9955E-05
0.69755 0.00219469 0.0695922 0.00597944 0.0910476 0.133236 9.9964E-05 9.9964E-05 9.9964E-05 9.9964E-05
0.793886 9.9964E-05 0.0349388 9.9964E-05 0.0671712 0.0216198 9.9964E-05 0.0607344 9.9964E-05 0.02125
0.76259 0.0290127 0.125458 9.9973E-05 0.0367709 0.00702687 9.9973E-05 0.0200097 9.9973E-05 0.0188316
0.834347 0.000338162 9.9955E-05 0.0270127 0.0305214 9.9955E-05 9.9955E-05 0.107281 9.9955E-05 9.9955E-05
0.908557 9.9946E-05 9.9946E-05 0.0149525 0.010524 9.9946E-05 9.9946E-05 0.065367 9.9946E-05 9.9946E-05
0.758002 0.0360766 0.0466996 0.0278201 0.0620179 0.0639817 9.9973E-05 9.9973E-05 0.0051023 9.9973E-05
0.838013 0.00790838 9.9946E-05 9.9946E-05 0.0990926 9.9946E-05 9.9946E-05 0.0543867 9.9946E-05 9.9946E-05
0.702955 0.0375827 0.0274329 0.0635679 0.0763289 9.9982E-05 0.0312899 9.9982E-05 0.0475756 0.0130668
0.662028 0.0353202 0.132826 0.0268257 0.0214142 0.0434124 9.9982E-05 0.0512615 0.0267119 9.9982E-05
0.0539868 9.9973E-05 0.856288 0.019821 0.0276284 0.0248063 9.9973E-05 0.0113256 0.00584371 9.9973E-05
9.9982E-05 0.0471657 0.848216 9.9982E-05 0.0461619 0.0380696 0.00444357 0.0119018 0.00167295 0.00216841
9.99201E-05 9.99201E-05 0.999101 9.99201E-05 9.99201E-05 9.99201E-05 9.99201E-05 9.99201E-05 9.99201E-05 9.99201E-05
9.99201E-05 9.99201E-05 0.999101 9.99201E-05 9.99201E-05 9.99201E-05 9.99201E-05 9.99201E-05 9.99201E-05 9.99201E-05
9.9928E-05 0.00458289 0.994618 9.9928E-05 9.9928E-05 9.9928E-05 9.9928E-05 9.9928E-05 9.9928E-05 9.9928E-05
9.9937E-05 9.9937E-05 0.992532 9.9937E-05 9.9937E-05 9.9937E-05 0.000535419 0.00623282 9.9937E-05 9.9937E-05
9.99201E-05 9.99201E-05 0.999101 9.99201E-05 9.99201E-05 9.99201E-05 9.99201E-05 9.99201E-05 9.99201E-05 9.99201E-05
9.9946E-05 9.9946E-05 0.710919 9.9946E-05 0.174996 9.9946E-05 0.059471 9.9946E-05 0.0540146 9.9946E-05
9.99281E-05 9.99281E-05 0.94973 0.0494705 9.99281E-05 9.99281E-05 9.99281E-05 9.99281E-05 9.99281E-05 9.99281E-05
9.99201E-05 9.99201E-05 0.999101 9.99201E-05 9.99201E-05 9.99201E-05 9.99201E-05 9.99201E-05 9.99201E-05 9.99201E-05
9.99461E-05 9.99461E-05 0.85285 9.99461E-05 0.109364 9.99461E-05 0.00276519 0.0344212 9.99461E-05 9.99461E-05
9.99201E-05 9.99201E-05 0.999101 9.99201E-05 9.99201E-05 9.99201E-05 9.99201E-05 9.99201E-05 9.99201E-05 9.99201E-05
0.0408232 9.9964E-05 0.746101 0.0849109 0.0203786 9.9964E-05 9.9964E-05 0.00107131 0.106315 9.9964E-05
9.99201E-05 9.99201E-05 9.99201E-05 0.999101 9.99201E-05 9.99201E-05 9.99201E-05 9.99201E-05 9.99201E-05 9.99201E-05
0.562173 0.0274833 0.100329 0.0817376 0.0759497 9.9982E-05 9.9982E-05 0.100173 0.0177891 0.0341659
0.0132306 9.99281E-05 9.99281E-05 0.98597 9.99281E-05 9.99281E-05 9.99281E-05 9.99281E-05 9.99281E-05 9.99281E-05
9.99201E-05 9.99201E-05 9.99201E-05 0.999101 9.99201E-05 9.99201E-05 9.99201E-05 9.99201E-05 9.99201E-05 9.99201E-05
9.99461E-05 9.99461E-05 9.99461E-05 0.91855 0.0667129 9.99461E-05 9.99461E-05 0.00818725 9.99461E-05 0.00595022
0.0901832 0.0372804 0.012889 0.750137 9.9973E-05 0.0613348 0.0426705 9.9973E-05 9.9973E-05 0.0052055
9.99201E-05 9.99201E-05 9.99201E-05 0.999101 9.99201E-05 9.99201E-05 9.99201E-05 9.99201E-05 9.99201E-05 9.99201E-05
0.0785516 9.9955E-05 0.0156289 0.84383 0.0557207 9.9955E-05 9.9955E-05 9.9955E-05 9.9955E-05 0.0057685
9.99371E-05 9.99371E-05 9.99371E-05 0.988445 0.00262107 9.99371E-05 9.99371E-05 0.00823469 9.99371E-05 9.99371E-05
9.9955E-05 0.00687289 0.00124808 0.957908 9.9955E-05 9.9955E-05 9.9955E-05 9.9955E-05 0.00895925 0.0245124
9.99201E-05 9.99201E-05 9.99201E-05 0.999101 9.99201E-05 9.99201E-05 9.99201E-05 9.99201E-05 9.99201E-05 9.99201E-05
9.9937E-05 9.9937E-05 9.9937E-05 0.935353 9.9937E-05 9.9937E-05 9.9937E-05 0.00525291 0.058695 9.9937E-05
9.99281E-05 9.99281E-05 0.0048032 0.994397 9.99281E-05 9.99281E-05 9.99281E-05 9.99281E-05 9.99281E-05 9.99281E-05
9.99551E-05 0.0116965 0.0584963 0.861552 9.99551E-05 0.0226442 9.99551E-05 0.0451113 9.99551E-05 9.99551E-05
0.0233335 9.9937E-05 9.9937E-05 0.970647 9.9937E-05 9.9937E-05 9.9937E-05 9.9937E-05 0.00531983 9.9937E-05
9.9955E-05 9.9955E-05 0.0341525 0.867349 9.9955E-05 9.9955E-05 0.0178811 0.0392258 0.0408918 9.9955E-05
0.0188966 0.0319765 0.00877659 0.907254 0.0289236 9.9964E-05 0.00377243 9.9964E-05 9.9964E-05 9.9964E-05
9.9964E-05 0.0477065 9.9964E-05 0.879388 0.0137151 9.9964E-05 0.0228257 0.00427361 0.0316917 9.9964E-05
0.0129126 9.9955E-05 0.0159014 0.940967 0.0193346 9.9955E-05 9.9955E-05 9.9955E-05 0.010385 9.9955E-05
0.170914 0.272639 0.0471401 0.0659555 0.0953693 9.9982E-05 0.0448795 0.0235296 0.279373 9.9982E-05
0.217772 0.301899 0.0105801 0.00518109 0.0923789 0.00834933 0.0209934 0.0249176 0.313798 0.00413032
0.110872 0.304637 0.00473634 0.0304632 0.131458 9.9982E-05 0.0195083 0.0593039 0.338821 9.9982E-05
0.119003 0.293308 0.0174803 0.0276181 0.116048 0.0152796 0.0420426 0.0541108 0.315009 9.9991E-05
9.9946E-05 0.0418016 0.00512816 9.9946E-05 0.920917 0.0315534 9.9946E-05 9.9946E-05 9.9946E-05 9.9946E-05
9.99201E-05 9.99201E-05 9.99201E-05 9.99201E-05 0.999101 9.99201E-05 9.99201E-05 9.99201E-05 9.99201E-05 9.99201E-05
0.0325618 9.9946E-05 0.0010323 0.00425211 0.961554 9.9946E-05 9.9946E-05 9.9946E-05 9.9946E-05 9.9946E-05
9.99201E-05 9.99201E-05 9.99201E-05 9.99201E-05 0.999101 9.99201E-05 9.99201E-05 9.99201E-05 9.99201E-05 9.99201E-05
9.9946E-05 9.9946E-05 9.9946E-05 0.00317505 0.984873 9.9946E-05 9.9946E-05 0.00108568 9.9946E-05 0.0102662
0.0149946 0.0124122 9.9955E-05 0.0112531 0.953209 9.9955E-05 9.9955E-05 0.00763091 9.9955E-05 9.9955E-05
0.0533368 9.9955E-05 0.00197692 9.9955E-05 0.91733 9.9955E-05 9.9955E-05 0.0140424 9.9955E-05 0.0128143
0.106156 0.00218808 0.0401519 0.00845692 0.763741 0.0487111 0.0299582 9.9982E-05 0.000436493 9.9982E-05
9.9982E-05 0.0242966 0.0177454 0.0334247 0.761123 0.0651233 9.9982E-05 0.016182 0.071674 0.0102314
9.99201E-05 0.999101 9.99201E-05 9.99201E-05 9.99201E-05 9.99201E-05 9.99201E-05 9.99201E-05 9.99201E-05 9.99201E-05
9.99201E-05 0.999101 9.99201E-05 9.99201E-05 9.99201E-05 9.99201E-05 9.99201E-05 9.99201E-05 9.99201E-05 9.99201E-05
9.99201E-05 0.999101 9.99201E-05 9.99201E-05 9.99201E-05 9.99201E-05 9.99201E-05 9.99201E-05 9.99201E-05 9.99201E-05
9.99201E-05 0.999101 9.99201E-05 9.99201E-05 9.99201E-05 9.99201E-05 9.99201E-05 9.99201E-05 9.99201E-05 9.99201E-05
9.99281E-05 0.998062 9.99281E-05 9.99281E-05 9.99281E-05 9.99281E-05 9.99281E-05 0.00113859 9.99281E-05 9.99281E-05
0.0340173 0.92271 9.9955E-05 9.9955E-05 0.0209445 0.0129551 0.00887348 9.9955E-05 9.9955E-05 9.9955E-05
9.99201E-05 0.999101 9.99201E-05 9.99201E-05 9.99201E-05 9.99201E-05 9.99201E-05 9.99201E-05 9.99201E-05 9.99201E-05
9.99201E-05 0.999101 9.99201E-05 9.99201E-05 9.99201E-05 9.99201E-05 9.99201E-05 9.99201E-05 9.99201E-05 9.99201E-05
9.99281E-05 0.993619 9.99281E-05 9.99281E-05 9.99281E-05 9.99281E-05 0.00558178 9.99281E-05 9.99281E-05 9.99281E-05
9.9937E-05 0.928122 0.0470038 9.9937E-05 9.9937E-05 9.9937E-05 9.9937E-05 9.9937E-05 9.9937E-05 0.024175
9.99281E-05 0.990915 9.99281E-05 0.00828519 9.99281E-05 9.99281E-05 9.99281E-05 9.99281E-05 9.99281E-05 9.99281E-05
9.9937E-05 0.967084 0.0184741 9.9937E-05 0.0137427 9.9937E-05 9.9937E-05 9.9937E-05 9.9937E-05 9.9937E-05
