9.99201E-05 9.99201E-05 9.99201E-05 9.99201E-05 0.999101 9.99201E-05 9.99201E-05 9.99201E-05 9.99201E-05 9.99201E-05
0.0398451 9.9946E-05 0.0674669 0.769382 0.122707 9.9946E-05 9.9946E-05 9.9946E-05 9.9946E-05 9.9946E-05
0.0684749 9.9955E-05 0.0578602 0.712081 0.105249 9.9955E-05 9.9955E-05 9.9955E-05 9.9955E-05 0.055835
9.99201E-05 9.99201E-05 9.99201E-05 0.999101 9.99201E-05 9.99201E-05 9.99201E-05 9.99201E-05 9.99201E-05 9.99201E-05
9.9964E-05 0.058144 9.9964E-05 0.607214 9.9964E-05 0.0183338 0.106327 0.0181946 9.9964E-05 0.191387
0.0241824 0.0456005 9.9973E-05 0.59912 0.0763731 0.0503312 9.9973E-05 0.0867616 9.9973E-05 0.117331
9.9937E-05 9.9937E-05 9.9937E-05 0.561879 0.154342 9.9937E-05 9.9937E-05 9.9937E-05 9.9937E-05 0.283079
0.0739309 0.0109245 0.0333332 0.425172 0.171936 0.0972044 0.00656778 9.9991E-05 0.0107145 0.170117
0.0775632 9.9973E-05 0.00751223 0.499267 0.116704 0.0357605 0.032916 9.9973E-05 9.9973E-05 0.229977
9.99201E-05 9.99201E-05 9.99201E-05 9.99201E-05 0.999101 9.99201E-05 9.99201E-05 9.99201E-05 9.99201E-05 9.99201E-05
9.99201E-05 9.99201E-05 9.99201E-05 9.99201E-05 0.999101 9.99201E-05 9.99201E-05 9.99201E-05 9.99201E-05 9.99201E-05
9.99201E-05 9.99201E-05 9.99201E-05 9.99201E-05 0.999101 9.99201E-05 9.99201E-05 9.99201E-05 9.99201E-05 9.99201E-05
9.9928E-05 9.9928E-05 0.00846828 9.9928E-05 0.990732 9.9928E-05 9.9928E-05 9.9928E-05 9.9928E-05 9.9928E-05
9.9937E-05 0.0402846 9.9937E-05 9.9937E-05 0.91308 9.9937E-05 9.9937E-05 9.9937E-05 9.9937E-05 0.0459356
9.9946E-05 0.0260978 9.9946E-05 0.0335092 0.910766 0.0290276 9.9946E-05 9.9946E-05 9.9946E-05 9.9946E-05
0.0341099 9.9982E-05 0.00707213 0.593642 0.0355225 0.209175 0.0589749 0.00440968 9.9982E-05 0.0568941
0.0676647 0.101528 9.9991E-05 0.287711 0.147961 0.146564 0.0593291 0.0416397 0.0968938 0.0506074
9.99201E-05 9.99201E-05 9.99201E-05 0.999101 9.99201E-05 9.99201E-05 9.99201E-05 9.99201E-05 9.99201E-05 9.99201E-05
9.9964E-05 0.0473528 0.0326459 0.0700596 9.9964E-05 0.0159828 0.0209283 9.9964E-05 9.9964E-05 0.812631
9.99371E-05 0.0394917 9.99371E-05 9.99371E-05 9.99371E-05 9.99371E-05 9.99371E-05 0.020997 9.99371E-05 0.938812
9.9964E-05 9.9964E-05 0.00212963 0.0701818 0.0493858 9.9964E-05 0.0684718 0.020556 9.9964E-05 0.788875
0.0689265 0.0815921 9.9964E-05 0.0715205 9.9964E-05 0.00768134 9.9964E-05 9.9964E-05 0.00987807 0.760002
0.0469805 0.0392583 9.9955E-05 0.0641657 9.9955E-05 9.9955E-05 0.00195412 9.9955E-05 9.9955E-05 0.847142
0.00475495 0.0231154 9.9955E-05 9.9955E-05 0.0321929 9.9955E-05 9.9955E-05 9.9955E-05 0.00338147 0.936055
9.99201E-05 9.99201E-05 9.99201E-05 9.99201E-05 9.99201E-05 9.99201E-05 9.99201E-05 9.99201E-05 9.99201E-05 0.999101
9.9973E-05 0.00260757 9.9973E-05 9.9973E-05 0.00259491 0.047779 0.0558354 0.100436 0.0537523 0.736695
0.0755221 0.0189524 9.9973E-05 9.9973E-05 0.0040725 0.054041 0.0643271 0.0135575 9.9973E-05 0.769227
0.00798621 9.9955E-05 9.9955E-05 0.093956 9.9955E-05 0.0579058 9.9955E-05 9.9955E-05 0.00279088 0.836861
0.00595913 0.0421496 9.9991E-05 0.0478631 0.0350202 0.00409614 0.0280648 0.0382435 0.0428133 0.75569
9.9946E-05 9.9946E-05 9.9946E-05 0.118557 0.00980901 9.9946E-05 9.9946E-05 0.0456782 9.9946E-05 0.825356
9.99461E-05 0.0142376 0.000672094 9.99461E-05 0.0436984 9.99461E-05 9.99461E-05 9.99461E-05 9.99461E-05 0.940792
0.0231269 9.9964E-05 0.0123506 9.9964E-05 9.9964E-05 0.00204867 0.0275608 9.9964E-05 0.0426566 0.891857
0.0797699 9.9964E-05 0.0173798 9.9964E-05 0.00863886 9.9964E-05 9.9964E-05 0.0610347 0.0222469 0.81053
0.0432826 0.0150629 9.9964E-05 9.9964E-05 0.0619858 9.9964E-05 9.9964E-05 0.124677 0.10783 0.646762
0.043231 0.120164 9.9955E-05 0.113249 9.9955E-05 0.00847502 9.9955E-05 9.9955E-05 9.9955E-05 0.714381
9.9964E-05 9.9964E-05 0.00709334 0.113109 0.0451684 9.9964E-05 0.0015422 0.0235711 9.9964E-05 0.809117
9.9937E-05 9.9937E-05 9.9937E-05 9.9937E-05 9.9937E-05 0.26486 9.9937E-05 0.154255 9.9937E-05 0.580186
0.0651498 0.0433375 9.9964E-05 0.0529357 9.9964E-05 9.9964E-05 0.053812 0.227392 9.9964E-05 0.556973
0.0421164 9.9982E-05 0.0147505 0.0525076 0.0104728 0.0149407 0.068699 0.225498 9.9982E-05 0.570815
9.9955E-05 9.9955E-05 9.9955E-05 9.9955E-05 0.011699 0.0947132 0.0502837 0.248206 9.9955E-05 0.594598
0.0308769 9.9973E-05 0.0613691 0.212153 9.9973E-05 0.483806 0.0415099 0.0616636 0.108322 9.9973E-05
0.0704516 9.9973E-05 0.0151942 0.275942 9.9973E-05 0.41649 0.0198877 0.162898 0.0388369 9.9973E-05
0.0741039 0.0106984 0.0383887 0.26169 9.9982E-05 0.440562 9.9982E-05 0.00886145 0.0953825 0.0701136
0.00801514 9.9973E-05 0.0579946 0.226475 9.9973E-05 0.51819 0.0136473 0.139713 0.0356648 9.9973E-05
0.0785368 9.9973E-05 9.9973E-05 0.0428078 9.9973E-05 0.331833 0.0481986 0.215027 0.0201158 0.263181
9.99201E-05 9.99201E-05 9.99201E-05 9.99201E-05 9.99201E-05 0.999101 9.99201E-05 9.99201E-05 9.99201E-05 9.99201E-05
9.99201E-05 9.99201E-05 9.99201E-05 9.99201E-05 9.99201E-05 0.999101 9.99201E-05 9.99201E-05 9.99201E-05 9.99201E-05
0.00496504 0.0192444 0.0144039 0.0138955 9.9991E-05 0.370485 0.0345415 0.078085 0.0537636 0.410516
0.0568948 0.0297316 9.9991E-05 0.0620879 0.0353476 0.439236 0.0977453 0.00726746 0.0969268 0.174663
0.0155501 9.9982E-05 0.051465 0.143079 0.0677653 0.383698 0.00750361 9.9982E-05 0.0702448 0.260494
0.0174035 9.9973E-05 9.9973E-05 0.00516445 0.0539343 0.367417 0.0494611 0.237284 9.9973E-05 0.269036
0.0551953 0.0460564 9.9982E-05 0.0450647 9.9982E-05 0.553618 0.0333409 0.0760757 0.00729281 0.183156
9.9937E-05 0.0272172 9.9937E-05 9.9937E-05 9.9937E-05 0.971643 0.000440564 9.9937E-05 9.9937E-05 9.9937E-05
9.9973E-05 0.0733103 9.9973E-05 9.9973E-05 0.0408675 0.302645 0.0403745 0.299443 0.0355036 0.207557
0.00222215 0.0451457 0.00475272 9.9982E-05 0.0672445 0.282776 9.9982E-05 0.349595 0.0207513 0.227313
0.0728967 9.9982E-05 0.0156473 0.143472 9.9982E-05 0.524161 0.0183509 0.0679607 0.108903 0.0484082
0.082224 9.9982E-05 0.0152649 9.9982E-05 0.0898808 0.337223 0.0613966 0.216201 0.021028 0.176581
9.9982E-05 0.00466929 0.0644093 0.107051 9.9982E-05 0.448194 0.074847 0.109044 0.0474574 0.144128
0.00235543 9.9946E-05 9.9946E-05 9.9946E-05 9.9946E-05 0.942075 0.0237866 9.9946E-05 9.9946E-05 0.031183
0.0159021 0.0088317 9.9991E-05 0.0108114 0.0524705 0.327328 0.097455 0.260383 0.0189802 0.207738
9.9964E-05 0.0575917 9.9964E-05 9.9964E-05 0.0050938 0.60003 0.0948801 9.9964E-05 0.0628942 0.17911
9.9973E-05 9.9973E-05 0.0464624 0.0528704 0.00656053 0.706007 0.0374772 9.9973E-05 0.121407 0.0289154
0.0553525 0.0179119 0.0667246 9.9991E-05 0.0224878 0.434115 0.052187 0.226739 0.0260421 0.0983397
0.0303357 0.071175 9.9955E-05 9.9955E-05 9.9955E-05 0.882903 0.000393349 9.9955E-05 0.0146936 9.9955E-05
9.9973E-05 9.9973E-05 9.9973E-05 0.0545127 0.0244083 0.693763 0.0409382 0.0990267 0.0267776 0.0602735
0.0139731 0.045568 9.9937E-05 9.9937E-05 9.9937E-05 0.939759 9.9937E-05 9.9937E-05 9.9937E-05 9.9937E-05
9.9937E-05 9.9937E-05 0.0313146 9.9937E-05 9.9937E-05 0.614658 9.9937E-05 0.353328 9.9937E-05 9.9937E-05
0.00548645 0.104731 0.00764403 9.9955E-05 9.9955E-05 0.853082 9.9955E-05 9.9955E-05 0.0285575 9.9955E-05
0.0601352 9.9982E-05 0.0232554 0.090618 9.9982E-05 0.441514 0.0531752 0.0752409 0.0182516 0.23761
9.99371E-05 0.0431036 9.99371E-05 9.99371E-05 9.99371E-05 0.955526 9.99371E-05 9.99371E-05 0.000670922 9.99371E-05
0.0506584 9.9982E-05 0.0691543 0.122427 0.0150989 0.61432 9.9982E-05 0.0461308 0.0263431 0.0556672
0.0319581 9.9982E-05 0.0365575 0.00918688 9.9982E-05 0.464272 0.0324037 0.315931 0.0365728 0.0729187
9.9946E-05 9.9946E-05 9.9946E-05 9.9946E-05 0.0796286 0.773384 0.0123176 0.13407 9.9946E-05 9.9946E-05
9.9946E-05 9.9946E-05 9.9946E-05 9.9946E-05 0.0541178 0.783541 0.0739288 0.0878127 9.9946E-05 9.9946E-05
0.00704106 0.00346229 9.9964E-05 9.9964E-05 0.0804314 0.47376 9.9964E-05 0.338369 0.0965366 9.9964E-05
9.9955E-05 9.9955E-05 9.9955E-05 9.9955E-05 0.0049202 0.663757 0.101534 0.215083 9.9955E-05 0.0142059
0.0716503 9.9955E-05 0.0542371 0.0137874 9.9955E-05 0.741247 9.9955E-05 0.118578 9.9955E-05 9.9955E-05
0.00193563 0.11387 0.0637448 0.0245484 0.0160259 0.468727 9.9982E-05 0.303141 0.00780717 9.9982E-05
9.9937E-05 0.031378 9.9937E-05 0.0557181 9.9937E-05 9.9937E-05 9.9937E-05 0.912204 9.9937E-05 9.9937E-05
9.99201E-05 9.99201E-05 9.99201E-05 9.99201E-05 9.99201E-05 9.99201E-05 9.99201E-05 0.999101 9.99201E-05 9.99201E-05
9.9937E-05 9.9937E-05 9.9937E-05 9.9937E-05 0.00947733 9.9937E-05 0.00961346 0.98021 9.9937E-05 9.9937E-05
9.99201E-05 9.99201E-05 9.99201E-05 9.99201E-05 9.99201E-05 9.99201E-05 9.99201E-05 0.999101 9.99201E-05 9.99201E-05
9.99201E-05 9.99201E-05 9.99201E-05 9.99201E-05 9.99201E-05 9.99201E-05 9.99201E-05 0.999101 9.99201E-05 9.99201E-05
0.00105048 9.9982E-05 0.0580007 0.131597 9.9982E-05 0.0794568 0.00287211 0.524638 0.0777248 0.12446
9.9982E-05 0.0450807 0.130405 0.0787042 9.9982E-05 0.183676 0.0570007 0.408255 0.0623444 0.0343339
0.0851378 9.9973E-05 0.10341 0.0914646 9.9973E-05 0.157551 9.9973E-05 0.526953 0.00331285 0.0318707
0.086417 9.9991E-05 0.0372079 0.0759501 0.0172449 0.132749 0.0516531 0.502581 0.0314912 0.0646052
9.9973E-05 9.9973E-05 0.0468594 0.0609361 9.9973E-05 0.121023 0.0540495 0.513853 0.114527 0.0884518
0.0557545 0.147895 0.0965099 0.0934419 9.9973E-05 0.111623 9.9973E-05 0.460321 0.0341553 9.9973E-05
0.0721417 9.9982E-05 0.0844943 9.9982E-05 0.0135258 0.221266 0.102755 0.328174 0.109474 0.0679683
0.0443298 0.217429 0.0699178 0.175128 0.00849727 0.243856 9.9982E-05 0.18679 0.0538526 9.9982E-05
0.0293833 0.163776 0.0590903 0.156525 9.9973E-05 0.269634 9.9973E-05 0.234286 0.0870053 9.9973E-05
0.0835229 9.9991E-05 0.154188 0.0172988 0.0283874 0.133452 0.159679 0.344382 0.0499749 0.0290153
9.99201E-05 9.99201E-05 0.999101 9.99201E-05 9.99201E-05 9.99201E-05 9.99201E-05 9.99201E-05 9.99201E-05 9.99201E-05
0.0474431 0.0046179 0.880326 0.00376537 0.00205105 0.0343159 9.9973E-05 9.9973E-05 0.027181 9.9973E-05
9.9964E-05 0.0472996 0.864919 9.9964E-05 0.00314242 0.00786687 9.9964E-05 0.014932 9.9964E-05 0.0614405
0.00909889 9.99281E-05 0.990102 9.99281E-05 9.99281E-05 9.99281E-05 9.99281E-05 9.99281E-05 9.99281E-05 9.99281E-05
9.99301E-05 9.99301E-05 0.996192 0.00300896 9.99301E-05 9.99301E-05 9.99301E-05 9.99301E-05 9.99301E-05 9.99301E-05
9.99201E-05 9.99201E-05 0.999101 9.99201E-05 9.99201E-05 9.99201E-05 9.99201E-05 9.99201E-05 9.99201E-05 9.99201E-05
9.9946E-05 9.9946E-05 0.977076 0.0112747 9.9946E-05 9.9946E-05 9.9946E-05 9.9946E-05 0.0103472 0.0007021
0.0110769 0.0128318 0.859018 0.0538583 9.9964E-05 9.9964E-05 9.9964E-05 0.0425614 9.9964E-05 0.020254
9.99281E-05 9.99281E-05 0.988453 9.99281E-05 9.99281E-05 9.99281E-05 9.99281E-05 9.99281E-05 0.0107475 9.99281E-05
9.99201E-05 9.99201E-05 0.999101 9.99201E-05 9.99201E-05 9.99201E-05 9.99201E-05 9.99201E-05 9.99201E-05 9.99201E-05
0.0849127 0.0667935 0.05852 9.9973E-05 9.9973E-05 9.9973E-05 0.0790919 0.370681 0.252437 0.0872634
9.9946E-05 0.0451623 0.87778 9.9946E-05 9.9946E-05 0.0752603 0.00119724 9.9946E-05 9.9946E-05 9.9946E-05
9.99201E-05 9.99201E-05 0.999101 9.99201E-05 9.99201E-05 9.99201E-05 9.99201E-05 9.99201E-05 9.99201E-05 9.99201E-05
9.9955E-05 9.9955E-05 0.913217 9.9955E-05 9.9955E-05 0.014302 0.00860538 0.0599347 0.00344117 9.9955E-05
9.99371E-05 9.99371E-05 9.99371E-05 9.99371E-05 9.99371E-05 9.99371E-05 0.013229 0.979927 0.00614404 9.99371E-05
9.9928E-05 9.9928E-05 9.9928E-05 9.9928E-05 9.9928E-05 9.9928E-05 9.9928E-05 0.972566 0.0266345 9.9928E-05
9.99201E-05 9.99201E-05 9.99201E-05 9.99201E-05 9.99201E-05 9.99201E-05 9.99201E-05 0.999101 9.99201E-05 9.99201E-05
9.9928E-05 9.9928E-05 9.9928E-05 9.9928E-05 9.9928E-05 9.9928E-05 9.9928E-05 0.984671 0.0145299 9.9928E-05
0.0508171 0.047808 0.0419074 9.9964E-05 9.9964E-05 0.0237139 9.9964E-05 0.67801 0.157344 9.9964E-05
9.9964E-05 0.0979869 0.00249466 9.9964E-05 9.9964E-05 9.9964E-05 0.00309347 0.735682 0.00501243 0.15533
9.9973E-05 0.0289493 0.0492497 9.9973E-05 0.019047 0.0423932 9.9973E-05 0.697267 0.0552051 0.107589
9.9955E-05 0.0703754 0.00527139 9.9955E-05 9.9955E-05 9.9955E-05 9.9955E-05 0.826475 0.0912168 0.00616144
0.0455015 0.0383522 0.0828255 9.9946E-05 9.9946E-05 9.9946E-05 9.9946E-05 0.832721 9.9946E-05 9.9946E-05
0.0297169 0.0541946 0.0483141 9.9964E-05 0.020054 9.9964E-05 0.0192367 0.828084 9.9964E-05 9.9964E-05
0.0367002 0.0362747 0.064307 0.0176824 9.9982E-05 9.9982E-05 0.036229 0.697257 0.0398328 0.0715173
0.0224776 0.0695279 0.0744975 9.9973E-05 0.0121454 9.9973E-05 9.9973E-05 0.794556 0.0246936 0.00180211
0.045633 0.0538159 9.9982E-05 0.00875017 0.019649 0.0478333 0.0417233 0.707074 0.0753215 9.9982E-05
0.0331251 0.0308649 0.0422777 0.0222206 9.9991E-05 0.0613589 0.0336117 0.620159 0.10708 0.0492014
0.999101 9.99201E-05 9.99201E-05 9.99201E-05 9.99201E-05 9.99201E-05 9.99201E-05 9.99201E-05 9.99201E-05 9.99201E-05
0.0847905 0.0609638 0.130431 0.0665014 9.9982E-05 0.0358636 0.00563117 0.499578 0.11604 9.9982E-05
0.999101 9.99201E-05 9.99201E-05 9.99201E-05 9.99201E-05 9.99201E-05 9.99201E-05 9.99201E-05 9.99201E-05 9.99201E-05
0.999101 9.99201E-05 9.99201E-05 9.99201E-05 9.99201E-05 9.99201E-05 9.99201E-05 9.99201E-05 9.99201E-05 9.99201E-05
0.936296 0.0468948 0.0161099 9.99371E-05 9.99371E-05 9.99371E-05 9.99371E-05 9.99371E-05 9.99371E-05 9.99371E-05
0.790977 0.00342129 0.0379902 9.9973E-05 9.9973E-05 0.0205468 9.9973E-05 0.0113863 0.0390556 0.0963228
0.999101 9.99201E-05 9.99201E-05 9.99201E-05 9.99201E-05 9.99201E-05 9.99201E-05 9.99201E-05 9.99201E-05 9.99201E-05
0.881521 0.0186598 9.99461E-05 9.99461E-05 9.99461E-05 0.0427184 9.99461E-05 0.0565016 9.99461E-05 9.99461E-05
0.963005 0.0052637 9.9946E-05 0.0209029 9.9946E-05 9.9946E-05 0.0102283 9.9946E-05 9.9946E-05 9.9946E-05
0.956543 9.99371E-05 9.99371E-05 9.99371E-05 9.99371E-05 0.00140548 9.99371E-05 9.99371E-05 0.0413519 9.99371E-05
0.999101 9.99201E-05 9.99201E-05 9.99201E-05 9.99201E-05 9.99201E-05 9.99201E-05 9.99201E-05 9.99201E-05 9.99201E-05
0.961066 9.9937E-05 9.9937E-05 0.0128377 9.9937E-05 9.9937E-05 9.9937E-05 9.9937E-05 9.9937E-05 0.0253966
0.970737 9.99461E-05 9.99461E-05 0.000529822 0.0088132 9.99461E-05 9.99461E-05 9.99461E-05 0.0193199 9.99461E-05
0.807193 0.0023182 0.0478237 0.0319381 9.9982E-05 0.028476 0.0209671 0.00693343 0.0541503 9.9982E-05
0.956982 9.99371E-05 9.99371E-05 9.99371E-05 0.0342031 9.99371E-05 9.99371E-05 0.00811547 9.99371E-05 9.99371E-05
0.837266 9.9973E-05 0.017514 0.00576701 0.000169285 0.0854317 9.9973E-05 0.032433 0.0211186 9.9973E-05
0.888089 0.0251277 9.9964E-05 9.9964E-05 9.9964E-05 0.00929349 0.0483246 0.0273807 0.00138456 9.9964E-05
0.839071 0.0369085 0.00759359 0.00403125 0.00314555 0.0421158 0.0668346 9.9973E-05 9.9973E-05 9.9973E-05
0.918472 0.00843384 9.9964E-05 9.9964E-05 0.00199825 9.9964E-05 9.9964E-05 0.0214895 0.0394944 0.00971212
0.021122 0.0188344 9.9964E-05 9.9964E-05 9.9964E-05 0.0459393 0.0463999 0.0346476 0.832657 9.9964E-05
9.9955E-05 0.0189627 0.0115905 0.0321881 9.9955E-05 9.9955E-05 0.0425463 9.9955E-05 0.894213 9.9955E-05
9.99201E-05 9.99201E-05 9.99201E-05 9.99201E-05 9.99201E-05 9.99201E-05 9.99201E-05 9.99201E-05 0.999101 9.99201E-05
9.9946E-05 0.0115931 9.9946E-05 9.9946E-05 9.9946E-05 9.9946E-05 0.0287622 9.9946E-05 0.949626 0.00941916
9.99201E-05 9.99201E-05 9.99201E-05 9.99201E-05 9.99201E-05 9.99201E-05 9.99201E-05 9.99201E-05 0.999101 9.99201E-05
9.99201E-05 9.99201E-05 9.99201E-05 9.99201E-05 9.99201E-05 9.99201E-05 9.99201E-05 9.99201E-05 0.999101 9.99201E-05
9.99281E-05 9.99281E-05 9.99281E-05 9.99281E-05 9.99281E-05 0.018936 9.99281E-05 9.99281E-05 0.980265 9.99281E-05
9.9964E-05 0.118423 9.9964E-05 0.00509992 0.0788294 0.0575715 9.9964E-05 0.0241124 0.715564 9.9964E-05
0.00690312 9.99281E-05 9.99281E-05 9.99281E-05 9.99281E-05 9.99281E-05 9.99281E-05 9.99281E-05 0.992297 9.99281E-05
9.99201E-05 9.99201E-05 9.99201E-05 9.99201E-05 9.99201E-05 9.99201E-05 9.99201E-05 9.99201E-05 0.999101 9.99201E-05
9.9955E-05 0.0550352 0.0554681 0.00631472 0.00560693 9.9955E-05 9.9955E-05 9.9955E-05 0.877075 9.9955E-05
9.99201E-05 9.99201E-05 9.99201E-05 9.99201E-05 9.99201E-05 9.99201E-05 9.99201E-05 9.99201E-05 0.999101 9.99201E-05
0.123653 0.0377773 0.0218903 0.00600224 0.00271267 0.020775 9.9982E-05 0.0670302 0.71996 9.9982E-05
0.0263158 0.0585111 0.0352626 9.9991E-05 0.0335954 0.136409 0.295276 0.338443 0.0155279 0.0605597
0.038575 0.103985 0.0357692 0.0325189 0.0338687 0.131339 0.271107 0.273388 0.0137071 0.0657416
0.0937915 0.109337 0.0672981 9.9982E-05 0.0498779 0.139993 0.250458 0.280235 9.9982E-05 0.0088084
0.0562125 0.126255 0.0405055 9.9982E-05 0.0573443 0.163007 0.266239 0.266812 9.9982E-05 0.023425
0.00251245 0.921875 9.9964E-05 0.0136965 0.00578505 9.9964E-05 9.9964E-05 9.9964E-05 0.0497204 0.00601083
9.99201E-05 0.999101 9.99201E-05 9.99201E-05 9.99201E-05 9.99201E-05 9.99201E-05 9.99201E-05 9.99201E-05 9.99201E-05
9.9937E-05 0.959293 9.9937E-05 9.9937E-05 0.00203284 9.9937E-05 9.9937E-05 0.037975 9.9937E-05 9.9937E-05
9.99201E-05 0.999101 9.99201E-05 9.99201E-05 9.99201E-05 9.99201E-05 9.99201E-05 9.99201E-05 9.99201E-05 9.99201E-05
9.9955E-05 0.954341 0.0181879 9.9955E-05 9.9955E-05 9.9955E-05 0.00695356 0.0179252 0.00209294 9.9955E-05
9.9937E-05 0.96934 9.9937E-05 9.9937E-05 9.9937E-05 9.9937E-05 0.0245828 0.00537753 9.9937E-05 9.9937E-05
0.0140421 0.922293 0.0174094 9.9973E-05 9.9973E-05 0.0196816 0.011062 0.000170133 0.0150419 9.9973E-05
0.0227183 0.750556 9.9973E-05 9.9973E-05 0.0166534 0.00132005 0.0644944 9.9973E-05 0.0458729 0.0980847
0.0335127 0.809301 9.9955E-05 9.9955E-05 0.0099484 0.0802585 9.9955E-05 9.9955E-05 9.9955E-05 0.0664801
9.99281E-05 9.99281E-05 9.99281E-05 9.99281E-05 9.99281E-05 9.99281E-05 0.975654 0.0235466 9.99281E-05 9.99281E-05
9.99201E-05 9.99201E-05 9.99201E-05 9.99201E-05 9.99201E-05 9.99201E-05 0.999101 9.99201E-05 9.99201E-05 9.99201E-05
9.99201E-05 9.99201E-05 9.99201E-05 9.99201E-05 9.99201E-05 9.99201E-05 0.999101 9.99201E-05 9.99201E-05 9.99201E-05
9.99201E-05 9.99201E-05 9.99201E-05 9.99201E-05 9.99201E-05 9.99201E-05 0.999101 9.99201E-05 9.99201E-05 9.99201E-05
9.99371E-05 9.99371E-05 9.99371E-05 9.99371E-05 9.99371E-05 9.99371E-05 0.981334 0.0111407 0.0068253 9.99371E-05
0.0188469 0.00961066 9.9964E-05 0.00429619 9.9964E-05 9.9964E-05 0.869237 0.090613 9.9964E-05 0.00699624
9.9946E-05 0.0198078 9.9946E-05 9.9946E-05 9.9946E-05 9.9946E-05 0.972844 9.9946E-05 0.00526867 0.00147972
9.99201E-05 9.99201E-05 9.99201E-05 9.99201E-05 9.99201E-05 9.99201E-05 0.999101 9.99201E-05 9.99201E-05 9.99201E-05
9.99371E-05 9.99371E-05 9.99371E-05 9.99371E-05 9.99371E-05 9.99371E-05 0.97934 9.99371E-05 0.00459122 0.0153697
9.9946E-05 9.9946E-05 0.003274 9.9946E-05 9.9946E-05 0.00526444 0.956394 9.9946E-05 0.0344675 9.9946E-05
9.99201E-05 9.99201E-05 9.99201E-05 9.99201E-05 9.99201E-05 9.99201E-05 0.999101 9.99201E-05 9.99201E-05 9.99201E-05
9.99201E-05 9.99201E-05 9.99201E-05 9.99201E-05 9.99201E-05 9.99201E-05 0.999101 9.99201E-05 9.99201E-05 9.99201E-05
