9.99201E-05 9.99201E-05 9.99201E-05 9.99201E-05 9.99201E-05 9.99201E-05 9.99201E-05 9.99201E-05 9.99201E-05 0.999101
9.9946E-05 9.9946E-05 0.0866374 9.9946E-05 9.9946E-05 9.9946E-05 9.9946E-05 0.619324 0.051783 0.241656
9.9946E-05 9.9946E-05 0.0716899 9.9946E-05 9.9946E-05 9.9946E-05 9.9946E-05 0.58708 0.101706 0.238925
9.99461E-05 0.0313555 9.99461E-05 0.0448787 9.99461E-05 9.99461E-05 9.99461E-05 0.737548 9.99461E-05 0.185618
0.0853614 9.9955E-05 9.9955E-05 0.121266 0.041322 9.9955E-05 9.9955E-05 0.655452 9.9955E-05 0.096099
9.9955E-05 9.9955E-05 0.0253021 0.187085 9.9955E-05 9.9955E-05 9.9955E-05 0.587607 0.0203853 0.179121
9.9937E-05 0.0325016 9.9937E-05 9.9937E-05 9.9937E-05 9.9937E-05 9.9937E-05 0.692701 9.9937E-05 0.274098
9.9955E-05 9.9955E-05 0.0159605 0.0581675 9.9955E-05 9.9955E-05 9.9955E-05 0.559091 0.0901768 0.276105
0.0231134 9.9964E-05 0.018049 0.0454379 9.9964E-05 9.9964E-05 9.9964E-05 0.692867 0.0391578 0.180975
9.99201E-05 9.99201E-05 9.99201E-05 9.99201E-05 9.99201E-05 9.99201E-05 9.99201E-05 9.99201E-05 9.99201E-05 0.999101
9.99201E-05 9.99201E-05 9.99201E-05 9.99201E-05 9.99201E-05 9.99201E-05 9.99201E-05 9.99201E-05 9.99201E-05 0.999101
9.99201E-05 9.99201E-05 9.99201E-05 9.99201E-05 9.99201E-05 9.99201E-05 9.99201E-05 9.99201E-05 9.99201E-05 0.999101
9.9928E-05 9.9928E-05 0.00365712 9.9928E-05 9.9928E-05 9.9928E-05 9.9928E-05 9.9928E-05 9.9928E-05 0.995543
0.0143699 0.000720676 9.9955E-05 9.9955E-05 0.0513291 9.9955E-05 9.9955E-05 0.000129657 9.9955E-05 0.932951
9.9946E-05 9.9946E-05 9.9946E-05 0.0270361 9.9946E-05 9.9946E-05 0.0146312 9.9946E-05 0.00911282 0.94862
9.9955E-05 9.9955E-05 9.9955E-05 0.355156 9.9955E-05 9.9955E-05 0.0155604 0.434626 0.00223597 0.191922
9.9982E-05 0.150406 0.0335573 0.0363259 0.113433 0.0222468 9.9982E-05 0.300046 0.1255 0.218285
9.9973E-05 0.0239018 9.9973E-05 0.0354375 9.9973E-05 0.0322881 0.0209036 0.718622 0.00177758 0.16677
0.020553 9.9946E-05 9.9946E-05 0.0378485 0.070664 9.9946E-05 9.9946E-05 0.870335 9.9946E-05 9.9946E-05
9.9946E-05 9.9946E-05 0.0122245 9.9946E-05 0.054064 9.9946E-05 0.0327776 0.900334 9.9946E-05 9.9946E-05
0.0209479 9.9946E-05 9.9946E-05 9.9946E-05 9.9946E-05 0.094565 9.9946E-05 0.863043 9.9946E-05 0.0208445
0.0072366 0.0127773 9.9973E-05 0.0578899 0.0963479 9.9973E-05 0.0196662 0.748639 0.0571429 9.9973E-05
0.0155507 0.0419264 9.9973E-05 9.9973E-05 0.0798722 0.0388001 0.00659703 0.801283 0.0156709 9.9973E-05
9.9955E-05 9.9955E-05 0.0176602 9.9955E-05 0.0586348 9.9955E-05 0.00774971 0.908588 9.9955E-05 0.006867
9.9955E-05 0.0761909 0.00427412 9.9955E-05 0.000398363 9.9955E-05 0.0341522 0.884485 9.9955E-05 9.9955E-05
0.0543245 9.9973E-05 9.9973E-05 0.102226 0.00347828 0.161102 0.0436232 0.632225 0.00272077 9.9973E-05
0.108276 0.00464438 0.000985916 0.0450801 0.0363128 0.0143306 0.00508363 0.702892 0.0822949 9.9991E-05
9.9946E-05 9.9946E-05 9.9946E-05 0.0544698 9.9946E-05 9.9946E-05 0.00740246 0.892704 0.0448244 9.9946E-05
0.0121746 0.009446 9.9982E-05 0.043972 0.0187368 0.0778139 0.0390311 0.773652 9.9982E-05 0.0249736
0.00158159 0.000596163 9.9955E-05 9.9955E-05 9.9955E-05 0.077481 9.9955E-05 0.877629 9.9955E-05 0.0422121
0.0363568 9.9973E-05 0.0127594 9.9973E-05 0.0154623 0.0245843 0.00224228 0.902945 9.9973E-05 0.00534961
0.0483105 0.0888764 9.99588E-05 9.99588E-05 9.99588E-05 0.0493503 0.0533637 0.759599 9.99588E-05 9.99588E-05
0.0126658 9.9964E-05 0.00444656 9.9964E-05 0.0117968 0.179312 9.9964E-05 0.726589 0.0647898 9.9964E-05
9.9973E-05 0.0451763 9.9973E-05 0.00614218 9.9973E-05 0.147827 0.112865 0.610946 0.0387377 0.0380052
0.0256827 0.0211138 9.9964E-05 9.9964E-05 0.149185 9.9964E-05 0.0169847 0.772481 0.0141523 9.9964E-05
9.9946E-05 9.9946E-05 9.9946E-05 0.0142997 9.9946E-05 0.0347745 9.9946E-05 0.900297 9.9946E-05 0.0500293
0.00661326 0.150352 9.9964E-05 0.151975 0.0559604 0.117089 9.9964E-05 0.517611 9.9964E-05 9.9964E-05
0.045369 9.9964E-05 9.9964E-05 0.113063 0.0146931 0.310578 9.9964E-05 0.49725 0.0186466 9.9964E-05
0.0512388 0.0516098 0.0668429 0.0488788 0.0301854 0.157115 9.9991E-05 0.547 0.046677 0.000352957
0.037448 0.0755014 9.9955E-05 9.9955E-05 0.000511222 0.330265 9.9955E-05 0.555775 9.9955E-05 9.9955E-05
0.0203031 9.9955E-05 0.0237412 0.891995 9.9955E-05 0.0478237 9.9955E-05 0.0156368 9.9955E-05 9.9955E-05
0.0378553 0.0152885 9.9982E-05 0.793209 0.0312017 9.9982E-05 0.0458287 0.0184718 0.0541161 0.00382875
9.9964E-05 9.9964E-05 0.0142369 0.666835 9.9964E-05 9.9964E-05 0.0439478 0.204411 0.0434501 0.0267186
0.00837627 9.9946E-05 9.9946E-05 0.920841 9.9946E-05 9.9946E-05 0.0287706 0.0414126 9.9946E-05 9.9946E-05
0.0531925 0.118154 9.9973E-05 0.270422 9.9973E-05 0.169441 0.0626472 0.249697 0.0761463 9.9973E-05
9.99201E-05 0.999101 9.99201E-05 9.99201E-05 9.99201E-05 9.99201E-05 9.99201E-05 9.99201E-05 9.99201E-05 9.99201E-05
9.99201E-05 0.999101 9.99201E-05 9.99201E-05 9.99201E-05 9.99201E-05 9.99201E-05 9.99201E-05 9.99201E-05 9.99201E-05
0.0330502 0.0986627 9.9982E-05 0.324788 0.0315971 0.0398143 0.0556553 0.40976 0.00647278 9.9982E-05
0.0778148 0.163601 9.9982E-05 0.289821 9.9982E-05 0.0799012 0.114101 0.18352 0.0295176 0.0615239
0.000320206 0.0724217 0.0263967 0.242863 0.0148264 0.0272593 0.0696561 0.419814 0.0489814 0.0774618
0.0422992 0.200881 9.9973E-05 0.151587 9.9973E-05 0.271233 9.9973E-05 0.270404 0.0458244 0.0174717
0.0208833 0.187995 9.9991E-05 0.40184 0.0153779 0.125653 0.0143637 0.195831 0.0337493 0.00420681
0.0461559 0.877372 9.9955E-05 9.9955E-05 0.00748652 0.046994 9.9955E-05 9.9955E-05 0.0214914 9.9955E-05
0.0380757 0.147589 9.9982E-05 0.0883203 0.0421966 0.413498 0.0254152 0.204448 9.9982E-05 0.0402576
0.0413729 0.173073 0.0207107 0.0244491 0.0108986 0.380027 0.0471142 0.229362 9.9991E-05 0.0728938
9.9964E-05 0.145369 0.0322374 0.455905 9.9964E-05 9.9964E-05 0.0736618 0.184943 0.107485 9.9964E-05
0.0619667 0.192576 0.00973116 0.182969 9.9991E-05 0.184916 0.0122803 0.190579 0.0983655 0.0665169
0.0590591 0.0909566 0.00927517 0.36902 0.0450679 0.0926714 0.0472098 0.286541 9.9982E-05 9.9982E-05
9.99201E-05 0.999101 9.99201E-05 9.99201E-05 9.99201E-05 9.99201E-05 9.99201E-05 9.99201E-05 9.99201E-05 9.99201E-05
0.0671161 0.149489 0.00511186 0.250568 9.9973E-05 0.188837 9.9973E-05 0.304014 9.9973E-05 0.034564
0.0722293 0.556766 0.0234843 0.0302565 0.0267469 9.9973E-05 0.111146 0.179071 9.9973E-05 9.9973E-05
9.9973E-05 0.0850443 0.00728879 0.547293 9.9973E-05 0.111308 0.106068 0.127524 9.9973E-05 0.0151738
0.00238292 0.0147764 0.00857249 0.584218 0.0358089 0.128888 9.9982E-05 0.154554 0.0705994 9.9982E-05
9.9946E-05 9.9946E-05 0.00759087 0.949492 0.0410264 9.9946E-05 0.00129153 9.9946E-05 9.9946E-05 9.9946E-05
0.0610775 0.150378 9.9973E-05 0.434426 9.9973E-05 0.125865 0.0562671 0.155692 9.9973E-05 0.0159944
0.004906 9.9937E-05 9.9937E-05 0.990907 0.00348736 9.9937E-05 9.9937E-05 9.9937E-05 9.9937E-05 9.9937E-05
9.9946E-05 0.0306955 0.00172687 0.738202 9.9946E-05 0.228775 9.9946E-05 9.9946E-05 9.9946E-05 9.9946E-05
0.00992757 9.9946E-05 9.9946E-05 0.865198 0.0984568 9.9946E-05 0.0258179 9.9946E-05 9.9946E-05 9.9946E-05
0.0183137 0.0148064 0.0104831 0.525374 0.0251355 0.0856369 0.0133821 0.300655 0.00611377 9.9991E-05
9.99201E-05 9.99201E-05 9.99201E-05 0.999101 9.99201E-05 9.99201E-05 9.99201E-05 9.99201E-05 9.99201E-05 9.99201E-05
9.9982E-05 0.170195 0.0588658 0.488465 9.9982E-05 0.027351 0.0247973 0.123155 0.0547364 0.0522343
9.9982E-05 0.0926714 0.0217523 0.487622 0.0185891 0.234224 0.0212035 0.0789629 0.0447744 9.9982E-05
9.9964E-05 0.0140449 9.9964E-05 0.782418 9.9964E-05 0.1058 9.9964E-05 0.00436817 0.00471213 0.0882575
0.0685794 0.0273414 9.9964E-05 0.787637 9.9964E-05 0.068212 9.9964E-05 0.000134419 9.9964E-05 0.0476954
9.9973E-05 0.0598351 9.9973E-05 0.460587 0.0609511 0.282774 0.0643889 0.017729 9.9973E-05 0.0534348
0.0780528 0.0863901 9.9955E-05 0.645514 9.9955E-05 0.167552 9.9955E-05 0.0219913 9.9955E-05 9.9955E-05
0.0283628 0.0157742 0.0334439 0.825739 9.9964E-05 0.0808987 9.9964E-05 9.9964E-05 0.0153815 9.9964E-05
9.9973E-05 0.0152687 0.0984441 0.613135 0.0798439 0.109664 0.0242238 0.0591208 9.9973E-05 9.9973E-05
0.0391515 9.9964E-05 9.9964E-05 9.9964E-05 0.014646 0.875582 9.9964E-05 0.0297636 0.0342641 0.00619313
9.9928E-05 9.9928E-05 9.9928E-05 0.00817017 9.9928E-05 0.99103 9.9928E-05 9.9928E-05 9.9928E-05 9.9928E-05
9.9946E-05 0.0218993 9.9946E-05 0.0131222 9.9946E-05 0.938914 9.9946E-05 9.9946E-05 9.9946E-05 0.0254648
9.99281E-05 9.99281E-05 9.99281E-05 9.99281E-05 9.99281E-05 0.973416 9.99281E-05 9.99281E-05 9.99281E-05 0.0257849
9.9937E-05 9.9937E-05 9.9937E-05 0.00485292 9.9937E-05 0.976192 9.9937E-05 9.9937E-05 0.0182559 9.9937E-05
0.0653065 9.9964E-05 0.063223 0.271807 9.9964E-05 0.410567 0.0868379 0.101858 9.9964E-05 9.9964E-05
0.0126492 0.0610569 0.141739 0.216271 0.0293908 0.474717 9.9982E-05 0.0581108 9.9982E-05 0.00586598
9.999E-05 0.0396685 0.0984285 0.215743 0.00762905 0.431734 0.0250984 0.0617357 0.1077 0.0121627
0.0424616 0.0170471 0.0362167 0.140075 0.00131027 0.381687 0.0787941 0.172405 0.0916086 0.0383945
0.0243016 9.9964E-05 0.0593113 0.234488 9.9964E-05 0.467647 0.058827 0.155025 9.9964E-05 9.9964E-05
0.0379067 0.0731856 0.0598107 0.348069 0.0476553 0.380304 9.9982E-05 0.000398426 0.0524707 9.9982E-05
0.0993432 9.9982E-05 0.0553087 0.255771 9.9982E-05 0.341187 0.102446 0.0650551 0.0742428 0.00644572
9.999E-05 0.136359 0.0928031 0.167491 0.209903 0.184345 0.0311691 0.0966179 0.0559926 0.0252188
9.999E-05 0.226843 0.0816819 0.132328 0.163769 0.192136 0.062111 0.0447581 0.052948 0.0433251
0.151352 0.0692563 0.155815 0.0921057 9.9991E-05 0.338914 0.049976 0.0399121 0.0810501 0.0215186
9.99281E-05 9.99281E-05 0.977188 9.99281E-05 9.99281E-05 0.0220131 9.99281E-05 9.99281E-05 9.99281E-05 9.99281E-05
9.9964E-05 0.0347971 0.902668 0.00348766 0.00401877 0.0336016 9.9964E-05 9.9964E-05 9.9964E-05 0.021027
9.9973E-05 0.00257751 0.838528 0.0826974 0.0457397 9.9973E-05 0.0170342 0.0122703 9.9973E-05 0.0008533
9.99281E-05 9.99281E-05 0.997648 9.99281E-05 9.99281E-05 9.99281E-05 9.99281E-05 9.99281E-05 0.00155235 9.99281E-05
9.99201E-05 9.99201E-05 0.999101 9.99201E-05 9.99201E-05 9.99201E-05 9.99201E-05 9.99201E-05 9.99201E-05 9.99201E-05
9.99201E-05 9.99201E-05 0.999101 9.99201E-05 9.99201E-05 9.99201E-05 9.99201E-05 9.99201E-05 9.99201E-05 9.99201E-05
9.99201E-05 9.99201E-05 0.999101 9.99201E-05 9.99201E-05 9.99201E-05 9.99201E-05 9.99201E-05 9.99201E-05 9.99201E-05
0.0187673 9.9946E-05 0.916635 9.9946E-05 9.9946E-05 9.9946E-05 0.0175725 0.046425 9.9946E-05 9.9946E-05
0.0104015 9.99281E-05 0.988799 9.99281E-05 9.99281E-05 9.99281E-05 9.99281E-05 9.99281E-05 9.99281E-05 9.99281E-05
9.99201E-05 9.99201E-05 0.999101 9.99201E-05 9.99201E-05 9.99201E-05 9.99201E-05 9.99201E-05 9.99201E-05 9.99201E-05
0.0597793 0.0168452 0.0562958 0.0656223 0.062437 0.396938 0.208955 0.0467083 0.0820364 0.00438225
0.000975199 0.0208062 0.872362 0.0800139 0.0253427 9.9955E-05 9.9955E-05 9.9955E-05 9.9955E-05 9.9955E-05
9.99201E-05 9.99201E-05 0.999101 9.99201E-05 9.99201E-05 9.99201E-05 9.99201E-05 9.99201E-05 9.99201E-05 9.99201E-05
9.99597E-05 0.00122679 0.979711 9.99597E-05 0.00663369 0.00707348 9.99597E-05 9.99597E-05 9.99597E-05 0.00485518
9.99281E-05 9.99281E-05 9.99281E-05 9.99281E-05 9.99281E-05 0.974319 0.0248815 9.99281E-05 9.99281E-05 9.99281E-05
9.99281E-05 9.99281E-05 9.99281E-05 9.99281E-05 9.99281E-05 0.955486 0.043715 9.99281E-05 9.99281E-05 9.99281E-05
9.99201E-05 9.99201E-05 9.99201E-05 9.99201E-05 9.99201E-05 0.999101 9.99201E-05 9.99201E-05 9.99201E-05 9.99201E-05
9.9937E-05 9.9937E-05 9.9937E-05 9.9937E-05 9.9937E-05 0.993861 0.00173514 9.9937E-05 0.00370458 9.9937E-05
0.0213573 0.0106354 0.0424602 9.9973E-05 0.00421208 0.748373 0.124078 9.9973E-05 0.0485844 9.9973E-05
0.00195992 9.9955E-05 9.9955E-05 9.9955E-05 0.0964994 0.70999 0.0538515 0.1372 9.9955E-05 9.9955E-05
0.000195405 0.0272113 0.0467821 9.9973E-05 0.0413435 0.82908 0.0299994 0.0250888 9.9973E-05 9.9973E-05
9.9955E-05 0.0064382 0.0252818 9.9955E-05 0.0646362 0.813141 0.0900031 9.9955E-05 9.9955E-05 9.9955E-05
9.9946E-05 9.9946E-05 0.0767723 9.9946E-05 0.0397849 0.868478 9.9946E-05 9.9946E-05 0.0143652 9.9946E-05
9.9946E-05 9.9946E-05 0.0780686 9.9946E-05 0.0339402 0.872223 9.9946E-05 9.9946E-05 0.0151685 9.9946E-05
0.0670799 9.9982E-05 0.0118857 0.0675894 0.0457716 0.672469 0.0522038 0.0513462 0.0314549 9.9982E-05
0.0173785 9.9955E-05 0.085465 9.9955E-05 0.104013 0.760688 9.9955E-05 0.031955 9.9955E-05 9.9955E-05
0.0310375 0.0491743 9.9982E-05 0.0130223 0.0266081 0.702911 0.0906956 9.9982E-05 0.0691223 0.0172285
0.0681456 0.0118759 0.0436759 0.0639789 0.0341893 0.636037 0.0851584 0.0230343 0.033805 9.9991E-05
9.9955E-05 9.9955E-05 9.9955E-05 0.036739 0.0171277 0.00641314 0.93537 9.9955E-05 0.00385005 9.9955E-05
0.05233 9.9964E-05 0.0144196 9.9964E-05 0.0359321 9.9964E-05 0.872807 0.0156313 9.9964E-05 0.00847987
9.9928E-05 9.9928E-05 9.9928E-05 9.9928E-05 9.9928E-05 0.0265577 0.972643 9.9928E-05 9.9928E-05 9.9928E-05
9.9928E-05 0.0340864 9.9928E-05 9.9928E-05 9.9928E-05 9.9928E-05 0.965114 9.9928E-05 9.9928E-05 9.9928E-05
9.99201E-05 9.99201E-05 9.99201E-05 9.99201E-05 9.99201E-05 9.99201E-05 0.999101 9.99201E-05 9.99201E-05 9.99201E-05
9.9928E-05 9.9928E-05 9.9928E-05 9.9928E-05 9.9928E-05 0.00546202 0.993739 9.9928E-05 9.9928E-05 9.9928E-05
0.00134511 9.99281E-05 9.99281E-05 9.99281E-05 9.99281E-05 9.99281E-05 0.997855 9.99281E-05 9.99281E-05 9.99281E-05
9.9955E-05 9.9955E-05 0.00727642 0.108306 0.101453 9.9955E-05 0.709837 9.9955E-05 9.9955E-05 0.0726278
9.99281E-05 9.99281E-05 9.99281E-05 9.99281E-05 9.99281E-05 9.99281E-05 0.964823 9.99281E-05 0.0343774 9.99281E-05
9.99201E-05 9.99201E-05 9.99201E-05 9.99201E-05 9.99201E-05 9.99201E-05 0.999101 9.99201E-05 9.99201E-05 9.99201E-05
9.99551E-05 9.99551E-05 0.0435083 0.00186798 0.0703789 9.99551E-05 0.852123 9.99551E-05 9.99551E-05 0.0316217
9.99201E-05 9.99201E-05 9.99201E-05 9.99201E-05 9.99201E-05 9.99201E-05 0.999101 9.99201E-05 9.99201E-05 9.99201E-05
0.00915692 9.9973E-05 9.9973E-05 0.138525 0.0493986 0.0103233 0.730613 9.9973E-05 0.0611458 0.000537581
9.99281E-05 9.99281E-05 9.99281E-05 9.99281E-05 9.99281E-05 9.99281E-05 0.00676861 9.99281E-05 0.992432 9.99281E-05
0.0224876 0.027693 0.131759 0.0757582 0.0447151 0.538277 0.0842571 0.019048 0.0559057 9.9991E-05
9.99201E-05 9.99201E-05 9.99201E-05 9.99201E-05 9.99201E-05 9.99201E-05 9.99201E-05 9.99201E-05 0.999101 9.99201E-05
9.99201E-05 9.99201E-05 9.99201E-05 9.99201E-05 9.99201E-05 9.99201E-05 9.99201E-05 9.99201E-05 0.999101 9.99201E-05
9.99371E-05 9.99371E-05 0.0323432 9.99371E-05 0.0738733 9.99371E-05 9.99371E-05 9.99371E-05 0.893084 9.99371E-05
0.0134694 9.9973E-05 9.9973E-05 0.027577 0.0211835 0.0712207 0.0128066 0.0467121 0.806731 9.9973E-05
9.99201E-05 9.99201E-05 9.99201E-05 9.99201E-05 9.99201E-05 9.99201E-05 9.99201E-05 9.99201E-05 0.999101 9.99201E-05
0.0200831 0.0464407 9.9964E-05 9.9964E-05 0.0141679 0.025671 0.00881998 9.9964E-05 0.884418 9.9964E-05
9.99281E-05 9.99281E-05 9.99281E-05 9.99281E-05 0.0115864 9.99281E-05 9.99281E-05 9.99281E-05 0.987614 9.99281E-05
9.99371E-05 0.0205525 9.99371E-05 9.99371E-05 9.99371E-05 9.99371E-05 0.0336016 9.99371E-05 0.945146 9.99371E-05
9.99201E-05 9.99201E-05 9.99201E-05 9.99201E-05 9.99201E-05 9.99201E-05 9.99201E-05 9.99201E-05 0.999101 9.99201E-05
0.0173456 0.0230672 0.00610429 9.9946E-05 9.9946E-05 9.9946E-05 9.9946E-05 9.9946E-05 0.952883 9.9946E-05
0.0108475 0.0015082 0.00528307 9.9964E-05 9.9964E-05 9.9964E-05 0.00520699 0.00409852 0.972656 9.9964E-05
0.0700895 0.00485951 0.0286811 9.9964E-05 9.9964E-05 0.0137597 0.0865274 9.9964E-05 0.795683 9.9964E-05
9.9946E-05 9.9946E-05 0.00482216 9.9946E-05 0.0184864 9.9946E-05 9.9946E-05 9.9946E-05 0.943854 0.0322381
9.9964E-05 0.0182491 0.0231063 0.015169 0.00798307 9.9964E-05 0.0286106 9.9964E-05 0.906482 9.9964E-05
0.0197966 0.00385504 9.9964E-05 0.0205659 0.0300981 0.0308429 9.9964E-05 9.9964E-05 0.894442 9.9964E-05
0.0194143 0.0405676 9.9955E-05 0.0542615 9.9955E-05 9.9955E-05 9.9955E-05 9.9955E-05 0.851449 0.0338079
9.99281E-05 9.99281E-05 9.99281E-05 9.99281E-05 9.99281E-05 9.99281E-05 0.0264969 9.99281E-05 0.972704 9.99281E-05
0.259275 9.9982E-05 0.060768 0.193121 0.10765 0.301343 0.00880408 9.9982E-05 0.0284403 0.0403993
0.273767 9.9982E-05 0.0300217 0.18737 0.117482 0.260934 0.0354199 9.9982E-05 0.0638112 0.0309938
0.257128 9.9982E-05 0.0303949 0.274922 0.132608 0.213588 0.00375368 9.9982E-05 0.0383137 0.0490914
0.257912 9.9973E-05 0.0172796 0.246107 0.12948 0.280751 9.9973E-05 9.9973E-05 0.0140372 0.0541331
0.0204436 9.9955E-05 9.9955E-05 0.0381478 0.891364 9.9955E-05 0.0472946 9.9955E-05 9.9955E-05 0.00225023
9.99201E-05 9.99201E-05 9.99201E-05 9.99201E-05 0.999101 9.99201E-05 9.99201E-05 9.99201E-05 9.99201E-05 9.99201E-05
9.9955E-05 9.9955E-05 0.00455504 0.0138083 0.950033 9.9955E-05 0.0055657 9.9955E-05 0.0255382 9.9955E-05
9.99201E-05 9.99201E-05 9.99201E-05 9.99201E-05 0.999101 9.99201E-05 9.99201E-05 9.99201E-05 9.99201E-05 9.99201E-05
0.0116639 9.9946E-05 0.00523397 9.9946E-05 0.961208 0.0212947 9.9946E-05 9.9946E-05 9.9946E-05 9.9946E-05
0.0297103 9.99642E-05 0.0165172 9.99642E-05 0.929659 0.00825548 0.00472355 9.99642E-05 0.0107342 9.99642E-05
0.0236602 0.0043574 0.0198466 9.9955E-05 0.93372 0.0179162 9.9955E-05 9.9955E-05 9.9955E-05 9.9955E-05
0.00632679 9.9964E-05 9.9964E-05 9.9964E-05 0.710379 0.100495 9.9964E-05 0.0604363 0.090563 0.0314005
0.0193091 0.0145572 9.9982E-05 0.0320087 0.814473 0.0335939 0.00946429 0.0552266 9.9982E-05 0.0211671
0.968641 0.00309501 9.9946E-05 9.9946E-05 9.9946E-05 0.0179281 0.00973609 9.9946E-05 9.9946E-05 9.9946E-05
0.999101 9.99201E-05 9.99201E-05 9.99201E-05 9.99201E-05 9.99201E-05 9.99201E-05 9.99201E-05 9.99201E-05 9.99201E-05
0.999101 9.99201E-05 9.99201E-05 9.99201E-05 9.99201E-05 9.99201E-05 9.99201E-05 9.99201E-05 9.99201E-05 9.99201E-05
0.999101 9.99201E-05 9.99201E-05 9.99201E-05 9.99201E-05 9.99201E-05 9.99201E-05 9.99201E-05 9.99201E-05 9.99201E-05
0.999101 9.99201E-05 9.99201E-05 9.99201E-05 9.99201E-05 9.99201E-05 9.99201E-05 9.99201E-05 9.99201E-05 9.99201E-05
0.846865 9.9973E-05 0.0032461 0.0805393 0.0181269 0.0092546 9.9973E-05 0.0303839 0.0112839 9.9973E-05
0.999101 9.99201E-05 9.99201E-05 9.99201E-05 9.99201E-05 9.99201E-05 9.99201E-05 9.99201E-05 9.99201E-05 9.99201E-05
0.999101 9.99201E-05 9.99201E-05 9.99201E-05 9.99201E-05 9.99201E-05 9.99201E-05 9.99201E-05 9.99201E-05 9.99201E-05
0.995583 9.99281E-05 9.99281E-05 9.99281E-05 9.99281E-05 9.99281E-05 9.99281E-05 9.99281E-05 9.99281E-05 0.00361782
0.915448 0.0138991 0.00496599 0.0297406 9.9964E-05 9.9964E-05 0.0210169 9.9964E-05 0.0145295 9.9964E-05
0.999101 9.99201E-05 9.99201E-05 9.99201E-05 9.99201E-05 9.99201E-05 9.99201E-05 9.99201E-05 9.99201E-05 9.99201E-05
0.999101 9.99201E-05 9.99201E-05 9.99201E-05 9.99201E-05 9.99201E-05 9.99201E-05 9.99201E-05 9.99201E-05 9.99201E-05
