9.993E-05 9.993E-05 9.993E-05 9.993E-05 0.999201 9.993E-05 9.993E-05 9.993E-05 9.993E-05
9.9964E-05 0.0861877 9.9964E-05 9.9964E-05 0.765768 0.0813543 0.012178 9.9964E-05 0.054112
9.993E-05 9.993E-05 9.993E-05 9.993E-05 9.993E-05 0.999201 9.993E-05 9.993E-05 9.993E-05
0.0699875 9.9955E-05 9.9955E-05 0.0621439 9.9955E-05 0.860233 0.00713589 9.9955E-05 9.9955E-05
9.9964E-05 0.0279453 9.9964E-05 0.104024 0.737189 0.0736309 9.9964E-05 9.9964E-05 0.0568102
0.0951213 9.99465E-05 9.99465E-05 9.99465E-05 0.896021 0.00825769 9.99465E-05 9.99465E-05 9.99465E-05
9.9955E-05 9.9955E-05 0.0769812 0.0498084 0.868937 9.9955E-05 9.9955E-05 9.9955E-05 0.00377368
0.0666439 9.9955E-05 0.0414173 9.9955E-05 0.881192 9.9955E-05 0.0102467 9.9955E-05 9.9955E-05
0.0423815 9.9955E-05 9.9955E-05 0.279006 0.358705 0.319408 9.9955E-05 9.9955E-05 9.9955E-05
9.9973E-05 9.9973E-05 0.0203902 9.9973E-05 0.334387 0.229083 0.0726377 0.272082 0.0711196
9.993E-05 0.999201 9.993E-05 9.993E-05 9.993E-05 9.993E-05 9.993E-05 9.993E-05 9.993E-05
9.993E-05 9.993E-05 0.999201 9.993E-05 9.993E-05 9.993E-05 9.993E-05 9.993E-05 9.993E-05
9.9955E-05 0.659465 0.222466 9.9955E-05 0.0327901 0.0847798 9.9955E-05 9.9955E-05 9.9955E-05
0.0396432 9.9946E-05 0.94381 9.9946E-05 9.9946E-05 9.9946E-05 0.0159474 9.9946E-05 9.9946E-05
0.00248531 0.402682 0.327932 9.9973E-05 9.9973E-05 0.0670385 0.0550975 0.144465 9.9973E-05
0.438779 0.112319 0.44702 9.9955E-05 9.9955E-05 9.9955E-05 0.00138214 9.9955E-05 9.9955E-05
0.69018 0.30912 9.9937E-05 9.9937E-05 9.9937E-05 9.9937E-05 9.9937E-05 9.9937E-05 9.9937E-05
0.525247 9.9964E-05 0.0962879 9.9964E-05 9.9964E-05 0.0493235 9.9964E-05 0.212096 0.116646
0.0442547 0.0807875 0.72043 0.0137352 9.9982E-05 9.9982E-05 0.0253405 0.104344 0.0109087
0.958366 9.9937E-05 9.9937E-05 9.9937E-05 9.9937E-05 0.040934 9.9937E-05 9.9937E-05 9.9937E-05
0.598001 0.0414219 0.107291 9.9964E-05 9.9964E-05 0.124147 9.9964E-05 9.9964E-05 0.128738
0.201178 0.323477 9.9955E-05 9.9955E-05 0.335709 9.9955E-05 9.9955E-05 0.139137 9.9955E-05
9.993E-05 0.999201 9.993E-05 9.993E-05 9.993E-05 9.993E-05 9.993E-05 9.993E-05 9.993E-05
0.999201 9.993E-05 9.993E-05 9.993E-05 9.993E-05 9.993E-05 9.993E-05 9.993E-05 9.993E-05
0.119523 0.0856168 0.611425 9.9982E-05 9.9982E-05 0.00126494 0.0136606 0.11202 0.05629
9.9937E-05 9.9937E-05 0.939972 9.9937E-05 9.9937E-05 9.9937E-05 9.9937E-05 9.9937E-05 0.0593284
0.0694418 0.299231 0.203599 0.366281 9.9973E-05 0.0118732 9.9973E-05 0.0492746 9.9973E-05
9.9973E-05 0.251308 0.243696 9.9973E-05 0.0149391 0.0617286 0.0151428 9.9973E-05 0.412885
9.9964E-05 0.0719652 0.590727 9.9964E-05 0.00747043 9.9964E-05 9.9964E-05 0.054756 0.274681
9.9946E-05 0.725321 0.0804789 9.9946E-05 9.9946E-05 9.9946E-05 9.9946E-05 9.9946E-05 0.1936
9.9955E-05 9.9955E-05 9.9955E-05 0.172112 9.9955E-05 0.182183 9.9955E-05 0.298293 0.346913
9.9973E-05 9.9973E-05 0.0930803 0.258871 0.0673088 0.12697 9.9973E-05 0.220893 0.232576
9.9955E-05 9.9955E-05 0.0775351 0.0248653 9.9955E-05 9.9955E-05 9.9955E-05 0.832957 0.0641429
0.0425216 0.0087505 9.9964E-05 0.272907 0.00416245 9.9964E-05 9.9964E-05 0.671259 9.9964E-05
0.0179763 0.00135939 0.210903 9.9973E-05 9.9973E-05 0.0150364 0.000425915 0.753999 9.9973E-05
9.99371E-05 9.99371E-05 9.99371E-05 9.99371E-05 9.99371E-05 9.99371E-05 0.00185684 0.997444 9.99371E-05
0.0431885 9.9955E-05 0.00210236 9.9955E-05 0.225995 9.9955E-05 9.9955E-05 0.728215 9.9955E-05
0.0190537 0.0940682 9.9946E-05 9.9946E-05 9.9946E-05 9.9946E-05 9.9946E-05 0.886278 9.9946E-05
9.9946E-05 0.010114 9.9946E-05 9.9946E-05 9.9946E-05 9.9946E-05 0.00208872 0.987198 9.9946E-05
9.9955E-05 0.128668 9.9955E-05 9.9955E-05 9.9955E-05 9.9955E-05 0.0272891 0.668056 0.175487
9.99371E-05 9.99371E-05 9.99371E-05 9.99371E-05 9.99371E-05 9.99371E-05 9.99371E-05 0.981316 0.017984
9.9973E-05 9.9973E-05 0.214265 0.114273 0.0428111 0.0279931 9.9973E-05 0.377824 0.222535
9.9955E-05 9.9955E-05 0.0892787 9.9955E-05 9.9955E-05 0.0233036 9.9955E-05 0.825513 0.0614049
0.00800357 0.0121551 0.0632178 0.115919 0.0142921 9.9991E-05 0.0151966 0.685937 0.0851789
9.9964E-05 0.166934 9.9964E-05 0.524909 9.9964E-05 0.00980007 9.9964E-05 0.0784423 0.219514
9.9955E-05 9.9955E-05 0.213849 0.655716 0.0130506 9.9955E-05 9.9955E-05 9.9955E-05 0.116884
0.0700571 9.9964E-05 9.9964E-05 0.758109 9.9964E-05 9.9964E-05 0.00360013 0.0679266 0.0999073
9.9937E-05 9.9937E-05 9.9937E-05 0.852167 9.9937E-05 9.9937E-05 9.9937E-05 9.9937E-05 0.147133
9.9964E-05 9.9964E-05 0.285999 0.443927 0.0250792 0.0564813 9.9964E-05 0.188114 9.9964E-05
9.997E-05 9.997E-05 0.0975594 0.457346 0.0484596 0.0487746 9.997E-05 0.264117 0.0834434
0.0370486 9.9955E-05 9.9955E-05 0.82337 9.9955E-05 0.00903947 9.9955E-05 9.9955E-05 0.130042
9.9937E-05 9.9937E-05 9.9937E-05 0.994739 0.00456113 9.9937E-05 9.9937E-05 9.9937E-05 9.9937E-05
0.0174029 9.9946E-05 9.9946E-05 0.959771 9.9946E-05 9.9946E-05 9.9946E-05 9.9946E-05 0.0222263
9.9964E-05 0.0618428 9.9964E-05 0.764941 9.9964E-05 9.9964E-05 0.00227851 0.10184 0.0686979
9.9955E-05 9.9955E-05 0.0128798 0.744229 9.9955E-05 9.9955E-05 9.9955E-05 0.185193 0.057198
9.9955E-05 9.9955E-05 9.9955E-05 0.863952 9.9955E-05 0.0105016 0.0599205 9.9955E-05 0.0651259
9.9955E-05 9.9955E-05 0.0486227 9.9955E-05 0.0363663 9.9955E-05 9.9955E-05 0.0588551 0.855656
0.0411852 9.9973E-05 0.0681501 0.104199 0.0239694 9.9973E-05 9.9973E-05 0.0255361 0.73666
9.9964E-05 0.0729009 9.9964E-05 0.15842 0.0305409 0.00773407 9.9964E-05 9.9964E-05 0.730005
9.9964E-05 0.0359793 9.9964E-05 0.0215029 0.170781 9.9964E-05 9.9964E-05 0.102017 0.66932
0.0877095 9.9946E-05 9.9946E-05 0.0823421 9.9946E-05 9.9946E-05 9.9946E-05 9.9946E-05 0.829349
9.9973E-05 0.0101381 9.9973E-05 9.9973E-05 0.0180581 0.0401351 0.123378 0.360064 0.447927
9.9964E-05 0.0599903 9.9964E-05 0.0101871 9.9964E-05 0.016011 9.9964E-05 0.095895 0.817517
9.99371E-05 9.99371E-05 9.99371E-05 9.99371E-05 9.99371E-05 9.99371E-05 0.0092407 9.99371E-05 0.99006
0.043777 9.9964E-05 0.0100241 9.9964E-05 9.9964E-05 9.9964E-05 0.000239069 0.100018 0.845542
9.99371E-05 0.0400762 9.99371E-05 9.99371E-05 9.99371E-05 9.99371E-05 9.99371E-05 9.99371E-05 0.959224
9.9946E-05 0.00509561 9.9946E-05 9.9946E-05 9.9946E-05 9.9946E-05 0.00873851 9.9946E-05 0.985566
0.0389834 9.9955E-05 9.9955E-05 9.9955E-05 9.9955E-05 0.0125225 0.00360539 9.9955E-05 0.944389
9.993E-05 9.993E-05 9.993E-05 9.993E-05 9.993E-05 9.993E-05 9.993E-05 9.993E-05 0.999201
9.9937E-05 9.9937E-05 9.9937E-05 9.9937E-05 9.9937E-05 0.0267835 9.9937E-05 9.9937E-05 0.972517
9.99461E-05 9.99461E-05 9.99461E-05 9.99461E-05 9.99461E-05 9.99461E-05 0.00958889 0.0420584 0.947753
9.9973E-05 9.9973E-05 0.0111869 0.00122552 0.119711 9.9973E-05 0.0285044 0.163937 0.675136
9.9955E-05 9.9955E-05 9.9955E-05 0.00354533 9.9955E-05 0.0251394 0.00822019 9.9955E-05 0.962595
9.9973E-05 9.9973E-05 0.00992193 0.0292029 0.0387948 9.9973E-05 0.0681643 0.170261 0.683355
0.0487007 9.9964E-05 9.9964E-05 0.033649 9.9964E-05 0.0717587 0.536011 9.9964E-05 0.30948
9.993E-05 9.993E-05 9.993E-05 9.993E-05 9.993E-05 9.993E-05 0.999201 9.993E-05 9.993E-05
9.9973E-05 0.0156855 9.9973E-05 9.9973E-05 0.0113509 0.0194155 0.0419991 0.235296 0.675953
