9.993E-05 9.993E-05 9.993E-05 0.999201 9.993E-05 9.993E-05 9.993E-05 9.993E-05 9.993E-05
9.9973E-05 0.784481 0.0267663 0.0986303 0.0176211 0.070864 0.00133745 9.9973E-05 9.9973E-05
9.9964E-05 0.782904 0.0663207 0.0690557 0.0245394 0.0567802 9.9964E-05 9.9964E-05 9.9964E-05
9.993E-05 0.999201 9.993E-05 9.993E-05 9.993E-05 9.993E-05 9.993E-05 9.993E-05 9.993E-05
0.0368029 0.645552 9.9973E-05 9.9973E-05 0.146682 9.9973E-05 0.062335 0.059344 0.0489849
9.9973E-05 0.573001 0.0392886 0.0495456 0.192479 9.9973E-05 0.0329314 0.112454 9.9973E-05
9.9946E-05 0.590944 9.9946E-05 0.141398 0.267059 9.9946E-05 9.9946E-05 9.9946E-05 9.9946E-05
0.00116573 0.55527 0.0719144 0.143607 0.187758 9.9991E-05 0.00125083 0.00958693 0.0293468
0.074602 0.537906 0.0273587 0.0587478 0.28891 0.00392482 9.9991E-05 0.00407336 0.00437676
9.993E-05 9.993E-05 9.993E-05 0.999201 9.993E-05 9.993E-05 9.993E-05 9.993E-05 9.993E-05
9.993E-05 9.993E-05 9.993E-05 0.999201 9.993E-05 9.993E-05 9.993E-05 9.993E-05 9.993E-05
9.9937E-05 0.0040953 9.9937E-05 0.995205 9.9937E-05 9.9937E-05 9.9937E-05 9.9937E-05 9.9937E-05
9.9946E-05 9.9946E-05 9.9946E-05 0.97931 9.9946E-05 0.0182423 9.9946E-05 9.9946E-05 0.00184823
9.9946E-05 9.9946E-05 9.9946E-05 0.905984 0.0582266 9.9946E-05 0.0351895 9.9946E-05 9.9946E-05
9.9955E-05 0.0583979 9.9955E-05 0.916426 9.9955E-05 0.0159969 0.00867907 9.9955E-05 9.9955E-05
9.9964E-05 0.457068 9.9964E-05 0.11024 0.100309 9.9964E-05 9.9964E-05 0.285615 0.046369
0.097217 0.33945 0.0539386 0.152634 0.047265 0.0854636 0.0804463 0.112411 0.0311751
9.993E-05 0.999201 9.993E-05 9.993E-05 9.993E-05 9.993E-05 9.993E-05 9.993E-05 9.993E-05
9.9946E-05 0.0786028 9.9946E-05 9.9946E-05 0.875342 9.9946E-05 0.0454555 9.9946E-05 9.9946E-05
9.99461E-05 9.99461E-05 9.99461E-05 9.99461E-05 0.972235 9.99461E-05 0.0209544 9.99461E-05 0.00621119
0.0393614 0.101303 9.9955E-05 0.0425457 0.81629 9.9955E-05 9.9955E-05 9.9955E-05 9.9955E-05
9.9973E-05 0.0905323 0.0753649 9.9973E-05 0.742534 9.9973E-05 0.0731327 0.00414259 0.0139937
0.00513797 0.0346336 0.0435423 9.9964E-05 0.812619 9.9964E-05 0.103667 9.9964E-05 9.9964E-05
9.9937E-05 9.9937E-05 9.9937E-05 0.038645 0.960655 9.9937E-05 9.9937E-05 9.9937E-05 9.9937E-05
0.0142705 9.99461E-05 9.99461E-05 9.99461E-05 0.979471 9.99461E-05 9.99461E-05 9.99461E-05 0.00565879
0.0666719 9.9964E-05 9.9964E-05 0.0203945 0.695216 9.9964E-05 9.9964E-05 0.15287 0.0644479
0.109707 9.9964E-05 0.100689 0.0301071 0.709101 9.9964E-05 9.9964E-05 0.0499962 9.9964E-05
9.9955E-05 0.0580008 0.0207741 9.9955E-05 0.891867 9.9955E-05 9.9955E-05 0.0288581 9.9955E-05
0.046928 9.9982E-05 0.00967853 0.0549798 0.721656 9.9982E-05 0.0282969 0.0890336 0.049227
9.9946E-05 0.0864167 9.9946E-05 0.0356376 0.877346 9.9946E-05 9.9946E-05 9.9946E-05 9.9946E-05
0.00684497 9.9955E-05 9.9955E-05 0.0658577 0.922621 0.00417615 9.9955E-05 9.9955E-05 9.9955E-05
0.054494 9.9973E-05 0.0241995 9.9973E-05 0.856988 0.00922024 9.9973E-05 0.0140431 0.0407551
0.00694618 9.9982E-05 0.0558076 0.00323186 0.829795 9.9982E-05 0.0246646 0.0416567 0.0376984
9.9964E-05 9.9964E-05 0.092822 0.0678635 0.690721 9.9964E-05 9.9964E-05 0.0581488 0.0900452
0.0162755 0.0601878 0.0428143 9.9964E-05 0.768381 9.9964E-05 0.111942 9.9964E-05 9.9964E-05
9.9955E-05 0.0845797 9.9955E-05 0.0493334 0.864066 9.9955E-05 9.9955E-05 0.00152089 9.9955E-05
9.9946E-05 9.9946E-05 9.9946E-05 9.9946E-05 0.567322 9.9946E-05 0.00581885 0.426259 9.9946E-05
0.0516134 0.0480623 0.0423529 0.00171713 0.54462 9.9991E-05 0.0845865 0.209279 0.0176681
0.0723772 0.0244745 0.0662852 0.00790534 0.627433 0.0676619 9.9982E-05 0.133663 9.9982E-05
0.0359327 9.9973E-05 9.9973E-05 9.9973E-05 0.649175 0.0159745 0.00340889 0.267346 0.0278634
9.9964E-05 0.192378 0.0373435 9.9964E-05 9.9964E-05 0.0420402 9.9964E-05 0.640572 0.0872667
0.0177396 0.199894 9.9973E-05 9.9973E-05 9.9973E-05 0.00968663 0.0469119 0.708975 0.0164935
9.9982E-05 0.233857 0.0585626 0.0118034 0.0744017 0.026002 9.9982E-05 0.540186 0.0549875
0.01165 0.221426 0.0140218 9.9973E-05 9.9973E-05 0.0040399 9.9973E-05 0.719113 0.0294499
0.0404305 0.0541669 0.0617909 9.9973E-05 0.186412 9.9973E-05 9.9973E-05 0.647753 0.00914695
9.9937E-05 9.9937E-05 9.9937E-05 0.00273935 9.9937E-05 9.9937E-05 9.9937E-05 0.996561 9.9937E-05
9.993E-05 9.993E-05 9.993E-05 9.993E-05 9.993E-05 9.993E-05 9.993E-05 0.999201 9.993E-05
0.0317152 0.0261568 0.0491101 9.9982E-05 0.373873 9.9982E-05 0.0238283 0.494592 0.000525161
0.102724 0.115668 0.0292028 0.0458354 0.0760836 9.9982E-05 9.9982E-05 0.572075 0.0582121
0.0232287 0.112982 0.0439461 0.0598023 0.245465 0.0234986 9.9991E-05 0.483384 0.00759401
0.084202 0.0295901 0.0546007 0.0252538 0.208538 0.00512818 9.9982E-05 0.592487 9.9982E-05
0.0249968 0.036671 0.0530042 9.9973E-05 0.113064 9.9973E-05 0.00623792 0.765727 9.9973E-05
9.9955E-05 0.0302794 9.9955E-05 0.0362233 0.0154209 9.9955E-05 9.9955E-05 0.917577 9.9955E-05
0.0179765 9.9991E-05 0.00693524 0.0497259 0.217758 0.000952371 0.074211 0.609499 0.0228421
0.0180111 9.9991E-05 0.0108081 0.0629463 0.166297 0.0395502 0.0241779 0.644007 0.0341022
9.9955E-05 0.184577 0.0859391 9.9955E-05 9.9955E-05 9.9955E-05 9.9955E-05 0.657243 0.0717402
0.0459565 0.0625819 0.0247535 0.0728788 0.136948 0.0526856 0.00352751 0.552328 0.0483395
0.066627 0.118632 9.9982E-05 9.9982E-05 0.130344 0.0300613 0.0527011 0.59892 0.00251503
9.99461E-05 9.99461E-05 0.0120529 9.99461E-05 0.0110729 9.99461E-05 9.99461E-05 0.976274 9.99461E-05
0.0933885 0.073665 9.9973E-05 0.0193059 0.157967 0.0360676 9.9973E-05 0.619306 9.9973E-05
0.0495768 9.9964E-05 9.9964E-05 0.00815852 0.159436 9.9964E-05 9.9964E-05 0.668413 0.114016
9.9973E-05 0.0217823 9.9973E-05 0.0189606 0.0484116 0.00486827 9.9973E-05 0.838967 0.0667107
0.0371879 9.9973E-05 0.0471397 9.9973E-05 0.195146 0.0230672 9.9973E-05 0.660373 0.0367858
9.99461E-05 9.99461E-05 0.0313898 9.99461E-05 9.99461E-05 9.99461E-05 0.0739754 0.894035 9.99461E-05
0.0166884 0.107374 9.9955E-05 9.9955E-05 0.0992714 9.9955E-05 9.9955E-05 0.776166 9.9955E-05
9.9946E-05 9.9946E-05 0.0638434 9.9946E-05 9.9946E-05 9.9946E-05 0.0618982 0.873659 9.9946E-05
9.9937E-05 9.9937E-05 9.9937E-05 9.9937E-05 9.9937E-05 0.0122735 9.9937E-05 0.987027 9.9937E-05
9.9964E-05 9.9964E-05 0.0120471 0.0211197 9.9964E-05 9.9964E-05 0.160359 0.791047 0.0150274
0.0649774 0.104852 9.9964E-05 9.9964E-05 0.191867 9.9964E-05 0.0140711 0.623832 9.9964E-05
9.99461E-05 9.99461E-05 0.0108817 9.99461E-05 9.99461E-05 9.99461E-05 0.0325141 0.956005 9.99461E-05
9.9973E-05 0.104386 0.034647 0.0332526 0.0537546 0.0295738 9.9973E-05 0.744087 9.9973E-05
0.033664 0.0249352 0.0381519 9.9991E-05 0.0314667 0.0633987 0.0189558 0.760373 0.0289542
9.99461E-05 9.99461E-05 9.99461E-05 0.0783804 0.0209457 9.99461E-05 9.99461E-05 0.900074 9.99461E-05
0.0280413 9.9946E-05 9.9946E-05 0.0474825 9.9946E-05 9.9946E-05 9.9946E-05 0.923877 9.9946E-05
9.9955E-05 9.9955E-05 0.0163706 0.0634055 9.9955E-05 9.9955E-05 9.9955E-05 0.834996 0.0847282
0.0577682 9.9946E-05 9.9946E-05 0.0122428 9.9946E-05 9.9946E-05 9.9946E-05 0.929389 9.9946E-05
9.9955E-05 9.9955E-05 0.0322371 9.9955E-05 9.9955E-05 0.03695 0.0136308 0.916682 9.9955E-05
9.9982E-05 0.090144 0.0221117 0.0109571 9.9982E-05 0.101723 0.120944 0.613824 0.0400966
0.0211908 0.0683949 0.0180908 9.9991E-05 0.00152653 0.101616 0.0888569 0.656144 0.0440802
0.0190191 9.9964E-05 9.9964E-05 9.9964E-05 9.9964E-05 0.125145 0.0757162 0.731603 0.0481172
0.00922552 9.9973E-05 0.0284015 9.9973E-05 9.9973E-05 0.119365 0.0369702 0.771258 0.0344804
0.0438181 9.9964E-05 9.9964E-05 9.9964E-05 9.9964E-05 0.109472 0.0528934 0.792956 0.000460544
9.9964E-05 9.9964E-05 0.0178035 9.9964E-05 9.9964E-05 0.0951294 0.050621 0.793768 0.0422779
0.0449324 0.0637304 0.018401 0.0197714 0.0939173 0.147802 0.00415479 0.501487 0.105803
0.0387238 0.150548 0.0455261 9.9982E-05 9.9982E-05 0.195256 0.0336115 0.416677 0.119457
0.0479038 0.104817 0.0823177 9.9982E-05 9.9982E-05 0.167501 0.0155451 0.494323 0.0873921
0.051167 0.0445441 0.0866442 0.0251407 0.115987 0.102196 0.0223425 0.431322 0.120657
0.0753153 0.0140886 9.9982E-05 0.00181812 0.114841 0.138329 9.9982E-05 0.529717 0.125691
0.0966474 0.0975648 0.0325329 9.9982E-05 9.9982E-05 0.114236 0.014779 0.514412 0.129627
0.152317 9.9991E-05 0.0721005 0.00673017 0.0823823 0.081806 0.00307962 0.440863 0.160621
9.9982E-05 0.127129 0.0915546 0.00644067 9.9982E-05 0.0872522 0.183855 0.474223 0.0293458
9.9973E-05 0.155038 0.0388462 9.9973E-05 9.9973E-05 0.0858341 0.134837 0.443609 0.141535
0.17573 0.017097 0.0903374 0.0184203 9.9991E-05 0.188988 0.00782054 0.424052 0.0774549
9.99461E-05 9.99461E-05 0.00467751 0.0109179 9.99461E-05 0.983805 9.99461E-05 9.99461E-05 9.99461E-05
0.0208753 9.9982E-05 0.0144764 0.0177681 0.0173802 0.85911 9.9982E-05 0.0193095 0.0508809
0.0139538 9.9973E-05 9.9973E-05 0.000570132 0.0251404 0.869616 0.0521804 0.0382389 9.9973E-05
9.993E-05 9.993E-05 9.993E-05 9.993E-05 9.993E-05 0.999201 9.993E-05 9.993E-05 9.993E-05
9.993E-05 9.993E-05 9.993E-05 9.993E-05 9.993E-05 0.999201 9.993E-05 9.993E-05 9.993E-05
9.993E-05 9.993E-05 9.993E-05 9.993E-05 9.993E-05 0.999201 9.993E-05 9.993E-05 9.993E-05
9.993E-05 9.993E-05 9.993E-05 9.993E-05 9.993E-05 0.999201 9.993E-05 9.993E-05 9.993E-05
9.9955E-05 0.0461817 0.0177277 9.9955E-05 0.0219196 0.913671 9.9955E-05 9.9955E-05 9.9955E-05
0.00308604 9.9955E-05 9.9955E-05 9.9955E-05 9.9955E-05 0.980602 0.00581806 0.00999375 9.9955E-05
9.993E-05 9.993E-05 9.993E-05 9.993E-05 9.993E-05 0.999201 9.993E-05 9.993E-05 9.993E-05
0.0731094 9.9982E-05 0.0822046 9.9982E-05 0.156357 0.104 0.0820751 0.225568 0.276486
9.9955E-05 9.9955E-05 0.00341237 9.9955E-05 9.9955E-05 0.888793 0.0286385 0.0786567 9.9955E-05
9.993E-05 9.993E-05 9.993E-05 9.993E-05 9.993E-05 0.999201 9.993E-05 9.993E-05 9.993E-05
0.017162 9.9955E-05 9.9955E-05 0.0176364 9.9955E-05 0.957839 0.00686235 9.9955E-05 9.9955E-05
0.143379 9.9982E-05 0.0306039 9.9982E-05 0.00949393 0.108975 0.0720495 0.371576 0.263723
0.0872291 9.9982E-05 0.0558058 9.9982E-05 0.0355066 0.0991973 0.0773289 0.410434 0.234299
0.0719556 9.9991E-05 0.0430053 0.0169576 0.0392563 0.134513 0.0981775 0.380629 0.215406
0.091176 9.9982E-05 0.0400312 9.9982E-05 0.0134276 0.141906 0.0829532 0.428288 0.202018
0.0943038 9.9982E-05 0.0208041 9.9982E-05 0.0242527 0.111114 0.129884 0.393123 0.226319
9.9973E-05 0.0201496 9.9973E-05 9.9973E-05 0.175059 0.0660595 0.183754 0.329246 0.225432
0.0831467 9.9991E-05 0.0290314 0.000415819 0.122047 0.154385 0.0992666 0.351397 0.16021
0.0308463 9.9973E-05 9.9973E-05 9.9973E-05 0.0249117 0.125664 0.133745 0.496554 0.187979
0.0449744 9.9982E-05 0.0771107 9.9982E-05 0.0550585 0.241097 0.138302 0.29682 0.146439
0.0702444 9.9982E-05 0.0382847 9.9982E-05 0.0776722 0.21729 0.128551 0.341184 0.126573
0.0737948 9.9982E-05 0.0719938 9.9982E-05 0.100179 0.105867 0.080575 0.442989 0.124401
0.0325734 9.9982E-05 0.0393021 9.9982E-05 0.0726534 0.177031 0.215668 0.348465 0.114108
0.10949 9.9982E-05 0.096665 0.00401176 9.9982E-05 0.0460159 0.10253 0.468058 0.173029
0.0827539 0.0147027 0.0397364 9.9991E-05 0.029003 0.131716 0.0659409 0.428054 0.207993
9.9955E-05 9.9955E-05 0.0066875 9.9955E-05 0.0193104 9.9955E-05 0.0525117 9.9955E-05 0.920991
0.0391627 0.0245291 0.00852172 0.0128204 9.9982E-05 0.00588372 0.0230378 9.9982E-05 0.885845
9.993E-05 9.993E-05 9.993E-05 9.993E-05 9.993E-05 9.993E-05 9.993E-05 9.993E-05 0.999201
9.9937E-05 9.9937E-05 9.9937E-05 9.9937E-05 0.00665628 9.9937E-05 9.9937E-05 9.9937E-05 0.992644
0.0154632 9.9946E-05 0.0139784 9.9946E-05 9.9946E-05 9.9946E-05 9.9946E-05 9.9946E-05 0.969959
9.993E-05 9.993E-05 9.993E-05 9.993E-05 9.993E-05 9.993E-05 9.993E-05 9.993E-05 0.999201
9.993E-05 9.993E-05 9.993E-05 9.993E-05 9.993E-05 9.993E-05 9.993E-05 9.993E-05 0.999201
9.9955E-05 9.9955E-05 9.9955E-05 0.054603 9.9955E-05 9.9955E-05 0.126162 0.096616 0.722119
9.99371E-05 9.99371E-05 0.0209434 9.99371E-05 9.99371E-05 9.99371E-05 9.99371E-05 9.99371E-05 0.978357
9.993E-05 9.993E-05 9.993E-05 9.993E-05 9.993E-05 9.993E-05 9.993E-05 9.993E-05 0.999201
9.9964E-05 0.0160636 9.9964E-05 0.0224172 9.9964E-05 0.0190464 0.0620076 9.9964E-05 0.880065
9.993E-05 9.993E-05 9.993E-05 9.993E-05 9.993E-05 9.993E-05 9.993E-05 9.993E-05 0.999201
9.9955E-05 9.9955E-05 0.100575 9.9955E-05 9.9955E-05 9.9955E-05 0.0220366 0.129505 0.747383
9.993E-05 9.993E-05 0.999201 9.993E-05 9.993E-05 9.993E-05 9.993E-05 9.993E-05 9.993E-05
0.0667933 0.0660268 0.062099 9.9982E-05 9.9982E-05 0.148446 0.0958969 0.373403 0.187135
9.993E-05 9.993E-05 0.999201 9.993E-05 9.993E-05 9.993E-05 9.993E-05 9.993E-05 9.993E-05
9.993E-05 9.993E-05 0.999201 9.993E-05 9.993E-05 9.993E-05 9.993E-05 9.993E-05 9.993E-05
9.99461E-05 9.99461E-05 0.926712 9.99461E-05 9.99461E-05 0.013332 0.0593564 9.99461E-05 9.99461E-05
9.9982E-05 9.9982E-05 0.735296 0.0261994 0.0895153 0.0040855 0.0343177 0.000731172 0.109655
9.993E-05 9.993E-05 0.999201 9.993E-05 9.993E-05 9.993E-05 9.993E-05 9.993E-05 9.993E-05
9.9955E-05 9.9955E-05 0.863634 9.9955E-05 0.0227532 9.9955E-05 0.0630057 0.0501074 9.9955E-05
9.99461E-05 0.00289419 0.992234 9.99461E-05 0.00427234 9.99461E-05 9.99461E-05 9.99461E-05 9.99461E-05
9.9964E-05 9.9964E-05 0.958058 9.9964E-05 0.00473308 0.00751625 9.9964E-05 0.0204817 0.00881111
9.9937E-05 0.00460621 0.994694 9.9937E-05 9.9937E-05 9.9937E-05 9.9937E-05 9.9937E-05 9.9937E-05
0.0098095 9.9955E-05 0.946857 9.9955E-05 0.0126948 9.9955E-05 9.9955E-05 0.0301387 9.9955E-05
0.0176682 9.9955E-05 0.959592 9.9955E-05 9.9955E-05 9.9955E-05 9.9955E-05 0.0125861 0.00965399
0.0409752 0.0610551 0.774105 9.9973E-05 9.9973E-05 0.0667119 0.0339341 9.9973E-05 0.0229189
9.9955E-05 9.9955E-05 0.961249 0.0193987 0.0117312 0.00712152 9.9955E-05 9.9955E-05 9.9955E-05
9.9982E-05 0.0185964 0.887151 0.00692582 9.9982E-05 0.0117952 0.0409247 0.0209999 0.0134073
0.00936854 0.0126635 0.87837 0.00312848 9.9982E-05 9.9982E-05 0.0334108 0.0187867 0.0440717
0.0229917 0.0565142 0.79407 0.00533667 0.0253158 9.9982E-05 0.00550938 0.0900619 9.9982E-05
9.9982E-05 9.9982E-05 0.955861 0.0128547 0.0067289 0.00515345 0.00489225 0.0123946 0.00191543
0.236966 9.9982E-05 0.0403421 0.0503586 9.9982E-05 0.0905807 0.15433 0.404122 0.0230997
0.271453 9.9991E-05 0.105425 0.0336739 0.0200786 0.0400118 0.123006 0.374064 0.0321877
0.238589 9.9982E-05 0.100294 0.0324482 9.9982E-05 0.0848709 0.119478 0.396934 0.0271861
0.248289 9.9982E-05 0.079637 0.0428723 9.9982E-05 0.0415124 0.144438 0.425015 0.0180363
0.00712052 0.00938387 9.9964E-05 9.9964E-05 9.9964E-05 9.9964E-05 0.932983 0.0287013 0.0214119
9.993E-05 9.993E-05 9.993E-05 9.993E-05 9.993E-05 9.993E-05 0.999201 9.993E-05 9.993E-05
9.9937E-05 9.9937E-05 0.0225293 9.9937E-05 9.9937E-05 9.9937E-05 0.976771 9.9937E-05 9.9937E-05
9.993E-05 9.993E-05 9.993E-05 9.993E-05 9.993E-05 9.993E-05 0.999201 9.993E-05 9.993E-05
9.9955E-05 9.9955E-05 0.000838116 0.00238083 9.9955E-05 0.0225218 0.973759 9.9955E-05 9.9955E-05
0.0126581 9.9973E-05 0.0108363 0.00862268 0.010653 9.9973E-05 0.943059 9.9973E-05 0.0138712
0.0148396 9.9964E-05 9.9964E-05 0.00573291 9.9964E-05 0.0035046 0.938916 0.0366068 9.9964E-05
0.100294 0.0337738 0.0604333 0.00271732 0.0480934 9.9991E-05 0.717328 0.0103949 0.0268657
9.9982E-05 9.9982E-05 0.0436853 0.00915798 0.029249 0.00252348 0.847944 0.0648487 0.00239209
0.949035 0.0158612 9.9964E-05 9.9964E-05 0.00524101 9.9964E-05 9.9964E-05 0.0196497 0.00981303
0.999201 9.993E-05 9.993E-05 9.993E-05 9.993E-05 9.993E-05 9.993E-05 9.993E-05 9.993E-05
0.999201 9.993E-05 9.993E-05 9.993E-05 9.993E-05 9.993E-05 9.993E-05 9.993E-05 9.993E-05
0.999201 9.993E-05 9.993E-05 9.993E-05 9.993E-05 9.993E-05 9.993E-05 9.993E-05 9.993E-05
0.999022 9.99371E-05 9.99371E-05 9.99371E-05 9.99371E-05 9.99371E-05 0.000278253 9.99371E-05 9.99371E-05
0.840439 9.9964E-05 0.0016576 0.0205781 9.9964E-05 9.9964E-05 0.021661 0.115265 9.9964E-05
0.999201 9.993E-05 9.993E-05 9.993E-05 9.993E-05 9.993E-05 9.993E-05 9.993E-05 9.993E-05
0.998428 9.99371E-05 9.99371E-05 9.99371E-05 9.99371E-05 0.000872209 9.99371E-05 9.99371E-05 9.99371E-05
0.999201 9.993E-05 9.993E-05 9.993E-05 9.993E-05 9.993E-05 9.993E-05 9.993E-05 9.993E-05
0.978626 9.9955E-05 0.00442226 9.9955E-05 9.9955E-05 0.00592332 9.9955E-05 9.9955E-05 0.0105284
0.993599 9.9937E-05 9.9937E-05 9.9937E-05 9.9937E-05 9.9937E-05 0.00570156 9.9937E-05 9.9937E-05
0.999201 9.993E-05 9.993E-05 9.993E-05 9.993E-05 9.993E-05 9.993E-05 9.993E-05 9.993E-05
