9.993E-05 9.993E-05 0.999201 9.993E-05 9.993E-05 9.993E-05 9.993E-05 9.993E-05 9.993E-05
0.0166127 9.9973E-05 0.0763191 9.9973E-05 0.787473 9.9973E-05 0.0644934 0.044651 0.0101504
9.9964E-05 9.9964E-05 0.0865773 9.9964E-05 0.786617 9.9964E-05 0.063603 0.0297765 0.0330262
9.993E-05 9.993E-05 9.993E-05 9.993E-05 0.999201 9.993E-05 9.993E-05 9.993E-05 9.993E-05
0.00165171 9.9964E-05 9.9964E-05 0.0378228 0.720601 0.0836382 9.9964E-05 9.9964E-05 0.155886
0.0137543 0.0921597 0.0575205 9.9982E-05 0.604057 0.0620422 9.9982E-05 0.0119792 0.158287
9.9946E-05 9.9946E-05 0.139622 9.9946E-05 0.567093 9.9946E-05 9.9946E-05 9.9946E-05 0.292685
0.0038264 0.0695089 0.196547 0.00407221 0.462136 9.9991E-05 0.0446775 0.0166223 0.20251
0.0558427 9.9973E-05 0.0861021 9.9973E-05 0.558977 9.9973E-05 0.0329046 0.0107078 0.255166
9.993E-05 9.993E-05 0.999201 9.993E-05 9.993E-05 9.993E-05 9.993E-05 9.993E-05 9.993E-05
9.993E-05 9.993E-05 0.999201 9.993E-05 9.993E-05 9.993E-05 9.993E-05 9.993E-05 9.993E-05
9.993E-05 9.993E-05 0.999201 9.993E-05 9.993E-05 9.993E-05 9.993E-05 9.993E-05 9.993E-05
9.9937E-05 9.9937E-05 0.995636 9.9937E-05 9.9937E-05 9.9937E-05 9.9937E-05 0.00366443 9.9937E-05
0.00637785 9.9955E-05 0.905525 9.9955E-05 9.9955E-05 0.0736301 9.9955E-05 9.9955E-05 0.0139671
9.9955E-05 9.9955E-05 0.927442 0.00245677 0.0565878 9.9955E-05 0.0130141 9.9955E-05 9.9955E-05
0.0681344 0.155085 0.0384285 0.0439034 0.593222 9.9982E-05 9.9982E-05 0.00749392 0.0935333
0.0549416 0.184271 0.120444 0.0391329 0.356258 0.112327 0.0862117 0.00542702 0.0409876
9.993E-05 9.993E-05 9.993E-05 9.993E-05 0.999201 9.993E-05 9.993E-05 9.993E-05 9.993E-05
0.022616 9.9964E-05 9.9964E-05 9.9964E-05 0.0431587 0.0347584 9.9964E-05 0.0031577 0.895909
0.00736281 9.99578E-05 9.99578E-05 0.0113269 9.99578E-05 0.0373608 9.99578E-05 9.99578E-05 0.94345
0.0493028 9.9964E-05 0.0268661 9.9964E-05 0.11387 9.9964E-05 9.9964E-05 0.00591972 0.803641
0.00421647 0.0448385 9.9982E-05 0.026437 0.0856568 0.0740806 0.0681789 9.9982E-05 0.696392
9.9964E-05 9.9964E-05 0.0186156 9.9964E-05 0.00907848 0.0807268 0.037901 9.9964E-05 0.853278
9.9946E-05 9.9946E-05 0.0304561 9.9946E-05 9.9946E-05 9.9946E-05 0.00433168 9.9946E-05 0.964613
0.00664451 9.9946E-05 9.9946E-05 9.9946E-05 9.9946E-05 9.9946E-05 9.9946E-05 0.00627227 0.986484
0.0495787 0.22162 0.00810492 0.0448476 9.9964E-05 9.9964E-05 9.9964E-05 9.9964E-05 0.675448
0.0663145 0.0708557 0.0055857 9.9973E-05 9.9973E-05 0.0169602 0.072681 9.9973E-05 0.767303
9.99461E-05 9.99461E-05 9.99461E-05 9.99461E-05 0.0443611 9.99461E-05 0.00903815 9.99461E-05 0.946001
0.00592523 0.0562171 0.0759105 0.0477783 9.9982E-05 0.0182835 0.0344418 9.9982E-05 0.761244
0.00209015 0.0654595 0.0198946 9.9964E-05 0.093586 9.9964E-05 9.9964E-05 9.9964E-05 0.81857
0.0142927 9.99461E-05 0.0324031 9.99461E-05 9.99461E-05 9.99461E-05 9.99461E-05 9.99461E-05 0.952705
0.0766974 9.9964E-05 9.9964E-05 0.0391977 9.9964E-05 9.9964E-05 0.0190608 0.016584 0.84806
0.0372136 0.0516244 0.0143074 9.9982E-05 9.9982E-05 0.0133894 0.0550756 0.0136301 0.81456
9.9982E-05 0.0682804 0.0487702 0.109156 0.00856764 9.9982E-05 0.10559 0.0311036 0.628332
0.00912209 0.00214401 9.9982E-05 0.0123909 0.0816356 0.120949 0.00483771 9.9982E-05 0.768721
9.9955E-05 0.0644673 0.0415755 9.9955E-05 0.0893982 9.9955E-05 9.9955E-05 9.9955E-05 0.804059
9.9946E-05 0.464749 9.9946E-05 9.9946E-05 9.9946E-05 0.0228144 9.9946E-05 9.9946E-05 0.511837
0.0953365 0.226735 9.9991E-05 0.0337184 0.0781762 0.0477201 0.0528288 0.00540465 0.45998
0.112617 0.179717 0.00802097 9.9982E-05 0.0244387 9.9982E-05 0.0820291 0.0499371 0.54304
0.0499895 0.26668 9.9964E-05 0.0199401 9.9964E-05 9.9964E-05 9.9964E-05 0.0230589 0.639931
9.9955E-05 0.716707 9.9955E-05 0.0799859 0.201881 9.9955E-05 9.9955E-05 0.000926652 9.9955E-05
0.0159995 0.602873 9.9964E-05 0.0787281 0.221572 9.9964E-05 0.0804275 9.9964E-05 9.9964E-05
9.9973E-05 0.526946 9.9973E-05 0.0491474 0.254345 9.9973E-05 0.100429 0.0081218 0.06071
0.00988468 0.675132 9.9973E-05 0.0181202 0.255567 9.9973E-05 0.0261191 0.0148771 9.9973E-05
0.0298392 0.670605 9.9973E-05 0.0151776 0.0411631 9.9973E-05 0.082886 9.9973E-05 0.160029
0.000664579 0.96019 0.00204615 9.9955E-05 9.9955E-05 9.9955E-05 9.9955E-05 9.9955E-05 0.0365997
9.993E-05 0.999201 9.993E-05 9.993E-05 9.993E-05 9.993E-05 9.993E-05 9.993E-05 9.993E-05
0.00941259 0.521241 9.9982E-05 0.00739697 0.00617915 0.025672 0.0508929 9.9982E-05 0.379005
0.072507 0.520071 0.0270893 0.0528595 0.171424 0.0389789 0.042615 9.9991E-05 0.0743552
0.0274584 0.358451 0.0717731 0.0483073 0.200768 9.9991E-05 0.0393373 0.0414842 0.212321
0.0542319 0.622299 0.0219118 9.9982E-05 0.0855619 9.9982E-05 0.0252084 0.00121841 0.189369
0.0283303 0.687507 9.9973E-05 9.9973E-05 0.0466253 0.0370777 0.0163831 9.9973E-05 0.183777
0.0248818 0.860253 0.0220292 9.9964E-05 9.9964E-05 9.9964E-05 0.0351093 9.9964E-05 0.0573265
0.0446919 0.584961 0.0589898 0.0292346 0.00193373 0.093392 9.9991E-05 0.0033111 0.183385
0.0100348 0.517214 0.0611113 0.0777024 0.00269455 0.0737228 9.9991E-05 0.0381516 0.219268
9.9955E-05 0.676416 9.9955E-05 0.0508727 0.190684 9.9955E-05 0.0815279 9.9955E-05 9.9955E-05
0.0455188 0.479891 0.0857032 0.0878243 0.0463979 0.00345014 0.105198 9.9991E-05 0.145917
0.0805073 0.650694 9.9982E-05 0.00569569 0.111201 0.0247229 9.9982E-05 0.0125248 0.114454
9.9946E-05 0.948498 9.9946E-05 9.9946E-05 9.9946E-05 9.9946E-05 0.0284348 9.9946E-05 0.0224675
0.0931595 0.599987 0.0364858 9.9973E-05 0.0791105 9.9973E-05 9.9973E-05 0.0125759 0.178381
0.098581 0.582536 9.9973E-05 0.0523092 0.0231076 0.00166691 9.9973E-05 9.9973E-05 0.241499
9.99551E-05 0.838562 9.99551E-05 0.0483482 0.056504 9.99551E-05 9.99551E-05 0.0560861 9.99551E-05
0.020784 0.686925 0.0132865 9.9982E-05 0.0238456 9.9982E-05 0.0589299 0.0555373 0.140492
9.99461E-05 0.871239 9.99461E-05 9.99461E-05 9.99461E-05 0.0913073 0.0368541 9.99461E-05 9.99461E-05
0.0234629 0.868907 9.99551E-05 9.99551E-05 0.0717156 9.99551E-05 9.99551E-05 9.99551E-05 0.0354143
9.9946E-05 0.887664 9.9946E-05 9.9946E-05 9.9946E-05 0.087343 0.0243932 9.9946E-05 9.9946E-05
0.0041692 0.959683 9.9946E-05 9.9946E-05 9.9946E-05 9.9946E-05 9.9946E-05 0.0355477 9.9946E-05
9.99712E-05 0.871948 0.0154971 9.99712E-05 9.99712E-05 0.110098 0.000361883 0.00169596 9.99712E-05
0.0267232 0.653288 9.9973E-05 0.000156422 0.126971 9.9973E-05 0.0273416 9.9973E-05 0.16522
9.99461E-05 0.958622 9.99461E-05 9.99461E-05 9.99461E-05 0.0237965 0.0169816 9.99461E-05 9.99461E-05
9.9973E-05 0.723453 0.033349 9.9973E-05 0.0730608 9.9973E-05 0.061211 0.0577563 0.0508696
0.015231 0.768904 9.9982E-05 0.0498976 0.027438 9.9982E-05 0.0513084 0.0530687 0.0339522
0.00518206 0.866629 0.076583 9.9955E-05 9.9955E-05 0.0511062 9.9955E-05 9.9955E-05 9.9955E-05
0.0207839 0.901944 0.0766721 9.9946E-05 9.9946E-05 9.9946E-05 9.9946E-05 9.9946E-05 9.9946E-05
0.00843826 0.841527 0.0671667 0.0236079 9.9982E-05 0.0134818 0.0181425 9.9982E-05 0.0274354
0.0783022 0.891857 0.0217589 9.9964E-05 9.9964E-05 0.00522585 9.9964E-05 9.9964E-05 0.002456
9.9955E-05 0.93458 9.9955E-05 9.9955E-05 0.0195089 9.9955E-05 0.0407498 0.00466111 9.9955E-05
9.999E-05 0.652984 0.0141355 0.03051 0.0389228 0.14001 0.0414604 0.0736841 0.0081935
0.0196539 0.73695 9.9982E-05 0.0290591 0.0109086 0.0265078 0.0444309 0.13229 9.9982E-05
0.0178076 0.769471 9.9973E-05 0.0189241 9.9973E-05 0.0715243 0.00629009 0.115683 9.9973E-05
0.0458335 0.768007 9.9973E-05 0.0536156 9.9973E-05 0.0257995 0.0267616 0.0796825 9.9973E-05
0.0329557 0.78778 9.9964E-05 0.0356309 9.9964E-05 0.0171182 9.9964E-05 0.126115 9.9964E-05
0.0650923 0.738237 9.9982E-05 0.0419137 9.9982E-05 0.054003 0.0176151 0.0760851 0.00685338
0.0515474 0.517687 9.9973E-05 0.12069 0.0600153 9.9973E-05 9.9973E-05 0.142698 0.107062
0.0129867 0.520225 9.9991E-05 0.0722016 0.104021 0.0491255 0.0241439 0.214668 0.00252832
0.029136 0.520117 9.9982E-05 0.0848219 0.0877477 0.0212315 0.0822414 0.174504 9.9982E-05
0.0408477 0.48491 0.0373771 0.0795543 0.048474 0.0382772 0.0791495 0.0788153 0.112595
0.0629635 0.549655 0.00425358 0.125366 0.0122721 9.9982E-05 9.9982E-05 0.134196 0.111093
0.055608 0.587901 9.9982E-05 0.0686517 0.0619074 0.0801537 0.0425643 0.103014 9.9982E-05
0.123934 0.443456 9.9973E-05 0.152611 9.9973E-05 9.9973E-05 0.0901304 0.111803 0.0777651
9.9973E-05 0.445898 9.9973E-05 0.0770143 0.154181 0.214774 0.0451832 0.06265 9.9973E-05
9.9973E-05 0.483034 9.9973E-05 0.100418 0.148975 0.188538 0.0232577 0.0554773 9.9973E-05
0.22838 0.336932 0.0226324 0.068715 0.0356193 9.9991E-05 0.0762158 0.224501 0.00690465
9.993E-05 9.993E-05 9.993E-05 9.993E-05 9.993E-05 9.993E-05 9.993E-05 0.999201 9.993E-05
9.9955E-05 0.0475306 0.0211908 9.9955E-05 9.9955E-05 9.9955E-05 0.00566668 0.925112 9.9955E-05
9.9964E-05 9.9964E-05 0.00885733 0.0228638 9.9964E-05 0.116033 9.9964E-05 0.82943 0.0224161
9.9937E-05 9.9937E-05 9.9937E-05 9.9937E-05 9.9937E-05 9.9937E-05 0.00436977 0.994931 9.9937E-05
9.993E-05 9.993E-05 9.993E-05 9.993E-05 9.993E-05 9.993E-05 9.993E-05 0.999201 9.993E-05
9.9937E-05 9.9937E-05 9.9937E-05 9.9937E-05 9.9937E-05 0.000353756 9.9937E-05 0.998947 9.9937E-05
9.99311E-05 9.99311E-05 9.99311E-05 9.99311E-05 9.99311E-05 9.99311E-05 9.99311E-05 0.999201 9.99311E-05
0.0225086 9.9955E-05 9.9955E-05 9.9955E-05 0.0438667 9.9955E-05 9.9955E-05 0.883884 0.0492411
9.993E-05 9.993E-05 9.993E-05 9.993E-05 9.993E-05 9.993E-05 9.993E-05 0.999201 9.993E-05
9.993E-05 9.993E-05 9.993E-05 9.993E-05 9.993E-05 9.993E-05 9.993E-05 0.999201 9.993E-05
0.0831759 0.261709 9.9982E-05 0.266608 9.9982E-05 0.109038 0.077059 0.103801 0.09841
0.0125656 0.0391476 9.9955E-05 9.9955E-05 9.9955E-05 0.0496268 9.9955E-05 0.89816 9.9955E-05
9.993E-05 9.993E-05 9.993E-05 9.993E-05 9.993E-05 9.993E-05 9.993E-05 0.999201 9.993E-05
0.0296707 9.9946E-05 0.00807374 9.9946E-05 9.9946E-05 9.9946E-05 9.9946E-05 0.961656 9.9946E-05
0.0855588 0.422221 9.9973E-05 0.243231 9.9973E-05 0.0763417 0.0599216 0.112426 9.9973E-05
0.0762356 0.477029 0.0022888 0.220694 0.0179944 0.0894969 0.00546916 0.109382 0.00140926
0.0720973 0.382922 0.00371519 0.243038 0.00347267 0.129028 0.054291 0.111336 9.9991E-05
0.0939013 0.41352 9.9982E-05 0.171854 9.9982E-05 0.095656 0.053871 0.157283 0.0137147
0.0630025 0.461069 9.9973E-05 0.218972 9.9973E-05 0.107753 0.0310461 0.117858 9.9973E-05
0.0555865 0.401428 9.9982E-05 0.147286 9.9982E-05 0.131005 0.00404476 0.120476 0.139974
0.0427578 0.442186 9.9973E-05 0.138534 9.9973E-05 0.135396 9.9973E-05 0.133506 0.10732
0.013022 0.493012 9.9982E-05 0.19079 9.9982E-05 0.172182 0.00103487 0.107705 0.0220536
0.099433 0.299222 9.9982E-05 0.106041 9.9982E-05 0.101258 0.122013 0.245877 0.0259553
0.0151437 0.373075 9.9982E-05 0.12847 9.9982E-05 0.159847 0.0594353 0.218922 0.0449062
0.0484882 0.434504 9.9982E-05 0.147515 9.9982E-05 0.0990884 0.0479635 0.131335 0.090906
0.0615628 0.39911 9.9982E-05 0.0676145 9.9982E-05 0.156352 0.0527668 0.215015 0.0473785
0.0855087 0.496475 0.0121309 0.181702 9.9991E-05 0.120533 0.0460533 0.0443812 0.0131158
0.0558382 0.406888 0.0115512 0.212885 0.0209306 0.0771051 0.0358097 0.134888 0.0441038
0.0222781 0.0234467 9.9964E-05 0.878939 9.9964E-05 0.0412413 0.0336949 9.9964E-05 9.9964E-05
0.0404388 9.9964E-05 0.00479785 0.89667 0.0143129 0.0433802 9.9964E-05 9.9964E-05 9.9964E-05
9.993E-05 9.993E-05 9.993E-05 0.999201 9.993E-05 9.993E-05 9.993E-05 9.993E-05 9.993E-05
9.9955E-05 0.0154739 9.9955E-05 0.971757 9.9955E-05 0.00140816 0.0108617 9.9955E-05 9.9955E-05
9.993E-05 9.993E-05 9.993E-05 0.999201 9.993E-05 9.993E-05 9.993E-05 9.993E-05 9.993E-05
9.9937E-05 9.9937E-05 0.00950882 0.989792 9.9937E-05 9.9937E-05 9.9937E-05 9.9937E-05 9.9937E-05
9.993E-05 9.993E-05 9.993E-05 0.999201 9.993E-05 9.993E-05 9.993E-05 9.993E-05 9.993E-05
0.0454786 9.9964E-05 0.0614371 0.753101 0.0414155 0.0981678 9.9964E-05 9.9964E-05 9.9964E-05
9.993E-05 9.993E-05 9.993E-05 0.999201 9.993E-05 9.993E-05 9.993E-05 9.993E-05 9.993E-05
9.993E-05 9.993E-05 9.993E-05 0.999201 9.993E-05 9.993E-05 9.993E-05 9.993E-05 9.993E-05
9.9964E-05 9.9964E-05 0.00113293 0.804975 0.0337266 0.088342 9.9964E-05 0.0714239 9.9964E-05
9.99371E-05 9.99371E-05 0.000779285 0.998521 9.99371E-05 9.99371E-05 9.99371E-05 9.99371E-05 9.99371E-05
0.063383 0.136079 9.9982E-05 0.739141 0.0212135 0.0224752 0.00331603 0.0141926 9.9982E-05
9.993E-05 9.993E-05 9.993E-05 9.993E-05 9.993E-05 9.993E-05 0.999201 9.993E-05 9.993E-05
0.0526735 0.425642 9.9982E-05 0.165219 0.0273026 0.0839867 0.0677163 0.17726 9.9982E-05
9.993E-05 9.993E-05 9.993E-05 9.993E-05 9.993E-05 9.993E-05 0.999201 9.993E-05 9.993E-05
9.993E-05 9.993E-05 9.993E-05 9.993E-05 9.993E-05 9.993E-05 0.999201 9.993E-05 9.993E-05
9.99371E-05 9.99371E-05 9.99371E-05 9.99371E-05 9.99371E-05 0.0615801 0.93772 9.99371E-05 9.99371E-05
0.00167209 0.121607 0.00195819 0.0447462 9.9982E-05 9.9982E-05 0.748285 0.0259069 0.0556243
9.993E-05 9.993E-05 9.993E-05 9.993E-05 9.993E-05 9.993E-05 0.999201 9.993E-05 9.993E-05
9.9955E-05 0.0820318 9.9955E-05 0.0623811 9.9955E-05 9.9955E-05 0.837698 9.9955E-05 0.0173889
9.9946E-05 9.9946E-05 9.9946E-05 9.9946E-05 9.9946E-05 9.9946E-05 0.954105 0.00867412 0.0366208
9.9946E-05 0.00718072 9.9946E-05 0.0353528 9.9946E-05 9.9946E-05 0.956867 9.9946E-05 9.9946E-05
9.9946E-05 9.9946E-05 0.00324809 9.9946E-05 0.00247575 9.9946E-05 0.993676 9.9946E-05 9.9946E-05
9.993E-05 9.993E-05 9.993E-05 9.993E-05 9.993E-05 9.993E-05 0.999201 9.993E-05 9.993E-05
9.9937E-05 9.9937E-05 9.9937E-05 0.0336115 9.9937E-05 9.9937E-05 0.965689 9.9937E-05 9.9937E-05
0.021711 9.9964E-05 9.9964E-05 0.028373 0.0385517 9.9964E-05 0.835371 0.0755934 9.9964E-05
0.0584809 0.00540185 0.0217004 9.9964E-05 9.9964E-05 0.00926299 0.904754 9.9964E-05 9.9964E-05
9.9982E-05 0.0227369 0.0066774 0.0387346 0.00126438 0.0353093 0.892471 0.00260629 9.9982E-05
0.0820247 0.0336461 9.9955E-05 9.9955E-05 9.9955E-05 0.0341162 0.849713 9.9955E-05 9.9955E-05
0.0397224 0.0585519 0.0122406 9.9973E-05 9.9973E-05 0.0180758 0.869251 0.00185832 9.9973E-05
9.9946E-05 9.9946E-05 0.0114875 0.0752183 9.9946E-05 9.9946E-05 0.912694 9.9946E-05 9.9946E-05
0.267648 0.379788 0.055229 0.050005 9.9991E-05 0.137154 0.060387 0.0437807 0.00590775
0.222705 0.452324 0.0198814 0.0508587 9.9991E-05 0.0880372 0.093761 0.0254394 0.0468937
0.252587 0.402011 0.0433509 0.0286746 9.9982E-05 0.108739 0.0765535 0.0878839 9.9982E-05
0.231085 0.428244 0.0496145 0.0401772 9.9982E-05 0.160554 0.0474218 0.0427022 9.9982E-05
0.00300489 9.9964E-05 9.9964E-05 0.00147064 9.9964E-05 0.953662 0.00731166 9.9964E-05 0.0341509
9.993E-05 9.993E-05 9.993E-05 9.993E-05 9.993E-05 0.999201 9.993E-05 9.993E-05 9.993E-05
0.017736 9.9946E-05 9.9946E-05 9.9946E-05 9.9946E-05 0.975576 0.00608885 9.9946E-05 9.9946E-05
9.993E-05 9.993E-05 9.993E-05 9.993E-05 9.993E-05 0.999201 9.993E-05 9.993E-05 9.993E-05
9.993E-05 9.993E-05 9.993E-05 9.993E-05 9.993E-05 0.999201 9.993E-05 9.993E-05 9.993E-05
0.0212016 0.00830344 9.9955E-05 9.9955E-05 9.9955E-05 0.957352 0.0126429 9.9955E-05 9.9955E-05
0.0252301 0.0182194 0.00139468 9.9964E-05 9.9964E-05 0.947974 9.9964E-05 9.9964E-05 0.00678234
0.0307117 9.9973E-05 9.9973E-05 0.032302 0.0230647 0.807573 0.0219938 9.9973E-05 0.0840548
9.9964E-05 0.0835033 0.0104788 9.9964E-05 9.9964E-05 0.840496 9.9964E-05 0.0119151 0.0532072
0.99132 9.9946E-05 0.00674958 9.9946E-05 9.9946E-05 9.9946E-05 0.00133099 9.9946E-05 9.9946E-05
0.999201 9.993E-05 9.993E-05 9.993E-05 9.993E-05 9.993E-05 9.993E-05 9.993E-05 9.993E-05
0.999201 9.993E-05 9.993E-05 9.993E-05 9.993E-05 9.993E-05 9.993E-05 9.993E-05 9.993E-05
0.999201 9.993E-05 9.993E-05 9.993E-05 9.993E-05 9.993E-05 9.993E-05 9.993E-05 9.993E-05
0.999201 9.993E-05 9.993E-05 9.993E-05 9.993E-05 9.993E-05 9.993E-05 9.993E-05 9.993E-05
0.861702 0.0593574 0.000617217 9.9964E-05 9.9964E-05 0.0395638 0.0383596 9.9964E-05 9.9964E-05
0.999201 9.993E-05 9.993E-05 9.993E-05 9.993E-05 9.993E-05 9.993E-05 9.993E-05 9.993E-05
0.999201 9.993E-05 9.993E-05 9.993E-05 9.993E-05 9.993E-05 9.993E-05 9.993E-05 9.993E-05
0.999201 9.993E-05 9.993E-05 9.993E-05 9.993E-05 9.993E-05 9.993E-05 9.993E-05 9.993E-05
0.917629 9.9955E-05 9.9955E-05 0.0412855 9.9955E-05 9.9955E-05 0.00548604 0.0350996 9.9955E-05
0.999201 9.993E-05 9.993E-05 9.993E-05 9.993E-05 9.993E-05 9.993E-05 9.993E-05 9.993E-05
0.988479 9.9937E-05 9.9937E-05 9.9937E-05 9.9937E-05 9.9937E-05 9.9937E-05 9.9937E-05 0.0108216
