9.993E-05 9.993E-05 9.993E-05 9.993E-05 9.993E-05 9.993E-05 0.999201 9.993E-05 9.993E-05
0.000841924 9.9964E-05 9.9964E-05 0.0513472 9.9964E-05 0.0328065 0.111165 0.80344 9.9964E-05
0.01512 9.9973E-05 0.00906513 0.0770865 9.9973E-05 0.0127324 0.0795695 0.806127 9.9973E-05
9.993E-05 9.993E-05 9.993E-05 9.993E-05 9.993E-05 9.993E-05 9.993E-05 0.999201 9.993E-05
0.236926 0.0458242 0.0220749 9.9973E-05 0.0765203 9.9973E-05 9.9973E-05 0.603006 0.0153491
0.143042 0.171837 9.9973E-05 0.0111834 9.9973E-05 9.9973E-05 0.0433907 0.598283 0.0319643
0.286423 9.9946E-05 9.9946E-05 9.9946E-05 9.9946E-05 9.9946E-05 0.17776 0.535217 9.9946E-05
0.173507 0.0699785 9.9973E-05 0.0766038 9.9973E-05 0.0206072 0.177991 0.481013 9.9973E-05
0.269746 9.9964E-05 9.9964E-05 0.0636919 0.0771304 9.9964E-05 0.0759402 0.513092 9.9964E-05
9.993E-05 9.993E-05 9.993E-05 9.993E-05 9.993E-05 9.993E-05 0.999201 9.993E-05 9.993E-05
9.993E-05 9.993E-05 9.993E-05 9.993E-05 9.993E-05 9.993E-05 0.999201 9.993E-05 9.993E-05
9.9937E-05 9.9937E-05 9.9937E-05 9.9937E-05 9.9937E-05 0.0103648 0.988936 9.9937E-05 9.9937E-05
9.9937E-05 9.9937E-05 9.9937E-05 9.9937E-05 9.9937E-05 0.00883369 0.990467 9.9937E-05 9.9937E-05
0.0407715 9.9955E-05 9.9955E-05 0.0119674 9.9955E-05 9.9955E-05 0.898361 9.9955E-05 0.0484005
9.9955E-05 0.00115074 9.9955E-05 9.9955E-05 9.9955E-05 9.9955E-05 0.93117 0.0623271 0.00485271
0.0587013 0.339394 9.9964E-05 9.9964E-05 0.024194 9.9964E-05 0.0547284 0.522583 9.9964E-05
0.0895115 0.10929 0.081194 0.0729555 0.0600152 0.0298929 0.120986 0.409519 0.0266356
9.993E-05 9.993E-05 9.993E-05 9.993E-05 9.993E-05 9.993E-05 9.993E-05 0.999201 9.993E-05
0.89284 0.0207397 9.9964E-05 9.9964E-05 0.011872 9.9964E-05 9.9964E-05 0.0469378 0.0272104
0.95679 9.9955E-05 9.9955E-05 9.9955E-05 0.0278771 0.0058476 9.9955E-05 0.00898504 9.9955E-05
0.761341 9.9955E-05 9.9955E-05 9.9955E-05 0.0393177 9.9955E-05 0.0460065 0.152835 9.9955E-05
0.71496 0.0680273 9.9964E-05 0.0579966 9.9964E-05 9.9964E-05 9.9964E-05 0.078647 0.0799697
0.82958 9.9964E-05 9.9964E-05 0.0375309 9.9964E-05 9.9964E-05 0.0194399 0.0302477 0.0828013
0.935365 9.9964E-05 0.0252582 0.0067495 9.9964E-05 9.9964E-05 0.020579 0.011648 9.9964E-05
0.974694 9.9955E-05 9.9955E-05 9.9955E-05 0.0164828 0.00312216 0.00520128 9.9955E-05 9.9955E-05
0.693192 0.148496 0.0879513 0.00973201 0.0602285 9.9964E-05 9.9964E-05 9.9964E-05 9.9964E-05
0.822564 0.0122236 9.9955E-05 0.080231 0.084482 9.9955E-05 9.9955E-05 9.9955E-05 9.9955E-05
0.898992 9.9955E-05 0.00333233 0.0198412 9.9955E-05 9.9955E-05 9.9955E-05 0.0773352 9.9955E-05
0.787094 0.0393291 0.0490176 9.9973E-05 0.0286099 9.9973E-05 0.0309919 0.0646577 9.9973E-05
0.795577 9.9946E-05 9.9946E-05 9.9946E-05 9.9946E-05 9.9946E-05 0.021815 0.182009 9.9946E-05
0.936957 9.9946E-05 9.9946E-05 9.9946E-05 9.9946E-05 9.9946E-05 0.0565411 9.9946E-05 0.00590206
0.874085 0.00409312 0.0786182 9.9955E-05 0.0427041 9.9955E-05 9.9955E-05 9.9955E-05 9.9955E-05
0.821644 0.04181 0.00291303 0.0420204 0.0200812 0.0344299 0.00201819 9.9991E-05 0.0349837
0.703446 0.0472854 0.10034 0.0874853 0.0154609 0.0102364 0.0256728 9.9991E-05 0.0099735
0.799754 9.9964E-05 0.00924081 0.0205636 9.9964E-05 9.9964E-05 9.9964E-05 0.0669656 0.103077
0.726071 0.0420991 9.9964E-05 9.9964E-05 0.0129176 9.9964E-05 0.0418292 0.176683 9.9964E-05
0.591286 0.393548 9.9946E-05 9.9946E-05 9.9946E-05 9.9946E-05 9.9946E-05 9.9946E-05 0.014566
0.515379 0.211642 0.011519 0.0310208 0.0924703 9.9982E-05 9.9982E-05 0.0631813 0.0745873
0.620518 0.20481 9.9973E-05 0.0422924 0.0784817 0.0283088 0.0252896 9.9973E-05 9.9973E-05
0.659349 0.214058 0.0172794 9.9973E-05 0.0416276 0.0576392 0.009746 9.9973E-05 9.9973E-05
9.9973E-05 0.696319 0.0524726 0.025241 0.0119659 0.0299489 9.9973E-05 0.183753 9.9973E-05
9.9973E-05 0.677196 0.0556902 9.9973E-05 0.0400531 0.0262905 0.0278361 0.172635 9.9973E-05
0.069876 0.582313 0.0432487 0.0682684 9.9973E-05 0.00527337 9.9973E-05 0.230721 9.9973E-05
9.9955E-05 0.777913 0.00434157 9.9955E-05 0.00476619 9.9955E-05 9.9955E-05 0.212479 9.9955E-05
0.156348 0.643474 0.0289169 0.058347 0.0701599 9.9973E-05 9.9973E-05 0.0424536 9.9973E-05
9.993E-05 0.999201 9.993E-05 9.993E-05 9.993E-05 9.993E-05 9.993E-05 9.993E-05 9.993E-05
9.9937E-05 0.994174 9.9937E-05 9.9937E-05 9.9937E-05 9.9937E-05 0.00512629 9.9937E-05 9.9937E-05
0.364365 0.495945 0.0236881 0.0304064 0.0109045 9.9982E-05 9.9982E-05 0.037827 0.0366648
0.0859781 0.56081 0.0654673 0.0393211 0.0913826 9.9982E-05 0.0820823 0.0747582 9.9982E-05
0.271141 0.353469 0.0684907 0.0144727 9.9991E-05 0.0306298 0.0543727 0.202908 0.00441612
0.215335 0.518847 9.9982E-05 0.0339795 0.0573393 0.0446637 0.0807487 0.0488864 9.9982E-05
0.195118 0.671597 9.9973E-05 0.023768 0.0110959 9.9973E-05 9.9973E-05 0.0496151 0.0485052
0.00834496 0.943352 9.9964E-05 0.00905313 0.0318138 9.9964E-05 0.00703627 9.9964E-05 9.9964E-05
0.240811 0.51519 0.0682751 9.9982E-05 0.0363007 0.0231423 0.0569653 9.9982E-05 0.0591153
0.23763 0.47548 0.0620108 9.9982E-05 0.0454658 0.0593391 0.0618448 9.9982E-05 0.0580293
0.0660237 0.685124 0.0622002 0.0609195 9.9964E-05 9.9964E-05 9.9964E-05 0.125333 9.9964E-05
0.157559 0.454136 0.0712674 0.0966611 0.0865957 0.00822058 0.0813048 0.0441558 9.9991E-05
0.160817 0.634163 9.9982E-05 0.0105769 0.0727419 0.0549321 9.9982E-05 0.0572609 0.00930844
0.0113335 0.971874 9.9955E-05 9.9955E-05 0.000986072 9.9955E-05 0.0153069 9.9955E-05 9.9955E-05
0.185678 0.526628 9.9982E-05 9.9982E-05 0.107145 0.0588909 0.0585546 0.0354764 0.0274273
0.236999 0.603908 0.0598804 9.9973E-05 0.0928796 9.9973E-05 0.00151284 9.9973E-05 0.00451994
0.0689829 0.815237 0.0642159 0.00660181 9.9973E-05 0.0222762 9.9973E-05 0.0223859 9.9973E-05
0.113299 0.754277 9.9982E-05 0.000326076 0.0555562 0.047806 0.0239324 9.9982E-05 0.00460369
9.99461E-05 0.957679 9.99461E-05 0.000336101 9.99461E-05 9.99461E-05 9.99461E-05 9.99461E-05 0.0413848
0.0673944 0.826226 0.0267587 9.9973E-05 0.0191122 9.9973E-05 0.0205316 0.0396768 9.9973E-05
9.9946E-05 0.964178 9.9946E-05 0.00864846 9.9946E-05 9.9946E-05 9.9946E-05 9.9946E-05 0.0265735
9.9937E-05 0.950989 9.9937E-05 9.9937E-05 9.9937E-05 0.0483115 9.9937E-05 9.9937E-05 9.9937E-05
9.99551E-05 0.88933 9.99551E-05 9.99551E-05 9.99551E-05 9.99551E-05 0.00105015 0.0134313 0.0956887
0.177447 0.628562 0.00073387 0.0213969 0.0246854 9.9982E-05 9.9982E-05 0.106732 0.0402433
9.9946E-05 0.970843 9.9946E-05 0.00178515 9.9946E-05 9.9946E-05 9.9946E-05 9.9946E-05 0.0267722
0.0753694 0.753932 0.000418612 0.0405604 9.9982E-05 0.0410106 0.0315157 0.0569929 9.9982E-05
0.0283911 0.739093 0.0276848 0.0658447 0.0321295 0.052228 9.9991E-05 0.00848441 0.0460444
0.0123036 0.875247 9.9955E-05 9.9955E-05 0.028451 9.9955E-05 0.0834983 9.9955E-05 9.9955E-05
9.9946E-05 0.902333 9.9946E-05 9.9946E-05 0.0273976 9.9946E-05 0.0696697 9.9946E-05 9.9946E-05
0.0298892 0.71425 0.111128 0.0304441 0.00711954 0.0087122 0.0450003 9.9991E-05 0.0533564
9.9955E-05 0.922818 9.9955E-05 9.9955E-05 0.0726849 0.00171283 0.00228491 9.9955E-05 9.9955E-05
0.0303368 0.9048 9.9964E-05 0.0369147 9.9964E-05 0.0147547 9.9964E-05 0.0127936 9.9964E-05
9.9973E-05 0.697929 0.0350558 0.0264941 9.9973E-05 0.0866541 9.9973E-05 0.0264082 0.127159
9.9973E-05 0.618086 0.0742938 0.0348385 0.0453457 0.13716 9.9973E-05 9.9973E-05 0.0899764
9.9964E-05 0.717751 0.062102 9.9964E-05 0.0161606 0.1296 9.9964E-05 9.9964E-05 0.0739867
9.9973E-05 0.689993 0.095883 0.0553701 0.0139734 0.0891554 9.9973E-05 9.9973E-05 0.0553254
9.9973E-05 0.713611 0.0714135 0.000696217 0.0378601 0.133478 9.9973E-05 9.9973E-05 0.0426408
9.9973E-05 0.726241 0.0754757 0.0213272 0.0191236 0.0752462 9.9973E-05 9.9973E-05 0.0822862
0.175412 0.396165 0.126044 0.028238 0.104565 0.127803 9.9982E-05 0.0415721 9.9982E-05
9.9973E-05 0.565066 0.0591353 9.9973E-05 0.0382685 0.225097 9.9973E-05 0.0947629 0.0173698
9.9982E-05 0.450157 0.0934161 0.0885372 0.0298892 0.236681 9.9982E-05 0.0824162 0.0187038
0.134274 0.387576 0.101434 0.076192 0.0764065 0.0732921 0.0257909 0.0911022 0.033932
0.181205 0.48806 0.109351 0.0183995 0.0673122 0.121344 0.00267659 0.0115513 9.9991E-05
9.9982E-05 0.539532 0.0577059 0.108146 0.0198913 0.124688 9.9982E-05 0.0706726 0.0791643
0.072114 0.398342 0.166717 0.0944181 0.132422 0.101838 0.0172733 9.9991E-05 0.0167765
9.9982E-05 0.417604 0.0757033 0.0519115 9.9982E-05 0.123663 0.0306938 0.107437 0.192787
9.9982E-05 0.447002 0.105157 0.0441201 9.9982E-05 0.0798287 0.0241863 0.129144 0.170362
0.0765139 0.294835 0.0870005 0.115874 0.181802 0.202527 0.032002 9.9991E-05 0.00934449
9.993E-05 9.993E-05 9.993E-05 9.993E-05 9.993E-05 0.999201 9.993E-05 9.993E-05 9.993E-05
0.00808574 0.0263607 9.9964E-05 9.9964E-05 9.9964E-05 0.935175 0.0208971 0.00908117 9.9964E-05
0.0194267 0.133567 9.9973E-05 9.9973E-05 0.0158484 0.803633 0.0210408 9.9973E-05 0.00618383
9.993E-05 9.993E-05 9.993E-05 9.993E-05 9.993E-05 0.999201 9.993E-05 9.993E-05 9.993E-05
9.993E-05 9.993E-05 9.993E-05 9.993E-05 9.993E-05 0.999201 9.993E-05 9.993E-05 9.993E-05
9.993E-05 9.993E-05 9.993E-05 9.993E-05 9.993E-05 0.999201 9.993E-05 9.993E-05 9.993E-05
9.993E-05 9.993E-05 9.993E-05 9.993E-05 9.993E-05 0.999201 9.993E-05 9.993E-05 9.993E-05
0.0117882 0.0571512 9.9964E-05 9.9964E-05 0.0142798 0.884737 9.9964E-05 0.0316436 9.9964E-05
9.9946E-05 9.9946E-05 9.9946E-05 9.9946E-05 0.00815532 0.990756 0.000489061 9.9946E-05 9.9946E-05
9.993E-05 9.993E-05 9.993E-05 9.993E-05 9.993E-05 0.999201 9.993E-05 9.993E-05 9.993E-05
0.127482 0.128453 0.344252 0.077818 0.123195 0.121162 0.000604686 9.9991E-05 0.0769347
9.9955E-05 0.0493265 0.00685451 9.9955E-05 9.9955E-05 0.922077 9.9955E-05 9.9955E-05 0.0212421
9.993E-05 9.993E-05 9.993E-05 9.993E-05 9.993E-05 0.999201 9.993E-05 9.993E-05 9.993E-05
9.9946E-05 9.9946E-05 9.9946E-05 9.9946E-05 0.0091289 0.985793 9.9946E-05 9.9946E-05 0.00447883
0.100421 0.245408 0.259128 0.0331664 0.145517 0.143259 9.9982E-05 9.9982E-05 0.0728996
0.086942 0.285599 0.243254 0.0661659 0.107859 0.122382 9.9982E-05 9.9982E-05 0.0875973
0.0699443 0.294511 0.231413 0.0477551 0.108706 0.135504 9.9982E-05 9.9982E-05 0.111966
0.0746217 0.252048 0.246534 0.060671 0.0976278 0.193836 9.9982E-05 9.9982E-05 0.0744616
0.0187933 0.331192 0.226199 0.0575055 0.129635 0.111531 9.9982E-05 9.9982E-05 0.124944
0.184877 0.239452 0.224107 0.0167564 0.0547666 0.0671632 9.9991E-05 0.0263499 0.186428
0.134768 0.28016 0.174301 0.0346048 0.0646337 0.16485 0.00576698 9.9991E-05 0.140815
0.0279579 0.402985 0.222962 9.9973E-05 0.0860102 0.120937 9.9973E-05 9.9973E-05 0.138848
0.0419081 0.319462 0.134563 0.0611481 0.078788 0.224649 9.9982E-05 9.9982E-05 0.139282
0.0628968 0.275587 0.167505 0.0492651 0.0759066 0.224787 9.9982E-05 9.9982E-05 0.143852
0.108359 0.3714 0.157216 0.0548852 0.101428 0.108832 9.9991E-05 0.00987437 0.0879042
0.0653559 0.360183 0.110871 0.0336534 0.0624882 0.190034 9.9982E-05 9.9982E-05 0.177214
9.9982E-05 0.433841 0.214913 0.0678935 0.0833805 0.0738275 0.0307683 9.9982E-05 0.0951756
0.00580361 0.39123 0.225662 0.0517464 0.0827298 0.116671 9.9991E-05 0.0478262 0.0782323
9.9955E-05 0.0695953 0.906974 0.0193087 0.0036221 9.9955E-05 9.9955E-05 9.9955E-05 9.9955E-05
0.0457981 9.9973E-05 0.854805 9.9973E-05 0.0531825 0.00737156 9.9973E-05 0.0223979 0.0161451
9.993E-05 9.993E-05 0.999201 9.993E-05 9.993E-05 9.993E-05 9.993E-05 9.993E-05 9.993E-05
9.993E-05 9.993E-05 0.999201 9.993E-05 9.993E-05 9.993E-05 9.993E-05 9.993E-05 9.993E-05
9.9937E-05 9.9937E-05 0.983107 9.9937E-05 0.0161932 9.9937E-05 9.9937E-05 9.9937E-05 9.9937E-05
9.993E-05 9.993E-05 0.999201 9.993E-05 9.993E-05 9.993E-05 9.993E-05 9.993E-05 9.993E-05
0.000226415 9.9946E-05 0.972204 9.9946E-05 9.9946E-05 9.9946E-05 9.9946E-05 9.9946E-05 0.0269695
9.9964E-05 0.0374812 0.795031 9.9964E-05 0.00472995 9.9964E-05 0.0374298 9.9964E-05 0.124928
9.9946E-05 9.9946E-05 0.958932 0.0312224 0.00924593 9.9946E-05 9.9946E-05 9.9946E-05 9.9946E-05
9.993E-05 9.993E-05 0.999201 9.993E-05 9.993E-05 9.993E-05 9.993E-05 9.993E-05 9.993E-05
9.9973E-05 9.9973E-05 0.854182 0.00114437 9.9973E-05 0.0152531 0.00623438 0.0405595 0.082327
9.9937E-05 9.9937E-05 0.995731 9.9937E-05 0.00356895 9.9937E-05 9.9937E-05 9.9937E-05 9.9937E-05
9.9964E-05 0.149099 0.695017 0.0752049 9.9964E-05 0.0158236 9.9964E-05 9.9964E-05 0.0644554
9.993E-05 9.993E-05 9.993E-05 0.999201 9.993E-05 9.993E-05 9.993E-05 9.993E-05 9.993E-05
9.9982E-05 0.416104 0.17588 0.0744758 0.0538179 0.164429 9.9982E-05 0.0500094 0.0650849
9.993E-05 9.993E-05 9.993E-05 0.999201 9.993E-05 9.993E-05 9.993E-05 9.993E-05 9.993E-05
9.993E-05 9.993E-05 9.993E-05 0.999201 9.993E-05 9.993E-05 9.993E-05 9.993E-05 9.993E-05
9.99461E-05 9.99461E-05 9.99461E-05 0.917225 9.99461E-05 9.99461E-05 0.0148492 9.99461E-05 0.0673261
0.0447205 0.103391 0.0448514 0.760908 0.0211342 0.0149617 0.00983302 9.9982E-05 9.9982E-05
9.993E-05 9.993E-05 9.993E-05 0.999201 9.993E-05 9.993E-05 9.993E-05 9.993E-05 9.993E-05
9.9955E-05 0.0858459 0.0201813 0.872291 9.9955E-05 9.9955E-05 9.9955E-05 9.9955E-05 0.0211824
9.99371E-05 9.99371E-05 9.99371E-05 0.986314 9.99371E-05 9.99371E-05 9.99371E-05 9.99371E-05 0.0129866
0.0245835 0.00480116 0.0315249 0.928429 0.0102613 9.9964E-05 9.9964E-05 9.9964E-05 9.9964E-05
9.993E-05 9.993E-05 9.993E-05 0.999201 9.993E-05 9.993E-05 9.993E-05 9.993E-05 9.993E-05
9.99371E-05 9.99371E-05 9.99371E-05 0.978078 0.021222 9.99371E-05 9.99371E-05 9.99371E-05 9.99371E-05
0.00587288 0.00680575 0.0160668 0.941593 0.00625445 0.023107 9.9973E-05 9.9973E-05 9.9973E-05
9.9982E-05 0.0553725 0.0341219 0.773982 0.0378283 0.0301879 9.9982E-05 0.0541765 0.0141309
9.99567E-05 9.99567E-05 0.0063705 0.962717 0.00721539 9.99567E-05 0.0231969 9.99567E-05 9.99567E-05
9.9964E-05 0.167377 0.0286293 0.781325 9.9964E-05 0.0160855 0.00618333 9.9964E-05 9.9964E-05
9.9973E-05 0.0843861 9.9973E-05 0.850697 0.0421312 9.9973E-05 0.0047872 0.0132004 0.00449806
9.9973E-05 0.0385244 9.9973E-05 0.874879 0.0429812 9.9973E-05 0.0265267 0.0138833 0.00290543
9.9955E-05 0.0488398 0.0064218 0.940119 9.9955E-05 0.00411919 9.9955E-05 9.9955E-05 9.9955E-05
9.9982E-05 0.358241 0.0898589 0.0586947 0.275569 0.0606495 0.0402952 9.9982E-05 0.116491
9.9982E-05 0.415889 0.0848744 0.0394309 0.299275 0.0628198 0.0144031 9.9982E-05 0.0831083
0.0183277 0.392536 0.0806755 0.0651215 0.235862 0.0592598 0.0392675 9.9991E-05 0.10885
0.0215234 0.415442 0.0524522 0.0608205 0.253087 0.0318956 0.0465153 9.9991E-05 0.118163
0.00204157 0.0126741 0.0146099 0.00199295 9.9964E-05 9.9964E-05 9.9964E-05 9.9964E-05 0.968282
9.993E-05 9.993E-05 9.993E-05 9.993E-05 9.993E-05 9.993E-05 9.993E-05 9.993E-05 0.999201
9.9955E-05 9.9955E-05 0.00605851 0.00954211 0.0189423 9.9955E-05 9.9955E-05 9.9955E-05 0.964957
9.993E-05 9.993E-05 9.993E-05 9.993E-05 9.993E-05 9.993E-05 9.993E-05 9.993E-05 0.999201
9.9937E-05 9.9937E-05 9.9937E-05 9.9937E-05 0.00611607 9.9937E-05 9.9937E-05 9.9937E-05 0.993184
9.9955E-05 9.9955E-05 0.000980239 0.00310982 9.9955E-05 0.00857481 9.9955E-05 9.9955E-05 0.986835
9.9955E-05 0.0301572 9.9955E-05 0.0159726 9.9955E-05 9.9955E-05 0.0113302 9.9955E-05 0.94204
0.0785635 0.0621539 0.0294915 0.0376691 0.00605095 0.0161993 0.0524613 9.9991E-05 0.71731
0.0237286 0.0669113 9.9982E-05 0.00341587 0.00814337 0.0108277 0.000367476 9.9982E-05 0.886406
9.9964E-05 0.027114 0.00405743 9.9964E-05 0.963348 9.9964E-05 9.9964E-05 0.00157663 0.00350425
9.993E-05 9.993E-05 9.993E-05 9.993E-05 0.999201 9.993E-05 9.993E-05 9.993E-05 9.993E-05
9.993E-05 9.993E-05 9.993E-05 9.993E-05 0.999201 9.993E-05 9.993E-05 9.993E-05 9.993E-05
9.9937E-05 9.9937E-05 9.9937E-05 9.9937E-05 0.994546 0.0047541 9.9937E-05 9.9937E-05 9.9937E-05
9.99371E-05 9.99371E-05 9.99371E-05 9.99371E-05 0.973338 9.99371E-05 9.99371E-05 9.99371E-05 0.0259627
0.0512893 9.9964E-05 9.9964E-05 9.9964E-05 0.913265 0.0117835 0.0154384 9.9964E-05 0.00782352
9.993E-05 9.993E-05 9.993E-05 9.993E-05 0.999201 9.993E-05 9.993E-05 9.993E-05 9.993E-05
9.993E-05 9.993E-05 9.993E-05 9.993E-05 0.999201 9.993E-05 9.993E-05 9.993E-05 9.993E-05
9.993E-05 9.993E-05 9.993E-05 9.993E-05 0.999201 9.993E-05 9.993E-05 9.993E-05 9.993E-05
9.9955E-05 9.9955E-05 0.00597624 0.0148116 0.963901 9.9955E-05 0.0148119 9.9955E-05 9.9955E-05
9.993E-05 9.993E-05 9.993E-05 9.993E-05 0.999201 9.993E-05 9.993E-05 9.993E-05 9.993E-05
9.99371E-05 9.99371E-05 9.99371E-05 9.99371E-05 0.994963 9.99371E-05 9.99371E-05 0.00433736 9.99371E-05
