9.993E-05 0.999201 9.993E-05 9.993E-05 9.993E-05 9.993E-05 9.993E-05 9.993E-05 9.993E-05
0.096481 0.266196 9.9964E-05 0.00818572 9.9964E-05 9.9964E-05 0.572933 9.9964E-05 0.0558041
0.0577907 0.243869 9.9955E-05 9.9955E-05 9.9955E-05 9.9955E-05 0.60944 9.9955E-05 0.0884003
9.99461E-05 0.185551 9.99461E-05 9.99461E-05 9.99461E-05 9.99461E-05 0.714343 0.0995062 9.99461E-05
9.9973E-05 0.0989684 9.9973E-05 0.0793645 0.0044435 0.0305593 0.711826 0.0745379 9.9973E-05
0.0243982 0.172243 0.0171768 9.9973E-05 9.9973E-05 9.9973E-05 0.540103 0.188359 0.0574199
9.9946E-05 0.280884 9.9946E-05 9.9946E-05 9.9946E-05 9.9946E-05 0.711629 0.00688822 9.9946E-05
0.0177108 0.291102 9.9964E-05 9.9964E-05 9.9964E-05 9.9964E-05 0.520802 0.100138 0.0698474
0.0353221 0.177463 9.9973E-05 0.0330494 9.9973E-05 9.9973E-05 0.655164 0.0558567 0.0428448
9.993E-05 0.999201 9.993E-05 9.993E-05 9.993E-05 9.993E-05 9.993E-05 9.993E-05 9.993E-05
9.993E-05 0.999201 9.993E-05 9.993E-05 9.993E-05 9.993E-05 9.993E-05 9.993E-05 9.993E-05
9.993E-05 0.999201 9.993E-05 9.993E-05 9.993E-05 9.993E-05 9.993E-05 9.993E-05 9.993E-05
9.9937E-05 0.998067 9.9937E-05 9.9937E-05 0.00123316 9.9937E-05 9.9937E-05 9.9937E-05 9.9937E-05
9.9955E-05 0.909156 9.9955E-05 9.9955E-05 9.9955E-05 0.0610056 0.0134353 0.0159038 9.9955E-05
0.000382504 0.932789 9.9973E-05 9.9973E-05 0.00684674 0.0165113 9.9973E-05 0.0305679 0.0126027
9.9964E-05 0.169948 9.9964E-05 0.0659748 9.9964E-05 9.9964E-05 0.538724 0.163784 0.0611696
0.0209581 0.19671 9.9991E-05 0.0571785 0.0355112 0.0572894 0.385121 0.168063 0.0790685
0.0225031 0.133521 9.9964E-05 9.9964E-05 9.9964E-05 9.9964E-05 0.737794 0.0736781 0.0321048
0.0277489 9.9955E-05 9.9955E-05 0.0242174 9.9955E-05 0.0551627 0.892371 9.9955E-05 9.9955E-05
9.9964E-05 9.9964E-05 0.0418242 0.0133365 0.0435368 0.040875 0.860028 9.9964E-05 9.9964E-05
0.00523227 0.0177787 0.111263 0.0372899 9.9964E-05 9.9964E-05 0.828036 9.9964E-05 9.9964E-05
9.9964E-05 9.9964E-05 0.0587852 9.9964E-05 0.0286459 0.100116 0.739913 9.9964E-05 0.0721395
9.9973E-05 9.9973E-05 0.0111487 0.0513532 0.0070202 0.103506 0.800974 9.9973E-05 0.0256974
0.00304669 9.9964E-05 9.9964E-05 9.9964E-05 0.0319626 0.0248478 0.893673 9.9964E-05 0.0460698
9.9964E-05 9.9964E-05 0.04807 0.0326031 0.0321963 9.9964E-05 0.859018 0.0277127 9.9964E-05
9.9973E-05 9.9973E-05 0.0945058 0.0793831 0.0551088 9.9973E-05 0.590348 0.148932 0.0314221
9.9973E-05 9.9973E-05 0.104866 0.0968505 9.9973E-05 0.0338233 0.672258 0.0195757 0.0723275
9.9955E-05 9.9955E-05 9.9955E-05 9.9955E-05 0.0155671 9.9955E-05 0.92547 0.0509126 0.00755005
9.999E-05 0.0331093 0.134044 0.0218875 0.0382418 0.0124023 0.742956 0.0152845 0.00197449
9.9946E-05 0.0192295 0.0635277 9.9946E-05 9.9946E-05 9.9946E-05 0.916643 9.9946E-05 9.9946E-05
0.0171936 0.0155936 9.9973E-05 0.00962064 0.00634993 0.0555901 0.895352 9.9973E-05 9.9973E-05
0.0240382 9.9991E-05 0.0249057 0.0362589 0.121243 0.0304677 0.723809 0.0281748 0.0110034
9.9973E-05 9.9973E-05 0.137159 0.0526944 0.00411552 0.0417176 0.710136 9.9973E-05 0.0538785
9.9982E-05 0.0344472 0.193486 9.9982E-05 0.0897493 0.00223618 0.606093 0.0227581 0.0510302
9.9973E-05 9.9973E-05 0.0473725 0.0031134 0.00600941 0.186253 0.747252 9.9973E-05 0.00969962
9.9946E-05 0.0323358 9.9946E-05 9.9946E-05 9.9946E-05 0.0202448 0.94682 9.9946E-05 9.9946E-05
9.9946E-05 9.9946E-05 0.241787 9.9946E-05 9.9946E-05 9.9946E-05 0.487059 0.270554 9.9946E-05
9.9973E-05 9.9973E-05 0.340916 0.0521841 9.9973E-05 0.0399322 0.521007 0.0380779 0.00758289
0.0270189 9.9973E-05 0.239579 0.0768024 9.9973E-05 9.9973E-05 0.522586 0.0905039 0.0432102
9.9964E-05 9.9964E-05 0.34257 0.0375977 9.9964E-05 0.01748 0.541345 0.0606074 9.9964E-05
0.0769771 9.9973E-05 9.9973E-05 0.0384627 0.101621 9.9973E-05 0.107331 0.623479 0.0518288
0.0145872 9.9982E-05 0.0265596 0.0639648 0.0914059 9.9982E-05 0.106737 0.617199 0.0793467
0.0451693 0.0427588 9.9982E-05 9.9982E-05 0.0849925 0.0149498 0.212839 0.530752 0.0683384
0.0298593 0.00218404 0.0730623 0.0325667 0.0516091 9.9991E-05 0.0605012 0.727518 0.0225995
9.9973E-05 9.9973E-05 0.169086 0.0713167 0.0377853 9.9973E-05 0.252762 0.436531 0.0322187
9.993E-05 9.993E-05 9.993E-05 9.993E-05 9.993E-05 9.993E-05 9.993E-05 0.999201 9.993E-05
9.993E-05 9.993E-05 9.993E-05 9.993E-05 9.993E-05 9.993E-05 9.993E-05 0.999201 9.993E-05
9.9973E-05 9.9973E-05 0.123995 0.0291202 0.0665658 9.9973E-05 0.337045 0.359495 0.0834794
9.9982E-05 0.0716178 0.146474 0.0944549 0.0624625 9.9982E-05 0.144816 0.442153 0.0378225
0.0349926 0.0891548 0.0528499 0.00851402 0.0982182 9.9991E-05 0.399607 0.299588 0.0169758
9.9973E-05 0.0316236 0.300763 0.0399607 9.9973E-05 9.9973E-05 0.217581 0.377742 0.0320297
9.9982E-05 9.9982E-05 0.0406653 0.0323807 0.0560447 0.037647 0.216336 0.57405 0.0426758
9.9946E-05 9.9946E-05 9.9946E-05 0.0241058 0.0245144 9.9946E-05 9.9946E-05 0.95078 9.9946E-05
9.9982E-05 0.0562471 0.384591 0.0376299 0.00195358 0.0687153 0.21116 0.239503 9.9982E-05
0.0177671 0.0533517 0.345739 0.0111697 0.0534544 0.0282361 0.202079 0.288103 9.9991E-05
0.0229736 9.9982E-05 0.0645848 0.00909221 0.0906422 9.9982E-05 0.216093 0.535215 0.0611986
9.999E-05 0.0676263 0.251278 0.0865804 0.00175012 0.00230823 0.235385 0.309663 0.0453092
0.03703 9.9982E-05 0.143653 0.08458 0.0300305 0.00780011 0.241327 0.45538 9.9982E-05
9.9937E-05 9.9937E-05 9.9937E-05 9.9937E-05 9.9937E-05 9.9937E-05 9.9937E-05 0.99809 0.00121007
9.9973E-05 0.0527481 0.306197 0.0568241 0.00281152 9.9973E-05 0.23904 0.342079 9.9973E-05
9.9973E-05 0.0065582 9.9973E-05 0.0937993 0.104649 0.0448624 0.183174 0.566658 9.9973E-05
0.0469929 0.0265333 0.0994836 9.9973E-05 0.13915 9.9973E-05 0.0670294 0.620511 9.9973E-05
0.0253586 0.0103663 0.137069 0.0498831 0.0340194 0.0553 0.127885 0.497833 0.0622864
0.0400609 9.9964E-05 9.9964E-05 9.9964E-05 0.0114578 0.0638793 9.9964E-05 0.877021 0.00718098
9.9973E-05 0.00771418 0.147367 0.0382667 0.0648621 9.9973E-05 0.153086 0.588404 9.9973E-05
0.00717911 9.9955E-05 9.9955E-05 9.9955E-05 0.0113197 0.0798989 9.9955E-05 0.901102 9.9955E-05
0.0339981 9.9946E-05 0.306026 9.9946E-05 9.9946E-05 9.9946E-05 9.9946E-05 0.659376 9.9946E-05
9.9955E-05 9.9955E-05 9.9955E-05 9.9955E-05 0.039698 0.113728 9.9955E-05 0.814316 0.0317589
0.000527611 9.9991E-05 0.167101 0.0358299 0.0203078 0.0155624 0.294844 0.439662 0.0260657
0.00100546 9.9955E-05 9.9955E-05 9.9955E-05 0.0310257 0.0269211 9.9955E-05 0.940548 9.9955E-05
0.0705708 0.0487953 0.0576644 9.9982E-05 0.0478435 9.9982E-05 0.0812871 0.631851 0.0617878
0.024948 9.9991E-05 0.290235 0.0333389 0.0663173 0.00419905 0.0617237 0.430151 0.088987
0.0139416 0.0748374 0.0597307 0.0549648 9.9973E-05 9.9973E-05 9.9973E-05 0.792206 0.00401967
9.9964E-05 0.0709131 0.123141 0.0531237 9.9964E-05 9.9964E-05 9.9964E-05 0.738798 0.0136245
9.9973E-05 0.062283 0.390775 9.9973E-05 0.0446838 0.0440424 9.9973E-05 0.454342 0.0035741
9.9964E-05 0.00117903 0.270896 0.0945897 9.9964E-05 9.9964E-05 0.0229728 0.609963 9.9964E-05
0.0885509 9.9955E-05 0.132707 9.9955E-05 9.9955E-05 0.00427466 9.9955E-05 0.773967 9.9955E-05
0.0617146 0.0117743 0.251114 9.9991E-05 0.0345657 0.106896 0.0188486 0.50518 0.00980719
9.99461E-05 9.99461E-05 0.97733 0.0173392 9.99461E-05 9.99461E-05 9.99461E-05 9.99461E-05 0.00473153
9.993E-05 9.993E-05 0.999201 9.993E-05 9.993E-05 9.993E-05 9.993E-05 9.993E-05 9.993E-05
9.99371E-05 0.0113259 0.987975 9.99371E-05 9.99371E-05 9.99371E-05 9.99371E-05 9.99371E-05 9.99371E-05
9.993E-05 9.993E-05 0.999201 9.993E-05 9.993E-05 9.993E-05 9.993E-05 9.993E-05 9.993E-05
9.99371E-05 9.99371E-05 0.98999 9.99371E-05 9.99371E-05 9.99371E-05 9.99371E-05 9.99371E-05 0.00931021
0.0743219 0.00567423 0.487961 0.046909 0.0682793 9.9982E-05 0.126021 0.190633 9.9982E-05
0.164641 9.9991E-05 0.473983 0.0199227 0.0378049 0.0045078 0.115099 0.149649 0.0342926
0.0897302 0.00430119 0.585701 0.0205906 0.00169874 9.9991E-05 0.0622574 0.187557 0.0480641
0.067377 0.0395204 0.491835 0.0293812 0.042407 9.9991E-05 0.143952 0.12116 0.0642678
0.105591 0.0201153 0.467188 0.0469046 0.0859973 9.9982E-05 0.0873 0.186704 9.9982E-05
0.0300641 9.9982E-05 0.598757 0.049624 9.9982E-05 0.038091 0.0453551 0.194734 0.0431748
0.0757047 0.00626658 0.365947 0.116029 0.12123 9.9991E-05 0.0357619 0.182558 0.096402
0.0842481 0.0310965 0.254745 9.9991E-05 0.0337306 0.202698 0.0488901 0.294172 0.0503185
0.0562117 0.0227033 0.254914 9.9991E-05 0.0596197 0.167226 0.0381361 0.339598 0.0614909
0.161703 0.0197246 0.40626 0.149316 0.0197524 0.0103629 0.0491028 0.112916 0.070862
0.919737 0.00210603 0.0167868 9.9991E-05 0.0182942 0.00112989 0.00592199 0.0297342 0.00618984
0.915508 0.0184998 0.00718375 9.9964E-05 0.0417088 9.9964E-05 0.0167001 9.9964E-05 9.9964E-05
0.825895 0.00529285 0.019384 0.000717107 0.00165008 0.0583047 0.0103928 0.0234338 0.0549293
0.984425 9.99371E-05 9.99371E-05 9.99371E-05 9.99371E-05 9.99371E-05 9.99371E-05 9.99371E-05 0.0148754
0.999201 9.993E-05 9.993E-05 9.993E-05 9.993E-05 9.993E-05 9.993E-05 9.993E-05 9.993E-05
0.999201 9.993E-05 9.993E-05 9.993E-05 9.993E-05 9.993E-05 9.993E-05 9.993E-05 9.993E-05
0.986146 9.99371E-05 9.99371E-05 9.99371E-05 9.99371E-05 9.99371E-05 0.0131543 9.99371E-05 9.99371E-05
0.856656 9.9964E-05 0.0338715 9.9964E-05 9.9964E-05 9.9964E-05 0.101037 0.0041792 0.00385611
0.996634 9.99371E-05 9.99371E-05 0.00266625 9.99371E-05 9.99371E-05 9.99371E-05 9.99371E-05 9.99371E-05
0.999201 9.993E-05 9.993E-05 9.993E-05 9.993E-05 9.993E-05 9.993E-05 9.993E-05 9.993E-05
0.024715 0.00270944 0.465445 0.0740018 0.210175 0.0378741 0.0845531 0.0357411 0.0647849
0.899663 9.9955E-05 9.9955E-05 0.00658399 0.00127579 9.9955E-05 9.9955E-05 0.0919778 9.9955E-05
0.996705 0.000974851 9.99461E-05 0.00172083 9.99461E-05 9.99461E-05 9.99461E-05 9.99461E-05 9.99461E-05
0.974272 9.9937E-05 9.9937E-05 9.9937E-05 9.9937E-05 0.0250287 9.9937E-05 9.9937E-05 9.9937E-05
9.9937E-05 9.9937E-05 0.93742 9.9937E-05 0.0618804 9.9937E-05 9.9937E-05 9.9937E-05 9.9937E-05
9.993E-05 9.993E-05 0.999201 9.993E-05 9.993E-05 9.993E-05 9.993E-05 9.993E-05 9.993E-05
9.993E-05 9.993E-05 0.999201 9.993E-05 9.993E-05 9.993E-05 9.993E-05 9.993E-05 9.993E-05
9.993E-05 9.993E-05 0.999201 9.993E-05 9.993E-05 9.993E-05 9.993E-05 9.993E-05 9.993E-05
0.0135709 9.9964E-05 0.813811 0.00485265 0.135339 0.0320261 9.9964E-05 9.9964E-05 9.9964E-05
9.9955E-05 9.9955E-05 0.760129 9.9955E-05 0.0642369 0.0644858 0.110649 9.9955E-05 9.9955E-05
0.0499923 0.0420724 0.824874 9.9964E-05 0.0284988 0.0541628 9.9964E-05 9.9964E-05 9.9964E-05
0.0255236 9.9964E-05 0.798485 0.0114475 0.116284 0.0478603 9.9964E-05 9.9964E-05 9.9964E-05
0.112954 9.9955E-05 0.816941 9.9955E-05 9.9955E-05 0.0233286 9.9955E-05 9.9955E-05 0.046276
0.0901702 9.9955E-05 0.858415 9.9955E-05 9.9955E-05 0.0213589 9.9955E-05 9.9955E-05 0.0295563
0.00670688 9.9982E-05 0.762701 0.0492754 0.0572664 0.0140681 0.0600797 9.9982E-05 0.0497024
0.081694 9.9955E-05 0.845228 9.9955E-05 9.9955E-05 0.0710845 9.9955E-05 9.9955E-05 0.00149364
9.9982E-05 0.0104229 0.758906 0.0400362 0.0685946 0.0325398 9.9982E-05 0.0516657 0.0376353
0.0523648 0.00942225 0.692733 0.0450388 0.108196 0.0104942 0.023362 0.0289968 0.0293926
9.993E-05 9.993E-05 9.993E-05 9.993E-05 9.993E-05 9.993E-05 9.993E-05 9.993E-05 0.999201
0.109753 9.9982E-05 0.584488 0.00243797 0.103659 0.0258194 9.9982E-05 0.112083 0.0615596
9.993E-05 9.993E-05 9.993E-05 9.993E-05 9.993E-05 9.993E-05 9.993E-05 9.993E-05 0.999201
9.993E-05 9.993E-05 9.993E-05 9.993E-05 9.993E-05 9.993E-05 9.993E-05 9.993E-05 0.999201
0.00530872 9.99461E-05 9.99461E-05 9.99461E-05 9.99461E-05 0.0464885 9.99461E-05 9.99461E-05 0.947603
0.0056493 9.9973E-05 9.9973E-05 0.0634539 0.065232 0.0293537 0.0167662 9.9973E-05 0.819245
9.993E-05 9.993E-05 9.993E-05 9.993E-05 9.993E-05 9.993E-05 9.993E-05 9.993E-05 0.999201
9.9955E-05 9.9955E-05 9.9955E-05 9.9955E-05 0.0511038 0.0153012 9.9955E-05 0.073321 0.859774
9.9937E-05 9.9937E-05 9.9937E-05 9.9937E-05 9.9937E-05 0.00827361 9.9937E-05 9.9937E-05 0.991027
0.00458706 9.9955E-05 0.00743948 9.9955E-05 0.0301058 9.9955E-05 9.9955E-05 9.9955E-05 0.957368
9.9937E-05 0.00527101 9.9937E-05 9.9937E-05 9.9937E-05 9.9937E-05 9.9937E-05 9.9937E-05 0.994029
9.99371E-05 9.99371E-05 9.99371E-05 9.99371E-05 9.99371E-05 9.99371E-05 9.99371E-05 0.0385558 0.960745
9.9946E-05 9.9946E-05 9.9946E-05 9.9946E-05 0.0105303 9.9946E-05 0.021075 9.9946E-05 0.967795
0.0287573 9.9982E-05 0.0090889 0.0726371 0.0259302 9.9982E-05 0.00448445 0.00637202 0.85253
9.9973E-05 0.0151936 0.0171103 0.0012808 9.9973E-05 0.0134045 9.9973E-05 0.00923764 0.943473
0.0207587 9.9973E-05 9.9973E-05 0.00596009 0.0137574 0.0556021 9.9973E-05 0.0170794 0.886542
0.0168951 9.9973E-05 0.045521 0.0271367 0.0401936 0.0133413 9.9973E-05 9.9973E-05 0.856612
0.0151604 0.0146945 0.0270276 0.0395506 9.9973E-05 0.00692446 9.9973E-05 9.9973E-05 0.896343
9.9964E-05 9.9964E-05 0.00244696 9.9964E-05 0.0494459 0.0207239 9.9964E-05 0.0292415 0.897742
9.9955E-05 9.9955E-05 9.9955E-05 0.0257575 0.951642 0.0155978 9.9955E-05 9.9955E-05 0.00650313
0.0248115 9.9973E-05 9.9973E-05 0.0379917 0.899814 0.0227688 0.0137572 9.9973E-05 0.000557113
9.993E-05 9.993E-05 9.993E-05 9.993E-05 0.999201 9.993E-05 9.993E-05 9.993E-05 9.993E-05
0.00293388 9.9964E-05 9.9964E-05 0.0182968 0.970802 0.00581312 9.9964E-05 0.00175446 9.9964E-05
9.993E-05 9.993E-05 9.993E-05 9.993E-05 0.999201 9.993E-05 9.993E-05 9.993E-05 9.993E-05
9.993E-05 9.993E-05 9.993E-05 9.993E-05 0.999201 9.993E-05 9.993E-05 9.993E-05 9.993E-05
9.9964E-05 9.9964E-05 0.00125433 9.9964E-05 0.956875 0.00833313 0.0107206 0.0224168 9.9964E-05
9.9964E-05 0.050147 9.9964E-05 9.9964E-05 0.764267 0.100642 0.000335852 0.0842083 9.9964E-05
9.9955E-05 0.00291338 9.9955E-05 0.0389046 0.955729 9.9955E-05 9.9955E-05 9.9955E-05 0.00195334
9.9946E-05 9.9946E-05 0.00904664 9.9946E-05 0.98767 9.9946E-05 9.9946E-05 9.9946E-05 0.00268325
0.0692199 0.0109857 9.9973E-05 9.9973E-05 0.845712 0.063248 0.0100351 9.9973E-05 0.00049907
0.00394905 9.9937E-05 9.9937E-05 9.9937E-05 0.995351 9.9937E-05 9.9937E-05 9.9937E-05 9.9937E-05
0.00758723 9.9973E-05 0.0439577 9.9973E-05 0.732932 0.0360608 9.9973E-05 0.111492 0.06767
0.0499896 0.0413902 0.350796 0.281607 0.0295532 0.121343 9.9991E-05 0.0835023 0.041719
9.9982E-05 0.0483943 0.402093 0.243266 9.9982E-05 0.12403 0.00428792 0.156072 0.0216572
0.0559219 0.0372494 0.255083 0.280183 9.9982E-05 0.130729 9.9982E-05 0.171813 0.068822
0.0307201 0.0427716 0.303054 0.257542 9.9982E-05 0.108331 9.9982E-05 0.167116 0.0902651
0.00693539 9.9955E-05 9.9955E-05 9.9955E-05 0.0343836 0.914584 0.0435976 9.9955E-05 9.9955E-05
9.993E-05 9.993E-05 9.993E-05 9.993E-05 9.993E-05 0.999201 9.993E-05 9.993E-05 9.993E-05
9.9955E-05 0.000187676 0.00370914 0.00545814 9.9955E-05 0.990145 9.9955E-05 9.9955E-05 9.9955E-05
9.993E-05 9.993E-05 9.993E-05 9.993E-05 9.993E-05 0.999201 9.993E-05 9.993E-05 9.993E-05
9.9973E-05 0.00226903 0.00694607 0.0185628 0.0127332 0.941382 9.9973E-05 9.9973E-05 0.0178072
0.0227252 9.9982E-05 0.0241525 0.0310146 0.00370148 0.884904 9.9982E-05 0.028568 0.00473404
9.9955E-05 9.9955E-05 0.0265358 0.0614426 9.9955E-05 0.893298 9.9955E-05 0.0182234 9.9955E-05
9.9982E-05 9.9982E-05 0.148674 0.0142063 0.0243446 0.71236 0.0262923 0.0453796 0.0285439
0.0186234 9.9982E-05 9.9982E-05 0.00793425 0.00947686 0.865198 0.0479954 0.0396984 0.0108733
0.000575714 0.0122368 0.0295571 0.91211 9.9973E-05 9.9973E-05 9.9973E-05 0.0387746 0.00644613
9.9946E-05 9.9946E-05 9.9946E-05 0.989077 0.00169586 0.00862751 9.9946E-05 9.9946E-05 9.9946E-05
9.993E-05 9.993E-05 9.993E-05 0.999201 9.993E-05 9.993E-05 9.993E-05 9.993E-05 9.993E-05
9.993E-05 9.993E-05 9.993E-05 0.999201 9.993E-05 9.993E-05 9.993E-05 9.993E-05 9.993E-05
9.993E-05 9.993E-05 9.993E-05 0.999201 9.993E-05 9.993E-05 9.993E-05 9.993E-05 9.993E-05
9.9973E-05 0.0110817 0.109979 0.813767 9.9973E-05 0.0244829 0.013036 0.027354 9.9973E-05
9.993E-05 9.993E-05 9.993E-05 0.999201 9.993E-05 9.993E-05 9.993E-05 9.993E-05 9.993E-05
9.993E-05 9.993E-05 9.993E-05 0.999201 9.993E-05 9.993E-05 9.993E-05 9.993E-05 9.993E-05
9.99371E-05 9.99371E-05 9.99371E-05 0.99877 9.99371E-05 9.99371E-05 9.99371E-05 9.99371E-05 0.000530524
0.0274929 9.9964E-05 9.9964E-05 0.914356 0.0122489 0.0112606 9.9964E-05 9.9964E-05 0.0342421
9.993E-05 9.993E-05 9.993E-05 0.999201 9.993E-05 9.993E-05 9.993E-05 9.993E-05 9.993E-05
0.00387492 9.9946E-05 9.9946E-05 0.983603 9.9946E-05 0.011922 9.9946E-05 9.9946E-05 9.9946E-05
