9.993E-05 9.993E-05 9.993E-05 9.993E-05 9.993E-05 9.993E-05 0.999201 9.993E-05 9.993E-05
9.9955E-05 0.0731666 9.9955E-05 0.0147915 9.9955E-05 9.9955E-05 0.862823 9.9955E-05 0.0487191
9.993E-05 9.993E-05 9.993E-05 9.993E-05 9.993E-05 9.993E-05 9.993E-05 0.999201 9.993E-05
0.0439838 9.9955E-05 9.9955E-05 0.0327337 0.146131 9.9955E-05 9.9955E-05 0.776652 9.9955E-05
0.149722 9.9955E-05 9.9955E-05 9.9955E-05 0.0384105 9.9955E-05 0.3597 0.451668 9.9955E-05
9.9946E-05 9.9946E-05 9.9946E-05 9.9946E-05 0.178234 9.9946E-05 0.671706 0.14946 9.9946E-05
0.0758015 0.0136684 9.9955E-05 0.00780889 9.9955E-05 9.9955E-05 0.902221 9.9955E-05 9.9955E-05
0.119782 9.9946E-05 9.9946E-05 9.9946E-05 9.9946E-05 0.0187228 0.860896 9.9946E-05 9.9946E-05
0.0656772 0.0581588 9.9955E-05 9.9955E-05 9.9955E-05 9.9955E-05 0.0847951 0.790869 9.9955E-05
0.0511338 0.0831096 0.262792 0.0358095 0.0144873 0.00983353 0.513561 0.0218965 0.00737724
9.9964E-05 9.9964E-05 9.9964E-05 0.0466549 0.328204 0.543409 9.9964E-05 0.0650419 0.0162903
9.993E-05 9.993E-05 9.993E-05 9.993E-05 9.993E-05 0.999201 9.993E-05 9.993E-05 9.993E-05
9.9937E-05 9.9937E-05 9.9937E-05 9.9937E-05 9.9937E-05 0.883804 0.115497 9.9937E-05 9.9937E-05
0.00988414 9.9982E-05 0.099867 0.0371171 0.0722716 0.719397 0.0140364 0.0472269 9.9982E-05
9.9964E-05 9.9964E-05 0.151587 0.066384 0.0137027 0.721947 9.9964E-05 0.0459791 9.9964E-05
9.9946E-05 9.9946E-05 9.9946E-05 9.9946E-05 0.544734 0.41748 0.0371859 9.9946E-05 9.9946E-05
9.993E-05 9.993E-05 9.993E-05 9.993E-05 0.999201 9.993E-05 9.993E-05 9.993E-05 9.993E-05
9.9973E-05 0.112146 0.0269266 0.00191426 0.642397 0.00432408 9.9973E-05 9.9973E-05 0.211992
0.0310596 0.0312357 0.0825965 0.00923549 9.9973E-05 0.830792 9.9973E-05 9.9973E-05 0.0147804
9.9946E-05 9.9946E-05 9.9946E-05 9.9946E-05 0.702948 0.201834 9.9946E-05 0.0946175 9.9946E-05
9.9973E-05 0.101555 0.0477439 9.9973E-05 0.578964 0.234663 0.0346801 9.9973E-05 0.00209383
0.0295599 0.0542415 9.9964E-05 9.9964E-05 0.588076 9.9964E-05 0.175358 0.152365 9.9964E-05
9.9955E-05 9.9955E-05 9.9955E-05 0.0251174 0.95429 0.00942268 0.0106702 9.9955E-05 9.9955E-05
9.9946E-05 0.0257106 0.0450799 9.9946E-05 0.92861 9.9946E-05 9.9946E-05 9.9946E-05 9.9946E-05
9.9973E-05 0.128871 0.113215 9.9973E-05 0.00465428 0.689052 9.9973E-05 0.031471 0.0324374
9.9964E-05 0.0847353 0.0420254 9.9964E-05 9.9964E-05 0.637945 0.159454 9.9964E-05 0.0754408
0.129476 0.0830258 0.0578295 9.9973E-05 0.116838 0.450704 9.9973E-05 9.9973E-05 0.161826
9.9964E-05 0.353416 0.0515071 9.9964E-05 0.00865314 0.477648 9.9964E-05 0.108377 9.9964E-05
0.0116285 0.225384 0.0504585 9.9973E-05 9.9973E-05 0.54995 0.0397642 9.9973E-05 0.122515
9.9946E-05 0.251744 9.9946E-05 9.9946E-05 9.9946E-05 0.724076 9.9946E-05 9.9946E-05 0.0235803
9.993E-05 9.993E-05 9.993E-05 9.993E-05 9.993E-05 9.993E-05 9.993E-05 9.993E-05 0.999201
9.9937E-05 9.9937E-05 9.9937E-05 9.9937E-05 9.9937E-05 9.9937E-05 0.0112407 9.9937E-05 0.98806
0.104184 0.0959089 0.788038 9.9964E-05 9.9964E-05 0.00031214 9.9964E-05 0.0111576 9.9964E-05
0.0483991 9.9937E-05 0.950901 9.9937E-05 9.9937E-05 9.9937E-05 9.9937E-05 9.9937E-05 9.9937E-05
9.9964E-05 9.9964E-05 0.659503 9.9964E-05 0.00923554 0.177574 9.9964E-05 0.0157631 0.137525
9.9955E-05 0.0126815 0.863745 9.9955E-05 9.9955E-05 9.9955E-05 9.9955E-05 0.107838 0.0152363
0.076823 9.9955E-05 0.650377 9.9955E-05 0.0712222 9.9955E-05 0.201078 9.9955E-05 9.9955E-05
9.9955E-05 0.0920372 0.74963 9.9955E-05 0.104529 9.9955E-05 9.9955E-05 9.9955E-05 0.053304
9.993E-05 9.993E-05 0.999201 9.993E-05 9.993E-05 9.993E-05 9.993E-05 9.993E-05 9.993E-05
0.054262 0.218708 0.555298 0.0453799 0.0437753 0.0673164 0.0150604 9.9982E-05 9.9982E-05
9.9946E-05 9.9946E-05 0.85155 9.9946E-05 9.9946E-05 9.9946E-05 0.000877575 9.9946E-05 0.146972
0.176396 0.214761 0.446786 9.9982E-05 9.9982E-05 0.0551243 0.0471276 0.0370108 0.0225947
9.996E-05 0.114427 0.671518 9.996E-05 9.996E-05 0.0751467 9.996E-05 0.0269494 0.111559
0.0152537 0.0398529 0.864018 0.0122549 0.0229994 0.045321 9.9973E-05 9.9973E-05 9.9973E-05
0.151011 0.0356344 0.0699044 9.9964E-05 9.9964E-05 0.0493152 9.9964E-05 9.9964E-05 0.693736
0.767866 0.0409058 9.9973E-05 0.0260947 9.9973E-05 0.101605 0.0307819 9.9973E-05 0.032446
0.816304 9.99461E-05 0.14743 0.0356656 9.99461E-05 9.99461E-05 9.99461E-05 9.99461E-05 9.99461E-05
0.952503 0.0467977 9.9937E-05 9.9937E-05 9.9937E-05 9.9937E-05 9.9937E-05 9.9937E-05 9.9937E-05
0.581726 9.9955E-05 0.0827041 9.9955E-05 9.9955E-05 0.191075 9.9955E-05 0.143995 9.9955E-05
0.38345 0.0885823 0.320965 9.9973E-05 9.9973E-05 0.0277818 9.9973E-05 0.0893335 0.089588
0.744935 0.127617 9.9964E-05 0.0152716 0.0772191 9.9964E-05 9.9964E-05 9.9964E-05 0.0345579
0.940267 9.9955E-05 0.0388903 9.9955E-05 0.00411984 9.9955E-05 0.0162233 9.9955E-05 9.9955E-05
0.661653 0.246953 9.9946E-05 9.9946E-05 0.0907947 9.9946E-05 9.9946E-05 9.9946E-05 9.9946E-05
0.686299 0.0737222 0.150629 9.9955E-05 0.0888508 9.9955E-05 9.9955E-05 9.9955E-05 9.9955E-05
0.941801 9.9955E-05 0.031808 9.9955E-05 9.9955E-05 9.9955E-05 9.9955E-05 0.0113303 0.0145611
0.839894 0.12511 9.9946E-05 0.0343959 9.9946E-05 9.9946E-05 9.9946E-05 9.9946E-05 9.9946E-05
0.0328284 0.761916 9.9964E-05 9.9964E-05 0.0539505 9.9964E-05 9.9964E-05 0.0327207 0.118184
0.0737377 0.70305 0.0263028 9.9973E-05 0.0230122 0.125965 9.9973E-05 0.047632 9.9973E-05
0.0992907 0.760893 9.9973E-05 9.9973E-05 0.0170538 9.9973E-05 0.0182587 0.0485791 0.0556243
0.0565753 0.623824 0.153166 9.9964E-05 9.9964E-05 0.00328558 0.162749 9.9964E-05 9.9964E-05
0.0459185 0.786803 9.9964E-05 9.9964E-05 0.0453898 9.9964E-05 0.0481699 9.9964E-05 0.0733188
9.9964E-05 0.453012 0.45137 0.0686215 9.9964E-05 9.9964E-05 0.0227368 0.0038592 9.9964E-05
0.0553385 0.796579 0.116061 9.9955E-05 0.0315217 9.9955E-05 9.9955E-05 9.9955E-05 9.9955E-05
9.99461E-05 0.984874 9.99461E-05 0.0126987 9.99461E-05 9.99461E-05 0.00182735 9.99461E-05 9.99461E-05
9.9955E-05 0.833881 0.143468 0.0151479 9.9955E-05 0.00700311 9.9955E-05 9.9955E-05 9.9955E-05
9.99371E-05 0.995237 9.99371E-05 9.99371E-05 9.99371E-05 0.00406325 9.99371E-05 9.99371E-05 9.99371E-05
9.9937E-05 0.942583 0.0567173 9.9937E-05 9.9937E-05 9.9937E-05 9.9937E-05 9.9937E-05 9.9937E-05
9.9937E-05 0.98785 9.9937E-05 9.9937E-05 9.9937E-05 9.9937E-05 9.9937E-05 0.0114509 9.9937E-05
9.9937E-05 0.993414 9.9937E-05 0.00588608 9.9937E-05 9.9937E-05 9.9937E-05 9.9937E-05 9.9937E-05
9.9937E-05 0.999058 9.9937E-05 9.9937E-05 9.9937E-05 9.9937E-05 9.9937E-05 0.000242466 9.9937E-05
9.99371E-05 0.936446 9.99371E-05 9.99371E-05 9.99371E-05 9.99371E-05 9.99371E-05 9.99371E-05 0.0628541
9.9964E-05 0.541933 0.305372 0.0272702 9.9964E-05 9.9964E-05 0.107588 9.9964E-05 0.0174361
9.99371E-05 0.983987 9.99371E-05 9.99371E-05 9.99371E-05 9.99371E-05 9.99371E-05 0.0153139 9.99371E-05
0.0385064 0.688023 0.159162 0.0680883 9.9973E-05 9.9973E-05 0.040335 9.9973E-05 0.0055847
0.0180085 0.363199 0.0379576 0.508603 0.0718317 9.9964E-05 9.9964E-05 9.9964E-05 9.9964E-05
9.993E-05 9.993E-05 9.993E-05 0.999201 9.993E-05 9.993E-05 9.993E-05 9.993E-05 9.993E-05
0.0243594 0.64746 0.181554 0.0581409 9.9973E-05 0.00357278 0.084613 9.9973E-05 9.9973E-05
