0.999201 9.993E-05 9.993E-05 9.993E-05 9.993E-05 9.993E-05 9.993E-05 9.993E-05 9.993E-05
0.245573 0.00390144 0.0608258 0.0950895 9.9964E-05 0.594211 9.9964E-05 9.9964E-05 9.9964E-05
0.26017 9.9955E-05 0.0623469 0.071084 9.9955E-05 0.605899 9.9955E-05 9.9955E-05 9.9955E-05
0.206614 9.99371E-05 9.99371E-05 9.99371E-05 9.99371E-05 0.792687 9.99371E-05 9.99371E-05 9.99371E-05
0.138142 0.0109902 9.9982E-05 0.0069033 0.10157 0.650227 9.9982E-05 0.0118829 0.080085
0.162453 9.9964E-05 0.0609658 0.0157201 9.9964E-05 0.657525 9.9964E-05 0.102936 9.9964E-05
0.270957 9.9946E-05 0.00322123 9.9946E-05 9.9946E-05 0.725222 9.9946E-05 9.9946E-05 9.9946E-05
0.290424 0.00698982 0.0460335 0.0160184 9.9982E-05 0.537506 0.00643003 0.0963988 9.9982E-05
0.183551 0.0330807 0.0661078 0.00589679 9.9973E-05 0.663997 9.9973E-05 0.0470662 9.9973E-05
0.999201 9.993E-05 9.993E-05 9.993E-05 9.993E-05 9.993E-05 9.993E-05 9.993E-05 9.993E-05
0.999201 9.993E-05 9.993E-05 9.993E-05 9.993E-05 9.993E-05 9.993E-05 9.993E-05 9.993E-05
0.999201 9.993E-05 9.993E-05 9.993E-05 9.993E-05 9.993E-05 9.993E-05 9.993E-05 9.993E-05
0.999201 9.993E-05 9.993E-05 9.993E-05 9.993E-05 9.993E-05 9.993E-05 9.993E-05 9.993E-05
0.929496 0.00605373 9.9955E-05 9.9955E-05 0.0309553 9.9955E-05 9.9955E-05 0.0329955 9.9955E-05
0.943073 9.9955E-05 0.00622536 9.9955E-05 9.9955E-05 9.9955E-05 0.0436381 0.00656358 9.9955E-05
0.169669 0.0198069 9.9964E-05 9.9964E-05 9.9964E-05 0.60786 0.0493023 0.152962 9.9964E-05
0.225862 0.0624583 0.107144 0.0476233 0.0631417 0.315572 0.0522832 0.0999955 0.02592
0.190237 0.0255362 0.00885092 9.9973E-05 9.9973E-05 0.739703 0.000290317 9.9973E-05 0.0350826
9.9955E-05 9.9955E-05 9.9955E-05 0.00322043 0.058888 0.904625 9.9955E-05 0.0327671 9.9955E-05
9.9955E-05 9.9955E-05 9.9955E-05 9.9955E-05 0.0302452 0.954752 0.00284904 9.9955E-05 0.0116543
0.0206816 0.0355958 9.9955E-05 9.9955E-05 9.9955E-05 0.862076 9.9955E-05 9.9955E-05 0.0811467
9.9973E-05 9.9973E-05 0.0806962 9.9973E-05 0.0977729 0.761429 0.0227926 0.0200337 0.0169756
9.9973E-05 0.0183491 0.0499303 9.9973E-05 0.0976648 0.79012 0.016219 9.9973E-05 0.0274166
0.0184315 9.9964E-05 0.0045723 9.9964E-05 0.0349245 0.90946 0.0322117 9.9964E-05 9.9964E-05
9.9955E-05 0.041153 9.9955E-05 0.00474391 9.9955E-05 0.806552 9.9955E-05 0.147052 9.9955E-05
9.9973E-05 0.0480301 9.9973E-05 9.9973E-05 0.0128217 0.683417 0.0743526 0.0749292 0.10615
9.9982E-05 0.0705441 0.0858982 9.9982E-05 0.0383007 0.7083 0.00931286 0.054339 0.0331054
9.9964E-05 9.9964E-05 0.0152475 9.9964E-05 0.0329615 0.923466 0.00378561 0.0241395 9.9964E-05
0.0151548 0.0329512 0.00475933 9.9991E-05 0.00119873 0.81555 0.0319383 0.00701971 0.0913276
0.0330309 9.9946E-05 9.9946E-05 9.9946E-05 9.9946E-05 0.923656 9.9946E-05 9.9946E-05 0.0427135
0.0386931 0.00976762 9.9964E-05 9.9964E-05 0.0619122 0.885219 0.0040079 9.9964E-05 9.9964E-05
9.9982E-05 0.0885061 0.0174961 9.9982E-05 0.0279488 0.763258 0.064321 0.0272898 0.0109805
9.9955E-05 0.0381455 0.04271 9.9955E-05 9.9955E-05 0.735639 9.9955E-05 9.9955E-05 0.183006
0.0651696 0.0166913 0.0534112 0.0151045 9.9991E-05 0.583676 0.106558 0.00714149 0.152148
9.9946E-05 9.9946E-05 9.9946E-05 9.9946E-05 0.109613 0.805534 9.9946E-05 9.9946E-05 0.0842534
0.0318704 0.0040662 9.9973E-05 9.9973E-05 0.0149381 0.948173 0.000243248 0.000409234 9.9973E-05
9.9964E-05 0.00697857 9.9964E-05 9.9964E-05 0.0190017 0.517594 9.9964E-05 0.287645 0.168381
9.9973E-05 0.0358254 0.034525 9.9973E-05 0.0883946 0.589518 0.00616094 9.9973E-05 0.245276
9.9973E-05 0.0567648 0.0485058 0.0275812 9.9973E-05 0.609283 9.9973E-05 0.0205565 0.237009
9.9964E-05 0.0190385 9.9964E-05 9.9964E-05 0.046358 0.552643 9.9964E-05 0.0439013 0.337659
9.9982E-05 0.0421318 0.0549406 0.0562403 9.9982E-05 0.187779 0.0582309 0.484932 0.115546
0.00286202 0.0617477 0.0681561 0.00803855 9.9991E-05 0.129461 0.113611 0.471758 0.144265
0.0342598 9.9973E-05 0.0848183 0.0468035 9.9973E-05 0.262735 0.119875 0.451208 9.9973E-05
9.9982E-05 0.0157479 0.0672328 0.0307875 9.9982E-05 0.182775 0.0591075 0.552057 0.0920924
9.9973E-05 0.0572025 0.0615445 9.9973E-05 9.9973E-05 0.215491 0.033705 0.426375 0.205382
9.993E-05 9.993E-05 9.993E-05 9.993E-05 9.993E-05 9.993E-05 9.993E-05 0.999201 9.993E-05
9.993E-05 9.993E-05 9.993E-05 9.993E-05 9.993E-05 9.993E-05 9.993E-05 0.999201 9.993E-05
9.999E-05 0.0298689 0.0291027 0.00925093 0.0145781 0.422962 0.0576775 0.382214 0.0542462
0.0703446 0.0646177 0.041735 9.9991E-05 0.00685682 0.159518 0.0650373 0.487196 0.104595
0.0877951 0.0192127 0.0175802 0.044933 0.0114472 0.376826 0.0773945 0.251009 0.113802
0.0317946 0.036016 0.0295609 9.9973E-05 9.9973E-05 0.253869 9.9973E-05 0.344509 0.30395
9.9982E-05 0.0150778 0.064359 9.9982E-05 0.0270124 0.220886 0.0360099 0.580789 0.0556652
0.00934501 0.0328829 0.0141532 9.9964E-05 9.9964E-05 0.00959279 9.9964E-05 0.933626 9.9964E-05
0.0500278 0.0300647 9.9982E-05 9.9982E-05 0.0701292 0.139216 0.00337164 0.304543 0.402447
0.0794595 0.00862258 0.00929221 9.9991E-05 0.0209443 0.186049 0.0529501 0.224496 0.418086
9.9973E-05 9.9973E-05 0.0790539 0.0303759 9.9973E-05 0.198204 0.106527 0.554441 0.0310982
0.0807483 0.0611896 0.127557 9.9982E-05 9.9982E-05 0.202319 0.0462989 0.286726 0.194961
9.9973E-05 0.0763034 9.9973E-05 0.0150322 9.9973E-05 0.256658 0.0670883 0.377505 0.207113
9.993E-05 9.993E-05 9.993E-05 9.993E-05 9.993E-05 9.993E-05 9.993E-05 0.999201 9.993E-05
0.0219066 0.118293 0.0169575 9.9973E-05 9.9973E-05 0.221732 9.9973E-05 0.341216 0.279594
9.9973E-05 0.0419833 9.9973E-05 9.9973E-05 0.0487156 0.201012 0.105456 0.59289 0.00964405
0.00753765 9.9982E-05 9.9982E-05 0.03801 0.00718091 0.0714566 0.0978655 0.619303 0.158447
0.00425779 0.0622957 0.0326624 0.0593055 0.0170235 0.0791277 0.0150875 0.453934 0.276306
9.9964E-05 9.9964E-05 0.00624765 0.00221575 0.0545067 9.9964E-05 0.0191319 0.917498 9.9964E-05
0.0231759 0.0170158 9.9973E-05 9.9973E-05 9.9973E-05 0.127173 0.0537961 0.631949 0.14659
9.9964E-05 9.9964E-05 0.0327734 0.00484134 0.0501603 9.9964E-05 0.00332284 0.908502 9.9964E-05
9.9955E-05 9.9955E-05 9.9955E-05 0.0319731 9.9955E-05 9.9955E-05 0.000150018 0.570107 0.39727
9.9964E-05 9.9964E-05 0.016948 0.0226628 0.0897139 9.9964E-05 0.00527254 0.865003 9.9964E-05
9.9982E-05 0.0522215 0.0621931 0.00695945 9.9982E-05 0.325846 0.0640051 0.340681 0.147895
9.9946E-05 9.9946E-05 9.9946E-05 9.9946E-05 0.0851803 9.9946E-05 0.050706 0.863514 9.9946E-05
0.0476913 9.9982E-05 0.0493958 0.0590678 9.9982E-05 0.127423 0.0538956 0.553849 0.108478
9.999E-05 0.0338221 0.0464218 0.052735 0.0224387 0.0988241 0.04324 0.463806 0.238613
0.0738852 0.0302314 9.9964E-05 9.9964E-05 0.0246063 9.9964E-05 9.9964E-05 0.753517 0.117361
0.0323796 0.056667 9.9955E-05 9.9955E-05 9.9955E-05 9.9955E-05 9.9955E-05 0.747192 0.163261
0.0422319 0.0193491 9.9973E-05 9.9973E-05 0.0308508 9.9973E-05 0.0782791 0.450032 0.378957
9.9973E-05 0.1068 9.9973E-05 0.00764543 0.0562027 0.0550361 9.9973E-05 0.616424 0.157592
9.9964E-05 9.9964E-05 0.0539662 0.0774935 0.000769424 9.9964E-05 9.9964E-05 0.693813 0.173558
0.031491 9.9982E-05 9.9982E-05 0.100258 0.0951402 0.0366755 0.0251688 0.475565 0.235501
9.9946E-05 9.9946E-05 0.00749386 9.9946E-05 9.9946E-05 0.0254234 9.9946E-05 9.9946E-05 0.966483
9.993E-05 9.993E-05 9.993E-05 9.993E-05 9.993E-05 9.993E-05 9.993E-05 9.993E-05 0.999201
0.0335547 9.9937E-05 9.9937E-05 9.9937E-05 9.9937E-05 9.9937E-05 9.9937E-05 9.9937E-05 0.965746
9.9937E-05 9.9937E-05 9.9937E-05 9.9937E-05 9.9937E-05 9.9937E-05 9.9937E-05 0.0268726 0.972428
9.9937E-05 9.9937E-05 0.0249737 9.9937E-05 9.9937E-05 9.9937E-05 9.9937E-05 9.9937E-05 0.974327
9.9973E-05 0.021006 9.9973E-05 0.0913576 9.9973E-05 0.160825 0.0785625 0.046727 0.601221
0.014297 0.0469238 0.0519437 0.157457 0.0101458 0.121835 9.9991E-05 0.0953124 0.501985
9.9991E-05 0.00740897 0.110341 0.115707 0.00415533 0.0729785 0.0472772 0.127828 0.514203
0.0322212 0.0389417 0.0616329 0.0302008 9.9991E-05 0.173237 0.0548711 0.128182 0.480613
9.9973E-05 0.0264057 9.9973E-05 0.0515265 9.9973E-05 0.155157 0.103902 0.0684411 0.594267
9.9991E-05 0.062644 0.0959291 0.162976 0.045281 0.118056 0.012132 0.15284 0.350042
0.00480009 0.130989 0.059902 0.0873534 0.0120859 0.0441838 0.13665 0.161191 0.362844
0.0470099 9.9991E-05 0.04043 0.102932 0.198961 0.0853198 0.0490181 0.216965 0.259264
0.0276387 9.9991E-05 0.0251911 0.0807932 0.181666 0.0677212 0.0776414 0.277142 0.262107
0.00646421 0.189943 0.0903942 0.174261 9.9991E-05 0.0378951 0.0638778 0.144101 0.292964
9.99373E-05 9.99373E-05 9.99373E-05 0.974218 9.99373E-05 9.99373E-05 9.99373E-05 9.99373E-05 0.0250825
0.0147579 0.0191028 0.0159868 0.930906 0.00953845 0.00940762 9.9973E-05 9.9973E-05 9.9973E-05
9.9955E-05 9.9955E-05 9.9955E-05 0.889887 0.0395691 0.0488631 9.9955E-05 9.9955E-05 0.0211811
9.993E-05 9.993E-05 9.993E-05 0.999201 9.993E-05 9.993E-05 9.993E-05 9.993E-05 9.993E-05
9.993E-05 9.993E-05 9.993E-05 0.999201 9.993E-05 9.993E-05 9.993E-05 9.993E-05 9.993E-05
9.993E-05 9.993E-05 9.993E-05 0.999201 9.993E-05 9.993E-05 9.993E-05 9.993E-05 9.993E-05
9.993E-05 9.993E-05 9.993E-05 0.999201 9.993E-05 9.993E-05 9.993E-05 9.993E-05 9.993E-05
0.0223154 9.9964E-05 9.9964E-05 0.870745 9.9964E-05 0.0585948 9.9964E-05 0.0326722 0.0152727
9.9946E-05 0.0110599 0.00990277 0.978438 9.9946E-05 9.9946E-05 9.9946E-05 9.9946E-05 9.9946E-05
9.9937E-05 9.9937E-05 9.9937E-05 0.998486 9.9937E-05 9.9937E-05 0.000814337 9.9937E-05 9.9937E-05
9.9982E-05 0.0670372 0.098003 0.0589284 0.0539807 0.0934433 0.250572 9.9982E-05 0.377835
9.9946E-05 9.9946E-05 9.9946E-05 0.897486 9.9946E-05 9.9946E-05 9.9946E-05 0.0497713 0.0521428
9.99371E-05 9.99371E-05 9.99371E-05 0.997928 0.00137234 9.99371E-05 9.99371E-05 9.99371E-05 9.99371E-05
0.00112644 0.000821267 9.9964E-05 0.978638 0.00373723 9.9964E-05 0.0152773 9.9964E-05 9.9964E-05
9.9955E-05 0.0130173 9.9955E-05 9.9955E-05 0.00324914 9.9955E-05 0.0305507 9.9955E-05 0.952683
9.9937E-05 9.9937E-05 9.9937E-05 9.9937E-05 9.9937E-05 9.9937E-05 0.00605218 9.9937E-05 0.993248
0.0159711 9.9946E-05 9.9946E-05 9.9946E-05 0.0482219 9.9946E-05 9.9946E-05 9.9946E-05 0.935207
9.993E-05 9.993E-05 9.993E-05 9.993E-05 9.993E-05 9.993E-05 9.993E-05 9.993E-05 0.999201
9.9973E-05 0.022876 0.0136117 0.0200464 0.0230254 9.9973E-05 0.145697 9.9973E-05 0.774443
9.9955E-05 9.9955E-05 9.9955E-05 9.9955E-05 0.0949809 0.195135 0.0747834 9.9955E-05 0.634601
0.0108169 0.0206825 0.00169297 0.0644911 0.0580999 0.0556697 0.0418375 9.9991E-05 0.746609
9.9955E-05 9.9955E-05 9.9955E-05 0.0488932 0.0617975 9.9955E-05 0.126415 9.9955E-05 0.762394
9.9964E-05 0.000113913 0.0584678 0.0746791 0.0679356 9.9964E-05 9.9964E-05 9.9964E-05 0.798404
9.9964E-05 9.9964E-05 0.00354319 0.0713127 0.0770005 9.9964E-05 0.0479246 9.9964E-05 0.799819
9.9982E-05 0.064489 0.0532915 0.0305829 0.0435092 0.0917599 0.012078 9.9982E-05 0.704089
0.000426152 0.0541946 9.9964E-05 0.0863858 0.0911344 9.9964E-05 9.9964E-05 9.9964E-05 0.767459
0.0204261 0.0470161 0.0613613 9.9991E-05 0.0546615 0.0288707 0.0949849 0.0225134 0.670066
0.0326969 0.0869729 0.0407763 0.0456486 0.012038 0.0242416 0.117718 0.00170877 0.638199
9.9955E-05 9.9955E-05 0.0466292 9.9955E-05 0.0177343 0.0512077 0.883929 9.9955E-05 9.9955E-05
0.000707885 0.0681313 9.9973E-05 0.0343089 0.021336 0.00283108 0.872385 9.9973E-05 9.9973E-05
9.993E-05 9.993E-05 9.993E-05 9.993E-05 9.993E-05 9.993E-05 0.999201 9.993E-05 9.993E-05
9.9946E-05 0.00276728 9.9946E-05 9.9946E-05 9.9946E-05 0.00118436 0.995449 9.9946E-05 9.9946E-05
9.9937E-05 9.9937E-05 9.9937E-05 0.0216493 9.9937E-05 9.9937E-05 0.977651 9.9937E-05 9.9937E-05
9.993E-05 9.993E-05 9.993E-05 9.993E-05 9.993E-05 9.993E-05 0.999201 9.993E-05 9.993E-05
0.00798176 9.9946E-05 9.9946E-05 9.9946E-05 9.9946E-05 9.9946E-05 0.991148 0.000270179 9.9946E-05
0.0445103 9.9955E-05 9.9955E-05 9.9955E-05 0.160713 9.9955E-05 0.756031 0.0382464 9.9955E-05
9.993E-05 9.993E-05 9.993E-05 9.993E-05 9.993E-05 9.993E-05 0.999201 9.993E-05 9.993E-05
9.993E-05 9.993E-05 9.993E-05 9.993E-05 9.993E-05 9.993E-05 0.999201 9.993E-05 9.993E-05
0.030597 9.9964E-05 0.00454218 0.0474942 0.0654145 9.9964E-05 0.851552 9.9964E-05 9.9964E-05
9.9937E-05 0.0286729 9.9937E-05 9.9937E-05 9.9937E-05 9.9937E-05 0.970627 9.9937E-05 9.9937E-05
9.9973E-05 9.9973E-05 0.0758112 0.00520311 0.0823488 9.9973E-05 0.685169 0.107896 0.0432721
9.993E-05 9.993E-05 0.999201 9.993E-05 9.993E-05 9.993E-05 9.993E-05 9.993E-05 9.993E-05
9.9991E-05 0.0511083 0.10256 0.130074 0.0442438 0.0178903 0.103558 0.0620473 0.488418
9.993E-05 9.993E-05 0.999201 9.993E-05 9.993E-05 9.993E-05 9.993E-05 9.993E-05 9.993E-05
9.993E-05 9.993E-05 0.999201 9.993E-05 9.993E-05 9.993E-05 9.993E-05 9.993E-05 9.993E-05
9.99551E-05 9.99551E-05 0.925562 0.00569621 0.0503364 9.99551E-05 0.0179055 9.99551E-05 9.99551E-05
9.9964E-05 0.0453773 0.774139 9.9964E-05 9.9964E-05 0.0248802 9.9964E-05 0.0452459 0.109958
9.993E-05 9.993E-05 0.999201 9.993E-05 9.993E-05 9.993E-05 9.993E-05 9.993E-05 9.993E-05
9.9964E-05 9.9964E-05 0.858273 0.0084226 0.0250964 9.9964E-05 0.000886024 9.9964E-05 0.106922
9.9937E-05 9.9937E-05 0.997292 9.9937E-05 0.00200854 9.9937E-05 9.9937E-05 9.9937E-05 9.9937E-05
0.00957736 0.0193528 0.943234 9.9964E-05 9.9964E-05 9.9964E-05 0.0123496 0.015086 9.9964E-05
0.0113244 9.9946E-05 0.976951 9.9946E-05 9.9946E-05 9.9946E-05 9.9946E-05 0.0111249 9.9946E-05
9.9955E-05 0.0110399 0.937147 0.0130742 9.9955E-05 9.9955E-05 9.9955E-05 0.0382395 9.9955E-05
9.9946E-05 9.9946E-05 0.963228 0.00373756 9.9946E-05 9.9946E-05 0.0324344 9.9946E-05 9.9946E-05
9.9964E-05 0.0544866 0.847977 0.0328811 9.9964E-05 9.9964E-05 0.0309494 9.9964E-05 0.0333055
0.00554296 9.9964E-05 0.908487 0.00633851 0.0390925 9.9964E-05 9.9964E-05 9.9964E-05 0.0401388
0.00341096 0.0157666 0.872057 0.0152378 0.0392648 9.9982E-05 0.0153336 0.0387291 9.9982E-05
0.0117227 0.00682618 0.850818 0.0171552 0.0532457 9.9991E-05 0.0130183 0.00396182 0.0431526
9.9964E-05 0.0283 0.875403 0.00606589 0.0365474 0.0532842 9.9964E-05 9.9964E-05 9.9964E-05
9.9955E-05 9.9955E-05 0.965568 9.9955E-05 0.0153289 9.9955E-05 0.00550728 0.0130963 9.9955E-05
0.0639309 0.23346 0.091263 0.0307117 0.129243 9.9991E-05 0.0334351 0.102412 0.315444
0.0267888 0.247747 0.0418868 0.00127537 0.106224 0.106951 0.0140402 0.153273 0.301814
0.0253872 0.248438 0.0773263 0.0816024 0.139437 9.9982E-05 9.9982E-05 0.0951956 0.332414
0.0613101 0.179077 0.0635096 0.0200061 0.139941 9.9991E-05 0.0189476 0.131387 0.385722
0.0130691 9.9982E-05 0.0206742 0.00663996 0.869355 0.033956 0.0361066 9.9982E-05 0.0199987
9.993E-05 9.993E-05 9.993E-05 9.993E-05 0.999201 9.993E-05 9.993E-05 9.993E-05 9.993E-05
9.9946E-05 0.0175795 9.9946E-05 9.9946E-05 0.979391 9.9946E-05 0.00243031 9.9946E-05 9.9946E-05
9.993E-05 9.993E-05 9.993E-05 9.993E-05 0.999201 9.993E-05 9.993E-05 9.993E-05 9.993E-05
9.9946E-05 0.0301724 9.9946E-05 0.000458465 0.968769 9.9946E-05 9.9946E-05 9.9946E-05 9.9946E-05
9.9946E-05 9.9946E-05 9.9946E-05 0.0114992 0.952906 9.9946E-05 9.9946E-05 9.9946E-05 0.0349956
9.99636E-05 9.99636E-05 0.0146298 0.018508 0.958244 9.99636E-05 9.99636E-05 9.99636E-05 0.00811853
0.0306321 0.0445041 9.9973E-05 9.9973E-05 0.72503 0.0857541 0.0185518 9.9973E-05 0.095228
0.0119812 9.9964E-05 9.9964E-05 9.9964E-05 0.853667 0.0495073 9.9964E-05 0.0478539 0.0365905
9.9955E-05 0.929654 9.9955E-05 9.9955E-05 9.9955E-05 9.9955E-05 0.0347047 0.00468117 0.0304602
9.9955E-05 0.987793 0.00407372 9.9955E-05 0.00190302 9.9955E-05 9.9955E-05 0.00573032 9.9955E-05
9.993E-05 0.999201 9.993E-05 9.993E-05 9.993E-05 9.993E-05 9.993E-05 9.993E-05 9.993E-05
0.0125905 0.98671 9.99371E-05 9.99371E-05 9.99371E-05 9.99371E-05 9.99371E-05 9.99371E-05 9.99371E-05
9.99371E-05 0.98773 9.99371E-05 0.0115706 9.99371E-05 9.99371E-05 9.99371E-05 9.99371E-05 9.99371E-05
0.00641771 0.816205 9.9973E-05 9.9973E-05 0.00962148 0.000424616 9.9973E-05 0.0315452 0.135486
9.993E-05 0.999201 9.993E-05 9.993E-05 9.993E-05 9.993E-05 9.993E-05 9.993E-05 9.993E-05
9.993E-05 0.999201 9.993E-05 9.993E-05 9.993E-05 9.993E-05 9.993E-05 9.993E-05 9.993E-05
0.0164781 0.982822 9.99371E-05 9.99371E-05 9.99371E-05 9.99371E-05 9.99371E-05 9.99371E-05 9.99371E-05
9.9946E-05 0.940907 9.9946E-05 0.013835 9.9946E-05 9.9946E-05 9.9946E-05 0.0446586 9.9946E-05
9.993E-05 0.999201 9.993E-05 9.993E-05 9.993E-05 9.993E-05 9.993E-05 9.993E-05 9.993E-05
9.9964E-05 0.972993 9.9964E-05 0.00706739 0.00700179 9.9964E-05 0.00203109 0.0105072 9.9964E-05
