0.999201 9.993E-05 9.993E-05 9.993E-05 9.993E-05 9.993E-05 9.993E-05 9.993E-05 9.993E-05
0.233004 0.079445 9.9955E-05 0.615891 0.07116 9.9955E-05 9.9955E-05 9.9955E-05 9.9955E-05
0.205048 0.0541114 9.9955E-05 0.634151 0.10619 9.9955E-05 9.9955E-05 9.9955E-05 9.9955E-05
0.179225 9.99461E-05 0.0187143 0.801461 9.99461E-05 9.99461E-05 9.99461E-05 9.99461E-05 9.99461E-05
0.103609 9.9982E-05 0.0362311 0.697863 9.9982E-05 0.0185811 0.0384069 0.0304594 0.0746501
0.148446 0.0225066 0.128315 0.612453 0.0509728 0.0370062 9.9973E-05 9.9973E-05 9.9973E-05
0.225702 9.99371E-05 9.99371E-05 0.773599 9.99371E-05 9.99371E-05 9.99371E-05 9.99371E-05 9.99371E-05
0.259115 0.0410612 0.145543 0.494761 0.0505419 9.9973E-05 9.9973E-05 0.00867879 9.9973E-05
0.166986 0.0221708 0.075043 0.601899 0.0819467 9.9973E-05 9.9973E-05 9.9973E-05 0.0516541
0.999201 9.993E-05 9.993E-05 9.993E-05 9.993E-05 9.993E-05 9.993E-05 9.993E-05 9.993E-05
0.999201 9.993E-05 9.993E-05 9.993E-05 9.993E-05 9.993E-05 9.993E-05 9.993E-05 9.993E-05
0.999201 9.993E-05 9.993E-05 9.993E-05 9.993E-05 9.993E-05 9.993E-05 9.993E-05 9.993E-05
0.973452 0.00312641 9.9946E-05 9.9946E-05 9.9946E-05 0.0228216 9.9946E-05 9.9946E-05 9.9946E-05
0.909916 9.9955E-05 0.030066 9.9955E-05 0.0206038 9.9955E-05 0.0389141 9.9955E-05 9.9955E-05
0.93197 0.021432 0.0258936 9.9964E-05 0.0125576 9.9964E-05 0.0077472 9.9964E-05 9.9964E-05
0.130379 0.00684222 0.0959571 0.530446 0.105858 0.0174455 9.9991E-05 0.0187639 0.0942083
0.21036 0.00845937 0.111616 0.344156 0.0640858 0.0677107 0.109352 0.0310104 0.0532497
0.176492 0.00797492 0.00221126 0.771219 9.9964E-05 0.0417035 9.9964E-05 9.9964E-05 9.9964E-05
9.9964E-05 0.0018175 0.0168252 0.916999 9.9964E-05 9.9964E-05 0.0263995 9.9964E-05 0.037559
9.9955E-05 9.9955E-05 9.9955E-05 0.821307 9.9955E-05 0.0588921 0.0955368 9.9955E-05 0.0237648
0.0262585 9.9955E-05 9.9955E-05 0.868828 9.9955E-05 0.0325385 9.9955E-05 9.9955E-05 0.0718751
9.9973E-05 9.9973E-05 0.0341854 0.752142 0.0548819 0.0414418 0.0823557 0.0346938 9.9973E-05
9.9964E-05 9.9964E-05 9.9964E-05 0.822454 0.0155065 0.0614958 0.0813924 9.9964E-05 0.0187519
9.9955E-05 9.9955E-05 9.9955E-05 0.921093 0.00474291 9.9955E-05 0.0667157 0.0069483 9.9955E-05
9.9973E-05 0.0181787 0.0384757 0.86884 9.9973E-05 0.00663539 9.9973E-05 0.0486881 0.0188821
9.9973E-05 9.9973E-05 0.086631 0.61657 9.9973E-05 0.182256 0.00683255 0.0448539 0.0625557
9.9973E-05 9.9973E-05 0.0653274 0.662016 0.0433544 0.0702002 0.0134263 9.9973E-05 0.145376
9.9955E-05 9.9955E-05 0.0830911 0.905074 0.00257622 9.9955E-05 9.9955E-05 0.00875911 9.9955E-05
0.0448889 9.9991E-05 0.0333121 0.71673 0.00826441 0.140028 0.0126958 0.0104876 0.0334933
0.00660247 9.99422E-05 9.99422E-05 0.992698 9.99422E-05 9.99422E-05 9.99422E-05 9.99422E-05 9.99422E-05
0.0329712 9.9964E-05 9.9964E-05 0.888935 9.9964E-05 0.0290892 0.046779 9.9964E-05 0.00182626
9.9982E-05 9.9982E-05 0.0687413 0.762942 0.00702893 0.024566 0.00465779 0.0591942 0.0726699
9.9973E-05 0.00601504 9.9973E-05 0.72309 0.0520635 0.155285 0.0374927 9.9973E-05 0.0257538
0.0279824 9.9973E-05 0.0256839 0.616025 0.0530398 0.162982 9.9973E-05 0.113987 9.9973E-05
9.9964E-05 9.9964E-05 9.9964E-05 0.771833 0.0248226 0.0519052 0.147219 0.00382122 9.9964E-05
0.0225697 9.9946E-05 9.9946E-05 0.939034 9.9946E-05 0.037797 9.9946E-05 9.9946E-05 9.9946E-05
9.9964E-05 9.9964E-05 0.263869 0.544143 0.00521144 0.185502 0.000873789 9.9964E-05 9.9964E-05
9.9973E-05 9.9973E-05 0.0146666 0.574043 0.024343 0.278066 0.0305845 9.9973E-05 0.0779961
9.9973E-05 0.0330523 0.0711493 0.536342 0.0596068 0.22931 9.9973E-05 9.9973E-05 0.0702402
9.99779E-05 9.99779E-05 0.0512727 0.548146 9.99779E-05 0.353643 0.00530506 0.0155649 0.0257684
9.9982E-05 0.0501904 0.543685 0.133422 0.047494 0.0602442 9.9982E-05 0.0962885 0.0684764
9.9973E-05 0.0458769 0.534339 0.168272 0.0658338 9.9973E-05 9.9973E-05 0.0904692 0.0949091
0.0358529 0.0471266 0.460762 0.242029 0.0910218 9.9973E-05 9.9973E-05 0.122908 9.9973E-05
0.00211167 0.0424631 0.546813 0.1113 0.0554697 0.118562 9.9991E-05 0.0724603 0.0507195
9.9973E-05 9.9973E-05 0.465096 0.226437 0.0671015 0.166413 9.9973E-05 0.0233014 0.0513509
9.993E-05 9.993E-05 0.999201 9.993E-05 9.993E-05 9.993E-05 9.993E-05 9.993E-05 9.993E-05
9.993E-05 9.993E-05 0.999201 9.993E-05 9.993E-05 9.993E-05 9.993E-05 9.993E-05 9.993E-05
9.9982E-05 9.9982E-05 0.391245 0.41452 0.0253517 0.0629303 0.0300933 0.0464159 0.0292434
0.067246 9.9982E-05 0.481313 0.156506 0.0133966 0.0968305 9.9982E-05 0.0881389 0.096369
0.0824023 0.0715431 0.313704 0.355937 0.0574597 0.0213336 9.9982E-05 0.09742 9.9982E-05
0.0382751 0.000891102 0.458771 0.242441 0.0196417 0.222945 9.9982E-05 9.9982E-05 0.0168363
9.9982E-05 9.9982E-05 0.643392 0.203945 0.0294563 0.0588736 0.0308995 0.0153709 0.0178628
0.0198172 9.9973E-05 0.846019 9.9973E-05 0.0144722 9.9973E-05 0.000743063 0.0492143 0.0694339
0.0336285 9.9982E-05 0.254992 0.237361 9.9982E-05 0.366319 0.0647547 0.0228315 0.0199138
0.046061 0.0118526 0.226091 0.242298 9.9991E-05 0.400741 0.0335721 0.0252221 0.0140623
9.9973E-05 0.017911 0.565919 0.164429 0.0904949 0.0783054 9.9973E-05 0.0826408 9.9973E-05
0.0718464 0.0173726 0.348567 0.163387 0.0696293 0.239569 9.9991E-05 0.0197713 0.0697565
9.999E-05 0.0626453 0.370749 0.244899 0.000690546 0.142122 0.00273512 0.0443506 0.131708
9.993E-05 9.993E-05 0.999201 9.993E-05 9.993E-05 9.993E-05 9.993E-05 9.993E-05 9.993E-05
0.0518115 9.9973E-05 0.31906 0.264582 0.0537731 0.214494 9.9973E-05 9.9973E-05 0.095979
9.9973E-05 9.9973E-05 0.584129 0.195049 9.9973E-05 0.0158595 0.00996793 0.0802196 0.114475
0.0139029 0.0618473 0.629016 0.0411659 9.9982E-05 0.175941 9.9982E-05 0.0773128 0.00061437
0.0162391 0.0445454 0.492778 0.0974363 0.0660254 0.212022 9.9991E-05 0.0146322 0.0562217
9.9955E-05 0.0324487 0.873031 9.9955E-05 9.9955E-05 9.9955E-05 0.0809765 9.9955E-05 0.0130442
0.0164243 0.012399 0.595094 0.143105 9.9982E-05 0.133513 9.9982E-05 0.0490509 0.0502142
9.9964E-05 0.00378544 0.897154 9.9964E-05 0.0102968 9.9964E-05 0.0731296 0.0152344 9.9964E-05
9.9946E-05 0.026276 0.607893 9.9946E-05 9.9946E-05 0.365231 9.9946E-05 9.9946E-05 9.9946E-05
9.9955E-05 0.0330234 0.776313 9.9955E-05 9.9955E-05 9.9955E-05 0.15133 0.0388341 9.9955E-05
9.9982E-05 0.00519501 0.402006 0.283933 0.0138615 0.197168 9.9982E-05 0.0385947 0.059041
9.9955E-05 9.9955E-05 0.900838 9.9955E-05 0.0167223 9.9955E-05 0.0187125 0.0632277 9.9955E-05
0.025586 0.0828672 0.593905 0.122011 0.0329 0.104851 9.9982E-05 0.0376799 9.9982E-05
9.999E-05 0.0419071 0.517399 0.116082 0.0364235 0.192347 0.0135346 0.0442254 0.0379819
0.0647911 9.9964E-05 0.765694 9.9964E-05 9.9964E-05 0.123431 0.0107125 9.9964E-05 0.0349719
0.0618038 9.9955E-05 0.764913 9.9955E-05 9.9955E-05 0.137752 9.9955E-05 9.9955E-05 0.0350306
0.062297 9.9964E-05 0.439442 9.9964E-05 9.9964E-05 0.345867 0.0774054 0.0745886 9.9964E-05
0.00971673 9.9973E-05 0.664191 0.0102354 9.9973E-05 0.220547 0.00969512 9.9973E-05 0.0853148
9.9964E-05 0.0504644 0.756361 9.9964E-05 0.032367 0.1603 0.000108152 9.9964E-05 9.9964E-05
9.9982E-05 0.0566219 0.441708 0.054569 0.0349449 0.269361 0.100425 0.0421701 9.9982E-05
9.9973E-05 9.9973E-05 0.0164094 0.0143174 0.0353093 0.908495 9.9973E-05 0.0138832 0.0112862
9.993E-05 9.993E-05 9.993E-05 9.993E-05 9.993E-05 0.999201 9.993E-05 9.993E-05 9.993E-05
9.993E-05 9.993E-05 9.993E-05 9.993E-05 9.993E-05 0.999201 9.993E-05 9.993E-05 9.993E-05
9.99371E-05 9.99371E-05 0.0131727 9.99371E-05 9.99371E-05 0.986128 9.99371E-05 9.99371E-05 9.99371E-05
9.9937E-05 9.9937E-05 9.9937E-05 9.9937E-05 0.0328997 0.966401 9.9937E-05 9.9937E-05 9.9937E-05
9.9973E-05 0.102046 0.112544 0.260788 9.9973E-05 0.433468 9.9973E-05 0.0696289 0.0212251
9.9982E-05 0.177422 0.147222 0.0905296 0.0253734 0.488148 9.9982E-05 0.0395642 0.0315409
0.0121727 0.120473 0.119077 0.0394874 0.0819124 0.613923 9.9982E-05 9.9982E-05 0.0127551
0.0199094 0.0427246 0.0842114 0.176081 0.0904718 0.488322 9.9991E-05 0.0513252 0.0468548
0.0107647 0.080591 0.107775 0.140058 9.9982E-05 0.525043 9.9982E-05 0.079399 0.0561694
9.9991E-05 0.134441 0.184638 0.0496947 0.0132876 0.534621 0.0231408 0.0254744 0.0346026
0.0250612 0.0828492 0.179646 0.0249224 0.0819461 0.388641 9.9991E-05 0.124565 0.0922681
0.0342652 0.0951753 0.31721 0.0358509 0.0186893 0.251001 0.199291 0.0484178 9.9991E-05
0.0387925 0.0832052 0.288304 0.051438 0.0457625 0.312324 0.153341 0.0267317 9.9991E-05
0.0326164 0.162738 0.160529 0.017026 0.0585642 0.398246 9.9991E-05 0.0150699 0.15511
9.9946E-05 0.968966 9.9946E-05 9.9946E-05 0.00879232 0.0216424 9.9946E-05 9.9946E-05 9.9946E-05
0.0335912 0.954623 9.9955E-05 9.9955E-05 9.9955E-05 0.0013892 0.00989664 9.9955E-05 9.9955E-05
0.000955599 0.878937 0.0238715 9.9973E-05 0.0177348 0.0164281 0.061773 9.9973E-05 9.9973E-05
9.993E-05 0.999201 9.993E-05 9.993E-05 9.993E-05 9.993E-05 9.993E-05 9.993E-05 9.993E-05
9.993E-05 0.999201 9.993E-05 9.993E-05 9.993E-05 9.993E-05 9.993E-05 9.993E-05 9.993E-05
9.99371E-05 0.987444 9.99371E-05 9.99371E-05 9.99371E-05 9.99371E-05 0.0118569 9.99371E-05 9.99371E-05
9.9964E-05 0.969772 9.9964E-05 0.0125684 9.9964E-05 0.00125788 0.012771 9.9964E-05 0.0032308
9.9973E-05 0.89028 0.0116593 0.0468876 0.00735851 0.0245414 9.9973E-05 9.9973E-05 0.0189735
0.00820787 0.973725 9.9946E-05 9.9946E-05 9.9946E-05 9.9946E-05 9.9946E-05 9.9946E-05 0.0174676
9.993E-05 0.999201 9.993E-05 9.993E-05 9.993E-05 9.993E-05 9.993E-05 9.993E-05 9.993E-05
9.9991E-05 0.0556378 0.0149056 0.115488 0.0370153 0.470506 0.0172835 0.206443 0.0826208
9.9964E-05 0.858624 0.0949103 9.9964E-05 9.9964E-05 9.9964E-05 0.0201823 0.0164344 0.00944903
9.9937E-05 0.946366 9.9937E-05 9.9937E-05 9.9937E-05 0.0529342 9.9937E-05 9.9937E-05 9.9937E-05
9.9937E-05 0.976976 9.9937E-05 9.9937E-05 9.9937E-05 9.9937E-05 0.0223245 9.9937E-05 9.9937E-05
9.99371E-05 9.99371E-05 9.99371E-05 9.99371E-05 9.99371E-05 0.997422 9.99371E-05 9.99371E-05 0.00187797
9.993E-05 9.993E-05 9.993E-05 9.993E-05 9.993E-05 0.999201 9.993E-05 9.993E-05 9.993E-05
9.9937E-05 9.9937E-05 9.9937E-05 9.9937E-05 9.9937E-05 0.994488 0.00481259 9.9937E-05 9.9937E-05
9.993E-05 9.993E-05 9.993E-05 9.993E-05 9.993E-05 0.999201 9.993E-05 9.993E-05 9.993E-05
9.9964E-05 0.0277105 9.9964E-05 9.9964E-05 0.0262734 0.833046 9.9964E-05 0.0983225 0.0142475
9.9964E-05 9.9964E-05 9.9964E-05 0.122268 9.9964E-05 0.802571 0.0487146 0.0242688 0.00177798
0.010614 0.0200221 9.9973E-05 0.0133679 9.9973E-05 0.870918 0.0598581 0.0249202 9.9973E-05
9.9964E-05 0.0200956 9.9964E-05 9.9964E-05 9.9964E-05 0.84872 0.051816 0.0577665 0.0212019
9.9955E-05 0.0842032 9.9955E-05 9.9955E-05 0.00565471 0.873945 0.0356973 9.9955E-05 9.9955E-05
0.0131371 0.0199957 9.9964E-05 9.9964E-05 0.0107785 0.919617 0.0360718 9.9964E-05 9.9964E-05
9.9973E-05 0.0200681 9.9973E-05 0.0816512 0.0283055 0.807156 9.9973E-05 0.00978005 0.0527395
9.9955E-05 0.0692472 9.9955E-05 9.9955E-05 0.00052442 0.885935 0.0437939 9.9955E-05 9.9955E-05
0.0115039 9.9982E-05 0.0492615 9.9982E-05 0.043151 0.781868 0.0306309 0.0596728 0.0237122
9.9991E-05 0.0376724 0.000677256 0.0576485 0.0548006 0.669261 0.00304717 0.111336 0.0654562
9.99551E-05 0.000890428 9.99551E-05 9.99551E-05 0.0469288 9.99551E-05 0.0282043 0.923477 9.99551E-05
9.9964E-05 0.0305557 9.9964E-05 0.0214395 9.9964E-05 9.9964E-05 0.0238439 0.874015 0.0497457
9.993E-05 9.993E-05 9.993E-05 9.993E-05 9.993E-05 9.993E-05 9.993E-05 0.999201 9.993E-05
9.9946E-05 9.9946E-05 0.00744603 9.9946E-05 9.9946E-05 9.9946E-05 9.9946E-05 0.966625 0.0253294
9.9937E-05 9.9937E-05 9.9937E-05 9.9937E-05 0.0262639 9.9937E-05 9.9937E-05 0.973037 9.9937E-05
9.993E-05 9.993E-05 9.993E-05 9.993E-05 9.993E-05 9.993E-05 9.993E-05 0.999201 9.993E-05
9.9973E-05 0.00271274 0.00912559 9.9973E-05 0.0108284 0.0244342 0.000687804 0.951911 9.9973E-05
0.0607177 9.9964E-05 0.0545851 9.9964E-05 0.0145725 9.9964E-05 0.112232 0.757493 9.9964E-05
9.993E-05 9.993E-05 9.993E-05 9.993E-05 9.993E-05 9.993E-05 9.993E-05 0.999201 9.993E-05
9.993E-05 9.993E-05 9.993E-05 9.993E-05 9.993E-05 9.993E-05 9.993E-05 0.999201 9.993E-05
0.020853 0.0194072 9.9955E-05 9.9955E-05 9.9955E-05 9.9955E-05 0.090775 0.868465 9.9955E-05
9.9937E-05 9.9937E-05 9.9937E-05 9.9937E-05 9.9937E-05 9.9937E-05 9.9937E-05 0.978252 0.0210486
9.9973E-05 0.0122435 0.0579206 9.9973E-05 0.0821329 0.0100803 0.0642469 0.773076 9.9973E-05
9.993E-05 9.993E-05 9.993E-05 9.993E-05 0.999201 9.993E-05 9.993E-05 9.993E-05 9.993E-05
0.000740461 0.122227 0.0513485 9.9991E-05 0.0677335 0.635684 0.00121217 0.0707901 0.0501645
9.99371E-05 9.99371E-05 9.99371E-05 9.99371E-05 0.992722 0.00657818 9.99371E-05 9.99371E-05 9.99371E-05
9.993E-05 9.993E-05 9.993E-05 9.993E-05 0.999201 9.993E-05 9.993E-05 9.993E-05 9.993E-05
9.99371E-05 9.99371E-05 9.99371E-05 9.99371E-05 0.949642 9.99371E-05 0.0496581 9.99371E-05 9.99371E-05
0.00340388 0.0215219 0.0291733 0.103122 0.77387 9.9991E-05 0.015839 0.0459942 0.00697573
9.993E-05 9.993E-05 9.993E-05 9.993E-05 0.999201 9.993E-05 9.993E-05 9.993E-05 9.993E-05
0.00410848 9.9964E-05 0.0268966 9.9964E-05 0.877507 9.9964E-05 0.0593294 0.0317591 9.9964E-05
9.9973E-05 0.0475654 0.0264906 9.9973E-05 0.914047 0.00345346 0.00778444 9.9973E-05 0.000358927
9.9955E-05 9.9955E-05 0.0300801 0.0455656 0.878632 9.9955E-05 9.9955E-05 0.0452227 9.9955E-05
0.00111802 9.9937E-05 9.9937E-05 9.9937E-05 0.998182 9.9937E-05 9.9937E-05 9.9937E-05 9.9937E-05
9.993E-05 9.993E-05 9.993E-05 9.993E-05 0.999201 9.993E-05 9.993E-05 9.993E-05 9.993E-05
0.00284277 9.9955E-05 9.9955E-05 9.9955E-05 0.935268 0.0606756 9.9955E-05 0.000713687 9.9955E-05
9.9982E-05 0.0698654 0.0344066 9.9982E-05 0.770132 0.0162343 0.00322632 0.0455614 0.0603741
0.0149047 9.9973E-05 0.0197637 9.9973E-05 0.893649 0.0275539 0.0225179 9.9973E-05 0.0213108
0.011537 0.0207878 0.00140833 9.9982E-05 0.861462 0.061135 0.0426373 0.000832387 9.9982E-05
0.00779553 9.9982E-05 0.0332418 9.9982E-05 0.866502 0.00988371 0.0326078 0.0222708 0.0274985
0.0442956 9.9973E-05 0.0196298 0.0106381 0.893884 0.00373382 9.9973E-05 9.9973E-05 0.0275188
9.9955E-05 9.9955E-05 9.9955E-05 9.9955E-05 0.939217 0.0285001 0.00357716 0.0282062 9.9955E-05
0.0269784 0.0330413 0.169019 9.9991E-05 0.0240606 0.364069 0.0849971 0.0397935 0.257941
0.0139673 9.9982E-05 0.225707 9.9982E-05 0.0564792 0.352175 0.0714583 0.0554092 0.224604
0.0416784 0.0584438 0.250542 9.9982E-05 0.0221077 0.253186 0.100396 9.9982E-05 0.273445
0.0396994 0.00859813 0.175325 9.9991E-05 0.0390248 0.347829 0.0961135 0.0306796 0.262631
9.9973E-05 0.0102995 9.9973E-05 0.0422871 0.0116914 9.9973E-05 0.895159 0.0275539 0.0127092
9.993E-05 9.993E-05 9.993E-05 9.993E-05 9.993E-05 9.993E-05 0.999201 9.993E-05 9.993E-05
9.9964E-05 0.02686 9.9964E-05 9.9964E-05 0.00463458 0.0266307 0.939095 0.00237985 9.9964E-05
9.993E-05 9.993E-05 9.993E-05 9.993E-05 9.993E-05 9.993E-05 0.999201 9.993E-05 9.993E-05
9.9946E-05 9.9946E-05 9.9946E-05 9.9946E-05 0.0128162 9.9946E-05 0.983619 9.9946E-05 0.0029653
9.9955E-05 0.000663014 9.9955E-05 9.9955E-05 9.9955E-05 0.0139286 0.937038 9.9955E-05 0.0478705
9.9955E-05 0.000301938 9.9955E-05 9.9955E-05 9.9955E-05 0.006407 0.942707 9.9955E-05 0.0500842
0.0279087 9.9964E-05 9.9964E-05 0.119186 9.9964E-05 0.137861 0.71175 9.9964E-05 0.00289439
0.00241655 9.9982E-05 0.0206847 0.0744271 0.022644 0.0134023 0.81052 0.0557057 9.9982E-05
9.9946E-05 9.9946E-05 9.9946E-05 9.9946E-05 9.9946E-05 0.0192461 9.9946E-05 0.00446192 0.975692
9.993E-05 9.993E-05 9.993E-05 9.993E-05 9.993E-05 9.993E-05 9.993E-05 9.993E-05 0.999201
9.9937E-05 9.9937E-05 9.9937E-05 0.0144657 9.9937E-05 9.9937E-05 9.9937E-05 9.9937E-05 0.984835
9.99371E-05 9.99371E-05 9.99371E-05 9.99371E-05 9.99371E-05 9.99371E-05 9.99371E-05 0.0024735 0.996827
9.993E-05 9.993E-05 9.993E-05 9.993E-05 9.993E-05 9.993E-05 9.993E-05 9.993E-05 0.999201
9.9937E-05 9.9937E-05 9.9937E-05 9.9937E-05 9.9937E-05 0.0958731 9.9937E-05 9.9937E-05 0.903427
9.9946E-05 9.9946E-05 9.9946E-05 9.9946E-05 0.00969244 9.9946E-05 9.9946E-05 0.00690113 0.982807
9.993E-05 9.993E-05 9.993E-05 9.993E-05 9.993E-05 9.993E-05 9.993E-05 9.993E-05 0.999201
0.00833128 9.9964E-05 9.9964E-05 0.0155148 0.00163513 9.9964E-05 0.0217527 9.9964E-05 0.952366
9.9964E-05 0.00450644 0.0453564 9.9964E-05 0.0206388 0.00752985 9.9964E-05 9.9964E-05 0.921569
9.993E-05 9.993E-05 9.993E-05 9.993E-05 9.993E-05 9.993E-05 9.993E-05 9.993E-05 0.999201
9.9937E-05 9.9937E-05 9.9937E-05 9.9937E-05 9.9937E-05 9.9937E-05 9.9937E-05 0.00337255 0.995928
