9.99191E-05 9.99191E-05 0.00452508 9.99191E-05 9.99191E-05 9.99191E-05 9.99191E-05 9.99191E-05 0.994576 9.99191E-05 9.99191E-05
9.9937E-05 9.9937E-05 9.9937E-05 0.0351738 9.9937E-05 9.9937E-05 9.9937E-05 0.248368 0.648403 9.9937E-05 0.0673563
9.99281E-05 0.00741145 9.99281E-05 9.99281E-05 9.99281E-05 9.99281E-05 0.209816 9.99281E-05 0.781973 9.99281E-05 9.99281E-05
9.995E-05 9.995E-05 0.0882518 0.0233517 0.205084 9.995E-05 0.17754 0.0656552 0.439617 9.995E-05 9.995E-05
9.9964E-05 0.0598513 0.0105749 0.00518661 9.9964E-05 9.9964E-05 9.9964E-05 0.0277743 0.693101 0.187676 0.0154357
0.0506177 0.133988 9.9928E-05 9.9928E-05 9.9928E-05 9.9928E-05 9.9928E-05 9.9928E-05 0.814595 9.9928E-05 9.9928E-05
0.00946842 9.9955E-05 9.9955E-05 9.9955E-05 9.9955E-05 0.0412578 9.9955E-05 0.0399989 0.763788 0.0480065 0.0969802
0.0774307 9.9955E-05 9.9955E-05 0.0256925 9.9955E-05 0.0655609 9.9955E-05 0.0725095 0.671758 0.0865482 9.9955E-05
9.9946E-05 9.9946E-05 0.276995 9.9946E-05 0.00186952 0.0882504 0.0345805 9.9946E-05 0.597705 9.9946E-05 9.9946E-05
0.0937629 9.9955E-05 9.9955E-05 0.0217038 0.005667 9.9955E-05 9.9955E-05 9.9955E-05 0.485355 0.163942 0.229069
9.9937E-05 0.988569 0.000337978 0.0041047 9.9937E-05 9.9937E-05 9.9937E-05 0.00628907 9.9937E-05 9.9937E-05 9.9937E-05
9.99101E-05 9.99101E-05 9.99101E-05 9.99101E-05 9.99101E-05 0.999001 9.99101E-05 9.99101E-05 9.99101E-05 9.99101E-05 9.99101E-05
9.9919E-05 0.942522 9.9919E-05 9.9919E-05 9.9919E-05 9.9919E-05 9.9919E-05 9.9919E-05 0.0565792 9.9919E-05 9.9919E-05
0.368556 0.0395643 9.9973E-05 0.0540142 0.332757 0.0179266 0.0923943 9.9973E-05 0.0548174 9.9973E-05 0.0396707
9.9946E-05 0.77645 9.9946E-05 0.0312914 0.0503705 9.9946E-05 0.134341 9.9946E-05 9.9946E-05 9.9946E-05 0.00694739
9.9955E-05 0.201838 0.0261902 0.00718805 0.42171 0.130068 9.9955E-05 0.212506 9.9955E-05 9.9955E-05 9.9955E-05
0.84514 0.0938892 9.9928E-05 9.9928E-05 9.9928E-05 0.0601718 9.9928E-05 9.9928E-05 9.9928E-05 9.9928E-05 9.9928E-05
9.9928E-05 9.9928E-05 9.9928E-05 9.9928E-05 0.856361 9.9928E-05 0.0421145 9.9928E-05 9.9928E-05 9.9928E-05 0.100725
0.0120768 0.391279 0.0117093 9.9973E-05 0.292287 0.0481397 0.16525 9.9973E-05 9.9973E-05 0.00986506 0.0690935
9.99101E-05 9.99101E-05 9.99101E-05 9.99101E-05 0.999001 9.99101E-05 9.99101E-05 9.99101E-05 9.99101E-05 9.99101E-05 9.99101E-05
0.466642 0.112702 0.0312912 9.9964E-05 0.192713 0.0267815 9.9964E-05 9.9964E-05 0.0444129 9.9964E-05 0.125057
9.99101E-05 9.99101E-05 9.99101E-05 9.99101E-05 9.99101E-05 9.99101E-05 9.99101E-05 0.999001 9.99101E-05 9.99101E-05 9.99101E-05
0.230317 0.287448 9.9937E-05 0.00478132 9.9937E-05 9.9937E-05 9.9937E-05 0.476755 9.9937E-05 9.9937E-05 9.9937E-05
0.999001 9.99101E-05 9.99101E-05 9.99101E-05 9.99101E-05 9.99101E-05 9.99101E-05 9.99101E-05 9.99101E-05 9.99101E-05 9.99101E-05
0.0438613 0.608776 9.9946E-05 9.9946E-05 0.114568 9.9946E-05 0.0796667 9.9946E-05 9.9946E-05 9.9946E-05 0.152528
0.111395 0.209449 9.9964E-05 9.9964E-05 0.171136 0.155072 9.9964E-05 9.9964E-05 0.078995 0.0839487 0.189605
9.9964E-05 0.1775 0.540009 0.0256495 0.0628013 0.133443 9.9964E-05 0.0438289 9.9964E-05 9.9964E-05 0.0163687
9.9973E-05 0.250826 0.0781422 0.000253491 0.0549355 0.0396448 0.0525673 0.17135 9.9973E-05 9.9973E-05 0.35198
0.00491071 0.315537 9.9964E-05 9.9964E-05 9.9964E-05 0.210735 0.291779 0.00414949 9.9964E-05 0.00289442 0.169594
9.9928E-05 0.795101 0.131409 9.9928E-05 9.9928E-05 9.9928E-05 9.9928E-05 9.9928E-05 9.9928E-05 9.9928E-05 0.0726901
9.99281E-05 9.99281E-05 9.99281E-05 9.99281E-05 9.99281E-05 9.99281E-05 0.476644 9.99281E-05 9.99281E-05 0.31594 0.206616
9.996E-05 0.0949191 9.996E-05 0.012246 0.0446651 9.996E-05 0.323686 9.996E-05 0.118346 0.364151 0.0415871
9.9946E-05 0.00358819 9.9946E-05 9.9946E-05 9.9946E-05 0.0333918 0.918241 0.0183277 9.9946E-05 9.9946E-05 0.0258514
0.0546006 9.9937E-05 0.0041577 9.9937E-05 9.9937E-05 9.9937E-05 0.818664 9.9937E-05 9.9937E-05 0.121878 9.9937E-05
9.9946E-05 0.125093 9.9946E-05 0.00278322 0.0359136 0.0195899 0.81602 9.9946E-05 9.9946E-05 9.9946E-05 9.9946E-05
9.99281E-05 9.99281E-05 9.99281E-05 9.99281E-05 9.99281E-05 9.99281E-05 0.967126 0.00840776 0.0236672 9.99281E-05 9.99281E-05
9.9955E-05 9.9955E-05 9.9955E-05 9.9955E-05 0.0546686 0.031739 0.664884 0.0644557 0.13349 0.0502624 9.9955E-05
0.0544706 0.02675 0.0853007 9.9955E-05 9.9955E-05 9.9955E-05 0.725268 0.0309055 9.9955E-05 9.9955E-05 0.0768057
9.9919E-05 9.9919E-05 0.0608401 9.9919E-05 9.9919E-05 9.9919E-05 0.938261 9.9919E-05 9.9919E-05 9.9919E-05 9.9919E-05
9.9964E-05 0.15184 9.9964E-05 0.015405 9.9964E-05 0.00411357 0.509164 0.0326005 9.9964E-05 0.0111143 0.275363
0.0302701 9.9946E-05 9.9946E-05 0.00287904 9.9946E-05 9.9946E-05 0.847733 9.9946E-05 9.9946E-05 0.055821 0.062697
9.997E-05 9.997E-05 0.0478922 9.997E-05 0.0620518 0.0534239 0.327009 0.0193335 0.0386303 0.0958947 0.355465
9.9937E-05 9.9937E-05 9.9937E-05 9.9937E-05 9.9937E-05 0.0593513 0.862597 9.9937E-05 9.9937E-05 0.0516831 0.0256695
9.9964E-05 0.0451839 0.0208396 0.00293277 9.9964E-05 0.0712486 0.712303 9.9964E-05 9.9964E-05 0.100575 0.0465173
9.9964E-05 0.0355144 0.228229 0.00362768 9.9964E-05 9.9964E-05 0.505316 9.9964E-05 0.00358513 0.175406 0.0479217
9.9955E-05 0.0743048 0.110974 9.9955E-05 9.9955E-05 0.041919 0.084021 9.9955E-05 9.9955E-05 0.641379 0.0469029
0.0873101 9.9946E-05 9.9946E-05 0.0388715 9.9946E-05 9.9946E-05 0.141145 9.9946E-05 9.9946E-05 0.610622 0.121452
9.9928E-05 9.9928E-05 0.00846584 9.9928E-05 9.9928E-05 9.9928E-05 9.9928E-05 9.9928E-05 9.9928E-05 0.902321 0.0884135
9.9973E-05 9.9973E-05 0.190079 0.00135398 0.0618834 0.145749 0.225448 9.9973E-05 0.083263 0.251605 0.0403192
9.9955E-05 0.0538202 9.9955E-05 9.9955E-05 9.9955E-05 0.00663516 0.336304 9.9955E-05 0.0422195 0.523209 0.0373125
9.9937E-05 9.9937E-05 0.584892 9.9937E-05 0.0510346 9.9937E-05 9.9937E-05 9.9937E-05 9.9937E-05 0.158294 0.20508
9.9919E-05 9.9919E-05 0.93356 9.9919E-05 9.9919E-05 9.9919E-05 9.9919E-05 9.9919E-05 9.9919E-05 0.0655411 9.9919E-05
9.9937E-05 9.9937E-05 0.456452 0.0184852 9.9937E-05 9.9937E-05 9.9937E-05 9.9937E-05 9.9937E-05 0.341415 0.182948
9.99279E-05 9.99279E-05 0.893772 9.99279E-05 9.99279E-05 9.99279E-05 9.99279E-05 0.0244788 9.99279E-05 9.99279E-05 0.0809502
9.9928E-05 9.9928E-05 9.9928E-05 9.9928E-05 0.023643 9.9928E-05 0.00281807 9.9928E-05 9.9928E-05 0.97274 9.9928E-05
9.99191E-05 9.99191E-05 9.99191E-05 0.0482696 9.99191E-05 9.99191E-05 9.99191E-05 9.99191E-05 9.99191E-05 0.950831 9.99191E-05
9.9955E-05 0.012559 9.9955E-05 0.0360145 9.9955E-05 9.9955E-05 9.9955E-05 0.0461185 0.00770379 0.0290602 0.868044
9.996E-05 0.0953988 9.996E-05 9.996E-05 0.0406871 9.996E-05 0.0620863 0.0354676 0.00800032 0.186932 0.571029
0.0906265 0.0450085 0.046495 9.9946E-05 9.9946E-05 9.9946E-05 9.9946E-05 9.9946E-05 9.9946E-05 0.208176 0.609095
9.9964E-05 9.9964E-05 9.9964E-05 0.0119536 9.9964E-05 0.0819926 0.0825852 0.0420173 0.103297 0.040256 0.637498
0.0081206 9.9946E-05 0.10611 9.9946E-05 0.0421552 9.9946E-05 9.9946E-05 9.9946E-05 0.00878134 9.9946E-05 0.834233
9.9955E-05 9.9955E-05 0.0122494 0.0824742 9.9955E-05 9.9955E-05 0.43871 9.9955E-05 0.0396339 0.00462419 0.421809
9.9955E-05 0.00929943 9.9955E-05 9.9955E-05 9.9955E-05 0.0495547 0.10821 9.9955E-05 0.00280087 0.0358634 0.793772
9.99281E-05 9.99281E-05 9.99281E-05 0.0218974 9.99281E-05 9.99281E-05 9.99281E-05 9.99281E-05 9.99281E-05 0.00846817 0.968835
9.9946E-05 9.9946E-05 9.9946E-05 0.00803618 0.0348879 0.010416 0.0993423 9.9946E-05 9.9946E-05 9.9946E-05 0.846718
9.99191E-05 9.99191E-05 9.99191E-05 9.99191E-05 9.99191E-05 0.0573036 9.99191E-05 9.99191E-05 9.99191E-05 9.99191E-05 0.941797
9.9928E-05 0.00317137 9.9928E-05 0.0166132 9.9928E-05 9.9928E-05 9.9928E-05 9.9928E-05 9.9928E-05 9.9928E-05 0.979416
9.9928E-05 9.9928E-05 9.9928E-05 9.9928E-05 0.0450599 9.9928E-05 9.9928E-05 0.0139629 9.9928E-05 9.9928E-05 0.940178
9.99281E-05 9.99281E-05 9.99281E-05 9.99281E-05 0.00240239 9.99281E-05 9.99281E-05 0.00291997 9.99281E-05 9.99281E-05 0.993878
9.9919E-05 9.9919E-05 9.9919E-05 9.9919E-05 9.9919E-05 9.9919E-05 9.9919E-05 9.9919E-05 9.9919E-05 0.0568539 0.942247
0.00633219 9.99281E-05 9.99281E-05 9.99281E-05 9.99281E-05 9.99281E-05 0.208017 9.99281E-05 9.99281E-05 9.99281E-05 0.784852
9.99371E-05 9.99371E-05 9.99371E-05 0.0323225 9.99371E-05 9.99371E-05 0.294272 9.99371E-05 0.0850107 9.99371E-05 0.587695
9.99371E-05 9.99371E-05 9.99371E-05 0.00655332 9.99371E-05 9.99371E-05 9.99371E-05 9.99371E-05 0.00207959 0.0687363 0.921931
9.9946E-05 9.9946E-05 0.156013 0.0497555 9.9946E-05 9.9946E-05 0.101999 0.00851188 9.9946E-05 9.9946E-05 0.683121
0.0118916 9.9973E-05 9.9973E-05 0.543102 0.073866 0.00853808 0.014808 0.00975186 9.9973E-05 0.00923657 0.328506
9.99101E-05 9.99101E-05 9.99101E-05 0.999001 9.99101E-05 9.99101E-05 9.99101E-05 9.99101E-05 9.99101E-05 9.99101E-05 9.99101E-05
9.9955E-05 0.122086 0.0122014 0.0514101 9.9955E-05 0.0232195 0.1475 9.9955E-05 9.9955E-05 9.9955E-05 0.643083
