9.99201E-05 9.99201E-05 9.99201E-05 9.99201E-05 9.99201E-05 9.99201E-05 0.999101 9.99201E-05 9.99201E-05 9.99201E-05
0.0867133 0.131737 0.00897061 9.9955E-05 9.9955E-05 9.9955E-05 0.649486 0.122593 9.9955E-05 9.9955E-05
9.9928E-05 0.993021 9.9928E-05 9.9928E-05 0.00617961 9.9928E-05 9.9928E-05 9.9928E-05 9.9928E-05 9.9928E-05
9.9928E-05 0.9336 9.9928E-05 0.0656001 9.9928E-05 9.9928E-05 9.9928E-05 9.9928E-05 9.9928E-05 9.9928E-05
9.9946E-05 0.0060787 0.00465637 9.9946E-05 9.9946E-05 0.0561927 9.9946E-05 0.932473 9.9946E-05 9.9946E-05
9.9955E-05 9.9955E-05 9.9955E-05 0.0613335 9.9955E-05 9.9955E-05 0.752351 0.114834 0.0680568 0.00292532
0.0202713 9.9964E-05 0.0180845 9.9964E-05 0.0595591 0.0500015 0.819957 0.0317265 9.9964E-05 9.9964E-05
9.99201E-05 9.99201E-05 9.99201E-05 9.99201E-05 9.99201E-05 9.99201E-05 9.99201E-05 0.999101 9.99201E-05 9.99201E-05
9.9937E-05 0.156457 9.9937E-05 9.9937E-05 0.330472 9.9937E-05 9.9937E-05 0.512371 9.9937E-05 9.9937E-05
0.173176 0.118047 0.02928 0.00195587 0.0551098 0.0528843 0.419912 0.0915875 9.9991E-05 0.0579479
9.9955E-05 9.9955E-05 0.0155972 0.099735 9.9955E-05 0.0227585 9.9955E-05 0.145098 0.716312 9.9955E-05
9.99281E-05 9.99281E-05 9.99281E-05 9.99281E-05 9.99281E-05 9.99281E-05 9.99281E-05 0.0219686 0.977232 9.99281E-05
9.9955E-05 0.0211752 9.9955E-05 0.0073241 9.9955E-05 9.9955E-05 0.0544817 0.116318 0.800201 9.9955E-05
9.9964E-05 0.0150855 0.0384184 0.0213066 9.9964E-05 0.127184 9.9964E-05 0.0685905 0.729015 9.9964E-05
9.9964E-05 0.110004 0.0698707 9.9964E-05 9.9964E-05 9.9964E-05 0.00871313 0.00201422 0.716142 0.0928569
9.9937E-05 9.9937E-05 9.9937E-05 0.0355766 9.9937E-05 9.9937E-05 0.00663983 9.9937E-05 0.957084 9.9937E-05
9.9928E-05 9.9928E-05 9.9928E-05 0.842274 9.9928E-05 9.9928E-05 9.9928E-05 9.9928E-05 0.156926 9.9928E-05
0.143749 9.9964E-05 9.9964E-05 0.0407757 0.128179 0.015105 9.9964E-05 9.9964E-05 0.608564 0.0632277
0.0306752 0.0119253 9.9955E-05 9.9955E-05 9.9955E-05 0.158658 9.9955E-05 9.9955E-05 0.797761 0.000481018
9.99281E-05 9.99281E-05 9.99281E-05 9.99281E-05 9.99281E-05 9.99281E-05 9.99281E-05 0.151615 0.847585 9.99281E-05
0.108659 9.9955E-05 9.9955E-05 0.0949031 9.9955E-05 9.9955E-05 0.119239 9.9955E-05 0.591827 0.0848722
0.0321937 0.00437427 9.9973E-05 0.0157913 9.9973E-05 9.9973E-05 0.221957 0.00842231 0.570045 0.146917
9.9955E-05 9.9955E-05 0.0059021 0.16062 9.9955E-05 0.00479443 0.0890887 9.9955E-05 0.739095 9.9955E-05
9.99201E-05 9.99201E-05 9.99201E-05 0.999101 9.99201E-05 9.99201E-05 9.99201E-05 9.99201E-05 9.99201E-05 9.99201E-05
0.130426 0.00466067 0.00674265 0.00778048 9.9964E-05 9.9964E-05 9.9964E-05 9.9964E-05 0.781248 0.0687424
0.0959203 9.9946E-05 9.9946E-05 9.9946E-05 0.132541 9.9946E-05 0.0767161 9.9946E-05 0.694223 9.9946E-05
9.9946E-05 9.9946E-05 9.9946E-05 9.9946E-05 0.0801602 0.02039 9.9946E-05 9.9946E-05 0.542165 0.356685
0.285151 0.191086 0.0234046 9.9964E-05 9.9964E-05 0.0402258 9.9964E-05 9.9964E-05 0.427236 0.0324973
0.298367 9.9955E-05 9.9955E-05 9.9955E-05 0.0567564 9.9955E-05 0.0200312 9.9955E-05 0.512322 0.112024
0.310238 9.99281E-05 9.99281E-05 9.99281E-05 9.99281E-05 9.99281E-05 9.99281E-05 9.99281E-05 0.688962 9.99281E-05
9.99201E-05 9.99201E-05 9.99201E-05 9.99201E-05 0.999101 9.99201E-05 9.99201E-05 9.99201E-05 9.99201E-05 9.99201E-05
9.99201E-05 9.99201E-05 9.99201E-05 9.99201E-05 0.999101 9.99201E-05 9.99201E-05 9.99201E-05 9.99201E-05 9.99201E-05
0.112265 9.9937E-05 9.9937E-05 9.9937E-05 9.9937E-05 9.9937E-05 9.9937E-05 9.9937E-05 0.0121694 0.874866
9.9946E-05 9.9946E-05 9.9946E-05 0.0673068 0.00257566 0.0956127 9.9946E-05 9.9946E-05 9.9946E-05 0.833905
9.9955E-05 0.0283105 0.00179213 9.9955E-05 0.0676728 9.9955E-05 9.9955E-05 9.9955E-05 0.213061 0.688663
0.0462555 9.9955E-05 0.00383367 0.00512071 0.0311755 9.9955E-05 9.9955E-05 9.9955E-05 9.9955E-05 0.913115
9.9964E-05 0.00709434 9.9964E-05 9.9964E-05 9.9964E-05 0.0207917 0.0844374 0.142051 0.00992012 0.735306
0.119705 9.9955E-05 9.9955E-05 0.0334665 0.00211671 9.9955E-05 0.0215362 9.9955E-05 9.9955E-05 0.822676
9.9937E-05 9.9937E-05 0.00945109 9.9937E-05 9.9937E-05 0.114904 9.9937E-05 9.9937E-05 9.9937E-05 0.874945
0.170317 0.0215172 0.0104254 9.9973E-05 9.9973E-05 0.052416 0.0796072 9.9973E-05 0.00840381 0.657013
9.9937E-05 9.9937E-05 9.9937E-05 0.00732817 0.20582 9.9937E-05 9.9937E-05 9.9937E-05 9.9937E-05 0.786152
0.310518 0.064729 9.9991E-05 0.00219524 0.0201194 0.105978 0.0220071 0.0427094 0.183484 0.248161
0.173436 0.043501 9.9946E-05 9.9946E-05 0.0581458 9.9946E-05 9.9946E-05 9.9946E-05 9.9946E-05 0.724318
0.032929 9.997E-05 0.0104095 0.0194165 9.997E-05 0.157312 0.000642728 9.997E-05 0.0353059 0.743684
0.0698956 0.00580219 9.9964E-05 9.9964E-05 0.272229 0.492822 9.9964E-05 9.9964E-05 0.125215 0.033637
0.168538 9.9955E-05 9.9955E-05 9.9955E-05 0.137832 0.482708 9.9955E-05 9.9955E-05 0.114979 0.0954436
0.00948425 9.9964E-05 0.102354 0.0596882 0.119924 0.655634 9.9964E-05 9.9964E-05 9.9964E-05 0.0525155
0.139169 9.9937E-05 9.9937E-05 9.9937E-05 0.0798675 0.780264 9.9937E-05 9.9937E-05 9.9937E-05 9.9937E-05
9.996E-05 0.161457 9.996E-05 9.996E-05 0.0194947 0.492638 9.996E-05 0.0599943 0.0635325 0.202483
0.114983 0.0067826 9.9973E-05 9.9973E-05 0.0425051 0.352945 0.0457485 0.0267175 9.9973E-05 0.410018
0.201682 0.00881859 9.9946E-05 9.9946E-05 0.000903464 0.787996 9.9946E-05 9.9946E-05 9.9946E-05 9.9946E-05
9.9928E-05 9.9928E-05 9.9928E-05 9.9928E-05 9.9928E-05 0.985558 9.9928E-05 0.0136423 9.9928E-05 9.9928E-05
0.114432 9.9946E-05 0.00793404 0.025494 9.9946E-05 0.851541 9.9946E-05 9.9946E-05 9.9946E-05 9.9946E-05
0.0663088 9.9955E-05 0.000267814 0.0351508 9.9955E-05 0.772477 9.9955E-05 9.9955E-05 9.9955E-05 0.125295
9.9937E-05 9.9937E-05 9.9937E-05 9.9937E-05 0.150694 0.717557 9.9937E-05 9.9937E-05 9.9937E-05 0.131049
0.00627941 0.0141067 0.0306485 9.9946E-05 9.9946E-05 0.948366 9.9946E-05 9.9946E-05 9.9946E-05 9.9946E-05
0.773843 9.9955E-05 9.9955E-05 9.9955E-05 9.9955E-05 0.110771 0.0013946 0.0818932 0.0315986 9.9955E-05
0.568053 0.0404198 9.9973E-05 0.0354838 0.146037 0.120896 9.9973E-05 0.0495166 9.9973E-05 0.0392929
0.729726 0.0306387 0.0169808 0.0181088 9.9964E-05 0.104567 9.9964E-05 0.099579 9.9964E-05 9.9964E-05
0.678861 9.9955E-05 9.9955E-05 9.9955E-05 0.00560757 9.9955E-05 0.11265 9.9955E-05 0.0225917 0.17979
0.82726 9.9973E-05 9.9973E-05 0.0496875 0.0490922 0.0497329 0.00061388 0.0226593 0.00065467 9.9973E-05
0.310825 0.0130211 0.0960597 9.9946E-05 9.9946E-05 9.9946E-05 9.9946E-05 9.9946E-05 9.9946E-05 0.579494
0.788542 0.00649389 9.9964E-05 0.0341385 9.9964E-05 9.9964E-05 0.0135045 0.0127836 9.9964E-05 0.144137
0.965113 9.99281E-05 0.0340871 9.99281E-05 9.99281E-05 9.99281E-05 9.99281E-05 9.99281E-05 9.99281E-05 9.99281E-05
0.842358 9.9946E-05 0.015845 9.9946E-05 9.9946E-05 9.9946E-05 9.9946E-05 9.9946E-05 0.0119401 0.129258
0.999101 9.99201E-05 9.99201E-05 9.99201E-05 9.99201E-05 9.99201E-05 9.99201E-05 9.99201E-05 9.99201E-05 9.99201E-05
0.999101 9.99201E-05 9.99201E-05 9.99201E-05 9.99201E-05 9.99201E-05 9.99201E-05 9.99201E-05 9.99201E-05 9.99201E-05
0.965933 0.0129496 9.9937E-05 9.9937E-05 9.9937E-05 9.9937E-05 9.9937E-05 9.9937E-05 0.020418 9.9937E-05
0.998525 9.9928E-05 0.000675932 9.9928E-05 9.9928E-05 9.9928E-05 9.9928E-05 9.9928E-05 9.9928E-05 9.9928E-05
0.967281 0.00269389 9.9937E-05 9.9937E-05 9.9937E-05 0.0293251 9.9937E-05 9.9937E-05 9.9937E-05 9.9937E-05
0.783744 9.99371E-05 9.99371E-05 9.99371E-05 0.110315 9.99371E-05 9.99371E-05 9.99371E-05 9.99371E-05 0.105242
0.628184 9.9964E-05 0.000877787 9.9964E-05 0.10374 9.9964E-05 0.0717265 0.00533563 9.9964E-05 0.189736
0.897013 0.0673133 0.00521449 9.9946E-05 9.9946E-05 0.0298596 9.9946E-05 9.9946E-05 9.9946E-05 9.9946E-05
0.663767 9.996E-05 0.0542041 9.996E-05 9.996E-05 0.160975 0.0305575 9.996E-05 0.0157087 0.0743878
0.278995 0.00296531 0.574024 9.9973E-05 9.9973E-05 0.0270818 0.0285762 9.9973E-05 0.0550975 0.0329605
9.99201E-05 9.99201E-05 0.999101 9.99201E-05 9.99201E-05 9.99201E-05 9.99201E-05 9.99201E-05 9.99201E-05 9.99201E-05
0.564726 0.0432679 0.072271 0.0397235 9.9973E-05 0.0230992 0.00220397 9.9973E-05 9.9973E-05 0.254408
