9.994E-05 9.994E-05 9.994E-05 9.994E-05 9.994E-05 9.994E-05 9.994E-05 0.9993
9.9964E-05 0.0943787 9.9964E-05 9.9964E-05 9.9964E-05 0.588921 0.0614749 0.254826
9.9964E-05 0.0669233 9.9964E-05 9.9964E-05 9.9964E-05 0.601225 0.118853 0.212599
9.99551E-05 9.99551E-05 9.99551E-05 0.0949397 9.99551E-05 0.699498 9.99551E-05 0.205063
9.9973E-05 9.9973E-05 0.0434347 0.0962466 0.0769951 0.717141 9.9973E-05 0.0658824
9.9964E-05 9.9964E-05 9.9964E-05 0.240058 9.9964E-05 0.606248 0.0120584 0.141236
9.9955E-05 9.9955E-05 9.9955E-05 9.9955E-05 9.9955E-05 0.750144 0.0056216 0.243735
9.9973E-05 0.0308536 9.9973E-05 0.0648197 9.9973E-05 0.562209 0.0821784 0.25964
9.9973E-05 0.0430544 0.0347143 9.9973E-05 9.9973E-05 0.691619 0.0690398 0.161273
9.994E-05 9.994E-05 9.994E-05 9.994E-05 9.994E-05 9.994E-05 9.994E-05 0.9993
9.994E-05 9.994E-05 9.994E-05 9.994E-05 9.994E-05 9.994E-05 9.994E-05 0.9993
9.994E-05 9.994E-05 9.994E-05 9.994E-05 9.994E-05 9.994E-05 9.994E-05 0.9993
9.9946E-05 0.00554181 9.9946E-05 9.9946E-05 9.9946E-05 9.9946E-05 9.9946E-05 0.993859
0.0022365 9.9964E-05 0.011006 9.9964E-05 0.0577669 9.9964E-05 9.9964E-05 0.928591
0.00220553 0.00605974 9.9982E-05 0.0366296 0.000591113 9.9982E-05 0.00525778 0.949056
9.9964E-05 9.9964E-05 9.9964E-05 0.28528 9.9964E-05 0.538828 0.0169527 0.15854
0.0251592 0.0412519 0.0107683 0.120555 0.113309 0.351454 0.12187 0.215633
9.9964E-05 9.9964E-05 9.9964E-05 0.0740075 9.9964E-05 0.718523 0.0157884 0.191281
9.9964E-05 9.9964E-05 0.0378368 0.0328466 0.0679745 0.860942 9.9964E-05 9.9964E-05
0.036716 9.9955E-05 9.9955E-05 9.9955E-05 0.0404072 0.922377 9.9955E-05 9.9955E-05
9.9964E-05 0.00791513 0.0490732 9.9964E-05 9.9964E-05 0.924726 9.9964E-05 0.017886
0.0255619 9.9973E-05 9.9973E-05 0.0588372 0.0895488 0.761213 0.0645393 9.9973E-05
9.9955E-05 9.9955E-05 9.9955E-05 9.9955E-05 0.114561 0.856326 0.0286126 9.9955E-05
0.0479857 9.9973E-05 9.9973E-05 9.9973E-05 0.0490775 0.872621 0.0101193 0.0198968
9.9964E-05 9.9964E-05 0.0114179 0.115761 9.9964E-05 0.871033 9.9964E-05 0.00138921
0.0590932 9.9973E-05 0.0669539 0.232472 0.00525197 0.635929 9.9973E-05 9.9973E-05
9.9973E-05 9.9973E-05 0.148589 0.0785356 0.0082502 0.719324 0.0450011 9.9973E-05
0.0177811 9.9964E-05 9.9964E-05 0.0157139 9.9964E-05 0.952664 0.0134412 9.9964E-05
0.0247467 9.9991E-05 0.0268482 0.140359 0.031568 0.754717 0.00232262 0.0193382
0.00485353 9.9964E-05 0.000317715 9.9964E-05 9.9964E-05 0.955446 9.9964E-05 0.0389831
9.9964E-05 9.9964E-05 0.0158426 9.9964E-05 0.0549741 0.896193 9.9964E-05 0.0325909
0.0681053 0.0151894 0.060417 0.0246977 9.9982E-05 0.798413 0.0329777 9.9982E-05
0.0469983 0.0265616 0.030272 0.067553 0.0249874 0.758959 0.0445684 9.9991E-05
0.143964 0.0235311 9.9991E-05 0.104216 0.0122715 0.608311 0.0568286 0.0507783
0.0059689 9.9964E-05 9.9964E-05 9.9964E-05 0.113464 0.823105 0.0570621 9.9964E-05
9.9955E-05 9.9955E-05 9.9955E-05 0.0300791 9.9955E-05 0.930539 9.9955E-05 0.0388817
9.9964E-05 9.9964E-05 0.0136626 0.481909 0.0176267 0.486402 9.9964E-05 9.9964E-05
0.0357043 0.00579999 0.0523475 0.271876 0.0815667 0.527393 0.0252126 9.9991E-05
9.9982E-05 0.0458842 0.120907 0.254104 0.0040686 0.540017 0.0348191 9.9982E-05
0.051126 0.0256873 0.0533927 0.23456 0.0282128 0.606821 9.9982E-05 9.9982E-05
0.0235804 0.0200109 0.0220767 0.834048 9.9982E-05 0.0710445 0.0290396 9.9982E-05
0.00362456 0.0227685 0.0441902 0.808569 9.9982E-05 0.0556913 0.0649566 9.9982E-05
0.0614907 0.0554001 9.9982E-05 0.586489 9.9982E-05 0.229745 0.023385 0.04329
0.00304041 0.00131003 0.0084034 0.918424 9.9982E-05 0.0470435 0.0215791 9.9982E-05
0.026706 9.9973E-05 0.0556343 0.644 9.9973E-05 0.226983 0.0463767 9.9973E-05
9.9955E-05 9.9955E-05 9.9955E-05 0.954234 9.9955E-05 0.0357963 9.9955E-05 0.0094695
9.994E-05 9.994E-05 9.994E-05 0.9993 9.994E-05 9.994E-05 9.994E-05 9.994E-05
0.0546468 9.9982E-05 0.0199613 0.514488 0.0140512 0.364843 0.0318104 9.9982E-05
0.0517975 9.9991E-05 0.0622532 0.586164 0.0050789 0.171008 0.0544847 0.0691136
0.0350394 0.015464 9.9982E-05 0.425743 9.9982E-05 0.425328 0.0197713 0.078454
9.9982E-05 0.0109343 0.0328228 0.631459 9.9982E-05 0.224114 0.0599573 0.040513
9.9973E-05 9.9973E-05 0.0202227 0.773165 0.0376326 0.1444 0.024279 9.9973E-05
9.9946E-05 9.9946E-05 9.9946E-05 0.983031 9.9946E-05 9.9946E-05 9.9946E-05 0.0163694
0.0105374 9.9982E-05 0.037031 0.642352 0.0960278 0.16003 9.9982E-05 0.0538218
0.0438611 0.0257453 0.0313038 0.585907 0.0473356 0.21929 9.9991E-05 0.0464579
0.0784815 0.00444192 9.9973E-05 0.698405 9.9973E-05 0.148965 0.0694072 9.9973E-05
0.0510735 9.9991E-05 0.0694839 0.533156 0.0103469 0.191277 0.0660562 0.0785066
0.0714948 0.0349437 0.0453907 0.674649 0.00743113 0.165891 9.9982E-05 9.9982E-05
9.9955E-05 9.9955E-05 9.9955E-05 0.950151 9.9955E-05 9.9955E-05 0.0231589 0.0261903
9.9973E-05 0.0140461 0.107128 0.594193 9.9973E-05 0.231697 9.9973E-05 0.0526356
0.0533477 9.9966E-05 0.0907594 0.647581 9.9966E-05 0.207912 9.9966E-05 9.9966E-05
0.0615529 9.9973E-05 0.00575205 0.811883 9.9973E-05 0.0535754 9.9973E-05 0.0669369
9.999E-05 0.0254037 0.0422529 0.694291 0.0309157 0.152681 0.043171 0.0111849
0.0215585 9.9973E-05 9.9973E-05 0.894248 0.026581 9.9973E-05 0.0330242 0.0242888
0.014717 9.9973E-05 0.00271567 0.843041 9.9973E-05 0.0845033 9.9973E-05 0.0547233
9.9955E-05 9.9955E-05 9.9955E-05 0.933455 0.0356054 9.9955E-05 0.0304396 9.9955E-05
9.9946E-05 0.03604 9.9946E-05 0.96336 9.9946E-05 9.9946E-05 9.9946E-05 9.9946E-05
9.9973E-05 0.028767 9.9973E-05 0.864156 0.0627749 9.9973E-05 0.0316719 0.0123304
0.020879 9.9973E-05 0.0252138 0.610343 9.9973E-05 0.325324 0.0179407 9.9973E-05
9.99461E-05 9.99461E-05 9.99461E-05 0.980013 0.0193874 9.99461E-05 9.99461E-05 9.99461E-05
0.0253553 0.0548203 9.9982E-05 0.730764 9.9982E-05 0.0916009 0.0476107 0.0496486
0.0162395 0.050993 0.00646765 0.790144 0.0469373 0.0433376 0.0457811 9.9991E-05
9.99461E-05 9.99461E-05 9.99461E-05 0.92237 9.99461E-05 9.99461E-05 9.99461E-05 0.0770301
9.9955E-05 9.9955E-05 0.0237645 0.928752 9.9955E-05 9.9955E-05 9.9955E-05 0.0469837
0.0704574 9.9982E-05 0.057554 0.773035 0.00576793 9.9982E-05 0.0271641 0.0658221
9.9955E-05 9.9955E-05 0.0848429 0.900188 0.0144692 9.9955E-05 9.9955E-05 9.9955E-05
9.9964E-05 0.00533913 9.9964E-05 0.955264 0.0313882 9.9964E-05 0.00760844 9.9964E-05
9.9982E-05 0.101567 9.9982E-05 0.769265 0.0915206 0.000290151 0.00677877 0.0303792
0.0714112 0.113816 0.0573022 0.637493 0.0979365 9.9982E-05 0.0218408 9.9982E-05
0.0672943 0.107142 0.0177372 0.715611 0.088424 9.9982E-05 0.00359211 9.9982E-05
0.0940455 0.0336501 0.0337994 0.750687 0.0743572 9.9982E-05 0.0132607 9.9982E-05
0.0546456 0.092257 0.022563 0.750344 0.0730734 9.9982E-05 0.00691669 9.9982E-05
0.0733269 0.108399 0.0494276 0.687965 0.0558519 9.9982E-05 0.0248294 9.9982E-05
0.14306 0.136541 0.125759 0.419325 9.9973E-05 0.175015 9.9973E-05 9.9973E-05
0.0702251 0.27442 0.0335174 0.473183 0.0596062 0.0362289 0.0294484 0.0233708
0.0763725 0.166685 0.0753452 0.51804 0.0323706 0.0173055 0.0924092 0.0214725
0.13302 0.0856774 0.0390255 0.442805 0.0278574 0.17747 0.0552036 0.0389406
0.128843 0.129913 0.0562162 0.591203 9.9982E-05 0.074189 9.9982E-05 0.0194353
0.0755528 0.142885 0.0617877 0.573335 0.043215 0.0375426 0.0557916 0.0098902
0.127485 0.109356 0.136252 0.432317 0.0522333 0.0238652 0.104058 0.0144328
0.0429524 0.0977631 9.9982E-05 0.556014 0.202123 9.9982E-05 0.0478297 0.0531186
0.135083 0.0623007 9.9991E-05 0.569742 0.149171 0.0163078 0.0147487 0.0525471
0.10153 0.21045 0.168116 0.308486 9.9991E-05 0.0901965 0.0787417 0.0423802
0.00119464 0.998206 9.9946E-05 9.9946E-05 9.9946E-05 9.9946E-05 9.9946E-05 9.9946E-05
9.9964E-05 0.944191 9.9964E-05 0.0106935 9.9964E-05 9.9964E-05 0.0109626 0.0337531
9.9973E-05 0.867433 0.00969061 0.0658942 0.0545149 9.9973E-05 9.9973E-05 0.00216732
9.994E-05 0.9993 9.994E-05 9.994E-05 9.994E-05 9.994E-05 9.994E-05 9.994E-05
9.994E-05 0.9993 9.994E-05 9.994E-05 9.994E-05 9.994E-05 9.994E-05 9.994E-05
9.994E-05 0.9993 9.994E-05 9.994E-05 9.994E-05 9.994E-05 9.994E-05 9.994E-05
0.00249041 0.99691 9.9946E-05 9.9946E-05 9.9946E-05 9.9946E-05 9.9946E-05 9.9946E-05
9.9973E-05 0.867057 0.0314935 9.9973E-05 9.9973E-05 0.0448705 0.024051 0.0322275
9.9946E-05 0.971338 0.0280624 9.9946E-05 9.9946E-05 9.9946E-05 9.9946E-05 9.9946E-05
9.994E-05 0.9993 9.994E-05 9.994E-05 9.994E-05 9.994E-05 9.994E-05 9.994E-05
0.30097 0.0961819 0.112567 0.248441 0.0892101 0.0621688 0.0903607 9.9991E-05
9.9964E-05 0.851021 0.0331724 0.0712182 0.0441882 9.9964E-05 9.9964E-05 9.9964E-05
9.994E-05 0.9993 9.994E-05 9.994E-05 9.994E-05 9.994E-05 9.994E-05 9.994E-05
0.000860888 0.937117 0.0352849 9.9973E-05 0.024404 9.9973E-05 9.9973E-05 0.00203327
0.255996 0.13119 0.0841467 0.411442 0.0906193 9.9982E-05 0.0264056 9.9982E-05
0.234739 0.12045 0.0605961 0.378013 0.0904756 0.0540571 0.0615691 9.9991E-05
0.204899 0.133515 0.0647393 0.417271 0.115886 0.00274966 0.0608387 9.9991E-05
0.265773 0.153268 0.0747431 0.370707 0.0777473 9.9982E-05 0.0575618 9.9982E-05
0.216806 0.129722 0.0715135 0.402491 0.119558 9.9982E-05 0.0597097 9.9982E-05
0.221474 0.096471 0.0223166 0.32911 0.176648 0.134272 0.019608 9.9991E-05
0.190537 0.113682 0.0115335 0.417811 0.133362 0.0917683 0.0412064 9.9991E-05
0.229817 0.118262 0.0200285 0.474618 0.130245 0.00271416 0.0242151 9.9991E-05
0.156271 0.196181 0.0623734 0.360899 0.142184 0.0189849 0.0630067 9.9991E-05
0.159084 0.205251 0.0453595 0.341114 0.173477 0.0214741 0.0541395 9.9991E-05
0.14375 0.12937 0.0795318 0.406818 0.0969203 0.0827715 0.0607384 9.9991E-05
0.1037 0.160435 0.0854351 0.475874 0.158347 0.00177599 0.0143332 9.9991E-05
0.218291 0.0596168 0.0724264 0.48805 0.0934998 9.9991E-05 0.0671554 0.000861135
0.219727 0.136604 0.0501088 0.463734 0.061853 0.00438309 0.0634897 9.9991E-05
9.994E-05 9.994E-05 9.994E-05 9.994E-05 9.994E-05 9.994E-05 0.9993 9.994E-05
0.183756 0.177278 0.0515112 0.426487 0.0797381 9.9982E-05 0.0810289 9.9982E-05
9.994E-05 9.994E-05 9.994E-05 9.994E-05 9.994E-05 9.994E-05 0.9993 9.994E-05
9.994E-05 9.994E-05 9.994E-05 9.994E-05 9.994E-05 9.994E-05 0.9993 9.994E-05
9.9964E-05 0.00229981 9.9964E-05 9.9964E-05 0.0420239 9.9964E-05 0.946045 0.00923161
0.082546 0.0104937 0.0188934 0.0586104 9.9982E-05 0.0585728 0.770684 9.9982E-05
9.994E-05 9.994E-05 9.994E-05 9.994E-05 9.994E-05 9.994E-05 0.9993 9.994E-05
0.025197 0.00348122 9.9973E-05 0.0872248 0.00913287 9.9973E-05 0.874664 9.9973E-05
9.9946E-05 0.00943243 9.9946E-05 9.9946E-05 9.9946E-05 9.9946E-05 0.989968 9.9946E-05
0.0374895 9.99461E-05 9.99461E-05 9.99461E-05 9.99461E-05 9.99461E-05 0.961911 9.99461E-05
9.9946E-05 9.9946E-05 0.0056255 9.9946E-05 9.9946E-05 9.9946E-05 0.993775 9.9946E-05
9.9946E-05 9.9946E-05 9.9946E-05 9.9946E-05 0.0111585 9.9946E-05 0.988242 9.9946E-05
0.000792606 0.0262428 0.000858643 9.9973E-05 9.9973E-05 0.020747 0.951059 9.9973E-05
0.0691184 0.00538679 0.0294188 0.0764065 0.0349708 9.9982E-05 0.784499 9.9982E-05
9.9973E-05 9.9973E-05 9.9973E-05 0.0177739 0.0153204 0.009834 0.935187 0.0215851
0.0227359 9.9973E-05 0.00584319 0.0661627 0.0214359 9.9973E-05 0.883522 9.9973E-05
0.0262785 0.0132439 0.051716 0.0093007 0.0344746 9.9991E-05 0.854846 0.0100408
9.9982E-05 0.00762923 0.00990116 0.019725 0.0419056 9.9982E-05 0.892332 0.0283072
0.0184572 9.9964E-05 9.9964E-05 9.9964E-05 9.9964E-05 0.0243138 0.946452 0.0103772
0.867847 9.9964E-05 0.0489174 0.0638698 0.0189658 9.9964E-05 9.9964E-05 9.9964E-05
0.863919 0.0236337 0.0119882 9.9982E-05 0.0462072 0.0405346 0.013517 9.9982E-05
0.9993 9.994E-05 9.994E-05 9.994E-05 9.994E-05 9.994E-05 9.994E-05 9.994E-05
0.987384 9.9946E-05 0.0120162 9.9946E-05 9.9946E-05 9.9946E-05 9.9946E-05 9.9946E-05
0.9993 9.994E-05 9.994E-05 9.994E-05 9.994E-05 9.994E-05 9.994E-05 9.994E-05
0.9993 9.994E-05 9.994E-05 9.994E-05 9.994E-05 9.994E-05 9.994E-05 9.994E-05
0.9993 9.994E-05 9.994E-05 9.994E-05 9.994E-05 9.994E-05 9.994E-05 9.994E-05
0.756987 9.9973E-05 9.9973E-05 0.00774336 0.16964 0.0360994 9.9973E-05 0.0292298
0.9993 9.994E-05 9.994E-05 9.994E-05 9.994E-05 9.994E-05 9.994E-05 9.994E-05
0.9993 9.994E-05 9.994E-05 9.994E-05 9.994E-05 9.994E-05 9.994E-05 9.994E-05
0.820425 0.0411728 9.9973E-05 9.9973E-05 0.0831776 9.9973E-05 0.0268915 0.0280329
0.9993 9.994E-05 9.994E-05 9.994E-05 9.994E-05 9.994E-05 9.994E-05 9.994E-05
0.719262 0.0173759 0.00471151 0.135898 0.0399686 9.9982E-05 0.0825838 9.9982E-05
0.0670534 0.0672605 0.255538 0.424231 0.116595 9.9991E-05 0.0311779 0.0380437
0.0651924 0.0490756 0.237001 0.504432 0.104064 9.9991E-05 0.0200455 0.0200899
0.0395752 0.0920665 0.282654 0.424073 0.104932 9.9991E-05 0.0435718 0.0130273
0.0116456 0.0541977 0.239326 0.446073 0.145773 9.9991E-05 0.0565292 0.0463549
0.00530891 9.9973E-05 9.9973E-05 9.9973E-05 0.950767 0.0174166 0.0113815 0.0148262
9.994E-05 9.994E-05 9.994E-05 9.994E-05 0.9993 9.994E-05 9.994E-05 9.994E-05
9.9973E-05 0.00266715 9.9973E-05 9.9973E-05 0.936993 0.019581 0.0294162 0.011043
9.994E-05 9.994E-05 9.994E-05 9.994E-05 0.9993 9.994E-05 9.994E-05 9.994E-05
9.9955E-05 0.00319492 9.9955E-05 0.0347067 0.961599 9.9955E-05 9.9955E-05 9.9955E-05
9.9964E-05 0.0111623 0.0495498 9.9964E-05 0.932464 9.9964E-05 0.00642369 9.9964E-05
9.9964E-05 0.007462 0.0062353 9.9964E-05 0.975883 9.9964E-05 0.0100201 9.9964E-05
0.0104382 9.9991E-05 0.093267 0.0808288 0.731365 0.043772 0.0142714 0.0259577
9.9973E-05 9.9973E-05 9.9973E-05 0.0802243 0.81061 0.05576 0.0475524 0.00555307
9.9946E-05 9.9946E-05 0.989929 0.0094718 9.9946E-05 9.9946E-05 9.9946E-05 9.9946E-05
9.994E-05 9.994E-05 0.9993 9.994E-05 9.994E-05 9.994E-05 9.994E-05 9.994E-05
9.994E-05 9.994E-05 0.9993 9.994E-05 9.994E-05 9.994E-05 9.994E-05 9.994E-05
9.994E-05 9.994E-05 0.9993 9.994E-05 9.994E-05 9.994E-05 9.994E-05 9.994E-05
9.994E-05 9.994E-05 0.9993 9.994E-05 9.994E-05 9.994E-05 9.994E-05 9.994E-05
9.9973E-05 0.0177104 0.914036 9.9973E-05 0.0416881 9.9973E-05 0.0157768 0.0104889
9.994E-05 9.994E-05 0.9993 9.994E-05 9.994E-05 9.994E-05 9.994E-05 9.994E-05
0.00468349 9.9946E-05 0.994717 9.9946E-05 9.9946E-05 9.9946E-05 9.9946E-05 9.9946E-05
9.994E-05 9.994E-05 0.9993 9.994E-05 9.994E-05 9.994E-05 9.994E-05 9.994E-05
0.0334875 0.0039672 0.952557 0.0032159 9.9973E-05 9.9973E-05 0.00647289 9.9973E-05
0.00408218 9.9955E-05 0.990322 9.9955E-05 9.9955E-05 9.9955E-05 0.00509623 9.9955E-05
9.9946E-05 9.9946E-05 0.99473 9.9946E-05 0.00466997 9.9946E-05 9.9946E-05 9.9946E-05
