9.994E-05 9.994E-05 9.994E-05 9.994E-05 9.994E-05 9.994E-05 0.9993 9.994E-05
0.118336 9.9964E-05 0.0108113 9.9964E-05 9.9964E-05 9.9964E-05 0.869341 0.00111176
9.9946E-05 9.9946E-05 9.9946E-05 9.9946E-05 9.9946E-05 0.298 0.7014 9.9946E-05
9.9973E-05 0.0533796 0.0191482 0.0544201 9.9973E-05 0.368609 0.504143 9.9973E-05
0.0318949 9.9973E-05 0.0150335 0.0378969 0.123147 9.9973E-05 0.791728 9.9973E-05
9.9964E-05 0.0963734 9.9964E-05 0.0513182 9.9964E-05 0.00843305 0.843475 9.9964E-05
9.9964E-05 9.9964E-05 0.00319747 9.9964E-05 0.0873993 9.9964E-05 0.866481 0.0425228
0.0142158 0.0868301 9.9964E-05 9.9964E-05 0.0794354 9.9964E-05 0.819119 9.9964E-05
0.0253028 9.9973E-05 9.9973E-05 9.9973E-05 0.109483 0.133272 0.557645 0.173998
0.145005 9.9982E-05 0.0552773 0.0415859 0.00721259 9.9982E-05 0.495607 0.255113
9.9964E-05 0.142976 0.0269549 0.827802 9.9964E-05 9.9964E-05 0.00186698 9.9964E-05
9.9946E-05 9.9946E-05 0.000362494 0.999038 9.9946E-05 9.9946E-05 9.9946E-05 9.9946E-05
9.9946E-05 9.9946E-05 9.9946E-05 0.901369 9.9946E-05 9.9946E-05 0.0980314 9.9946E-05
9.9973E-05 0.307673 0.0311813 0.422486 9.9973E-05 9.9973E-05 0.0701963 0.168163
9.996E-05 9.996E-05 0.0306878 0.824565 9.996E-05 9.996E-05 0.0516163 0.0927314
9.9946E-05 0.543081 9.9946E-05 0.456319 9.9946E-05 9.9946E-05 9.9946E-05 9.9946E-05
9.994E-05 0.9993 9.994E-05 9.994E-05 9.994E-05 9.994E-05 9.994E-05 9.994E-05
0.154015 0.599027 9.9964E-05 0.0207787 9.9964E-05 0.225779 9.9964E-05 9.9964E-05
0.0512002 0.0313941 9.9973E-05 0.778128 0.0301891 9.9973E-05 9.9973E-05 0.108789
9.9955E-05 0.848441 9.9955E-05 0.0181949 9.9955E-05 0.132865 9.9955E-05 9.9955E-05
0.0991789 0.628684 9.9973E-05 0.0512088 9.9973E-05 0.146086 0.0745418 9.9973E-05
9.9964E-05 0.447686 9.9964E-05 0.173539 9.9964E-05 0.155242 0.223133 9.9964E-05
9.9946E-05 0.977814 0.021586 9.9946E-05 9.9946E-05 9.9946E-05 9.9946E-05 9.9946E-05
0.0925966 0.899941 9.9955E-05 9.9955E-05 9.9955E-05 9.9955E-05 9.9955E-05 0.00696278
0.103525 0.100352 9.9973E-05 0.67848 9.9973E-05 0.0893238 9.9973E-05 0.0280202
0.134418 0.145744 9.9982E-05 0.487047 9.9982E-05 0.0615933 0.11836 0.0526382
9.9973E-05 0.0144172 9.9973E-05 0.656066 0.123594 0.182063 9.9973E-05 0.0235597
0.262956 9.997E-05 0.00522327 0.583762 9.997E-05 0.130999 0.016759 9.997E-05
0.179395 9.9973E-05 9.9973E-05 0.645861 9.9973E-05 0.0861378 0.0174259 0.0708806
0.165733 9.9946E-05 9.9946E-05 0.833667 9.9946E-05 9.9946E-05 9.9946E-05 9.9946E-05
9.994E-05 9.994E-05 9.994E-05 9.994E-05 9.994E-05 0.9993 9.994E-05 9.994E-05
0.00390193 9.9973E-05 0.00559509 0.00476861 9.9973E-05 0.925164 0.0602702 9.9973E-05
0.0588433 9.9982E-05 0.00383698 0.0699309 0.0453763 0.350455 9.9982E-05 0.471358
9.9946E-05 9.9946E-05 9.9946E-05 9.9946E-05 0.0751519 9.9946E-05 9.9946E-05 0.924248
9.9955E-05 0.0657272 9.9955E-05 0.041226 9.9955E-05 0.892547 9.9955E-05 9.9955E-05
9.994E-05 9.994E-05 9.994E-05 9.994E-05 9.994E-05 9.994E-05 9.994E-05 0.9993
9.9973E-05 0.0682 9.9973E-05 9.9973E-05 0.0593369 0.448287 0.128757 0.295119
9.9955E-05 0.0972269 9.9955E-05 0.0254271 9.9955E-05 9.9955E-05 9.9955E-05 0.876846
9.9955E-05 9.9955E-05 9.9955E-05 9.9955E-05 0.0422166 0.344958 9.9955E-05 0.612325
0.179473 9.9982E-05 0.0460997 0.171992 0.0767654 0.26917 9.9982E-05 0.256301
0.0208878 9.9955E-05 9.9955E-05 9.9955E-05 9.9955E-05 0.45726 9.9955E-05 0.521352
0.342441 0.0648629 0.00320723 0.0977515 0.0825992 9.9991E-05 0.0411684 0.367869
0.0497395 9.9955E-05 9.9955E-05 0.00541245 9.9955E-05 0.944348 9.9955E-05 9.9955E-05
9.9964E-05 9.9964E-05 0.00886156 0.0796598 0.0974697 9.9964E-05 9.9964E-05 0.813609
0.0990261 9.9964E-05 9.9964E-05 0.106392 0.646983 9.9964E-05 9.9964E-05 0.147199
0.0924742 9.9973E-05 9.9973E-05 0.129149 0.607319 0.162874 0.00788453 9.9973E-05
9.9964E-05 0.000593038 0.0668375 9.9964E-05 0.92585 0.00631936 9.9964E-05 9.9964E-05
0.0861574 9.9946E-05 9.9946E-05 9.9946E-05 0.913243 9.9946E-05 9.9946E-05 9.9946E-05
9.9964E-05 9.9964E-05 9.9964E-05 0.169677 0.413369 0.3717 0.0448542 9.9964E-05
0.192402 9.9982E-05 9.9982E-05 0.0831222 0.398823 0.229776 0.0511033 0.0445729
0.0990944 0.0256062 9.9982E-05 9.9982E-05 0.842144 0.00525827 0.0273855 0.000311874
9.9946E-05 0.0232271 9.9946E-05 9.9946E-05 0.976173 9.9946E-05 9.9946E-05 9.9946E-05
0.107099 0.0368094 9.9955E-05 9.9955E-05 0.855592 9.9955E-05 9.9955E-05 9.9955E-05
9.9973E-05 0.0857946 0.00510898 9.9973E-05 0.833105 0.0387608 9.9973E-05 0.0369303
0.00112208 9.996E-05 9.996E-05 9.996E-05 0.922067 0.000632071 9.996E-05 0.0757792
0.107938 9.9964E-05 0.0280439 0.02314 0.840478 9.9964E-05 9.9964E-05 9.9964E-05
0.760184 9.9982E-05 0.024839 0.0588116 9.9982E-05 0.0756248 0.0359636 0.0443773
0.593934 9.9982E-05 9.9982E-05 0.180242 0.114228 0.0225102 0.00336832 0.0855175
0.731549 9.9973E-05 9.9973E-05 0.00466395 0.162731 0.00157878 0.099178 9.9973E-05
0.616953 9.9982E-05 0.00227714 0.0438256 0.0831759 0.113214 0.140355 9.9982E-05
0.815973 0.0630709 9.9964E-05 9.9964E-05 0.098096 9.9964E-05 9.9964E-05 0.0224598
0.343492 9.9955E-05 0.0960568 9.9955E-05 9.9955E-05 9.9955E-05 9.9955E-05 0.559952
0.764551 9.9964E-05 9.9964E-05 9.9964E-05 0.0668341 9.9964E-05 0.0462109 0.122005
0.990023 9.99461E-05 0.00937685 9.99461E-05 9.99461E-05 9.99461E-05 9.99461E-05 9.99461E-05
0.895419 0.0371812 0.0221945 9.9973E-05 9.9973E-05 0.0171346 9.9973E-05 0.0277704
0.983406 9.9946E-05 9.9946E-05 0.0159948 9.9946E-05 9.9946E-05 9.9946E-05 9.9946E-05
0.989174 9.9946E-05 9.9946E-05 0.0102267 9.9946E-05 9.9946E-05 9.9946E-05 9.9946E-05
0.959457 0.0123226 9.9955E-05 9.9955E-05 9.9955E-05 0.0277203 9.9955E-05 9.9955E-05
0.991872 9.9946E-05 0.00752866 9.9946E-05 9.9946E-05 9.9946E-05 9.9946E-05 9.9946E-05
0.986163 9.9955E-05 9.9955E-05 9.9955E-05 0.0081189 0.00521861 9.9955E-05 9.9955E-05
0.95044 9.99551E-05 9.99551E-05 9.99551E-05 9.99551E-05 0.0415564 9.99551E-05 0.00750403
0.556204 9.9964E-05 0.000565332 9.9964E-05 9.9964E-05 9.9964E-05 0.0814348 0.361396
0.985747 9.9955E-05 0.0125934 9.9955E-05 0.00115959 9.9955E-05 9.9955E-05 9.9955E-05
0.61893 0.0199889 0.0552826 0.019973 0.0521469 0.106186 9.9991E-05 0.127393
0.235616 0.100802 0.584602 9.998E-05 0.0212974 9.998E-05 0.0231092 0.0343732
9.994E-05 9.994E-05 0.9993 9.994E-05 9.994E-05 9.994E-05 9.994E-05 9.994E-05
0.647386 9.9991E-05 0.0551414 0.0765716 0.0359288 0.0321469 0.0201223 0.132603
