9.994E-05 9.994E-05 9.994E-05 9.994E-05 0.9993 9.994E-05 9.994E-05 9.994E-05
0.0698998 0.554229 0.0859221 0.0155022 0.268284 0.00596349 9.9982E-05 9.9982E-05
0.099485 0.59628 0.0478028 9.9964E-05 0.256033 9.9964E-05 9.9964E-05 9.9964E-05
0.00217891 0.682491 9.9964E-05 9.9964E-05 0.199557 9.9964E-05 0.115373 9.9964E-05
9.9982E-05 0.580973 9.9982E-05 0.111685 0.115738 0.0254001 0.161926 0.00407869
0.0501472 0.597667 9.9973E-05 0.0237823 0.173232 9.9973E-05 0.154872 9.9973E-05
9.9946E-05 0.728935 9.9946E-05 9.9946E-05 0.270465 9.9946E-05 9.9946E-05 9.9946E-05
0.0989378 0.489406 0.0177494 0.00119037 0.283844 0.00714763 0.0963593 0.00536561
0.0715902 0.671922 0.0189802 9.9982E-05 0.178499 0.0479473 0.0108612 9.9982E-05
9.994E-05 9.994E-05 9.994E-05 9.994E-05 0.9993 9.994E-05 9.994E-05 9.994E-05
9.994E-05 9.994E-05 9.994E-05 9.994E-05 0.9993 9.994E-05 9.994E-05 9.994E-05
9.994E-05 9.994E-05 9.994E-05 9.994E-05 0.9993 9.994E-05 9.994E-05 9.994E-05
9.994E-05 9.994E-05 9.994E-05 9.994E-05 0.9993 9.994E-05 9.994E-05 9.994E-05
9.9973E-05 0.024139 9.9973E-05 0.0458495 0.920192 0.00193978 0.0075802 9.9973E-05
9.9955E-05 9.9955E-05 9.9955E-05 9.9955E-05 0.965748 9.9955E-05 0.00422379 0.029528
0.0585002 0.385653 9.9973E-05 9.9973E-05 0.191526 0.0140089 0.350012 9.9973E-05
0.0615789 0.334963 0.0314318 0.089783 0.214484 0.0428881 0.178653 0.0462186
9.9955E-05 0.694532 9.9955E-05 9.9955E-05 0.183653 9.9955E-05 0.121315 9.9955E-05
9.9973E-05 0.910767 0.000300298 0.0476113 9.9973E-05 0.0238325 0.017189 9.9973E-05
9.9964E-05 0.960654 9.9964E-05 0.00742445 9.9964E-05 0.0211003 9.9964E-05 0.010421
9.9973E-05 0.865734 0.0265868 9.9973E-05 0.0355372 0.0611722 0.0106697 9.9973E-05
0.0671546 0.810712 9.9973E-05 0.0872516 9.9973E-05 9.9973E-05 0.0112358 0.0233457
0.0236019 0.83141 9.9973E-05 0.103182 9.9973E-05 0.0364359 9.9973E-05 0.00506943
9.9964E-05 0.964948 0.00201172 0.0093927 9.9964E-05 9.9964E-05 9.9964E-05 0.0232479
9.9964E-05 0.917023 0.0163058 9.9964E-05 9.9964E-05 0.0376555 9.9964E-05 0.0286158
9.9973E-05 0.640431 9.9973E-05 0.0476318 9.9973E-05 0.0408793 0.202504 0.0682543
0.0714837 0.65562 9.9973E-05 0.0442207 9.9973E-05 0.104579 0.123797 9.9973E-05
0.0203563 0.972698 9.9955E-05 9.9955E-05 9.9955E-05 9.9955E-05 9.9955E-05 0.00644601
9.9982E-05 0.738559 9.9982E-05 0.0127061 0.018464 0.0313963 0.13992 0.0587544
9.9964E-05 0.911108 9.9964E-05 9.9964E-05 0.0407542 0.0154963 0.0322414 9.9964E-05
9.9964E-05 0.930669 9.9964E-05 0.0411626 0.0234796 9.9964E-05 9.9964E-05 0.00428853
0.0374164 0.772689 0.00115494 9.9982E-05 9.9982E-05 0.0166285 0.0897579 0.0821533
0.0638694 0.784226 0.0257076 9.9982E-05 9.9982E-05 0.0300296 0.0953023 0.000664694
0.0485393 0.682814 0.0170992 9.9982E-05 0.0333254 9.9982E-05 0.101522 0.1165
0.0305812 0.771619 9.9973E-05 0.147677 9.9973E-05 0.0223457 9.9973E-05 0.0274772
9.9964E-05 0.88173 9.9964E-05 0.005806 0.0403431 9.9964E-05 0.0717213 9.9964E-05
9.9955E-05 0.426382 9.9955E-05 9.9955E-05 9.9955E-05 0.00793784 0.56518 9.9955E-05
0.0244084 0.510238 9.9982E-05 0.0740892 9.9982E-05 0.082791 0.291775 0.0164977
0.0696674 0.61276 0.0619695 9.9973E-05 9.9973E-05 0.0835916 0.171712 9.9973E-05
9.9982E-05 0.547205 0.0203336 0.017134 9.9982E-05 0.0466231 0.330267 0.0382372
0.00592308 9.9964E-05 0.0564069 9.9964E-05 9.9964E-05 9.9964E-05 0.890495 0.0467747
0.0352266 0.0293391 0.0165337 9.9991E-05 0.00743401 0.0500931 0.834919 0.0263546
0.0772718 0.207095 0.0262837 9.9982E-05 0.0548036 9.9982E-05 0.570564 0.0637828
0.0186325 0.0425849 9.9964E-05 9.9964E-05 9.9964E-05 0.00124528 0.937137 9.9964E-05
0.0416601 0.174809 9.9973E-05 9.9973E-05 9.9973E-05 0.0540259 0.710856 0.0183494
9.9946E-05 9.9946E-05 9.9946E-05 9.9946E-05 0.0226983 9.9946E-05 0.976702 9.9946E-05
9.9946E-05 9.9946E-05 9.9946E-05 9.9946E-05 0.00450025 9.9946E-05 0.9949 9.9946E-05
0.0395796 0.381809 9.9973E-05 0.0317973 9.9973E-05 0.0199972 0.526517 9.9973E-05
0.049999 0.172385 9.9982E-05 9.9982E-05 0.0531294 0.0596755 0.625349 0.039262
0.0426777 0.363841 0.0431809 9.9982E-05 0.0896343 9.9982E-05 0.413937 0.0465282
0.0523235 0.265318 0.0314881 9.9982E-05 0.0193482 0.0652744 0.566048 9.9982E-05
0.0441134 0.165792 9.9973E-05 0.0193016 9.9973E-05 0.0263723 0.744121 9.9973E-05
0.0242475 0.00914273 9.9973E-05 9.9973E-05 0.0227691 0.026675 0.916866 9.9973E-05
9.999E-05 0.180446 0.0209021 0.0673317 0.0344695 0.0402139 0.641992 0.0145442
9.9991E-05 0.172667 0.0390331 0.0592735 0.0443108 0.02574 0.59479 0.0640855
0.108987 0.174887 9.9973E-05 9.9973E-05 9.9973E-05 0.0432563 0.606984 0.0655859
0.0478446 0.171501 0.00724642 9.9991E-05 0.108487 0.0814876 0.548227 0.0351061
9.9973E-05 0.23551 0.0155267 0.0196026 9.9973E-05 0.122563 0.606499 9.9973E-05
9.99461E-05 0.034127 9.99461E-05 9.99461E-05 9.99461E-05 9.99461E-05 0.965273 9.99461E-05
0.0475884 0.192136 0.0352743 0.00685471 0.0478908 0.113317 0.556839 9.9991E-05
9.9973E-05 0.179679 9.9973E-05 0.0278638 9.9973E-05 0.0955645 0.64947 0.0471228
9.9973E-05 0.0751375 0.0161556 9.9973E-05 0.00581338 9.9973E-05 0.86562 0.0369732
0.0347691 0.0842523 0.0149535 0.0308295 0.00500594 0.0261671 0.78059 0.0234326
0.05648 9.9964E-05 9.9964E-05 0.0676968 9.9964E-05 0.00189731 0.873526 9.9964E-05
9.9973E-05 0.0832341 9.9973E-05 9.9973E-05 0.0113723 0.0144702 0.842662 0.047961
0.0387486 0.00597073 9.9982E-05 0.0594719 0.000757845 0.0368236 0.858027 9.9982E-05
9.9946E-05 9.9946E-05 0.0380858 9.9946E-05 9.9946E-05 9.9946E-05 0.961315 9.9946E-05
0.0588452 9.9973E-05 0.0123041 0.100803 0.0368363 9.9973E-05 0.790911 9.9973E-05
0.0187272 0.249255 9.9982E-05 0.0173111 9.9982E-05 0.0371094 0.669236 0.00816188
0.0475745 9.99551E-05 9.99551E-05 0.0449243 9.99551E-05 9.99551E-05 0.907001 9.99551E-05
0.0449484 0.123636 0.0305257 9.9973E-05 0.0352792 9.9973E-05 0.765311 9.9973E-05
0.0153415 0.0166798 0.00864789 0.0569807 9.9982E-05 9.9982E-05 0.859414 0.0427358
0.00544465 9.9955E-05 9.9955E-05 9.9955E-05 0.072264 9.9955E-05 0.921792 9.9955E-05
9.9955E-05 9.9955E-05 9.9955E-05 9.9955E-05 0.051029 0.00752461 0.940947 9.9955E-05
9.9973E-05 9.9973E-05 9.9973E-05 0.031567 0.0302967 0.00668754 0.857965 0.0731838
9.9946E-05 9.9946E-05 9.9946E-05 9.9946E-05 9.9946E-05 0.073496 0.925904 9.9946E-05
0.00679625 9.9955E-05 0.0185198 9.9955E-05 9.9955E-05 9.9955E-05 0.974184 9.9955E-05
0.00529194 0.0209197 0.0687064 0.134428 0.0270242 9.9991E-05 0.733871 0.00965847
0.00530672 0.0842638 0.124173 0.0947511 9.9991E-05 0.114379 0.495865 0.0811614
9.9973E-05 9.9973E-05 0.100313 0.0762755 9.9973E-05 0.0181632 0.755278 0.0496703
0.0547618 9.9991E-05 0.0576341 0.0469985 0.0102685 0.0106894 0.700716 0.118832
0.0195385 9.9982E-05 0.108197 0.0697024 9.9982E-05 0.0352475 0.676485 0.0906296
0.0295059 9.9982E-05 0.112653 0.0541885 9.9982E-05 0.027022 0.726893 0.0495373
9.9982E-05 0.125281 0.106574 9.9982E-05 0.00138808 0.0492361 0.566878 0.150442
0.017418 0.049989 0.195194 0.0588733 0.0123199 9.9991E-05 0.604644 0.0614626
0.0906351 0.0622446 0.154158 0.0200556 9.9991E-05 0.0523469 0.549669 0.0707913
0.0842688 0.154905 0.061816 0.00966064 0.0231492 0.0789643 0.514205 0.0730307
9.9982E-05 0.0911546 0.146017 9.9982E-05 0.000792439 0.0371024 0.593146 0.131587
0.0644682 9.9982E-05 0.134982 0.0515815 9.9982E-05 0.0941951 0.571684 0.0828891
0.0868794 0.0436006 0.0929093 0.0108134 0.00983632 0.127842 0.48779 0.14033
0.0237296 0.0409482 0.0916848 0.227109 0.0487261 9.9991E-05 0.520819 0.046884
0.0490516 0.0332357 0.0598964 0.194952 0.0240705 9.9991E-05 0.561105 0.077589
0.0897884 0.0203534 0.177515 0.0142271 0.035638 0.174711 0.418382 0.0693858
0.00195561 9.9955E-05 0.989386 9.9955E-05 0.00815882 9.9955E-05 9.9955E-05 9.9955E-05
0.0183633 0.00325538 0.936094 0.0223787 0.00412794 9.9991E-05 0.00450216 0.0111785
9.9964E-05 9.9964E-05 0.876038 0.0607009 0.0267762 9.9964E-05 0.0360851 9.9964E-05
9.994E-05 9.994E-05 0.9993 9.994E-05 9.994E-05 9.994E-05 9.994E-05 9.994E-05
9.994E-05 9.994E-05 0.9993 9.994E-05 9.994E-05 9.994E-05 9.994E-05 9.994E-05
9.994E-05 9.994E-05 0.9993 9.994E-05 9.994E-05 9.994E-05 9.994E-05 9.994E-05
9.994E-05 9.994E-05 0.9993 9.994E-05 9.994E-05 9.994E-05 9.994E-05 9.994E-05
0.00473477 0.0374589 0.934382 0.0183912 9.9973E-05 0.00473295 9.9973E-05 9.9973E-05
9.9946E-05 9.9946E-05 0.984373 9.9946E-05 9.9946E-05 0.0150275 9.9946E-05 9.9946E-05
9.994E-05 9.994E-05 0.9993 9.994E-05 9.994E-05 9.994E-05 9.994E-05 9.994E-05
0.0802031 0.0918196 0.11479 0.0781516 9.9991E-05 0.138899 0.195864 0.300173
0.00673837 9.9964E-05 0.889563 0.015861 9.9964E-05 9.9964E-05 0.0874375 9.9964E-05
0.00974803 9.9946E-05 0.989652 9.9946E-05 9.9946E-05 9.9946E-05 9.9946E-05 9.9946E-05
9.9973E-05 9.9973E-05 0.959253 0.00358299 9.9973E-05 0.00960764 0.0209674 0.00628886
0.0443642 9.9982E-05 0.132185 0.0384029 9.9982E-05 0.122072 0.455768 0.207008
0.0393937 9.9982E-05 0.115119 0.0530194 9.9982E-05 0.0433121 0.549085 0.199871
0.0282088 9.9982E-05 0.138918 0.104641 9.9982E-05 0.0719253 0.453259 0.202847
0.094206 9.9982E-05 0.158125 0.0395387 9.9982E-05 0.056439 0.395269 0.256222
0.0516081 9.9982E-05 0.157719 0.108757 9.9982E-05 0.0639908 0.410118 0.207608
0.0121713 0.162325 0.0879676 0.167332 9.9991E-05 0.0583092 0.323559 0.188235
9.9982E-05 0.0561993 0.107428 0.149789 9.9982E-05 0.0312738 0.488525 0.166586
9.9973E-05 9.9973E-05 0.126198 0.135375 9.9973E-05 0.044888 0.468655 0.224583
0.0671859 9.9982E-05 0.209463 0.138809 9.9982E-05 0.0737397 0.39055 0.120053
0.0606899 0.00966376 0.200086 0.138085 9.9991E-05 0.0570388 0.36765 0.166687
0.0449253 0.054102 0.108704 0.114228 9.9991E-05 0.10175 0.445623 0.130567
0.0110183 0.0366911 0.19571 0.191756 9.9991E-05 0.0611041 0.406197 0.0974246
0.0662372 9.9982E-05 0.0617583 0.106867 9.9982E-05 0.0995882 0.507506 0.157843
0.0493197 0.0092403 0.137517 0.0566351 9.9991E-05 0.0740846 0.464952 0.208151
9.9964E-05 9.9964E-05 9.9964E-05 0.0190355 9.9964E-05 0.0149432 0.01274 0.952881
9.9982E-05 0.0642677 0.0303486 0.00523499 0.0103691 0.0593268 9.9982E-05 0.830253
9.994E-05 9.994E-05 9.994E-05 9.994E-05 9.994E-05 9.994E-05 9.994E-05 0.9993
9.9946E-05 9.9946E-05 9.9946E-05 9.9946E-05 9.9946E-05 0.0118702 9.9946E-05 0.98753
9.994E-05 9.994E-05 9.994E-05 9.994E-05 9.994E-05 9.994E-05 9.994E-05 0.9993
9.9946E-05 0.0199061 9.9946E-05 9.9946E-05 9.9946E-05 9.9946E-05 9.9946E-05 0.979494
9.9946E-05 9.9946E-05 9.9946E-05 0.000244052 9.9946E-05 9.9946E-05 9.9946E-05 0.999156
0.012424 9.9973E-05 9.9973E-05 0.133092 0.0434167 9.9973E-05 0.0651111 0.745656
0.00551068 9.9946E-05 9.9946E-05 9.9946E-05 9.9946E-05 9.9946E-05 9.9946E-05 0.99389
9.994E-05 9.994E-05 9.994E-05 9.994E-05 9.994E-05 9.994E-05 9.994E-05 0.9993
9.9964E-05 9.9964E-05 0.0257155 0.0637762 0.0446248 9.9964E-05 9.9964E-05 0.865484
9.9946E-05 9.9946E-05 0.0142261 9.9946E-05 9.9946E-05 9.9946E-05 9.9946E-05 0.985174
0.0632792 0.0198796 9.9973E-05 0.0392315 9.9973E-05 9.9973E-05 0.139643 0.737667
0.9993 9.994E-05 9.994E-05 9.994E-05 9.994E-05 9.994E-05 9.994E-05 9.994E-05
0.0857177 9.9982E-05 0.180786 0.100259 9.9982E-05 0.0471819 0.43847 0.147385
0.9993 9.994E-05 9.994E-05 9.994E-05 9.994E-05 9.994E-05 9.994E-05 9.994E-05
0.9993 9.994E-05 9.994E-05 9.994E-05 9.994E-05 9.994E-05 9.994E-05 9.994E-05
0.93802 9.9964E-05 0.00710502 0.0449518 0.00952373 9.9964E-05 9.9964E-05 9.9964E-05
0.757723 9.9973E-05 0.0121355 9.9973E-05 9.9973E-05 0.0248681 0.190129 0.0148447
0.9993 9.994E-05 9.994E-05 9.994E-05 9.994E-05 9.994E-05 9.994E-05 9.994E-05
0.822328 0.0124555 9.9973E-05 0.0212237 9.9973E-05 9.9973E-05 0.126823 0.0168703
0.98222 9.99461E-05 9.99461E-05 0.0171803 9.99461E-05 9.99461E-05 9.99461E-05 9.99461E-05
0.959301 0.0209291 9.9955E-05 9.9955E-05 9.9955E-05 9.9955E-05 9.9955E-05 0.0192697
0.9993 9.994E-05 9.994E-05 9.994E-05 9.994E-05 9.994E-05 9.994E-05 9.994E-05
0.947054 9.9982E-05 9.9982E-05 0.00438262 0.00546043 0.0273717 0.0140933 0.00143782
0.93664 9.9973E-05 0.00671401 9.9973E-05 0.00845087 0.0198359 9.9973E-05 0.0280595
0.858865 9.9964E-05 0.0416915 9.9964E-05 9.9964E-05 0.0611874 9.9964E-05 0.0378564
0.933484 0.000275956 9.9982E-05 0.0401466 0.00921961 0.0145421 0.00213146 9.9982E-05
0.86131 9.9964E-05 0.00654154 0.0415314 9.9964E-05 9.9964E-05 0.0902172 9.9964E-05
0.879685 9.9982E-05 0.0119071 0.0332832 0.00415546 0.035326 9.9982E-05 0.0354431
0.898213 9.9973E-05 9.9973E-05 0.0344729 0.0142389 0.0191904 0.0335845 9.9973E-05
0.940689 9.9955E-05 9.9955E-05 9.9955E-05 9.9955E-05 9.9955E-05 0.0298716 0.0289393
0.037502 9.9991E-05 0.0663791 0.105912 0.0396487 0.274727 0.436748 0.0389828
0.0318052 9.9991E-05 0.0827516 0.130097 0.0276589 0.285125 0.430367 0.0120958
0.0514457 9.9982E-05 0.0725274 0.133962 0.0436543 0.249616 0.448594 9.9982E-05
0.0678855 9.9982E-05 0.0902715 0.117342 0.0332721 0.245258 0.445771 9.9982E-05
0.00533092 0.0166538 0.00717323 0.955943 9.9982E-05 0.0068328 9.9982E-05 0.00786671
9.994E-05 9.994E-05 9.994E-05 0.9993 9.994E-05 9.994E-05 9.994E-05 9.994E-05
0.0155647 9.9955E-05 9.9955E-05 0.9556 9.9955E-05 0.0283358 9.9955E-05 9.9955E-05
9.994E-05 9.994E-05 9.994E-05 0.9993 9.994E-05 9.994E-05 9.994E-05 9.994E-05
9.9946E-05 9.9946E-05 9.9946E-05 0.979449 9.9946E-05 0.0199515 9.9946E-05 9.9946E-05
9.9955E-05 9.9955E-05 0.0155096 0.959593 9.9955E-05 0.0243975 9.9955E-05 9.9955E-05
0.00592949 9.9973E-05 0.0250775 0.950213 0.00476304 0.0137171 9.9973E-05 9.9973E-05
0.0231853 0.0812322 9.9982E-05 0.791875 0.0137174 9.9982E-05 0.0661104 0.0236796
0.0432064 0.0849298 9.9964E-05 0.795401 9.9964E-05 9.9964E-05 0.0760633 9.9964E-05
9.994E-05 9.994E-05 9.994E-05 9.994E-05 9.994E-05 0.9993 9.994E-05 9.994E-05
9.994E-05 9.994E-05 9.994E-05 9.994E-05 9.994E-05 0.9993 9.994E-05 9.994E-05
9.9946E-05 0.00647216 9.9946E-05 9.9946E-05 9.9946E-05 0.992928 9.9946E-05 9.9946E-05
9.994E-05 9.994E-05 9.994E-05 9.994E-05 9.994E-05 0.9993 9.994E-05 9.994E-05
9.994E-05 9.994E-05 9.994E-05 9.994E-05 9.994E-05 0.9993 9.994E-05 9.994E-05
0.0212848 0.00622275 0.0133543 0.0339539 0.00659378 0.888142 0.0303484 9.9991E-05
9.994E-05 9.994E-05 9.994E-05 9.994E-05 9.994E-05 0.9993 9.994E-05 9.994E-05
9.994E-05 9.994E-05 9.994E-05 9.994E-05 9.994E-05 0.9993 9.994E-05 9.994E-05
9.994E-05 9.994E-05 9.994E-05 9.994E-05 9.994E-05 0.9993 9.994E-05 9.994E-05
0.00205507 9.9982E-05 0.0103909 9.9982E-05 0.00622362 0.940468 0.0191678 0.0214947
9.9964E-05 9.9964E-05 0.00121936 0.0259824 9.9964E-05 0.972157 9.9964E-05 0.000241663
9.9955E-05 0.00336928 9.9955E-05 0.00546145 9.9955E-05 0.990669 9.9955E-05 9.9955E-05
