9.994E-05 9.994E-05 9.994E-05 9.994E-05 0.9993 9.994E-05 9.994E-05 9.994E-05
0.0971836 9.9964E-05 9.9964E-05 0.57443 0.259159 9.9964E-05 0.0688278 9.9964E-05
0.0232203 9.9964E-05 9.9964E-05 0.642531 0.235427 9.9964E-05 0.0984219 9.9964E-05
9.9955E-05 0.0965351 9.9955E-05 0.684235 0.218731 9.9955E-05 9.9955E-05 9.9955E-05
9.9982E-05 0.0938959 0.0333641 0.651668 0.130119 0.0160925 9.9982E-05 0.0746598
0.0260047 0.220086 9.9973E-05 0.582982 0.138649 9.9973E-05 0.031978 9.9973E-05
9.9946E-05 9.9946E-05 9.9946E-05 0.740584 0.258816 9.9946E-05 9.9946E-05 9.9946E-05
0.0210789 0.077834 9.9973E-05 0.525572 0.285958 9.9973E-05 0.0892572 9.9973E-05
0.0164365 0.036355 0.0698491 0.612292 0.204178 9.9982E-05 0.0606894 9.9982E-05
9.994E-05 9.994E-05 9.994E-05 9.994E-05 0.9993 9.994E-05 9.994E-05 9.994E-05
9.994E-05 9.994E-05 9.994E-05 9.994E-05 0.9993 9.994E-05 9.994E-05 9.994E-05
9.994E-05 9.994E-05 9.994E-05 9.994E-05 0.9993 9.994E-05 9.994E-05 9.994E-05
9.9946E-05 9.9946E-05 9.9946E-05 9.9946E-05 0.985581 0.0138198 9.9946E-05 9.9946E-05
9.9964E-05 0.0101223 9.9964E-05 0.0530858 0.888263 9.9964E-05 9.9964E-05 0.0481293
9.9946E-05 9.9946E-05 9.9946E-05 9.9946E-05 0.964721 9.9946E-05 9.9946E-05 0.0346792
9.9973E-05 0.286822 0.0297013 0.479755 0.177003 9.9973E-05 0.0264186 9.9973E-05
0.0217942 0.0954186 0.0511865 0.403539 0.239946 9.9991E-05 0.104791 0.0832245
0.0150123 0.0986483 9.9964E-05 0.685069 0.20087 9.9964E-05 9.9964E-05 9.9964E-05
9.9955E-05 9.9955E-05 0.0349341 0.908589 9.9955E-05 9.9955E-05 9.9955E-05 0.0559771
9.9955E-05 9.9955E-05 9.9955E-05 0.917608 9.9955E-05 0.0161748 9.9955E-05 0.0657172
0.0204842 9.9964E-05 0.040973 0.911872 0.0262712 9.9964E-05 9.9964E-05 9.9964E-05
9.9973E-05 0.0268494 9.9973E-05 0.804964 9.9973E-05 0.0306416 0.063368 0.0738772
9.9955E-05 9.9955E-05 9.9955E-05 0.854797 9.9955E-05 9.9955E-05 0.0463878 0.098315
9.9955E-05 9.9955E-05 9.9955E-05 0.90705 9.9955E-05 0.0768984 9.9955E-05 0.0155514
0.0114542 0.0922965 0.00811624 0.8877 9.9973E-05 0.00013332 9.9973E-05 9.9973E-05
9.9973E-05 0.228136 0.0392282 0.651027 9.9973E-05 0.067056 9.9973E-05 0.0142535
9.9973E-05 0.0516278 0.10375 0.730869 9.9973E-05 9.9973E-05 0.074154 0.0392989
9.9964E-05 0.00953785 9.9964E-05 0.956508 9.9964E-05 0.0102762 0.0232777 9.9964E-05
9.999E-05 0.0487174 0.0281446 0.769527 0.0314108 0.0654757 0.0166383 0.0399866
9.9946E-05 9.9946E-05 9.9946E-05 0.969112 0.0302885 9.9946E-05 9.9946E-05 9.9946E-05
0.0041717 9.9982E-05 0.0091215 0.895122 0.012661 0.0255469 9.9982E-05 0.0531766
0.00712924 0.0522319 0.0631358 0.790891 9.9991E-05 0.0660157 0.0165968 0.0038996
0.0243701 0.101098 0.0392552 0.733723 9.9991E-05 0.0228176 0.0287954 0.0498406
0.0429391 0.085513 9.9982E-05 0.60521 0.0505583 0.117987 0.097593 9.9982E-05
9.9955E-05 9.9955E-05 9.9955E-05 0.830682 9.9955E-05 0.00674687 9.9955E-05 0.162072
9.9955E-05 0.00217024 9.9955E-05 0.966036 0.0312935 9.9955E-05 9.9955E-05 9.9955E-05
9.9955E-05 0.465138 9.9955E-05 0.515859 9.9955E-05 9.9955E-05 9.9955E-05 0.0185027
0.0236237 0.23901 0.086599 0.533747 9.9991E-05 0.0256562 0.0312099 0.0600542
0.0589154 0.213226 0.104314 0.556869 9.9982E-05 9.9982E-05 0.0523236 0.0141519
0.0116036 0.289652 0.0420546 0.570812 9.9982E-05 0.0280289 9.9982E-05 0.0576489
0.0777438 0.761857 0.0108696 0.0897189 9.9982E-05 0.0219033 0.037707 9.9982E-05
0.0245239 0.667749 0.0133725 0.119142 0.0012894 0.0732971 0.100527 9.9991E-05
0.0472625 0.537126 9.9982E-05 0.266624 0.0387756 0.0348878 0.0751243 9.9982E-05
0.00896821 0.773302 0.00943077 0.1085 9.9982E-05 0.0272605 0.0723381 9.9982E-05
9.9973E-05 0.726916 0.0450927 0.18261 9.9973E-05 0.00409703 0.0409839 9.9973E-05
9.9955E-05 0.996416 9.9955E-05 0.000483644 0.00260094 9.9955E-05 9.9955E-05 9.9955E-05
9.994E-05 0.9993 9.994E-05 9.994E-05 9.994E-05 9.994E-05 9.994E-05 9.994E-05
9.9982E-05 0.479653 0.0497063 0.404217 9.9982E-05 0.0115779 0.0373065 0.0173395
9.9982E-05 0.631631 0.0554216 0.147963 0.078251 0.0398244 0.0467095 9.9982E-05
0.0540953 0.414355 0.00880081 0.371828 0.0934482 0.0448134 0.0125596 9.9991E-05
9.9973E-05 0.590458 0.0585997 0.26017 0.027971 9.9973E-05 0.0625022 9.9973E-05
9.9973E-05 0.788877 0.0149519 0.178991 9.9973E-05 9.9973E-05 0.00877253 0.00810767
9.9955E-05 0.974519 9.9955E-05 9.9955E-05 0.0246726 9.9955E-05 9.9955E-05 0.000308936
9.9982E-05 0.668262 0.0499063 0.127132 0.0415592 0.035552 9.9982E-05 0.0773891
0.0257263 0.644913 0.00472477 0.153427 0.0573903 0.0623049 9.9991E-05 0.0514141
9.9964E-05 0.716562 9.9964E-05 0.152336 9.9964E-05 0.0579078 0.0727939 9.9964E-05
9.999E-05 0.553754 0.030443 0.214869 0.0850982 0.0120848 0.0643804 0.0392707
0.0254302 0.664479 0.0465075 0.2237 9.9973E-05 0.0395838 9.9973E-05 9.9973E-05
9.99461E-05 0.998203 9.99461E-05 9.99461E-05 0.00119726 9.99461E-05 9.99461E-05 9.99461E-05
0.0118676 0.550974 0.0916561 0.278492 0.0667098 9.9973E-05 9.9973E-05 9.9973E-05
9.9982E-05 0.605526 0.111388 0.216402 0.00301545 0.0353604 9.9982E-05 0.0281087
9.9973E-05 0.806044 0.00989533 0.0384391 0.0599288 0.0853927 9.9973E-05 9.9973E-05
0.0404802 0.665096 0.00710983 0.216668 9.9982E-05 9.9982E-05 0.0549248 0.0155219
0.0279602 0.825201 0.0271369 9.9982E-05 0.00554766 9.9982E-05 0.0509557 0.0629981
9.9973E-05 0.853397 0.0327679 0.0639965 0.0108556 0.0386831 9.9973E-05 9.9973E-05
9.9955E-05 0.946391 9.9955E-05 9.9955E-05 9.9955E-05 9.9955E-05 0.017242 0.035867
0.0227872 0.965252 9.9955E-05 9.9955E-05 9.9955E-05 0.0114608 9.9955E-05 9.9955E-05
0.017156 0.859267 9.9964E-05 9.9964E-05 0.0109997 9.9964E-05 9.9964E-05 0.112177
0.0187678 0.598404 0.0864734 0.258407 9.9982E-05 0.0127676 0.0249804 9.9982E-05
9.99551E-05 0.949162 9.99551E-05 9.99551E-05 0.0207964 9.99551E-05 9.99551E-05 0.0295421
0.0359284 0.819453 9.9973E-05 0.0649119 0.0503106 9.9973E-05 0.0290959 9.9973E-05
0.0504635 0.773699 0.00363405 0.060533 9.9982E-05 0.0607271 0.0507434 9.9982E-05
9.99461E-05 0.908312 9.99461E-05 9.99461E-05 0.0910886 9.99461E-05 9.99461E-05 9.99461E-05
9.9946E-05 0.954714 9.9946E-05 9.9946E-05 0.0446861 9.9946E-05 9.9946E-05 9.9946E-05
9.9973E-05 0.842648 9.9973E-05 9.9973E-05 0.0469397 0.0674959 0.00372806 0.0388883
9.9955E-05 0.916355 0.0795885 9.9955E-05 9.9955E-05 9.9955E-05 9.9955E-05 0.00355686
9.9946E-05 0.99736 9.9946E-05 9.9946E-05 9.9946E-05 9.9946E-05 0.00204053 9.9946E-05
0.102122 0.681035 9.9991E-05 0.017365 0.00104551 0.0311212 0.0144228 0.152788
0.10704 0.722363 0.0187788 0.00975707 9.9991E-05 0.0313915 0.0596352 0.0509347
0.0816319 0.813718 0.0204537 9.9973E-05 9.9973E-05 0.0231665 9.9973E-05 0.0607303
0.0286594 0.813358 0.0459172 9.9982E-05 9.9982E-05 0.02949 0.0327977 0.0495774
0.0975676 0.829384 9.9964E-05 9.9964E-05 9.9964E-05 0.0146369 9.9964E-05 0.058012
0.0597249 0.80304 0.0132396 9.9982E-05 9.9982E-05 0.0361453 0.0496058 0.0380448
0.142371 0.580294 0.0254739 0.14648 9.9973E-05 0.105081 9.9973E-05 9.9973E-05
0.173704 0.618211 0.0330841 0.0233096 0.0279523 0.0386917 0.0633016 0.0217463
0.161777 0.564331 0.0164548 0.0846233 9.9991E-05 0.0779139 0.0597014 0.0350989
0.0612114 0.578689 0.0526993 0.111611 0.0432768 0.0650198 0.065377 0.0221155
0.119638 0.603848 0.0581475 0.108404 9.9982E-05 0.107336 0.00242611 9.9982E-05
0.131393 0.609433 0.105627 9.9982E-05 9.9982E-05 0.0633133 0.0590351 0.0309989
0.0772575 0.446031 0.147142 0.0492674 9.9991E-05 0.143495 0.102429 0.034278
0.0911836 0.557139 9.9991E-05 0.0366025 0.0514026 0.0297394 0.033678 0.200155
0.0675294 0.563153 9.9991E-05 0.0621506 0.0329464 0.0531793 0.0201017 0.20084
0.170882 0.433922 0.159484 0.0162937 0.0289347 0.0792806 0.111102 9.9991E-05
0.989465 0.00246658 9.9955E-05 9.9955E-05 9.9955E-05 9.9955E-05 0.00756824 9.9955E-05
0.945756 9.9964E-05 9.9964E-05 9.9964E-05 0.0225204 0.0271693 0.00415414 9.9964E-05
0.862306 0.041486 0.00838731 9.9982E-05 0.00254858 0.0149784 9.9982E-05 0.0700938
0.9993 9.994E-05 9.994E-05 9.994E-05 9.994E-05 9.994E-05 9.994E-05 9.994E-05
0.9993 9.994E-05 9.994E-05 9.994E-05 9.994E-05 9.994E-05 9.994E-05 9.994E-05
0.9993 9.994E-05 9.994E-05 9.994E-05 9.994E-05 9.994E-05 9.994E-05 9.994E-05
0.9993 9.994E-05 9.994E-05 9.994E-05 9.994E-05 9.994E-05 9.994E-05 9.994E-05
0.863308 9.9964E-05 9.9964E-05 0.0938257 9.9964E-05 9.9964E-05 0.0166119 0.0258542
0.995042 9.9946E-05 0.00435805 9.9946E-05 9.9946E-05 9.9946E-05 9.9946E-05 9.9946E-05
0.9993 9.994E-05 9.994E-05 9.994E-05 9.994E-05 9.994E-05 9.994E-05 9.994E-05
0.123703 0.290777 0.0761981 0.0333014 0.00940057 0.280718 0.0883228 0.0975793
0.884665 0.039502 0.048149 9.9973E-05 9.9973E-05 0.00319735 9.9973E-05 0.0241868
0.977433 9.9955E-05 9.9955E-05 9.9955E-05 0.00201942 9.9955E-05 0.0200475 9.9955E-05
0.9993 9.994E-05 9.994E-05 9.994E-05 9.994E-05 9.994E-05 9.994E-05 9.994E-05
0.122094 0.556344 0.0781042 9.9982E-05 9.9982E-05 0.131414 0.0134917 0.0983521
0.0793053 0.599553 0.050577 9.9982E-05 9.9982E-05 0.165467 0.0277106 0.0771871
0.0861239 0.60793 0.0244668 9.9982E-05 9.9982E-05 0.126242 0.0319872 0.123049
0.138928 0.522399 0.0923838 9.9991E-05 0.00205217 0.125836 0.04626 0.0720419
0.0827638 0.478838 0.0968747 9.9982E-05 9.9982E-05 0.213324 0.0230422 0.104957
0.0527014 0.433509 0.0176924 0.174092 9.9982E-05 0.13244 9.9982E-05 0.189366
0.140006 0.50528 0.0200629 0.0315263 0.0112042 0.142862 0.0513425 0.0977173
0.0941046 0.561009 0.024236 9.9982E-05 9.9982E-05 0.185024 0.0104062 0.12502
0.205333 0.455662 0.0221842 9.9982E-05 9.9982E-05 0.0704696 0.0800122 0.166138
0.206737 0.447651 0.0480117 0.0598772 9.9991E-05 0.0750998 0.0453653 0.117158
0.111869 0.546118 0.093367 0.0388495 9.9991E-05 0.0847106 0.0352816 0.0897047
0.152488 0.450502 0.0713296 0.0303028 9.9991E-05 0.0559712 0.0440069 0.1953
0.0490488 0.495472 0.0757357 9.9991E-05 0.0408043 0.157496 0.0464707 0.134872
0.106213 0.57144 0.0471371 9.9982E-05 9.9982E-05 0.178292 0.0387575 0.0579603
9.9973E-05 0.061866 0.0259805 9.9973E-05 9.9973E-05 0.889478 0.00316064 0.0192147
0.0218525 9.9973E-05 0.0336425 0.0444616 9.9973E-05 0.891626 9.9973E-05 0.0081179
9.994E-05 9.994E-05 9.994E-05 9.994E-05 9.994E-05 0.9993 9.994E-05 9.994E-05
9.9946E-05 9.9946E-05 0.00414152 9.9946E-05 9.9946E-05 0.995259 9.9946E-05 9.9946E-05
9.994E-05 9.994E-05 9.994E-05 9.994E-05 9.994E-05 0.9993 9.994E-05 9.994E-05
9.994E-05 9.994E-05 9.994E-05 9.994E-05 9.994E-05 0.9993 9.994E-05 9.994E-05
9.9946E-05 9.9946E-05 9.9946E-05 0.0213596 9.9946E-05 0.978041 9.9946E-05 9.9946E-05
9.9973E-05 0.0775865 0.0102071 9.9973E-05 0.0330347 0.746272 9.9973E-05 0.1326
9.9955E-05 9.9955E-05 9.9955E-05 9.9955E-05 9.9955E-05 0.980454 0.0175389 0.0015078
9.994E-05 9.994E-05 9.994E-05 9.994E-05 9.994E-05 0.9993 9.994E-05 9.994E-05
0.0035062 9.9964E-05 9.9964E-05 9.9964E-05 0.0324299 0.89089 9.9964E-05 0.0727743
9.994E-05 9.994E-05 9.994E-05 9.994E-05 9.994E-05 0.9993 9.994E-05 9.994E-05
0.0104509 0.171581 9.9973E-05 9.9973E-05 9.9973E-05 0.669697 0.0926269 0.0553441
9.994E-05 9.994E-05 9.994E-05 9.994E-05 9.994E-05 9.994E-05 0.9993 9.994E-05
0.147736 0.516808 0.03798 9.9982E-05 9.9982E-05 0.142213 0.0816351 0.0734275
9.994E-05 9.994E-05 9.994E-05 9.994E-05 9.994E-05 9.994E-05 0.9993 9.994E-05
9.994E-05 9.994E-05 9.994E-05 9.994E-05 9.994E-05 9.994E-05 0.9993 9.994E-05
0.0144594 9.9955E-05 9.9955E-05 9.9955E-05 9.9955E-05 9.9955E-05 0.933515 0.0515256
0.0731897 0.0330441 0.00116282 0.0624933 0.00931841 0.0545418 0.76615 9.9991E-05
9.994E-05 9.994E-05 9.994E-05 9.994E-05 9.994E-05 9.994E-05 0.9993 9.994E-05
9.9964E-05 0.0983635 9.9964E-05 9.9964E-05 9.9964E-05 0.00753462 0.837878 0.0558241
0.000671544 9.99461E-05 9.99461E-05 9.99461E-05 9.99461E-05 9.99461E-05 0.998729 9.99461E-05
9.99461E-05 9.99461E-05 9.99461E-05 9.99461E-05 9.99461E-05 0.00198791 0.997412 9.99461E-05
9.994E-05 9.994E-05 9.994E-05 9.994E-05 9.994E-05 9.994E-05 0.9993 9.994E-05
9.9964E-05 0.00926161 0.00452126 9.9964E-05 9.9964E-05 0.0050269 0.98079 9.9964E-05
9.9964E-05 0.0165789 0.00749586 9.9964E-05 9.9964E-05 0.00906885 0.966457 9.9964E-05
0.0527941 9.9973E-05 0.0822936 0.0164156 9.9973E-05 0.0524712 0.795726 9.9973E-05
9.9964E-05 0.00811713 9.9964E-05 9.9964E-05 0.0215808 9.9964E-05 0.935856 0.0340459
0.0111755 0.0555459 9.9973E-05 9.9973E-05 9.9973E-05 0.0299567 0.879207 0.023815
9.9973E-05 0.0352054 0.0604527 9.9973E-05 0.00797602 9.9973E-05 0.879037 0.0170288
9.9982E-05 0.0726922 0.0202496 0.00164697 0.0187247 9.9982E-05 0.853422 0.0330649
9.9982E-05 0.00566797 0.0105515 9.9982E-05 0.0164734 0.0145874 0.942361 0.010159
0.0823782 0.419424 0.242541 9.9991E-05 0.034461 0.0863468 0.0429906 0.0917582
0.0480346 0.422007 0.309627 9.9991E-05 0.0297955 0.0645905 0.0348753 0.0909703
0.116002 0.430425 0.252443 9.9982E-05 0.0415341 9.9982E-05 0.0459968 0.1134
0.113891 0.448384 0.246656 9.9982E-05 0.0510815 9.9982E-05 0.0393261 0.100462
9.9973E-05 9.9973E-05 9.9973E-05 0.0176274 0.00506855 0.0289697 0.0111518 0.936883
9.994E-05 9.994E-05 9.994E-05 9.994E-05 9.994E-05 9.994E-05 9.994E-05 0.9993
9.9946E-05 9.9946E-05 9.9946E-05 9.9946E-05 9.9946E-05 9.9946E-05 0.00798133 0.991419
9.994E-05 9.994E-05 9.994E-05 9.994E-05 9.994E-05 9.994E-05 9.994E-05 0.9993
0.00171046 0.00393325 9.9964E-05 9.9964E-05 9.9964E-05 9.9964E-05 0.00929831 0.984658
0.0112692 9.9964E-05 0.0173724 9.9964E-05 9.9964E-05 9.9964E-05 0.0120401 0.958918
0.0115475 0.0287533 0.00735355 0.0231482 9.9973E-05 9.9973E-05 9.9973E-05 0.928898
9.9982E-05 9.9982E-05 0.0406019 0.0874686 0.0282868 0.0780783 0.0151415 0.750223
9.9982E-05 0.0730592 0.046242 0.015642 0.0138722 0.0114704 9.9982E-05 0.839514
0.00772337 9.9946E-05 0.991677 9.9946E-05 9.9946E-05 9.9946E-05 9.9946E-05 9.9946E-05
9.99461E-05 9.99461E-05 0.97886 9.99461E-05 9.99461E-05 9.99461E-05 9.99461E-05 0.0205403
9.9955E-05 0.00173551 0.996515 9.9955E-05 9.9955E-05 0.00124984 9.9955E-05 9.9955E-05
9.994E-05 9.994E-05 0.9993 9.994E-05 9.994E-05 9.994E-05 9.994E-05 9.994E-05
9.994E-05 9.994E-05 0.9993 9.994E-05 9.994E-05 9.994E-05 9.994E-05 9.994E-05
9.9973E-05 9.9973E-05 0.863311 0.0311613 0.0299575 9.9973E-05 0.039977 0.0352936
9.994E-05 9.994E-05 0.9993 9.994E-05 9.994E-05 9.994E-05 9.994E-05 9.994E-05
9.994E-05 9.994E-05 0.9993 9.994E-05 9.994E-05 9.994E-05 9.994E-05 9.994E-05
9.994E-05 9.994E-05 0.9993 9.994E-05 9.994E-05 9.994E-05 9.994E-05 9.994E-05
9.9973E-05 0.0208431 0.873337 0.0126819 0.0096987 0.0831394 9.9973E-05 9.9973E-05
9.994E-05 9.994E-05 0.9993 9.994E-05 9.994E-05 9.994E-05 9.994E-05 9.994E-05
9.9946E-05 9.9946E-05 0.984036 9.9946E-05 9.9946E-05 9.9946E-05 9.9946E-05 0.0153646
