9.994E-05 9.994E-05 9.994E-05 9.994E-05 9.994E-05 9.994E-05 0.9993 9.994E-05
0.0762062 9.9973E-05 0.000372097 0.0995913 9.9973E-05 9.9973E-05 0.244759 0.578771
0.083989 9.9964E-05 9.9964E-05 0.0549722 9.9964E-05 9.9964E-05 0.245149 0.61549
9.99551E-05 0.0472 9.99551E-05 9.99551E-05 9.99551E-05 9.99551E-05 0.218406 0.733894
9.999E-05 0.1404 0.0289057 0.0038454 0.0548981 0.0213083 0.0727104 0.677832
0.0281583 0.212224 9.9973E-05 9.9973E-05 0.0097952 9.9973E-05 0.139205 0.610317
9.9946E-05 9.9946E-05 9.9946E-05 9.9946E-05 9.9946E-05 9.9946E-05 0.239684 0.759716
0.0611949 0.0795156 9.9973E-05 0.037842 9.9973E-05 9.9973E-05 0.26655 0.554597
0.04731 0.0140171 0.0505182 0.0364733 9.9982E-05 9.9982E-05 0.159414 0.692067
9.994E-05 9.994E-05 9.994E-05 9.994E-05 9.994E-05 9.994E-05 0.9993 9.994E-05
9.994E-05 9.994E-05 9.994E-05 9.994E-05 9.994E-05 9.994E-05 0.9993 9.994E-05
9.994E-05 9.994E-05 9.994E-05 9.994E-05 9.994E-05 9.994E-05 0.9993 9.994E-05
9.9946E-05 9.9946E-05 9.9946E-05 0.0171422 9.9946E-05 9.9946E-05 0.982258 9.9946E-05
9.9964E-05 9.9964E-05 0.021738 9.9964E-05 0.0492772 9.9964E-05 0.902225 0.0263595
9.9955E-05 9.9955E-05 9.9955E-05 9.9955E-05 0.0411104 0.0041844 0.954205 9.9955E-05
9.9964E-05 0.244465 0.0508665 9.9964E-05 9.9964E-05 9.9964E-05 0.168292 0.535978
0.0520477 0.207212 0.0394403 0.0369429 0.124443 0.00883113 0.236629 0.294453
9.9955E-05 0.143277 9.9955E-05 9.9955E-05 9.9955E-05 9.9955E-05 0.15515 0.701074
9.9955E-05 9.9955E-05 0.0523875 9.9955E-05 0.0731547 9.9955E-05 9.9955E-05 0.873958
9.9973E-05 0.00957147 0.0222889 9.9973E-05 0.0776635 0.043753 9.9973E-05 0.846423
9.9964E-05 9.9964E-05 0.0498378 0.0386224 9.9964E-05 9.9964E-05 0.0289229 0.882217
0.0965948 0.00599688 9.9982E-05 0.00939947 0.080827 0.0564165 9.9982E-05 0.750565
0.0139051 9.9964E-05 9.9964E-05 0.00973688 0.121176 9.9964E-05 9.9964E-05 0.854782
0.01107 9.9964E-05 9.9964E-05 9.9964E-05 0.0204785 0.0353487 9.9964E-05 0.932703
9.9973E-05 0.0415129 0.0440693 9.9973E-05 0.000974794 0.0309556 9.9973E-05 0.882187
9.9973E-05 0.300983 0.0327235 9.9973E-05 0.00924211 0.0421416 9.9973E-05 0.614609
0.0729772 0.0901316 0.135598 9.9973E-05 0.0269056 9.9973E-05 9.9973E-05 0.674088
0.0270618 9.9955E-05 9.9955E-05 9.9955E-05 9.9955E-05 0.0321938 9.9955E-05 0.940245
9.999E-05 0.123752 0.016126 0.0258192 0.00658231 0.0277738 0.0425371 0.75731
0.0278676 9.9955E-05 9.9955E-05 9.9955E-05 9.9955E-05 9.9955E-05 0.0021712 0.969461
9.9964E-05 9.9964E-05 9.9964E-05 0.000924373 0.0852652 9.9964E-05 0.0259368 0.887474
0.0285781 0.0285905 0.0530069 0.0046916 9.9982E-05 0.102939 9.9982E-05 0.781994
0.0694571 0.177706 0.00256916 9.9982E-05 0.0647784 0.00478433 9.9982E-05 0.680505
0.0564976 0.170302 9.9982E-05 0.00114705 9.9982E-05 0.109496 0.0293404 0.633017
0.0255912 9.9964E-05 9.9964E-05 9.9964E-05 0.139136 0.0250707 9.9964E-05 0.809802
9.9973E-05 0.0565017 0.00287569 9.9973E-05 0.00827051 9.9973E-05 0.0135306 0.918522
9.9955E-05 0.52144 9.9955E-05 9.9955E-05 0.0257307 9.9955E-05 9.9955E-05 0.45233
0.0252998 0.293207 0.0843163 9.9973E-05 0.0886796 9.9973E-05 9.9973E-05 0.508198
0.0410268 0.261781 0.10888 0.0509811 9.9982E-05 9.9982E-05 0.00239917 0.534732
9.9973E-05 0.354201 0.037635 9.9973E-05 0.0467413 0.000548551 9.9973E-05 0.560574
9.9973E-05 0.804209 0.0100132 0.0322711 9.9973E-05 0.0671361 9.9973E-05 0.0860705
0.0476516 0.796595 0.0721908 9.9964E-05 9.9964E-05 9.9964E-05 9.9964E-05 0.0831627
0.0604318 0.590687 9.9982E-05 0.0557612 9.9982E-05 0.0343623 0.0661033 0.192454
0.0126385 0.904519 0.00198523 0.0102855 9.9982E-05 0.022549 9.9982E-05 0.0478228
0.0704806 0.683122 0.0138902 9.9973E-05 9.9973E-05 0.0212945 9.9973E-05 0.210912
9.9946E-05 0.980044 9.9946E-05 9.9946E-05 9.9946E-05 9.9946E-05 9.9946E-05 0.0193568
9.9946E-05 0.995609 9.9946E-05 9.9946E-05 9.9946E-05 9.9946E-05 0.00379086 9.9946E-05
0.0381984 0.543531 0.0105604 9.9982E-05 0.0193683 0.0130777 9.9982E-05 0.375064
0.0282517 0.631765 0.0658401 9.9991E-05 0.000568149 0.0463316 0.0779409 0.149203
0.0308576 0.397926 9.9982E-05 0.023418 9.9982E-05 0.0574668 0.0934525 0.396679
0.0321092 0.659564 0.0253531 0.038751 9.9982E-05 9.9982E-05 0.0454261 0.198596
0.0410797 0.744867 0.00224568 9.9973E-05 0.0241527 9.9973E-05 9.9973E-05 0.187355
9.9964E-05 0.950397 0.0111552 9.9964E-05 9.9964E-05 9.9964E-05 0.00919697 0.028851
9.9982E-05 0.549797 0.0389505 9.9982E-05 0.079675 0.0517838 0.0308408 0.248752
0.00704448 0.597433 0.0194074 0.00863985 0.0518056 0.0777074 0.0571749 0.180787
0.0548818 0.698473 0.00340388 9.9973E-05 9.9973E-05 0.0463157 9.9973E-05 0.196626
0.0565396 0.600337 0.0844018 9.9982E-05 9.9982E-05 0.0408602 0.0864667 0.131195
9.9973E-05 0.676354 0.0723981 0.0173179 0.0108716 9.9973E-05 9.9973E-05 0.222758
9.99551E-05 0.977357 9.99551E-05 9.99551E-05 9.99551E-05 9.99551E-05 0.0177874 0.00435572
9.9973E-05 0.624229 0.0968232 0.0368618 9.9973E-05 9.9973E-05 0.0765043 0.165282
9.9982E-05 0.658019 0.0678433 9.9982E-05 0.0286109 0.0482828 0.00364479 0.193399
9.9982E-05 0.720561 9.9982E-05 0.0268636 0.0390272 0.0487378 0.0242797 0.14033
0.0722533 0.757603 0.0267572 0.0912677 0.00693056 9.9991E-05 0.014879 0.0302096
0.0140703 0.932778 9.99551E-05 9.99551E-05 0.0526519 9.99551E-05 9.99551E-05 9.99551E-05
9.9973E-05 0.798386 0.0575962 9.9973E-05 0.00279106 9.9973E-05 0.018647 0.12228
0.0408322 0.955916 9.9955E-05 9.9955E-05 0.00275246 9.9955E-05 9.9955E-05 9.9955E-05
9.9946E-05 0.964923 9.9946E-05 0.034477 9.9946E-05 9.9946E-05 9.9946E-05 9.9946E-05
0.0150782 0.870882 9.9964E-05 9.9964E-05 0.0950604 9.9964E-05 0.0185792 9.9964E-05
9.9964E-05 0.550582 0.0752912 9.9964E-05 9.9964E-05 0.00861653 9.9964E-05 0.365111
0.0199114 0.940589 9.99551E-05 9.99551E-05 0.0389994 9.99551E-05 9.99551E-05 9.99551E-05
0.0576294 0.738 9.9982E-05 0.025851 9.9982E-05 0.00998033 0.0531072 0.115232
0.023515 0.781273 0.0112144 0.0734346 0.024385 0.0236558 9.9991E-05 0.062422
9.9946E-05 0.920507 9.9946E-05 9.9946E-05 9.9946E-05 9.9946E-05 0.0788929 9.9946E-05
9.9955E-05 0.928878 0.0156219 9.9955E-05 9.9955E-05 9.9955E-05 0.0550004 9.9955E-05
9.9973E-05 0.835986 9.9973E-05 9.9973E-05 0.0293474 0.0711006 0.0199818 0.0432839
9.9946E-05 0.934148 0.0652527 9.9946E-05 9.9946E-05 9.9946E-05 9.9946E-05 9.9946E-05
0.0015533 0.973236 0.00214498 0.00992972 0.0128363 9.9973E-05 9.9973E-05 9.9973E-05
0.00598292 0.744534 9.9982E-05 0.102884 0.108839 0.0355809 0.00197837 9.9982E-05
0.0418582 0.65143 0.0326804 0.12273 0.0969923 0.05411 9.9982E-05 9.9982E-05
9.9973E-05 0.738678 0.0356274 0.104619 0.0711638 0.0496116 9.9973E-05 9.9973E-05
0.0438268 0.727233 0.0353654 0.0644918 0.0444254 0.0713159 0.0132419 9.9991E-05
0.0416523 0.737368 0.0117264 0.150492 0.0584617 9.9973E-05 9.9973E-05 9.9973E-05
9.9982E-05 0.726556 0.0485354 0.126378 0.0687253 0.0244688 9.9982E-05 0.00513624
9.9982E-05 0.672668 0.0254037 0.108131 0.0138021 0.0800624 9.9982E-05 0.0997327
0.00888049 0.549111 0.0283752 0.195558 0.0403923 0.0957847 0.0371659 0.0447324
0.0711155 0.665986 0.0373756 0.159313 0.0173901 0.0300885 9.9991E-05 0.0186319
0.0693531 0.525074 0.0704545 0.0967543 0.00540733 0.0456404 0.0293959 0.15792
9.9973E-05 0.636904 0.0103216 0.112315 9.9973E-05 0.101325 9.9973E-05 0.138835
9.9973E-05 0.69254 0.0895655 0.125438 0.0642779 0.0278788 9.9973E-05 9.9973E-05
0.121684 0.500506 0.141596 0.0801079 0.0051092 0.111721 0.0234382 0.0158382
0.0646327 0.547893 9.9991E-05 0.116369 0.161825 0.031023 0.0347748 0.0433828
0.0202149 0.57536 9.9991E-05 0.0812147 0.152245 0.0636862 0.0410894 0.0660895
0.0819205 0.492377 0.12624 0.122459 9.9991E-05 0.115037 0.0273039 0.0345629
9.9946E-05 9.9946E-05 9.9946E-05 0.986916 9.9946E-05 0.012484 9.9946E-05 9.9946E-05
9.9955E-05 9.9955E-05 9.9955E-05 0.95876 9.9955E-05 0.0133296 0.0274109 9.9955E-05
9.9973E-05 0.0342162 0.00487308 0.857528 0.0836688 9.9973E-05 0.019414 9.9973E-05
9.994E-05 9.994E-05 9.994E-05 0.9993 9.994E-05 9.994E-05 9.994E-05 9.994E-05
9.9946E-05 9.9946E-05 0.0058879 0.993512 9.9946E-05 9.9946E-05 9.9946E-05 9.9946E-05
9.994E-05 9.994E-05 9.994E-05 0.9993 9.994E-05 9.994E-05 9.994E-05 9.994E-05
9.9946E-05 9.9946E-05 0.00393332 0.995467 9.9946E-05 9.9946E-05 9.9946E-05 9.9946E-05
9.9964E-05 0.00487423 0.0305383 0.897248 9.9964E-05 9.9964E-05 9.9964E-05 0.0669399
0.00123305 9.9955E-05 0.00184407 0.996423 9.9955E-05 9.9955E-05 9.9955E-05 9.9955E-05
9.994E-05 9.994E-05 9.994E-05 0.9993 9.994E-05 9.994E-05 9.994E-05 9.994E-05
0.0910456 0.27432 0.0996943 0.0358104 0.108192 0.263175 0.00807387 0.119688
9.9955E-05 0.0841755 9.9955E-05 0.883263 0.0320615 9.9955E-05 9.9955E-05 9.9955E-05
0.0260641 9.9946E-05 9.9946E-05 0.973336 9.9946E-05 9.9946E-05 9.9946E-05 9.9946E-05
9.9964E-05 9.9964E-05 0.0147747 0.922667 0.0421748 0.0199838 9.9964E-05 9.9964E-05
0.0238302 0.530607 0.104272 0.0841072 0.0621068 0.194877 9.9982E-05 9.9982E-05
0.0555734 0.525659 0.0593486 0.112793 0.060251 0.186175 9.9982E-05 9.9982E-05
0.0215633 0.522607 0.0259616 0.120194 0.128936 0.178258 0.00238086 9.9991E-05
0.0724248 0.472073 0.068362 0.14346 0.073968 0.169513 9.9982E-05 9.9982E-05
0.0836431 0.394791 0.0849837 0.120076 0.128883 0.187424 9.9982E-05 9.9982E-05
0.0295183 0.406181 0.0411636 0.0899006 0.147804 0.183565 9.9991E-05 0.101767
0.0240715 0.504046 0.051604 0.16436 0.105218 0.104896 9.9991E-05 0.0457037
0.000630739 0.513674 0.0732797 0.106515 0.11472 0.190981 9.9982E-05 9.9982E-05
0.110592 0.433211 0.0302729 0.20677 0.136485 0.0824688 9.9982E-05 9.9982E-05
0.0538934 0.481174 0.025948 0.201117 0.108124 0.129544 9.9982E-05 9.9982E-05
0.0647244 0.422886 0.101931 0.104124 0.0934836 0.134831 9.9991E-05 0.0779208
0.0402034 0.460244 0.0326534 0.221233 0.193183 0.0522833 9.9982E-05 9.9982E-05
0.0917252 0.53159 0.0501565 0.0616455 0.0952847 0.169089 0.000408888 9.9991E-05
0.045915 0.537778 0.0267304 0.136205 0.0657174 0.179667 0.0078876 9.9991E-05
9.9982E-05 0.0422686 0.0058309 9.9982E-05 0.0281902 0.899656 0.000900354 0.0229543
9.9973E-05 9.9973E-05 0.0438447 0.0109929 0.0500724 0.850892 9.9973E-05 0.0438976
9.994E-05 9.994E-05 9.994E-05 9.994E-05 9.994E-05 0.9993 9.994E-05 9.994E-05
9.994E-05 9.994E-05 9.994E-05 9.994E-05 9.994E-05 0.9993 9.994E-05 9.994E-05
9.994E-05 9.994E-05 9.994E-05 9.994E-05 9.994E-05 0.9993 9.994E-05 9.994E-05
9.9946E-05 9.9946E-05 9.9946E-05 9.9946E-05 9.9946E-05 0.998194 0.00120625 9.9946E-05
0.00443542 0.0331706 9.9982E-05 0.0050424 0.0140349 0.924571 9.9982E-05 0.018546
9.9964E-05 0.125616 9.9964E-05 9.9964E-05 0.116491 0.723952 0.0335414 9.9964E-05
9.994E-05 9.994E-05 9.994E-05 9.994E-05 9.994E-05 0.9993 9.994E-05 9.994E-05
9.994E-05 9.994E-05 9.994E-05 9.994E-05 9.994E-05 0.9993 9.994E-05 9.994E-05
9.9964E-05 9.9964E-05 9.9964E-05 0.0532572 0.0758013 0.859332 9.9964E-05 0.01121
9.9955E-05 9.9955E-05 0.0016028 9.9955E-05 0.00357139 0.994326 9.9955E-05 9.9955E-05
0.0696682 0.112697 0.00861688 0.0460399 0.027339 0.735439 9.9982E-05 9.9982E-05
0.9993 9.994E-05 9.994E-05 9.994E-05 9.994E-05 9.994E-05 9.994E-05 9.994E-05
0.0770649 0.520745 0.0367 0.172148 0.0552029 0.137939 9.9982E-05 9.9982E-05
0.9993 9.994E-05 9.994E-05 9.994E-05 9.994E-05 9.994E-05 9.994E-05 9.994E-05
0.9993 9.994E-05 9.994E-05 9.994E-05 9.994E-05 9.994E-05 9.994E-05 9.994E-05
0.958828 9.99461E-05 9.99461E-05 9.99461E-05 0.0405728 9.99461E-05 9.99461E-05 9.99461E-05
0.808288 0.0597601 0.032927 9.9982E-05 0.014114 0.0769984 9.9982E-05 0.00771208
0.9993 9.994E-05 9.994E-05 9.994E-05 9.994E-05 9.994E-05 9.994E-05 9.994E-05
0.844093 0.0857008 9.9964E-05 9.9964E-05 0.0571235 0.0126825 9.9964E-05 9.9964E-05
0.992817 9.9946E-05 9.9946E-05 9.9946E-05 0.006583 9.9946E-05 9.9946E-05 9.9946E-05
0.954821 9.9973E-05 0.00201825 0.00902149 9.9973E-05 0.0324384 9.9973E-05 0.00140061
0.997103 9.9946E-05 9.9946E-05 9.9946E-05 9.9946E-05 9.9946E-05 9.9946E-05 0.00229737
0.976586 9.9964E-05 0.0106637 9.9964E-05 0.0056171 9.9964E-05 0.00673368 9.9964E-05
0.962938 0.00700452 0.0037389 0.00874483 9.9973E-05 0.0172739 9.9973E-05 9.9973E-05
0.763417 0.0898838 0.0434493 0.0248617 9.9991E-05 0.0530112 0.0192981 0.00597922
0.931933 9.9955E-05 9.9955E-05 9.9955E-05 0.0533363 9.9955E-05 0.0142307 9.9955E-05
0.911206 0.0508902 0.00590381 0.0102804 0.0103962 0.00213467 0.00908868 9.9991E-05
0.875722 9.9973E-05 0.0163302 0.0417022 0.0613563 9.9973E-05 0.00458989 9.9973E-05
0.861944 0.028929 0.0398138 0.0176672 0.00439346 0.00410146 0.000844665 0.0423068
0.889838 0.0347797 0.000511252 0.0130921 9.9973E-05 0.0614793 9.9973E-05 9.9973E-05
0.0420466 0.458594 0.270471 0.0489563 0.111113 0.0472385 0.021481 9.9991E-05
0.110882 0.437998 0.232741 0.0182523 0.141615 0.037186 0.0212268 9.9991E-05
0.0741538 0.39118 0.291741 0.0722384 0.126587 0.0139584 0.0300412 9.9991E-05
0.03966 0.514415 0.241332 0.0616389 0.0941532 0.00253415 0.0461666 9.9991E-05
9.9964E-05 9.9964E-05 9.9964E-05 0.0120919 0.917742 0.0216432 9.9964E-05 0.0481228
9.994E-05 9.994E-05 9.994E-05 9.994E-05 0.9993 9.994E-05 9.994E-05 9.994E-05
0.0071787 9.9964E-05 0.00100961 9.9964E-05 0.985867 9.9964E-05 0.00554467 9.9964E-05
9.994E-05 9.994E-05 9.994E-05 9.994E-05 0.9993 9.994E-05 9.994E-05 9.994E-05
9.9946E-05 9.9946E-05 0.0230235 9.9946E-05 0.976377 9.9946E-05 9.9946E-05 9.9946E-05
0.00556498 9.9964E-05 0.0235666 0.0136905 0.956778 9.9964E-05 9.9964E-05 9.9964E-05
9.9964E-05 0.0220369 0.0306654 9.9964E-05 0.940291 9.9964E-05 0.00660655 9.9964E-05
9.9982E-05 0.103216 0.0175268 9.9982E-05 0.717024 0.0666524 0.0215571 0.0738238
0.0426675 0.0921335 0.00209124 9.9982E-05 0.827067 9.9982E-05 0.0275267 0.00831429
9.9955E-05 9.9955E-05 0.993268 0.00287393 9.9955E-05 0.00335798 9.9955E-05 9.9955E-05
9.99461E-05 9.99461E-05 0.991024 9.99461E-05 0.00837589 9.99461E-05 9.99461E-05 9.99461E-05
9.994E-05 9.994E-05 0.9993 9.994E-05 9.994E-05 9.994E-05 9.994E-05 9.994E-05
9.994E-05 9.994E-05 0.9993 9.994E-05 9.994E-05 9.994E-05 9.994E-05 9.994E-05
9.994E-05 9.994E-05 0.9993 9.994E-05 9.994E-05 9.994E-05 9.994E-05 9.994E-05
9.9973E-05 0.0893271 0.852861 9.9973E-05 0.0197112 9.9973E-05 0.0128808 0.0249198
9.994E-05 9.994E-05 0.9993 9.994E-05 9.994E-05 9.994E-05 9.994E-05 9.994E-05
9.994E-05 9.994E-05 0.9993 9.994E-05 9.994E-05 9.994E-05 9.994E-05 9.994E-05
9.994E-05 9.994E-05 0.9993 9.994E-05 9.994E-05 9.994E-05 9.994E-05 9.994E-05
9.9955E-05 0.0331334 0.96358 9.9955E-05 9.9955E-05 0.00278699 9.9955E-05 9.9955E-05
0.022973 9.9964E-05 0.937438 0.0148863 0.024303 9.9964E-05 9.9964E-05 9.9964E-05
9.9955E-05 9.9955E-05 0.963167 9.9955E-05 9.9955E-05 0.01727 9.9955E-05 0.0190628
