9.994E-05 9.994E-05 9.994E-05 9.994E-05 9.994E-05 9.994E-05 9.994E-05 0.9993
0.558093 9.9973E-05 9.9973E-05 0.0886448 9.9973E-05 0.0907378 0.000849766 0.261375
0.590122 9.9964E-05 9.9964E-05 0.0653774 9.9964E-05 0.101433 9.9964E-05 0.242669
0.709392 9.99551E-05 9.99551E-05 9.99551E-05 0.0845203 9.99551E-05 9.99551E-05 0.205588
0.646069 0.0765235 0.0508126 9.9982E-05 0.00113007 9.9982E-05 0.103538 0.121727
0.672762 9.9964E-05 9.9964E-05 9.9964E-05 0.19069 0.00284795 9.9964E-05 0.133301
0.730913 9.9946E-05 9.9946E-05 9.9946E-05 9.9946E-05 9.9946E-05 9.9946E-05 0.268487
0.503265 0.00750765 9.9973E-05 9.9973E-05 0.136624 0.0598445 9.9973E-05 0.292459
0.708063 9.9973E-05 9.9973E-05 0.0125217 9.9973E-05 0.0709967 0.031839 0.17628
9.994E-05 9.994E-05 9.994E-05 9.994E-05 9.994E-05 9.994E-05 9.994E-05 0.9993
9.994E-05 9.994E-05 9.994E-05 9.994E-05 9.994E-05 9.994E-05 9.994E-05 0.9993
9.994E-05 9.994E-05 9.994E-05 9.994E-05 9.994E-05 9.994E-05 9.994E-05 0.9993
0.00759726 9.9964E-05 9.9964E-05 0.0120511 9.9964E-05 9.9964E-05 0.00979281 0.970159
9.9946E-05 9.9946E-05 0.0653922 9.9946E-05 9.9946E-05 9.9946E-05 9.9946E-05 0.934008
9.9964E-05 9.9964E-05 0.0188358 9.9964E-05 0.00731143 0.00584277 9.9964E-05 0.96761
0.401557 0.0652041 9.9973E-05 9.9973E-05 0.306654 0.0284521 9.9973E-05 0.197832
0.370579 0.0881273 0.100951 0.0707933 0.117267 0.0056311 0.0412438 0.205408
0.62875 0.00733726 9.9991E-05 0.0309853 0.115893 0.0285656 0.00287416 0.185495
0.932996 9.9955E-05 0.0418021 9.9955E-05 9.9955E-05 9.9955E-05 0.0247026 9.9955E-05
0.906689 0.0095253 0.0568027 9.9964E-05 9.9964E-05 9.9964E-05 0.0265836 9.9964E-05
0.903243 9.9964E-05 9.9964E-05 0.00674626 9.9964E-05 9.9964E-05 0.059468 0.0301428
0.815196 0.0306817 0.0893438 9.9964E-05 9.9964E-05 0.0643789 9.9964E-05 9.9964E-05
0.864421 9.9973E-05 0.106836 0.00165599 9.9973E-05 0.0249524 0.00183441 9.9973E-05
0.945752 0.0455862 0.000204259 9.9964E-05 9.9964E-05 0.00805808 9.9964E-05 9.9964E-05
0.919754 0.00783669 0.0138952 0.016761 0.0414534 9.9973E-05 9.9973E-05 9.9973E-05
0.581109 0.0613952 0.00470612 9.9973E-05 0.303646 9.9973E-05 0.0488432 9.9973E-05
0.677991 9.9973E-05 0.0417181 9.9973E-05 0.1149 0.0826044 0.0824864 9.9973E-05
0.941934 0.0176498 9.9964E-05 9.9964E-05 0.0102989 0.0297174 9.9964E-05 9.9964E-05
0.749281 0.0275523 0.0204869 9.9991E-05 0.122454 0.0237717 0.0223051 0.0340489
0.846777 0.0128437 9.9991E-05 0.0265474 0.0620568 0.00244394 0.00578488 0.043446
0.857615 0.00431115 0.0592425 0.00983057 9.9982E-05 9.9982E-05 0.0210083 0.0477927
0.801514 0.0737562 9.9964E-05 9.9964E-05 0.0630758 9.9964E-05 0.061254 9.9964E-05
0.742514 9.9982E-05 0.0598199 0.00435281 0.109062 0.0459595 0.0380914 9.9982E-05
0.630212 0.117421 0.0175122 9.9991E-05 0.134422 0.0522242 0.0081969 0.0399116
0.814112 0.00287188 0.17067 9.9973E-05 9.9973E-05 0.00262638 0.00942068 9.9973E-05
0.872481 9.9955E-05 9.9955E-05 9.9955E-05 0.0844016 9.9955E-05 9.9955E-05 0.0426173
0.537079 9.9955E-05 0.02604 9.9955E-05 0.436381 9.9955E-05 9.9955E-05 9.9955E-05
0.544698 0.0143738 0.0377926 9.9991E-05 0.303281 0.021323 0.072226 0.00620464
0.553799 0.0252226 0.0261204 0.0583277 0.235452 0.0323217 0.0686559 9.9991E-05
0.601348 0.032827 0.0466639 0.00384083 0.267906 9.9991E-05 0.0433456 0.00396838
0.0967062 0.0453555 9.9982E-05 0.0251186 0.743654 0.048921 0.0400447 9.9982E-05
0.0474149 0.048719 0.0204599 9.9991E-05 0.809443 0.0424141 0.0226979 0.00875169
0.195026 0.0443837 9.9982E-05 0.0241846 0.591665 0.085461 9.9982E-05 0.0590803
0.0571166 0.0112405 9.9982E-05 0.0170072 0.851358 0.0453557 0.0177223 9.9982E-05
0.162493 0.0148609 9.9973E-05 9.9973E-05 0.674647 0.0879448 0.0597542 9.9973E-05
0.0190129 9.9955E-05 9.9955E-05 9.9955E-05 0.961643 9.9955E-05 9.9955E-05 0.0188445
9.994E-05 9.994E-05 9.994E-05 9.994E-05 0.9993 9.994E-05 9.994E-05 9.994E-05
0.402584 0.0443619 0.0114139 9.9982E-05 0.465649 0.0405245 0.0352665 9.9982E-05
0.147931 0.0533667 9.9982E-05 9.9982E-05 0.612429 0.0196731 0.089394 0.0770061
0.416489 0.0500326 0.00403375 0.0335022 0.370982 0.0380135 9.9991E-05 0.0868478
0.191318 9.9982E-05 9.9982E-05 0.0150063 0.690607 0.00533921 0.0674183 0.0301114
0.154953 9.9973E-05 0.0377329 9.9973E-05 0.751071 0.0251095 0.0308332 9.9973E-05
0.01399 9.9964E-05 9.9964E-05 9.9964E-05 0.957718 0.0132427 9.9964E-05 0.0146492
0.133566 0.016307 0.0696215 9.9982E-05 0.649972 9.9982E-05 0.0781428 0.0521911
0.13984 0.0355048 0.0857488 0.0261561 0.659905 9.9991E-05 0.00471205 0.0480341
0.174359 0.0476009 9.9973E-05 9.9973E-05 0.660265 0.113477 0.00399942 9.9973E-05
0.186517 0.0468459 9.9982E-05 9.9982E-05 0.53936 0.0705484 0.0879346 0.0685947
0.246942 0.0391375 9.9973E-05 0.0136995 0.629676 9.9973E-05 0.0702451 9.9973E-05
0.00435259 9.99461E-05 9.99461E-05 9.99461E-05 0.995048 9.99461E-05 9.99461E-05 9.99461E-05
0.219542 9.9982E-05 9.9982E-05 0.035557 0.531548 0.0590709 0.075566 0.0785158
0.195257 0.107131 9.9964E-05 9.9964E-05 0.628506 9.9964E-05 0.0687063 9.9964E-05
0.0720147 0.0384224 9.9973E-05 0.0244707 0.835105 9.9973E-05 9.9973E-05 0.0296871
0.104947 9.9991E-05 0.0428288 0.0295162 0.711079 0.0681203 0.0363323 0.00707692
9.9964E-05 9.9964E-05 0.0754641 9.9964E-05 0.898135 9.9964E-05 0.0115523 0.014449
0.144764 0.0670397 9.9973E-05 9.9973E-05 0.741946 9.9973E-05 0.00471125 0.0412389
9.9955E-05 9.9955E-05 0.0479513 9.9955E-05 0.887755 0.063794 9.9955E-05 9.9955E-05
9.9946E-05 9.9946E-05 9.9946E-05 0.0254939 0.973906 9.9946E-05 9.9946E-05 9.9946E-05
9.9982E-05 0.0140716 0.0980592 0.000964564 0.785753 0.0884649 9.9982E-05 0.0124869
0.269124 0.0297266 9.9982E-05 0.00545581 0.629427 0.028496 0.0375701 9.9982E-05
9.99461E-05 9.99461E-05 0.055902 9.99461E-05 0.943498 9.99461E-05 9.99461E-05 9.99461E-05
0.210555 9.9973E-05 9.9973E-05 0.0403606 0.72159 0.0182997 9.9973E-05 0.00889429
0.0228882 0.0619753 0.0248935 0.023983 0.834648 0.00975045 0.0217615 9.9991E-05
9.99461E-05 9.99461E-05 9.99461E-05 9.99461E-05 0.914923 9.99461E-05 9.99461E-05 0.0844769
9.9955E-05 9.9955E-05 9.9955E-05 9.9955E-05 0.962066 9.9955E-05 0.0155475 0.0218865
9.9982E-05 0.0527416 0.0294306 9.9982E-05 0.867257 0.00304427 0.00405696 0.0432692
9.9964E-05 9.9964E-05 0.00927384 9.9964E-05 0.899978 9.9964E-05 0.0738452 0.0165035
9.9955E-05 9.9955E-05 9.9955E-05 0.0111019 0.955691 0.0327074 9.9955E-05 9.9955E-05
9.9964E-05 9.9964E-05 0.099905 0.0653202 0.812305 9.9964E-05 9.9964E-05 0.0220704
0.0168463 0.0274671 0.0618064 0.0970153 0.755124 0.0415409 9.9982E-05 9.9982E-05
9.9973E-05 0.0383619 0.0691574 0.109006 0.768948 9.9973E-05 0.0142264 9.9973E-05
9.9982E-05 0.0820643 0.0390423 0.0497934 0.789663 0.0337172 0.00552 9.9982E-05
9.9982E-05 0.049284 0.0648477 0.0847367 0.782795 0.00343928 0.0146968 9.9982E-05
9.9982E-05 0.0555278 0.0780554 0.0782003 0.743154 0.0239704 0.0208921 9.9982E-05
0.103803 0.0987143 9.9982E-05 0.128337 0.620905 9.9982E-05 0.0425033 0.0055381
0.0449041 0.0368278 0.0368585 0.191351 0.615593 0.056017 0.0183483 9.9991E-05
0.0540397 0.0758474 0.0114862 0.171943 0.553012 0.0973188 0.0143688 0.0219832
0.140506 0.0731225 0.0340246 0.075789 0.517137 0.075498 0.0344359 0.0494868
0.0576566 0.102968 9.9982E-05 0.134793 0.635057 9.9982E-05 0.0658854 0.00344077
0.0845329 0.05721 0.0658329 0.145135 0.526994 0.0710536 0.0491415 9.9991E-05
0.0125562 0.125349 0.0137721 0.0995963 0.5468 0.0819417 0.11844 0.00154448
0.0226114 9.9982E-05 0.183692 0.093926 0.600226 0.057567 9.9982E-05 0.0417772
0.0101869 0.0648944 0.164189 0.0726069 0.607752 0.0488746 9.9991E-05 0.0313965
0.0274371 0.0372567 9.9991E-05 0.180417 0.501397 0.0547552 0.188915 0.00972248
9.994E-05 9.994E-05 9.994E-05 0.9993 9.994E-05 9.994E-05 9.994E-05 9.994E-05
9.9964E-05 0.00384447 9.9964E-05 0.924877 9.9964E-05 0.0329843 9.9964E-05 0.0378946
9.9991E-05 0.0105182 0.0446965 0.835861 0.0690544 0.00829293 0.0207252 0.0107516
9.994E-05 9.994E-05 9.994E-05 0.9993 9.994E-05 9.994E-05 9.994E-05 9.994E-05
9.994E-05 9.994E-05 9.994E-05 0.9993 9.994E-05 9.994E-05 9.994E-05 9.994E-05
9.994E-05 9.994E-05 9.994E-05 0.9993 9.994E-05 9.994E-05 9.994E-05 9.994E-05
9.994E-05 9.994E-05 9.994E-05 0.9993 9.994E-05 9.994E-05 9.994E-05 9.994E-05
0.0944677 9.9964E-05 0.00118646 0.86179 0.042156 9.9964E-05 9.9964E-05 9.9964E-05
9.994E-05 9.994E-05 9.994E-05 0.9993 9.994E-05 9.994E-05 9.994E-05 9.994E-05
9.994E-05 9.994E-05 9.994E-05 0.9993 9.994E-05 9.994E-05 9.994E-05 9.994E-05
0.0679518 0.285244 0.110623 0.0874307 0.301071 0.0549396 0.0926394 9.9991E-05
9.9973E-05 0.00284734 0.0352895 0.881572 0.0635481 9.9973E-05 0.0164432 9.9973E-05
9.9964E-05 9.9964E-05 0.00852347 0.959775 9.9964E-05 0.0232586 0.00804342 9.9964E-05
9.9955E-05 9.9955E-05 9.9955E-05 0.994356 9.9955E-05 0.000319261 0.00482527 9.9955E-05
9.9982E-05 0.149334 0.11751 0.110844 0.545486 0.0193028 0.0573244 9.9982E-05
9.9982E-05 0.163996 0.0483815 0.100604 0.536291 0.0621626 0.0883651 9.9982E-05
9.9991E-05 0.128806 0.103974 0.122973 0.505026 0.033702 0.0974742 0.00794431
9.9982E-05 0.187074 0.0835639 0.129139 0.49579 0.0202946 0.0839389 9.9982E-05
9.9982E-05 0.216824 0.0830701 0.132421 0.455576 0.0570192 0.0548902 9.9982E-05
0.166181 0.158898 0.181033 0.0972795 0.373836 9.9982E-05 0.022572 9.9982E-05
0.0998548 0.164387 0.151594 0.121061 0.401405 9.9982E-05 0.0614991 9.9982E-05
9.9973E-05 0.177522 0.134399 0.112383 0.537896 9.9973E-05 0.0375001 9.9973E-05
9.9982E-05 0.0837608 0.135424 0.214349 0.41837 0.0841821 0.0637143 9.9982E-05
9.9982E-05 0.0930147 0.107379 0.18581 0.551797 0.050701 0.0110985 9.9982E-05
0.0728537 0.134326 0.0937698 0.132273 0.410956 0.0602728 0.0954491 9.9991E-05
0.0424766 0.072575 0.171149 0.180249 0.444682 0.041699 0.0470691 9.9991E-05
9.9991E-05 0.155401 0.0909965 0.057089 0.562822 0.0589922 0.0573689 0.0172297
0.00876037 0.181634 0.0718386 0.12885 0.509677 0.0392611 0.0598796 9.9991E-05
9.9964E-05 0.923076 0.0272163 9.9964E-05 9.9964E-05 0.0236872 0.0256205 9.9964E-05
0.0373028 0.863425 0.0251947 9.9973E-05 9.9973E-05 9.9973E-05 0.0708669 0.00291069
9.994E-05 0.9993 9.994E-05 9.994E-05 9.994E-05 9.994E-05 9.994E-05 9.994E-05
0.00411469 0.995286 9.9946E-05 9.9946E-05 9.9946E-05 9.9946E-05 9.9946E-05 9.9946E-05
9.9955E-05 0.960315 9.9955E-05 0.016534 9.9955E-05 0.0226516 9.9955E-05 9.9955E-05
9.994E-05 0.9993 9.994E-05 9.994E-05 9.994E-05 9.994E-05 9.994E-05 9.994E-05
9.9946E-05 0.972958 9.9946E-05 0.0264426 9.9946E-05 9.9946E-05 9.9946E-05 9.9946E-05
0.00431932 0.811862 0.117859 9.9973E-05 0.0265974 9.9973E-05 9.9973E-05 0.0390623
9.994E-05 0.9993 9.994E-05 9.994E-05 9.994E-05 9.994E-05 9.994E-05 9.994E-05
9.994E-05 0.9993 9.994E-05 9.994E-05 9.994E-05 9.994E-05 9.994E-05 9.994E-05
9.9964E-05 0.863746 0.0905892 0.0246916 9.9964E-05 9.9964E-05 9.9964E-05 0.0205731
9.994E-05 0.9993 9.994E-05 9.994E-05 9.994E-05 9.994E-05 9.994E-05 9.994E-05
9.9982E-05 0.661712 0.0633256 0.0187079 0.14734 0.104146 9.9982E-05 0.0045687
9.994E-05 9.994E-05 9.994E-05 9.994E-05 9.994E-05 0.9993 9.994E-05 9.994E-05
0.0144977 0.108803 0.0711757 0.154835 0.523298 0.103437 0.0238528 9.9991E-05
9.994E-05 9.994E-05 9.994E-05 9.994E-05 9.994E-05 0.9993 9.994E-05 9.994E-05
9.994E-05 9.994E-05 9.994E-05 9.994E-05 9.994E-05 0.9993 9.994E-05 9.994E-05
9.9964E-05 9.9964E-05 0.0661616 0.0110188 9.9964E-05 0.914574 9.9964E-05 0.0078456
0.0546568 0.0333981 0.0111422 0.0225946 0.098421 0.75813 0.021017 0.000640605
9.994E-05 9.994E-05 9.994E-05 9.994E-05 9.994E-05 0.9993 9.994E-05 9.994E-05
9.9964E-05 0.0083148 0.0391076 9.9964E-05 0.0950034 0.857174 9.9964E-05 9.9964E-05
9.994E-05 9.994E-05 9.994E-05 9.994E-05 9.994E-05 0.9993 9.994E-05 9.994E-05
9.9964E-05 0.00542501 9.9964E-05 9.9964E-05 0.0169223 0.958291 0.018962 9.9964E-05
0.00271701 9.9955E-05 9.9955E-05 9.9955E-05 9.9955E-05 0.99248 9.9955E-05 0.00430359
0.0140883 0.0387699 9.9955E-05 9.9955E-05 9.9955E-05 0.946642 9.9955E-05 9.9955E-05
0.0425052 0.0037704 9.9964E-05 0.0217769 9.9964E-05 0.931548 9.9964E-05 9.9964E-05
9.9973E-05 0.0653097 0.0138925 0.0405543 9.9973E-05 0.832952 0.0469921 9.9973E-05
0.00601664 9.9973E-05 0.034587 9.9973E-05 0.0363597 0.91786 9.9973E-05 0.00487624
9.9982E-05 0.0347622 0.0142968 0.0128777 0.0515983 0.868346 0.0179187 9.9982E-05
9.9973E-05 9.9973E-05 0.04102 0.00337828 0.0967411 0.851181 0.00738019 9.9973E-05
0.0326445 9.9982E-05 0.0236476 9.9982E-05 0.0136633 0.866039 0.0512987 0.0125065
9.9973E-05 0.0140216 0.00295596 0.0289618 9.9973E-05 0.946095 0.00766599 9.9973E-05
9.9991E-05 0.0124629 0.122305 0.0863153 0.350662 0.0376964 0.350164 0.0402943
9.9991E-05 0.0336862 0.147804 0.0355844 0.437881 0.053154 0.287274 0.00451565
9.9973E-05 9.9973E-05 0.158523 0.0955077 0.459395 9.9973E-05 0.255046 0.0312284
9.9982E-05 9.9982E-05 0.128541 0.0780106 0.458219 0.0465324 0.244097 0.0444002
0.0474658 0.0494011 0.876894 9.9964E-05 9.9964E-05 9.9964E-05 0.0258389 9.9964E-05
9.994E-05 9.994E-05 0.9993 9.994E-05 9.994E-05 9.994E-05 9.994E-05 9.994E-05
9.9946E-05 9.9946E-05 0.986269 9.9946E-05 9.9946E-05 9.9946E-05 0.0131315 9.9946E-05
9.994E-05 9.994E-05 0.9993 9.994E-05 9.994E-05 9.994E-05 9.994E-05 9.994E-05
9.9955E-05 9.9955E-05 0.965844 0.00029432 9.9955E-05 0.0333616 9.9955E-05 9.9955E-05
9.9955E-05 9.9955E-05 0.987315 0.0116418 9.9955E-05 0.000543733 9.9955E-05 9.9955E-05
9.9973E-05 0.00472598 0.942692 0.00377896 9.9973E-05 0.0116234 0.03688 9.9973E-05
0.129655 0.0428845 0.780291 9.9982E-05 9.9982E-05 0.0194774 0.0197486 0.0077433
0.0414645 9.9982E-05 0.864021 9.9982E-05 0.0539398 0.0120672 0.0269031 0.00140419
9.994E-05 9.994E-05 9.994E-05 9.994E-05 9.994E-05 9.994E-05 0.9993 9.994E-05
9.9964E-05 9.9964E-05 0.0256269 9.9964E-05 9.9964E-05 0.0198942 0.94947 0.00460861
9.9946E-05 9.9946E-05 9.9946E-05 9.9946E-05 9.9946E-05 0.00365486 0.995745 9.9946E-05
9.994E-05 9.994E-05 9.994E-05 9.994E-05 9.994E-05 9.994E-05 0.9993 9.994E-05
9.994E-05 9.994E-05 9.994E-05 9.994E-05 9.994E-05 9.994E-05 0.9993 9.994E-05
0.0120274 9.9964E-05 9.9964E-05 9.9964E-05 0.121307 9.9964E-05 0.86499 0.00127566
9.9946E-05 9.9946E-05 9.9946E-05 9.9946E-05 9.9946E-05 0.00661789 0.992782 9.9946E-05
9.9955E-05 0.00143435 0.0155143 9.9955E-05 9.9955E-05 9.9955E-05 0.982552 9.9955E-05
0.0136133 9.9955E-05 9.9955E-05 9.9955E-05 9.9955E-05 0.000124695 0.985762 9.9955E-05
9.9946E-05 0.0184259 9.9946E-05 9.9946E-05 9.9946E-05 9.9946E-05 0.980974 9.9946E-05
9.994E-05 9.994E-05 9.994E-05 9.994E-05 9.994E-05 9.994E-05 0.9993 9.994E-05
9.9946E-05 0.0283608 9.9946E-05 9.9946E-05 9.9946E-05 9.9946E-05 0.971039 9.9946E-05
