9.994E-05 9.994E-05 9.994E-05 9.994E-05 0.9993 9.994E-05 9.994E-05 9.994E-05
9.9964E-05 9.9964E-05 9.9964E-05 0.0684591 0.256558 0.0473389 9.9964E-05 0.627244
9.9964E-05 9.9964E-05 9.9964E-05 0.0886557 0.259346 0.101401 9.9964E-05 0.550197
9.99551E-05 9.99551E-05 9.99551E-05 9.99551E-05 0.22918 9.99551E-05 0.0783255 0.691995
0.0567801 0.0547607 0.0393001 9.9982E-05 0.107275 9.9982E-05 0.115914 0.62577
9.9973E-05 9.9973E-05 0.0134338 9.9973E-05 0.147222 0.0379692 0.177378 0.623697
9.9946E-05 9.9946E-05 9.9946E-05 9.9946E-05 0.268263 9.9946E-05 9.9946E-05 0.731137
9.9964E-05 9.9964E-05 9.9964E-05 9.9964E-05 0.289817 0.0875603 0.100088 0.522135
0.0384756 9.9982E-05 9.9982E-05 0.0364413 0.181322 0.0552449 0.00147479 0.686841
9.994E-05 9.994E-05 9.994E-05 9.994E-05 0.9993 9.994E-05 9.994E-05 9.994E-05
9.994E-05 9.994E-05 9.994E-05 9.994E-05 0.9993 9.994E-05 9.994E-05 9.994E-05
0.00207484 9.9946E-05 9.9946E-05 9.9946E-05 0.997325 9.9946E-05 9.9946E-05 9.9946E-05
0.0162916 9.9946E-05 9.9946E-05 9.9946E-05 0.983109 9.9946E-05 9.9946E-05 9.9946E-05
9.9955E-05 9.9955E-05 0.0507657 9.9955E-05 0.937284 9.9955E-05 0.0114509 9.9955E-05
9.9964E-05 0.0153634 9.9964E-05 9.9964E-05 0.9482 0.0283612 0.00767545 9.9964E-05
0.000266223 9.9973E-05 9.9973E-05 9.9973E-05 0.192271 0.00478242 0.375291 0.427089
0.0666286 9.9991E-05 0.023376 0.00306563 0.250631 0.0373352 0.249868 0.368995
9.9964E-05 9.9964E-05 9.9964E-05 0.02778 0.164237 9.9964E-05 0.112331 0.695252
0.0345413 9.9973E-05 0.057815 0.0205411 9.9973E-05 9.9973E-05 0.0191802 0.867623
0.0134738 0.0768469 0.0195052 9.9964E-05 9.9964E-05 9.9964E-05 9.9964E-05 0.889774
0.0488559 9.9964E-05 9.9964E-05 0.0107043 0.0289206 9.9964E-05 9.9964E-05 0.911119
9.9964E-05 9.9964E-05 0.0816301 9.9964E-05 9.9964E-05 0.0561208 0.0901614 0.771688
9.9955E-05 9.9955E-05 0.0937577 9.9955E-05 9.9955E-05 0.0623396 9.9955E-05 0.843403
9.9955E-05 0.0261399 0.00337529 9.9955E-05 9.9955E-05 9.9955E-05 9.9955E-05 0.969985
0.00540339 0.0131122 9.9973E-05 9.9973E-05 0.0102817 9.9973E-05 0.0487059 0.922197
0.0586137 0.0507824 9.9964E-05 9.9964E-05 9.9964E-05 9.9964E-05 0.254378 0.635826
0.117317 9.9973E-05 0.0285461 9.9973E-05 9.9973E-05 0.0726514 0.04194 0.739246
9.9946E-05 9.9946E-05 9.9946E-05 9.9946E-05 9.9946E-05 0.0180514 9.9946E-05 0.981349
0.0183783 0.0204733 0.0316561 9.9991E-05 0.0338159 0.00755778 0.0889077 0.799111
0.0206628 9.9964E-05 9.9964E-05 9.9964E-05 0.0591504 9.9964E-05 0.00517746 0.914609
0.0287557 9.9964E-05 0.0445793 9.9964E-05 0.0243529 9.9964E-05 9.9964E-05 0.901912
0.0651269 0.0694649 9.9982E-05 0.0176769 9.9982E-05 0.0128783 0.0529211 0.781732
0.0334112 0.0135278 0.0520934 9.9982E-05 9.9982E-05 0.0216341 0.14386 0.735273
0.00716679 0.112164 9.9991E-05 0.003397 0.045274 0.110436 0.111881 0.609582
9.9955E-05 9.9955E-05 0.139697 9.9955E-05 9.9955E-05 0.0592886 9.9955E-05 0.800515
9.9955E-05 9.9955E-05 9.9955E-05 9.9955E-05 0.0494833 9.9955E-05 0.0431475 0.906869
0.013012 9.9964E-05 0.00675114 9.9964E-05 9.9964E-05 9.9964E-05 0.446823 0.533014
0.0591269 0.0355683 0.0830305 9.9982E-05 9.9982E-05 0.0306475 0.225075 0.566352
0.103654 9.9982E-05 0.00392471 0.0337908 9.9982E-05 0.0565812 0.257838 0.544012
0.0755341 0.0212004 0.0188979 0.0382978 9.9982E-05 9.9982E-05 0.247138 0.598732
9.9982E-05 0.0378436 9.9982E-05 0.0633655 0.0072202 0.0454689 0.808992 0.0369103
0.0310226 0.0325393 9.9973E-05 9.9973E-05 9.9973E-05 0.0377982 0.791692 0.106648
9.9982E-05 0.0203759 9.9982E-05 0.0644586 0.0351513 0.0657667 0.655667 0.158381
0.0157762 9.9973E-05 9.9973E-05 0.0218953 9.9973E-05 0.0217027 0.840318 0.100008
0.0442487 0.043681 0.0214011 9.9982E-05 9.9982E-05 0.0481541 0.613607 0.228708
9.9955E-05 9.9955E-05 9.9955E-05 9.9955E-05 0.00991072 0.0189247 0.970665 9.9955E-05
0.00225387 9.9955E-05 9.9955E-05 9.9955E-05 9.9955E-05 9.9955E-05 0.993891 0.00335557
0.0133256 0.0170585 0.0327351 9.9982E-05 9.9982E-05 0.0321772 0.516636 0.387867
0.0556962 0.0709193 0.00328858 9.9991E-05 0.0807703 0.0606047 0.522516 0.206105
9.999E-05 0.0544466 0.0420729 0.019367 0.106805 0.00834068 0.396339 0.372528
0.0440696 9.9982E-05 9.9982E-05 0.0370101 0.0712091 0.0396217 0.547116 0.260774
9.9973E-05 9.9973E-05 0.0292898 9.9973E-05 0.0102341 0.0674095 0.699427 0.193339
9.9955E-05 9.9955E-05 9.9955E-05 9.9955E-05 0.0239779 0.00103422 0.974488 9.9955E-05
0.0384142 0.0397193 0.0989142 9.9982E-05 0.0438961 9.9982E-05 0.58411 0.194746
0.0182015 0.0676216 0.0552101 0.0144383 0.0517154 9.9991E-05 0.565228 0.227485
9.9973E-05 0.0267574 9.9973E-05 0.00443554 9.9973E-05 0.0793175 0.724061 0.165128
0.0609241 0.0564193 0.00137327 9.9991E-05 0.0915937 0.092782 0.52265 0.174158
0.115114 0.0197709 9.9973E-05 0.0277283 9.9973E-05 9.9973E-05 0.607 0.230087
9.99461E-05 9.99461E-05 9.99461E-05 9.99461E-05 0.0100876 9.99461E-05 0.989313 9.99461E-05
0.0828737 9.9991E-05 0.0253853 0.0156925 0.0413256 0.0074414 0.508565 0.318616
0.0819417 0.0498587 0.0129155 9.9973E-05 9.9973E-05 9.9973E-05 0.603848 0.251136
0.0366064 0.0244514 9.9973E-05 9.9973E-05 0.0218323 9.9973E-05 0.862219 0.0545911
0.0143685 9.9991E-05 0.0362625 0.0366112 0.0258553 0.0571279 0.701319 0.128356
0.0175558 0.0480577 0.0505955 9.9982E-05 0.000161332 0.0115471 0.871883 9.9982E-05
0.0114238 0.0122313 9.9964E-05 9.9964E-05 9.9964E-05 9.9964E-05 0.857467 0.118478
9.9955E-05 9.9955E-05 0.0395822 9.9955E-05 9.9955E-05 0.0350998 0.924818 9.9955E-05
9.9946E-05 9.9946E-05 9.9946E-05 0.00842412 9.9946E-05 9.9946E-05 0.990976 9.9946E-05
9.9973E-05 0.00951495 0.125289 9.9973E-05 0.000923144 0.0130126 0.850961 9.9973E-05
0.0230004 9.9991E-05 0.0186621 0.0158294 0.00330095 0.0114061 0.594276 0.333425
9.994E-05 9.994E-05 9.994E-05 9.994E-05 9.994E-05 9.994E-05 0.9993 9.994E-05
9.9982E-05 0.0137155 9.9982E-05 0.0542069 0.0180707 0.0652691 0.740485 0.108053
9.9982E-05 0.0556182 0.0331491 0.0322861 9.9982E-05 0.049141 0.769769 0.0598371
0.0176261 9.9955E-05 9.9955E-05 9.9955E-05 0.0910225 9.9955E-05 0.890852 9.9955E-05
0.00726365 9.9955E-05 9.9955E-05 9.9955E-05 0.0900555 9.9955E-05 0.902181 9.9955E-05
0.0135851 0.081136 0.0334265 9.9973E-05 0.0360858 9.9973E-05 0.835467 9.9973E-05
0.117324 9.9964E-05 9.9964E-05 9.9964E-05 0.0131118 9.9964E-05 0.864066 0.00509817
9.9946E-05 9.9946E-05 9.9946E-05 9.9946E-05 9.9946E-05 0.00771952 0.991681 9.9946E-05
9.9973E-05 9.9973E-05 0.0607616 0.0871171 0.0364262 9.9973E-05 0.808607 0.00678817
0.0629524 0.0346248 0.0215358 0.114169 9.9982E-05 0.048456 0.718062 9.9982E-05
0.0339557 0.054089 0.0657294 0.116283 9.9973E-05 9.9973E-05 0.729643 9.9973E-05
0.0464085 0.0630214 0.0171696 0.0577025 0.00247329 0.00785944 0.805265 9.9991E-05
0.0202331 0.0180064 0.0420737 0.119909 9.9973E-05 9.9973E-05 0.799478 9.9973E-05
0.0376894 0.034434 0.030045 0.110536 9.9982E-05 0.00269887 0.784396 9.9982E-05
0.0309551 0.128213 0.0068179 0.0986386 9.9991E-05 0.04249 0.556996 0.13579
0.0336519 0.0530665 0.0267634 0.193776 0.0116212 0.0125762 0.59725 0.0712956
0.0694628 0.0593744 0.0143491 0.135691 9.9991E-05 0.0523215 0.634276 0.0344251
0.0771164 0.105841 0.0182273 0.0758303 0.0405001 0.0818683 0.454551 0.146066
0.0518528 0.120402 9.9982E-05 0.116264 0.003189 9.9982E-05 0.597017 0.111076
0.106147 0.00726183 0.073216 0.102623 9.9991E-05 0.0977221 0.577861 0.0350693
0.168649 0.120954 0.00801066 0.0924849 0.0207908 0.0812097 0.49146 0.0164407
9.9991E-05 0.0147548 0.190138 0.105638 0.046994 0.0514368 0.58597 0.00496873
9.9991E-05 0.0384679 0.194983 0.0541641 0.0103765 0.0578353 0.593195 0.050878
0.195279 0.0574992 0.00372867 0.200948 0.00932388 0.0818391 0.386895 0.0644874
9.994E-05 9.994E-05 9.994E-05 0.9993 9.994E-05 9.994E-05 9.994E-05 9.994E-05
9.9964E-05 0.0270291 9.9964E-05 0.922999 0.0313892 9.9964E-05 9.9964E-05 0.0181833
9.9964E-05 9.9964E-05 0.0213934 0.873784 0.0152846 9.9964E-05 0.0891377 9.9964E-05
9.994E-05 9.994E-05 9.994E-05 0.9993 9.994E-05 9.994E-05 9.994E-05 9.994E-05
9.994E-05 9.994E-05 9.994E-05 0.9993 9.994E-05 9.994E-05 9.994E-05 9.994E-05
9.994E-05 9.994E-05 9.994E-05 0.9993 9.994E-05 9.994E-05 9.994E-05 9.994E-05
9.9946E-05 9.9946E-05 0.0299359 0.969464 9.9946E-05 9.9946E-05 9.9946E-05 9.9946E-05
0.0152122 9.9973E-05 0.049766 0.858333 0.0334873 9.9973E-05 9.9973E-05 0.0429012
9.9946E-05 9.9946E-05 0.0262802 0.97312 9.9946E-05 9.9946E-05 9.9946E-05 9.9946E-05
9.994E-05 9.994E-05 9.994E-05 0.9993 9.994E-05 9.994E-05 9.994E-05 9.994E-05
0.12725 0.305152 0.0904611 0.113853 9.9991E-05 0.0722902 0.169093 0.121801
0.0276085 0.035407 9.9973E-05 0.877673 9.9973E-05 0.00218054 0.0568311 9.9973E-05
0.0277851 9.9946E-05 9.9946E-05 0.971615 9.9946E-05 9.9946E-05 9.9946E-05 9.9946E-05
0.000804325 0.0139485 9.9955E-05 0.984747 9.9955E-05 9.9955E-05 9.9955E-05 9.9955E-05
0.116981 0.197648 0.0967674 0.100866 9.9982E-05 0.0222021 0.465336 9.9982E-05
0.103561 0.208666 0.094426 0.0963795 9.9982E-05 0.0578598 0.438907 9.9982E-05
0.094831 0.206831 0.137975 0.0951364 9.9982E-05 0.0335775 0.431449 9.9982E-05
0.0674531 0.189232 0.0587762 0.14766 9.9991E-05 0.0451872 0.484634 0.00695756
0.0634654 0.204647 0.0909468 0.136573 9.9982E-05 0.0291449 0.475023 9.9982E-05
0.0567995 0.202306 0.149616 0.0766141 9.9991E-05 0.00907788 0.305414 0.200073
0.0179931 0.157955 0.120217 0.150148 9.9991E-05 0.025011 0.504262 0.0243142
0.0534003 0.20199 0.106519 0.129551 9.9982E-05 9.9982E-05 0.498411 0.00992931
0.0808191 0.0583702 0.134301 0.227141 9.9991E-05 0.0607596 0.426658 0.0118515
0.0959379 0.114686 0.127029 0.160017 9.9991E-05 0.0310543 0.467295 0.00388026
0.064969 0.106519 0.100998 0.127756 9.9991E-05 0.0456811 0.515035 0.0389418
0.0391368 0.0517503 0.179422 0.204883 9.9982E-05 0.0391707 0.485437 9.9982E-05
0.0811013 0.172554 0.121306 0.0292138 9.9982E-05 0.0928551 0.50277 9.9982E-05
0.0575395 0.194549 0.0246769 0.117421 9.9982E-05 0.0443957 0.561218 9.9982E-05
9.9982E-05 0.896018 0.058254 0.0020239 9.9982E-05 0.011225 0.0197531 0.0125263
0.0622105 0.872029 0.0237603 0.0244584 0.0126139 9.9982E-05 9.9982E-05 0.00472787
9.994E-05 0.9993 9.994E-05 9.994E-05 9.994E-05 9.994E-05 9.994E-05 9.994E-05
9.994E-05 0.9993 9.994E-05 9.994E-05 9.994E-05 9.994E-05 9.994E-05 9.994E-05
9.994E-05 0.9993 9.994E-05 9.994E-05 9.994E-05 9.994E-05 9.994E-05 9.994E-05
9.994E-05 0.9993 9.994E-05 9.994E-05 9.994E-05 9.994E-05 9.994E-05 9.994E-05
9.9946E-05 0.983691 0.0157091 9.9946E-05 9.9946E-05 9.9946E-05 9.9946E-05 9.9946E-05
9.9973E-05 0.820376 0.101672 9.9973E-05 0.033685 0.0183616 0.0256048 9.9973E-05
9.994E-05 0.9993 9.994E-05 9.994E-05 9.994E-05 9.994E-05 9.994E-05 9.994E-05
9.994E-05 0.9993 9.994E-05 9.994E-05 9.994E-05 9.994E-05 9.994E-05 9.994E-05
9.9973E-05 0.829202 0.113355 0.0144427 0.0282385 9.9973E-05 9.9973E-05 0.0144615
0.00567333 0.991769 9.9955E-05 9.9955E-05 0.00205751 9.9955E-05 9.9955E-05 9.9955E-05
9.9964E-05 0.717825 0.079535 9.9964E-05 9.9964E-05 0.0490086 0.153232 9.9964E-05
9.994E-05 9.994E-05 9.994E-05 9.994E-05 9.994E-05 0.9993 9.994E-05 9.994E-05
0.0551531 0.158115 0.0722518 0.17285 9.9982E-05 0.0641444 0.477286 9.9982E-05
9.994E-05 9.994E-05 9.994E-05 9.994E-05 9.994E-05 0.9993 9.994E-05 9.994E-05
9.994E-05 9.994E-05 9.994E-05 9.994E-05 9.994E-05 0.9993 9.994E-05 9.994E-05
9.9955E-05 9.9955E-05 0.0786629 0.0115238 9.9955E-05 0.909314 9.9955E-05 9.9955E-05
0.0483942 0.0464017 0.0283182 0.0100069 9.9991E-05 0.73747 0.0914539 0.037855
9.994E-05 9.994E-05 9.994E-05 9.994E-05 9.994E-05 0.9993 9.994E-05 9.994E-05
9.9973E-05 0.0114246 0.0260726 0.0341864 9.9973E-05 0.848175 0.0798415 9.9973E-05
9.9955E-05 9.9955E-05 0.00756149 0.00686138 9.9955E-05 0.985077 9.9955E-05 9.9955E-05
9.9955E-05 0.014899 9.9955E-05 9.9955E-05 9.9955E-05 0.949004 9.9955E-05 0.0355969
9.9955E-05 9.9955E-05 0.000995918 9.9955E-05 9.9955E-05 0.997621 0.000883653 9.9955E-05
0.0226458 0.0139459 9.9964E-05 0.0167371 9.9964E-05 0.946271 9.9964E-05 9.9964E-05
9.9955E-05 0.00577176 0.0302863 9.9955E-05 9.9955E-05 0.963442 9.9955E-05 9.9955E-05
0.0742345 0.0531014 9.9982E-05 0.0371757 9.9982E-05 0.802466 0.0219068 0.0109157
9.9964E-05 9.9964E-05 0.0169068 9.9964E-05 0.0197137 0.918052 0.0449276 9.9964E-05
9.9982E-05 0.0178607 0.0277698 0.0163113 0.00414752 0.846583 0.0871277 9.9982E-05
0.0406879 0.0359578 0.0483045 9.9991E-05 0.00940357 0.861461 0.00130324 0.00278214
0.0724824 9.9973E-05 9.9973E-05 0.0189936 0.0285635 0.821641 0.0580195 9.9973E-05
9.9964E-05 0.0383007 0.00260784 9.9964E-05 9.9964E-05 0.923081 0.0356103 9.9964E-05
0.32391 0.0105664 0.124329 0.0665145 0.0268718 0.062724 0.384984 9.9991E-05
0.342116 9.9982E-05 0.15281 0.0164773 0.0354815 0.000946292 0.451969 9.9982E-05
0.28949 9.9982E-05 0.124728 0.106122 0.0369187 0.0315417 0.411 9.9982E-05
0.259444 9.9982E-05 0.134085 0.040995 0.0282424 0.0598686 0.477165 9.9982E-05
9.9955E-05 0.0347908 0.949592 9.9955E-05 9.9955E-05 9.9955E-05 9.9955E-05 0.0151172
9.994E-05 9.994E-05 0.9993 9.994E-05 9.994E-05 9.994E-05 9.994E-05 9.994E-05
9.994E-05 9.994E-05 0.9993 9.994E-05 9.994E-05 9.994E-05 9.994E-05 9.994E-05
9.994E-05 9.994E-05 0.9993 9.994E-05 9.994E-05 9.994E-05 9.994E-05 9.994E-05
9.9964E-05 0.0134265 0.965842 0.00882225 0.0115092 9.9964E-05 9.9964E-05 9.9964E-05
0.00205903 9.9955E-05 0.962771 0.03467 9.9955E-05 9.9955E-05 9.9955E-05 9.9955E-05
9.9964E-05 9.9964E-05 0.968681 0.00186353 0.0119791 9.9964E-05 0.0170763 9.9964E-05
9.9973E-05 0.0680764 0.775772 9.9973E-05 0.0154648 0.0306112 9.9973E-05 0.109776
9.9955E-05 9.9955E-05 0.85958 9.9955E-05 9.9955E-05 0.0862672 9.9955E-05 0.0536531
0.992357 0.00538669 0.00031857 9.9964E-05 0.00153826 9.9964E-05 9.9964E-05 9.9964E-05
0.9993 9.994E-05 9.994E-05 9.994E-05 9.994E-05 9.994E-05 9.994E-05 9.994E-05
0.9993 9.994E-05 9.994E-05 9.994E-05 9.994E-05 9.994E-05 9.994E-05 9.994E-05
0.9661 0.00474795 9.9964E-05 9.9964E-05 0.0236294 0.00512271 9.9964E-05 9.9964E-05
0.9993 9.994E-05 9.994E-05 9.994E-05 9.994E-05 9.994E-05 9.994E-05 9.994E-05
0.870332 9.9973E-05 0.0107504 9.9973E-05 0.00863161 9.9973E-05 0.0685711 0.0414151
0.9993 9.994E-05 9.994E-05 9.994E-05 9.994E-05 9.994E-05 9.994E-05 9.994E-05
0.9993 9.994E-05 9.994E-05 9.994E-05 9.994E-05 9.994E-05 9.994E-05 9.994E-05
0.970663 9.9955E-05 0.0247332 9.9955E-05 9.9955E-05 0.00410364 9.9955E-05 9.9955E-05
0.962462 0.0073902 9.9973E-05 0.00808647 9.9973E-05 0.0179822 0.00377913 9.9973E-05
0.9993 9.994E-05 9.994E-05 9.994E-05 9.994E-05 9.994E-05 9.994E-05 9.994E-05
0.993201 9.9946E-05 0.00619963 9.9946E-05 9.9946E-05 9.9946E-05 9.9946E-05 9.9946E-05
