9.996E-05 9.996E-05 0.9995 9.996E-05 9.996E-05 9.996E-05
0.0792205 9.9973E-05 0.785645 9.9973E-05 9.9973E-05 0.134835
9.9964E-05 9.9964E-05 0.850122 0.149478 9.9964E-05 9.9964E-05
0.203869 0.0589949 0.516768 0.133454 9.9991E-05 0.086814
0.141626 9.9982E-05 0.722404 9.9982E-05 0.130424 0.00534615
9.9964E-05 0.174786 0.824814 9.9964E-05 9.9964E-05 9.9964E-05
9.9982E-05 0.011093 0.813748 9.9982E-05 0.0635733 0.111386
9.9973E-05 0.246002 0.689525 9.9973E-05 0.0641732 9.9973E-05
0.0867343 9.9991E-05 0.558245 0.219223 0.0606438 0.0750538
9.9982E-05 0.0130852 0.638831 0.0147917 9.9982E-05 0.333092
0.654618 0.344983 9.9964E-05 9.9964E-05 9.9964E-05 9.9964E-05
0.562825 0.436775 9.9964E-05 9.9964E-05 9.9964E-05 9.9964E-05
0.0337927 0.886323 0.0795847 9.9973E-05 9.9973E-05 9.9973E-05
9.9964E-05 0.838202 9.9964E-05 9.9964E-05 9.9964E-05 0.161399
0.785642 0.08523 0.128828 9.9973E-05 9.9973E-05 9.9973E-05
0.389973 0.603009 0.00671798 9.9973E-05 9.9973E-05 9.9973E-05
0.156703 0.83812 9.9973E-05 9.9973E-05 0.00487693 9.9973E-05
0.436382 0.332008 9.9991E-05 0.122063 0.0276756 0.0817711
0.49074 0.380117 9.9991E-05 0.0887879 0.0362253 0.0040295
9.9973E-05 0.881638 9.9973E-05 0.102922 0.0151404 9.9973E-05
9.9982E-05 0.809248 0.0251353 0.129987 9.9982E-05 0.0354299
0.680033 0.0395677 0.280099 9.9973E-05 9.9973E-05 9.9973E-05
0.266036 0.733564 9.9964E-05 9.9964E-05 9.9964E-05 9.9964E-05
9.9973E-05 0.870348 9.9973E-05 0.0510324 9.9973E-05 0.07832
0.75319 0.225856 9.9973E-05 9.9973E-05 9.9973E-05 0.0206544
0.115033 0.685915 0.0248646 0.0206618 9.9991E-05 0.153425
0.874766 9.9973E-05 9.9973E-05 0.0622137 0.06272 9.9973E-05
0.8034 9.9982E-05 0.00675668 9.9982E-05 0.0183247 0.171318
0.906519 9.9973E-05 9.9973E-05 0.0734274 9.9973E-05 0.0197537
0.9995 9.996E-05 9.996E-05 9.996E-05 9.996E-05 9.996E-05
0.106605 9.9991E-05 0.0922559 0.376248 0.246679 0.178112
0.201854 9.9991E-05 0.122303 0.249222 0.323805 0.102717
0.104897 9.9973E-05 9.9973E-05 0.778619 9.9973E-05 0.116184
9.9973E-05 0.010655 9.9973E-05 0.959168 0.0298775 9.9973E-05
0.369209 0.0185662 9.9973E-05 0.611924 9.9973E-05 9.9973E-05
9.996E-05 9.996E-05 9.996E-05 0.9995 9.996E-05 9.996E-05
9.9982E-05 0.108854 0.197215 0.576476 0.117254 9.9982E-05
0.182496 9.9973E-05 9.9973E-05 0.765899 9.9973E-05 0.0513044
9.9964E-05 9.9964E-05 9.9964E-05 0.977233 0.0223669 9.9964E-05
0.227087 9.9991E-05 0.018979 0.446786 0.10723 0.199819
9.9964E-05 9.9964E-05 9.9964E-05 0.97549 9.9964E-05 0.0241105
0.144765 0.0253556 0.0905539 0.359158 0.0842617 0.295905
0.159637 9.9973E-05 9.9973E-05 0.812878 9.9973E-05 0.0271842
0.0732287 0.0614191 9.9991E-05 0.792158 0.0280872 0.045007
0.208643 9.9982E-05 9.9982E-05 0.0446176 0.702981 0.0435584
0.163206 9.9973E-05 9.9973E-05 0.0255169 0.810978 9.9973E-05
9.9982E-05 0.0709824 9.9982E-05 0.219251 0.581926 0.127641
9.9964E-05 9.9964E-05 9.9964E-05 9.9964E-05 0.915742 0.0838582
0.274313 9.9982E-05 0.0628913 0.113116 0.54948 9.9982E-05
0.00673455 0.00179394 0.0602472 0.351601 0.49994 0.0796829
9.9973E-05 0.00653893 9.9973E-05 9.9973E-05 0.964143 0.0290183
9.9964E-05 0.0121296 9.9964E-05 9.9964E-05 0.987471 9.9964E-05
0.0282975 9.9973E-05 9.9973E-05 9.9973E-05 0.865004 0.106398
0.0393867 9.9982E-05 9.9982E-05 0.0859132 0.836222 0.0382778
9.9964E-05 9.9964E-05 9.9964E-05 0.0675367 0.932063 9.9964E-05
9.9964E-05 0.00727438 9.9964E-05 9.9964E-05 0.992326 9.9964E-05
0.134549 9.9982E-05 9.9982E-05 0.0361086 0.125642 0.703501
0.0930302 0.0117091 0.115126 0.0556847 0.172913 0.551537
0.138582 9.9982E-05 0.0837643 9.9982E-05 0.234833 0.542621
0.14837 9.9991E-05 0.163411 0.0774452 0.0972415 0.513433
0.100368 9.9973E-05 9.9973E-05 9.9973E-05 0.24279 0.656541
9.9973E-05 9.9973E-05 0.0230943 0.441795 9.9973E-05 0.534811
0.0307724 9.9991E-05 0.07362 0.0678097 0.130434 0.697264
9.9964E-05 9.9964E-05 9.9964E-05 9.9964E-05 0.0320273 0.967573
0.0637222 9.9973E-05 9.9973E-05 0.116156 9.9973E-05 0.819822
0.0515254 9.9964E-05 9.9964E-05 9.9964E-05 9.9964E-05 0.948075
0.00856036 9.9982E-05 9.9982E-05 0.0372481 0.00174161 0.95225
0.183219 9.9973E-05 9.9973E-05 9.9973E-05 0.0424353 0.774046
0.0246981 9.9982E-05 0.0249075 0.0294948 9.9982E-05 0.9207
9.9982E-05 0.00761916 0.0259474 9.9982E-05 0.0865548 0.879679
9.9973E-05 0.0386701 9.9973E-05 0.101583 9.9973E-05 0.859447
9.9982E-05 9.9982E-05 0.0826477 0.22001 0.0254654 0.671677
9.9973E-05 9.9973E-05 0.0665954 9.9973E-05 0.030715 0.90239
0.130993 0.00816803 9.9991E-05 0.168826 0.129106 0.562808
9.9964E-05 0.0425571 9.9964E-05 9.9964E-05 9.9964E-05 0.957043
9.996E-05 9.996E-05 9.996E-05 9.996E-05 9.996E-05 0.9995
0.21027 9.9991E-05 0.00281371 0.137515 0.0322375 0.617063
