0.9995 9.996E-05 9.996E-05 9.996E-05 9.996E-05 9.996E-05
0.355884 0.0341526 9.9982E-05 9.9982E-05 0.542689 0.0670741
0.357605 0.0797424 9.9982E-05 9.9982E-05 0.492993 0.0694598
0.274292 9.99641E-05 9.99641E-05 9.99641E-05 0.725308 9.99641E-05
0.166387 9.9973E-05 9.9973E-05 0.0375713 0.795742 9.9973E-05
0.209149 0.0137523 9.9973E-05 9.9973E-05 0.776799 9.9973E-05
0.346442 9.9964E-05 9.9964E-05 9.9964E-05 0.653158 9.9964E-05
0.356198 0.0852144 9.9982E-05 9.9982E-05 0.533159 0.0252278
0.265367 0.0467466 9.9982E-05 9.9982E-05 0.677776 0.00990989
0.9995 9.996E-05 9.996E-05 9.996E-05 9.996E-05 9.996E-05
0.9995 9.996E-05 9.996E-05 9.996E-05 9.996E-05 9.996E-05
0.9995 9.996E-05 9.996E-05 9.996E-05 9.996E-05 9.996E-05
0.991152 9.9964E-05 9.9964E-05 9.9964E-05 9.9964E-05 0.00844816
0.943291 9.9982E-05 0.00414242 0.0240461 0.0283209 9.9982E-05
0.977914 9.9973E-05 0.0119541 0.00983239 9.9973E-05 9.9973E-05
0.235293 0.00580133 9.9982E-05 0.013388 0.745317 9.9982E-05
0.261604 0.0687094 0.0290248 0.081981 0.548871 0.00980973
0.228976 9.9964E-05 9.9964E-05 9.9964E-05 0.770624 9.9964E-05
9.996E-05 9.996E-05 9.996E-05 9.996E-05 0.9995 9.996E-05
9.996E-05 9.996E-05 9.996E-05 9.996E-05 0.9995 9.996E-05
0.119219 9.9973E-05 9.9973E-05 0.00603469 0.874447 9.9973E-05
0.0150591 0.0150088 9.9973E-05 9.9973E-05 0.969632 9.9973E-05
0.0198514 9.9973E-05 9.9973E-05 0.0287714 0.951077 9.9973E-05
0.0684847 9.9964E-05 9.9964E-05 9.9964E-05 0.931115 9.9964E-05
0.0169652 9.99641E-05 9.99641E-05 9.99641E-05 0.982635 9.99641E-05
0.0307444 9.9982E-05 0.0349144 0.0354187 0.898723 9.9982E-05
0.0298014 0.0254725 9.9982E-05 0.102545 0.841981 9.9982E-05
0.0145485 9.9964E-05 9.9964E-05 9.9964E-05 0.985052 9.9964E-05
0.0883269 9.9964E-05 9.9964E-05 9.9964E-05 0.911273 9.9964E-05
0.105125 9.9964E-05 9.9964E-05 9.9964E-05 0.894475 9.9964E-05
0.120004 9.99641E-05 9.99641E-05 9.99641E-05 0.879596 9.99641E-05
0.0428055 9.9991E-05 0.0281917 0.0162569 0.903244 0.00940155
0.0207732 0.00940782 9.9991E-05 0.0122992 0.913833 0.0435866
0.0676489 0.0406405 0.0800531 0.0190078 0.772281 0.0203682
0.0213899 0.0154283 9.9982E-05 0.0556607 0.907321 9.9982E-05
0.102697 9.9964E-05 9.9964E-05 9.9964E-05 0.896903 9.9964E-05
9.9964E-05 0.0110864 9.9964E-05 9.9964E-05 0.988514 9.9964E-05
0.00574906 0.0268023 9.9991E-05 0.118682 0.825477 0.0231905
0.0253192 0.0239657 9.9991E-05 0.0840266 0.826331 0.040257
0.00664444 9.9991E-05 0.0120507 0.0422582 0.910658 0.0282889
9.9982E-05 0.0828623 0.178477 9.9982E-05 0.63305 0.10541
9.9991E-05 0.145109 0.134277 0.105858 0.585825 0.0288304
0.053161 0.101485 0.123595 9.9991E-05 0.670558 0.0511015
9.9991E-05 0.0801491 0.127298 0.00458484 0.755453 0.0324144
9.9982E-05 0.0920717 0.0670125 0.066244 0.774472 9.9982E-05
9.9973E-05 0.0555265 9.9973E-05 0.0488401 0.895333 9.9973E-05
9.9982E-05 0.0233735 0.0165552 0.0206988 0.939173 9.9982E-05
9.9982E-05 0.0677094 0.0224647 0.040116 0.86951 9.9982E-05
0.0274959 0.0611292 0.12351 0.0524794 0.735286 9.9991E-05
0.116108 9.9991E-05 0.081028 0.0065577 0.742185 0.0540215
0.0443932 0.0450239 0.0478502 0.0620146 0.765184 0.0355335
9.9982E-05 0.060214 0.0538709 0.119655 0.76606 9.9982E-05
9.9982E-05 0.0442693 0.0188762 0.051644 0.885011 9.9982E-05
0.0241373 0.0134889 0.0955165 0.134638 0.669578 0.0626413
0.0449833 9.9991E-05 0.107085 0.0925183 0.679045 0.0762682
9.9982E-05 0.135581 0.1233 9.9982E-05 0.689196 0.0517225
0.104859 0.0897834 0.0820414 0.07809 0.624845 0.0203811
9.9991E-05 0.00406277 0.0784986 0.0722171 0.805196 0.0399259
9.9973E-05 0.0585511 9.9973E-05 0.085086 0.856063 9.9973E-05
0.0585036 0.0362496 0.0838731 0.110687 0.673829 0.0368582
9.9982E-05 0.0288764 0.0913129 0.162322 0.717289 9.9982E-05
9.9991E-05 0.0465797 0.189345 0.0208785 0.730477 0.0126202
9.9991E-05 0.0888728 0.0525793 0.10499 0.668162 0.085296
9.9991E-05 0.120075 0.106659 0.119943 0.606689 0.0465339
0.00321144 9.9982E-05 0.16961 0.0802251 0.746754 9.9982E-05
9.9991E-05 0.107501 0.104407 0.0815396 0.660439 0.0460135
9.9991E-05 0.0372051 0.141143 0.0796039 0.649822 0.0921255
9.9991E-05 0.0943282 0.187597 0.0872579 0.534917 0.0958
9.9991E-05 0.0410243 0.0583244 0.0391947 0.824767 0.0365892
9.9991E-05 0.0982279 0.149789 0.0090916 0.691353 0.051438
0.0301008 0.10105 0.0776383 9.9991E-05 0.725574 0.0655372
9.9991E-05 0.048772 0.114911 0.0729767 0.664227 0.0990128
0.0372673 0.0600032 0.0514734 0.0733907 0.766656 0.0112099
9.9982E-05 0.0516202 0.0492672 0.126502 0.772411 9.9982E-05
0.00778826 0.0717146 0.204332 0.0954878 0.564815 0.0558623
9.9991E-05 0.0122399 0.0915474 0.204759 0.634516 0.0568373
9.9991E-05 0.0913012 0.0927768 0.0405914 0.691422 0.0838081
0.0159808 0.0545748 0.166295 0.0942596 0.493778 0.175112
9.9991E-05 0.0445652 0.183107 0.126731 0.452645 0.192851
9.9991E-05 0.0538266 0.18436 0.184002 0.385424 0.192287
9.9991E-05 0.0909349 0.210367 0.133933 0.419214 0.145451
9.9991E-05 0.0489645 0.177746 0.126955 0.441003 0.205231
9.9991E-05 0.0874762 0.203483 0.153432 0.409561 0.145948
9.9982E-05 9.9982E-05 0.222123 0.120738 0.522785 0.134155
9.9991E-05 0.0722325 0.15281 0.0709953 0.462165 0.241697
0.00852424 0.141625 0.0978364 0.137325 0.442804 0.171886
0.0357647 0.0753855 0.123273 0.122084 0.536311 0.107182
9.9991E-05 0.00906908 0.179072 0.109323 0.54931 0.153126
9.9991E-05 0.103113 0.188222 0.167074 0.379587 0.161905
9.9991E-05 0.115125 0.168261 0.178169 0.42153 0.116815
0.0153745 0.0849972 0.124817 0.0714069 0.547458 0.155947
0.0287799 0.0648605 0.180497 0.0661493 0.519744 0.139969
0.0281599 0.112204 0.131407 0.211954 0.303188 0.213087
9.996E-05 9.996E-05 9.996E-05 9.996E-05 9.996E-05 0.9995
0.00571184 0.0297311 9.9982E-05 9.9982E-05 0.00572712 0.95863
9.9973E-05 9.9973E-05 9.9973E-05 0.0182626 0.109596 0.871842
9.996E-05 9.996E-05 9.996E-05 9.996E-05 9.996E-05 0.9995
9.996E-05 9.996E-05 9.996E-05 9.996E-05 9.996E-05 0.9995
9.996E-05 9.996E-05 9.996E-05 9.996E-05 9.996E-05 0.9995
9.996E-05 9.996E-05 9.996E-05 9.996E-05 9.996E-05 0.9995
9.9964E-05 9.9964E-05 9.9964E-05 9.9964E-05 0.0633639 0.936236
9.996E-05 9.996E-05 9.996E-05 9.996E-05 9.996E-05 0.9995
9.996E-05 9.996E-05 9.996E-05 9.996E-05 9.996E-05 0.9995
9.9991E-05 0.109884 0.348683 0.165266 0.265579 0.110489
9.9964E-05 9.9964E-05 9.9964E-05 0.054312 9.9964E-05 0.945288
9.996E-05 9.996E-05 9.996E-05 9.996E-05 9.996E-05 0.9995
9.9964E-05 9.9964E-05 9.9964E-05 0.0253316 9.9964E-05 0.974269
9.9991E-05 0.0327723 0.294775 0.271573 0.236212 0.164568
9.9991E-05 0.0879636 0.297382 0.162668 0.315337 0.136549
0.0108035 0.091227 0.298311 0.184887 0.251394 0.163376
9.9991E-05 0.0946613 0.282355 0.18939 0.264061 0.169433
9.9991E-05 0.0576458 0.28421 0.176917 0.318888 0.16224
9.9991E-05 0.00876604 0.215245 0.182366 0.420142 0.173382
9.9991E-05 0.0394464 0.279248 0.104805 0.362115 0.214286
9.9991E-05 0.0355939 0.322766 0.158117 0.318072 0.165351
9.9991E-05 0.12263 0.172445 0.164076 0.293424 0.247324
9.9991E-05 0.103039 0.205612 0.14283 0.281457 0.266961
9.9991E-05 0.0565034 0.221629 0.153748 0.421803 0.146217
9.9991E-05 0.092879 0.165913 0.198751 0.306535 0.235822
9.9991E-05 0.116525 0.261058 0.187728 0.33272 0.101869
9.9991E-05 0.0884931 0.281397 0.182897 0.303047 0.144067
9.9973E-05 0.0126384 0.94722 0.0398413 9.9973E-05 9.9973E-05
0.0214153 9.9991E-05 0.902498 0.0535821 0.0133514 0.00905289
9.996E-05 9.996E-05 0.9995 9.996E-05 9.996E-05 9.996E-05
9.996E-05 9.996E-05 0.9995 9.996E-05 9.996E-05 9.996E-05
9.996E-05 9.996E-05 0.9995 9.996E-05 9.996E-05 9.996E-05
9.996E-05 9.996E-05 0.9995 9.996E-05 9.996E-05 9.996E-05
9.996E-05 9.996E-05 0.9995 9.996E-05 9.996E-05 9.996E-05
0.036765 9.9991E-05 0.85021 0.055351 0.0396279 0.0179466
9.996E-05 9.996E-05 0.9995 9.996E-05 9.996E-05 9.996E-05
9.996E-05 9.996E-05 0.9995 9.996E-05 9.996E-05 9.996E-05
0.0090709 0.0359301 0.91245 9.9982E-05 9.9982E-05 0.0423491
9.996E-05 9.996E-05 0.9995 9.996E-05 9.996E-05 9.996E-05
9.9991E-05 0.10804 0.801706 0.020813 0.0654818 0.00385958
9.996E-05 0.9995 9.996E-05 9.996E-05 9.996E-05 9.996E-05
9.9991E-05 0.124769 0.210473 0.176213 0.276534 0.21191
9.996E-05 0.9995 9.996E-05 9.996E-05 9.996E-05 9.996E-05
9.996E-05 0.9995 9.996E-05 9.996E-05 9.996E-05 9.996E-05
0.00967989 0.936589 0.0093678 0.0199424 9.9991E-05 0.0243207
9.9982E-05 0.778585 0.0632686 0.112068 0.0458785 9.9982E-05
9.996E-05 0.9995 9.996E-05 9.996E-05 9.996E-05 9.996E-05
9.9982E-05 0.881796 0.0661728 0.0234418 0.0283894 9.9982E-05
9.9964E-05 0.99099 9.9964E-05 9.9964E-05 9.9964E-05 0.00860966
9.9973E-05 0.962009 0.0101342 9.9973E-05 0.0275572 9.9973E-05
0.00244858 0.997152 9.9964E-05 9.9964E-05 9.9964E-05 9.9964E-05
9.9964E-05 0.970887 9.9964E-05 9.9964E-05 0.0287133 9.9964E-05
9.9964E-05 0.979125 0.0204755 9.9964E-05 9.9964E-05 9.9964E-05
9.9982E-05 0.855072 0.0303087 0.0575246 9.9982E-05 0.0568949
9.9973E-05 0.979648 9.9973E-05 9.9973E-05 0.00348704 0.0165649
0.0178286 0.906073 0.0465082 0.00348579 0.0098078 0.0162969
0.00108634 0.922077 0.00123656 0.0754 9.9982E-05 9.9982E-05
0.0253749 0.920374 9.9991E-05 0.0270735 0.0146145 0.0124636
0.0143822 0.957074 0.0206618 9.9982E-05 9.9982E-05 0.00768247
0.0187456 0.0756914 0.0984438 0.389878 0.305899 0.111342
0.015921 0.0843983 0.0712275 0.407767 0.337471 0.0832156
0.00216124 0.126595 0.0942072 0.422192 0.234189 0.120655
0.0258232 0.0848653 0.0445713 0.385417 0.316293 0.14303
9.9991E-05 0.0831931 0.0896439 0.49924 0.138051 0.189772
9.99821E-05 0.0780933 0.0153282 0.642462 9.99821E-05 0.263917
9.9991E-05 0.0775662 0.0832074 0.491533 0.126714 0.220879
9.9991E-05 0.0906328 0.044321 0.593984 0.061984 0.208978
9.9991E-05 0.0931307 0.0473479 0.569476 0.0774205 0.212525
9.9991E-05 0.123054 0.000725779 0.495636 0.149362 0.231122
9.9991E-05 0.095264 0.0950769 0.461982 0.098491 0.249086
0.0495562 0.0909342 0.0649318 0.413887 0.194958 0.185733
0.00213103 0.08218 0.0421956 0.471749 0.232734 0.169011
9.996E-05 9.996E-05 9.996E-05 0.9995 9.996E-05 9.996E-05
9.996E-05 9.996E-05 9.996E-05 0.9995 9.996E-05 9.996E-05
9.996E-05 9.996E-05 9.996E-05 0.9995 9.996E-05 9.996E-05
9.996E-05 9.996E-05 9.996E-05 0.9995 9.996E-05 9.996E-05
9.996E-05 9.996E-05 9.996E-05 0.9995 9.996E-05 9.996E-05
9.9964E-05 9.9964E-05 9.9964E-05 0.933339 0.0662608 9.9964E-05
9.996E-05 9.996E-05 9.996E-05 0.9995 9.996E-05 9.996E-05
9.996E-05 9.996E-05 9.996E-05 0.9995 9.996E-05 9.996E-05
9.996E-05 9.996E-05 9.996E-05 0.9995 9.996E-05 9.996E-05
9.9964E-05 9.9964E-05 0.00791108 0.991689 9.9964E-05 9.9964E-05
9.996E-05 9.996E-05 9.996E-05 0.9995 9.996E-05 9.996E-05
9.996E-05 9.996E-05 9.996E-05 0.9995 9.996E-05 9.996E-05
