9.996E-05 9.996E-05 9.996E-05 0.9995 9.996E-05 9.996E-05
9.999E-05 0.447581 0.00655142 0.385781 0.0752417 0.0847448
9.9982E-05 0.440286 9.9982E-05 0.382211 0.100923 0.0763796
9.9964E-05 0.696433 9.9964E-05 0.303167 9.9964E-05 9.9964E-05
9.9973E-05 0.763507 0.0538269 0.182366 9.9973E-05 9.9973E-05
9.9973E-05 0.713194 9.9973E-05 0.260029 0.0264773 9.9973E-05
9.9964E-05 0.626613 9.9964E-05 0.372987 9.9964E-05 9.9964E-05
9.9982E-05 0.590782 9.9982E-05 0.334085 0.0409619 0.033971
9.9982E-05 0.652814 0.00603035 0.280621 0.0603352 9.9982E-05
9.996E-05 9.996E-05 9.996E-05 0.9995 9.996E-05 9.996E-05
9.996E-05 9.996E-05 9.996E-05 0.9995 9.996E-05 9.996E-05
9.996E-05 9.996E-05 9.996E-05 0.9995 9.996E-05 9.996E-05
9.996E-05 9.996E-05 9.996E-05 0.9995 9.996E-05 9.996E-05
9.9973E-05 0.0446867 0.00587224 0.949141 9.9973E-05 9.9973E-05
0.000900643 0.0340857 9.9973E-05 0.964714 9.9973E-05 9.9973E-05
9.9964E-05 0.798519 9.9964E-05 0.201081 9.9964E-05 9.9964E-05
0.0600547 0.480229 0.0665736 0.22415 0.0787439 0.0902489
9.9964E-05 0.732163 9.9964E-05 0.267437 9.9964E-05 9.9964E-05
9.9982E-05 0.989697 0.000553979 0.00853699 9.9982E-05 0.00101226
9.996E-05 0.9995 9.996E-05 9.996E-05 9.996E-05 9.996E-05
9.9964E-05 0.873521 9.9964E-05 0.126079 9.9964E-05 9.9964E-05
9.9973E-05 0.919739 9.9973E-05 0.0543456 0.0256156 9.9973E-05
9.9973E-05 0.930281 0.00666776 0.0627512 9.9973E-05 9.9973E-05
9.9964E-05 0.904902 9.9964E-05 0.0946977 9.9964E-05 9.9964E-05
9.99641E-05 0.951987 9.99641E-05 0.0476131 9.99641E-05 9.99641E-05
0.0167355 0.91993 0.0390431 0.0240918 9.9982E-05 9.9982E-05
9.9982E-05 0.816719 0.098424 0.0358781 0.0487792 9.9982E-05
9.99641E-05 0.942586 9.99641E-05 0.0570143 9.99641E-05 9.99641E-05
9.9964E-05 0.881936 9.9964E-05 0.117664 9.9964E-05 9.9964E-05
9.9964E-05 0.889732 9.9964E-05 0.109868 9.9964E-05 9.9964E-05
9.99641E-05 0.879247 9.99641E-05 0.120353 9.99641E-05 9.99641E-05
9.9973E-05 0.95828 0.0153996 0.0260203 9.9973E-05 9.9973E-05
9.9982E-05 0.929663 0.0137217 0.0395295 9.9982E-05 0.0168854
0.0499389 0.783668 0.00971311 0.0978113 0.0587684 9.9991E-05
9.9982E-05 0.857791 0.0260239 0.0521291 0.063856 9.9982E-05
9.9964E-05 0.867534 9.9964E-05 0.132066 9.9964E-05 9.9964E-05
9.996E-05 0.9995 9.996E-05 9.996E-05 9.996E-05 9.996E-05
0.014377 0.828534 0.0598256 0.0146193 0.0664414 0.0162022
9.9991E-05 0.828281 0.0684715 0.0304563 0.0370549 0.0356364
0.000434136 0.908212 0.0492446 0.0225706 9.9991E-05 0.0194387
0.1053 0.687989 0.0404994 9.9991E-05 0.0951797 0.0709324
0.103394 0.73914 0.0205712 0.00507989 0.131715 9.9991E-05
0.0784371 0.810574 9.9991E-05 0.0397902 0.058899 0.0121996
0.0912451 0.793941 0.00902762 9.9991E-05 0.0675704 0.0381162
0.0393096 0.808711 0.064843 9.9991E-05 0.0860348 0.00100136
9.9973E-05 0.912724 0.034662 9.9973E-05 0.0523145 9.9973E-05
0.0388209 0.87102 0.0643093 9.9982E-05 0.0256496 9.9982E-05
0.0314649 0.917764 0.026351 9.9991E-05 0.0219591 0.00236084
0.117232 0.690797 0.0452519 0.0496295 0.0969894 9.9991E-05
0.0570983 0.790419 9.9991E-05 0.108756 0.0245736 0.0190529
0.00342175 0.854397 0.0572682 0.0243588 0.0440869 0.0164678
0.0124218 0.879007 0.0479283 9.9982E-05 0.0604427 9.9982E-05
0.0496426 0.86652 0.0720974 9.9991E-05 0.0115306 0.000109744
0.0803368 0.777509 0.0884201 0.0194806 9.9991E-05 0.0341531
0.0858713 0.732089 0.0466065 0.0394736 0.0138554 0.0821046
0.123705 0.718184 0.00907762 9.9991E-05 0.120121 0.028812
0.0538101 0.673496 0.113506 0.0787547 0.0737919 0.00664212
0.0529573 0.813247 0.0986287 9.9982E-05 9.9982E-05 0.0349673
9.9973E-05 0.874332 0.0638625 9.9973E-05 0.0615052 9.9973E-05
0.0349051 0.752973 0.159023 0.0292901 0.0237095 9.9991E-05
0.10927 0.75053 0.112525 9.9982E-05 0.0274753 9.9982E-05
0.171151 0.746989 9.9973E-05 9.9973E-05 9.9973E-05 0.0815603
0.0531468 0.74983 0.0533771 9.9991E-05 0.0620718 0.0814745
0.108026 0.665094 0.0844914 9.9991E-05 0.0574816 0.0848065
0.0830407 0.822999 0.0776142 0.00710993 9.9991E-05 0.00913619
0.0837105 0.738721 0.0485165 9.9991E-05 0.10042 0.0285316
0.0894949 0.740429 0.0414578 9.9991E-05 0.0305828 0.0979351
0.106664 0.631943 0.0926771 0.0145321 0.100591 0.0535926
0.0273697 0.872749 0.0465379 9.9991E-05 0.0305407 0.0227028
0.124675 0.742638 0.00986376 9.9991E-05 0.100806 0.0219172
0.0366109 0.766111 9.9991E-05 0.0517884 0.0750311 0.0703583
0.143256 0.664425 0.0626565 9.9991E-05 0.069683 0.0598787
0.028874 0.796117 0.085986 0.056671 0.0322515 9.9991E-05
0.0592825 0.808745 0.0803241 0.0161874 0.0353608 9.9991E-05
0.206041 0.663654 0.0514153 0.0225139 0.056119 0.000255905
0.0520209 0.800206 0.125219 9.9991E-05 0.00432282 0.018132
0.0436268 0.681818 0.0683565 9.9991E-05 0.0976076 0.108492
0.119434 0.640213 0.00841572 9.9991E-05 0.038632 0.193205
0.173729 0.502092 0.109196 9.9991E-05 0.0665212 0.148362
0.183962 0.502004 0.112139 9.9991E-05 0.0321535 0.169641
0.191056 0.520381 0.11344 9.9991E-05 0.0599167 0.115107
0.137096 0.535354 0.0909398 9.9991E-05 0.022182 0.214328
0.150321 0.560637 0.0796945 9.9991E-05 0.042819 0.166429
0.127572 0.671307 0.0522405 9.9991E-05 0.0118906 0.13689
0.140997 0.519445 0.0738305 9.9991E-05 0.055158 0.21047
0.0878911 0.515032 0.053704 9.9991E-05 0.112285 0.230988
0.102448 0.551685 0.098362 0.00989385 0.0937733 0.143838
0.151608 0.619421 0.0935968 9.9982E-05 9.9982E-05 0.135175
0.10033 0.478702 0.111537 9.9991E-05 0.106958 0.202373
0.212852 0.414534 0.142665 9.9991E-05 0.105789 0.12406
0.133281 0.518634 0.0599443 0.0320478 0.0889921 0.167101
0.213864 0.545148 0.00785048 0.0139865 0.066221 0.15293
0.101914 0.379241 0.196902 0.00871773 0.105956 0.207269
9.996E-05 9.996E-05 9.996E-05 9.996E-05 9.996E-05 0.9995
0.0251646 9.9982E-05 9.9982E-05 0.0124535 0.00522887 0.956953
9.9982E-05 0.044854 0.0286496 0.0152732 9.9982E-05 0.911023
9.996E-05 9.996E-05 9.996E-05 9.996E-05 9.996E-05 0.9995
9.996E-05 9.996E-05 9.996E-05 9.996E-05 9.996E-05 0.9995
9.996E-05 9.996E-05 9.996E-05 9.996E-05 9.996E-05 0.9995
9.996E-05 9.996E-05 9.996E-05 9.996E-05 9.996E-05 0.9995
9.9973E-05 0.0637009 0.0132363 9.9973E-05 9.9973E-05 0.922763
9.996E-05 9.996E-05 9.996E-05 9.996E-05 9.996E-05 0.9995
9.996E-05 9.996E-05 9.996E-05 9.996E-05 9.996E-05 0.9995
0.330316 0.313107 0.139236 0.00618135 0.0906599 0.120499
0.0081534 0.00997819 0.0451983 9.9982E-05 9.9982E-05 0.93647
9.996E-05 9.996E-05 9.996E-05 9.996E-05 9.996E-05 0.9995
0.0261673 9.9973E-05 9.9973E-05 0.00119595 9.9973E-05 0.972337
0.285259 0.327397 0.161927 9.9991E-05 0.0621156 0.1632
0.257413 0.361708 0.120034 9.9991E-05 0.0742152 0.18653
0.240662 0.321208 0.159493 9.9991E-05 0.0809615 0.197576
0.242531 0.32645 0.130678 9.9991E-05 0.0684089 0.231832
0.299218 0.308893 0.143175 9.9991E-05 0.0741064 0.174508
0.145341 0.498585 0.142623 9.9991E-05 0.0382575 0.175093
0.23312 0.403634 0.0968494 0.0177451 0.0443528 0.204299
0.285163 0.402372 0.103144 9.9982E-05 9.9982E-05 0.209122
0.185003 0.296154 0.152667 9.9991E-05 0.0989699 0.267106
0.193774 0.326402 0.157921 9.9991E-05 0.0646797 0.257123
0.175202 0.44326 0.132316 9.9991E-05 0.0669194 0.182202
0.158389 0.311872 0.154814 9.9991E-05 0.103546 0.271278
0.241956 0.363782 0.147176 9.9991E-05 0.13093 0.116056
0.237847 0.423142 0.0965076 9.9991E-05 0.0683858 0.174018
9.996E-05 9.996E-05 9.996E-05 9.996E-05 0.9995 9.996E-05
0.222449 0.339077 0.0864823 9.9991E-05 0.113525 0.238367
9.996E-05 9.996E-05 9.996E-05 9.996E-05 0.9995 9.996E-05
9.996E-05 9.996E-05 9.996E-05 9.996E-05 0.9995 9.996E-05
9.9964E-05 9.9964E-05 9.9964E-05 9.9964E-05 0.98809 0.0115106
0.0477262 0.073615 0.052665 9.9982E-05 0.825794 9.9982E-05
9.996E-05 9.996E-05 9.996E-05 9.996E-05 0.9995 9.996E-05
0.0553615 9.9982E-05 0.0201516 0.00868301 0.915604 9.9982E-05
9.9964E-05 9.9964E-05 9.9964E-05 9.9964E-05 0.998093 0.0015073
0.028745 0.0164447 9.9973E-05 9.9973E-05 0.95451 9.9973E-05
9.996E-05 9.996E-05 9.996E-05 9.996E-05 0.9995 9.996E-05
0.0093481 0.0160958 9.9982E-05 9.9982E-05 0.968556 0.00579989
0.0126698 0.034584 9.9973E-05 9.9973E-05 0.952446 9.9973E-05
0.0826726 0.0364789 0.0318452 0.00883974 0.788507 0.0516562
9.9982E-05 0.0147557 0.0213251 0.0228681 0.940851 9.9982E-05
0.04594 0.0516073 9.9991E-05 0.000192772 0.877609 0.024551
9.9982E-05 0.0372045 0.0571671 0.00915819 0.89627 9.9982E-05
9.9982E-05 0.058194 0.0505354 0.0190515 0.872019 9.9982E-05
0.0394016 9.9973E-05 9.9973E-05 9.9973E-05 0.932803 0.0274952
0.89852 0.0601752 0.0170576 9.9982E-05 0.0240468 9.9982E-05
0.917669 9.9982E-05 0.0609955 0.00815937 9.9982E-05 0.0129764
0.9995 9.996E-05 9.996E-05 9.996E-05 9.996E-05 9.996E-05
0.995718 9.9964E-05 0.00388188 9.9964E-05 9.9964E-05 9.9964E-05
0.9995 9.996E-05 9.996E-05 9.996E-05 9.996E-05 9.996E-05
0.9995 9.996E-05 9.996E-05 9.996E-05 9.996E-05 9.996E-05
0.9995 9.996E-05 9.996E-05 9.996E-05 9.996E-05 9.996E-05
0.755133 0.104654 0.089495 0.0355884 9.9991E-05 0.0150294
0.9995 9.996E-05 9.996E-05 9.996E-05 9.996E-05 9.996E-05
0.9995 9.996E-05 9.996E-05 9.996E-05 9.996E-05 9.996E-05
0.897326 9.9982E-05 9.9982E-05 0.0249022 0.0233571 0.0542151
0.9995 9.996E-05 9.996E-05 9.996E-05 9.996E-05 9.996E-05
0.763245 0.0921509 0.0106094 9.9991E-05 0.120325 0.0135692
0.115232 0.304866 0.392635 0.0153541 0.0594383 0.112474
0.10879 0.357963 0.350855 0.012426 0.0456187 0.124347
0.0906141 0.300627 0.394379 0.0429538 0.0756001 0.0958266
0.0554009 0.32421 0.401752 0.0246385 0.108526 0.0854723
0.0888393 0.189772 0.411551 0.0054956 0.11091 0.193432
0.0409518 9.99821E-05 0.590235 9.99821E-05 0.122692 0.245921
0.0593613 0.127549 0.478448 9.9991E-05 0.109565 0.224977
0.0318643 0.0760395 0.564943 9.9991E-05 0.092645 0.234409
0.0514865 0.11847 0.467799 9.9991E-05 0.10261 0.259534
0.0508134 0.119458 0.483892 9.9991E-05 0.102236 0.243501
0.0270343 0.143969 0.468661 9.9991E-05 0.121278 0.238958
0.109291 0.177412 0.360055 0.020809 0.133556 0.198877
0.0211957 0.247502 0.449803 9.9991E-05 0.100658 0.180742
9.996E-05 9.996E-05 0.9995 9.996E-05 9.996E-05 9.996E-05
9.996E-05 9.996E-05 0.9995 9.996E-05 9.996E-05 9.996E-05
9.996E-05 9.996E-05 0.9995 9.996E-05 9.996E-05 9.996E-05
9.996E-05 9.996E-05 0.9995 9.996E-05 9.996E-05 9.996E-05
9.996E-05 9.996E-05 0.9995 9.996E-05 9.996E-05 9.996E-05
9.9964E-05 0.0561098 0.94349 9.9964E-05 9.9964E-05 9.9964E-05
9.996E-05 9.996E-05 0.9995 9.996E-05 9.996E-05 9.996E-05
9.996E-05 9.996E-05 0.9995 9.996E-05 9.996E-05 9.996E-05
9.996E-05 9.996E-05 0.9995 9.996E-05 9.996E-05 9.996E-05
0.00486504 9.9964E-05 0.994735 9.9964E-05 9.9964E-05 9.9964E-05
9.996E-05 9.996E-05 0.9995 9.996E-05 9.996E-05 9.996E-05
9.996E-05 9.996E-05 0.9995 9.996E-05 9.996E-05 9.996E-05
