9.996E-05 9.996E-05 9.996E-05 9.996E-05 0.9995 9.996E-05
0.123736 0.114809 9.9973E-05 9.9973E-05 0.761155 9.9973E-05
9.996E-05 0.9995 9.996E-05 9.996E-05 9.996E-05 9.996E-05
9.9964E-05 0.884892 0.114708 9.9964E-05 9.9964E-05 9.9964E-05
0.0638563 0.164567 9.9991E-05 0.0848153 0.661485 0.025176
9.9982E-05 0.0628006 0.0137455 9.9982E-05 0.79461 0.128644
9.9973E-05 9.9973E-05 9.9973E-05 0.0562317 0.857739 0.0857293
0.0341546 9.9982E-05 0.104125 0.0428214 0.818699 9.9982E-05
0.0907568 0.303648 0.0358156 0.136217 0.433463 9.9991E-05
0.320448 0.144688 0.0992595 9.9982E-05 0.435405 9.9982E-05
9.9973E-05 9.9973E-05 0.257234 0.000922634 9.9973E-05 0.741543
9.996E-05 9.996E-05 9.996E-05 9.996E-05 9.996E-05 0.9995
9.9964E-05 9.9964E-05 9.9964E-05 9.9964E-05 0.128009 0.871592
0.0460428 0.157112 0.272251 9.9982E-05 9.9982E-05 0.524394
0.0367849 0.0696948 0.0228977 9.9991E-05 0.0105372 0.859985
9.9982E-05 0.0110606 0.495222 9.9982E-05 0.0487848 0.444733
9.996E-05 9.996E-05 0.9995 9.996E-05 9.996E-05 9.996E-05
0.173364 0.0222681 0.670636 0.133532 9.9982E-05 9.9982E-05
9.9964E-05 9.9964E-05 9.9964E-05 0.0503097 9.9964E-05 0.94929
9.9982E-05 0.238631 0.746767 0.000242283 9.9982E-05 0.0141603
0.129777 0.0513179 0.64346 9.9991E-05 0.0454591 0.129886
0.11254 9.9982E-05 0.579672 0.0254725 0.282116 9.9982E-05
9.9973E-05 9.9973E-05 0.766089 9.9973E-05 0.0437067 0.189904
0.0346489 9.9964E-05 0.964951 9.9964E-05 9.9964E-05 9.9964E-05
0.107589 0.0559813 0.116898 9.9982E-05 9.9982E-05 0.719332
0.0619464 9.9991E-05 0.0197308 0.019813 0.0901373 0.808272
9.9973E-05 9.9973E-05 0.161186 0.43619 9.9973E-05 0.402324
0.265538 0.0451962 9.9991E-05 0.0698745 0.0258617 0.59343
0.16592 9.9982E-05 9.9982E-05 0.0653415 0.01285 0.755688
0.215291 9.9964E-05 9.9964E-05 9.9964E-05 9.9964E-05 0.784309
0.227815 0.199706 9.9973E-05 0.572179 9.9973E-05 9.9973E-05
0.138789 0.237938 9.9991E-05 0.564335 0.014688 0.0441501
0.00963552 0.0615437 9.9982E-05 0.776279 9.9982E-05 0.152342
9.9964E-05 9.9964E-05 0.119956 0.879644 9.9964E-05 9.9964E-05
9.9973E-05 0.0445997 9.9973E-05 0.574803 9.9973E-05 0.380297
9.9982E-05 0.0754158 0.022929 0.860678 0.0407776 9.9982E-05
9.9982E-05 0.0292975 0.103393 0.653632 0.213477 9.9982E-05
0.00354909 0.0337387 0.10846 0.803827 9.9991E-05 0.0503251
9.9973E-05 0.0666578 0.0648669 0.868175 9.9973E-05 9.9973E-05
0.237667 0.0450231 9.9991E-05 0.521392 0.0114901 0.184328
0.00448167 9.9982E-05 0.0441351 0.902594 0.0485892 9.9982E-05
0.178936 0.0586007 9.9991E-05 0.587741 0.046513 0.12811
0.0362073 0.0334645 9.9982E-05 0.667416 9.9982E-05 0.262713
9.9973E-05 9.9973E-05 0.0856637 0.798179 9.9973E-05 0.115857
0.181499 0.00851827 0.0518438 0.757939 9.9982E-05 9.9982E-05
0.0833546 9.9973E-05 9.9973E-05 0.745248 9.9973E-05 0.171097
0.147536 9.9973E-05 0.0272194 0.824944 9.9973E-05 9.9973E-05
0.141293 9.996E-05 9.996E-05 0.858307 9.996E-05 9.996E-05
9.9982E-05 0.0542609 9.9982E-05 0.641224 0.0175576 0.286757
0.110327 0.10217 9.9982E-05 0.785536 9.9982E-05 0.00176661
0.123828 9.997E-05 0.0373673 0.838505 9.997E-05 9.997E-05
9.9973E-05 9.9973E-05 0.0107078 0.932372 0.0566202 9.9973E-05
0.364751 9.9973E-05 0.0331513 0.601798 9.9973E-05 9.9973E-05
0.0695994 9.9973E-05 0.0378246 0.892276 9.9973E-05 9.9973E-05
9.9964E-05 9.9964E-05 9.9964E-05 0.972956 9.9964E-05 0.026644
0.372804 9.9973E-05 9.9973E-05 0.576871 0.0500258 9.9973E-05
0.715746 9.9982E-05 0.032689 0.119579 9.9982E-05 0.131786
0.50646 9.9982E-05 9.9982E-05 0.229009 0.0222155 0.242115
0.7499 0.110635 0.0437817 0.0954833 9.9982E-05 9.9982E-05
0.582681 9.9982E-05 9.9982E-05 0.136004 0.15335 0.127765
0.676407 9.9973E-05 0.0988352 0.224458 9.9973E-05 9.9973E-05
0.549415 0.0672045 9.9991E-05 0.367861 0.0020214 0.0133989
0.72099 0.0398281 0.046545 0.191138 0.00139929 9.9991E-05
0.993253 9.9964E-05 9.9964E-05 9.9964E-05 0.00634723 9.9964E-05
0.82764 9.9982E-05 9.9982E-05 0.13223 0.00339476 0.036535
0.946457 9.9964E-05 9.9964E-05 9.9964E-05 9.9964E-05 0.0531427
0.907316 9.997E-05 9.997E-05 0.0702037 9.997E-05 0.0221801
0.967217 0.0276771 0.00480585 9.9973E-05 9.9973E-05 9.9973E-05
0.990134 0.00946595 9.9964E-05 9.9964E-05 9.9964E-05 9.9964E-05
0.925758 0.0437396 9.9973E-05 0.0302023 9.9973E-05 9.9973E-05
0.941948 9.997E-05 0.0220261 0.0357257 9.997E-05 9.997E-05
0.591378 9.9973E-05 9.9973E-05 0.306928 0.101394 9.9973E-05
0.993305 0.00629517 9.9964E-05 9.9964E-05 9.9964E-05 9.9964E-05
0.631868 9.9982E-05 9.9982E-05 0.297702 0.0439295 0.0263005
0.945936 0.0166752 9.9973E-05 9.9973E-05 9.9973E-05 0.0370885
0.9995 9.996E-05 9.996E-05 9.996E-05 9.996E-05 9.996E-05
0.628911 9.998E-05 9.998E-05 0.182579 0.0668394 0.121471
