9.996E-05 9.996E-05 9.996E-05 9.996E-05 9.996E-05 0.9995
0.0267418 0.0976303 0.00781376 0.104782 0.232543 0.530489
0.0127392 0.0578728 0.00578495 0.180656 0.222031 0.520917
9.9973E-05 9.9973E-05 0.00613125 9.9973E-05 0.48816 0.505409
0.0882335 9.9982E-05 0.0762194 9.9982E-05 0.522792 0.312555
0.0191214 0.00327781 9.9991E-05 0.0423009 0.506867 0.428333
9.9964E-05 9.9964E-05 9.9964E-05 9.9964E-05 0.43516 0.56444
9.9982E-05 0.00504563 9.9982E-05 0.122177 0.353166 0.519411
9.9982E-05 9.9982E-05 0.0244988 0.0657456 0.447675 0.46188
9.996E-05 9.996E-05 9.996E-05 9.996E-05 9.996E-05 0.9995
9.996E-05 9.996E-05 9.996E-05 9.996E-05 9.996E-05 0.9995
9.996E-05 9.996E-05 9.996E-05 9.996E-05 9.996E-05 0.9995
9.996E-05 9.996E-05 9.996E-05 9.996E-05 9.996E-05 0.9995
0.0351467 9.9964E-05 9.9964E-05 9.9964E-05 9.9964E-05 0.964453
9.996E-05 9.996E-05 9.996E-05 9.996E-05 9.996E-05 0.9995
9.9982E-05 9.9982E-05 0.00624243 0.0481701 0.551426 0.393962
0.0718798 9.9991E-05 0.075046 0.0373909 0.436622 0.378961
9.9973E-05 0.0106898 9.9973E-05 9.9973E-05 0.548595 0.440416
0.0811388 9.9982E-05 0.0372599 9.9982E-05 0.685812 0.195589
0.0915704 9.9973E-05 9.9973E-05 9.9973E-05 0.73352 0.174609
9.9973E-05 9.9973E-05 0.0391878 9.9973E-05 0.641937 0.318575
0.0756938 9.9991E-05 0.00552238 0.0535392 0.652327 0.212818
0.0860415 9.9991E-05 0.0166925 0.035103 0.633895 0.228168
0.0423054 9.9973E-05 9.9973E-05 9.9973E-05 0.687437 0.269958
9.99641E-05 9.99641E-05 9.99641E-05 9.99641E-05 0.745666 0.253934
0.010999 9.9982E-05 0.0486398 9.9982E-05 0.811933 0.128228
0.0526737 9.9991E-05 0.140858 0.0682638 0.547637 0.190467
9.9973E-05 9.9973E-05 9.9973E-05 0.00900537 0.75781 0.232885
0.0171138 9.9991E-05 0.0320895 0.0178772 0.68893 0.24389
9.9964E-05 9.9964E-05 9.9964E-05 9.9964E-05 0.661451 0.338149
0.0654104 9.9982E-05 0.00375855 9.9982E-05 0.631206 0.299425
0.0142887 9.9982E-05 0.0266047 9.9982E-05 0.787539 0.171368
0.0296005 9.9991E-05 0.0222223 0.0653586 0.67296 0.209758
0.0106385 9.9982E-05 9.9982E-05 0.0441136 0.727933 0.217115
0.19677 9.9982E-05 9.9982E-05 0.0365327 0.589398 0.1771
0.0157897 9.9973E-05 9.9973E-05 9.9973E-05 0.637107 0.346803
0.0575914 9.9982E-05 0.0044692 9.9982E-05 0.830412 0.107328
0.0844372 9.9991E-05 0.0432999 0.0502479 0.673252 0.148663
9.9991E-05 0.0311055 0.0750825 0.0432825 0.68879 0.16164
0.0325425 9.9982E-05 0.0572477 9.9982E-05 0.761148 0.148862
9.9991E-05 0.0304959 0.00238202 0.0499337 0.903333 0.0137553
9.9991E-05 0.00789995 0.0450098 0.0430774 0.896227 0.0076861
9.9982E-05 0.00113835 9.9982E-05 0.0864461 0.786227 0.125989
9.9982E-05 9.9982E-05 0.0135324 0.0355684 0.917269 0.0334303
9.9982E-05 9.9982E-05 0.0590433 0.0635025 0.858108 0.0191465
9.9982E-05 9.9982E-05 0.0402309 0.0595101 0.848174 0.0518851
9.9982E-05 9.9982E-05 0.0110594 0.0354391 0.922628 0.0306737
0.0424734 9.9991E-05 0.0356431 0.011452 0.843068 0.0672636
9.9982E-05 9.9982E-05 0.0783943 0.0655173 0.746967 0.108922
0.0209703 9.9991E-05 0.0102607 0.0340972 0.736201 0.198371
9.9982E-05 9.9982E-05 0.0473844 0.061489 0.790153 0.100773
9.9973E-05 9.9973E-05 9.9973E-05 0.044922 0.885053 0.0697249
0.00238163 9.9991E-05 0.0102928 0.043838 0.879449 0.0639386
0.0811166 0.00774176 0.108909 9.9991E-05 0.720277 0.0818552
0.0329768 0.0419752 0.0465731 9.9991E-05 0.770354 0.108021
9.9982E-05 0.000896946 9.9982E-05 0.0911589 0.855019 0.0527256
0.0256698 9.9991E-05 0.0880016 0.0568249 0.681007 0.148397
0.0124849 0.00341979 0.140108 9.9991E-05 0.792129 0.051758
9.9982E-05 9.9982E-05 0.00301423 0.0118026 0.915456 0.0695268
9.9982E-05 9.9982E-05 0.0875623 0.0485371 0.690014 0.173686
9.9973E-05 9.9973E-05 0.0902868 9.9973E-05 0.872097 0.037316
9.99641E-05 9.99641E-05 9.99641E-05 9.99641E-05 0.970182 0.0294185
0.0168964 0.0173934 0.04624 0.0794153 0.783552 0.056503
0.164002 9.9982E-05 0.0113055 0.0311828 0.79331 9.9982E-05
9.9973E-05 9.9973E-05 0.0312261 9.9973E-05 0.908322 0.0601517
0.0702412 9.9991E-05 0.0189454 0.060769 0.82548 0.0244641
9.9973E-05 0.0429485 0.0207451 9.9973E-05 0.936006 9.9973E-05
0.12817 0.0218339 0.0258805 9.9991E-05 0.803407 0.0206081
9.9982E-05 9.9982E-05 0.0536505 0.0339872 0.806954 0.105208
0.036387 9.9973E-05 9.9973E-05 0.0442304 0.919083 9.9973E-05
9.9982E-05 0.0566119 9.9982E-05 0.0635924 0.779978 0.0996181
0.0332044 0.0374679 0.0643219 0.0932535 0.771652 9.9991E-05
0.0301837 9.9991E-05 0.0310929 0.0531161 0.752373 0.133134
9.9982E-05 9.9982E-05 0.0968394 0.0677644 0.738941 0.0962556
0.0705935 9.9991E-05 0.00489514 0.0695397 0.787184 0.0676873
0.0166653 9.9982E-05 0.103759 0.0136583 0.865718 9.9982E-05
9.9982E-05 0.0317612 0.0142213 0.0557923 0.898025 9.9982E-05
0.120754 0.0631301 9.9991E-05 0.0396319 0.730348 0.0460358
0.0878014 0.0967411 0.0631472 0.114745 0.637465 9.9991E-05
0.0900846 0.125059 0.0213007 0.00877867 0.754677 9.9991E-05
0.0179763 0.0889587 0.0760223 0.0631446 0.743479 0.010419
0.0567827 0.154344 0.063259 0.0173876 0.708127 9.9991E-05
0.0650138 0.0991447 0.0111549 0.0518402 0.772746 9.9991E-05
9.9982E-05 0.138048 0.0234104 9.9982E-05 0.834214 0.00412762
0.0140568 0.201119 0.0700399 0.045198 0.66649 0.00309608
0.00421504 0.165574 0.026324 0.120509 0.663568 0.0198107
0.047228 0.059043 0.0570918 0.0779875 0.662006 0.0966438
9.9982E-05 0.127655 0.0462408 9.9982E-05 0.809978 0.0159264
0.0658732 0.0937396 0.0485111 0.0824233 0.709353 9.9991E-05
0.00790464 0.113924 0.129075 0.0989775 0.649647 0.000471892
0.206665 0.121325 9.9991E-05 0.0611381 0.545651 0.0651209
0.157209 0.0910323 9.9991E-05 0.071003 0.64488 0.0357763
9.9991E-05 0.199417 0.192327 0.0877344 0.489248 0.0311737
9.996E-05 0.9995 9.996E-05 9.996E-05 9.996E-05 9.996E-05
0.0180475 0.900037 0.00575146 9.9991E-05 0.069274 0.00679047
0.0427051 0.852739 0.00617802 0.0126284 0.0846716 0.00107793
9.996E-05 0.9995 9.996E-05 9.996E-05 9.996E-05 9.996E-05
9.996E-05 0.9995 9.996E-05 9.996E-05 9.996E-05 9.996E-05
9.996E-05 0.9995 9.996E-05 9.996E-05 9.996E-05 9.996E-05
9.996E-05 0.9995 9.996E-05 9.996E-05 9.996E-05 9.996E-05
9.9982E-05 0.931152 9.9982E-05 0.0176692 0.0356649 0.0153137
9.9964E-05 0.979668 0.0199325 9.9964E-05 9.9964E-05 9.9964E-05
9.996E-05 0.9995 9.996E-05 9.996E-05 9.996E-05 9.996E-05
0.0876588 0.103521 0.0934623 0.0287493 0.686509 9.9991E-05
0.0322338 0.907763 0.0162646 9.9982E-05 0.0435391 9.9982E-05
9.996E-05 0.9995 9.996E-05 9.996E-05 9.996E-05 9.996E-05
9.996E-05 0.9995 9.996E-05 9.996E-05 9.996E-05 9.996E-05
0.0458991 0.13819 0.0640006 0.0330911 0.718719 9.9991E-05
0.0410603 0.129308 0.0783739 0.0564555 0.694702 9.9991E-05
0.0782028 0.10904 0.0400112 0.0998944 0.668118 0.004734
0.0284441 0.155569 0.0609673 0.0878334 0.667087 9.9991E-05
0.0947753 0.112576 0.0364344 0.0410606 0.715054 9.9991E-05
0.14801 0.045241 0.0688245 9.9991E-05 0.734662 0.00316302
0.0875935 0.18027 0.0243176 0.0262412 0.681478 9.9991E-05
0.121439 0.145715 0.040233 9.9982E-05 0.692413 9.9982E-05
0.113583 0.219731 0.070631 0.0404403 0.555515 9.9991E-05
0.122432 0.210036 0.0419301 0.0304627 0.595039 9.9991E-05
0.106159 0.123119 0.0950535 0.0387721 0.636797 9.9991E-05
0.165777 0.186617 0.0483606 0.024246 0.5749 9.9991E-05
0.103223 0.0602033 0.0676387 0.063391 0.705444 9.9991E-05
0.0621344 0.126373 0.099081 0.0641642 0.648148 9.9991E-05
0.0217431 0.0332661 9.9982E-05 0.00631426 0.938477 9.9982E-05
0.00650615 0.0521339 0.0562684 9.9982E-05 0.884892 9.9982E-05
9.9964E-05 0.0215409 9.9964E-05 9.9964E-05 0.978059 9.9964E-05
9.9964E-05 0.0160837 9.9964E-05 9.9964E-05 0.983516 9.9964E-05
9.9964E-05 0.0458102 9.9964E-05 9.9964E-05 0.95379 9.9964E-05
9.9964E-05 0.0369383 9.9964E-05 9.9964E-05 0.962662 9.9964E-05
9.9964E-05 0.0348846 9.9964E-05 9.9964E-05 0.964716 9.9964E-05
0.098942 0.0411029 9.9982E-05 9.9982E-05 0.844496 0.0152589
9.996E-05 9.996E-05 9.996E-05 9.996E-05 0.9995 9.996E-05
9.9964E-05 0.0216405 9.9964E-05 9.9964E-05 0.97796 9.9964E-05
0.0758057 0.0895684 9.9982E-05 0.00235733 0.832069 9.9982E-05
9.9964E-05 0.0510089 9.9964E-05 9.9964E-05 0.948591 9.9964E-05
0.0138217 0.0864748 9.9982E-05 0.113113 0.78639 9.9982E-05
9.996E-05 9.996E-05 9.996E-05 0.9995 9.996E-05 9.996E-05
0.0577081 0.195459 0.0646937 0.069403 0.612636 9.9991E-05
9.996E-05 9.996E-05 9.996E-05 0.9995 9.996E-05 9.996E-05
9.996E-05 9.996E-05 9.996E-05 0.9995 9.996E-05 9.996E-05
0.0683177 0.0446196 9.9973E-05 0.886763 9.9973E-05 9.9973E-05
9.9982E-05 0.0417772 0.00343918 0.818868 0.135715 9.9982E-05
9.996E-05 9.996E-05 9.996E-05 0.9995 9.996E-05 9.996E-05
0.01827 9.9991E-05 0.0224804 0.91403 0.0178725 0.0272475
9.996E-05 9.996E-05 9.996E-05 0.9995 9.996E-05 9.996E-05
9.9982E-05 0.00520501 0.000550883 0.948661 0.0453835 9.9982E-05
9.996E-05 9.996E-05 9.996E-05 0.9995 9.996E-05 9.996E-05
9.9964E-05 9.9964E-05 9.9964E-05 0.964276 0.0353239 9.9964E-05
9.9964E-05 9.9964E-05 9.9964E-05 0.948683 0.0509171 9.9964E-05
0.0242858 0.0311844 0.0357252 0.802966 0.105739 9.9991E-05
0.0341528 9.9982E-05 0.0303605 0.923084 9.9982E-05 0.012203
0.0403258 0.0290196 9.9991E-05 0.904954 0.0235499 0.00205083
0.0285683 9.9991E-05 0.0571979 0.882427 0.0213512 0.0103552
0.0398923 0.0151002 0.0326303 0.899524 9.9991E-05 0.0127535
9.9973E-05 0.0167701 9.9973E-05 0.960149 0.0227815 9.9973E-05
0.132612 0.0892294 0.267328 0.059186 0.42942 0.0222239
0.142332 0.0795575 0.317902 0.0326289 0.386407 0.0411735
0.121329 0.0990331 0.345085 0.0811182 0.321397 0.0320375
0.150106 0.0666586 0.31814 0.0822403 0.342952 0.0399027
0.896409 9.9991E-05 0.04537 0.014113 0.0328155 0.0111925
0.9995 9.996E-05 9.996E-05 9.996E-05 9.996E-05 9.996E-05
0.982291 0.00309724 9.9973E-05 9.9973E-05 0.0143116 9.9973E-05
0.9995 9.996E-05 9.996E-05 9.996E-05 9.996E-05 9.996E-05
0.972755 0.00338675 0.010392 0.0132659 9.9982E-05 9.9982E-05
0.944237 0.0213107 0.0264186 0.0078337 9.9982E-05 9.9982E-05
0.935286 0.0278356 0.0164615 0.0139867 0.00633071 9.9991E-05
0.725251 0.0132605 0.0468583 0.0549588 0.138436 0.0212353
0.797066 9.9982E-05 9.9982E-05 0.0182325 0.154868 0.0296334
9.9964E-05 9.9964E-05 0.979293 9.9964E-05 0.0203074 9.9964E-05
9.996E-05 9.996E-05 0.9995 9.996E-05 9.996E-05 9.996E-05
9.996E-05 9.996E-05 0.9995 9.996E-05 9.996E-05 9.996E-05
9.996E-05 9.996E-05 0.9995 9.996E-05 9.996E-05 9.996E-05
9.996E-05 9.996E-05 0.9995 9.996E-05 9.996E-05 9.996E-05
0.0716215 0.0256134 0.863156 0.0264783 0.0125678 0.000562605
9.996E-05 9.996E-05 0.9995 9.996E-05 9.996E-05 9.996E-05
9.996E-05 9.996E-05 0.9995 9.996E-05 9.996E-05 9.996E-05
9.996E-05 9.996E-05 0.9995 9.996E-05 9.996E-05 9.996E-05
9.9973E-05 9.9973E-05 0.950119 9.9973E-05 0.0465835 0.00299804
9.996E-05 9.996E-05 0.9995 9.996E-05 9.996E-05 9.996E-05
9.9964E-05 0.00434889 0.995251 9.9964E-05 9.9964E-05 9.9964E-05
