0.9995 9.996E-05 9.996E-05 9.996E-05 9.996E-05 9.996E-05
0.546884 9.9991E-05 0.112745 0.0222498 0.105802 0.212218
0.549835 9.9982E-05 0.184244 9.9982E-05 0.0964189 0.169302
0.495911 0.00270522 9.9982E-05 9.9982E-05 0.000203107 0.50098
0.326956 0.0712492 9.9982E-05 0.0441754 9.9982E-05 0.557419
0.395807 0.0436903 0.094998 9.9991E-05 0.0035522 0.461852
0.595517 9.9973E-05 0.0341495 9.9973E-05 9.9973E-05 0.370033
0.518954 9.9982E-05 0.0833237 9.9982E-05 0.043061 0.354461
0.479971 9.9991E-05 0.0605802 0.0438246 0.0126839 0.40284
0.9995 9.996E-05 9.996E-05 9.996E-05 9.996E-05 9.996E-05
0.9995 9.996E-05 9.996E-05 9.996E-05 9.996E-05 9.996E-05
0.9995 9.996E-05 9.996E-05 9.996E-05 9.996E-05 9.996E-05
0.9995 9.996E-05 9.996E-05 9.996E-05 9.996E-05 9.996E-05
0.948709 0.0491149 9.9973E-05 0.00187653 9.9973E-05 9.9973E-05
0.994787 9.9964E-05 0.00481333 9.9964E-05 9.9964E-05 9.9964E-05
0.356385 9.9982E-05 0.0824123 0.0551303 9.9982E-05 0.505872
0.34942 0.0860528 0.0758698 0.047551 0.0706543 0.370452
0.420041 9.9982E-05 0.00690256 9.9982E-05 0.00610283 0.566754
0.219008 0.0758778 9.9982E-05 0.0331004 9.9982E-05 0.671814
0.154923 0.0553362 9.9973E-05 9.9973E-05 9.9973E-05 0.789441
0.326003 9.99768E-05 9.99768E-05 0.0507171 9.99768E-05 0.62298
0.204324 0.0667216 0.0416078 9.9982E-05 9.9982E-05 0.687147
0.20321 0.0861741 0.0318056 9.9982E-05 9.9982E-05 0.67861
0.298445 0.033328 0.0270172 9.9982E-05 9.9982E-05 0.64101
0.225725 9.9973E-05 9.9973E-05 0.0165065 9.9973E-05 0.757468
0.183761 9.9982E-05 0.00736168 0.0290132 9.9982E-05 0.779664
0.192473 0.0134001 0.0556021 0.128786 9.9991E-05 0.609639
0.274759 9.99641E-05 9.99641E-05 9.99641E-05 9.99641E-05 0.724841
0.261442 0.0335797 9.9982E-05 0.0329658 9.9982E-05 0.671812
0.35095 9.9964E-05 9.9964E-05 9.9964E-05 9.9964E-05 0.64865
0.309499 0.0596663 9.9973E-05 9.9973E-05 9.9973E-05 0.630535
0.219613 0.00376001 9.9982E-05 0.0367303 9.9982E-05 0.739697
0.200901 0.0232607 0.0409719 0.0935344 9.9991E-05 0.641232
0.222793 0.00809744 0.0769843 0.0161078 9.9991E-05 0.675918
0.229109 0.160121 0.00533266 9.9982E-05 9.9982E-05 0.605237
0.345899 0.0454258 9.9973E-05 9.9973E-05 9.9973E-05 0.608375
0.144305 0.0310152 0.0347616 9.9982E-05 9.9982E-05 0.789719
0.156209 0.0835257 0.0166053 0.0789061 9.9991E-05 0.664654
0.192833 9.9991E-05 0.0577088 0.116781 0.0205319 0.612045
0.147633 0.0232014 9.9991E-05 0.041234 0.0285106 0.759322
0.0211758 9.9991E-05 0.0565678 0.0261918 0.0302634 0.865701
0.0419757 9.9982E-05 0.084638 0.0617827 9.9982E-05 0.811404
0.128672 9.9982E-05 0.0732446 9.9982E-05 0.0563086 0.741575
0.0176624 9.9991E-05 0.0419835 0.0174952 0.0238854 0.898874
0.0356315 9.9982E-05 0.0755537 0.0719036 9.9982E-05 0.816711
0.0772201 9.9982E-05 0.0298343 0.0358051 9.9982E-05 0.85694
0.0491239 9.9982E-05 0.0353153 0.00901378 9.9982E-05 0.906347
0.0887304 0.0270731 0.0253599 0.0226825 9.9991E-05 0.836054
0.136286 9.9982E-05 0.0127756 0.0936806 9.9982E-05 0.757058
0.218113 9.9991E-05 0.00390971 0.0154905 0.0158247 0.746562
0.115059 9.9991E-05 0.0635565 0.0529918 0.0242496 0.744043
0.0499208 9.9982E-05 0.0721371 0.0212849 9.9982E-05 0.856457
0.0455866 9.9982E-05 0.0446078 0.0817788 9.9982E-05 0.827827
0.0904435 0.107742 0.00454825 0.0228836 0.00367374 0.770708
0.0925499 0.0464194 0.018617 9.9982E-05 9.9982E-05 0.842214
0.0609763 9.9982E-05 0.111806 9.9982E-05 0.00236053 0.824657
0.143647 9.9991E-05 0.0772873 0.0837902 0.0127454 0.682431
0.0574844 0.0414204 9.9982E-05 0.128669 9.9982E-05 0.772226
0.0570855 9.9973E-05 0.0647984 9.9973E-05 9.9973E-05 0.877816
0.101895 9.9982E-05 0.022569 0.082495 9.9982E-05 0.792841
0.0580651 0.0293533 0.000939869 0.122565 9.9991E-05 0.788977
0.0414913 0.0054283 9.9982E-05 9.9982E-05 0.0234874 0.929393
0.0360691 0.0269523 0.0784224 0.0450613 0.047098 0.766397
0.00466527 0.0598677 0.0920881 0.0401663 9.9991E-05 0.803113
0.0655181 9.9973E-05 9.9973E-05 0.0232876 9.9973E-05 0.910894
0.0243635 0.0943553 0.0901621 0.0302736 0.00465039 0.756195
9.9973E-05 9.9973E-05 0.00808074 9.9973E-05 0.0815261 0.910093
0.0452448 0.119552 0.0984727 0.0605199 9.9991E-05 0.67611
0.0816454 0.0207024 0.0265623 0.0344892 0.000833561 0.835767
9.9973E-05 0.0929928 0.0741679 9.9973E-05 9.9973E-05 0.832539
0.086587 9.9982E-05 0.101767 9.9982E-05 0.0108972 0.800549
9.9982E-05 9.9982E-05 0.0386172 0.0268759 0.0536495 0.880657
0.120893 9.9982E-05 0.0523423 0.0952311 9.9982E-05 0.731334
0.0954588 9.9982E-05 0.00805874 0.0837166 9.9982E-05 0.812566
0.0505415 0.0148549 0.00373337 0.0160934 9.9991E-05 0.914677
0.028982 0.0123803 0.00397397 0.104286 0.013146 0.837232
9.9991E-05 0.00115733 0.0451725 0.012726 0.0266772 0.914167
0.0625896 0.127783 0.0284581 9.9991E-05 0.160139 0.62093
0.00817146 0.0516816 0.0503582 0.0899806 0.0808946 0.718914
9.9991E-05 0.0742082 0.00676806 0.0559932 0.110388 0.752543
9.9991E-05 0.0470782 0.0247755 0.0872257 0.0692288 0.771592
9.9991E-05 0.0651075 0.0225751 0.030294 0.113596 0.768327
9.9991E-05 0.0345637 0.0689588 0.0686497 0.0702725 0.757455
0.0497531 9.9991E-05 0.00745554 0.0541948 0.20996 0.678537
0.00925466 0.073105 0.0456816 0.0413977 0.152539 0.678022
0.0388651 0.0309142 0.131088 0.00888477 0.160817 0.629431
0.0674186 0.0178774 0.0849626 0.0491105 0.0900444 0.690587
0.00996979 9.9982E-05 9.9982E-05 0.0942256 0.128141 0.767464
0.0223125 0.0669795 0.0798413 0.0357297 0.119108 0.676029
9.9991E-05 0.00419767 0.0939299 0.133466 0.149036 0.619271
0.0675902 0.19114 0.0671587 9.9991E-05 0.10246 0.571551
0.0698834 0.177018 0.0538572 9.9991E-05 0.0790843 0.620057
0.0459234 9.9991E-05 0.059905 0.169002 0.19696 0.52811
9.9964E-05 9.9964E-05 0.0109807 9.9964E-05 0.988619 9.9964E-05
0.0236828 9.9973E-05 9.9973E-05 9.9973E-05 0.973577 0.00244051
0.0184544 0.0357565 9.9991E-05 0.0277614 0.884828 0.0330999
9.996E-05 9.996E-05 9.996E-05 9.996E-05 0.9995 9.996E-05
9.996E-05 9.996E-05 9.996E-05 9.996E-05 0.9995 9.996E-05
9.996E-05 9.996E-05 9.996E-05 9.996E-05 0.9995 9.996E-05
9.996E-05 9.996E-05 9.996E-05 9.996E-05 0.9995 9.996E-05
0.041814 0.0366184 0.0213832 0.0194256 0.880659 9.9991E-05
9.996E-05 9.996E-05 9.996E-05 9.996E-05 0.9995 9.996E-05
9.996E-05 9.996E-05 9.996E-05 9.996E-05 0.9995 9.996E-05
9.9991E-05 0.0605487 0.061837 0.101747 0.0884364 0.687331
9.9991E-05 0.0122928 0.00708911 0.0183341 0.921838 0.0403464
9.9973E-05 9.9973E-05 0.0102234 0.00609321 0.983383 9.9973E-05
9.9964E-05 9.9964E-05 9.9964E-05 9.9964E-05 0.951623 0.0479772
9.9991E-05 0.0441794 0.0142049 0.129316 0.133243 0.678956
9.9991E-05 0.0493556 0.0491851 0.0912241 0.109833 0.700302
9.9991E-05 0.0659217 0.0334092 0.0899631 0.132686 0.67792
9.9991E-05 0.0187599 0.0571125 0.0770944 0.152673 0.69426
9.9991E-05 0.064351 0.0149227 0.0713955 0.10216 0.747071
9.9991E-05 0.161354 0.00418243 0.0563992 0.0769052 0.701059
9.9991E-05 0.124014 0.0572524 0.0112472 0.138972 0.668414
9.9982E-05 0.133699 9.9982E-05 0.0277868 0.101997 0.736318
9.9991E-05 0.113152 0.0650599 0.0359682 0.242237 0.543484
9.9991E-05 0.161367 0.0705826 0.0235225 0.197424 0.547004
9.9991E-05 0.0714548 0.0775335 0.064745 0.136095 0.650071
9.9991E-05 0.17397 0.0432606 0.0517499 0.198535 0.532384
9.9991E-05 0.0930755 0.0964825 0.0883177 0.0567857 0.665239
9.9991E-05 0.0283281 0.051036 0.0712581 0.157927 0.691351
9.9973E-05 0.00891398 9.9973E-05 9.9973E-05 0.0430859 0.9477
9.9982E-05 0.0264388 9.9982E-05 0.0465526 0.0517223 0.875086
9.996E-05 9.996E-05 9.996E-05 9.996E-05 9.996E-05 0.9995
9.996E-05 9.996E-05 9.996E-05 9.996E-05 9.996E-05 0.9995
9.9964E-05 9.9964E-05 9.9964E-05 9.9964E-05 0.0262589 0.973341
9.9964E-05 9.9964E-05 9.9964E-05 9.9964E-05 0.0500326 0.949568
9.996E-05 9.996E-05 9.996E-05 9.996E-05 9.996E-05 0.9995
9.9964E-05 0.0834812 9.9964E-05 9.9964E-05 9.9964E-05 0.916119
9.996E-05 9.996E-05 9.996E-05 9.996E-05 9.996E-05 0.9995
9.9964E-05 9.9964E-05 9.9964E-05 9.9964E-05 0.0144727 0.985127
9.9982E-05 0.0728194 0.0297039 9.9982E-05 0.0833646 0.813912
9.9973E-05 9.9973E-05 9.9973E-05 0.00918885 0.0266683 0.963843
9.9991E-05 0.0649797 0.0800975 0.0692146 0.0191111 0.766497
9.996E-05 9.996E-05 0.9995 9.996E-05 9.996E-05 9.996E-05
9.9991E-05 0.0455597 0.0781616 0.0354315 0.174917 0.66583
9.996E-05 9.996E-05 0.9995 9.996E-05 9.996E-05 9.996E-05
9.996E-05 9.996E-05 0.9995 9.996E-05 9.996E-05 9.996E-05
9.9973E-05 0.0360543 0.96011 9.9973E-05 0.00353551 9.9973E-05
9.9982E-05 0.0092005 0.768225 0.0231355 9.9982E-05 0.199239
9.996E-05 9.996E-05 0.9995 9.996E-05 9.996E-05 9.996E-05
0.00387481 0.0343797 0.881968 9.9982E-05 9.9982E-05 0.0795775
9.9964E-05 0.00627355 0.993327 9.9964E-05 9.9964E-05 9.9964E-05
9.9964E-05 9.9964E-05 0.916296 9.9964E-05 9.9964E-05 0.0833039
9.996E-05 9.996E-05 0.9995 9.996E-05 9.996E-05 9.996E-05
9.9982E-05 0.011461 0.967659 9.9982E-05 0.0087905 0.0118893
9.9964E-05 9.9964E-05 0.976235 9.9964E-05 9.9964E-05 0.0233649
9.9982E-05 9.9982E-05 0.821878 0.0896379 0.0494977 0.0387865
0.018981 0.0224922 0.958227 9.9973E-05 9.9973E-05 9.9973E-05
0.00319488 0.0413199 0.841522 0.00309086 0.00124746 0.109625
9.9991E-05 0.0339663 0.906175 0.0360569 0.00474743 0.0189547
0.020665 9.9991E-05 0.875994 0.0579305 0.0151724 0.0301385
9.9982E-05 0.00812432 0.941131 9.9982E-05 0.00944853 0.0410963
0.0237041 0.130651 0.0398485 0.346505 0.0814719 0.37782
0.0320657 0.118414 0.0558976 0.317125 0.0737484 0.402749
0.0386597 0.12686 0.0788045 0.350557 0.0926735 0.312445
0.0445219 0.141075 0.0814135 0.290381 0.0754806 0.367128
0.0310274 0.955891 9.9973E-05 0.0127819 9.9973E-05 9.9973E-05
9.996E-05 0.9995 9.996E-05 9.996E-05 9.996E-05 9.996E-05
9.996E-05 0.9995 9.996E-05 9.996E-05 9.996E-05 9.996E-05
9.996E-05 0.9995 9.996E-05 9.996E-05 9.996E-05 9.996E-05
9.9973E-05 0.980272 9.9973E-05 0.000166934 0.0192609 9.9973E-05
9.9991E-05 0.948353 0.00964015 0.000465687 0.0176984 0.0237424
0.00966185 0.885658 0.0213777 0.0395393 0.0130792 0.0306838
0.0423547 0.744198 9.9991E-05 0.0872973 0.00351333 0.122537
9.9982E-05 0.838492 0.00331096 0.0145527 9.9982E-05 0.143444
9.996E-05 9.996E-05 9.996E-05 0.9995 9.996E-05 9.996E-05
9.996E-05 9.996E-05 9.996E-05 0.9995 9.996E-05 9.996E-05
9.996E-05 9.996E-05 9.996E-05 0.9995 9.996E-05 9.996E-05
9.996E-05 9.996E-05 9.996E-05 0.9995 9.996E-05 9.996E-05
9.996E-05 9.996E-05 9.996E-05 0.9995 9.996E-05 9.996E-05
0.00233238 0.0246031 9.9982E-05 0.915185 9.9982E-05 0.0576798
9.996E-05 9.996E-05 9.996E-05 0.9995 9.996E-05 9.996E-05
9.996E-05 9.996E-05 9.996E-05 0.9995 9.996E-05 9.996E-05
9.9964E-05 9.9964E-05 0.00317802 0.996422 9.9964E-05 9.9964E-05
9.9973E-05 9.9973E-05 0.00584284 0.989751 0.00410606 9.9973E-05
9.996E-05 9.996E-05 9.996E-05 0.9995 9.996E-05 9.996E-05
9.996E-05 9.996E-05 9.996E-05 0.9995 9.996E-05 9.996E-05
