9.996E-05 9.996E-05 9.996E-05 9.996E-05 9.996E-05 0.9995
9.9982E-05 0.452094 9.9982E-05 0.0841147 0.0972922 0.366299
9.9982E-05 0.451839 9.9982E-05 0.151632 0.0518199 0.34451
9.9964E-05 0.713611 9.9964E-05 9.9964E-05 9.9964E-05 0.285989
0.0111581 0.82226 9.9973E-05 9.9973E-05 9.9973E-05 0.166282
9.9964E-05 0.812664 9.9964E-05 9.9964E-05 9.9964E-05 0.186936
9.9964E-05 0.625359 9.9964E-05 9.9964E-05 9.9964E-05 0.374241
9.9982E-05 0.593244 9.9982E-05 0.0624672 0.00296488 0.341124
0.0240513 0.715509 9.9982E-05 0.0412016 9.9982E-05 0.219038
9.996E-05 9.996E-05 9.996E-05 9.996E-05 9.996E-05 0.9995
9.996E-05 9.996E-05 9.996E-05 9.996E-05 9.996E-05 0.9995
9.996E-05 9.996E-05 9.996E-05 9.996E-05 9.996E-05 0.9995
9.996E-05 9.996E-05 9.996E-05 9.996E-05 9.996E-05 0.9995
0.0420692 0.0342243 9.9973E-05 9.9973E-05 9.9973E-05 0.923407
9.9964E-05 9.9964E-05 0.010031 9.9964E-05 9.9964E-05 0.989569
9.9973E-05 0.775538 9.9973E-05 0.0210302 9.9973E-05 0.203132
0.0737696 0.528639 0.0572708 0.0676452 0.0303564 0.242319
9.9964E-05 0.70587 9.9964E-05 9.9964E-05 9.9964E-05 0.293731
0.00328702 0.996313 9.9964E-05 9.9964E-05 9.9964E-05 9.9964E-05
9.996E-05 0.9995 9.996E-05 9.996E-05 9.996E-05 9.996E-05
9.9964E-05 0.92085 9.9964E-05 9.9964E-05 9.9964E-05 0.0787505
9.9973E-05 0.976141 9.9973E-05 0.019812 9.9973E-05 0.00374747
0.00326535 0.969018 9.9982E-05 0.00234542 9.9982E-05 0.0251715
9.9964E-05 0.935551 9.9964E-05 9.9964E-05 9.9964E-05 0.0640496
9.9964E-05 0.945728 9.9964E-05 9.9964E-05 9.9964E-05 0.0538717
0.0306741 0.937085 0.0178449 9.9982E-05 9.9982E-05 0.0141959
0.0701563 0.87628 9.9982E-05 0.0185677 9.9982E-05 0.0347965
9.9964E-05 0.942046 9.9964E-05 9.9964E-05 9.9964E-05 0.0575543
9.9964E-05 0.900898 9.9964E-05 9.9964E-05 9.9964E-05 0.098702
9.9964E-05 0.896778 9.9964E-05 9.9964E-05 9.9964E-05 0.102822
9.9964E-05 0.906302 9.9964E-05 9.9964E-05 9.9964E-05 0.093298
0.0468251 0.919036 9.9973E-05 9.9973E-05 9.9973E-05 0.0338387
9.9982E-05 0.939254 9.9982E-05 0.018506 0.00914461 0.0328958
9.9991E-05 0.767856 0.0641203 0.0735013 0.00932616 0.0850965
0.00388244 0.975482 9.9982E-05 0.0184854 9.9982E-05 0.00195054
9.9964E-05 0.878713 9.9964E-05 9.9964E-05 9.9964E-05 0.120887
9.996E-05 0.9995 9.996E-05 9.996E-05 9.996E-05 9.996E-05
0.0961817 0.81678 9.9991E-05 0.0525583 0.00977214 0.0246083
0.114596 0.786473 9.9991E-05 0.0388147 0.0410644 0.0189515
0.0258955 0.890686 0.0100738 9.9991E-05 0.018604 0.0546402
0.0412878 0.662083 0.15008 0.0849772 0.0614712 9.9991E-05
0.126926 0.663983 0.0809552 0.0875349 0.0378811 0.00272067
9.9991E-05 0.682671 0.129125 0.0888155 0.0389363 0.0603522
0.0909555 0.68818 0.0671137 0.0955846 0.0580663 9.9991E-05
0.098941 0.71865 0.0675434 0.114666 9.9982E-05 9.9982E-05
0.0337009 0.906475 0.0133003 0.0463241 9.9982E-05 9.9982E-05
0.0493666 0.878868 0.0453178 0.0262478 9.9982E-05 9.9982E-05
0.0844998 0.823826 0.0558103 0.0356638 9.9982E-05 9.9982E-05
0.0863424 0.690519 0.134836 0.0434249 9.9991E-05 0.044778
0.0123826 0.682753 0.0612648 0.0677113 0.069731 0.106158
0.0625275 0.80711 0.0189416 0.0571756 0.0344234 0.0198216
0.0423198 0.822206 0.0706657 0.0646086 9.9982E-05 9.9982E-05
0.0648981 0.827071 0.0391973 0.068634 9.9982E-05 9.9982E-05
0.142885 0.653854 0.108765 9.9991E-05 0.0700648 0.0243317
0.0565558 0.696186 0.123606 9.9991E-05 0.0721966 0.0513558
0.00727377 0.740275 0.139669 0.110093 0.00258819 9.9991E-05
0.155606 0.581851 0.0332608 0.121427 0.0208274 0.0870284
0.12856 0.711141 0.0929739 9.9982E-05 0.0671251 9.9982E-05
0.0536491 0.866091 9.9973E-05 0.07996 9.9973E-05 9.9973E-05
0.130632 0.754974 0.0257292 0.0484206 0.0299021 0.0103426
0.12079 0.747089 0.131822 9.9973E-05 9.9973E-05 9.9973E-05
0.00440754 0.724236 0.221998 9.9982E-05 0.0491586 9.9982E-05
0.0845419 0.67659 0.0655859 0.0783203 0.0948619 9.9991E-05
0.132113 0.627884 0.107976 0.0921252 0.0398022 9.9991E-05
0.0450459 0.814783 0.128714 9.9982E-05 0.0112575 9.9982E-05
0.0679759 0.684454 0.100453 0.129337 0.0176801 9.9991E-05
0.0731236 0.697634 0.119933 0.0361262 0.0730831 9.9991E-05
0.0678126 0.637669 0.150696 0.0786568 0.0534307 0.0117349
0.0571977 0.877084 0.0238909 0.041627 9.9982E-05 9.9982E-05
0.0097473 0.656104 0.177321 0.118835 0.0378934 9.9991E-05
9.9991E-05 0.7567 0.0755975 0.0655288 0.0717187 0.0303546
0.0405904 0.708702 0.107988 0.0849682 0.0576521 9.9991E-05
0.0842115 0.781247 0.0609856 0.0354493 9.9991E-05 0.0380064
0.0898869 0.742153 0.053805 0.0437158 0.0334887 0.0369504
0.0959215 0.614337 0.200926 0.0527894 0.00894768 0.0270777
0.166253 0.681569 0.0856386 0.0125891 0.0538502 9.9991E-05
0.0637796 0.766938 0.0373086 0.0793121 0.0525618 9.9991E-05
0.108333 0.592694 0.0809641 0.0509169 0.166993 9.9991E-05
0.135347 0.477687 0.171152 0.0849403 0.130774 9.9991E-05
0.135616 0.46247 0.163247 0.0626222 0.175945 9.9991E-05
0.172197 0.397538 0.179268 0.134936 0.115961 9.9991E-05
0.133936 0.466653 0.158851 0.0507225 0.189738 9.9991E-05
0.0928631 0.55066 0.164768 0.0570052 0.134604 9.9991E-05
0.130266 0.550512 0.16286 0.0376771 0.118585 9.9991E-05
0.128912 0.449239 0.105379 0.0262083 0.262203 0.0280579
0.0547492 0.4771 0.157775 0.126811 0.183465 9.9991E-05
0.0807566 0.510683 0.168647 0.0883354 0.11293 0.0386477
0.0932787 0.567959 0.185156 9.9991E-05 0.149216 0.0042902
0.164517 0.452275 0.141647 0.0570819 0.184379 9.9991E-05
0.189124 0.384515 0.192165 0.095797 0.138299 9.9991E-05
0.0728524 0.523005 0.114683 0.0937999 0.170872 0.0247879
0.075761 0.520454 0.142062 0.103384 0.15824 9.9991E-05
0.193969 0.358348 0.0996024 0.0918338 0.23295 0.0232972
9.996E-05 9.996E-05 9.996E-05 9.996E-05 0.9995 9.996E-05
9.9973E-05 9.9973E-05 9.9973E-05 0.0213874 0.975613 0.00269949
9.9991E-05 0.0630975 0.0252828 0.0327647 0.855951 0.0228036
9.996E-05 9.996E-05 9.996E-05 9.996E-05 0.9995 9.996E-05
9.996E-05 9.996E-05 9.996E-05 9.996E-05 0.9995 9.996E-05
9.996E-05 9.996E-05 9.996E-05 9.996E-05 0.9995 9.996E-05
9.996E-05 9.996E-05 9.996E-05 9.996E-05 0.9995 9.996E-05
9.9964E-05 0.0651692 9.9964E-05 9.9964E-05 0.934431 9.9964E-05
9.996E-05 9.996E-05 9.996E-05 9.996E-05 0.9995 9.996E-05
9.996E-05 9.996E-05 9.996E-05 9.996E-05 0.9995 9.996E-05
0.175948 0.300615 0.274768 0.0965933 0.151975 9.9991E-05
0.0534833 0.013325 0.0292435 0.0185655 0.885283 9.9991E-05
9.9964E-05 9.9964E-05 9.9964E-05 0.00614036 0.99346 9.9964E-05
9.9964E-05 9.9964E-05 9.9964E-05 0.0199587 0.979641 9.9964E-05
0.181529 0.304475 0.278683 0.0719454 0.163268 9.9991E-05
0.120984 0.272196 0.291586 0.116179 0.198955 9.9991E-05
0.180216 0.311569 0.257865 0.0947573 0.155493 9.9991E-05
0.159378 0.274556 0.25481 0.0891491 0.222007 9.9991E-05
0.127759 0.336425 0.256417 0.0622452 0.217054 9.9991E-05
0.147322 0.466128 0.204685 0.0621051 0.11966 9.9991E-05
0.114183 0.363054 0.231033 0.0521896 0.23944 9.9991E-05
0.159845 0.323196 0.304361 0.00622112 0.206278 9.9991E-05
0.129652 0.295442 0.166203 0.109069 0.299534 9.9991E-05
0.112465 0.349621 0.188769 0.0677518 0.281293 9.9991E-05
0.171425 0.426574 0.173724 0.0599043 0.168272 9.9991E-05
0.157015 0.332018 0.15209 0.0690736 0.289704 9.9991E-05
0.217328 0.286979 0.249348 0.100814 0.127755 0.0177759
0.120477 0.368414 0.266177 0.0714632 0.173369 9.9991E-05
9.9991E-05 0.00516678 0.942072 0.0173479 0.0331917 0.0021213
0.067527 9.9982E-05 0.903063 9.9982E-05 0.0154287 0.0137815
9.996E-05 9.996E-05 0.9995 9.996E-05 9.996E-05 9.996E-05
9.996E-05 9.996E-05 0.9995 9.996E-05 9.996E-05 9.996E-05
9.996E-05 9.996E-05 0.9995 9.996E-05 9.996E-05 9.996E-05
9.996E-05 9.996E-05 0.9995 9.996E-05 9.996E-05 9.996E-05
9.996E-05 9.996E-05 0.9995 9.996E-05 9.996E-05 9.996E-05
0.0519533 0.0914349 0.79628 9.9991E-05 0.0172942 0.0429373
9.996E-05 9.996E-05 0.9995 9.996E-05 9.996E-05 9.996E-05
9.996E-05 9.996E-05 0.9995 9.996E-05 9.996E-05 9.996E-05
9.9973E-05 9.9973E-05 0.936272 9.9973E-05 0.0250921 0.0383357
9.996E-05 9.996E-05 0.9995 9.996E-05 9.996E-05 9.996E-05
0.0155971 0.128586 0.719142 0.111999 0.0245754 9.9991E-05
9.996E-05 9.996E-05 9.996E-05 0.9995 9.996E-05 9.996E-05
0.102189 0.327357 0.234502 0.127587 0.208265 9.9991E-05
9.996E-05 9.996E-05 9.996E-05 0.9995 9.996E-05 9.996E-05
9.996E-05 9.996E-05 9.996E-05 0.9995 9.996E-05 9.996E-05
0.0190809 9.9982E-05 0.0132463 0.913812 0.0536606 9.9982E-05
0.0204373 0.144695 0.030367 0.8043 9.9982E-05 9.9982E-05
9.996E-05 9.996E-05 9.996E-05 0.9995 9.996E-05 9.996E-05
9.9973E-05 0.0980339 0.0149549 0.886711 9.9973E-05 9.9973E-05
9.9964E-05 9.9964E-05 9.9964E-05 0.998604 0.000995726 9.9964E-05
9.9973E-05 0.0338461 0.00836569 0.957488 9.9973E-05 9.9973E-05
9.9964E-05 9.9964E-05 9.9964E-05 0.994094 9.9964E-05 0.00550581
9.9973E-05 0.0068455 9.9973E-05 0.987466 0.00538881 9.9973E-05
0.0127559 0.0168022 0.0343566 0.935885 9.9982E-05 9.9982E-05
0.0640204 0.0625039 0.0365024 0.782524 0.0543497 9.9991E-05
9.9973E-05 9.9973E-05 9.9973E-05 0.982704 0.0146933 0.00230282
0.0235848 0.0542832 0.0640314 0.839204 0.0181599 0.000736833
0.0630335 9.9973E-05 0.0489122 0.887754 9.9973E-05 9.9973E-05
0.0598426 0.0298007 0.0138155 0.876734 0.016504 0.00330302
0.00574058 9.9982E-05 0.0114657 0.974817 0.0077767 9.9982E-05
0.39548 0.253765 0.0977405 0.0917824 0.12565 0.0355818
0.361134 0.311645 0.098447 0.065015 0.136237 0.0275217
0.432623 0.271041 0.0483238 0.103856 0.102525 0.0416306
0.362118 0.291794 0.0915752 0.0879189 0.113321 0.0532716
0.477062 0.131729 0.0818978 0.0965471 0.212665 9.9991E-05
0.644645 9.99821E-05 0.0191925 0.0996191 0.236343 9.99821E-05
0.521201 0.0949511 0.0446696 0.121553 0.217525 9.9991E-05
0.592667 0.0617126 0.023877 0.0901111 0.231532 9.9991E-05
0.552352 0.0639396 0.0380288 0.114179 0.231401 9.9991E-05
0.538143 0.122166 0.0297513 0.0908882 0.218951 9.9991E-05
0.541887 0.100856 0.0336321 0.0958031 0.227722 9.9991E-05
0.406989 0.259793 0.0420948 0.151833 0.13919 9.9991E-05
0.454526 0.2704 0.00963126 0.0993923 0.16595 9.9991E-05
0.9995 9.996E-05 9.996E-05 9.996E-05 9.996E-05 9.996E-05
0.9995 9.996E-05 9.996E-05 9.996E-05 9.996E-05 9.996E-05
0.9995 9.996E-05 9.996E-05 9.996E-05 9.996E-05 9.996E-05
0.9995 9.996E-05 9.996E-05 9.996E-05 9.996E-05 9.996E-05
0.9995 9.996E-05 9.996E-05 9.996E-05 9.996E-05 9.996E-05
0.925222 0.0652121 0.00208504 9.9982E-05 9.9982E-05 0.00728063
0.9995 9.996E-05 9.996E-05 9.996E-05 9.996E-05 9.996E-05
0.9995 9.996E-05 9.996E-05 9.996E-05 9.996E-05 9.996E-05
0.9995 9.996E-05 9.996E-05 9.996E-05 9.996E-05 9.996E-05
0.982832 9.9964E-05 0.0167679 9.9964E-05 9.9964E-05 9.9964E-05
0.9995 9.996E-05 9.996E-05 9.996E-05 9.996E-05 9.996E-05
0.9995 9.996E-05 9.996E-05 9.996E-05 9.996E-05 9.996E-05
