9.996E-05 9.996E-05 9.996E-05 9.996E-05 0.9995 9.996E-05
0.0598308 0.0756397 9.9982E-05 9.9982E-05 0.367831 0.496499
0.103492 0.0580713 9.9982E-05 9.9982E-05 0.347763 0.490474
9.9964E-05 9.9964E-05 9.9964E-05 9.9964E-05 0.279538 0.720062
9.9973E-05 9.9973E-05 9.9973E-05 0.0127092 0.165088 0.821903
0.00635823 9.9973E-05 9.9973E-05 9.9973E-05 0.233453 0.759888
9.9964E-05 9.9964E-05 9.9964E-05 9.9964E-05 0.389478 0.610122
0.0605186 0.0158252 9.9982E-05 9.9982E-05 0.35106 0.572396
0.0809195 9.9982E-05 9.9982E-05 0.0166142 0.233651 0.668616
9.996E-05 9.996E-05 9.996E-05 9.996E-05 0.9995 9.996E-05
9.996E-05 9.996E-05 9.996E-05 9.996E-05 0.9995 9.996E-05
9.996E-05 9.996E-05 9.996E-05 9.996E-05 0.9995 9.996E-05
9.996E-05 9.996E-05 9.996E-05 9.996E-05 0.9995 9.996E-05
9.9973E-05 9.9973E-05 9.9973E-05 0.0188743 0.884644 0.0961819
0.00983327 0.00407431 0.0427544 9.9982E-05 0.943138 9.9982E-05
0.0250349 9.9973E-05 9.9973E-05 9.9973E-05 0.23561 0.739055
0.0775137 0.060527 9.9991E-05 0.085644 0.235269 0.540946
9.9964E-05 9.9964E-05 9.9964E-05 9.9964E-05 0.224358 0.775242
9.99641E-05 9.99641E-05 9.99641E-05 9.99641E-05 0.0142086 0.985392
9.996E-05 9.996E-05 9.996E-05 9.996E-05 9.996E-05 0.9995
9.9982E-05 0.00198047 9.9982E-05 0.00251562 0.123842 0.871462
0.0312704 9.9973E-05 9.9973E-05 9.9973E-05 0.0541561 0.914274
9.9973E-05 9.9973E-05 9.9973E-05 0.0133892 0.0346535 0.951657
9.9964E-05 9.9964E-05 9.9964E-05 9.9964E-05 0.104993 0.894607
9.9964E-05 9.9964E-05 9.9964E-05 9.9964E-05 0.0459694 0.953631
9.9982E-05 9.9982E-05 0.021555 0.0603674 0.0125319 0.905346
0.0374055 9.9982E-05 9.9982E-05 0.0628347 0.0463305 0.853229
9.99641E-05 9.99641E-05 9.99641E-05 9.99641E-05 0.0600265 0.939574
0.0147443 0.0263938 9.9991E-05 0.0037868 0.114817 0.840158
9.9964E-05 9.9964E-05 9.9964E-05 9.9964E-05 0.134314 0.865287
9.99641E-05 9.99641E-05 9.99641E-05 9.99641E-05 0.118121 0.881479
9.9982E-05 0.00213423 0.0213948 9.9982E-05 0.0294007 0.94687
0.0210253 0.00230277 9.9982E-05 9.9982E-05 0.0410733 0.935399
0.0506717 0.00458524 0.0780552 9.9991E-05 0.0987405 0.767847
0.0078164 9.9973E-05 9.9973E-05 9.9973E-05 0.0283417 0.963542
9.9964E-05 9.9964E-05 9.9964E-05 9.9964E-05 0.152424 0.847176
9.996E-05 9.996E-05 9.996E-05 9.996E-05 9.996E-05 0.9995
0.0143728 0.00366551 0.0253154 0.0883351 0.00882709 0.859484
0.0632687 0.0536251 9.9991E-05 0.0498241 0.0374576 0.795725
9.9991E-05 0.0158156 0.00596537 0.0214171 0.0283957 0.928306
0.0694785 0.0640535 0.132704 0.0419162 9.9991E-05 0.691748
0.108496 9.9982E-05 0.118585 0.0786364 9.9982E-05 0.694083
0.0918332 0.032511 0.0823732 9.9991E-05 0.0286638 0.764519
0.0711568 0.0586781 0.0818905 0.0151149 9.9991E-05 0.77306
0.0397758 9.9982E-05 0.0731681 0.0340407 9.9982E-05 0.852815
0.0349869 9.9973E-05 9.9973E-05 0.0484508 9.9973E-05 0.916262
0.0422522 9.9973E-05 9.9973E-05 0.0542164 9.9973E-05 0.903231
0.0845633 9.9982E-05 0.0340822 0.0222218 9.9982E-05 0.858933
0.0393011 9.9991E-05 0.111361 0.135398 0.0642373 0.649602
0.0253267 0.0271542 0.0636893 0.00828438 0.120914 0.754632
0.0649937 0.0648511 9.9991E-05 0.0482753 0.017136 0.804644
0.0796342 9.9982E-05 0.0356506 0.0389459 9.9982E-05 0.845569
0.0357415 9.9982E-05 0.0589452 0.0319537 9.9982E-05 0.87316
0.0365966 0.0289755 0.101451 0.0870558 0.00685611 0.739065
9.9991E-05 0.0652399 0.113611 0.0627188 0.0344101 0.72392
0.102835 0.0280371 0.102192 0.0262803 9.9991E-05 0.740555
0.0795636 0.0213042 0.0752133 0.145227 0.0491936 0.629499
9.9982E-05 0.0414153 0.125596 0.0817029 9.9982E-05 0.751086
0.0538771 9.9973E-05 9.9973E-05 0.0485934 9.9973E-05 0.89723
0.00356046 0.0435545 0.0227018 0.114338 0.0202313 0.795613
0.0156334 9.9982E-05 0.138478 0.0779573 9.9982E-05 0.767731
9.9982E-05 0.0240193 0.196119 0.0710676 9.9982E-05 0.708594
0.150055 0.0514038 0.0737819 0.0708658 9.9991E-05 0.653793
0.0908458 0.0399008 0.092138 0.100522 9.9991E-05 0.676493
9.9973E-05 9.9973E-05 0.123612 0.0502237 9.9973E-05 0.825864
0.087475 0.0221122 0.0942584 0.0663647 9.9991E-05 0.72969
0.023888 0.0914031 0.104632 0.0484872 9.9991E-05 0.73149
0.125074 0.0865185 0.079391 0.0976274 0.00762377 0.603765
0.0328033 0.0265201 0.049944 0.0372316 9.9991E-05 0.853401
0.11504 0.0366038 0.113295 0.00441945 9.9991E-05 0.730542
0.0782993 0.0848646 0.0573091 9.9991E-05 0.0139246 0.765502
0.0940387 0.0749427 0.113398 0.0476088 9.9991E-05 0.669912
0.0279002 0.00956916 0.0622843 0.0914602 0.0718563 0.73693
0.0259215 9.9991E-05 0.0405521 0.0963468 0.0186933 0.818386
0.0858212 0.011998 0.202901 0.0596484 0.0136252 0.626006
9.9982E-05 0.0129531 0.0703786 0.138039 9.9982E-05 0.778429
0.0765997 0.0590003 0.0541483 0.038528 9.9991E-05 0.771624
0.0697988 0.172639 0.13076 0.00610152 0.00782721 0.612874
0.0732649 0.149865 0.174507 0.133613 9.9991E-05 0.468651
0.0643199 0.160553 0.169999 0.12446 9.9991E-05 0.480568
0.0537337 0.138311 0.175998 0.122374 9.9991E-05 0.509484
0.0673863 0.166863 0.147281 0.0819386 9.9991E-05 0.536432
0.0537768 0.180523 0.14159 0.123888 9.9991E-05 0.500122
0.0202182 0.104168 0.162489 0.0762887 9.9991E-05 0.636735
0.0461218 0.264765 0.120339 0.0869882 9.9991E-05 0.481685
0.130562 0.208802 0.0807371 0.0378182 0.00175292 0.540328
0.101373 0.105287 0.14722 0.0717281 0.0373648 0.537027
9.9982E-05 0.110575 0.174045 0.0683085 9.9982E-05 0.646872
0.0911562 0.229175 0.116411 0.0875833 9.9991E-05 0.475574
0.0988127 0.1192 0.189916 0.145124 9.9991E-05 0.446848
0.0972261 0.162851 0.104433 0.0722514 0.00583697 0.557402
0.113637 0.139137 0.146504 0.0475345 9.9991E-05 0.553088
0.113622 0.205302 0.111813 0.189117 0.0216209 0.358525
9.9964E-05 0.994132 0.0054683 9.9964E-05 9.9964E-05 9.9964E-05
0.030859 0.940327 9.9982E-05 9.9982E-05 0.00514139 0.0234724
0.00157778 0.938849 9.9991E-05 0.0195141 0.0052586 0.0347005
9.996E-05 0.9995 9.996E-05 9.996E-05 9.996E-05 9.996E-05
9.996E-05 0.9995 9.996E-05 9.996E-05 9.996E-05 9.996E-05
9.996E-05 0.9995 9.996E-05 9.996E-05 9.996E-05 9.996E-05
9.996E-05 0.9995 9.996E-05 9.996E-05 9.996E-05 9.996E-05
0.0403919 0.932811 9.9982E-05 0.00520804 9.9982E-05 0.0213888
9.996E-05 0.9995 9.996E-05 9.996E-05 9.996E-05 9.996E-05
9.996E-05 0.9995 9.996E-05 9.996E-05 9.996E-05 9.996E-05
0.108084 0.137237 0.321254 0.142185 9.9991E-05 0.291139
9.9964E-05 0.967385 9.9964E-05 0.0322153 9.9964E-05 9.9964E-05
9.996E-05 0.9995 9.996E-05 9.996E-05 9.996E-05 9.996E-05
9.9964E-05 0.988518 9.9964E-05 9.9964E-05 0.0110826 9.9964E-05
0.0754171 0.178684 0.304099 0.15317 9.9991E-05 0.28853
0.10741 0.14685 0.315402 0.137966 9.9991E-05 0.292272
0.0633931 0.111014 0.287629 0.188314 9.9991E-05 0.34955
0.0769837 0.223787 0.311905 0.127681 9.9991E-05 0.259542
0.0701943 0.176697 0.329618 0.149209 9.9991E-05 0.274182
0.0053459 0.163134 0.245068 0.079623 9.9991E-05 0.506729
0.0377519 0.234444 0.223575 0.132782 9.9991E-05 0.371347
0.00446488 0.179682 0.310081 0.18416 9.9991E-05 0.321512
0.0660925 0.267594 0.219636 0.175207 9.9991E-05 0.271369
0.102662 0.245263 0.253014 0.0761451 9.9991E-05 0.322816
0.0702007 0.150124 0.199465 0.202424 9.9991E-05 0.377686
0.0946101 0.277009 0.207723 0.0809729 9.9991E-05 0.339585
0.0951331 0.136862 0.269377 0.169647 9.9991E-05 0.328881
0.0677716 0.173623 0.267564 0.133933 9.9991E-05 0.357009
0.00691507 9.9973E-05 0.946062 0.0467226 9.9973E-05 9.9973E-05
9.9973E-05 0.0234687 0.912756 0.063475 9.9973E-05 9.9973E-05
9.996E-05 9.996E-05 0.9995 9.996E-05 9.996E-05 9.996E-05
9.9964E-05 9.9964E-05 0.995982 9.9964E-05 9.9964E-05 0.00361837
9.996E-05 9.996E-05 0.9995 9.996E-05 9.996E-05 9.996E-05
9.9964E-05 0.0169277 0.982672 9.9964E-05 9.9964E-05 9.9964E-05
9.996E-05 9.996E-05 0.9995 9.996E-05 9.996E-05 9.996E-05
9.9982E-05 9.9982E-05 0.825191 0.110515 0.052214 0.0118799
9.996E-05 9.996E-05 0.9995 9.996E-05 9.996E-05 9.996E-05
9.996E-05 9.996E-05 0.9995 9.996E-05 9.996E-05 9.996E-05
9.9973E-05 0.032705 0.936664 9.9973E-05 0.0303311 9.9973E-05
9.9964E-05 9.9964E-05 0.998142 9.9964E-05 0.00145812 9.9964E-05
0.124874 0.029588 0.761045 0.0276125 0.000776747 0.0561036
0.9995 9.996E-05 9.996E-05 9.996E-05 9.996E-05 9.996E-05
0.109957 0.236088 0.218521 0.114444 9.9991E-05 0.32089
0.9995 9.996E-05 9.996E-05 9.996E-05 9.996E-05 9.996E-05
0.9995 9.996E-05 9.996E-05 9.996E-05 9.996E-05 9.996E-05
0.977998 0.0215686 9.9973E-05 9.9973E-05 0.000133216 9.9973E-05
0.797704 9.9991E-05 0.121697 0.0319316 0.0437496 0.00481789
0.9995 9.996E-05 9.996E-05 9.996E-05 9.996E-05 9.996E-05
0.919274 0.0353205 0.00443633 0.00210472 9.9991E-05 0.038765
0.9995 9.996E-05 9.996E-05 9.996E-05 9.996E-05 9.996E-05
0.930892 0.00489724 0.00079637 9.9982E-05 9.9982E-05 0.0632144
0.9995 9.996E-05 9.996E-05 9.996E-05 9.996E-05 9.996E-05
0.969905 9.9964E-05 9.9964E-05 9.9964E-05 9.9964E-05 0.0296954
0.9995 9.996E-05 9.996E-05 9.996E-05 9.996E-05 9.996E-05
0.848205 0.0318294 0.0661256 0.0536405 9.9982E-05 9.9982E-05
0.923505 0.00269508 0.0435647 9.9982E-05 0.030035 9.9982E-05
0.881686 0.0229263 0.0129303 0.0474145 9.9991E-05 0.0349427
0.907777 0.0214039 0.0318096 0.0372749 0.00163504 9.9991E-05
0.874871 9.9982E-05 9.9982E-05 0.0316617 0.0382912 0.0549757
0.959633 9.9973E-05 0.0122077 9.9973E-05 9.9973E-05 0.0278592
0.0706633 0.109515 0.111773 0.382347 0.00508577 0.320616
0.100127 0.0714515 0.0996565 0.37198 9.9991E-05 0.356686
0.12102 0.141816 0.0613481 0.380541 0.0249953 0.27028
0.0853168 0.0870125 0.0759296 0.385641 0.0181864 0.347914
0.109153 0.247003 0.0649047 0.454937 9.9991E-05 0.123902
0.120359 0.246847 9.99821E-05 0.580705 9.99821E-05 0.0518889
0.0999173 0.254929 0.0271084 0.483832 9.9991E-05 0.134113
0.129641 0.270233 0.0132888 0.512738 9.9991E-05 0.073998
0.108431 0.257528 0.0326434 0.506256 9.9991E-05 0.095041
0.0876677 0.286333 0.0495722 0.480839 9.9991E-05 0.0954875
0.0821227 0.260561 0.0369052 0.471694 9.9991E-05 0.148617
0.122908 0.192332 0.0474652 0.369923 0.0195507 0.247822
0.0881675 0.2478 0.0369175 0.394206 0.00699681 0.225913
9.9973E-05 9.9973E-05 0.00227673 0.995728 0.00169571 9.9973E-05
9.996E-05 9.996E-05 9.996E-05 0.9995 9.996E-05 9.996E-05
9.996E-05 9.996E-05 9.996E-05 0.9995 9.996E-05 9.996E-05
9.996E-05 9.996E-05 9.996E-05 0.9995 9.996E-05 9.996E-05
9.996E-05 9.996E-05 9.996E-05 0.9995 9.996E-05 9.996E-05
0.00653692 9.9973E-05 9.9973E-05 0.962101 9.9973E-05 0.031062
9.996E-05 9.996E-05 9.996E-05 0.9995 9.996E-05 9.996E-05
9.996E-05 9.996E-05 9.996E-05 0.9995 9.996E-05 9.996E-05
9.996E-05 9.996E-05 9.996E-05 0.9995 9.996E-05 9.996E-05
9.9964E-05 9.9964E-05 0.0030647 0.996535 9.9964E-05 9.9964E-05
9.996E-05 9.996E-05 9.996E-05 0.9995 9.996E-05 9.996E-05
9.996E-05 9.996E-05 9.996E-05 0.9995 9.996E-05 9.996E-05
