9.98921E-05 9.98921E-05 9.98921E-05 9.98921E-05 9.98921E-05 9.98921E-05 9.98921E-05 9.98921E-05 9.98921E-05 9.98921E-05 9.98921E-05 9.98921E-05 0.998801
9.9955E-05 9.9955E-05 0.0254416 0.0097324 0.0491037 9.9955E-05 0.0498024 0.217396 9.9955E-05 0.0699036 0.0220513 9.9955E-05 0.556069
9.98921E-05 9.98921E-05 9.98921E-05 9.98921E-05 9.98921E-05 9.98921E-05 9.98921E-05 9.98921E-05 9.98921E-05 9.98921E-05 0.998801 9.98921E-05 9.98921E-05
9.9955E-05 0.0306718 0.0269033 0.0543096 9.9955E-05 0.0505953 9.9955E-05 0.0549769 0.0360707 9.9955E-05 0.706421 0.0395512 9.9955E-05
9.98921E-05 9.98921E-05 9.98921E-05 9.98921E-05 9.98921E-05 9.98921E-05 9.98921E-05 0.998801 9.98921E-05 9.98921E-05 9.98921E-05 9.98921E-05 9.98921E-05
9.9937E-05 0.0155348 9.9937E-05 9.9937E-05 9.9937E-05 0.0148597 0.0164206 0.0378056 9.9937E-05 9.9937E-05 0.00973361 9.9937E-05 0.904946
9.9955E-05 9.9955E-05 0.0206318 0.0301469 9.9955E-05 0.017428 0.00450973 0.0409352 9.9955E-05 0.0543224 9.9955E-05 0.0081523 0.823374
9.99101E-05 0.00172744 9.99101E-05 9.99101E-05 0.023629 9.99101E-05 9.99101E-05 0.973644 9.99101E-05 9.99101E-05 9.99101E-05 9.99101E-05 9.99101E-05
0.0528728 9.9946E-05 9.9946E-05 9.9946E-05 9.9946E-05 9.9946E-05 9.9946E-05 0.528601 0.227391 0.00720116 0.0624415 0.0351872 0.0857058
9.98921E-05 9.98921E-05 9.98921E-05 9.98921E-05 0.998801 9.98921E-05 9.98921E-05 9.98921E-05 9.98921E-05 9.98921E-05 9.98921E-05 9.98921E-05 9.98921E-05
9.99101E-05 9.99101E-05 0.00831725 0.967897 9.99101E-05 9.99101E-05 9.99101E-05 9.99101E-05 9.99101E-05 9.99101E-05 9.99101E-05 0.0227866 9.99101E-05
9.99101E-05 9.99101E-05 9.99101E-05 0.860212 9.99101E-05 0.0261489 0.11264 9.99101E-05 9.99101E-05 9.99101E-05 9.99101E-05 9.99101E-05 9.99101E-05
9.9919E-05 9.9919E-05 9.9919E-05 0.788803 9.9919E-05 9.9919E-05 9.9919E-05 0.0254118 9.9919E-05 9.9919E-05 0.0694789 9.9919E-05 0.115407
9.99011E-05 0.960116 0.0387848 9.99011E-05 9.99011E-05 9.99011E-05 9.99011E-05 9.99011E-05 9.99011E-05 9.99011E-05 9.99011E-05 9.99011E-05 9.99011E-05
0.155762 0.350218 0.0361526 0.253071 0.0180836 9.9946E-05 9.9946E-05 9.9946E-05 0.1169 9.9946E-05 0.0692129 9.9946E-05 9.9946E-05
9.9928E-05 0.342811 9.9928E-05 0.61958 9.9928E-05 0.0144537 9.9928E-05 0.0105983 9.9928E-05 9.9928E-05 9.9928E-05 0.011757 9.9928E-05
0.0731561 9.99101E-05 9.99101E-05 0.119241 9.99101E-05 0.806604 9.99101E-05 9.99101E-05 9.99101E-05 9.99101E-05 9.99101E-05 9.99101E-05 9.99101E-05
0.127026 0.595886 9.9946E-05 9.9946E-05 9.9946E-05 0.11361 9.9946E-05 9.9946E-05 0.0168421 0.0471317 0.00573509 0.09317 9.9946E-05
0.118003 0.655743 9.9946E-05 0.0841844 9.9946E-05 0.0154528 0.00883222 9.9946E-05 9.9946E-05 0.0709593 9.9946E-05 0.046226 9.9946E-05
9.99011E-05 0.944217 9.99011E-05 9.99011E-05 9.99011E-05 9.99011E-05 9.99011E-05 0.0546836 9.99011E-05 9.99011E-05 9.99011E-05 9.99011E-05 9.99011E-05
9.9937E-05 0.648064 9.9937E-05 0.00840247 0.00480701 0.0872752 9.9937E-05 9.9937E-05 9.9937E-05 0.153765 9.9937E-05 9.9937E-05 0.0969874
0.0365376 9.9955E-05 9.9955E-05 0.481236 0.0189356 9.9955E-05 0.2018 0.194581 9.9955E-05 0.00399175 0.00762319 9.9955E-05 0.0547945
9.99011E-05 9.99011E-05 9.99011E-05 0.982724 9.99011E-05 9.99011E-05 9.99011E-05 9.99011E-05 9.99011E-05 9.99011E-05 9.99011E-05 9.99011E-05 0.0161768
9.98921E-05 9.98921E-05 9.98921E-05 9.98921E-05 9.98921E-05 0.998801 9.98921E-05 9.98921E-05 9.98921E-05 9.98921E-05 9.98921E-05 9.98921E-05 9.98921E-05
9.99101E-05 0.827828 9.99101E-05 9.99101E-05 9.99101E-05 9.99101E-05 0.108308 9.99101E-05 9.99101E-05 0.0628645 9.99101E-05 9.99101E-05 9.99101E-05
0.0833613 0.475505 9.9937E-05 0.0815293 9.9937E-05 0.0380753 9.9937E-05 9.9937E-05 9.9937E-05 0.170279 9.9937E-05 9.9937E-05 0.15055
0.940654 9.991E-05 9.991E-05 9.991E-05 9.991E-05 0.0500386 9.991E-05 9.991E-05 0.00830877 9.991E-05 9.991E-05 9.991E-05 9.991E-05
0.175922 0.0577602 0.0214868 0.262631 9.9955E-05 9.9955E-05 0.101159 0.0383107 9.9955E-05 0.296197 0.046033 9.9955E-05 9.9955E-05
0.378909 0.0416224 9.9946E-05 0.120433 9.9946E-05 0.00317861 0.246086 9.9946E-05 9.9946E-05 0.120325 9.9946E-05 9.9946E-05 0.0888455
0.985714 9.99011E-05 9.99011E-05 0.0131867 9.99011E-05 9.99011E-05 9.99011E-05 9.99011E-05 9.99011E-05 9.99011E-05 9.99011E-05 9.99011E-05 9.99011E-05
0.448783 9.9937E-05 9.9937E-05 9.9937E-05 0.00288418 9.9937E-05 0.139401 9.9937E-05 9.9937E-05 0.164125 0.0823156 0.161791 9.9937E-05
0.656418 9.9937E-05 9.9937E-05 9.9937E-05 0.0498195 9.9937E-05 0.0996277 9.9937E-05 9.9937E-05 9.9937E-05 0.0588006 0.133967 0.000667397
9.9928E-05 9.9928E-05 0.00573254 9.9928E-05 9.9928E-05 9.9928E-05 0.861873 9.9928E-05 9.9928E-05 0.0585774 0.0284354 0.0445821 9.9928E-05
9.99011E-05 9.99011E-05 9.99011E-05 9.99011E-05 9.99011E-05 0.0114863 9.99011E-05 9.99011E-05 0.987415 9.99011E-05 9.99011E-05 9.99011E-05 9.99011E-05
0.0505376 9.99185E-05 9.99185E-05 0.0794611 9.99185E-05 9.99185E-05 0.869002 9.99185E-05 9.99185E-05 9.99185E-05 9.99185E-05 9.99185E-05 9.99185E-05
9.98921E-05 9.98921E-05 9.98921E-05 9.98921E-05 9.98921E-05 9.98921E-05 9.98921E-05 9.98921E-05 0.998801 9.98921E-05 9.98921E-05 9.98921E-05 9.98921E-05
9.9937E-05 0.0129937 9.9937E-05 9.9937E-05 9.9937E-05 9.9937E-05 0.733765 0.203835 9.9937E-05 9.9937E-05 0.0196175 0.0153079 0.0137809
0.0262985 0.0279168 9.9937E-05 0.0606419 0.0140146 9.9937E-05 0.128371 9.9937E-05 0.742058 9.9937E-05 9.9937E-05 9.9937E-05 9.9937E-05
9.9928E-05 9.9928E-05 0.0111729 9.9928E-05 9.9928E-05 9.9928E-05 0.702619 9.9928E-05 0.189832 9.9928E-05 0.03154 0.0640367 9.9928E-05
9.9955E-05 9.9955E-05 0.00638435 0.0377217 0.041816 9.9955E-05 0.59642 9.9955E-05 0.0286711 0.21304 9.9955E-05 0.0475301 0.0279173
9.99101E-05 9.99101E-05 9.99101E-05 9.99101E-05 0.0507202 9.99101E-05 0.938129 9.99101E-05 0.0101518 9.99101E-05 9.99101E-05 9.99101E-05 9.99101E-05
9.9937E-05 0.0830132 9.9937E-05 9.9937E-05 9.9937E-05 9.9937E-05 9.9937E-05 0.0852278 0.378843 0.384666 0.0251778 0.0423724 9.9937E-05
9.99011E-05 9.99011E-05 9.99011E-05 9.99011E-05 9.99011E-05 9.99011E-05 0.919537 9.99011E-05 9.99011E-05 0.0793644 9.99011E-05 9.99011E-05 9.99011E-05
9.9928E-05 9.9928E-05 0.0114588 0.0426369 9.9928E-05 0.00282505 9.9928E-05 9.9928E-05 0.930378 0.0119021 9.9928E-05 9.9928E-05 9.9928E-05
0.062748 9.99191E-05 9.99191E-05 9.99191E-05 9.99191E-05 9.99191E-05 9.99191E-05 9.99191E-05 0.583807 0.103567 9.99191E-05 0.248979 9.99191E-05
0.0663397 9.9937E-05 9.9937E-05 9.9937E-05 9.9937E-05 9.9937E-05 0.0266002 0.0112348 9.9937E-05 0.00809908 9.9937E-05 0.833472 0.0535546
9.994E-05 9.994E-05 0.0862548 9.994E-05 0.0530436 0.0260016 0.106913 9.994E-05 0.0223029 0.030981 9.994E-05 0.673904 9.994E-05
9.99011E-05 9.99011E-05 9.99011E-05 9.99011E-05 9.99011E-05 9.99011E-05 9.99011E-05 9.99011E-05 9.99011E-05 0.101843 9.99011E-05 0.897058 9.99011E-05
9.9928E-05 0.0473563 9.9928E-05 9.9928E-05 9.9928E-05 9.9928E-05 0.405881 0.0468803 9.9928E-05 9.9928E-05 0.0695532 0.42953 9.9928E-05
9.9937E-05 9.9937E-05 9.9937E-05 9.9937E-05 9.9937E-05 9.9937E-05 0.23443 0.0749678 0.180104 0.11763 0.0539817 0.338187 9.9937E-05
9.9946E-05 0.0847908 9.9946E-05 9.9946E-05 0.0231267 0.00768722 9.9946E-05 0.00212048 0.0205882 0.077285 9.9946E-05 0.783802 9.9946E-05
9.99011E-05 0.0196263 9.99011E-05 9.99011E-05 9.99011E-05 9.99011E-05 9.99011E-05 9.99011E-05 9.99011E-05 9.99011E-05 9.99011E-05 0.979275 9.99011E-05
0.0268161 9.99371E-05 0.00393648 9.99371E-05 0.0318278 0.0675642 9.99371E-05 9.99371E-05 9.99371E-05 0.0941056 9.99371E-05 0.77505 9.99371E-05
9.9937E-05 9.9937E-05 9.9937E-05 0.0398076 9.9937E-05 0.00126301 0.0432553 9.9937E-05 0.138412 0.139347 9.9937E-05 0.637215 9.9937E-05
9.9928E-05 0.00708764 0.00147748 9.9928E-05 9.9928E-05 9.9928E-05 0.0851813 9.9928E-05 0.0572102 9.9928E-05 9.9928E-05 0.848244 9.9928E-05
0.0151599 9.99191E-05 0.0409087 9.99191E-05 9.99191E-05 9.99191E-05 9.99191E-05 9.99191E-05 9.99191E-05 9.99191E-05 0.042296 0.900736 9.99191E-05
0.0240752 9.99281E-05 0.000217614 9.99281E-05 9.99281E-05 9.99281E-05 0.0332269 9.99281E-05 9.99281E-05 0.81081 0.130871 9.99281E-05 9.99281E-05
0.0612436 9.9973E-05 9.9973E-05 0.0478484 0.01349 0.00532883 0.0692311 0.0509994 0.00463211 0.562358 0.0217683 0.1628 9.9973E-05
0.0658863 9.9946E-05 0.0298772 0.0170342 9.9946E-05 9.9946E-05 9.9946E-05 0.00854573 9.9946E-05 0.676439 9.9946E-05 0.174287 0.0273307
0.0519341 9.9946E-05 9.9946E-05 0.0654072 9.9946E-05 9.9946E-05 0.132045 0.109702 0.00543132 0.605748 9.9946E-05 9.9946E-05 0.0291327
0.0119409 0.0558523 9.9937E-05 9.9937E-05 9.9937E-05 0.0172095 9.9937E-05 9.9937E-05 0.0155387 0.786463 9.9937E-05 0.112296 9.9937E-05
9.99281E-05 9.99281E-05 0.0708738 9.99281E-05 0.082699 9.99281E-05 9.99281E-05 9.99281E-05 0.338615 0.48302 0.0239923 9.99281E-05 9.99281E-05
9.99191E-05 9.99191E-05 9.99191E-05 9.99191E-05 0.0124387 9.99191E-05 9.99191E-05 0.0566688 0.22999 0.700003 9.99191E-05 9.99191E-05 9.99191E-05
9.99012E-05 9.99012E-05 0.0300628 9.99012E-05 9.99012E-05 9.99012E-05 9.99012E-05 9.99012E-05 9.99012E-05 0.968838 9.99012E-05 9.99012E-05 9.99012E-05
9.9928E-05 0.0256699 0.0133947 9.9928E-05 0.0176448 9.9928E-05 0.130189 9.9928E-05 9.9928E-05 0.812302 9.9928E-05 9.9928E-05 9.9928E-05
9.98921E-05 9.98921E-05 9.98921E-05 9.98921E-05 9.98921E-05 9.98921E-05 9.98921E-05 9.98921E-05 9.98921E-05 0.998801 9.98921E-05 9.98921E-05 9.98921E-05
9.99101E-05 9.99101E-05 9.99101E-05 9.99101E-05 9.99101E-05 9.99101E-05 9.99101E-05 9.99101E-05 0.00729795 0.991168 0.000535052 9.99101E-05 9.99101E-05
0.0317486 0.0100947 9.9928E-05 9.9928E-05 0.00316247 9.9928E-05 9.9928E-05 9.9928E-05 9.9928E-05 0.946249 0.00794595 9.9928E-05 9.9928E-05
9.99011E-05 9.99011E-05 9.99011E-05 9.99011E-05 9.99011E-05 9.99011E-05 9.99011E-05 9.99011E-05 9.99011E-05 0.970159 0.0287419 9.99011E-05 9.99011E-05
9.991E-05 9.991E-05 9.991E-05 9.991E-05 9.991E-05 9.991E-05 9.991E-05 9.991E-05 9.991E-05 0.957262 0.0142346 0.027504 9.991E-05
9.99012E-05 9.99012E-05 9.99012E-05 9.99012E-05 9.99012E-05 9.99012E-05 0.0459528 9.99012E-05 9.99012E-05 0.952948 9.99012E-05 9.99012E-05 9.99012E-05
9.9955E-05 0.0128701 0.00132807 9.9955E-05 0.0159207 9.9955E-05 0.21585 0.0792195 9.9955E-05 0.652902 9.9955E-05 0.00308345 0.0183265
0.00447157 9.99281E-05 9.99281E-05 9.99281E-05 0.0802034 9.99281E-05 9.99281E-05 9.99281E-05 9.99281E-05 0.824493 0.0325342 0.0574987 9.99281E-05
9.9937E-05 0.0793685 0.0528787 9.9937E-05 9.9937E-05 9.9937E-05 0.0259823 9.9937E-05 0.106948 0.714958 9.9937E-05 9.9937E-05 0.0191652
9.9955E-05 0.0352576 0.555652 0.0345361 0.0275286 9.9955E-05 9.9955E-05 9.9955E-05 0.0505964 0.248494 0.0146031 0.0328328 9.9955E-05
9.9892E-05 9.9892E-05 0.998801 9.9892E-05 9.9892E-05 9.9892E-05 9.9892E-05 9.9892E-05 9.9892E-05 9.9892E-05 9.9892E-05 9.9892E-05 9.9892E-05
9.9964E-05 9.9964E-05 0.0354523 0.0305402 0.0340796 0.0167831 0.00694948 9.9964E-05 0.208079 0.569162 0.0657708 0.0327837 9.9964E-05
