9.9901E-05 9.9901E-05 9.9901E-05 0.998901 9.9901E-05 9.9901E-05 9.9901E-05 9.9901E-05 9.9901E-05 9.9901E-05 9.9901E-05 9.9901E-05
0.322435 9.9964E-05 0.102605 0.111546 9.9964E-05 0.0915645 0.00781504 9.9964E-05 0.268315 0.0532988 0.0420209 9.9964E-05
9.9901E-05 9.9901E-05 9.9901E-05 9.9901E-05 9.9901E-05 0.998901 9.9901E-05 9.9901E-05 9.9901E-05 9.9901E-05 9.9901E-05 9.9901E-05
9.9937E-05 9.9937E-05 9.9937E-05 9.9937E-05 9.9937E-05 0.87688 0.0108308 0.0745195 9.9937E-05 9.9937E-05 0.0300585 0.00701162
0.947998 0.0125554 9.9919E-05 9.9919E-05 9.9919E-05 9.9919E-05 9.9919E-05 9.9919E-05 9.9919E-05 0.0385471 9.9919E-05 9.9919E-05
9.99101E-05 9.99101E-05 9.99101E-05 9.99101E-05 9.99101E-05 9.99101E-05 9.99101E-05 0.00324142 0.995759 9.99101E-05 9.99101E-05 9.99101E-05
9.99101E-05 9.99101E-05 9.99101E-05 9.99101E-05 9.99101E-05 9.99101E-05 0.0189227 9.99101E-05 0.980078 9.99101E-05 9.99101E-05 9.99101E-05
0.998901 9.99011E-05 9.99011E-05 9.99011E-05 9.99011E-05 9.99011E-05 9.99011E-05 9.99011E-05 9.99011E-05 9.99011E-05 9.99011E-05 9.99011E-05
0.101662 0.0566247 0.0630846 0.0450851 0.182989 0.246398 9.9973E-05 9.9973E-05 0.274681 9.9973E-05 0.00114667 0.0280307
0.245538 9.9955E-05 0.0293029 0.147423 0.219881 0.288773 0.0354768 0.0331058 9.9955E-05 9.9955E-05 9.9955E-05 9.9955E-05
9.9901E-05 9.9901E-05 9.9901E-05 9.9901E-05 9.9901E-05 9.9901E-05 9.9901E-05 9.9901E-05 9.9901E-05 0.998901 9.9901E-05 9.9901E-05
0.0782876 0.343045 9.9937E-05 9.9937E-05 9.9937E-05 9.9937E-05 0.00850792 0.549815 9.9937E-05 0.0196447 9.9937E-05 9.9937E-05
0.149435 0.274973 9.9946E-05 9.9946E-05 9.9946E-05 0.00346948 9.9946E-05 0.442974 0.0460565 0.0824923 9.9946E-05 9.9946E-05
0.0334394 9.9955E-05 0.00184184 9.9955E-05 0.0530645 0.0404767 0.0466124 0.773099 9.9955E-05 9.9955E-05 9.9955E-05 0.0509665
9.9946E-05 0.536124 9.9946E-05 9.9946E-05 9.9946E-05 0.111179 0.0512352 0.191985 0.0561638 0.0527129 9.9946E-05 9.9946E-05
9.9946E-05 0.0731228 9.9946E-05 9.9946E-05 9.9946E-05 0.0134099 0.00214421 0.537517 9.9946E-05 0.104955 0.268251 9.9946E-05
9.9937E-05 0.0134762 9.9937E-05 0.00528812 9.9937E-05 9.9937E-05 9.9937E-05 0.887807 9.9937E-05 0.0812861 0.0114428 9.9937E-05
9.9946E-05 0.0431427 0.11775 9.9946E-05 0.170872 9.9946E-05 9.9946E-05 0.533575 9.9946E-05 9.9946E-05 0.122361 0.0117004
9.9946E-05 0.463124 9.9946E-05 9.9946E-05 0.0743922 9.9946E-05 0.00688975 0.387371 9.9946E-05 0.0167722 9.9946E-05 0.0508516
9.9919E-05 9.9919E-05 9.9919E-05 9.9919E-05 9.9919E-05 0.102532 9.9919E-05 0.893937 9.9919E-05 9.9919E-05 9.9919E-05 0.00263129
9.993E-05 9.993E-05 0.018707 0.0138179 0.106626 0.0636857 9.993E-05 0.796464 9.993E-05 9.993E-05 9.993E-05 9.993E-05
9.9901E-05 9.9901E-05 9.9901E-05 9.9901E-05 9.9901E-05 9.9901E-05 9.9901E-05 9.9901E-05 9.9901E-05 9.9901E-05 0.998901 9.9901E-05
9.994E-05 9.994E-05 0.00861371 0.0794899 9.994E-05 9.994E-05 0.0185179 0.680864 9.994E-05 0.0650164 0.146898 9.994E-05
9.99101E-05 9.99101E-05 0.123668 9.99101E-05 9.99101E-05 9.99101E-05 9.99101E-05 0.875332 9.99101E-05 9.99101E-05 9.99101E-05 9.99101E-05
9.9946E-05 0.194976 0.114067 9.9946E-05 0.111989 0.0479466 9.9946E-05 0.45703 9.9946E-05 0.0733904 9.9946E-05 9.9946E-05
9.9955E-05 0.175921 0.166172 0.0486968 0.0340179 9.9955E-05 9.9955E-05 0.515089 0.0467173 9.9955E-05 9.9955E-05 0.0128861
9.9919E-05 0.876985 9.9919E-05 9.9919E-05 0.098553 9.9919E-05 9.9919E-05 9.9919E-05 9.9919E-05 9.9919E-05 0.023563 9.9919E-05
9.9946E-05 0.555049 0.222489 9.9946E-05 9.9946E-05 0.0870062 0.0130559 9.9946E-05 9.9946E-05 0.00480053 0.117 9.9946E-05
9.9937E-05 0.704738 0.106927 9.9937E-05 0.109925 9.9937E-05 9.9937E-05 0.020693 0.0570179 9.9937E-05 9.9937E-05 9.9937E-05
9.99011E-05 0.998901 9.99011E-05 9.99011E-05 9.99011E-05 9.99011E-05 9.99011E-05 9.99011E-05 9.99011E-05 9.99011E-05 9.99011E-05 9.99011E-05
9.9937E-05 0.168847 0.0550973 9.9937E-05 0.380366 0.103365 9.9937E-05 9.9937E-05 9.9937E-05 9.9937E-05 9.9937E-05 0.291625
9.9955E-05 0.21161 0.121945 0.0516581 0.261569 0.105815 9.9955E-05 9.9955E-05 9.9955E-05 0.0176668 9.9955E-05 0.229236
9.9937E-05 0.0940275 0.0120271 9.9937E-05 0.829516 0.0152756 9.9937E-05 9.9937E-05 9.9937E-05 9.9937E-05 0.0484543 9.9937E-05
9.9928E-05 0.0560366 9.9928E-05 9.9928E-05 0.842661 9.9928E-05 9.9928E-05 9.9928E-05 0.0268728 9.9928E-05 9.9928E-05 0.0736304
9.9946E-05 0.148645 9.9946E-05 9.9946E-05 0.749173 0.00112805 9.9946E-05 0.00130557 9.9946E-05 0.0728695 0.0262798 9.9946E-05
9.99191E-05 9.99191E-05 9.99191E-05 0.0172139 0.978711 9.99191E-05 9.99191E-05 9.99191E-05 0.00317556 9.99191E-05 9.99191E-05 9.99191E-05
0.157035 9.9955E-05 9.9955E-05 9.9955E-05 0.66248 0.0220875 9.9955E-05 0.0407372 0.00226171 9.9955E-05 0.0412081 0.0736904
9.9937E-05 0.0225999 0.0691928 0.0670773 0.789784 9.9937E-05 9.9937E-05 0.0506463 9.9937E-05 9.9937E-05 9.9937E-05 9.9937E-05
9.9928E-05 9.9928E-05 9.9928E-05 9.9928E-05 0.881394 9.9928E-05 0.00567173 9.9928E-05 9.9928E-05 0.065405 9.9928E-05 0.0467302
9.9973E-05 0.0365556 0.193943 0.0529872 0.500205 0.0171636 0.03022 9.9973E-05 9.9973E-05 0.113937 0.0441694 0.0105188
9.99101E-05 9.99101E-05 0.00715378 9.99101E-05 0.991847 9.99101E-05 9.99101E-05 9.99101E-05 9.99101E-05 9.99101E-05 9.99101E-05 9.99101E-05
9.9955E-05 0.116763 0.240719 0.0618564 0.44414 0.0340708 9.9955E-05 0.0446047 9.9955E-05 9.9955E-05 9.9955E-05 0.0573467
9.9955E-05 0.109709 0.0285003 9.9955E-05 0.771763 0.0137614 9.9955E-05 9.9955E-05 0.0227964 0.046292 9.9955E-05 0.00667789
9.9964E-05 0.0271882 0.0380475 9.9964E-05 0.662331 9.9964E-05 0.0446155 0.0682201 0.023149 0.0230714 9.9964E-05 0.112977
9.9946E-05 0.0251106 0.10289 9.9946E-05 0.0468426 0.0889704 9.9946E-05 9.9946E-05 9.9946E-05 0.0993068 9.9946E-05 0.63628
0.0098688 0.143072 0.0198705 0.00639403 0.0841681 9.9973E-05 0.0125948 0.000538297 0.0417304 9.9973E-05 9.9973E-05 0.681463
9.9955E-05 9.9955E-05 0.0466374 9.9955E-05 0.0803795 9.9955E-05 0.0390828 0.00823393 0.0153297 0.0258913 9.9955E-05 0.783946
9.99101E-05 9.99101E-05 0.0498786 9.99101E-05 9.99101E-05 9.99101E-05 9.99101E-05 9.99101E-05 9.99101E-05 9.99101E-05 9.99101E-05 0.949122
0.116431 0.255821 9.9946E-05 9.9946E-05 0.0760289 0.0484658 0.00204095 9.9946E-05 9.9946E-05 9.9946E-05 9.9946E-05 0.500613
0.0485302 9.9955E-05 0.145723 0.00884598 0.178063 0.072764 9.9955E-05 9.9955E-05 9.9955E-05 0.0907423 9.9955E-05 0.454832
9.9946E-05 9.9946E-05 0.00765312 9.9946E-05 9.9946E-05 9.9946E-05 0.0127689 0.00366969 0.0229847 9.9946E-05 0.0287074 0.923617
0.0101643 9.9928E-05 9.9928E-05 0.0272417 9.9928E-05 9.9928E-05 9.9928E-05 9.9928E-05 9.9928E-05 0.0152043 9.9928E-05 0.94659
9.99371E-05 9.99371E-05 0.0984985 0.0383373 9.99371E-05 9.99371E-05 0.00717021 9.99371E-05 9.99371E-05 9.99371E-05 0.0122516 0.843043
9.9937E-05 9.9937E-05 0.0442967 9.9937E-05 0.0558017 9.9937E-05 9.9937E-05 9.9937E-05 9.9937E-05 0.00443902 0.0673517 0.827411
9.9919E-05 9.9919E-05 0.00199357 9.9919E-05 0.092997 9.9919E-05 9.9919E-05 9.9919E-05 9.9919E-05 9.9919E-05 9.9919E-05 0.90411
9.99281E-05 9.99281E-05 0.12452 9.99281E-05 9.99281E-05 0.0292972 0.0463719 9.99281E-05 9.99281E-05 9.99281E-05 9.99281E-05 0.799012
0.0606397 0.118313 0.743885 9.9946E-05 0.0290671 0.0139745 9.9946E-05 9.9946E-05 9.9946E-05 9.9946E-05 0.0335206 9.9946E-05
0.0678621 0.0804197 0.613897 9.9946E-05 9.9946E-05 9.9946E-05 9.9946E-05 0.0564242 9.9946E-05 9.9946E-05 0.021679 0.159118
9.9946E-05 0.100728 0.575171 0.0207394 9.9946E-05 0.0539459 9.9946E-05 9.9946E-05 0.0264042 9.9946E-05 9.9946E-05 0.222412
0.0668554 0.0347891 0.65356 9.9973E-05 0.0723721 9.9973E-05 0.00154466 9.9973E-05 0.0367053 0.0103754 0.107503 0.0159951
9.9928E-05 9.9928E-05 0.819155 9.9928E-05 9.9928E-05 9.9928E-05 9.9928E-05 0.0679381 0.0133123 9.9928E-05 9.9928E-05 0.0987949
9.99371E-05 9.99371E-05 0.535868 0.00141756 0.354007 0.0331711 0.0748361 9.99371E-05 9.99371E-05 9.99371E-05 9.99371E-05 9.99371E-05
0.0956186 9.9946E-05 0.763682 0.00308846 0.0628439 0.0297537 9.9946E-05 9.9946E-05 9.9946E-05 9.9946E-05 9.9946E-05 0.0444135
9.99191E-05 9.99191E-05 0.997509 9.99191E-05 9.99191E-05 9.99191E-05 0.000830555 9.99191E-05 9.99191E-05 0.000761242 9.99191E-05 9.99191E-05
9.9937E-05 9.9937E-05 0.810679 9.9937E-05 0.151375 9.9937E-05 0.0138217 0.00142075 9.9937E-05 9.9937E-05 0.0220041 9.9937E-05
9.99101E-05 0.0107381 0.988263 9.99101E-05 9.99101E-05 9.99101E-05 9.99101E-05 9.99101E-05 9.99101E-05 9.99101E-05 9.99101E-05 9.99101E-05
9.99191E-05 9.99191E-05 0.966042 9.99191E-05 9.99191E-05 9.99191E-05 0.00791693 9.99191E-05 9.99191E-05 0.0251416 9.99191E-05 9.99191E-05
9.9919E-05 0.0108017 0.926087 9.9919E-05 9.9919E-05 9.9919E-05 9.9919E-05 9.9919E-05 9.9919E-05 9.9919E-05 0.0622122 9.9919E-05
9.9919E-05 9.9919E-05 0.95776 9.9919E-05 9.9919E-05 9.9919E-05 0.0041094 9.9919E-05 9.9919E-05 9.9919E-05 0.0372318 9.9919E-05
9.99101E-05 9.99101E-05 0.996655 9.99101E-05 9.99101E-05 0.00234564 9.99101E-05 9.99101E-05 9.99101E-05 9.99101E-05 9.99101E-05 9.99101E-05
9.99101E-05 9.99101E-05 0.958392 9.99101E-05 9.99101E-05 9.99101E-05 9.99101E-05 0.0406087 9.99101E-05 9.99101E-05 9.99101E-05 9.99101E-05
0.0490569 9.99371E-05 0.559854 9.99371E-05 0.330702 9.99371E-05 0.00442897 9.99371E-05 0.0552578 9.99371E-05 9.99371E-05 9.99371E-05
0.0180398 9.99281E-05 0.948891 9.99281E-05 9.99281E-05 9.99281E-05 0.0158416 9.99281E-05 9.99281E-05 9.99281E-05 9.99281E-05 0.016428
9.9955E-05 0.0116902 0.492238 0.0653854 0.278502 9.9955E-05 0.0823737 0.0104031 9.9955E-05 9.9955E-05 9.9955E-05 0.0589082
0.0243808 9.9973E-05 0.210597 0.0112296 9.9973E-05 0.028277 0.607844 0.029735 9.9973E-05 0.00729836 0.0170307 0.063307
9.9901E-05 9.9901E-05 9.9901E-05 9.9901E-05 9.9901E-05 9.9901E-05 0.998901 9.9901E-05 9.9901E-05 9.9901E-05 9.9901E-05 9.9901E-05
0.00909823 0.0241564 0.639365 0.0370252 0.170101 9.9964E-05 0.0559927 9.9964E-05 9.9964E-05 0.0353259 9.9964E-05 0.0285353
