9.998E-05 9.998E-05 0.9997 9.998E-05
0.12847 0.134662 0.601161 0.135707
0.152727 0.152016 0.578218 0.117039
0.019777 0.380601 0.580205 0.0194173
9.999E-05 0.535811 0.43517 0.0289186
0.0610168 0.462402 0.465264 0.011317
0.0532748 0.270173 0.676452 9.9991E-05
0.111979 0.315733 0.559049 0.0132394
0.106014 0.388071 0.49624 0.00967437
9.998E-05 9.998E-05 0.9997 9.998E-05
9.998E-05 9.998E-05 0.9997 9.998E-05
9.998E-05 9.998E-05 0.9997 9.998E-05
9.998E-05 9.998E-05 0.9997 9.998E-05
9.998E-05 9.998E-05 0.9997 9.998E-05
9.998E-05 9.998E-05 0.9997 9.998E-05
0.0288816 0.565141 0.405878 9.9991E-05
0.0440813 0.543445 0.369979 0.0424945
0.0501245 0.41212 0.512937 0.0248185
9.9991E-05 0.681506 0.306338 0.0120564
9.9982E-05 0.739522 0.260278 9.9982E-05
9.9991E-05 0.585239 0.397569 0.0170919
0.0744894 0.646732 0.278679 9.9991E-05
0.0313667 0.687037 0.281496 9.9991E-05
0.0239309 0.603224 0.372745 9.9991E-05
9.9982E-05 0.677761 0.322039 9.9982E-05
0.0185916 0.767995 0.213313 9.9991E-05
0.0577091 0.679485 0.262706 9.9991E-05
0.0635094 0.551214 0.375171 0.0101052
0.00978888 0.664385 0.325726 9.9991E-05
9.9982E-05 0.582338 0.417462 9.9982E-05
9.9991E-05 0.657859 0.34144 0.000601008
0.0162345 0.740448 0.243217 9.9991E-05
0.0476695 0.666688 0.277644 0.00799827
0.0713982 0.672221 0.256281 9.9991E-05
0.076132 0.680107 0.243661 9.9991E-05
9.9982E-05 0.604415 0.395385 9.9982E-05
0.0225502 0.814328 0.163021 9.9991E-05
0.0419131 0.785447 0.172539 9.9991E-05
0.0610077 0.707419 0.204667 0.0269067
9.9991E-05 0.80301 0.172405 0.0244849
0.080289 0.806108 0.0454872 0.0681156
0.122537 0.848244 0.029119 9.9991E-05
0.0692083 0.718347 0.188424 0.0240211
0.0725524 0.853041 0.0703649 0.00404173
0.0699988 0.859612 0.0702888 9.9991E-05
0.0596674 0.832617 0.107616 9.9991E-05
0.0577687 0.840474 0.101658 9.9991E-05
0.0580002 0.777669 0.164231 9.9991E-05
0.108491 0.73719 0.154219 9.9991E-05
0.0366417 0.651048 0.275572 0.0367391
0.0571897 0.786685 0.156026 9.9991E-05
0.0797745 0.811978 0.108148 9.9991E-05
0.105036 0.77111 0.123754 9.9991E-05
0.00700767 0.860969 0.131923 9.9991E-05
0.00337756 0.797849 0.155236 0.0435377
0.148387 0.760342 0.0891735 0.00209798
0.108917 0.708256 0.175902 0.00692409
0.0220208 0.853258 0.104704 0.0200173
0.0540176 0.852004 0.0938788 9.9991E-05
0.0677415 0.760189 0.171969 9.9991E-05
9.9982E-05 0.897848 0.101952 9.9982E-05
0.0148709 0.895024 0.090005 9.9991E-05
0.0856102 0.788997 0.0645702 0.0608229
0.0658161 0.856986 0.0408198 0.0363783
9.9982E-05 0.87247 0.12733 9.9982E-05
0.116678 0.829756 0.0532209 0.000345308
0.035551 0.913387 0.016077 0.0349853
0.128924 0.769438 0.079436 0.0222019
0.055275 0.815851 0.128774 9.9991E-05
0.0920943 0.851005 0.0427652 0.0141356
0.0521866 0.735019 0.142494 0.0703007
0.0753015 0.820162 0.0432813 0.0612551
0.0280749 0.815581 0.156244 9.9991E-05
0.0460717 0.837298 0.116531 9.9991E-05
0.0660533 0.848475 0.083036 0.00243575
0.0018239 0.935253 0.0628229 9.9991E-05
0.107242 0.840841 0.0297893 0.0221287
0.0412863 0.718465 0.105036 0.135212
0.0423366 0.839818 9.9991E-05 0.117746
0.0540494 0.843565 9.9991E-05 0.102285
0.0650228 0.870619 9.9991E-05 0.0642584
0.0346613 0.851136 9.9991E-05 0.114103
0.0625456 0.875451 9.9991E-05 0.0619038
0.0120186 0.787675 0.0884749 0.111831
0.0635269 0.726497 0.0340044 0.175972
0.127136 0.675516 0.036514 0.160834
0.0874709 0.70902 0.105348 0.098161
9.9991E-05 0.807445 0.0383841 0.154071
0.0659798 0.752187 0.00468596 0.177148
0.112625 0.75873 0.0230466 0.105599
0.090007 0.697998 0.0708265 0.141168
0.0937706 0.693986 0.0780746 0.134169
0.0813247 0.715995 0.0359954 0.166685
9.998E-05 9.998E-05 9.998E-05 0.9997
9.9982E-05 9.9982E-05 0.0307446 0.969055
9.9982E-05 0.126423 9.9982E-05 0.873377
0.00396691 9.9982E-05 9.9982E-05 0.995833
9.998E-05 9.998E-05 9.998E-05 0.9997
9.998E-05 9.998E-05 9.998E-05 0.9997
9.998E-05 9.998E-05 9.998E-05 0.9997
0.0303539 9.9991E-05 0.0360422 0.933504
9.998E-05 9.998E-05 9.998E-05 0.9997
9.998E-05 9.998E-05 9.998E-05 0.9997
0.0810084 0.815254 9.9991E-05 0.103638
9.9982E-05 0.0848566 9.9982E-05 0.914943
9.998E-05 9.998E-05 9.998E-05 0.9997
0.0111807 9.9982E-05 9.9982E-05 0.988619
0.0145342 0.878505 9.9991E-05 0.10686
0.0533405 0.822199 9.9991E-05 0.12436
0.063364 0.799791 9.9991E-05 0.136745
0.0456477 0.781931 9.9991E-05 0.172321
0.0504999 0.834273 9.9991E-05 0.115127
9.9991E-05 0.847044 0.0256036 0.127252
0.00111279 0.867164 9.9991E-05 0.131624
9.9982E-05 0.862694 9.9982E-05 0.137106
0.0715184 0.700398 9.9991E-05 0.227984
0.0585315 0.713161 9.9991E-05 0.228207
0.0524852 0.822635 0.00701692 0.117863
0.0639772 0.693618 9.9991E-05 0.242305
0.0801422 0.8813 9.9991E-05 0.0384583
0.0697109 0.803357 9.9991E-05 0.126832
0.0116557 0.966518 9.9991E-05 0.0217262
9.9982E-05 0.955796 9.9982E-05 0.0440042
0.000760053 0.988629 9.9991E-05 0.010511
9.998E-05 0.9997 9.998E-05 9.998E-05
0.0187204 0.932649 9.9991E-05 0.048531
9.9982E-05 0.961299 9.9982E-05 0.038501
9.998E-05 0.9997 9.998E-05 9.998E-05
9.9982E-05 0.995759 9.9982E-05 0.00404138
0.00991618 0.989884 9.9982E-05 9.9982E-05
9.998E-05 0.9997 9.998E-05 9.998E-05
9.9982E-05 0.866738 9.9982E-05 0.133062
9.9982E-05 0.966551 9.9982E-05 0.0332489
0.0791499 0.848829 9.9991E-05 0.0719207
0.9997 9.998E-05 9.998E-05 9.998E-05
0.0893413 0.722424 9.9991E-05 0.188134
0.9997 9.998E-05 9.998E-05 9.998E-05
0.9997 9.998E-05 9.998E-05 9.998E-05
0.928703 0.0370047 9.9991E-05 0.0341921
0.802591 0.163724 0.0335851 9.9991E-05
0.9997 9.998E-05 9.998E-05 9.998E-05
0.875695 0.124105 9.9982E-05 9.9982E-05
0.982535 9.9991E-05 0.00610428 0.0112605
0.959592 0.0402083 9.99823E-05 9.99823E-05
0.9997 9.998E-05 9.998E-05 9.998E-05
0.992535 0.00726542 9.9982E-05 9.9982E-05
0.979957 0.0198433 9.9982E-05 9.9982E-05
0.809397 0.121395 9.9991E-05 0.0691072
0.971934 9.9982E-05 9.9982E-05 0.0278663
0.865019 0.0882112 9.9991E-05 0.0466698
0.842327 0.13885 0.0187232 9.9991E-05
0.900454 0.0504453 0.0490008 9.9991E-05
0.945718 0.0273181 9.9991E-05 0.0268643
0.0576624 0.83645 0.0148589 0.0910284
0.0580601 0.843541 0.038617 0.0597818
0.0649035 0.815034 0.0167542 0.103309
0.0680683 0.803912 0.0330023 0.0950178
0.0037477 0.863576 9.9991E-05 0.132577
0.0135143 0.830609 9.9991E-05 0.155777
0.00947587 0.816814 9.9991E-05 0.17361
0.00185792 0.831233 9.9991E-05 0.166809
0.0302268 0.803251 9.9991E-05 0.166422
0.00892384 0.807546 9.9991E-05 0.18343
0.0352689 0.781296 9.9991E-05 0.183335
0.0400814 0.859417 0.00873522 0.0917667
0.0279941 0.857303 9.9991E-05 0.114603
9.998E-05 0.9997 9.998E-05 9.998E-05
9.998E-05 0.9997 9.998E-05 9.998E-05
9.998E-05 0.9997 9.998E-05 9.998E-05
9.998E-05 0.9997 9.998E-05 9.998E-05
9.998E-05 0.9997 9.998E-05 9.998E-05
9.9982E-05 0.979659 0.0201408 9.9982E-05
9.998E-05 0.9997 9.998E-05 9.998E-05
9.998E-05 0.9997 9.998E-05 9.998E-05
9.998E-05 0.9997 9.998E-05 9.998E-05
9.998E-05 0.9997 9.998E-05 9.998E-05
9.998E-05 0.9997 9.998E-05 9.998E-05
9.998E-05 0.9997 9.998E-05 9.998E-05
