9.998E-05 9.998E-05 0.9997 9.998E-05
9.9982E-05 0.0807289 0.919071 9.9982E-05
0.0632658 0.0561974 0.880437 9.9991E-05
9.999E-05 0.116472 0.532157 0.351271
0.0711145 0.051654 0.877131 9.9991E-05
9.9982E-05 9.9982E-05 0.968572 0.031228
0.0305934 0.0382845 0.916438 0.014684
0.0721758 9.9991E-05 0.857965 0.0697593
0.247691 9.9991E-05 0.705651 0.0465582
0.175036 0.1948 0.630064 9.9991E-05
9.9991E-05 0.023906 0.00833189 0.967662
0.0899601 0.00354368 9.9991E-05 0.906396
9.9982E-05 9.9982E-05 0.233524 0.766276
0.050941 0.095183 0.0123385 0.841538
9.999E-05 0.0961652 0.0386327 0.865102
9.9982E-05 9.9982E-05 0.000950439 0.99885
9.998E-05 9.998E-05 9.998E-05 0.9997
0.117101 0.13537 9.9991E-05 0.747429
0.137487 0.0585944 9.9991E-05 0.803819
0.0635658 9.9991E-05 0.00797966 0.928355
0.0496259 0.108683 0.034055 0.807637
0.0382932 0.0477072 0.256044 0.657956
9.998E-05 9.998E-05 9.998E-05 0.9997
0.0439709 0.104261 9.9991E-05 0.851668
9.9982E-05 0.158346 9.9982E-05 0.841454
0.0189215 0.240808 0.0429234 0.697347
0.360362 0.0383818 9.9991E-05 0.601156
0.0949592 0.358626 0.108972 0.437442
0.0409558 0.359939 0.0594284 0.539677
9.9982E-05 0.419261 9.9982E-05 0.580539
0.727788 0.234957 0.0371544 9.9991E-05
0.599471 0.163416 0.221208 0.015904
0.776844 0.114646 9.9991E-05 0.10841
0.846845 9.9982E-05 9.9982E-05 0.152955
0.564816 9.9982E-05 9.9982E-05 0.434984
0.859478 9.9991E-05 0.0705804 0.0698415
0.621817 9.9991E-05 0.229143 0.14894
0.622459 0.106682 0.0471187 0.22374
0.891522 9.9991E-05 0.0097784 0.0985991
0.48026 0.31726 0.0201601 0.18232
0.75934 0.107693 0.123664 0.00930188
0.427451 0.323121 0.0486762 0.200752
0.638237 0.146984 0.0237466 0.191033
0.67863 0.0827134 9.9991E-05 0.238556
0.742809 0.156824 9.9991E-05 0.100267
0.86865 0.0660025 0.00364847 0.0616991
0.984198 0.0156018 9.9982E-05 9.9982E-05
0.864591 0.135209 9.9982E-05 9.9982E-05
0.753358 0.0434122 0.0668732 0.136356
0.833219 0.0934813 0.0700175 0.00328238
0.831179 0.168621 9.9982E-05 9.9982E-05
0.9997 9.998E-05 9.998E-05 9.998E-05
0.680303 0.319497 9.9982E-05 9.9982E-05
0.894413 0.105387 9.9982E-05 9.9982E-05
0.9997 9.998E-05 9.998E-05 9.998E-05
0.720225 0.272229 0.00744654 9.9991E-05
0.0299535 0.8482 0.0278819 0.0939651
0.244598 0.596059 0.0898986 0.0694446
0.069623 0.830429 0.0998477 9.9991E-05
0.165527 0.632068 0.154774 0.047631
0.208366 0.771054 0.000836112 0.0197439
0.361087 0.597425 0.0413875 9.9991E-05
0.203555 0.682593 0.113752 9.9991E-05
9.998E-05 0.9997 9.998E-05 9.998E-05
0.0393789 0.847043 9.9991E-05 0.113478
9.9982E-05 0.996824 9.9982E-05 0.00297583
0.0227041 0.977096 9.9982E-05 9.9982E-05
9.998E-05 0.9997 9.998E-05 9.998E-05
9.998E-05 0.9997 9.998E-05 9.998E-05
0.0136191 0.962022 0.024259 9.9991E-05
0.114658 0.885142 9.9982E-05 9.9982E-05
0.308476 0.584572 0.106852 9.9991E-05
9.998E-05 0.9997 9.998E-05 9.998E-05
0.194917 0.741436 0.019823 0.0438242
9.9982E-05 0.970753 9.9982E-05 0.0290474
9.998E-05 0.9997 9.998E-05 9.998E-05
0.188072 0.697934 0.0577617 0.0562331
