0.9997 9.998E-05 9.998E-05 9.998E-05
0.586708 0.148444 0.117391 0.147457
0.575323 0.113483 0.170665 0.140528
0.590106 0.397755 0.0052668 0.00687222
0.403573 0.59017 0.0061575 9.9991E-05
0.452681 0.452271 0.0810764 0.0139716
0.68549 0.262798 0.0516117 9.9991E-05
0.576411 0.312522 0.0965233 0.0145437
0.499169 0.371277 0.0831789 0.0463744
0.9997 9.998E-05 9.998E-05 9.998E-05
0.9997 9.998E-05 9.998E-05 9.998E-05
0.9997 9.998E-05 9.998E-05 9.998E-05
0.9997 9.998E-05 9.998E-05 9.998E-05
0.9997 9.998E-05 9.998E-05 9.998E-05
0.9997 9.998E-05 9.998E-05 9.998E-05
0.431093 0.501574 0.0672327 9.9991E-05
0.383168 0.412574 0.0984952 0.105763
0.521303 0.446898 0.0316984 9.9991E-05
0.274451 0.691265 9.9991E-05 0.0341841
0.261509 0.738291 9.99823E-05 9.99823E-05
0.3791 0.606211 9.9991E-05 0.0145896
0.277945 0.617937 0.0862244 0.0178937
0.28973 0.674915 0.0352551 9.9991E-05
0.370301 0.574152 0.0554472 9.9991E-05
0.295552 0.704248 9.9982E-05 9.9982E-05
0.210501 0.789299 9.9982E-05 9.9982E-05
0.23517 0.652158 0.112571 9.9991E-05
0.333374 0.569714 0.0957458 0.00116608
0.31946 0.664067 0.0163727 9.9991E-05
0.417004 0.582796 9.9982E-05 9.9982E-05
0.36674 0.61274 9.9991E-05 0.0204197
0.253447 0.724649 0.021804 9.9991E-05
0.278588 0.656858 0.0644541 9.9991E-05
0.295861 0.615191 0.087978 0.000969811
0.302137 0.655642 0.042121 9.9991E-05
0.408585 0.591215 9.9982E-05 9.9982E-05
0.186428 0.801921 0.011551 9.9991E-05
0.176598 0.786239 0.0370627 9.9991E-05
0.202904 0.715919 0.0666052 0.0145726
0.202727 0.757873 9.9991E-05 0.0392999
0.0627236 0.80721 0.080781 0.0492856
0.104959 0.8076 0.0873405 9.9991E-05
0.209096 0.630477 0.125825 0.0346013
0.114512 0.79784 0.0785977 0.00905065
0.0985477 0.825144 0.0762083 9.9991E-05
0.111866 0.799956 0.0880779 9.9991E-05
0.08977 0.846208 0.0639221 9.9991E-05
0.121581 0.801901 0.0764181 9.9991E-05
0.18011 0.760937 0.0588528 9.9991E-05
0.289397 0.617476 0.0618247 0.0313017
0.174279 0.731566 0.0940546 9.9991E-05
0.125432 0.781386 0.0930822 9.9991E-05
0.122403 0.82087 0.0460536 0.0106729
0.11546 0.853013 0.0101861 0.0213409
0.128059 0.775727 0.0314571 0.0647566
0.0897073 0.781349 0.115574 0.0133701
0.161592 0.73681 0.0935917 0.00800677
0.116893 0.850481 0.0112167 0.0214088
0.118666 0.807768 0.0734654 9.9991E-05
0.168704 0.800522 0.0306738 9.9991E-05
0.0641209 0.931109 0.00467015 9.9991E-05
0.107811 0.869808 0.022281 9.9991E-05
0.11211 0.724321 0.104561 0.0590071
0.0468261 0.808718 0.113347 0.0311091
0.105029 0.894772 9.9982E-05 9.9982E-05
0.0597759 0.774701 0.115415 0.0501078
0.0263479 0.918225 0.00959751 0.0458295
0.0525512 0.800542 0.0907993 0.0561071
0.128997 0.802022 0.0688815 9.9991E-05
0.0440513 0.807617 0.109112 0.0392202
0.175768 0.656425 0.088619 0.0791883
0.018503 0.856807 0.0785633 0.046127
0.156978 0.810662 0.0322599 9.9991E-05
0.133178 0.832291 0.0344307 9.9991E-05
0.062508 0.892241 0.0438814 0.00136981
0.0462272 0.909448 0.0442247 9.9991E-05
0.0588456 0.820444 0.0901155 0.0305948
0.0464589 0.741176 0.0424198 0.169945
0.0129598 0.811402 0.0522485 0.12339
9.9991E-05 0.840119 0.0234575 0.136324
9.9991E-05 0.859659 0.0489098 0.0913314
9.9991E-05 0.811545 0.0193247 0.16903
9.9991E-05 0.846746 0.0442735 0.108881
0.115653 0.735547 0.0393961 0.109404
0.0391572 0.716404 0.037644 0.206794
0.0612896 0.618328 0.137862 0.182521
0.114633 0.718833 0.0754597 0.0910743
0.0291363 0.829811 0.0225728 0.11848
0.0269919 0.713402 0.0744507 0.185155
0.0117241 0.786634 0.0895294 0.112112
0.0710417 0.710338 0.0809914 0.137628
0.0612018 0.763893 0.0903736 0.084532
0.0406175 0.657642 0.0954138 0.206326
9.998E-05 9.998E-05 9.998E-05 0.9997
0.0188761 9.9991E-05 0.0322093 0.948815
0.0100058 0.127409 0.0126928 0.849893
9.998E-05 9.998E-05 9.998E-05 0.9997
9.998E-05 9.998E-05 9.998E-05 0.9997
9.998E-05 9.998E-05 9.998E-05 0.9997
9.998E-05 9.998E-05 9.998E-05 0.9997
0.0228376 0.0678963 9.9991E-05 0.909166
9.9982E-05 0.000519043 9.9982E-05 0.999281
9.998E-05 9.998E-05 9.998E-05 0.9997
9.9991E-05 0.80622 0.0828633 0.110816
9.9991E-05 0.0499277 0.00515391 0.944818
9.998E-05 9.998E-05 9.998E-05 0.9997
9.998E-05 9.998E-05 9.998E-05 0.9997
9.9991E-05 0.886394 0.0112146 0.102292
9.9991E-05 0.809416 0.0647823 0.125702
9.9991E-05 0.83646 0.0308672 0.132573
9.9991E-05 0.794272 0.0439275 0.161701
9.9991E-05 0.805209 0.0354903 0.159201
0.0155266 0.869977 9.9991E-05 0.114396
9.9991E-05 0.779975 0.0702224 0.149703
9.9982E-05 0.837662 9.9982E-05 0.162138
9.9991E-05 0.669694 0.0893368 0.24087
9.9991E-05 0.668671 0.101521 0.229707
9.9991E-05 0.831011 0.0442663 0.124623
9.9991E-05 0.729508 0.0606809 0.209711
9.9991E-05 0.831888 0.0854248 0.0825875
9.9991E-05 0.801511 0.0764723 0.121917
9.9982E-05 0.98178 9.9982E-05 0.0180197
9.9991E-05 0.909076 0.0206533 0.0701702
9.9982E-05 0.972407 9.9982E-05 0.0273926
9.998E-05 0.9997 9.998E-05 9.998E-05
9.9982E-05 0.945109 9.9982E-05 0.0546912
9.9982E-05 0.931934 9.9982E-05 0.0678664
9.9982E-05 0.95772 9.9982E-05 0.0420796
9.9982E-05 0.947947 9.9982E-05 0.0518532
9.9982E-05 0.994293 0.00550751 9.9982E-05
9.9982E-05 0.989455 9.9982E-05 0.0103448
9.9991E-05 0.901659 0.0215044 0.076737
9.9982E-05 0.957975 9.9982E-05 0.0418249
9.9991E-05 0.893221 0.0904984 0.016181
9.998E-05 9.998E-05 0.9997 9.998E-05
9.9991E-05 0.658295 0.131919 0.209687
9.9982E-05 9.9982E-05 0.974028 0.0257725
9.998E-05 9.998E-05 0.9997 9.998E-05
9.9982E-05 9.9982E-05 0.972998 0.0268018
0.0313335 0.122947 0.783422 0.0622972
9.998E-05 9.998E-05 0.9997 9.998E-05
9.9982E-05 0.096207 0.903593 9.9982E-05
9.9982E-05 9.9982E-05 0.976307 0.0234933
9.9982E-05 9.9982E-05 0.981659 0.0181415
9.998E-05 9.998E-05 0.9997 9.998E-05
9.998E-05 9.998E-05 0.9997 9.998E-05
9.9991E-05 0.0470551 0.936349 0.0164959
9.9991E-05 0.168836 0.830213 0.0008509
9.9991E-05 0.0158674 0.947688 0.0363442
9.9991E-05 0.100923 0.861147 0.0378303
0.00867114 0.172737 0.818492 9.9991E-05
0.0152164 0.0905375 0.894146 9.9991E-05
9.9991E-05 0.0332232 0.961649 0.00502774
0.0164537 0.835953 0.0766737 0.0709194
0.0406946 0.856819 0.0455942 0.0568921
0.0350245 0.828692 0.0490886 0.0871945
0.0494462 0.790226 0.0801476 0.0801806
9.9991E-05 0.823908 0.0114953 0.164497
9.99821E-05 0.825351 9.99821E-05 0.17445
9.9991E-05 0.781726 0.0393802 0.178794
9.9991E-05 0.805517 0.0102435 0.18414
9.9991E-05 0.728209 0.0341548 0.237536
9.9991E-05 0.761897 0.0321604 0.205842
9.9991E-05 0.773779 0.0261995 0.199921
0.0238883 0.82706 0.0553415 0.0937099
9.9991E-05 0.791339 0.0258004 0.182761
9.998E-05 0.9997 9.998E-05 9.998E-05
9.998E-05 0.9997 9.998E-05 9.998E-05
9.998E-05 0.9997 9.998E-05 9.998E-05
9.998E-05 0.9997 9.998E-05 9.998E-05
9.998E-05 0.9997 9.998E-05 9.998E-05
9.998E-05 0.9997 9.998E-05 9.998E-05
9.998E-05 0.9997 9.998E-05 9.998E-05
9.998E-05 0.9997 9.998E-05 9.998E-05
9.998E-05 0.9997 9.998E-05 9.998E-05
9.998E-05 0.9997 9.998E-05 9.998E-05
9.998E-05 0.9997 9.998E-05 9.998E-05
9.998E-05 0.9997 9.998E-05 9.998E-05
