9.998E-05 9.998E-05 0.9997 9.998E-05
0.125328 0.189582 0.589506 0.0955843
0.109917 0.115495 0.592271 0.182317
9.999E-05 0.427379 0.558116 0.0144053
9.999E-05 0.593452 0.397816 0.00863186
0.0460397 0.404143 0.47656 0.0732571
9.999E-05 0.290451 0.673608 0.0358408
0.0376654 0.327772 0.561952 0.0726098
0.0263932 0.366686 0.523369 0.0835513
9.998E-05 9.998E-05 0.9997 9.998E-05
9.998E-05 9.998E-05 0.9997 9.998E-05
9.998E-05 9.998E-05 0.9997 9.998E-05
9.998E-05 9.998E-05 0.9997 9.998E-05
9.998E-05 9.998E-05 0.9997 9.998E-05
0.000542679 0.0101673 0.979322 0.00996764
9.9982E-05 0.590942 0.408858 9.9982E-05
0.0177465 0.537091 0.381024 0.0641386
0.0200247 0.408311 0.529045 0.0426193
9.9982E-05 0.703975 0.295825 9.9982E-05
9.9991E-05 0.742482 0.255685 0.00173271
0.00836981 0.594725 0.396805 9.9991E-05
0.00785636 0.654428 0.268344 0.0693716
9.9991E-05 0.680418 0.278372 0.0411104
9.9991E-05 0.648644 0.348287 0.0029693
9.9982E-05 0.687223 0.312577 9.9982E-05
9.9991E-05 0.73746 0.243139 0.0193015
9.9991E-05 0.662791 0.244744 0.092365
9.9991E-05 0.568288 0.353474 0.0781379
9.9982E-05 0.693967 0.305833 9.9982E-05
9.9991E-05 0.597417 0.39561 0.00687333
9.9982E-05 0.623667 0.376133 9.9982E-05
9.9991E-05 0.701584 0.260853 0.0374631
9.9991E-05 0.6648 0.272055 0.0630443
9.9991E-05 0.697721 0.247801 0.0543782
9.9991E-05 0.677215 0.284667 0.0380183
9.9982E-05 0.589469 0.410332 9.9982E-05
9.9991E-05 0.794026 0.174532 0.031342
9.9991E-05 0.757761 0.183738 0.058401
0.0318936 0.708904 0.191006 0.0681957
0.0127346 0.795283 0.191882 9.9991E-05
0.0585746 0.73239 0.102906 0.10613
0.0271919 0.808897 0.10064 0.0632716
0.0687609 0.58241 0.202395 0.146434
0.0523001 0.781933 0.0806387 0.0851277
9.9991E-05 0.839703 0.0774149 0.0827822
9.9991E-05 0.812145 0.0854756 0.102279
9.9991E-05 0.821245 0.0975838 0.081071
9.9991E-05 0.766805 0.133285 0.09981
9.9991E-05 0.770455 0.157047 0.0723976
0.0272948 0.648324 0.271993 0.0523872
0.039538 0.708842 0.162825 0.0887945
9.9991E-05 0.821255 0.0934613 0.0851835
9.9991E-05 0.875955 0.0709187 0.0530268
0.00639802 0.873196 0.120306 9.9991E-05
0.0689445 0.749007 0.144861 0.0371874
0.0227855 0.722443 0.105476 0.149296
9.9991E-05 0.732481 0.189957 0.0774626
0.00327235 0.846733 0.113111 0.0368838
9.9991E-05 0.82146 0.0983937 0.0800459
0.00327956 0.789766 0.206855 9.9991E-05
9.9991E-05 0.885414 0.110243 0.00424276
9.9982E-05 0.888509 0.111291 9.9982E-05
0.0538636 0.753326 0.0933512 0.0994589
9.9991E-05 0.899635 0.0122119 0.0880535
0.0146806 0.879241 0.105978 9.9991E-05
9.9991E-05 0.843159 0.0469193 0.109821
0.0542789 0.867425 0.0280407 0.0502551
0.0246472 0.839388 0.0424248 0.09354
0.00944398 0.774978 0.135864 0.079714
0.0200789 0.86307 0.0152217 0.10163
0.0409276 0.693367 0.138155 0.12755
0.0720128 0.819616 9.9991E-05 0.108271
9.9991E-05 0.778551 0.159039 0.06231
9.9991E-05 0.809096 0.161728 0.0290761
0.0184099 0.869622 0.0572959 0.0546723
0.0116882 0.904483 0.0473739 0.0364547
0.0212181 0.845905 0.0291389 0.103738
0.137253 0.718447 0.091668 0.0526323
0.125588 0.785723 0.00692462 0.0817647
0.135645 0.836399 9.9991E-05 0.0278564
0.0836946 0.896276 9.9991E-05 0.0199296
0.159823 0.785937 9.9991E-05 0.0541407
0.0874906 0.883084 9.9991E-05 0.0293253
0.153907 0.801929 0.0397842 0.00438023
0.284394 0.62149 0.0460091 0.0481076
0.182166 0.680151 0.0203 0.117383
0.0868639 0.675374 0.120173 0.117589
0.144291 0.798466 0.0571426 9.9991E-05
0.169193 0.674056 0.0662622 0.090489
0.0838609 0.787308 0.0355326 0.0932989
0.151013 0.649793 0.100665 0.098529
0.146951 0.674632 0.102507 0.0759097
0.174901 0.687433 0.0379314 0.0997347
0.9997 9.998E-05 9.998E-05 9.998E-05
0.939029 9.9991E-05 0.0407773 0.0200934
0.828543 0.136062 0.0352945 9.9991E-05
0.9997 9.998E-05 9.998E-05 9.998E-05
0.9997 9.998E-05 9.998E-05 9.998E-05
0.9997 9.998E-05 9.998E-05 9.998E-05
0.9997 9.998E-05 9.998E-05 9.998E-05
0.955569 0.00864092 0.0356905 9.9991E-05
0.9997 9.998E-05 9.998E-05 9.998E-05
0.9997 9.998E-05 9.998E-05 9.998E-05
0.13485 0.799138 9.9991E-05 0.0659121
0.891791 0.108009 9.9982E-05 9.9982E-05
0.9997 9.998E-05 9.998E-05 9.998E-05
0.990949 0.00885121 9.9982E-05 9.9982E-05
0.13712 0.86268 9.9982E-05 9.9982E-05
0.131606 0.81295 9.9991E-05 0.0553439
0.13106 0.804864 9.9991E-05 0.0639768
0.157708 0.809055 9.9991E-05 0.033137
0.120431 0.8438 9.9991E-05 0.0356697
0.117078 0.872237 0.0105841 9.9991E-05
0.190703 0.763458 9.9993E-05 0.0457395
0.142227 0.844366 9.9991E-05 0.0133067
0.207129 0.704387 9.9991E-05 0.088384
0.195833 0.740009 9.9991E-05 0.0640577
0.132493 0.812545 9.9991E-05 0.054862
0.206294 0.75876 9.9991E-05 0.0348461
0.0819508 0.802787 9.9991E-05 0.115162
0.11274 0.839997 9.9991E-05 0.0471627
0.00616362 0.986969 9.9991E-05 0.00676787
0.077754 0.922046 9.9982E-05 9.9982E-05
0.00511068 0.994689 9.9982E-05 9.9982E-05
9.998E-05 0.9997 9.998E-05 9.998E-05
0.017488 0.982312 9.9982E-05 9.9982E-05
0.0210221 0.978778 9.9982E-05 9.9982E-05
0.0293725 0.970428 9.9982E-05 9.9982E-05
0.0326248 0.967175 9.9982E-05 9.9982E-05
9.998E-05 0.9997 9.998E-05 9.998E-05
9.998E-05 0.9997 9.998E-05 9.998E-05
0.118928 0.880872 9.9982E-05 9.9982E-05
0.0364705 0.96333 9.9982E-05 9.9982E-05
0.0411673 0.877345 9.9991E-05 0.0813874
9.998E-05 9.998E-05 9.998E-05 0.9997
0.196052 0.704298 9.9991E-05 0.0995497
9.998E-05 9.998E-05 9.998E-05 0.9997
9.998E-05 9.998E-05 9.998E-05 0.9997
0.0237973 9.9982E-05 9.9982E-05 0.976003
0.0426499 0.153842 0.0109074 0.792601
9.998E-05 9.998E-05 9.998E-05 0.9997
9.9982E-05 0.0744293 9.9982E-05 0.925371
9.998E-05 9.998E-05 9.998E-05 0.9997
0.00332785 0.0426866 9.9991E-05 0.953886
9.998E-05 9.998E-05 9.998E-05 0.9997
9.998E-05 9.998E-05 9.998E-05 0.9997
0.00620691 0.039537 9.9991E-05 0.954156
0.0354618 0.135564 9.9991E-05 0.828874
9.9991E-05 0.0119892 0.00208033 0.98583
0.011005 0.0854184 9.9991E-05 0.903477
9.9991E-05 0.0925859 0.0106397 0.896674
0.0183865 0.0325639 0.0447612 0.904288
0.0152857 0.0648729 9.9991E-05 0.919741
0.108533 0.813417 0.014819 0.0632307
0.0326607 0.925648 9.9991E-05 0.0415915
0.104628 0.822426 0.0260408 0.0469055
0.0828968 0.800296 0.0591131 0.0576938
0.147631 0.8357 9.9991E-05 0.0165698
0.181009 0.818791 9.99821E-05 9.99821E-05
0.178775 0.806244 9.9991E-05 0.0148803
0.175245 0.824555 9.9982E-05 9.9982E-05
0.181754 0.798201 9.9991E-05 0.0199452
0.199069 0.776087 9.9991E-05 0.0247436
0.175137 0.800754 9.9991E-05 0.0240084
0.132976 0.822205 0.0221486 0.0226706
0.123266 0.843418 9.9991E-05 0.0332158
9.998E-05 0.9997 9.998E-05 9.998E-05
9.998E-05 0.9997 9.998E-05 9.998E-05
9.998E-05 0.9997 9.998E-05 9.998E-05
9.998E-05 0.9997 9.998E-05 9.998E-05
9.998E-05 0.9997 9.998E-05 9.998E-05
9.9982E-05 0.981119 0.0186811 9.9982E-05
9.998E-05 0.9997 9.998E-05 9.998E-05
9.998E-05 0.9997 9.998E-05 9.998E-05
9.998E-05 0.9997 9.998E-05 9.998E-05
9.998E-05 0.9997 9.998E-05 9.998E-05
9.998E-05 0.9997 9.998E-05 9.998E-05
9.998E-05 0.9997 9.998E-05 9.998E-05
