9.998E-05 9.998E-05 9.998E-05 0.9997
0.115152 0.0907505 0.21471 0.579388
0.117583 0.177582 0.0856762 0.619159
0.0267002 0.0271027 0.315391 0.630806
9.999E-05 0.00175909 0.584159 0.413982
0.0148473 0.102378 0.425296 0.457479
9.999E-05 0.0415983 0.254946 0.703356
0.0202353 0.0915091 0.300755 0.5875
0.0283707 0.105066 0.349982 0.516581
9.998E-05 9.998E-05 9.998E-05 0.9997
9.998E-05 9.998E-05 9.998E-05 0.9997
9.998E-05 9.998E-05 9.998E-05 0.9997
9.998E-05 9.998E-05 9.998E-05 0.9997
9.998E-05 9.998E-05 9.998E-05 0.9997
9.998E-05 9.998E-05 9.998E-05 0.9997
0.0119596 0.0548183 0.517011 0.416211
0.0521764 0.116953 0.42929 0.40158
9.9991E-05 0.0156792 0.424368 0.559853
0.0213504 0.00428051 0.676519 0.29785
9.9991E-05 0.0146662 0.719214 0.26602
0.0241936 9.9991E-05 0.569765 0.405941
9.9991E-05 0.0926369 0.616163 0.2911
0.0170871 0.0552871 0.632775 0.294851
9.9991E-05 0.0310043 0.596724 0.372171
0.00382752 9.9991E-05 0.645357 0.350716
9.9991E-05 0.000229879 0.748768 0.250903
9.9991E-05 0.0714173 0.675352 0.253131
9.9991E-05 0.0359822 0.58237 0.381548
9.9991E-05 0.00411212 0.677958 0.31783
9.9982E-05 9.9982E-05 0.565462 0.434338
9.9982E-05 9.9982E-05 0.603985 0.395815
0.00119077 0.0029312 0.752222 0.243656
0.00762172 0.0606745 0.65205 0.279654
9.9991E-05 0.0747997 0.637699 0.287402
9.9991E-05 0.0689575 0.623611 0.307331
9.9982E-05 9.9982E-05 0.571334 0.428466
9.9991E-05 0.024553 0.752068 0.223279
9.9991E-05 0.0231391 0.763674 0.213086
0.038333 0.0481848 0.697162 0.216321
0.0100034 9.9991E-05 0.77451 0.215386
0.0837373 0.108083 0.727669 0.080511
0.0374369 0.0730452 0.752122 0.137396
0.0549192 0.122379 0.616982 0.20572
0.0231648 0.0881724 0.796046 0.0926173
9.9991E-05 0.0904556 0.838283 0.0711614
9.9991E-05 0.0730231 0.804622 0.122255
9.9991E-05 0.0710976 0.801902 0.1269
9.9991E-05 0.0983093 0.7502 0.151391
9.9991E-05 0.0446608 0.801171 0.154068
0.018181 0.0446825 0.64243 0.294706
0.0317953 0.0965166 0.681805 0.189883
9.9991E-05 0.104203 0.752865 0.142832
9.9991E-05 0.0458734 0.802216 0.151811
0.00227548 9.9991E-05 0.865542 0.132083
0.0551177 0.0265475 0.76653 0.151805
0.0114881 0.13573 0.759039 0.0937435
9.9991E-05 0.0997926 0.748053 0.152055
0.0152292 9.9991E-05 0.851812 0.132859
9.9991E-05 0.0630586 0.783855 0.152987
0.0450334 0.0313863 0.76791 0.15567
9.9991E-05 0.0135424 0.900972 0.0853858
0.0433425 0.0144092 0.824106 0.118143
0.0448922 0.109781 0.761106 0.0842208
0.035374 0.086991 0.852303 0.0253322
9.9982E-05 9.9982E-05 0.863466 0.136334
9.9991E-05 0.139319 0.759439 0.101142
0.0731273 0.026629 0.860828 0.0394161
0.0271604 0.101599 0.816943 0.0542979
0.0108976 0.0554165 0.778497 0.155188
9.9991E-05 0.115943 0.852083 0.0318743
0.0842218 0.10889 0.643022 0.163866
0.0381645 0.105299 0.813243 0.0432941
9.9991E-05 0.0369346 0.798283 0.164682
9.9991E-05 0.0394785 0.813628 0.146793
0.00948016 0.0832066 0.803152 0.104161
0.0027333 0.035527 0.897882 0.0638573
0.0346732 0.142212 0.784922 0.0381925
0.147349 0.0664005 0.695392 0.0908586
0.0963656 0.0694364 0.834098 9.9991E-05
0.108035 0.0457838 0.846081 9.9991E-05
0.0720629 0.0819504 0.831803 0.0141835
0.129517 0.0414916 0.828891 9.9991E-05
0.126989 0.064032 0.808879 9.9991E-05
0.111101 0.041933 0.796765 0.0502008
0.223457 0.0805504 0.614591 0.081402
0.180001 0.126519 0.654504 0.0389763
0.0692322 0.115542 0.712089 0.103137
0.10592 9.9991E-05 0.840041 0.0539391
0.142305 0.0748973 0.72856 0.0542385
0.0776205 0.079678 0.818026 0.024675
0.141029 0.0971839 0.682968 0.0788195
0.119661 0.0899264 0.707196 0.0832159
0.194993 0.109989 0.661243 0.0337753
0.985657 0.0141433 9.9982E-05 9.9982E-05
0.962059 0.0355484 9.9991E-05 0.00229296
0.865715 9.9991E-05 0.108531 0.0256539
0.9997 9.998E-05 9.998E-05 9.998E-05
0.9997 9.998E-05 9.998E-05 9.998E-05
0.9997 9.998E-05 9.998E-05 9.998E-05
0.9997 9.998E-05 9.998E-05 9.998E-05
0.931282 9.9991E-05 0.0186654 0.0499528
0.9997 9.998E-05 9.998E-05 9.998E-05
0.9997 9.998E-05 9.998E-05 9.998E-05
0.103741 0.0611095 0.835049 9.9991E-05
0.955345 9.9982E-05 0.0444548 9.9982E-05
0.9997 9.998E-05 9.998E-05 9.998E-05
0.998453 9.9982E-05 0.00134678 9.9982E-05
0.0970985 9.9982E-05 0.902702 9.9982E-05
0.115506 0.0392776 0.845116 9.9991E-05
0.106813 0.0495583 0.843529 9.9991E-05
0.16304 0.0745684 0.762292 9.9991E-05
0.175522 0.0579364 0.766442 9.9991E-05
0.121106 0.023964 0.848057 0.00687255
0.172019 0.0113436 0.807203 0.00943437
0.134812 9.9982E-05 0.864988 9.9982E-05
0.239346 0.10568 0.654874 9.9991E-05
0.238207 0.0591876 0.678753 0.0238524
0.120333 0.0525797 0.826987 9.9991E-05
0.240239 0.0334118 0.712944 0.0134054
0.0812211 0.0630675 0.855611 9.9991E-05
0.145284 0.0555277 0.799088 9.9991E-05
9.998E-05 9.998E-05 0.9997 9.998E-05
0.0420095 9.9982E-05 0.957791 9.9982E-05
9.998E-05 9.998E-05 0.9997 9.998E-05
9.998E-05 9.998E-05 0.9997 9.998E-05
0.0144904 9.9982E-05 0.98531 9.9982E-05
0.0200252 9.9982E-05 0.979775 9.9982E-05
0.0526496 9.9982E-05 0.94715 9.9982E-05
0.0156029 9.9982E-05 0.984197 9.9982E-05
9.9982E-05 0.00503953 0.994761 9.9982E-05
0.00917048 9.9982E-05 0.99063 9.9982E-05
0.0759887 9.9982E-05 0.923811 9.9982E-05
0.00642679 9.9982E-05 0.993373 9.9982E-05
0.0411963 0.10643 0.852273 9.9991E-05
9.998E-05 0.9997 9.998E-05 9.998E-05
0.199996 0.100099 0.699805 9.9991E-05
9.998E-05 0.9997 9.998E-05 9.998E-05
9.998E-05 0.9997 9.998E-05 9.998E-05
0.030511 0.969289 9.9982E-05 9.9982E-05
9.9991E-05 0.779948 0.184955 0.0349966
9.998E-05 0.9997 9.998E-05 9.998E-05
9.9982E-05 0.918437 0.0813629 9.9982E-05
0.0126466 0.980126 9.9991E-05 0.00712724
0.000753662 0.999046 9.9982E-05 9.9982E-05
9.9982E-05 0.994221 9.9982E-05 0.0055788
9.9982E-05 0.985921 0.0138794 9.9982E-05
0.00742896 0.969497 0.0229739 9.9991E-05
0.032773 0.813742 0.153385 9.9991E-05
9.9982E-05 0.934087 0.0657131 9.9982E-05
0.00610939 0.864857 0.123504 0.00552985
9.9982E-05 0.907473 0.0923271 9.9982E-05
9.9991E-05 0.86434 0.108265 0.0272947
9.9982E-05 0.974218 0.0255822 9.9982E-05
0.0562602 0.0201262 0.902405 0.0212088
0.039358 0.0370925 0.897106 0.0264436
0.0907715 0.0542134 0.81803 0.0369849
0.0645601 0.0685392 0.817374 0.0495268
0.14874 0.0108513 0.840309 9.9991E-05
0.162191 0.0133582 0.824351 9.9991E-05
0.15168 0.0307288 0.817491 9.9991E-05
0.132893 0.0115428 0.855464 9.9991E-05
0.134413 0.047366 0.818121 9.9991E-05
0.155596 0.0307095 0.813594 9.9991E-05
0.155133 0.0214625 0.823304 9.9991E-05
0.107951 0.0678876 0.771457 0.0527036
0.0956318 0.0313817 0.872886 9.9991E-05
9.998E-05 9.998E-05 0.9997 9.998E-05
9.998E-05 9.998E-05 0.9997 9.998E-05
9.998E-05 9.998E-05 0.9997 9.998E-05
9.998E-05 9.998E-05 0.9997 9.998E-05
9.998E-05 9.998E-05 0.9997 9.998E-05
9.998E-05 9.998E-05 0.9997 9.998E-05
9.998E-05 9.998E-05 0.9997 9.998E-05
9.998E-05 9.998E-05 0.9997 9.998E-05
9.998E-05 9.998E-05 0.9997 9.998E-05
9.998E-05 9.998E-05 0.9997 9.998E-05
9.998E-05 9.998E-05 0.9997 9.998E-05
9.998E-05 9.998E-05 0.9997 9.998E-05
