9.998E-05 0.9997 9.998E-05 9.998E-05
0.118252 0.549457 0.23152 0.100771
0.109307 0.624032 0.103989 0.162672
9.999E-05 0.551012 0.436615 0.0122738
9.9982E-05 0.404229 0.595571 9.9982E-05
0.0138356 0.467759 0.425372 0.0930332
9.999E-05 0.681669 0.304425 0.0138054
0.0125875 0.54342 0.330925 0.113068
0.0202508 0.505259 0.357331 0.11716
9.998E-05 0.9997 9.998E-05 9.998E-05
9.998E-05 0.9997 9.998E-05 9.998E-05
9.998E-05 0.9997 9.998E-05 9.998E-05
9.998E-05 0.9997 9.998E-05 9.998E-05
9.998E-05 0.9997 9.998E-05 9.998E-05
0.00239179 0.975529 9.9991E-05 0.0219796
9.9991E-05 0.418798 0.495396 0.0857061
0.0265429 0.415083 0.514845 0.0435294
0.0132105 0.544645 0.383388 0.0587559
0.00127456 0.293625 0.705001 9.9991E-05
9.9991E-05 0.257288 0.740109 0.00250309
9.9982E-05 0.394295 0.605505 9.9982E-05
0.0167455 0.276087 0.626522 0.0806458
9.9991E-05 0.283386 0.670634 0.0458803
9.9991E-05 0.355686 0.632221 0.0119929
9.9982E-05 0.338776 0.661024 9.9982E-05
9.9982E-05 0.221406 0.778394 9.9982E-05
9.9991E-05 0.259852 0.676512 0.0635359
9.9991E-05 0.348156 0.611871 0.0398731
9.9991E-05 0.348044 0.641836 0.0100199
0.0111876 0.413573 0.575139 9.9991E-05
9.9982E-05 0.374184 0.625616 9.9982E-05
9.9991E-05 0.295086 0.691108 0.0137063
0.0415635 0.254912 0.640227 0.0632981
9.9991E-05 0.26944 0.663567 0.0668926
0.0281205 0.308957 0.637894 0.0250282
9.9982E-05 0.404234 0.595566 9.9982E-05
9.9982E-05 0.168255 0.831545 9.9982E-05
9.9991E-05 0.202446 0.770739 0.0267142
0.0465545 0.209117 0.668844 0.0754847
9.9982E-05 0.221636 0.778164 9.9982E-05
0.0472347 0.057123 0.802847 0.0927954
0.0103773 0.0650347 0.821607 0.102981
0.0511084 0.207502 0.606431 0.134959
9.9991E-05 0.0843203 0.83987 0.07571
9.9991E-05 0.0757296 0.847101 0.0770692
9.9991E-05 0.0958794 0.830121 0.0738999
9.9991E-05 0.0810497 0.875353 0.043497
0.0216535 0.118196 0.820556 0.0395944
9.9991E-05 0.158796 0.797744 0.0433597
0.0327294 0.288574 0.658507 0.0201902
0.0287229 0.166828 0.763412 0.0410368
9.9991E-05 0.108376 0.808648 0.082876
9.9991E-05 0.118315 0.806563 0.0750224
0.0134659 0.10875 0.877684 9.9991E-05
0.0480665 0.115613 0.811527 0.0247937
0.0161645 0.093619 0.766951 0.123265
9.9991E-05 0.168006 0.735601 0.0962929
0.0259751 0.0968256 0.877099 9.9991E-05
9.9991E-05 0.133169 0.773236 0.0934948
9.9991E-05 0.150072 0.808447 0.0413805
9.9982E-05 0.101791 0.898009 9.9982E-05
9.9991E-05 0.0981803 0.897938 0.00378212
0.0241659 0.0800962 0.804057 0.0916805
0.104051 0.0364715 0.769902 0.0895758
9.9982E-05 0.114924 0.884876 9.9982E-05
0.00938793 0.0506229 0.836235 0.103754
0.03174 0.049769 0.891103 0.0273876
0.032068 0.070087 0.817553 0.0802923
9.9991E-05 0.160802 0.827755 0.0113428
0.0268779 0.0398634 0.787367 0.145892
0.0581737 0.161677 0.667686 0.112463
0.0324223 0.0367724 0.841782 0.0890232
9.9991E-05 0.166522 0.785988 0.0473896
9.9991E-05 0.120808 0.869266 0.00982559
9.9991E-05 0.0943785 0.859011 0.0465104
9.9982E-05 0.0427348 0.957065 9.9982E-05
0.0438068 0.0350468 0.827245 0.0939017
0.150206 0.0960946 0.695119 0.0585806
0.0931701 0.0076942 0.852055 0.0470807
0.122088 9.9991E-05 0.851431 0.0263812
0.0300037 0.00433696 0.933241 0.0324186
0.118338 9.9991E-05 0.850886 0.0306756
0.107123 9.9991E-05 0.821339 0.0714379
0.162493 0.0423656 0.730147 0.0649948
0.217526 0.056421 0.682646 0.0434075
0.11743 0.0390547 0.731437 0.112079
0.0635302 0.0932308 0.746531 0.0967081
0.108842 0.0532282 0.83783 9.9991E-05
0.16286 0.0142761 0.675184 0.14768
0.0996338 0.0207566 0.780874 0.0987359
0.156535 0.072201 0.669651 0.101612
0.115281 0.0858982 0.698989 0.0998317
0.198639 0.038575 0.679531 0.0832549
0.9997 9.998E-05 9.998E-05 9.998E-05
0.956946 0.0264581 0.00473804 0.0118579
0.845884 0.0247081 0.129307 9.9991E-05
0.9997 9.998E-05 9.998E-05 9.998E-05
0.9997 9.998E-05 9.998E-05 9.998E-05
0.9997 9.998E-05 9.998E-05 9.998E-05
0.9997 9.998E-05 9.998E-05 9.998E-05
0.94086 0.0307257 0.0283147 9.9991E-05
0.9997 9.998E-05 9.998E-05 9.998E-05
0.9997 9.998E-05 9.998E-05 9.998E-05
0.11428 9.9991E-05 0.790418 0.0952012
0.891948 9.9991E-05 0.0911888 0.0167634
0.994032 9.9982E-05 9.9982E-05 0.00576824
0.9997 9.998E-05 9.998E-05 9.998E-05
0.102048 9.9991E-05 0.862701 0.0351506
0.110757 9.9991E-05 0.846343 0.0428002
0.147638 9.9991E-05 0.796372 0.0558898
0.115266 9.9991E-05 0.858236 0.026398
0.116295 9.9991E-05 0.84933 0.0342746
0.106016 9.9991E-05 0.857058 0.0368264
0.160051 0.0357029 0.784837 0.0194091
0.132706 9.9982E-05 0.867094 9.9982E-05
0.252213 9.9991E-05 0.686265 0.0614219
0.19032 9.9991E-05 0.744314 0.0652664
0.113589 0.00300197 0.822429 0.0609802
0.186131 9.9991E-05 0.747619 0.0661499
0.11135 0.0013688 0.840105 0.0471763
0.128902 9.9991E-05 0.81679 0.0542078
0.0360171 9.9982E-05 0.963783 9.9982E-05
0.0706772 9.9991E-05 0.919763 0.00945976
0.0150148 9.9982E-05 0.984785 9.9982E-05
0.0180041 9.9982E-05 0.981796 9.9982E-05
0.0160897 9.9982E-05 0.98371 9.9982E-05
0.0470923 9.9982E-05 0.952708 9.9982E-05
0.00698944 9.9982E-05 0.992811 9.9982E-05
0.0409245 9.9991E-05 0.952271 0.00670453
9.9982E-05 9.9982E-05 0.96696 0.0328405
0.0265253 9.9982E-05 0.973275 9.9982E-05
0.0464281 9.9991E-05 0.930806 0.0226659
0.0456353 9.9982E-05 0.954165 9.9982E-05
0.0578646 9.9991E-05 0.859406 0.0826296
9.998E-05 9.998E-05 9.998E-05 0.9997
0.208115 9.9991E-05 0.700615 0.0911698
9.998E-05 9.998E-05 9.998E-05 0.9997
9.998E-05 9.998E-05 9.998E-05 0.9997
0.0448865 0.0181001 9.9991E-05 0.936913
9.9991E-05 0.00114119 0.21139 0.787369
9.998E-05 9.998E-05 9.998E-05 0.9997
0.0334303 9.9991E-05 0.131532 0.834937
9.9982E-05 0.00859992 9.9982E-05 0.9912
9.9982E-05 9.9982E-05 0.0285774 0.971223
9.998E-05 9.998E-05 9.998E-05 0.9997
9.998E-05 9.998E-05 9.998E-05 0.9997
0.00272205 9.9991E-05 0.0748558 0.922322
0.0304302 9.9991E-05 0.157248 0.812222
9.9991E-05 0.0100561 0.081393 0.908451
0.0562921 0.00397896 0.038133 0.901596
9.9991E-05 0.00720423 0.144401 0.848295
0.0207251 0.0477563 0.0937357 0.837783
0.000189556 9.9991E-05 0.0487373 0.950973
0.084394 0.0292132 0.83735 0.0490432
0.0706777 0.040232 0.853394 0.0356962
0.0927165 0.0374022 0.815116 0.054765
0.0430447 0.0380638 0.869288 0.0496032
0.1858 9.9991E-05 0.77071 0.0433891
0.197706 9.9991E-05 0.780586 0.0216084
0.17423 9.9991E-05 0.778436 0.0472339
0.2154 9.9991E-05 0.735778 0.0487222
0.21201 9.9991E-05 0.740687 0.0472036
0.209099 9.9991E-05 0.773014 0.0177873
0.170615 9.9991E-05 0.795938 0.0333465
0.131394 0.0558689 0.747018 0.0657193
0.18036 9.9991E-05 0.77573 0.0438099
9.998E-05 9.998E-05 0.9997 9.998E-05
9.998E-05 9.998E-05 0.9997 9.998E-05
9.998E-05 9.998E-05 0.9997 9.998E-05
9.998E-05 9.998E-05 0.9997 9.998E-05
9.998E-05 9.998E-05 0.9997 9.998E-05
9.9982E-05 0.0235029 0.976297 9.9982E-05
9.998E-05 9.998E-05 0.9997 9.998E-05
9.998E-05 9.998E-05 0.9997 9.998E-05
9.998E-05 9.998E-05 0.9997 9.998E-05
9.998E-05 9.998E-05 0.9997 9.998E-05
9.998E-05 9.998E-05 0.9997 9.998E-05
9.998E-05 9.998E-05 0.9997 9.998E-05
