9.998E-05 9.998E-05 9.998E-05 0.9997
0.0849394 0.119358 0.185405 0.610298
0.156497 0.107626 0.114356 0.621521
0.0590968 9.9991E-05 0.344636 0.596168
9.9982E-05 9.9982E-05 0.582239 0.417561
0.0715753 0.0019686 0.437486 0.48897
0.0301154 0.00346859 0.249624 0.716792
0.10362 0.0448466 0.252042 0.599491
0.060791 0.00802978 0.419494 0.511685
9.998E-05 9.998E-05 9.998E-05 0.9997
9.998E-05 9.998E-05 9.998E-05 0.9997
9.998E-05 9.998E-05 9.998E-05 0.9997
9.998E-05 9.998E-05 9.998E-05 0.9997
9.998E-05 9.998E-05 9.998E-05 0.9997
9.998E-05 9.998E-05 9.998E-05 0.9997
0.0487898 9.9991E-05 0.516578 0.434532
0.0346982 0.0337726 0.516381 0.415148
0.0564275 0.00270298 0.421137 0.519732
9.9982E-05 9.9982E-05 0.704591 0.295209
9.9982E-05 9.9982E-05 0.722094 0.277706
9.9982E-05 9.9982E-05 0.588459 0.411341
0.0953603 0.00999768 0.615928 0.278714
0.0309167 9.9991E-05 0.650709 0.318274
0.0363066 9.9991E-05 0.576796 0.386797
9.9982E-05 9.9982E-05 0.667224 0.332576
9.9982E-05 9.9982E-05 0.774715 0.225085
0.0587677 9.9991E-05 0.687238 0.253894
0.0390487 9.9991E-05 0.58964 0.371211
0.00155568 9.9991E-05 0.652393 0.345951
9.9991E-05 0.00276233 0.542811 0.454327
9.9991E-05 0.0203461 0.592901 0.386653
0.000495178 9.9991E-05 0.712837 0.286568
0.0553048 0.00599989 0.670962 0.267733
0.0668773 0.0227521 0.607116 0.303255
0.0563208 9.9991E-05 0.652437 0.291142
9.9982E-05 9.9982E-05 0.606847 0.392953
0.0250065 9.9991E-05 0.779566 0.195327
0.0516912 9.9991E-05 0.732525 0.215684
0.0916114 0.0107178 0.638066 0.259605
9.9982E-05 9.9982E-05 0.782308 0.217492
0.0837297 0.0464483 0.79929 0.0705321
0.0890511 9.9991E-05 0.843014 0.0678353
0.100996 0.0185696 0.64423 0.236204
0.0732604 0.00364098 0.837262 0.085837
0.105108 9.9991E-05 0.836265 0.0585279
0.0646458 9.9991E-05 0.810232 0.125023
0.0431758 9.9991E-05 0.848395 0.108329
0.0720781 9.9991E-05 0.779346 0.148476
0.0888938 9.9991E-05 0.746874 0.164132
0.0356999 0.035885 0.621794 0.306621
0.0621859 9.9991E-05 0.747993 0.189721
0.09644 9.9991E-05 0.774239 0.129221
0.0761979 9.9991E-05 0.767063 0.156639
0.0240827 0.0391142 0.789494 0.147309
0.00668374 0.056137 0.791754 0.145425
0.135961 9.9991E-05 0.775882 0.0880573
0.0788921 9.9991E-05 0.749349 0.171659
0.0183989 0.013223 0.867355 0.101023
0.06125 9.9991E-05 0.793131 0.145519
0.0396448 9.9991E-05 0.804327 0.155928
9.9982E-05 9.9982E-05 0.86814 0.13166
0.0501599 9.9991E-05 0.842674 0.107067
0.0615125 0.0495456 0.764274 0.124668
0.0882032 0.00613696 0.875752 0.0299075
9.9991E-05 0.0057585 0.882357 0.111785
0.0960908 9.9991E-05 0.848468 0.0553411
0.028475 0.0348649 0.916799 0.019861
0.0638042 0.0461662 0.808894 0.0811352
0.00693782 9.9991E-05 0.818441 0.174521
0.121477 9.9991E-05 0.855091 0.0233317
0.116639 0.0932549 0.630686 0.15942
0.110514 0.0223821 0.838241 0.0288629
0.0514313 9.9991E-05 0.772837 0.175632
0.0404146 9.9991E-05 0.840627 0.118859
0.05093 0.0194307 0.852952 0.076687
0.0211904 9.9991E-05 0.9344 0.0443097
0.0794822 0.033608 0.867169 0.0197405
0.0479283 0.125208 0.748433 0.078431
0.0365714 0.108915 0.854414 9.9991E-05
0.0166394 0.117691 0.865569 9.9991E-05
0.0517732 0.0460224 0.902104 9.9991E-05
0.0474746 0.109471 0.842954 9.9991E-05
0.045826 0.0900679 0.864006 9.9991E-05
9.9991E-05 0.0843748 0.865755 0.04977
0.0675027 0.173303 0.710249 0.0489451
0.115542 0.163044 0.690764 0.0306501
0.0601584 0.0854162 0.731262 0.123163
0.0406185 0.0935764 0.8196 0.0462046
0.0540627 0.121201 0.793512 0.0312236
0.0940258 0.0953903 0.786442 0.024142
0.0905097 0.165959 0.655911 0.0876206
0.0581177 0.135361 0.728243 0.0782784
0.0755023 0.194017 0.684975 0.0455063
0.00329498 0.996505 9.9982E-05 9.9982E-05
0.00591755 0.9448 0.0491826 9.9991E-05
0.00948415 0.915278 0.0751382 9.9991E-05
9.998E-05 0.9997 9.998E-05 9.998E-05
9.998E-05 0.9997 9.998E-05 9.998E-05
9.998E-05 0.9997 9.998E-05 9.998E-05
9.998E-05 0.9997 9.998E-05 9.998E-05
0.0108336 0.899033 0.0330792 0.0570544
9.998E-05 0.9997 9.998E-05 9.998E-05
9.998E-05 0.9997 9.998E-05 9.998E-05
0.081839 0.111593 0.806468 9.9991E-05
9.9982E-05 0.899189 0.100611 9.9982E-05
9.998E-05 0.9997 9.998E-05 9.998E-05
9.998E-05 0.9997 9.998E-05 9.998E-05
0.0324689 0.0834619 0.883969 9.9991E-05
0.0435243 0.0856978 0.870678 9.9991E-05
0.0301256 0.106535 0.86324 9.9991E-05
0.0555068 0.143207 0.801186 9.9991E-05
0.0579571 0.131495 0.810448 9.9991E-05
9.9982E-05 0.0814068 0.918393 9.9982E-05
0.016942 0.163537 0.819421 9.9991E-05
9.9982E-05 0.143062 0.856738 9.9982E-05
0.0628913 0.216472 0.720537 9.9991E-05
0.0520218 0.217542 0.730337 9.9991E-05
0.0625812 0.140482 0.796837 9.9991E-05
0.0758531 0.218404 0.705643 9.9991E-05
0.0611906 0.0787871 0.859922 9.9991E-05
0.040495 0.125374 0.834031 9.9991E-05
0.9997 9.998E-05 9.998E-05 9.998E-05
0.09886 0.197305 0.703735 9.9991E-05
0.9997 9.998E-05 9.998E-05 9.998E-05
0.9997 9.998E-05 9.998E-05 9.998E-05
0.937439 0.0587344 0.00187056 0.00195639
0.780329 0.0220691 0.197501 9.9991E-05
0.9997 9.998E-05 9.998E-05 9.998E-05
0.851073 9.9982E-05 0.148727 9.9982E-05
0.965487 0.0190417 0.0153711 9.9991E-05
0.994536 0.00526427 9.9982E-05 9.9982E-05
0.9997 9.998E-05 9.998E-05 9.998E-05
0.984801 9.99848E-05 0.0149991 9.99848E-05
0.945217 0.019851 0.0348317 9.9991E-05
0.860296 0.0584449 0.0811596 9.9991E-05
0.983851 9.9991E-05 0.0141202 0.00192848
0.901942 0.00611919 0.073201 0.0187379
0.868322 9.9982E-05 0.131478 9.9982E-05
0.896298 9.9991E-05 0.0732745 0.0303271
0.946637 9.9991E-05 0.0517156 0.00154708
9.9982E-05 0.0322493 0.967551 9.9982E-05
9.9982E-05 0.0615767 0.938223 9.9982E-05
0.00757755 0.0244055 0.967917 9.9991E-05
9.998E-05 9.998E-05 0.9997 9.998E-05
9.9982E-05 0.0319359 0.967864 9.9982E-05
9.9982E-05 0.00911132 0.990689 9.9982E-05
9.9982E-05 0.00778556 0.992014 9.9982E-05
0.0113625 0.00796817 0.970427 0.0102422
0.00788947 9.9982E-05 0.991911 9.9982E-05
9.9982E-05 0.0252886 0.974511 9.9982E-05
9.9982E-05 0.0729748 0.926825 9.9982E-05
9.9982E-05 0.0529201 0.94688 9.9982E-05
0.0660282 0.0547193 0.879153 9.9991E-05
0.0459341 0.0709784 0.86399 0.0190976
0.0500666 0.0397294 0.888618 0.0215863
0.0623275 0.101896 0.815209 0.0205679
0.0386821 0.0644242 0.839701 0.0571926
0.0023527 0.128183 0.869364 9.9991E-05
0.00371215 0.152106 0.844082 9.9991E-05
0.0434503 0.156688 0.799762 9.9991E-05
0.00735811 0.149511 0.84303 9.9991E-05
0.0317761 0.202839 0.765285 9.9991E-05
0.0254498 0.166192 0.808258 9.9991E-05
0.021947 0.140093 0.83786 9.9991E-05
0.0466186 0.102863 0.830811 0.0197078
0.0618206 0.1108 0.807668 0.0197112
9.998E-05 9.998E-05 0.9997 9.998E-05
9.998E-05 9.998E-05 0.9997 9.998E-05
9.998E-05 9.998E-05 0.9997 9.998E-05
9.998E-05 9.998E-05 0.9997 9.998E-05
9.998E-05 9.998E-05 0.9997 9.998E-05
9.998E-05 9.998E-05 0.9997 9.998E-05
9.998E-05 9.998E-05 0.9997 9.998E-05
9.998E-05 9.998E-05 0.9997 9.998E-05
9.998E-05 9.998E-05 0.9997 9.998E-05
9.998E-05 9.998E-05 0.9997 9.998E-05
9.998E-05 9.998E-05 0.9997 9.998E-05
9.998E-05 9.998E-05 0.9997 9.998E-05
